Chrom	Position	Ref	Cons	Reads1	Reads2	VarFreq	Strands1	Strands2	Qual1	Qual2	Pvalue	MapQual1	MapQual2	Reads1Plus	Reads1Minus	Reads2Plus	Reads2Minus	VarAllele
chr_II_telomeric_gap	6301	C	*/-AT	9	3	25%	2	2	43	53	0.98	1	1	2	7	1	2	-AT
I	1965	C	*/-T	35	2	5.41%	2	2	40	37	0.98	1	1	24	11	1	1	-T
I	3160	A	*/+GTTGTCGTTGTCGTTGTC	54	7	9.59%	2	2	46	41	0.98	1	1	34	20	5	2	+GTTGTCGTTGTCGTTGTC
I	3160	A	*/+GTTGTCGTTGTCGTTGTCGTTGTC	54	10	13.7%	2	2	46	51	0.98	1	1	34	20	5	5	+GTTGTCGTTGTCGTTGTCGTTGTC
I	4053	C	*/+TGTCAT	53	13	19.4%	2	2	43	38	0.98	1	1	30	23	8	5	+TGTCAT
I	5677	G	*/-A	22	6	15.79%	2	1	34	35	0.98	1	1	21	1	6	0	-A
I	5677	G	*/-AA	22	6	15.79%	2	1	34	35	0.98	1	1	21	1	6	0	-A
I	5677	G	*/-AAA	22	2	5.26%	2	2	34	42	0.98	1	1	21	1	1	1	-A
I	6357	T	*/-A	29	4	7.41%	2	2	46	52	0.98	1	1	14	15	1	3	-A
I	6357	T	*/-AA	29	17	31.48%	2	2	46	43	0.98	1	1	14	15	8	9	-AA
I	6357	T	*/-AAA	29	3	5.56%	2	2	46	57	0.98	1	1	14	15	1	2	-AA
I	7192	C	*/-A	31	5	9.62%	2	2	38	46	0.98	1	1	23	8	3	2	A
I	7192	C	*/+A	31	7	13.46%	2	2	38	40	0.98	1	1	23	8	4	3	+A
I	15734	C	*/-A	20	5	19.23%	2	2	53	44	0.98	1	1	15	5	3	2	-A
I	17331	C	*/-AT	40	5	11.11%	2	1	46	34	0.98	1	1	22	18	5	0	-AT
I	19694	T	*/+A	36	6	14.29%	2	1	56	37	0.98	1	1	20	16	6	0	+A
I	27402	A	*/-C	16	4	16%	2	1	38	37	0.98	1	1	3	13	0	4	-C
I	27402	A	*/+C	16	3	12%	2	1	38	37	0.98	1	1	3	13	0	3	-C
I	27402	A	*/+CC	16	2	8%	2	1	38	31	0.98	1	1	3	13	0	2	-C
I	28398	A	*/+C	68	7	9.33%	2	2	51	61	0.98	1	1	21	47	3	4	+C
I	30989	C	*/-A	9	2	16.67%	2	1	53	55	0.98	1	1	2	7	2	0	-A
I	31915	T	*/+A	6	2	22.22%	2	1	47	37	0.98	1	1	4	2	2	0	+A
I	55244	T	*/-A	7	4	30.77%	2	1	41	37	0.98	1	1	5	2	4	0	-A
I	101871	A	+G/+G	1	23	92%	1	2	37	49	0.98	1	1	0	1	11	12	+G
I	190112	C	*/-A	3	2	25%	2	2	37	49	0.98	1	1	2	1	1	1	-A
I	190112	C	*/+A	3	2	25%	2	1	37	42	0.98	1	1	2	1	2	0	-A
I	232688	T	*/-A	11	2	15.38%	2	1	43	55	0.98	1	1	5	6	0	2	-A
I	377488	C	*/-T	6	2	22.22%	2	2	39	37	0.98	1	1	2	4	1	1	-T
I	409601	C	+T/+T	2	9	81.82%	1	2	37	43	0.98	1	1	2	0	5	4	+T
I	440084	T	*/+A	5	7	58.33%	2	2	34	37	0.98	1	1	4	1	6	1	+A
I	441614	C	*/-T	5	4	40%	2	2	45	39	0.98	1	1	4	1	2	2	-T
I	464017	C	*/+A	2	5	62.5%	1	2	55	34	0.98	1	1	2	0	3	2	+A
I	470378	A	-C/-C	0	19	100%	0	2	0	37	0.98	0	1	0	0	11	8	-C
I	470390	A	-C/-C	0	19	100%	0	2	0	46	0.98	0	1	0	0	9	10	-C
I	482737	A	+G/+G	1	31	96.88%	1	2	37	46	0.98	1	1	1	0	13	18	+G
I	521845	T	*/-A	17	4	19.05%	2	2	47	46	0.98	1	1	7	10	1	3	-A
I	528541	C	*/+A	10	2	14.29%	2	2	50	55	0.98	1	1	7	3	1	1	+A
I	554527	A	+T/+T	0	17	100%	0	2	0	44	0.98	0	1	0	0	10	7	+T
I	562745	A	*/+T	4	3	33.33%	2	2	31	41	0.98	1	1	2	2	1	2	+T
I	562745	A	*/+TT	4	2	22.22%	2	1	31	37	0.98	1	1	2	2	0	2	+T
I	577995	A	*/+TG	19	5	19.23%	2	2	44	42	0.98	1	1	7	12	2	3	+TG
I	587198	G	*/+T	16	2	11.11%	2	2	43	37	0.98	1	1	6	10	1	1	+T
I	650099	C	*/+A	6	2	15.38%	2	2	35	42	0.98	1	1	4	2	1	1	+A
I	650099	C	*/+AA	6	5	38.46%	2	2	35	36	0.98	1	1	4	2	3	2	+AA
I	670032	C	+A/+A	1	45	97.83%	1	2	25	51	0.98	1	1	1	0	24	21	+A
I	682993	T	-C/-C	2	40	95.24%	1	2	37	45	0.98	1	1	0	2	22	18	-C
I	719597	G	*/-TA	34	2	5.41%	2	2	49	74	0.98	1	1	11	23	1	1	-TA
I	765477	A	*/-T	6	2	20%	2	1	43	37	0.98	1	1	1	5	0	2	-T
I	765477	A	*/-TT	6	2	20%	2	2	43	49	0.98	1	1	1	5	1	1	-T
I	862962	C	+T/+T	2	17	89.47%	2	2	31	45	0.98	1	1	1	1	10	7	+T
I	934908	T	*/+AA	9	2	15.38%	2	2	34	31	0.98	1	1	8	1	1	1	+AA
I	946314	G	*/-TA	10	3	21.43%	2	1	54	37	0.98	1	1	2	8	0	3	-TA
I	960025	G	*/+T	4	2	33.33%	1	2	39	31	0.98	1	1	4	0	1	1	+T
I	965438	C	+A/+A	1	4	80%	1	2	37	46	0.98	1	1	1	0	3	1	+A
I	1048635	G	+A/+A	3	12	75%	2	2	53	53	0.98	1	1	2	1	8	4	+A
I	1123942	C	*/-T	14	2	12.5%	2	1	56	37	0.98	1	1	7	7	2	0	-T
I	1148104	A	+T/+T	0	6	85.71%	0	2	0	44	0.98	0	1	0	0	3	3	+T
I	1157929	C	*/+T	31	2	6.06%	2	2	51	37	0.98	1	1	13	18	1	1	+T
I	1185797	G	*/-A	6	5	33.33%	1	2	49	41	0.98	1	1	6	0	3	2	-A
I	1185797	G	*/-AA	6	2	13.33%	1	2	49	55	0.98	1	1	6	0	1	1	-A
I	1206603	G	*/-T	21	2	7.69%	2	2	48	37	0.98	1	1	6	15	1	1	-T
I	1206603	G	*/+T	21	2	7.69%	2	1	48	37	0.98	1	1	6	15	2	0	-T
I	1208230	A	*/-GTATCAATTTCTTC	17	2	10.53%	2	1	50	31	0.98	1	1	4	13	0	2	-GTATCAATTTCTTC
I	1274803	T	+A/+A	1	15	93.75%	1	2	74	43	0.98	1	1	1	0	7	8	+A
I	1290605	A	*/-T	10	2	15.38%	2	1	45	37	0.98	1	1	9	1	2	0	-T
I	1358794	C	*/+A	1	3	50%	1	2	48	57	0.98	1	1	0	1	1	2	+A
I	1424708	C	-A/-A	1	14	93.33%	1	2	74	48	0.98	1	1	0	1	5	9	-A
I	1451777	A	*/-T	14	2	12.5%	2	1	51	74	0.98	1	1	10	4	0	2	-T
I	1454446	C	*/+A	12	2	13.33%	2	2	45	37	0.98	1	1	7	5	1	1	+A
I	1489596	G	*/+A	12	2	14.29%	2	2	35	31	0.98	1	1	8	4	1	1	+A
I	1496317	C	*/-A	4	9	50%	2	2	40	46	0.98	1	1	3	1	3	6	-A
I	1496317	C	*/-AA	4	5	27.78%	2	1	40	56	0.98	1	1	3	1	0	5	-A
I	1509277	C	*/+T	4	9	69.23%	1	2	49	34	0.98	1	1	4	0	6	3	+T
I	1541472	G	*/-TT	4	3	33.33%	1	1	37	40	0.98	1	1	4	0	3	0	-TT
I	1547936	A	*/-GT	8	2	20%	2	2	60	31	0.98	1	1	4	4	1	1	-GT
I	1595056	C	*/+T	4	2	33.33%	1	1	34	37	0.98	1	1	4	0	2	0	+T
I	1625092	T	+C/+C	1	7	87.5%	1	2	74	52	0.98	1	1	1	0	6	1	+C
I	1667828	C	*/-CT	24	2	7.69%	2	1	53	55	0.98	1	1	13	11	0	2	-CT
I	1777634	A	*/-T	5	6	54.55%	2	2	56	61	0.98	1	1	2	3	4	2	-T
I	1830464	C	*/+T	31	3	8.57%	2	2	54	33	0.98	1	1	13	18	1	2	+T
I	1837916	G	*/-T	11	4	25%	2	2	36	37	0.98	1	1	10	1	3	1	-T
I	1849285	C	*/-T	21	2	8%	2	1	49	30	0.98	1	1	10	11	2	0	-T
I	1849285	C	*/+T	21	2	8%	2	1	49	55	0.98	1	1	10	11	0	2	-T
I	1890184	C	*/-A	8	4	26.67%	2	2	41	55	0.98	1	1	7	1	1	3	-A
I	1890184	C	*/-AA	8	2	13.33%	2	1	41	55	0.98	1	1	7	1	2	0	-A
I	1891186	T	*/-ACCGATTC	11	17	60.71%	2	2	60	43	0.98	1	1	5	6	6	11	-ACCGATTC
I	1936294	G	+A/+A	1	18	94.74%	1	2	37	52	0.98	1	1	0	1	10	8	+A
I	1952313	A	+T/+T	1	29	96.67%	1	2	37	47	0.98	1	1	0	1	16	13	+T
I	1954162	C	*/-A	9	4	23.53%	2	2	43	39	0.98	1	1	5	4	3	1	-A
I	1954162	C	*/+A	9	3	17.65%	2	1	43	37	0.98	1	1	5	4	3	0	-A
I	2004012	T	*/+C	34	2	5.56%	2	2	55	37	0.98	1	1	18	16	1	1	+C
I	2016958	G	*/-T	21	2	8.7%	2	1	47	37	0.98	1	1	12	9	2	0	-T
I	2025000	C	*/+T	6	4	36.36%	2	2	35	46	0.98	1	1	5	1	2	2	+T
I	2041948	T	*/-A	10	2	15.38%	1	1	35	37	0.98	1	1	10	0	2	0	-A
I	2052488	A	*/-T	12	4	25%	2	2	55	43	0.98	1	1	8	4	2	2	-T
I	2136675	A	*/+GAAGAGGAAGCAGTC	4	6	60%	2	2	55	43	0.98	1	1	2	2	2	4	+GAAGAGGAAGCAGTC
I	2139856	G	+T/+T	0	5	100%	0	2	0	42	0.98	0	1	0	0	1	4	+T
I	2154491	T	+A/+A	0	18	100%	0	2	0	43	0.98	0	1	0	0	7	11	+A
I	2174554	G	*/-C	10	3	23.08%	2	1	40	25	0.98	1	1	6	4	0	3	-C
I	2174555	C	*/-A	4	2	20%	2	1	39	49	0.98	1	1	3	1	2	0	-A
I	2174555	C	*/-AA	4	2	20%	2	2	39	37	0.98	1	1	3	1	1	1	-A
I	2231735	C	*/-A	11	4	26.67%	2	2	45	52	0.98	1	1	5	6	2	2	-A
I	2255899	G	*/+T	20	2	9.09%	2	2	49	74	0.98	1	1	14	6	1	1	+T
I	2273201	T	*/+A	9	2	16.67%	2	1	40	25	0.98	1	1	4	5	0	2	+A
I	2288240	C	-G/-G	0	19	100%	0	2	0	47	0.98	0	1	0	0	13	6	-G
I	2322636	C	*/-A	7	3	25%	2	1	36	49	0.98	1	1	5	2	3	0	-A
I	2322636	C	*/+A	7	2	16.67%	2	1	36	37	0.98	1	1	5	2	2	0	-A
I	2343703	G	+A/+A	0	10	100%	0	2	0	44	0.98	0	1	0	0	6	4	+A
I	2367599	A	*/+G	15	2	11.76%	2	2	48	37	0.98	1	1	13	2	1	1	+G
I	2401096	C	*/-A	16	2	10.53%	2	1	54	49	0.98	1	1	10	6	2	0	-A
I	2421576	A	*/-C	4	10	71.43%	2	2	55	46	0.98	1	1	2	2	6	4	-C
I	2443651	C	*/-A	15	2	11.76%	2	2	41	37	0.98	1	1	9	6	1	1	-A
I	2474820	C	*/-A	19	2	9.52%	2	2	43	37	0.98	1	1	7	12	1	1	-A
I	2499149	A	-T/-T	1	15	93.75%	1	2	74	49	0.98	1	1	1	0	6	9	-T
I	2507462	T	+A/+A	2	11	84.62%	1	2	74	47	0.98	1	1	0	2	6	5	+A
I	2510060	T	+A/+A	0	16	100%	0	2	0	50	0.98	0	1	0	0	10	6	+A
I	2525713	C	*/-T	17	3	13.64%	2	2	37	32	0.98	1	1	14	3	2	1	-T
I	2525713	C	*/+T	17	2	9.09%	2	1	37	49	0.98	1	1	14	3	2	0	-T
I	2553821	A	*/+T	34	2	5.56%	2	1	48	74	0.98	1	1	22	12	2	0	+T
I	2578262	T	*/-A	11	2	15.38%	2	2	53	68	0.98	1	1	5	6	1	1	-A
I	2588021	C	+A/+A	1	9	90%	1	2	37	41	0.98	1	1	0	1	5	4	+A
I	2588066	C	+A/+A	0	10	100%	0	2	0	44	0.98	0	1	0	0	3	7	+A
I	2594263	C	+T/+T	1	4	80%	1	2	37	37	0.98	1	1	0	1	2	2	+T
I	2594351	T	+A/+A	0	4	100%	0	2	0	55	0.98	0	1	0	0	2	2	+A
I	2594391	A	+T/+T	0	5	100%	0	2	0	51	0.98	0	1	0	0	2	3	+T
I	2605860	G	-T/-T	0	26	100%	0	2	0	40	0.98	0	1	0	0	6	20	-T
I	2607669	A	+T/+T	0	19	100%	0	2	0	52	0.98	0	1	0	0	11	8	+T
I	2641994	T	*/+A	12	2	14.29%	2	1	49	37	0.98	1	1	10	2	0	2	+A
I	2641998	C	*/+T	5	2	20%	1	1	44	36	0.98	1	1	5	0	2	0	+T
I	2641998	C	*/+TT	5	2	20%	1	2	44	30	0.98	1	1	5	0	1	1	+T
I	2683902	T	-C/-C	1	16	94.12%	1	2	74	47	0.98	1	1	1	0	9	7	-C
I	2747027	T	*/-A	15	3	16.67%	2	1	39	37	0.98	1	1	7	8	0	3	-A
I	2751236	T	-A/-A	2	23	76.67%	1	2	37	42	0.98	1	1	0	2	10	13	-A
I	2751236	T	*/-AA	2	5	16.67%	1	1	37	44	0.98	1	1	0	2	0	5	-A
I	2759871	T	+C/+C	0	12	100%	0	2	0	49	0.98	0	1	0	0	4	8	+C
I	2802979	T	*/+A	14	3	17.65%	2	1	44	37	0.98	1	1	7	7	3	0	+A
I	2849691	A	*/+T	13	2	13.33%	2	2	38	37	0.98	1	1	10	3	1	1	+T
I	2897634	G	*/-TA	35	2	5.41%	2	1	50	42	0.98	1	1	10	25	0	2	-TA
I	2960791	T	*/-A	8	6	42.86%	2	2	55	43	0.98	1	1	5	3	2	4	-A
I	2963080	T	*/-A	18	3	14.29%	2	2	40	41	0.98	1	1	11	7	1	2	-A
I	3033347	C	*/-T	15	3	16.67%	2	1	44	33	0.98	1	1	11	4	0	3	-T
I	3084527	A	*/+AGT	34	2	5.56%	2	2	52	74	0.98	1	1	16	18	1	1	+AGT
I	3125118	A	+T/+T	0	12	100%	0	2	0	44	0.98	0	1	0	0	5	7	+T
I	3144699	T	*/-A	2	2	33.33%	1	2	49	42	0.98	1	1	2	0	1	1	-A
I	3159187	C	*/-CA	34	7	16.28%	2	2	44	52	0.98	1	1	16	18	5	2	-CA
I	3159994	C	*/-T	44	4	8.33%	2	2	41	43	0.98	1	1	33	11	3	1	-T
I	3166776	G	*/+TT	6	2	11.76%	2	1	37	37	0.98	1	1	3	3	2	0	+TT
I	3166776	G	*/+TTT	6	6	35.29%	2	2	37	49	0.98	1	1	3	3	3	3	+TTT
I	3178494	C	+T/+T	0	10	100%	0	2	0	51	0.98	0	1	0	0	4	6	+T
I	3184255	T	*/-A	11	3	21.43%	2	2	41	49	0.98	1	1	7	4	1	2	-A
I	3197528	A	+G/+G	5	31	86.11%	2	2	51	47	0.98	1	1	3	2	13	18	+G
I	3299997	G	*/-A	23	2	7.69%	2	2	49	55	0.98	1	1	16	7	1	1	-A
I	3300811	C	*/-GGGGGGG	2	2	40%	1	1	31	37	0.98	1	1	2	0	2	0	-GGGGGGG
I	3301538	C	*/+T	1	3	30%	1	2	74	45	0.98	1	1	1	0	1	2	+T
I	3301538	C	*/+TT	1	5	50%	1	2	74	39	0.98	1	1	1	0	3	2	+TT
I	3303111	C	*/-T	12	2	14.29%	2	1	51	55	0.98	1	1	8	4	2	0	-T
I	3303394	C	*/-AT	9	2	18.18%	2	2	52	42	0.98	1	1	6	3	1	1	-AT
I	3380449	C	*/-A	16	2	11.11%	2	1	40	37	0.98	1	1	7	9	2	0	-A
I	3404991	C	*/+T	5	2	25%	1	1	41	37	0.98	1	1	5	0	2	0	+T
I	3408209	T	+G/+G	4	23	85.19%	1	2	46	50	0.98	1	1	4	0	14	9	+G
I	3410124	A	*/-T	15	3	16.67%	2	1	44	49	0.98	1	1	4	11	0	3	-T
I	3450130	G	-T/-T	0	13	100%	0	2	0	43	0.98	0	1	0	0	6	7	-T
I	3460318	T	+C/+C	1	10	90.91%	1	2	74	44	0.98	1	1	1	0	3	7	+C
I	3462650	A	*/+T	1	6	60%	1	1	25	41	0.98	1	1	0	1	6	0	+T
I	3462650	A	*/+TT	1	2	20%	1	2	25	37	0.98	1	1	0	1	1	1	+T
I	3538413	A	+T/+T	1	12	92.31%	1	2	37	49	0.98	1	1	0	1	4	8	+T
I	3538428	G	+T/+T	0	12	100%	0	2	0	46	0.98	0	1	0	0	3	9	+T
I	3538436	T	+A/+A	3	9	75%	2	2	61	41	0.98	1	1	2	1	1	8	+A
I	3538449	T	+TA/+TA	0	12	100%	0	2	0	39	0.98	0	1	0	0	1	11	+TA
I	3538456	A	+AT/+AT	0	12	100%	0	2	0	40	0.98	0	1	0	0	1	11	+AT
I	3547852	G	*/-A	15	2	11.11%	2	2	45	55	0.98	1	1	10	5	1	1	-A
I	3560373	A	*/+T	8	2	20%	2	2	46	31	0.98	1	1	4	4	1	1	+T
I	3561126	C	*/+A	16	4	20%	2	2	46	37	0.98	1	1	5	11	2	2	+A
I	3569611	T	*/-A	14	2	12.5%	2	1	46	55	0.98	1	1	7	7	0	2	-A
I	3576450	T	*/+G	7	2	22.22%	2	1	56	37	0.98	1	1	2	5	2	0	+G
I	3576756	T	*/+TCTTCTC	2	2	33.33%	1	1	68	43	0.98	1	1	2	0	2	0	C
I	3576929	C	+T/+T	1	9	90%	1	2	37	41	0.98	1	1	1	0	4	5	+T
I	3578638	A	-T/-T	1	7	87.5%	1	2	37	40	0.98	1	1	0	1	1	6	-T
I	3580034	C	*/+T	3	5	55.56%	2	2	40	42	0.98	1	1	2	1	4	1	+T
I	3609896	T	*/-A	3	3	50%	2	1	45	37	0.98	1	1	2	1	3	0	-A
I	3659724	C	*/+T	13	2	12.5%	2	1	49	31	0.98	1	1	8	5	2	0	+T
I	3665610	G	+C/+C	0	30	96.77%	0	2	0	51	0.98	0	1	0	0	14	16	+C
I	3700385	T	*/+AA	2	5	55.56%	2	2	31	46	0.98	1	1	1	1	2	3	+AA
I	3730369	A	+T/+T	2	11	84.62%	1	2	37	50	0.98	1	1	0	2	5	6	+T
I	3746876	C	*/-A	14	2	11.76%	2	1	38	61	0.98	1	1	9	5	0	2	-A
I	3747341	A	*/+C	14	4	22.22%	2	2	46	64	0.98	1	1	5	9	1	3	+C
I	3765328	C	+T/+T	1	7	87.5%	1	2	37	37	0.98	1	1	1	0	6	1	+T
I	3776933	G	+A/+A	1	6	75%	1	2	36	41	0.98	1	1	1	0	1	5	+A
I	3785908	G	*/-TA	19	2	9.52%	2	1	48	37	0.98	1	1	9	10	2	0	-TA
I	3855790	G	*/-T	4	9	69.23%	2	2	34	45	0.98	1	1	2	2	3	6	-T
I	3866132	G	*/-TA	9	2	16.67%	2	2	55	42	0.98	1	1	3	6	1	1	-TA
I	3876451	A	*/+G	31	3	8.82%	2	1	44	37	0.98	1	1	17	14	3	0	+G
I	3877380	G	*/+A	20	2	9.09%	2	1	46	37	0.98	1	1	13	7	2	0	+A
I	3877609	T	*/-A	7	2	20%	2	1	42	55	0.98	1	1	2	5	0	2	-A
I	3878306	T	*/+A	15	2	11.76%	2	2	47	43	0.98	1	1	12	3	1	1	+A
I	3879465	T	*/-A	17	3	14.29%	2	2	42	61	0.98	1	1	6	11	1	2	-A
I	3898271	C	*/+A	18	2	9.52%	2	2	48	42	0.98	1	1	9	9	1	1	+A
I	3940025	G	+T/+T	1	14	93.33%	1	2	74	55	0.98	1	1	1	0	8	6	+T
I	3984736	A	*/-GGT	78	9	10.34%	2	1	45	34	0.98	1	1	30	48	0	9	-GGT
I	3992213	A	*/-C	7	2	22.22%	2	2	47	37	0.98	1	1	2	5	1	1	-C
I	3995862	A	*/+T	70	5	6.67%	2	2	46	44	0.98	1	1	30	40	4	1	+T
I	3996048	G	*/-A	86	6	6.52%	2	2	46	67	0.98	1	1	44	42	3	3	-A
I	4004016	G	*/+T	4	5	41.67%	2	2	43	34	0.98	1	1	3	1	4	1	+T
I	4004016	G	*/+TT	4	2	16.67%	2	1	43	31	0.98	1	1	3	1	0	2	+T
I	4055052	T	+A/+A	3	21	84%	2	2	49	41	0.98	1	1	1	2	15	6	+A
I	4098272	C	*/+T	5	2	25%	2	1	51	37	0.98	1	1	4	1	2	0	+T
I	4140001	G	*/-T	4	2	33.33%	2	1	43	31	0.98	1	1	2	2	0	2	-T
I	4153651	C	*/-T	6	2	18.18%	2	2	44	42	0.98	1	1	4	2	1	1	-T
I	4153651	C	*/+T	6	2	18.18%	2	1	44	31	0.98	1	1	4	2	2	0	-T
I	4179641	C	*/+A	13	2	12.5%	2	1	43	37	0.98	1	1	6	7	2	0	+A
I	4179701	C	*/+T	10	3	23.08%	2	2	35	49	0.98	1	1	6	4	2	1	+T
I	4241118	G	*/+A	5	9	56.25%	2	2	49	42	0.98	1	1	4	1	6	3	+A
I	4276890	G	+T/+T	1	8	80%	1	2	37	44	0.98	1	1	1	0	3	5	+T
I	4304169	G	+A/+A	0	22	95.65%	0	2	0	44	0.98	0	1	0	0	11	11	+A
I	4318947	C	*/+A	10	2	16.67%	2	2	48	55	0.98	1	1	6	4	1	1	+A
I	4338694	G	*/+T	33	2	5.71%	2	1	41	49	0.98	1	1	22	11	2	0	+T
I	4360508	C	*/-T	27	2	6.9%	2	1	46	37	0.98	1	1	15	12	2	0	-T
I	4374342	A	-G/-G	1	26	96.3%	1	2	74	45	0.98	1	1	1	0	19	7	-G
I	4407494	T	+G/+G	0	16	100%	0	2	0	43	0.98	0	1	0	0	10	6	+G
I	4410191	C	-G/-G	2	20	90.91%	1	2	37	43	0.98	1	1	2	0	16	4	-G
I	4414201	C	-T/-T	1	7	77.78%	1	2	37	43	0.98	1	1	1	0	6	1	-T
I	4414723	T	*/+AAAAA	6	2	20%	1	1	41	42	0.98	1	1	6	0	2	0	+AAAAA
I	4431856	G	+A/+A	6	26	81.25%	2	2	37	51	0.98	1	1	5	1	10	16	+A
I	4431868	C	+A/+A	1	20	90.91%	1	2	74	53	0.98	1	1	1	0	9	11	+A
I	4442621	A	*/-AT	22	4	14.81%	2	2	51	61	0.98	1	1	16	6	1	3	-AT
I	4451011	A	*/+T	17	2	10.53%	2	2	50	37	0.98	1	1	5	12	1	1	+T
I	4455149	G	+A/+A	0	6	85.71%	0	2	0	47	0.98	0	1	0	0	3	3	+A
I	4514478	T	*/-A	6	6	42.86%	2	2	36	38	0.98	1	1	3	3	5	1	-A
I	4604649	C	*/-T	6	2	25%	1	1	34	37	0.98	1	1	6	0	2	0	-T
I	4629553	C	+A/+A	1	15	93.75%	1	2	74	43	0.98	1	1	0	1	8	7	+A
I	4648159	T	*/-G	7	7	38.89%	2	2	35	42	0.98	1	1	6	1	4	3	-G
I	4648159	T	*/-GG	7	4	22.22%	2	2	35	36	0.98	1	1	6	1	3	1	-G
I	4658978	C	*/+A	21	2	8.33%	2	1	42	42	0.98	1	1	6	15	0	2	+A
I	4721875	G	+A/+A	0	11	100%	0	2	0	51	0.98	0	1	0	0	6	5	+A
I	4764253	G	*/+A	10	15	57.69%	2	2	46	52	0.98	1	1	8	2	8	7	+A
I	4893936	C	*/+A	6	2	25%	1	1	35	37	0.98	1	1	6	0	2	0	+A
I	4916623	C	*/-A	4	3	37.5%	2	2	58	49	0.98	1	1	3	1	1	2	-A
I	4926046	C	*/+T	7	8	47.06%	1	2	37	38	0.98	1	1	7	0	5	3	+T
I	4934297	C	*/-TA	18	2	10%	2	2	43	74	0.98	1	1	9	9	1	1	-TA
I	4951882	T	*/-A	11	6	35.29%	2	2	48	35	0.98	1	1	5	6	3	3	-A
I	4984784	A	*/-T	4	5	50%	1	2	39	43	0.98	1	1	4	0	3	2	-T
I	5002717	C	*/+A	12	3	20%	2	2	39	37	0.98	1	1	9	3	2	1	+A
I	5012421	A	*/+T	13	2	13.33%	2	1	51	37	0.98	1	1	10	3	0	2	+T
I	5037093	C	*/-A	14	2	11.76%	2	1	39	37	0.98	1	1	4	10	0	2	-A
I	5058829	C	*/+T	9	2	16.67%	2	2	46	37	0.98	1	1	3	6	1	1	+T
I	5060109	A	*/-T	14	2	12.5%	2	2	48	49	0.98	1	1	5	9	1	1	-T
I	5142627	A	+G/+G	1	8	88.89%	1	2	62	41	0.98	1	1	1	0	2	6	+G
I	5148414	T	-A/-A	1	22	95.65%	1	2	37	49	0.98	1	1	0	1	13	9	-A
I	5159554	C	*/-T	15	3	15.79%	2	2	45	45	0.98	1	1	2	13	1	2	-T
I	5173087	C	*/+T	5	10	62.5%	1	2	44	51	0.98	1	1	5	0	4	6	+T
I	5173430	G	+T/+T	4	17	80.95%	2	2	43	46	0.98	1	1	2	2	10	7	+T
I	5181376	A	*/-T	10	2	15.38%	2	1	44	74	0.98	1	1	7	3	0	2	-T
I	5181832	G	*/+T	10	2	16.67%	2	1	49	37	0.98	1	1	5	5	2	0	+T
I	5200876	C	*/-A	11	2	15.38%	2	2	51	55	0.98	1	1	8	3	1	1	-A
I	5266596	A	*/-T	17	4	19.05%	2	2	42	74	0.98	1	1	9	8	3	1	-T
I	5327859	T	*/-A	4	2	33.33%	1	1	46	31	0.98	1	1	0	4	2	0	-A
I	5360243	A	*/+T	28	2	6.67%	2	1	49	37	0.98	1	1	10	18	0	2	+T
I	5368262	T	-C/-C	2	38	95%	1	2	55	49	0.98	1	1	2	0	12	26	-C
I	5368273	G	+T/+T	2	40	95.24%	2	2	74	48	0.98	1	1	1	1	8	32	+T
I	5426622	C	+T/+T	2	11	78.57%	2	2	31	42	0.98	1	1	1	1	7	4	+T
I	5435210	C	*/-T	12	2	14.29%	2	1	40	43	0.98	1	1	6	6	2	0	-T
I	5509333	T	*/-A	11	2	15.38%	2	1	62	74	0.98	1	1	5	6	2	0	-A
I	5523144	C	*/+A	22	2	8.33%	2	2	47	49	0.98	1	1	7	15	1	1	+A
I	5523479	A	*/-T	25	2	7.41%	2	2	42	55	0.98	1	1	7	18	1	1	-T
I	5547223	T	*/-A	11	3	21.43%	2	2	44	49	0.98	1	1	6	5	2	1	-A
I	5555289	T	*/-A	4	2	33.33%	2	1	46	49	0.98	1	1	2	2	0	2	-A
I	5559365	C	*/-T	6	2	20%	1	2	36	55	0.98	1	1	6	0	1	1	-T
I	5567937	C	*/-A	17	4	16.67%	2	1	38	46	0.98	1	1	11	6	4	0	-A
I	5571241	A	*/-C	18	2	10%	2	2	50	55	0.98	1	1	7	11	1	1	-C
I	5572022	A	*/-T	34	2	5.56%	2	1	43	37	0.98	1	1	11	23	0	2	-T
II	5109	A	*/+C	71	7	8.97%	2	2	46	68	0.98	1	1	25	46	4	3	+C
II	15830	T	*/+A	5	2	22.22%	2	1	44	37	0.98	1	1	4	1	2	0	+A
II	23557	G	*/-A	5	2	20%	2	1	44	36	0.98	1	1	4	1	2	0	-A
II	46913	T	*/-A	9	3	21.43%	2	1	38	37	0.98	1	1	7	2	3	0	-A
II	46913	T	*/+A	9	2	14.29%	2	1	38	37	0.98	1	1	7	2	2	0	-A
II	128001	T	-A/-A	0	15	100%	0	2	0	59	0.98	0	1	0	0	8	7	-A
II	146079	T	-C/-C	2	13	86.67%	2	2	55	40	0.98	1	1	1	1	8	5	-C
II	201022	A	*/-T	10	4	28.57%	2	2	53	74	0.98	1	1	7	3	2	2	-T
II	206154	T	*/-A	31	3	8.33%	2	2	49	32	0.98	1	1	15	16	1	2	-A
II	206154	T	*/+A	31	2	5.56%	2	1	49	37	0.98	1	1	15	16	0	2	-A
II	229897	A	*/-T	24	6	18.18%	2	2	40	35	0.98	1	1	19	5	5	1	-T
II	229897	A	*/+TT	24	3	9.09%	2	2	40	40	0.98	1	1	19	5	2	1	-T
II	243155	C	*/-A	12	3	20%	2	2	40	49	0.98	1	1	7	5	1	2	-A
II	257643	C	*/-T	24	2	7.41%	2	2	40	55	0.98	1	1	18	6	1	1	-T
II	320661	G	*/-A	20	5	17.24%	2	2	41	39	0.98	1	1	11	9	3	2	-A
II	320661	G	*/-AA	20	2	6.9%	2	1	41	31	0.98	1	1	11	9	0	2	-A
II	320661	G	*/+A	20	2	6.9%	2	1	41	37	0.98	1	1	11	9	2	0	-A
II	330648	A	*/+AAGGTGT	9	13	59.09%	2	2	48	43	0.98	1	1	2	7	8	5	+AAGGTGT
II	331894	C	*/-T	6	3	33.33%	2	2	45	40	0.98	1	1	5	1	2	1	-T
II	376034	C	*/+T	24	2	7.69%	2	1	45	49	0.98	1	1	7	17	0	2	+T
II	410085	C	*/-T	12	2	11.76%	2	1	38	37	0.98	1	1	8	4	2	0	-T
II	484534	A	*/+T	3	4	57.14%	2	2	45	43	0.98	1	1	1	2	2	2	+T
II	516071	T	*/-A	15	2	11.11%	2	2	41	55	0.98	1	1	5	10	1	1	-A
II	521731	G	*/-T	37	5	10.87%	2	2	42	47	0.98	1	1	27	10	3	2	-T
II	521731	G	*/+T	37	4	8.7%	2	2	42	58	0.98	1	1	27	10	1	3	-T
II	526955	T	*/-AC	44	3	6.38%	2	1	54	45	0.98	1	1	23	21	0	3	-AC
II	526983	T	*/-AC	48	3	5.88%	2	2	51	49	0.98	1	1	23	25	1	2	-AC
II	561064	T	*/+A	3	4	40%	2	2	45	31	0.98	1	1	1	2	2	2	+A
II	603279	A	-T/-T	0	10	100%	0	2	0	45	0.98	0	1	0	0	4	6	-T
II	603305	A	-C/-C	0	14	100%	0	2	0	46	0.98	0	1	0	0	5	9	-C
II	645098	C	*/+A	6	2	22.22%	2	2	49	31	0.98	1	1	4	2	1	1	+A
II	673086	G	*/+A	7	2	16.67%	2	1	37	42	0.98	1	1	4	3	2	0	+A
II	700009	T	-A/-A	1	15	93.75%	1	2	74	45	0.98	1	1	1	0	7	8	-A
II	716295	G	*/-T	8	7	46.67%	2	2	41	43	0.98	1	1	7	1	3	4	-T
II	753854	A	*/-TT	4	2	20%	2	1	36	37	0.98	1	1	2	2	2	0	-TT
II	753854	A	*/+T	4	3	30%	2	2	36	40	0.98	1	1	2	2	2	1	+T
II	756993	C	*/-T	13	5	27.78%	2	2	51	49	0.98	1	1	6	7	3	2	-T
II	775000	T	*/+CA	21	2	8.7%	2	2	44	37	0.98	1	1	10	11	1	1	+CA
II	860521	T	*/-A	25	2	7.41%	2	1	36	37	0.98	1	1	21	4	2	0	-A
II	888599	A	-C/-C	0	10	100%	0	2	0	50	0.98	0	1	0	0	6	4	-C
II	889921	C	*/-T	12	4	25%	1	1	32	37	0.98	1	1	12	0	4	0	-T
II	890578	C	*/+T	7	2	22.22%	2	2	38	49	0.98	1	1	5	2	1	1	+T
II	903106	G	+T/+T	0	19	100%	0	2	0	44	0.98	0	1	0	0	9	10	+T
II	997671	G	*/+CAA	11	3	21.43%	2	2	39	49	0.98	1	1	5	6	2	1	+CAA
II	1019510	T	*/-A	4	8	61.54%	2	2	37	32	0.98	1	1	3	1	6	2	-A
II	1069791	C	*/+A	20	2	9.09%	2	2	46	55	0.98	1	1	17	3	1	1	+A
II	1079843	T	+A/+A	2	13	86.67%	1	2	37	51	0.98	1	1	0	2	3	10	+A
II	1126120	G	*/-A	6	2	25%	2	2	34	31	0.98	1	1	2	4	1	1	-A
II	1163154	A	-T/-T	1	15	93.75%	1	2	74	49	0.98	1	1	0	1	6	9	-T
II	1243365	G	*/-T	8	8	50%	2	2	60	40	0.98	1	1	5	3	4	4	-T
II	1264791	C	*/-T	3	3	42.86%	2	1	33	37	0.98	1	1	2	1	3	0	-T
II	1266289	T	+A/+A	0	5	100%	0	2	0	37	0.98	0	1	0	0	1	4	+A
II	1266955	G	*/-GA	39	3	6.98%	2	2	45	61	0.98	1	1	23	16	1	2	-GA
II	1277481	G	*/+TT	4	4	40%	1	1	34	37	0.98	1	1	4	0	4	0	+TT
II	1308618	G	-T/-T	5	20	80%	1	2	42	40	0.98	1	1	5	0	13	7	-T
II	1349040	A	*/-T	10	3	23.08%	2	2	42	49	0.98	1	1	5	5	1	2	-T
II	1365999	G	*/-T	11	6	33.33%	2	2	45	57	0.98	1	1	7	4	3	3	-T
II	1389139	C	*/+T	3	8	66.67%	2	2	40	41	0.98	1	1	2	1	7	1	+T
II	1467485	C	*/-T	14	3	16.67%	2	1	39	37	0.98	1	1	8	6	0	3	-T
II	1545027	C	*/+A	7	2	20%	2	1	33	55	0.98	1	1	4	3	0	2	+A
II	1555919	A	*/+TTTATT	3	5	62.5%	2	1	37	59	0.98	1	1	2	1	0	5	+TTTATT
II	1571445	G	*/-TA	24	2	7.41%	2	2	44	36	0.98	1	1	11	13	1	1	-TA
II	1588936	G	*/+AA	1	2	40%	1	1	48	49	0.98	1	1	1	0	2	0	+AA
II	1600211	C	*/+A	30	2	6.06%	2	2	47	31	0.98	1	1	23	7	1	1	+A
II	1602263	C	*/+T	25	2	7.41%	2	1	52	37	0.98	1	1	15	10	0	2	+T
II	1606686	A	*/+TGGAAGTGGTAAG	51	5	8.77%	2	1	51	44	0.98	1	1	20	31	0	5	+TGGAAGTGGTAAG
II	1618418	C	*/+A	37	3	7.32%	2	1	45	37	0.98	1	1	23	14	3	0	+A
II	1627981	C	*/-T	14	8	36.36%	2	2	41	47	0.98	1	1	6	8	3	5	-T
II	1629986	A	*/+T	35	5	12.5%	2	2	52	56	0.98	1	1	14	21	2	3	+T
II	1645549	C	*/+A	36	10	21.28%	2	2	49	45	0.98	1	1	22	14	4	6	+A
II	1678205	T	-A/-A	1	5	83.33%	1	2	37	51	0.98	1	1	1	0	2	3	-A
II	1716256	G	*/+T	11	2	15.38%	2	1	43	37	0.98	1	1	7	4	2	0	+T
II	1716287	T	*/-G	13	5	27.78%	2	1	48	37	0.98	1	1	7	6	0	5	-G
II	1722036	C	+A/+A	1	16	94.12%	1	2	37	41	0.98	1	1	1	0	14	2	+A
II	1748646	G	*/-AA	4	3	37.5%	1	2	43	40	0.98	1	1	4	0	1	2	-AA
II	1752766	T	*/-TC	11	2	15.38%	2	1	38	37	0.98	1	1	4	7	2	0	-TC
II	1763419	T	*/-A	11	2	14.29%	2	2	39	55	0.98	1	1	8	3	1	1	-A
II	1765290	A	*/+T	15	2	11.76%	2	1	42	37	0.98	1	1	12	3	2	0	+T
II	1818108	C	*/-T	6	4	30.77%	1	2	37	40	0.98	1	1	6	0	3	1	-T
II	1861420	T	-G/-G	0	22	100%	0	2	0	54	0.98	0	1	0	0	10	12	-G
II	1867795	A	+T/+T	0	15	100%	0	2	0	43	0.98	0	1	0	0	5	10	+T
II	1868122	G	*/+T	4	2	28.57%	2	1	31	37	0.98	1	1	3	1	2	0	+T
II	1873779	T	+A/+A	0	15	93.75%	0	2	0	48	0.98	0	1	0	0	9	6	+A
II	1877294	A	+T/+T	2	10	83.33%	1	2	37	50	0.98	1	1	2	0	3	7	+T
II	1938011	G	*/-A	20	3	13.04%	2	1	43	37	0.98	1	1	12	8	3	0	-A
II	1941966	A	+T/+T	0	17	100%	0	2	0	58	0.98	0	1	0	0	7	10	+T
II	1941982	A	+T/+T	0	18	100%	0	2	0	52	0.98	0	1	0	0	7	11	+T
II	1948953	G	-A/-A	2	19	90.48%	1	2	49	48	0.98	1	1	0	2	6	13	-A
II	1950050	A	+G/+G	0	19	95%	0	2	0	49	0.98	0	1	0	0	6	13	+G
II	1955495	T	+A/+A	0	12	92.31%	0	2	0	41	0.98	0	1	0	0	10	2	+A
II	1960392	A	+G/+G	1	9	90%	1	2	74	41	0.98	1	1	1	0	4	5	+G
II	1987101	C	-G/-G	1	14	93.33%	1	2	74	40	0.98	1	1	1	0	7	7	-G
II	1987117	T	-G/-G	0	15	100%	0	2	0	42	0.98	0	1	0	0	6	9	-G
II	2012625	T	*/+C	34	4	10.53%	2	1	50	52	0.98	1	1	16	18	0	4	+C
II	2049891	A	-T/-T	0	28	100%	0	2	0	44	0.98	0	1	0	0	14	14	-T
II	2053516	G	+C/+C	0	16	94.12%	0	2	0	48	0.98	0	1	0	0	8	8	+C
II	2103523	G	*/-A	16	2	11.11%	2	2	46	37	0.98	1	1	9	7	1	1	-A
II	2108180	T	+A/+A	1	21	95.45%	1	2	37	42	0.98	1	1	0	1	11	10	+A
II	2147726	G	+T/+T	2	16	88.89%	2	2	55	48	0.98	1	1	1	1	13	3	+T
II	2187407	G	+A/+A	0	17	100%	0	2	0	58	0.98	0	1	0	0	10	7	+A
II	2197587	C	*/-A	3	3	33.33%	2	1	37	37	0.98	1	1	2	1	3	0	-A
II	2197587	C	*/+A	3	2	22.22%	2	2	37	37	0.98	1	1	2	1	1	1	-A
II	2199987	A	*/+TAACC	14	13	48.15%	2	2	52	45	0.98	1	1	4	10	3	10	+TAACC
II	2203175	T	*/+A	12	3	18.75%	2	1	42	37	0.98	1	1	8	4	0	3	+A
II	2219928	A	+T/+T	0	10	90.91%	0	2	0	44	0.98	0	1	0	0	5	5	+T
II	2293297	G	-A/-A	0	8	100%	0	2	0	46	0.98	0	1	0	0	5	3	-A
II	2327013	C	*/-T	26	2	7.14%	2	1	48	49	0.98	1	1	14	12	0	2	-T
II	2338528	G	*/-A	4	5	55.56%	1	1	39	37	0.98	1	1	4	0	5	0	-A
II	2443873	T	*/+A	9	3	21.43%	2	2	36	44	0.98	1	1	7	2	1	2	+A
II	2468409	G	*/+T	14	2	12.5%	2	1	48	37	0.98	1	1	8	6	2	0	+T
II	2480912	A	*/-T	13	2	13.33%	2	1	51	49	0.98	1	1	8	5	2	0	-T
II	2523624	C	*/-A	7	2	22.22%	2	2	35	42	0.98	1	1	6	1	1	1	-A
II	2552673	G	*/-T	2	2	40%	1	1	28	31	0.98	1	1	2	0	0	2	-T
II	2591913	T	*/-A	10	2	15.38%	2	2	36	42	0.98	1	1	6	4	1	1	-A
II	2592423	T	+A/+A	4	13	76.47%	2	2	46	50	0.98	1	1	3	1	5	8	+A
II	2612668	A	*/-T	15	2	11.76%	2	1	42	49	0.98	1	1	10	5	2	0	-T
II	2615812	G	*/+T	27	2	6.9%	2	2	43	37	0.98	1	1	13	14	1	1	+T
II	2616733	A	*/+G	10	2	16.67%	2	1	40	37	0.98	1	1	8	2	2	0	+G
II	2630604	T	*/+A	18	2	10%	2	1	41	55	0.98	1	1	12	6	0	2	+A
II	2630607	C	*/+A	4	12	60%	2	2	33	40	0.98	1	1	2	2	7	5	+A
II	2640785	T	*/+A	6	21	67.74%	1	2	38	48	0.98	1	1	6	0	6	15	+A
II	2640785	T	*/+AA	6	2	6.45%	1	2	38	55	0.98	1	1	6	0	1	1	+A
II	2647497	C	*/-T	11	2	13.33%	2	2	36	42	0.98	1	1	3	8	1	1	-T
II	2647497	C	*/+T	11	2	13.33%	2	2	36	49	0.98	1	1	3	8	1	1	-T
II	2650243	G	*/-A	25	2	7.41%	2	1	47	49	0.98	1	1	13	12	0	2	-A
II	2709414	G	+C/+C	2	20	90.91%	2	2	55	54	0.98	1	1	1	1	10	10	+C
II	2740595	G	*/-T	25	2	7.14%	2	2	53	37	0.98	1	1	12	13	1	1	-T
II	2755338	C	*/-AT	8	3	20%	2	2	40	37	0.98	1	1	2	6	1	2	-AT
II	2755338	C	*/-ATAT	8	4	26.67%	2	2	40	46	0.98	1	1	2	6	2	2	-ATAT
II	2788933	C	+G/+G	1	28	96.55%	1	2	22	48	0.98	1	1	1	0	21	7	+G
II	2798040	C	-T/-T	3	23	88.46%	2	2	49	46	0.98	1	1	2	1	11	12	-T
II	2798514	A	-G/-G	1	12	92.31%	1	2	74	47	0.98	1	1	1	0	3	9	-G
II	2811495	C	-A/-A	0	23	100%	0	2	0	47	0.98	0	1	0	0	14	9	-A
II	2825193	A	*/-T	13	4	23.53%	2	2	56	46	0.98	1	1	7	6	1	3	-T
II	2826100	G	*/-AA	15	2	10%	2	1	46	37	0.98	1	1	9	6	2	0	-AA
II	2826100	G	*/+A	15	3	15%	2	2	46	40	0.98	1	1	9	6	2	1	+A
II	2894538	T	*/-A	10	2	16.67%	2	2	38	37	0.98	1	1	5	5	1	1	-A
II	2900889	A	*/-T	9	2	14.29%	2	2	41	55	0.98	1	1	8	1	1	1	-T
II	2900889	A	*/+T	9	2	14.29%	2	2	41	49	0.98	1	1	8	1	1	1	-T
II	2938956	C	+T/+T	2	7	77.78%	1	2	37	44	0.98	1	1	2	0	4	3	+T
II	2988149	G	*/-T	9	2	18.18%	2	2	46	49	0.98	1	1	7	2	1	1	-T
II	3040332	C	+G/+G	0	25	100%	0	2	0	48	0.98	0	1	0	0	13	12	+G
II	3171788	G	*/+A	5	2	25%	1	1	37	37	0.98	1	1	5	0	2	0	+A
II	3175926	C	*/-T	4	2	33.33%	2	1	42	42	0.98	1	1	3	1	2	0	-T
II	3380128	C	*/-T	7	3	27.27%	1	1	38	40	0.98	1	1	7	0	3	0	-T
II	3410437	G	*/-T	6	4	30.77%	2	2	36	52	0.98	1	1	4	2	2	2	-T
II	3429091	C	*/+TGTTGAGTA	5	11	57.89%	2	2	59	50	0.98	1	1	2	3	4	7	+TGTTGAGTA
II	3509251	T	*/-A	6	2	20%	2	2	41	37	0.98	1	1	3	3	1	1	-A
II	3509251	T	*/+A	6	2	20%	2	1	41	49	0.98	1	1	3	3	2	0	-A
II	3512925	C	*/-T	5	3	37.5%	1	2	34	53	0.98	1	1	5	0	2	1	-T
II	3540057	A	*/-T	16	8	32%	2	2	47	55	0.98	1	1	14	2	2	6	-T
II	3573454	C	*/+A	12	2	14.29%	2	1	42	42	0.98	1	1	6	6	2	0	+A
II	3619003	A	+G/+G	0	18	100%	0	2	0	48	0.98	0	1	0	0	7	11	+G
II	3621704	A	*/-T	10	2	13.33%	2	1	44	25	0.98	1	1	5	5	0	2	-T
II	3621704	A	*/+T	10	2	13.33%	2	2	44	55	0.98	1	1	5	5	1	1	-T
II	3715149	G	*/-A	3	2	33.33%	2	1	46	37	0.98	1	1	2	1	2	0	-A
II	3799420	G	*/-A	4	2	33.33%	2	1	37	37	0.98	1	1	2	2	2	0	-A
II	3804883	A	*/+T	17	2	10.53%	2	1	55	55	0.98	1	1	12	5	0	2	+T
II	3838101	C	-A/-A	1	5	83.33%	1	2	37	34	0.98	1	1	1	0	4	1	-A
II	3838912	T	*/-A	11	4	21.05%	2	2	39	58	0.98	1	1	1	10	1	3	-A
II	3838912	T	*/+A	11	3	15.79%	2	1	39	33	0.98	1	1	1	10	0	3	-A
II	3856896	A	*/-T	12	3	16.67%	2	2	42	32	0.98	1	1	6	6	1	2	-T
II	3856896	A	*/+T	12	2	11.11%	2	2	42	31	0.98	1	1	6	6	1	1	-T
II	3860185	C	*/-TAGTA	14	14	43.75%	2	2	60	37	0.98	1	1	2	12	11	3	-TAGTA
II	3869342	A	*/-AT	17	2	10.53%	2	2	52	55	0.98	1	1	7	10	1	1	-AT
II	3907027	T	*/+G	9	2	18.18%	2	2	52	37	0.98	1	1	2	7	1	1	+G
II	3933716	C	*/+A	8	19	70.37%	2	2	41	50	0.98	1	1	5	3	13	6	+A
II	3954039	C	*/-T	17	5	20%	2	2	43	49	0.98	1	1	15	2	2	3	-T
II	3954039	C	*/+T	17	3	12%	2	2	43	41	0.98	1	1	15	2	1	2	-T
II	3975235	C	*/-A	16	7	24.14%	2	2	41	48	0.98	1	1	11	5	4	3	-A
II	3975235	C	*/-AA	16	2	6.9%	2	2	41	42	0.98	1	1	11	5	1	1	-A
II	3975235	C	*/+A	16	2	6.9%	2	2	41	42	0.98	1	1	11	5	1	1	-A
II	3983331	G	*/-TA	38	4	9.3%	2	2	49	49	0.98	1	1	16	22	1	3	-TA
II	4006982	C	*/-A	6	3	33.33%	2	2	36	37	0.98	1	1	4	2	1	2	-A
II	4031460	A	*/+T	4	6	54.55%	2	2	52	47	0.98	1	1	2	2	3	3	+T
II	4108814	G	*/-TA	39	3	6.98%	2	1	46	40	0.98	1	1	14	25	0	3	-TA
II	4254960	G	-A/-A	0	25	100%	0	2	0	51	0.98	0	1	0	0	8	17	-A
II	4264124	C	*/+TGA	35	4	10.26%	2	2	45	37	0.98	1	1	22	13	2	2	+TGA
II	4308414	C	+A/+A	3	13	76.47%	1	2	49	46	0.98	1	1	3	0	5	8	+A
II	4315564	C	*/-T	22	2	7.69%	2	2	40	55	0.98	1	1	12	10	1	1	-T
II	4315564	C	*/+T	22	2	7.69%	2	2	40	55	0.98	1	1	12	10	1	1	-T
II	4419921	T	*/+A	2	3	50%	2	2	31	53	0.98	1	1	1	1	2	1	+A
II	4423650	T	*/-GTTGG	14	10	41.67%	2	2	44	33	0.98	1	1	7	7	8	2	-GTTGG
II	4423656	A	*/+AAACT	4	11	73.33%	2	2	43	37	0.98	1	1	1	3	8	3	+AAACT
II	4458971	C	*/-A	36	2	5.26%	2	2	44	74	0.98	1	1	16	20	1	1	-A
II	4459027	C	*/+A	40	4	9.09%	2	2	53	74	0.98	1	1	18	22	2	2	+A
II	4481876	G	*/+T	81	6	6.9%	2	2	45	55	0.98	1	1	38	43	3	3	+T
II	4505641	C	*/-A	21	2	8.7%	2	2	39	37	0.98	1	1	10	11	1	1	-A
II	4507813	A	*/+G	85	8	8.6%	2	2	51	52	0.98	1	1	52	33	4	4	+G
II	4515621	C	*/+A	9	2	15.38%	2	1	39	37	0.98	1	1	7	2	2	0	+A
II	4517047	T	*/+TACTCATC	54	15	20.27%	2	2	48	47	0.98	1	1	29	25	11	4	+TACTCATC
II	4518476	T	*/-C	69	5	6.76%	2	2	43	34	0.98	1	1	41	28	1	4	-C
II	4525340	G	*/+T	39	14	22.95%	2	2	41	43	0.98	1	1	26	13	8	6	+T
II	4526174	A	*/-T	22	6	21.43%	2	2	42	53	0.98	1	1	15	7	4	2	-T
II	4526843	C	*/-T	8	3	27.27%	2	2	37	36	0.98	1	1	6	2	1	2	-T
II	4528465	C	*/+GACAAT	72	16	18.18%	2	2	42	44	0.98	1	1	35	37	8	8	+GACAAT
II	4529375	T	*/+ACAACGACAACGACAACG	50	8	10.96%	2	2	42	46	0.98	1	1	26	24	5	3	+ACAACGACAACGACAACG
II	4529375	T	*/+ACAACGACAACGACAACGACAACG	50	10	13.7%	2	2	42	50	0.98	1	1	26	24	8	2	+ACAACGACAACGACAACGACAACG
II	4533588	C	*/-T	62	17	21.52%	2	2	45	43	0.98	1	1	36	26	7	10	-T
II	4534880	A	*/-T	80	33	29.2%	2	2	45	48	0.98	1	1	34	46	17	16	-T
II	4535523	T	*/+GTTACG	163	45	21.63%	2	2	45	46	0.98	1	1	50	113	16	29	+GTTACG
II	4535548	A	*/-TATGTG	165	43	20.67%	2	2	44	51	0.98	1	1	59	106	23	20	-TATGTG
II	4535645	G	*/-T	112	50	30.86%	2	2	50	53	0.98	1	1	63	49	26	24	-T
II	4536089	C	*/+AAAAGAAAAGTAAATT	49	3	5.77%	2	2	42	37	0.98	1	1	32	17	2	1	+AAAAGAAAAGTAAATT
II	4536728	A	*/+GAGAGTAGG	222	26	9.63%	2	2	49	46	0.98	1	1	100	122	11	15	+GAGAGTAGG
II	4537213	G	+T/+T	41	268	86.73%	2	2	49	50	0.98	1	1	28	13	140	128	+T
II	4537387	A	-AATAAGAG/-AATAAGAG	56	205	78.54%	2	2	48	47	0.98	1	1	24	32	121	84	-AATAAGAG
II	4537712	T	*/-AAATAAAATTAATG	48	5	9.43%	2	1	40	37	0.98	1	1	23	25	5	0	-AAATAAAATTAATG
III	1558	G	*/-A	39	7	11.86%	2	2	42	35	0.98	1	1	19	20	4	3	-A
III	1558	G	*/-AA	39	3	5.08%	2	1	42	33	0.98	1	1	19	20	0	3	-A
III	1558	G	*/+A	39	8	13.56%	2	2	42	43	0.98	1	1	19	20	2	6	+A
III	4729	A	*/-T	256	68	18.58%	2	2	46	47	0.98	1	1	164	92	23	45	-T
III	4729	A	*/+T	256	27	7.38%	2	2	46	38	0.98	1	1	164	92	3	24	-T
III	4952	C	*/+T	219	77	25.93%	2	2	40	47	0.98	1	1	143	76	22	55	+T
III	5403	C	*/-T	278	53	13.84%	2	2	41	42	0.98	1	1	176	102	25	28	-T
III	5403	C	*/-TT	278	24	6.27%	2	2	41	41	0.98	1	1	176	102	10	14	-T
III	9812	T	*/+A	99	19	15.57%	2	2	45	40	0.98	1	1	34	65	1	18	+A
III	10094	A	*/-T	72	4	5.26%	2	2	45	37	0.98	1	1	28	44	1	3	-T
III	12428	G	*/-A	42	5	8.06%	2	2	46	51	0.98	1	1	24	18	4	1	-A
III	12428	G	*/+A	42	7	11.29%	2	2	46	47	0.98	1	1	24	18	2	5	+A
III	12428	G	*/+AA	42	4	6.45%	2	2	46	39	0.98	1	1	24	18	3	1	+A
III	15599	A	*/-T	220	76	22.49%	2	2	45	51	0.98	1	1	131	89	34	42	-T
III	15599	A	*/+T	220	26	7.69%	2	2	45	54	0.98	1	1	131	89	7	19	-T
III	15822	C	*/+T	213	66	23.4%	2	2	41	46	0.98	1	1	135	78	22	44	+T
III	16273	C	*/-T	268	66	17.23%	2	2	41	47	0.98	1	1	173	95	33	33	-T
III	16273	C	*/-TT	268	28	7.31%	2	2	41	43	0.98	1	1	173	95	11	17	-T
III	20682	T	*/+A	103	20	15.87%	2	1	45	40	0.98	1	1	38	65	0	20	+A
III	23298	G	*/-A	39	7	11.48%	2	2	36	51	0.98	1	1	24	15	5	2	-A
III	23298	G	*/+A	39	9	14.75%	2	2	36	36	0.98	1	1	24	15	5	4	+A
III	32961	T	*/+G	31	2	6.06%	2	2	54	37	0.98	1	1	16	15	1	1	+G
III	69589	T	*/-A	9	2	18.18%	2	1	34	74	0.98	1	1	2	7	0	2	-A
III	123319	T	*/-A	6	7	43.75%	1	2	37	36	0.98	1	1	6	0	4	3	-A
III	123319	T	*/-AA	6	2	12.5%	1	1	37	37	0.98	1	1	6	0	2	0	-A
III	234763	A	*/-TTGTTTTGTT	2	5	71.43%	1	1	31	34	0.98	1	1	0	2	0	5	-TTGTTTTGTT
III	245692	C	*/-T	15	2	11.76%	2	1	45	37	0.98	1	1	9	6	2	0	-T
III	253907	A	*/+T	3	3	33.33%	2	2	36	37	0.98	1	1	1	2	2	1	+T
III	286477	A	*/-CT	6	3	33.33%	2	2	47	33	0.98	1	1	4	2	2	1	-CT
III	286478	C	-TT/-TT	0	5	100%	0	2	0	41	0.98	0	1	0	0	4	1	-TT
III	286594	T	*/+AA	4	6	35.29%	1	2	34	43	0.98	1	1	4	0	2	4	+AA
III	286594	T	*/+AAA	4	4	23.53%	1	2	34	46	0.98	1	1	4	0	3	1	+AA
III	293096	G	*/-T	5	2	20%	2	2	44	37	0.98	1	1	2	3	1	1	-T
III	293096	G	*/+T	5	2	20%	2	1	44	37	0.98	1	1	2	3	2	0	-T
III	365746	A	*/-C	13	2	13.33%	2	1	43	37	0.98	1	1	8	5	0	2	-C
III	365747	C	-A/-A	1	10	83.33%	1	2	48	42	0.98	1	1	0	1	9	1	-A
III	568658	C	*/-T	11	3	18.75%	2	2	38	40	0.98	1	1	8	3	2	1	-T
III	604307	A	*/+T	17	2	10.53%	2	2	50	55	0.98	1	1	9	8	1	1	+T
III	717677	A	*/-T	7	7	35%	2	2	44	45	0.98	1	1	4	3	4	3	-T
III	717677	A	*/-TT	7	3	15%	2	2	44	49	0.98	1	1	4	3	1	2	-T
III	717677	A	*/+T	7	2	10%	2	2	44	43	0.98	1	1	4	3	1	1	-T
III	719703	T	*/-A	4	2	33.33%	1	1	37	31	0.98	1	1	4	0	2	0	-A
III	719955	A	-C/-C	2	6	75%	2	2	42	61	0.98	1	1	1	1	4	2	-C
III	720559	C	*/+T	2	4	66.67%	2	2	62	34	0.98	1	1	1	1	1	3	+T
III	720683	A	+T/+T	0	7	87.5%	0	2	0	51	0.98	0	1	0	0	4	3	+T
III	762516	T	*/-A	13	2	11.76%	2	1	39	68	0.98	1	1	7	6	2	0	-A
III	762516	T	*/+A	13	2	11.76%	2	1	39	42	0.98	1	1	7	6	0	2	-A
III	822701	G	*/-T	12	4	25%	2	2	42	36	0.98	1	1	6	6	1	3	-T
III	853262	T	+A/+A	1	12	85.71%	1	2	37	42	0.98	1	1	1	0	8	4	+A
III	853293	C	+A/+A	0	16	88.89%	0	2	0	46	0.98	0	1	0	0	9	7	+A
III	853293	C	*/+AA	0	2	11.11%	0	2	0	55	0.98	0	1	0	0	1	1	+A
III	867865	C	-T/-T	0	7	100%	0	2	0	42	0.98	0	1	0	0	4	3	-T
III	881217	C	*/-TTATGCCTT	19	2	9.52%	2	2	41	37	0.98	1	1	11	8	1	1	-TTATGCCTT
III	897531	C	*/+A	15	2	11.11%	2	1	46	55	0.98	1	1	9	6	2	0	+A
III	898665	T	*/-A	15	3	16.67%	2	2	37	45	0.98	1	1	8	7	1	2	-A
III	954028	G	*/-A	12	2	13.33%	2	2	45	37	0.98	1	1	7	5	1	1	-A
III	966124	G	*/-T	14	5	20.83%	1	2	36	44	0.98	1	1	14	0	4	1	-T
III	966124	G	*/+T	14	3	12.5%	1	1	36	37	0.98	1	1	14	0	3	0	-T
III	985870	T	*/-C	12	2	14.29%	2	1	44	37	0.98	1	1	9	3	0	2	-C
III	1016311	G	+C/+C	0	36	100%	0	2	0	50	0.98	0	1	0	0	14	22	+C
III	1075530	A	*/+TGGAAGTGGTAAG	76	8	9.52%	2	2	44	37	0.98	1	1	32	44	4	4	+TGGAAGTGGTAAG
III	1084026	A	*/+AGTGGTGATGGTT	40	4	9.09%	2	2	43	37	0.98	1	1	13	27	2	2	+AGTGGTGATGGTT
III	1088514	T	*/+TACAAC	96	6	5.88%	2	2	47	49	0.98	1	1	63	33	2	4	+TACAAC
III	1094042	C	*/+A	21	2	8.33%	2	1	41	42	0.98	1	1	8	13	0	2	+A
III	1095550	G	*/-T	13	9	30%	2	2	40	46	0.98	1	1	10	3	7	2	-T
III	1095550	G	*/-TT	13	6	20%	2	2	40	44	0.98	1	1	10	3	3	3	-T
III	1103423	T	*/-A	8	6	31.58%	2	2	39	47	0.98	1	1	7	1	2	4	-A
III	1103423	T	*/-AA	8	2	10.53%	2	2	39	43	0.98	1	1	7	1	1	1	-A
III	1103423	T	*/-AAA	8	2	10.53%	2	1	39	42	0.98	1	1	7	1	2	0	-A
III	1110963	T	*/+C	59	5	7.81%	2	2	43	37	0.98	1	1	27	32	2	3	+C
III	1114914	T	*/+ACCACTAACCATC	36	4	10%	2	2	43	43	0.98	1	1	22	14	3	1	+ACCACTAACCATC
III	1117176	A	*/+TAGTTG	36	2	5.26%	2	1	49	37	0.98	1	1	26	10	0	2	+TAGTTG
III	1117723	T	*/+C	51	3	5.56%	2	1	47	45	0.98	1	1	27	24	3	0	+C
III	1121674	T	*/+ACCACTAACCATC	33	4	10.53%	2	2	43	37	0.98	1	1	22	11	2	2	+ACCACTAACCATC
III	1123936	A	*/+TAGTTG	33	3	7.89%	2	1	51	49	0.98	1	1	27	6	3	0	+TAGTTG
III	1128434	T	*/+ACCACTAACCATC	33	4	10.81%	2	2	47	43	0.98	1	1	19	14	3	1	+ACCACTAACCATC
III	1131243	T	*/+C	48	4	7.69%	2	2	44	46	0.98	1	1	21	27	3	1	+C
III	1168360	T	*/-G	5	3	33.33%	1	1	34	37	0.98	1	1	5	0	3	0	-G
III	1173151	T	*/+C	8	4	33.33%	2	2	44	37	0.98	1	1	6	2	3	1	+C
III	1239214	T	*/-A	8	2	20%	2	1	34	37	0.98	1	1	6	2	2	0	-A
III	1244495	G	*/+T	7	2	22.22%	2	2	37	74	0.98	1	1	3	4	1	1	+T
III	1287662	G	+T/+T	2	21	91.3%	1	2	74	45	0.98	1	1	2	0	7	14	+T
III	1394597	C	*/+A	1	2	50%	1	2	37	37	0.98	1	1	1	0	1	1	+A
III	1411422	C	+A/+A	0	14	100%	0	2	0	49	0.98	0	1	0	0	7	7	+A
III	1421567	T	*/-G	10	3	23.08%	2	1	39	33	0.98	1	1	7	3	3	0	-G
III	1535109	G	*/+A	34	2	5.56%	2	1	42	37	0.98	1	1	17	17	0	2	+A
III	1594933	T	*/+A	4	12	70.59%	2	2	33	39	0.98	1	1	3	1	6	6	+A
III	1674618	C	*/-T	5	2	22.22%	1	1	32	31	0.98	1	1	5	0	2	0	-T
III	1685487	G	+A/+A	2	7	77.78%	1	2	49	51	0.98	1	1	0	2	2	5	+A
III	1702276	A	*/+T	21	3	12%	2	2	45	49	0.98	1	1	9	12	2	1	+T
III	1712983	G	*/-AA	7	2	22.22%	2	1	47	37	0.98	1	1	2	5	2	0	-AA
III	1740769	T	+A/+A	1	7	87.5%	1	2	37	42	0.98	1	1	1	0	5	2	+A
III	1756400	T	-A/-A	1	22	95.65%	1	2	74	50	0.98	1	1	0	1	11	11	-A
III	1758846	C	*/-A	4	2	28.57%	2	2	43	42	0.98	1	1	2	2	1	1	-A
III	1765612	C	*/+T	22	2	8.33%	2	1	47	37	0.98	1	1	8	14	0	2	+T
III	1774235	T	+GATC/+GATC	2	11	78.57%	1	2	37	47	0.98	1	1	0	2	4	7	+GATC
III	1821911	C	*/-A	2	3	37.5%	1	2	37	37	0.98	1	1	2	0	2	1	-A
III	1821911	C	*/-AA	2	3	37.5%	1	2	37	49	0.98	1	1	2	0	2	1	-A
III	1880707	G	*/-T	10	2	15.38%	2	2	48	55	0.98	1	1	5	5	1	1	-T
III	1925626	C	*/-A	5	2	25%	2	1	39	42	0.98	1	1	4	1	0	2	-A
III	1979604	A	*/-T	8	4	33.33%	2	2	41	37	0.98	1	1	5	3	3	1	-T
III	2074510	C	*/-T	7	2	20%	2	1	40	37	0.98	1	1	4	3	2	0	-T
III	2076980	A	*/-T	9	2	16.67%	2	1	38	36	0.98	1	1	5	4	2	0	-T
III	2113205	C	*/-T	7	2	22.22%	2	1	42	31	0.98	1	1	5	2	2	0	-T
III	2157938	C	*/+T	11	2	15.38%	2	1	40	36	0.98	1	1	10	1	0	2	+T
III	2190252	G	*/-A	6	2	25%	2	2	31	31	0.98	1	1	5	1	1	1	-A
III	2223577	A	*/+T	22	2	8.33%	2	2	50	68	0.98	1	1	16	6	1	1	+T
III	2281940	C	*/-T	8	2	15.38%	2	1	35	42	0.98	1	1	7	1	2	0	-T
III	2281940	C	*/+TT	8	2	15.38%	2	1	35	55	0.98	1	1	7	1	2	0	-T
III	2290207	T	*/+A	5	10	66.67%	2	2	49	46	0.98	1	1	2	3	6	4	+A
III	2309611	T	*/-A	6	6	50%	2	2	37	55	0.98	1	1	3	3	2	4	-A
III	2310960	G	*/-A	8	2	20%	2	1	44	68	0.98	1	1	2	6	0	2	-A
III	2310968	A	*/+GGT	9	2	18.18%	2	1	41	61	0.98	1	1	1	8	0	2	+GGT
III	2373166	G	*/-A	9	2	16.67%	2	2	38	55	0.98	1	1	7	2	1	1	-A
III	2382018	A	*/-T	1	3	50%	1	2	74	62	0.98	1	1	0	1	2	1	-T
III	2382018	A	*/-TT	1	2	33.33%	1	1	74	37	0.98	1	1	0	1	2	0	-T
III	2420241	T	*/+A	7	3	27.27%	2	1	45	65	0.98	1	1	3	4	0	3	+A
III	2442889	A	*/+T	170	11	6.04%	2	2	43	40	0.98	1	1	59	111	3	8	+T
III	2443562	A	+T/+T	14	47	75.81%	2	1	37	36	0.98	1	1	6	8	0	47	+T
III	2447848	T	*/-A	753	245	19.57%	2	2	43	40	0.98	1	1	560	193	173	72	-A
III	2447848	T	*/-AA	753	121	9.66%	2	2	43	43	0.98	1	1	560	193	87	34	-A
III	2447848	T	*/+A	753	87	6.95%	2	2	43	41	0.98	1	1	560	193	66	21	-A
III	2448309	T	-AA/-AA	55	577	89.74%	2	2	43	41	0.98	1	1	38	17	233	344	-AA
III	2448518	T	*/-A	709	238	21.6%	2	2	45	45	0.98	1	1	512	197	176	62	-A
III	2448518	T	*/-AA	709	65	5.9%	2	2	45	44	0.98	1	1	512	197	44	21	-A
III	2448518	T	*/+A	709	76	6.9%	2	2	45	43	0.98	1	1	512	197	54	22	+A
mitochondrial	317	T	+A/+A	230	3743	92.58%	2	2	46	47	0.98	1	1	198	32	2134	1609	+A
