Chrom	Position	Ref	Cons	Reads1	Reads2	VarFreq	Strands1	Strands2	Qual1	Qual2	Pvalue	MapQual1	MapQual2	Reads1Plus	Reads1Minus	Reads2Plus	Reads2Minus	VarAllele
I	3160	A	*/+GTTGTCGTTGTCGTTGTC	50	14	18.67%	2	2	43	44	0.98	1	1	26	24	6	8	+GTTGTCGTTGTCGTTGTC
I	3160	A	*/+GTTGTCGTTGTCGTTGTCGTTGTC	50	10	13.33%	2	2	43	48	0.98	1	1	26	24	3	7	+GTTGTCGTTGTCGTTGTC
I	4047	C	*/-TGTCTCTGTCAT	55	11	16.67%	2	2	39	47	0.98	1	1	29	26	6	5	-TGTCTCTGTCAT
I	4053	C	*/+TGTCAT	36	19	34.55%	2	2	38	38	0.98	1	1	20	16	10	9	+TGTCAT
I	5677	G	*/-A	19	9	23.08%	2	2	37	41	0.98	1	1	18	1	8	1	-A
I	5677	G	*/-AA	19	3	7.69%	2	1	37	37	0.98	1	1	18	1	3	0	-A
I	5677	G	*/-AAA	19	3	7.69%	2	2	37	40	0.98	1	1	18	1	2	1	-A
I	5677	G	*/-AAAA	19	3	7.69%	2	1	37	33	0.98	1	1	18	1	3	0	-A
I	6357	T	*/-A	24	3	8.33%	2	2	43	33	0.98	1	1	12	12	2	1	-A
I	6357	T	*/-AA	24	9	25%	2	2	43	42	0.98	1	1	12	12	1	8	-AA
I	7192	C	*/-A	23	4	9.76%	2	2	38	34	0.98	1	1	21	2	2	2	A
I	7192	C	*/+A	23	4	9.76%	2	1	38	35	0.98	1	1	21	2	4	0	A
I	10859	G	*/-TT	5	4	44.44%	2	1	34	37	0.98	1	1	2	3	4	0	-TT
I	15734	C	*/-A	17	2	8%	2	1	47	42	0.98	1	1	14	3	2	0	-A
I	15734	C	*/-AA	17	2	8%	2	2	47	55	0.98	1	1	14	3	1	1	-A
I	15734	C	*/+A	17	4	16%	2	1	47	43	0.98	1	1	14	3	4	0	+A
I	19694	T	*/+A	32	5	13.51%	2	1	59	37	0.98	1	1	15	17	5	0	+A
I	27402	A	*/+C	3	6	46.15%	1	1	33	37	0.98	1	1	0	3	0	6	+C
I	27402	A	*/+CC	3	2	15.38%	1	1	33	38	0.98	1	1	0	3	0	2	+C
I	27402	A	*/+CCCC	3	2	15.38%	1	1	33	37	0.98	1	1	0	3	0	2	+C
I	41770	C	*/-AT	30	3	9.09%	2	1	45	49	0.98	1	1	13	17	3	0	-AT
I	55244	T	*/-A	5	2	25%	1	1	39	33	0.98	1	1	5	0	2	0	-A
I	92133	T	*/-A	10	3	23.08%	2	1	42	33	0.98	1	1	3	7	3	0	-A
I	101871	A	+G/+G	0	26	89.66%	0	2	0	40	0.98	0	1	0	0	11	15	+G
I	190112	C	*/+A	8	2	16.67%	2	2	34	31	0.98	1	1	6	2	1	1	+A
I	216147	C	*/-T	13	2	11.76%	2	1	46	37	0.98	1	1	6	7	0	2	-T
I	216147	C	*/+T	13	2	11.76%	2	1	46	55	0.98	1	1	6	7	0	2	-T
I	237839	T	*/+A	16	2	11.11%	2	2	50	37	0.98	1	1	8	8	1	1	+A
I	414079	C	*/-T	11	2	15.38%	2	1	41	55	0.98	1	1	5	6	2	0	-T
I	414661	A	*/+T	14	2	12.5%	2	2	50	68	0.98	1	1	8	6	1	1	+T
I	440084	T	*/+A	1	4	66.67%	1	2	74	37	0.98	1	1	1	0	1	3	+A
I	441614	C	*/-T	7	3	27.27%	2	1	35	33	0.98	1	1	5	2	3	0	-T
I	454339	G	*/+GAAA	6	11	64.71%	2	2	37	40	0.98	1	1	3	3	8	3	+GAAA
I	470378	A	-C/-C	0	13	100%	0	2	0	35	0.98	0	1	0	0	9	4	-C
I	470390	A	-C/-C	0	15	100%	0	2	0	38	0.98	0	1	0	0	10	5	-C
I	473427	G	*/+T	4	2	33.33%	1	1	34	37	0.98	1	1	4	0	2	0	+T
I	482737	A	+G/+G	2	22	88%	1	2	37	43	0.98	1	1	0	2	7	15	+G
I	521845	T	*/-A	17	2	10%	2	2	42	37	0.98	1	1	9	8	1	1	-A
I	528541	C	*/-A	25	2	7.41%	2	1	36	37	0.98	1	1	16	9	2	0	-A
I	554527	A	*/+T	3	13	72.22%	1	2	37	33	0.98	1	1	3	0	3	10	+T
I	554527	A	*/+TT	3	2	11.11%	1	2	37	31	0.98	1	1	3	0	1	1	+T
I	562745	A	*/+T	8	7	36.84%	2	2	36	37	0.98	1	1	4	4	4	3	+T
I	562745	A	*/+TT	8	2	10.53%	2	2	36	37	0.98	1	1	4	4	1	1	+T
I	609849	C	*/-T	12	2	14.29%	2	2	39	49	0.98	1	1	8	4	1	1	-T
I	660056	T	*/-G	8	4	30.77%	2	2	40	43	0.98	1	1	6	2	3	1	-G
I	661548	C	*/-T	9	3	25%	2	1	44	29	0.98	1	1	4	5	0	3	-T
I	670032	C	+A/+A	1	29	96.67%	1	2	74	52	0.98	1	1	0	1	12	17	+A
I	682993	T	-C/-C	2	30	93.75%	1	2	55	49	0.98	1	1	2	0	11	19	-C
I	719597	G	*/-TA	27	2	6.67%	2	2	42	37	0.98	1	1	12	15	1	1	-TA
I	791163	G	*/+T	36	2	5.26%	2	1	46	74	0.98	1	1	20	16	0	2	+T
I	807903	A	*/-T	8	2	18.18%	2	1	40	37	0.98	1	1	1	7	0	2	-T
I	862962	C	+T/+T	0	14	100%	0	2	0	41	0.98	0	1	0	0	5	9	+T
I	934908	T	*/+AA	9	2	15.38%	2	2	33	55	0.98	1	1	8	1	1	1	+AA
I	960025	G	*/+T	2	4	66.67%	1	2	37	43	0.98	1	1	2	0	2	2	+T
I	995016	G	*/+T	12	2	14.29%	2	2	37	42	0.98	1	1	9	3	1	1	+T
I	995070	G	*/-T	11	2	14.29%	2	1	40	31	0.98	1	1	9	2	2	0	-T
I	1048635	G	+A/+A	3	12	80%	1	2	49	45	0.98	1	1	3	0	7	5	+A
I	1206603	G	*/-T	25	4	13.79%	2	2	42	37	0.98	1	1	16	9	3	1	-T
I	1274803	T	+A/+A	0	13	100%	0	2	0	45	0.98	0	1	0	0	5	8	+A
I	1290605	A	*/-T	14	2	10.53%	2	1	40	37	0.98	1	1	10	4	2	0	-T
I	1290605	A	*/+T	14	3	15.79%	2	2	40	33	0.98	1	1	10	4	2	1	+T
I	1358794	C	*/+A	3	2	28.57%	2	2	33	31	0.98	1	1	2	1	1	1	+A
I	1383723	G	*/+T	14	2	12.5%	2	1	44	61	0.98	1	1	7	7	0	2	+T
I	1421034	T	*/+A	15	2	11.76%	2	2	42	37	0.98	1	1	4	11	1	1	+A
I	1424708	C	-A/-A	1	17	94.44%	1	2	74	47	0.98	1	1	0	1	6	11	-A
I	1454446	C	*/-A	24	2	7.41%	2	1	44	42	0.98	1	1	16	8	0	2	-A
I	1496317	C	*/-A	6	10	47.62%	1	2	47	45	0.98	1	1	6	0	4	6	-A
I	1496317	C	*/-AA	6	5	23.81%	1	2	47	51	0.98	1	1	6	0	2	3	-A
I	1509277	C	*/+T	2	5	71.43%	1	2	42	44	0.98	1	1	2	0	2	3	+T
I	1541472	G	*/-T	10	3	18.75%	2	2	40	53	0.98	1	1	9	1	2	1	-T
I	1573611	C	*/+A	3	8	72.73%	2	2	37	43	0.98	1	1	2	1	6	2	+A
I	1595056	C	*/-TT	1	2	28.57%	1	1	62	31	0.98	1	1	0	1	2	0	-TT
I	1595056	C	*/+T	1	3	42.86%	1	2	62	36	0.98	1	1	0	1	2	1	+T
I	1599291	T	*/-A	8	3	27.27%	2	2	44	40	0.98	1	1	6	2	1	2	-A
I	1625092	T	+C/+C	0	12	100%	0	2	0	40	0.98	0	1	0	0	10	2	+C
I	1636004	A	*/-T	15	2	11.76%	2	2	42	31	0.98	1	1	9	6	1	1	-T
I	1642335	C	*/+T	20	2	9.09%	2	1	46	31	0.98	1	1	8	12	2	0	+T
I	1777634	A	*/-T	9	3	17.65%	2	2	45	37	0.98	1	1	2	7	2	1	-T
I	1777634	A	*/+T	9	4	23.53%	2	2	45	39	0.98	1	1	2	7	2	2	+T
I	1849285	C	*/-T	32	4	10.53%	2	2	44	37	0.98	1	1	16	16	3	1	-T
I	1849285	C	*/+TT	32	2	5.26%	2	2	44	49	0.98	1	1	16	16	1	1	-T
I	1890184	C	*/-A	3	2	33.33%	2	2	33	55	0.98	1	1	1	2	1	1	-A
I	1936294	G	+A/+A	1	15	93.75%	1	2	74	45	0.98	1	1	1	0	5	10	+A
I	1943784	A	*/+CC	10	2	13.33%	2	1	35	25	0.98	1	1	9	1	0	2	C
I	1952313	A	+T/+T	0	30	100%	0	2	0	44	0.98	0	1	0	0	23	7	+T
I	1954162	C	*/-A	9	5	25%	2	2	39	44	0.98	1	1	7	2	4	1	-A
I	1954162	C	*/-AA	9	4	20%	2	2	39	39	0.98	1	1	7	2	2	2	-A
I	1955754	C	*/+TT	1	3	60%	1	2	25	33	0.98	1	1	1	0	2	1	+TT
I	1955853	T	+A/+A	1	8	88.89%	1	2	37	46	0.98	1	1	0	1	7	1	+A
I	2025000	C	*/+T	5	4	26.67%	2	2	42	34	0.98	1	1	4	1	3	1	+T
I	2041948	T	*/-A	13	2	11.76%	1	1	36	37	0.98	1	1	13	0	2	0	-A
I	2041948	T	*/-AA	13	2	11.76%	1	2	36	31	0.98	1	1	13	0	1	1	-A
I	2052488	A	*/-T	11	2	12.5%	2	1	41	37	0.98	1	1	5	6	2	0	-T
I	2052488	A	*/+T	11	2	12.5%	2	1	41	42	0.98	1	1	5	6	0	2	-T
I	2096013	T	*/-A	7	2	22.22%	2	2	44	31	0.98	1	1	4	3	1	1	-A
I	2139856	G	+T/+T	1	4	80%	1	2	37	55	0.98	1	1	0	1	2	2	+T
I	2154491	T	+A/+A	0	13	100%	0	2	0	43	0.98	0	1	0	0	3	10	+A
I	2174555	C	*/-A	2	2	28.57%	2	1	31	37	0.98	1	1	1	1	2	0	-A
I	2227936	T	*/+AAA	3	3	37.5%	1	1	40	37	0.98	1	1	3	0	3	0	+AAA
I	2245479	T	*/+C	13	3	17.65%	2	2	45	37	0.98	1	1	7	6	1	2	+C
I	2273201	T	*/-AA	7	2	20%	2	2	35	49	0.98	1	1	3	4	1	1	-AA
I	2288240	C	-G/-G	0	29	100%	0	2	0	51	0.98	0	1	0	0	13	16	-G
I	2322636	C	*/-A	12	2	12.5%	2	1	39	37	0.98	1	1	10	2	2	0	-A
I	2343703	G	+A/+A	0	14	100%	0	2	0	44	0.98	0	1	0	0	8	6	+A
I	2387285	C	*/+TA	22	2	8.33%	2	1	43	37	0.98	1	1	9	13	0	2	+TA
I	2397149	G	*/+T	7	2	22.22%	1	2	47	55	0.98	1	1	7	0	1	1	+T
I	2401096	C	*/-A	16	2	10%	2	2	50	55	0.98	1	1	8	8	1	1	-A
I	2421576	A	-C/-C	0	11	100%	0	2	0	46	0.98	0	1	0	0	4	7	-C
I	2499149	A	-T/-T	3	15	83.33%	1	2	49	51	0.98	1	1	3	0	6	9	-T
I	2507462	T	+A/+A	0	10	100%	0	2	0	44	0.98	0	1	0	0	5	5	+A
I	2510060	T	+A/+A	1	9	90%	1	2	25	45	0.98	1	1	1	0	5	4	+A
I	2525713	C	*/-T	17	2	7.69%	2	2	42	36	0.98	1	1	15	2	1	1	-T
I	2525713	C	*/+T	17	5	19.23%	2	2	42	46	0.98	1	1	15	2	4	1	+T
I	2525713	C	*/+TT	17	2	7.69%	2	1	42	42	0.98	1	1	15	2	2	0	+T
I	2556743	G	*/-A	5	2	25%	1	1	35	37	0.98	1	1	5	0	2	0	-A
I	2588021	C	+A/+A	1	6	85.71%	1	2	37	37	0.98	1	1	0	1	4	2	+A
I	2588066	C	+A/+A	0	6	100%	0	2	0	49	0.98	0	1	0	0	3	3	+A
I	2594263	C	+T/+T	0	4	80%	0	2	0	52	0.98	0	1	0	0	1	3	+T
I	2594324	T	*/+A	2	3	60%	1	1	55	29	0.98	1	1	0	2	3	0	+A
I	2594351	T	+A/+A	0	5	100%	0	1	0	37	0.98	0	1	0	0	5	0	+A
I	2594391	A	+T/+T	0	6	100%	0	1	0	49	0.98	0	1	0	0	6	0	+T
I	2605860	G	-T/-T	1	24	96%	1	2	37	39	0.98	1	1	0	1	12	12	-T
I	2607669	A	+T/+T	1	17	94.44%	1	2	25	43	0.98	1	1	1	0	7	10	+T
I	2641994	T	*/+A	7	2	22.22%	2	1	44	31	0.98	1	1	3	4	0	2	+A
I	2641998	C	*/+T	1	2	40%	1	2	25	55	0.98	1	1	1	0	1	1	+T
I	2663334	A	*/-T	11	2	15.38%	2	2	42	37	0.98	1	1	6	5	1	1	-T
I	2683902	T	-C/-C	0	24	100%	0	2	0	45	0.98	0	1	0	0	10	14	-C
I	2689254	A	*/+T	6	2	25%	2	2	35	37	0.98	1	1	3	3	1	1	+T
I	2747027	T	*/-A	12	2	13.33%	2	2	46	55	0.98	1	1	6	6	1	1	-A
I	2751236	T	*/-A	3	13	65%	1	2	49	37	0.98	1	1	3	0	2	11	-A
I	2751236	T	*/-AA	3	4	20%	1	2	49	46	0.98	1	1	3	0	2	2	-A
I	2759871	T	*/+C	0	5	71.43%	0	2	0	44	0.98	0	1	0	0	1	4	+C
I	2902171	G	*/+T	20	2	9.09%	2	1	43	37	0.98	1	1	9	11	2	0	+T
I	2907177	C	*/-A	33	2	5.71%	2	1	41	31	0.98	1	1	9	24	0	2	-A
I	2958937	G	*/-A	19	2	9.52%	2	2	41	49	0.98	1	1	15	4	1	1	-A
I	2960791	T	*/-A	12	6	33.33%	2	2	47	45	0.98	1	1	6	6	3	3	-A
I	2971600	C	*/+A	13	2	13.33%	2	1	40	42	0.98	1	1	8	5	0	2	+A
I	3033347	C	*/-T	9	6	37.5%	2	2	42	31	0.98	1	1	4	5	5	1	-T
I	3048747	C	*/-A	25	2	7.41%	2	1	44	37	0.98	1	1	13	12	2	0	-A
I	3084527	A	*/+AGT	36	2	5.26%	2	1	49	74	0.98	1	1	17	19	0	2	+AGT
I	3125118	A	+T/+T	0	14	100%	0	2	0	39	0.98	0	1	0	0	6	8	+T
I	3144699	T	*/+A	6	2	22.22%	2	1	32	55	0.98	1	1	4	2	0	2	+A
I	3159187	C	*/-CA	51	4	7.02%	2	2	48	46	0.98	1	1	20	31	2	2	-CA
I	3159994	C	*/+T	42	3	6.38%	2	1	39	40	0.98	1	1	39	3	3	0	+T
I	3166776	G	*/+TTT	4	5	45.45%	2	2	46	34	0.98	1	1	3	1	4	1	+TTT
I	3178494	C	+T/+T	3	13	81.25%	2	2	49	51	0.98	1	1	1	2	5	8	+T
I	3184255	T	*/-A	2	2	40%	2	2	37	37	0.98	1	1	1	1	1	1	-A
I	3197528	A	+G/+G	0	35	100%	0	2	0	44	0.98	0	1	0	0	12	23	+G
I	3450130	G	-T/-T	0	17	100%	0	2	0	45	0.98	0	1	0	0	7	10	-T
I	3460318	T	+C/+C	1	18	94.74%	1	2	37	48	0.98	1	1	0	1	10	8	+C
I	3462650	A	*/-T	10	4	25%	2	2	45	43	0.98	1	1	4	6	1	3	-T
I	3462650	A	*/-TT	10	2	12.5%	2	1	45	55	0.98	1	1	4	6	0	2	-T
I	3477396	C	*/+A	6	2	22.22%	2	1	33	55	0.98	1	1	3	3	0	2	+A
I	3538413	A	+T/+T	0	15	100%	0	2	0	49	0.98	0	1	0	0	5	10	+T
I	3538428	G	+T/+T	1	12	85.71%	1	2	37	51	0.98	1	1	0	1	5	7	+T
I	3538436	T	+A/+A	1	12	92.31%	1	2	37	49	0.98	1	1	0	1	5	7	+A
I	3538449	T	+TA/+TA	0	12	100%	0	2	0	45	0.98	0	1	0	0	5	7	+TA
I	3538456	A	+AT/+AT	0	12	100%	0	2	0	47	0.98	0	1	0	0	5	7	+AT
I	3576756	T	*/+TCTTCTC	0	4	57.14%	0	2	0	34	0.98	0	1	0	0	1	3	+TCTTCTC
I	3576929	C	+T/+T	0	10	90.91%	0	2	0	37	0.98	0	1	0	0	2	8	+T
I	3580034	C	*/+T	5	7	50%	2	2	29	44	0.98	1	1	4	1	4	3	+T
I	3609896	T	*/-A	5	2	28.57%	2	1	39	37	0.98	1	1	2	3	0	2	-A
I	3610396	C	*/-T	1	2	40%	1	1	37	37	0.98	1	1	1	0	2	0	-T
I	3659473	G	*/-A	26	3	10.34%	2	1	44	37	0.98	1	1	18	8	3	0	-A
I	3659724	C	*/-T	17	2	8.7%	2	2	42	42	0.98	1	1	13	4	1	1	-T
I	3659724	C	*/+T	17	2	8.7%	2	1	42	37	0.98	1	1	13	4	2	0	-T
I	3665610	G	+C/+C	1	38	95%	1	2	74	45	0.98	1	1	1	0	18	20	+C
I	3700385	T	*/+A	1	3	23.08%	1	2	36	37	0.98	1	1	1	0	2	1	+A
I	3700385	T	*/+AA	1	9	69.23%	1	2	36	43	0.98	1	1	1	0	3	6	+AA
I	3730369	A	+T/+T	0	14	100%	0	2	0	42	0.98	0	1	0	0	6	8	+T
I	3756354	A	*/-AT	2	2	50%	1	2	68	55	0.98	1	1	0	2	1	1	-AT
I	3765328	C	+T/+T	1	12	92.31%	1	2	48	40	0.98	1	1	1	0	11	1	+T
I	3776933	G	+A/+A	1	10	90.91%	1	2	48	37	0.98	1	1	1	0	2	8	+A
I	3790288	G	*/-T	19	2	8.33%	2	2	40	37	0.98	1	1	9	10	1	1	-T
I	3790288	G	*/+T	19	3	12.5%	2	1	40	29	0.98	1	1	9	10	3	0	+T
I	3825510	G	*/+T	11	2	15.38%	2	2	36	37	0.98	1	1	6	5	1	1	+T
I	3830510	A	+T/+T	4	18	75%	1	2	37	39	0.98	1	1	4	0	7	11	+T
I	3846638	G	-C/-C	0	27	100%	0	2	0	43	0.98	0	1	0	0	17	10	-C
I	3850523	C	*/+T	17	2	10%	2	2	43	68	0.98	1	1	13	4	1	1	+T
I	3855790	G	-T/-T	2	11	84.62%	1	2	55	40	0.98	1	1	0	2	6	5	-T
I	3879437	C	*/+A	14	2	12.5%	2	2	41	33	0.98	1	1	10	4	1	1	+A
I	3879465	T	*/-A	21	2	8.7%	2	1	45	42	0.98	1	1	7	14	0	2	-A
I	3898271	C	*/-A	17	3	13.64%	2	2	39	61	0.98	1	1	12	5	2	1	-A
I	3898271	C	*/+A	17	2	9.09%	2	2	39	37	0.98	1	1	12	5	1	1	-A
I	3940025	G	+T/+T	0	15	100%	0	2	0	43	0.98	0	1	0	0	9	6	+T
I	3984736	A	*/-GGT	120	10	7.69%	2	1	40	40	0.98	1	1	25	95	0	10	-GGT
I	3992212	A	*/-AC	16	2	11.11%	2	2	43	43	0.98	1	1	3	13	1	1	-AC
I	3992213	A	*/-C	13	3	18.75%	2	2	38	45	0.98	1	1	2	11	1	2	-C
I	3995023	C	*/-T	3	2	33.33%	2	1	33	37	0.98	1	1	2	1	2	0	-T
I	4004016	G	*/-T	2	6	50%	1	2	37	38	0.98	1	1	2	0	3	3	-T
I	4004016	G	*/-TT	2	3	25%	1	1	37	61	0.98	1	1	2	0	0	3	-T
I	4005819	C	*/-A	15	2	11.76%	2	1	42	37	0.98	1	1	10	5	2	0	-A
I	4010237	A	*/-G	11	2	13.33%	2	1	37	31	0.98	1	1	10	1	2	0	-G
I	4021334	C	*/-T	19	2	9.52%	2	1	42	74	0.98	1	1	8	11	0	2	-T
I	4055052	T	*/+A	5	16	72.73%	2	2	37	44	0.98	1	1	4	1	14	2	+A
I	4098272	C	*/-T	20	3	13.04%	2	2	41	45	0.98	1	1	16	4	2	1	-T
I	4143108	G	*/+A	32	2	5.88%	2	1	47	37	0.98	1	1	20	12	2	0	+A
I	4153651	C	*/-T	9	2	18.18%	2	1	49	37	0.98	1	1	7	2	2	0	-T
I	4179641	C	*/+A	12	2	13.33%	2	1	46	37	0.98	1	1	11	1	2	0	+A
I	4179701	C	*/+T	6	4	30.77%	2	2	32	36	0.98	1	1	4	2	2	2	+T
I	4219570	T	*/+A	21	8	27.59%	2	2	39	50	0.98	1	1	6	15	4	4	+A
I	4241118	G	*/-A	10	7	33.33%	2	2	39	37	0.98	1	1	9	1	6	1	-A
I	4241118	G	*/+A	10	2	9.52%	2	2	39	23	0.98	1	1	9	1	1	1	-A
I	4244736	G	*/-T	21	3	12.5%	2	2	39	37	0.98	1	1	11	10	2	1	-T
I	4276890	G	+T/+T	1	10	90.91%	1	2	37	44	0.98	1	1	1	0	5	5	+T
I	4304169	G	+A/+A	2	10	83.33%	1	2	37	37	0.98	1	1	0	2	8	2	+A
I	4374342	A	-G/-G	0	33	100%	0	2	0	43	0.98	0	1	0	0	20	13	-G
I	4407494	T	+G/+G	0	26	100%	0	2	0	47	0.98	0	1	0	0	12	14	+G
I	4410191	C	-G/-G	0	16	100%	0	2	0	43	0.98	0	1	0	0	11	5	-G
I	4414201	C	*/-T	3	5	62.5%	1	2	37	36	0.98	1	1	3	0	4	1	-T
I	4431856	G	+A/+A	5	23	82.14%	1	2	37	46	0.98	1	1	5	0	11	12	+A
I	4431868	C	+A/+A	1	23	95.83%	1	2	37	43	0.98	1	1	1	0	9	14	+A
I	4455149	G	+A/+A	0	5	83.33%	0	2	0	34	0.98	0	1	0	0	4	1	+A
I	4514478	T	*/-A	4	4	36.36%	1	2	46	34	0.98	1	1	4	0	2	2	-A
I	4514478	T	*/+A	4	2	18.18%	1	2	46	37	0.98	1	1	4	0	1	1	-A
I	4527621	G	*/-T	16	2	11.11%	2	1	36	31	0.98	1	1	9	7	0	2	-T
I	4604649	C	*/-T	4	3	42.86%	1	2	34	37	0.98	1	1	4	0	2	1	-T
I	4606489	C	*/+T	21	2	8.7%	2	1	47	31	0.98	1	1	12	9	0	2	+T
I	4648159	T	*/-G	4	11	64.71%	2	2	37	35	0.98	1	1	1	3	9	2	-G
I	4648159	T	*/-GG	4	2	11.76%	2	1	37	37	0.98	1	1	1	3	2	0	-G
I	4721875	G	+A/+A	0	13	100%	0	2	0	36	0.98	0	1	0	0	6	7	+A
I	4764248	A	*/+T	19	2	9.52%	2	1	48	55	0.98	1	1	16	3	0	2	+T
I	4764253	G	*/+A	7	10	50%	2	2	35	46	0.98	1	1	6	1	8	2	+A
I	4916623	C	*/-A	9	6	40%	2	2	42	53	0.98	1	1	5	4	2	4	-A
I	4926046	C	*/+T	6	3	30%	2	1	34	29	0.98	1	1	4	2	3	0	+T
I	4963870	G	*/-AT	6	2	25%	2	2	43	55	0.98	1	1	3	3	1	1	-AT
I	4984784	A	*/-T	3	5	62.5%	2	2	37	39	0.98	1	1	2	1	4	1	-T
I	5016002	C	*/-T	13	2	13.33%	2	2	38	55	0.98	1	1	6	7	1	1	-T
I	5060109	A	*/-T	18	2	9.52%	2	1	35	55	0.98	1	1	5	13	0	2	-T
I	5078848	G	*/-A	11	2	12.5%	2	2	39	37	0.98	1	1	9	2	1	1	-A
I	5078848	G	*/+A	11	3	18.75%	2	2	39	33	0.98	1	1	9	2	2	1	+A
I	5142627	A	+G/+G	1	8	80%	1	2	37	55	0.98	1	1	0	1	5	3	+G
I	5148414	T	-A/-A	1	20	95.24%	1	2	37	45	0.98	1	1	1	0	9	11	-A
I	5155608	C	*/-A	3	4	50%	1	2	37	34	0.98	1	1	3	0	2	2	-A
I	5173087	C	+T/+T	1	12	92.31%	1	2	37	39	0.98	1	1	1	0	2	10	+T
I	5173430	G	*/+T	4	16	69.57%	1	2	42	37	0.98	1	1	4	0	10	6	+T
I	5173430	G	*/+TT	4	2	8.7%	1	1	42	37	0.98	1	1	4	0	2	0	+T
I	5176926	T	*/+A	5	6	54.55%	2	2	39	45	0.98	1	1	4	1	1	5	+A
I	5177760	A	*/-T	11	2	12.5%	2	2	42	49	0.98	1	1	10	1	1	1	-T
I	5177760	A	*/-TT	11	2	12.5%	2	2	42	37	0.98	1	1	10	1	1	1	-T
I	5181376	A	*/-T	13	3	17.65%	2	2	47	45	0.98	1	1	7	6	2	1	-T
I	5232811	T	*/+A	15	3	16.67%	2	2	43	37	0.98	1	1	9	6	2	1	+A
I	5363995	C	*/+A	16	2	11.11%	2	2	43	36	0.98	1	1	7	9	1	1	+A
I	5368262	T	-C/-C	1	35	97.22%	1	2	37	42	0.98	1	1	1	0	9	26	-C
I	5368273	G	+T/+T	0	39	97.5%	0	2	0	41	0.98	0	1	0	0	10	29	+T
I	5426622	C	+T/+T	1	16	84.21%	1	2	25	37	0.98	1	1	1	0	13	3	+T
I	5547223	T	*/-A	15	4	21.05%	2	1	37	46	0.98	1	1	12	3	4	0	-A
I	5562426	A	*/+T	26	2	6.9%	2	1	40	55	0.98	1	1	12	14	2	0	+T
I	5567937	C	*/-A	18	5	18.52%	2	1	43	37	0.98	1	1	11	7	5	0	-A
I	5567937	C	*/-AA	18	2	7.41%	2	1	43	55	0.98	1	1	11	7	2	0	-A
I	5568055	C	*/-T	31	3	8.82%	2	2	40	40	0.98	1	1	13	18	1	2	-T
I	5572022	A	*/-T	32	2	5.88%	2	1	42	37	0.98	1	1	10	22	0	2	-T
I	5576850	T	*/-AA	4	6	60%	1	2	55	37	0.98	1	1	0	4	5	1	-AA
II	7268	G	*/-T	22	3	12%	2	2	39	53	0.98	1	1	11	11	1	2	-T
II	10254	T	*/-A	5	2	28.57%	2	1	34	37	0.98	1	1	3	2	0	2	-A
II	13539	A	*/+T	13	3	18.75%	2	1	44	49	0.98	1	1	4	9	3	0	+T
II	23557	G	*/-A	3	2	25%	1	1	33	49	0.98	1	1	3	0	2	0	-A
II	23557	G	*/-AA	3	3	37.5%	1	1	33	36	0.98	1	1	3	0	0	3	-AA
II	128001	T	-A/-A	0	11	100%	0	2	0	39	0.98	0	1	0	0	5	6	-A
II	146079	T	-C/-C	4	15	78.95%	2	2	46	41	0.98	1	1	2	2	10	5	-C
II	190235	G	*/+T	28	4	12.5%	2	2	44	37	0.98	1	1	14	14	2	2	+T
II	201022	A	*/-T	10	2	13.33%	2	1	43	37	0.98	1	1	4	6	0	2	-T
II	201022	A	*/+T	10	3	20%	2	1	43	37	0.98	1	1	4	6	3	0	+T
II	229897	A	*/-T	23	4	11.43%	2	2	39	34	0.98	1	1	16	7	3	1	-T
II	229897	A	*/-TT	23	3	8.57%	2	2	39	33	0.98	1	1	16	7	2	1	-T
II	229897	A	*/+T	23	5	14.29%	2	1	39	47	0.98	1	1	16	7	5	0	+T
II	243155	C	*/-A	11	2	15.38%	2	2	43	55	0.98	1	1	10	1	1	1	-A
II	246318	A	*/-T	8	2	20%	2	2	46	37	0.98	1	1	3	5	1	1	-T
II	285361	A	*/-T	8	2	20%	2	1	40	31	0.98	1	1	5	3	2	0	-T
II	320661	G	*/-A	25	2	7.14%	2	2	46	68	0.98	1	1	12	13	1	1	-A
II	383156	C	*/+T	13	2	13.33%	2	2	40	37	0.98	1	1	5	8	1	1	+T
II	410085	C	*/-T	10	3	18.75%	2	2	39	41	0.98	1	1	8	2	2	1	-T
II	410085	C	*/-TT	10	2	12.5%	2	1	39	42	0.98	1	1	8	2	2	0	-T
II	484534	A	*/+T	5	6	50%	2	2	44	45	0.98	1	1	1	4	1	5	+T
II	520193	C	*/-T	7	2	22.22%	2	1	38	49	0.98	1	1	5	2	0	2	-T
II	520626	T	*/-C	4	3	42.86%	2	1	58	32	0.98	1	1	3	1	0	3	-C
II	521731	G	*/-T	19	4	16%	2	2	42	37	0.98	1	1	12	7	3	1	-T
II	521731	G	*/+T	19	2	8%	2	1	42	61	0.98	1	1	12	7	2	0	-T
II	522800	G	*/-A	28	2	6.45%	2	1	41	31	0.98	1	1	23	5	2	0	-A
II	561064	T	*/-A	5	2	25%	2	1	51	37	0.98	1	1	2	3	2	0	-A
II	577759	A	*/+CTATG	42	4	8.7%	2	2	42	46	0.98	1	1	15	27	1	3	+CTATG
II	603279	A	-T/-T	0	14	100%	0	2	0	41	0.98	0	1	0	0	7	7	-T
II	603305	A	-C/-C	0	18	100%	0	2	0	43	0.98	0	1	0	0	8	10	-C
II	605104	T	*/+A	22	3	12%	2	2	42	61	0.98	1	1	11	11	2	1	+A
II	645098	C	*/-A	7	2	20%	2	1	43	61	0.98	1	1	6	1	2	0	-A
II	673086	G	*/+A	6	2	20%	1	1	38	37	0.98	1	1	6	0	2	0	+A
II	700009	T	-A/-A	1	9	90%	1	2	25	45	0.98	1	1	1	0	5	4	-A
II	753854	A	*/-T	7	3	23.08%	2	2	35	37	0.98	1	1	6	1	2	1	-T
II	753854	A	*/+T	7	3	23.08%	2	1	35	37	0.98	1	1	6	1	3	0	-T
II	756993	C	*/-T	15	2	10.53%	2	1	47	43	0.98	1	1	9	6	0	2	-T
II	819795	T	*/+C	25	3	10.71%	2	1	44	37	0.98	1	1	11	14	3	0	+C
II	847457	G	*/-AA	5	2	28.57%	2	2	37	55	0.98	1	1	4	1	1	1	-AA
II	888599	A	-C/-C	0	11	100%	0	2	0	46	0.98	0	1	0	0	7	4	-C
II	889921	C	*/-T	18	2	8.33%	2	1	38	37	0.98	1	1	17	1	2	0	-T
II	889921	C	*/+T	18	3	12.5%	2	1	38	29	0.98	1	1	17	1	3	0	+T
II	903106	G	+T/+T	0	17	100%	0	2	0	50	0.98	0	1	0	0	5	12	+T
II	948246	G	*/+A	12	2	14.29%	2	2	41	55	0.98	1	1	8	4	1	1	+A
II	948303	T	*/-A	15	2	11.76%	2	1	46	37	0.98	1	1	12	3	2	0	-A
II	965516	T	*/-C	22	2	8.33%	2	1	42	31	0.98	1	1	14	8	0	2	-C
II	965517	C	*/-T	16	3	14.29%	2	2	36	33	0.98	1	1	12	4	2	1	-T
II	997671	G	*/+CAACAACAACAACAA	9	2	14.29%	2	1	40	37	0.98	1	1	6	3	2	0	A
II	1019510	T	*/-A	1	10	62.5%	1	2	37	39	0.98	1	1	1	0	6	4	-A
II	1019510	T	*/-AA	1	5	31.25%	1	2	37	44	0.98	1	1	1	0	4	1	-A
II	1059118	T	*/-A	15	3	15%	2	2	45	33	0.98	1	1	6	9	1	2	-A
II	1069791	C	*/-A	25	2	6.9%	2	1	43	42	0.98	1	1	17	8	0	2	-A
II	1069791	C	*/+A	25	2	6.9%	2	1	43	37	0.98	1	1	17	8	2	0	-A
II	1078264	T	*/-A	8	4	26.67%	2	2	44	40	0.98	1	1	7	1	3	1	-A
II	1078264	T	*/+A	8	3	20%	2	2	44	36	0.98	1	1	7	1	1	2	-A
II	1078426	G	*/+A	23	2	8%	2	2	46	61	0.98	1	1	8	15	1	1	+A
II	1079843	T	+A/+A	2	8	80%	1	2	55	44	0.98	1	1	2	0	5	3	+A
II	1151387	C	*/-T	22	2	8.33%	2	1	42	37	0.98	1	1	4	18	0	2	-T
II	1163154	A	-T/-T	0	8	100%	0	2	0	55	0.98	0	1	0	0	2	6	-T
II	1187785	G	*/-T	21	2	8.7%	2	1	38	49	0.98	1	1	8	13	2	0	-T
II	1243365	G	*/-T	20	2	9.09%	2	1	36	55	0.98	1	1	7	13	0	2	-T
II	1264791	C	*/+T	2	3	60%	2	2	49	38	0.98	1	1	1	1	1	2	+T
II	1277481	G	*/+T	4	2	20%	1	1	37	37	0.98	1	1	4	0	2	0	+T
II	1308618	G	-T/-T	1	22	95.65%	1	2	25	39	0.98	1	1	1	0	18	4	-T
II	1312254	C	*/-T	6	3	33.33%	1	2	32	28	0.98	1	1	6	0	2	1	-T
II	1365999	G	*/-T	11	4	23.53%	2	1	44	55	0.98	1	1	2	9	4	0	-T
II	1365999	G	*/+T	11	2	11.76%	2	1	44	61	0.98	1	1	2	9	2	0	-T
II	1389139	C	*/+T	5	2	25%	2	2	47	31	0.98	1	1	3	2	1	1	+T
II	1399770	T	*/+A	38	2	5%	2	2	41	55	0.98	1	1	30	8	1	1	+A
II	1454912	T	*/-GA	30	2	6.25%	2	1	41	37	0.98	1	1	21	9	2	0	-GA
II	1554361	C	*/-T	11	2	14.29%	2	2	38	37	0.98	1	1	4	7	1	1	-T
II	1555919	A	*/+TTTATT	2	4	66.67%	2	1	55	37	0.98	1	1	1	1	0	4	+TTTATT
II	1606686	A	*/+TGGAAGTGGTAAG	96	8	7.69%	2	2	45	40	0.98	1	1	42	54	6	2	+TGGAAGTGGTAAG
II	1627981	C	*/-T	9	3	25%	2	1	46	74	0.98	1	1	5	4	3	0	-T
II	1641172	C	*/+ACCACTTCCACTT	91	5	5.21%	2	1	52	42	0.98	1	1	43	48	0	5	+ACCACTTCCACTT
II	1678205	T	*/-A	3	8	72.73%	1	2	45	46	0.98	1	1	3	0	4	4	-A
II	1682725	G	*/+T	9	2	18.18%	2	2	39	55	0.98	1	1	6	3	1	1	+T
II	1716256	G	*/+T	10	2	15.38%	2	1	38	37	0.98	1	1	8	2	2	0	+T
II	1716287	T	*/-G	13	4	23.53%	2	1	48	37	0.98	1	1	7	6	0	4	-G
II	1747580	T	*/+A	3	7	70%	1	2	37	42	0.98	1	1	0	3	1	6	+A
II	1763419	T	*/-A	10	4	26.67%	2	1	40	31	0.98	1	1	9	1	0	4	-A
II	1818108	C	*/-T	8	6	35.29%	2	2	37	35	0.98	1	1	5	3	5	1	-T
II	1861420	T	-G/-G	1	16	94.12%	1	2	62	50	0.98	1	1	1	0	9	7	-G
II	1867795	A	+T/+T	1	4	80%	1	2	37	37	0.98	1	1	1	0	1	3	+T
II	1868122	G	+T/+T	0	5	83.33%	0	2	0	39	0.98	0	1	0	0	4	1	+T
II	1873779	T	+A/+A	0	15	100%	0	2	0	46	0.98	0	1	0	0	6	9	+A
II	1877294	A	+T/+T	1	18	94.74%	1	2	37	38	0.98	1	1	1	0	14	4	+T
II	1922526	C	*/-T	10	2	16.67%	2	1	38	74	0.98	1	1	6	4	2	0	-T
II	1938011	G	*/+A	7	2	20%	2	2	37	37	0.98	1	1	5	2	1	1	+A
II	1941966	A	+T/+T	0	22	100%	0	2	0	52	0.98	0	1	0	0	14	8	+T
II	1941982	A	+T/+T	0	24	100%	0	2	0	48	0.98	0	1	0	0	15	9	+T
II	1948953	G	-A/-A	0	29	100%	0	2	0	41	0.98	0	1	0	0	12	17	-A
II	1950050	A	+G/+G	1	32	91.43%	1	2	37	46	0.98	1	1	0	1	14	18	+G
II	1953298	C	*/-CT	23	2	7.41%	2	1	35	43	0.98	1	1	7	16	0	2	-CT
II	1953298	C	*/-CTCT	23	2	7.41%	2	1	35	55	0.98	1	1	7	16	2	0	-CT
II	1955495	T	+A/+A	0	15	88.24%	0	2	0	50	0.98	0	1	0	0	9	6	+A
II	1960392	A	+G/+G	0	11	100%	0	2	0	37	0.98	0	1	0	0	5	6	+G
II	1987101	C	-G/-G	0	16	100%	0	2	0	43	0.98	0	1	0	0	11	5	-G
II	1987117	T	-G/-G	0	16	100%	0	2	0	43	0.98	0	1	0	0	11	5	-G
II	2022508	T	*/+A	11	3	21.43%	2	1	40	45	0.98	1	1	4	7	3	0	+A
II	2049891	A	-T/-T	0	29	100%	0	2	0	48	0.98	0	1	0	0	14	15	-T
II	2053516	G	+C/+C	0	25	100%	0	2	0	54	0.98	0	1	0	0	10	15	+C
II	2084512	G	*/+T	13	2	13.33%	2	1	39	61	0.98	1	1	5	8	2	0	+T
II	2108180	T	+A/+A	0	13	100%	0	2	0	38	0.98	0	1	0	0	7	6	+A
II	2147726	G	+T/+T	4	14	77.78%	1	2	37	44	0.98	1	1	0	4	6	8	+T
II	2187407	G	+A/+A	1	13	92.86%	1	2	37	44	0.98	1	1	0	1	10	3	+A
II	2204904	T	*/+A	8	2	20%	2	2	46	37	0.98	1	1	7	1	1	1	+A
II	2209818	A	*/+T	10	2	16.67%	2	1	43	37	0.98	1	1	7	3	2	0	+T
II	2219928	A	+T/+T	1	31	93.94%	1	2	74	38	0.98	1	1	0	1	17	14	+T
II	2293297	G	-A/-A	0	9	100%	0	2	0	45	0.98	0	1	0	0	6	3	-A
II	2338528	G	*/-A	8	2	18.18%	1	2	38	42	0.98	1	1	8	0	1	1	-A
II	2443175	A	*/-T	3	2	33.33%	1	1	37	37	0.98	1	1	3	0	2	0	-T
II	2443873	T	*/+A	4	2	25%	1	2	46	31	0.98	1	1	4	0	1	1	+A
II	2443873	T	*/+AA	4	2	25%	1	1	46	37	0.98	1	1	4	0	2	0	+A
II	2523624	C	*/-A	3	3	37.5%	1	1	37	37	0.98	1	1	3	0	3	0	-A
II	2552673	G	*/-T	9	2	18.18%	2	1	52	31	0.98	1	1	6	3	0	2	-T
II	2579458	C	*/-A	5	2	28.57%	2	2	39	31	0.98	1	1	3	2	1	1	-A
II	2591913	T	*/-A	12	2	13.33%	2	1	37	37	0.98	1	1	10	2	0	2	-A
II	2592423	T	+A/+A	1	13	92.86%	1	2	37	38	0.98	1	1	1	0	7	6	+A
II	2630607	C	+A/+A	0	11	91.67%	0	2	0	44	0.98	0	1	0	0	4	7	+A
II	2640785	T	*/+A	2	12	66.67%	1	2	37	46	0.98	1	1	0	2	5	7	+A
II	2640785	T	*/+AA	2	2	11.11%	1	1	37	55	0.98	1	1	0	2	0	2	+A
II	2702173	G	*/-TA	7	2	22.22%	2	1	35	37	0.98	1	1	4	3	2	0	-TA
II	2709414	G	+C/+C	2	22	91.67%	1	2	31	47	0.98	1	1	0	2	9	13	+C
II	2720152	T	*/+A	26	2	7.14%	2	2	40	37	0.98	1	1	9	17	1	1	+A
II	2739968	C	*/+T	17	2	10.53%	2	2	43	42	0.98	1	1	5	12	1	1	+T
II	2755338	C	*/-AT	9	9	47.37%	2	2	37	45	0.98	1	1	1	8	7	2	-AT
II	2788933	C	+G/+G	0	16	100%	0	2	0	43	0.98	0	1	0	0	11	5	+G
II	2798040	C	-T/-T	1	27	96.43%	1	2	37	50	0.98	1	1	1	0	13	14	-T
II	2798514	A	-G/-G	0	12	100%	0	2	0	44	0.98	0	1	0	0	4	8	-G
II	2811495	C	-A/-A	0	19	100%	0	2	0	44	0.98	0	1	0	0	7	12	-A
II	2826100	G	*/+A	10	8	38.1%	2	2	50	38	0.98	1	1	7	3	5	3	+A
II	2894538	T	*/-A	15	3	15.79%	2	1	39	37	0.98	1	1	11	4	3	0	-A
II	2900889	A	*/-T	4	4	33.33%	2	2	46	39	0.98	1	1	3	1	3	1	-T
II	2900889	A	*/-TT	4	2	16.67%	2	2	46	37	0.98	1	1	3	1	1	1	-T
II	2938956	C	+T/+T	1	8	80%	1	2	37	35	0.98	1	1	1	0	4	4	+T
II	2988149	G	*/-T	12	4	22.22%	2	1	39	37	0.98	1	1	7	5	4	0	-T
II	3010749	G	*/-A	26	2	7.14%	2	2	42	37	0.98	1	1	15	11	1	1	-A
II	3040332	C	+G/+G	2	44	95.65%	2	2	37	42	0.98	1	1	1	1	25	19	+G
II	3154052	G	*/-T	15	4	19.05%	2	2	38	64	0.98	1	1	9	6	2	2	-T
II	3154052	G	*/+T	15	2	9.52%	2	2	38	42	0.98	1	1	9	6	1	1	-T
II	3171788	G	*/-A	5	2	16.67%	2	1	39	37	0.98	1	1	4	1	2	0	-A
II	3171788	G	*/+AA	5	2	16.67%	2	1	39	37	0.98	1	1	4	1	2	0	-A
II	3410437	G	*/-T	7	3	30%	2	2	42	57	0.98	1	1	3	4	2	1	-T
II	3509251	T	*/-A	11	3	20%	2	2	48	49	0.98	1	1	4	7	1	2	-A
II	3514786	C	*/-T	10	3	18.75%	2	2	41	53	0.98	1	1	5	5	2	1	-T
II	3514786	C	*/-TT	10	2	12.5%	2	1	41	55	0.98	1	1	5	5	2	0	-T
II	3540057	A	*/-T	13	3	18.75%	2	2	35	49	0.98	1	1	9	4	2	1	-T
II	3573454	C	*/-A	13	2	13.33%	2	1	41	31	0.98	1	1	3	10	0	2	-A
II	3619003	A	+G/+G	2	18	85.71%	1	2	37	41	0.98	1	1	0	2	8	10	+G
II	3621704	A	*/-T	10	2	14.29%	2	1	43	37	0.98	1	1	5	5	2	0	-T
II	3715149	G	*/-A	7	2	22.22%	2	1	44	37	0.98	1	1	5	2	2	0	-A
II	3720775	C	*/-T	16	2	10.53%	2	2	43	55	0.98	1	1	9	7	1	1	-T
II	3799350	G	*/+A	0	4	57.14%	0	1	0	46	0.98	0	1	0	0	4	0	+A
II	3838101	C	*/-A	5	6	50%	2	2	37	35	0.98	1	1	3	2	3	3	-A
II	3838912	T	*/-A	10	2	15.38%	2	2	42	31	0.98	1	1	5	5	1	1	-A
II	3856896	A	*/-TT	7	2	18.18%	2	1	44	37	0.98	1	1	5	2	0	2	-TT
II	3860185	C	*/-TAGTA	15	16	50%	2	2	39	38	0.98	1	1	1	14	14	2	-TAGTA
II	3869342	A	*/-AT	15	3	16.67%	2	2	46	49	0.98	1	1	8	7	1	2	-AT
II	3954039	C	*/-T	16	5	20%	2	2	48	41	0.98	1	1	14	2	3	2	-T
II	3954039	C	*/+T	16	4	16%	2	2	48	48	0.98	1	1	14	2	3	1	-T
II	3975235	C	*/-A	6	2	13.33%	2	2	33	31	0.98	1	1	3	3	1	1	-A
II	3975235	C	*/-AA	6	3	20%	2	2	33	33	0.98	1	1	3	3	2	1	-AA
II	3975235	C	*/+A	6	2	13.33%	2	2	33	31	0.98	1	1	3	3	1	1	-AA
II	4006982	C	*/-A	11	6	28.57%	2	2	37	47	0.98	1	1	8	3	5	1	-A
II	4006982	C	*/-AA	11	2	9.52%	2	1	37	37	0.98	1	1	8	3	2	0	-A
II	4031460	A	*/+T	4	5	45.45%	2	2	49	34	0.98	1	1	2	2	4	1	+T
II	4088646	C	*/+A	14	2	12.5%	2	2	41	74	0.98	1	1	9	5	1	1	+A
II	4107253	G	*/+TTT	1	3	60%	1	2	37	33	0.98	1	1	1	0	2	1	+TTT
II	4108814	G	*/-TA	21	2	8.33%	2	1	35	37	0.98	1	1	11	10	0	2	-TA
II	4254960	G	-A/-A	0	21	100%	0	2	0	44	0.98	0	1	0	0	7	14	-A
II	4308414	C	*/+A	6	5	41.67%	2	2	43	32	0.98	1	1	3	3	4	1	+A
II	4346064	G	*/+A	14	2	12.5%	2	1	48	37	0.98	1	1	5	9	2	0	+A
II	4419921	T	*/+A	4	6	54.55%	1	2	43	38	0.98	1	1	4	0	3	3	+A
II	4517047	T	*/+TACTCATC	53	14	20.29%	2	2	45	44	0.98	1	1	31	22	7	7	+TACTCATC
II	4521677	T	*/-AA	4	5	55.56%	2	2	46	37	0.98	1	1	2	2	3	2	-AA
II	4525340	G	*/+T	54	8	11.43%	2	2	39	43	0.98	1	1	40	14	5	3	+T
II	4526124	T	*/+TTATA	23	2	8%	2	1	44	37	0.98	1	1	14	9	0	2	+TTATA
II	4526174	A	*/-T	16	6	27.27%	2	2	45	41	0.98	1	1	11	5	1	5	-T
II	4526843	C	*/-T	10	6	33.33%	2	2	36	37	0.98	1	1	9	1	4	2	-T
II	4528465	C	*/+GACAAT	77	13	14.29%	2	2	42	41	0.98	1	1	38	39	4	9	+GACAAT
II	4528483	T	*/-GACAATGACAGA	70	13	15.66%	2	2	42	36	0.98	1	1	30	40	9	4	-GACAATGACAGA
II	4529375	T	*/+ACAACGACAACGACAACG	48	13	18.31%	2	2	43	48	0.98	1	1	25	23	7	6	+ACAACGACAACGACAACG
II	4529375	T	*/+ACAACGACAACGACAACGACAACG	48	7	9.86%	2	2	43	42	0.98	1	1	25	23	5	2	+ACAACGACAACGACAACG
II	4533588	C	*/-T	46	26	36.11%	2	2	42	38	0.98	1	1	23	23	10	16	-T
II	4534880	A	*/-T	101	23	18.55%	2	2	45	43	0.98	1	1	52	49	11	12	-T
II	4535321	G	*/-GATAT	196	18	8.41%	2	2	40	40	0.98	1	1	100	96	7	11	-GATAT
II	4535523	T	*/+GTTACG	191	30	13.57%	2	2	42	42	0.98	1	1	62	129	12	18	+GTTACG
II	4535548	A	*/-TATGTG	181	21	10.34%	2	2	41	42	0.98	1	1	78	103	11	10	-TATGTG
II	4535645	G	*/-T	130	23	15.03%	2	2	50	41	0.98	1	1	62	68	15	8	-T
II	4535727	A	*/-G	108	20	15.62%	2	2	42	41	0.98	1	1	35	73	11	9	-G
II	4536728	A	*/+GAGAGTAGG	147	13	7.6%	2	2	43	43	0.98	1	1	59	88	4	9	+GAGAGTAGG
II	4537213	G	*/+T	82	111	57.51%	2	2	50	49	0.98	1	1	54	28	60	51	+T
II	4537387	A	*/-AATAAGAG	51	108	67.92%	2	2	44	44	0.98	1	1	32	19	74	34	-AATAAGAG
II	4537655	A	*/+AAATG	43	9	17.31%	2	2	42	40	0.98	1	1	33	10	7	2	+AAATG
II	4537665	G	*/+AAATA	46	5	9.8%	2	2	43	44	0.98	1	1	35	11	3	2	+AAATA
II	4537712	T	*/-AAATAAAATTAATG	25	5	16.67%	2	2	39	44	0.98	1	1	15	10	1	4	-AAATAAAATTAATG
III	1558	G	*/-A	52	7	10.61%	2	2	41	42	0.98	1	1	21	31	3	4	-A
III	4729	A	*/-T	227	75	22.12%	2	2	46	49	0.98	1	1	153	74	30	45	-T
III	4729	A	*/+T	227	27	7.96%	2	2	46	53	0.98	1	1	153	74	7	20	-T
III	4952	C	*/+T	171	42	19.53%	2	2	38	40	0.98	1	1	100	71	10	32	+T
III	5403	C	*/-T	313	65	15.4%	2	2	41	43	0.98	1	1	233	80	34	31	-T
III	9812	T	*/+A	103	25	19.53%	2	1	45	40	0.98	1	1	31	72	0	25	+A
III	12428	G	*/-A	43	3	5.17%	2	1	39	49	0.98	1	1	21	22	0	3	-A
III	12428	G	*/+A	43	8	13.79%	2	2	39	40	0.98	1	1	21	22	5	3	+A
III	12763	T	*/-A	79	5	5.95%	2	2	45	37	0.98	1	1	38	41	2	3	-A
III	15599	A	*/-T	258	76	19.95%	2	2	47	43	0.98	1	1	163	95	28	48	-T
III	15599	A	*/+T	258	30	7.87%	2	2	47	48	0.98	1	1	163	95	8	22	-T
III	15822	C	*/+T	197	30	13.16%	2	2	38	44	0.98	1	1	121	76	7	23	+T
III	16273	C	*/-T	321	74	16.52%	2	2	43	42	0.98	1	1	231	90	38	36	-T
III	16273	C	*/-TT	321	26	5.8%	2	2	43	41	0.98	1	1	231	90	11	15	-T
III	20682	T	*/+A	79	15	15.79%	2	2	45	51	0.98	1	1	23	56	1	14	+A
III	23298	G	*/-A	52	7	10.45%	2	2	44	49	0.98	1	1	20	32	4	3	-A
III	23298	G	*/+A	52	8	11.94%	2	2	44	35	0.98	1	1	20	32	5	3	+A
III	46959	A	*/-AT	7	3	30%	2	2	47	49	0.98	1	1	3	4	2	1	-AT
III	120832	C	*/-A	11	2	14.29%	2	2	42	37	0.98	1	1	5	6	1	1	-A
III	123319	T	*/-A	8	3	25%	2	1	41	33	0.98	1	1	5	3	3	0	-A
III	207168	T	*/-A	4	2	33.33%	2	2	43	49	0.98	1	1	2	2	1	1	-A
III	211094	G	*/-TC	57	3	5%	2	2	52	37	0.98	1	1	28	29	2	1	-TC
III	231435	G	*/-T	15	2	11.11%	2	2	46	37	0.98	1	1	9	6	1	1	-T
III	231502	G	*/-A	16	3	14.29%	2	2	50	37	0.98	1	1	10	6	2	1	-A
III	231502	G	*/+A	16	2	9.52%	2	2	50	49	0.98	1	1	10	6	1	1	-A
III	234982	C	*/-A	35	2	5.41%	2	2	48	37	0.98	1	1	17	18	1	1	-A
III	286594	T	*/+A	8	3	23.08%	2	1	43	40	0.98	1	1	4	4	3	0	+A
III	293096	G	*/-T	12	3	15.79%	2	1	42	49	0.98	1	1	6	6	3	0	-T
III	365747	C	-A/-A	0	14	100%	0	2	0	46	0.98	0	1	0	0	8	6	-A
III	431910	C	*/-T	14	2	11.76%	2	2	36	36	0.98	1	1	8	6	1	1	-T
III	445016	G	*/+A	19	2	9.09%	2	1	42	55	0.98	1	1	14	5	2	0	+A
III	467904	C	*/+A	13	2	13.33%	2	2	47	42	0.98	1	1	11	2	1	1	+A
III	527710	C	*/-T	21	3	11.54%	2	2	41	57	0.98	1	1	7	14	1	2	-T
III	527710	C	*/+T	21	2	7.69%	2	2	41	37	0.98	1	1	7	14	1	1	-T
III	568658	C	*/+T	10	3	20%	2	2	40	45	0.98	1	1	6	4	1	2	+T
III	717677	A	*/-T	4	9	64.29%	2	2	58	38	0.98	1	1	3	1	6	3	-T
III	719703	T	*/-A	6	3	30%	2	1	43	33	0.98	1	1	5	1	3	0	-A
III	719955	A	-C/-C	0	4	100%	0	2	0	55	0.98	0	1	0	0	2	2	-C
III	720559	C	*/-T	12	5	29.41%	2	2	42	34	0.98	1	1	8	4	3	2	-T
III	720683	A	+T/+T	3	13	81.25%	2	2	28	40	0.98	1	1	2	1	6	7	+T
III	725030	C	+T/+T	1	3	75%	1	1	37	49	0.98	1	1	0	1	0	3	+T
III	762516	T	*/-A	21	3	12.5%	2	2	40	53	0.98	1	1	13	8	1	2	-A
III	791737	T	*/-A	27	2	6.9%	2	1	46	31	0.98	1	1	21	6	0	2	-A
III	867865	C	-T/-T	1	16	94.12%	1	2	74	43	0.98	1	1	1	0	5	11	-T
III	897531	C	*/-A	17	2	10.53%	2	1	42	49	0.98	1	1	14	3	2	0	-A
III	898665	T	*/-A	19	4	17.39%	2	2	43	43	0.98	1	1	11	8	1	3	-A
III	927757	C	*/+A	27	2	6.9%	2	1	44	37	0.98	1	1	24	3	2	0	+A
III	934899	G	*/+T	33	2	5.71%	2	2	44	55	0.98	1	1	21	12	1	1	+T
III	954028	G	*/-A	8	2	15.38%	2	1	46	37	0.98	1	1	5	3	2	0	-A
III	954028	G	*/+A	8	2	15.38%	2	1	46	55	0.98	1	1	5	3	0	2	-A
III	966124	G	*/-T	16	10	35.71%	2	1	36	37	0.98	1	1	15	1	10	0	-T
III	969280	A	*/+G	27	2	6.9%	2	1	49	55	0.98	1	1	9	18	2	0	+G
III	970548	C	*/-T	2	2	40%	1	1	37	31	0.98	1	1	2	0	0	2	-T
III	1016311	G	+C/+C	1	29	96.67%	1	2	74	42	0.98	1	1	1	0	15	14	+C
III	1073505	T	*/+ATATAGAG	99	14	12.17%	2	2	47	44	0.98	1	1	66	33	11	3	+ATATAGAG
III	1075530	A	*/+TGGAAGTGGTAAG	121	9	6.87%	2	2	44	45	0.98	1	1	53	68	6	3	+TGGAAGTGGTAAG
III	1079346	A	*/+G	105	14	11.76%	2	2	40	37	0.98	1	1	77	28	12	2	+G
III	1080146	T	*/+ATATAGAG	175	13	6.91%	2	2	44	44	0.98	1	1	72	103	9	4	+ATATAGAG
III	1082171	A	*/+TGGAAGTGGTAAG	122	15	10.87%	2	2	44	45	0.98	1	1	49	73	5	10	+TGGAAGTGGTAAG
III	1084026	A	*/+AGTGGTGATGGTT	50	4	7.41%	2	2	41	37	0.98	1	1	11	39	2	2	+AGTGGTGATGGTT
III	1084123	A	*/-G	18	2	10%	2	1	45	37	0.98	1	1	8	10	2	0	-G
III	1090483	G	*/-ATA	13	2	13.33%	2	2	39	37	0.98	1	1	6	7	1	1	-ATA
III	1095550	G	*/-T	10	6	30%	2	2	38	38	0.98	1	1	8	2	3	3	-T
III	1095550	G	*/-TTT	10	3	15%	2	1	38	40	0.98	1	1	8	2	3	0	-T
III	1110963	T	*/+C	74	5	6.33%	2	2	41	37	0.98	1	1	27	47	1	4	+C
III	1117723	T	*/+C	56	8	12.5%	2	2	44	35	0.98	1	1	23	33	5	3	+C
III	1121674	T	*/+ACCACTAACCATC	43	7	14%	2	2	38	42	0.98	1	1	26	17	3	4	+ACCACTAACCATC
III	1124483	T	*/+C	71	5	6.58%	2	2	40	44	0.98	1	1	32	39	3	2	+C
III	1130412	C	*/+TCTCTATA	20	2	9.09%	2	1	45	37	0.98	1	1	5	15	2	0	+TCTCTATA
III	1134991	C	*/-ACCACT	62	4	6.06%	2	2	47	37	0.98	1	1	26	36	3	1	-ACCACT
III	1135194	T	*/+ACCACTAACCATC	53	4	7.02%	2	2	42	37	0.98	1	1	40	13	2	2	+ACCACTAACCATC
III	1168360	T	*/-G	9	2	16.67%	2	1	39	37	0.98	1	1	6	3	2	0	-G
III	1239214	T	*/+A	8	2	20%	2	2	40	55	0.98	1	1	4	4	1	1	+A
III	1244495	G	*/-T	14	2	12.5%	2	1	38	37	0.98	1	1	7	7	2	0	-T
III	1252503	G	*/+TT	13	2	11.76%	2	1	37	55	0.98	1	1	11	2	0	2	+TT
III	1252505	G	*/+TT	9	2	11.76%	2	2	42	42	0.98	1	1	7	2	1	1	+TT
III	1308513	T	*/+A	14	3	17.65%	2	1	44	37	0.98	1	1	9	5	0	3	+A
III	1395671	C	*/+A	13	2	12.5%	2	2	38	37	0.98	1	1	8	5	1	1	+A
III	1397637	G	*/-A	20	2	9.09%	2	2	40	37	0.98	1	1	6	14	1	1	-A
III	1421567	T	*/+G	12	4	23.53%	2	1	43	32	0.98	1	1	8	4	4	0	+G
III	1510629	T	*/-A	13	5	25%	2	2	48	36	0.98	1	1	3	10	4	1	-A
III	1510629	T	*/+A	13	2	10%	2	2	48	55	0.98	1	1	3	10	1	1	-A
III	1547169	C	*/+A	5	2	22.22%	2	2	37	37	0.98	1	1	3	2	1	1	+A
III	1575951	G	*/+T	5	2	20%	2	2	36	37	0.98	1	1	2	3	1	1	+T
III	1581366	G	*/-T	9	2	18.18%	2	2	37	49	0.98	1	1	4	5	1	1	-T
III	1594933	T	*/-A	12	4	23.53%	2	2	39	49	0.98	1	1	8	4	1	3	-A
III	1597853	A	*/-T	28	2	6.67%	2	2	49	55	0.98	1	1	23	5	1	1	-T
III	1674618	C	*/-T	6	2	22.22%	2	1	38	68	0.98	1	1	5	1	2	0	-T
III	1684246	A	*/+T	12	2	13.33%	2	1	36	31	0.98	1	1	7	5	0	2	+T
III	1685487	G	+A/+A	0	21	95.45%	0	2	0	39	0.98	0	1	0	0	13	8	+A
III	1702276	A	*/-T	27	4	10.81%	2	2	47	46	0.98	1	1	12	15	1	3	-T
III	1702276	A	*/+T	27	6	16.22%	2	2	47	59	0.98	1	1	12	15	2	4	+T
III	1707997	T	*/-A	33	2	5.71%	2	2	43	37	0.98	1	1	17	16	1	1	-A
III	1712983	G	*/-A	11	4	20%	1	2	45	49	0.98	1	1	11	0	1	3	-A
III	1712983	G	*/-AA	11	2	10%	1	1	45	42	0.98	1	1	11	0	2	0	-A
III	1718427	G	*/-T	4	2	28.57%	1	2	37	55	0.98	1	1	4	0	1	1	-T
III	1756400	T	-A/-A	0	23	100%	0	2	0	45	0.98	0	1	0	0	10	13	-A
III	1774235	T	+GATC/+GATC	0	11	100%	0	2	0	47	0.98	0	1	0	0	9	2	+GATC
III	1802081	T	*/-TA	22	2	8.33%	2	2	43	31	0.98	1	1	12	10	1	1	-TA
III	1802522	G	*/-T	17	3	14.29%	2	2	39	40	0.98	1	1	14	3	2	1	-T
III	1834016	G	*/-T	16	2	11.11%	2	1	41	55	0.98	1	1	7	9	0	2	-T
III	1834531	G	*/+T	20	2	9.09%	2	1	49	37	0.98	1	1	4	16	0	2	+T
III	1857256	C	*/+A	15	3	16.67%	2	1	48	61	0.98	1	1	10	5	3	0	+A
III	2010864	G	*/-TA	20	5	20%	2	2	43	34	0.98	1	1	8	12	1	4	-TA
III	2067838	T	*/-A	7	3	30%	2	1	40	37	0.98	1	1	5	2	3	0	-A
III	2076412	G	*/-T	16	2	11.11%	2	1	36	37	0.98	1	1	11	5	2	0	-T
III	2076980	A	*/-T	7	2	18.18%	2	1	42	49	0.98	1	1	4	3	0	2	-T
III	2076980	A	*/+T	7	2	18.18%	2	1	42	49	0.98	1	1	4	3	2	0	-T
III	2113205	C	*/-T	11	5	25%	2	2	33	37	0.98	1	1	7	4	2	3	-T
III	2113205	C	*/+T	11	3	15%	2	2	33	49	0.98	1	1	7	4	2	1	-T
III	2178240	T	*/-A	11	3	18.75%	2	2	42	36	0.98	1	1	7	4	1	2	-A
III	2284394	C	*/-T	8	2	18.18%	2	2	44	55	0.98	1	1	4	4	1	1	-T
III	2300104	A	*/-T	5	2	28.57%	1	1	37	37	0.98	1	1	5	0	2	0	-T
III	2309611	T	*/-A	6	2	22.22%	2	1	41	37	0.98	1	1	2	4	0	2	-A
III	2352293	A	*/+G	6	3	33.33%	1	1	37	33	0.98	1	1	6	0	3	0	+G
III	2376654	G	*/+A	5	2	25%	2	2	47	37	0.98	1	1	4	1	1	1	+A
III	2420241	T	*/-A	15	4	21.05%	2	2	40	61	0.98	1	1	6	9	2	2	-A
III	2443562	A	*/+T	47	35	42.17%	2	1	40	37	0.98	1	1	19	28	0	35	+T
III	2447848	T	*/-A	769	248	18.84%	2	2	41	41	0.98	1	1	599	170	183	65	-A
III	2447848	T	*/-AA	769	110	8.36%	2	2	41	43	0.98	1	1	599	170	66	44	-A
III	2447848	T	*/+A	769	145	11.02%	2	2	41	40	0.98	1	1	599	170	113	32	+A
III	2448309	T	-AA/-AA	33	372	89.42%	2	2	41	40	0.98	1	1	21	12	165	207	-AA
III	2448518	T	*/-A	601	218	22.4%	2	2	44	44	0.98	1	1	422	179	159	59	-A
III	2448518	T	*/-AA	601	75	7.71%	2	2	44	45	0.98	1	1	422	179	52	23	-A
III	2448518	T	*/+A	601	61	6.27%	2	2	44	47	0.98	1	1	422	179	43	18	-A
