Chrom	Position	Ref	Cons	Reads1	Reads2	VarFreq	Strands1	Strands2	Qual1	Qual2	Pvalue	MapQual1	MapQual2	Reads1Plus	Reads1Minus	Reads2Plus	Reads2Minus	VarAllele
chr_II_telomeric_gap	6088	A	*/-T	10	2	16.67%	2	2	44	36	0.98	1	1	6	4	1	1	-T
chr_II_telomeric_gap	6301	C	*/-AT	21	2	8.7%	2	2	48	55	0.98	1	1	8	13	1	1	-AT
chr_II_telomeric_gap	8538	G	*/-A	5	3	30%	1	1	42	37	0.98	1	1	5	0	3	0	-A
I	3160	A	*/+GTTGTCGTTGTCGTTGTC	51	12	16%	2	2	50	40	0.98	1	1	35	16	10	2	+GTTGTCGTTGTCGTTGTC
I	3160	A	*/+GTTGTCGTTGTCGTTGTCGTTGTC	51	10	13.33%	2	2	50	40	0.98	1	1	35	16	5	5	+GTTGTCGTTGTCGTTGTC
I	4047	C	*/-TGTCTCTGTCAT	79	9	10.23%	2	2	46	45	0.98	1	1	42	37	4	5	-TGTCTCTGTCAT
I	4053	C	*/+TGTCAT	59	15	19.48%	2	2	46	43	0.98	1	1	31	28	10	5	+TGTCAT
I	5677	G	*/-A	29	9	14.52%	2	1	39	37	0.98	1	1	26	3	9	0	-A
I	5677	G	*/-AA	29	12	19.35%	2	2	39	44	0.98	1	1	26	3	9	3	-AA
I	5677	G	*/+A	29	4	6.45%	2	1	39	37	0.98	1	1	26	3	4	0	-AA
I	6357	T	*/-AA	48	20	27.4%	2	2	45	42	0.98	1	1	23	25	9	11	-AA
I	7192	C	*/+A	40	4	7.55%	2	2	41	49	0.98	1	1	31	9	3	1	A
I	7192	C	*/+AA	40	4	7.55%	2	2	41	37	0.98	1	1	31	9	3	1	A
I	10859	G	*/-TT	11	7	38.89%	2	2	33	52	0.98	1	1	6	5	5	2	-TT
I	15734	C	*/-A	24	12	30.77%	2	2	42	42	0.98	1	1	20	4	8	4	-A
I	15734	C	*/+A	24	2	5.13%	2	1	42	37	0.98	1	1	20	4	2	0	-A
I	20545	C	*/+TTTTTTT	1	2	40%	1	1	25	43	0.98	1	1	1	0	0	2	+TTTTTTT
I	27402	A	*/-C	18	4	13.33%	2	1	38	32	0.98	1	1	3	15	0	4	-C
I	27402	A	*/+C	18	4	13.33%	2	1	38	31	0.98	1	1	3	15	0	4	-C
I	27402	A	*/+CC	18	4	13.33%	2	1	38	43	0.98	1	1	3	15	0	4	-C
I	55244	T	*/-A	7	4	28.57%	1	1	38	37	0.98	1	1	7	0	4	0	-A
I	101871	A	+G/+G	0	24	92.31%	0	2	0	50	0.98	0	1	0	0	13	11	+G
I	206448	C	*/+T	10	3	18.75%	2	2	39	45	0.98	1	1	9	1	2	1	+T
I	216147	C	*/-T	18	4	16.67%	2	1	36	37	0.98	1	1	11	7	0	4	-T
I	240121	G	+T/+T	1	13	92.86%	1	2	25	52	0.98	1	1	1	0	9	4	+T
I	244527	C	*/+A	25	2	7.41%	2	2	50	45	0.98	1	1	14	11	1	1	+A
I	301710	A	*/+T	17	2	10.53%	2	1	48	49	0.98	1	1	7	10	0	2	+T
I	303068	C	*/+AT	45	12	20.34%	2	2	53	46	0.98	1	1	18	27	3	9	+AT
I	334454	A	*/-T	9	2	16.67%	2	2	42	37	0.98	1	1	3	6	1	1	-T
I	414079	C	*/+T	10	2	15.38%	2	2	49	31	0.98	1	1	7	3	1	1	+T
I	440084	T	*/+A	1	3	30%	1	2	37	33	0.98	1	1	1	0	1	2	+A
I	440084	T	*/+AA	1	5	50%	1	2	37	51	0.98	1	1	1	0	2	3	+AA
I	441614	C	*/-T	7	5	31.25%	1	2	40	32	0.98	1	1	7	0	4	1	-T
I	441614	C	*/-TT	7	2	12.5%	1	1	40	37	0.98	1	1	7	0	2	0	-T
I	441614	C	*/+T	7	2	12.5%	1	1	40	31	0.98	1	1	7	0	2	0	-T
I	453369	G	*/-A	7	3	18.75%	1	1	40	49	0.98	1	1	7	0	3	0	-A
I	453369	G	*/+A	7	2	12.5%	1	1	40	37	0.98	1	1	7	0	2	0	-A
I	453369	G	*/+AA	7	2	12.5%	1	1	40	37	0.98	1	1	7	0	2	0	-A
I	453369	G	*/+AAA	7	2	12.5%	1	1	40	42	0.98	1	1	7	0	2	0	-A
I	454339	G	*/+GAAA	4	6	54.55%	2	2	37	55	0.98	1	1	1	3	3	3	+GAAA
I	456726	G	*/-T	16	2	10.53%	2	2	45	37	0.98	1	1	11	5	1	1	-T
I	456969	T	*/-A	24	3	11.11%	2	2	56	61	0.98	1	1	14	10	2	1	-A
I	464017	C	*/-A	9	2	14.29%	2	1	41	37	0.98	1	1	5	4	0	2	-A
I	464017	C	*/+A	9	2	14.29%	2	2	41	37	0.98	1	1	5	4	1	1	-A
I	470378	A	-C/-C	0	23	100%	0	2	0	44	0.98	0	1	0	0	17	6	-C
I	470390	A	-C/-C	0	25	100%	0	2	0	51	0.98	0	1	0	0	19	6	-C
I	482737	A	+G/+G	1	32	94.12%	1	2	25	47	0.98	1	1	0	1	18	14	+G
I	486159	G	*/-A	24	2	7.69%	2	1	50	31	0.98	1	1	10	14	2	0	-A
I	520825	G	*/+T	34	2	5.56%	2	2	45	37	0.98	1	1	23	11	1	1	+T
I	521845	T	*/-A	15	5	23.81%	2	2	51	46	0.98	1	1	6	9	2	3	-A
I	528541	C	*/-A	17	6	25%	2	2	40	38	0.98	1	1	13	4	3	3	-A
I	554527	A	+T/+T	2	10	83.33%	2	2	37	39	0.98	1	1	1	1	2	8	+T
I	558751	A	*/+T	14	2	12.5%	2	1	52	55	0.98	1	1	5	9	2	0	+T
I	562745	A	*/+T	7	7	36.84%	2	1	42	47	0.98	1	1	6	1	0	7	+T
I	562745	A	*/+TT	7	3	15.79%	2	1	42	49	0.98	1	1	6	1	0	3	+T
I	609849	C	*/-T	18	2	10%	2	1	48	31	0.98	1	1	10	8	2	0	-T
I	650099	C	*/+A	4	2	28.57%	2	1	39	49	0.98	1	1	3	1	2	0	+A
I	660056	T	*/+G	8	2	15.38%	2	1	32	37	0.98	1	1	5	3	2	0	+G
I	660056	T	*/+GG	8	2	15.38%	2	1	32	37	0.98	1	1	5	3	2	0	+G
I	670032	C	+A/+A	0	65	100%	0	2	0	51	0.98	0	1	0	0	30	35	+A
I	682993	T	-C/-C	1	41	97.62%	1	2	74	43	0.98	1	1	0	1	16	25	-C
I	759362	C	*/+T	11	2	15.38%	2	1	40	55	0.98	1	1	4	7	0	2	+T
I	765477	A	*/-T	12	2	14.29%	2	2	39	37	0.98	1	1	5	7	1	1	-T
I	793917	A	*/-T	8	4	33.33%	2	2	37	43	0.98	1	1	7	1	2	2	-T
I	807903	A	*/-T	19	2	8.7%	2	2	45	61	0.98	1	1	10	9	1	1	-T
I	862962	C	+T/+T	1	27	96.43%	1	2	37	51	0.98	1	1	1	0	19	8	+T
I	934607	T	*/-A	32	2	5.88%	2	1	46	37	0.98	1	1	20	12	2	0	-A
I	934908	T	*/+A	5	3	21.43%	1	2	35	45	0.98	1	1	5	0	1	2	+A
I	934908	T	*/+AA	5	4	28.57%	1	1	35	40	0.98	1	1	5	0	0	4	+AA
I	960025	G	*/+T	7	3	30%	2	2	43	45	0.98	1	1	3	4	2	1	+T
I	965438	C	*/+A	6	4	30.77%	2	1	38	52	0.98	1	1	5	1	4	0	+A
I	966383	C	*/+T	24	2	7.41%	2	1	38	37	0.98	1	1	16	8	2	0	+T
I	995070	G	*/-T	6	2	20%	2	2	47	36	0.98	1	1	5	1	1	1	-T
I	995070	G	*/+T	6	2	20%	2	1	47	37	0.98	1	1	5	1	2	0	-T
I	1048635	G	+A/+A	4	24	85.71%	1	2	49	46	0.98	1	1	4	0	15	9	+A
I	1079583	T	*/+AAAAAA	4	2	22.22%	1	2	37	37	0.98	1	1	4	0	1	1	+AAAAAA
I	1079583	T	*/+AAAAAAA	4	3	33.33%	1	1	37	37	0.98	1	1	4	0	3	0	+AAAAAAA
I	1083962	G	*/+T	18	2	10%	2	1	44	31	0.98	1	1	9	9	0	2	+T
I	1148104	A	*/+T	3	2	40%	1	2	37	37	0.98	1	1	3	0	1	1	+T
I	1152144	C	*/-T	28	2	6.45%	2	2	45	55	0.98	1	1	11	17	1	1	-T
I	1152910	C	*/-T	24	2	7.69%	2	1	41	37	0.98	1	1	6	18	0	2	-T
I	1185797	G	*/-A	9	3	16.67%	2	2	41	45	0.98	1	1	6	3	2	1	-A
I	1185797	G	*/-AA	9	2	11.11%	2	1	41	55	0.98	1	1	6	3	2	0	-A
I	1185797	G	*/+A	9	3	16.67%	2	1	41	49	0.98	1	1	6	3	3	0	+A
I	1206603	G	*/-T	34	3	7.69%	2	2	46	37	0.98	1	1	21	13	2	1	-T
I	1206603	G	*/+T	34	2	5.13%	2	2	46	74	0.98	1	1	21	13	1	1	-T
I	1254655	T	*/-A	19	3	12%	2	2	38	53	0.98	1	1	12	7	1	2	-A
I	1254655	T	*/+A	19	3	12%	2	2	38	49	0.98	1	1	12	7	1	2	-A
I	1255138	C	+T/+T	1	8	88.89%	1	2	37	46	0.98	1	1	1	0	4	4	+T
I	1274803	T	+A/+A	0	16	100%	0	2	0	46	0.98	0	1	0	0	5	11	+A
I	1276023	T	*/-AC	27	2	6.9%	2	2	50	31	0.98	1	1	13	14	1	1	-AC
I	1290605	A	*/-T	16	3	15.79%	2	2	47	45	0.98	1	1	9	7	1	2	-T
I	1294704	G	*/-A	5	3	37.5%	2	2	44	33	0.98	1	1	1	4	2	1	-A
I	1336674	C	*/+T	19	3	13.64%	2	2	48	37	0.98	1	1	10	9	2	1	+T
I	1358794	C	*/+A	8	4	26.67%	2	2	46	43	0.98	1	1	6	2	2	2	+A
I	1421034	T	*/+A	12	2	14.29%	2	2	43	37	0.98	1	1	6	6	1	1	+A
I	1424708	C	-A/-A	1	25	96.15%	1	2	37	45	0.98	1	1	0	1	12	13	-A
I	1454446	C	*/+A	21	4	15.38%	2	2	41	37	0.98	1	1	14	7	2	2	+A
I	1496317	C	*/-A	5	11	52.38%	2	2	49	47	0.98	1	1	1	4	4	7	-A
I	1496317	C	*/-AA	5	4	19.05%	2	2	49	46	0.98	1	1	1	4	2	2	-A
I	1509277	C	+T/+T	3	12	80%	1	2	49	51	0.98	1	1	3	0	9	3	+T
I	1541472	G	*/-T	15	3	14.29%	2	2	43	29	0.98	1	1	12	3	2	1	-T
I	1547936	A	*/-GT	13	2	13.33%	2	1	47	37	0.98	1	1	4	9	2	0	-GT
I	1573611	C	+A/+A	2	13	81.25%	1	2	55	47	0.98	1	1	2	0	8	5	+A
I	1595056	C	*/-T	5	2	25%	2	1	39	48	0.98	1	1	3	2	0	2	-T
I	1598879	A	*/-T	41	3	6.67%	2	2	44	45	0.98	1	1	20	21	1	2	-T
I	1599291	T	*/-A	4	2	25%	1	1	34	49	0.98	1	1	0	4	0	2	-A
I	1625092	T	+C/+C	0	21	95.45%	0	2	0	47	0.98	0	1	0	0	10	11	+C
I	1632002	G	*/+T	13	2	13.33%	2	2	50	55	0.98	1	1	7	6	1	1	+T
I	1663903	C	*/+A	34	3	8.11%	2	1	45	57	0.98	1	1	10	24	0	3	+A
I	1666841	G	*/+T	12	2	14.29%	2	1	43	49	0.98	1	1	8	4	2	0	+T
I	1702186	T	*/-A	12	2	13.33%	2	1	44	55	0.98	1	1	7	5	2	0	-A
I	1777634	A	*/-T	8	4	26.67%	2	2	41	46	0.98	1	1	5	3	2	2	-T
I	1777634	A	*/-TT	8	2	13.33%	2	1	41	74	0.98	1	1	5	3	2	0	-T
I	1837916	G	*/-T	5	4	28.57%	1	2	34	46	0.98	1	1	5	0	3	1	-T
I	1845934	T	*/+A	5	2	25%	2	2	44	37	0.98	1	1	2	3	1	1	+A
I	1849285	C	*/-T	25	4	11.43%	2	2	44	55	0.98	1	1	16	9	2	2	-T
I	1849285	C	*/+T	25	5	14.29%	2	2	44	39	0.98	1	1	16	9	3	2	+T
I	1868067	A	*/+T	26	2	7.14%	2	1	48	37	0.98	1	1	19	7	0	2	+T
I	1890184	C	*/-A	9	4	30.77%	2	2	42	39	0.98	1	1	5	4	2	2	-A
I	1936294	G	+A/+A	0	23	100%	0	2	0	53	0.98	0	1	0	0	11	12	+A
I	1952313	A	+T/+T	1	36	94.74%	1	2	37	42	0.98	1	1	0	1	25	11	+T
I	1954162	C	*/-A	13	6	22.22%	2	2	43	35	0.98	1	1	10	3	3	3	-A
I	1954162	C	*/-AA	13	3	11.11%	2	2	43	61	0.98	1	1	10	3	1	2	-A
I	1954162	C	*/-AAA	13	3	11.11%	2	2	43	49	0.98	1	1	10	3	2	1	-A
I	1954162	C	*/+A	13	2	7.41%	2	2	43	42	0.98	1	1	10	3	1	1	-A
I	1955754	C	*/+T	4	4	40%	1	2	36	39	0.98	1	1	4	0	3	1	+T
I	1955853	T	*/+A	3	7	63.64%	1	2	42	35	0.98	1	1	3	0	4	3	+A
I	2025000	C	*/-T	11	2	10%	2	1	35	37	0.98	1	1	10	1	2	0	-T
I	2025000	C	*/+T	11	5	25%	2	2	35	36	0.98	1	1	10	1	4	1	+T
I	2025000	C	*/+TT	11	2	10%	2	1	35	37	0.98	1	1	10	1	2	0	+T
I	2041948	T	*/-A	16	2	8.7%	1	1	36	37	0.98	1	1	16	0	2	0	-A
I	2041948	T	*/-AAA	16	2	8.7%	1	1	36	37	0.98	1	1	16	0	2	0	-A
I	2052488	A	*/-T	22	10	28.57%	2	2	47	38	0.98	1	1	19	3	8	2	-T
I	2052488	A	*/-TT	22	2	5.71%	2	2	47	31	0.98	1	1	19	3	1	1	-T
I	2122246	G	*/-A	29	3	9.09%	2	2	42	61	0.98	1	1	20	9	2	1	-A
I	2139856	G	+T/+T	1	9	81.82%	1	2	37	37	0.98	1	1	1	0	5	4	+T
I	2154491	T	+A/+A	1	27	96.43%	1	2	25	44	0.98	1	1	1	0	17	10	+A
I	2174555	C	*/-A	9	6	33.33%	2	2	34	32	0.98	1	1	5	4	2	4	-A
I	2174555	C	*/-AA	9	2	11.11%	2	1	34	55	0.98	1	1	5	4	2	0	-A
I	2178948	C	*/+A	29	3	9.38%	2	2	42	49	0.98	1	1	25	4	2	1	+A
I	2227934	C	*/+AAA	11	2	15.38%	2	1	36	49	0.98	1	1	7	4	0	2	+AAA
I	2227936	T	*/+AAA	2	3	33.33%	1	2	31	33	0.98	1	1	2	0	2	1	+AAA
I	2231735	C	*/-A	16	4	19.05%	2	2	53	34	0.98	1	1	9	7	1	3	-A
I	2232167	C	*/+A	23	2	8%	2	2	43	31	0.98	1	1	10	13	1	1	+A
I	2245479	T	*/+C	10	14	42.42%	2	2	50	45	0.98	1	1	4	6	4	10	+C
I	2245479	T	*/+CC	10	2	6.06%	2	2	50	37	0.98	1	1	4	6	1	1	+C
I	2245479	T	*/+CCC	10	4	12.12%	2	1	50	36	0.98	1	1	4	6	0	4	+CCC
I	2245479	T	*/+CCCCC	10	2	6.06%	2	1	50	31	0.98	1	1	4	6	0	2	+CCC
I	2273201	T	*/-AA	11	2	15.38%	2	2	41	37	0.98	1	1	8	3	1	1	-AA
I	2288240	C	-G/-G	0	32	100%	0	2	0	51	0.98	0	1	0	0	14	18	-G
I	2292331	C	*/-T	9	2	18.18%	2	2	36	42	0.98	1	1	8	1	1	1	-T
I	2322636	C	*/-A	29	6	14.63%	2	1	40	37	0.98	1	1	27	2	6	0	-A
I	2327021	C	*/+A	14	2	11.76%	2	2	39	31	0.98	1	1	7	7	1	1	+A
I	2343703	G	+A/+A	0	16	100%	0	2	0	49	0.98	0	1	0	0	6	10	+A
I	2397149	G	*/+T	20	3	13.04%	2	2	48	33	0.98	1	1	9	11	2	1	+T
I	2421576	A	-C/-C	1	12	92.31%	1	2	37	46	0.98	1	1	1	0	6	6	-C
I	2443651	C	*/-A	15	3	16.67%	2	2	46	49	0.98	1	1	13	2	2	1	-A
I	2499149	A	-T/-T	7	26	78.79%	1	2	44	47	0.98	1	1	7	0	11	15	-T
I	2502628	T	*/-A	24	2	7.69%	2	1	51	74	0.98	1	1	11	13	2	0	-A
I	2507462	T	+A/+A	3	17	85%	2	2	49	47	0.98	1	1	1	2	10	7	+A
I	2510060	T	+A/+A	3	15	83.33%	1	2	37	42	0.98	1	1	0	3	12	3	+A
I	2520612	G	*/-T	31	2	6.06%	2	1	50	42	0.98	1	1	18	13	0	2	-T
I	2525300	T	*/-A	20	5	17.86%	2	2	49	46	0.98	1	1	12	8	1	4	-A
I	2525300	T	*/+A	20	2	7.14%	2	1	49	74	0.98	1	1	12	8	0	2	-A
I	2525713	C	*/-T	21	5	15.15%	2	2	41	51	0.98	1	1	15	6	3	2	-T
I	2525713	C	*/-TT	21	5	15.15%	2	2	41	41	0.98	1	1	15	6	4	1	-T
I	2525713	C	*/+T	21	2	6.06%	2	2	41	37	0.98	1	1	15	6	1	1	-T
I	2556742	T	*/-G	11	2	15.38%	2	1	41	36	0.98	1	1	9	2	0	2	-G
I	2556743	G	*/-A	10	2	16.67%	1	1	37	37	0.98	1	1	10	0	2	0	-A
I	2577565	A	*/-T	31	2	6.06%	2	1	48	37	0.98	1	1	13	18	0	2	-T
I	2578262	T	*/-A	22	3	12%	2	1	47	53	0.98	1	1	12	10	0	3	-A
I	2588021	C	+A/+A	0	14	100%	0	2	0	45	0.98	0	1	0	0	7	7	+A
I	2588066	C	+A/+A	0	17	100%	0	2	0	45	0.98	0	1	0	0	8	9	+A
I	2594263	C	+T/+T	0	16	94.12%	0	2	0	50	0.98	0	1	0	0	7	9	+T
I	2594324	T	+A/+A	1	20	95.24%	1	2	74	55	0.98	1	1	0	1	7	13	+A
I	2594351	T	+A/+A	0	18	100%	0	2	0	52	0.98	0	1	0	0	7	11	+A
I	2594391	A	+T/+T	0	16	100%	0	2	0	50	0.98	0	1	0	0	6	10	+T
I	2605777	C	*/-A	31	2	5.56%	2	1	41	37	0.98	1	1	8	23	0	2	-A
I	2605777	C	*/+A	31	3	8.33%	2	1	41	25	0.98	1	1	8	23	0	3	+A
I	2605860	G	-T/-T	4	31	88.57%	1	2	37	40	0.98	1	1	0	4	6	25	-T
I	2607669	A	+T/+T	2	35	94.59%	2	2	55	49	0.98	1	1	1	1	26	9	+T
I	2641998	C	*/+T	5	6	50%	1	2	28	36	0.98	1	1	5	0	5	1	+T
I	2678342	A	*/+T	26	3	10%	2	1	47	37	0.98	1	1	14	12	3	0	+T
I	2683902	T	-C/-C	1	23	95.83%	1	2	37	49	0.98	1	1	0	1	10	13	-C
I	2689254	A	*/+T	14	3	16.67%	2	1	44	37	0.98	1	1	8	6	3	0	+T
I	2747027	T	*/-A	11	5	26.32%	2	2	43	51	0.98	1	1	8	3	1	4	-A
I	2751236	T	-A/-A	2	24	80%	1	2	55	48	0.98	1	1	2	0	14	10	-A
I	2751236	T	*/-AA	2	3	10%	1	1	55	37	0.98	1	1	2	0	0	3	-A
I	2759871	T	+C/+C	1	9	81.82%	1	2	37	42	0.98	1	1	1	0	3	6	+C
I	2801921	G	*/+A	13	2	11.76%	2	2	53	68	0.98	1	1	7	6	1	1	+A
I	2812650	C	*/-T	13	2	12.5%	2	1	39	37	0.98	1	1	9	4	2	0	-T
I	2830268	G	*/+T	21	2	8.7%	2	1	42	55	0.98	1	1	11	10	2	0	+T
I	2876870	C	*/-T	14	2	12.5%	2	2	40	55	0.98	1	1	5	9	1	1	-T
I	2958937	G	*/-A	17	3	14.29%	2	2	40	45	0.98	1	1	13	4	1	2	-A
I	2959752	A	*/-T	3	2	33.33%	1	1	41	37	0.98	1	1	3	0	2	0	-T
I	2960782	C	*/+T	13	12	46.15%	2	2	38	42	0.98	1	1	4	9	7	5	+T
I	2974682	T	*/-A	28	2	6.67%	2	1	43	42	0.98	1	1	19	9	2	0	-A
I	3033347	C	*/-T	22	6	20%	2	2	38	47	0.98	1	1	18	4	4	2	-T
I	3125118	A	+T/+T	0	17	100%	0	2	0	45	0.98	0	1	0	0	10	7	+T
I	3144699	T	*/-A	12	2	13.33%	2	1	40	42	0.98	1	1	7	5	0	2	-A
I	3159187	C	*/-CA	59	10	14.29%	2	2	52	51	0.98	1	1	26	33	6	4	-CA
I	3159994	C	*/-T	74	7	8.05%	2	1	41	42	0.98	1	1	56	18	7	0	-T
I	3159994	C	*/+T	74	5	5.75%	2	2	41	44	0.98	1	1	56	18	4	1	-T
I	3166776	G	*/+TT	5	5	21.74%	2	2	49	39	0.98	1	1	4	1	2	3	+TT
I	3166776	G	*/+TTT	5	11	47.83%	2	2	49	51	0.98	1	1	4	1	7	4	+TTT
I	3178494	C	+T/+T	2	24	92.31%	1	2	37	44	0.98	1	1	2	0	13	11	+T
I	3184255	T	*/-A	16	4	19.05%	2	2	43	40	0.98	1	1	8	8	2	2	-A
I	3197528	A	+G/+G	0	36	97.3%	0	2	0	46	0.98	0	1	0	0	20	16	+G
I	3299997	G	*/+A	29	2	6.25%	2	2	43	31	0.98	1	1	25	4	1	1	+A
I	3380404	C	*/-A	19	2	8.33%	2	1	43	55	0.98	1	1	15	4	2	0	-A
I	3380404	C	*/+A	19	2	8.33%	2	1	43	37	0.98	1	1	15	4	2	0	-A
I	3404612	C	*/-T	5	5	41.67%	2	2	42	46	0.98	1	1	4	1	3	2	-T
I	3404991	C	*/-T	7	4	36.36%	2	1	40	37	0.98	1	1	5	2	4	0	-T
I	3410124	A	*/-T	18	4	18.18%	2	2	48	46	0.98	1	1	7	11	2	2	-T
I	3450130	G	-T/-T	0	23	100%	0	2	0	42	0.98	0	1	0	0	16	7	-T
I	3460318	T	+C/+C	0	12	100%	0	2	0	45	0.98	0	1	0	0	8	4	+C
I	3460476	G	*/+A	17	2	10%	2	2	40	42	0.98	1	1	10	7	1	1	+A
I	3462650	A	*/-T	10	4	28.57%	2	2	42	52	0.98	1	1	3	7	1	3	-T
I	3477396	C	*/-A	13	2	12.5%	2	2	47	74	0.98	1	1	8	5	1	1	-A
I	3538413	A	+T/+T	0	26	100%	0	2	0	47	0.98	0	1	0	0	10	16	+T
I	3538428	G	+T/+T	1	26	96.3%	1	2	37	45	0.98	1	1	0	1	8	18	+T
I	3538436	T	+A/+A	2	22	91.67%	2	2	49	46	0.98	1	1	1	1	7	15	+A
I	3538449	T	+TA/+TA	0	23	100%	0	2	0	43	0.98	0	1	0	0	8	15	+TA
I	3538456	A	+AT/+AT	0	23	100%	0	2	0	44	0.98	0	1	0	0	8	15	+AT
I	3547852	G	*/+A	16	2	10.53%	2	1	40	37	0.98	1	1	6	10	2	0	+A
I	3574812	C	*/+A	14	2	11.76%	2	1	43	37	0.98	1	1	6	8	2	0	+A
I	3576627	C	*/-T	2	2	50%	2	1	28	55	0.98	1	1	1	1	2	0	-T
I	3576756	T	*/+TCTTCTC	1	2	28.57%	1	2	37	37	0.98	1	1	0	1	1	1	C
I	3576929	C	+T/+T	1	15	93.75%	1	2	25	49	0.98	1	1	1	0	8	7	+T
I	3578504	A	+T/+T	1	10	83.33%	1	2	25	44	0.98	1	1	1	0	4	6	+T
I	3580034	C	*/+TT	5	2	25%	1	1	39	25	0.98	1	1	5	0	0	2	+TT
I	3589971	G	*/+A	27	2	6.9%	2	1	45	37	0.98	1	1	19	8	2	0	+A
I	3609896	T	*/-A	8	3	25%	2	2	34	49	0.98	1	1	5	3	1	2	-A
I	3659724	C	*/-T	35	4	9.3%	2	2	41	46	0.98	1	1	28	7	2	2	-T
I	3659724	C	*/+T	35	3	6.98%	2	2	41	44	0.98	1	1	28	7	2	1	-T
I	3661154	A	*/+T	16	2	11.11%	2	2	40	55	0.98	1	1	9	7	1	1	+T
I	3665610	G	+C/+C	1	51	98.08%	1	2	37	43	0.98	1	1	0	1	22	29	+C
I	3700385	T	*/+A	6	2	8.7%	2	2	49	49	0.98	1	1	5	1	1	1	+A
I	3700385	T	*/+AA	6	11	47.83%	2	2	49	41	0.98	1	1	5	1	3	8	+AA
I	3700385	T	*/+AAA	6	2	8.7%	2	2	49	42	0.98	1	1	5	1	1	1	+AA
I	3730369	A	+T/+T	2	17	89.47%	2	2	31	40	0.98	1	1	1	1	8	9	+T
I	3736299	G	*/+ACTGCTATA	29	2	6.45%	2	1	38	37	0.98	1	1	11	18	2	0	+ACTGCTATA
I	3756354	A	*/-AT	10	2	16.67%	2	2	52	42	0.98	1	1	6	4	1	1	-AT
I	3765328	C	*/+T	5	14	70%	2	2	37	36	0.98	1	1	4	1	12	2	+T
I	3765366	T	*/-A	14	3	17.65%	2	2	41	37	0.98	1	1	7	7	2	1	-A
I	3776888	C	*/-T	13	3	15%	2	1	40	40	0.98	1	1	10	3	3	0	-T
I	3776888	C	*/+T	13	2	10%	2	1	40	29	0.98	1	1	10	3	2	0	-T
I	3776933	G	+A/+A	2	16	80%	1	2	37	38	0.98	1	1	2	0	5	11	+A
I	3780695	G	*/+GTGGTA	54	6	10%	2	2	45	55	0.98	1	1	13	41	3	3	+GTGGTA
I	3785886	G	*/-TATAT	42	17	28.81%	2	2	48	45	0.98	1	1	14	28	3	14	-TATAT
I	3825510	G	*/-T	12	4	25%	2	2	39	43	0.98	1	1	7	5	3	1	-T
I	3830510	A	+T/+T	2	23	92%	1	2	55	44	0.98	1	1	2	0	13	10	+T
I	3846638	G	-C/-C	0	39	100%	0	2	0	54	0.98	0	1	0	0	21	18	-C
I	3848002	C	*/-A	18	2	9.52%	2	1	45	42	0.98	1	1	12	6	0	2	-A
I	3850523	C	*/-T	17	2	8.33%	2	2	40	61	0.98	1	1	9	8	1	1	-T
I	3850523	C	*/+T	17	4	16.67%	2	2	40	37	0.98	1	1	9	8	3	1	+T
I	3855790	G	-T/-T	2	16	88.89%	2	2	55	43	0.98	1	1	1	1	9	7	-T
I	3866132	G	*/+TA	15	2	11.11%	2	2	42	55	0.98	1	1	7	8	1	1	+TA
I	3870142	A	*/-C	14	2	9.52%	2	2	50	55	0.98	1	1	8	6	1	1	-C
I	3870142	A	*/+C	14	4	19.05%	2	2	50	34	0.98	1	1	8	6	2	2	+C
I	3870612	T	*/+A	20	2	9.09%	2	1	51	61	0.98	1	1	6	14	2	0	+A
I	3878306	T	*/-A	13	2	12.5%	2	1	50	31	0.98	1	1	6	7	2	0	-A
I	3878970	G	*/+CCATA	40	4	9.09%	2	1	52	37	0.98	1	1	17	23	4	0	+CCATA
I	3879465	T	*/-A	20	2	8.7%	2	2	43	74	0.98	1	1	10	10	1	1	-A
I	3898271	C	*/-A	28	4	12.12%	2	2	44	46	0.98	1	1	16	12	1	3	-A
I	3940025	G	+T/+T	2	20	86.96%	2	2	49	51	0.98	1	1	1	1	5	15	+T
I	3992212	A	*/-AC	24	3	11.11%	2	2	47	45	0.98	1	1	4	20	1	2	-AC
I	3992213	A	*/-C	17	7	29.17%	2	2	45	40	0.98	1	1	3	14	1	6	-C
I	4004016	G	*/-T	12	10	41.67%	2	2	51	52	0.98	1	1	7	5	7	3	-T
I	4010237	A	*/+GGG	12	2	12.5%	1	1	43	37	0.98	1	1	12	0	2	0	+GGG
I	4055052	T	*/+A	6	16	69.57%	2	2	47	43	0.98	1	1	5	1	12	4	+A
I	4098272	C	*/-T	21	2	8.7%	2	1	46	37	0.98	1	1	15	6	2	0	-T
I	4137001	T	*/+A	27	3	9.68%	2	2	38	28	0.98	1	1	22	5	2	1	+A
I	4143587	C	*/-TA	27	2	6.9%	2	1	48	49	0.98	1	1	10	17	0	2	-TA
I	4153651	C	*/+T	8	9	45%	2	2	41	40	0.98	1	1	6	2	7	2	+T
I	4179701	C	*/+T	8	4	28.57%	2	2	34	39	0.98	1	1	7	1	2	2	+T
I	4212540	T	*/+A	36	2	5.26%	2	2	43	55	0.98	1	1	18	18	1	1	+A
I	4222387	C	*/+T	17	3	15%	2	2	48	37	0.98	1	1	9	8	1	2	+T
I	4232991	G	*/+GATA	8	24	66.67%	2	2	41	39	0.98	1	1	2	6	16	8	+GATA
I	4239381	C	*/-T	19	2	9.09%	2	2	46	74	0.98	1	1	5	14	1	1	-T
I	4241118	G	*/-A	9	8	38.1%	2	2	46	49	0.98	1	1	6	3	6	2	-A
I	4241118	G	*/+A	9	3	14.29%	2	1	46	40	0.98	1	1	6	3	3	0	-A
I	4276890	G	+T/+T	4	16	76.19%	2	2	39	42	0.98	1	1	3	1	11	5	+T
I	4304169	G	+A/+A	1	8	88.89%	1	2	37	44	0.98	1	1	0	1	5	3	+A
I	4374342	A	-G/-G	0	47	100%	0	2	0	50	0.98	0	1	0	0	30	17	-G
I	4386268	G	*/+A	3	3	37.5%	2	2	53	44	0.98	1	1	2	1	1	2	+A
I	4393960	C	*/+T	21	2	8.7%	2	1	43	55	0.98	1	1	10	11	2	0	+T
I	4394766	C	*/+A	16	2	11.11%	2	1	43	37	0.98	1	1	9	7	0	2	+A
I	4407494	T	+G/+G	1	35	89.74%	1	2	37	52	0.98	1	1	1	0	14	21	+G
I	4410191	C	-G/-G	2	18	90%	1	2	37	43	0.98	1	1	2	0	9	9	-G
I	4414201	C	*/-T	3	6	46.15%	2	2	41	35	0.98	1	1	1	2	5	1	-T
I	4414201	C	*/-TT	3	4	30.77%	2	2	41	43	0.98	1	1	1	2	3	1	-T
I	4414723	T	*/+AAAA	6	2	20%	1	2	37	42	0.98	1	1	6	0	1	1	+AAAA
I	4431856	G	+A/+A	1	52	98.11%	1	2	37	48	0.98	1	1	0	1	19	33	+A
I	4431868	C	+A/+A	5	45	90%	2	2	54	45	0.98	1	1	3	2	17	28	+A
I	4455149	G	+A/+A	2	10	83.33%	1	2	61	47	0.98	1	1	2	0	9	1	+A
I	4514478	T	*/-A	15	2	11.11%	2	2	43	55	0.98	1	1	11	4	1	1	-A
I	4585129	C	*/+T	18	4	18.18%	2	2	46	52	0.98	1	1	13	5	1	3	+T
I	4604649	C	*/-T	8	2	18.18%	2	1	42	37	0.98	1	1	6	2	2	0	-T
I	4648145	G	*/+T	18	5	18.52%	2	2	37	34	0.98	1	1	14	4	3	2	+T
I	4648145	G	*/+TT	18	3	11.11%	2	2	37	45	0.98	1	1	14	4	2	1	+T
I	4648159	T	*/-G	17	6	24%	2	2	40	53	0.98	1	1	11	6	4	2	-G
I	4648159	T	*/-GG	17	2	8%	2	1	40	37	0.98	1	1	11	6	0	2	-G
I	4658978	C	*/-A	26	2	7.14%	2	2	39	37	0.98	1	1	16	10	1	1	-A
I	4721875	G	+A/+A	0	13	92.86%	0	2	0	42	0.98	0	1	0	0	7	6	+A
I	4733668	G	*/-A	16	3	15.79%	2	1	38	37	0.98	1	1	13	3	3	0	-A
I	4760698	T	*/-A	18	2	10%	2	2	47	37	0.98	1	1	10	8	1	1	-A
I	4764253	G	*/-A	14	2	5.56%	2	1	42	55	0.98	1	1	12	2	0	2	A
I	4764253	G	*/+A	14	15	41.67%	2	2	42	41	0.98	1	1	12	2	9	6	+A
I	4764253	G	*/+AA	14	3	8.33%	2	2	42	61	0.98	1	1	12	2	2	1	+A
I	4781861	G	*/-T	27	2	6.25%	2	2	43	55	0.98	1	1	11	16	1	1	-T
I	4781861	G	*/+T	27	2	6.25%	2	2	43	55	0.98	1	1	11	16	1	1	-T
I	4852788	T	*/+A	16	3	15.79%	2	2	48	49	0.98	1	1	5	11	2	1	+A
I	4901397	C	*/+T	44	8	15.38%	2	2	41	50	0.98	1	1	17	27	3	5	+T
I	4911431	G	*/+TT	12	2	13.33%	1	1	36	37	0.98	1	1	12	0	2	0	+TT
I	4912259	A	*/-T	30	3	9.09%	2	2	46	45	0.98	1	1	13	17	2	1	-T
I	4916623	C	*/-A	16	2	8.33%	2	2	47	55	0.98	1	1	8	8	1	1	-A
I	4916623	C	*/-AA	16	3	12.5%	2	2	47	53	0.98	1	1	8	8	1	2	-AA
I	4916623	C	*/+A	16	3	12.5%	2	1	47	37	0.98	1	1	8	8	3	0	-AA
I	4926045	T	*/+A	22	2	8.33%	2	1	43	37	0.98	1	1	15	7	0	2	+A
I	4926046	C	*/+T	7	8	42.11%	2	1	35	40	0.98	1	1	6	1	8	0	+T
I	4978355	A	*/+T	19	3	13.64%	2	2	37	61	0.98	1	1	11	8	1	2	+T
I	4983718	A	*/+G	18	2	9.52%	2	1	39	31	0.98	1	1	13	5	2	0	+G
I	4984784	A	*/-T	11	4	20%	2	2	51	43	0.98	1	1	6	5	3	1	-T
I	4984784	A	*/-TT	11	3	15%	2	2	51	33	0.98	1	1	6	5	1	2	-T
I	4984784	A	*/+T	11	2	10%	2	1	51	55	0.98	1	1	6	5	2	0	-T
I	5055030	G	*/+A	31	2	5.88%	2	2	42	49	0.98	1	1	10	21	1	1	+A
I	5060109	A	*/-T	14	6	30%	2	2	49	43	0.98	1	1	10	4	4	2	-T
I	5078848	G	*/-A	16	3	14.29%	2	2	39	61	0.98	1	1	8	8	1	2	-A
I	5078848	G	*/+A	16	2	9.52%	2	1	39	49	0.98	1	1	8	8	0	2	-A
I	5096442	G	*/-T	6	3	25%	2	2	43	33	0.98	1	1	5	1	2	1	-T
I	5142627	A	+G/+G	2	25	92.59%	2	2	31	39	0.98	1	1	1	1	16	9	+G
I	5148414	T	-A/-A	0	42	100%	0	2	0	47	0.98	0	1	0	0	23	19	-A
I	5155608	C	*/-A	7	2	15.38%	1	2	32	37	0.98	1	1	7	0	1	1	-A
I	5155608	C	*/+A	7	2	15.38%	1	2	32	55	0.98	1	1	7	0	1	1	-A
I	5158148	C	*/+T	25	2	7.41%	2	2	50	74	0.98	1	1	8	17	1	1	+T
I	5160247	C	+TT/+TT	0	8	100%	0	2	0	44	0.98	0	1	0	0	3	5	+TT
I	5173087	C	+T/+T	5	15	75%	1	2	51	43	0.98	1	1	5	0	6	9	+T
I	5173430	G	*/+T	8	17	65.38%	2	2	44	38	0.98	1	1	5	3	8	9	+T
I	5176926	T	+A/+A	3	13	76.47%	2	2	49	38	0.98	1	1	2	1	8	5	+A
I	5181832	G	*/+T	19	3	13.64%	2	2	45	53	0.98	1	1	9	10	2	1	+T
I	5266596	A	*/-T	26	6	18.18%	2	1	41	43	0.98	1	1	18	8	6	0	-T
I	5270652	A	*/-T	19	2	9.52%	2	1	50	37	0.98	1	1	3	16	0	2	-T
I	5322005	G	+T/+T	0	10	90.91%	0	2	0	44	0.98	0	1	0	0	6	4	+T
I	5352025	G	*/-T	24	2	7.41%	2	1	47	68	0.98	1	1	13	11	0	2	-T
I	5368262	T	-C/-C	8	44	84.62%	2	2	50	50	0.98	1	1	4	4	16	28	-C
I	5368273	G	+T/+T	2	53	96.36%	1	2	37	48	0.98	1	1	0	2	22	31	+T
I	5426622	C	+T/+T	5	26	83.87%	1	2	51	47	0.98	1	1	5	0	19	7	+T
I	5456558	G	*/-T	17	2	10.53%	2	1	39	31	0.98	1	1	8	9	0	2	-T
I	5509333	T	*/+A	19	2	9.09%	2	2	51	74	0.98	1	1	13	6	1	1	+A
I	5547223	T	*/-A	12	2	13.33%	2	2	45	55	0.98	1	1	9	3	1	1	-A
I	5555289	T	*/-A	6	2	25%	2	1	43	74	0.98	1	1	3	3	0	2	-A
I	5557287	A	*/+T	7	2	18.18%	2	2	43	49	0.98	1	1	6	1	1	1	+T
I	5559365	C	*/-T	5	2	25%	2	2	44	37	0.98	1	1	3	2	1	1	-T
I	5562426	A	*/-T	28	2	6.25%	2	2	48	55	0.98	1	1	14	14	1	1	-T
I	5562426	A	*/+T	28	2	6.25%	2	2	48	37	0.98	1	1	14	14	1	1	-T
I	5567937	C	*/-A	21	5	16.67%	2	1	44	37	0.98	1	1	15	6	5	0	-A
I	5567937	C	*/-AA	21	3	10%	2	2	44	37	0.98	1	1	15	6	2	1	-A
I	5570823	C	*/-A	8	3	23.08%	2	1	42	37	0.98	1	1	7	1	3	0	-A
I	5573647	T	*/-C	37	2	5.13%	2	2	43	37	0.98	1	1	19	18	1	1	-C
I	5576850	T	*/-AA	12	10	43.48%	2	2	46	40	0.98	1	1	8	4	6	4	-AA
II	5299	G	*/-T	15	3	16.67%	2	2	47	49	0.98	1	1	7	8	1	2	-T
II	7268	G	*/-T	19	2	9.52%	2	1	41	37	0.98	1	1	11	8	2	0	-T
II	15830	T	*/+A	6	2	22.22%	2	1	41	37	0.98	1	1	4	2	2	0	+A
II	21982	C	*/-AT	43	4	8.51%	2	2	45	34	0.98	1	1	15	28	3	1	-AT
II	23557	G	*/-A	4	2	28.57%	2	1	40	37	0.98	1	1	3	1	2	0	-A
II	24648	A	*/-T	14	2	12.5%	2	1	44	74	0.98	1	1	8	6	0	2	-T
II	113240	T	*/-A	12	4	25%	2	2	45	31	0.98	1	1	8	4	2	2	-A
II	128001	T	-A/-A	0	13	100%	0	2	0	49	0.98	0	1	0	0	5	8	-A
II	146079	T	-C/-C	4	30	88.24%	2	2	43	46	0.98	1	1	1	3	11	19	-C
II	201022	A	*/-T	20	2	8.7%	2	1	46	31	0.98	1	1	5	15	0	2	-T
II	226847	C	*/+A	26	2	6.9%	2	2	52	55	0.98	1	1	9	17	1	1	+A
II	229897	A	*/-T	21	6	19.35%	2	1	42	35	0.98	1	1	16	5	6	0	-T
II	229897	A	*/+T	21	3	9.68%	2	2	42	53	0.98	1	1	16	5	2	1	-T
II	257643	C	*/-T	29	2	6.45%	2	1	37	48	0.98	1	1	23	6	0	2	-T
II	355454	T	*/+A	31	2	6.06%	2	2	46	74	0.98	1	1	6	25	1	1	+A
II	365357	C	*/+T	14	2	12.5%	2	1	38	31	0.98	1	1	10	4	0	2	+T
II	383156	C	*/-T	38	3	7.14%	2	2	43	45	0.98	1	1	26	12	1	2	-T
II	410085	C	*/-T	14	5	25%	2	2	43	48	0.98	1	1	12	2	2	3	-T
II	465500	C	*/+T	9	2	18.18%	2	2	41	68	0.98	1	1	4	5	1	1	+T
II	484534	A	*/+T	5	11	68.75%	2	2	44	47	0.98	1	1	4	1	3	8	+T
II	488911	A	*/+T	27	2	6.9%	2	2	54	42	0.98	1	1	17	10	1	1	+T
II	516071	T	*/-A	18	5	20%	2	2	49	44	0.98	1	1	10	8	2	3	-A
II	516071	T	*/+A	18	2	8%	2	1	49	74	0.98	1	1	10	8	0	2	-A
II	521731	G	*/-T	27	6	17.65%	2	2	45	55	0.98	1	1	14	13	3	3	-T
II	565295	C	*/+A	35	2	5.41%	2	1	48	55	0.98	1	1	15	20	2	0	+A
II	577759	A	*/+CTATG	32	27	45.76%	2	2	51	51	0.98	1	1	10	22	9	18	+CTATG
II	602525	T	*/+A	24	2	7.69%	2	1	46	55	0.98	1	1	13	11	2	0	+A
II	603279	A	-T/-T	0	8	100%	0	2	0	50	0.98	0	1	0	0	7	1	-T
II	603305	A	-C/-C	0	17	100%	0	2	0	47	0.98	0	1	0	0	7	10	-C
II	641324	T	*/+A	36	2	5.26%	2	2	44	55	0.98	1	1	19	17	1	1	+A
II	673086	G	*/-A	6	2	16.67%	1	1	37	37	0.98	1	1	6	0	2	0	-A
II	700009	T	-A/-A	2	23	92%	1	2	37	45	0.98	1	1	0	2	11	12	-A
II	716295	G	*/-T	18	6	21.43%	2	2	41	41	0.98	1	1	10	8	3	3	-T
II	716295	G	*/+T	18	3	10.71%	2	1	41	37	0.98	1	1	10	8	3	0	-T
II	753854	A	*/-T	12	2	11.76%	2	1	39	31	0.98	1	1	10	2	2	0	-T
II	753854	A	*/+T	12	2	11.76%	2	1	39	37	0.98	1	1	10	2	2	0	-T
II	756993	C	*/-T	17	3	12%	2	2	45	37	0.98	1	1	8	9	1	2	-T
II	756993	C	*/+T	17	5	20%	2	2	45	42	0.98	1	1	8	9	3	2	+T
II	758146	G	*/-T	29	2	6.45%	2	2	46	55	0.98	1	1	12	17	1	1	-T
II	847509	T	*/-A	19	2	9.52%	2	1	42	55	0.98	1	1	7	12	2	0	-A
II	888599	A	-C/-C	0	11	100%	0	2	0	51	0.98	0	1	0	0	5	6	-C
II	890578	C	*/-T	20	3	12.5%	2	2	39	49	0.98	1	1	15	5	2	1	-T
II	903106	G	+T/+T	0	29	100%	0	2	0	49	0.98	0	1	0	0	9	20	+T
II	962149	G	*/+A	14	2	12.5%	2	1	36	37	0.98	1	1	2	12	2	0	+A
II	965516	T	*/-C	18	2	10%	2	1	43	37	0.98	1	1	10	8	0	2	-C
II	980334	T	*/+A	28	2	6.67%	2	1	44	37	0.98	1	1	12	16	0	2	+A
II	997671	G	*/-CAACAACAA	13	3	17.65%	2	2	45	61	0.98	1	1	6	7	1	2	-CAACAACAA
II	1019510	T	*/-A	4	13	68.42%	2	2	37	48	0.98	1	1	3	1	6	7	-A
II	1069791	C	*/-A	26	2	6.25%	2	1	49	55	0.98	1	1	18	8	2	0	-A
II	1069791	C	*/+A	26	4	12.5%	2	1	49	36	0.98	1	1	18	8	4	0	+A
II	1079843	T	+A/+A	2	20	83.33%	1	2	68	43	0.98	1	1	2	0	8	12	+A
II	1079843	T	*/+AA	2	2	8.33%	1	2	68	55	0.98	1	1	2	0	1	1	+A
II	1088167	T	*/+A	27	2	6.9%	2	1	45	37	0.98	1	1	17	10	0	2	+A
II	1122580	C	*/+T	42	3	6.38%	2	2	46	61	0.98	1	1	29	13	2	1	+T
II	1155770	A	*/+C	32	2	5.88%	2	1	49	37	0.98	1	1	26	6	2	0	+C
II	1163154	A	-T/-T	2	19	90.48%	2	2	37	47	0.98	1	1	1	1	13	6	-T
II	1187785	G	*/-T	24	4	14.29%	2	2	40	55	0.98	1	1	9	15	1	3	-T
II	1205291	A	*/+T	12	2	13.33%	2	1	45	37	0.98	1	1	9	3	2	0	+T
II	1266289	T	+A/+A	3	9	75%	1	2	61	41	0.98	1	1	3	0	3	6	+A
II	1266955	G	*/-GA	62	7	9.72%	2	2	48	38	0.98	1	1	32	30	3	4	-GA
II	1277481	G	*/+TT	6	4	25%	2	2	35	40	0.98	1	1	5	1	2	2	+TT
II	1300076	A	*/-GAT	32	2	5.88%	2	2	51	61	0.98	1	1	18	14	1	1	-GAT
II	1308618	G	-T/-T	7	38	84.44%	2	2	47	48	0.98	1	1	5	2	22	16	-T
II	1313007	G	*/+A	17	2	10.53%	2	1	45	37	0.98	1	1	11	6	2	0	+A
II	1349040	A	*/-T	15	2	10.53%	2	2	42	55	0.98	1	1	9	6	1	1	-T
II	1349040	A	*/+T	15	2	10.53%	2	1	42	37	0.98	1	1	9	6	2	0	-T
II	1365999	G	*/-T	20	7	24.14%	2	2	45	46	0.98	1	1	9	11	1	6	-T
II	1389139	C	*/+T	6	8	47.06%	2	2	42	35	0.98	1	1	4	2	6	2	+T
II	1389139	C	*/+TT	6	2	11.76%	2	1	42	37	0.98	1	1	4	2	2	0	+T
II	1467485	C	*/-T	10	3	21.43%	2	2	39	49	0.98	1	1	6	4	2	1	-T
II	1506840	T	*/-A	15	2	11.11%	2	1	44	37	0.98	1	1	7	8	2	0	-A
II	1554361	C	*/-T	20	2	8.7%	2	1	40	31	0.98	1	1	10	10	2	0	-T
II	1555919	A	*/+TTTATT	5	6	54.55%	2	2	32	53	0.98	1	1	3	2	5	1	+TTTATT
II	1588934	A	*/+AT	5	2	28.57%	1	1	46	74	0.98	1	1	5	0	0	2	+AT
II	1588936	G	*/+AA	1	2	25%	1	1	37	51	0.98	1	1	1	0	2	0	A
II	1599516	C	*/+T	25	2	7.14%	2	2	44	31	0.98	1	1	16	9	1	1	+T
II	1613132	A	*/+AT	20	2	9.09%	2	1	46	49	0.98	1	1	7	13	0	2	+AT
II	1613166	A	*/+CATT	31	4	11.43%	2	1	45	37	0.98	1	1	21	10	0	4	+CATT
II	1627981	C	*/-T	16	3	15.79%	2	2	45	56	0.98	1	1	10	6	1	2	-T
II	1634711	T	*/+AATG	33	3	8.33%	2	1	44	37	0.98	1	1	9	24	3	0	+AATG
II	1644854	C	*/+T	28	2	6.67%	2	1	51	55	0.98	1	1	11	17	2	0	+T
II	1682725	G	+T/+T	3	18	85.71%	2	2	61	42	0.98	1	1	1	2	12	6	+T
II	1709150	G	*/-T	21	2	8.7%	2	2	55	31	0.98	1	1	11	10	1	1	-T
II	1716256	G	*/+T	25	9	25%	2	1	38	37	0.98	1	1	21	4	9	0	+T
II	1716287	T	*/-G	33	9	21.43%	2	1	45	52	0.98	1	1	19	14	0	9	-G
II	1747580	T	+A/+A	2	17	89.47%	1	2	55	44	0.98	1	1	0	2	12	5	+A
II	1755439	C	+T/+T	4	29	82.86%	2	2	31	43	0.98	1	1	3	1	11	18	+T
II	1763419	T	*/-A	12	3	18.75%	2	2	47	33	0.98	1	1	6	6	1	2	-A
II	1818108	C	*/-T	6	4	26.67%	2	2	38	36	0.98	1	1	3	3	3	1	-T
II	1818108	C	*/-TT	6	2	13.33%	2	1	38	37	0.98	1	1	3	3	2	0	-T
II	1818108	C	*/+T	6	2	13.33%	2	2	38	56	0.98	1	1	3	3	1	1	-T
II	1861420	T	-G/-G	1	25	96.15%	1	2	25	52	0.98	1	1	1	0	16	9	-G
II	1867795	A	+T/+T	2	15	88.24%	1	2	55	51	0.98	1	1	2	0	10	5	+T
II	1868122	G	*/+T	9	4	23.53%	1	2	34	40	0.98	1	1	9	0	3	1	+T
II	1868122	G	*/+TT	9	2	11.76%	1	2	34	42	0.98	1	1	9	0	1	1	+T
II	1873779	T	+A/+A	3	15	78.95%	1	2	37	51	0.98	1	1	0	3	8	7	+A
II	1877294	A	+T/+T	2	15	83.33%	2	2	55	46	0.98	1	1	1	1	9	6	+T
II	1922510	G	*/+A	13	2	13.33%	2	2	47	42	0.98	1	1	7	6	1	1	+A
II	1941697	A	*/-T	12	4	25%	2	2	43	43	0.98	1	1	7	5	2	2	-T
II	1941966	A	+T/+T	1	30	96.77%	1	2	74	57	0.98	1	1	1	0	14	16	+T
II	1941982	A	+T/+T	0	30	100%	0	2	0	53	0.98	0	1	0	0	14	16	+T
II	1948953	G	-A/-A	3	21	87.5%	2	2	45	42	0.98	1	1	1	2	14	7	-A
II	1950050	A	+G/+G	2	22	88%	2	2	55	47	0.98	1	1	1	1	10	12	+G
II	1953298	C	*/-CT	28	2	6.45%	2	2	42	31	0.98	1	1	17	11	1	1	-CT
II	1955495	T	+A/+A	1	23	88.46%	1	2	37	50	0.98	1	1	1	0	17	6	+A
II	1960392	A	+G/+G	0	9	100%	0	2	0	48	0.98	0	1	0	0	4	5	+G
II	1987101	C	-G/-G	0	32	100%	0	2	0	45	0.98	0	1	0	0	20	12	-G
II	1987117	T	-G/-G	0	34	100%	0	2	0	50	0.98	0	1	0	0	18	16	-G
II	2022968	A	*/-G	10	2	16.67%	2	1	42	42	0.98	1	1	3	7	0	2	-G
II	2022969	G	*/+A	4	2	22.22%	2	1	47	49	0.98	1	1	3	1	0	2	A
II	2049891	A	-T/-T	1	37	97.37%	1	2	74	49	0.98	1	1	0	1	18	19	-T
II	2053516	G	+C/+C	0	27	96.43%	0	2	0	47	0.98	0	1	0	0	9	18	+C
II	2104600	G	*/+A	23	2	7.69%	2	2	46	31	0.98	1	1	14	9	1	1	+A
II	2108180	T	+A/+A	1	18	94.74%	1	2	37	43	0.98	1	1	0	1	14	4	+A
II	2115422	T	*/+A	35	2	5.41%	2	2	48	74	0.98	1	1	15	20	1	1	+A
II	2136649	T	*/-A	26	2	7.14%	2	2	50	37	0.98	1	1	13	13	1	1	-A
II	2147726	G	+T/+T	1	20	95.24%	1	2	62	48	0.98	1	1	1	0	4	16	+T
II	2187407	G	+A/+A	1	26	92.86%	1	2	37	46	0.98	1	1	0	1	17	9	+A
II	2197587	C	*/-A	6	3	33.33%	2	2	43	49	0.98	1	1	5	1	2	1	-A
II	2198960	C	*/-A	34	2	5.56%	2	1	46	37	0.98	1	1	15	19	0	2	-A
II	2202748	C	*/+T	21	2	8.7%	2	2	42	42	0.98	1	1	8	13	1	1	+T
II	2203072	C	*/-A	19	3	13.64%	2	2	52	61	0.98	1	1	11	8	1	2	-A
II	2203175	T	*/-A	8	3	21.43%	2	1	38	37	0.98	1	1	7	1	3	0	-A
II	2203175	T	*/+A	8	3	21.43%	2	2	38	34	0.98	1	1	7	1	1	2	-A
II	2219928	A	+T/+T	2	27	90%	1	2	42	41	0.98	1	1	0	2	12	15	+T
II	2293297	G	-A/-A	0	12	100%	0	2	0	49	0.98	0	1	0	0	8	4	-A
II	2338528	G	*/-A	13	2	13.33%	2	1	35	37	0.98	1	1	11	2	2	0	-A
II	2443873	T	*/+A	5	5	26.32%	1	1	37	42	0.98	1	1	5	0	5	0	+A
II	2443873	T	*/+AA	5	8	42.11%	1	2	37	44	0.98	1	1	5	0	2	6	+AA
II	2468645	C	*/+T	18	2	10%	2	1	49	55	0.98	1	1	11	7	0	2	+T
II	2523624	C	*/-A	11	3	18.75%	1	1	35	34	0.98	1	1	11	0	3	0	-A
II	2527996	C	*/+T	9	3	23.08%	2	2	38	33	0.98	1	1	5	4	2	1	+T
II	2530542	G	*/+CTACTA	29	5	14.71%	2	2	52	37	0.98	1	1	11	18	4	1	+CTACTA
II	2552673	G	*/-T	11	3	18.75%	2	2	39	49	0.98	1	1	10	1	2	1	-T
II	2579458	C	*/-A	5	2	25%	2	2	49	37	0.98	1	1	3	2	1	1	-A
II	2591913	T	*/-A	17	3	14.29%	2	2	40	33	0.98	1	1	11	6	2	1	-A
II	2592423	T	+A/+A	4	15	78.95%	2	2	39	46	0.98	1	1	2	2	9	6	+A
II	2630607	C	+A/+A	4	23	82.14%	2	2	58	42	0.98	1	1	2	2	7	16	+A
II	2640785	T	*/+A	9	25	60.98%	2	2	48	53	0.98	1	1	7	2	10	15	+A
II	2640785	T	*/+AA	9	4	9.76%	2	1	48	37	0.98	1	1	7	2	0	4	+A
II	2647497	C	*/-T	21	3	12%	2	2	44	45	0.98	1	1	9	12	2	1	-T
II	2648349	A	*/+T	8	2	20%	2	2	55	37	0.98	1	1	3	5	1	1	+T
II	2650243	G	*/-A	34	2	5.56%	2	1	49	74	0.98	1	1	18	16	0	2	-A
II	2701957	A	+T/+T	1	11	91.67%	1	2	37	46	0.98	1	1	1	0	4	7	+T
II	2702173	G	*/-TA	23	3	11.11%	2	2	55	49	0.98	1	1	11	12	1	2	-TA
II	2709414	G	+C/+C	1	16	94.12%	1	2	37	43	0.98	1	1	0	1	12	4	+C
II	2755338	C	*/-AT	14	9	33.33%	2	2	43	38	0.98	1	1	2	12	5	4	-AT
II	2755338	C	*/-ATAT	14	3	11.11%	2	2	43	37	0.98	1	1	2	12	1	2	-AT
II	2784137	T	*/-A	19	2	9.52%	2	1	46	37	0.98	1	1	14	5	2	0	-A
II	2788933	C	+G/+G	2	33	94.29%	1	2	55	55	0.98	1	1	2	0	19	14	+G
II	2798040	C	-T/-T	0	20	100%	0	2	0	45	0.98	0	1	0	0	9	11	-T
II	2798514	A	-G/-G	1	33	97.06%	1	2	74	42	0.98	1	1	1	0	15	18	-G
II	2811495	C	-A/-A	0	26	100%	0	2	0	48	0.98	0	1	0	0	10	16	-A
II	2826100	G	*/+A	3	7	46.67%	2	2	33	33	0.98	1	1	2	1	4	3	+A
II	2826100	G	*/+AA	3	4	26.67%	2	2	33	55	0.98	1	1	2	1	2	2	+A
II	2873779	T	*/+A	18	8	29.63%	2	2	38	38	0.98	1	1	13	5	7	1	+A
II	2886386	C	*/+A	30	2	6.25%	2	1	42	68	0.98	1	1	13	17	0	2	+A
II	2894538	T	*/-A	17	3	15%	2	2	42	37	0.98	1	1	9	8	2	1	-A
II	2900889	A	*/-T	13	9	32.14%	2	2	49	45	0.98	1	1	9	4	7	2	-T
II	2900889	A	*/-TT	13	3	10.71%	2	1	49	49	0.98	1	1	9	4	3	0	-T
II	2900889	A	*/+T	13	3	10.71%	2	2	49	49	0.98	1	1	9	4	2	1	-T
II	2918170	G	*/+A	42	3	6.67%	2	1	50	37	0.98	1	1	16	26	0	3	+A
II	2937277	T	+A/+A	2	10	83.33%	1	2	55	54	0.98	1	1	2	0	4	6	+A
II	2938956	C	+T/+T	4	21	80.77%	1	2	46	40	0.98	1	1	4	0	6	15	+T
II	2965030	T	+A/+A	0	30	100%	0	2	0	46	0.98	0	1	0	0	15	15	+A
II	2988149	G	*/-T	9	6	37.5%	2	2	45	37	0.98	1	1	8	1	3	3	-T
II	3028585	C	*/-AT	21	2	8.7%	2	1	47	37	0.98	1	1	4	17	0	2	-AT
II	3040332	C	+G/+G	2	30	88.24%	2	2	37	52	0.98	1	1	1	1	17	13	+G
II	3058544	T	*/-G	5	4	40%	1	2	34	36	0.98	1	1	5	0	3	1	-G
II	3069119	C	*/+A	36	2	5.26%	2	1	43	55	0.98	1	1	18	18	2	0	+A
II	3154052	G	*/-T	22	3	10.71%	2	2	40	61	0.98	1	1	13	9	1	2	-T
II	3154052	G	*/+T	22	2	7.14%	2	2	40	49	0.98	1	1	13	9	1	1	-T
II	3171788	G	*/+A	13	3	15.79%	2	1	40	37	0.98	1	1	11	2	3	0	+A
II	3174348	T	+A/+A	0	16	100%	0	2	0	48	0.98	0	1	0	0	8	8	+A
II	3178650	C	*/+T	35	2	5.41%	2	1	43	37	0.98	1	1	16	19	2	0	+T
II	3253453	C	*/+T	4	4	40%	2	2	43	31	0.98	1	1	3	1	2	2	+T
II	3282373	T	*/-A	21	3	12%	2	2	37	49	0.98	1	1	19	2	2	1	-A
II	3375300	C	*/-T	23	2	8%	2	1	41	55	0.98	1	1	11	12	2	0	-T
II	3380128	C	*/-T	12	3	17.65%	1	1	38	53	0.98	1	1	12	0	3	0	-T
II	3380128	C	*/+T	12	2	11.76%	1	1	38	36	0.98	1	1	12	0	2	0	-T
II	3410437	G	*/-T	5	5	45.45%	2	2	47	42	0.98	1	1	4	1	2	3	-T
II	3487895	G	*/+TATTT	24	2	7.41%	2	1	45	37	0.98	1	1	17	7	2	0	+TATTT
II	3509251	T	*/+A	14	3	15.79%	2	2	40	49	0.98	1	1	9	5	1	2	+A
II	3514786	C	*/-T	15	2	10.53%	2	1	40	49	0.98	1	1	12	3	2	0	-T
II	3540057	A	*/-T	25	7	20.59%	2	2	39	42	0.98	1	1	18	7	5	2	-T
II	3556736	A	*/+T	26	2	6.9%	2	1	46	43	0.98	1	1	17	9	0	2	+T
II	3578202	T	*/-A	15	2	11.76%	2	2	48	37	0.98	1	1	4	11	1	1	-A
II	3580243	T	*/+A	36	3	7.69%	2	2	47	40	0.98	1	1	17	19	1	2	+A
II	3607420	C	*/-T	11	2	14.29%	2	2	40	49	0.98	1	1	5	6	1	1	-T
II	3619003	A	+G/+G	2	36	94.74%	1	2	37	45	0.98	1	1	0	2	15	21	+G
II	3621704	A	*/-T	18	4	16.67%	2	2	49	61	0.98	1	1	14	4	3	1	-T
II	3671319	T	*/-A	25	2	7.41%	2	1	41	37	0.98	1	1	15	10	2	0	-A
II	3715149	G	*/-A	12	2	11.76%	2	2	37	42	0.98	1	1	11	1	1	1	-A
II	3720775	C	*/-T	17	2	10.53%	2	2	50	55	0.98	1	1	11	6	1	1	-T
II	3777548	C	*/-T	15	2	11.76%	2	1	35	55	0.98	1	1	13	2	0	2	-T
II	3799349	A	*/+T	9	2	18.18%	2	1	41	43	0.98	1	1	6	3	0	2	+T
II	3799350	G	*/+A	1	5	55.56%	1	2	37	46	0.98	1	1	1	0	4	1	+A
II	3815025	C	*/-T	7	2	20%	2	2	42	48	0.98	1	1	5	2	1	1	-T
II	3838101	C	-A/-A	1	9	90%	1	2	37	39	0.98	1	1	1	0	5	4	-A
II	3838912	T	*/-A	21	6	20%	2	2	42	47	0.98	1	1	7	14	5	1	-A
II	3838912	T	*/-AA	21	2	6.67%	2	1	42	37	0.98	1	1	7	14	0	2	-A
II	3856896	A	*/-T	15	3	12.5%	2	2	42	37	0.98	1	1	8	7	2	1	-T
II	3856896	A	*/-TT	15	3	12.5%	2	2	42	37	0.98	1	1	8	7	1	2	-T
II	3856896	A	*/+T	15	2	8.33%	2	2	42	37	0.98	1	1	8	7	1	1	-T
II	3860185	C	*/-TAGTA	21	15	39.47%	2	2	52	45	0.98	1	1	3	18	7	8	-TAGTA
II	3861514	C	*/+GGG	5	2	28.57%	2	1	41	36	0.98	1	1	2	3	2	0	+GGG
II	3883700	A	*/+AT	7	2	20%	2	1	67	55	0.98	1	1	3	4	0	2	+AT
II	3954039	C	*/-T	22	6	19.35%	2	2	42	43	0.98	1	1	17	5	2	4	-T
II	3954039	C	*/+T	22	3	9.68%	2	1	42	32	0.98	1	1	17	5	3	0	-T
II	3975235	C	*/-A	11	6	18.75%	2	1	38	38	0.98	1	1	8	3	6	0	-A
II	3975235	C	*/-AA	11	3	9.38%	2	2	38	49	0.98	1	1	8	3	2	1	-A
II	3975235	C	*/+A	11	6	18.75%	2	2	38	47	0.98	1	1	8	3	4	2	+A
II	3975235	C	*/+AA	11	2	6.25%	2	2	38	37	0.98	1	1	8	3	1	1	+A
II	3980468	C	*/-T	6	3	30%	2	1	47	29	0.98	1	1	3	3	3	0	-T
II	4006982	C	*/-A	7	3	21.43%	1	2	37	53	0.98	1	1	7	0	1	2	-A
II	4006982	C	*/-AA	7	2	14.29%	1	1	37	31	0.98	1	1	7	0	0	2	-A
II	4006982	C	*/+A	7	2	14.29%	1	1	37	37	0.98	1	1	7	0	2	0	-A
II	4031460	A	*/+T	7	5	38.46%	1	2	47	51	0.98	1	1	7	0	4	1	+T
II	4061096	C	*/+T	18	2	10%	2	2	48	37	0.98	1	1	13	5	1	1	+T
II	4108814	G	*/-TA	76	5	6.17%	2	2	45	56	0.98	1	1	30	46	1	4	-TA
II	4157058	C	*/+A	3	6	66.67%	2	2	45	43	0.98	1	1	1	2	3	3	+A
II	4226153	C	*/+A	5	6	50%	2	2	42	33	0.98	1	1	4	1	2	4	+A
II	4249637	A	*/-AT	30	2	6.25%	2	1	45	49	0.98	1	1	13	17	0	2	-AT
II	4254960	G	-A/-A	0	22	100%	0	2	0	43	0.98	0	1	0	0	5	17	-A
II	4308414	C	*/+A	4	15	71.43%	1	2	46	44	0.98	1	1	4	0	6	9	+A
II	4308414	C	*/+AA	4	2	9.52%	1	1	46	49	0.98	1	1	4	0	2	0	+A
II	4315564	C	*/-T	24	2	7.41%	2	1	47	25	0.98	1	1	15	9	2	0	-T
II	4343817	T	*/-A	19	3	13.04%	2	2	44	49	0.98	1	1	10	9	1	2	-A
II	4419921	T	*/+A	7	6	40%	2	2	40	49	0.98	1	1	3	4	1	5	+A
II	4443829	A	*/+T	17	2	10.53%	2	1	45	55	0.98	1	1	7	10	0	2	+T
II	4462508	C	*/-A	9	2	18.18%	2	1	43	37	0.98	1	1	7	2	2	0	-A
II	4478212	A	*/+T	17	2	10.53%	2	1	41	37	0.98	1	1	15	2	0	2	+T
II	4502695	C	*/-T	10	2	16.67%	2	2	39	37	0.98	1	1	3	7	1	1	-T
II	4507612	T	*/-A	18	2	9.52%	2	2	41	37	0.98	1	1	10	8	1	1	-A
II	4515621	C	*/+A	19	2	9.52%	2	1	35	48	0.98	1	1	15	4	0	2	+A
II	4516522	A	*/+T	50	4	7.27%	2	1	51	37	0.98	1	1	32	18	0	4	+T
II	4517047	T	*/+TACTCATC	76	13	14.44%	2	2	43	45	0.98	1	1	42	34	10	3	+TACTCATC
II	4521677	T	*/-AA	11	6	33.33%	2	2	46	43	0.98	1	1	7	4	3	3	-AA
II	4525340	G	*/+T	50	8	11.76%	2	2	40	39	0.98	1	1	30	20	5	3	+T
II	4525340	G	*/+TT	50	5	7.35%	2	2	40	41	0.98	1	1	30	20	2	3	+T
II	4526174	A	*/-T	21	6	22.22%	2	2	43	43	0.98	1	1	15	6	3	3	-T
II	4526843	C	*/-T	9	4	22.22%	2	2	33	34	0.98	1	1	6	3	3	1	-T
II	4526843	C	*/-TTT	9	2	11.11%	2	2	33	25	0.98	1	1	6	3	1	1	-T
II	4528465	C	*/+GACAAT	59	10	14.49%	2	2	44	45	0.98	1	1	33	26	6	4	+GACAAT
II	4528483	T	*/-GACAATGACAGA	59	9	13.24%	2	2	44	42	0.98	1	1	32	27	5	4	-GACAATGACAGA
II	4529375	T	*/+ACAACGACAACGACAACG	62	18	19.35%	2	2	49	50	0.98	1	1	32	30	7	11	+ACAACGACAACGACAACG
II	4529375	T	*/+ACAACGACAACGACAACGACAACG	62	12	12.9%	2	2	49	50	0.98	1	1	32	30	5	7	+ACAACGACAACGACAACG
II	4529923	A	*/+G	66	4	5.71%	2	1	41	37	0.98	1	1	32	34	4	0	+G
II	4533588	C	*/-T	82	36	30.51%	2	2	47	43	0.98	1	1	49	33	20	16	-T
II	4534880	A	*/-T	122	40	24.69%	2	2	50	45	0.98	1	1	63	59	17	23	-T
II	4535321	G	*/-GATAT	219	30	12.05%	2	2	43	41	0.98	1	1	110	109	14	16	-GATAT
II	4535460	T	*/+GAGTAAAGA	263	43	14.01%	2	2	52	55	0.98	1	1	147	116	17	26	+GAGTAAAGA
II	4535523	T	*/+GTTACG	242	35	12.59%	2	2	45	44	0.98	1	1	76	166	11	24	+GTTACG
II	4535548	A	*/-TATGTG	269	36	11.8%	2	2	45	43	0.98	1	1	105	164	19	17	-TATGTG
II	4535645	G	*/-T	206	55	20.99%	2	2	49	50	0.98	1	1	111	95	23	32	-T
II	4535727	A	*/-G	160	26	13.98%	2	2	45	40	0.98	1	1	57	103	10	16	-G
II	4537213	G	*/+T	99	208	67.75%	2	2	49	49	0.98	1	1	58	41	123	85	+T
II	4537387	A	*/-AATAAGAG	80	152	65.24%	2	2	47	45	0.98	1	1	35	45	91	61	-AATAAGAG
II	4537655	A	*/+AAATG	75	8	9.41%	2	2	46	46	0.98	1	1	41	34	5	3	+AAATG
II	4537712	T	*/-AAATAAAATTAATG	51	5	8.93%	2	2	42	47	0.98	1	1	29	22	2	3	-AAATAAAATTAATG
III	1558	G	*/-A	89	11	9.17%	2	2	42	42	0.98	1	1	49	40	5	6	-A
III	1558	G	*/+A	89	15	12.5%	2	2	42	38	0.98	1	1	49	40	1	14	+A
III	1893	T	*/-A	152	10	6.13%	2	2	48	44	0.98	1	1	60	92	7	3	-A
III	4729	A	*/-T	500	164	21.87%	2	2	46	47	0.98	1	1	314	186	85	79	-T
III	4729	A	*/+T	500	49	6.53%	2	2	46	48	0.98	1	1	314	186	15	34	-T
III	4952	C	*/+T	492	124	19.94%	2	2	41	50	0.98	1	1	292	200	43	81	+T
III	5403	C	*/-T	412	154	23.69%	2	2	41	42	0.98	1	1	313	99	83	71	-T
III	5403	C	*/-TT	412	38	5.85%	2	2	41	40	0.98	1	1	313	99	23	15	-T
III	9812	T	*/+A	168	11	6.08%	2	1	45	37	0.98	1	1	58	110	0	11	+A
III	12428	G	*/-A	99	8	6.3%	2	2	40	44	0.98	1	1	43	56	3	5	-A
III	12428	G	*/+A	99	16	12.6%	2	2	40	40	0.98	1	1	43	56	9	7	+A
III	12763	T	*/-A	159	10	5.92%	2	2	50	43	0.98	1	1	67	92	5	5	-A
III	15599	A	*/-T	499	165	21.94%	2	2	46	51	0.98	1	1	330	169	74	91	-T
III	15599	A	*/+T	499	48	6.38%	2	2	46	51	0.98	1	1	330	169	17	31	-T
III	15822	C	*/+T	483	98	16.61%	2	2	42	54	0.98	1	1	286	197	33	65	+T
III	16273	C	*/-T	432	145	22%	2	2	41	42	0.98	1	1	312	120	70	75	-T
III	16273	C	*/-TT	432	47	7.13%	2	2	41	42	0.98	1	1	312	120	27	20	-T
III	20682	T	*/+A	156	11	6.59%	2	1	45	40	0.98	1	1	40	116	0	11	+A
III	23172	T	*/+A	195	14	6.7%	2	2	46	34	0.98	1	1	106	89	8	6	+A
III	23298	G	*/+A	85	9	8.57%	2	2	42	41	0.98	1	1	49	36	5	4	+A
III	23633	T	*/-A	152	11	6.75%	2	2	47	47	0.98	1	1	71	81	4	7	-A
III	69589	T	*/-A	22	10	30.3%	2	2	42	54	0.98	1	1	8	14	1	9	-A
III	123319	T	*/-A	25	4	11.76%	2	2	44	43	0.98	1	1	13	12	2	2	-A
III	123319	T	*/-AA	25	4	11.76%	2	1	44	34	0.98	1	1	13	12	0	4	-A
III	171115	A	+C/+C	1	43	97.73%	1	2	37	41	0.98	1	1	1	0	24	19	+C
III	207016	T	*/-A	13	2	12.5%	2	2	50	37	0.98	1	1	3	10	1	1	-A
III	207168	T	*/-A	8	2	12.5%	2	2	43	55	0.98	1	1	7	1	1	1	-A
III	207168	T	*/-AA	8	3	18.75%	2	1	43	65	0.98	1	1	7	1	0	3	-AA
III	207168	T	*/+A	8	3	18.75%	2	1	43	49	0.98	1	1	7	1	3	0	-AA
III	208140	C	*/-A	9	3	15.79%	2	1	38	33	0.98	1	1	8	1	3	0	-A
III	208140	C	*/+A	9	5	26.32%	2	2	38	51	0.98	1	1	8	1	4	1	+A
III	210057	G	-TTGTGGATC/-TTGTGGATC	15	62	80.52%	2	2	44	46	0.98	1	1	6	9	32	30	-TTGTGGATC
III	223916	A	*/-T	29	2	6.45%	2	1	52	74	0.98	1	1	18	11	0	2	-T
III	253907	A	*/-TT	1	2	33.33%	1	1	37	37	0.98	1	1	1	0	2	0	-TT
III	253907	A	*/+T	1	2	33.33%	1	1	37	55	0.98	1	1	1	0	2	0	-TT
III	286478	C	-TT/-TT	1	12	92.31%	1	2	25	46	0.98	1	1	1	0	8	4	-TT
III	286594	T	*/-A	13	4	14.81%	2	2	40	49	0.98	1	1	7	6	3	1	-A
III	286594	T	*/+A	13	7	25.93%	2	2	40	38	0.98	1	1	7	6	5	2	+A
III	286594	T	*/+AA	13	3	11.11%	2	1	40	37	0.98	1	1	7	6	3	0	+A
III	293096	G	*/-T	12	6	31.58%	2	2	43	41	0.98	1	1	9	3	4	2	-T
III	354813	C	*/-T	29	2	6.45%	2	1	52	43	0.98	1	1	13	16	0	2	-T
III	365747	C	-A/-A	3	20	83.33%	2	2	35	43	0.98	1	1	1	2	7	13	-A
III	406058	C	*/-T	22	2	8.33%	2	1	41	31	0.98	1	1	8	14	0	2	-T
III	431910	C	*/-T	27	2	6.67%	2	1	40	37	0.98	1	1	17	10	2	0	-T
III	467904	C	*/+A	14	3	17.65%	2	1	38	74	0.98	1	1	9	5	3	0	+A
III	527710	C	*/-T	25	2	7.14%	2	1	43	37	0.98	1	1	8	17	0	2	-T
III	565492	T	*/+A	3	2	40%	2	1	45	37	0.98	1	1	1	2	0	2	+A
III	568658	C	*/-T	11	2	15.38%	2	1	41	31	0.98	1	1	9	2	0	2	-T
III	717677	A	*/-T	3	15	68.18%	1	2	37	56	0.98	1	1	3	0	8	7	-T
III	717677	A	*/-TT	3	4	18.18%	1	2	37	46	0.98	1	1	3	0	1	3	-T
III	719703	T	*/-A	9	3	25%	2	2	43	45	0.98	1	1	8	1	1	2	-A
III	719955	A	-C/-C	0	11	100%	0	2	0	48	0.98	0	1	0	0	4	7	-C
III	720559	C	*/-T	5	5	38.46%	2	2	44	42	0.98	1	1	3	2	1	4	-T
III	720559	C	*/-TT	5	2	15.38%	2	1	44	49	0.98	1	1	3	2	2	0	-T
III	720683	A	+T/+T	1	5	83.33%	1	2	25	44	0.98	1	1	1	0	2	3	+T
III	725030	C	+T/+T	2	9	81.82%	1	2	37	41	0.98	1	1	2	0	6	3	+T
III	762516	T	*/-A	19	5	20%	2	2	53	46	0.98	1	1	11	8	4	1	-A
III	822701	G	*/-T	21	3	12%	2	1	45	61	0.98	1	1	10	11	0	3	-T
III	867865	C	-T/-T	2	10	83.33%	1	2	31	40	0.98	1	1	0	2	8	2	-T
III	881999	A	*/+T	26	3	10.34%	2	2	50	33	0.98	1	1	11	15	1	2	+T
III	897531	C	*/-A	32	2	5.56%	2	2	45	68	0.98	1	1	24	8	1	1	-A
III	897531	C	*/+A	32	2	5.56%	2	2	45	74	0.98	1	1	24	8	1	1	-A
III	898665	T	*/-A	27	2	6.9%	2	1	42	37	0.98	1	1	17	10	2	0	-A
III	936705	G	*/-T	8	3	23.08%	2	2	34	36	0.98	1	1	7	1	2	1	-T
III	936705	G	*/-TT	8	2	15.38%	2	1	34	55	0.98	1	1	7	1	0	2	-T
III	954028	G	*/-A	11	3	21.43%	2	1	40	61	0.98	1	1	5	6	0	3	-A
III	958241	C	*/-T	10	3	20%	2	2	40	29	0.98	1	1	8	2	1	2	-T
III	966124	G	*/-T	31	5	12.82%	2	1	37	37	0.98	1	1	30	1	5	0	-T
III	966124	G	*/+T	31	2	5.13%	2	1	37	37	0.98	1	1	30	1	2	0	-T
III	970548	C	*/-T	7	6	33.33%	2	2	37	41	0.98	1	1	3	4	1	5	-T
III	970548	C	*/-TT	7	2	11.11%	2	2	37	37	0.98	1	1	3	4	1	1	-T
III	970548	C	*/+T	7	2	11.11%	2	1	37	43	0.98	1	1	3	4	2	0	-T
III	970892	C	*/-T	10	3	20%	2	2	37	36	0.98	1	1	7	3	1	2	-T
III	970892	C	*/+T	10	2	13.33%	2	2	37	42	0.98	1	1	7	3	1	1	-T
III	988719	G	*/+T	24	3	10.71%	2	1	46	57	0.98	1	1	8	16	3	0	+T
III	996949	A	*/-T	21	3	11.11%	2	1	42	53	0.98	1	1	14	7	0	3	-T
III	996949	A	*/+T	21	2	7.41%	2	1	42	49	0.98	1	1	14	7	2	0	-T
III	1016311	G	+C/+C	1	55	98.21%	1	2	74	47	0.98	1	1	1	0	28	27	+C
III	1031006	C	*/+A	35	3	7.89%	2	1	46	37	0.98	1	1	26	9	3	0	+A
III	1037573	G	*/-T	17	2	10%	2	2	43	37	0.98	1	1	7	10	1	1	-T
III	1068111	G	*/-T	18	3	14.29%	2	2	51	37	0.98	1	1	8	10	2	1	-T
III	1073505	T	*/+ATATAGAG	156	12	7.02%	2	2	53	41	0.98	1	1	95	61	10	2	+ATATAGAG
III	1079346	A	*/+G	133	9	6.34%	2	2	44	39	0.98	1	1	89	44	8	1	+G
III	1082171	A	*/+TGGAAGTGGTAAG	111	8	6.61%	2	2	44	40	0.98	1	1	54	57	2	6	+TGGAAGTGGTAAG
III	1084123	A	*/-G	26	2	7.14%	2	2	41	37	0.98	1	1	9	17	1	1	-G
III	1087979	A	*/+G	87	6	6.45%	2	2	43	53	0.98	1	1	51	36	4	2	+G
III	1090594	A	*/-AT	29	3	9.38%	2	1	52	37	0.98	1	1	6	23	0	3	-AT
III	1095549	T	*/-G	36	2	5.26%	2	1	46	37	0.98	1	1	24	12	0	2	-G
III	1095550	G	*/-T	13	7	21.88%	1	2	38	35	0.98	1	1	13	0	3	4	-T
III	1095550	G	*/-TT	13	10	31.25%	1	2	38	45	0.98	1	1	13	0	9	1	-TT
III	1095550	G	*/-TTT	13	2	6.25%	1	2	38	42	0.98	1	1	13	0	1	1	-TT
III	1097481	C	*/+A	12	2	14.29%	2	1	45	55	0.98	1	1	5	7	0	2	+A
III	1103421	A	*/-CT	24	2	7.41%	2	1	47	37	0.98	1	1	13	11	0	2	-CT
III	1103423	T	*/-A	8	10	41.67%	2	2	39	44	0.98	1	1	3	5	8	2	-A
III	1103423	T	*/-AA	8	5	20.83%	2	2	39	44	0.98	1	1	3	5	2	3	-A
III	1110132	C	*/+TCTCTATA	73	4	5.19%	2	2	48	52	0.98	1	1	43	30	3	1	+TCTCTATA
III	1110963	T	*/+C	68	14	16.87%	2	2	44	43	0.98	1	1	21	47	7	7	+C
III	1114822	A	*/-C	27	3	10%	2	2	44	37	0.98	1	1	14	13	1	2	-C
III	1114914	T	*/+ACCACTAACCATC	41	5	10.87%	2	2	46	34	0.98	1	1	25	16	3	2	+ACCACTAACCATC
III	1121674	T	*/+ACCACTAACCATC	57	7	10.94%	2	2	46	35	0.98	1	1	24	33	4	3	+ACCACTAACCATC
III	1124483	T	*/+C	84	7	7.69%	2	2	43	59	0.98	1	1	29	55	3	4	+C
III	1128434	T	*/+ACCACTAACCATC	63	6	8.7%	2	2	45	37	0.98	1	1	39	24	3	3	+ACCACTAACCATC
III	1130412	C	*/+TCTCTATA	41	4	8.89%	2	2	46	43	0.98	1	1	6	35	1	3	+TCTCTATA
III	1131243	T	*/+C	71	6	7.79%	2	2	44	53	0.98	1	1	29	42	1	5	+C
III	1144308	C	*/+T	17	4	19.05%	2	2	52	37	0.98	1	1	8	9	3	1	+T
III	1168360	T	*/-G	8	4	33.33%	2	2	38	39	0.98	1	1	5	3	3	1	-G
III	1168362	G	*/-GA	8	2	20%	2	1	41	37	0.98	1	1	6	2	2	0	-GA
III	1239214	T	*/+A	16	2	10.53%	2	2	46	55	0.98	1	1	11	5	1	1	+A
III	1244495	G	*/-T	19	2	9.52%	2	2	40	55	0.98	1	1	11	8	1	1	-T
III	1338638	T	+AA/+AA	2	21	91.3%	2	2	55	54	0.98	1	1	1	1	14	7	+AA
III	1395671	C	*/+A	13	4	22.22%	2	2	43	45	0.98	1	1	9	4	2	2	+A
III	1396420	A	*/+TTCATTTCTTTTTCTTTTCT	5	6	54.55%	2	2	49	43	0.98	1	1	3	2	2	4	+TTCATTTCTTTTTCTTTTCT
III	1411422	C	*/+A	13	2	13.33%	2	2	51	31	0.98	1	1	6	7	1	1	+A
III	1473677	C	*/-T	27	4	12.9%	2	2	42	43	0.98	1	1	20	7	3	1	-T
III	1510629	T	*/-A	19	2	9.09%	2	1	45	55	0.98	1	1	14	5	2	0	-A
III	1575951	G	*/+T	12	2	13.33%	2	1	36	42	0.98	1	1	9	3	0	2	+T
III	1594933	T	*/-A	23	8	25.81%	2	2	38	49	0.98	1	1	16	7	4	4	-A
III	1595304	G	*/-A	22	2	8.33%	2	1	45	37	0.98	1	1	14	8	0	2	-A
III	1671873	C	*/-T	13	2	13.33%	2	2	39	55	0.98	1	1	9	4	1	1	-T
III	1674618	C	*/-T	10	4	28.57%	2	2	32	31	0.98	1	1	8	2	2	2	-T
III	1684393	G	*/+A	13	2	13.33%	2	1	40	55	0.98	1	1	7	6	2	0	+A
III	1685487	G	+A/+A	2	29	93.55%	2	2	37	43	0.98	1	1	1	1	15	14	+A
III	1712983	G	*/-A	10	5	33.33%	2	2	36	37	0.98	1	1	7	3	4	1	-A
III	1731050	C	*/+T	23	2	7.69%	2	2	41	37	0.98	1	1	8	15	1	1	+T
III	1756400	T	-A/-A	2	44	95.65%	1	2	55	49	0.98	1	1	2	0	17	27	-A
III	1758846	C	*/-A	15	2	11.11%	2	2	42	37	0.98	1	1	9	6	1	1	-A
III	1774235	T	+GATC/+GATC	3	17	80.95%	1	2	37	52	0.98	1	1	0	3	7	10	+GATC
III	1821911	C	*/-A	7	4	25%	2	2	38	39	0.98	1	1	5	2	2	2	-A
III	1821911	C	*/-AA	7	3	18.75%	2	1	38	37	0.98	1	1	5	2	3	0	-A
III	1821911	C	*/+A	7	2	12.5%	2	1	38	37	0.98	1	1	5	2	2	0	-A
III	1843289	G	*/+A	17	2	10.53%	2	2	47	62	0.98	1	1	10	7	1	1	+A
III	1858771	T	*/+A	25	4	13.33%	2	2	40	46	0.98	1	1	13	12	1	3	+A
III	1878070	T	*/-A	44	6	12%	2	2	41	53	0.98	1	1	38	6	4	2	-A
III	1896018	T	*/+C	27	2	6.9%	2	1	57	74	0.98	1	1	17	10	2	0	+C
III	1919123	A	*/+T	26	4	13.33%	2	1	45	52	0.98	1	1	7	19	0	4	+T
III	1925626	C	*/-A	7	4	28.57%	2	2	50	28	0.98	1	1	5	2	1	3	-A
III	1925626	C	*/+A	7	2	14.29%	2	1	50	37	0.98	1	1	5	2	2	0	-A
III	1929127	A	*/-G	0	2	50%	0	1	0	37	0.98	0	1	0	0	2	0	-G
III	1965229	C	*/+A	15	2	11.76%	2	1	50	42	0.98	1	1	9	6	2	0	+A
III	1979604	A	*/-T	18	4	18.18%	2	2	37	43	0.98	1	1	9	9	1	3	-T
III	2010864	G	*/-TA	60	5	7.69%	2	2	49	49	0.98	1	1	17	43	2	3	-TA
III	2067571	T	*/-A	3	2	40%	2	1	61	37	0.98	1	1	2	1	0	2	-A
III	2067838	T	*/+A	8	2	16.67%	2	1	35	37	0.98	1	1	7	1	2	0	+A
III	2076412	G	*/-T	15	8	30.77%	2	2	42	44	0.98	1	1	11	4	6	2	-T
III	2076412	G	*/-TT	15	2	7.69%	2	2	42	37	0.98	1	1	11	4	1	1	-T
III	2113205	C	*/-T	7	3	21.43%	2	2	33	37	0.98	1	1	5	2	2	1	-T
III	2113205	C	*/+T	7	3	21.43%	2	2	33	33	0.98	1	1	5	2	1	2	-T
III	2144419	G	*/-A	29	2	6.45%	2	2	47	74	0.98	1	1	16	13	1	1	-A
III	2146041	A	*/-G	18	3	14.29%	2	1	43	37	0.98	1	1	11	7	3	0	-G
III	2149308	C	*/-AT	14	2	12.5%	2	1	61	68	0.98	1	1	4	10	0	2	-AT
III	2157938	C	*/-T	17	3	15%	2	1	39	45	0.98	1	1	10	7	3	0	-T
III	2178240	T	*/-A	18	4	18.18%	2	2	40	37	0.98	1	1	13	5	3	1	-A
III	2178322	C	*/-T	19	2	9.09%	2	2	49	74	0.98	1	1	7	12	1	1	-T
III	2183757	T	*/+A	22	2	8.33%	2	2	47	55	0.98	1	1	9	13	1	1	+A
III	2270459	C	*/+A	24	3	10.34%	2	2	42	40	0.98	1	1	16	8	2	1	+A
III	2281940	C	*/-T	28	4	12.5%	2	1	47	43	0.98	1	1	19	9	4	0	-T
III	2284394	C	*/+T	19	2	9.52%	2	1	39	31	0.98	1	1	6	13	2	0	+T
III	2309611	T	*/-A	5	3	37.5%	2	1	39	33	0.98	1	1	2	3	0	3	-A
III	2382018	A	*/-T	4	7	58.33%	2	2	39	42	0.98	1	1	2	2	4	3	-T
III	2420241	T	*/-A	6	2	22.22%	2	2	43	36	0.98	1	1	3	3	1	1	-A
III	2443562	A	*/+T	239	15	5.86%	2	2	42	36	0.98	1	1	81	158	1	14	+T
III	2447848	T	*/-A	780	170	10.96%	2	2	43	40	0.98	1	1	568	212	122	48	-A
III	2447848	T	*/+A	780	434	27.98%	2	2	43	44	0.98	1	1	568	212	307	127	+A
III	2448309	T	-AA/-AA	70	813	90.53%	2	2	42	42	0.98	1	1	51	19	324	489	-AA
III	2448518	T	*/-A	977	351	22.66%	2	2	46	47	0.98	1	1	667	310	243	108	-A
III	2448518	T	*/-AA	977	92	5.94%	2	2	46	45	0.98	1	1	667	310	60	32	-A
III	2448518	T	*/+A	977	105	6.78%	2	2	46	46	0.98	1	1	667	310	71	34	+A
mating_type_region	462	G	*/-T	20	2	9.09%	2	2	50	55	0.98	1	1	13	7	1	1	-T
mating_type_region	19656	T	*/-A	22	2	8.33%	2	1	48	37	0.98	1	1	8	14	0	2	-A
