Chrom	Position	Ref	Cons	Reads1	Reads2	VarFreq	Strands1	Strands2	Qual1	Qual2	Pvalue	MapQual1	MapQual2	Reads1Plus	Reads1Minus	Reads2Plus	Reads2Minus	VarAllele
chr_II_telomeric_gap	6088	A	*/+T	9	2	18.18%	2	1	45	55	0.98	1	1	6	3	2	0	+T
chr_II_telomeric_gap	6301	C	*/-AT	23	2	8%	2	2	43	37	0.98	1	1	9	14	1	1	-AT
chr_II_telomeric_gap	8538	G	*/-A	5	2	25%	1	1	51	37	0.98	1	1	5	0	2	0	-A
I	3160	A	*/+GTTGTCGTTGTCGTTGTC	38	15	22.73%	2	2	43	39	0.98	1	1	20	18	10	5	+GTTGTCGTTGTCGTTGTC
I	3160	A	*/+GTTGTCGTTGTCGTTGTCGTTGTC	38	11	16.67%	2	2	43	43	0.98	1	1	20	18	3	8	+GTTGTCGTTGTCGTTGTC
I	4047	C	*/-TGTCTCTGTCAT	78	11	12.36%	2	2	43	37	0.98	1	1	38	40	3	8	-TGTCTCTGTCAT
I	4053	C	*/+TGTCAT	62	13	17.11%	2	2	43	39	0.98	1	1	30	32	6	7	+TGTCAT
I	5677	G	*/-A	19	10	24.39%	2	2	35	39	0.98	1	1	17	2	8	2	-A
I	5677	G	*/-AA	19	7	17.07%	2	1	35	37	0.98	1	1	17	2	7	0	-A
I	5677	G	*/-AAA	19	3	7.32%	2	2	35	33	0.98	1	1	17	2	2	1	-A
I	6357	T	*/-A	24	2	5.26%	2	1	52	74	0.98	1	1	15	9	2	0	-A
I	6357	T	*/-AA	24	11	28.95%	2	2	52	49	0.98	1	1	15	9	5	6	-AA
I	7191	T	*/-C	41	3	6.67%	2	1	46	33	0.98	1	1	29	12	0	3	-C
I	7192	C	*/-A	22	8	18.6%	2	2	47	42	0.98	1	1	14	8	7	1	-A
I	7192	C	*/+A	22	10	23.26%	2	2	47	46	0.98	1	1	14	8	7	3	+A
I	10859	G	-TT/-TT	3	9	75%	1	2	49	52	0.98	1	1	3	0	4	5	-TT
I	15734	C	*/-A	16	5	20.83%	2	2	40	42	0.98	1	1	13	3	3	2	-A
I	15734	C	*/+A	16	2	8.33%	2	2	40	49	0.98	1	1	13	3	1	1	-A
I	19694	T	*/+A	32	2	5.88%	2	1	52	37	0.98	1	1	12	20	2	0	+A
I	20545	C	*/+TTTTTTT	2	2	40%	1	2	37	31	0.98	1	1	2	0	1	1	+TTTTTTT
I	27402	A	*/-C	11	3	17.65%	2	1	33	37	0.98	1	1	2	9	0	3	-C
I	27402	A	*/+C	11	2	11.76%	2	1	33	37	0.98	1	1	2	9	0	2	-C
I	43335	G	*/+A	8	2	18.18%	1	2	35	55	0.98	1	1	8	0	1	1	+A
I	55244	T	*/-A	6	3	23.08%	1	1	33	37	0.98	1	1	6	0	3	0	-A
I	55244	T	*/-AAA	6	2	15.38%	1	1	33	37	0.98	1	1	6	0	2	0	-A
I	101871	A	+G/+G	1	33	91.67%	1	2	37	47	0.98	1	1	0	1	16	17	+G
I	190112	C	*/-A	3	2	25%	1	1	30	37	0.98	1	1	3	0	2	0	-A
I	216147	C	*/-T	12	2	14.29%	2	1	39	37	0.98	1	1	7	5	0	2	-T
I	315375	G	*/-T	9	4	28.57%	2	2	49	55	0.98	1	1	5	4	2	2	-T
I	414079	C	*/-T	9	5	35.71%	2	1	45	39	0.98	1	1	8	1	5	0	-T
I	440084	T	+A/+A	0	4	100%	0	2	0	43	0.98	0	1	0	0	2	2	+A
I	441614	C	*/-TT	4	3	37.5%	1	1	34	33	0.98	1	1	4	0	3	0	-TT
I	453369	G	*/+A	6	3	23.08%	2	1	38	37	0.98	1	1	5	1	3	0	+A
I	453369	G	*/+AA	6	2	15.38%	2	1	38	55	0.98	1	1	5	1	2	0	+A
I	470378	A	-C/-C	0	11	100%	0	2	0	39	0.98	0	1	0	0	6	5	-C
I	470390	A	-C/-C	0	11	100%	0	2	0	39	0.98	0	1	0	0	7	4	-C
I	482737	A	+G/+G	1	24	96%	1	2	37	40	0.98	1	1	0	1	13	11	+G
I	528541	C	*/+A	11	4	25%	2	2	42	46	0.98	1	1	6	5	1	3	+A
I	554527	A	*/+T	4	5	50%	2	2	37	44	0.98	1	1	3	1	3	2	+T
I	562745	A	*/+T	7	2	18.18%	2	1	45	37	0.98	1	1	4	3	0	2	+T
I	660056	T	*/+G	3	9	69.23%	1	1	37	37	0.98	1	1	3	0	9	0	+G
I	670032	C	+A/+A	0	47	100%	0	2	0	52	0.98	0	1	0	0	17	30	+A
I	682993	T	-C/-C	0	26	100%	0	2	0	48	0.98	0	1	0	0	9	17	-C
I	765477	A	*/-T	5	2	25%	2	1	37	37	0.98	1	1	1	4	0	2	-T
I	807903	A	*/-T	20	2	8.7%	2	2	45	37	0.98	1	1	6	14	1	1	-T
I	851935	C	*/+T	20	2	9.09%	2	1	49	37	0.98	1	1	7	13	0	2	+T
I	862962	C	+T/+T	0	13	100%	0	2	0	42	0.98	0	1	0	0	8	5	+T
I	946314	G	*/-TA	11	2	15.38%	2	2	43	55	0.98	1	1	2	9	1	1	-TA
I	960025	G	*/+T	5	4	44.44%	1	2	44	37	0.98	1	1	5	0	3	1	+T
I	976406	C	*/+G	21	2	8.7%	2	2	46	68	0.98	1	1	9	12	1	1	+G
I	995070	G	*/-T	5	2	25%	2	2	32	42	0.98	1	1	4	1	1	1	-T
I	1048635	G	+A/+A	1	12	85.71%	1	2	74	39	0.98	1	1	1	0	8	4	+A
I	1148104	A	+T/+T	1	5	83.33%	1	2	37	44	0.98	1	1	1	0	1	4	+T
I	1185797	G	*/-A	8	3	23.08%	2	2	41	41	0.98	1	1	4	4	2	1	-A
I	1185797	G	*/+A	8	2	15.38%	2	1	41	68	0.98	1	1	4	4	0	2	-A
I	1254655	T	*/-A	13	3	16.67%	2	2	45	49	0.98	1	1	7	6	2	1	-A
I	1254655	T	*/+A	13	2	11.11%	2	1	45	37	0.98	1	1	7	6	2	0	-A
I	1274803	T	+A/+A	0	13	100%	0	2	0	53	0.98	0	1	0	0	7	6	+A
I	1290605	A	*/-T	11	2	12.5%	2	1	43	74	0.98	1	1	9	2	0	2	-T
I	1358794	C	*/+A	4	4	44.44%	1	2	52	36	0.98	1	1	4	0	2	2	+A
I	1424708	C	-A/-A	1	15	93.75%	1	2	37	42	0.98	1	1	1	0	6	9	-A
I	1454446	C	*/-A	19	2	9.52%	2	1	43	55	0.98	1	1	12	7	2	0	-A
I	1496317	C	*/-A	5	8	53.33%	1	2	42	46	0.98	1	1	0	5	6	2	-A
I	1496317	C	*/-AA	5	2	13.33%	1	1	42	49	0.98	1	1	0	5	2	0	-A
I	1509277	C	*/+T	3	5	62.5%	1	1	33	37	0.98	1	1	3	0	5	0	+T
I	1509738	G	*/-A	6	2	25%	1	1	49	37	0.98	1	1	6	0	0	2	-A
I	1541472	G	*/-T	6	2	16.67%	1	1	43	37	0.98	1	1	6	0	0	2	-T
I	1541472	G	*/+T	6	4	33.33%	1	2	43	58	0.98	1	1	6	0	2	2	+T
I	1595056	C	*/-T	3	2	22.22%	2	1	36	37	0.98	1	1	1	2	2	0	-T
I	1595056	C	*/+T	3	4	44.44%	2	2	36	34	0.98	1	1	1	2	3	1	+T
I	1598879	A	*/-T	26	2	7.14%	2	2	49	37	0.98	1	1	13	13	1	1	-T
I	1599291	T	*/-A	5	2	28.57%	2	1	34	43	0.98	1	1	1	4	0	2	-A
I	1620488	A	*/-T	25	2	7.41%	2	2	51	37	0.98	1	1	12	13	1	1	-T
I	1625092	T	+C/+C	0	13	100%	0	2	0	44	0.98	0	1	0	0	8	5	+C
I	1765306	C	*/-A	5	2	25%	2	1	34	37	0.98	1	1	3	2	2	0	-A
I	1777634	A	*/+T	5	3	33.33%	2	1	42	49	0.98	1	1	3	2	0	3	+T
I	1849285	C	*/-T	23	2	7.14%	2	2	47	62	0.98	1	1	13	10	1	1	-T
I	1849285	C	*/+T	23	2	7.14%	2	1	47	55	0.98	1	1	13	10	0	2	-T
I	1890184	C	*/-A	11	3	18.75%	2	1	41	33	0.98	1	1	7	4	3	0	-A
I	1890184	C	*/-AA	11	2	12.5%	2	1	41	37	0.98	1	1	7	4	2	0	-A
I	1905525	T	*/+G	2	2	33.33%	2	2	37	55	0.98	1	1	1	1	1	1	+G
I	1905525	T	*/+GG	2	2	33.33%	2	1	37	37	0.98	1	1	1	1	2	0	+G
I	1936294	G	+A/+A	0	9	90%	0	2	0	45	0.98	0	1	0	0	1	8	+A
I	1952313	A	+T/+T	2	23	88.46%	1	2	37	41	0.98	1	1	0	2	19	4	+T
I	1954162	C	*/-AA	5	4	33.33%	2	1	42	43	0.98	1	1	4	1	4	0	-AA
I	1954162	C	*/+A	5	2	16.67%	2	1	42	55	0.98	1	1	4	1	2	0	-AA
I	1955853	T	*/+A	0	4	66.67%	0	2	0	34	0.98	0	1	0	0	2	2	+A
I	2041948	T	*/-A	10	2	14.29%	1	2	37	42	0.98	1	1	10	0	1	1	-A
I	2052488	A	*/-T	12	4	22.22%	2	2	42	46	0.98	1	1	6	6	3	1	-T
I	2096013	T	*/-A	10	5	33.33%	2	2	39	44	0.98	1	1	6	4	3	2	-A
I	2110988	C	*/+AT	14	2	12.5%	2	1	45	55	0.98	1	1	9	5	2	0	+AT
I	2122246	G	*/+A	14	2	12.5%	2	1	39	49	0.98	1	1	12	2	2	0	+A
I	2139856	G	+T/+T	0	5	100%	0	1	0	37	0.98	0	1	0	0	5	0	+T
I	2154491	T	+A/+A	1	11	91.67%	1	2	37	47	0.98	1	1	0	1	5	6	+A
I	2166186	A	*/-T	14	2	12.5%	2	2	36	37	0.98	1	1	7	7	1	1	-T
I	2174555	C	*/-A	10	4	26.67%	2	2	44	46	0.98	1	1	6	4	3	1	-A
I	2178948	C	*/+A	18	2	9.52%	2	1	39	37	0.98	1	1	14	4	2	0	+A
I	2206796	C	+A/+A	1	33	97.06%	1	2	74	50	0.98	1	1	1	0	20	13	+A
I	2227936	T	*/+AA	1	2	25%	1	2	37	37	0.98	1	1	1	0	1	1	A
I	2227936	T	*/+AAA	1	2	25%	1	1	37	48	0.98	1	1	1	0	2	0	A
I	2231735	C	*/-A	11	4	26.67%	2	2	47	36	0.98	1	1	8	3	1	3	-A
I	2245479	T	*/+C	11	2	14.29%	2	2	41	37	0.98	1	1	3	8	1	1	+C
I	2259353	C	*/+TT	28	2	6.67%	2	2	42	37	0.98	1	1	15	13	1	1	+TT
I	2273201	T	*/+A	6	2	25%	2	1	39	42	0.98	1	1	2	4	2	0	+A
I	2288240	C	-G/-G	0	17	100%	0	2	0	59	0.98	0	1	0	0	8	9	-G
I	2292331	C	*/-T	8	2	20%	2	1	40	37	0.98	1	1	5	3	2	0	-T
I	2322636	C	*/-A	13	3	13.64%	2	2	41	49	0.98	1	1	11	2	2	1	-A
I	2322636	C	*/-AA	13	2	9.09%	2	1	41	37	0.98	1	1	11	2	2	0	-A
I	2322636	C	*/+A	13	2	9.09%	2	1	41	37	0.98	1	1	11	2	2	0	-A
I	2343703	G	+A/+A	1	13	92.86%	1	2	37	39	0.98	1	1	0	1	8	5	+A
I	2421576	A	-C/-C	1	10	90.91%	1	2	74	44	0.98	1	1	1	0	4	6	-C
I	2424539	G	*/-A	12	2	13.33%	2	1	34	37	0.98	1	1	9	3	2	0	-A
I	2499149	A	-T/-T	2	16	88.89%	1	2	37	43	0.98	1	1	2	0	6	10	-T
I	2507462	T	+A/+A	0	9	100%	0	2	0	38	0.98	0	1	0	0	8	1	+A
I	2510060	T	+A/+A	1	7	87.5%	1	1	37	40	0.98	1	1	0	1	7	0	+A
I	2520612	G	*/+T	12	2	14.29%	2	1	55	55	0.98	1	1	8	4	0	2	+T
I	2525300	T	*/-A	9	2	18.18%	2	2	53	37	0.98	1	1	4	5	1	1	-A
I	2525713	C	*/-T	18	4	16.67%	2	2	35	39	0.98	1	1	14	4	3	1	-T
I	2556743	G	*/-A	2	2	50%	1	1	31	37	0.98	1	1	2	0	2	0	-A
I	2588021	C	+A/+A	1	4	80%	1	2	25	37	0.98	1	1	0	1	2	2	+A
I	2588066	C	+A/+A	0	4	100%	0	2	0	37	0.98	0	1	0	0	1	3	+A
I	2594263	C	+T/+T	0	14	100%	0	2	0	40	0.98	0	1	0	0	6	8	+T
I	2594324	T	+A/+A	3	9	75%	2	2	37	43	0.98	1	1	1	2	8	1	+A
I	2594351	T	+A/+A	1	6	85.71%	1	2	37	43	0.98	1	1	0	1	3	3	+A
I	2594391	A	+T/+T	0	7	100%	0	2	0	33	0.98	0	1	0	0	4	3	+T
I	2605860	G	-T/-T	1	15	93.75%	1	2	37	39	0.98	1	1	0	1	4	11	-T
I	2607669	A	+T/+T	1	21	95.45%	1	2	37	47	0.98	1	1	0	1	10	11	+T
I	2683902	T	-C/-C	0	9	100%	0	2	0	41	0.98	0	1	0	0	6	3	-C
I	2689254	A	*/-T	11	3	21.43%	2	1	51	45	0.98	1	1	9	2	3	0	-T
I	2747027	T	*/-A	4	3	42.86%	1	2	34	40	0.98	1	1	0	4	2	1	-A
I	2751236	T	-A/-A	3	16	76.19%	1	2	49	43	0.98	1	1	3	0	4	12	-A
I	2751236	T	*/-AA	3	2	9.52%	1	1	49	37	0.98	1	1	3	0	0	2	-A
I	2759871	T	+C/+C	0	4	100%	0	2	0	52	0.98	0	1	0	0	2	2	+C
I	2812650	C	*/-T	15	2	11.76%	2	1	42	37	0.98	1	1	9	6	2	0	-T
I	2897634	G	*/-TA	22	3	12%	2	2	49	33	0.98	1	1	8	14	1	2	-TA
I	2932642	C	*/-T	9	2	18.18%	2	1	40	55	0.98	1	1	7	2	0	2	-T
I	2932741	C	*/-AT	3	2	40%	2	1	53	31	0.98	1	1	1	2	0	2	-AT
I	2958937	G	*/-A	12	2	12.5%	2	1	39	25	0.98	1	1	10	2	0	2	-A
I	2958937	G	*/+A	12	2	12.5%	2	1	39	37	0.98	1	1	10	2	2	0	-A
I	3033347	C	*/-T	18	4	18.18%	2	2	41	37	0.98	1	1	13	5	2	2	-T
I	3084527	A	*/+AGT	26	3	10.34%	2	2	58	74	0.98	1	1	8	18	2	1	+AGT
I	3125118	A	+T/+T	0	12	100%	0	2	0	46	0.98	0	1	0	0	5	7	+T
I	3143388	C	+T/+T	0	9	100%	0	2	0	57	0.98	0	1	0	0	6	3	+T
I	3144699	T	*/-AA	8	2	20%	2	1	44	37	0.98	1	1	4	4	2	0	-AA
I	3159187	C	*/-CA	35	7	16.28%	2	2	47	42	0.98	1	1	20	15	5	2	-CA
I	3159994	C	*/+T	38	3	6.98%	2	1	41	36	0.98	1	1	27	11	3	0	+T
I	3166776	G	*/+TTT	3	3	37.5%	1	1	37	37	0.98	1	1	3	0	3	0	+TTT
I	3178494	C	+T/+T	0	16	100%	0	2	0	42	0.98	0	1	0	0	11	5	+T
I	3197528	A	+G/+G	0	44	100%	0	2	0	47	0.98	0	1	0	0	21	23	+G
I	3303394	C	*/-AT	12	2	13.33%	2	2	47	37	0.98	1	1	6	6	1	1	-AT
I	3380404	C	*/-A	13	2	11.76%	2	1	38	37	0.98	1	1	9	4	0	2	-A
I	3380404	C	*/+A	13	2	11.76%	2	1	38	55	0.98	1	1	9	4	2	0	-A
I	3410124	A	*/-T	11	2	15.38%	2	1	38	37	0.98	1	1	4	7	0	2	-T
I	3450130	G	-T/-T	2	21	91.3%	1	2	37	47	0.98	1	1	0	2	9	12	-T
I	3460318	T	+C/+C	0	10	90.91%	0	2	0	44	0.98	0	1	0	0	8	2	+C
I	3462650	A	*/-T	12	6	33.33%	2	2	46	41	0.98	1	1	4	8	4	2	-T
I	3518626	A	*/+T	29	2	6.45%	2	2	45	37	0.98	1	1	13	16	1	1	+T
I	3528664	G	*/+T	18	2	10%	2	2	48	74	0.98	1	1	10	8	1	1	+T
I	3538413	A	+T/+T	2	13	86.67%	2	2	55	45	0.98	1	1	1	1	7	6	+T
I	3538428	G	+T/+T	1	14	93.33%	1	2	74	41	0.98	1	1	1	0	6	8	+T
I	3538436	T	+A/+A	1	13	92.86%	1	2	37	42	0.98	1	1	1	0	5	8	+A
I	3538449	T	+TA/+TA	0	12	100%	0	2	0	45	0.98	0	1	0	0	6	6	+TA
I	3538456	A	+AT/+AT	1	12	92.31%	1	2	25	42	0.98	1	1	0	1	6	6	+AT
I	3576756	T	*/+TCTTCTC	1	3	42.86%	1	2	37	37	0.98	1	1	0	1	1	2	C
I	3576929	C	+T/+T	0	13	100%	0	2	0	41	0.98	0	1	0	0	7	6	+T
I	3577661	T	*/-C	22	8	26.67%	2	2	43	37	0.98	1	1	7	15	4	4	-C
I	3580034	C	*/+T	6	3	30%	2	2	31	32	0.98	1	1	5	1	1	2	+T
I	3609896	T	*/-A	5	3	33.33%	2	2	37	37	0.98	1	1	4	1	2	1	-A
I	3659724	C	*/-T	13	4	21.05%	2	2	40	46	0.98	1	1	9	4	3	1	-T
I	3665610	G	+C/+C	0	30	100%	0	2	0	48	0.98	0	1	0	0	14	16	+C
I	3700385	T	*/+A	2	6	50%	1	2	55	36	0.98	1	1	2	0	3	3	+A
I	3700385	T	*/+AA	2	3	25%	1	2	55	45	0.98	1	1	2	0	2	1	+A
I	3730369	A	+T/+T	2	16	88.89%	1	2	37	37	0.98	1	1	2	0	11	5	+T
I	3765328	C	*/+T	3	6	66.67%	2	1	53	39	0.98	1	1	2	1	6	0	+T
I	3765366	T	*/-A	9	4	30.77%	2	2	46	33	0.98	1	1	5	4	2	2	-A
I	3776888	C	*/-T	11	2	14.29%	2	2	39	36	0.98	1	1	6	5	1	1	-T
I	3776933	G	+A/+A	2	10	76.92%	1	1	42	40	0.98	1	1	2	0	0	10	+A
I	3825510	G	*/-T	11	2	15.38%	2	1	43	49	0.98	1	1	7	4	2	0	-T
I	3855790	G	-T/-T	0	11	100%	0	2	0	44	0.98	0	1	0	0	5	6	-T
I	3866132	G	*/-TA	7	2	18.18%	1	1	42	37	0.98	1	1	0	7	2	0	-TA
I	3880520	T	*/+A	23	2	7.69%	2	1	47	55	0.98	1	1	9	14	0	2	+A
I	3898271	C	*/+A	14	2	11.76%	2	1	47	55	0.98	1	1	5	9	0	2	+A
I	3940025	G	+T/+T	1	18	94.74%	1	2	37	52	0.98	1	1	0	1	5	13	+T
I	3992212	A	*/-AC	14	2	12.5%	2	2	45	37	0.98	1	1	5	9	1	1	-AC
I	3992213	A	*/-C	9	5	35.71%	2	2	42	44	0.98	1	1	4	5	1	4	-C
I	3995862	A	*/+T	76	5	6.17%	2	2	44	42	0.98	1	1	38	38	4	1	+T
I	3996048	G	*/-A	81	9	10%	2	2	47	57	0.98	1	1	35	46	3	6	-A
I	4004016	G	*/-T	3	3	37.5%	1	2	37	33	0.98	1	1	3	0	1	2	-T
I	4010237	A	*/-G	9	6	33.33%	2	1	45	37	0.98	1	1	8	1	6	0	-G
I	4010237	A	*/-GG	9	3	16.67%	2	1	45	37	0.98	1	1	8	1	3	0	-G
I	4055052	T	+A/+A	3	13	81.25%	2	2	49	45	0.98	1	1	2	1	10	3	+A
I	4062428	G	*/-A	37	2	5.13%	2	2	46	37	0.98	1	1	19	18	1	1	-A
I	4088162	G	*/+A	20	2	8.7%	2	1	44	37	0.98	1	1	11	9	2	0	+A
I	4153650	T	*/-C	19	2	9.52%	2	1	47	37	0.98	1	1	12	7	0	2	-C
I	4153651	C	*/-T	10	2	13.33%	2	2	36	49	0.98	1	1	8	2	1	1	-T
I	4153651	C	*/-TT	10	2	13.33%	2	2	36	55	0.98	1	1	8	2	1	1	-T
I	4179641	C	*/-A	9	3	21.43%	2	2	37	37	0.98	1	1	6	3	2	1	-A
I	4179641	C	*/+A	9	2	14.29%	2	1	37	37	0.98	1	1	6	3	2	0	-A
I	4179700	T	*/+A	7	2	22.22%	2	1	42	43	0.98	1	1	6	1	0	2	+A
I	4239381	C	*/-T	13	2	12.5%	2	1	46	37	0.98	1	1	6	7	0	2	-T
I	4276890	G	+T/+T	1	10	90.91%	1	2	25	40	0.98	1	1	1	0	5	5	+T
I	4304169	G	+A/+A	0	11	100%	0	2	0	40	0.98	0	1	0	0	5	6	+A
I	4374342	A	-G/-G	0	15	100%	0	2	0	48	0.98	0	1	0	0	10	5	-G
I	4407494	T	+G/+G	0	17	89.47%	0	2	0	65	0.98	0	1	0	0	8	9	+G
I	4410191	C	-G/-G	0	10	100%	0	2	0	43	0.98	0	1	0	0	7	3	-G
I	4414201	C	*/-T	5	5	45.45%	2	2	49	39	0.98	1	1	3	2	3	2	-T
I	4414723	T	*/+AAAA	8	2	16.67%	1	1	37	37	0.98	1	1	8	0	2	0	+AAAA
I	4414723	T	*/+AAAAA	8	2	16.67%	1	2	37	42	0.98	1	1	8	0	1	1	+AAAA
I	4431856	G	+A/+A	1	37	97.37%	1	2	37	46	0.98	1	1	1	0	15	22	+A
I	4431868	C	+A/+A	3	31	91.18%	1	2	37	45	0.98	1	1	0	3	15	16	+A
I	4431871	A	*/-T	32	2	5.71%	2	1	45	37	0.98	1	1	15	17	0	2	-T
I	4442621	A	*/-AT	32	3	8.57%	2	1	53	45	0.98	1	1	18	14	0	3	-AT
I	4455149	G	*/+A	3	4	57.14%	1	1	37	31	0.98	1	1	3	0	4	0	+A
I	4458392	A	*/-T	20	2	9.09%	2	2	46	74	0.98	1	1	13	7	1	1	-T
I	4507370	C	*/-A	11	5	29.41%	2	2	47	42	0.98	1	1	7	4	1	4	-A
I	4514478	T	*/-A	8	4	26.67%	2	2	39	37	0.98	1	1	6	2	3	1	-A
I	4604649	C	*/-T	7	2	22.22%	2	1	36	37	0.98	1	1	6	1	2	0	-T
I	4648159	T	*/-G	2	8	66.67%	2	2	55	52	0.98	1	1	1	1	5	3	-G
I	4648159	T	*/-GG	2	2	16.67%	2	2	55	62	0.98	1	1	1	1	1	1	-G
I	4656008	T	*/-G	33	2	5.71%	2	1	51	37	0.98	1	1	19	14	0	2	-G
I	4721875	G	+A/+A	0	9	100%	0	2	0	39	0.98	0	1	0	0	1	8	+A
I	4764253	G	*/+A	6	11	52.38%	2	2	43	43	0.98	1	1	4	2	7	4	+A
I	4764253	G	*/+AA	6	3	14.29%	2	2	43	40	0.98	1	1	4	2	2	1	+A
I	4837120	C	*/+A	20	2	9.09%	2	2	51	37	0.98	1	1	10	10	1	1	+A
I	4916623	C	*/-A	7	4	23.53%	2	2	42	58	0.98	1	1	4	3	2	2	-A
I	4916623	C	*/+A	7	4	23.53%	2	2	42	49	0.98	1	1	4	3	1	3	-A
I	4926046	C	*/+T	8	8	47.06%	2	2	42	35	0.98	1	1	6	2	7	1	+T
I	4984784	A	*/-T	8	5	31.25%	2	1	44	37	0.98	1	1	6	2	5	0	-T
I	4984784	A	*/-TT	8	2	12.5%	2	2	44	37	0.98	1	1	6	2	1	1	-T
I	5055030	G	*/-A	14	3	17.65%	2	2	46	49	0.98	1	1	4	10	1	2	-A
I	5073240	G	*/-A	9	3	25%	2	2	48	49	0.98	1	1	5	4	2	1	-A
I	5142627	A	+G/+G	0	19	95%	0	2	0	48	0.98	0	1	0	0	7	12	+G
I	5148414	T	-A/-A	1	12	92.31%	1	2	74	48	0.98	1	1	1	0	7	5	-A
I	5173087	C	*/+T	3	6	66.67%	1	2	45	55	0.98	1	1	3	0	2	4	+T
I	5173430	G	*/+T	6	15	60%	2	2	45	42	0.98	1	1	4	2	8	7	+T
I	5173430	G	*/+TT	6	2	8%	2	1	45	49	0.98	1	1	4	2	2	0	+T
I	5176926	T	*/+A	0	6	66.67%	0	2	0	35	0.98	0	1	0	0	4	2	+A
I	5176926	T	*/+AA	0	2	22.22%	0	2	0	42	0.98	0	1	0	0	1	1	+A
I	5177760	A	*/-TT	6	2	14.29%	1	2	36	42	0.98	1	1	6	0	1	1	-TT
I	5177760	A	*/-TTT	6	2	14.29%	1	2	36	36	0.98	1	1	6	0	1	1	-TT
I	5177760	A	*/+TT	6	2	14.29%	1	2	36	68	0.98	1	1	6	0	1	1	-TT
I	5266596	A	*/-T	18	2	9.09%	2	1	41	55	0.98	1	1	10	8	0	2	-T
I	5266596	A	*/+T	18	2	9.09%	2	2	41	55	0.98	1	1	10	8	1	1	-T
I	5363995	C	*/-A	16	4	18.18%	2	2	47	46	0.98	1	1	8	8	2	2	-A
I	5368262	T	-C/-C	0	29	100%	0	2	0	41	0.98	0	1	0	0	7	22	-C
I	5368273	G	+T/+T	1	38	92.68%	1	2	37	46	0.98	1	1	0	1	13	25	+T
I	5426622	C	*/+T	8	14	63.64%	2	2	43	38	0.98	1	1	5	3	6	8	+T
I	5547223	T	*/-A	9	4	30.77%	2	1	45	37	0.98	1	1	7	2	4	0	-A
I	5568055	C	*/-T	18	3	14.29%	2	2	42	34	0.98	1	1	4	14	2	1	-T
I	5569124	G	*/+GGCTGCTATAATCATTCCCAA	31	2	6.06%	2	2	50	37	0.98	1	1	9	22	1	1	+GGCTGCTATAATCATTCCCAA
I	5576850	T	*/-AA	2	4	57.14%	2	1	55	46	0.98	1	1	1	1	4	0	-AA
II	10254	T	*/-A	6	2	25%	2	1	33	31	0.98	1	1	5	1	0	2	-A
II	23557	G	*/-A	4	2	22.22%	2	1	40	49	0.98	1	1	3	1	0	2	-A
II	23557	G	*/-AA	4	2	22.22%	2	2	40	31	0.98	1	1	3	1	1	1	-A
II	43513	A	*/+T	21	2	8.7%	2	1	41	74	0.98	1	1	15	6	2	0	+T
II	128001	T	-A/-A	0	7	100%	0	2	0	52	0.98	0	1	0	0	3	4	-A
II	146079	T	-C/-C	3	23	88.46%	2	2	49	44	0.98	1	1	2	1	11	12	-C
II	201022	A	*/-T	7	3	30%	2	2	40	61	0.98	1	1	3	4	2	1	-T
II	229897	A	*/-T	16	7	26.92%	2	2	43	38	0.98	1	1	11	5	5	2	-T
II	229897	A	*/+T	16	2	7.69%	2	1	43	37	0.98	1	1	11	5	2	0	-T
II	243155	C	*/+A	9	2	15.38%	2	2	45	27	0.98	1	1	6	3	1	1	+A
II	257643	C	*/-T	16	2	11.11%	2	1	40	49	0.98	1	1	11	5	0	2	-T
II	365357	C	*/-T	7	2	22.22%	2	2	42	55	0.98	1	1	2	5	1	1	-T
II	410085	C	*/-T	6	5	29.41%	2	2	40	47	0.98	1	1	4	2	4	1	-T
II	410085	C	*/-TT	6	2	11.76%	2	1	40	37	0.98	1	1	4	2	2	0	-T
II	410085	C	*/+T	6	4	23.53%	2	2	40	36	0.98	1	1	4	2	3	1	+T
II	484534	A	*/+T	5	8	61.54%	2	2	39	40	0.98	1	1	4	1	3	5	+T
II	521731	G	*/-T	19	3	13.04%	2	2	47	49	0.98	1	1	14	5	2	1	-T
II	526955	T	*/-AC	27	4	12.9%	2	2	53	46	0.98	1	1	8	19	1	3	-AC
II	526959	T	*/+TTAG	27	4	12.9%	2	2	55	46	0.98	1	1	8	19	1	3	+TTAG
II	528051	A	*/-TG	37	2	5.13%	2	2	41	55	0.98	1	1	16	21	1	1	-TG
II	561064	T	*/-AA	7	2	20%	2	1	40	37	0.98	1	1	2	5	0	2	-AA
II	603279	A	-T/-T	0	11	100%	0	2	0	47	0.98	0	1	0	0	8	3	-T
II	603305	A	-C/-C	0	11	100%	0	2	0	55	0.98	0	1	0	0	7	4	-C
II	677175	G	*/+TA	26	2	6.9%	2	1	49	55	0.98	1	1	6	20	2	0	+TA
II	700009	T	-A/-A	1	12	92.31%	1	2	37	37	0.98	1	1	1	0	2	10	-A
II	716295	G	*/-T	6	2	18.18%	2	1	38	37	0.98	1	1	3	3	2	0	-T
II	716295	G	*/-TT	6	2	18.18%	2	2	38	49	0.98	1	1	3	3	1	1	-T
II	756993	C	*/-T	16	5	22.73%	2	2	41	44	0.98	1	1	9	7	4	1	-T
II	888599	A	-C/-C	0	6	100%	0	2	0	51	0.98	0	1	0	0	3	3	-C
II	889921	C	*/-T	15	2	11.76%	1	1	33	49	0.98	1	1	15	0	0	2	-T
II	890288	G	*/-A	17	2	10.53%	2	2	43	37	0.98	1	1	13	4	1	1	-A
II	901104	T	*/-A	20	2	9.09%	2	2	46	37	0.98	1	1	12	8	1	1	-A
II	903106	G	+T/+T	0	19	100%	0	2	0	44	0.98	0	1	0	0	7	12	+T
II	948303	T	*/+AA	10	5	31.25%	2	1	44	37	0.98	1	1	4	6	5	0	+AA
II	965517	C	*/-T	17	2	9.09%	2	1	45	31	0.98	1	1	7	10	2	0	-T
II	965517	C	*/+T	17	3	13.64%	2	2	45	40	0.98	1	1	7	10	2	1	+T
II	997695	A	*/+CAGTAG	19	3	13.64%	2	1	38	37	0.98	1	1	8	11	0	3	+CAGTAG
II	1019510	T	-A/-A	0	5	83.33%	0	2	0	37	0.98	0	1	0	0	3	2	-A
II	1069791	C	*/-A	15	2	11.11%	2	2	41	37	0.98	1	1	11	4	1	1	-A
II	1078264	T	*/-A	16	3	15%	2	1	45	45	0.98	1	1	10	6	0	3	-A
II	1079843	T	+A/+A	1	8	88.89%	1	2	37	40	0.98	1	1	1	0	3	5	+A
II	1104941	G	*/-T	8	2	20%	2	1	35	37	0.98	1	1	6	2	2	0	-T
II	1122580	C	*/-T	19	2	9.52%	2	1	47	37	0.98	1	1	11	8	0	2	-T
II	1163154	A	-T/-T	0	6	100%	0	2	0	53	0.98	0	1	0	0	4	2	-T
II	1187785	G	*/-T	17	4	17.39%	2	2	53	40	0.98	1	1	3	14	3	1	-T
II	1266289	T	+A/+A	2	9	81.82%	2	2	37	46	0.98	1	1	1	1	3	6	+A
II	1266955	G	*/-GA	48	3	5.77%	2	2	46	49	0.98	1	1	29	19	2	1	-GA
II	1277481	G	*/+T	2	4	30.77%	1	2	37	34	0.98	1	1	2	0	3	1	+T
II	1277481	G	*/+TT	2	4	30.77%	1	1	37	46	0.98	1	1	2	0	4	0	+T
II	1300076	A	*/-GAT	38	2	5%	2	2	50	25	0.98	1	1	23	15	1	1	-GAT
II	1308618	G	-T/-T	0	31	100%	0	2	0	46	0.98	0	1	0	0	15	16	-T
II	1365999	G	*/-T	10	6	31.58%	2	2	42	37	0.98	1	1	8	2	2	4	-T
II	1365999	G	*/-TT	10	2	10.53%	2	2	42	55	0.98	1	1	8	2	1	1	-T
II	1389139	C	*/-TT	2	2	15.38%	1	1	31	37	0.98	1	1	0	2	2	0	-TT
II	1389139	C	*/+T	2	4	30.77%	1	2	31	37	0.98	1	1	0	2	1	3	+T
II	1389139	C	*/+TT	2	3	23.08%	1	1	31	45	0.98	1	1	0	2	3	0	+T
II	1389144	T	*/+A	12	2	14.29%	2	1	46	37	0.98	1	1	6	6	0	2	+A
II	1407622	T	*/+GGA	34	2	5.56%	2	1	50	37	0.98	1	1	15	19	2	0	+GGA
II	1467485	C	*/-T	14	3	17.65%	2	1	33	37	0.98	1	1	6	8	0	3	-T
II	1512744	G	*/+C	24	2	7.69%	2	2	44	37	0.98	1	1	11	13	1	1	+C
II	1531449	G	*/-T	21	2	8.33%	2	1	44	55	0.98	1	1	11	10	0	2	-T
II	1555919	A	+TTTATT/+TTTATT	1	3	75%	1	2	37	37	0.98	1	1	1	0	2	1	+TTTATT
II	1571445	G	*/-TATA	16	2	11.11%	2	2	50	55	0.98	1	1	5	11	1	1	-TATA
II	1606686	A	*/+TGGAAGTGGTAAG	89	7	7.22%	2	2	47	47	0.98	1	1	40	49	6	1	+TGGAAGTGGTAAG
II	1612985	A	*/-ATAATG	11	2	14.29%	2	1	35	37	0.98	1	1	5	6	2	0	-ATAATG
II	1613132	A	*/-AT	9	3	25%	1	2	39	61	0.98	1	1	0	9	1	2	-AT
II	1618418	C	*/-A	30	2	5.71%	2	1	45	37	0.98	1	1	16	14	2	0	-A
II	1618418	C	*/+A	30	3	8.57%	2	1	45	49	0.98	1	1	16	14	3	0	+A
II	1634843	T	*/+ATTATC	11	2	14.29%	2	1	54	55	0.98	1	1	6	5	2	0	+ATTATC
II	1645549	C	*/+A	48	4	7.69%	2	2	47	43	0.98	1	1	32	16	3	1	+A
II	1645789	G	*/-TA	36	2	5.26%	2	1	42	37	0.98	1	1	12	24	2	0	-TA
II	1716256	G	*/+T	6	2	25%	2	1	43	37	0.98	1	1	4	2	2	0	+T
II	1716287	T	*/-G	8	7	46.67%	2	1	35	45	0.98	1	1	1	7	0	7	-G
II	1748915	A	*/-AATT	20	4	16.67%	2	2	51	37	0.98	1	1	7	13	2	2	-AATT
II	1818108	C	*/-T	10	9	47.37%	2	2	42	39	0.98	1	1	5	5	4	5	-T
II	1861420	T	-G/-G	1	27	96.43%	1	2	74	48	0.98	1	1	1	0	12	15	-G
II	1867795	A	+T/+T	0	8	88.89%	0	2	0	43	0.98	0	1	0	0	3	5	+T
II	1868122	G	*/+T	4	5	55.56%	1	2	37	33	0.98	1	1	4	0	4	1	+T
II	1873779	T	*/+A	2	5	71.43%	1	2	37	51	0.98	1	1	0	2	4	1	+A
II	1877294	A	+T/+T	0	10	100%	0	2	0	44	0.98	0	1	0	0	6	4	+T
II	1941697	A	*/-T	11	3	21.43%	2	1	52	61	0.98	1	1	9	2	3	0	-T
II	1941966	A	+T/+T	0	17	100%	0	2	0	51	0.98	0	1	0	0	8	9	+T
II	1941982	A	+T/+T	0	17	100%	0	2	0	47	0.98	0	1	0	0	8	9	+T
II	1948953	G	-A/-A	3	16	84.21%	1	2	37	50	0.98	1	1	0	3	7	9	-A
II	1950050	A	+G/+G	0	23	100%	0	2	0	48	0.98	0	1	0	0	11	12	+G
II	1952046	T	*/+TATTG	16	12	42.86%	2	2	43	48	0.98	1	1	7	9	6	6	+TATTG
II	1953407	T	*/-C	9	2	18.18%	2	2	46	61	0.98	1	1	1	8	1	1	-C
II	1955495	T	+A/+A	2	11	78.57%	1	2	31	36	0.98	1	1	2	0	6	5	+A
II	1960392	A	+G/+G	0	14	100%	0	2	0	39	0.98	0	1	0	0	5	9	+G
II	1987101	C	-G/-G	1	24	96%	1	2	37	44	0.98	1	1	1	0	11	13	-G
II	1987117	T	-G/-G	1	26	96.3%	1	2	37	46	0.98	1	1	1	0	9	17	-G
II	2012625	T	*/+C	36	2	5.26%	2	1	44	37	0.98	1	1	8	28	0	2	+C
II	2022968	A	*/+T	4	2	33.33%	2	1	46	37	0.98	1	1	1	3	0	2	+T
II	2049891	A	-T/-T	0	30	100%	0	2	0	45	0.98	0	1	0	0	17	13	-T
II	2053516	G	+C/+C	1	16	94.12%	1	2	25	38	0.98	1	1	1	0	7	9	+C
II	2108180	T	+A/+A	0	19	100%	0	2	0	44	0.98	0	1	0	0	11	8	+A
II	2147726	G	+T/+T	1	15	93.75%	1	2	74	49	0.98	1	1	1	0	10	5	+T
II	2187407	G	+A/+A	1	10	83.33%	1	2	74	44	0.98	1	1	1	0	6	4	+A
II	2219928	A	+T/+T	0	21	95.45%	0	2	0	43	0.98	0	1	0	0	12	9	+T
II	2293297	G	-A/-A	0	7	100%	0	2	0	42	0.98	0	1	0	0	3	4	-A
II	2443873	T	*/+AA	5	5	38.46%	2	2	37	41	0.98	1	1	4	1	4	1	+AA
II	2504242	C	*/-A	7	2	22.22%	2	1	47	49	0.98	1	1	3	4	2	0	-A
II	2567436	A	*/-T	18	2	10%	2	1	46	37	0.98	1	1	8	10	0	2	-T
II	2591913	T	*/-A	7	3	30%	2	2	33	36	0.98	1	1	4	3	2	1	-A
II	2592423	T	*/+A	4	9	69.23%	2	2	37	43	0.98	1	1	3	1	5	4	+A
II	2630607	C	*/+A	5	8	61.54%	2	1	50	33	0.98	1	1	4	1	0	8	+A
II	2640785	T	*/+A	5	12	70.59%	2	2	47	49	0.98	1	1	4	1	5	7	+A
II	2709414	G	+C/+C	2	21	91.3%	2	2	31	48	0.98	1	1	1	1	10	11	+C
II	2755338	C	*/-AT	8	9	47.37%	2	2	44	41	0.98	1	1	2	6	6	3	-AT
II	2755338	C	*/-ATAT	8	2	10.53%	2	2	44	49	0.98	1	1	2	6	1	1	-AT
II	2788933	C	+G/+G	0	21	100%	0	2	0	46	0.98	0	1	0	0	15	6	+G
II	2798040	C	-T/-T	1	19	95%	1	2	37	50	0.98	1	1	0	1	8	11	-T
II	2798514	A	-G/-G	0	9	100%	0	2	0	48	0.98	0	1	0	0	3	6	-G
II	2811495	C	-A/-A	0	18	100%	0	2	0	39	0.98	0	1	0	0	13	5	-A
II	2825193	A	*/-T	5	3	37.5%	2	2	39	61	0.98	1	1	3	2	1	2	-T
II	2826100	G	*/-A	16	4	17.39%	2	1	37	43	0.98	1	1	9	7	4	0	-A
II	2826100	G	*/+A	16	3	13.04%	2	1	37	40	0.98	1	1	9	7	3	0	-A
II	2894538	T	*/-A	4	9	64.29%	1	2	37	42	0.98	1	1	4	0	3	6	-A
II	2900889	A	*/-T	7	3	21.43%	2	2	52	49	0.98	1	1	6	1	1	2	-T
II	2900889	A	*/-TT	7	4	28.57%	2	1	52	43	0.98	1	1	6	1	4	0	-TT
II	2938956	C	+T/+T	1	9	90%	1	2	62	38	0.98	1	1	1	0	4	5	+T
II	3010975	G	*/-T	35	2	5.41%	2	1	48	37	0.98	1	1	18	17	0	2	-T
II	3028585	C	*/-AT	16	2	11.11%	2	2	43	49	0.98	1	1	7	9	1	1	-AT
II	3040332	C	+G/+G	1	36	94.74%	1	2	37	46	0.98	1	1	0	1	17	19	+G
II	3052192	A	*/-T	13	2	13.33%	2	1	42	55	0.98	1	1	8	5	2	0	-T
II	3154052	G	*/-T	9	4	25%	2	2	46	46	0.98	1	1	6	3	3	1	-T
II	3154052	G	*/+T	9	2	12.5%	2	1	46	31	0.98	1	1	6	3	0	2	-T
II	3171788	G	*/+A	2	2	40%	2	2	37	55	0.98	1	1	1	1	1	1	+A
II	3253453	C	*/+T	2	4	57.14%	2	2	42	37	0.98	1	1	1	1	2	2	+T
II	3380128	C	*/+T	6	2	22.22%	1	1	37	37	0.98	1	1	6	0	2	0	+T
II	3410437	G	*/-T	6	3	27.27%	2	2	41	40	0.98	1	1	4	2	2	1	-T
II	3432084	A	*/+G	26	2	7.14%	2	1	40	49	0.98	1	1	13	13	2	0	+G
II	3509251	T	*/-A	10	3	23.08%	2	1	60	37	0.98	1	1	7	3	3	0	-A
II	3540057	A	*/-T	13	5	27.78%	2	2	45	44	0.98	1	1	8	5	3	2	-T
II	3619003	A	+G/+G	1	29	93.55%	1	2	37	48	0.98	1	1	0	1	14	15	+G
II	3621704	A	*/+T	8	2	18.18%	2	1	41	37	0.98	1	1	3	5	2	0	+T
II	3622754	T	*/-A	13	2	13.33%	2	2	37	31	0.98	1	1	9	4	1	1	-A
II	3815025	C	*/-T	6	2	22.22%	2	1	37	49	0.98	1	1	5	1	0	2	-T
II	3838101	C	*/-A	2	2	50%	1	2	61	31	0.98	1	1	2	0	1	1	-A
II	3856896	A	*/-T	8	4	30.77%	2	2	37	43	0.98	1	1	3	5	1	3	-T
II	3860185	C	*/-TAGTA	15	11	39.29%	2	2	49	40	0.98	1	1	2	13	8	3	-TAGTA
II	3861514	C	*/+GG	4	2	33.33%	2	1	39	37	0.98	1	1	2	2	2	0	+GG
II	3869342	A	*/-AT	19	2	9.52%	2	2	51	74	0.98	1	1	8	11	1	1	-AT
II	3874773	T	*/-A	12	2	14.29%	2	2	52	37	0.98	1	1	5	7	1	1	-A
II	3954039	C	*/-T	19	4	14.81%	2	2	39	33	0.98	1	1	15	4	3	1	-T
II	3954039	C	*/+T	19	4	14.81%	2	2	39	46	0.98	1	1	15	4	3	1	-T
II	3975235	C	*/-AA	14	2	9.09%	2	2	42	49	0.98	1	1	11	3	1	1	-AA
II	3975235	C	*/+A	14	2	9.09%	2	1	42	49	0.98	1	1	11	3	2	0	-AA
II	3980468	C	*/-T	8	3	25%	2	2	35	33	0.98	1	1	7	1	1	2	-T
II	4006982	C	*/-A	7	3	25%	2	2	42	61	0.98	1	1	4	3	2	1	-A
II	4006982	C	*/+A	7	2	16.67%	2	1	42	55	0.98	1	1	4	3	2	0	-A
II	4031460	A	+T/+T	2	6	75%	1	2	37	45	0.98	1	1	2	0	3	3	+T
II	4254960	G	-A/-A	1	26	96.3%	1	2	37	51	0.98	1	1	1	0	9	17	-A
II	4264124	C	*/+TGA	35	6	14.63%	2	2	42	33	0.98	1	1	20	15	3	3	+TGA
II	4290954	G	*/+A	23	4	14.81%	2	1	45	34	0.98	1	1	17	6	0	4	+A
II	4308414	C	*/+A	7	9	52.94%	2	2	42	52	0.98	1	1	6	1	4	5	+A
II	4419921	T	*/+A	6	3	30%	2	2	49	36	0.98	1	1	5	1	1	2	+A
II	4497110	G	*/-T	7	2	20%	1	1	45	42	0.98	1	1	7	0	0	2	-T
II	4505641	C	*/-A	20	2	9.09%	2	1	46	55	0.98	1	1	13	7	2	0	-A
II	4513922	G	*/+GGCTGCTATAATCATTCCCAA	38	2	5%	2	1	48	37	0.98	1	1	11	27	0	2	+GGCTGCTATAATCATTCCCAA
II	4515621	C	*/+A	7	4	33.33%	2	1	43	37	0.98	1	1	3	4	4	0	+A
II	4517047	T	*/+TACTCATC	38	10	17.86%	2	2	41	43	0.98	1	1	20	18	7	3	+TACTCATC
II	4521677	T	*/-A	6	2	11.11%	2	1	45	37	0.98	1	1	2	4	2	0	-A
II	4521677	T	*/-AA	6	10	55.56%	2	2	45	46	0.98	1	1	2	4	6	4	-AA
II	4525340	G	*/-T	49	4	5.8%	2	2	42	52	0.98	1	1	25	24	2	2	-T
II	4525340	G	*/+T	49	13	18.84%	2	2	42	48	0.98	1	1	25	24	7	6	+T
II	4526843	C	*/-T	10	3	21.43%	2	2	36	40	0.98	1	1	9	1	1	2	-T
II	4528465	C	*/+GACAAT	58	13	18.31%	2	2	43	42	0.98	1	1	29	29	4	9	+GACAAT
II	4528483	T	*/-GACAATGACAGA	61	10	14.08%	2	2	43	40	0.98	1	1	23	38	8	2	-GACAATGACAGA
II	4529375	T	*/+ACAACGACAACGACAACG	43	12	17.65%	2	2	43	40	0.98	1	1	25	18	6	6	+ACAACGACAACGACAACG
II	4529375	T	*/+ACAACGACAACGACAACGACAACG	43	12	17.65%	2	2	43	52	0.98	1	1	25	18	4	8	+ACAACGACAACGACAACG
II	4533588	C	*/-T	35	18	33.96%	2	2	38	51	0.98	1	1	24	11	6	12	-T
II	4534880	A	*/-T	101	24	19.2%	2	2	45	40	0.98	1	1	43	58	9	15	-T
II	4535321	G	*/-GATAT	180	23	11.33%	2	2	43	39	0.98	1	1	91	89	10	13	-GATAT
II	4535523	T	*/+GTTACG	202	38	15.83%	2	2	46	48	0.98	1	1	64	138	10	28	+GTTACG
II	4535548	A	*/-TATGTG	192	32	14.29%	2	2	45	42	0.98	1	1	79	113	14	18	-TATGTG
II	4535645	G	*/-T	140	31	18.02%	2	2	51	48	0.98	1	1	81	59	16	15	-T
II	4535727	A	*/-G	89	15	14.42%	2	2	45	38	0.98	1	1	28	61	11	4	-G
II	4536728	A	*/+GAGAGTAGG	174	17	8.13%	2	2	49	45	0.98	1	1	80	94	5	12	G
II	4537213	G	*/+T	92	129	58.37%	2	2	46	52	0.98	1	1	55	37	72	57	+T
II	4537387	A	*/-AATAAGAG	61	113	64.94%	2	2	42	46	0.98	1	1	27	34	70	43	-AATAAGAG
II	4537655	A	*/+AAATG	42	7	14%	2	2	39	37	0.98	1	1	31	11	6	1	+AAATG
II	4537665	G	*/+AAATA	39	6	13.04%	2	1	38	40	0.98	1	1	27	12	6	0	+AAATA
II	4537712	T	*/-AAATAAAATTAATG	27	5	15.62%	2	2	40	37	0.98	1	1	16	11	3	2	-AAATAAAATTAATG
III	1558	G	*/-A	84	6	5.88%	2	2	40	35	0.98	1	1	32	52	3	3	-A
III	1558	G	*/+A	84	7	6.86%	2	2	40	38	0.98	1	1	32	52	3	4	+A
III	4729	A	*/-T	352	126	22.54%	2	2	48	49	0.98	1	1	239	113	56	70	-T
III	4729	A	*/+T	352	43	7.69%	2	2	48	52	0.98	1	1	239	113	22	21	-T
III	4952	C	*/+T	329	66	16.58%	2	2	41	48	0.98	1	1	214	115	20	46	+T
III	5403	C	*/-T	484	122	17.94%	2	2	41	43	0.98	1	1	326	158	66	56	-T
III	5403	C	*/-TT	484	40	5.88%	2	2	41	42	0.98	1	1	326	158	22	18	-T
III	9812	T	*/+A	148	26	14.86%	2	2	45	41	0.98	1	1	46	102	2	24	+A
III	10094	A	*/-T	81	6	6.9%	2	2	43	37	0.98	1	1	34	47	1	5	-T
III	12428	G	*/-A	86	6	5.88%	2	2	40	32	0.98	1	1	32	54	1	5	-A
III	12428	G	*/+A	86	8	7.84%	2	2	40	32	0.98	1	1	32	54	3	5	+A
III	15599	A	*/-T	368	140	23.89%	2	2	46	48	0.98	1	1	248	120	57	83	-T
III	15599	A	*/+T	368	43	7.34%	2	2	46	48	0.98	1	1	248	120	20	23	-T
III	15822	C	*/+T	306	65	16.97%	2	2	40	45	0.98	1	1	170	136	27	38	+T
III	16273	C	*/-T	466	137	20.03%	2	2	43	44	0.98	1	1	336	130	69	68	-T
III	16273	C	*/-TT	466	43	6.29%	2	2	43	43	0.98	1	1	336	130	23	20	-T
III	20682	T	*/+A	117	26	17.81%	2	1	45	44	0.98	1	1	27	90	0	26	+A
III	23298	G	*/-A	75	13	13.98%	2	2	41	51	0.98	1	1	30	45	6	7	-A
III	59772	C	*/+A	24	2	7.69%	2	1	47	37	0.98	1	1	12	12	2	0	+A
III	69589	T	*/-A	12	4	25%	2	1	35	37	0.98	1	1	5	7	0	4	-A
III	123319	T	*/+A	1	2	50%	1	1	74	55	0.98	1	1	0	1	0	2	+A
III	207168	T	*/-A	9	3	23.08%	2	2	46	33	0.98	1	1	7	2	2	1	-A
III	208140	C	*/-A	3	3	42.86%	2	2	40	33	0.98	1	1	2	1	2	1	-A
III	231435	G	*/-T	13	2	13.33%	2	1	48	49	0.98	1	1	2	11	2	0	-T
III	231502	G	*/-A	8	2	18.18%	2	2	47	42	0.98	1	1	6	2	1	1	-A
III	232115	A	*/-T	5	3	37.5%	1	2	61	45	0.98	1	1	5	0	1	2	-T
III	237048	G	*/-A	12	2	14.29%	2	1	41	49	0.98	1	1	10	2	0	2	-A
III	253907	A	*/+T	3	3	50%	2	1	37	29	0.98	1	1	2	1	0	3	+T
III	286478	C	-TT/-TT	0	8	100%	0	2	0	34	0.98	0	1	0	0	6	2	-TT
III	286594	T	*/+A	2	6	66.67%	1	2	37	36	0.98	1	1	2	0	4	2	+A
III	293096	G	*/-T	7	3	30%	2	1	45	49	0.98	1	1	3	4	3	0	-T
III	348685	G	*/-AT	36	4	10%	2	2	38	37	0.98	1	1	23	13	3	1	-AT
III	365747	C	-A/-A	2	20	83.33%	1	2	37	42	0.98	1	1	2	0	15	5	-A
III	365747	C	*/-AA	2	2	8.33%	1	2	37	55	0.98	1	1	2	0	1	1	-A
III	431910	C	*/-T	12	2	14.29%	2	1	46	37	0.98	1	1	8	4	0	2	-T
III	568658	C	*/-T	17	12	41.38%	2	2	47	40	0.98	1	1	12	5	9	3	-T
III	717677	A	-T/-T	1	6	85.71%	1	2	25	45	0.98	1	1	0	1	3	3	-T
III	719955	A	-C/-C	0	5	100%	0	2	0	37	0.98	0	1	0	0	3	2	-C
III	720559	C	*/-T	2	3	60%	1	1	61	33	0.98	1	1	0	2	3	0	-T
III	720683	A	+T/+T	1	9	90%	1	2	37	37	0.98	1	1	0	1	5	4	+T
III	762516	T	*/-A	9	4	28.57%	2	1	35	37	0.98	1	1	6	3	4	0	-A
III	791950	C	*/+T	25	2	7.14%	2	1	49	49	0.98	1	1	12	13	2	0	+T
III	822701	G	*/-T	18	3	13.64%	2	2	48	57	0.98	1	1	8	10	2	1	-T
III	867865	C	-T/-T	0	17	100%	0	2	0	44	0.98	0	1	0	0	3	14	-T
III	897531	C	*/+A	23	2	7.69%	2	1	44	37	0.98	1	1	14	9	2	0	+A
III	958241	C	*/-T	14	3	16.67%	2	2	34	52	0.98	1	1	12	2	2	1	-T
III	966124	G	*/-T	13	6	28.57%	1	1	37	37	0.98	1	1	13	0	6	0	-T
III	966124	G	*/+T	13	2	9.52%	1	1	37	37	0.98	1	1	13	0	2	0	-T
III	970548	C	*/-TT	3	2	40%	1	2	40	68	0.98	1	1	0	3	1	1	-TT
III	970892	C	*/+T	10	2	15.38%	2	1	35	36	0.98	1	1	7	3	2	0	+T
III	996949	A	*/-T	11	2	15.38%	2	2	53	37	0.98	1	1	8	3	1	1	-T
III	1016311	G	+C/+C	0	28	100%	0	2	0	42	0.98	0	1	0	0	17	11	+C
III	1040452	C	*/-T	10	2	15.38%	2	2	51	55	0.98	1	1	2	8	1	1	-T
III	1073505	T	*/+ATATAGAG	116	10	7.75%	2	2	49	48	0.98	1	1	75	41	6	4	+ATATAGAG
III	1079346	A	*/+G	119	9	7.03%	2	2	41	48	0.98	1	1	86	33	7	2	+G
III	1080146	T	*/+ATATAGAG	178	14	7.18%	2	2	45	40	0.98	1	1	70	108	9	5	+ATATAGAG
III	1082171	A	*/+TGGAAGTGGTAAG	125	12	8.76%	2	2	45	42	0.98	1	1	37	88	7	5	+TGGAAGTGGTAAG
III	1084026	A	*/+AGTGGTGATGGTT	62	5	7.25%	2	2	43	44	0.98	1	1	24	38	2	3	+AGTGGTGATGGTT
III	1087979	A	*/+G	64	4	5.88%	2	2	45	46	0.98	1	1	36	28	3	1	+G
III	1095550	G	*/-T	7	3	18.75%	2	2	49	45	0.98	1	1	5	2	2	1	-T
III	1095550	G	*/-TT	7	3	18.75%	2	2	49	45	0.98	1	1	5	2	2	1	-T
III	1103423	T	*/-A	5	3	21.43%	2	2	54	37	0.98	1	1	4	1	2	1	-A
III	1103423	T	*/-AA	5	4	28.57%	2	2	54	52	0.98	1	1	4	1	2	2	-AA
III	1104937	C	*/+T	13	2	12.5%	2	1	44	31	0.98	1	1	9	4	0	2	+T
III	1110132	C	*/+TCTCTATA	55	3	5.08%	2	2	52	61	0.98	1	1	33	22	2	1	+TCTCTATA
III	1110963	T	*/+C	54	7	11.48%	2	2	42	47	0.98	1	1	21	33	3	4	+C
III	1114914	T	*/+ACCACTAACCATC	42	5	10.42%	2	2	46	34	0.98	1	1	30	12	1	4	+ACCACTAACCATC
III	1117723	T	*/+C	69	7	9.21%	2	2	47	37	0.98	1	1	35	34	6	1	+C
III	1121674	T	*/+ACCACTAACCATC	37	5	11.9%	2	2	48	37	0.98	1	1	19	18	3	2	+ACCACTAACCATC
III	1124483	T	*/+C	55	9	14.06%	2	2	47	48	0.98	1	1	24	31	4	5	+C
III	1128434	T	*/+ACCACTAACCATC	40	6	13.04%	2	2	48	35	0.98	1	1	22	18	5	1	+ACCACTAACCATC
III	1135194	T	*/+ACCACTAACCATC	41	5	10.87%	2	2	45	34	0.98	1	1	22	19	3	2	+ACCACTAACCATC
III	1168362	G	*/-GA	6	3	30%	1	1	45	37	0.98	1	1	6	0	3	0	-GA
III	1239214	T	*/+AA	1	3	50%	1	2	37	37	0.98	1	1	1	0	1	2	+AA
III	1244495	G	*/-T	9	3	25%	2	2	49	37	0.98	1	1	5	4	2	1	-T
III	1252505	G	*/+TT	7	2	13.33%	2	2	38	42	0.98	1	1	6	1	1	1	+TT
III	1290991	A	*/-T	19	2	9.52%	2	1	46	37	0.98	1	1	12	7	2	0	-T
III	1341094	C	*/-T	16	2	11.11%	2	1	38	37	0.98	1	1	9	7	2	0	-T
III	1471894	T	*/-G	8	2	20%	2	1	40	55	0.98	1	1	5	3	2	0	-G
III	1510629	T	*/-A	12	2	13.33%	2	2	43	49	0.98	1	1	8	4	1	1	-A
III	1529684	C	*/-A	2	2	25%	1	2	31	31	0.98	1	1	2	0	1	1	-A
III	1529684	C	*/+A	2	3	37.5%	1	2	31	36	0.98	1	1	2	0	1	2	+A
III	1535109	G	*/+A	23	2	8%	2	1	41	31	0.98	1	1	12	11	0	2	+A
III	1547169	C	*/+A	5	2	25%	1	1	37	37	0.98	1	1	5	0	2	0	+A
III	1575951	G	*/+T	3	4	57.14%	1	2	45	37	0.98	1	1	0	3	1	3	+T
III	1581366	G	*/-T	8	3	27.27%	2	2	35	37	0.98	1	1	3	5	1	2	-T
III	1594933	T	*/-A	7	6	46.15%	2	1	42	41	0.98	1	1	4	3	0	6	-A
III	1674618	C	*/-T	9	3	23.08%	2	1	42	40	0.98	1	1	7	2	3	0	-T
III	1685487	G	+A/+A	1	16	94.12%	1	2	74	41	0.98	1	1	1	0	10	6	+A
III	1712983	G	*/-A	10	3	16.67%	2	1	42	37	0.98	1	1	7	3	3	0	-A
III	1712983	G	*/+A	10	3	16.67%	2	2	42	45	0.98	1	1	7	3	2	1	-A
III	1731050	C	*/+T	10	2	16.67%	2	1	43	31	0.98	1	1	5	5	0	2	+T
III	1756400	T	-A/-A	1	30	96.77%	1	2	37	45	0.98	1	1	1	0	11	19	-A
III	1758846	C	*/-A	7	4	36.36%	2	2	35	61	0.98	1	1	6	1	1	3	-A
III	1765612	C	*/-T	23	3	11.54%	2	2	50	49	0.98	1	1	13	10	1	2	-T
III	1774235	T	+GATC/+GATC	0	10	83.33%	0	2	0	35	0.98	0	1	0	0	7	3	+GATC
III	1925626	C	*/+A	5	4	40%	2	2	42	34	0.98	1	1	3	2	3	1	+A
III	1947823	A	*/-T	12	3	18.75%	2	1	43	37	0.98	1	1	5	7	3	0	-T
III	1965229	C	*/-A	5	2	28.57%	2	1	51	31	0.98	1	1	2	3	2	0	-A
III	2010864	G	*/-TA	25	2	7.41%	2	2	50	37	0.98	1	1	10	15	1	1	-TA
III	2076412	G	*/-T	8	4	28.57%	2	2	36	49	0.98	1	1	7	1	1	3	-T
III	2076412	G	*/-TT	8	2	14.29%	2	2	36	37	0.98	1	1	7	1	1	1	-T
III	2076980	A	*/-T	9	4	28.57%	2	2	39	55	0.98	1	1	4	5	1	3	-T
III	2168459	T	+A/+A	0	19	100%	0	2	0	46	0.98	0	1	0	0	10	9	+A
III	2257353	C	*/+A	22	2	7.41%	2	2	49	55	0.98	1	1	15	7	1	1	+A
III	2300104	A	*/-T	3	2	40%	2	2	37	37	0.98	1	1	1	2	1	1	-T
III	2309611	T	*/-A	8	3	20%	2	2	40	45	0.98	1	1	3	5	2	1	-A
III	2309611	T	*/-AA	8	2	13.33%	2	1	40	49	0.98	1	1	3	5	0	2	-A
III	2309611	T	*/+A	8	2	13.33%	2	1	40	25	0.98	1	1	3	5	0	2	-A
III	2310960	G	*/-A	8	2	20%	2	1	40	68	0.98	1	1	4	4	2	0	-A
III	2310968	A	*/+GGT	11	2	15.38%	2	1	38	74	0.98	1	1	7	4	2	0	+GGT
III	2443562	A	*/+T	13	37	74%	2	1	37	37	0.98	1	1	5	8	0	37	+T
III	2447848	T	*/-A	797	259	19.11%	2	2	44	40	0.98	1	1	585	212	207	52	-A
III	2447848	T	*/-AA	797	124	9.15%	2	2	44	42	0.98	1	1	585	212	90	34	-A
III	2447848	T	*/+A	797	112	8.27%	2	2	44	45	0.98	1	1	585	212	91	21	-A
III	2448309	T	-AA/-AA	41	495	90.83%	2	2	38	41	0.98	1	1	25	16	185	310	-AA
III	2448518	T	*/-A	681	210	20.06%	2	2	45	45	0.98	1	1	484	197	145	65	-A
III	2448518	T	*/-AA	681	69	6.59%	2	2	45	45	0.98	1	1	484	197	49	20	-A
III	2448518	T	*/+A	681	63	6.02%	2	2	45	46	0.98	1	1	484	197	35	28	-A
