Chrom	Position	Ref	Cons	Reads1	Reads2	VarFreq	Strands1	Strands2	Qual1	Qual2	Pvalue	MapQual1	MapQual2	Reads1Plus	Reads1Minus	Reads2Plus	Reads2Minus	VarAllele
chr_II_telomeric_gap	4294	A	*/-T	9	3	25%	2	2	39	40	0.98	1	1	3	6	2	1	-T
chr_II_telomeric_gap	6301	C	*/-AT	15	2	11.76%	2	2	43	37	0.98	1	1	5	10	1	1	-AT
chr_II_telomeric_gap	8538	G	*/-A	2	3	37.5%	1	1	28	37	0.98	1	1	2	0	3	0	-A
I	3160	A	*/+GTTGTCGTTGTCGTTGTC	60	10	12.2%	2	2	44	44	0.98	1	1	33	27	4	6	+GTTGTCGTTGTCGTTGTC
I	3160	A	*/+GTTGTCGTTGTCGTTGTCGTTGTC	60	11	13.41%	2	2	44	50	0.98	1	1	33	27	7	4	+GTTGTCGTTGTCGTTGTCGTTGTC
I	4047	C	*/-TGTCTCTGTCAT	79	10	11.24%	2	2	45	40	0.98	1	1	37	42	5	5	-TGTCTCTGTCAT
I	4053	C	*/+TGTCAT	65	12	14.81%	2	2	46	43	0.98	1	1	31	34	8	4	+TGTCAT
I	5674	T	*/-G	48	3	5.88%	2	1	39	33	0.98	1	1	37	11	0	3	-G
I	5677	G	*/-A	21	5	11.36%	2	1	38	39	0.98	1	1	18	3	5	0	-A
I	5677	G	*/-AA	21	5	11.36%	2	1	38	37	0.98	1	1	18	3	5	0	-A
I	5677	G	*/-AAA	21	4	9.09%	2	1	38	37	0.98	1	1	18	3	4	0	-A
I	5677	G	*/+A	21	3	6.82%	2	1	38	37	0.98	1	1	18	3	3	0	-A
I	6357	T	*/-AA	41	12	21.05%	2	2	47	41	0.98	1	1	22	19	4	8	-AA
I	7192	C	*/-A	37	3	5.45%	2	2	42	49	0.98	1	1	30	7	2	1	A
I	7192	C	*/+A	37	10	18.18%	2	2	42	42	0.98	1	1	30	7	7	3	+A
I	10859	G	*/-TT	7	8	53.33%	2	2	44	55	0.98	1	1	3	4	3	5	-TT
I	15734	C	*/-A	21	7	24.14%	2	2	44	40	0.98	1	1	16	5	3	4	-A
I	17760	A	*/-G	25	2	7.41%	2	1	44	37	0.98	1	1	12	13	0	2	-G
I	20545	C	*/+TTTTTTT	1	2	50%	1	2	37	31	0.98	1	1	0	1	1	1	+TTTTTTT
I	26559	C	*/+T	23	2	8%	2	1	42	31	0.98	1	1	11	12	0	2	+T
I	27402	A	*/+C	19	6	22.22%	2	1	45	37	0.98	1	1	6	13	0	6	+C
I	28398	A	*/+C	81	19	18.81%	2	2	46	60	0.98	1	1	20	61	8	11	+C
I	41770	C	*/-AT	34	2	5.41%	2	2	49	42	0.98	1	1	18	16	1	1	-AT
I	43335	G	*/-A	2	2	40%	1	1	37	37	0.98	1	1	2	0	2	0	-A
I	55244	T	*/-A	5	3	20%	2	1	39	40	0.98	1	1	3	2	3	0	-A
I	55244	T	*/-AA	5	5	33.33%	2	2	39	46	0.98	1	1	3	2	3	2	-AA
I	98884	C	*/+A	198	11	5.26%	2	2	49	67	0.98	1	1	98	100	6	5	+A
I	101871	A	+G/+G	1	33	97.06%	1	2	37	48	0.98	1	1	1	0	15	18	+G
I	190112	C	*/-A	5	2	25%	2	2	46	49	0.98	1	1	2	3	1	1	-A
I	206448	C	*/-T	12	3	17.65%	2	1	37	36	0.98	1	1	10	2	3	0	-T
I	206448	C	*/+T	12	2	11.76%	2	1	37	61	0.98	1	1	10	2	2	0	-T
I	232688	T	*/-A	7	2	22.22%	2	1	45	55	0.98	1	1	4	3	0	2	-A
I	301305	G	*/-T	16	2	11.11%	2	2	47	37	0.98	1	1	7	9	1	1	-T
I	381883	C	*/+A	6	2	22.22%	2	1	47	74	0.98	1	1	4	2	0	2	+A
I	414079	C	*/-T	14	2	11.76%	2	2	49	56	0.98	1	1	7	7	1	1	-T
I	440084	T	+A/+A	1	8	80%	1	2	37	40	0.98	1	1	1	0	7	1	+A
I	441614	C	*/-T	7	2	20%	2	1	42	31	0.98	1	1	5	2	2	0	-T
I	453369	G	*/-A	6	2	13.33%	1	1	37	55	0.98	1	1	6	0	2	0	-A
I	453369	G	*/+A	6	6	40%	1	1	37	43	0.98	1	1	6	0	6	0	+A
I	455981	A	*/-T	20	2	9.09%	2	2	36	31	0.98	1	1	9	11	1	1	-T
I	456726	G	*/-T	13	4	21.05%	2	2	46	52	0.98	1	1	7	6	2	2	-T
I	470378	A	-C/-C	1	14	93.33%	1	2	37	33	0.98	1	1	1	0	11	3	-C
I	470390	A	-C/-C	1	15	93.75%	1	2	37	39	0.98	1	1	0	1	11	4	-C
I	482737	A	+G/+G	1	32	94.12%	1	2	37	48	0.98	1	1	0	1	15	17	+G
I	517507	T	*/-A	31	2	5.71%	2	2	55	55	0.98	1	1	8	23	1	1	-A
I	517507	T	*/+A	31	2	5.71%	2	2	55	74	0.98	1	1	8	23	1	1	-A
I	521845	T	*/-A	17	4	19.05%	2	1	45	37	0.98	1	1	8	9	4	0	-A
I	554527	A	+T/+T	0	16	94.12%	0	2	0	43	0.98	0	1	0	0	11	5	+T
I	562745	A	*/-T	11	2	9.52%	2	2	37	42	0.98	1	1	10	1	1	1	-T
I	562745	A	*/+T	11	5	23.81%	2	2	37	51	0.98	1	1	10	1	3	2	+T
I	670032	C	+A/+A	3	43	93.48%	1	2	37	54	0.98	1	1	0	3	16	27	+A
I	682993	T	-C/-C	0	31	100%	0	2	0	48	0.98	0	1	0	0	4	27	-C
I	719597	G	*/-TA	47	3	5.88%	2	2	57	37	0.98	1	1	30	17	2	1	-TA
I	807903	A	*/-T	10	2	12.5%	2	2	51	55	0.98	1	1	1	9	1	1	-T
I	807903	A	*/+T	10	2	12.5%	2	2	51	37	0.98	1	1	1	9	1	1	-T
I	851935	C	*/+T	33	2	5.71%	2	1	53	37	0.98	1	1	17	16	0	2	+T
I	862962	C	+T/+T	2	10	83.33%	2	2	49	54	0.98	1	1	1	1	5	5	+T
I	934908	T	*/+AA	3	3	50%	1	2	37	29	0.98	1	1	3	0	1	2	+AA
I	960025	G	*/+T	5	7	58.33%	1	2	44	40	0.98	1	1	5	0	2	5	+T
I	965438	C	*/+A	3	2	25%	1	1	40	55	0.98	1	1	3	0	2	0	A
I	995070	G	*/-T	7	2	16.67%	2	1	32	42	0.98	1	1	4	3	0	2	-T
I	1048635	G	+A/+A	1	11	91.67%	1	2	37	50	0.98	1	1	1	0	6	5	+A
I	1052704	A	*/+T	17	2	10.53%	2	1	47	55	0.98	1	1	10	7	0	2	+T
I	1148104	A	+T/+T	1	3	75%	1	1	37	53	0.98	1	1	1	0	0	3	+T
I	1149923	C	*/-A	19	2	9.52%	2	1	42	37	0.98	1	1	9	10	2	0	-A
I	1185797	G	*/-A	10	3	21.43%	2	2	40	36	0.98	1	1	9	1	2	1	-A
I	1195686	T	*/+AA	26	2	7.14%	2	2	47	37	0.98	1	1	15	11	1	1	+AA
I	1206603	G	*/-T	45	5	9.62%	2	2	47	66	0.98	1	1	23	22	3	2	-T
I	1254655	T	*/-A	8	3	27.27%	2	2	40	29	0.98	1	1	6	2	2	1	-A
I	1274803	T	+A/+A	0	23	100%	0	2	0	42	0.98	0	1	0	0	6	17	+A
I	1290605	A	*/-T	14	5	20.83%	2	2	44	56	0.98	1	1	12	2	3	2	-T
I	1290605	A	*/+T	14	3	12.5%	2	1	44	33	0.98	1	1	12	2	3	0	-T
I	1358794	C	*/+A	7	4	33.33%	2	1	33	43	0.98	1	1	2	5	4	0	+A
I	1388146	G	*/+C	20	2	9.09%	2	1	44	37	0.98	1	1	8	12	2	0	+C
I	1424708	C	-A/-A	5	20	80%	2	2	47	49	0.98	1	1	2	3	9	11	-A
I	1454446	C	*/-A	24	2	7.69%	2	1	43	49	0.98	1	1	14	10	2	0	-A
I	1478066	G	*/-A	15	2	11.76%	2	1	43	37	0.98	1	1	13	2	2	0	-A
I	1496317	C	*/-A	5	8	42.11%	2	2	59	41	0.98	1	1	4	1	2	6	-A
I	1496317	C	*/-AA	5	5	26.32%	2	2	59	44	0.98	1	1	4	1	4	1	-A
I	1509277	C	*/+T	3	5	62.5%	1	2	49	44	0.98	1	1	3	0	1	4	+T
I	1595056	C	*/-T	7	2	11.76%	2	2	31	37	0.98	1	1	6	1	1	1	-T
I	1595056	C	*/-TT	7	2	11.76%	2	1	31	49	0.98	1	1	6	1	2	0	-T
I	1595056	C	*/+T	7	4	23.53%	2	2	31	37	0.98	1	1	6	1	2	2	+T
I	1623129	C	*/-A	15	2	11.76%	2	1	51	55	0.98	1	1	10	5	2	0	-A
I	1625092	T	+C/+C	0	14	100%	0	2	0	51	0.98	0	1	0	0	6	8	+C
I	1635508	G	*/+A	14	2	12.5%	2	2	59	37	0.98	1	1	7	7	1	1	+A
I	1719454	G	*/-T	9	2	15.38%	2	1	49	31	0.98	1	1	3	6	0	2	-T
I	1719454	G	*/+T	9	2	15.38%	2	2	49	55	0.98	1	1	3	6	1	1	-T
I	1765305	C	*/+A	6	2	25%	2	2	35	31	0.98	1	1	5	1	1	1	+A
I	1765306	C	*/+AA	2	2	33.33%	1	1	42	37	0.98	1	1	2	0	2	0	A
I	1777634	A	*/-T	6	4	36.36%	2	2	43	40	0.98	1	1	4	2	1	3	-T
I	1849285	C	*/-T	23	8	22.22%	2	2	46	50	0.98	1	1	11	12	4	4	-T
I	1849285	C	*/+T	23	3	8.33%	2	2	46	49	0.98	1	1	11	12	1	2	-T
I	1890183	A	*/-C	9	2	18.18%	2	1	59	37	0.98	1	1	2	7	0	2	-C
I	1890184	C	*/-A	2	5	55.56%	2	2	33	56	0.98	1	1	1	1	2	3	-A
I	1936294	G	+A/+A	0	14	93.33%	0	2	0	46	0.98	0	1	0	0	5	9	+A
I	1952313	A	+T/+T	5	27	84.38%	2	2	51	47	0.98	1	1	2	3	15	12	+T
I	1954162	C	*/-A	4	8	44.44%	2	2	49	37	0.98	1	1	2	2	6	2	-A
I	1954162	C	*/-AA	4	2	11.11%	2	2	49	49	0.98	1	1	2	2	1	1	-A
I	1955853	T	*/+A	6	2	20%	2	1	43	42	0.98	1	1	3	3	2	0	+A
I	1955853	T	*/+AA	6	2	20%	2	2	43	31	0.98	1	1	3	3	1	1	+A
I	2004012	T	*/+C	33	2	5.71%	2	2	50	37	0.98	1	1	18	15	1	1	+C
I	2025000	C	*/+T	6	4	25%	2	2	34	42	0.98	1	1	5	1	3	1	+T
I	2025000	C	*/+TT	6	2	12.5%	2	2	34	36	0.98	1	1	5	1	1	1	+T
I	2052488	A	*/-T	11	3	18.75%	2	2	43	37	0.98	1	1	8	3	2	1	-T
I	2136675	A	*/+GAAGAGGAAGCAGTC	13	3	18.75%	2	2	39	45	0.98	1	1	4	9	1	2	+GAAGAGGAAGCAGTC
I	2139856	G	+T/+T	1	3	75%	1	2	37	37	0.98	1	1	1	0	2	1	+T
I	2154491	T	+A/+A	0	24	100%	0	2	0	55	0.98	0	1	0	0	11	13	+A
I	2174555	C	*/-AA	8	2	16.67%	2	1	42	25	0.98	1	1	4	4	0	2	-AA
I	2227934	C	*/+AAA	6	2	25%	2	1	59	37	0.98	1	1	5	1	0	2	+AAA
I	2227936	T	*/+AA	0	3	37.5%	0	1	0	61	0.98	0	1	0	0	3	0	A
I	2227936	T	*/+AAA	0	2	25%	0	1	0	48	0.98	0	1	0	0	2	0	A
I	2231735	C	*/-A	11	2	12.5%	2	2	42	68	0.98	1	1	4	7	1	1	-A
I	2231735	C	*/+A	11	3	18.75%	2	2	42	61	0.98	1	1	4	7	1	2	+A
I	2273201	T	*/-AA	14	2	11.11%	2	1	35	48	0.98	1	1	8	6	2	0	-AA
I	2288240	C	-G/-G	1	25	96.15%	1	2	37	50	0.98	1	1	0	1	14	11	-G
I	2292331	C	*/-T	10	2	15.38%	2	2	40	49	0.98	1	1	7	3	1	1	-T
I	2292695	C	*/-T	8	3	27.27%	2	2	41	49	0.98	1	1	6	2	2	1	-T
I	2322454	A	*/+G	24	2	7.69%	2	1	52	31	0.98	1	1	15	9	2	0	+G
I	2322636	C	*/-A	13	4	20%	1	1	42	37	0.98	1	1	13	0	4	0	-A
I	2322636	C	*/-AA	13	2	10%	1	1	42	37	0.98	1	1	13	0	2	0	-A
I	2327021	C	*/+A	13	3	18.75%	2	1	38	49	0.98	1	1	5	8	3	0	+A
I	2343703	G	+A/+A	0	14	100%	0	2	0	50	0.98	0	1	0	0	9	5	+A
I	2386091	A	*/+T	26	2	7.14%	2	2	45	37	0.98	1	1	11	15	1	1	+T
I	2401096	C	*/-A	13	2	13.33%	2	1	48	37	0.98	1	1	9	4	2	0	-A
I	2421576	A	-C/-C	2	17	89.47%	2	2	55	42	0.98	1	1	1	1	9	8	-C
I	2431043	C	*/-TCT	33	2	5.71%	2	1	42	37	0.98	1	1	13	20	0	2	-TCT
I	2443651	C	*/-A	11	2	12.5%	2	2	44	31	0.98	1	1	6	5	1	1	-A
I	2443651	C	*/+A	11	2	12.5%	2	2	44	74	0.98	1	1	6	5	1	1	-A
I	2499149	A	-T/-T	4	18	78.26%	1	2	64	46	0.98	1	1	4	0	5	13	-T
I	2507462	T	+A/+A	1	18	94.74%	1	2	74	43	0.98	1	1	0	1	15	3	+A
I	2510060	T	+A/+A	2	14	87.5%	2	2	74	44	0.98	1	1	1	1	10	4	+A
I	2525713	C	*/-T	14	4	19.05%	2	2	41	49	0.98	1	1	12	2	2	2	-T
I	2525713	C	*/+T	14	3	14.29%	2	2	41	57	0.98	1	1	12	2	2	1	-T
I	2578262	T	*/-A	9	4	28.57%	2	1	45	49	0.98	1	1	1	8	0	4	-A
I	2588021	C	+A/+A	0	7	100%	0	2	0	47	0.98	0	1	0	0	1	6	+A
I	2588066	C	+A/+A	0	6	100%	0	2	0	43	0.98	0	1	0	0	1	5	+A
I	2594263	C	+T/+T	0	7	100%	0	2	0	42	0.98	0	1	0	0	2	5	+T
I	2594324	T	+A/+A	2	8	80%	1	2	37	50	0.98	1	1	0	2	5	3	+A
I	2594351	T	+A/+A	0	7	87.5%	0	2	0	47	0.98	0	1	0	0	5	2	+A
I	2594391	A	+T/+T	0	7	100%	0	2	0	47	0.98	0	1	0	0	6	1	+T
I	2605860	G	-T/-T	6	21	77.78%	2	2	41	41	0.98	1	1	2	4	13	8	-T
I	2607669	A	+T/+T	0	24	100%	0	2	0	44	0.98	0	1	0	0	10	14	+T
I	2641998	C	*/+T	3	4	44.44%	1	2	40	48	0.98	1	1	3	0	1	3	+T
I	2683902	T	-C/-C	0	23	100%	0	2	0	46	0.98	0	1	0	0	10	13	-C
I	2689254	A	*/-T	10	5	31.25%	2	2	44	59	0.98	1	1	5	5	1	4	-T
I	2747027	T	*/-A	7	5	35.71%	2	2	38	47	0.98	1	1	4	3	3	2	-A
I	2747027	T	*/-AA	7	2	14.29%	2	1	38	49	0.98	1	1	4	3	2	0	-A
I	2751236	T	-A/-A	2	20	80%	1	2	55	41	0.98	1	1	2	0	12	8	-A
I	2751236	T	*/-AA	2	3	12%	1	2	55	49	0.98	1	1	2	0	1	2	-A
I	2759871	T	*/+C	3	4	50%	2	2	37	46	0.98	1	1	1	2	3	1	+C
I	2804352	A	*/+T	17	2	10.53%	2	1	47	31	0.98	1	1	5	12	0	2	+T
I	2881073	G	*/-A	10	2	16.67%	2	2	41	55	0.98	1	1	5	5	1	1	-A
I	2983354	C	*/-T	25	2	7.41%	2	2	50	37	0.98	1	1	11	14	1	1	-T
I	3033347	C	*/-T	18	4	15.38%	2	2	40	40	0.98	1	1	11	7	3	1	-T
I	3033347	C	*/+T	18	2	7.69%	2	1	40	55	0.98	1	1	11	7	0	2	-T
I	3076257	A	*/+C	26	5	16.13%	2	2	49	51	0.98	1	1	12	14	4	1	+C
I	3084527	A	*/+AGT	31	2	6.06%	2	1	54	74	0.98	1	1	17	14	0	2	+AGT
I	3125118	A	+T/+T	1	12	92.31%	1	2	37	46	0.98	1	1	0	1	5	7	+T
I	3144699	T	*/-AA	5	2	25%	2	2	34	42	0.98	1	1	3	2	1	1	-AA
I	3159994	C	*/-T	55	6	8.7%	2	1	42	41	0.98	1	1	39	16	6	0	-T
I	3159994	C	*/+T	55	6	8.7%	2	2	42	55	0.98	1	1	39	16	3	3	-T
I	3166776	G	*/+TT	4	2	9.52%	2	1	37	37	0.98	1	1	3	1	2	0	+TT
I	3166776	G	*/+TTT	4	12	57.14%	2	2	37	44	0.98	1	1	3	1	8	4	+TTT
I	3178494	C	+T/+T	1	15	93.75%	1	2	74	46	0.98	1	1	1	0	8	7	+T
I	3184255	T	*/-A	11	3	17.65%	2	2	41	61	0.98	1	1	6	5	2	1	-A
I	3184255	T	*/+A	11	3	17.65%	2	1	41	45	0.98	1	1	6	5	0	3	-A
I	3197528	A	+G/+G	2	38	95%	2	2	37	49	0.98	1	1	1	1	23	15	+G
I	3299997	G	*/-A	29	2	6.25%	2	2	45	31	0.98	1	1	20	9	1	1	-A
I	3404612	C	*/-T	4	3	42.86%	2	2	46	45	0.98	1	1	3	1	2	1	-T
I	3404991	C	*/-T	4	2	25%	1	1	37	31	0.98	1	1	4	0	2	0	-T
I	3450130	G	-T/-T	0	14	100%	0	2	0	51	0.98	0	1	0	0	7	7	-T
I	3460318	T	+C/+C	0	13	100%	0	2	0	43	0.98	0	1	0	0	7	6	+C
I	3460476	G	*/-A	8	2	20%	2	2	35	37	0.98	1	1	4	4	1	1	-A
I	3462650	A	*/-T	12	2	13.33%	2	2	36	55	0.98	1	1	4	8	1	1	-T
I	3503093	T	*/-GCAACA	56	4	6.67%	2	2	49	46	0.98	1	1	23	33	2	2	-GCAACA
I	3538413	A	+T/+T	1	14	93.33%	1	2	25	46	0.98	1	1	0	1	6	8	+T
I	3538428	G	+T/+T	1	17	94.44%	1	2	25	45	0.98	1	1	0	1	6	11	+T
I	3538436	T	+A/+A	2	16	88.89%	1	2	37	45	0.98	1	1	2	0	4	12	+A
I	3538449	T	+TA/+TA	1	13	92.86%	1	2	37	43	0.98	1	1	0	1	3	10	+TA
I	3538456	A	+AT/+AT	0	13	100%	0	2	0	44	0.98	0	1	0	0	3	10	+AT
I	3576756	T	*/+TCTTCTC	2	2	22.22%	1	1	37	55	0.98	1	1	0	2	0	2	C
I	3576929	C	*/+T	4	6	54.55%	1	2	40	34	0.98	1	1	4	0	3	3	+T
I	3578638	A	*/-T	5	6	50%	2	2	44	33	0.98	1	1	1	4	1	5	-T
I	3580034	C	*/+T	1	5	62.5%	1	2	36	46	0.98	1	1	1	0	3	2	+T
I	3609896	T	*/-A	11	2	14.29%	2	2	37	37	0.98	1	1	10	1	1	1	-A
I	3610406	T	*/+AA	5	2	28.57%	2	2	42	37	0.98	1	1	1	4	1	1	+AA
I	3649532	C	*/-T	31	2	6.06%	2	2	51	49	0.98	1	1	16	15	1	1	-T
I	3659473	G	*/+A	24	2	7.41%	2	2	45	37	0.98	1	1	15	9	1	1	+A
I	3659724	C	*/-T	17	2	9.09%	2	1	40	36	0.98	1	1	12	5	0	2	-T
I	3659724	C	*/+T	17	3	13.64%	2	1	40	41	0.98	1	1	12	5	3	0	+T
I	3665610	G	+C/+C	1	45	97.83%	1	2	37	45	0.98	1	1	1	0	24	21	+C
I	3697764	A	*/+T	31	2	6.06%	2	2	48	37	0.98	1	1	18	13	1	1	+T
I	3700385	T	*/+A	4	3	17.65%	2	2	55	70	0.98	1	1	2	2	1	2	+A
I	3700385	T	*/+AA	4	9	52.94%	2	2	55	42	0.98	1	1	2	2	5	4	+AA
I	3730369	A	+T/+T	2	20	90.91%	2	2	37	39	0.98	1	1	1	1	14	6	+T
I	3736072	C	*/+T	13	2	13.33%	2	2	47	37	0.98	1	1	3	10	1	1	+T
I	3747341	A	*/+C	25	3	10.71%	2	2	47	74	0.98	1	1	16	9	2	1	+C
I	3765328	C	+T/+T	1	13	86.67%	1	1	37	40	0.98	1	1	1	0	13	0	+T
I	3776888	C	*/-T	9	2	18.18%	2	1	39	37	0.98	1	1	8	1	2	0	-T
I	3776933	G	+A/+A	3	9	75%	2	2	49	38	0.98	1	1	2	1	2	7	+A
I	3850523	C	*/-T	19	3	13.64%	2	2	49	53	0.98	1	1	12	7	1	2	-T
I	3855790	G	-T/-T	2	10	83.33%	2	2	37	40	0.98	1	1	1	1	8	2	-T
I	3866132	G	*/-TA	9	4	30.77%	2	2	43	49	0.98	1	1	6	3	3	1	-TA
I	3876451	A	*/+G	57	4	6.56%	2	1	48	46	0.98	1	1	40	17	4	0	+G
I	3940025	G	+T/+T	2	25	89.29%	1	2	49	48	0.98	1	1	2	0	11	14	+T
I	3950409	T	*/+A	14	3	17.65%	2	2	45	49	0.98	1	1	10	4	1	2	+A
I	3984736	A	*/-GGT	133	8	5.67%	2	2	48	38	0.98	1	1	36	97	2	6	-GGT
I	3992188	G	*/+A	10	2	16.67%	2	1	39	37	0.98	1	1	7	3	2	0	+A
I	3992212	A	*/-AC	15	3	16.67%	2	2	45	37	0.98	1	1	4	11	2	1	-AC
I	3992213	A	*/-C	15	2	11.76%	2	2	46	49	0.98	1	1	3	12	1	1	-C
I	3993810	T	*/-A	4	3	42.86%	2	2	37	37	0.98	1	1	2	2	2	1	-A
I	3995023	C	*/-T	4	3	42.86%	2	2	33	36	0.98	1	1	3	1	2	1	-T
I	3995862	A	*/+T	86	9	9.38%	2	2	47	53	0.98	1	1	44	42	7	2	+T
I	3996048	G	*/-A	108	9	7.69%	2	2	49	61	0.98	1	1	62	46	1	8	-A
I	4004016	G	*/-T	11	3	15.79%	2	2	50	33	0.98	1	1	5	6	1	2	-T
I	4004016	G	*/-TT	11	2	10.53%	2	1	50	37	0.98	1	1	5	6	2	0	-T
I	4004016	G	*/+T	11	3	15.79%	2	2	50	33	0.98	1	1	5	6	1	2	+T
I	4005819	C	*/-A	15	2	11.76%	2	2	45	55	0.98	1	1	7	8	1	1	-A
I	4010237	A	*/-G	12	5	22.73%	2	1	46	37	0.98	1	1	10	2	5	0	-G
I	4010237	A	*/-GG	12	4	18.18%	2	1	46	37	0.98	1	1	10	2	4	0	-G
I	4055052	T	*/+A	6	16	72.73%	2	2	35	46	0.98	1	1	5	1	11	5	+A
I	4177950	T	*/+A	19	2	9.52%	2	2	47	37	0.98	1	1	12	7	1	1	+A
I	4179641	C	*/-A	18	2	9.52%	2	1	40	37	0.98	1	1	13	5	2	0	-A
I	4179701	C	*/+T	8	2	20%	2	2	28	25	0.98	1	1	7	1	1	1	+T
I	4239381	C	*/+T	13	2	13.33%	2	1	40	37	0.98	1	1	6	7	0	2	+T
I	4276890	G	+T/+T	3	14	82.35%	2	2	53	52	0.98	1	1	2	1	8	6	+T
I	4304169	G	+A/+A	1	14	93.33%	1	2	74	46	0.98	1	1	1	0	7	7	+A
I	4338694	G	*/-T	22	2	8.33%	2	1	47	55	0.98	1	1	15	7	2	0	-T
I	4374342	A	-G/-G	0	31	100%	0	2	0	47	0.98	0	1	0	0	19	12	-G
I	4407494	T	+G/+G	0	27	96.43%	0	2	0	52	0.98	0	1	0	0	10	17	+G
I	4410191	C	-G/-G	2	15	88.24%	1	2	55	41	0.98	1	1	2	0	9	6	-G
I	4414201	C	*/-T	1	3	50%	1	1	29	33	0.98	1	1	1	0	0	3	-T
I	4414201	C	*/-TT	1	2	33.33%	1	2	29	43	0.98	1	1	1	0	1	1	-T
I	4431856	G	+A/+A	0	42	100%	0	2	0	47	0.98	0	1	0	0	18	24	+A
I	4431868	C	+A/+A	1	40	95.24%	1	2	62	46	0.98	1	1	1	0	18	22	+A
I	4442621	A	*/-AT	34	6	15%	2	2	57	59	0.98	1	1	14	20	5	1	-AT
I	4455149	G	+A/+A	1	8	88.89%	1	2	37	42	0.98	1	1	1	0	6	2	+A
I	4514478	T	*/-AA	10	5	33.33%	2	2	44	44	0.98	1	1	8	2	4	1	-AA
I	4533252	C	*/-T	7	3	25%	2	2	46	58	0.98	1	1	4	3	2	1	-T
I	4533252	C	*/+T	7	2	16.67%	2	1	46	31	0.98	1	1	4	3	0	2	-T
I	4604648	T	*/-C	12	2	14.29%	2	1	45	55	0.98	1	1	9	3	0	2	-C
I	4648159	T	*/-G	3	15	71.43%	2	2	45	48	0.98	1	1	2	1	10	5	-G
I	4648159	T	*/-GG	3	3	14.29%	2	2	45	49	0.98	1	1	2	1	2	1	-G
I	4690361	G	*/-AA	28	2	6.67%	2	2	52	37	0.98	1	1	14	14	1	1	-AA
I	4721875	G	+A/+A	1	8	88.89%	1	2	74	47	0.98	1	1	1	0	1	7	+A
I	4760698	T	*/-A	15	3	16.67%	2	2	53	70	0.98	1	1	8	7	1	2	-A
I	4764253	G	*/+A	4	11	68.75%	2	2	34	36	0.98	1	1	3	1	6	5	+A
I	4867628	C	*/+A	24	2	7.41%	2	1	43	37	0.98	1	1	13	11	2	0	+A
I	4916623	C	*/-A	14	5	23.81%	2	2	42	32	0.98	1	1	9	5	3	2	-A
I	4926046	C	*/+T	10	6	35.29%	2	1	35	38	0.98	1	1	7	3	6	0	+T
I	4984784	A	*/-T	7	2	13.33%	2	1	47	36	0.98	1	1	6	1	2	0	-T
I	4984784	A	*/-TT	7	4	26.67%	2	1	47	46	0.98	1	1	6	1	4	0	-TT
I	4984784	A	*/+T	7	2	13.33%	2	1	47	37	0.98	1	1	6	1	2	0	-TT
I	5060109	A	*/+T	18	2	9.52%	2	2	42	37	0.98	1	1	7	11	1	1	+T
I	5064221	G	*/+T	24	5	17.24%	2	1	41	49	0.98	1	1	10	14	0	5	+T
I	5073240	G	*/+A	25	2	7.14%	2	2	50	42	0.98	1	1	15	10	1	1	+A
I	5078848	G	*/-A	10	2	15.38%	2	2	44	37	0.98	1	1	6	4	1	1	-A
I	5142627	A	+G/+G	1	11	91.67%	1	2	74	55	0.98	1	1	1	0	2	9	+G
I	5148414	T	-A/-A	1	20	95.24%	1	2	37	53	0.98	1	1	1	0	13	7	-A
I	5159554	C	*/-T	24	2	7.41%	2	1	47	36	0.98	1	1	9	15	0	2	-T
I	5173087	C	*/+T	8	12	60%	2	2	52	50	0.98	1	1	7	1	8	4	+T
I	5173430	G	*/+T	3	11	73.33%	1	2	37	45	0.98	1	1	3	0	5	6	+T
I	5177760	A	*/-T	16	3	15%	2	2	37	36	0.98	1	1	13	3	2	1	-T
I	5200876	C	*/+A	14	2	11.76%	2	2	56	37	0.98	1	1	9	5	1	1	+A
I	5266596	A	*/-T	19	3	13.04%	2	2	43	49	0.98	1	1	8	11	1	2	-T
I	5341182	C	*/+A	23	2	8%	2	1	49	37	0.98	1	1	9	14	2	0	+A
I	5352025	G	*/-T	17	2	10.53%	2	1	45	37	0.98	1	1	7	10	0	2	-T
I	5363995	C	*/-A	21	3	12.5%	2	1	48	37	0.98	1	1	9	12	0	3	-A
I	5368262	T	-C/-C	1	50	98.04%	1	2	37	51	0.98	1	1	0	1	19	31	-C
I	5368273	G	+T/+T	3	51	94.44%	1	2	49	49	0.98	1	1	0	3	19	32	+T
I	5374905	C	*/+T	22	2	8.33%	2	2	50	37	0.98	1	1	14	8	1	1	+T
I	5426622	C	+T/+T	3	20	83.33%	1	2	33	36	0.98	1	1	3	0	14	6	+T
I	5537573	G	*/-T	23	2	8%	2	1	47	49	0.98	1	1	6	17	2	0	-T
I	5547223	T	*/-A	12	2	12.5%	2	2	42	55	0.98	1	1	11	1	1	1	-A
I	5547223	T	*/+A	12	2	12.5%	2	1	42	55	0.98	1	1	11	1	0	2	-A
I	5548073	A	*/-T	11	2	15.38%	2	2	48	37	0.98	1	1	9	2	1	1	-T
I	5555289	T	*/-A	11	2	15.38%	2	2	49	37	0.98	1	1	7	4	1	1	-A
I	5559365	C	*/-T	4	2	33.33%	1	2	37	31	0.98	1	1	4	0	1	1	-T
I	5567937	C	*/-A	12	3	16.67%	2	1	41	37	0.98	1	1	10	2	3	0	-A
I	5567937	C	*/+A	12	3	16.67%	2	2	41	45	0.98	1	1	10	2	2	1	-A
I	5573647	T	*/-C	47	4	7.84%	2	2	43	58	0.98	1	1	25	22	1	3	-C
I	5576850	T	*/-AA	7	9	52.94%	2	2	61	45	0.98	1	1	3	4	4	5	-AA
II	1381	A	*/-G	85	5	5.56%	2	2	50	44	0.98	1	1	41	44	3	2	-G
II	5109	A	*/+C	84	7	7.69%	2	2	46	58	0.98	1	1	23	61	3	4	+C
II	5178	C	*/+A	53	3	5.36%	2	2	51	61	0.98	1	1	26	27	2	1	+A
II	15830	T	*/+A	3	4	50%	2	1	37	46	0.98	1	1	1	2	4	0	+A
II	16652	G	*/-T	24	2	7.69%	2	1	44	55	0.98	1	1	16	8	2	0	-T
II	31617	A	*/-T	2	2	50%	1	2	37	55	0.98	1	1	0	2	1	1	-T
II	46913	T	*/-A	12	2	12.5%	2	1	43	37	0.98	1	1	11	1	2	0	-A
II	113240	T	*/-A	3	2	28.57%	2	1	41	43	0.98	1	1	2	1	0	2	-A
II	113240	T	*/+A	3	2	28.57%	2	1	41	37	0.98	1	1	2	1	2	0	-A
II	121588	G	*/+T	10	4	28.57%	2	2	34	71	0.98	1	1	6	4	2	2	+T
II	128001	T	-A/-A	1	11	91.67%	1	2	37	48	0.98	1	1	0	1	8	3	-A
II	146079	T	-C/-C	2	23	92%	2	2	37	43	0.98	1	1	1	1	8	15	-C
II	201022	A	*/-T	14	3	17.65%	2	2	47	45	0.98	1	1	8	6	1	2	-T
II	229897	A	*/-T	43	15	23.81%	2	2	44	43	0.98	1	1	35	8	10	5	-T
II	320661	G	*/-A	21	4	16%	2	2	47	36	0.98	1	1	10	11	2	2	-A
II	331894	C	*/-T	9	2	16.67%	2	1	47	37	0.98	1	1	6	3	2	0	-T
II	383156	C	*/-T	21	2	8.7%	2	1	47	55	0.98	1	1	13	8	2	0	-T
II	410085	C	*/-T	13	5	25%	2	2	43	48	0.98	1	1	9	4	4	1	-T
II	434688	C	*/+T	9	2	18.18%	2	2	39	42	0.98	1	1	4	5	1	1	+T
II	483124	A	*/+T	28	4	12.5%	2	2	41	37	0.98	1	1	8	20	2	2	+T
II	484534	A	*/+T	5	5	50%	2	1	37	29	0.98	1	1	1	4	0	5	+T
II	516071	T	*/-A	10	2	16.67%	2	1	45	55	0.98	1	1	4	6	0	2	-A
II	520627	C	*/-T	5	2	28.57%	1	1	46	37	0.98	1	1	5	0	2	0	-T
II	521731	G	*/-T	24	4	12.9%	2	2	49	34	0.98	1	1	12	12	3	1	-T
II	603279	A	-T/-T	0	11	100%	0	2	0	43	0.98	0	1	0	0	8	3	-T
II	603305	A	-C/-C	0	12	100%	0	2	0	42	0.98	0	1	0	0	6	6	-C
II	662406	A	*/+T	33	2	5.71%	2	2	50	37	0.98	1	1	23	10	1	1	+T
II	667029	C	*/-T	12	2	14.29%	2	2	49	55	0.98	1	1	9	3	1	1	-T
II	677175	G	*/-TA	19	3	13.64%	2	1	58	33	0.98	1	1	7	12	0	3	-TA
II	700009	T	-A/-A	4	14	77.78%	2	2	43	47	0.98	1	1	2	2	7	7	-A
II	716295	G	*/-T	11	5	27.78%	2	2	40	41	0.98	1	1	6	5	4	1	-T
II	716295	G	*/+T	11	2	11.11%	2	2	40	74	0.98	1	1	6	5	1	1	-T
II	756993	C	*/-T	14	4	20%	2	2	46	39	0.98	1	1	11	3	3	1	-T
II	758146	G	*/+T	17	2	10.53%	2	2	45	55	0.98	1	1	7	10	1	1	+T
II	779929	T	*/+A	25	2	7.41%	2	1	49	49	0.98	1	1	9	16	0	2	+A
II	819361	C	*/-AAA	16	2	9.52%	2	1	36	42	0.98	1	1	14	2	2	0	-AAA
II	820453	T	*/+C	18	2	10%	2	2	45	37	0.98	1	1	5	13	1	1	+C
II	888599	A	-C/-C	0	11	100%	0	2	0	43	0.98	0	1	0	0	5	6	-C
II	889921	C	*/-T	14	2	11.76%	1	1	37	37	0.98	1	1	14	0	2	0	-T
II	890369	T	*/+A	19	2	9.52%	2	1	46	31	0.98	1	1	7	12	0	2	+A
II	890578	C	*/-T	13	2	11.76%	2	1	42	37	0.98	1	1	10	3	2	0	-T
II	903106	G	+T/+T	0	23	100%	0	2	0	49	0.98	0	1	0	0	10	13	+T
II	948303	T	*/+AA	15	2	10.53%	2	1	50	74	0.98	1	1	9	6	0	2	+AA
II	965517	C	*/-T	14	2	11.76%	2	2	55	42	0.98	1	1	6	8	1	1	-T
II	1019510	T	*/-A	1	5	62.5%	1	1	37	44	0.98	1	1	1	0	5	0	-A
II	1019510	T	*/-AA	1	2	25%	1	1	37	37	0.98	1	1	1	0	2	0	-A
II	1059118	T	*/-A	14	2	10.53%	2	2	42	37	0.98	1	1	4	10	1	1	-A
II	1059118	T	*/+A	14	2	10.53%	2	1	42	42	0.98	1	1	4	10	0	2	-A
II	1069791	C	*/-A	20	2	8.7%	2	2	51	37	0.98	1	1	13	7	1	1	-A
II	1078426	G	*/+A	25	2	7.41%	2	1	52	55	0.98	1	1	13	12	0	2	+A
II	1079843	T	*/+A	4	11	73.33%	2	2	43	34	0.98	1	1	2	2	8	3	+A
II	1104940	T	*/-G	13	2	13.33%	2	1	38	37	0.98	1	1	9	4	0	2	-G
II	1104941	G	*/-T	7	3	21.43%	1	2	37	33	0.98	1	1	7	0	2	1	-T
II	1104941	G	*/-TT	7	2	14.29%	1	1	37	62	0.98	1	1	7	0	0	2	-T
II	1122580	C	*/-T	35	2	5.41%	2	1	46	55	0.98	1	1	29	6	2	0	-T
II	1140902	C	*/+TT	30	2	6.06%	2	2	45	37	0.98	1	1	19	11	1	1	+TT
II	1163154	A	-T/-T	2	12	85.71%	1	2	55	49	0.98	1	1	0	2	5	7	-T
II	1171363	T	*/-A	12	2	14.29%	2	2	42	55	0.98	1	1	7	5	1	1	-A
II	1243365	G	*/-T	16	2	10.53%	2	1	49	55	0.98	1	1	7	9	2	0	-T
II	1264791	C	*/-TT	4	2	33.33%	1	1	37	25	0.98	1	1	4	0	0	2	-TT
II	1266289	T	*/+A	2	11	73.33%	1	2	55	46	0.98	1	1	2	0	5	6	+A
II	1266955	G	*/-GA	67	7	9.46%	2	2	49	51	0.98	1	1	43	24	5	2	-GA
II	1277481	G	*/+T	0	2	33.33%	0	2	0	55	0.98	0	1	0	0	1	1	+T
II	1277481	G	*/+TT	0	2	33.33%	0	1	0	33	0.98	0	1	0	0	2	0	+T
II	1288749	T	*/-A	11	2	15.38%	2	2	42	55	0.98	1	1	5	6	1	1	-A
II	1308618	G	-T/-T	3	22	88%	1	2	37	55	0.98	1	1	3	0	10	12	-T
II	1312254	C	*/-T	4	2	25%	2	1	34	37	0.98	1	1	3	1	2	0	-T
II	1349040	A	*/+T	14	3	17.65%	2	2	43	37	0.98	1	1	11	3	2	1	+T
II	1365999	G	*/-T	20	7	23.33%	2	2	40	42	0.98	1	1	11	9	4	3	-T
II	1365999	G	*/-TT	20	3	10%	2	2	40	45	0.98	1	1	11	9	2	1	-T
II	1389139	C	*/-T	7	2	11.76%	2	1	47	37	0.98	1	1	5	2	2	0	-T
II	1389139	C	*/+T	7	5	29.41%	2	2	47	46	0.98	1	1	5	2	2	3	+T
II	1389139	C	*/+TT	7	3	17.65%	2	1	47	45	0.98	1	1	5	2	3	0	+T
II	1405998	T	*/+A	14	2	12.5%	2	2	47	31	0.98	1	1	4	10	1	1	+A
II	1465263	C	*/-T	7	2	22.22%	2	2	43	49	0.98	1	1	2	5	1	1	-T
II	1466104	C	*/-T	19	2	9.52%	2	1	42	55	0.98	1	1	6	13	2	0	-T
II	1467485	C	*/-T	23	6	19.35%	2	1	39	41	0.98	1	1	6	17	0	6	-T
II	1467485	C	*/-TT	23	2	6.45%	2	1	39	49	0.98	1	1	6	17	0	2	-T
II	1545027	C	*/-A	5	4	36.36%	2	2	51	64	0.98	1	1	4	1	2	2	-A
II	1571445	G	*/-TA	30	2	6.25%	2	1	44	37	0.98	1	1	10	20	2	0	-TA
II	1588936	G	*/+AA	2	4	40%	1	1	37	37	0.98	1	1	2	0	4	0	+AA
II	1627981	C	*/-T	8	3	27.27%	2	2	35	33	0.98	1	1	4	4	1	2	-T
II	1716287	T	*/-G	15	7	31.82%	2	2	42	37	0.98	1	1	8	7	2	5	-G
II	1748646	G	*/-AAA	9	2	16.67%	1	1	36	37	0.98	1	1	9	0	2	0	-AAA
II	1763419	T	*/-A	21	2	8.7%	2	1	39	74	0.98	1	1	16	5	0	2	-A
II	1818108	C	*/-T	4	3	30%	2	2	52	37	0.98	1	1	3	1	2	1	-T
II	1818108	C	*/+T	4	2	20%	2	2	52	48	0.98	1	1	3	1	1	1	-T
II	1861420	T	-G/-G	0	25	100%	0	2	0	52	0.98	0	1	0	0	13	12	-G
II	1867795	A	+T/+T	0	6	100%	0	2	0	43	0.98	0	1	0	0	2	4	+T
II	1868122	G	*/+T	2	5	41.67%	1	1	37	35	0.98	1	1	2	0	5	0	+T
II	1868122	G	*/+TT	2	3	25%	1	2	37	45	0.98	1	1	2	0	2	1	+T
II	1873779	T	+A/+A	2	12	85.71%	1	2	74	45	0.98	1	1	0	2	9	3	+A
II	1877294	A	+T/+T	0	12	92.31%	0	2	0	43	0.98	0	1	0	0	7	5	+T
II	1941966	A	+T/+T	0	30	100%	0	2	0	53	0.98	0	1	0	0	13	17	+T
II	1941982	A	+T/+T	1	29	96.67%	1	2	74	52	0.98	1	1	0	1	14	15	+T
II	1948953	G	-A/-A	1	30	96.77%	1	2	25	48	0.98	1	1	1	0	9	21	-A
II	1950050	A	+G/+G	1	22	91.67%	1	2	74	48	0.98	1	1	1	0	8	14	+G
II	1953298	C	*/-CT	22	2	8.33%	2	2	41	31	0.98	1	1	12	10	1	1	-CT
II	1955495	T	+A/+A	3	10	76.92%	1	2	29	50	0.98	1	1	3	0	7	3	+A
II	1960392	A	+G/+G	2	12	85.71%	2	2	37	51	0.98	1	1	1	1	8	4	+G
II	1961870	G	*/+A	20	3	13.04%	2	2	45	53	0.98	1	1	9	11	1	2	+A
II	1987101	C	-G/-G	1	23	95.83%	1	2	37	49	0.98	1	1	0	1	13	10	-G
II	1987117	T	-G/-G	1	26	96.3%	1	2	74	45	0.98	1	1	1	0	16	10	-G
II	2012625	T	*/+C	41	7	14.58%	2	1	47	42	0.98	1	1	15	26	0	7	+C
II	2049891	A	-T/-T	1	33	97.06%	1	2	37	47	0.98	1	1	0	1	8	25	-T
II	2053516	G	+C/+C	1	18	94.74%	1	2	37	43	0.98	1	1	0	1	6	12	+C
II	2056691	G	*/+A	19	2	9.52%	2	1	41	55	0.98	1	1	9	10	2	0	+A
II	2108180	T	+A/+A	4	15	75%	1	2	46	49	0.98	1	1	0	4	7	8	+A
II	2147726	G	+T/+T	1	16	94.12%	1	2	37	41	0.98	1	1	0	1	11	5	+T
II	2180326	T	*/-C	28	2	6.67%	2	2	48	37	0.98	1	1	15	13	1	1	-C
II	2187407	G	+A/+A	0	16	100%	0	2	0	39	0.98	0	1	0	0	9	7	+A
II	2197587	C	*/-A	5	3	33.33%	2	2	32	40	0.98	1	1	4	1	2	1	-A
II	2199987	A	*/+TAACC	35	7	15.91%	2	2	46	51	0.98	1	1	14	21	3	4	+TAACC
II	2203072	C	*/+A	13	2	12.5%	2	2	51	49	0.98	1	1	7	6	1	1	+A
II	2203175	T	*/+A	22	2	8%	2	1	44	49	0.98	1	1	18	4	2	0	+A
II	2219928	A	+T/+T	0	23	100%	0	2	0	44	0.98	0	1	0	0	10	13	+T
II	2265291	A	*/+T	22	2	8.33%	2	1	47	55	0.98	1	1	14	8	2	0	+T
II	2293297	G	-A/-A	3	11	78.57%	1	2	37	50	0.98	1	1	0	3	6	5	-A
II	2327057	G	*/-TA	36	2	5.26%	2	1	46	37	0.98	1	1	20	16	2	0	-TA
II	2338528	G	*/-A	11	2	13.33%	2	2	36	31	0.98	1	1	9	2	1	1	-A
II	2338528	G	*/+A	11	2	13.33%	2	1	36	37	0.98	1	1	9	2	2	0	-A
II	2409584	C	*/-AG	28	2	6.67%	2	2	50	37	0.98	1	1	14	14	1	1	-AG
II	2414394	C	*/+A	29	2	6.45%	2	2	44	37	0.98	1	1	14	15	1	1	+A
II	2443873	T	*/+A	1	2	22.22%	1	2	37	31	0.98	1	1	1	0	1	1	A
II	2443873	T	*/+AA	1	3	33.33%	1	2	37	38	0.98	1	1	1	0	2	1	+AA
II	2523624	C	*/-A	7	2	20%	2	2	42	42	0.98	1	1	4	3	1	1	-A
II	2527996	C	*/+T	2	3	50%	2	2	31	33	0.98	1	1	1	1	1	2	+T
II	2591913	T	*/-A	9	4	28.57%	2	1	49	43	0.98	1	1	6	3	4	0	-A
II	2592423	T	+A/+A	2	11	84.62%	1	2	55	50	0.98	1	1	2	0	7	4	+A
II	2630607	C	*/+A	4	12	66.67%	1	2	41	42	0.98	1	1	4	0	3	9	+A
II	2640785	T	*/+A	9	13	56.52%	2	2	46	42	0.98	1	1	4	5	6	7	+A
II	2647497	C	*/-T	18	2	9.09%	2	2	43	36	0.98	1	1	7	11	1	1	-T
II	2704938	C	*/-A	17	2	10.53%	2	1	47	37	0.98	1	1	7	10	2	0	-A
II	2709414	G	+C/+C	0	28	100%	0	2	0	48	0.98	0	1	0	0	12	16	+C
II	2720152	T	*/-A	31	2	6.06%	2	1	49	37	0.98	1	1	7	24	0	2	-A
II	2755338	C	*/-ATAT	11	3	18.75%	2	2	46	33	0.98	1	1	1	10	1	2	-ATAT
II	2788933	C	+G/+G	0	28	100%	0	2	0	47	0.98	0	1	0	0	19	9	+G
II	2791669	T	*/-C	21	2	8.7%	2	2	48	37	0.98	1	1	15	6	1	1	-C
II	2798040	C	-T/-T	0	29	100%	0	2	0	51	0.98	0	1	0	0	13	16	-T
II	2798514	A	-G/-G	1	11	91.67%	1	2	74	49	0.98	1	1	1	0	4	7	-G
II	2811495	C	-A/-A	0	11	100%	0	2	0	49	0.98	0	1	0	0	7	4	-A
II	2826100	G	*/-A	13	2	11.11%	2	2	40	55	0.98	1	1	7	6	1	1	-A
II	2826100	G	*/+A	13	2	11.11%	2	1	40	37	0.98	1	1	7	6	2	0	-A
II	2896754	G	*/-A	16	2	11.11%	2	1	40	49	0.98	1	1	8	8	0	2	-A
II	2900889	A	*/-T	10	6	35.29%	2	2	39	43	0.98	1	1	7	3	5	1	-T
II	2938956	C	+T/+T	2	13	86.67%	1	2	43	44	0.98	1	1	2	0	4	9	+T
II	2988149	G	*/-T	12	6	33.33%	2	2	47	41	0.98	1	1	10	2	3	3	-T
II	3040332	C	+G/+G	0	36	100%	0	2	0	47	0.98	0	1	0	0	18	18	+G
II	3058544	T	*/+G	9	5	33.33%	2	1	41	37	0.98	1	1	8	1	5	0	+G
II	3154052	G	*/-T	12	3	18.75%	2	2	54	49	0.98	1	1	7	5	2	1	-T
II	3171788	G	*/-A	10	3	15.79%	2	1	37	37	0.98	1	1	8	2	3	0	-A
II	3171788	G	*/-AA	10	2	10.53%	2	1	37	37	0.98	1	1	8	2	2	0	-A
II	3171788	G	*/+A	10	2	10.53%	2	1	37	31	0.98	1	1	8	2	2	0	-A
II	3253453	C	*/+T	5	3	37.5%	2	1	48	45	0.98	1	1	2	3	3	0	+T
II	3368633	C	*/+A	21	2	8.7%	2	2	41	37	0.98	1	1	7	14	1	1	+A
II	3410437	G	*/-T	7	2	18.18%	2	2	44	49	0.98	1	1	4	3	1	1	-T
II	3410437	G	*/+T	7	2	18.18%	2	1	44	68	0.98	1	1	4	3	0	2	-T
II	3416205	A	*/-T	15	2	11.76%	2	2	41	49	0.98	1	1	5	10	1	1	-T
II	3509251	T	*/-A	21	4	15.38%	2	1	48	55	0.98	1	1	13	8	4	0	-A
II	3512925	C	*/-T	10	3	23.08%	2	1	35	36	0.98	1	1	7	3	3	0	-T
II	3540057	A	*/-T	11	3	18.75%	2	2	50	49	0.98	1	1	3	8	2	1	-T
II	3573211	G	*/+T	28	2	6.67%	2	1	50	37	0.98	1	1	10	18	0	2	+T
II	3619003	A	+G/+G	2	31	93.94%	1	2	37	46	0.98	1	1	0	2	18	13	+G
II	3621704	A	*/-T	8	2	16.67%	2	1	41	37	0.98	1	1	7	1	2	0	-T
II	3661773	T	*/-A	5	2	25%	2	2	42	55	0.98	1	1	3	2	1	1	-A
II	3799350	G	*/+A	2	2	28.57%	1	2	37	37	0.98	1	1	2	0	1	1	A
II	3799420	G	*/-A	11	3	21.43%	2	1	34	37	0.98	1	1	4	7	0	3	-A
II	3838101	C	-A/-A	1	10	90.91%	1	2	74	38	0.98	1	1	1	0	5	5	-A
II	3838912	T	*/-A	12	2	11.76%	2	2	44	68	0.98	1	1	4	8	1	1	-A
II	3856896	A	*/-T	15	2	10.53%	2	2	43	49	0.98	1	1	10	5	1	1	-T
II	3859319	G	*/+T	32	3	8.57%	2	2	42	45	0.98	1	1	19	13	1	2	+T
II	3860185	C	*/-TAGTA	27	15	33.33%	2	2	42	42	0.98	1	1	7	20	13	2	-TAGTA
II	3860951	G	*/+GA	24	2	7.69%	2	2	47	37	0.98	1	1	8	16	1	1	+GA
II	3861161	C	*/-T	11	3	21.43%	2	2	50	61	0.98	1	1	7	4	1	2	-T
II	3862860	C	*/-T	8	2	20%	2	1	36	42	0.98	1	1	2	6	2	0	-T
II	3954039	C	*/-T	22	2	7.14%	2	2	42	49	0.98	1	1	12	10	1	1	-T
II	3954039	C	*/-TT	22	2	7.14%	2	1	42	37	0.98	1	1	12	10	2	0	-T
II	3954039	C	*/+T	22	2	7.14%	2	2	42	42	0.98	1	1	12	10	1	1	-T
II	3975235	C	*/-A	15	8	26.67%	2	2	40	40	0.98	1	1	12	3	7	1	-A
II	3975235	C	*/-AA	15	4	13.33%	2	2	40	40	0.98	1	1	12	3	1	3	-A
II	3975235	C	*/+A	15	3	10%	2	2	40	40	0.98	1	1	12	3	2	1	-A
II	4006982	C	*/-A	7	2	16.67%	2	2	40	55	0.98	1	1	6	1	1	1	-A
II	4006982	C	*/-AA	7	2	16.67%	2	1	40	37	0.98	1	1	6	1	2	0	-A
II	4031460	A	*/-T	6	2	20%	2	1	47	31	0.98	1	1	5	1	2	0	-T
II	4031460	A	*/+T	6	2	20%	2	2	47	55	0.98	1	1	5	1	1	1	-T
II	4108814	G	*/-TA	37	2	5.13%	2	1	43	31	0.98	1	1	19	18	0	2	-TA
II	4254960	G	-A/-A	1	31	96.88%	1	2	74	47	0.98	1	1	1	0	11	20	-A
II	4308414	C	*/+A	5	9	56.25%	1	2	49	56	0.98	1	1	5	0	6	3	+A
II	4308414	C	*/+AA	5	2	12.5%	1	2	49	49	0.98	1	1	5	0	1	1	+A
II	4419921	T	*/+A	4	3	42.86%	1	1	46	45	0.98	1	1	4	0	3	0	+A
II	4459027	C	*/+A	48	6	11.11%	2	2	55	67	0.98	1	1	30	18	2	4	+A
II	4485774	T	*/+AG	25	2	7.41%	2	1	48	37	0.98	1	1	12	13	2	0	+AG
II	4496300	G	*/-A	14	2	12.5%	2	1	51	55	0.98	1	1	8	6	0	2	-A
II	4507612	T	*/-A	18	3	14.29%	2	2	42	37	0.98	1	1	16	2	2	1	-A
II	4507813	A	*/+G	89	10	10.1%	2	2	47	60	0.98	1	1	70	19	4	6	+G
II	4514740	T	*/-A	31	2	6.06%	2	1	47	37	0.98	1	1	16	15	0	2	-A
II	4517047	T	*/+TACTCATC	72	14	15.05%	2	2	46	47	0.98	1	1	39	33	10	4	+TACTCATC
II	4521677	T	*/-AA	4	6	60%	2	2	49	43	0.98	1	1	2	2	2	4	-AA
II	4525340	G	*/-T	48	6	9.52%	2	2	40	43	0.98	1	1	32	16	4	2	-T
II	4525340	G	*/+T	48	8	12.7%	2	2	40	40	0.98	1	1	32	16	6	2	+T
II	4526174	A	*/-T	22	8	26.67%	2	2	42	44	0.98	1	1	15	7	1	7	-T
II	4526843	C	*/-T	9	2	13.33%	1	1	35	31	0.98	1	1	9	0	2	0	-T
II	4526843	C	*/-TT	9	3	20%	1	2	35	32	0.98	1	1	9	0	1	2	-TT
II	4528465	C	*/+GACAAT	71	18	20%	2	2	48	44	0.98	1	1	32	39	6	12	+GACAAT
II	4528483	T	*/-GACAATGACAGA	73	14	16.09%	2	2	49	47	0.98	1	1	34	39	6	8	-GACAATGACAGA
II	4529375	T	*/+ACAACGACAACGACAACG	51	13	16.05%	2	2	45	51	0.98	1	1	28	23	8	5	+ACAACGACAACGACAACG
II	4529375	T	*/+ACAACGACAACGACAACGACAACG	51	15	18.52%	2	2	45	35	0.98	1	1	28	23	10	5	+ACAACGACAACGACAACGACAACG
II	4529500	C	*/+AT	120	7	5.51%	2	2	51	47	0.98	1	1	62	58	5	2	+AT
II	4533588	C	*/-T	49	40	44.94%	2	2	42	42	0.98	1	1	31	18	19	21	-T
II	4534880	A	*/-T	115	31	21.23%	2	2	47	51	0.98	1	1	48	67	13	18	-T
II	4535321	G	*/-GATAT	236	23	8.88%	2	2	43	39	0.98	1	1	123	113	9	14	-GATAT
II	4535523	T	*/+GTTACG	232	35	13.11%	2	2	44	46	0.98	1	1	61	171	15	20	+GTTACG
II	4535548	A	*/-TATGTG	227	35	13.36%	2	2	46	47	0.98	1	1	80	147	21	14	-TATGTG
II	4535645	G	*/-T	160	48	23.08%	2	2	54	53	0.98	1	1	82	78	28	20	-T
II	4535727	A	*/-G	131	19	12.67%	2	2	45	44	0.98	1	1	55	76	5	14	-G
II	4536089	C	*/+AAAAGAAAAGTAAATT	32	2	5.71%	2	2	36	37	0.98	1	1	17	15	1	1	+AAAAGAAAAGTAAATT
II	4536728	A	*/+GAGAGTAGG	249	27	9.51%	2	2	48	48	0.98	1	1	123	126	11	16	+GAGAGTAGG
II	4537213	G	*/+T	88	178	66.92%	2	2	51	51	0.98	1	1	52	36	92	86	+T
II	4537387	A	*/-AATAAGAG	54	139	72.02%	2	2	45	47	0.98	1	1	29	25	94	45	-AATAAGAG
II	4537655	A	*/+AAATG	62	4	5.8%	2	2	44	37	0.98	1	1	38	24	3	1	+AAATG
II	4537665	G	*/+AAATA	58	8	11.76%	2	2	43	41	0.98	1	1	35	23	5	3	+AAATA
II	4537712	T	*/-AAATAAAATTAATG	30	5	14.29%	2	1	39	44	0.98	1	1	15	15	0	5	-AAATAAAATTAATG
III	1558	G	*/-A	76	11	10.68%	2	2	43	44	0.98	1	1	39	37	6	5	-A
III	1558	G	*/+A	76	12	11.65%	2	2	43	39	0.98	1	1	39	37	6	6	+A
III	4729	A	*/-T	354	106	20.35%	2	2	47	51	0.98	1	1	234	120	41	65	-T
III	4729	A	*/+T	354	38	7.29%	2	2	47	52	0.98	1	1	234	120	18	20	-T
III	4952	C	*/+T	312	72	18.51%	2	2	40	50	0.98	1	1	191	121	31	41	+T
III	5403	C	*/-T	422	116	19.21%	2	2	42	42	0.98	1	1	288	134	69	47	-T
III	5403	C	*/-TT	422	39	6.46%	2	2	42	43	0.98	1	1	288	134	18	21	-T
III	9812	T	*/+A	151	25	13.97%	2	1	47	40	0.98	1	1	43	108	0	25	+A
III	12428	G	*/-A	84	10	9.52%	2	2	43	39	0.98	1	1	45	39	3	7	-A
III	12428	G	*/+A	84	6	5.71%	2	2	43	49	0.98	1	1	45	39	5	1	-A
III	15599	A	*/-T	313	97	20.86%	2	2	48	49	0.98	1	1	207	106	37	60	-T
III	15599	A	*/+T	313	30	6.45%	2	2	48	49	0.98	1	1	207	106	12	18	-T
III	15822	C	*/+T	284	75	20.66%	2	2	42	49	0.98	1	1	177	107	28	47	+T
III	16273	C	*/-T	421	110	18.43%	2	2	43	42	0.98	1	1	281	140	56	54	-T
III	16273	C	*/-TT	421	43	7.2%	2	2	43	41	0.98	1	1	281	140	28	15	-T
III	20682	T	*/+A	140	28	16.47%	2	1	48	40	0.98	1	1	44	96	0	28	+A
III	23298	G	*/-A	80	13	11.71%	2	2	43	43	0.98	1	1	39	41	7	6	-A
III	23298	G	*/+A	80	13	11.71%	2	2	43	42	0.98	1	1	39	41	8	5	-A
III	69589	T	*/-A	7	2	22.22%	2	2	47	37	0.98	1	1	6	1	1	1	-A
III	120832	C	*/-A	8	2	20%	2	2	40	74	0.98	1	1	4	4	1	1	-A
III	123319	T	*/-A	9	6	37.5%	2	1	38	47	0.98	1	1	7	2	0	6	-A
III	207168	T	*/-A	9	2	16.67%	2	1	41	42	0.98	1	1	8	1	2	0	-A
III	208140	C	*/-A	9	4	26.67%	2	1	36	37	0.98	1	1	7	2	4	0	-A
III	211803	C	*/-T	16	2	11.11%	2	2	47	55	0.98	1	1	6	10	1	1	-T
III	231435	G	*/-T	13	2	13.33%	2	2	37	37	0.98	1	1	5	8	1	1	-T
III	232115	A	*/-T	7	2	18.18%	2	2	44	55	0.98	1	1	4	3	1	1	-T
III	232115	A	*/+T	7	2	18.18%	2	2	44	31	0.98	1	1	4	3	1	1	-T
III	253907	A	*/+T	3	3	37.5%	2	2	33	33	0.98	1	1	1	2	1	2	+T
III	272780	G	*/-T	21	2	8.7%	2	2	45	37	0.98	1	1	7	14	1	1	-T
III	286478	C	-TT/-TT	0	11	91.67%	0	2	0	49	0.98	0	1	0	0	6	5	-TT
III	286594	T	*/+A	6	6	42.86%	2	2	34	33	0.98	1	1	4	2	2	4	+A
III	293096	G	*/-T	8	3	23.08%	2	2	40	36	0.98	1	1	5	3	2	1	-T
III	293096	G	*/+T	8	2	15.38%	2	1	40	37	0.98	1	1	5	3	2	0	-T
III	348685	G	*/-AT	37	4	9.76%	2	1	43	46	0.98	1	1	18	19	4	0	-AT
III	365747	C	-A/-A	0	12	100%	0	2	0	40	0.98	0	1	0	0	5	7	-A
III	415596	T	*/-A	9	2	16.67%	2	1	50	55	0.98	1	1	4	5	0	2	-A
III	431910	C	*/-T	15	3	15%	2	2	41	33	0.98	1	1	10	5	1	2	-T
III	431910	C	*/+T	15	2	10%	2	1	41	48	0.98	1	1	10	5	2	0	-T
III	435303	T	*/+A	32	2	5.88%	2	2	43	37	0.98	1	1	25	7	1	1	+A
III	467904	C	*/+A	10	2	16.67%	2	1	50	61	0.98	1	1	6	4	0	2	+A
III	568658	C	*/-T	13	7	33.33%	2	2	37	50	0.98	1	1	6	7	3	4	-T
III	717677	A	*/-T	3	8	72.73%	1	2	61	60	0.98	1	1	0	3	4	4	-T
III	719703	T	*/-A	8	2	18.18%	2	1	34	31	0.98	1	1	6	2	2	0	-A
III	719955	A	-C/-C	0	10	100%	0	2	0	41	0.98	0	1	0	0	5	5	-C
III	720559	C	*/+T	7	2	22.22%	2	2	44	37	0.98	1	1	6	1	1	1	+T
III	720683	A	+T/+T	0	13	100%	0	2	0	45	0.98	0	1	0	0	6	7	+T
III	822701	G	*/-T	16	3	15.79%	2	2	46	40	0.98	1	1	5	11	1	2	-T
III	827251	C	*/+T	2	2	50%	2	1	49	37	0.98	1	1	1	1	2	0	+T
III	853262	T	+A/+A	1	22	95.65%	1	2	37	56	0.98	1	1	1	0	14	8	+A
III	867865	C	-T/-T	1	10	90.91%	1	2	37	56	0.98	1	1	0	1	7	3	-T
III	897531	C	*/-A	24	2	7.41%	2	2	38	55	0.98	1	1	12	12	1	1	-A
III	898665	T	*/-A	22	2	7.41%	2	2	44	55	0.98	1	1	10	12	1	1	-A
III	898665	T	*/+A	22	2	7.41%	2	2	44	55	0.98	1	1	10	12	1	1	-A
III	966124	G	*/-T	13	7	28%	2	1	38	37	0.98	1	1	12	1	7	0	-T
III	966124	G	*/+T	13	2	8%	2	2	38	42	0.98	1	1	12	1	1	1	-T
III	969023	G	*/-T	16	2	11.11%	2	2	36	37	0.98	1	1	11	5	1	1	-T
III	970548	C	*/-T	4	5	50%	2	2	52	39	0.98	1	1	2	2	1	4	-T
III	970892	C	*/-T	13	2	12.5%	2	1	36	49	0.98	1	1	10	3	0	2	-T
III	1016311	G	+C/+C	1	33	97.06%	1	2	74	46	0.98	1	1	1	0	20	13	+C
III	1075530	A	*/+TGGAAGTGGTAAG	126	9	6.67%	2	2	45	53	0.98	1	1	58	68	4	5	+TGGAAGTGGTAAG
III	1079346	A	*/+G	94	9	8.74%	2	2	43	41	0.98	1	1	64	30	8	1	+G
III	1082171	A	*/+TGGAAGTGGTAAG	138	9	6.12%	2	2	46	42	0.98	1	1	58	80	5	4	+TGGAAGTGGTAAG
III	1084123	A	*/-G	14	2	12.5%	2	1	52	49	0.98	1	1	9	5	0	2	-G
III	1087979	A	*/+G	66	8	10.81%	2	2	45	41	0.98	1	1	37	29	5	3	+G
III	1095550	G	*/-T	7	10	40%	2	2	43	39	0.98	1	1	5	2	7	3	-T
III	1095550	G	*/-TT	7	5	20%	2	2	43	51	0.98	1	1	5	2	3	2	-T
III	1095550	G	*/+T	7	2	8%	2	2	43	31	0.98	1	1	5	2	1	1	-T
III	1103423	T	*/-A	12	7	29.17%	2	2	40	44	0.98	1	1	9	3	3	4	-A
III	1103423	T	*/-AAA	12	2	8.33%	2	2	40	49	0.98	1	1	9	3	1	1	-A
III	1103423	T	*/+A	12	2	8.33%	2	2	40	42	0.98	1	1	9	3	1	1	-A
III	1103443	A	*/-C	29	2	6.45%	2	1	48	48	0.98	1	1	9	20	2	0	-C
III	1110963	T	*/+C	85	5	5.56%	2	2	48	51	0.98	1	1	31	54	4	1	+C
III	1114822	A	*/-C	26	2	7.14%	2	1	52	49	0.98	1	1	16	10	0	2	-C
III	1114914	T	*/+ACCACTAACCATC	40	8	16.67%	2	2	54	43	0.98	1	1	20	20	5	3	+ACCACTAACCATC
III	1117723	T	*/+C	65	4	5.8%	2	2	47	31	0.98	1	1	27	38	1	3	+C
III	1121674	T	*/+ACCACTAACCATC	47	4	7.84%	2	2	45	43	0.98	1	1	36	11	3	1	+ACCACTAACCATC
III	1124483	T	*/+C	67	4	5.63%	2	2	45	52	0.98	1	1	29	38	3	1	+C
III	1128356	C	*/-T	16	2	11.11%	2	1	41	37	0.98	1	1	8	8	2	0	-T
III	1128369	C	*/-T	23	2	8%	2	1	41	37	0.98	1	1	13	10	2	0	-T
III	1128434	T	*/+ACCACTAACCATC	52	3	5.45%	2	2	44	37	0.98	1	1	33	19	1	2	+ACCACTAACCATC
III	1131243	T	*/+C	62	4	6.06%	2	2	41	46	0.98	1	1	29	33	2	2	+C
III	1135194	T	*/+ACCACTAACCATC	39	7	14.89%	2	2	49	37	0.98	1	1	20	19	4	3	+ACCACTAACCATC
III	1239214	T	*/-A	10	2	16.67%	2	1	42	55	0.98	1	1	3	7	2	0	-A
III	1252505	G	*/+TT	5	2	20%	1	2	33	42	0.98	1	1	5	0	1	1	+TT
III	1404988	A	*/+T	16	3	15.79%	2	2	52	49	0.98	1	1	5	11	1	2	+T
III	1421567	T	*/-G	15	3	13.64%	2	1	37	37	0.98	1	1	12	3	3	0	-G
III	1421567	T	*/+G	15	3	13.64%	2	1	37	33	0.98	1	1	12	3	3	0	-G
III	1443939	C	*/-TCT	23	2	8%	2	2	47	55	0.98	1	1	15	8	1	1	-TCT
III	1471894	T	*/-G	20	3	13.04%	2	2	47	74	0.98	1	1	12	8	1	2	-G
III	1510629	T	*/-A	5	3	33.33%	2	2	49	40	0.98	1	1	4	1	2	1	-A
III	1547169	C	*/-A	12	5	29.41%	2	2	51	42	0.98	1	1	5	7	3	2	-A
III	1556350	G	*/-T	11	2	14.29%	2	1	35	31	0.98	1	1	8	3	0	2	-T
III	1575951	G	*/-T	8	2	11.76%	2	1	51	37	0.98	1	1	5	3	2	0	-T
III	1575951	G	*/+T	8	6	35.29%	2	2	51	36	0.98	1	1	5	3	2	4	+T
III	1594933	T	*/-A	7	6	42.86%	2	2	43	47	0.98	1	1	6	1	3	3	-A
III	1618945	A	*/+T	12	2	14.29%	2	2	40	37	0.98	1	1	6	6	1	1	+T
III	1660979	T	*/-C	23	2	8%	2	1	51	37	0.98	1	1	9	14	2	0	-C
III	1674618	C	*/-T	8	7	41.18%	2	2	42	43	0.98	1	1	7	1	6	1	-T
III	1674618	C	*/+T	8	2	11.76%	2	1	42	31	0.98	1	1	7	1	2	0	-T
III	1684246	A	*/-T	10	3	23.08%	2	1	43	37	0.98	1	1	3	7	3	0	-T
III	1685487	G	+A/+A	2	18	90%	2	2	37	43	0.98	1	1	1	1	3	15	+A
III	1691558	G	*/+T	6	2	22.22%	2	1	51	55	0.98	1	1	2	4	2	0	+T
III	1702276	A	*/-T	24	2	7.41%	2	1	47	55	0.98	1	1	13	11	0	2	-T
III	1707997	T	*/-A	16	2	11.11%	2	2	47	68	0.98	1	1	8	8	1	1	-A
III	1712983	G	*/-A	9	4	26.67%	2	1	42	42	0.98	1	1	7	2	4	0	-A
III	1748193	A	*/+AT	20	2	9.09%	2	2	61	51	0.98	1	1	10	10	1	1	+AT
III	1756400	T	-A/-A	1	25	96.15%	1	2	37	44	0.98	1	1	0	1	14	11	-A
III	1758846	C	*/-A	8	3	25%	2	1	46	37	0.98	1	1	5	3	0	3	-A
III	1774235	T	+GATC/+GATC	0	12	85.71%	0	2	0	37	0.98	0	1	0	0	11	1	+GATC
III	1790165	C	*/+T	16	2	11.11%	2	2	50	61	0.98	1	1	11	5	1	1	+T
III	1821911	C	*/-A	7	2	14.29%	2	2	36	25	0.98	1	1	5	2	1	1	-A
III	1821911	C	*/-AA	7	3	21.43%	2	2	36	37	0.98	1	1	5	2	2	1	-AA
III	1917294	T	*/-TA	13	2	13.33%	2	1	41	37	0.98	1	1	4	9	0	2	-TA
III	1947823	A	*/-T	16	3	15%	2	2	44	61	0.98	1	1	9	7	1	2	-T
III	1979604	A	*/-T	9	2	18.18%	2	1	43	55	0.98	1	1	5	4	0	2	-T
III	2076412	G	*/-T	10	3	21.43%	2	1	46	45	0.98	1	1	8	2	3	0	-T
III	2076980	A	*/-T	10	2	15.38%	2	2	40	49	0.98	1	1	7	3	1	1	-T
III	2087758	C	*/-T	27	2	6.9%	2	1	46	42	0.98	1	1	9	18	0	2	-T
III	2113205	C	*/-T	8	2	18.18%	2	1	50	37	0.98	1	1	5	3	2	0	-T
III	2148212	C	*/+T	101	6	5.61%	2	2	46	61	0.98	1	1	47	54	1	5	+T
III	2178240	T	*/-A	15	2	10.53%	2	2	41	49	0.98	1	1	8	7	1	1	-A
III	2219235	A	*/-T	14	2	11.76%	2	2	44	42	0.98	1	1	5	9	1	1	-T
III	2281940	C	*/-T	29	2	6.06%	2	2	45	37	0.98	1	1	20	9	1	1	-T
III	2281940	C	*/+T	29	2	6.06%	2	2	45	49	0.98	1	1	20	9	1	1	-T
III	2285099	G	*/+A	27	2	6.9%	2	2	46	37	0.98	1	1	16	11	1	1	+A
III	2294398	T	*/+TC	9	2	18.18%	2	2	39	37	0.98	1	1	3	6	1	1	+TC
III	2309611	T	*/-A	7	3	30%	2	1	44	37	0.98	1	1	5	2	3	0	-A
III	2310960	G	*/-A	15	2	11.76%	2	1	45	49	0.98	1	1	6	9	2	0	-A
III	2310968	A	*/+GGT	15	2	11.76%	2	1	42	55	0.98	1	1	5	10	2	0	+GGT
III	2311203	C	*/-T	18	2	9.52%	2	2	40	43	0.98	1	1	7	11	1	1	-T
III	2373166	G	*/-A	10	2	14.29%	2	2	43	74	0.98	1	1	6	4	1	1	-A
III	2373166	G	*/+A	10	2	14.29%	2	1	43	37	0.98	1	1	6	4	2	0	-A
III	2382018	A	*/-T	1	3	60%	1	1	37	53	0.98	1	1	1	0	3	0	-T
III	2410032	C	*/+A	10	2	15.38%	2	1	48	55	0.98	1	1	5	5	0	2	+A
III	2420241	T	*/-A	12	2	13.33%	2	2	37	74	0.98	1	1	7	5	1	1	-A
III	2423197	T	*/-A	32	2	5.88%	2	2	52	37	0.98	1	1	22	10	1	1	-A
III	2443562	A	*/+T	20	54	72%	2	2	40	36	0.98	1	1	7	13	1	53	+T
III	2447848	T	*/-A	926	309	19.72%	2	2	44	40	0.98	1	1	686	240	231	78	-A
III	2447848	T	*/-AA	926	165	10.53%	2	2	44	43	0.98	1	1	686	240	115	50	-A
III	2447848	T	*/+A	926	126	8.04%	2	2	44	47	0.98	1	1	686	240	90	36	-A
III	2448309	T	-AA/-AA	55	567	88.46%	2	2	45	42	0.98	1	1	40	15	229	338	-AA
III	2448518	T	*/-A	825	303	22.82%	2	2	46	47	0.98	1	1	540	285	212	91	-A
III	2448518	T	*/-AA	825	91	6.85%	2	2	46	44	0.98	1	1	540	285	59	32	-A
III	2448518	T	*/+A	825	81	6.1%	2	2	46	46	0.98	1	1	540	285	54	27	-A
