Chrom	Position	Ref	Cons	Reads1	Reads2	VarFreq	Strands1	Strands2	Qual1	Qual2	Pvalue	MapQual1	MapQual2	Reads1Plus	Reads1Minus	Reads2Plus	Reads2Minus	VarAllele
chr_II_telomeric_gap	4294	A	*/-T	35	4	10%	2	2	41	52	0.98	1	1	15	20	1	3	-T
chr_II_telomeric_gap	6088	A	*/-T	23	3	11.54%	2	1	39	45	0.98	1	1	18	5	3	0	-T
chr_II_telomeric_gap	6301	C	*/-AT	40	4	8.7%	2	2	43	43	0.98	1	1	7	33	2	2	-AT
chr_II_telomeric_gap	8538	G	*/-A	5	7	38.89%	1	1	35	35	0.98	1	1	5	0	7	0	-A
chr_II_telomeric_gap	8538	G	*/-AA	5	2	11.11%	1	1	35	37	0.98	1	1	5	0	2	0	-A
chr_II_telomeric_gap	8538	G	*/+A	5	2	11.11%	1	1	35	37	0.98	1	1	5	0	2	0	-A
chr_II_telomeric_gap	8538	G	*/+AA	5	2	11.11%	1	1	35	37	0.98	1	1	5	0	2	0	-A
chr_II_telomeric_gap	8563	A	*/+CC	23	2	8%	2	1	45	31	0.98	1	1	13	10	0	2	+CC
I	3160	A	*/+GTTGTCGTTGTCGTTGTC	111	13	8.55%	2	2	43	40	0.98	1	1	70	41	12	1	+GTTGTCGTTGTCGTTGTC
I	3160	A	*/+GTTGTCGTTGTCGTTGTCGTTGTC	111	25	16.45%	2	2	43	48	0.98	1	1	70	41	16	9	+GTTGTCGTTGTCGTTGTCGTTGTC
I	4053	C	*/+TGTCAT	98	21	17.36%	2	2	42	38	0.98	1	1	54	44	16	5	+TGTCAT
I	5677	G	*/-A	51	22	22.68%	2	2	38	36	0.98	1	1	50	1	21	1	-A
I	5677	G	*/-AA	51	13	13.4%	2	2	38	42	0.98	1	1	50	1	12	1	-A
I	6357	T	*/-AA	103	32	21.92%	2	2	42	42	0.98	1	1	62	41	11	21	-AA
I	7191	T	*/+A	80	5	5.68%	2	1	38	36	0.98	1	1	63	17	0	5	+A
I	7192	C	*/+A	53	14	16.87%	2	2	37	38	0.98	1	1	48	5	13	1	+A
I	10859	G	*/-TT	48	15	23.08%	2	2	46	46	0.98	1	1	32	16	5	10	-TT
I	15734	C	*/-A	48	11	14.86%	2	2	43	40	0.98	1	1	37	11	8	3	-A
I	15734	C	*/+A	48	10	13.51%	2	2	43	40	0.98	1	1	37	11	5	5	-A
I	19694	T	*/+A	84	32	27.59%	2	1	50	36	0.98	1	1	44	40	32	0	+A
I	20545	C	*/+TTTTTT	7	2	11.11%	2	2	34	37	0.98	1	1	5	2	1	1	+TTTTTT
I	20545	C	*/+TTTTTTT	7	4	22.22%	2	2	34	48	0.98	1	1	5	2	1	3	+TTTTTTT
I	27402	A	*/-C	23	2	5.13%	2	1	36	43	0.98	1	1	2	21	0	2	-C
I	27402	A	*/+C	23	11	28.21%	2	1	36	34	0.98	1	1	2	21	0	11	+C
I	27402	A	*/+CC	23	3	7.69%	2	1	36	29	0.98	1	1	2	21	0	3	+C
I	41770	C	*/-AT	78	5	6.02%	2	2	46	56	0.98	1	1	25	53	3	2	-AT
I	55244	T	*/-A	18	3	12.5%	2	2	36	49	0.98	1	1	17	1	2	1	-A
I	55244	T	*/-AA	18	2	8.33%	2	2	36	31	0.98	1	1	17	1	1	1	-A
I	59435	A	*/+TTATTTTAAGTTTTGTC	35	4	10.26%	2	2	40	34	0.98	1	1	15	20	1	3	+TTATTTTAAGTTTTGTC
I	99474	C	*/-A	45	5	9.8%	2	2	45	59	0.98	1	1	26	19	3	2	-A
I	101871	A	+G/+G	0	43	95.56%	0	2	0	43	0.98	0	1	0	0	26	17	+G
I	110482	T	*/+A	12	3	17.65%	2	1	36	37	0.98	1	1	9	3	3	0	+A
I	190112	C	*/-A	8	2	20%	2	1	37	37	0.98	1	1	6	2	2	0	-A
I	206448	C	*/-T	23	2	6.9%	1	2	37	42	0.98	1	1	23	0	1	1	-T
I	206448	C	*/+T	23	3	10.34%	1	2	37	40	0.98	1	1	23	0	2	1	+T
I	216147	C	*/-T	39	8	17.02%	2	2	40	41	0.98	1	1	19	20	2	6	-T
I	232688	T	*/-A	25	7	21.21%	2	2	46	45	0.98	1	1	13	12	2	5	-A
I	302681	A	*/-T	37	2	5.13%	2	1	45	31	0.98	1	1	20	17	0	2	-T
I	303068	C	*/-AT	86	5	5.38%	2	2	46	51	0.98	1	1	33	53	4	1	-AT
I	377488	C	*/-T	18	2	10%	2	1	36	43	0.98	1	1	9	9	2	0	-T
I	381883	C	*/-A	10	2	13.33%	2	1	44	37	0.98	1	1	7	3	2	0	-A
I	381883	C	*/+A	10	3	20%	2	2	44	44	0.98	1	1	7	3	1	2	+A
I	409601	C	+T/+T	5	30	85.71%	1	2	42	45	0.98	1	1	5	0	18	12	+T
I	414079	C	*/-T	15	6	26.09%	2	2	37	46	0.98	1	1	13	2	2	4	-T
I	414079	C	*/-TT	15	2	8.7%	2	1	37	55	0.98	1	1	13	2	0	2	-T
I	440084	T	*/+A	5	10	62.5%	1	2	44	43	0.98	1	1	5	0	6	4	+A
I	441613	T	*/-C	38	2	5%	2	2	37	37	0.98	1	1	22	16	1	1	-C
I	441614	C	*/-T	16	7	23.33%	2	2	35	34	0.98	1	1	13	3	5	2	-T
I	441614	C	*/-TT	16	4	13.33%	2	2	35	52	0.98	1	1	13	3	3	1	-T
I	441614	C	*/+T	16	2	6.67%	2	1	35	37	0.98	1	1	13	3	2	0	-T
I	453369	G	*/-A	11	4	13.79%	1	1	40	37	0.98	1	1	11	0	4	0	-A
I	453369	G	*/+A	11	8	27.59%	1	1	40	37	0.98	1	1	11	0	8	0	+A
I	453369	G	*/+AA	11	3	10.34%	1	1	40	37	0.98	1	1	11	0	3	0	+A
I	456726	G	*/-T	31	3	8.82%	2	2	46	45	0.98	1	1	23	8	2	1	-T
I	464017	C	*/+A	7	14	58.33%	2	2	47	38	0.98	1	1	6	1	6	8	+A
I	468400	C	*/-T	24	2	7.69%	2	2	39	37	0.98	1	1	14	10	1	1	-T
I	470378	A	-C/-C	1	53	98.15%	1	2	37	44	0.98	1	1	0	1	42	11	-C
I	470390	A	-C/-C	1	57	98.28%	1	2	36	49	0.98	1	1	0	1	38	19	-C
I	473427	G	*/+T	13	4	19.05%	2	2	38	40	0.98	1	1	9	4	3	1	+T
I	482737	A	+G/+G	2	71	94.67%	1	2	37	43	0.98	1	1	0	2	43	28	+G
I	486159	G	*/-A	28	3	8.33%	2	2	41	36	0.98	1	1	12	16	1	2	-A
I	521845	T	*/-A	33	6	13.64%	2	2	42	45	0.98	1	1	20	13	1	5	-A
I	528541	C	*/-A	34	2	5.41%	2	1	40	37	0.98	1	1	24	10	2	0	-A
I	554527	A	+T/+T	4	27	84.38%	2	2	37	37	0.98	1	1	3	1	12	15	+T
I	562745	A	*/-T	13	4	13.33%	2	2	43	37	0.98	1	1	11	2	2	2	-T
I	562745	A	*/+T	13	10	33.33%	2	2	43	40	0.98	1	1	11	2	4	6	+T
I	562745	A	*/+TT	13	2	6.67%	2	2	43	37	0.98	1	1	11	2	1	1	+T
I	577995	A	*/+TG	20	45	66.18%	2	2	45	39	0.98	1	1	5	15	25	20	+TG
I	609849	C	*/+T	31	2	5.71%	2	1	42	36	0.98	1	1	15	16	2	0	+T
I	639272	C	*/-T	49	3	5.77%	2	2	44	37	0.98	1	1	21	28	1	2	-T
I	650099	C	*/+AA	10	4	25%	2	2	35	39	0.98	1	1	8	2	2	2	+AA
I	660056	T	*/+GGGGG	2	2	20%	1	1	31	37	0.98	1	1	2	0	2	0	+GGGGG
I	670032	C	+A/+A	1	128	98.46%	1	2	74	48	0.98	1	1	1	0	58	70	+A
I	682993	T	-C/-C	0	72	100%	0	2	0	49	0.98	0	1	0	0	22	50	-C
I	762675	A	*/-AATCAAAGCAATCCC	16	3	15.79%	2	2	41	45	0.98	1	1	6	10	1	2	-AATCAAAGCAATCCC
I	765473	T	*/-C	17	2	10.53%	2	1	36	37	0.98	1	1	7	10	0	2	-C
I	765477	A	*/-T	14	5	25%	2	2	37	37	0.98	1	1	5	9	2	3	-T
I	793917	A	*/-T	12	5	21.74%	2	2	36	36	0.98	1	1	8	4	4	1	-T
I	793917	A	*/-TT	12	2	8.7%	2	1	36	55	0.98	1	1	8	4	0	2	-T
I	793917	A	*/+T	12	3	13.04%	2	1	36	37	0.98	1	1	8	4	3	0	+T
I	807903	A	*/-T	41	6	12%	2	2	44	41	0.98	1	1	19	22	1	5	-T
I	807903	A	*/+T	41	3	6%	2	1	44	45	0.98	1	1	19	22	3	0	-T
I	862962	C	+T/+T	2	36	94.74%	1	2	37	43	0.98	1	1	0	2	24	12	+T
I	934907	T	*/+AAA	38	2	5%	2	1	37	42	0.98	1	1	30	8	0	2	+AAA
I	934908	T	*/+A	20	4	11.11%	1	2	34	39	0.98	1	1	20	0	2	2	A
I	934908	T	*/+AA	20	4	11.11%	1	2	34	34	0.98	1	1	20	0	3	1	A
I	934908	T	*/+AAA	20	3	8.33%	1	2	34	45	0.98	1	1	20	0	1	2	A
I	960025	G	*/+T	7	9	50%	1	2	42	36	0.98	1	1	7	0	6	3	+T
I	965438	C	*/+A	8	9	37.5%	2	1	34	37	0.98	1	1	7	1	9	0	+A
I	965438	C	*/+AA	8	4	16.67%	2	2	34	39	0.98	1	1	7	1	2	2	+A
I	993302	G	*/-A	25	2	7.41%	2	1	39	37	0.98	1	1	16	9	0	2	-A
I	995069	A	*/-G	18	3	14.29%	2	1	38	36	0.98	1	1	9	9	0	3	-G
I	997233	G	*/-T	40	5	11.11%	2	2	41	44	0.98	1	1	28	12	3	2	-T
I	1012251	A	*/-T	32	2	5.88%	2	2	45	37	0.98	1	1	11	21	1	1	-T
I	1048635	G	+A/+A	7	25	78.12%	2	2	52	40	0.98	1	1	6	1	14	11	+A
I	1079583	T	*/+AAAAAAA	4	2	20%	1	1	37	37	0.98	1	1	4	0	2	0	+AAAAAAA
I	1079583	T	*/+AAAAAAAA	4	2	20%	1	2	37	37	0.98	1	1	4	0	1	1	+AAAAAAA
I	1083417	G	*/+T	32	2	5.88%	2	2	40	37	0.98	1	1	12	20	1	1	+T
I	1148104	A	*/+T	4	5	55.56%	2	2	43	44	0.98	1	1	1	3	3	2	+T
I	1149923	C	*/-A	16	4	18.18%	2	2	37	37	0.98	1	1	8	8	2	2	-A
I	1149923	C	*/+A	16	2	9.09%	2	2	37	55	0.98	1	1	8	8	1	1	-A
I	1152144	C	*/-T	34	2	5.56%	2	2	42	74	0.98	1	1	17	17	1	1	-T
I	1185796	A	*/-G	38	2	5%	2	1	39	31	0.98	1	1	25	13	0	2	-G
I	1185797	G	*/-A	16	6	18.18%	2	2	42	43	0.98	1	1	13	3	5	1	-A
I	1185797	G	*/-AA	16	4	12.12%	2	2	42	46	0.98	1	1	13	3	3	1	-A
I	1185797	G	*/+A	16	4	12.12%	2	2	42	37	0.98	1	1	13	3	3	1	-A
I	1206603	G	*/-T	51	6	10.53%	2	2	46	51	0.98	1	1	21	30	1	5	-T
I	1254655	T	*/-A	32	5	10.87%	2	2	38	51	0.98	1	1	24	8	3	2	-A
I	1254655	T	*/+A	32	8	17.39%	2	2	38	43	0.98	1	1	24	8	7	1	+A
I	1274803	T	+A/+A	0	33	100%	0	2	0	42	0.98	0	1	0	0	13	20	+A
I	1290605	A	*/-T	31	4	9.52%	2	2	40	49	0.98	1	1	20	11	1	3	-T
I	1290605	A	*/+T	31	6	14.29%	2	2	40	49	0.98	1	1	20	11	5	1	+T
I	1358794	C	*/+AA	11	2	13.33%	2	2	46	37	0.98	1	1	8	3	1	1	+AA
I	1424708	C	-A/-A	8	33	80.49%	2	2	41	46	0.98	1	1	6	2	17	16	-A
I	1454446	C	*/+A	48	4	7.55%	2	2	39	34	0.98	1	1	29	19	2	2	+A
I	1482648	C	*/-T	25	2	7.41%	2	2	47	37	0.98	1	1	15	10	1	1	-T
I	1493847	T	*/+A	33	7	17.5%	2	2	41	42	0.98	1	1	21	12	5	2	+A
I	1496317	C	*/-A	8	17	50%	2	2	50	42	0.98	1	1	3	5	10	7	-A
I	1496317	C	*/-AA	8	6	17.65%	2	2	50	41	0.98	1	1	3	5	4	2	-A
I	1509277	C	*/+T	7	15	62.5%	1	2	38	43	0.98	1	1	7	0	10	5	+T
I	1529295	A	*/-AGGAGG	34	2	5.56%	2	2	50	55	0.98	1	1	17	17	1	1	-AGGAGG
I	1541472	G	*/-T	18	2	9.09%	2	1	38	37	0.98	1	1	17	1	2	0	-T
I	1595056	C	*/-T	15	5	19.23%	1	2	34	32	0.98	1	1	15	0	3	2	-T
I	1595056	C	*/+T	15	3	11.54%	1	2	34	36	0.98	1	1	15	0	1	2	-T
I	1599291	T	*/-A	9	5	33.33%	2	2	34	27	0.98	1	1	1	8	1	4	-A
I	1625092	T	+C/+C	3	43	93.48%	1	2	49	42	0.98	1	1	3	0	21	22	+C
I	1635508	G	*/+A	24	3	11.11%	2	2	39	45	0.98	1	1	12	12	2	1	+A
I	1662825	A	*/-T	21	2	8.7%	2	2	44	49	0.98	1	1	8	13	1	1	-T
I	1664720	A	*/-T	33	2	5.71%	2	2	41	55	0.98	1	1	16	17	1	1	-T
I	1667828	C	*/-CT	52	5	8.77%	2	2	45	37	0.98	1	1	35	17	2	3	-CT
I	1765306	C	*/+A	15	2	10%	2	1	37	37	0.98	1	1	11	4	2	0	+A
I	1771585	C	*/-A	42	7	14%	2	2	41	38	0.98	1	1	27	15	4	3	-A
I	1777634	A	*/-T	20	5	16.67%	2	2	43	39	0.98	1	1	8	12	1	4	-T
I	1777634	A	*/-TT	20	2	6.67%	2	2	43	42	0.98	1	1	8	12	1	1	-T
I	1777634	A	*/+T	20	2	6.67%	2	1	43	31	0.98	1	1	8	12	2	0	-T
I	1834174	A	*/+C	23	2	7.41%	2	1	43	43	0.98	1	1	14	9	0	2	C
I	1837916	G	*/-T	15	3	12.5%	2	1	34	36	0.98	1	1	13	2	0	3	-T
I	1837916	G	*/-TTT	15	2	8.33%	2	1	34	37	0.98	1	1	13	2	2	0	-T
I	1848384	C	*/-A	30	2	5.56%	2	1	37	37	0.98	1	1	29	1	2	0	-A
I	1848384	C	*/+A	30	2	5.56%	2	2	37	37	0.98	1	1	29	1	1	1	-A
I	1849285	C	*/-T	60	6	8.11%	2	2	44	33	0.98	1	1	34	26	5	1	-T
I	1849285	C	*/+T	60	8	10.81%	2	2	44	56	0.98	1	1	34	26	3	5	+T
I	1890184	C	*/-A	18	4	13.79%	2	2	44	43	0.98	1	1	14	4	3	1	-A
I	1890184	C	*/-AA	18	3	10.34%	2	1	44	49	0.98	1	1	14	4	0	3	-A
I	1890184	C	*/+A	18	3	10.34%	2	2	44	53	0.98	1	1	14	4	1	2	-A
I	1891186	T	-ACCGATTC/-ACCGATTC	12	42	77.78%	2	2	41	40	0.98	1	1	4	8	19	23	-ACCGATTC
I	1905525	T	*/+G	2	2	33.33%	1	1	31	37	0.98	1	1	2	0	2	0	+G
I	1905525	T	*/+GG	2	2	33.33%	1	1	31	31	0.98	1	1	2	0	2	0	+G
I	1925428	T	*/-A	34	2	5.56%	2	1	39	37	0.98	1	1	25	9	0	2	-A
I	1936294	G	+A/+A	0	39	100%	0	2	0	48	0.98	0	1	0	0	17	22	+A
I	1952313	A	+T/+T	1	52	96.3%	1	2	37	42	0.98	1	1	1	0	40	12	+T
I	1954160	T	*/-C	33	2	5.41%	2	1	40	61	0.98	1	1	22	11	0	2	-C
I	1954162	C	*/-A	23	10	21.74%	2	2	39	36	0.98	1	1	17	6	4	6	-A
I	1954162	C	*/-AA	23	6	13.04%	2	2	39	47	0.98	1	1	17	6	4	2	-A
I	1954162	C	*/-AAA	23	5	10.87%	2	2	39	46	0.98	1	1	17	6	2	3	-A
I	1955754	C	*/+T	11	2	9.09%	2	2	36	31	0.98	1	1	9	2	1	1	+T
I	1955754	C	*/+TT	11	3	13.64%	2	2	36	33	0.98	1	1	9	2	2	1	+TT
I	1955853	T	*/+A	6	8	53.33%	2	2	44	41	0.98	1	1	5	1	7	1	+A
I	2025000	C	*/-T	19	4	9.09%	2	2	38	46	0.98	1	1	18	1	3	1	-T
I	2025000	C	*/+T	19	15	34.09%	2	2	38	38	0.98	1	1	18	1	8	7	+T
I	2041948	T	*/-A	44	3	6.25%	1	1	35	49	0.98	1	1	44	0	3	0	-A
I	2052488	A	*/-T	44	14	21.54%	2	2	41	50	0.98	1	1	31	13	6	8	-T
I	2052488	A	*/-TT	44	4	6.15%	2	2	41	43	0.98	1	1	31	13	3	1	-T
I	2096013	T	*/-A	34	5	12.5%	2	1	46	37	0.98	1	1	18	16	5	0	-A
I	2136675	A	*/+GAAGAGGAAGCAGTC	8	12	60%	2	2	40	44	0.98	1	1	3	5	5	7	+GAAGAGGAAGCAGTC
I	2139856	G	+T/+T	2	18	78.26%	1	2	37	37	0.98	1	1	0	2	9	9	+T
I	2139856	G	*/+TT	2	2	8.7%	1	1	37	37	0.98	1	1	0	2	2	0	+T
I	2154491	T	+A/+A	4	32	84.21%	2	2	36	40	0.98	1	1	1	3	15	17	+A
I	2158654	C	*/-T	11	2	15.38%	2	2	44	55	0.98	1	1	3	8	1	1	-T
I	2174555	C	*/-A	19	12	34.29%	2	2	38	38	0.98	1	1	9	10	8	4	-A
I	2178948	C	*/-A	40	4	8.33%	2	2	40	43	0.98	1	1	35	5	3	1	-A
I	2178948	C	*/+A	40	4	8.33%	2	2	40	46	0.98	1	1	35	5	3	1	-A
I	2227870	C	*/-T	17	2	10%	2	1	39	37	0.98	1	1	12	5	2	0	-T
I	2227934	C	*/+AAA	20	2	8.33%	2	1	36	55	0.98	1	1	13	7	0	2	+AAA
I	2227936	T	*/+AA	5	4	19.05%	1	2	32	37	0.98	1	1	5	0	2	2	A
I	2227936	T	*/+AAA	5	4	19.05%	1	2	32	37	0.98	1	1	5	0	3	1	A
I	2227936	T	*/+AAAA	5	2	9.52%	1	2	32	37	0.98	1	1	5	0	1	1	A
I	2231735	C	*/-A	26	3	8.82%	2	2	40	49	0.98	1	1	16	10	1	2	-A
I	2231735	C	*/-AA	26	2	5.88%	2	2	40	31	0.98	1	1	16	10	1	1	-A
I	2231735	C	*/+A	26	3	8.82%	2	2	40	33	0.98	1	1	16	10	2	1	+A
I	2245479	T	*/-C	29	3	6.12%	2	2	42	49	0.98	1	1	11	18	1	2	-C
I	2245479	T	*/+CC	29	11	22.45%	2	2	42	40	0.98	1	1	11	18	6	5	+CC
I	2245479	T	*/+CCC	29	3	6.12%	2	1	42	29	0.98	1	1	11	18	0	3	+CC
I	2273201	T	*/-A	25	6	18.18%	2	2	33	37	0.98	1	1	13	12	3	3	-A
I	2273201	T	*/+A	25	2	6.06%	2	1	33	49	0.98	1	1	13	12	0	2	-A
I	2279763	A	*/+T	23	3	11.54%	2	1	48	40	0.98	1	1	14	9	0	3	+T
I	2288240	C	-G/-G	0	46	100%	0	2	0	43	0.98	0	1	0	0	26	20	-G
I	2296245	A	*/-T	37	2	5.13%	2	1	43	37	0.98	1	1	15	22	0	2	-T
I	2322636	C	*/-A	41	14	21.54%	2	1	39	41	0.98	1	1	39	2	14	0	-A
I	2322636	C	*/+A	41	5	7.69%	2	1	39	37	0.98	1	1	39	2	5	0	-A
I	2325657	G	*/+T	38	2	5%	2	1	43	31	0.98	1	1	13	25	0	2	+T
I	2327021	C	*/-A	25	3	8.82%	2	1	43	44	0.98	1	1	13	12	0	3	-A
I	2327021	C	*/+A	25	3	8.82%	2	2	43	37	0.98	1	1	13	12	2	1	-A
I	2343703	G	+A/+A	2	28	93.33%	2	2	37	41	0.98	1	1	1	1	8	20	+A
I	2401096	C	*/-A	36	4	9.09%	2	2	43	52	0.98	1	1	27	9	2	2	-A
I	2421576	A	-C/-C	5	36	87.8%	1	2	42	46	0.98	1	1	5	0	19	17	-C
I	2499149	A	-T/-T	3	41	93.18%	2	2	45	45	0.98	1	1	2	1	12	29	-T
I	2502628	T	*/-A	45	3	6.25%	2	2	44	37	0.98	1	1	31	14	2	1	-A
I	2507462	T	+A/+A	0	41	97.62%	0	2	0	39	0.98	0	1	0	0	28	13	+A
I	2510060	T	+A/+A	4	28	87.5%	1	2	46	42	0.98	1	1	0	4	21	7	+A
I	2520612	G	*/-T	48	5	9.26%	2	2	52	59	0.98	1	1	23	25	2	3	-T
I	2525152	A	*/+T	35	2	5.41%	2	1	43	42	0.98	1	1	18	17	0	2	+T
I	2525713	C	*/-T	31	8	19.05%	2	2	36	47	0.98	1	1	23	8	5	3	-T
I	2525713	C	*/+T	31	3	7.14%	2	2	36	33	0.98	1	1	23	8	2	1	-T
I	2556743	G	*/-A	15	2	10%	2	1	38	31	0.98	1	1	14	1	2	0	-A
I	2556743	G	*/+A	15	2	10%	2	1	38	37	0.98	1	1	14	1	2	0	-A
I	2578262	T	*/-A	39	6	12.5%	2	2	48	61	0.98	1	1	19	20	2	4	-A
I	2588021	C	+A/+A	0	24	100%	0	2	0	40	0.98	0	1	0	0	14	10	+A
I	2588066	C	+A/+A	0	23	100%	0	2	0	42	0.98	0	1	0	0	16	7	+A
I	2594263	C	+T/+T	1	28	93.33%	1	2	37	39	0.98	1	1	1	0	9	19	+T
I	2594324	T	+A/+A	2	32	94.12%	1	2	37	48	0.98	1	1	0	2	20	12	+A
I	2594351	T	+A/+A	1	36	97.3%	1	2	37	46	0.98	1	1	0	1	23	13	+A
I	2594391	A	+T/+T	0	31	96.88%	0	2	0	54	0.98	0	1	0	0	17	14	+T
I	2605860	G	-T/-T	2	52	96.3%	1	2	37	42	0.98	1	1	0	2	17	35	-T
I	2607669	A	+T/+T	2	53	96.36%	2	2	37	44	0.98	1	1	1	1	33	20	+T
I	2641994	T	*/+A	12	4	25%	2	1	51	43	0.98	1	1	8	4	0	4	+A
I	2641998	C	*/+T	4	4	33.33%	2	2	36	33	0.98	1	1	2	2	3	1	+T
I	2663334	A	*/-T	25	2	7.41%	2	2	45	37	0.98	1	1	15	10	1	1	-T
I	2683902	T	-C/-C	0	28	100%	0	2	0	43	0.98	0	1	0	0	15	13	-C
I	2689254	A	*/-T	20	2	7.14%	2	1	41	42	0.98	1	1	10	10	0	2	-T
I	2689254	A	*/+T	20	5	17.86%	2	2	41	44	0.98	1	1	10	10	4	1	+T
I	2696489	C	*/-CT	24	2	7.69%	2	1	39	31	0.98	1	1	14	10	0	2	-CT
I	2747027	T	*/-A	24	12	33.33%	2	2	37	48	0.98	1	1	14	10	8	4	-A
I	2751236	T	-A/-A	10	75	76.53%	2	2	44	43	0.98	1	1	6	4	24	51	-A
I	2751236	T	*/-AA	10	12	12.24%	2	2	44	39	0.98	1	1	6	4	5	7	-A
I	2759871	T	*/+A	2	2	8.33%	1	1	31	55	0.98	1	1	2	0	2	0	+A
I	2759871	T	+C/+C	2	20	83.33%	1	2	31	43	0.98	1	1	2	0	9	11	+C
I	2812650	C	*/-T	17	2	9.52%	2	1	40	49	0.98	1	1	11	6	2	0	-T
I	2812650	C	*/+T	17	2	9.52%	2	1	40	37	0.98	1	1	11	6	2	0	-T
I	2874527	G	*/+T	21	2	8.7%	2	1	44	37	0.98	1	1	8	13	0	2	+T
I	2897634	G	*/-TA	87	8	8.33%	2	2	42	43	0.98	1	1	39	48	3	5	-TA
I	2907177	C	*/-A	47	3	5.88%	2	2	43	37	0.98	1	1	27	20	2	1	-A
I	2958937	G	*/+A	34	2	5.13%	2	1	42	37	0.98	1	1	27	7	2	0	A
I	2960791	T	*/-A	44	4	7.69%	2	2	44	55	0.98	1	1	18	26	2	2	-A
I	2960791	T	*/+A	44	3	5.77%	2	1	44	57	0.98	1	1	18	26	3	0	-A
I	2963080	T	*/-A	37	2	5.13%	2	2	39	37	0.98	1	1	13	24	1	1	-A
I	2974682	T	*/-A	42	3	6.52%	2	2	39	44	0.98	1	1	31	11	1	2	-A
I	2994643	A	*/+T	28	2	6.67%	2	1	49	74	0.98	1	1	13	15	0	2	+T
I	3033347	C	*/-T	23	6	17.14%	2	2	36	36	0.98	1	1	19	4	4	2	-T
I	3033347	C	*/+T	23	6	17.14%	2	2	36	43	0.98	1	1	19	4	3	3	-T
I	3125118	A	+T/+T	0	41	100%	0	2	0	43	0.98	0	1	0	0	25	16	+T
I	3144699	T	*/-A	15	3	15.79%	2	2	38	52	0.98	1	1	14	1	1	2	-A
I	3159187	C	*/-CA	81	5	5.68%	2	2	42	51	0.98	1	1	30	51	2	3	-CA
I	3159994	C	*/-T	78	13	13.68%	2	2	42	34	0.98	1	1	59	19	12	1	-T
I	3162046	T	*/+GG	33	2	5.71%	2	1	43	31	0.98	1	1	14	19	2	0	+GG
I	3166776	G	*/+TT	5	7	24.14%	2	2	34	36	0.98	1	1	4	1	5	2	+TT
I	3166776	G	*/+TTT	5	11	37.93%	2	2	34	44	0.98	1	1	4	1	9	2	+TTT
I	3166776	G	*/+TTTT	5	2	6.9%	2	1	34	37	0.98	1	1	4	1	2	0	+TTT
I	3178494	C	+T/+T	5	39	88.64%	2	2	51	43	0.98	1	1	4	1	22	17	+T
I	3184255	T	*/-A	16	8	26.67%	2	2	47	41	0.98	1	1	6	10	3	5	-A
I	3184255	T	*/-AA	16	3	10%	2	2	47	37	0.98	1	1	6	10	2	1	-A
I	3184255	T	*/+A	16	2	6.67%	2	1	47	37	0.98	1	1	6	10	2	0	-A
I	3197528	A	+G/+G	5	43	87.76%	2	2	56	44	0.98	1	1	2	3	21	22	+G
I	3299997	G	*/-A	50	5	8.62%	2	2	42	44	0.98	1	1	32	18	1	4	-A
I	3301538	C	*/+TT	5	14	53.85%	1	2	39	38	0.98	1	1	5	0	5	9	+TT
I	3301538	C	*/+TTT	5	2	7.69%	1	1	39	74	0.98	1	1	5	0	2	0	+TT
I	3303111	C	*/-T	18	2	9.52%	2	1	41	37	0.98	1	1	10	8	2	0	-T
I	3303394	C	*/-AT	28	3	9.38%	2	1	41	41	0.98	1	1	6	22	0	3	-AT
I	3380404	C	*/-A	46	5	9.09%	2	2	38	44	0.98	1	1	36	10	1	4	-A
I	3404612	C	*/-T	10	5	26.32%	2	2	38	34	0.98	1	1	9	1	4	1	-T
I	3404612	C	*/+T	10	3	15.79%	2	2	38	45	0.98	1	1	9	1	2	1	-T
I	3404991	C	*/+T	10	6	31.58%	1	1	36	37	0.98	1	1	10	0	6	0	+T
I	3408209	T	+G/+G	2	44	91.67%	1	2	49	46	0.98	1	1	2	0	25	19	+G
I	3410124	A	*/-T	36	3	6.98%	2	2	45	37	0.98	1	1	12	24	1	2	-T
I	3450130	G	-T/-T	1	40	97.56%	1	2	74	45	0.98	1	1	1	0	22	18	-T
I	3460318	T	+C/+C	1	33	94.29%	1	2	25	45	0.98	1	1	0	1	15	18	+C
I	3460476	G	*/-A	28	3	8.33%	2	2	39	45	0.98	1	1	19	9	2	1	-A
I	3460476	G	*/+A	28	5	13.89%	2	1	39	44	0.98	1	1	19	9	5	0	+A
I	3462650	A	*/+T	15	21	55.26%	2	2	45	44	0.98	1	1	10	5	10	11	+T
I	3462650	A	*/+TT	15	2	5.26%	2	2	45	55	0.98	1	1	10	5	1	1	+T
I	3477396	C	*/+A	31	3	8.33%	2	1	41	49	0.98	1	1	13	18	0	3	+A
I	3538413	A	+T/+T	2	53	96.36%	1	2	37	47	0.98	1	1	0	2	35	18	+T
I	3538428	G	+T/+T	0	50	100%	0	2	0	47	0.98	0	1	0	0	29	21	+T
I	3538436	T	+A/+A	2	50	96.15%	2	2	55	45	0.98	1	1	1	1	30	20	+A
I	3538449	T	+TA/+TA	0	46	100%	0	2	0	45	0.98	0	1	0	0	26	20	+TA
I	3538456	A	+AT/+AT	0	49	100%	0	2	0	44	0.98	0	1	0	0	27	22	+AT
I	3574271	G	*/+A	30	2	6.06%	2	2	40	55	0.98	1	1	20	10	1	1	+A
I	3574812	C	*/+A	37	2	5%	2	1	46	49	0.98	1	1	23	14	2	0	+A
I	3575205	C	*/-A	11	5	27.78%	2	1	36	37	0.98	1	1	9	2	5	0	-A
I	3575205	C	*/+A	11	2	11.11%	2	2	36	31	0.98	1	1	9	2	1	1	-A
I	3576627	C	*/-T	5	4	33.33%	2	2	42	33	0.98	1	1	2	3	3	1	-T
I	3576756	T	*/+TCTTCTC	5	5	33.33%	1	2	34	37	0.98	1	1	0	5	3	2	C
I	3576929	C	+T/+T	0	24	88.89%	0	2	0	39	0.98	0	1	0	0	13	11	+T
I	3576929	C	*/+TT	0	2	7.41%	0	1	0	55	0.98	0	1	0	0	2	0	+T
I	3578638	A	-T/-T	2	19	86.36%	2	2	37	35	0.98	1	1	1	1	2	17	-T
I	3580034	C	*/+T	12	3	20%	2	2	33	32	0.98	1	1	11	1	2	1	+T
I	3610396	C	*/-T	16	2	9.52%	2	1	34	25	0.98	1	1	13	3	0	2	-T
I	3610396	C	*/+T	16	3	14.29%	2	2	34	37	0.98	1	1	13	3	2	1	+T
I	3634676	T	*/-A	15	2	11.76%	2	1	40	42	0.98	1	1	3	12	2	0	-A
I	3645091	G	*/+T	36	2	5.26%	2	1	40	37	0.98	1	1	25	11	2	0	+T
I	3645189	G	*/+T	38	3	7.32%	2	2	42	49	0.98	1	1	17	21	2	1	+T
I	3659724	C	*/-T	37	4	8.51%	2	1	42	33	0.98	1	1	29	8	0	4	-T
I	3659724	C	*/+T	37	3	6.38%	2	2	42	53	0.98	1	1	29	8	1	2	-T
I	3665610	G	+C/+C	0	64	98.46%	0	2	0	42	0.98	0	1	0	0	30	34	+C
I	3700385	T	*/+A	9	3	9.68%	2	2	35	49	0.98	1	1	8	1	2	1	+A
I	3700385	T	*/+AA	9	13	41.94%	2	2	35	37	0.98	1	1	8	1	6	7	+AA
I	3700385	T	*/+AAA	9	2	6.45%	2	1	35	43	0.98	1	1	8	1	0	2	+AA
I	3730369	A	+T/+T	2	31	93.94%	1	2	48	41	0.98	1	1	2	0	22	9	+T
I	3746876	C	*/-A	21	2	8.7%	2	1	46	37	0.98	1	1	14	7	2	0	-A
I	3752808	C	*/+A	39	3	6.98%	2	2	49	49	0.98	1	1	25	14	2	1	+A
I	3765328	C	+T/+T	6	29	80.56%	2	2	35	36	0.98	1	1	5	1	27	2	+T
I	3765366	T	*/-A	32	3	8.57%	2	1	40	37	0.98	1	1	19	13	3	0	-A
I	3776888	C	*/-T	31	2	6.06%	2	1	40	37	0.98	1	1	23	8	2	0	-T
I	3776933	G	+A/+A	4	25	83.33%	2	2	34	40	0.98	1	1	3	1	5	20	+A
I	3776944	A	*/+T	29	2	6.25%	2	2	36	31	0.98	1	1	6	23	1	1	+T
I	3825510	G	*/-T	29	2	6.25%	2	1	39	37	0.98	1	1	15	14	2	0	-T
I	3850523	C	*/-T	28	3	8.82%	2	1	39	49	0.98	1	1	19	9	3	0	-T
I	3850523	C	*/+T	28	3	8.82%	2	1	39	45	0.98	1	1	19	9	3	0	-T
I	3855790	G	-T/-T	2	37	94.87%	2	2	37	40	0.98	1	1	1	1	20	17	-T
I	3866132	G	*/-TA	21	2	8.33%	2	2	41	68	0.98	1	1	7	14	1	1	-TA
I	3870142	A	*/-C	33	3	7.5%	2	2	38	37	0.98	1	1	18	15	2	1	-C
I	3870142	A	*/+C	33	4	10%	2	2	38	38	0.98	1	1	18	15	1	3	+C
I	3878306	T	*/-A	23	2	7.69%	2	1	35	49	0.98	1	1	11	12	2	0	-A
I	3879465	T	*/+A	21	3	12%	2	1	43	37	0.98	1	1	8	13	0	3	+A
I	3881160	G	*/+A	56	3	5%	2	2	46	49	0.98	1	1	32	24	1	2	+A
I	3898271	C	*/-A	35	6	13.64%	2	2	50	45	0.98	1	1	14	21	2	4	-A
I	3898271	C	*/+A	35	3	6.82%	2	2	50	33	0.98	1	1	14	21	1	2	-A
I	3939122	T	*/+A	35	8	18.6%	2	2	47	47	0.98	1	1	19	16	6	2	+A
I	3940025	G	+T/+T	2	39	90.7%	1	2	31	48	0.98	1	1	0	2	17	22	+T
I	3952900	A	*/-T	25	2	7.41%	2	2	39	31	0.98	1	1	9	16	1	1	-T
I	3984736	A	*/-GGT	140	11	7.28%	2	2	44	40	0.98	1	1	38	102	1	10	-GGT
I	3991338	T	*/+A	30	4	11.76%	2	2	44	37	0.98	1	1	13	17	3	1	+A
I	3992212	A	*/-AC	18	4	18.18%	2	2	38	37	0.98	1	1	8	10	1	3	-AC
I	3992213	A	*/-C	10	6	37.5%	2	2	39	34	0.98	1	1	3	7	5	1	-C
I	3993829	G	*/-A	9	3	25%	2	1	38	35	0.98	1	1	3	6	0	3	-A
I	3995023	C	*/-T	9	7	35%	2	2	35	38	0.98	1	1	8	1	5	2	-T
I	3995023	C	*/-TTT	9	2	10%	2	1	35	37	0.98	1	1	8	1	2	0	-T
I	4004016	G	*/-T	24	10	18.52%	2	2	51	47	0.98	1	1	18	6	3	7	-T
I	4004016	G	*/+T	24	14	25.93%	2	2	51	41	0.98	1	1	18	6	6	8	+T
I	4004016	G	*/+TT	24	3	5.56%	2	2	51	57	0.98	1	1	18	6	1	2	+T
I	4004204	T	*/-A	55	9	13.64%	2	2	46	43	0.98	1	1	33	22	7	2	-A
I	4055052	T	*/+A	10	32	69.57%	2	2	37	42	0.98	1	1	8	2	20	12	+A
I	4089646	C	*/+TT	34	27	44.26%	2	2	52	45	0.98	1	1	18	16	17	10	+TT
I	4098272	C	*/+T	49	3	5.45%	2	1	44	37	0.98	1	1	34	15	3	0	+T
I	4140090	A	*/-T	29	4	12.12%	2	2	41	39	0.98	1	1	21	8	3	1	-T
I	4141548	C	*/+T	19	10	34.48%	2	2	41	41	0.98	1	1	8	11	6	4	+T
I	4153651	C	*/-T	28	5	15.15%	2	1	37	51	0.98	1	1	22	6	5	0	-T
I	4179641	C	*/-A	18	4	18.18%	2	1	37	33	0.98	1	1	13	5	4	0	-A
I	4179701	C	*/+T	3	3	33.33%	1	1	33	37	0.98	1	1	3	0	3	0	+T
I	4179701	C	*/+TT	3	2	22.22%	1	1	33	37	0.98	1	1	3	0	2	0	+T
I	4239381	C	*/-T	24	4	12.9%	2	2	40	43	0.98	1	1	6	18	2	2	-T
I	4239381	C	*/+T	24	3	9.68%	2	1	40	33	0.98	1	1	6	18	3	0	-T
I	4241118	G	*/-A	16	4	10.53%	2	2	35	31	0.98	1	1	13	3	3	1	-A
I	4241118	G	*/+A	16	15	39.47%	2	2	35	43	0.98	1	1	13	3	11	4	+A
I	4276890	G	+T/+T	4	31	86.11%	1	2	43	40	0.98	1	1	4	0	20	11	+T
I	4297973	G	*/-T	37	3	6.98%	2	1	42	53	0.98	1	1	20	17	0	3	-T
I	4297973	G	*/+T	37	3	6.98%	2	1	42	57	0.98	1	1	20	17	0	3	-T
I	4299896	G	*/+T	26	10	27.78%	2	2	42	48	0.98	1	1	5	21	3	7	+T
I	4304169	G	+A/+A	1	26	96.3%	1	2	62	43	0.98	1	1	1	0	15	11	+A
I	4338694	G	*/-T	52	5	8.33%	2	2	46	36	0.98	1	1	37	15	4	1	-T
I	4338694	G	*/+T	52	3	5%	2	2	46	53	0.98	1	1	37	15	2	1	-T
I	4374342	A	-G/-G	4	64	94.12%	2	2	55	45	0.98	1	1	3	1	36	28	-G
I	4386261	G	*/-T	14	2	12.5%	2	1	39	25	0.98	1	1	9	5	0	2	-T
I	4386268	G	*/-A	7	3	21.43%	1	2	32	56	0.98	1	1	7	0	2	1	A
I	4407494	T	+G/+G	1	47	97.92%	1	2	74	43	0.98	1	1	1	0	16	31	+G
I	4410191	C	-G/-G	0	43	100%	0	2	0	49	0.98	0	1	0	0	23	20	-G
I	4414201	C	*/-T	8	13	44.83%	1	2	33	32	0.98	1	1	8	0	7	6	-T
I	4414201	C	*/-TT	8	7	24.14%	1	2	33	37	0.98	1	1	8	0	5	2	-T
I	4414723	T	*/+AAAAA	13	5	23.81%	2	1	37	46	0.98	1	1	12	1	5	0	+AAAAA
I	4424504	C	*/-T	27	2	6.9%	2	2	44	42	0.98	1	1	19	8	1	1	-T
I	4431856	G	+A/+A	13	95	87.96%	2	2	50	45	0.98	1	1	12	1	29	66	+A
I	4431868	C	+A/+A	7	91	91.92%	2	2	49	41	0.98	1	1	2	5	29	62	+A
I	4442621	A	*/-AT	67	6	6.12%	2	2	47	59	0.98	1	1	26	41	2	4	-AT
I	4442621	A	*/+AT	67	11	11.22%	2	2	47	50	0.98	1	1	26	41	8	3	+AT
I	4442621	A	*/+ATAT	67	9	9.18%	2	2	47	42	0.98	1	1	26	41	6	3	+AT
I	4455149	G	*/+A	4	10	66.67%	2	2	34	31	0.98	1	1	2	2	5	5	+A
I	4507370	C	*/-A	29	2	5.88%	2	1	43	37	0.98	1	1	21	8	0	2	-A
I	4507370	C	*/+A	29	3	8.82%	2	2	43	45	0.98	1	1	21	8	1	2	+A
I	4514478	T	*/-A	19	4	11.76%	2	1	38	43	0.98	1	1	17	2	4	0	-A
I	4514478	T	*/-AA	19	5	14.71%	2	2	38	42	0.98	1	1	17	2	4	1	-AA
I	4514478	T	*/-AAA	19	4	11.76%	2	1	38	37	0.98	1	1	17	2	4	0	-AA
I	4514478	T	*/+A	19	2	5.88%	2	2	38	49	0.98	1	1	17	2	1	1	-AA
I	4533252	C	*/-T	8	3	21.43%	2	2	39	45	0.98	1	1	3	5	1	2	-T
I	4533252	C	*/+T	8	2	14.29%	2	1	39	55	0.98	1	1	3	5	0	2	-T
I	4604649	C	*/-T	17	4	16%	2	1	33	37	0.98	1	1	16	1	4	0	-T
I	4629553	C	+A/+A	4	38	90.48%	2	2	46	45	0.98	1	1	2	2	23	15	+A
I	4648159	T	*/-G	7	17	51.52%	2	2	45	39	0.98	1	1	3	4	13	4	-G
I	4648159	T	*/-GG	7	9	27.27%	2	2	45	39	0.98	1	1	3	4	5	4	-G
I	4658978	C	*/-A	35	2	5.26%	2	1	42	37	0.98	1	1	21	14	2	0	-A
I	4721875	G	+A/+A	2	20	90.91%	2	2	37	43	0.98	1	1	1	1	13	7	+A
I	4733668	G	*/-A	22	2	8.33%	2	1	42	37	0.98	1	1	11	11	2	0	-A
I	4760698	T	*/-A	24	3	10.71%	2	2	42	37	0.98	1	1	11	13	1	2	-A
I	4764253	G	*/+A	15	33	57.89%	2	2	40	44	0.98	1	1	12	3	28	5	+A
I	4764253	G	*/+AA	15	4	7.02%	2	2	40	43	0.98	1	1	12	3	3	1	+A
I	4781861	G	*/-T	42	3	6.67%	2	2	46	49	0.98	1	1	22	20	2	1	-T
I	4882281	C	*/-T	23	4	14.81%	2	2	42	34	0.98	1	1	11	12	2	2	-T
I	4916623	C	*/-A	22	3	8.82%	2	2	49	37	0.98	1	1	11	11	2	1	-A
I	4916623	C	*/-AA	22	2	5.88%	2	2	49	55	0.98	1	1	11	11	1	1	-A
I	4916623	C	*/-AAA	22	3	8.82%	2	1	49	40	0.98	1	1	11	11	0	3	-AAA
I	4916623	C	*/+A	22	2	5.88%	2	2	49	37	0.98	1	1	11	11	1	1	-AAA
I	4916623	C	*/+AA	22	2	5.88%	2	2	49	55	0.98	1	1	11	11	1	1	-AAA
I	4926046	C	*/+T	13	9	37.5%	2	1	37	35	0.98	1	1	12	1	9	0	+T
I	4984784	A	*/-T	16	12	36.36%	2	2	43	44	0.98	1	1	12	4	8	4	-T
I	4984784	A	*/-TT	16	3	9.09%	2	1	43	40	0.98	1	1	12	4	3	0	-T
I	4984784	A	*/+T	16	2	6.06%	2	2	43	43	0.98	1	1	12	4	1	1	-T
I	5002717	C	*/-A	25	4	12.9%	2	1	44	46	0.98	1	1	18	7	4	0	-A
I	5002717	C	*/+A	25	2	6.45%	2	1	44	37	0.98	1	1	18	7	2	0	-A
I	5045335	G	*/+T	40	5	10.87%	2	2	47	56	0.98	1	1	19	21	2	3	+T
I	5060109	A	*/-T	30	2	5.56%	2	2	43	49	0.98	1	1	12	18	1	1	-T
I	5060109	A	*/+T	30	4	11.11%	2	2	43	39	0.98	1	1	12	18	1	3	+T
I	5073240	G	*/-A	28	4	12.12%	2	2	42	64	0.98	1	1	15	13	2	2	-A
I	5078848	G	*/-A	28	4	11.11%	2	2	41	55	0.98	1	1	17	11	1	3	-A
I	5078848	G	*/+A	28	4	11.11%	2	2	41	43	0.98	1	1	17	11	3	1	-A
I	5096354	C	*/-T	30	2	6.25%	2	1	40	43	0.98	1	1	23	7	0	2	-T
I	5096441	A	*/-G	22	2	8.33%	2	1	39	37	0.98	1	1	17	5	0	2	-G
I	5096442	G	*/+T	15	2	10.53%	1	1	38	48	0.98	1	1	15	0	2	0	+T
I	5121668	G	*/+A	32	2	5.88%	2	2	41	37	0.98	1	1	16	16	1	1	+A
I	5125547	C	*/-T	46	9	16.07%	2	2	39	51	0.98	1	1	27	19	5	4	-T
I	5142627	A	+G/+G	1	26	96.3%	1	2	37	35	0.98	1	1	0	1	12	14	+G
I	5148414	T	-A/-A	11	47	81.03%	2	2	52	47	0.98	1	1	7	4	24	23	-A
I	5155608	C	*/-A	13	4	19.05%	2	2	37	34	0.98	1	1	9	4	2	2	-A
I	5155608	C	*/-AA	13	3	14.29%	2	2	37	33	0.98	1	1	9	4	2	1	-A
I	5158148	C	*/-T	38	2	5%	2	1	43	49	0.98	1	1	15	23	0	2	-T
I	5159554	C	*/+T	41	4	8.7%	2	1	41	34	0.98	1	1	21	20	0	4	+T
I	5173087	C	+T/+T	9	36	78.26%	2	2	42	40	0.98	1	1	6	3	14	22	+T
I	5173430	G	*/+T	15	34	60.71%	2	2	36	43	0.98	1	1	14	1	23	11	+T
I	5173430	G	*/+TT	15	3	5.36%	2	2	36	49	0.98	1	1	14	1	2	1	+T
I	5176926	T	*/+A	5	10	58.82%	2	2	34	38	0.98	1	1	2	3	5	5	+A
I	5176926	T	*/+AA	5	2	11.76%	2	2	34	55	0.98	1	1	2	3	1	1	+A
I	5181376	A	*/-T	29	2	5.88%	2	2	44	55	0.98	1	1	19	10	1	1	-T
I	5181376	A	*/+T	29	2	5.88%	2	1	44	37	0.98	1	1	19	10	2	0	-T
I	5181832	G	*/-T	26	2	6.06%	2	2	45	37	0.98	1	1	17	9	1	1	-T
I	5181832	G	*/+T	26	3	9.09%	2	2	45	37	0.98	1	1	17	9	2	1	+T
I	5187723	C	*/+T	10	3	21.43%	2	2	40	37	0.98	1	1	7	3	2	1	+T
I	5265702	C	*/+A	36	3	7.69%	2	2	41	37	0.98	1	1	23	13	1	2	+A
I	5271793	A	*/-T	42	3	6.67%	2	1	45	37	0.98	1	1	30	12	3	0	-T
I	5321699	C	*/-T	9	2	18.18%	2	1	36	31	0.98	1	1	8	1	2	0	-T
I	5358672	A	*/+T	35	2	5.41%	2	2	44	49	0.98	1	1	24	11	1	1	+T
I	5368262	T	-C/-C	10	105	91.3%	2	2	55	44	0.98	1	1	6	4	37	68	-C
I	5368273	G	+T/+T	8	118	90.77%	2	2	35	43	0.98	1	1	1	7	43	75	+T
I	5385377	T	*/+AA	64	11	13.92%	2	2	42	50	0.98	1	1	53	11	8	3	+AA
I	5417939	T	*/+A	28	2	6.67%	2	1	46	37	0.98	1	1	9	19	0	2	+A
I	5426622	C	+T/+T	2	43	91.49%	1	2	31	42	0.98	1	1	2	0	23	20	+T
I	5471449	A	*/+T	28	2	6.67%	2	2	40	37	0.98	1	1	20	8	1	1	+T
I	5528999	A	*/-T	25	3	10.71%	2	2	48	49	0.98	1	1	14	11	2	1	-T
I	5547223	T	*/-A	43	9	17.31%	2	2	41	37	0.98	1	1	30	13	8	1	-A
I	5559365	C	*/-T	10	4	26.67%	2	1	48	52	0.98	1	1	8	2	4	0	-T
I	5567937	C	*/-A	32	6	15%	2	1	44	37	0.98	1	1	22	10	6	0	-A
I	5570823	C	*/-A	25	5	15.62%	2	1	37	44	0.98	1	1	21	4	5	0	-A
I	5572022	A	*/-T	95	6	5.94%	2	1	43	35	0.98	1	1	40	55	0	6	-T
I	5573647	T	*/-C	58	4	6.45%	2	2	41	40	0.98	1	1	25	33	2	2	-C
I	5574071	G	*/-AT	76	4	5%	2	1	44	37	0.98	1	1	31	45	0	4	-AT
I	5576850	T	*/-AA	29	15	34.09%	2	2	42	42	0.98	1	1	18	11	12	3	-AA
II	7149	T	*/-A	36	2	5.26%	2	1	41	37	0.98	1	1	23	13	2	0	-A
II	7268	G	*/-T	35	2	5.26%	2	1	40	55	0.98	1	1	20	15	2	0	-T
II	15830	T	*/-A	19	4	14.81%	2	2	39	55	0.98	1	1	11	8	2	2	-A
II	15830	T	*/+A	19	2	7.41%	2	2	39	42	0.98	1	1	11	8	1	1	-A
II	15830	T	*/+AA	19	2	7.41%	2	2	39	37	0.98	1	1	11	8	1	1	-A
II	23557	G	*/-A	7	5	35.71%	2	2	34	42	0.98	1	1	5	2	3	2	-A
II	35685	G	*/-A	37	2	5.13%	2	2	43	48	0.98	1	1	20	17	1	1	-A
II	73586	C	*/+T	27	2	6.9%	2	1	43	37	0.98	1	1	18	9	2	0	+T
II	83071	C	*/+TT	21	4	14.81%	2	2	39	40	0.98	1	1	13	8	2	2	+TT
II	85818	C	*/-T	37	3	7.5%	2	2	44	37	0.98	1	1	23	14	1	2	-T
II	113240	T	*/-A	12	3	15%	2	2	46	31	0.98	1	1	8	4	2	1	-A
II	113240	T	*/-AA	12	3	15%	2	2	46	33	0.98	1	1	8	4	1	2	-A
II	128001	T	-A/-A	2	39	95.12%	1	2	49	48	0.98	1	1	2	0	18	21	-A
II	146079	T	-C/-C	5	45	90%	2	2	51	43	0.98	1	1	3	2	16	29	-C
II	172276	C	*/+ATATGATATTAATTCA	37	11	22.92%	2	2	40	46	0.98	1	1	19	18	7	4	+ATATGATATTAATTCA
II	201022	A	*/-T	37	9	18%	2	2	41	39	0.98	1	1	15	22	4	5	-T
II	206823	T	*/-A	30	2	6.25%	2	1	41	37	0.98	1	1	15	15	0	2	-A
II	229897	A	*/-T	39	8	15.09%	2	2	42	51	0.98	1	1	21	18	4	4	-T
II	229897	A	*/+T	39	6	11.32%	2	2	42	31	0.98	1	1	21	18	5	1	-T
II	243155	C	*/+A	38	4	9.3%	2	2	42	41	0.98	1	1	29	9	3	1	+A
II	257643	C	*/-T	32	2	5.41%	2	1	43	31	0.98	1	1	23	9	2	0	-T
II	257643	C	*/+T	32	3	8.11%	2	2	43	44	0.98	1	1	23	9	1	2	+T
II	295849	C	*/-T	42	3	6.52%	2	2	48	37	0.98	1	1	23	19	2	1	-T
II	310243	G	*/+T	26	2	7.14%	2	2	44	42	0.98	1	1	20	6	1	1	+T
II	320661	G	*/-A	47	7	12.73%	2	2	44	33	0.98	1	1	30	17	3	4	-A
II	330648	A	*/+AAGGTGT	19	32	61.54%	2	2	42	41	0.98	1	1	7	12	23	9	+AAGGTGT
II	353942	C	*/+ATGA	49	22	30.99%	2	2	43	40	0.98	1	1	27	22	15	7	+ATGA
II	400900	T	*/+A	56	8	12.5%	2	2	49	61	0.98	1	1	26	30	3	5	+A
II	421237	G	*/-A	28	2	6.67%	2	1	39	37	0.98	1	1	15	13	0	2	-A
II	465486	C	*/-T	13	3	17.65%	2	2	39	36	0.98	1	1	5	8	2	1	-T
II	484534	A	*/+T	6	26	74.29%	2	2	53	38	0.98	1	1	2	4	12	14	+T
II	484534	A	*/+TT	6	3	8.57%	2	2	53	37	0.98	1	1	2	4	2	1	+T
II	513499	G	*/+GA	38	2	5%	2	1	38	61	0.98	1	1	11	27	2	0	+GA
II	516071	T	*/-A	32	7	15.91%	2	2	44	37	0.98	1	1	17	15	2	5	-A
II	516071	T	*/+A	32	4	9.09%	2	2	44	43	0.98	1	1	17	15	2	2	-A
II	520627	C	*/-TT	20	2	9.09%	1	2	35	36	0.98	1	1	20	0	1	1	-TT
II	521731	G	*/-T	52	12	17.91%	2	2	43	51	0.98	1	1	36	16	6	6	-T
II	526969	T	*/-AC	56	5	8.2%	2	2	41	44	0.98	1	1	23	33	2	3	-AC
II	526983	T	*/-AC	49	9	15.52%	2	2	44	39	0.98	1	1	21	28	6	3	-AC
II	526985	C	*/+GTGTGTGTGTGTGT	29	5	11.36%	2	2	43	39	0.98	1	1	8	21	4	1	+GTGTGTGTGTGTGT
II	561064	T	*/+A	7	7	43.75%	2	2	45	33	0.98	1	1	5	2	4	3	+A
II	603279	A	-T/-T	0	35	100%	0	2	0	37	0.98	0	1	0	0	16	19	-T
II	603305	A	-C/-C	0	38	100%	0	2	0	42	0.98	0	1	0	0	16	22	-C
II	662406	A	*/+T	45	17	26.15%	2	2	43	44	0.98	1	1	27	18	12	5	+T
II	667029	C	*/-T	24	2	7.69%	2	1	42	37	0.98	1	1	15	9	2	0	-T
II	673086	G	*/+A	12	5	26.32%	2	2	40	32	0.98	1	1	9	3	4	1	+A
II	674090	T	*/-A	11	2	12.5%	2	1	34	37	0.98	1	1	8	3	2	0	-A
II	674090	T	*/+A	11	3	18.75%	2	2	34	61	0.98	1	1	8	3	1	2	+A
II	677175	G	*/-TA	53	4	7.02%	2	1	43	37	0.98	1	1	13	40	0	4	-TA
II	700009	T	-A/-A	11	33	75%	2	2	47	42	0.98	1	1	4	7	11	22	-A
II	716295	G	*/-T	14	6	23.08%	2	2	42	35	0.98	1	1	10	4	5	1	-T
II	716295	G	*/-TT	14	2	7.69%	2	2	42	55	0.98	1	1	10	4	1	1	-T
II	716295	G	*/+T	14	2	7.69%	2	2	42	37	0.98	1	1	10	4	1	1	-T
II	745885	A	*/-T	33	3	8.11%	2	1	43	49	0.98	1	1	16	17	0	3	-T
II	753854	A	*/-T	16	8	28.57%	2	2	38	38	0.98	1	1	12	4	4	4	-T
II	753854	A	*/+T	16	3	10.71%	2	1	38	37	0.98	1	1	12	4	3	0	-T
II	756993	C	*/-T	36	6	12.77%	2	2	43	42	0.98	1	1	16	20	3	3	-T
II	756993	C	*/+T	36	5	10.64%	2	2	43	54	0.98	1	1	16	20	3	2	-T
II	842330	G	*/-A	38	3	7.14%	2	1	40	37	0.98	1	1	20	18	3	0	-A
II	847457	G	*/-A	23	2	7.14%	2	1	39	31	0.98	1	1	20	3	2	0	-A
II	847457	G	*/+A	23	2	7.14%	2	1	39	37	0.98	1	1	20	3	2	0	-A
II	888599	A	-C/-C	0	35	100%	0	2	0	42	0.98	0	1	0	0	18	17	-C
II	889921	C	*/+T	33	2	5.41%	2	1	37	37	0.98	1	1	31	2	2	0	+T
II	890369	T	*/-A	29	4	12.12%	2	1	41	37	0.98	1	1	10	19	0	4	-A
II	903106	G	+T/+T	1	58	98.31%	1	2	37	45	0.98	1	1	1	0	24	34	+T
II	947457	G	*/+A	37	2	5%	2	1	38	25	0.98	1	1	20	17	0	2	+A
II	948303	T	*/-A	38	6	12.5%	2	2	45	43	0.98	1	1	23	15	4	2	-A
II	965517	C	*/+T	19	2	9.09%	2	1	38	36	0.98	1	1	15	4	0	2	+T
II	997671	G	*/+CAA	21	6	21.43%	2	2	38	35	0.98	1	1	13	8	4	2	+CAA
II	1019510	T	*/-A	10	17	48.57%	2	2	45	46	0.98	1	1	7	3	13	4	-A
II	1019510	T	*/-AA	10	7	20%	2	2	45	35	0.98	1	1	7	3	4	3	-A
II	1057872	T	*/-A	31	2	6.06%	2	2	44	37	0.98	1	1	21	10	1	1	-A
II	1059118	T	*/-A	38	3	7.14%	2	2	46	37	0.98	1	1	25	13	2	1	-A
II	1069791	C	*/+A	41	3	6.82%	2	1	44	33	0.98	1	1	34	7	3	0	+A
II	1078264	T	*/-A	41	6	12.5%	2	2	45	44	0.98	1	1	18	23	3	3	-A
II	1079843	T	+A/+A	8	34	80.95%	2	2	44	38	0.98	1	1	7	1	9	25	+A
II	1126120	G	*/-A	21	2	8.7%	2	2	38	37	0.98	1	1	10	11	1	1	-A
II	1141304	C	*/-A	38	3	7.14%	2	2	41	74	0.98	1	1	23	15	1	2	-A
II	1163154	A	-T/-T	6	25	80.65%	2	2	49	46	0.98	1	1	2	4	20	5	-T
II	1171363	T	*/-A	27	7	20.59%	2	1	45	45	0.98	1	1	15	12	7	0	-A
II	1187785	G	*/-T	44	5	9.8%	2	2	44	44	0.98	1	1	26	18	3	2	-T
II	1205291	A	*/-T	33	2	5.41%	2	2	40	31	0.98	1	1	14	19	1	1	-T
II	1205291	A	*/+T	33	2	5.41%	2	2	40	25	0.98	1	1	14	19	1	1	-T
II	1243363	C	*/-G	34	2	5.56%	2	1	47	37	0.98	1	1	13	21	0	2	-G
II	1243365	G	-T/-T	5	30	78.95%	2	2	42	45	0.98	1	1	2	3	10	20	-T
II	1243365	G	*/-TT	5	3	7.89%	2	2	42	53	0.98	1	1	2	3	1	2	-T
II	1264791	C	*/-T	3	2	28.57%	1	1	45	37	0.98	1	1	3	0	0	2	-T
II	1266289	T	*/+A	6	13	68.42%	2	2	37	39	0.98	1	1	4	2	3	10	+A
II	1266955	G	*/-GA	73	6	7.59%	2	2	46	43	0.98	1	1	44	29	3	3	-GA
II	1277481	G	*/+TT	7	2	18.18%	2	1	37	37	0.98	1	1	6	1	2	0	+TT
II	1308618	G	-T/-T	6	52	89.66%	1	2	55	42	0.98	1	1	6	0	41	11	-T
II	1312254	C	*/-T	8	2	16.67%	2	2	26	31	0.98	1	1	6	2	1	1	-T
II	1349040	A	*/-T	29	3	9.09%	2	2	38	40	0.98	1	1	16	13	2	1	-T
II	1359429	C	*/-T	23	3	11.54%	2	2	43	49	0.98	1	1	19	4	1	2	-T
II	1365999	G	*/-T	24	8	21.62%	2	2	44	44	0.98	1	1	11	13	5	3	-T
II	1365999	G	*/-TT	24	2	5.41%	2	1	44	55	0.98	1	1	11	13	2	0	-T
II	1365999	G	*/+T	24	3	8.11%	2	2	44	44	0.98	1	1	11	13	2	1	+T
II	1389139	C	*/-T	14	6	17.65%	2	2	35	35	0.98	1	1	9	5	5	1	-T
II	1389139	C	*/+T	14	8	23.53%	2	2	35	31	0.98	1	1	9	5	4	4	+T
II	1389139	C	*/+TT	14	3	8.82%	2	2	35	33	0.98	1	1	9	5	1	2	+T
II	1456839	A	*/-T	37	2	5%	2	2	42	31	0.98	1	1	21	16	1	1	-T
II	1467485	C	*/-T	31	11	25%	2	2	39	42	0.98	1	1	15	16	8	3	-T
II	1520665	T	*/+A	30	5	14.29%	2	2	42	46	0.98	1	1	14	16	1	4	+A
II	1524389	A	*/-T	31	2	6.06%	2	1	44	37	0.98	1	1	16	15	2	0	-T
II	1545027	C	*/-A	13	5	22.73%	2	2	41	46	0.98	1	1	10	3	2	3	-A
II	1545027	C	*/+A	13	2	9.09%	2	1	41	61	0.98	1	1	10	3	0	2	-A
II	1552815	A	*/+AG	23	2	8%	2	1	40	37	0.98	1	1	14	9	2	0	+AG
II	1552839	G	*/+A	15	4	18.18%	1	2	37	34	0.98	1	1	15	0	2	2	+A
II	1554361	C	*/+T	21	2	8.7%	2	2	36	37	0.98	1	1	7	14	1	1	+T
II	1555919	A	*/+TTTATT	5	10	66.67%	2	2	42	45	0.98	1	1	3	2	3	7	+TTTATT
II	1588934	A	*/+AT	12	2	14.29%	2	1	36	37	0.98	1	1	8	4	0	2	+AT
II	1588936	G	*/+AA	6	2	14.29%	1	1	33	37	0.98	1	1	6	0	2	0	A
II	1600211	C	*/+A	60	30	32.61%	2	2	39	43	0.98	1	1	45	15	15	15	+A
II	1606686	A	*/+TGGAAGTGGTAAG	140	8	5.41%	2	2	48	41	0.98	1	1	66	74	5	3	+TGGAAGTGGTAAG
II	1610504	A	*/+G	106	7	6.19%	2	2	47	70	0.98	1	1	65	41	2	5	+G
II	1618418	C	*/+A	60	17	22.08%	2	2	41	39	0.98	1	1	39	21	16	1	+A
II	1621338	C	*/-A	29	2	6.45%	2	1	44	37	0.98	1	1	21	8	0	2	-A
II	1627981	C	*/-T	24	7	22.58%	2	2	35	47	0.98	1	1	17	7	4	3	-T
II	1629986	A	*/+T	69	15	17.65%	2	2	42	46	0.98	1	1	29	40	2	13	+T
II	1645549	C	*/+A	67	32	32%	2	2	40	42	0.98	1	1	45	22	14	18	+A
II	1678205	T	-A/-A	0	15	100%	0	2	0	38	0.98	0	1	0	0	8	7	-A
II	1682725	G	*/-T	25	10	27.78%	2	2	47	46	0.98	1	1	15	10	4	6	-T
II	1700176	T	*/-A	11	2	15.38%	2	2	42	37	0.98	1	1	6	5	1	1	-A
II	1716256	G	*/+T	30	3	8.33%	2	2	38	33	0.98	1	1	18	12	2	1	+T
II	1716256	G	*/+TT	30	2	5.56%	2	2	38	37	0.98	1	1	18	12	1	1	+T
II	1716287	T	*/-G	30	24	44.44%	2	1	41	42	0.98	1	1	12	18	0	24	-G
II	1722036	C	+A/+A	3	41	93.18%	2	2	49	42	0.98	1	1	2	1	28	13	+A
II	1748646	G	*/-A	8	3	18.75%	1	2	38	49	0.98	1	1	8	0	1	2	-A
II	1748646	G	*/-AA	8	4	25%	1	2	38	36	0.98	1	1	8	0	2	2	-AA
II	1757193	C	*/+T	45	3	6.25%	2	2	42	61	0.98	1	1	15	30	1	2	+T
II	1763419	T	*/-A	26	5	11.36%	2	2	43	44	0.98	1	1	13	13	2	3	-A
II	1763419	T	*/+A	26	11	25%	2	2	43	42	0.98	1	1	13	13	6	5	+A
II	1818108	C	*/-T	18	8	29.63%	2	2	36	44	0.98	1	1	11	7	3	5	-T
II	1861420	T	-G/-G	1	80	98.77%	1	2	74	45	0.98	1	1	1	0	49	31	-G
II	1867795	A	+T/+T	1	31	93.94%	1	2	37	45	0.98	1	1	1	0	20	11	+T
II	1868122	G	*/-T	19	5	11.63%	2	2	38	46	0.98	1	1	18	1	3	2	-T
II	1868122	G	*/+T	19	16	37.21%	2	2	38	41	0.98	1	1	18	1	14	2	+T
II	1873779	T	+A/+A	1	26	96.3%	1	2	37	41	0.98	1	1	0	1	14	12	+A
II	1877294	A	+T/+T	3	20	86.96%	2	2	45	41	0.98	1	1	1	2	12	8	+T
II	1907123	G	*/-A	28	2	6.67%	2	1	36	37	0.98	1	1	19	9	2	0	-A
II	1938011	G	*/-A	40	3	6.98%	2	2	40	33	0.98	1	1	24	16	2	1	-A
II	1941697	A	*/-T	12	3	20%	2	1	42	29	0.98	1	1	9	3	3	0	-T
II	1941966	A	+T/+T	0	60	100%	0	2	0	48	0.98	0	1	0	0	31	29	+T
II	1941982	A	+T/+T	2	59	95.16%	1	2	74	45	0.98	1	1	2	0	28	31	+T
II	1948953	G	-A/-A	2	26	92.86%	2	2	37	43	0.98	1	1	1	1	15	11	-A
II	1950050	A	+G/+G	1	23	92%	1	2	37	41	0.98	1	1	0	1	6	17	+G
II	1953407	T	*/+C	9	2	15.38%	2	1	36	37	0.98	1	1	1	8	0	2	C
II	1955495	T	*/+A	3	25	73.53%	2	2	61	48	0.98	1	1	1	2	10	15	+A
II	1955495	T	*/+AA	3	3	8.82%	2	1	61	49	0.98	1	1	1	2	3	0	+A
II	1960392	A	+G/+G	3	33	86.84%	2	2	37	39	0.98	1	1	2	1	9	24	+G
II	1987101	C	-G/-G	0	56	100%	0	2	0	43	0.98	0	1	0	0	27	29	-G
II	1987117	T	-G/-G	2	51	96.23%	2	2	48	41	0.98	1	1	1	1	21	30	-G
II	2022966	T	*/+A	19	2	9.09%	2	1	46	31	0.98	1	1	10	9	0	2	+A
II	2049891	A	-T/-T	6	71	92.21%	2	2	53	45	0.98	1	1	4	2	30	41	-T
II	2053516	G	+C/+C	5	32	86.49%	1	2	51	45	0.98	1	1	5	0	17	15	+C
II	2108180	T	+A/+A	1	44	97.78%	1	2	37	41	0.98	1	1	0	1	30	14	+A
II	2115422	T	*/+A	33	40	54.79%	2	2	41	42	0.98	1	1	13	20	20	20	+A
II	2147726	G	+T/+T	5	38	88.37%	2	2	44	44	0.98	1	1	3	2	20	18	+T
II	2187407	G	+A/+A	0	36	97.3%	0	2	0	36	0.98	0	1	0	0	24	12	+A
II	2197587	C	*/-A	12	6	31.58%	2	2	38	36	0.98	1	1	11	1	3	3	-A
II	2198945	G	*/-CA	39	3	7.14%	2	2	39	33	0.98	1	1	11	28	2	1	-CA
II	2199987	A	*/+TAACC	22	28	54.9%	2	2	43	49	0.98	1	1	4	18	13	15	+TAACC
II	2203072	C	*/-A	46	3	5.88%	2	1	46	45	0.98	1	1	26	20	3	0	-A
II	2203175	T	*/-A	32	4	10.53%	2	2	37	52	0.98	1	1	18	14	2	2	-A
II	2203175	T	*/+A	32	2	5.26%	2	2	37	31	0.98	1	1	18	14	1	1	-A
II	2204904	T	*/-A	28	2	5.71%	2	1	42	37	0.98	1	1	24	4	2	0	-A
II	2204904	T	*/+A	28	5	14.29%	2	2	42	34	0.98	1	1	24	4	4	1	+A
II	2219195	A	*/-T	38	2	5%	2	2	43	43	0.98	1	1	17	21	1	1	-T
II	2219928	A	+T/+T	1	39	90.7%	1	2	74	44	0.98	1	1	1	0	22	17	+T
II	2265291	A	*/+T	38	2	5%	2	2	47	37	0.98	1	1	29	9	1	1	+T
II	2293297	G	-A/-A	1	29	96.67%	1	2	37	43	0.98	1	1	0	1	22	7	-A
II	2318772	A	*/-T	9	2	14.29%	2	2	34	55	0.98	1	1	6	3	1	1	-T
II	2318772	A	*/-TT	9	3	21.43%	2	1	34	40	0.98	1	1	6	3	3	0	-TT
II	2338528	G	*/-A	5	25	73.53%	1	2	37	39	0.98	1	1	5	0	18	7	-A
II	2338528	G	*/-AA	5	4	11.76%	1	2	37	40	0.98	1	1	5	0	1	3	-A
II	2443175	A	*/-TT	15	3	14.29%	2	2	36	33	0.98	1	1	12	3	1	2	-TT
II	2443873	T	*/+A	7	9	33.33%	2	2	36	43	0.98	1	1	5	2	2	7	+A
II	2443873	T	*/+AA	7	6	22.22%	2	1	36	37	0.98	1	1	5	2	6	0	+A
II	2504242	C	*/+A	14	2	12.5%	2	2	44	68	0.98	1	1	7	7	1	1	+A
II	2523624	C	*/-A	27	3	8.33%	2	1	38	37	0.98	1	1	26	1	3	0	A
II	2552671	T	*/-A	24	2	7.69%	2	2	44	74	0.98	1	1	12	12	1	1	-A
II	2552673	G	*/-T	13	3	15.79%	2	2	43	49	0.98	1	1	10	3	1	2	-T
II	2579458	C	*/-A	14	7	33.33%	2	2	51	40	0.98	1	1	10	4	6	1	-A
II	2591913	T	*/-A	30	7	17.95%	2	2	40	47	0.98	1	1	20	10	5	2	-A
II	2591913	T	*/+A	30	2	5.13%	2	2	40	35	0.98	1	1	20	10	1	1	-A
II	2592423	T	+A/+A	3	36	87.8%	1	2	41	44	0.98	1	1	3	0	15	21	+A
II	2630607	C	*/+A	11	33	64.71%	2	2	44	42	0.98	1	1	7	4	7	26	+A
II	2630607	C	*/+AA	11	3	5.88%	2	2	44	45	0.98	1	1	7	4	2	1	+A
II	2640785	T	*/+A	21	36	59.02%	2	2	41	47	0.98	1	1	15	6	16	20	+A
II	2647497	C	*/-T	37	9	18.75%	2	2	41	38	0.98	1	1	14	23	5	4	-T
II	2671614	G	*/-A	25	2	7.41%	2	2	45	37	0.98	1	1	17	8	1	1	-A
II	2709414	G	+C/+C	1	38	95%	1	2	37	38	0.98	1	1	1	0	16	22	+C
II	2720152	T	*/+A	41	12	21.82%	2	2	43	43	0.98	1	1	16	25	6	6	+A
II	2755338	C	*/-AT	23	22	39.29%	2	2	41	41	0.98	1	1	2	21	10	12	-AT
II	2755338	C	*/-ATAT	23	10	17.86%	2	2	41	43	0.98	1	1	2	21	3	7	-AT
II	2788933	C	+G/+G	1	58	98.31%	1	2	37	44	0.98	1	1	1	0	41	17	+G
II	2798040	C	-T/-T	2	26	92.86%	1	2	74	41	0.98	1	1	2	0	17	9	-T
II	2798514	A	-G/-G	3	36	92.31%	2	2	53	44	0.98	1	1	2	1	19	17	-G
II	2806181	G	*/-A	33	2	5.71%	2	1	42	37	0.98	1	1	17	16	0	2	-A
II	2811495	C	-A/-A	1	57	98.28%	1	2	37	47	0.98	1	1	0	1	26	31	-A
II	2825193	A	*/-T	33	2	5.71%	2	2	46	55	0.98	1	1	21	12	1	1	-T
II	2826100	G	*/-A	25	5	15.15%	2	2	39	51	0.98	1	1	22	3	2	3	-A
II	2826100	G	*/+A	25	2	6.06%	2	1	39	37	0.98	1	1	22	3	2	0	-A
II	2830962	C	*/-T	27	14	34.15%	2	2	42	40	0.98	1	1	11	16	10	4	-T
II	2894538	T	*/-A	22	5	17.24%	2	2	35	39	0.98	1	1	15	7	1	4	-A
II	2900889	A	*/-T	29	6	15%	2	2	40	35	0.98	1	1	24	5	5	1	-T
II	2900889	A	*/-TT	29	2	5%	2	2	40	55	0.98	1	1	24	5	1	1	-T
II	2900889	A	*/-TTT	29	2	5%	2	2	40	55	0.98	1	1	24	5	1	1	-T
II	2908519	G	*/-A	63	7	10%	2	2	52	36	0.98	1	1	36	27	3	4	-A
II	2938956	C	+T/+T	5	33	75%	2	2	36	38	0.98	1	1	4	1	9	24	+T
II	2955362	C	*/-A	61	5	7.58%	2	2	47	39	0.98	1	1	32	29	2	3	-A
II	2988149	G	*/-T	20	6	20.69%	2	2	46	45	0.98	1	1	15	5	4	2	-T
II	2988149	G	*/+T	20	3	10.34%	2	2	46	52	0.98	1	1	15	5	1	2	-T
II	2998641	T	*/-C	38	2	5%	2	1	46	37	0.98	1	1	19	19	2	0	-C
II	3040332	C	+G/+G	2	65	97.01%	1	2	49	41	0.98	1	1	0	2	37	28	+G
II	3050424	C	*/-T	33	4	10%	2	2	39	46	0.98	1	1	21	12	3	1	-T
II	3050424	C	*/+T	33	2	5%	2	1	39	55	0.98	1	1	21	12	2	0	-T
II	3058544	T	*/-G	9	6	35.29%	2	2	35	35	0.98	1	1	5	4	4	2	-G
II	3058544	T	*/+G	9	2	11.76%	2	1	35	37	0.98	1	1	5	4	2	0	-G
II	3139623	A	*/-AT	24	2	7.69%	2	1	38	37	0.98	1	1	5	19	2	0	-AT
II	3154052	G	*/-T	45	8	14.04%	2	2	44	47	0.98	1	1	33	12	4	4	-T
II	3156685	T	*/+A	31	2	6.06%	2	1	42	42	0.98	1	1	18	13	2	0	+A
II	3171788	G	*/-A	14	4	16.67%	2	2	38	33	0.98	1	1	13	1	3	1	-A
II	3171788	G	*/+A	14	3	12.5%	2	1	38	37	0.98	1	1	13	1	3	0	-A
II	3175926	C	*/-T	11	3	20%	2	2	35	40	0.98	1	1	9	2	1	2	-T
II	3253453	C	*/-T	9	5	29.41%	2	2	33	36	0.98	1	1	7	2	1	4	-T
II	3253453	C	*/+T	9	2	11.76%	2	1	33	36	0.98	1	1	7	2	2	0	-T
II	3282373	T	*/-A	45	8	14.55%	2	2	45	44	0.98	1	1	36	9	7	1	-A
II	3329982	G	*/-T	17	2	9.52%	2	2	35	31	0.98	1	1	9	8	1	1	-T
II	3329982	G	*/+T	17	2	9.52%	2	1	35	37	0.98	1	1	9	8	2	0	-T
II	3333208	A	*/-T	22	2	8%	2	1	42	55	0.98	1	1	7	15	2	0	-T
II	3380128	C	*/-T	22	4	13.79%	1	1	38	46	0.98	1	1	22	0	4	0	-T
II	3380128	C	*/+T	22	2	6.9%	1	1	38	37	0.98	1	1	22	0	2	0	-T
II	3410437	G	*/-TT	15	4	20%	2	2	37	34	0.98	1	1	9	6	3	1	-TT
II	3429091	C	*/+TGTTGAGTA	19	37	57.81%	2	2	50	47	0.98	1	1	10	9	18	19	+TGTTGAGTA
II	3509251	T	*/-A	29	6	15.38%	2	2	37	47	0.98	1	1	15	14	3	3	-A
II	3509251	T	*/+A	29	3	7.69%	2	2	37	37	0.98	1	1	15	14	2	1	-A
II	3512925	C	*/-T	16	2	9.52%	2	1	36	37	0.98	1	1	15	1	2	0	-T
II	3512925	C	*/+T	16	3	14.29%	2	2	36	28	0.98	1	1	15	1	2	1	+T
II	3514786	C	*/+T	45	3	6%	2	1	38	36	0.98	1	1	28	17	3	0	+T
II	3540057	A	*/-T	36	13	24.53%	2	1	38	41	0.98	1	1	26	10	13	0	-T
II	3540057	A	*/+T	36	3	5.66%	2	2	38	40	0.98	1	1	26	10	2	1	-T
II	3607420	C	*/+TT	24	2	7.69%	2	1	42	37	0.98	1	1	16	8	2	0	+TT
II	3619003	A	+G/+G	2	49	96.08%	2	2	37	47	0.98	1	1	1	1	20	29	+G
II	3621704	A	*/-T	22	8	22.86%	2	2	45	58	0.98	1	1	13	9	7	1	-T
II	3621704	A	*/-TT	22	3	8.57%	2	2	45	49	0.98	1	1	13	9	1	2	-T
II	3622754	T	*/-A	33	2	5%	2	1	44	37	0.98	1	1	12	21	0	2	-A
II	3622754	T	*/+A	33	5	12.5%	2	2	44	51	0.98	1	1	12	21	1	4	+A
II	3661773	T	*/-A	22	2	8.33%	2	1	42	55	0.98	1	1	16	6	2	0	-A
II	3715149	G	*/-A	9	3	16.67%	2	2	38	40	0.98	1	1	8	1	1	2	-A
II	3715149	G	*/+A	9	3	16.67%	2	1	38	34	0.98	1	1	8	1	3	0	-A
II	3720775	C	*/+T	34	9	20.93%	2	2	48	42	0.98	1	1	21	13	6	3	+T
II	3799350	G	*/+A	4	5	50%	1	2	49	42	0.98	1	1	4	0	3	2	+A
II	3815025	C	*/-T	26	5	14.29%	2	2	37	39	0.98	1	1	22	4	2	3	-T
II	3815025	C	*/-TT	26	3	8.57%	2	1	37	36	0.98	1	1	22	4	0	3	-T
II	3838101	C	-A/-A	2	15	83.33%	2	2	49	40	0.98	1	1	1	1	8	7	-A
II	3838912	T	*/-A	31	4	9.3%	2	1	44	43	0.98	1	1	11	20	0	4	-A
II	3838912	T	*/-AA	31	3	6.98%	2	1	44	33	0.98	1	1	11	20	3	0	-A
II	3838912	T	*/+A	31	4	9.3%	2	1	44	34	0.98	1	1	11	20	0	4	+A
II	3856893	T	*/-C	36	2	5.26%	2	1	46	36	0.98	1	1	24	12	0	2	-C
II	3856896	A	*/-T	23	10	24.39%	2	2	43	39	0.98	1	1	14	9	8	2	-T
II	3856896	A	*/-TT	23	5	12.2%	2	2	43	42	0.98	1	1	14	9	4	1	-T
II	3856896	A	*/+T	23	3	7.32%	2	1	43	48	0.98	1	1	14	9	0	3	-T
II	3860185	C	*/-TAGTA	41	37	45.68%	2	2	43	36	0.98	1	1	7	34	31	6	-TAGTA
II	3860880	C	*/+T	30	2	6.25%	2	1	43	37	0.98	1	1	14	16	2	0	+T
II	3862860	C	*/+T	17	4	19.05%	2	2	32	31	0.98	1	1	8	9	3	1	+T
II	3869342	A	*/-AT	60	5	7.46%	2	2	42	44	0.98	1	1	21	39	2	3	-AT
II	3933716	C	+A/+A	8	43	82.69%	2	2	32	46	0.98	1	1	5	3	24	19	+A
II	3954039	C	*/-T	56	9	12.5%	2	2	41	46	0.98	1	1	38	18	4	5	-T
II	3954039	C	*/+T	56	5	6.94%	2	2	41	44	0.98	1	1	38	18	4	1	-T
II	3975235	C	*/-A	37	11	17.19%	2	2	40	40	0.98	1	1	28	9	7	4	-A
II	3975235	C	*/-AA	37	4	6.25%	2	2	40	49	0.98	1	1	28	9	1	3	-A
II	3975235	C	*/+A	37	7	10.94%	2	2	40	38	0.98	1	1	28	9	6	1	+A
II	3980468	C	*/-T	28	3	9.38%	2	2	35	28	0.98	1	1	23	5	2	1	-T
II	4006982	C	*/-A	14	6	25%	2	2	39	39	0.98	1	1	8	6	2	4	-A
II	4006982	C	*/-AA	14	2	8.33%	2	2	39	31	0.98	1	1	8	6	1	1	-A
II	4006982	C	*/+A	14	2	8.33%	2	2	39	37	0.98	1	1	8	6	1	1	-A
II	4031460	A	*/-T	17	4	12.5%	2	2	34	46	0.98	1	1	11	6	3	1	-T
II	4031460	A	*/+T	17	5	15.62%	2	2	34	36	0.98	1	1	11	6	3	2	+T
II	4107253	G	*/+TT	4	2	11.76%	2	2	39	37	0.98	1	1	2	2	1	1	+TT
II	4107253	G	*/+TTT	4	4	23.53%	2	2	39	44	0.98	1	1	2	2	3	1	+TTT
II	4107253	G	*/+TTTT	4	3	17.65%	2	2	39	30	0.98	1	1	2	2	2	1	+TTT
II	4254960	G	-A/-A	1	47	97.92%	1	2	37	43	0.98	1	1	0	1	25	22	-A
II	4273885	G	*/-GCATGA	38	2	5%	2	1	49	31	0.98	1	1	16	22	2	0	-GCATGA
II	4290954	G	*/+A	67	4	5.33%	2	2	47	36	0.98	1	1	38	29	1	3	+A
II	4308414	C	*/+A	7	23	69.7%	2	2	31	40	0.98	1	1	6	1	10	13	+A
II	4308414	C	*/+AA	7	3	9.09%	2	2	31	56	0.98	1	1	6	1	1	2	+A
II	4343817	T	*/-A	29	5	14.29%	2	1	42	42	0.98	1	1	19	10	5	0	-A
II	4419921	T	*/+A	5	8	53.33%	2	2	51	35	0.98	1	1	4	1	5	3	+A
II	4423650	T	*/-GTTGG	15	27	64.29%	2	2	45	37	0.98	1	1	5	10	20	7	-GTTGG
II	4423652	T	*/-TGGATA	6	2	20%	2	1	51	31	0.98	1	1	2	4	2	0	A
II	4423656	A	+AAACT/+AAACT	6	29	82.86%	2	2	49	36	0.98	1	1	2	4	21	8	+AAACT
II	4496300	G	*/-A	17	2	10%	2	2	38	49	0.98	1	1	7	10	1	1	-A
II	4497110	G	*/-TT	28	2	5.26%	2	1	40	37	0.98	1	1	24	4	2	0	-TT
II	4497110	G	*/+T	28	5	13.16%	2	2	40	44	0.98	1	1	24	4	2	3	+T
II	4502695	C	*/-T	15	2	11.76%	2	1	39	43	0.98	1	1	12	3	2	0	-T
II	4505641	C	*/-A	32	2	5.71%	2	2	41	37	0.98	1	1	14	18	1	1	-A
II	4507612	T	*/-A	36	2	5.26%	2	1	39	37	0.98	1	1	23	13	2	0	-A
II	4513922	G	*/+GGCTGCTATAATCATTCCCAA	84	8	8.7%	2	2	42	49	0.98	1	1	31	53	2	6	+GGCTGCTATAATCATTCCCAA
II	4515621	C	*/-AA	23	2	5.88%	2	1	37	37	0.98	1	1	20	3	2	0	A
II	4515621	C	*/+A	23	7	20.59%	2	2	37	36	0.98	1	1	20	3	5	2	+A
II	4516522	A	*/+T	121	14	10.29%	2	1	49	36	0.98	1	1	76	45	0	14	+T
II	4517047	T	*/+TACTCATC	120	26	16.25%	2	2	45	44	0.98	1	1	66	54	18	8	+TACTCATC
II	4518476	T	*/-C	112	6	5.08%	2	2	40	49	0.98	1	1	51	61	3	3	-C
II	4521677	T	*/-AA	34	9	19.57%	2	2	38	41	0.98	1	1	22	12	4	5	-AA
II	4525340	G	*/-T	71	6	5.41%	2	2	40	41	0.98	1	1	52	19	2	4	-T
II	4525340	G	*/+T	71	28	25.23%	2	2	40	41	0.98	1	1	52	19	18	10	+T
II	4526174	A	*/-T	46	13	22.03%	2	2	45	45	0.98	1	1	29	17	9	4	-T
II	4526843	C	*/-T	24	7	19.44%	2	2	36	31	0.98	1	1	16	8	6	1	-T
II	4526843	C	*/-TT	24	2	5.56%	2	1	36	31	0.98	1	1	16	8	0	2	-T
II	4528465	C	*/+GACAAT	100	22	18.03%	2	2	41	40	0.98	1	1	43	57	5	17	+GACAAT
II	4529375	T	*/+ACAACGACAACGACAACG	108	16	10.67%	2	2	44	47	0.98	1	1	61	47	9	7	+ACAACGACAACGACAACG
II	4529375	T	*/+ACAACGACAACGACAACGACAACG	108	19	12.67%	2	2	44	47	0.98	1	1	61	47	8	11	+ACAACGACAACGACAACGACAACG
II	4533588	C	*/-T	133	63	32.14%	2	2	42	42	0.98	1	1	77	56	33	30	-T
II	4534880	A	*/-T	181	73	28.52%	2	2	46	45	0.98	1	1	80	101	31	42	-T
II	4535523	T	*/+GTTACG	326	90	21.48%	2	2	43	41	0.98	1	1	102	224	29	61	+GTTACG
II	4535548	A	*/-TATGTG	305	90	22.11%	2	2	42	41	0.98	1	1	117	188	41	49	-TATGTG
II	4535645	G	*/-T	237	105	30.61%	2	2	46	47	0.98	1	1	133	104	41	64	-T
II	4536089	C	*/+AAAAGAAAAGTAAATT	112	8	6.61%	2	2	40	43	0.98	1	1	71	41	5	3	+AAAAGAAAAGTAAATT
II	4536728	A	*/+GAGAGTAGG	430	55	10.89%	2	2	42	42	0.98	1	1	196	234	26	29	+GAGAGTAGG
II	4537213	G	+T/+T	15	591	97.36%	2	2	45	47	0.98	1	1	12	3	350	241	+T
II	4537387	A	-AATAAGAG/-AATAAGAG	80	360	81.82%	2	2	39	43	0.98	1	1	18	62	213	147	-AATAAGAG
II	4537712	T	*/-AAATAAAATTAATG	162	19	10.44%	2	2	42	38	0.98	1	1	78	84	10	9	-AAATAAAATTAATG
III	1558	G	*/-A	166	16	7.17%	2	2	42	43	0.98	1	1	91	75	9	7	-A
III	1558	G	*/-AA	166	14	6.28%	2	2	42	39	0.98	1	1	91	75	7	7	-A
III	1558	G	*/+A	166	22	9.87%	2	2	42	39	0.98	1	1	91	75	12	10	+A
III	4729	A	*/-T	722	190	18.38%	2	2	41	43	0.98	1	1	495	227	74	116	-T
III	4729	A	*/+T	722	58	5.61%	2	2	41	48	0.98	1	1	495	227	17	41	-T
III	4952	C	*/+T	767	137	14.91%	2	2	39	45	0.98	1	1	478	289	47	90	+T
III	5403	C	*/-T	515	165	21.24%	2	2	39	37	0.98	1	1	399	116	110	55	-T
III	5403	C	*/-TT	515	40	5.15%	2	2	39	38	0.98	1	1	399	116	25	15	-T
III	9812	T	*/+A	307	52	14.25%	2	2	44	40	0.98	1	1	112	195	1	51	+A
III	12428	G	*/-A	158	18	8.04%	2	2	39	41	0.98	1	1	75	83	8	10	-A
III	12428	G	*/-AA	158	13	5.8%	2	2	39	41	0.98	1	1	75	83	2	11	-A
III	12428	G	*/+A	158	26	11.61%	2	2	39	42	0.98	1	1	75	83	17	9	+A
III	15599	A	*/-T	777	197	18.11%	2	2	43	46	0.98	1	1	533	244	95	102	-T
III	15599	A	*/+T	777	66	6.07%	2	2	43	44	0.98	1	1	533	244	32	34	-T
III	15822	C	*/+T	807	131	13.7%	2	2	39	46	0.98	1	1	494	313	42	89	+T
III	16273	C	*/-T	546	171	21.11%	2	2	38	39	0.98	1	1	399	147	106	65	-T
III	16273	C	*/-TT	546	43	5.31%	2	2	38	43	0.98	1	1	399	147	22	21	-T
III	20682	T	*/+A	288	69	18.96%	2	2	44	41	0.98	1	1	118	170	1	68	+A
III	20964	A	*/-T	240	14	5.51%	2	2	46	36	0.98	1	1	112	128	5	9	-T
III	21226	T	*/+A	278	15	5.12%	2	2	41	39	0.98	1	1	157	121	11	4	+A
III	23298	G	*/-A	150	14	6.9%	2	2	41	37	0.98	1	1	83	67	5	9	-A
III	23298	G	*/+A	150	20	9.85%	2	2	41	40	0.98	1	1	83	67	14	6	+A
III	69589	T	*/-A	25	9	26.47%	2	2	45	45	0.98	1	1	10	15	4	5	-A
III	120832	C	*/+A	31	2	6.06%	2	2	38	37	0.98	1	1	20	11	1	1	+A
III	123319	T	*/-A	17	6	23.08%	2	2	41	53	0.98	1	1	11	6	3	3	-A
III	123319	T	*/-AA	17	2	7.69%	2	1	41	55	0.98	1	1	11	6	0	2	-A
III	207168	T	*/-A	13	6	28.57%	2	2	39	53	0.98	1	1	11	2	4	2	-A
III	207482	T	*/-A	33	2	5.71%	2	2	43	37	0.98	1	1	19	14	1	1	-A
III	208140	C	*/-A	13	4	19.05%	1	1	37	37	0.98	1	1	13	0	4	0	-A
III	208140	C	*/+A	13	2	9.52%	1	2	37	37	0.98	1	1	13	0	1	1	-A
III	222376	G	*/-T	23	2	8%	2	1	45	37	0.98	1	1	11	12	0	2	-T
III	231435	G	*/-T	32	3	8.11%	2	1	40	40	0.98	1	1	14	18	3	0	-T
III	231435	G	*/+T	32	2	5.41%	2	2	40	49	0.98	1	1	14	18	1	1	-T
III	231502	G	*/+A	28	2	6.25%	2	1	42	42	0.98	1	1	15	13	0	2	+A
III	232115	A	*/-T	24	2	6.9%	2	1	45	37	0.98	1	1	15	9	2	0	-T
III	232115	A	*/+T	24	3	10.34%	2	2	45	61	0.98	1	1	15	9	1	2	+T
III	234763	A	-TTGTTTTGTT/-TTGTTTTGTT	4	16	80%	2	2	34	44	0.98	1	1	2	2	9	7	-TTGTTTTGTT
III	235811	G	*/-A	37	2	5.13%	2	1	41	31	0.98	1	1	21	16	0	2	-A
III	237048	G	*/+A	15	2	11.11%	2	1	40	37	0.98	1	1	10	5	2	0	+A
III	245692	C	*/+T	57	4	6.35%	2	2	42	34	0.98	1	1	41	16	3	1	+T
III	253907	A	*/+T	4	6	54.55%	2	2	46	35	0.98	1	1	3	1	1	5	+T
III	286478	C	-TT/-TT	2	18	90%	1	2	49	34	0.98	1	1	2	0	13	5	-TT
III	286517	C	*/-A	13	2	13.33%	2	1	33	37	0.98	1	1	6	7	0	2	-A
III	286594	T	*/+A	4	2	7.14%	2	2	39	37	0.98	1	1	3	1	1	1	+A
III	286594	T	*/+AA	4	8	28.57%	2	2	39	37	0.98	1	1	3	1	6	2	+AA
III	286594	T	*/+AAA	4	12	42.86%	2	2	39	36	0.98	1	1	3	1	9	3	+AAA
III	286594	T	*/+AAAA	4	2	7.14%	2	1	39	37	0.98	1	1	3	1	2	0	+AAA
III	293096	G	*/-T	26	8	19.05%	2	2	41	40	0.98	1	1	15	11	7	1	-T
III	293096	G	*/+T	26	5	11.9%	2	2	41	34	0.98	1	1	15	11	3	2	-T
III	320792	C	*/+A	38	9	19.15%	2	2	44	45	0.98	1	1	20	18	5	4	+A
III	348685	G	*/-AT	86	8	8.42%	2	2	40	41	0.98	1	1	51	35	7	1	-AT
III	348705	C	*/+T	74	4	5.13%	2	2	36	28	0.98	1	1	62	12	3	1	+T
III	365747	C	-A/-A	4	36	87.8%	2	2	41	41	0.98	1	1	2	2	28	8	-A
III	415596	T	*/-A	31	3	8.33%	2	1	37	37	0.98	1	1	17	14	3	0	-A
III	415596	T	*/+A	31	2	5.56%	2	1	37	42	0.98	1	1	17	14	2	0	-A
III	431910	C	*/-T	39	6	12.5%	2	2	43	45	0.98	1	1	25	14	4	2	-T
III	467904	C	*/-A	29	4	10.81%	2	2	44	43	0.98	1	1	16	13	1	3	-A
III	467904	C	*/+A	29	4	10.81%	2	2	44	43	0.98	1	1	16	13	3	1	-A
III	518843	C	*/-T	35	4	10.26%	2	2	39	37	0.98	1	1	14	21	1	3	-T
III	563214	T	*/-A	39	3	7.14%	2	1	38	37	0.98	1	1	31	8	3	0	-A
III	565492	T	*/-A	14	2	12.5%	2	1	43	55	0.98	1	1	4	10	0	2	-A
III	568658	C	*/-T	30	6	15.38%	2	2	36	43	0.98	1	1	22	8	3	3	-T
III	717677	A	*/-T	2	18	72%	1	2	55	41	0.98	1	1	2	0	8	10	-T
III	717677	A	*/-TT	2	5	20%	1	2	55	36	0.98	1	1	2	0	1	4	-T
III	719703	T	*/-A	24	2	7.14%	2	1	37	31	0.98	1	1	17	7	0	2	-A
III	719792	T	*/-TTTATTTA	20	2	9.09%	2	1	40	25	0.98	1	1	7	13	0	2	-TTTATTTA
III	719955	A	-C/-C	1	17	94.44%	1	2	48	55	0.98	1	1	0	1	8	9	-C
III	719973	C	-G/-G	0	5	83.33%	0	2	0	34	0.98	0	1	0	0	1	4	-G
III	720235	C	*/-T	17	2	10%	2	2	42	55	0.98	1	1	10	7	1	1	-T
III	720559	C	*/-T	8	2	12.5%	2	1	41	36	0.98	1	1	7	1	2	0	-T
III	720559	C	*/-TT	8	2	12.5%	2	2	41	31	0.98	1	1	7	1	1	1	-T
III	720559	C	*/+T	8	3	18.75%	2	2	41	29	0.98	1	1	7	1	2	1	+T
III	720683	A	+T/+T	1	20	95.24%	1	2	37	33	0.98	1	1	1	0	11	9	+T
III	762516	T	*/-A	34	5	12.2%	2	2	44	34	0.98	1	1	19	15	2	3	-A
III	822701	G	*/-T	26	4	11.76%	2	2	46	49	0.98	1	1	15	11	2	2	-T
III	822701	G	*/+T	26	3	8.82%	2	1	46	61	0.98	1	1	15	11	3	0	-T
III	827251	C	*/-T	17	3	15%	1	2	34	44	0.98	1	1	17	0	1	2	-T
III	853262	T	+A/+A	5	36	81.82%	2	2	54	40	0.98	1	1	2	3	21	15	+A
III	853293	C	+A/+A	8	36	78.26%	2	2	47	46	0.98	1	1	5	3	14	22	+A
III	867865	C	-T/-T	2	43	95.56%	2	2	55	40	0.98	1	1	1	1	21	22	-T
III	897531	C	*/-A	43	4	7.27%	2	1	44	55	0.98	1	1	26	17	4	0	-A
III	897531	C	*/+A	43	5	9.09%	2	2	44	37	0.98	1	1	26	17	4	1	+A
III	903309	C	*/-T	36	2	5.26%	2	2	45	37	0.98	1	1	16	20	1	1	-T
III	954028	G	*/-A	39	3	6.98%	2	1	43	33	0.98	1	1	25	14	3	0	-A
III	958241	C	*/-T	27	3	9.38%	2	1	40	33	0.98	1	1	19	8	3	0	-T
III	966124	G	*/-T	38	16	25%	2	2	38	36	0.98	1	1	35	3	15	1	-T
III	966124	G	*/-TT	38	5	7.81%	2	1	38	37	0.98	1	1	35	3	5	0	-T
III	966124	G	*/+T	38	4	6.25%	2	1	38	37	0.98	1	1	35	3	4	0	-T
III	968622	C	*/-T	23	2	8%	2	2	40	37	0.98	1	1	8	15	1	1	-T
III	970548	C	*/-T	6	9	56.25%	2	2	47	43	0.98	1	1	4	2	2	7	-T
III	970892	C	*/-T	26	7	20.59%	2	2	37	40	0.98	1	1	18	8	2	5	-T
III	973415	T	*/-A	31	4	11.43%	2	2	41	55	0.98	1	1	19	12	2	2	-A
III	985870	T	*/-C	34	2	5.56%	2	1	42	37	0.98	1	1	25	9	0	2	-C
III	988719	G	*/-T	47	3	5.88%	2	1	43	40	0.98	1	1	30	17	3	0	-T
III	996949	A	*/-T	36	5	11.9%	2	2	45	44	0.98	1	1	18	18	4	1	-T
III	1016311	G	+C/+C	4	66	94.29%	1	2	55	44	0.98	1	1	4	0	37	29	+C
III	1047060	C	*/-T	25	2	7.14%	2	1	40	31	0.98	1	1	5	20	2	0	-T
III	1075530	A	*/+TGGAAGTGGTAAG	221	14	5.96%	2	2	41	35	0.98	1	1	82	139	9	5	+TGGAAGTGGTAAG
III	1079346	A	*/+G	182	23	11.22%	2	2	41	38	0.98	1	1	126	56	20	3	+G
III	1084026	A	*/+AGTGGTGATGGTT	97	14	12.61%	2	2	41	36	0.98	1	1	47	50	9	5	+AGTGGTGATGGTT
III	1084110	A	*/-G	31	3	8.57%	2	1	37	37	0.98	1	1	17	14	3	0	-G
III	1090594	A	*/-AT	33	2	5.41%	2	1	45	37	0.98	1	1	9	24	0	2	-AT
III	1090594	A	*/+AT	33	2	5.41%	2	1	45	55	0.98	1	1	9	24	2	0	-AT
III	1095550	G	*/-T	32	24	31.17%	2	2	42	40	0.98	1	1	27	5	16	8	-T
III	1095550	G	*/-TT	32	14	18.18%	2	2	42	40	0.98	1	1	27	5	9	5	-T
III	1095550	G	*/-TTT	32	6	7.79%	2	2	42	41	0.98	1	1	27	5	3	3	-T
III	1097433	C	*/+T	27	2	6.67%	2	2	40	55	0.98	1	1	15	12	1	1	+T
III	1103423	T	*/-A	21	18	35.29%	2	2	42	44	0.98	1	1	17	4	12	6	-A
III	1103423	T	*/-AA	21	10	19.61%	2	2	42	37	0.98	1	1	17	4	4	6	-A
III	1104937	C	*/-T	49	3	5.66%	2	2	40	61	0.98	1	1	26	23	1	2	-T
III	1110963	T	*/+C	144	8	5.23%	2	2	45	40	0.98	1	1	73	71	2	6	+C
III	1114914	T	*/+ACCACTAACCATC	97	10	9.35%	2	2	41	38	0.98	1	1	63	34	5	5	+ACCACTAACCATC
III	1116892	C	*/+TCTCTATA	81	6	6.9%	2	2	43	43	0.98	1	1	11	70	3	3	+TCTCTATA
III	1121596	C	*/-T	33	2	5.71%	2	1	48	37	0.98	1	1	16	17	0	2	-T
III	1123936	A	*/+TAGTTG	81	5	5.56%	2	1	45	42	0.98	1	1	62	19	5	0	+TAGTTG
III	1124483	T	*/+C	119	7	5.56%	2	2	45	47	0.98	1	1	59	60	5	2	+C
III	1128434	T	*/+ACCACTAACCATC	84	11	11.58%	2	2	39	35	0.98	1	1	55	29	10	1	+ACCACTAACCATC
III	1130412	C	*/+TCTCTATA	76	6	7.23%	2	2	44	49	0.98	1	1	18	58	4	2	+TCTCTATA
III	1130696	A	*/+TAGTTG	85	9	9%	2	2	44	43	0.98	1	1	65	20	7	2	+TAGTTG
III	1131243	T	*/+C	124	11	8.15%	2	2	43	44	0.98	1	1	57	67	10	1	+C
III	1135116	C	*/-T	27	2	6.67%	2	2	48	37	0.98	1	1	13	14	1	1	-T
III	1135194	T	*/+ACCACTAACCATC	85	7	7.61%	2	2	42	38	0.98	1	1	48	37	5	2	+ACCACTAACCATC
III	1137172	C	*/+TCTCTATA	92	9	8.91%	2	2	44	57	0.98	1	1	18	74	3	6	+TCTCTATA
III	1168358	C	*/-T	21	2	8.7%	2	2	38	49	0.98	1	1	19	2	1	1	-T
III	1168360	T	*/-G	16	6	27.27%	2	2	38	43	0.98	1	1	11	5	5	1	-G
III	1168362	G	*/-GA	20	3	12.5%	2	2	38	40	0.98	1	1	17	3	2	1	-GA
III	1173151	T	+C/+C	5	40	86.96%	2	2	44	42	0.98	1	1	3	2	25	15	+C
III	1243440	T	*/+A	18	10	35.71%	2	2	37	46	0.98	1	1	11	7	7	3	+A
III	1252505	G	*/+T	28	3	6.38%	2	2	40	49	0.98	1	1	25	3	2	1	+T
III	1252505	G	*/+TT	28	3	6.38%	2	2	40	36	0.98	1	1	25	3	1	2	+T
III	1287662	G	*/+T	17	56	74.67%	2	2	53	48	0.98	1	1	16	1	14	42	+T
III	1308513	T	*/+A	30	4	11.76%	2	2	43	43	0.98	1	1	13	17	1	3	+A
III	1394597	C	*/+A	8	20	64.52%	2	2	42	41	0.98	1	1	6	2	11	9	+A
III	1394597	C	*/+AA	8	3	9.68%	2	2	42	37	0.98	1	1	6	2	2	1	+A
III	1395394	G	*/-TT	6	3	21.43%	1	1	36	33	0.98	1	1	6	0	3	0	-TT
III	1395671	C	*/+A	16	3	15%	2	2	48	33	0.98	1	1	12	4	1	2	+A
III	1411422	C	+A/+A	5	31	86.11%	2	2	56	44	0.98	1	1	2	3	14	17	+A
III	1529684	C	*/-A	9	2	12.5%	2	1	38	31	0.98	1	1	7	2	2	0	-A
III	1529684	C	*/+A	9	3	18.75%	2	2	38	33	0.98	1	1	7	2	2	1	+A
III	1547169	C	*/-A	19	2	8%	2	2	44	49	0.98	1	1	13	6	1	1	-A
III	1547169	C	*/+A	19	3	12%	2	2	44	61	0.98	1	1	13	6	1	2	+A
III	1575951	G	*/+T	7	4	20%	2	2	45	40	0.98	1	1	4	3	2	2	+T
III	1575951	G	*/+TT	7	4	20%	2	2	45	49	0.98	1	1	4	3	2	2	+T
III	1594933	T	*/+A	17	18	45%	2	2	44	41	0.98	1	1	12	5	7	11	+A
III	1594933	T	*/+AA	17	3	7.5%	2	2	44	37	0.98	1	1	12	5	2	1	+A
III	1609231	T	*/+A	44	3	6.38%	2	2	45	45	0.98	1	1	24	20	1	2	+A
III	1674618	C	*/-T	16	6	24%	2	1	40	33	0.98	1	1	11	5	6	0	-T
III	1684246	A	*/-T	34	3	7.69%	2	2	40	33	0.98	1	1	24	10	2	1	-T
III	1685487	G	+A/+A	2	44	95.65%	2	2	31	40	0.98	1	1	1	1	17	27	+A
III	1691558	G	*/-T	34	3	7.69%	2	2	42	49	0.98	1	1	18	16	1	2	-T
III	1691558	G	*/+T	34	2	5.13%	2	1	42	49	0.98	1	1	18	16	0	2	-T
III	1702276	A	*/-T	55	5	8.2%	2	2	43	44	0.98	1	1	24	31	2	3	-T
III	1712983	G	*/-A	20	7	23.33%	2	2	40	51	0.98	1	1	17	3	3	4	-A
III	1717327	G	*/-T	41	4	8.89%	2	1	40	43	0.98	1	1	27	14	0	4	-T
III	1740769	T	+A/+A	1	31	96.88%	1	2	37	41	0.98	1	1	1	0	19	12	+A
III	1756400	T	-A/-A	1	58	98.31%	1	2	74	44	0.98	1	1	0	1	24	34	-A
III	1758846	C	*/+A	13	3	16.67%	2	2	45	41	0.98	1	1	9	4	2	1	+A
III	1759057	C	*/-T	36	3	7.69%	2	2	43	61	0.98	1	1	25	11	2	1	-T
III	1765612	C	*/+T	59	11	15.49%	2	2	48	40	0.98	1	1	30	29	5	6	+T
III	1765947	C	*/+T	35	20	36.36%	2	2	44	55	0.98	1	1	19	16	13	7	+T
III	1774235	T	*/+GATC	7	25	73.53%	2	2	35	43	0.98	1	1	2	5	16	9	+GATC
III	1802522	G	*/-T	39	6	13.04%	2	2	41	49	0.98	1	1	26	13	4	2	-T
III	1821911	C	*/-A	12	6	25%	2	2	42	55	0.98	1	1	10	2	4	2	-A
III	1821911	C	*/-AA	12	3	12.5%	2	2	42	36	0.98	1	1	10	2	2	1	-A
III	1821911	C	*/+A	12	2	8.33%	2	1	42	37	0.98	1	1	10	2	2	0	-A
III	1834016	G	*/-T	49	4	7.41%	2	2	44	34	0.98	1	1	12	37	1	3	-T
III	1925626	C	*/-A	8	6	37.5%	2	2	38	45	0.98	1	1	3	5	4	2	-A
III	1947823	A	*/-T	37	5	11.9%	2	2	42	44	0.98	1	1	25	12	4	1	-T
III	1965229	C	*/+A	27	3	10%	2	2	40	57	0.98	1	1	18	9	2	1	+A
III	1979604	A	*/-T	20	11	35.48%	2	2	39	49	0.98	1	1	9	11	4	7	-T
III	1985119	G	*/-T	17	5	20.83%	2	2	38	34	0.98	1	1	6	11	3	2	-T
III	1985119	G	*/+T	17	2	8.33%	2	2	38	42	0.98	1	1	6	11	1	1	-T
III	2067571	T	*/-A	5	2	28.57%	2	2	51	37	0.98	1	1	3	2	1	1	-A
III	2067838	T	*/-A	12	2	13.33%	1	1	36	31	0.98	1	1	12	0	2	0	-A
III	2069607	G	*/-T	21	2	8.7%	2	1	45	42	0.98	1	1	14	7	2	0	-T
III	2074510	C	*/-T	13	2	11.76%	2	2	33	31	0.98	1	1	6	7	1	1	-T
III	2076412	G	*/-T	15	6	26.09%	2	2	41	35	0.98	1	1	11	4	4	2	-T
III	2076980	A	*/-T	17	6	23.08%	2	2	43	39	0.98	1	1	10	7	5	1	-T
III	2076980	A	*/+T	17	3	11.54%	2	2	43	33	0.98	1	1	10	7	1	2	-T
III	2113205	C	*/-T	16	3	13.64%	2	1	42	29	0.98	1	1	12	4	0	3	-T
III	2113205	C	*/-TT	16	2	9.09%	2	2	42	55	0.98	1	1	12	4	1	1	-T
III	2178240	T	*/-A	18	4	16%	2	2	34	34	0.98	1	1	12	6	3	1	-A
III	2178240	T	*/+A	18	2	8%	2	2	34	25	0.98	1	1	12	6	1	1	-A
III	2190252	G	*/+A	21	4	14.29%	2	2	39	42	0.98	1	1	17	4	3	1	+A
III	2257353	C	*/+A	46	4	7.84%	2	2	47	55	0.98	1	1	23	23	2	2	+A
III	2270459	C	*/+A	32	3	8.33%	2	2	37	49	0.98	1	1	24	8	2	1	+A
III	2281940	C	*/-T	21	5	17.24%	2	1	39	37	0.98	1	1	19	2	5	0	-T
III	2281940	C	*/+T	21	3	10.34%	2	2	39	37	0.98	1	1	19	2	2	1	-T
III	2290207	T	+A/+A	1	31	96.88%	1	2	74	44	0.98	1	1	1	0	11	20	+A
III	2309611	T	*/-A	20	4	16.67%	2	2	40	39	0.98	1	1	10	10	1	3	-A
III	2336559	G	*/-T	27	2	6.67%	2	2	44	55	0.98	1	1	14	13	1	1	-T
III	2352293	A	*/+G	19	2	9.52%	2	1	36	37	0.98	1	1	16	3	2	0	+G
III	2373166	G	*/-A	37	3	6.82%	2	2	44	45	0.98	1	1	25	12	1	2	-A
III	2373166	G	*/+A	37	3	6.82%	2	1	44	45	0.98	1	1	25	12	0	3	-A
III	2374096	T	*/+A	39	6	13.33%	2	2	47	47	0.98	1	1	24	15	5	1	+A
III	2382018	A	*/-T	6	7	35%	2	2	41	43	0.98	1	1	3	3	3	4	-T
III	2382018	A	*/-TT	6	6	30%	2	2	41	43	0.98	1	1	3	3	4	2	-T
III	2410032	C	*/+A	14	2	11.76%	2	2	48	55	0.98	1	1	4	10	1	1	+A
III	2420241	T	*/-A	21	3	11.11%	2	2	41	36	0.98	1	1	14	7	1	2	-A
III	2420241	T	*/-AA	21	3	11.11%	2	1	41	49	0.98	1	1	14	7	3	0	-A
III	2442889	A	*/+T	350	24	6.35%	2	2	40	39	0.98	1	1	143	207	12	12	+T
III	2443562	A	+T/+T	19	76	76.77%	2	2	36	37	0.98	1	1	7	12	1	75	+T
III	2447848	T	*/-A	1111	384	20.61%	2	2	40	39	0.98	1	1	811	300	285	99	-A
III	2447848	T	*/-AA	1111	172	9.23%	2	2	40	40	0.98	1	1	811	300	106	66	-A
III	2447848	T	*/+A	1111	138	7.41%	2	2	40	40	0.98	1	1	811	300	100	38	-A
III	2448309	T	-AA/-AA	114	1254	90.41%	2	2	44	41	0.98	1	1	72	42	490	764	-AA
III	2448518	T	*/-A	1393	450	20.83%	2	2	43	43	0.98	1	1	974	419	320	130	-A
III	2448518	T	*/-AA	1393	139	6.44%	2	2	43	42	0.98	1	1	974	419	97	42	-A
III	2448518	T	*/+A	1393	144	6.67%	2	2	43	44	0.98	1	1	974	419	99	45	+A
mitochondrial	317	T	+A/+A	392	5469	91.39%	2	2	43	44	0.98	1	1	299	93	3108	2361	+A
