Chrom	Position	Ref	Cons	Reads1	Reads2	VarFreq	Strands1	Strands2	Qual1	Qual2	Pvalue	MapQual1	MapQual2	Reads1Plus	Reads1Minus	Reads2Plus	Reads2Minus	VarAllele
chr_II_telomeric_gap	5518	A	+T/+T	1	16	94.12%	1	2	74	50	0.98	1	1	0	1	5	11	+T
chr_II_telomeric_gap	6301	C	*/-AT	14	2	12.5%	2	2	44	55	0.98	1	1	5	9	1	1	-AT
chr_II_telomeric_gap	8538	G	*/-A	3	2	33.33%	2	1	26	37	0.98	1	1	2	1	2	0	-A
I	2623	T	*/+C	55	3	5.17%	2	2	48	37	0.98	1	1	29	26	2	1	+C
I	3160	A	*/+GTTGTCGTTGTCGTTGTC	54	13	16.88%	2	2	44	41	0.98	1	1	27	27	7	6	+GTTGTCGTTGTCGTTGTC
I	3160	A	*/+GTTGTCGTTGTCGTTGTCGTTGTC	54	9	11.69%	2	2	44	45	0.98	1	1	27	27	5	4	+GTTGTCGTTGTCGTTGTC
I	4047	C	*/-TGTCTCTGTCAT	60	8	11.76%	2	2	45	54	0.98	1	1	33	27	3	5	-TGTCTCTGTCAT
I	4053	C	*/+TGTCAT	50	9	15.25%	2	2	45	45	0.98	1	1	31	19	5	4	+TGTCAT
I	5677	G	*/-A	13	8	25.81%	1	2	37	35	0.98	1	1	13	0	7	1	-A
I	5677	G	*/-AA	13	2	6.45%	1	1	37	37	0.98	1	1	13	0	2	0	-A
I	5677	G	*/-AAA	13	4	12.9%	1	2	37	58	0.98	1	1	13	0	1	3	-AAA
I	5677	G	*/+A	13	2	6.45%	1	1	37	37	0.98	1	1	13	0	2	0	-AAA
I	6357	T	*/-AA	15	32	65.31%	2	2	41	48	0.98	1	1	7	8	17	15	-AA
I	7191	T	*/+A	26	2	7.14%	2	1	37	36	0.98	1	1	21	5	0	2	+A
I	7192	C	*/+A	12	10	38.46%	1	2	35	34	0.98	1	1	12	0	9	1	+A
I	10859	G	*/-TT	14	5	26.32%	2	2	44	44	0.98	1	1	7	7	3	2	-TT
I	15734	C	*/-A	15	3	15%	2	1	41	37	0.98	1	1	12	3	3	0	-A
I	17760	A	*/-G	25	2	7.41%	2	2	43	37	0.98	1	1	11	14	1	1	-G
I	19694	T	*/+A	28	2	6.67%	2	1	51	37	0.98	1	1	14	14	2	0	+A
I	27402	A	*/+C	7	8	53.33%	2	1	42	38	0.98	1	1	1	6	0	8	+C
I	28398	A	*/+C	64	9	12.33%	2	2	49	49	0.98	1	1	16	48	5	4	+C
I	28467	C	*/+A	48	3	5.88%	2	2	51	61	0.98	1	1	26	22	2	1	+A
I	29373	T	*/+CTTGGGAATGATTATAGCAGC	31	3	6.82%	2	1	58	37	0.98	1	1	17	14	3	0	C
I	43335	G	*/+A	5	3	33.33%	1	1	33	49	0.98	1	1	5	0	3	0	+A
I	55244	T	*/-A	9	3	23.08%	2	1	38	37	0.98	1	1	7	2	3	0	-A
I	74490	C	*/-T	9	2	18.18%	2	1	48	37	0.98	1	1	3	6	0	2	-T
I	101871	A	+G/+G	0	18	100%	0	2	0	43	0.98	0	1	0	0	7	11	+G
I	208899	G	*/-A	19	2	9.52%	2	1	53	37	0.98	1	1	6	13	0	2	-A
I	216147	C	*/-T	8	2	20%	2	2	44	31	0.98	1	1	4	4	1	1	-T
I	232688	T	*/-A	4	4	50%	2	2	34	55	0.98	1	1	3	1	2	2	-A
I	301305	G	*/-T	10	2	16.67%	2	2	40	49	0.98	1	1	4	6	1	1	-T
I	381883	C	*/+A	7	2	20%	2	1	44	37	0.98	1	1	3	4	2	0	+A
I	440084	T	*/+A	2	3	50%	2	1	55	45	0.98	1	1	1	1	3	0	+A
I	441614	C	*/-T	10	3	18.75%	2	2	29	44	0.98	1	1	7	3	2	1	-T
I	441614	C	*/+T	10	2	12.5%	2	1	29	23	0.98	1	1	7	3	0	2	-T
I	453369	G	*/-A	4	4	28.57%	1	2	37	46	0.98	1	1	4	0	3	1	-A
I	453369	G	*/-AA	4	2	14.29%	1	1	37	37	0.98	1	1	4	0	2	0	-A
I	453369	G	*/+A	4	2	14.29%	1	1	37	37	0.98	1	1	4	0	2	0	-A
I	456726	G	*/-T	16	3	15.79%	2	1	43	37	0.98	1	1	13	3	3	0	-T
I	456969	T	*/-A	25	2	6.9%	2	1	47	55	0.98	1	1	15	10	0	2	A
I	470378	A	-C/-C	1	13	92.86%	1	2	37	36	0.98	1	1	0	1	11	2	-C
I	470390	A	-C/-C	0	14	100%	0	2	0	37	0.98	0	1	0	0	11	3	-C
I	473427	G	*/+T	3	2	25%	2	1	33	49	0.98	1	1	1	2	2	0	+T
I	482737	A	+G/+G	1	19	95%	1	2	37	44	0.98	1	1	0	1	10	9	+G
I	528541	C	*/-A	15	2	10.53%	2	2	43	37	0.98	1	1	10	5	1	1	-A
I	528541	C	*/+A	15	2	10.53%	2	1	43	37	0.98	1	1	10	5	2	0	-A
I	554527	A	+T/+T	0	13	81.25%	0	2	0	39	0.98	0	1	0	0	7	6	+T
I	554527	A	*/+TT	0	2	12.5%	0	1	0	31	0.98	0	1	0	0	0	2	+T
I	558751	A	*/+T	9	2	18.18%	2	2	40	55	0.98	1	1	3	6	1	1	+T
I	562745	A	*/-T	9	3	15.79%	2	2	48	44	0.98	1	1	6	3	1	2	-T
I	562745	A	*/+T	9	7	36.84%	2	2	48	47	0.98	1	1	6	3	2	5	+T
I	650099	C	*/+A	1	2	50%	1	1	37	29	0.98	1	1	1	0	2	0	+A
I	670032	C	+A/+A	1	36	97.3%	1	2	62	52	0.98	1	1	0	1	13	23	+A
I	682993	T	-C/-C	0	29	100%	0	2	0	51	0.98	0	1	0	0	11	18	-C
I	807903	A	*/-T	9	2	18.18%	2	1	43	74	0.98	1	1	3	6	0	2	-T
I	862962	C	+T/+T	1	14	93.33%	1	2	37	54	0.98	1	1	0	1	5	9	+T
I	934908	T	*/+A	6	3	30%	1	2	47	33	0.98	1	1	6	0	2	1	+A
I	960025	G	*/+T	4	2	20%	2	2	37	31	0.98	1	1	3	1	1	1	+T
I	960025	G	*/+TT	4	3	30%	2	2	37	37	0.98	1	1	3	1	1	2	+TT
I	966383	C	*/+T	11	3	21.43%	2	2	40	61	0.98	1	1	9	2	1	2	+T
I	995070	G	*/-T	5	2	25%	2	2	37	55	0.98	1	1	2	3	1	1	-T
I	1048635	G	+A/+A	0	13	100%	0	2	0	43	0.98	0	1	0	0	6	7	+A
I	1079583	T	*/+AAAAAAAA	2	2	50%	1	2	37	37	0.98	1	1	2	0	1	1	+AAAAAAAA
I	1152144	C	*/-T	20	2	9.09%	2	1	46	49	0.98	1	1	6	14	0	2	-T
I	1185797	G	*/-A	6	3	30%	2	2	42	45	0.98	1	1	3	3	2	1	-A
I	1254655	T	*/-A	8	2	15.38%	2	2	43	31	0.98	1	1	4	4	1	1	-A
I	1254655	T	*/+A	8	3	23.08%	2	2	43	49	0.98	1	1	4	4	2	1	+A
I	1274803	T	+A/+A	0	14	100%	0	2	0	41	0.98	0	1	0	0	5	9	+A
I	1358794	C	+A/+A	2	6	75%	2	2	37	41	0.98	1	1	1	1	1	5	+A
I	1424708	C	-A/-A	1	18	94.74%	1	2	74	51	0.98	1	1	0	1	9	9	-A
I	1496317	C	*/-A	1	7	63.64%	1	2	37	44	0.98	1	1	0	1	4	3	-A
I	1496317	C	*/-AA	1	3	27.27%	1	2	37	33	0.98	1	1	0	1	2	1	-A
I	1509277	C	*/+T	2	4	66.67%	2	2	43	49	0.98	1	1	1	1	3	1	+T
I	1541472	G	*/-T	7	4	36.36%	2	2	42	46	0.98	1	1	5	2	2	2	-T
I	1603815	C	*/+A	11	2	15.38%	2	2	56	37	0.98	1	1	6	5	1	1	+A
I	1625092	T	+C/+C	0	12	92.31%	0	2	0	43	0.98	0	1	0	0	8	4	+C
I	1663903	C	*/-A	26	2	7.14%	2	1	41	55	0.98	1	1	9	17	0	2	-A
I	1667828	C	*/-CT	19	2	9.52%	2	1	44	55	0.98	1	1	15	4	2	0	-CT
I	1771585	C	*/+A	10	2	16.67%	2	1	48	55	0.98	1	1	7	3	2	0	+A
I	1777634	A	*/-TT	10	2	10.53%	2	1	54	31	0.98	1	1	6	4	2	0	-TT
I	1777634	A	*/+T	10	5	26.32%	2	2	54	39	0.98	1	1	6	4	4	1	+T
I	1809662	C	*/-A	9	2	18.18%	2	2	45	37	0.98	1	1	4	5	1	1	-A
I	1837916	G	*/-T	7	2	15.38%	1	1	42	49	0.98	1	1	7	0	2	0	-T
I	1837916	G	*/-TT	7	4	30.77%	1	2	42	39	0.98	1	1	7	0	3	1	-TT
I	1849285	C	*/-T	26	2	7.14%	2	2	47	55	0.98	1	1	14	12	1	1	-T
I	1861067	A	*/+G	22	2	8.33%	2	2	48	37	0.98	1	1	10	12	1	1	+G
I	1890184	C	*/-A	10	3	21.43%	2	2	39	49	0.98	1	1	6	4	2	1	-A
I	1936294	G	+A/+A	1	11	91.67%	1	2	25	50	0.98	1	1	1	0	5	6	+A
I	1952313	A	+T/+T	0	34	100%	0	2	0	46	0.98	0	1	0	0	24	10	+T
I	1954162	C	*/-A	4	6	33.33%	2	2	34	45	0.98	1	1	3	1	4	2	-A
I	1954162	C	*/-AA	4	2	11.11%	2	1	34	31	0.98	1	1	3	1	0	2	-A
I	1954162	C	*/-AAA	4	2	11.11%	2	2	34	42	0.98	1	1	3	1	1	1	-A
I	1954162	C	*/+A	4	4	22.22%	2	2	34	52	0.98	1	1	3	1	3	1	+A
I	1955754	C	*/+T	5	2	25%	2	1	39	36	0.98	1	1	4	1	2	0	+T
I	1955853	T	+A/+A	0	7	87.5%	0	2	0	40	0.98	0	1	0	0	4	3	+A
I	2025000	C	*/+T	7	7	43.75%	2	2	32	46	0.98	1	1	6	1	6	1	+T
I	2052488	A	*/-T	16	4	17.39%	2	2	47	49	0.98	1	1	10	6	2	2	-T
I	2052488	A	*/+T	16	2	8.7%	2	1	47	55	0.98	1	1	10	6	2	0	-T
I	2096013	T	*/-A	14	3	17.65%	2	1	53	36	0.98	1	1	10	4	0	3	-A
I	2154491	T	+A/+A	1	16	94.12%	1	2	25	47	0.98	1	1	1	0	11	5	+A
I	2159609	C	*/+A	21	2	8.7%	2	2	45	37	0.98	1	1	11	10	1	1	+A
I	2174555	C	*/-A	5	2	25%	2	2	44	55	0.98	1	1	4	1	1	1	-A
I	2227936	T	*/+AAA	0	3	60%	0	1	0	29	0.98	0	1	0	0	0	3	+AAA
I	2245479	T	*/+C	2	3	27.27%	1	2	37	33	0.98	1	1	2	0	1	2	+C
I	2245479	T	*/+CC	2	5	45.45%	1	2	37	52	0.98	1	1	2	0	3	2	+CC
I	2273201	T	*/-A	2	3	50%	1	1	42	37	0.98	1	1	0	2	3	0	-A
I	2288240	C	-G/-G	0	16	100%	0	2	0	50	0.98	0	1	0	0	8	8	-G
I	2290107	T	*/+CA	32	2	5.88%	2	2	53	49	0.98	1	1	21	11	1	1	+CA
I	2322636	C	*/-A	9	7	36.84%	1	1	35	37	0.98	1	1	9	0	7	0	-A
I	2327021	C	*/-AA	1	2	40%	1	1	37	55	0.98	1	1	1	0	0	2	-AA
I	2343703	G	+A/+A	0	9	100%	0	2	0	46	0.98	0	1	0	0	6	3	+A
I	2401096	C	*/+A	16	2	11.11%	2	1	48	49	0.98	1	1	11	5	0	2	+A
I	2421576	A	-C/-C	0	8	100%	0	2	0	50	0.98	0	1	0	0	4	4	-C
I	2424539	G	*/+A	5	2	28.57%	2	1	36	37	0.98	1	1	3	2	2	0	+A
I	2472108	G	+T/+T	3	18	85.71%	2	2	37	47	0.98	1	1	2	1	10	8	+T
I	2499149	A	-T/-T	1	13	92.86%	1	2	74	45	0.98	1	1	1	0	6	7	-T
I	2507462	T	+A/+A	2	12	85.71%	2	2	74	39	0.98	1	1	1	1	9	3	+A
I	2510060	T	+A/+A	1	13	92.86%	1	2	25	47	0.98	1	1	1	0	5	8	+A
I	2520127	G	*/+T	33	2	5.71%	2	2	46	37	0.98	1	1	14	19	1	1	+T
I	2525300	T	*/-A	15	3	16.67%	2	1	46	49	0.98	1	1	7	8	3	0	-A
I	2525713	C	*/-T	9	2	15.38%	2	2	46	43	0.98	1	1	8	1	1	1	-T
I	2578262	T	*/-A	7	4	30.77%	2	2	42	58	0.98	1	1	5	2	1	3	-A
I	2578262	T	*/+A	7	2	15.38%	2	2	42	31	0.98	1	1	5	2	1	1	-A
I	2588021	C	+A/+A	0	6	100%	0	2	0	37	0.98	0	1	0	0	3	3	+A
I	2588066	C	+A/+A	0	8	100%	0	2	0	37	0.98	0	1	0	0	4	4	+A
I	2591640	A	*/+C	16	10	38.46%	2	2	41	37	0.98	1	1	7	9	5	5	+C
I	2594263	C	+T/+T	1	12	92.31%	1	2	37	45	0.98	1	1	0	1	5	7	+T
I	2594324	T	+A/+A	0	10	100%	0	2	0	51	0.98	0	1	0	0	7	3	+A
I	2594351	T	+A/+A	0	10	100%	0	2	0	50	0.98	0	1	0	0	6	4	+A
I	2594391	A	+T/+T	0	6	100%	0	2	0	43	0.98	0	1	0	0	4	2	+T
I	2605777	C	*/-A	13	2	11.76%	2	1	37	37	0.98	1	1	3	10	0	2	-A
I	2605777	C	*/+A	13	2	11.76%	2	1	37	55	0.98	1	1	3	10	2	0	-A
I	2605860	G	-T/-T	0	9	100%	0	2	0	37	0.98	0	1	0	0	4	5	-T
I	2607669	A	+T/+T	0	28	96.55%	0	2	0	48	0.98	0	1	0	0	16	12	+T
I	2678755	G	*/-A	13	2	13.33%	2	2	40	37	0.98	1	1	6	7	1	1	-A
I	2683902	T	-C/-C	0	8	100%	0	2	0	46	0.98	0	1	0	0	2	6	-C
I	2689254	A	*/+T	9	3	25%	2	1	52	33	0.98	1	1	4	5	3	0	+T
I	2751236	T	*/-A	3	16	72.73%	1	2	49	41	0.98	1	1	3	0	8	8	-A
I	2751236	T	*/-AA	3	2	9.09%	1	2	49	37	0.98	1	1	3	0	1	1	-A
I	2755163	C	*/-AAT	17	2	10.53%	2	1	45	37	0.98	1	1	10	7	2	0	-AAT
I	2759871	T	+C/+C	0	6	100%	0	2	0	49	0.98	0	1	0	0	3	3	+C
I	2881073	G	*/-A	7	2	22.22%	2	2	45	37	0.98	1	1	4	3	1	1	-A
I	2959752	A	*/+T	1	4	57.14%	1	2	25	36	0.98	1	1	1	0	3	1	+T
I	2959752	A	*/+TT	1	2	28.57%	1	1	25	37	0.98	1	1	1	0	2	0	+T
I	2960791	T	*/-A	8	2	20%	1	1	43	49	0.98	1	1	0	8	0	2	-A
I	2963080	T	*/-A	16	2	10.53%	2	2	46	37	0.98	1	1	8	8	1	1	-A
I	3033347	C	*/-T	9	3	17.65%	2	1	45	53	0.98	1	1	7	2	3	0	-T
I	3033347	C	*/+TT	9	4	23.53%	2	2	45	37	0.98	1	1	7	2	3	1	+TT
I	3084527	A	*/+AGT	37	2	5.13%	2	1	50	74	0.98	1	1	19	18	2	0	+AGT
I	3125118	A	+T/+T	0	10	100%	0	2	0	40	0.98	0	1	0	0	5	5	+T
I	3144699	T	*/-A	1	2	33.33%	1	1	37	61	0.98	1	1	0	1	2	0	-A
I	3159187	C	*/-CA	39	3	6.98%	2	1	52	61	0.98	1	1	15	24	3	0	-CA
I	3159994	C	*/-T	33	8	17.78%	2	2	44	44	0.98	1	1	23	10	7	1	-T
I	3159994	C	*/+T	33	4	8.89%	2	2	44	46	0.98	1	1	23	10	3	1	-T
I	3166776	G	*/+TT	2	2	18.18%	2	1	37	37	0.98	1	1	1	1	2	0	+TT
I	3166776	G	*/+TTT	2	6	54.55%	2	2	37	44	0.98	1	1	1	1	5	1	+TTT
I	3178494	C	+T/+T	0	17	100%	0	2	0	48	0.98	0	1	0	0	7	10	+T
I	3184255	T	*/-A	8	2	18.18%	2	1	49	37	0.98	1	1	5	3	0	2	-A
I	3197528	A	+G/+G	1	35	97.22%	1	2	37	46	0.98	1	1	0	1	18	17	+G
I	3299997	G	*/-A	19	2	9.52%	2	1	40	37	0.98	1	1	13	6	2	0	-A
I	3303394	C	*/-AT	14	2	11.11%	2	1	50	42	0.98	1	1	6	8	2	0	-AT
I	3380071	C	*/+T	20	2	9.09%	2	1	58	37	0.98	1	1	10	10	2	0	+T
I	3380404	C	*/+A	16	2	10.53%	2	1	37	37	0.98	1	1	12	4	2	0	+A
I	3404612	C	*/-T	3	2	40%	2	2	32	42	0.98	1	1	1	2	1	1	-T
I	3404991	C	*/-T	5	2	25%	2	1	42	37	0.98	1	1	3	2	2	0	-T
I	3450130	G	-T/-T	2	13	86.67%	1	2	37	48	0.98	1	1	0	2	7	6	-T
I	3460318	T	+C/+C	0	12	92.31%	0	2	0	55	0.98	0	1	0	0	7	5	+C
I	3462650	A	*/-T	12	2	11.76%	2	1	44	31	0.98	1	1	7	5	0	2	-T
I	3462650	A	*/-TT	12	3	17.65%	2	1	44	45	0.98	1	1	7	5	0	3	-TT
I	3538413	A	+T/+T	0	14	100%	0	2	0	44	0.98	0	1	0	0	7	7	+T
I	3538428	G	+T/+T	2	12	85.71%	1	2	37	49	0.98	1	1	0	2	6	6	+T
I	3538436	T	+A/+A	0	12	100%	0	2	0	48	0.98	0	1	0	0	6	6	+A
I	3538449	T	+TA/+TA	1	11	91.67%	1	2	37	49	0.98	1	1	0	1	6	5	+TA
I	3538456	A	+AT/+AT	0	11	100%	0	2	0	43	0.98	0	1	0	0	6	5	+AT
I	3547852	G	*/-A	20	2	8.7%	2	1	44	74	0.98	1	1	10	10	2	0	-A
I	3576929	C	+T/+T	2	9	81.82%	1	2	37	43	0.98	1	1	0	2	5	4	+T
I	3576935	T	*/+A	10	2	16.67%	2	2	48	37	0.98	1	1	5	5	1	1	+A
I	3633912	T	*/-G	33	2	5.71%	2	2	49	37	0.98	1	1	17	16	1	1	-G
I	3659724	C	*/-T	10	4	23.53%	2	2	39	39	0.98	1	1	7	3	3	1	-T
I	3665610	G	+C/+C	0	25	100%	0	2	0	47	0.98	0	1	0	0	12	13	+C
I	3697764	A	*/-T	24	2	7.41%	2	2	43	37	0.98	1	1	12	12	1	1	-T
I	3700385	T	*/+A	4	4	26.67%	2	2	39	46	0.98	1	1	2	2	3	1	+A
I	3700385	T	*/+AA	4	6	40%	2	2	39	43	0.98	1	1	2	2	1	5	+AA
I	3730369	A	+T/+T	1	13	92.86%	1	2	37	50	0.98	1	1	1	0	7	6	+T
I	3745734	A	*/-AT	7	3	27.27%	2	1	45	74	0.98	1	1	5	2	0	3	-AT
I	3756354	A	*/-AT	12	3	20%	2	2	64	49	0.98	1	1	7	5	2	1	-AT
I	3765328	C	*/+T	3	8	72.73%	2	2	37	41	0.98	1	1	2	1	5	3	+T
I	3776933	G	+A/+A	1	9	90%	1	2	48	40	0.98	1	1	1	0	3	6	+A
I	3807808	A	*/+G	18	2	10%	2	1	42	55	0.98	1	1	12	6	0	2	+G
I	3825510	G	*/-T	16	2	11.11%	2	2	49	31	0.98	1	1	8	8	1	1	-T
I	3848002	C	*/-A	12	3	18.75%	2	1	43	45	0.98	1	1	6	6	3	0	-A
I	3850523	C	*/-T	18	2	10%	2	1	49	55	0.98	1	1	14	4	2	0	-T
I	3855790	G	*/-T	3	7	70%	2	2	37	42	0.98	1	1	1	2	3	4	-T
I	3866132	G	*/-TA	13	2	13.33%	2	1	54	49	0.98	1	1	4	9	2	0	-TA
I	3898271	C	*/+A	6	2	22.22%	2	2	61	55	0.98	1	1	4	2	1	1	+A
I	3940025	G	+T/+T	3	16	84.21%	2	2	61	48	0.98	1	1	2	1	9	7	+T
I	3984736	A	*/-GGT	91	6	6.19%	2	1	47	37	0.98	1	1	28	63	0	6	-GGT
I	3992212	A	*/-AC	16	2	11.11%	2	1	44	31	0.98	1	1	6	10	2	0	-AC
I	3992213	A	*/-C	9	4	30.77%	2	2	45	55	0.98	1	1	4	5	2	2	-C
I	3993810	T	*/-A	7	4	36.36%	2	2	37	31	0.98	1	1	3	4	2	2	-A
I	3996048	G	*/-A	83	7	7.78%	2	2	50	52	0.98	1	1	32	51	1	6	-A
I	4004016	G	*/-T	4	4	44.44%	2	2	39	37	0.98	1	1	3	1	2	2	-T
I	4004204	T	*/-A	9	2	18.18%	2	1	53	37	0.98	1	1	4	5	2	0	-A
I	4010237	A	*/-G	10	2	13.33%	1	1	35	37	0.98	1	1	10	0	2	0	-G
I	4010237	A	*/+G	10	2	13.33%	1	1	35	37	0.98	1	1	10	0	2	0	-G
I	4055052	T	+A/+A	2	12	80%	1	2	37	43	0.98	1	1	0	2	8	4	+A
I	4137001	T	*/-A	15	2	11.76%	2	1	49	37	0.98	1	1	10	5	2	0	-A
I	4163005	A	*/-T	11	2	15.38%	2	2	40	37	0.98	1	1	7	4	1	1	-T
I	4179641	C	*/-A	7	2	18.18%	2	2	45	37	0.98	1	1	6	1	1	1	-A
I	4179641	C	*/+A	7	2	18.18%	2	1	45	37	0.98	1	1	6	1	2	0	-A
I	4182754	C	*/+T	7	9	52.94%	2	2	38	35	0.98	1	1	5	2	7	2	+T
I	4241118	G	*/-A	12	8	38.1%	2	2	39	35	0.98	1	1	10	2	6	2	-A
I	4304169	G	+A/+A	0	16	100%	0	2	0	43	0.98	0	1	0	0	8	8	+A
I	4374342	A	-G/-G	1	27	96.43%	1	2	74	53	0.98	1	1	1	0	16	11	-G
I	4407494	T	+G/+G	0	11	100%	0	2	0	53	0.98	0	1	0	0	5	6	+G
I	4410191	C	-G/-G	0	8	100%	0	2	0	44	0.98	0	1	0	0	5	3	-G
I	4414201	C	*/-T	6	5	41.67%	2	2	40	46	0.98	1	1	5	1	4	1	-T
I	4414723	T	*/+AAAAA	2	2	33.33%	1	1	37	37	0.98	1	1	2	0	2	0	+AAAAA
I	4431856	G	+A/+A	2	23	92%	1	2	37	49	0.98	1	1	2	0	7	16	+A
I	4431868	C	+A/+A	4	18	81.82%	2	2	37	46	0.98	1	1	3	1	5	13	+A
I	4455149	G	+A/+A	1	3	75%	1	2	48	35	0.98	1	1	1	0	1	2	+A
I	4514478	T	*/-A	4	3	23.08%	1	2	37	37	0.98	1	1	4	0	2	1	-A
I	4514478	T	*/-AA	4	2	15.38%	1	2	37	55	0.98	1	1	4	0	1	1	-A
I	4514478	T	*/+A	4	2	15.38%	1	1	37	55	0.98	1	1	4	0	2	0	-A
I	4533252	C	*/-T	4	3	30%	1	2	34	61	0.98	1	1	0	4	1	2	-T
I	4533252	C	*/+T	4	3	30%	1	1	34	61	0.98	1	1	0	4	3	0	-T
I	4604676	T	*/-G	10	2	16.67%	2	1	43	48	0.98	1	1	5	5	2	0	-G
I	4648159	T	*/-G	9	11	45.83%	2	2	42	42	0.98	1	1	6	3	7	4	-G
I	4648159	T	*/-GG	9	4	16.67%	2	2	42	46	0.98	1	1	6	3	3	1	-G
I	4721875	G	+A/+A	1	9	90%	1	2	37	49	0.98	1	1	1	0	2	7	+A
I	4733668	G	*/+A	8	9	52.94%	2	2	34	43	0.98	1	1	6	2	6	3	+A
I	4760698	T	*/-A	13	2	13.33%	2	2	44	37	0.98	1	1	6	7	1	1	-A
I	4764253	G	*/+A	5	10	62.5%	2	2	42	45	0.98	1	1	3	2	6	4	+A
I	4781861	G	*/-T	9	2	18.18%	2	2	37	31	0.98	1	1	2	7	1	1	-T
I	4916623	C	*/-A	5	4	40%	1	2	44	43	0.98	1	1	5	0	2	2	-A
I	4926046	C	*/+T	5	2	28.57%	2	2	39	43	0.98	1	1	4	1	1	1	+T
I	4984784	A	*/-T	7	2	20%	2	1	42	55	0.98	1	1	4	3	0	2	-T
I	5039623	T	*/+A	11	9	42.86%	2	2	45	43	0.98	1	1	5	6	3	6	+A
I	5060109	A	*/-T	9	2	16.67%	2	2	48	37	0.98	1	1	3	6	1	1	-T
I	5078848	G	*/-A	8	5	35.71%	2	2	38	34	0.98	1	1	4	4	1	4	-A
I	5096442	G	*/-T	6	2	25%	2	2	38	55	0.98	1	1	4	2	1	1	-T
I	5142627	A	+G/+G	1	10	90.91%	1	2	37	44	0.98	1	1	0	1	4	6	+G
I	5148414	T	-A/-A	0	25	100%	0	2	0	54	0.98	0	1	0	0	14	11	-A
I	5159554	C	*/-T	24	3	11.11%	2	2	45	61	0.98	1	1	6	18	2	1	-T
I	5173087	C	+T/+T	2	13	86.67%	1	2	42	42	0.98	1	1	2	0	4	9	+T
I	5173430	G	*/+T	3	8	50%	2	2	45	44	0.98	1	1	2	1	4	4	+T
I	5173430	G	*/+TT	3	3	18.75%	2	1	45	53	0.98	1	1	2	1	0	3	+T
I	5176926	T	+A/+A	1	3	75%	1	2	25	49	0.98	1	1	1	0	2	1	+A
I	5177760	A	*/-T	13	2	13.33%	2	2	35	42	0.98	1	1	10	3	1	1	-T
I	5266596	A	*/-T	14	4	21.05%	2	1	38	46	0.98	1	1	11	3	4	0	-T
I	5360243	A	*/+T	35	2	5.41%	2	1	45	31	0.98	1	1	15	20	0	2	+T
I	5363995	C	*/+A	21	3	12%	2	2	42	49	0.98	1	1	9	12	1	2	+A
I	5368262	T	-C/-C	1	34	97.14%	1	2	74	48	0.98	1	1	1	0	15	19	-C
I	5368273	G	+T/+T	3	31	88.57%	2	2	37	48	0.98	1	1	1	2	11	20	+T
I	5426622	C	+T/+T	1	11	84.62%	1	2	37	47	0.98	1	1	1	0	5	6	+T
I	5435210	C	*/-T	20	2	8.7%	2	1	46	55	0.98	1	1	10	10	2	0	-T
I	5509333	T	*/-A	15	2	10.53%	2	1	49	55	0.98	1	1	5	10	0	2	-A
I	5509333	T	*/+A	15	2	10.53%	2	1	49	61	0.98	1	1	5	10	0	2	-A
I	5547223	T	*/-A	8	5	38.46%	2	2	52	44	0.98	1	1	3	5	3	2	-A
I	5548073	A	*/-T	10	2	16.67%	2	2	46	37	0.98	1	1	6	4	1	1	-T
I	5557287	A	*/-T	6	2	22.22%	1	2	42	48	0.98	1	1	6	0	1	1	-T
I	5559365	C	*/-T	3	2	40%	2	2	29	55	0.98	1	1	1	2	1	1	-T
I	5567937	C	*/-A	16	3	14.29%	2	1	40	37	0.98	1	1	12	4	3	0	-A
I	5569124	G	*/+GGCTGCTATAATCATTCCCAA	40	3	6.98%	2	1	47	61	0.98	1	1	15	25	0	3	+GGCTGCTATAATCATTCCCAA
I	5572022	A	*/-T	28	3	9.68%	2	1	48	37	0.98	1	1	11	17	0	3	-T
I	5573647	T	*/-C	23	5	17.86%	2	2	38	37	0.98	1	1	8	15	4	1	-C
I	5576850	T	*/-AA	1	4	66.67%	1	2	37	61	0.98	1	1	1	0	1	3	-AA
II	1309	G	*/-T	71	4	5.33%	2	2	50	46	0.98	1	1	28	43	2	2	-T
II	5109	A	*/+C	85	5	5.56%	2	2	45	49	0.98	1	1	18	67	4	1	+C
II	5299	G	*/-T	23	2	8%	2	1	42	31	0.98	1	1	14	9	0	2	-T
II	15830	T	*/+A	6	4	40%	2	2	49	37	0.98	1	1	3	3	3	1	+A
II	23557	G	*/-A	3	2	40%	2	2	40	31	0.98	1	1	2	1	1	1	-A
II	43188	A	*/+T	7	2	22.22%	2	2	40	49	0.98	1	1	3	4	1	1	+T
II	83071	C	*/-T	11	2	15.38%	2	1	42	37	0.98	1	1	6	5	2	0	-T
II	113240	T	*/-A	5	2	25%	2	2	39	31	0.98	1	1	3	2	1	1	-A
II	121588	G	*/+T	15	3	16.67%	2	2	51	74	0.98	1	1	8	7	2	1	+T
II	128001	T	-A/-A	1	15	93.75%	1	2	74	48	0.98	1	1	0	1	6	9	-A
II	146079	T	-C/-C	3	9	75%	2	2	57	53	0.98	1	1	1	2	3	6	-C
II	192544	G	*/-AATAAAAATATA	15	2	11.76%	2	2	46	37	0.98	1	1	7	8	1	1	-AATAAAAATATA
II	229897	A	*/-T	25	5	14.29%	2	2	40	44	0.98	1	1	21	4	4	1	-T
II	229897	A	*/-TT	25	2	5.71%	2	1	40	37	0.98	1	1	21	4	2	0	-T
II	229897	A	*/+T	25	3	8.57%	2	2	40	36	0.98	1	1	21	4	2	1	+T
II	246318	A	*/-T	11	2	15.38%	2	1	40	37	0.98	1	1	6	5	0	2	-T
II	383156	C	*/-T	17	2	9.09%	2	1	40	37	0.98	1	1	11	6	2	0	-T
II	383156	C	*/+T	17	2	9.09%	2	1	40	37	0.98	1	1	11	6	2	0	-T
II	398823	A	*/-TTC	9	3	25%	2	1	49	37	0.98	1	1	6	3	0	3	-TTC
II	410085	C	*/-T	8	4	25%	2	1	39	46	0.98	1	1	5	3	4	0	-T
II	410085	C	*/+T	8	2	12.5%	2	1	39	55	0.98	1	1	5	3	0	2	-T
II	484534	A	+T/+T	1	3	75%	1	2	37	49	0.98	1	1	0	1	2	1	+T
II	516071	T	*/-A	11	2	13.33%	2	2	44	55	0.98	1	1	5	6	1	1	-A
II	520626	T	*/-C	6	2	25%	2	2	43	31	0.98	1	1	5	1	1	1	-C
II	526883	G	*/+GTGCGTTTGTTTAGGT	18	3	14.29%	2	2	49	37	0.98	1	1	8	10	2	1	+GTGCGTTTGTTTAGGT
II	561064	T	*/-A	6	3	27.27%	2	2	33	37	0.98	1	1	3	3	2	1	-A
II	561064	T	*/-AAA	6	2	18.18%	2	1	33	49	0.98	1	1	3	3	2	0	-A
II	603279	A	-T/-T	0	4	100%	0	2	0	37	0.98	0	1	0	0	2	2	-T
II	603305	A	-C/-C	0	5	100%	0	2	0	37	0.98	0	1	0	0	2	3	-C
II	657016	T	*/+A	4	11	73.33%	2	2	52	56	0.98	1	1	1	3	5	6	+A
II	662406	A	*/-T	23	5	16.67%	2	2	42	32	0.98	1	1	18	5	3	2	-T
II	662406	A	*/+T	23	2	6.67%	2	2	42	55	0.98	1	1	18	5	1	1	-T
II	673086	G	*/-A	4	4	30.77%	1	2	35	43	0.98	1	1	4	0	3	1	-A
II	673086	G	*/-AA	4	2	15.38%	1	1	35	37	0.98	1	1	4	0	2	0	-A
II	677175	G	*/-TA	15	4	19.05%	2	2	47	46	0.98	1	1	6	9	2	2	-TA
II	700009	T	-A/-A	2	6	75%	1	2	55	35	0.98	1	1	0	2	1	5	-A
II	716295	G	*/+T	10	3	20%	2	1	45	37	0.98	1	1	2	8	3	0	+T
II	753854	A	*/+T	4	2	28.57%	2	1	37	37	0.98	1	1	3	1	2	0	+T
II	756294	C	*/-T	18	2	10%	2	1	47	37	0.98	1	1	7	11	2	0	-T
II	840399	G	*/-A	9	2	16.67%	2	1	45	37	0.98	1	1	5	4	2	0	-A
II	888599	A	-C/-C	0	12	100%	0	2	0	52	0.98	0	1	0	0	6	6	-C
II	889921	C	*/-T	7	3	25%	2	2	38	44	0.98	1	1	5	2	2	1	-T
II	903106	G	+T/+T	0	24	100%	0	2	0	46	0.98	0	1	0	0	11	13	+T
II	936985	A	*/-T	16	2	11.11%	2	2	52	37	0.98	1	1	11	5	1	1	-T
II	948303	T	*/-A	19	3	13.64%	2	2	48	57	0.98	1	1	16	3	1	2	-A
II	965517	C	*/-TTT	10	4	23.53%	2	2	43	34	0.98	1	1	6	4	2	2	-TTT
II	1019510	T	-A/-A	1	3	75%	1	1	37	37	0.98	1	1	1	0	3	0	-A
II	1079843	T	+A/+A	2	10	83.33%	2	2	31	44	0.98	1	1	1	1	3	7	+A
II	1104941	G	*/-T	5	3	37.5%	1	2	34	33	0.98	1	1	5	0	2	1	-T
II	1147442	A	*/+T	11	2	14.29%	2	2	46	55	0.98	1	1	6	5	1	1	+T
II	1163154	A	-T/-T	1	14	93.33%	1	2	37	53	0.98	1	1	1	0	7	7	-T
II	1187785	G	*/-T	19	4	16%	2	2	49	49	0.98	1	1	5	14	1	3	-T
II	1187785	G	*/+T	19	2	8%	2	1	49	37	0.98	1	1	5	14	0	2	-T
II	1247446	G	*/+TT	23	2	8%	2	1	44	55	0.98	1	1	6	17	2	0	+TT
II	1266289	T	*/+A	1	5	71.43%	1	2	25	47	0.98	1	1	0	1	3	2	+A
II	1266955	G	*/-GA	47	6	11.11%	2	2	47	43	0.98	1	1	22	25	4	2	-GA
II	1301850	T	*/-TA	20	2	9.09%	2	2	44	49	0.98	1	1	7	13	1	1	-TA
II	1308618	G	-T/-T	5	28	84.85%	2	2	42	42	0.98	1	1	3	2	13	15	-T
II	1365998	A	*/-G	33	2	5.71%	2	1	51	30	0.98	1	1	20	13	0	2	-G
II	1365999	G	*/-T	20	10	29.41%	2	2	51	44	0.98	1	1	12	8	7	3	-T
II	1365999	G	*/-TT	20	3	8.82%	2	2	51	61	0.98	1	1	12	8	2	1	-T
II	1389139	C	*/+T	6	6	50%	2	2	43	31	0.98	1	1	4	2	1	5	+T
II	1456839	A	*/-T	12	2	14.29%	2	1	41	37	0.98	1	1	7	5	2	0	-T
II	1467485	C	*/-T	5	4	44.44%	2	2	36	31	0.98	1	1	1	4	1	3	-T
II	1545027	C	*/-A	3	2	28.57%	2	2	35	31	0.98	1	1	1	2	1	1	-A
II	1554361	C	*/-T	11	2	12.5%	2	1	38	55	0.98	1	1	6	5	2	0	-T
II	1554361	C	*/+T	11	3	18.75%	2	2	38	33	0.98	1	1	6	5	1	2	+T
II	1555919	A	+TTTATT/+TTTATT	2	6	75%	1	2	55	55	0.98	1	1	2	0	3	3	+TTTATT
II	1606686	A	*/+TGGAAGTGGTAAG	78	6	6.98%	2	1	44	53	0.98	1	1	42	36	0	6	+TGGAAGTGGTAAG
II	1612985	A	*/+ATAATG	24	3	11.11%	2	2	51	33	0.98	1	1	13	11	2	1	+ATAATG
II	1627981	C	*/-T	12	3	20%	2	2	38	40	0.98	1	1	6	6	2	1	-T
II	1637375	T	*/+C	41	4	8.89%	2	2	49	55	0.98	1	1	21	20	2	2	+C
II	1641172	C	*/+ACCACTTCCACTT	73	5	6.41%	2	2	51	59	0.98	1	1	36	37	2	3	+ACCACTTCCACTT
II	1678205	T	-A/-A	0	9	100%	0	2	0	43	0.98	0	1	0	0	4	5	-A
II	1700176	T	*/-A	8	2	20%	2	1	49	55	0.98	1	1	4	4	2	0	-A
II	1716256	G	*/+T	7	5	38.46%	2	1	35	37	0.98	1	1	5	2	5	0	+T
II	1716287	T	*/-G	11	8	42.11%	2	2	37	46	0.98	1	1	5	6	1	7	-G
II	1748646	G	*/-AA	8	2	15.38%	2	1	40	55	0.98	1	1	7	1	2	0	-AA
II	1763419	T	*/-A	10	6	37.5%	2	2	48	37	0.98	1	1	3	7	1	5	-A
II	1781803	C	*/+T	24	2	7.69%	2	2	50	74	0.98	1	1	11	13	1	1	+T
II	1861420	T	-G/-G	0	20	100%	0	2	0	46	0.98	0	1	0	0	13	7	-G
II	1867795	A	+T/+T	0	8	100%	0	2	0	43	0.98	0	1	0	0	3	5	+T
II	1868122	G	*/+T	7	8	47.06%	2	1	37	43	0.98	1	1	6	1	8	0	+T
II	1873779	T	+A/+A	3	12	80%	2	2	61	48	0.98	1	1	1	2	5	7	+A
II	1877294	A	+T/+T	1	11	91.67%	1	2	37	37	0.98	1	1	1	0	7	4	+T
II	1888793	C	*/+A	14	3	16.67%	2	1	41	37	0.98	1	1	10	4	3	0	+A
II	1938011	G	*/+A	10	2	15.38%	2	2	48	37	0.98	1	1	6	4	1	1	+A
II	1941697	A	*/-T	13	2	13.33%	2	2	45	55	0.98	1	1	9	4	1	1	-T
II	1941966	A	+T/+T	0	23	100%	0	2	0	55	0.98	0	1	0	0	9	14	+T
II	1941982	A	+T/+T	1	23	95.83%	1	2	37	56	0.98	1	1	1	0	8	15	+T
II	1948953	G	-A/-A	0	15	100%	0	2	0	41	0.98	0	1	0	0	5	10	-A
II	1950050	A	+G/+G	0	25	100%	0	2	0	42	0.98	0	1	0	0	12	13	+G
II	1953407	T	*/-C	13	2	12.5%	2	1	35	37	0.98	1	1	1	12	0	2	-C
II	1955495	T	+A/+A	1	11	84.62%	1	2	37	49	0.98	1	1	1	0	5	6	+A
II	1960392	A	+G/+G	0	11	100%	0	2	0	50	0.98	0	1	0	0	3	8	+G
II	1987101	C	-G/-G	1	23	95.83%	1	2	37	48	0.98	1	1	0	1	12	11	-G
II	1987117	T	-G/-G	0	20	100%	0	2	0	46	0.98	0	1	0	0	11	9	-G
II	1992841	T	*/+A	7	6	42.86%	2	2	45	49	0.98	1	1	4	3	5	1	+A
II	2012625	T	*/+C	38	6	13.64%	2	2	47	49	0.98	1	1	10	28	2	4	+C
II	2022969	G	*/+A	1	2	50%	1	1	48	51	0.98	1	1	0	1	2	0	+A
II	2049891	A	-T/-T	0	23	100%	0	2	0	49	0.98	0	1	0	0	9	14	-T
II	2053516	G	+C/+C	1	20	95.24%	1	2	74	54	0.98	1	1	1	0	6	14	+C
II	2108180	T	+A/+A	1	22	95.65%	1	2	37	39	0.98	1	1	0	1	15	7	+A
II	2115422	T	*/+A	34	2	5.56%	2	1	43	37	0.98	1	1	11	23	0	2	+A
II	2147726	G	+T/+T	0	14	100%	0	2	0	50	0.98	0	1	0	0	3	11	+T
II	2187407	G	+A/+A	0	6	100%	0	2	0	41	0.98	0	1	0	0	5	1	+A
II	2198945	G	*/-CA	16	3	15.79%	2	2	43	37	0.98	1	1	6	10	2	1	-CA
II	2203175	T	*/-A	17	2	10.53%	2	1	45	55	0.98	1	1	11	6	0	2	-A
II	2209818	A	*/-T	14	2	12.5%	2	2	42	37	0.98	1	1	6	8	1	1	-T
II	2219928	A	+T/+T	2	17	85%	2	2	42	44	0.98	1	1	1	1	10	7	+T
II	2293297	G	-A/-A	0	9	100%	0	2	0	52	0.98	0	1	0	0	6	3	-A
II	2438598	T	*/+TA	13	5	27.78%	2	2	42	44	0.98	1	1	3	10	2	3	+TA
II	2443873	T	*/+A	2	6	37.5%	2	2	49	44	0.98	1	1	1	1	4	2	+A
II	2443873	T	*/+AA	2	4	25%	2	2	49	37	0.98	1	1	1	1	3	1	+A
II	2552673	G	*/-T	5	2	28.57%	2	2	39	68	0.98	1	1	4	1	1	1	-T
II	2591913	T	*/-A	10	2	12.5%	2	2	46	37	0.98	1	1	6	4	1	1	-A
II	2591913	T	*/+A	10	4	25%	2	2	46	61	0.98	1	1	6	4	3	1	+A
II	2592423	T	*/+A	3	8	72.73%	2	2	45	41	0.98	1	1	2	1	5	3	+A
II	2630607	C	*/+A	2	8	53.33%	1	2	74	35	0.98	1	1	0	2	2	6	+A
II	2630607	C	*/+AA	2	4	26.67%	1	2	74	43	0.98	1	1	0	2	1	3	+A
II	2640785	T	*/+A	4	17	70.83%	1	2	46	50	0.98	1	1	4	0	9	8	+A
II	2640785	T	*/+AA	4	3	12.5%	1	2	46	61	0.98	1	1	4	0	1	2	+A
II	2647497	C	*/-T	7	4	30.77%	2	2	47	40	0.98	1	1	3	4	3	1	-T
II	2647497	C	*/+T	7	2	15.38%	2	1	47	31	0.98	1	1	3	4	2	0	-T
II	2709414	G	+C/+C	0	19	100%	0	2	0	54	0.98	0	1	0	0	8	11	+C
II	2755338	C	*/-AT	14	6	28.57%	2	2	45	43	0.98	1	1	4	10	2	4	-AT
II	2788933	C	+G/+G	0	17	100%	0	2	0	33	0.98	0	1	0	0	12	5	+G
II	2798040	C	-T/-T	0	17	100%	0	2	0	52	0.98	0	1	0	0	5	12	-T
II	2798514	A	-G/-G	1	9	90%	1	2	74	53	0.98	1	1	1	0	2	7	-G
II	2811495	C	-A/-A	0	23	100%	0	2	0	46	0.98	0	1	0	0	11	12	-A
II	2900889	A	*/-T	9	5	31.25%	2	1	43	34	0.98	1	1	8	1	5	0	-T
II	2938956	C	+T/+T	1	9	81.82%	1	2	37	56	0.98	1	1	0	1	1	8	+T
II	3040332	C	+G/+G	0	26	96.3%	0	2	0	51	0.98	0	1	0	0	14	12	+G
II	3058544	T	*/+G	6	2	22.22%	2	1	35	37	0.98	1	1	5	1	2	0	+G
II	3160415	G	*/-T	22	4	15.38%	2	2	46	37	0.98	1	1	7	15	2	2	-T
II	3171788	G	*/-A	12	2	8.7%	2	2	38	42	0.98	1	1	11	1	1	1	-A
II	3171788	G	*/+A	12	7	30.43%	2	2	38	38	0.98	1	1	11	1	6	1	+A
II	3179569	T	*/+A	27	3	10%	2	2	51	49	0.98	1	1	12	15	1	2	+A
II	3253453	C	*/+T	0	3	60%	0	2	0	45	0.98	0	1	0	0	2	1	+T
II	3282373	T	*/-A	9	4	30.77%	2	1	38	37	0.98	1	1	7	2	4	0	-A
II	3304575	G	*/+T	16	2	11.11%	2	2	56	55	0.98	1	1	13	3	1	1	+T
II	3380128	C	*/-T	8	3	27.27%	2	1	40	33	0.98	1	1	7	1	3	0	-T
II	3380519	T	*/+C	36	3	7.69%	2	2	50	49	0.98	1	1	20	16	2	1	+C
II	3422290	G	+TTAT/+TTAT	4	14	77.78%	2	2	46	38	0.98	1	1	3	1	11	3	+TTAT
II	3487895	G	*/+TATTTTATTT	6	7	50%	2	2	43	42	0.98	1	1	2	4	3	4	+TATTTTATTT
II	3509251	T	*/-A	13	4	22.22%	2	1	52	37	0.98	1	1	9	4	4	0	-A
II	3532163	A	*/+C	6	2	16.67%	1	1	37	31	0.98	1	1	6	0	0	2	C
II	3540057	A	*/-T	21	7	25%	2	2	45	61	0.98	1	1	12	9	6	1	-T
II	3581022	G	*/+A	18	2	10%	2	1	51	31	0.98	1	1	6	12	0	2	+A
II	3619003	A	+G/+G	1	22	95.65%	1	2	62	49	0.98	1	1	1	0	11	11	+G
II	3621704	A	*/-T	9	4	25%	2	1	44	52	0.98	1	1	4	5	4	0	-T
II	3621704	A	*/+T	9	2	12.5%	2	2	44	37	0.98	1	1	4	5	1	1	-T
II	3696906	G	*/+TCAA	17	2	10.53%	2	2	41	74	0.98	1	1	13	4	1	1	+TCAA
II	3715149	G	*/-A	9	2	18.18%	2	2	39	31	0.98	1	1	7	2	1	1	-A
II	3772526	T	*/-A	19	3	13.64%	2	1	51	37	0.98	1	1	6	13	3	0	-A
II	3799350	G	*/-A	4	2	22.22%	1	1	35	37	0.98	1	1	4	0	2	0	-A
II	3799350	G	*/+A	4	2	22.22%	1	2	35	42	0.98	1	1	4	0	1	1	-A
II	3804883	A	*/+T	5	2	28.57%	2	2	51	37	0.98	1	1	3	2	1	1	+T
II	3815025	C	*/-T	5	2	22.22%	2	1	36	37	0.98	1	1	4	1	2	0	-T
II	3815025	C	*/+T	5	2	22.22%	2	1	36	55	0.98	1	1	4	1	0	2	-T
II	3838101	C	*/-A	2	3	60%	1	2	42	37	0.98	1	1	2	0	2	1	-A
II	3856896	A	*/-T	10	2	11.76%	2	2	50	37	0.98	1	1	8	2	1	1	-T
II	3856896	A	*/-TT	10	4	23.53%	2	1	50	43	0.98	1	1	8	2	0	4	-TT
II	3860185	C	*/-TAGTA	23	16	41.03%	2	2	49	47	0.98	1	1	6	17	12	4	-TAGTA
II	3861161	C	*/-T	14	2	12.5%	2	1	38	37	0.98	1	1	11	3	2	0	-T
II	3880195	G	*/-A	22	2	8.33%	2	2	43	55	0.98	1	1	12	10	1	1	-A
II	3904627	A	*/-G	17	2	10.53%	2	1	40	37	0.98	1	1	8	9	0	2	-G
II	3954039	C	*/-T	18	7	28%	2	2	50	42	0.98	1	1	9	9	4	3	-T
II	3975235	C	*/-A	7	6	35.29%	2	2	45	51	0.98	1	1	6	1	4	2	-A
II	3975235	C	*/+A	7	3	17.65%	2	2	45	45	0.98	1	1	6	1	2	1	-A
II	4006982	C	*/-A	10	8	40%	2	2	39	29	0.98	1	1	7	3	3	5	-A
II	4031460	A	*/+T	3	2	33.33%	2	2	49	49	0.98	1	1	2	1	1	1	+T
II	4037197	A	*/+TG	38	3	7.14%	2	1	48	37	0.98	1	1	16	22	3	0	+TG
II	4107253	G	*/+TTT	4	3	33.33%	1	2	34	53	0.98	1	1	4	0	2	1	+TTT
II	4242977	T	*/+A	19	2	9.52%	2	2	39	37	0.98	1	1	7	12	1	1	+A
II	4249637	A	*/-AT	14	2	12.5%	2	2	44	55	0.98	1	1	2	12	1	1	-AT
II	4253555	C	*/+T	28	4	12.5%	2	2	51	37	0.98	1	1	13	15	2	2	+T
II	4254960	G	-A/-A	2	18	90%	1	2	49	41	0.98	1	1	2	0	4	14	-A
II	4308414	C	*/+A	5	11	55%	2	2	51	43	0.98	1	1	1	4	8	3	+A
II	4308414	C	*/+AA	5	2	10%	2	2	51	55	0.98	1	1	1	4	1	1	+A
II	4343817	T	*/-A	12	3	20%	2	1	39	49	0.98	1	1	8	4	3	0	-A
II	4344813	T	*/-TTC	19	2	9.52%	2	1	39	55	0.98	1	1	11	8	0	2	-TTC
II	4452613	A	*/-T	38	4	9.52%	2	2	57	52	0.98	1	1	20	18	3	1	-T
II	4462508	C	*/-A	11	4	25%	2	2	40	40	0.98	1	1	7	4	3	1	-A
II	4481876	G	*/+T	96	6	5.88%	2	2	48	61	0.98	1	1	47	49	2	4	+T
II	4497107	A	*/+T	13	2	13.33%	2	1	42	31	0.98	1	1	9	4	0	2	+T
II	4497110	G	*/+T	6	5	41.67%	2	2	41	46	0.98	1	1	5	1	4	1	+T
II	4505641	C	*/-A	25	2	7.41%	2	1	42	49	0.98	1	1	12	13	2	0	-A
II	4505758	C	*/-T	12	3	18.75%	2	2	40	33	0.98	1	1	3	9	1	2	-T
II	4507612	T	*/-A	13	2	13.33%	2	1	38	55	0.98	1	1	10	3	2	0	-A
II	4507742	G	*/+T	50	4	7.41%	2	2	50	46	0.98	1	1	24	26	3	1	+T
II	4507813	A	*/+G	77	5	6.02%	2	2	49	42	0.98	1	1	60	17	3	2	+G
II	4513922	G	*/+GGCTGCTATAATCATTCCCAA	37	5	11.63%	2	2	41	51	0.98	1	1	11	26	1	4	+GGCTGCTATAATCATTCCCAA
II	4515621	C	*/+A	5	2	22.22%	1	1	35	37	0.98	1	1	5	0	2	0	A
II	4517047	T	*/+TACTCATC	42	21	30.43%	2	2	50	48	0.98	1	1	25	17	12	9	+TACTCATC
II	4517074	C	*/+TCA	64	4	5.88%	2	2	47	74	0.98	1	1	39	25	1	3	+TCA
II	4521677	T	*/-AA	3	4	57.14%	2	2	37	46	0.98	1	1	2	1	3	1	-AA
II	4525340	G	*/+T	36	19	33.93%	2	2	40	37	0.98	1	1	26	10	10	9	+T
II	4526174	A	*/-T	20	13	38.24%	2	2	44	52	0.98	1	1	17	3	6	7	-T
II	4526843	C	*/+T	8	2	16.67%	2	2	36	42	0.98	1	1	7	1	1	1	+T
II	4528465	C	*/+GACAAT	46	4	8%	2	2	46	37	0.98	1	1	19	27	1	3	+GACAAT
II	4528483	T	*/-GACAATGACAGA	41	7	14.58%	2	2	48	42	0.98	1	1	14	27	4	3	-GACAATGACAGA
II	4529375	T	*/+ACAACGACAACGACAACG	47	11	15.94%	2	2	42	39	0.98	1	1	32	15	3	8	+ACAACGACAACGACAACG
II	4529375	T	*/+ACAACGACAACGACAACGACAACG	47	11	15.94%	2	2	42	43	0.98	1	1	32	15	7	4	+ACAACGACAACGACAACG
II	4533588	C	*/-T	65	30	31.58%	2	2	44	41	0.98	1	1	30	35	17	13	-T
II	4534880	A	*/-T	108	21	16.15%	2	2	50	44	0.98	1	1	43	65	5	16	-T
II	4535321	G	*/-GATAT	241	25	9.4%	2	2	46	38	0.98	1	1	124	117	14	11	-GATAT
II	4535523	T	*/+GTTACG	246	35	12.46%	2	2	45	48	0.98	1	1	69	177	15	20	+GTTACG
II	4535548	A	*/-TATGTG	226	39	13.68%	2	2	45	49	0.98	1	1	75	151	23	16	-TATGTG
II	4535548	A	*/+TATGTG	226	20	7.02%	2	2	45	44	0.98	1	1	75	151	14	6	-TATGTG
II	4535645	G	*/-T	190	45	18.99%	2	2	49	49	0.98	1	1	102	88	32	13	-T
II	4535727	A	*/-G	144	26	15.29%	2	2	45	41	0.98	1	1	53	91	11	15	-G
II	4536728	A	*/+GAGAGTAGG	214	26	10.36%	2	2	49	48	0.98	1	1	95	119	11	15	+GAGAGTAGG
II	4537213	G	*/+T	149	172	53.58%	2	2	53	52	0.98	1	1	91	58	95	77	+T
II	4537387	A	*/-AATAAGAG	91	148	61.92%	2	2	48	47	0.98	1	1	44	47	83	65	-AATAAGAG
II	4537665	G	*/+AAATA	65	6	8%	2	2	46	49	0.98	1	1	41	24	2	4	+AAATA
III	1558	G	*/-A	72	5	5.95%	2	2	42	44	0.98	1	1	32	40	3	2	-A
III	4729	A	*/-T	333	122	24.6%	2	2	46	50	0.98	1	1	222	111	57	65	-T
III	4952	C	*/+T	311	45	12.4%	2	2	42	51	0.98	1	1	203	108	18	27	+T
III	5403	C	*/-T	368	90	17.82%	2	2	44	44	0.98	1	1	254	114	45	45	-T
III	5403	C	*/-TT	368	28	5.54%	2	2	44	48	0.98	1	1	254	114	19	9	-T
III	9715	A	*/-T	155	12	7.19%	2	2	43	49	0.98	1	1	79	76	6	6	-T
III	9812	T	*/+A	147	12	7.45%	2	1	48	37	0.98	1	1	52	95	0	12	+A
III	12428	G	*/-A	74	8	8.99%	2	2	41	52	0.98	1	1	32	42	1	7	-A
III	12428	G	*/+A	74	5	5.62%	2	2	41	44	0.98	1	1	32	42	3	2	-A
III	15599	A	*/-T	302	100	22.22%	2	2	48	51	0.98	1	1	203	99	57	43	-T
III	15599	A	*/+T	302	30	6.67%	2	2	48	49	0.98	1	1	203	99	13	17	-T
III	15822	C	*/+T	285	54	15.74%	2	2	42	48	0.98	1	1	179	106	17	37	+T
III	16273	C	*/-T	355	98	19.8%	2	2	44	44	0.98	1	1	252	103	50	48	-T
III	16273	C	*/-TT	355	26	5.25%	2	2	44	44	0.98	1	1	252	103	12	14	-T
III	20682	T	*/+A	127	13	9.09%	2	2	45	42	0.98	1	1	36	91	1	12	+A
III	24315	C	*/+A	49	3	5.66%	2	1	49	74	0.98	1	1	20	29	0	3	+A
III	29077	T	*/-C	36	2	5.26%	2	2	59	55	0.98	1	1	16	20	1	1	-C
III	69589	T	*/-A	7	2	20%	2	1	37	55	0.98	1	1	4	3	0	2	-A
III	123319	T	*/-A	8	3	25%	2	2	41	40	0.98	1	1	5	3	1	2	-A
III	172221	C	*/+TACATA	18	9	33.33%	2	2	56	41	0.98	1	1	8	10	8	1	+TACATA
III	232115	A	*/-T	7	2	22.22%	1	1	44	42	0.98	1	1	0	7	2	0	-T
III	245692	C	*/+T	13	2	12.5%	2	2	46	61	0.98	1	1	9	4	1	1	+T
III	286478	C	-TT/-TT	2	6	75%	1	2	49	43	0.98	1	1	2	0	3	3	-TT
III	286594	T	*/-A	5	5	31.25%	2	2	46	46	0.98	1	1	4	1	3	2	-A
III	286594	T	*/+A	5	3	18.75%	2	2	46	29	0.98	1	1	4	1	1	2	-A
III	286594	T	*/+AA	5	2	12.5%	2	2	46	37	0.98	1	1	4	1	1	1	-A
III	293096	G	*/-T	5	2	20%	2	2	39	55	0.98	1	1	4	1	1	1	-T
III	293096	G	*/+T	5	2	20%	2	1	39	55	0.98	1	1	4	1	0	2	-T
III	348685	G	*/-AT	23	2	8%	2	1	45	55	0.98	1	1	12	11	2	0	-AT
III	365747	C	-A/-A	0	7	100%	0	2	0	40	0.98	0	1	0	0	6	1	-A
III	447208	C	*/+T	17	2	10.53%	2	2	51	37	0.98	1	1	8	9	1	1	+T
III	527710	C	*/-T	12	4	25%	2	1	39	37	0.98	1	1	6	6	0	4	-T
III	558709	C	*/+T	11	2	15.38%	2	1	43	37	0.98	1	1	8	3	2	0	+T
III	568658	C	*/-T	15	7	29.17%	2	2	42	43	0.98	1	1	8	7	5	2	-T
III	717677	A	*/-T	0	6	60%	0	2	0	41	0.98	0	1	0	0	3	3	-T
III	717677	A	*/-TT	0	3	30%	0	1	0	61	0.98	0	1	0	0	0	3	-T
III	719955	A	-C/-C	0	4	100%	0	2	0	37	0.98	0	1	0	0	2	2	-C
III	720683	A	+T/+T	1	9	90%	1	2	37	43	0.98	1	1	1	0	5	4	+T
III	867865	C	-T/-T	1	12	92.31%	1	2	37	46	0.98	1	1	0	1	5	7	-T
III	897531	C	*/-A	11	2	14.29%	2	2	43	55	0.98	1	1	8	3	1	1	-A
III	958241	C	*/+T	6	2	22.22%	1	2	41	49	0.98	1	1	6	0	1	1	+T
III	966124	G	*/-T	13	4	18.18%	1	1	36	37	0.98	1	1	13	0	4	0	-T
III	966124	G	*/+T	13	3	13.64%	1	1	36	37	0.98	1	1	13	0	3	0	-T
III	969023	G	*/-T	11	2	15.38%	2	2	42	31	0.98	1	1	4	7	1	1	-T
III	970548	C	*/-T	7	4	28.57%	2	1	40	28	0.98	1	1	3	4	0	4	-T
III	970892	C	*/-T	10	3	20%	2	2	35	44	0.98	1	1	7	3	1	2	-T
III	970892	C	*/+T	10	2	13.33%	2	1	35	35	0.98	1	1	7	3	0	2	-T
III	1016311	G	+C/+C	0	26	100%	0	2	0	45	0.98	0	1	0	0	12	14	+C
III	1069461	A	*/+T	12	2	14.29%	2	2	48	49	0.98	1	1	7	5	1	1	+T
III	1073505	T	*/+ATATAGAG	109	8	6.84%	2	2	53	69	0.98	1	1	65	44	4	4	+ATATAGAG
III	1075530	A	*/+TGGAAGTGGTAAG	80	12	12.9%	2	2	47	45	0.98	1	1	32	48	7	5	+TGGAAGTGGTAAG
III	1079346	A	*/+G	81	13	13.83%	2	2	42	39	0.98	1	1	57	24	12	1	+G
III	1080146	T	*/+ATATAGAG	205	13	5.94%	2	2	45	38	0.98	1	1	68	137	7	6	+ATATAGAG
III	1084026	A	*/+AGTGGTGATGGTT	40	4	9.09%	2	2	42	36	0.98	1	1	15	25	3	1	+AGTGGTGATGGTT
III	1087979	A	*/+G	50	3	5.66%	2	1	44	49	0.98	1	1	32	18	3	0	+G
III	1095550	G	*/-T	8	8	33.33%	2	2	47	49	0.98	1	1	6	2	5	3	-T
III	1095550	G	*/-TT	8	7	29.17%	2	2	47	40	0.98	1	1	6	2	5	2	-T
III	1103423	T	*/-A	9	6	30%	2	2	44	49	0.98	1	1	6	3	4	2	-A
III	1103423	T	*/-AAA	9	3	15%	2	2	44	61	0.98	1	1	6	3	2	1	-A
III	1114914	T	*/+ACCACTAACCATC	28	2	6.67%	2	2	47	49	0.98	1	1	21	7	1	1	+ACCACTAACCATC
III	1117723	T	*/+C	73	5	6.41%	2	2	47	37	0.98	1	1	33	40	3	2	+C
III	1124483	T	*/+C	62	4	6.06%	2	2	45	52	0.98	1	1	24	38	2	2	+C
III	1128434	T	*/+ACCACTAACCATC	36	3	7.69%	2	2	39	49	0.98	1	1	22	14	1	2	+ACCACTAACCATC
III	1135194	T	*/+ACCACTAACCATC	39	6	13.33%	2	2	42	41	0.98	1	1	22	17	1	5	+ACCACTAACCATC
III	1166021	T	*/-A	34	2	5.56%	2	2	43	37	0.98	1	1	20	14	1	1	-A
III	1168360	T	*/-G	5	2	28.57%	2	2	42	37	0.98	1	1	3	2	1	1	-G
III	1252505	G	*/+T	7	5	27.78%	1	2	33	44	0.98	1	1	7	0	4	1	+T
III	1252505	G	*/+TTTT	7	2	11.11%	1	2	33	31	0.98	1	1	7	0	1	1	+T
III	1342164	T	*/+A	2	2	50%	2	1	55	37	0.98	1	1	1	1	0	2	+A
III	1395701	A	*/+AATGT	13	2	13.33%	2	1	45	37	0.98	1	1	4	9	2	0	+AATGT
III	1421567	T	*/+G	0	2	33.33%	0	1	0	37	0.98	0	1	0	0	2	0	+G
III	1421567	T	*/+GG	0	3	50%	0	1	0	37	0.98	0	1	0	0	3	0	+GG
III	1547169	C	*/+A	9	2	18.18%	1	1	41	37	0.98	1	1	9	0	0	2	+A
III	1575951	G	*/+T	2	2	50%	2	1	68	31	0.98	1	1	1	1	0	2	+T
III	1594933	T	*/-A	5	5	35.71%	2	2	51	49	0.98	1	1	3	2	3	2	-A
III	1594933	T	*/-AA	5	2	14.29%	2	2	51	37	0.98	1	1	3	2	1	1	-A
III	1594933	T	*/+A	5	2	14.29%	2	1	51	42	0.98	1	1	3	2	0	2	-A
III	1666259	T	*/-A	23	2	8%	2	1	45	37	0.98	1	1	10	13	0	2	-A
III	1674618	C	*/-T	10	2	15.38%	2	2	36	31	0.98	1	1	8	2	1	1	-T
III	1685487	G	+A/+A	1	10	90.91%	1	2	37	35	0.98	1	1	1	0	5	5	+A
III	1702276	A	*/-T	29	2	5.26%	2	2	46	37	0.98	1	1	17	12	1	1	-T
III	1702276	A	*/+T	29	7	18.42%	2	2	46	49	0.98	1	1	17	12	3	4	+T
III	1712983	G	*/-A	8	2	16.67%	2	1	58	37	0.98	1	1	7	1	2	0	-A
III	1712983	G	*/-AA	8	2	16.67%	2	1	58	37	0.98	1	1	7	1	2	0	-A
III	1756400	T	-A/-A	2	21	91.3%	2	2	37	52	0.98	1	1	1	1	9	12	-A
III	1758846	C	*/-A	7	3	27.27%	2	2	44	53	0.98	1	1	5	2	1	2	-A
III	1759057	C	*/-T	10	2	16.67%	2	2	38	37	0.98	1	1	5	5	1	1	-T
III	1765612	C	+T/+T	1	19	95%	1	2	37	46	0.98	1	1	1	0	11	8	+T
III	1774235	T	+GATC/+GATC	0	12	100%	0	2	0	43	0.98	0	1	0	0	5	7	+GATC
III	1928744	G	*/+T	11	2	15.38%	2	2	47	37	0.98	1	1	2	9	1	1	+T
III	2066260	A	*/-T	20	2	9.09%	2	2	53	55	0.98	1	1	14	6	1	1	-T
III	2074510	C	*/-T	3	3	37.5%	1	2	36	33	0.98	1	1	3	0	2	1	-T
III	2074510	C	*/+T	3	2	25%	1	1	36	45	0.98	1	1	3	0	2	0	-T
III	2076412	G	*/-T	5	2	28.57%	2	2	44	31	0.98	1	1	4	1	1	1	-T
III	2076980	A	*/-T	9	3	20%	2	2	40	33	0.98	1	1	4	5	1	2	-T
III	2076980	A	*/-TT	9	3	20%	2	2	40	37	0.98	1	1	4	5	2	1	-T
III	2113205	C	*/-T	6	2	25%	2	2	40	31	0.98	1	1	3	3	1	1	-T
III	2285099	G	*/+A	22	2	8.33%	2	2	52	37	0.98	1	1	13	9	1	1	+A
III	2309611	T	*/-A	5	2	22.22%	2	2	44	31	0.98	1	1	4	1	1	1	-A
III	2310960	G	*/-A	8	2	20%	2	2	44	48	0.98	1	1	5	3	1	1	-A
III	2310968	A	*/+GGT	8	2	20%	2	2	44	74	0.98	1	1	4	4	1	1	+GGT
III	2311203	C	*/-T	8	3	27.27%	2	1	46	40	0.98	1	1	3	5	0	3	-T
III	2358049	G	*/+AT	8	2	20%	2	2	41	37	0.98	1	1	5	3	1	1	+AT
III	2382018	A	*/-TT	2	2	40%	2	2	37	55	0.98	1	1	1	1	1	1	-TT
III	2420241	T	*/-A	3	4	44.44%	1	2	49	34	0.98	1	1	3	0	2	2	-A
III	2420241	T	*/-AA	3	2	22.22%	1	2	49	42	0.98	1	1	3	0	1	1	-A
III	2443536	G	*/-A	85	7	7.61%	2	2	42	40	0.98	1	1	41	44	3	4	-A
III	2443562	A	*/+T	30	24	42.11%	2	1	41	36	0.98	1	1	9	21	0	24	+T
III	2447848	T	*/-A	562	167	18.7%	2	2	43	40	0.98	1	1	421	141	122	45	-A
III	2447848	T	*/-AA	562	69	7.73%	2	2	43	45	0.98	1	1	421	141	50	19	-A
III	2447848	T	*/+A	562	68	7.61%	2	2	43	44	0.98	1	1	421	141	52	16	-A
III	2448309	T	-AA/-AA	22	366	92.66%	2	2	54	42	0.98	1	1	12	10	139	227	-AA
III	2448518	T	*/-A	537	182	21.85%	2	2	45	44	0.98	1	1	379	158	127	55	-A
III	2448518	T	*/+A	537	59	7.08%	2	2	45	45	0.98	1	1	379	158	42	17	-A
