Chrom	Position	Ref	Cons	Reads1	Reads2	VarFreq	Strands1	Strands2	Qual1	Qual2	Pvalue	MapQual1	MapQual2	Reads1Plus	Reads1Minus	Reads2Plus	Reads2Minus	VarAllele
chr_II_telomeric_gap	8538	G	*/+A	3	2	28.57%	1	1	37	37	0.98	1	1	3	0	2	0	+A
I	3160	A	*/+GTTGTCGTTGTCGTTGTC	43	11	15.49%	2	2	43	47	0.98	1	1	22	21	6	5	+GTTGTCGTTGTCGTTGTC
I	3160	A	*/+GTTGTCGTTGTCGTTGTCGTTGTC	43	15	21.13%	2	2	43	41	0.98	1	1	22	21	9	6	+GTTGTCGTTGTCGTTGTCGTTGTC
I	4047	C	*/-TGTCTCTGTCAT	64	7	9.86%	2	2	42	35	0.98	1	1	37	27	5	2	-TGTCTCTGTCAT
I	4053	C	*/+TGTCAT	46	15	24.19%	2	2	41	41	0.98	1	1	28	18	7	8	+TGTCAT
I	5674	T	*/-G	49	3	5.77%	2	1	38	49	0.98	1	1	28	21	0	3	-G
I	5676	T	*/-G	41	3	6.12%	2	1	38	33	0.98	1	1	28	13	0	3	-G
I	5676	T	*/-GA	41	4	8.16%	2	1	38	46	0.98	1	1	28	13	0	4	-GA
I	5677	G	*/-A	14	12	34.29%	2	2	36	40	0.98	1	1	13	1	11	1	-A
I	5677	G	*/-AA	14	4	11.43%	2	2	36	34	0.98	1	1	13	1	3	1	-A
I	6357	T	*/-AA	38	14	25.93%	2	2	47	51	0.98	1	1	20	18	6	8	-AA
I	7192	C	*/-A	29	3	6.82%	2	2	40	29	0.98	1	1	21	8	1	2	A
I	7192	C	*/+A	29	6	13.64%	2	2	40	47	0.98	1	1	21	8	4	2	+A
I	10859	G	*/-TT	6	3	33.33%	2	2	34	49	0.98	1	1	2	4	2	1	-TT
I	19694	T	*/+A	34	5	12.82%	2	2	57	37	0.98	1	1	14	20	4	1	+A
I	27402	A	*/-C	6	19	67.86%	2	2	38	34	0.98	1	1	1	5	2	17	-C
I	27402	A	*/-CC	6	2	7.14%	2	1	38	31	0.98	1	1	1	5	0	2	-C
I	28398	A	*/+C	87	5	5.43%	2	2	38	42	0.98	1	1	9	78	1	4	+C
I	41770	C	*/-AT	30	3	9.09%	2	1	46	61	0.98	1	1	7	23	0	3	-AT
I	55244	T	*/-A	8	5	33.33%	1	1	34	46	0.98	1	1	8	0	5	0	-A
I	55244	T	*/-AA	8	2	13.33%	1	2	34	42	0.98	1	1	8	0	1	1	-A
I	101871	A	+G/+G	0	24	85.71%	0	2	0	45	0.98	0	1	0	0	13	11	+G
I	190112	C	*/+A	4	2	33.33%	2	1	37	49	0.98	1	1	3	1	0	2	+A
I	206448	C	*/-T	2	2	33.33%	1	2	37	42	0.98	1	1	2	0	1	1	-T
I	377488	C	*/+TT	1	3	60%	1	2	25	29	0.98	1	1	1	0	1	2	+TT
I	414079	C	*/-T	7	2	20%	2	2	33	36	0.98	1	1	4	3	1	1	-T
I	440084	T	+A/+A	1	5	83.33%	1	2	37	49	0.98	1	1	1	0	4	1	+A
I	453369	G	*/-A	7	2	16.67%	2	1	42	55	0.98	1	1	6	1	2	0	-A
I	453369	G	*/+A	7	2	16.67%	2	1	42	37	0.98	1	1	6	1	2	0	-A
I	456726	G	*/-T	15	4	17.39%	2	2	46	37	0.98	1	1	10	5	3	1	-T
I	456726	G	*/+T	15	2	8.7%	2	2	46	31	0.98	1	1	10	5	1	1	-T
I	470378	A	-C/-C	0	15	100%	0	2	0	42	0.98	0	1	0	0	12	3	-C
I	470390	A	-C/-C	0	16	100%	0	2	0	44	0.98	0	1	0	0	11	5	-C
I	473427	G	*/+T	3	4	50%	2	1	40	35	0.98	1	1	2	1	4	0	+T
I	482737	A	+G/+G	2	21	91.3%	1	2	37	40	0.98	1	1	0	2	9	12	+G
I	519932	G	*/-A	16	2	10.53%	2	2	50	37	0.98	1	1	8	8	1	1	-A
I	521845	T	*/-A	12	4	22.22%	2	2	42	37	0.98	1	1	10	2	3	1	-A
I	521845	T	*/-AA	12	2	11.11%	2	1	42	37	0.98	1	1	10	2	2	0	-A
I	528541	C	*/-A	16	2	10.53%	2	2	40	55	0.98	1	1	11	5	1	1	-A
I	554527	A	+T/+T	0	17	100%	0	2	0	39	0.98	0	1	0	0	8	9	+T
I	562745	A	*/+T	4	8	57.14%	2	2	37	44	0.98	1	1	3	1	2	6	+T
I	650099	C	*/+AA	4	2	25%	2	2	46	37	0.98	1	1	3	1	1	1	+AA
I	660056	T	*/+G	12	2	14.29%	2	1	37	37	0.98	1	1	7	5	2	0	+G
I	670032	C	+A/+A	0	56	100%	0	2	0	50	0.98	0	1	0	0	17	39	+A
I	682993	T	-C/-C	0	22	100%	0	2	0	47	0.98	0	1	0	0	6	16	-C
I	765477	A	*/-T	7	3	25%	2	1	43	37	0.98	1	1	2	5	0	3	-T
I	765477	A	*/+T	7	2	16.67%	2	1	43	31	0.98	1	1	2	5	0	2	-T
I	807903	A	*/-T	10	2	15.38%	2	1	39	37	0.98	1	1	1	9	0	2	-T
I	862962	C	+T/+T	0	16	100%	0	2	0	53	0.98	0	1	0	0	10	6	+T
I	908601	G	*/-T	13	2	12.5%	2	1	46	55	0.98	1	1	5	8	2	0	-T
I	934908	T	*/+AA	5	5	38.46%	2	2	39	29	0.98	1	1	3	2	1	4	+AA
I	954072	T	-A/-A	1	8	88.89%	1	2	48	46	0.98	1	1	1	0	5	3	-A
I	960025	G	*/+T	5	6	50%	1	2	37	35	0.98	1	1	5	0	4	2	+T
I	965438	C	*/-A	1	3	60%	1	1	29	37	0.98	1	1	1	0	3	0	-A
I	1048635	G	+A/+A	1	12	92.31%	1	2	74	52	0.98	1	1	1	0	8	4	+A
I	1051495	T	+A/+A	0	29	100%	0	2	0	47	0.98	0	1	0	0	14	15	+A
I	1148104	A	+T/+T	0	5	100%	0	2	0	51	0.98	0	1	0	0	1	4	+T
I	1185797	G	*/-A	8	2	14.29%	2	1	36	37	0.98	1	1	6	2	2	0	-A
I	1185797	G	*/-AA	8	2	14.29%	2	2	36	42	0.98	1	1	6	2	1	1	-A
I	1185797	G	*/+A	8	2	14.29%	2	2	36	55	0.98	1	1	6	2	1	1	-A
I	1274803	T	+A/+A	0	13	100%	0	2	0	41	0.98	0	1	0	0	6	7	+A
I	1290605	A	*/-T	11	2	13.33%	1	2	39	55	0.98	1	1	11	0	1	1	-T
I	1290605	A	*/+T	11	2	13.33%	1	1	39	37	0.98	1	1	11	0	2	0	-T
I	1358794	C	*/+A	3	2	40%	2	1	33	74	0.98	1	1	2	1	2	0	+A
I	1399667	T	*/-A	26	2	6.9%	2	2	51	37	0.98	1	1	10	16	1	1	-A
I	1424708	C	-A/-A	1	12	92.31%	1	2	37	44	0.98	1	1	0	1	8	4	-A
I	1451777	A	*/-T	9	2	18.18%	2	2	35	37	0.98	1	1	4	5	1	1	-T
I	1454446	C	*/+A	18	3	13.64%	2	2	38	45	0.98	1	1	15	3	1	2	+A
I	1478066	G	*/-A	21	3	12%	2	2	40	36	0.98	1	1	17	4	1	2	-A
I	1496317	C	*/-A	5	11	57.89%	2	2	37	47	0.98	1	1	2	3	7	4	-A
I	1496317	C	*/-AA	5	2	10.53%	2	2	37	31	0.98	1	1	2	3	1	1	-A
I	1509277	C	+T/+T	2	6	75%	1	2	31	35	0.98	1	1	2	0	3	3	+T
I	1541472	G	*/-T	11	4	25%	2	2	36	61	0.98	1	1	9	2	3	1	-T
I	1595056	C	*/-T	5	2	18.18%	1	2	39	42	0.98	1	1	5	0	1	1	-T
I	1595056	C	*/+T	5	2	18.18%	1	2	39	31	0.98	1	1	5	0	1	1	-T
I	1625092	T	+C/+C	0	15	100%	0	2	0	44	0.98	0	1	0	0	10	5	+C
I	1665744	C	*/+T	16	2	11.11%	2	2	43	37	0.98	1	1	9	7	1	1	+T
I	1771585	C	*/-A	18	4	18.18%	2	2	48	37	0.98	1	1	13	5	3	1	-A
I	1837916	G	*/-T	8	4	25%	2	2	36	34	0.98	1	1	6	2	2	2	-T
I	1849285	C	*/-T	26	4	11.43%	2	2	46	31	0.98	1	1	14	12	3	1	-T
I	1849285	C	*/+T	26	5	14.29%	2	2	46	54	0.98	1	1	14	12	2	3	+T
I	1851608	A	+T/+T	1	15	88.24%	1	2	37	48	0.98	1	1	0	1	7	8	+T
I	1877723	A	+T/+T	2	10	83.33%	2	2	55	56	0.98	1	1	1	1	5	5	+T
I	1890184	C	*/-A	9	4	28.57%	2	2	51	46	0.98	1	1	8	1	2	2	-A
I	1936294	G	+A/+A	1	18	94.74%	1	2	37	46	0.98	1	1	1	0	10	8	+A
I	1952313	A	+T/+T	0	23	100%	0	2	0	40	0.98	0	1	0	0	17	6	+T
I	1954162	C	*/-A	9	7	33.33%	2	2	43	43	0.98	1	1	5	4	3	4	-A
I	1954162	C	*/-AA	9	2	9.52%	2	1	43	37	0.98	1	1	5	4	2	0	-A
I	1954162	C	*/+A	9	2	9.52%	2	1	43	37	0.98	1	1	5	4	2	0	-A
I	1955754	C	*/+TT	4	4	44.44%	1	2	37	29	0.98	1	1	4	0	2	2	+TT
I	1955853	T	+A/+A	2	7	77.78%	2	2	61	44	0.98	1	1	1	1	2	5	+A
I	2025000	C	*/+T	5	3	37.5%	2	1	42	45	0.98	1	1	4	1	3	0	+T
I	2041947	C	*/-T	14	2	12.5%	1	1	36	48	0.98	1	1	14	0	0	2	-T
I	2041948	T	*/-A	14	3	16.67%	1	1	35	37	0.98	1	1	14	0	3	0	-A
I	2052488	A	*/-T	14	6	30%	2	1	38	47	0.98	1	1	9	5	6	0	-T
I	2139856	G	+T/+T	1	5	83.33%	1	2	37	49	0.98	1	1	1	0	3	2	+T
I	2154491	T	+A/+A	1	18	94.74%	1	2	37	45	0.98	1	1	0	1	6	12	+A
I	2155438	C	*/-A	24	2	7.69%	2	2	46	37	0.98	1	1	11	13	1	1	-A
I	2174555	C	*/-A	3	6	54.55%	1	2	33	45	0.98	1	1	0	3	2	4	-A
I	2174555	C	*/-AA	3	2	18.18%	1	1	33	25	0.98	1	1	0	3	0	2	-A
I	2227936	T	*/+AAA	2	2	28.57%	1	2	42	42	0.98	1	1	2	0	1	1	+AAA
I	2245479	T	*/+C	3	10	45.45%	2	2	37	40	0.98	1	1	2	1	3	7	+C
I	2245479	T	*/+CC	3	3	13.64%	2	2	37	29	0.98	1	1	2	1	1	2	+C
I	2245479	T	*/+CCC	3	3	13.64%	2	2	37	53	0.98	1	1	2	1	1	2	+C
I	2273201	T	*/-A	6	6	42.86%	2	2	41	37	0.98	1	1	4	2	4	2	-A
I	2273201	T	*/-AA	6	2	14.29%	2	1	41	37	0.98	1	1	4	2	2	0	-A
I	2288240	C	-G/-G	0	31	100%	0	2	0	50	0.98	0	1	0	0	16	15	-G
I	2292695	C	*/-T	9	2	18.18%	2	2	35	55	0.98	1	1	5	4	1	1	-T
I	2322636	C	*/-A	21	6	19.35%	2	2	37	43	0.98	1	1	19	2	5	1	-A
I	2322636	C	*/-AA	21	2	6.45%	2	1	37	37	0.98	1	1	19	2	2	0	-A
I	2327021	C	*/-A	3	2	20%	1	1	37	31	0.98	1	1	3	0	0	2	A
I	2343703	G	+A/+A	1	6	85.71%	1	2	37	55	0.98	1	1	0	1	3	3	+A
I	2401096	C	*/+A	20	2	8.7%	2	2	46	43	0.98	1	1	15	5	1	1	+A
I	2421576	A	-C/-C	0	16	100%	0	2	0	43	0.98	0	1	0	0	8	8	-C
I	2443651	C	*/-A	13	2	13.33%	2	1	42	37	0.98	1	1	5	8	0	2	-A
I	2499149	A	-T/-T	4	12	75%	2	2	55	55	0.98	1	1	3	1	4	8	-T
I	2507462	T	+A/+A	0	15	93.75%	0	2	0	44	0.98	0	1	0	0	13	2	+A
I	2510060	T	+A/+A	2	6	75%	1	2	37	45	0.98	1	1	0	2	3	3	+A
I	2520612	G	*/-T	25	4	13.79%	2	2	51	37	0.98	1	1	15	10	3	1	-T
I	2525152	A	-T/-T	3	13	81.25%	2	2	33	42	0.98	1	1	1	2	7	6	-T
I	2525713	C	*/-T	18	4	16.67%	2	2	40	46	0.98	1	1	14	4	3	1	-T
I	2525713	C	*/+T	18	2	8.33%	2	1	40	37	0.98	1	1	14	4	2	0	-T
I	2578262	T	*/-A	11	3	21.43%	2	1	42	61	0.98	1	1	5	6	0	3	-A
I	2588021	C	+A/+A	0	9	100%	0	2	0	37	0.98	0	1	0	0	7	2	+A
I	2588066	C	+A/+A	0	9	100%	0	2	0	37	0.98	0	1	0	0	7	2	+A
I	2594263	C	+T/+T	0	11	100%	0	2	0	47	0.98	0	1	0	0	4	7	+T
I	2594324	T	+A/+A	0	12	100%	0	2	0	46	0.98	0	1	0	0	8	4	+A
I	2594351	T	+A/+A	0	15	100%	0	2	0	46	0.98	0	1	0	0	10	5	+A
I	2594391	A	+T/+T	1	17	94.44%	1	2	74	47	0.98	1	1	0	1	10	7	+T
I	2605860	G	-T/-T	0	20	100%	0	2	0	43	0.98	0	1	0	0	6	14	-T
I	2607669	A	+T/+T	5	17	77.27%	2	2	64	45	0.98	1	1	3	2	9	8	+T
I	2641998	C	*/+T	4	4	50%	1	2	31	55	0.98	1	1	4	0	2	2	+T
I	2683902	T	-C/-C	0	16	100%	0	2	0	41	0.98	0	1	0	0	9	7	-C
I	2747027	T	*/-A	10	2	16.67%	2	2	37	55	0.98	1	1	9	1	1	1	-A
I	2751236	T	*/-A	3	16	69.57%	2	2	49	46	0.98	1	1	2	1	3	13	-A
I	2751236	T	*/-AA	3	4	17.39%	2	1	49	34	0.98	1	1	2	1	0	4	-A
I	2759871	T	+C/+C	0	11	91.67%	0	2	0	40	0.98	0	1	0	0	5	6	+C
I	2812650	C	*/-T	12	3	20%	2	2	34	41	0.98	1	1	8	4	2	1	-T
I	2931900	A	*/+T	30	2	6.25%	2	1	47	37	0.98	1	1	10	20	0	2	+T
I	2974682	T	*/+A	20	2	8.7%	2	1	38	37	0.98	1	1	15	5	0	2	+A
I	3033347	C	*/-T	10	2	14.29%	2	1	34	49	0.98	1	1	6	4	2	0	-T
I	3033347	C	*/+T	10	2	14.29%	2	1	34	37	0.98	1	1	6	4	2	0	-T
I	3084527	A	*/+AGT	37	2	5.13%	2	1	57	68	0.98	1	1	17	20	0	2	+AGT
I	3125118	A	+T/+T	2	9	81.82%	2	2	37	39	0.98	1	1	1	1	5	4	+T
I	3144699	T	*/-A	10	2	14.29%	2	1	45	42	0.98	1	1	6	4	2	0	-A
I	3159187	C	*/-CA	45	5	9.62%	2	2	47	44	0.98	1	1	20	25	3	2	-CA
I	3159994	C	*/-T	46	8	14.55%	2	2	38	41	0.98	1	1	37	9	6	2	-T
I	3166776	G	*/+TT	1	3	23.08%	1	1	62	37	0.98	1	1	1	0	3	0	+TT
I	3166776	G	*/+TTT	1	6	46.15%	1	2	62	43	0.98	1	1	1	0	4	2	+TTT
I	3178494	C	+T/+T	2	13	86.67%	2	2	37	45	0.98	1	1	1	1	8	5	+T
I	3184255	T	*/-A	8	5	31.25%	2	1	36	44	0.98	1	1	5	3	0	5	-A
I	3184255	T	*/+A	8	2	12.5%	2	2	36	37	0.98	1	1	5	3	1	1	-A
I	3197528	A	+G/+G	1	25	86.21%	1	2	37	48	0.98	1	1	0	1	13	12	+G
I	3280177	G	+T/+T	0	5	100%	0	2	0	39	0.98	0	1	0	0	2	3	+T
I	3299997	G	*/-A	22	2	8.33%	2	2	43	42	0.98	1	1	18	4	1	1	-A
I	3303111	C	*/-T	13	2	13.33%	2	2	37	37	0.98	1	1	7	6	1	1	-T
I	3380404	C	*/-A	12	3	20%	2	1	41	37	0.98	1	1	7	5	3	0	-A
I	3404991	C	*/-T	5	3	30%	1	2	37	33	0.98	1	1	5	0	2	1	-T
I	3408209	T	+G/+G	0	39	97.5%	0	2	0	44	0.98	0	1	0	0	21	18	+G
I	3410124	A	*/-T	8	2	20%	2	1	44	37	0.98	1	1	3	5	0	2	-T
I	3450130	G	-T/-T	0	15	100%	0	2	0	41	0.98	0	1	0	0	10	5	-T
I	3460318	T	+C/+C	0	19	100%	0	2	0	50	0.98	0	1	0	0	9	10	+C
I	3460476	G	*/-A	9	3	23.08%	2	2	43	33	0.98	1	1	4	5	1	2	-A
I	3462650	A	*/-TT	7	2	20%	2	2	37	31	0.98	1	1	4	3	1	1	-TT
I	3538413	A	+T/+T	0	18	100%	0	2	0	44	0.98	0	1	0	0	13	5	+T
I	3538428	G	+T/+T	0	18	100%	0	2	0	43	0.98	0	1	0	0	13	5	+T
I	3538436	T	+A/+A	2	16	88.89%	1	2	55	41	0.98	1	1	2	0	11	5	+A
I	3538449	T	+TA/+TA	0	16	100%	0	2	0	40	0.98	0	1	0	0	11	5	+TA
I	3538456	A	+AT/+AT	0	16	100%	0	2	0	40	0.98	0	1	0	0	11	5	+AT
I	3576756	T	*/+TCTTCTC	1	6	66.67%	1	2	37	37	0.98	1	1	0	1	2	4	+TCTTCTC
I	3576929	C	+T/+T	1	13	92.86%	1	2	48	44	0.98	1	1	1	0	4	9	+T
I	3578504	A	+T/+T	1	3	75%	1	2	25	37	0.98	1	1	1	0	2	1	+T
I	3609896	T	*/-A	2	2	50%	1	2	31	37	0.98	1	1	2	0	1	1	-A
I	3610395	T	*/+A	5	2	25%	2	1	44	37	0.98	1	1	3	2	0	2	+A
I	3659724	C	*/-T	14	2	10%	2	1	46	49	0.98	1	1	10	4	2	0	-T
I	3659724	C	*/+T	14	2	10%	2	1	46	55	0.98	1	1	10	4	0	2	-T
I	3664357	A	*/+TGCTAT	22	2	8.33%	2	1	45	55	0.98	1	1	11	11	0	2	+TGCTAT
I	3665285	G	*/+A	36	2	5.26%	2	2	39	37	0.98	1	1	10	26	1	1	+A
I	3665610	G	+C/+C	1	44	97.78%	1	2	37	45	0.98	1	1	1	0	16	28	+C
I	3700309	G	*/+A	13	2	13.33%	2	1	36	37	0.98	1	1	8	5	2	0	+A
I	3700385	T	*/+A	3	3	20%	1	2	49	61	0.98	1	1	3	0	1	2	+A
I	3700385	T	*/+AA	3	9	60%	1	2	49	41	0.98	1	1	3	0	1	8	+AA
I	3730369	A	+T/+T	2	11	84.62%	1	2	37	37	0.98	1	1	2	0	8	3	+T
I	3765328	C	+T/+T	0	16	100%	0	2	0	38	0.98	0	1	0	0	15	1	+T
I	3776933	G	+A/+A	2	15	88.24%	2	2	25	38	0.98	1	1	1	1	1	14	+A
I	3855790	G	-T/-T	2	10	83.33%	1	2	37	39	0.98	1	1	0	2	7	3	-T
I	3879465	T	*/-A	21	2	8.7%	2	2	48	37	0.98	1	1	11	10	1	1	-A
I	3940025	G	+T/+T	0	21	100%	0	2	0	50	0.98	0	1	0	0	10	11	+T
I	3984736	A	*/-GGT	129	8	5.84%	2	1	46	41	0.98	1	1	36	93	0	8	-GGT
I	3991338	T	*/+A	16	2	11.11%	2	1	39	55	0.98	1	1	8	8	0	2	+A
I	3992212	A	*/-AC	13	3	18.75%	2	2	39	45	0.98	1	1	4	9	1	2	-AC
I	3992213	A	*/-C	7	6	46.15%	1	2	37	47	0.98	1	1	0	7	4	2	-C
I	4004016	G	*/-T	11	8	40%	2	2	40	44	0.98	1	1	6	5	5	3	-T
I	4010237	A	*/-G	11	2	13.33%	2	1	38	37	0.98	1	1	9	2	2	0	-G
I	4010237	A	*/+G	11	2	13.33%	2	1	38	37	0.98	1	1	9	2	2	0	-G
I	4055052	T	*/+A	4	14	73.68%	2	2	55	46	0.98	1	1	3	1	11	3	+A
I	4140001	G	+T/+T	0	6	75%	0	2	0	40	0.98	0	1	0	0	3	3	+T
I	4140090	A	*/-T	18	2	10%	2	1	47	37	0.98	1	1	14	4	0	2	-T
I	4143587	C	*/+TATA	10	2	15.38%	2	2	40	33	0.98	1	1	2	8	1	1	+TATA
I	4153651	C	*/-T	8	3	23.08%	2	1	36	37	0.98	1	1	6	2	3	0	-T
I	4153651	C	*/+T	8	2	15.38%	2	1	36	33	0.98	1	1	6	2	2	0	-T
I	4179701	C	*/+T	2	4	66.67%	1	1	37	37	0.98	1	1	2	0	4	0	+T
I	4241118	G	*/-A	5	3	33.33%	1	1	46	49	0.98	1	1	5	0	0	3	-A
I	4276890	G	+T/+T	1	11	84.62%	1	2	37	49	0.98	1	1	1	0	6	5	+T
I	4304169	G	+A/+A	0	6	100%	0	2	0	35	0.98	0	1	0	0	4	2	+A
I	4360508	C	*/-T	25	2	7.41%	2	2	43	55	0.98	1	1	14	11	1	1	-T
I	4374342	A	-G/-G	0	25	100%	0	2	0	49	0.98	0	1	0	0	12	13	-G
I	4399802	G	*/-A	34	2	5.56%	2	1	47	49	0.98	1	1	12	22	0	2	-A
I	4407494	T	+G/+G	3	15	78.95%	2	2	49	49	0.98	1	1	1	2	4	11	+G
I	4410191	C	-G/-G	1	15	93.75%	1	2	37	46	0.98	1	1	1	0	9	6	-G
I	4414201	C	-T/-T	0	7	100%	0	2	0	42	0.98	0	1	0	0	5	2	-T
I	4431856	G	+A/+A	2	40	95.24%	1	2	55	45	0.98	1	1	2	0	13	27	+A
I	4431868	C	+A/+A	2	39	95.12%	1	2	55	43	0.98	1	1	2	0	12	27	+A
I	4442621	A	*/-AT	16	2	11.11%	2	1	47	37	0.98	1	1	10	6	2	0	-AT
I	4455149	G	*/+A	1	5	71.43%	1	2	37	39	0.98	1	1	1	0	3	2	+A
I	4514478	T	*/-A	10	2	15.38%	2	1	41	37	0.98	1	1	7	3	2	0	-A
I	4648159	T	*/-G	3	13	68.42%	2	2	49	36	0.98	1	1	1	2	8	5	-G
I	4648159	T	*/-GG	3	3	15.79%	2	2	49	32	0.98	1	1	1	2	2	1	-G
I	4721875	G	+A/+A	0	16	100%	0	2	0	37	0.98	0	1	0	0	7	9	+A
I	4760698	T	*/-A	9	2	15.38%	2	1	39	55	0.98	1	1	6	3	0	2	-A
I	4760698	T	*/+A	9	2	15.38%	2	1	39	55	0.98	1	1	6	3	0	2	-A
I	4764253	G	+A/+A	3	15	83.33%	2	2	36	45	0.98	1	1	2	1	7	8	+A
I	4917359	C	+TT/+TT	1	11	91.67%	1	2	25	40	0.98	1	1	1	0	5	6	+TT
I	4926046	C	*/+T	8	4	30.77%	1	2	34	46	0.98	1	1	8	0	3	1	+T
I	4984784	A	*/-T	10	3	21.43%	2	2	43	45	0.98	1	1	7	3	2	1	-T
I	5002717	C	*/+A	8	6	42.86%	2	2	36	36	0.98	1	1	7	1	2	4	+A
I	5045335	G	*/+T	18	2	10%	2	1	44	55	0.98	1	1	7	11	0	2	+T
I	5142627	A	+G/+G	1	13	92.86%	1	2	37	44	0.98	1	1	1	0	6	7	+G
I	5148414	T	-A/-A	0	22	100%	0	2	0	53	0.98	0	1	0	0	10	12	-A
I	5173087	C	+T/+T	0	11	91.67%	0	2	0	42	0.98	0	1	0	0	5	6	+T
I	5173430	G	+T/+T	5	19	76%	1	2	39	42	0.98	1	1	5	0	15	4	+T
I	5176926	T	+A/+A	0	4	80%	0	2	0	29	0.98	0	1	0	0	2	2	+A
I	5200876	C	*/+A	19	3	13.04%	2	2	48	37	0.98	1	1	11	8	2	1	+A
I	5266596	A	*/-T	17	6	26.09%	2	1	42	43	0.98	1	1	14	3	6	0	-T
I	5322103	A	*/-T	8	2	18.18%	2	1	41	37	0.98	1	1	5	3	2	0	-T
I	5359307	A	+T/+T	2	33	94.29%	1	2	55	44	0.98	1	1	2	0	18	15	+T
I	5368262	T	-C/-C	1	33	97.06%	1	2	74	43	0.98	1	1	1	0	9	24	-C
I	5368273	G	+T/+T	1	34	97.14%	1	2	37	45	0.98	1	1	0	1	10	24	+T
I	5426622	C	+T/+T	2	14	82.35%	1	2	31	44	0.98	1	1	2	0	7	7	+T
I	5557287	A	*/-T	7	2	22.22%	2	1	38	37	0.98	1	1	6	1	2	0	-T
I	5559365	C	*/-T	4	3	42.86%	1	2	43	61	0.98	1	1	4	0	1	2	-T
I	5564950	C	*/-T	12	2	13.33%	2	2	34	42	0.98	1	1	8	4	1	1	-T
I	5567937	C	*/-A	19	2	9.52%	2	1	42	37	0.98	1	1	12	7	2	0	-A
I	5572022	A	*/-T	23	2	8%	2	1	44	37	0.98	1	1	8	15	0	2	-T
I	5576850	T	*/-AA	6	2	25%	2	1	35	74	0.98	1	1	4	2	2	0	-AA
II	7268	G	*/-T	14	2	11.76%	2	2	43	37	0.98	1	1	11	3	1	1	-T
II	15830	T	*/+A	8	2	18.18%	2	1	34	37	0.98	1	1	5	3	2	0	+A
II	46913	T	*/-A	10	3	23.08%	2	2	33	42	0.98	1	1	7	3	1	2	-A
II	113240	T	*/-A	4	3	42.86%	2	2	31	29	0.98	1	1	3	1	1	2	-A
II	121588	G	*/+T	5	3	37.5%	1	2	37	74	0.98	1	1	0	5	2	1	+T
II	128001	T	-A/-A	0	17	100%	0	2	0	47	0.98	0	1	0	0	8	9	-A
II	146079	T	-C/-C	0	26	100%	0	2	0	40	0.98	0	1	0	0	14	12	-C
II	229897	A	*/-T	27	10	21.74%	2	2	40	40	0.98	1	1	18	9	8	2	-T
II	229897	A	*/-TT	27	3	6.52%	2	1	40	29	0.98	1	1	18	9	3	0	-T
II	229897	A	*/+T	27	5	10.87%	2	2	40	39	0.98	1	1	18	9	3	2	+T
II	243155	C	*/-A	13	2	11.76%	2	2	41	36	0.98	1	1	6	7	1	1	-A
II	410085	C	*/-T	11	2	15.38%	2	2	39	43	0.98	1	1	9	2	1	1	-T
II	465486	C	*/+T	11	2	15.38%	2	2	37	43	0.98	1	1	6	5	1	1	+T
II	484534	A	*/+T	3	4	50%	2	2	49	37	0.98	1	1	2	1	2	2	+T
II	521731	G	*/-T	22	3	10%	2	2	47	45	0.98	1	1	14	8	1	2	-T
II	521731	G	*/+T	22	4	13.33%	2	2	47	37	0.98	1	1	14	8	2	2	+T
II	565295	C	*/-A	22	2	7.69%	2	1	45	31	0.98	1	1	15	7	2	0	-A
II	576111	C	*/+A	18	2	10%	2	1	47	37	0.98	1	1	9	9	0	2	+A
II	603279	A	-T/-T	0	7	100%	0	2	0	47	0.98	0	1	0	0	6	1	-T
II	603305	A	-C/-C	0	10	100%	0	2	0	48	0.98	0	1	0	0	6	4	-C
II	645098	C	*/-A	6	2	20%	2	2	39	31	0.98	1	1	5	1	1	1	-A
II	645098	C	*/+A	6	2	20%	2	2	39	55	0.98	1	1	5	1	1	1	-A
II	677175	G	*/-TA	25	3	9.68%	2	1	47	57	0.98	1	1	13	12	0	3	-TA
II	677175	G	*/+TA	25	3	9.68%	2	2	47	65	0.98	1	1	13	12	2	1	-TA
II	700009	T	*/-A	4	9	69.23%	1	2	37	37	0.98	1	1	0	4	6	3	-A
II	716295	G	*/+T	9	2	15.38%	2	2	42	37	0.98	1	1	4	5	1	1	+T
II	745885	A	*/+T	7	2	22.22%	2	2	49	37	0.98	1	1	5	2	1	1	+T
II	753854	A	*/-T	10	4	23.53%	1	2	37	31	0.98	1	1	10	0	3	1	-T
II	753854	A	*/+T	10	2	11.76%	1	1	37	37	0.98	1	1	10	0	2	0	-T
II	756993	C	*/-T	7	2	22.22%	2	1	48	37	0.98	1	1	4	3	2	0	-T
II	888599	A	-C/-C	0	18	100%	0	2	0	40	0.98	0	1	0	0	11	7	-C
II	903106	G	+T/+T	0	24	100%	0	2	0	44	0.98	0	1	0	0	12	12	+T
II	965517	C	*/+T	13	4	21.05%	2	2	39	52	0.98	1	1	12	1	3	1	+T
II	997671	G	*/+CAACAACAA	6	4	28.57%	2	2	51	37	0.98	1	1	2	4	2	2	A
II	1019510	T	*/-A	1	6	66.67%	1	2	37	47	0.98	1	1	0	1	2	4	-A
II	1019510	T	*/-AA	1	2	22.22%	1	1	37	31	0.98	1	1	0	1	0	2	-A
II	1078264	T	*/-A	33	4	10.81%	2	2	45	34	0.98	1	1	21	12	2	2	-A
II	1079843	T	+A/+A	0	9	100%	0	2	0	42	0.98	0	1	0	0	4	5	+A
II	1122580	C	*/-T	33	3	7.89%	2	2	48	49	0.98	1	1	24	9	2	1	-T
II	1122580	C	*/+T	33	2	5.26%	2	1	48	55	0.98	1	1	24	9	0	2	-T
II	1151335	C	*/-CT	31	3	8.82%	2	2	37	49	0.98	1	1	15	16	1	2	-CT
II	1163154	A	-T/-T	0	18	100%	0	2	0	44	0.98	0	1	0	0	8	10	-T
II	1187785	G	*/-T	10	3	23.08%	2	1	38	49	0.98	1	1	4	6	0	3	-T
II	1243365	G	*/-T	11	8	40%	2	2	42	49	0.98	1	1	5	6	1	7	-T
II	1264791	C	*/-T	3	2	33.33%	1	2	37	49	0.98	1	1	3	0	1	1	-T
II	1266289	T	+A/+A	0	6	100%	0	2	0	53	0.98	0	1	0	0	5	1	+A
II	1266955	G	*/-GA	52	5	8.62%	2	2	47	59	0.98	1	1	30	22	3	2	-GA
II	1300103	C	*/-GAAGAAGAAGAG	26	2	5.26%	2	2	46	25	0.98	1	1	13	13	1	1	A
II	1308618	G	-T/-T	0	22	100%	0	2	0	49	0.98	0	1	0	0	14	8	-T
II	1365999	G	*/-T	11	7	36.84%	2	2	48	44	0.98	1	1	10	1	3	4	-T
II	1389139	C	*/+T	12	9	37.5%	2	2	46	50	0.98	1	1	10	2	5	4	+T
II	1407342	G	*/+A	23	2	8%	2	1	46	49	0.98	1	1	15	8	0	2	+A
II	1437375	T	*/+A	22	2	8.33%	2	1	43	55	0.98	1	1	9	13	0	2	+A
II	1460208	A	*/+G	20	4	16.67%	2	2	36	55	0.98	1	1	14	6	3	1	+G
II	1467485	C	*/-T	10	5	27.78%	2	2	35	32	0.98	1	1	7	3	1	4	-T
II	1467485	C	*/+T	10	2	11.11%	2	1	35	37	0.98	1	1	7	3	0	2	-T
II	1531449	G	*/+T	17	2	10%	2	2	41	37	0.98	1	1	10	7	1	1	+T
II	1555919	A	*/+TTTATT	5	4	44.44%	1	2	51	37	0.98	1	1	5	0	2	2	+TTTATT
II	1610504	A	*/+G	45	3	6.25%	2	1	47	33	0.98	1	1	27	18	3	0	+G
II	1612985	A	*/-ATAATG	12	3	18.75%	2	2	44	37	0.98	1	1	3	9	2	1	-ATAATG
II	1634843	T	*/-ATTATC	3	3	50%	1	2	45	49	0.98	1	1	3	0	1	2	-ATTATC
II	1637375	T	*/+C	50	3	5.66%	2	2	43	49	0.98	1	1	18	32	1	2	+C
II	1645549	C	*/+A	40	3	6.82%	2	2	44	37	0.98	1	1	27	13	2	1	+A
II	1684559	T	*/-A	14	2	12.5%	2	1	44	31	0.98	1	1	6	8	0	2	-A
II	1716256	G	*/+T	10	3	21.43%	2	1	38	37	0.98	1	1	6	4	3	0	+T
II	1716287	T	*/-G	15	6	28.57%	2	1	43	55	0.98	1	1	4	11	0	6	-G
II	1763419	T	*/-A	17	6	26.09%	2	2	46	37	0.98	1	1	9	8	3	3	-A
II	1818108	C	*/-T	5	5	50%	2	2	41	36	0.98	1	1	3	2	3	2	-T
II	1861420	T	-G/-G	0	24	100%	0	2	0	45	0.98	0	1	0	0	17	7	-G
II	1867795	A	+T/+T	1	7	87.5%	1	2	37	47	0.98	1	1	1	0	3	4	+T
II	1868122	G	*/+T	4	8	61.54%	2	2	46	44	0.98	1	1	2	2	7	1	+T
II	1873779	T	+A/+A	1	9	90%	1	2	37	41	0.98	1	1	0	1	6	3	+A
II	1877294	A	+T/+T	0	16	100%	0	2	0	49	0.98	0	1	0	0	10	6	+T
II	1888793	C	*/-A	20	2	9.09%	2	2	47	55	0.98	1	1	9	11	1	1	-A
II	1941966	A	+T/+T	0	26	100%	0	2	0	53	0.98	0	1	0	0	12	14	+T
II	1941982	A	+T/+T	1	26	96.3%	1	2	74	50	0.98	1	1	1	0	11	15	+T
II	1948953	G	-A/-A	0	22	100%	0	2	0	44	0.98	0	1	0	0	11	11	-A
II	1950050	A	+G/+G	0	16	100%	0	2	0	54	0.98	0	1	0	0	3	13	+G
II	1953298	C	*/-CT	21	3	12%	2	2	40	45	0.98	1	1	13	8	1	2	-CT
II	1953407	T	*/-C	12	2	14.29%	2	1	36	37	0.98	1	1	1	11	0	2	-C
II	1955495	T	+A/+A	0	11	91.67%	0	2	0	51	0.98	0	1	0	0	7	4	+A
II	1960392	A	+G/+G	0	7	100%	0	2	0	47	0.98	0	1	0	0	4	3	+G
II	1987101	C	-G/-G	0	24	100%	0	2	0	43	0.98	0	1	0	0	14	10	-G
II	1987117	T	-G/-G	0	25	100%	0	2	0	45	0.98	0	1	0	0	13	12	-G
II	2049891	A	-T/-T	1	32	96.97%	1	2	37	48	0.98	1	1	1	0	15	17	-T
II	2053516	G	+C/+C	2	29	93.55%	1	2	55	52	0.98	1	1	2	0	13	16	+C
II	2108180	T	+A/+A	1	6	85.71%	1	2	37	43	0.98	1	1	0	1	4	2	+A
II	2147726	G	+T/+T	0	10	100%	0	2	0	44	0.98	0	1	0	0	6	4	+T
II	2187407	G	+A/+A	0	13	100%	0	2	0	48	0.98	0	1	0	0	9	4	+A
II	2197587	C	*/+A	1	2	50%	1	1	25	42	0.98	1	1	0	1	2	0	+A
II	2198945	G	*/-CA	22	2	8.33%	2	2	38	37	0.98	1	1	10	12	1	1	-CA
II	2199987	A	*/+TAACC	32	24	42.11%	2	2	42	40	0.98	1	1	12	20	7	17	+TAACC
II	2219928	A	+T/+T	1	19	95%	1	2	37	37	0.98	1	1	0	1	9	10	+T
II	2293297	G	-A/-A	0	5	100%	0	2	0	42	0.98	0	1	0	0	1	4	-A
II	2443873	T	*/+AA	2	7	58.33%	1	2	55	44	0.98	1	1	2	0	6	1	+AA
II	2468409	G	*/+T	22	3	12%	2	1	50	61	0.98	1	1	13	9	0	3	+T
II	2480912	A	*/-T	12	2	14.29%	2	1	42	37	0.98	1	1	5	7	0	2	-T
II	2523623	A	*/-C	6	2	25%	2	1	46	37	0.98	1	1	5	1	0	2	-C
II	2523624	C	*/-A	0	3	50%	0	1	0	45	0.98	0	1	0	0	3	0	-A
II	2527996	C	*/-T	3	3	50%	1	1	33	53	0.98	1	1	3	0	3	0	-T
II	2552673	G	*/+T	6	2	22.22%	2	2	51	31	0.98	1	1	3	3	1	1	+T
II	2579458	C	*/-A	5	3	37.5%	1	2	44	33	0.98	1	1	5	0	1	2	-A
II	2592423	T	+A/+A	0	7	100%	0	2	0	45	0.98	0	1	0	0	5	2	+A
II	2630607	C	+A/+A	1	12	92.31%	1	2	25	42	0.98	1	1	0	1	2	10	+A
II	2640785	T	*/+A	6	17	68%	2	2	49	40	0.98	1	1	4	2	9	8	+A
II	2640785	T	*/+AA	6	2	8%	2	2	49	31	0.98	1	1	4	2	1	1	+A
II	2709414	G	+C/+C	2	17	85%	1	2	55	47	0.98	1	1	0	2	7	10	+C
II	2720152	T	+A/+A	2	18	85.71%	2	2	31	35	0.98	1	1	1	1	8	10	+A
II	2755338	C	*/-AT	13	7	35%	2	2	45	42	0.98	1	1	2	11	2	5	-AT
II	2788933	C	+G/+G	0	17	94.44%	0	2	0	39	0.98	0	1	0	0	13	4	+G
II	2798040	C	-T/-T	0	20	100%	0	2	0	53	0.98	0	1	0	0	7	13	-T
II	2798514	A	-G/-G	0	8	100%	0	2	0	40	0.98	0	1	0	0	3	5	-G
II	2811495	C	-A/-A	0	23	100%	0	2	0	46	0.98	0	1	0	0	10	13	-A
II	2826100	G	*/-A	5	4	44.44%	2	2	51	36	0.98	1	1	4	1	2	2	-A
II	2830962	C	+TT/+TT	3	10	76.92%	2	2	37	42	0.98	1	1	2	1	6	4	+TT
II	2873779	T	*/-A	11	2	15.38%	2	2	46	37	0.98	1	1	9	2	1	1	-A
II	2894538	T	*/-A	8	2	18.18%	2	1	35	74	0.98	1	1	5	3	0	2	-A
II	2900889	A	*/-T	14	4	22.22%	2	1	40	37	0.98	1	1	11	3	4	0	-T
II	2938956	C	+T/+T	0	6	85.71%	0	2	0	39	0.98	0	1	0	0	2	4	+T
II	3010975	G	*/+T	29	8	21.62%	2	2	45	55	0.98	1	1	10	19	3	5	+T
II	3040332	C	+G/+G	1	31	96.88%	1	2	74	44	0.98	1	1	0	1	18	13	+G
II	3058544	T	*/+GG	4	2	15.38%	2	1	37	37	0.98	1	1	1	3	2	0	+GG
II	3058544	T	*/+GGG	4	4	30.77%	2	1	37	31	0.98	1	1	1	3	4	0	+GGG
II	3058544	T	*/+GGGG	4	2	15.38%	2	1	37	37	0.98	1	1	1	3	2	0	+GGG
II	3154052	G	*/-T	24	7	21.21%	2	2	42	44	0.98	1	1	16	8	2	5	-T
II	3154052	G	*/+T	24	2	6.06%	2	1	42	49	0.98	1	1	16	8	0	2	-T
II	3171788	G	*/+A	13	6	27.27%	2	1	38	37	0.98	1	1	12	1	6	0	+A
II	3282373	T	*/-A	17	2	10.53%	2	1	44	37	0.98	1	1	11	6	2	0	-A
II	3410437	G	*/+T	5	2	22.22%	2	1	33	42	0.98	1	1	3	2	0	2	+T
II	3487895	G	*/+TATTT	9	5	35.71%	2	2	45	37	0.98	1	1	7	2	2	3	+TATTT
II	3497015	A	*/+AT	14	2	12.5%	2	2	42	49	0.98	1	1	9	5	1	1	+AT
II	3509251	T	*/-A	10	5	33.33%	2	2	44	39	0.98	1	1	6	4	4	1	-A
II	3514786	C	*/-T	16	3	15%	2	1	40	37	0.98	1	1	4	12	0	3	-T
II	3540057	A	*/-T	18	6	25%	2	2	43	37	0.98	1	1	13	5	2	4	-T
II	3619003	A	+G/+G	0	23	100%	0	2	0	41	0.98	0	1	0	0	14	9	+G
II	3621704	A	*/-T	3	3	50%	2	2	53	49	0.98	1	1	1	2	2	1	-T
II	3751899	T	*/+A	17	5	22.73%	2	2	48	46	0.98	1	1	5	12	2	3	+A
II	3777548	C	*/-TT	13	2	11.76%	1	1	37	37	0.98	1	1	13	0	2	0	-TT
II	3799350	G	*/+A	2	4	57.14%	1	2	37	34	0.98	1	1	2	0	3	1	+A
II	3838101	C	-A/-A	0	8	88.89%	0	2	0	49	0.98	0	1	0	0	3	5	-A
II	3838912	T	*/-A	11	3	20%	2	1	43	40	0.98	1	1	7	4	0	3	-A
II	3856893	T	*/-C	21	2	8.7%	2	1	44	37	0.98	1	1	13	8	0	2	-C
II	3856896	A	*/-T	16	4	17.39%	2	2	40	61	0.98	1	1	9	7	1	3	-T
II	3856896	A	*/+T	16	2	8.7%	2	1	40	37	0.98	1	1	9	7	2	0	-T
II	3860185	C	*/-TAGTA	10	18	60%	2	2	40	36	0.98	1	1	1	9	13	5	-TAGTA
II	3861161	C	*/+T	9	2	18.18%	2	1	45	49	0.98	1	1	3	6	0	2	+T
II	3861514	C	*/-T	3	2	33.33%	2	1	37	31	0.98	1	1	1	2	0	2	-T
II	3904978	G	*/+T	24	2	7.69%	2	1	43	55	0.98	1	1	15	9	0	2	+T
II	3954039	C	*/-T	13	6	30%	2	2	48	46	0.98	1	1	9	4	3	3	-T
II	3975235	C	*/-A	9	2	11.11%	2	1	37	37	0.98	1	1	8	1	2	0	-A
II	3975235	C	*/+A	9	4	22.22%	2	2	37	32	0.98	1	1	8	1	2	2	+A
II	4006982	C	*/-A	7	6	37.5%	2	2	42	37	0.98	1	1	5	2	5	1	-A
II	4006982	C	*/+A	7	2	12.5%	2	1	42	37	0.98	1	1	5	2	2	0	-A
II	4031460	A	*/+T	4	7	53.85%	1	2	37	35	0.98	1	1	4	0	5	2	+T
II	4091063	C	+A/+A	0	15	100%	0	2	0	39	0.98	0	1	0	0	10	5	+A
II	4108976	C	*/-T	15	2	11.76%	2	1	45	55	0.98	1	1	5	10	0	2	-T
II	4254960	G	-A/-A	0	24	100%	0	2	0	45	0.98	0	1	0	0	10	14	-A
II	4308414	C	*/+A	5	10	55.56%	2	2	39	44	0.98	1	1	4	1	5	5	+A
II	4308414	C	*/+AA	5	2	11.11%	2	1	39	37	0.98	1	1	4	1	2	0	+A
II	4315564	C	*/+T	14	3	16.67%	2	2	43	37	0.98	1	1	6	8	2	1	+T
II	4419921	T	*/+A	5	4	44.44%	2	2	42	46	0.98	1	1	4	1	3	1	+A
II	4462508	C	*/-A	3	2	33.33%	2	2	37	61	0.98	1	1	2	1	1	1	-A
II	4505641	C	*/-A	18	3	14.29%	2	2	45	53	0.98	1	1	10	8	2	1	-A
II	4516522	A	*/+T	37	2	5.13%	2	1	45	31	0.98	1	1	23	14	0	2	+T
II	4517047	T	*/+TACTCATCTACTCATC	66	9	10.98%	2	2	45	45	0.98	1	1	34	32	6	3	+TACTCATCTACTCATC
II	4521677	T	*/-AA	8	4	28.57%	2	2	46	46	0.98	1	1	4	4	3	1	-AA
II	4525340	G	*/+T	36	14	26.92%	2	2	39	40	0.98	1	1	26	10	8	6	+T
II	4526174	A	*/-T	20	4	16.67%	2	2	47	46	0.98	1	1	13	7	1	3	-T
II	4526843	C	*/-T	12	3	15.79%	2	2	34	32	0.98	1	1	9	3	2	1	-T
II	4526843	C	*/-TT	12	2	10.53%	2	1	34	49	0.98	1	1	9	3	2	0	-T
II	4528465	C	*/+GACAAT	61	17	21.79%	2	2	46	43	0.98	1	1	29	32	11	6	+GACAAT
II	4528483	T	*/-GACAATGACAGA	74	4	5.13%	2	2	46	37	0.98	1	1	40	34	2	2	-GACAATGACAGA
II	4529375	T	*/+ACAACGACAACGACAACG	51	9	12.16%	2	2	44	41	0.98	1	1	33	18	1	8	+ACAACGACAACGACAACG
II	4529375	T	*/+ACAACGACAACGACAACGACAACG	51	13	17.57%	2	2	44	44	0.98	1	1	33	18	7	6	+ACAACGACAACGACAACGACAACG
II	4529923	A	*/+G	43	3	6.52%	2	2	43	37	0.98	1	1	15	28	2	1	+G
II	4533588	C	*/-T	49	28	36.36%	2	2	42	42	0.98	1	1	27	22	13	15	-T
II	4534880	A	*/-T	84	25	22.94%	2	2	46	42	0.98	1	1	47	37	10	15	-T
II	4535321	G	*/-GATAT	176	22	11.11%	2	2	42	40	0.98	1	1	92	84	14	8	-GATAT
II	4535523	T	*/+GTTACG	178	31	14.69%	2	2	43	42	0.98	1	1	58	120	12	19	+GTTACG
II	4535548	A	*/-TATGTG	191	28	12.73%	2	2	44	41	0.98	1	1	73	118	17	11	-TATGTG
II	4535645	G	*/-T	141	43	23.37%	2	2	54	48	0.98	1	1	74	67	23	20	-T
II	4535727	A	*/-G	119	17	12.5%	2	2	44	43	0.98	1	1	35	84	7	10	-G
II	4536728	A	*/+GAGAGTAGG	161	26	13.07%	2	2	47	41	0.98	1	1	81	80	11	15	+GAGAGTAGG
II	4537213	G	*/+T	91	126	58.06%	2	2	45	50	0.98	1	1	56	35	66	60	+T
II	4537387	A	*/-AATAAGAG	64	99	60.74%	2	2	43	43	0.98	1	1	33	31	65	34	-AATAAGAG
II	4537665	G	*/+AAATA	40	5	10.87%	2	1	46	42	0.98	1	1	26	14	5	0	+AAATA
II	4537712	T	*/-AAATAAAATTAATG	34	5	12.82%	2	2	41	37	0.98	1	1	18	16	3	2	-AAATAAAATTAATG
III	1558	G	*/-A	54	5	5.05%	2	2	40	39	0.98	1	1	24	30	2	3	-A
III	1558	G	*/+A	54	27	27.27%	2	2	40	41	0.98	1	1	24	30	12	15	+A
III	1558	G	*/+AA	54	5	5.05%	2	2	40	39	0.98	1	1	24	30	2	3	+A
III	4729	A	*/-T	415	120	20.1%	2	2	46	48	0.98	1	1	267	148	55	65	-T
III	4729	A	*/+T	415	43	7.2%	2	2	46	48	0.98	1	1	267	148	21	22	-T
III	4952	C	*/+T	357	36	9.05%	2	2	41	40	0.98	1	1	208	149	12	24	+T
III	5403	C	*/-T	442	136	20.36%	2	2	42	43	0.98	1	1	325	117	73	63	-T
III	5403	C	*/-TT	442	43	6.44%	2	2	42	41	0.98	1	1	325	117	20	23	-T
III	9812	T	*/+A	155	18	10.4%	2	1	45	40	0.98	1	1	57	98	0	18	+A
III	12428	G	*/-A	62	9	7.96%	2	2	43	42	0.98	1	1	26	36	4	5	-A
III	12428	G	*/+A	62	28	24.78%	2	2	43	40	0.98	1	1	26	36	16	12	+A
III	15599	A	*/-T	407	145	23.31%	2	2	46	47	0.98	1	1	269	138	74	71	-T
III	15599	A	*/+T	407	45	7.23%	2	2	46	47	0.98	1	1	269	138	21	24	-T
III	15822	C	*/+T	346	34	8.9%	2	2	39	44	0.98	1	1	193	153	8	26	+T
III	16273	C	*/-T	425	129	20.31%	2	2	43	44	0.98	1	1	308	117	68	61	-T
III	16273	C	*/-TT	425	41	6.46%	2	2	43	44	0.98	1	1	308	117	13	28	-T
III	20682	T	*/+A	119	12	9.09%	2	1	43	41	0.98	1	1	31	88	0	12	+A
III	23298	G	*/+A	57	33	32.35%	2	2	40	35	0.98	1	1	26	31	13	20	+A
III	29077	T	*/-C	21	2	8.7%	2	2	52	49	0.98	1	1	11	10	1	1	-C
III	69589	T	*/-A	7	3	30%	2	2	47	33	0.98	1	1	2	5	2	1	-A
III	175106	A	*/+ACG	27	2	6.9%	2	2	42	37	0.98	1	1	14	13	1	1	+ACG
III	207168	T	*/-AA	3	2	33.33%	1	2	49	49	0.98	1	1	3	0	1	1	-AA
III	208140	C	*/-A	9	3	23.08%	2	1	35	37	0.98	1	1	8	1	3	0	-A
III	211094	G	*/-TC	74	4	5.13%	2	2	48	37	0.98	1	1	43	31	3	1	-TC
III	234982	C	*/+A	23	2	7.69%	2	2	47	61	0.98	1	1	12	11	1	1	+A
III	237048	G	*/-A	12	2	13.33%	1	1	38	25	0.98	1	1	12	0	2	0	-A
III	284510	C	+A/+A	0	7	87.5%	0	2	0	47	0.98	0	1	0	0	3	4	+A
III	286478	C	-TT/-TT	1	7	87.5%	1	2	74	49	0.98	1	1	1	0	2	5	-TT
III	286594	T	*/-A	2	2	15.38%	2	1	37	37	0.98	1	1	1	1	2	0	-A
III	286594	T	*/+A	2	8	61.54%	2	2	37	50	0.98	1	1	1	1	3	5	+A
III	293096	G	*/-T	14	4	20%	2	2	37	37	0.98	1	1	12	2	3	1	-T
III	293096	G	*/+T	14	2	10%	2	2	37	42	0.98	1	1	12	2	1	1	-T
III	348685	G	*/-AT	28	2	6.67%	2	2	41	37	0.98	1	1	17	11	1	1	-AT
III	365747	C	-A/-A	1	16	94.12%	1	2	48	36	0.98	1	1	0	1	10	6	-A
III	717677	A	*/-T	4	5	45.45%	2	2	52	51	0.98	1	1	3	1	2	3	-T
III	719955	A	-C/-C	0	8	100%	0	2	0	41	0.98	0	1	0	0	4	4	-C
III	720683	A	+T/+T	1	12	85.71%	1	2	37	40	0.98	1	1	1	0	6	6	+T
III	762516	T	*/-A	13	3	18.75%	2	1	48	37	0.98	1	1	7	6	3	0	-A
III	822701	G	*/-T	17	2	10%	2	2	43	37	0.98	1	1	9	8	1	1	-T
III	827251	C	*/-T	5	3	27.27%	1	2	34	44	0.98	1	1	5	0	1	2	-T
III	827251	C	*/+T	5	2	18.18%	1	1	34	37	0.98	1	1	5	0	2	0	-T
III	867865	C	-T/-T	1	16	94.12%	1	2	25	45	0.98	1	1	1	0	6	10	-T
III	897300	A	*/-T	33	2	5.71%	2	2	42	55	0.98	1	1	23	10	1	1	-T
III	898665	T	*/-A	12	3	20%	2	2	51	33	0.98	1	1	4	8	1	2	-A
III	954028	G	*/-A	6	2	22.22%	2	2	41	55	0.98	1	1	4	2	1	1	-A
III	966124	G	*/-T	16	8	28.57%	1	1	36	37	0.98	1	1	16	0	8	0	-T
III	966124	G	*/-TT	16	4	14.29%	1	2	36	39	0.98	1	1	16	0	3	1	-T
III	970892	C	*/-T	11	2	15.38%	1	1	43	55	0.98	1	1	11	0	2	0	-T
III	996949	A	*/+T	12	3	20%	2	2	53	49	0.98	1	1	6	6	2	1	+T
III	1016311	G	+C/+C	1	31	96.88%	1	2	37	43	0.98	1	1	0	1	19	12	+C
III	1073505	T	*/+ATATAGAG	81	13	13.83%	2	2	47	44	0.98	1	1	49	32	9	4	+ATATAGAG
III	1079346	A	*/+G	78	7	8.24%	2	2	40	47	0.98	1	1	58	20	6	1	+G
III	1080146	T	*/+ATATAGAG	175	13	6.77%	2	2	42	42	0.98	1	1	59	116	9	4	+ATATAGAG
III	1084123	A	*/-G	16	3	15.79%	2	2	46	49	0.98	1	1	4	12	1	2	-G
III	1084192	T	*/-GTGGTAAGTGTAA	34	6	15%	2	2	44	41	0.98	1	1	10	24	1	5	-GTGGTAAGTGTAA
III	1087979	A	*/+G	67	5	6.94%	2	2	45	42	0.98	1	1	44	23	2	3	+G
III	1088517	C	*/-AACTACAACTATAACTAT	130	9	6.47%	2	2	44	37	0.98	1	1	86	44	7	2	-AACTACAACTATAACTAT
III	1092585	C	*/-A	20	2	9.09%	2	1	49	37	0.98	1	1	15	5	2	0	-A
III	1095550	G	*/-T	6	3	25%	2	2	46	56	0.98	1	1	3	3	2	1	-T
III	1095550	G	*/-TT	6	2	16.67%	2	2	46	37	0.98	1	1	3	3	1	1	-T
III	1103423	T	*/-A	11	8	34.78%	2	2	44	52	0.98	1	1	5	6	5	3	-A
III	1103423	T	*/-AA	11	3	13.04%	2	2	44	41	0.98	1	1	5	6	2	1	-A
III	1110392	G	*/-TAGTTATAGTTGTAGTTA	131	8	5.76%	2	2	41	35	0.98	1	1	36	95	2	6	-TAGTTATAGTTGTAGTTA
III	1110963	T	*/+C	60	9	13.04%	2	2	41	39	0.98	1	1	31	29	5	4	+C
III	1114731	C	*/-CACTTACCACTTA	37	5	11.9%	2	1	49	44	0.98	1	1	21	16	5	0	-CACTTACCACTTA
III	1117152	G	*/-TAGTTATAGTTGTAGTTA	23	3	11.11%	2	2	50	37	0.98	1	1	17	6	2	1	-TAGTTATAGTTGTAGTTA
III	1117723	T	*/+C	52	6	10.17%	2	2	44	35	0.98	1	1	18	34	2	4	+C
III	1124483	T	*/+C	55	8	12.7%	2	2	42	43	0.98	1	1	17	38	5	3	+C
III	1128251	C	*/-CACTTACCACTTA	43	3	6.52%	2	1	52	49	0.98	1	1	14	29	0	3	-CACTTACCACTTA
III	1130672	G	*/-TAGTTATAGTTGTAGTTA	24	3	11.11%	2	1	49	49	0.98	1	1	15	9	3	0	-TAGTTATAGTTGTAGTTA
III	1131243	T	*/+C	50	3	5.66%	2	2	39	37	0.98	1	1	19	31	1	2	+C
III	1164011	A	*/+AGC	17	2	10.53%	2	1	37	31	0.98	1	1	10	7	2	0	+AGC
III	1168360	T	*/-G	3	5	62.5%	1	2	37	34	0.98	1	1	3	0	2	3	-G
III	1239214	T	*/-A	10	2	15.38%	2	1	40	37	0.98	1	1	9	1	2	0	-A
III	1244495	G	*/-T	18	2	10%	2	2	48	37	0.98	1	1	9	9	1	1	-T
III	1301627	T	*/-TC	15	2	11.76%	2	1	47	42	0.98	1	1	9	6	2	0	-TC
III	1547169	C	*/-A	3	3	37.5%	2	2	59	37	0.98	1	1	2	1	2	1	-A
III	1547169	C	*/+A	3	2	25%	2	2	59	37	0.98	1	1	2	1	1	1	-A
III	1575951	G	*/+T	2	3	50%	1	1	37	33	0.98	1	1	2	0	0	3	+T
III	1594933	T	*/-A	9	8	40%	2	2	45	44	0.98	1	1	7	2	6	2	-A
III	1594933	T	*/+A	9	2	10%	2	1	45	55	0.98	1	1	7	2	2	0	-A
III	1685487	G	+A/+A	0	13	100%	0	2	0	43	0.98	0	1	0	0	6	7	+A
III	1707997	T	*/-A	24	2	7.69%	2	2	41	55	0.98	1	1	14	10	1	1	-A
III	1712983	G	*/-A	4	4	50%	2	1	49	39	0.98	1	1	2	2	4	0	-A
III	1756400	T	-A/-A	0	21	100%	0	2	0	38	0.98	0	1	0	0	8	13	-A
III	1774235	T	+GATC/+GATC	1	8	88.89%	1	2	37	41	0.98	1	1	1	0	3	5	+GATC
III	1857256	C	*/+A	19	3	13.64%	2	1	49	57	0.98	1	1	10	9	0	3	+A
III	1925626	C	*/-A	3	2	33.33%	2	2	30	55	0.98	1	1	2	1	1	1	-A
III	1979604	A	*/-T	11	2	14.29%	2	2	43	37	0.98	1	1	5	6	1	1	-T
III	2023016	T	*/+A	29	2	6.25%	2	2	46	37	0.98	1	1	15	14	1	1	+A
III	2067571	T	*/+A	5	2	28.57%	2	1	44	37	0.98	1	1	2	3	0	2	+A
III	2067838	T	*/-A	3	2	28.57%	1	2	37	42	0.98	1	1	3	0	1	1	-A
III	2067838	T	*/-AA	3	2	28.57%	1	1	37	37	0.98	1	1	3	0	2	0	-A
III	2076412	G	*/-T	9	4	28.57%	2	2	42	46	0.98	1	1	4	5	2	2	-T
III	2098230	T	*/+TGA	16	2	11.11%	2	1	45	61	0.98	1	1	7	9	2	0	+TGA
III	2113205	C	*/-T	6	2	25%	2	2	38	31	0.98	1	1	5	1	1	1	-T
III	2178240	T	*/-A	19	3	13.64%	2	2	43	33	0.98	1	1	13	6	2	1	-A
III	2183757	T	+A/+A	0	9	100%	0	2	0	45	0.98	0	1	0	0	4	5	+A
III	2270459	C	*/-A	9	2	18.18%	2	1	35	37	0.98	1	1	6	3	2	0	-A
III	2281940	C	*/-T	20	2	9.09%	2	1	41	31	0.98	1	1	15	5	2	0	-T
III	2300104	A	*/-T	6	2	25%	1	1	37	37	0.98	1	1	6	0	2	0	-T
III	2373166	G	*/-A	21	3	12.5%	2	2	43	36	0.98	1	1	14	7	1	2	-A
III	2443562	A	*/+T	6	17	73.91%	2	1	43	37	0.98	1	1	1	5	0	17	+T
III	2447848	T	*/-A	717	214	18.4%	2	2	43	42	0.98	1	1	538	179	159	55	-A
III	2447848	T	*/-AA	717	114	9.8%	2	2	43	43	0.98	1	1	538	179	75	39	-A
III	2447848	T	*/+A	717	74	6.36%	2	2	43	44	0.98	1	1	538	179	52	22	-A
III	2448309	T	-AA/-AA	27	378	91.97%	2	2	37	40	0.98	1	1	17	10	153	225	-AA
III	2448518	T	*/-A	599	199	21.61%	2	2	45	44	0.98	1	1	412	187	134	65	-A
III	2448518	T	*/+A	599	72	7.82%	2	2	45	43	0.98	1	1	412	187	50	22	-A
