Chrom	Position	Ref	Cons	Reads1	Reads2	VarFreq	Strands1	Strands2	Qual1	Qual2	Pvalue	MapQual1	MapQual2	Reads1Plus	Reads1Minus	Reads2Plus	Reads2Minus	VarAllele
chr_II_telomeric_gap	6088	A	*/+T	4	2	28.57%	2	1	46	37	0.98	1	1	2	2	2	0	+T
chr_II_telomeric_gap	6301	C	*/-AT	19	2	9.52%	2	1	46	55	0.98	1	1	9	10	0	2	-AT
chr_II_telomeric_gap	8538	G	*/-A	6	2	20%	1	1	39	37	0.98	1	1	6	0	2	0	-A
I	3160	A	*/+GTTGTCGTTGTC	65	10	11.76%	2	2	45	40	0.98	1	1	37	28	6	4	+GTTGTCGTTGTC
I	3160	A	*/+GTTGTCGTTGTCGTTGTCGTTGTC	65	7	8.24%	2	2	45	42	0.98	1	1	37	28	5	2	+GTTGTCGTTGTC
I	4053	C	*/+TGTCATTGTCAT	40	8	14.04%	2	2	45	46	0.98	1	1	18	22	3	5	+TGTCATTGTCAT
I	4053	C	*/+TGTCAT	40	8	14.04%	2	1	45	35	0.98	1	1	18	22	8	0	+TGTCATTGTCAT
I	5677	G	*/-A	23	16	25.4%	2	2	37	37	0.98	1	1	22	1	15	1	-A
I	5677	G	*/-AA	23	13	20.63%	2	2	37	39	0.98	1	1	22	1	12	1	-A
I	5677	G	*/+A	23	4	6.35%	2	1	37	37	0.98	1	1	22	1	4	0	-A
I	6357	T	*/-AA	70	20	20.83%	2	2	47	40	0.98	1	1	36	34	6	14	-AA
I	7192	C	*/-A	32	8	13.11%	2	2	43	38	0.98	1	1	23	9	4	4	-A
I	7192	C	*/+A	32	16	26.23%	2	2	43	39	0.98	1	1	23	9	11	5	+A
I	10859	G	*/-TT	5	11	61.11%	2	2	42	42	0.98	1	1	2	3	9	2	-TT
I	15734	C	*/-A	22	8	25%	2	2	44	52	0.98	1	1	11	11	3	5	-A
I	15734	C	*/+A	22	2	6.25%	2	1	44	37	0.98	1	1	11	11	2	0	-A
I	27402	A	*/-C	20	2	6.25%	2	1	40	55	0.98	1	1	4	16	0	2	-C
I	27402	A	*/+C	20	8	25%	2	2	40	35	0.98	1	1	4	16	1	7	+C
I	29373	T	*/+CTTGGGAATGATTATAGCAGC	32	2	5.26%	2	1	49	33	0.98	1	1	13	19	2	0	C
I	55244	T	*/-A	12	7	31.82%	2	1	38	38	0.98	1	1	11	1	7	0	-A
I	101871	A	+G/+G	0	38	95%	0	2	0	48	0.98	0	1	0	0	17	21	+G
I	190112	C	*/-A	5	2	13.33%	2	2	36	49	0.98	1	1	4	1	1	1	A
I	190112	C	*/+A	5	5	33.33%	2	2	36	51	0.98	1	1	4	1	4	1	+A
I	206448	C	*/+TT	1	2	40%	1	2	37	42	0.98	1	1	1	0	1	1	+TT
I	216147	C	*/-T	22	6	21.43%	2	1	46	37	0.98	1	1	10	12	0	6	-T
I	232688	T	*/-A	11	6	31.58%	2	2	38	55	0.98	1	1	3	8	2	4	-A
I	232688	T	*/+A	11	2	10.53%	2	2	38	37	0.98	1	1	3	8	1	1	-A
I	414079	C	*/-T	19	4	17.39%	2	2	43	58	0.98	1	1	12	7	2	2	-T
I	440084	T	+A/+A	2	7	77.78%	1	2	37	40	0.98	1	1	2	0	3	4	+A
I	441614	C	*/-T	9	8	40%	2	2	28	39	0.98	1	1	6	3	5	3	-T
I	441614	C	*/-TT	9	2	10%	2	1	28	37	0.98	1	1	6	3	2	0	-T
I	451016	T	*/+A	21	2	8.7%	2	1	42	37	0.98	1	1	11	10	0	2	+A
I	453369	G	*/+A	7	2	14.29%	1	1	36	37	0.98	1	1	7	0	2	0	+A
I	453369	G	*/+AA	7	2	14.29%	1	1	36	37	0.98	1	1	7	0	2	0	+A
I	456726	G	*/-T	12	5	27.78%	2	2	44	42	0.98	1	1	8	4	1	4	-T
I	464017	C	*/+A	15	2	11.11%	2	1	54	55	0.98	1	1	7	8	0	2	+A
I	470378	A	-C/-C	0	24	100%	0	2	0	41	0.98	0	1	0	0	13	11	-C
I	470390	A	-C/-C	0	27	100%	0	2	0	46	0.98	0	1	0	0	14	13	-C
I	482737	A	+G/+G	0	33	100%	0	2	0	47	0.98	0	1	0	0	19	14	+G
I	554527	A	+T/+T	1	13	86.67%	1	2	37	45	0.98	1	1	1	0	7	6	+T
I	562745	A	*/+T	7	7	41.18%	2	2	47	51	0.98	1	1	5	2	2	5	+T
I	562745	A	*/+TT	7	3	17.65%	2	2	47	49	0.98	1	1	5	2	1	2	+T
I	650099	C	*/+A	5	2	20%	2	1	39	37	0.98	1	1	3	2	2	0	+A
I	650099	C	*/+AA	5	2	20%	2	1	39	37	0.98	1	1	3	2	2	0	+A
I	653719	C	+T/+T	3	17	80.95%	2	2	49	42	0.98	1	1	2	1	9	8	+T
I	660056	T	*/+G	2	8	61.54%	1	1	31	29	0.98	1	1	2	0	8	0	+G
I	660056	T	*/+GGGG	2	2	15.38%	1	1	31	37	0.98	1	1	2	0	2	0	+G
I	661548	C	*/-T	7	2	22.22%	2	1	31	31	0.98	1	1	4	3	2	0	-T
I	670032	C	+A/+A	1	62	98.41%	1	2	37	51	0.98	1	1	1	0	20	42	+A
I	682993	T	-C/-C	4	40	90.91%	2	2	37	47	0.98	1	1	1	3	15	25	-C
I	749601	A	*/-T	17	2	10.53%	2	1	56	37	0.98	1	1	7	10	0	2	-T
I	807903	A	*/-T	17	3	14.29%	2	2	48	45	0.98	1	1	8	9	1	2	-T
I	840253	A	*/+T	28	2	6.67%	2	2	40	37	0.98	1	1	13	15	1	1	+T
I	862962	C	+T/+T	0	16	100%	0	2	0	51	0.98	0	1	0	0	7	9	+T
I	892049	A	*/+T	13	2	12.5%	2	2	48	37	0.98	1	1	8	5	1	1	+T
I	932995	G	*/-A	27	2	6.67%	2	1	56	37	0.98	1	1	19	8	0	2	-A
I	934607	T	*/+A	27	2	6.67%	2	1	43	37	0.98	1	1	21	6	2	0	+A
I	934908	T	*/+AA	11	5	26.32%	2	2	35	46	0.98	1	1	9	2	2	3	+AA
I	934908	T	*/+AAA	11	2	10.53%	2	1	35	62	0.98	1	1	9	2	0	2	+AA
I	960025	G	*/+T	8	9	52.94%	2	2	35	43	0.98	1	1	7	1	6	3	+T
I	994330	A	*/-T	30	2	6.25%	2	2	53	49	0.98	1	1	17	13	1	1	-T
I	995070	G	*/-T	6	2	22.22%	2	2	44	55	0.98	1	1	2	4	1	1	-T
I	1027635	T	*/+A	6	3	33.33%	1	1	35	37	0.98	1	1	6	0	3	0	+A
I	1048635	G	+A/+A	2	23	92%	1	2	51	45	0.98	1	1	2	0	11	12	+A
I	1052704	A	*/-T	24	2	7.41%	2	2	45	55	0.98	1	1	8	16	1	1	-T
I	1079583	T	*/+AAAAAAA	2	4	44.44%	1	2	31	37	0.98	1	1	2	0	1	3	+AAAAAAA
I	1079583	T	*/+AAAAAAAA	2	3	33.33%	1	1	31	49	0.98	1	1	2	0	3	0	+AAAAAAA
I	1083962	G	+TT/+TT	2	13	86.67%	1	2	55	52	0.98	1	1	2	0	4	9	+TT
I	1123942	C	*/-T	21	2	8.7%	2	2	49	49	0.98	1	1	11	10	1	1	-T
I	1148104	A	+T/+T	0	6	85.71%	0	2	0	43	0.98	0	1	0	0	1	5	+T
I	1152144	C	*/+T	20	3	13.04%	2	2	40	46	0.98	1	1	5	15	2	1	+T
I	1185797	G	*/-A	9	5	21.74%	2	2	46	46	0.98	1	1	6	3	3	2	-A
I	1185797	G	*/+A	9	4	17.39%	2	1	46	39	0.98	1	1	6	3	4	0	-A
I	1206603	G	*/-T	35	2	5%	2	2	47	55	0.98	1	1	21	14	1	1	-T
I	1206603	G	*/+T	35	2	5%	2	1	47	74	0.98	1	1	21	14	0	2	-T
I	1254655	T	*/-A	13	3	15.79%	2	2	41	53	0.98	1	1	10	3	1	2	-A
I	1254655	T	*/+A	13	2	10.53%	2	2	41	62	0.98	1	1	10	3	1	1	-A
I	1274803	T	+A/+A	1	29	93.55%	1	2	37	48	0.98	1	1	1	0	17	12	+A
I	1290605	A	*/-T	17	2	9.09%	2	1	42	37	0.98	1	1	12	5	2	0	-T
I	1290605	A	*/+T	17	3	13.64%	2	2	42	37	0.98	1	1	12	5	2	1	+T
I	1358794	C	*/-A	5	2	18.18%	2	1	46	42	0.98	1	1	4	1	2	0	-A
I	1358794	C	*/+A	5	4	36.36%	2	1	46	49	0.98	1	1	4	1	4	0	+A
I	1399667	T	*/-A	31	2	6.06%	2	2	48	37	0.98	1	1	21	10	1	1	-A
I	1424442	A	*/+T	21	2	8.7%	2	2	44	37	0.98	1	1	14	7	1	1	+T
I	1424708	C	-A/-A	1	19	95%	1	2	62	44	0.98	1	1	1	0	13	6	-A
I	1496317	C	*/-A	7	15	53.57%	2	2	38	44	0.98	1	1	3	4	9	6	-A
I	1496317	C	*/-AA	7	3	10.71%	2	1	38	44	0.98	1	1	3	4	0	3	-A
I	1496317	C	*/-AAA	7	2	7.14%	2	1	38	55	0.98	1	1	3	4	0	2	-A
I	1496632	A	*/-T	14	3	17.65%	2	1	43	61	0.98	1	1	4	10	0	3	-T
I	1507275	C	*/+A	13	4	22.22%	2	2	43	34	0.98	1	1	5	8	3	1	+A
I	1509277	C	+T/+T	1	12	85.71%	1	2	74	38	0.98	1	1	0	1	6	6	+T
I	1529295	A	-AGGAGG/-AGGAGG	0	27	100%	0	2	0	50	0.98	0	1	0	0	10	17	-AGGAGG
I	1541472	G	*/-T	8	3	23.08%	2	2	44	49	0.98	1	1	5	3	2	1	-T
I	1541472	G	*/+T	8	2	15.38%	2	2	44	31	0.98	1	1	5	3	1	1	-T
I	1595056	C	*/+TT	10	3	21.43%	2	2	39	34	0.98	1	1	6	4	1	2	+TT
I	1599291	T	*/-A	10	2	15.38%	2	1	39	55	0.98	1	1	5	5	0	2	-A
I	1625092	T	+C/+C	0	19	100%	0	2	0	48	0.98	0	1	0	0	11	8	+C
I	1702186	T	*/+AAA	12	3	20%	2	1	37	49	0.98	1	1	8	4	3	0	+AAA
I	1765306	C	*/+A	11	2	13.33%	1	1	38	37	0.98	1	1	11	0	2	0	A
I	1777634	A	*/-T	7	5	38.46%	2	2	45	51	0.98	1	1	4	3	3	2	-T
I	1837916	G	*/-T	10	3	15%	2	1	39	29	0.98	1	1	6	4	0	3	-T
I	1837916	G	*/-TT	10	3	15%	2	2	39	40	0.98	1	1	6	4	2	1	-T
I	1848384	C	*/-A	12	2	12.5%	2	1	48	37	0.98	1	1	8	4	2	0	-A
I	1849285	C	*/-T	33	11	22.45%	2	2	47	38	0.98	1	1	18	15	7	4	-T
I	1849285	C	*/+T	33	4	8.16%	2	2	47	52	0.98	1	1	18	15	1	3	-T
I	1874634	T	*/-A	29	2	6.45%	2	1	52	31	0.98	1	1	16	13	0	2	-A
I	1890184	C	*/-A	13	4	21.05%	2	2	38	43	0.98	1	1	8	5	2	2	-A
I	1936294	G	+A/+A	0	16	94.12%	0	2	0	40	0.98	0	1	0	0	3	13	+A
I	1952313	A	+T/+T	1	36	97.3%	1	2	37	50	0.98	1	1	1	0	22	14	+T
I	1954162	C	*/-A	5	5	38.46%	2	2	39	41	0.98	1	1	3	2	3	2	-A
I	1954162	C	*/+A	5	2	15.38%	2	1	39	42	0.98	1	1	3	2	2	0	-A
I	2025000	C	*/+T	7	9	50%	1	2	39	43	0.98	1	1	7	0	6	3	+T
I	2041948	T	*/-AA	16	3	13.64%	2	1	39	37	0.98	1	1	15	1	3	0	-AA
I	2052488	A	*/-T	20	4	13.79%	2	2	43	55	0.98	1	1	14	6	2	2	-T
I	2052488	A	*/-TT	20	3	10.34%	2	2	43	37	0.98	1	1	14	6	2	1	-T
I	2096013	T	*/-A	14	2	12.5%	2	2	39	55	0.98	1	1	8	6	1	1	-A
I	2154491	T	+A/+A	0	23	95.83%	0	2	0	47	0.98	0	1	0	0	11	12	+A
I	2172005	T	*/+G	13	2	13.33%	2	2	47	37	0.98	1	1	8	5	1	1	+G
I	2174555	C	*/-A	15	9	33.33%	2	2	46	42	0.98	1	1	8	7	4	5	-A
I	2174555	C	*/+A	15	2	7.41%	2	1	46	42	0.98	1	1	8	7	2	0	-A
I	2178948	C	*/-A	22	2	7.69%	2	2	40	49	0.98	1	1	19	3	1	1	-A
I	2178948	C	*/+A	22	2	7.69%	2	1	40	37	0.98	1	1	19	3	2	0	-A
I	2227934	C	*/+AAAA	6	2	25%	2	1	47	37	0.98	1	1	4	2	0	2	+AAAA
I	2227936	T	*/+AAAA	1	3	50%	1	1	22	38	0.98	1	1	1	0	3	0	+AAAA
I	2231735	C	*/-A	15	3	15%	2	2	50	41	0.98	1	1	8	7	2	1	-A
I	2245479	T	*/-C	33	2	5.26%	2	2	40	55	0.98	1	1	14	19	1	1	-C
I	2245479	T	*/+C	33	2	5.26%	2	1	40	31	0.98	1	1	14	19	0	2	-C
I	2248535	T	+A/+A	2	18	90%	1	2	37	46	0.98	1	1	2	0	8	10	+A
I	2273201	T	*/-A	6	2	22.22%	1	2	35	31	0.98	1	1	6	0	1	1	-A
I	2288240	C	-G/-G	0	30	100%	0	2	0	50	0.98	0	1	0	0	13	17	-G
I	2288318	C	*/-T	27	2	6.9%	2	1	48	55	0.98	1	1	12	15	2	0	-T
I	2311906	G	*/-T	21	2	8.7%	2	1	44	55	0.98	1	1	15	6	0	2	-T
I	2322441	G	*/-A	26	2	6.9%	2	2	54	68	0.98	1	1	14	12	1	1	-A
I	2322636	C	*/-A	17	9	25%	1	2	39	39	0.98	1	1	17	0	8	1	-A
I	2322636	C	*/-AA	17	5	13.89%	1	1	39	37	0.98	1	1	17	0	5	0	-A
I	2322636	C	*/+A	17	4	11.11%	1	1	39	34	0.98	1	1	17	0	4	0	-A
I	2327021	C	*/-A	15	3	15.79%	2	1	40	49	0.98	1	1	7	8	3	0	-A
I	2343703	G	+A/+A	1	18	94.74%	1	2	37	43	0.98	1	1	0	1	4	14	+A
I	2421576	A	-C/-C	0	21	100%	0	2	0	45	0.98	0	1	0	0	11	10	-C
I	2424539	G	*/+A	13	2	11.76%	2	2	42	42	0.98	1	1	9	4	1	1	+A
I	2472108	G	*/-T	30	3	9.09%	2	2	50	37	0.98	1	1	16	14	2	1	-T
I	2499149	A	-T/-T	7	34	82.93%	2	2	42	45	0.98	1	1	6	1	10	24	-T
I	2507462	T	+A/+A	0	21	100%	0	2	0	50	0.98	0	1	0	0	13	8	+A
I	2510060	T	+A/+A	1	12	92.31%	1	2	74	41	0.98	1	1	1	0	8	4	+A
I	2512849	A	*/-T	27	2	6.9%	2	1	47	31	0.98	1	1	20	7	2	0	-T
I	2520612	G	*/-T	35	4	10.26%	2	1	49	55	0.98	1	1	18	17	0	4	-T
I	2525713	C	*/-T	21	5	17.86%	2	2	42	44	0.98	1	1	15	6	3	2	-T
I	2525713	C	*/-TT	21	2	7.14%	2	1	42	74	0.98	1	1	15	6	0	2	-T
I	2588021	C	+A/+A	1	11	91.67%	1	2	37	42	0.98	1	1	0	1	5	6	+A
I	2588066	C	+A/+A	0	10	90.91%	0	2	0	46	0.98	0	1	0	0	3	7	+A
I	2594263	C	+T/+T	1	7	87.5%	1	2	37	52	0.98	1	1	1	0	4	3	+T
I	2594324	T	+A/+A	1	6	85.71%	1	2	74	49	0.98	1	1	1	0	4	2	+A
I	2594351	T	+A/+A	0	8	88.89%	0	2	0	46	0.98	0	1	0	0	6	2	+A
I	2594391	A	+T/+T	1	8	88.89%	1	2	37	40	0.98	1	1	0	1	6	2	+T
I	2605860	G	-T/-T	2	23	92%	1	2	37	44	0.98	1	1	0	2	7	16	-T
I	2607669	A	+T/+T	3	28	87.5%	2	2	49	45	0.98	1	1	1	2	19	9	+T
I	2641998	C	*/+T	7	3	30%	2	1	35	33	0.98	1	1	6	1	3	0	+T
I	2683902	T	-C/-C	0	18	100%	0	2	0	43	0.98	0	1	0	0	8	10	-C
I	2689254	A	*/-T	10	2	15.38%	2	1	49	55	0.98	1	1	8	2	2	0	-T
I	2719822	C	*/+T	27	2	6.9%	2	1	44	49	0.98	1	1	10	17	2	0	+T
I	2747027	T	*/-A	13	4	22.22%	2	2	36	43	0.98	1	1	8	5	2	2	-A
I	2751236	T	-A/-A	4	33	75%	2	2	49	45	0.98	1	1	2	2	10	23	-A
I	2751236	T	*/-AA	4	6	13.64%	2	2	49	41	0.98	1	1	2	2	2	4	-A
I	2759871	T	+C/+C	1	9	90%	1	2	25	49	0.98	1	1	1	0	5	4	+C
I	2812650	C	*/-T	21	2	8.33%	2	2	46	42	0.98	1	1	10	11	1	1	-T
I	2932642	C	*/+TTT	11	2	15.38%	2	2	56	37	0.98	1	1	4	7	1	1	+TTT
I	2959752	A	*/-T	4	2	33.33%	2	1	33	68	0.98	1	1	3	1	0	2	-T
I	2960791	T	*/-A	18	5	20.83%	2	2	39	49	0.98	1	1	10	8	4	1	-A
I	2973174	C	*/+A	17	2	10.53%	2	1	53	37	0.98	1	1	7	10	2	0	+A
I	3033347	C	*/-T	11	3	15.79%	2	1	39	37	0.98	1	1	9	2	3	0	-T
I	3033347	C	*/+TT	11	2	10.53%	2	1	39	31	0.98	1	1	9	2	2	0	-T
I	3125118	A	+T/+T	1	21	95.45%	1	2	37	45	0.98	1	1	0	1	12	9	+T
I	3144699	T	*/-A	7	2	18.18%	2	2	54	55	0.98	1	1	4	3	1	1	-A
I	3159187	C	*/-CA	54	4	6.56%	2	2	47	39	0.98	1	1	20	34	2	2	-CA
I	3159994	C	*/-T	60	12	16%	2	2	42	46	0.98	1	1	49	11	8	4	-T
I	3166776	G	*/+TT	8	2	7.69%	1	2	35	37	0.98	1	1	8	0	1	1	+TT
I	3166776	G	*/+TTT	8	10	38.46%	1	2	35	45	0.98	1	1	8	0	3	7	+TTT
I	3166776	G	*/+TTTT	8	3	11.54%	1	2	35	40	0.98	1	1	8	0	2	1	+TTT
I	3178494	C	+T/+T	1	21	91.3%	1	2	74	45	0.98	1	1	1	0	14	7	+T
I	3184255	T	*/-A	11	5	31.25%	2	2	45	49	0.98	1	1	4	7	2	3	-A
I	3197528	A	+G/+G	3	34	89.47%	2	2	61	46	0.98	1	1	2	1	18	16	+G
I	3300226	T	*/+A	35	2	5.41%	2	1	54	55	0.98	1	1	25	10	2	0	+A
I	3303111	C	*/-T	13	2	13.33%	2	2	45	43	0.98	1	1	10	3	1	1	-T
I	3303394	C	*/-AT	28	5	14.71%	2	2	48	51	0.98	1	1	9	19	4	1	-AT
I	3387972	T	*/+A	23	5	17.86%	2	2	42	44	0.98	1	1	14	9	4	1	+A
I	3394752	C	*/-T	33	2	5.71%	2	1	48	55	0.98	1	1	15	18	2	0	-T
I	3410124	A	*/-T	12	4	23.53%	2	1	43	46	0.98	1	1	3	9	0	4	-T
I	3413312	T	*/+A	21	2	8.7%	2	2	44	37	0.98	1	1	12	9	1	1	+A
I	3450130	G	-T/-T	1	19	95%	1	2	37	50	0.98	1	1	1	0	9	10	-T
I	3460318	T	+C/+C	0	11	100%	0	2	0	50	0.98	0	1	0	0	7	4	+C
I	3501055	G	*/+AGAAGGACA	9	9	50%	2	2	57	45	0.98	1	1	2	7	7	2	+AGAAGGACA
I	3538413	A	+T/+T	0	22	100%	0	2	0	45	0.98	0	1	0	0	6	16	+T
I	3538428	G	+T/+T	1	20	95.24%	1	2	37	42	0.98	1	1	0	1	4	16	+T
I	3538436	T	+A/+A	3	18	85.71%	1	2	37	44	0.98	1	1	0	3	4	14	+A
I	3538449	T	+TA/+TA	0	19	100%	0	2	0	42	0.98	0	1	0	0	4	15	+TA
I	3538456	A	+AT/+AT	0	19	100%	0	2	0	42	0.98	0	1	0	0	4	15	+AT
I	3548882	G	*/-A	7	2	22.22%	2	2	49	42	0.98	1	1	6	1	1	1	-A
I	3572806	T	*/-A	9	2	18.18%	2	2	44	68	0.98	1	1	6	3	1	1	-A
I	3575205	C	*/+A	9	2	18.18%	2	1	52	37	0.98	1	1	6	3	2	0	+A
I	3576627	C	*/-TT	4	2	33.33%	2	1	37	37	0.98	1	1	3	1	2	0	-TT
I	3576756	T	*/+TCTTCTC	1	5	45.45%	1	2	37	37	0.98	1	1	0	1	1	4	C
I	3576929	C	+T/+T	0	15	93.75%	0	2	0	41	0.98	0	1	0	0	6	9	+T
I	3580034	C	*/+T	2	6	50%	1	2	55	51	0.98	1	1	2	0	5	1	+T
I	3580034	C	*/+TT	2	2	16.67%	1	2	55	42	0.98	1	1	2	0	1	1	+T
I	3647976	T	*/-CTCCTGGTTCTGCCACCACCAAACCTA	23	2	8%	2	2	49	37	0.98	1	1	12	11	1	1	-CTCCTGGTTCTGCCACCACCAAACCTA
I	3659724	C	*/-T	23	8	21.62%	2	2	43	38	0.98	1	1	19	4	5	3	-T
I	3659724	C	*/-TT	23	2	5.41%	2	2	43	49	0.98	1	1	19	4	1	1	-T
I	3659724	C	*/+T	23	4	10.81%	2	1	43	37	0.98	1	1	19	4	4	0	+T
I	3665610	G	+C/+C	1	59	98.33%	1	2	37	47	0.98	1	1	1	0	32	27	+C
I	3700385	T	*/+A	3	2	10.53%	2	1	49	55	0.98	1	1	2	1	2	0	+A
I	3700385	T	*/+AA	3	12	63.16%	2	2	49	49	0.98	1	1	2	1	2	10	+AA
I	3700410	A	*/+T	18	2	10%	2	2	46	43	0.98	1	1	5	13	1	1	+T
I	3730369	A	+T/+T	1	17	94.44%	1	2	62	42	0.98	1	1	1	0	10	7	+T
I	3747341	A	*/+C	15	2	11.76%	2	2	46	55	0.98	1	1	6	9	1	1	+C
I	3756354	A	*/-AT	17	5	20%	2	2	56	44	0.98	1	1	6	11	1	4	-AT
I	3756354	A	*/-ATAT	17	3	12%	2	1	56	74	0.98	1	1	6	11	3	0	-AT
I	3765328	C	+T/+T	1	8	80%	1	2	37	35	0.98	1	1	1	0	6	2	+T
I	3765366	T	*/-A	6	4	36.36%	2	1	33	39	0.98	1	1	1	5	4	0	-A
I	3776933	G	+A/+A	4	15	78.95%	2	2	39	35	0.98	1	1	2	2	5	10	+A
I	3825510	G	*/-T	18	3	13.64%	2	1	45	37	0.98	1	1	11	7	3	0	-T
I	3855790	G	-T/-T	1	12	92.31%	1	2	25	39	0.98	1	1	1	0	5	7	-T
I	3878306	T	*/-A	14	4	21.05%	2	2	48	37	0.98	1	1	13	1	2	2	-A
I	3879437	C	*/-A	11	3	18.75%	2	1	44	33	0.98	1	1	6	5	0	3	-A
I	3879465	T	*/-A	17	4	19.05%	2	2	42	55	0.98	1	1	3	14	1	3	-A
I	3898271	C	*/+A	25	2	7.41%	2	1	48	61	0.98	1	1	16	9	0	2	+A
I	3940025	G	+T/+T	2	21	91.3%	1	2	37	52	0.98	1	1	2	0	8	13	+T
I	3984736	A	*/-GGT	136	11	7.48%	2	2	45	43	0.98	1	1	40	96	1	10	-GGT
I	3991338	T	*/+A	2	2	11.76%	2	2	37	55	0.98	1	1	1	1	1	1	+A
I	3991338	T	+AA/+AA	2	13	76.47%	2	2	37	46	0.98	1	1	1	1	6	7	+AA
I	3992212	A	*/-AC	19	2	9.52%	2	2	47	37	0.98	1	1	4	15	1	1	-AC
I	3992213	A	*/-C	17	3	15%	2	1	44	37	0.98	1	1	4	13	0	3	-C
I	3993810	T	*/-A	11	2	15.38%	2	1	48	37	0.98	1	1	6	5	2	0	-A
I	4004016	G	*/-T	12	6	33.33%	2	2	46	41	0.98	1	1	7	5	4	2	-T
I	4004204	T	*/+A	24	2	7.69%	2	1	47	74	0.98	1	1	13	11	2	0	+A
I	4010237	A	*/-G	14	3	15%	2	1	37	33	0.98	1	1	13	1	3	0	-G
I	4055052	T	+A/+A	4	21	84%	2	2	46	46	0.98	1	1	2	2	15	6	+A
I	4137001	T	*/-A	38	2	5%	2	1	45	55	0.98	1	1	30	8	2	0	-A
I	4153397	A	+T/+T	0	16	100%	0	2	0	42	0.98	0	1	0	0	8	8	+T
I	4153651	C	*/-T	11	2	13.33%	2	1	40	37	0.98	1	1	9	2	2	0	-T
I	4168589	A	*/+T	23	2	8%	2	2	41	55	0.98	1	1	12	11	1	1	+T
I	4179700	T	*/+A	7	2	22.22%	2	1	43	68	0.98	1	1	5	2	0	2	+A
I	4179701	C	*/+T	2	2	40%	1	2	22	27	0.98	1	1	2	0	1	1	+T
I	4241118	G	*/-A	15	11	39.29%	2	2	45	43	0.98	1	1	7	8	6	5	-A
I	4276890	G	+T/+T	3	17	85%	1	2	37	47	0.98	1	1	3	0	12	5	+T
I	4294954	T	*/+G	44	4	8.33%	2	2	43	37	0.98	1	1	10	34	1	3	+G
I	4304169	G	+A/+A	0	10	100%	0	2	0	45	0.98	0	1	0	0	6	4	+A
I	4374342	A	-G/-G	0	32	100%	0	2	0	49	0.98	0	1	0	0	22	10	-G
I	4407494	T	+G/+G	0	35	97.22%	0	2	0	45	0.98	0	1	0	0	19	16	+G
I	4410191	C	-G/-G	1	21	95.45%	1	2	37	45	0.98	1	1	1	0	17	4	-G
I	4414201	C	*/-T	3	5	55.56%	2	2	36	32	0.98	1	1	1	2	2	3	-T
I	4414723	T	*/+AAAAA	5	2	22.22%	1	2	37	42	0.98	1	1	5	0	1	1	+AAAAA
I	4431856	G	+A/+A	2	33	94.29%	2	2	37	47	0.98	1	1	1	1	15	18	+A
I	4431868	C	+A/+A	4	29	87.88%	2	2	61	45	0.98	1	1	3	1	10	19	+A
I	4435662	T	*/+A	17	2	10.53%	2	2	43	37	0.98	1	1	15	2	1	1	+A
I	4442621	A	*/-AT	32	12	27.27%	2	2	45	49	0.98	1	1	17	15	7	5	-AT
I	4455149	G	+A/+A	1	12	92.31%	1	2	25	36	0.98	1	1	0	1	7	5	+A
I	4497502	G	*/+T	19	2	9.52%	2	1	46	31	0.98	1	1	10	9	0	2	+T
I	4507370	C	*/-A	17	2	10.53%	2	1	44	55	0.98	1	1	6	11	0	2	-A
I	4514478	T	*/-A	6	2	16.67%	1	1	37	55	0.98	1	1	6	0	0	2	-A
I	4514478	T	*/-AA	6	2	16.67%	1	1	37	55	0.98	1	1	6	0	2	0	-A
I	4514478	T	*/-AAA	6	2	16.67%	1	1	37	37	0.98	1	1	6	0	2	0	-A
I	4516235	A	*/+T	21	2	8.7%	2	2	38	37	0.98	1	1	7	14	1	1	+T
I	4541877	T	*/-C	25	2	7.41%	2	2	47	37	0.98	1	1	11	14	1	1	-C
I	4564540	C	+G/+G	0	14	100%	0	2	0	44	0.98	0	1	0	0	8	6	+G
I	4566138	C	*/+T	20	2	9.09%	2	2	43	55	0.98	1	1	10	10	1	1	+T
I	4648159	T	*/-G	7	24	61.54%	2	2	36	44	0.98	1	1	3	4	14	10	-G
I	4648159	T	*/-GG	7	8	20.51%	2	2	36	40	0.98	1	1	3	4	7	1	-G
I	4721875	G	+A/+A	2	7	77.78%	1	2	37	47	0.98	1	1	2	0	4	3	+A
I	4760698	T	*/-A	20	3	13.04%	2	2	42	49	0.98	1	1	15	5	2	1	-A
I	4764253	G	*/+A	9	14	51.85%	2	2	49	44	0.98	1	1	7	2	8	6	+A
I	4764253	G	*/+AA	9	2	7.41%	2	1	49	37	0.98	1	1	7	2	2	0	+A
I	4781861	G	*/-T	9	2	16.67%	2	2	48	42	0.98	1	1	7	2	1	1	-T
I	4911431	G	*/+TT	9	2	15.38%	2	2	36	55	0.98	1	1	8	1	1	1	+TT
I	4916623	C	*/-A	10	5	27.78%	2	2	41	34	0.98	1	1	5	5	2	3	-A
I	4916623	C	*/+A	10	2	11.11%	2	2	41	31	0.98	1	1	5	5	1	1	-A
I	4926046	C	*/+T	3	6	60%	2	1	38	37	0.98	1	1	2	1	6	0	+T
I	4984784	A	*/-T	7	6	37.5%	1	1	43	41	0.98	1	1	7	0	6	0	-T
I	4984784	A	*/-TT	7	2	12.5%	1	2	43	55	0.98	1	1	7	0	1	1	-T
I	5002717	C	*/-A	9	3	21.43%	2	2	38	33	0.98	1	1	7	2	2	1	-A
I	5002717	C	*/+A	9	2	14.29%	2	2	38	37	0.98	1	1	7	2	1	1	-A
I	5045335	G	*/-T	22	2	8.33%	2	1	46	37	0.98	1	1	10	12	0	2	-T
I	5060109	A	*/-T	17	5	20.83%	2	2	50	42	0.98	1	1	8	9	3	2	-T
I	5060109	A	*/+T	17	2	8.33%	2	2	50	37	0.98	1	1	8	9	1	1	-T
I	5073566	T	*/-A	14	2	12.5%	2	2	48	55	0.98	1	1	6	8	1	1	-A
I	5078848	G	*/+A	17	3	14.29%	2	2	43	32	0.98	1	1	8	9	1	2	+A
I	5096442	G	*/-T	9	3	23.08%	2	2	35	40	0.98	1	1	8	1	1	2	-T
I	5123329	G	*/-A	3	2	22.22%	1	1	30	37	0.98	1	1	3	0	2	0	-A
I	5123329	G	*/+A	3	2	22.22%	1	1	30	55	0.98	1	1	3	0	2	0	-A
I	5142627	A	+G/+G	1	16	88.89%	1	2	37	43	0.98	1	1	1	0	7	9	+G
I	5148414	T	-A/-A	1	35	97.22%	1	2	74	50	0.98	1	1	1	0	17	18	-A
I	5159554	C	*/+T	30	4	11.76%	2	1	43	49	0.98	1	1	16	14	0	4	+T
I	5173087	C	+T/+T	4	20	83.33%	1	2	36	41	0.98	1	1	4	0	7	13	+T
I	5173430	G	*/+T	6	21	72.41%	2	2	36	48	0.98	1	1	5	1	13	8	+T
I	5173430	G	*/+TT	6	2	6.9%	2	2	36	74	0.98	1	1	5	1	1	1	+T
I	5176926	T	+A/+A	1	11	84.62%	1	2	25	40	0.98	1	1	0	1	5	6	+A
I	5177760	A	*/-T	15	2	9.09%	2	2	40	55	0.98	1	1	11	4	1	1	-T
I	5177760	A	*/-TT	15	2	9.09%	2	1	40	42	0.98	1	1	11	4	0	2	-T
I	5177760	A	*/+T	15	2	9.09%	2	1	40	49	0.98	1	1	11	4	0	2	-T
I	5181376	A	*/-T	9	4	26.67%	2	2	49	46	0.98	1	1	6	3	2	2	-T
I	5200876	C	*/+A	30	2	6.06%	2	1	44	49	0.98	1	1	12	18	0	2	+A
I	5266596	A	*/-T	37	6	13.64%	2	2	39	37	0.98	1	1	22	15	5	1	-T
I	5271023	C	*/-T	17	3	15%	2	2	50	33	0.98	1	1	6	11	2	1	-T
I	5321235	G	*/+A	36	2	5.26%	2	2	49	37	0.98	1	1	17	19	1	1	+A
I	5322103	A	*/-T	10	2	15.38%	2	1	39	37	0.98	1	1	4	6	0	2	-T
I	5363995	C	*/-A	29	4	12.12%	2	1	48	61	0.98	1	1	11	18	4	0	-A
I	5368262	T	-C/-C	4	50	92.59%	2	2	46	48	0.98	1	1	2	2	16	34	-C
I	5368273	G	+T/+T	0	47	95.92%	0	2	0	51	0.98	0	1	0	0	14	33	+T
I	5385377	T	*/-A	35	2	5.41%	2	1	43	37	0.98	1	1	29	6	2	0	-A
I	5426622	C	*/+T	4	2	6.67%	1	1	33	55	0.98	1	1	4	0	2	0	+T
I	5426622	C	+TT/+TT	4	24	80%	1	2	33	47	0.98	1	1	4	0	17	7	+TT
I	5547223	T	*/-A	13	6	30%	2	2	41	53	0.98	1	1	10	3	5	1	-A
I	5559365	C	*/-T	5	2	28.57%	2	1	42	37	0.98	1	1	4	1	2	0	-T
I	5567937	C	*/-A	13	8	34.78%	2	1	38	37	0.98	1	1	10	3	8	0	-A
I	5567937	C	*/-AA	13	2	8.7%	2	2	38	49	0.98	1	1	10	3	1	1	-A
I	5570823	C	*/-A	4	2	28.57%	1	1	37	37	0.98	1	1	4	0	2	0	-A
I	5572022	A	*/-T	39	6	13.33%	2	1	47	35	0.98	1	1	12	27	0	6	-T
I	5576850	T	*/-AA	4	15	71.43%	1	2	46	39	0.98	1	1	0	4	7	8	-AA
II	5109	A	*/+C	55	4	6.67%	2	2	44	64	0.98	1	1	9	46	1	3	+C
II	5299	G	*/-T	18	3	14.29%	2	2	41	45	0.98	1	1	8	10	2	1	-T
II	15830	T	*/-A	10	2	16.67%	2	2	35	74	0.98	1	1	5	5	1	1	-A
II	31617	A	*/-T	6	2	25%	2	2	37	37	0.98	1	1	5	1	1	1	-T
II	46913	T	*/-A	13	2	11.76%	2	1	39	37	0.98	1	1	8	5	2	0	-A
II	113240	T	*/-A	9	2	16.67%	2	2	46	31	0.98	1	1	6	3	1	1	-A
II	128001	T	-A/-A	1	26	96.3%	1	2	37	47	0.98	1	1	0	1	13	13	-A
II	131638	A	*/-T	17	2	10.53%	2	1	37	37	0.98	1	1	8	9	0	2	-T
II	146079	T	-C/-C	4	24	85.71%	2	2	52	45	0.98	1	1	1	3	7	17	-C
II	201022	A	*/-T	13	2	11.76%	2	2	44	37	0.98	1	1	6	7	1	1	-T
II	201022	A	*/+T	13	2	11.76%	2	2	44	37	0.98	1	1	6	7	1	1	-T
II	226847	C	*/+A	28	2	6.67%	2	2	47	55	0.98	1	1	8	20	1	1	+A
II	229897	A	*/-T	20	6	18.75%	2	2	45	33	0.98	1	1	13	7	4	2	-T
II	229897	A	*/-TT	20	4	12.5%	2	2	45	39	0.98	1	1	13	7	3	1	-T
II	257643	C	*/-T	25	2	7.41%	2	2	40	42	0.98	1	1	15	10	1	1	-T
II	310243	G	*/+T	15	2	11.76%	2	1	46	49	0.98	1	1	9	6	2	0	+T
II	331894	C	*/+T	4	7	63.64%	2	2	36	35	0.98	1	1	2	2	6	1	+T
II	349658	C	-GGCATT/-GGCATT	4	38	90.48%	1	2	46	42	0.98	1	1	0	4	14	24	-GGCATT
II	376034	C	*/-T	30	2	6.25%	2	1	49	55	0.98	1	1	13	17	0	2	-T
II	383156	C	*/-T	32	2	5.71%	2	2	48	37	0.98	1	1	19	13	1	1	-T
II	410085	C	*/-T	13	7	30.43%	2	2	41	47	0.98	1	1	10	3	5	2	-T
II	410085	C	*/-TTT	13	2	8.7%	2	1	41	25	0.98	1	1	10	3	0	2	-T
II	484534	A	*/+T	5	9	60%	2	2	42	46	0.98	1	1	4	1	2	7	+T
II	516071	T	*/+A	18	4	16.67%	2	1	50	37	0.98	1	1	10	8	4	0	+A
II	521731	G	*/-T	33	4	10.53%	2	1	50	55	0.98	1	1	23	10	0	4	-T
II	522590	A	*/-ATATT	3	6	66.67%	1	2	37	41	0.98	1	1	0	3	5	1	-ATATT
II	522800	G	*/-A	24	3	11.11%	2	1	47	49	0.98	1	1	18	6	3	0	-A
II	526939	T	*/+AC	44	9	16.98%	2	2	55	49	0.98	1	1	13	31	4	5	+AC
II	526941	T	*/-TTAG	44	9	16.98%	2	2	54	54	0.98	1	1	13	31	4	5	-TTAG
II	561064	T	*/-A	13	2	13.33%	2	1	44	37	0.98	1	1	3	10	2	0	-A
II	577081	G	*/-GA	35	2	5.41%	2	1	46	55	0.98	1	1	24	11	0	2	-GA
II	603279	A	-T/-T	0	10	100%	0	2	0	43	0.98	0	1	0	0	2	8	-T
II	603305	A	-C/-C	0	15	100%	0	2	0	42	0.98	0	1	0	0	5	10	-C
II	645098	C	*/+A	5	2	25%	2	2	39	37	0.98	1	1	4	1	1	1	+A
II	673086	G	*/-A	6	3	27.27%	1	1	38	37	0.98	1	1	6	0	3	0	-A
II	677175	G	*/-TA	31	2	5.71%	2	2	44	37	0.98	1	1	12	19	1	1	-TA
II	677175	G	*/+TA	31	2	5.71%	2	1	44	31	0.98	1	1	12	19	0	2	-TA
II	700009	T	-A/-A	2	11	84.62%	2	2	55	43	0.98	1	1	1	1	5	6	-A
II	716295	G	*/-T	12	6	31.58%	2	2	40	38	0.98	1	1	6	6	4	2	-T
II	753854	A	*/-T	9	5	33.33%	2	2	34	34	0.98	1	1	8	1	3	2	-T
II	756993	C	*/-T	20	6	20%	2	2	47	39	0.98	1	1	13	7	3	3	-T
II	756993	C	*/+T	20	4	13.33%	2	2	47	45	0.98	1	1	13	7	2	2	-T
II	775752	A	*/-GC	31	2	6.06%	2	1	42	37	0.98	1	1	18	13	2	0	-GC
II	784801	G	*/+T	18	2	10%	2	2	51	37	0.98	1	1	12	6	1	1	+T
II	818998	C	*/+A	20	2	9.09%	2	1	48	55	0.98	1	1	11	9	0	2	+A
II	819795	T	+C/+C	2	17	80.95%	2	2	31	41	0.98	1	1	1	1	13	4	+C
II	837445	T	*/-C	3	2	40%	1	1	37	31	0.98	1	1	3	0	0	2	-C
II	840074	A	*/+T	6	2	25%	1	2	41	55	0.98	1	1	6	0	1	1	+T
II	840399	G	*/-A	11	2	14.29%	2	1	44	37	0.98	1	1	8	3	2	0	-A
II	847489	A	*/-GT	7	2	22.22%	2	1	49	37	0.98	1	1	4	3	2	0	-GT
II	888599	A	-C/-C	0	11	100%	0	2	0	47	0.98	0	1	0	0	3	8	-C
II	889921	C	*/-T	16	4	18.18%	2	2	42	36	0.98	1	1	12	4	2	2	-T
II	889921	C	*/+T	16	2	9.09%	2	1	42	37	0.98	1	1	12	4	2	0	-T
II	890578	C	*/+T	20	2	8.7%	2	1	35	37	0.98	1	1	16	4	2	0	+T
II	903106	G	+T/+T	2	27	93.1%	2	2	74	48	0.98	1	1	1	1	7	20	+T
II	965517	C	*/-T	12	2	11.11%	2	1	38	42	0.98	1	1	8	4	2	0	-T
II	965517	C	*/+T	12	3	16.67%	2	2	38	49	0.98	1	1	8	4	1	2	+T
II	997671	G	*/-CAACAACAA	8	4	28.57%	2	2	37	46	0.98	1	1	3	5	2	2	-CAACAACAA
II	997691	A	*/+ACGAAGACGATG	15	2	11.76%	2	1	40	37	0.98	1	1	7	8	0	2	+ACGAAGACGATG
II	1019510	T	*/-A	1	11	57.89%	1	2	37	44	0.98	1	1	1	0	8	3	-A
II	1019510	T	*/-AA	1	5	26.32%	1	2	37	44	0.98	1	1	1	0	1	4	-A
II	1019510	T	*/-AAA	1	2	10.53%	1	1	37	49	0.98	1	1	1	0	2	0	-A
II	1059118	T	*/-A	16	5	22.73%	2	2	42	42	0.98	1	1	8	8	1	4	-A
II	1079843	T	*/+A	1	12	70.59%	1	2	37	41	0.98	1	1	0	1	5	7	+A
II	1079843	T	*/+AA	1	3	17.65%	1	2	37	57	0.98	1	1	0	1	1	2	+A
II	1104941	G	*/-T	12	2	11.11%	2	1	36	37	0.98	1	1	11	1	2	0	-T
II	1122580	C	*/-T	37	6	13.95%	2	2	44	45	0.98	1	1	23	14	3	3	-T
II	1141304	C	*/-A	31	2	5.88%	2	1	44	42	0.98	1	1	13	18	0	2	-A
II	1156029	A	*/-AT	24	2	7.41%	2	1	46	31	0.98	1	1	9	15	2	0	-AT
II	1163154	A	-T/-T	3	17	85%	1	2	33	48	0.98	1	1	0	3	8	9	-T
II	1171363	T	*/-A	21	3	12.5%	2	1	43	37	0.98	1	1	15	6	3	0	-A
II	1187785	G	*/-T	21	2	8%	2	2	41	68	0.98	1	1	9	12	1	1	-T
II	1187785	G	*/+T	21	2	8%	2	1	41	37	0.98	1	1	9	12	0	2	-T
II	1243365	G	*/-T	11	2	13.33%	2	1	48	55	0.98	1	1	6	5	2	0	-T
II	1243365	G	*/+T	11	2	13.33%	2	1	48	55	0.98	1	1	6	5	0	2	-T
II	1264791	C	*/-T	6	3	33.33%	2	2	46	53	0.98	1	1	3	3	1	2	-T
II	1266289	T	*/+A	4	4	50%	2	2	46	46	0.98	1	1	2	2	3	1	+A
II	1277481	G	*/+TT	6	3	27.27%	1	2	35	40	0.98	1	1	6	0	2	1	+TT
II	1308618	G	-T/-T	4	32	88.89%	1	2	46	50	0.98	1	1	4	0	22	10	-T
II	1312254	C	*/-T	3	2	33.33%	1	1	33	31	0.98	1	1	3	0	2	0	-T
II	1349040	A	*/-T	19	2	9.52%	2	2	43	68	0.98	1	1	12	7	1	1	-T
II	1365999	G	*/-T	21	6	20.69%	2	2	48	59	0.98	1	1	12	9	1	5	-T
II	1389008	T	+A/+A	2	18	90%	2	2	49	47	0.98	1	1	1	1	10	8	+A
II	1389139	C	*/-T	4	3	18.75%	2	2	34	33	0.98	1	1	3	1	2	1	-T
II	1389139	C	*/-TT	4	2	12.5%	2	1	34	37	0.98	1	1	3	1	2	0	-T
II	1389139	C	*/+T	4	5	31.25%	2	2	34	51	0.98	1	1	3	1	4	1	+T
II	1389139	C	*/+TT	4	2	12.5%	2	2	34	49	0.98	1	1	3	1	1	1	+T
II	1466104	C	*/-T	17	2	10.53%	2	1	47	55	0.98	1	1	9	8	0	2	-T
II	1491761	T	*/-A	28	2	6.45%	2	2	48	37	0.98	1	1	12	16	1	1	-A
II	1520665	T	+A/+A	3	18	81.82%	2	2	37	48	0.98	1	1	1	2	9	9	+A
II	1531449	G	*/-T	12	4	25%	2	2	45	37	0.98	1	1	6	6	1	3	-T
II	1545027	C	*/-A	6	2	22.22%	2	1	43	31	0.98	1	1	4	2	0	2	-A
II	1555919	A	*/+TTTATT	4	4	50%	2	1	46	46	0.98	1	1	2	2	0	4	+TTTATT
II	1571445	G	*/-TA	34	2	5.13%	2	1	39	49	0.98	1	1	8	26	2	0	-TA
II	1612985	A	*/+ATAATG	25	2	7.14%	2	1	46	37	0.98	1	1	12	13	2	0	+ATAATG
II	1613132	A	*/-AT	27	3	10%	2	2	45	61	0.98	1	1	6	21	2	1	-AT
II	1618920	C	*/+T	10	2	16.67%	2	2	40	37	0.98	1	1	3	7	1	1	+T
II	1627981	C	*/-T	14	5	25%	2	2	44	42	0.98	1	1	10	4	4	1	-T
II	1634843	T	*/+ATTATC	24	3	10.71%	2	2	50	37	0.98	1	1	13	11	1	2	+ATTATC
II	1678205	T	-A/-A	1	7	87.5%	1	2	37	37	0.98	1	1	1	0	4	3	-A
II	1679417	T	*/+A	29	2	6.45%	2	1	49	37	0.98	1	1	13	16	2	0	+A
II	1709150	G	*/-T	17	5	21.74%	2	2	51	44	0.98	1	1	10	7	4	1	-T
II	1716256	G	*/+T	18	4	17.39%	2	1	36	39	0.98	1	1	13	5	4	0	+T
II	1716287	T	*/-G	24	6	20%	2	2	40	37	0.98	1	1	9	15	1	5	-G
II	1748645	T	*/-G	15	2	11.76%	2	1	39	62	0.98	1	1	6	9	0	2	-G
II	1748646	G	*/-AA	13	2	12.5%	2	1	31	61	0.98	1	1	12	1	0	2	-AA
II	1755439	C	*/-T	25	2	7.14%	2	1	47	37	0.98	1	1	11	14	0	2	-T
II	1763419	T	*/-A	18	5	20%	2	2	38	37	0.98	1	1	12	6	2	3	-A
II	1763419	T	*/+A	18	2	8%	2	1	38	37	0.98	1	1	12	6	2	0	-A
II	1818108	C	*/-T	16	4	19.05%	2	2	51	43	0.98	1	1	9	7	1	3	-T
II	1861420	T	-G/-G	1	33	97.06%	1	2	74	56	0.98	1	1	0	1	20	13	-G
II	1867795	A	+T/+T	0	11	100%	0	2	0	38	0.98	0	1	0	0	6	5	+T
II	1868122	G	*/-T	7	3	16.67%	2	2	37	45	0.98	1	1	6	1	2	1	-T
II	1868122	G	*/+T	7	7	38.89%	2	2	37	35	0.98	1	1	6	1	6	1	+T
II	1873779	T	+A/+A	1	10	90.91%	1	2	37	46	0.98	1	1	0	1	4	6	+A
II	1877294	A	+T/+T	1	11	91.67%	1	2	25	41	0.98	1	1	1	0	7	4	+T
II	1941966	A	+T/+T	0	37	100%	0	2	0	50	0.98	0	1	0	0	22	15	+T
II	1941982	A	+T/+T	0	33	100%	0	2	0	52	0.98	0	1	0	0	21	12	+T
II	1948953	G	-A/-A	3	21	87.5%	2	2	45	38	0.98	1	1	1	2	12	9	-A
II	1950050	A	+G/+G	0	30	100%	0	2	0	46	0.98	0	1	0	0	12	18	+G
II	1953298	C	*/-CT	30	2	6.25%	2	2	45	37	0.98	1	1	14	16	1	1	-CT
II	1953407	T	*/+C	4	12	70.59%	1	1	52	38	0.98	1	1	0	4	0	12	+C
II	1955495	T	+A/+A	1	15	93.75%	1	2	37	48	0.98	1	1	1	0	8	7	+A
II	1960392	A	+G/+G	1	13	92.86%	1	2	74	45	0.98	1	1	1	0	2	11	+G
II	1987101	C	-G/-G	0	31	100%	0	2	0	46	0.98	0	1	0	0	17	14	-G
II	1987117	T	-G/-G	1	30	96.77%	1	2	37	46	0.98	1	1	0	1	13	17	-G
II	2023193	G	*/+T	5	2	22.22%	1	1	37	37	0.98	1	1	5	0	2	0	+T
II	2049891	A	-T/-T	0	31	100%	0	2	0	46	0.98	0	1	0	0	12	19	-T
II	2053516	G	+C/+C	1	28	96.55%	1	2	74	46	0.98	1	1	1	0	10	18	+C
II	2108180	T	+A/+A	1	25	96.15%	1	2	37	42	0.98	1	1	0	1	17	8	+A
II	2115422	T	*/+A	34	3	8.11%	2	2	42	61	0.98	1	1	16	18	2	1	+A
II	2141004	A	*/+T	17	2	10.53%	2	2	51	37	0.98	1	1	12	5	1	1	+T
II	2147726	G	+T/+T	3	19	86.36%	2	2	61	40	0.98	1	1	1	2	15	4	+T
II	2187407	G	+A/+A	0	18	100%	0	2	0	46	0.98	0	1	0	0	7	11	+A
II	2194745	T	*/+A	35	2	5.41%	2	1	46	55	0.98	1	1	20	15	0	2	+A
II	2198945	G	*/+CACACACACACACACA	18	3	13.64%	2	2	39	37	0.98	1	1	6	12	2	1	+CACACACACACACACA
II	2203175	T	*/-A	18	2	9.09%	2	2	47	37	0.98	1	1	9	9	1	1	-A
II	2219928	A	+T/+T	3	20	86.96%	2	2	41	47	0.98	1	1	1	2	13	7	+T
II	2293297	G	-A/-A	0	18	100%	0	2	0	43	0.98	0	1	0	0	11	7	-A
II	2338528	G	*/+A	16	2	11.11%	2	1	39	37	0.98	1	1	13	3	2	0	+A
II	2443873	T	*/+A	5	4	25%	1	2	37	49	0.98	1	1	5	0	2	2	A
II	2443873	T	*/+AA	5	2	12.5%	1	1	37	37	0.98	1	1	5	0	2	0	A
II	2480912	A	*/-T	23	2	8%	2	2	49	55	0.98	1	1	12	11	1	1	-T
II	2552673	G	*/-T	8	2	20%	2	1	52	42	0.98	1	1	4	4	2	0	-T
II	2591913	T	*/-A	17	5	20%	2	2	47	34	0.98	1	1	12	5	4	1	-A
II	2592423	T	+A/+A	2	20	90.91%	2	2	37	44	0.98	1	1	1	1	16	4	+A
II	2630607	C	*/+A	3	14	73.68%	1	2	57	40	0.98	1	1	3	0	4	10	+A
II	2640785	T	*/+A	10	24	66.67%	2	2	48	40	0.98	1	1	5	5	15	9	+A
II	2671614	G	*/-A	21	2	8.7%	2	1	40	43	0.98	1	1	13	8	0	2	-A
II	2709414	G	+C/+C	2	18	85.71%	1	2	37	43	0.98	1	1	0	2	9	9	+C
II	2720152	T	*/-A	31	4	10.81%	2	2	44	37	0.98	1	1	16	15	1	3	-A
II	2720152	T	*/+A	31	2	5.41%	2	1	44	31	0.98	1	1	16	15	2	0	-A
II	2755338	C	*/-AT	6	17	62.96%	2	2	43	50	0.98	1	1	1	5	8	9	-AT
II	2755338	C	*/-ATAT	6	4	14.81%	2	2	43	37	0.98	1	1	1	5	2	2	-AT
II	2768051	A	+T/+T	2	20	86.96%	1	2	37	47	0.98	1	1	2	0	7	13	+T
II	2788933	C	+G/+G	0	21	95.45%	0	2	0	43	0.98	0	1	0	0	12	9	+G
II	2798040	C	-T/-T	1	20	95.24%	1	2	74	49	0.98	1	1	0	1	14	6	-T
II	2798514	A	-G/-G	3	24	88.89%	2	2	49	47	0.98	1	1	2	1	8	16	-G
II	2811495	C	-A/-A	0	24	100%	0	2	0	49	0.98	0	1	0	0	10	14	-A
II	2826100	G	*/-A	12	4	22.22%	2	1	44	43	0.98	1	1	6	6	4	0	-A
II	2894538	T	*/-A	12	2	11.11%	2	1	39	37	0.98	1	1	6	6	2	0	-A
II	2894538	T	*/+A	12	3	16.67%	2	2	39	61	0.98	1	1	6	6	2	1	+A
II	2896754	G	*/-A	14	2	12.5%	2	1	44	37	0.98	1	1	8	6	2	0	-A
II	2900889	A	*/-T	10	5	29.41%	1	1	39	37	0.98	1	1	10	0	5	0	-T
II	2938956	C	+T/+T	0	13	86.67%	0	2	0	43	0.98	0	1	0	0	6	7	+T
II	2938956	C	*/+TT	0	2	13.33%	0	1	0	42	0.98	0	1	0	0	0	2	+T
II	2966290	C	+T/+T	2	22	91.67%	1	2	31	38	0.98	1	1	0	2	9	13	+T
II	2988149	G	*/-T	15	5	22.73%	2	2	37	42	0.98	1	1	8	7	3	2	-T
II	2988149	G	*/-TT	15	2	9.09%	2	1	37	55	0.98	1	1	8	7	2	0	-T
II	3010975	G	*/-T	39	3	7.14%	2	2	49	49	0.98	1	1	15	24	1	2	-T
II	3040332	C	+G/+G	1	42	97.67%	1	2	37	49	0.98	1	1	0	1	24	18	+G
II	3058544	T	*/+G	2	7	70%	2	1	37	35	0.98	1	1	1	1	7	0	+G
II	3154052	G	*/-T	14	5	22.73%	2	2	44	59	0.98	1	1	8	6	3	2	-T
II	3171788	G	*/-A	8	2	10.53%	2	1	41	37	0.98	1	1	7	1	2	0	-A
II	3171788	G	*/+A	8	5	26.32%	2	2	41	39	0.98	1	1	7	1	4	1	+A
II	3171788	G	*/+AA	8	3	15.79%	2	1	41	40	0.98	1	1	7	1	3	0	+A
II	3200729	G	*/-A	24	2	7.69%	2	1	38	61	0.98	1	1	11	13	0	2	-A
II	3329982	G	*/-T	7	2	18.18%	2	1	47	49	0.98	1	1	6	1	2	0	-T
II	3337420	T	+A/+A	1	16	94.12%	1	2	74	42	0.98	1	1	1	0	5	11	+A
II	3410437	G	*/-T	5	8	53.33%	2	2	32	41	0.98	1	1	3	2	2	6	-T
II	3410437	G	*/+T	5	2	13.33%	2	1	32	42	0.98	1	1	3	2	2	0	-T
II	3509251	T	*/-A	13	9	37.5%	2	2	47	46	0.98	1	1	7	6	5	4	-A
II	3540057	A	*/-T	20	5	19.23%	2	1	41	34	0.98	1	1	14	6	5	0	-T
II	3543651	C	*/-A	13	2	12.5%	2	2	48	37	0.98	1	1	9	4	1	1	-A
II	3573211	G	*/+T	29	2	6.45%	2	1	52	61	0.98	1	1	10	19	2	0	+T
II	3607420	C	*/+T	7	2	22.22%	2	2	37	31	0.98	1	1	3	4	1	1	+T
II	3619003	A	+G/+G	3	33	91.67%	2	2	49	45	0.98	1	1	1	2	15	18	+G
II	3621704	A	*/-T	16	4	19.05%	2	2	51	46	0.98	1	1	10	6	3	1	-T
II	3728684	C	*/+T	29	2	6.45%	2	1	44	55	0.98	1	1	12	17	2	0	+T
II	3799350	G	*/+A	1	7	70%	1	2	37	38	0.98	1	1	1	0	6	1	+A
II	3804883	A	*/+T	18	4	18.18%	2	2	44	34	0.98	1	1	10	8	1	3	+T
II	3815025	C	*/+T	10	5	29.41%	2	1	42	34	0.98	1	1	7	3	5	0	+T
II	3838101	C	-A/-A	2	10	83.33%	1	2	55	43	0.98	1	1	2	0	3	7	-A
II	3838912	T	*/-A	20	7	25%	2	2	45	47	0.98	1	1	10	10	3	4	-A
II	3856896	A	*/-T	13	7	28%	2	2	36	47	0.98	1	1	8	5	3	4	-T
II	3856896	A	*/+T	13	2	8%	2	2	36	49	0.98	1	1	8	5	1	1	-T
II	3860185	C	*/-TAGTA	28	19	38.78%	2	2	42	38	0.98	1	1	7	21	10	9	-TAGTA
II	3869342	A	*/-AT	32	4	11.11%	2	2	50	64	0.98	1	1	12	20	2	2	-AT
II	3954039	C	*/-T	25	11	28.95%	2	2	37	44	0.98	1	1	18	7	6	5	-T
II	3975235	C	*/-A	18	4	13.79%	2	2	39	37	0.98	1	1	13	5	3	1	-A
II	3975235	C	*/-AA	18	4	13.79%	2	2	39	40	0.98	1	1	13	5	1	3	-A
II	3983331	G	*/-TA	50	3	5.66%	2	2	51	49	0.98	1	1	13	37	1	2	-TA
II	4006982	C	*/-A	14	4	20%	2	2	39	55	0.98	1	1	12	2	2	2	-A
II	4031460	A	*/+TT	6	2	16.67%	1	2	41	49	0.98	1	1	6	0	1	1	+TT
II	4031460	A	*/+TTT	6	3	25%	1	2	41	33	0.98	1	1	6	0	2	1	+TTT
II	4099977	T	*/-A	18	3	14.29%	2	2	49	37	0.98	1	1	10	8	1	2	-A
II	4104178	G	*/-A	35	2	5.41%	2	2	45	37	0.98	1	1	10	25	1	1	-A
II	4108814	G	*/-TA	68	4	5.56%	2	2	45	52	0.98	1	1	28	40	1	3	-TA
II	4221959	T	*/-A	15	2	10.53%	2	1	46	55	0.98	1	1	6	9	2	0	-A
II	4221959	T	*/+A	15	2	10.53%	2	1	46	37	0.98	1	1	6	9	2	0	-A
II	4254960	G	-A/-A	1	30	96.77%	1	2	37	51	0.98	1	1	1	0	13	17	-A
II	4259130	C	*/-TA	26	2	7.14%	2	1	48	37	0.98	1	1	8	18	0	2	-TA
II	4290954	G	*/-A	27	2	6.9%	2	1	47	55	0.98	1	1	15	12	0	2	-A
II	4308414	C	*/+A	5	17	68%	2	2	39	46	0.98	1	1	3	2	10	7	+A
II	4315564	C	*/-T	27	2	6.9%	2	2	46	37	0.98	1	1	16	11	1	1	-T
II	4343817	T	*/-A	17	4	19.05%	2	2	53	46	0.98	1	1	11	6	2	2	-A
II	4346064	G	*/-A	21	2	8.7%	2	1	49	37	0.98	1	1	12	9	2	0	-A
II	4419921	T	*/+A	8	4	30.77%	2	2	40	37	0.98	1	1	5	3	2	2	+A
II	4455991	A	*/+T	30	2	6.25%	2	1	40	55	0.98	1	1	11	19	0	2	+T
II	4475221	G	*/-T	19	2	9.52%	2	1	42	37	0.98	1	1	10	9	2	0	-T
II	4505641	C	*/-A	27	4	12.5%	2	1	39	46	0.98	1	1	9	18	0	4	-A
II	4515621	C	*/+A	8	2	16.67%	1	1	41	37	0.98	1	1	8	0	2	0	+A
II	4517047	T	*/+TACTCATC	81	23	20.91%	2	2	45	38	0.98	1	1	40	41	16	7	+TACTCATC
II	4521677	T	*/-AA	7	14	63.64%	2	2	37	39	0.98	1	1	5	2	8	6	-AA
II	4525340	G	*/-T	53	4	5.8%	2	2	40	43	0.98	1	1	40	13	2	2	-T
II	4525340	G	*/+T	53	8	11.59%	2	2	40	44	0.98	1	1	40	13	4	4	+T
II	4525340	G	*/+TT	53	4	5.8%	2	1	40	52	0.98	1	1	40	13	0	4	+T
II	4526174	A	*/-T	36	8	18.18%	2	2	47	54	0.98	1	1	27	9	5	3	-T
II	4526230	A	*/+G	35	2	5.41%	2	1	48	37	0.98	1	1	26	9	0	2	+G
II	4526843	C	*/-TT	13	2	10.53%	2	1	37	37	0.98	1	1	12	1	0	2	-TT
II	4526843	C	*/-TTT	13	2	10.53%	2	1	37	37	0.98	1	1	12	1	2	0	-TT
II	4528465	C	*/+GACAATGACAAT	48	8	11.94%	2	2	47	60	0.98	1	1	24	24	2	6	+GACAATGACAAT
II	4528465	C	*/+GACAAT	48	11	16.42%	2	2	47	50	0.98	1	1	24	24	4	7	+GACAAT
II	4529375	T	*/+ACAACGACAACG	69	6	6.74%	2	2	43	43	0.98	1	1	32	37	4	2	+ACAACGACAACG
II	4529375	T	*/+ACAACGACAACGACAACGACAACG	69	8	8.99%	2	2	43	46	0.98	1	1	32	37	2	6	+ACAACGACAACGACAACGACAACG
II	4533588	C	*/-T	79	26	24.76%	2	2	43	38	0.98	1	1	47	32	14	12	-T
II	4534880	A	*/-T	124	38	23.46%	2	2	47	40	0.98	1	1	62	62	14	24	-T
III	1558	G	*/-AA	3	3	42.86%	2	2	37	61	0.98	1	1	1	2	2	1	-AA
III	4729	A	*/-T	574	206	23.54%	2	2	46	50	0.98	1	1	373	201	91	115	-T
III	4729	A	*/+T	574	59	6.74%	2	2	46	48	0.98	1	1	373	201	27	32	-T
III	4952	C	*/+T	426	133	23.58%	2	2	42	46	0.98	1	1	266	160	36	97	+T
III	5403	C	*/-T	504	137	19.11%	2	2	42	40	0.98	1	1	349	155	67	70	-T
III	5403	C	*/-TT	504	37	5.16%	2	2	42	45	0.98	1	1	349	155	20	17	-T
III	9812	T	*/+A	45	70	56.45%	2	1	45	41	0.98	1	1	41	4	0	70	+A
III	10094	A	*/-T	14	8	36.36%	2	1	52	37	0.98	1	1	4	10	0	8	-T
III	10287	G	*/+A	11	3	21.43%	2	1	38	37	0.98	1	1	10	1	0	3	+A
III	12428	G	*/-AA	6	5	41.67%	2	2	35	56	0.98	1	1	1	5	1	4	-AA
III	15599	A	*/-T	532	190	23.49%	2	2	47	48	0.98	1	1	346	186	82	108	-T
III	15599	A	*/+T	532	51	6.3%	2	2	47	49	0.98	1	1	346	186	19	32	-T
III	15822	C	*/+T	409	129	23.54%	2	2	42	49	0.98	1	1	262	147	35	94	+T
III	16273	C	*/-T	488	164	21.93%	2	2	42	44	0.98	1	1	329	159	85	79	-T
III	16273	C	*/-TT	488	49	6.55%	2	2	42	42	0.98	1	1	329	159	19	30	-T
III	20682	T	*/+A	37	47	52.81%	2	2	47	46	0.98	1	1	29	8	1	46	+A
III	20964	A	*/-T	8	8	50%	2	1	43	37	0.98	1	1	3	5	0	8	-T
III	21157	G	*/+A	8	6	42.86%	2	1	41	37	0.98	1	1	7	1	0	6	+A
III	23298	G	*/-AA	7	3	30%	2	1	40	49	0.98	1	1	3	4	0	3	-AA
III	59772	C	*/-A	29	2	6.45%	2	1	47	55	0.98	1	1	17	12	0	2	-A
III	66814	T	*/-A	17	2	10.53%	2	1	46	55	0.98	1	1	8	9	2	0	-A
III	95124	C	*/+A	26	2	7.14%	2	2	45	37	0.98	1	1	10	16	1	1	+A
III	123319	T	*/-A	9	7	36.84%	2	2	46	38	0.98	1	1	5	4	2	5	-A
III	123319	T	*/-AA	9	2	10.53%	2	2	46	42	0.98	1	1	5	4	1	1	-A
III	162944	C	*/+T	24	2	7.69%	2	1	48	37	0.98	1	1	15	9	2	0	+T
III	207168	T	*/-A	4	3	20%	2	2	49	53	0.98	1	1	1	3	1	2	-A
III	207168	T	*/+A	4	7	46.67%	2	2	49	52	0.98	1	1	1	3	4	3	+A
III	208140	C	*/+A	10	5	29.41%	2	2	43	37	0.98	1	1	9	1	4	1	+A
III	211803	C	*/-T	27	3	10%	2	1	39	49	0.98	1	1	18	9	3	0	-T
III	231502	G	*/-A	16	2	11.11%	2	2	44	37	0.98	1	1	7	9	1	1	-A
III	231915	G	-T/-T	1	9	90%	1	2	37	46	0.98	1	1	1	0	3	6	-T
III	235811	G	*/-A	24	2	7.69%	2	1	43	55	0.98	1	1	11	13	0	2	-A
III	237048	G	*/-A	9	2	15.38%	2	2	40	55	0.98	1	1	7	2	1	1	-A
III	237048	G	*/+A	9	2	15.38%	2	2	40	55	0.98	1	1	7	2	1	1	-A
III	253907	A	*/-T	2	2	28.57%	2	2	37	31	0.98	1	1	1	1	1	1	-T
III	253907	A	*/+T	2	2	28.57%	2	2	37	43	0.98	1	1	1	1	1	1	-T
III	286478	C	-TT/-TT	1	11	84.62%	1	2	62	50	0.98	1	1	1	0	6	5	-TT
III	286594	T	*/+A	0	3	20%	0	1	0	41	0.98	0	1	0	0	0	3	+A
III	286594	T	*/+AA	0	9	60%	0	2	0	36	0.98	0	1	0	0	6	3	+AA
III	286594	T	*/+AAA	0	2	13.33%	0	1	0	37	0.98	0	1	0	0	2	0	+AA
III	293096	G	*/-T	14	2	11.11%	2	2	46	55	0.98	1	1	6	8	1	1	-T
III	293096	G	*/+T	14	2	11.11%	2	2	46	31	0.98	1	1	6	8	1	1	-T
III	365747	C	-A/-A	1	17	89.47%	1	2	37	46	0.98	1	1	1	0	11	6	-A
III	467904	C	*/+A	3	10	71.43%	2	2	45	49	0.98	1	1	2	1	7	3	+A
III	568658	C	*/-T	11	3	17.65%	2	2	31	37	0.98	1	1	7	4	2	1	-T
III	568658	C	*/+T	11	3	17.65%	2	2	31	33	0.98	1	1	7	4	2	1	-T
III	717677	A	*/-T	3	8	47.06%	2	2	33	47	0.98	1	1	2	1	4	4	-T
III	717677	A	*/-TT	3	6	35.29%	2	2	33	51	0.98	1	1	2	1	4	2	-T
III	719703	T	*/-A	13	3	17.65%	2	2	36	41	0.98	1	1	11	2	2	1	-A
III	719955	A	-C/-C	0	20	100%	0	2	0	46	0.98	0	1	0	0	10	10	-C
III	719973	C	-G/-G	0	6	100%	0	2	0	37	0.98	0	1	0	0	1	5	-G
III	720559	C	*/-T	7	2	22.22%	2	1	44	37	0.98	1	1	4	3	2	0	-T
III	720683	A	+T/+T	1	11	91.67%	1	2	74	42	0.98	1	1	1	0	7	4	+T
III	811829	A	+T/+T	2	14	87.5%	2	2	55	46	0.98	1	1	1	1	9	5	+T
III	822701	G	*/+T	20	2	8%	2	2	43	49	0.98	1	1	9	11	1	1	+T
III	822844	G	*/-A	25	2	7.41%	2	2	45	37	0.98	1	1	17	8	1	1	-A
III	867865	C	-T/-T	0	12	100%	0	2	0	42	0.98	0	1	0	0	5	7	-T
III	897531	C	*/+A	9	12	50%	2	2	43	47	0.98	1	1	7	2	9	3	+A
III	897531	C	*/+AA	9	2	8.33%	2	1	43	55	0.98	1	1	7	2	2	0	+A
III	954028	G	*/-A	17	3	13.64%	2	2	47	45	0.98	1	1	9	8	2	1	-A
III	954028	G	*/+A	17	2	9.09%	2	2	47	37	0.98	1	1	9	8	1	1	-A
III	958240	T	*/-C	26	2	7.14%	2	1	44	31	0.98	1	1	18	8	0	2	-C
III	958241	C	*/-T	17	2	10%	2	1	37	55	0.98	1	1	14	3	2	0	-T
III	966124	G	*/-T	16	5	19.23%	2	1	38	37	0.98	1	1	14	2	5	0	-T
III	966124	G	*/-TT	16	2	7.69%	2	1	38	37	0.98	1	1	14	2	2	0	-T
III	966124	G	*/+T	16	3	11.54%	2	1	38	40	0.98	1	1	14	2	3	0	+T
III	970548	C	*/-T	7	2	18.18%	2	1	40	37	0.98	1	1	2	5	2	0	-T
III	970892	C	*/+T	6	3	27.27%	2	2	31	34	0.98	1	1	4	2	1	2	+T
III	1016311	G	+C/+C	0	38	100%	0	2	0	43	0.98	0	1	0	0	17	21	+C
III	1047060	C	*/-T	30	2	6.25%	2	1	40	31	0.98	1	1	15	15	2	0	-T
III	1073505	T	*/+ATATAGAG	123	13	9.42%	2	2	50	50	0.98	1	1	87	36	11	2	+ATATAGAG
III	1079346	A	*/+G	108	7	6.09%	2	1	41	47	0.98	1	1	80	28	7	0	+G
III	1080146	T	*/+ATATAGAG	243	25	9.26%	2	2	45	42	0.98	1	1	84	159	12	13	+ATATAGAG
III	1084168	A	*/-GTGGTGGTG	35	3	7.89%	2	1	50	49	0.98	1	1	13	22	0	3	-GTGGTGGTG
III	1084192	T	*/-GTGGTAAGTGTAA	45	3	6.25%	2	1	51	49	0.98	1	1	17	28	0	3	-GTGGTAAGTGTAA
III	1087979	A	*/+G	71	5	6.58%	2	2	45	51	0.98	1	1	39	32	1	4	+G
III	1090594	A	*/-AT	17	2	10.53%	2	1	47	55	0.98	1	1	1	16	2	0	-AT
III	1094042	C	*/-A	28	2	6.67%	2	1	40	37	0.98	1	1	14	14	2	0	-A
III	1095550	G	*/-T	6	17	44.74%	1	2	37	47	0.98	1	1	6	0	12	5	-T
III	1095550	G	*/-TT	6	10	26.32%	1	2	37	35	0.98	1	1	6	0	6	4	-T
III	1095550	G	*/-TTT	6	4	10.53%	1	1	37	37	0.98	1	1	6	0	4	0	-T
III	1103423	T	*/-A	5	8	40%	1	2	39	49	0.98	1	1	5	0	3	5	-A
III	1103423	T	*/-AA	5	6	30%	1	2	39	41	0.98	1	1	5	0	2	4	-A
III	1106763	C	*/-A	22	2	8.33%	2	1	48	37	0.98	1	1	12	10	2	0	-A
III	1110132	C	*/+TCTCTATA	83	6	6.74%	2	1	50	47	0.98	1	1	43	40	6	0	+TCTCTATA
III	1110963	T	*/+C	92	6	6.12%	2	2	45	43	0.98	1	1	33	59	4	2	+C
III	1114914	T	*/+ACCACTAACCATC	59	6	9.09%	2	2	45	37	0.98	1	1	38	21	3	3	+ACCACTAACCATC
III	1117723	T	*/+C	77	6	7.23%	2	1	47	51	0.98	1	1	44	33	6	0	+C
III	1128281	T	*/-ACCACCACC	58	4	6.45%	2	2	53	46	0.98	1	1	32	26	2	2	-ACCACCACC
III	1128355	A	*/-C	29	2	6.45%	2	1	46	37	0.98	1	1	17	12	0	2	-C
III	1128370	T	*/+AC	31	2	6.06%	2	1	46	37	0.98	1	1	17	14	2	0	+AC
III	1128434	T	*/+ACCACTAACCATC	52	5	8.77%	2	2	46	44	0.98	1	1	32	20	3	2	+ACCACTAACCATC
III	1131243	T	*/+C	81	5	5.81%	2	2	44	51	0.98	1	1	35	46	4	1	+C
III	1135194	T	*/+ACCACTAACCATC	51	8	13.56%	2	2	46	37	0.98	1	1	31	20	7	1	+ACCACTAACCATC
III	1168360	T	*/-G	7	4	36.36%	2	2	38	49	0.98	1	1	6	1	3	1	-G
III	1244495	G	*/-T	31	2	6.06%	2	2	39	37	0.98	1	1	22	9	1	1	-T
III	1252502	A	*/+TT	13	2	11.76%	2	1	36	31	0.98	1	1	10	3	0	2	+TT
III	1252505	G	*/+TT	11	2	9.09%	1	1	35	37	0.98	1	1	11	0	2	0	+TT
III	1301627	T	*/-TC	16	2	11.11%	2	1	41	37	0.98	1	1	9	7	2	0	-TC
III	1302327	T	*/+A	15	2	11.76%	2	2	41	55	0.98	1	1	10	5	1	1	+A
III	1308513	T	*/+A	4	11	73.33%	2	2	55	42	0.98	1	1	3	1	4	7	+A
III	1395671	C	*/-A	22	3	12%	2	2	50	49	0.98	1	1	13	9	1	2	-A
III	1413118	G	*/+T	21	3	12.5%	2	2	45	37	0.98	1	1	12	9	1	2	+T
III	1421567	T	*/+GG	3	3	27.27%	2	1	49	37	0.98	1	1	1	2	3	0	+GG
III	1421567	T	*/+GGG	3	2	18.18%	2	1	49	31	0.98	1	1	1	2	2	0	+GG
III	1421567	T	*/+GGGG	3	3	27.27%	2	1	49	37	0.98	1	1	1	2	3	0	+GGGG
III	1434637	G	*/+A	19	3	13.64%	2	2	43	37	0.98	1	1	8	11	1	2	+A
III	1471894	T	*/-G	14	2	12.5%	2	1	49	55	0.98	1	1	8	6	2	0	-G
III	1544711	C	*/-A	4	11	73.33%	2	2	37	40	0.98	1	1	1	3	5	6	-A
III	1575951	G	*/-T	7	2	18.18%	2	1	35	37	0.98	1	1	5	2	0	2	-T
III	1594933	T	*/-A	11	11	45.83%	2	2	41	39	0.98	1	1	6	5	6	5	-A
III	1674618	C	*/-T	15	4	17.39%	2	2	42	49	0.98	1	1	11	4	3	1	-T
III	1674618	C	*/+T	15	3	13.04%	2	2	42	30	0.98	1	1	11	4	2	1	-T
III	1685487	G	+A/+A	2	11	84.62%	2	2	31	47	0.98	1	1	1	1	7	4	+A
III	1702276	A	*/-T	33	7	17.5%	2	2	47	51	0.98	1	1	18	15	4	3	-T
III	1712983	G	*/-A	13	7	35%	2	2	40	40	0.98	1	1	9	4	4	3	-A
III	1718894	T	+A/+A	2	6	75%	1	2	37	37	0.98	1	1	0	2	4	2	+A
III	1744661	A	+T/+T	4	20	83.33%	2	2	46	43	0.98	1	1	3	1	11	9	+T
III	1756400	T	-A/-A	0	29	100%	0	2	0	46	0.98	0	1	0	0	14	15	-A
III	1765612	C	*/+T	33	2	5.71%	2	2	47	37	0.98	1	1	15	18	1	1	+T
III	1774235	T	+GATC/+GATC	2	22	91.67%	2	2	55	42	0.98	1	1	1	1	13	9	+GATC
III	1802522	G	*/+T	15	2	11.11%	2	2	50	37	0.98	1	1	11	4	1	1	+T
III	1821911	C	*/-A	2	4	66.67%	1	2	49	46	0.98	1	1	2	0	3	1	-A
III	1925626	C	*/-AA	8	2	18.18%	2	1	38	49	0.98	1	1	4	4	2	0	-AA
III	1928744	G	*/+T	17	2	10.53%	2	2	54	61	0.98	1	1	5	12	1	1	+T
III	1929127	A	-G/-G	1	3	75%	1	1	25	29	0.98	1	1	1	0	3	0	-G
III	1979604	A	*/-T	10	4	26.67%	2	2	44	55	0.98	1	1	5	5	3	1	-T
III	1985119	G	-T/-T	0	10	83.33%	0	2	0	39	0.98	0	1	0	0	5	5	-T
III	1985119	G	*/-TT	0	2	16.67%	0	1	0	55	0.98	0	1	0	0	2	0	-T
III	2067838	T	*/-A	9	4	28.57%	1	2	33	42	0.98	1	1	9	0	1	3	-A
III	2071559	C	*/-T	9	2	18.18%	2	2	35	49	0.98	1	1	4	5	1	1	-T
III	2074510	C	*/-T	6	3	33.33%	2	2	37	33	0.98	1	1	4	2	1	2	-T
III	2076412	G	*/-T	11	7	31.82%	2	2	47	44	0.98	1	1	8	3	3	4	-T
III	2076412	G	*/-TT	11	3	13.64%	2	1	47	37	0.98	1	1	8	3	3	0	-T
III	2076980	A	*/-T	10	2	15.38%	2	2	42	37	0.98	1	1	8	2	1	1	-T
III	2113205	C	*/-T	5	7	53.85%	2	2	51	37	0.98	1	1	3	2	6	1	-T
III	2149308	C	*/+AT	12	2	12.5%	2	1	43	36	0.98	1	1	2	10	2	0	+AT
III	2178240	T	*/-A	21	2	8.33%	2	1	41	37	0.98	1	1	16	5	2	0	-A
III	2179745	A	*/+T	49	4	7.55%	2	2	45	37	0.98	1	1	13	36	1	3	+T
III	2257353	C	*/+A	21	3	12.5%	2	2	47	61	0.98	1	1	16	5	2	1	+A
III	2270459	C	*/-A	16	3	15%	2	1	41	37	0.98	1	1	13	3	3	0	-A
III	2270576	T	*/+A	19	2	9.52%	2	2	55	37	0.98	1	1	14	5	1	1	+A
III	2309611	T	*/-A	5	3	30%	2	1	39	37	0.98	1	1	1	4	3	0	-A
III	2309611	T	*/-AA	5	2	20%	2	1	39	37	0.98	1	1	1	4	0	2	-A
III	2318178	A	*/+T	18	2	10%	2	1	50	74	0.98	1	1	7	11	0	2	+T
III	2352293	A	*/+G	4	3	37.5%	2	1	37	37	0.98	1	1	3	1	3	0	+G
III	2376654	G	*/-A	15	2	11.76%	2	2	42	55	0.98	1	1	7	8	1	1	-A
III	2382018	A	*/-T	2	3	33.33%	2	2	42	37	0.98	1	1	1	1	1	2	-T
III	2382018	A	*/-TT	2	2	22.22%	2	1	42	74	0.98	1	1	1	1	2	0	-T
III	2382018	A	*/-TTT	2	2	22.22%	2	2	42	37	0.98	1	1	1	1	1	1	-T
III	2420241	T	*/-A	8	4	33.33%	2	1	43	55	0.98	1	1	3	5	0	4	-A
III	2423197	T	*/-A	37	2	5%	2	2	51	55	0.98	1	1	20	17	1	1	-A
III	2443562	A	+T/+T	22	92	80%	2	2	35	36	0.98	1	1	13	9	1	91	+T
III	2447848	T	*/-A	1143	387	20.1%	2	2	44	41	0.98	1	1	819	324	260	127	-A
III	2447848	T	*/-AA	1143	172	8.94%	2	2	44	47	0.98	1	1	819	324	113	59	-A
III	2447848	T	*/+A	1143	146	7.58%	2	2	44	43	0.98	1	1	819	324	108	38	-A
III	2448309	T	-AA/-AA	80	941	90.05%	2	2	41	42	0.98	1	1	53	27	317	624	-AA
III	2448518	T	*/-A	986	315	20.27%	2	2	46	46	0.98	1	1	685	301	211	104	-A
III	2448518	T	*/-AA	986	101	6.5%	2	2	46	44	0.98	1	1	685	301	74	27	-A
III	2448518	T	*/+A	986	114	7.34%	2	2	46	46	0.98	1	1	685	301	70	44	+A
