Chrom	Position	Ref	Cons	Reads1	Reads2	VarFreq	Strands1	Strands2	Qual1	Qual2	Pvalue	MapQual1	MapQual2	Reads1Plus	Reads1Minus	Reads2Plus	Reads2Minus	VarAllele
I	3160	A	*/+GTTGTCGTTGTCGTTGTC	275	131	24.35%	2	2	39	39	0.98	1	1	141	134	67	64	+GTTGTCGTTGTCGTTGTC
I	3160	A	*/+GTTGTCGTTGTCGTTGTCGTTGTC	275	131	24.35%	2	2	39	39	0.98	1	1	141	134	78	53	+GTTGTCGTTGTCGTTGTC
I	4047	C	*/-TGTCTCTGTCAT	497	66	11.72%	2	2	40	39	0.98	1	1	259	238	35	31	-TGTCTCTGTCAT
I	4053	C	*/+TGTCAT	420	61	12.47%	2	2	40	39	0.98	1	1	217	203	36	25	+TGTCAT
I	6357	T	*/-AA	330	92	21.5%	2	2	37	37	0.98	1	1	159	171	60	32	-AA
I	7192	C	*/+A	267	65	19.29%	2	2	38	39	0.98	1	1	138	129	51	14	+A
I	10859	G	*/-TT	143	130	46.76%	2	2	38	39	0.98	1	1	82	61	82	48	-TT
I	11051	T	*/+A	318	75	18.99%	2	2	40	39	0.98	1	1	197	121	53	22	+A
I	19694	T	*/+A	103	46	30.87%	2	2	39	40	0.98	1	1	44	59	45	1	+A
I	20545	C	*/+TTTTTTT	66	18	20.45%	2	2	38	38	0.98	1	1	38	28	12	6	+TTTTTTT
I	27402	A	*/-C	37	4	5.88%	2	1	38	32	0.98	1	1	12	25	0	4	-C
I	27402	A	*/+C	37	23	33.82%	2	1	38	39	0.98	1	1	12	25	0	23	+C
I	43335	G	*/+A	39	31	41.89%	2	2	39	39	0.98	1	1	24	15	13	18	+A
I	101871	A	+G/+G	6	214	96.83%	2	2	40	40	0.98	1	1	5	1	125	89	+G
I	125091	A	*/+TT	144	55	27.23%	2	2	39	37	0.98	1	1	70	74	30	25	+TT
I	206448	C	*/+T	34	24	38.71%	2	1	39	40	0.98	1	1	20	14	24	0	+T
I	211085	T	*/+A	182	17	8.46%	2	2	39	39	0.98	1	1	75	107	8	9	+A
I	337942	T	*/+A	175	16	8.29%	2	2	39	38	0.98	1	1	85	90	10	6	+A
I	353120	T	*/+A	176	31	14.98%	2	2	40	41	0.98	1	1	94	82	16	15	+A
I	440084	T	*/+A	48	74	54.81%	2	2	39	38	0.98	1	1	27	21	35	39	+A
I	442786	C	+T/+T	27	174	86.57%	2	2	37	38	0.98	1	1	7	20	87	87	+T
I	453368	A	*/-G	111	8	6.67%	2	2	38	38	0.98	1	1	57	54	4	4	-G
I	453369	G	*/+A	49	37	35.92%	2	2	39	36	0.98	1	1	34	15	23	14	+A
I	470378	A	-C/-C	9	245	96.46%	2	2	40	39	0.98	1	1	2	7	118	127	-C
I	470390	A	-C/-C	11	234	95.51%	2	2	37	40	0.98	1	1	6	5	109	125	-C
I	473422	G	*/+T	101	7	6.48%	2	1	38	35	0.98	1	1	61	40	0	7	+T
I	473427	G	*/+T	63	29	27.36%	2	2	38	39	0.98	1	1	31	32	27	2	+T
I	482737	A	+G/+G	7	195	96.53%	2	2	40	39	0.98	1	1	2	5	97	98	+G
I	554527	A	+T/+T	23	177	87.62%	2	2	38	39	0.98	1	1	6	17	90	87	+T
I	562745	A	*/+T	65	75	50.68%	2	2	38	38	0.98	1	1	39	26	53	22	+T
I	650099	C	+AA/+AA	29	107	76.43%	2	2	40	37	0.98	1	1	14	15	55	52	+AA
I	660056	T	*/+G	43	77	51.33%	2	2	39	37	0.98	1	1	18	25	48	29	+G
I	660056	T	*/+GG	43	20	13.33%	2	2	39	39	0.98	1	1	18	25	15	5	+G
I	670032	C	+A/+A	7	231	96.65%	2	2	40	40	0.98	1	1	2	5	131	100	+A
I	682993	T	-C/-C	11	200	94.79%	2	2	40	40	0.98	1	1	6	5	103	97	-C
I	862962	C	+T/+T	13	163	92.09%	2	2	40	40	0.98	1	1	6	7	78	85	+T
I	934908	T	*/+AA	48	16	22.86%	2	2	40	38	0.98	1	1	36	12	10	6	+AA
I	954072	T	*/+A	148	9	5.49%	2	2	38	36	0.98	1	1	76	72	5	4	+A
I	960025	G	+T/+T	31	152	78.76%	2	2	40	38	0.98	1	1	11	20	93	59	+T
I	965438	C	*/+A	41	48	45.71%	2	2	40	39	0.98	1	1	35	6	45	3	+A
I	994330	A	*/+T	207	13	5.91%	2	2	40	38	0.98	1	1	85	122	3	10	+T
I	1048635	G	+A/+A	25	168	86.6%	2	2	42	41	0.98	1	1	16	9	84	84	+A
I	1079583	T	*/+AAAAAAAA	65	22	22.92%	2	1	40	40	0.98	1	1	53	12	22	0	+AAAAAAAA
I	1148104	A	*/+T	46	97	65.99%	2	2	39	38	0.98	1	1	33	13	71	26	+T
I	1254655	T	*/+A	42	59	44.36%	2	2	39	37	0.98	1	1	24	18	39	20	+A
I	1254655	T	*/+AA	42	22	16.54%	2	2	39	39	0.98	1	1	24	18	19	3	+A
I	1274803	T	+A/+A	9	159	90.86%	2	2	40	40	0.98	1	1	7	2	80	79	+A
I	1333654	T	*/+G	153	27	15%	2	2	39	39	0.98	1	1	90	63	17	10	+G
I	1358794	C	*/+A	47	87	60.84%	2	2	38	37	0.98	1	1	30	17	58	29	+A
I	1421034	T	*/+A	174	10	5.41%	2	2	39	38	0.98	1	1	97	77	6	4	+A
I	1424708	C	-A/-A	11	199	94.76%	2	2	40	39	0.98	1	1	8	3	117	82	-A
I	1494938	C	+A/+A	34	154	77.78%	2	2	39	37	0.98	1	1	16	18	74	80	+A
I	1496317	C	-A/-A	25	162	86.17%	2	2	38	39	0.98	1	1	14	11	89	73	-A
I	1509277	C	+T/+T	24	168	87.05%	2	2	38	38	0.98	1	1	9	15	102	66	+T
I	1595055	G	*/+T	133	17	11.33%	2	1	39	39	0.98	1	1	81	52	0	17	+T
I	1595056	C	*/+T	42	64	51.61%	2	2	37	38	0.98	1	1	23	19	53	11	+T
I	1625092	T	+C/+C	7	199	96.14%	2	2	37	40	0.98	1	1	4	3	103	96	+C
I	1665744	C	*/+T	190	10	5%	2	2	39	38	0.98	1	1	107	83	3	7	+T
I	1765306	C	*/+A	57	9	12.86%	2	2	39	29	0.98	1	1	41	16	2	7	+A
I	1905525	T	*/+G	28	22	22.45%	2	1	38	40	0.98	1	1	17	11	22	0	+G
I	1905525	T	*/+GG	28	20	20.41%	2	1	38	40	0.98	1	1	17	11	20	0	+G
I	1905525	T	*/+GGG	28	7	7.14%	2	1	38	40	0.98	1	1	17	11	7	0	+G
I	1905525	T	*/+GGGG	28	12	12.24%	2	1	38	40	0.98	1	1	17	11	12	0	+GGGG
I	1936294	G	+A/+A	10	193	92.34%	2	2	40	40	0.98	1	1	4	6	90	103	+A
I	1952313	A	+T/+T	16	186	91.63%	2	2	42	40	0.98	1	1	11	5	82	104	+T
I	1955754	C	*/+TT	53	50	43.86%	2	2	38	39	0.98	1	1	30	23	40	10	+TT
I	1955852	A	*/+G	131	7	5%	2	1	37	38	0.98	1	1	76	55	0	7	+G
I	1955853	T	+A/+A	5	84	80.77%	2	2	36	37	0.98	1	1	1	4	59	25	+A
I	2025000	C	*/+T	57	31	34.83%	2	2	38	37	0.98	1	1	34	23	22	9	+T
I	2139856	G	+T/+T	19	138	83.13%	2	2	40	38	0.98	1	1	8	11	91	47	+T
I	2154491	T	+A/+A	10	214	95.11%	2	2	38	39	0.98	1	1	6	4	107	107	+A
I	2206796	C	+A/+A	17	210	91.3%	2	2	40	39	0.98	1	1	12	5	106	104	+A
I	2227936	T	*/+AAA	26	47	54.02%	2	2	38	37	0.98	1	1	16	10	33	14	+AAA
I	2239131	A	*/+C	158	51	24.4%	2	2	40	39	0.98	1	1	77	81	34	17	+C
I	2288240	C	-G/-G	5	196	97.51%	2	2	48	39	0.98	1	1	2	3	97	99	-G
I	2299561	G	+A/+A	16	189	91.3%	2	2	40	39	0.98	1	1	5	11	96	93	+A
I	2343703	G	+A/+A	7	220	96.07%	2	2	51	40	0.98	1	1	5	2	114	106	+A
I	2356875	C	*/+TT	186	16	7.92%	2	2	39	40	0.98	1	1	93	93	9	7	+TT
I	2421576	A	-C/-C	8	201	96.17%	2	2	40	40	0.98	1	1	3	5	104	97	-C
I	2499149	A	-T/-T	22	218	90.46%	2	2	40	39	0.98	1	1	13	9	110	108	-T
I	2507462	T	+A/+A	10	189	93.56%	2	2	38	40	0.98	1	1	3	7	101	88	+A
I	2510060	T	+A/+A	5	188	95.43%	2	2	36	40	0.98	1	1	2	3	94	94	+A
I	2588021	C	+A/+A	13	200	92.59%	2	2	40	39	0.98	1	1	5	8	100	100	+A
I	2588066	C	+A/+A	15	170	91.4%	2	2	37	39	0.98	1	1	12	3	88	82	+A
I	2594263	C	+T/+T	11	187	92.57%	2	2	40	39	0.98	1	1	6	5	100	87	+T
I	2594324	T	+A/+A	5	181	93.78%	2	2	40	40	0.98	1	1	1	4	100	81	+A
I	2594351	T	+A/+A	7	192	95.05%	2	2	35	39	0.98	1	1	3	4	109	83	+A
I	2594391	A	+T/+T	12	207	93.24%	2	2	40	39	0.98	1	1	6	6	111	96	+T
I	2605860	G	-T/-T	2	213	99.07%	2	2	40	38	0.98	1	1	1	1	99	114	-T
I	2607669	A	+T/+T	18	191	91.39%	2	2	39	39	0.98	1	1	10	8	91	100	+T
I	2641998	C	*/+T	52	56	51.85%	2	2	37	38	0.98	1	1	23	29	33	23	+T
I	2683902	T	-C/-C	5	197	97.52%	2	2	40	39	0.98	1	1	2	3	115	82	-C
I	2751236	T	-A/-A	35	180	82.57%	2	2	40	39	0.98	1	1	19	16	90	90	-A
I	2759871	T	+C/+C	7	210	95.02%	2	2	45	40	0.98	1	1	1	6	118	92	+C
I	3123097	A	*/-T	166	25	13.02%	2	2	39	40	0.98	1	1	74	92	13	12	-T
I	3125118	A	+T/+T	8	220	96.07%	2	2	36	39	0.98	1	1	5	3	123	97	+T
I	3143388	C	+T/+T	29	174	84.88%	2	2	40	40	0.98	1	1	11	18	98	76	+T
I	3166776	G	*/+TTT	54	83	57.64%	2	2	38	36	0.98	1	1	19	35	59	24	+TTT
I	3178494	C	+T/+T	3	206	98.56%	2	2	40	40	0.98	1	1	1	2	124	82	+T
I	3197528	A	+G/+G	7	195	94.66%	2	2	40	39	0.98	1	1	4	3	109	86	+G
I	3300811	C	*/-GGGGG	23	4	10.81%	2	1	40	36	0.98	1	1	16	7	4	0	-GGGGG
I	3300811	C	*/-GGGGGG	23	2	5.41%	2	1	40	40	0.98	1	1	16	7	2	0	-GGGGG
I	3300811	C	*/-GGGGGGG	23	6	16.22%	2	1	40	40	0.98	1	1	16	7	6	0	-GGGGGGG
I	3303394	C	*/+AT	128	14	9.66%	2	2	39	40	0.98	1	1	73	55	7	7	+AT
I	3450130	G	-T/-T	12	218	94.78%	2	2	40	39	0.98	1	1	6	6	105	113	-T
I	3460318	T	+C/+C	15	219	93.19%	2	2	41	40	0.98	1	1	12	3	128	91	+C
I	3538413	A	+T/+T	6	216	96%	2	2	40	40	0.98	1	1	4	2	111	105	+T
I	3538428	G	+T/+T	15	205	92.76%	2	2	40	39	0.98	1	1	7	8	105	100	+T
I	3538436	T	+A/+A	14	190	92.68%	2	2	40	40	0.98	1	1	7	7	99	91	+A
I	3538449	T	+TA/+TA	26	170	86.73%	2	2	39	39	0.98	1	1	12	14	91	79	+TA
I	3538456	A	+AT/+AT	0	175	98.87%	0	2	0	39	0.98	0	1	0	0	94	81	+AT
I	3547852	G	*/-A	203	13	5.96%	2	2	39	40	0.98	1	1	112	91	6	7	-A
I	3548532	G	*/+T	77	11	12.09%	2	2	38	38	0.98	1	1	49	28	9	2	+T
I	3576756	T	*/+TCTTCTC	41	85	43.59%	2	2	37	40	0.98	1	1	19	22	32	53	+TCTTCTC
I	3576929	C	+T/+T	24	174	87.88%	2	2	39	39	0.98	1	1	8	16	103	71	+T
I	3580034	C	*/+T	57	30	31.25%	2	2	38	37	0.98	1	1	29	28	19	11	+T
I	3665610	G	+C/+C	3	205	97.62%	2	2	40	39	0.98	1	1	1	2	92	113	+C
I	3683223	C	*/+A	149	38	19.9%	2	2	38	39	0.98	1	1	87	62	23	15	+A
I	3700385	T	*/+AA	37	56	54.37%	2	2	42	38	0.98	1	1	28	9	19	37	+AA
I	3730369	A	+T/+T	19	175	89.29%	2	2	41	40	0.98	1	1	8	11	101	74	+T
I	3765328	C	+T/+T	22	142	86.06%	2	2	39	38	0.98	1	1	10	12	89	53	+T
I	3776933	G	+A/+A	17	143	87.73%	2	2	37	39	0.98	1	1	10	7	56	87	+A
I	3785861	G	*/+TATAATGTATATAATGTATATAATGTA	119	17	12.23%	2	2	39	40	0.98	1	1	55	64	10	7	+TATAATGTATATAATGTATATAATGTA
I	3855790	G	-T/-T	6	201	97.1%	2	2	40	40	0.98	1	1	1	5	90	111	-T
I	3940025	G	+T/+T	22	184	86.38%	2	2	40	39	0.98	1	1	10	12	85	99	+T
I	3991338	T	*/+A	174	19	9.84%	2	2	39	42	0.98	1	1	92	82	12	7	+A
I	4004016	G	*/+T	36	80	63.49%	2	2	37	37	0.98	1	1	22	14	54	26	+T
I	4010237	A	*/+G	27	4	9.76%	2	1	39	40	0.98	1	1	14	13	4	0	+G
I	4010237	A	*/+GG	27	10	24.39%	2	1	39	40	0.98	1	1	14	13	10	0	+GG
I	4055052	T	+A/+A	33	153	77.27%	2	2	39	39	0.98	1	1	19	14	82	71	+A
I	4179701	C	*/+T	54	46	44.23%	2	2	38	37	0.98	1	1	24	30	37	9	+T
I	4276890	G	*/+T	21	115	73.72%	2	2	39	38	0.98	1	1	6	15	93	22	+T
I	4304169	G	+A/+A	16	208	92.04%	2	2	39	39	0.98	1	1	5	11	119	89	+A
I	4374342	A	-G/-G	12	226	94.96%	2	2	40	40	0.98	1	1	6	6	110	116	-G
I	4407494	T	+G/+G	10	176	93.62%	2	2	44	39	0.98	1	1	7	3	83	93	+G
I	4410191	C	-G/-G	3	198	98.51%	1	2	40	40	0.98	1	1	0	3	107	91	-G
I	4414201	C	-T/-T	34	135	79.41%	2	2	38	39	0.98	1	1	11	23	84	51	-T
I	4414723	T	*/+AAAAA	47	11	17.46%	2	2	39	38	0.98	1	1	38	9	9	2	+AAAAA
I	4431856	G	+A/+A	12	162	92.57%	2	2	43	40	0.98	1	1	6	6	78	84	+A
I	4431868	C	+A/+A	7	166	94.32%	2	2	40	40	0.98	1	1	3	4	75	91	+A
I	4455149	G	+A/+A	24	185	88.1%	2	2	40	39	0.98	1	1	11	13	106	79	+A
I	4549188	A	+GAAT/+GAAT	40	204	83.61%	2	2	41	40	0.98	1	1	21	19	127	77	+GAAT
I	4648144	T	*/-G	150	14	8.54%	2	1	39	37	0.98	1	1	98	52	0	14	-G
I	4648159	T	*/-G	49	96	58.54%	2	2	40	39	0.98	1	1	18	31	68	28	-G
I	4648159	T	*/-GG	49	17	10.37%	2	2	40	38	0.98	1	1	18	31	5	12	-G
I	4721875	G	+A/+A	17	206	91.96%	2	2	41	40	0.98	1	1	7	10	107	99	+A
I	4764253	G	+A/+A	30	171	83.82%	2	2	40	40	0.98	1	1	15	15	84	87	+A
I	4811561	A	*/+T	202	20	8.97%	2	2	39	40	0.98	1	1	105	97	10	10	+T
I	4911431	G	*/+T	61	7	10.14%	2	2	39	37	0.98	1	1	18	43	5	2	+T
I	4926043	G	*/+T	122	7	5.43%	2	1	39	35	0.98	1	1	80	42	0	7	+T
I	4926046	C	*/+T	47	53	49.07%	2	2	39	39	0.98	1	1	32	15	47	6	+T
I	5095813	T	*/+A	193	22	10.19%	2	2	39	40	0.98	1	1	95	98	8	14	+A
I	5142627	A	+G/+G	3	232	97.48%	2	2	40	40	0.98	1	1	1	2	120	112	+G
I	5148414	T	-A/-A	29	166	85.13%	2	2	38	39	0.98	1	1	13	16	89	77	-A
I	5158148	C	*/+T	128	65	32.66%	2	2	39	38	0.98	1	1	59	69	32	33	+T
I	5173087	C	+T/+T	22	183	88.41%	2	2	39	39	0.98	1	1	8	14	89	94	+T
I	5173430	G	*/+T	34	98	65.33%	2	2	39	37	0.98	1	1	16	18	74	24	+T
I	5176926	T	*/+A	42	77	60.16%	2	2	39	37	0.98	1	1	24	18	28	49	+A
I	5177760	A	*/+T	58	10	14.29%	2	2	38	33	0.98	1	1	33	25	5	5	+T
I	5368262	T	-C/-C	7	188	96.41%	2	2	40	40	0.98	1	1	4	3	93	95	-C
I	5368273	G	+T/+T	9	182	94.79%	2	2	38	40	0.98	1	1	3	6	92	90	+T
I	5426622	C	+T/+T	39	185	82.22%	2	2	40	39	0.98	1	1	14	25	108	77	+T
I	5545070	A	*/-T	190	13	6.4%	2	2	39	40	0.98	1	1	88	102	6	7	-T
I	5559279	T	*/+G	13	6	19.35%	2	1	36	37	0.98	1	1	8	5	6	0	+G
I	5559279	T	*/+GG	13	5	16.13%	2	1	36	36	0.98	1	1	8	5	5	0	+G
I	5559279	T	*/+GGGG	13	2	6.45%	2	1	36	40	0.98	1	1	8	5	2	0	+G
I	5559279	T	*/+GGGGGGGG	13	2	6.45%	2	1	36	32	0.98	1	1	8	5	2	0	+G
I	5567937	C	*/-A	190	18	8.53%	2	2	38	39	0.98	1	1	101	89	12	6	-A
I	5572022	A	*/-T	203	20	8.97%	2	1	39	40	0.98	1	1	114	89	0	20	-T
I	5576663	A	*/+T	235	35	12.96%	2	2	40	39	0.98	1	1	148	87	23	12	+T
I	5576850	T	*/-AA	153	134	45.89%	2	2	39	39	0.98	1	1	80	73	68	66	-AA
II	15830	T	*/+A	32	7	14.58%	2	2	40	40	0.98	1	1	15	17	6	1	A
II	83071	C	*/+TT	112	72	38.71%	2	2	39	39	0.98	1	1	66	46	34	38	+TT
II	127954	C	*/+A	202	11	5.14%	2	2	40	38	0.98	1	1	102	100	8	3	+A
II	128001	T	-A/-A	15	181	92.35%	2	2	41	40	0.98	1	1	6	9	106	75	-A
II	146079	T	-C/-C	8	200	96.15%	2	2	40	39	0.98	1	1	3	5	103	97	-C
II	355454	T	*/+A	46	100	63.29%	2	2	39	39	0.98	1	1	22	24	65	35	+A
II	355468	A	*/-T	137	18	11.46%	2	2	38	36	0.98	1	1	71	66	6	12	-T
II	484534	A	*/+T	43	107	71.33%	2	2	37	38	0.98	1	1	19	24	57	50	+T
II	522946	T	*/+TGTGCA	203	17	7.69%	2	2	40	40	0.98	1	1	94	109	6	11	+TGTGCA
II	526939	T	*/+AC	226	14	5.83%	2	2	40	40	0.98	1	1	122	104	8	6	+AC
II	526941	T	*/-TTAG	220	14	5.98%	2	2	40	40	0.98	1	1	119	101	8	6	-TTAG
II	526955	T	*/-AC	185	18	8.87%	2	2	40	41	0.98	1	1	90	95	14	4	-AC
II	526957	C	*/-GTGTGT	127	48	27.43%	2	2	40	41	0.98	1	1	68	59	19	29	-GTGTGT
II	526959	T	*/+TTAG	140	18	11.39%	2	2	40	41	0.98	1	1	70	70	14	4	+TTAG
II	543127	A	*/-T	185	10	5.13%	2	2	39	40	0.98	1	1	99	86	6	4	-T
II	603279	A	-T/-T	8	243	96.81%	2	2	38	40	0.98	1	1	5	3	103	140	-T
II	603305	A	-C/-C	12	218	94.78%	2	2	40	39	0.98	1	1	7	5	92	126	-C
II	700009	T	-A/-A	22	169	88.48%	2	2	40	40	0.98	1	1	10	12	80	89	-A
II	888599	A	-C/-C	6	220	97.35%	2	2	46	39	0.98	1	1	3	3	130	90	-C
II	903106	G	+T/+T	3	205	96.7%	2	2	34	40	0.98	1	1	1	2	100	105	+T
II	997671	G	*/+CAACAACAACAA	138	12	6.03%	2	2	39	38	0.98	1	1	78	60	6	6	A
II	997671	G	*/+CAACAACAACAACAA	138	10	5.03%	2	2	39	38	0.98	1	1	78	60	3	7	A
II	1019510	T	-A/-A	35	128	78.05%	2	2	40	39	0.98	1	1	24	11	73	55	-A
II	1079843	T	+A/+A	28	172	83.9%	2	2	40	38	0.98	1	1	18	10	99	73	+A
II	1146019	G	*/+A	176	29	14.15%	2	2	39	39	0.98	1	1	90	86	16	13	+A
II	1163154	A	-T/-T	13	174	93.05%	2	2	43	40	0.98	1	1	6	7	79	95	-T
II	1266289	T	*/+A	37	134	73.63%	2	2	39	38	0.98	1	1	25	12	75	59	+A
II	1277481	G	*/+TT	70	24	24.24%	2	2	39	40	0.98	1	1	33	37	16	8	+TT
II	1308618	G	-T/-T	16	171	91.44%	2	2	42	39	0.98	1	1	10	6	90	81	-T
II	1389139	C	*/+T	57	97	59.15%	2	2	37	36	0.98	1	1	29	28	46	51	+T
II	1451705	G	+A/+A	28	172	85.57%	2	2	41	39	0.98	1	1	13	15	97	75	+A
II	1552815	A	*/+AG	63	112	63.64%	2	2	39	40	0.98	1	1	27	36	54	58	+AG
II	1553290	A	*/+AGTAG	124	25	15.92%	2	1	40	40	0.98	1	1	41	83	0	25	+AGTAG
II	1555919	A	*/+TTTATT	84	135	61.09%	2	2	40	39	0.98	1	1	30	54	87	48	+TTTATT
II	1588936	G	*/+AA	43	71	53.79%	2	2	38	37	0.98	1	1	29	14	44	27	+AA
II	1600211	C	*/+A	183	48	20.69%	2	2	39	41	0.98	1	1	98	85	32	16	+A
II	1602263	C	*/+T	186	15	7.46%	2	2	39	40	0.98	1	1	87	99	6	9	+T
II	1606704	A	*/+GTGGTGGTG	374	32	7.88%	2	2	40	41	0.98	1	1	218	156	26	6	+GTGGTGGTG
II	1612985	A	*/-ATAATGATAATG	139	20	10.47%	2	2	39	39	0.98	1	1	47	92	10	10	-ATAATGATAATG
II	1612985	A	*/+ATAATG	139	28	14.66%	2	2	39	40	0.98	1	1	47	92	9	19	+ATAATG
II	1618418	C	*/+A	230	36	13.43%	2	2	39	39	0.98	1	1	110	120	34	2	+A
II	1620412	T	*/-A	29	12	27.91%	2	1	39	40	0.98	1	1	16	13	12	0	-A
II	1629986	A	*/+T	136	15	9.93%	2	2	38	43	0.98	1	1	106	30	5	10	+T
II	1634843	T	*/-ATTATCATTATC	133	16	7.77%	2	2	40	40	0.98	1	1	71	62	7	9	-ATTATCATTATC
II	1634843	T	*/+ATTATC	133	42	20.39%	2	2	40	40	0.98	1	1	71	62	29	13	+ATTATC
II	1641160	T	*/+ACCACCACC	261	14	5.09%	2	2	40	40	0.98	1	1	120	141	3	11	+ACCACCACC
II	1645549	C	*/+A	130	113	46.12%	2	2	39	39	0.98	1	1	103	27	35	78	+A
II	1678205	T	-A/-A	19	173	89.64%	2	2	41	39	0.98	1	1	13	6	98	75	-A
II	1716256	G	*/+T	79	21	20%	2	2	38	37	0.98	1	1	58	21	12	9	+T
II	1716287	T	*/-G	119	25	17.36%	2	2	39	41	0.98	1	1	66	53	9	16	-G
II	1748646	G	*/-A	40	67	62.62%	2	2	37	39	0.98	1	1	20	20	38	29	-A
II	1805315	C	*/+T	61	11	15.07%	2	2	38	38	0.98	1	1	39	22	10	1	+T
II	1816760	T	*/+C	3	4	57.14%	1	1	40	40	0.98	1	1	3	0	4	0	+C
II	1861420	T	-G/-G	2	174	98.86%	1	2	40	39	0.98	1	1	2	0	78	96	-G
II	1867795	A	+T/+T	19	150	86.21%	2	2	42	38	0.98	1	1	9	10	76	74	+T
II	1868122	G	*/+T	51	66	50.77%	2	2	39	37	0.98	1	1	21	30	50	16	+T
II	1873779	T	+A/+A	8	198	94.74%	2	2	40	40	0.98	1	1	5	3	95	103	+A
II	1877294	A	+T/+T	35	163	80.69%	2	2	40	39	0.98	1	1	24	11	93	70	+T
II	1941966	A	+T/+T	9	201	95.26%	2	2	40	40	0.98	1	1	2	7	94	107	+T
II	1941982	A	+T/+T	7	209	96.31%	2	2	40	39	0.98	1	1	2	5	98	111	+T
II	1948953	G	-A/-A	4	223	98.24%	2	2	40	40	0.98	1	1	2	2	107	116	-A
II	1950050	A	+G/+G	17	188	90.38%	2	2	40	39	0.98	1	1	8	9	86	102	+G
II	1952046	T	*/+TATTG	102	82	44.32%	2	2	40	39	0.98	1	1	53	49	2	80	+TATTG
II	1955495	T	+A/+A	27	153	82.7%	2	2	41	39	0.98	1	1	15	12	74	79	+A
II	1960392	A	+G/+G	3	208	97.2%	1	2	40	40	0.98	1	1	0	3	106	102	+G
II	1987101	C	-G/-G	4	192	97.96%	2	2	40	40	0.98	1	1	1	3	83	109	-G
II	1987117	T	-G/-G	10	188	94.95%	2	2	40	40	0.98	1	1	5	5	86	102	-G
II	1988691	C	*/+T	198	14	6.6%	2	2	40	40	0.98	1	1	117	81	7	7	+T
II	2023193	G	*/+TT	67	25	25%	2	2	40	36	0.98	1	1	42	25	13	12	+TT
II	2049891	A	-T/-T	7	197	96.57%	2	2	40	39	0.98	1	1	3	4	74	123	-T
II	2053516	G	+C/+C	9	200	95.24%	2	2	38	40	0.98	1	1	3	6	115	85	+C
II	2108180	T	+A/+A	9	200	95.24%	2	2	48	40	0.98	1	1	5	4	106	94	+A
II	2147726	G	+T/+T	6	186	95.88%	2	2	40	40	0.98	1	1	4	2	81	105	+T
II	2187407	G	+A/+A	7	211	96.35%	2	2	45	39	0.98	1	1	4	3	120	91	+A
II	2203175	T	*/+A	104	31	21.53%	2	2	38	35	0.98	1	1	78	26	20	11	+A
II	2219928	A	+T/+T	11	206	94.5%	2	2	40	40	0.98	1	1	6	5	98	108	+T
II	2293297	G	-A/-A	21	217	91.18%	2	2	39	39	0.98	1	1	10	11	109	108	-A
II	2443873	T	*/+AA	57	25	25.77%	2	2	39	38	0.98	1	1	39	18	21	4	+AA
II	2491256	C	*/+T	188	21	9.59%	2	2	40	40	0.98	1	1	81	107	12	9	+T
II	2504242	C	*/-A	143	52	24.53%	2	2	39	38	0.98	1	1	87	56	25	27	-A
II	2504242	C	*/+A	143	16	7.55%	2	2	39	37	0.98	1	1	87	56	7	9	-A
II	2592423	T	+A/+A	19	157	86.74%	2	2	39	39	0.98	1	1	9	10	90	67	+A
II	2619448	G	*/-TT	67	8	10.26%	2	2	37	34	0.98	1	1	39	28	5	3	-TT
II	2630607	C	+A/+A	27	136	79.53%	2	2	40	37	0.98	1	1	19	8	68	68	+A
II	2640785	T	*/+A	34	77	61.6%	2	2	39	37	0.98	1	1	23	11	37	40	+A
II	2709414	G	+C/+C	6	210	96.77%	2	2	40	40	0.98	1	1	2	4	133	77	+C
II	2755338	C	-AT/-AT	34	145	80.56%	2	2	40	39	0.98	1	1	14	20	67	78	-AT
II	2788933	C	+G/+G	4	209	97.66%	1	2	40	40	0.98	1	1	4	0	120	89	+G
II	2798040	C	-T/-T	6	204	97.14%	2	2	40	39	0.98	1	1	1	5	94	110	-T
II	2798514	A	-G/-G	13	224	94.51%	2	2	38	40	0.98	1	1	8	5	101	123	-G
II	2811495	C	-A/-A	6	238	97.54%	2	2	50	40	0.98	1	1	3	3	123	115	-A
II	2894538	T	-A/-A	45	147	76.56%	2	2	40	38	0.98	1	1	23	22	87	60	-A
II	2937277	T	*/+A	161	52	24.3%	2	2	39	38	0.98	1	1	82	79	21	31	+A
II	2938956	C	+T/+T	35	159	76.08%	2	2	40	39	0.98	1	1	21	14	80	79	+T
II	2938956	C	*/+TT	35	13	6.22%	2	2	40	41	0.98	1	1	21	14	6	7	+T
II	3040332	C	+G/+G	5	193	95.54%	2	2	48	40	0.98	1	1	4	1	99	94	+G
II	3058544	T	*/-G	79	98	55.06%	2	2	39	38	0.98	1	1	42	37	54	44	-G
II	3171788	G	*/+A	37	88	65.19%	2	2	40	38	0.98	1	1	21	16	47	41	+A
II	3253453	C	*/+T	45	79	58.96%	2	2	38	37	0.98	1	1	18	27	56	23	+T
II	3380128	C	*/+T	137	11	7.43%	2	2	37	37	0.98	1	1	68	69	5	6	+T
II	3619003	A	+G/+G	8	214	95.96%	2	2	45	40	0.98	1	1	5	3	118	96	+G
II	3799350	G	*/+A	56	100	62.11%	2	2	39	38	0.98	1	1	23	33	51	49	+A
II	3838101	C	-A/-A	22	205	89.91%	2	2	39	39	0.98	1	1	10	12	106	99	-A
II	3860185	C	-TAGTA/-TAGTA	32	140	79.55%	2	2	42	39	0.98	1	1	17	15	64	76	-TAGTA
II	3980468	C	*/-T	47	115	68.45%	2	2	39	37	0.98	1	1	21	26	69	46	-T
II	4006457	A	*/+T	201	22	9.87%	2	2	40	39	0.98	1	1	95	106	9	13	+T
II	4031459	T	*/-A	97	8	7.55%	2	2	38	34	0.98	1	1	69	28	5	3	-A
II	4031460	A	*/+T	54	36	37.89%	2	2	37	38	0.98	1	1	32	22	32	4	+T
II	4107253	G	*/+TTT	70	28	28.28%	2	2	38	39	0.98	1	1	41	29	16	12	+TTT
II	4172522	T	*/+A	168	15	8.11%	2	2	39	40	0.98	1	1	85	83	9	6	+A
II	4254960	G	-A/-A	5	189	97.42%	2	2	40	40	0.98	1	1	2	3	93	96	-A
II	4308414	C	+A/+A	33	134	78.82%	2	2	39	39	0.98	1	1	22	11	68	66	+A
II	4397299	A	*/-T	162	27	14.21%	2	2	38	39	0.98	1	1	86	76	13	14	-T
II	4419921	T	*/+A	33	74	62.71%	2	2	39	38	0.98	1	1	22	11	40	34	+A
II	4517047	T	*/+TACTCATC	319	89	19.52%	2	2	39	39	0.98	1	1	170	149	42	47	+TACTCATC
II	4521490	A	*/+T	228	33	12.64%	2	2	40	39	0.98	1	1	140	88	21	12	+T
II	4521677	T	*/-AA	155	114	42.07%	2	2	38	39	0.98	1	1	82	73	57	57	-AA
II	4525340	G	*/+T	176	79	27.34%	2	2	38	38	0.98	1	1	134	42	70	9	+T
II	4526174	A	*/-T	153	14	8.28%	2	2	35	35	0.98	1	1	91	62	8	6	-T
II	4528465	C	*/+GACAAT	537	57	9.6%	2	2	39	40	0.98	1	1	263	274	23	34	+GACAAT
II	4528483	T	*/-GACAATGACAGA	530	67	11.22%	2	2	40	40	0.98	1	1	241	289	35	32	-GACAATGACAGA
II	4529375	T	*/+ACAACGACAACGACAACG	283	123	22.86%	2	2	39	40	0.98	1	1	140	143	49	74	+ACAACGACAACGACAACG
II	4529375	T	*/+ACAACGACAACGACAACGACAACG	283	115	21.38%	2	2	39	40	0.98	1	1	140	143	62	53	+ACAACGACAACGACAACG
II	4533588	C	*/-T	798	411	34%	2	2	40	40	0.98	1	1	437	361	218	193	-T
II	4534880	A	*/-T	955	235	19.75%	2	2	39	39	0.98	1	1	527	428	132	103	-T
II	4535321	G	*/-GATAT	1058	190	15.22%	2	2	40	40	0.98	1	1	494	564	92	98	-GATAT
II	4535523	T	*/+GTTACG	989	186	15.82%	2	2	39	40	0.98	1	1	489	500	86	100	+GTTACG
II	4535548	A	*/-TATGTG	936	185	16.5%	2	2	39	39	0.98	1	1	468	468	73	112	-TATGTG
II	4535645	G	*/-T	918	222	19.44%	2	2	39	39	0.98	1	1	460	458	111	111	-T
II	4535727	A	*/-G	1067	183	14.64%	2	2	39	39	0.98	1	1	549	518	90	93	-G
II	4536089	C	*/+AAAAGAAAAGTAAATT	1188	106	8.11%	2	2	40	39	0.98	1	1	607	581	61	45	+AAAAGAAAAGTAAATT
II	4536728	A	*/+GAGAGTAGG	652	278	28.02%	2	2	39	39	0.98	1	1	241	411	93	185	+GAGAGTAGG
II	4537213	G	*/+T	656	520	44.14%	2	2	39	39	0.98	1	1	335	321	279	241	+T
II	4537387	A	*/-AATAAGAG	292	864	74.74%	2	2	39	39	0.98	1	1	132	160	412	452	-AATAAGAG
II	4537655	A	*/+AAATG	945	107	9.87%	2	2	40	40	0.98	1	1	348	597	44	63	+AAATG
II	4537665	G	*/+AAATA	680	347	32.25%	2	2	40	40	0.98	1	1	281	399	93	254	+AAATA
II	4538312	A	*/-TAGGTATAGGTAGAATAAGTAGAGTAGAG	199	17	7.87%	2	2	39	40	0.98	1	1	92	107	14	3	-TAGGTATAGGTAGAATAAGTAGAGTAGAG
II	4539519	G	*/+AAATA	1056	98	8.37%	2	2	40	40	0.98	1	1	450	606	48	50	+AAATA
III	4729	A	*/+TT	1548	161	9.16%	2	2	38	37	0.98	1	1	777	771	77	84	+TT
III	4952	C	*/+T	2494	305	10.83%	2	2	39	38	0.98	1	1	1472	1022	22	283	+T
III	9812	T	*/+A	3114	505	13.75%	2	2	39	39	0.98	1	1	1846	1268	34	471	+A
III	10094	A	*/-T	3721	218	5.53%	2	2	39	39	0.98	1	1	2050	1671	4	214	-T
III	12428	G	*/+A	2443	144	5.25%	2	2	40	40	0.98	1	1	1298	1145	83	61	+A
III	15599	A	*/+TT	1601	158	8.69%	2	2	38	36	0.98	1	1	838	763	68	90	+TT
III	15822	C	*/+T	2466	318	11.33%	2	2	39	38	0.98	1	1	1372	1094	32	286	+T
III	20682	T	*/+A	3219	509	13.48%	2	2	39	39	0.98	1	1	1847	1372	31	478	+A
III	20964	A	*/-T	3624	211	5.5%	2	2	39	38	0.98	1	1	1950	1674	3	208	-T
III	46959	A	*/+AT	54	5	8.33%	2	2	38	40	0.98	1	1	36	18	3	2	+AT
III	253907	A	*/+T	45	78	57.35%	2	2	37	37	0.98	1	1	24	21	45	33	+T
III	286478	C	-TT/-TT	19	147	88.55%	2	2	41	39	0.98	1	1	9	10	78	69	-TT
III	286594	T	*/+A	44	67	56.78%	2	2	39	36	0.98	1	1	35	9	38	29	+A
III	365747	C	-A/-A	20	150	87.72%	2	2	39	37	0.98	1	1	9	11	86	64	-A
III	406022	C	*/+T	138	66	32.04%	2	2	40	39	0.98	1	1	76	62	27	39	+T
III	553741	T	*/+A	201	22	9.82%	2	2	39	39	0.98	1	1	107	94	12	10	+A
III	717677	A	-T/-T	40	130	75.58%	2	2	39	37	0.98	1	1	19	21	54	76	-T
III	719955	A	-C/-C	11	204	94.88%	2	2	40	40	0.98	1	1	6	5	94	110	-C
III	719973	C	-G/-G	0	78	98.73%	0	2	0	39	0.98	0	1	0	0	35	43	-G
III	720683	A	+T/+T	17	143	87.2%	2	2	38	39	0.98	1	1	5	12	68	75	+T
III	867865	C	-T/-T	11	188	94.47%	2	2	40	39	0.98	1	1	6	5	102	86	-T
III	1016311	G	+C/+C	7	199	95.67%	2	2	37	40	0.98	1	1	6	1	93	106	+C
III	1073505	T	*/+ATATAGAG	646	66	9.24%	2	2	40	39	0.98	1	1	516	130	61	5	+ATATAGAG
III	1075530	A	*/+TGGAAGTGGTAAG	567	34	5.62%	2	2	39	38	0.98	1	1	284	283	14	20	+TGGAAGTGGTAAG
III	1075548	A	*/+GTGGTGGTG	571	56	8.9%	2	2	40	39	0.98	1	1	267	304	24	32	+GTGGTGGTG
III	1079346	A	*/+G	741	78	9.51%	2	2	40	40	0.98	1	1	523	218	64	14	+G
III	1080146	T	*/+ATATAGAG	1048	117	10.02%	2	2	39	40	0.98	1	1	490	558	47	70	+ATATAGAG
III	1082171	A	*/+TGGAAGTGGTAAG	607	33	5.13%	2	2	39	40	0.98	1	1	295	312	14	19	+TGGAAGTGGTAAG
III	1082189	A	*/+GTGGTGGTG	583	69	10.58%	2	2	40	40	0.98	1	1	272	311	26	43	+GTGGTGGTG
III	1084026	A	*/+AGTGGTGATGGTT	250	25	8.83%	2	2	39	40	0.98	1	1	120	130	15	10	+AGTGGTGATGGTT
III	1087979	A	*/+G	396	25	5.94%	2	2	40	39	0.98	1	1	137	259	11	14	+G
III	1095549	T	*/-G	154	10	6.1%	2	1	40	42	0.98	1	1	98	56	0	10	-G
III	1095550	G	*/-T	83	44	33.59%	2	2	38	40	0.98	1	1	61	22	37	7	-T
III	1103423	T	*/-A	97	36	26.87%	2	2	37	37	0.98	1	1	59	38	17	19	-A
III	1110132	C	*/+TCTCTATA	336	24	6.67%	2	1	39	40	0.98	1	1	215	121	24	0	+TCTCTATA
III	1114914	T	*/+ACCACTAACCATC	171	23	11.79%	2	2	39	41	0.98	1	1	109	62	11	12	+ACCACTAACCATC
III	1117723	T	*/+C	342	28	7.57%	2	2	40	39	0.98	1	1	219	123	23	5	+C
III	1121674	T	*/+ACCACTAACCATC	188	13	6.37%	2	2	40	40	0.98	1	1	118	70	6	7	+ACCACTAACCATC
III	1124483	T	*/+C	346	23	6.23%	2	2	40	40	0.98	1	1	219	127	15	8	+C
III	1128434	T	*/+ACCACTAACCATC	184	17	8.13%	2	2	39	39	0.98	1	1	102	82	9	8	+ACCACTAACCATC
III	1135194	T	*/+ACCACTAACCATC	180	22	10.78%	2	2	39	40	0.98	1	1	107	73	14	8	+ACCACTAACCATC
III	1199849	A	*/+T	213	19	8.15%	2	2	39	39	0.98	1	1	100	113	13	6	+T
III	1239214	T	*/+AA	33	128	74.42%	2	2	39	38	0.98	1	1	15	18	93	35	+AA
III	1252505	G	*/+TT	52	4	6.56%	2	1	39	40	0.98	1	1	29	23	4	0	+TT
III	1421567	T	*/+G	33	27	23.68%	2	2	38	40	0.98	1	1	19	14	15	12	+G
III	1421567	T	*/+GG	33	10	8.77%	2	2	38	40	0.98	1	1	19	14	6	4	+G
III	1421567	T	*/+GGG	33	28	24.56%	2	2	38	37	0.98	1	1	19	14	20	8	+GGG
III	1421567	T	*/+GGGG	33	13	11.4%	2	1	38	40	0.98	1	1	19	14	13	0	+GGG
III	1575951	G	*/+T	63	44	36.97%	2	2	38	39	0.98	1	1	39	24	33	11	+T
III	1685487	G	+A/+A	13	198	92.96%	2	2	43	40	0.98	1	1	4	9	87	111	+A
III	1756400	T	-A/-A	12	232	95.08%	2	2	40	40	0.98	1	1	5	7	118	114	-A
III	1765612	C	*/+T	188	30	13.76%	2	2	40	38	0.98	1	1	89	99	14	16	+T
III	1774235	T	+GATC/+GATC	11	204	94.01%	2	2	42	40	0.98	1	1	4	7	107	97	+GATC
III	2168459	T	+A/+A	5	173	93.01%	2	2	40	40	0.98	1	1	1	4	89	84	+A
III	2270459	C	*/+A	179	10	5.29%	2	2	39	40	0.98	1	1	88	91	3	7	+A
III	2309611	T	*/-A	143	9	5.66%	2	2	38	40	0.98	1	1	91	52	4	5	-A
III	2352293	A	*/+G	71	33	31.13%	2	1	38	39	0.98	1	1	58	13	33	0	+G
III	2382018	A	*/-T	59	54	46.55%	2	2	39	35	0.98	1	1	31	28	27	27	-T
III	2443562	A	*/+T	1061	708	39.2%	2	2	39	38	0.98	1	1	503	558	142	566	+T
III	2448309	T	-AA/-AA	749	5156	86.67%	2	2	39	38	0.98	1	1	404	345	2120	3036	-AA
