Chrom	Position	Ref	Cons	Reads1	Reads2	VarFreq	Strands1	Strands2	Qual1	Qual2	Pvalue	MapQual1	MapQual2	Reads1Plus	Reads1Minus	Reads2Plus	Reads2Minus	VarAllele
chr_II_telomeric_gap	5518	A	+T/+T	1	24	96%	1	2	37	44	0.98	1	1	1	0	11	13	+T
chr_II_telomeric_gap	6301	C	*/-AT	16	2	10.53%	2	1	47	68	0.98	1	1	7	9	0	2	-AT
chr_II_telomeric_gap	8537	T	*/-G	6	2	25%	1	1	37	31	0.98	1	1	6	0	0	2	-G
chr_II_telomeric_gap	8538	G	*/-A	2	2	40%	1	1	31	37	0.98	1	1	2	0	2	0	-A
I	3160	A	*/+GTTGTCGTTGTCGTTGTC	65	19	20.21%	2	2	44	48	0.98	1	1	43	22	10	9	+GTTGTCGTTGTCGTTGTC
I	3160	A	*/+GTTGTCGTTGTCGTTGTCGTTGTC	65	8	8.51%	2	2	44	50	0.98	1	1	43	22	4	4	+GTTGTCGTTGTCGTTGTC
I	4047	C	*/-TGTCTCTGTCAT	61	18	22.78%	2	2	40	47	0.98	1	1	30	31	10	8	-TGTCTCTGTCAT
I	4053	C	*/+TGTCAT	39	23	34.33%	2	2	41	38	0.98	1	1	23	16	11	12	+TGTCAT
I	5674	T	*/-G	61	4	6.15%	2	1	40	46	0.98	1	1	43	18	0	4	-G
I	5677	G	*/-A	25	12	21.43%	2	2	38	45	0.98	1	1	21	4	10	2	-A
I	5677	G	*/-AA	25	5	8.93%	2	2	38	44	0.98	1	1	21	4	4	1	-A
I	5677	G	*/-AAA	25	4	7.14%	2	1	38	37	0.98	1	1	21	4	4	0	-A
I	5677	G	*/+A	25	3	5.36%	2	2	38	40	0.98	1	1	21	4	2	1	-A
I	6357	T	*/-AA	33	35	49.3%	2	2	43	46	0.98	1	1	16	17	15	20	-AA
I	7192	C	*/-A	33	3	5.17%	2	2	36	37	0.98	1	1	26	7	2	1	A
I	7192	C	*/+A	33	14	24.14%	2	2	36	40	0.98	1	1	26	7	13	1	+A
I	7192	C	*/+AA	33	3	5.17%	2	1	36	37	0.98	1	1	26	7	3	0	+A
I	10105	A	*/+G	40	3	6.98%	2	2	41	37	0.98	1	1	14	26	1	2	+G
I	10859	G	*/-TT	12	10	41.67%	2	2	48	46	0.98	1	1	8	4	5	5	-TT
I	10859	G	*/-TTT	12	2	8.33%	2	2	48	37	0.98	1	1	8	4	1	1	-TT
I	15734	C	*/-A	19	9	27.27%	2	2	44	52	0.98	1	1	13	6	4	5	-A
I	15734	C	*/+A	19	4	12.12%	2	2	44	64	0.98	1	1	13	6	2	2	-A
I	19694	T	*/+A	45	4	8.16%	2	1	57	37	0.98	1	1	25	20	4	0	+A
I	27402	A	*/-C	12	9	32.14%	2	2	38	39	0.98	1	1	3	9	1	8	-C
I	27402	A	*/+C	12	3	10.71%	2	1	38	40	0.98	1	1	3	9	0	3	-C
I	27402	A	*/+CC	12	3	10.71%	2	1	38	29	0.98	1	1	3	9	0	3	-C
I	28398	A	*/+C	75	5	6.17%	2	1	47	66	0.98	1	1	20	55	5	0	+C
I	29373	T	*/+CTTGGGAATGATTATAGCAGC	34	3	6.52%	2	2	46	37	0.98	1	1	15	19	2	1	C
I	55244	T	*/+AA	8	3	21.43%	2	1	40	37	0.98	1	1	7	1	3	0	+AA
I	98884	C	*/+A	164	11	6.29%	2	2	46	62	0.98	1	1	88	76	3	8	+A
I	101871	A	+G/+G	0	29	96.67%	0	2	0	45	0.98	0	1	0	0	13	16	+G
I	149049	G	*/-AT	49	3	5.77%	2	2	42	49	0.98	1	1	24	25	1	2	-AT
I	190112	C	*/-A	5	3	27.27%	1	2	37	33	0.98	1	1	5	0	2	1	-A
I	206448	C	*/+T	11	2	15.38%	2	1	37	42	0.98	1	1	10	1	2	0	+T
I	216147	C	*/-T	9	2	14.29%	2	1	44	37	0.98	1	1	6	3	2	0	-T
I	216147	C	*/-TT	9	2	14.29%	2	2	44	37	0.98	1	1	6	3	1	1	-T
I	232688	T	*/-A	19	4	17.39%	2	1	34	46	0.98	1	1	11	8	0	4	-A
I	238671	T	*/+A	24	2	7.69%	2	1	50	74	0.98	1	1	19	5	2	0	+A
I	377488	C	*/+T	6	2	22.22%	2	2	41	49	0.98	1	1	3	3	1	1	+T
I	414079	C	*/-T	11	5	29.41%	2	2	40	36	0.98	1	1	8	3	2	3	-T
I	440084	T	*/+A	4	3	25%	1	2	31	49	0.98	1	1	4	0	1	2	A
I	441614	C	*/-T	14	4	18.18%	2	2	29	49	0.98	1	1	12	2	2	2	-T
I	441614	C	*/-TTT	14	2	9.09%	2	1	29	61	0.98	1	1	12	2	0	2	-T
I	442786	C	*/+T	9	2	18.18%	2	1	42	37	0.98	1	1	4	5	2	0	+T
I	453369	G	*/-A	8	2	18.18%	2	1	40	37	0.98	1	1	7	1	2	0	-A
I	460756	T	*/+A	27	2	6.9%	2	2	42	55	0.98	1	1	16	11	1	1	+A
I	464017	C	*/-A	14	3	15%	2	2	42	49	0.98	1	1	7	7	1	2	-A
I	464017	C	*/+A	14	3	15%	2	2	42	29	0.98	1	1	7	7	2	1	-A
I	464477	A	*/-AT	21	2	8.7%	2	2	47	37	0.98	1	1	9	12	1	1	-AT
I	470234	T	*/+A	25	2	7.41%	2	1	47	37	0.98	1	1	12	13	0	2	+A
I	470378	A	-C/-C	0	18	100%	0	2	0	46	0.98	0	1	0	0	10	8	-C
I	470390	A	-C/-C	0	19	100%	0	2	0	54	0.98	0	1	0	0	11	8	-C
I	473427	G	*/+T	8	3	25%	1	2	35	33	0.98	1	1	8	0	2	1	+T
I	482737	A	+G/+G	1	33	97.06%	1	2	37	43	0.98	1	1	0	1	12	21	+G
I	521845	T	*/-A	11	8	42.11%	2	2	48	52	0.98	1	1	5	6	5	3	-A
I	528541	C	*/+A	18	3	13.64%	2	1	42	37	0.98	1	1	14	4	3	0	+A
I	554527	A	+T/+T	1	13	92.86%	1	2	37	39	0.98	1	1	1	0	7	6	+T
I	562745	A	*/+T	16	6	25%	2	2	41	32	0.98	1	1	10	6	2	4	+T
I	609849	C	*/-T	19	2	9.52%	2	2	44	61	0.98	1	1	8	11	1	1	-T
I	650099	C	*/+A	6	2	16.67%	2	1	41	37	0.98	1	1	5	1	2	0	+A
I	650099	C	*/+AAA	6	2	16.67%	2	1	41	29	0.98	1	1	5	1	2	0	+A
I	660056	T	*/-G	5	2	14.29%	2	2	36	42	0.98	1	1	3	2	1	1	-G
I	660056	T	*/+G	5	5	35.71%	2	1	36	42	0.98	1	1	3	2	5	0	+G
I	660056	T	*/+GG	5	2	14.29%	2	1	36	37	0.98	1	1	3	2	2	0	+G
I	670032	C	+A/+A	0	59	98.33%	0	2	0	53	0.98	0	1	0	0	22	37	+A
I	682993	T	-C/-C	0	29	100%	0	2	0	43	0.98	0	1	0	0	11	18	-C
I	719597	G	*/-TA	49	3	5.56%	2	1	52	53	0.98	1	1	19	30	0	3	-TA
I	765477	A	*/-T	12	2	14.29%	2	1	42	37	0.98	1	1	6	6	0	2	-T
I	793917	A	*/-TT	0	2	50%	0	1	0	36	0.98	0	1	0	0	2	0	-TT
I	807903	A	*/+T	18	3	13.64%	2	1	41	33	0.98	1	1	5	13	0	3	+T
I	862962	C	+T/+T	1	19	95%	1	2	62	43	0.98	1	1	1	0	9	10	+T
I	932995	G	*/-A	20	3	13.04%	2	2	59	49	0.98	1	1	11	9	2	1	-A
I	934908	T	*/+AA	8	5	35.71%	1	2	37	42	0.98	1	1	8	0	1	4	+AA
I	960025	G	+T/+T	1	12	85.71%	1	2	37	44	0.98	1	1	1	0	3	9	+T
I	965438	C	*/+A	3	4	40%	1	1	37	37	0.98	1	1	3	0	4	0	+A
I	966383	C	*/-T	14	2	12.5%	2	2	39	37	0.98	1	1	11	3	1	1	-T
I	995070	G	*/-T	7	2	16.67%	2	2	35	36	0.98	1	1	4	3	1	1	-T
I	995070	G	*/-TT	7	2	16.67%	2	2	35	31	0.98	1	1	4	3	1	1	-T
I	1023382	T	*/-A	20	2	9.09%	2	2	47	37	0.98	1	1	9	11	1	1	-A
I	1048635	G	+A/+A	2	12	75%	2	2	31	39	0.98	1	1	1	1	6	6	+A
I	1148104	A	*/+T	2	3	60%	1	2	37	45	0.98	1	1	2	0	1	2	+T
I	1152144	C	*/-T	29	2	6.45%	2	1	43	37	0.98	1	1	16	13	2	0	-T
I	1185797	G	*/-A	8	2	15.38%	2	1	43	37	0.98	1	1	6	2	2	0	-A
I	1185797	G	*/+A	8	2	15.38%	2	1	43	48	0.98	1	1	6	2	0	2	-A
I	1254655	T	*/+A	13	2	12.5%	2	1	42	31	0.98	1	1	10	3	2	0	+A
I	1274803	T	+A/+A	0	16	100%	0	2	0	43	0.98	0	1	0	0	5	11	+A
I	1314632	T	*/+A	8	3	27.27%	2	2	50	37	0.98	1	1	3	5	2	1	+A
I	1360608	T	*/+C	15	5	25%	2	2	51	59	0.98	1	1	6	9	3	2	+C
I	1424708	C	-A/-A	1	22	95.65%	1	2	62	50	0.98	1	1	0	1	8	14	-A
I	1440743	C	*/-T	19	2	9.52%	2	1	40	37	0.98	1	1	11	8	2	0	-T
I	1496317	C	*/-A	6	8	42.11%	2	2	51	38	0.98	1	1	3	3	6	2	-A
I	1496317	C	*/-AA	6	4	21.05%	2	2	51	43	0.98	1	1	3	3	3	1	-A
I	1509277	C	+T/+T	0	8	100%	0	2	0	37	0.98	0	1	0	0	6	2	+T
I	1509738	G	*/-A	16	3	15%	2	2	46	61	0.98	1	1	11	5	2	1	-A
I	1541472	G	*/-T	9	3	18.75%	2	2	37	45	0.98	1	1	8	1	2	1	-T
I	1595056	C	*/+T	3	3	37.5%	2	2	40	31	0.98	1	1	2	1	2	1	+T
I	1598879	A	*/-T	28	2	6.67%	2	1	43	68	0.98	1	1	15	13	0	2	-T
I	1599291	T	*/-A	11	2	14.29%	2	2	37	55	0.98	1	1	3	8	1	1	-A
I	1621519	G	*/+T	17	2	10.53%	2	2	43	55	0.98	1	1	8	9	1	1	+T
I	1625092	T	+C/+C	0	17	100%	0	2	0	50	0.98	0	1	0	0	5	12	+C
I	1664720	A	+TT/+TT	0	9	100%	0	2	0	45	0.98	0	1	0	0	6	3	+TT
I	1702186	T	*/+A	14	2	11.76%	2	1	36	37	0.98	1	1	9	5	2	0	+A
I	1719454	G	*/+T	12	2	14.29%	2	2	48	55	0.98	1	1	5	7	1	1	+T
I	1765306	C	*/+AA	7	2	18.18%	1	1	37	42	0.98	1	1	7	0	2	0	+AA
I	1777634	A	*/-T	11	4	23.53%	2	2	34	46	0.98	1	1	6	5	2	2	-T
I	1837916	G	*/-T	5	2	20%	1	1	37	31	0.98	1	1	5	0	2	0	-T
I	1849285	C	*/-T	36	7	14.89%	2	2	41	37	0.98	1	1	19	17	5	2	-T
I	1855786	G	*/+A	21	2	8.7%	2	1	38	37	0.98	1	1	16	5	2	0	+A
I	1890184	C	*/+A	8	2	16.67%	2	1	38	42	0.98	1	1	5	3	0	2	+A
I	1890895	C	*/+T	18	2	9.52%	2	2	45	55	0.98	1	1	8	10	1	1	+T
I	1905214	C	*/-T	15	3	16.67%	2	2	39	33	0.98	1	1	5	10	1	2	-T
I	1936294	G	+A/+A	1	17	89.47%	1	2	74	44	0.98	1	1	0	1	7	10	+A
I	1952313	A	+T/+T	1	31	96.88%	1	2	37	43	0.98	1	1	0	1	23	8	+T
I	1954162	C	*/-A	11	6	31.58%	2	2	35	41	0.98	1	1	9	2	3	3	-A
I	1955754	C	*/+TT	5	2	25%	2	1	41	36	0.98	1	1	4	1	0	2	+TT
I	2025000	C	*/+T	5	6	46.15%	2	2	39	45	0.98	1	1	3	2	4	2	+T
I	2025000	C	*/+TT	5	2	15.38%	2	2	39	31	0.98	1	1	3	2	1	1	+T
I	2041948	T	*/-A	20	3	12%	1	1	34	45	0.98	1	1	20	0	3	0	-A
I	2041948	T	*/+A	20	2	8%	1	1	34	37	0.98	1	1	20	0	2	0	-A
I	2052488	A	*/-T	25	5	14.29%	2	2	43	39	0.98	1	1	15	10	4	1	-T
I	2052488	A	*/-TT	25	2	5.71%	2	1	43	37	0.98	1	1	15	10	2	0	-T
I	2052488	A	*/+T	25	2	5.71%	2	2	43	55	0.98	1	1	15	10	1	1	-T
I	2110988	C	*/-AT	21	2	8.7%	2	2	46	55	0.98	1	1	10	11	1	1	-AT
I	2139856	G	+T/+T	2	7	77.78%	2	2	49	47	0.98	1	1	1	1	3	4	+T
I	2154491	T	+A/+A	2	28	93.33%	2	2	37	44	0.98	1	1	1	1	10	18	+A
I	2174555	C	*/-A	11	8	36.36%	2	2	40	44	0.98	1	1	8	3	1	7	-A
I	2174555	C	*/-AA	11	3	13.64%	2	1	40	45	0.98	1	1	8	3	3	0	-A
I	2178948	C	*/-A	27	3	9.38%	2	1	42	33	0.98	1	1	23	4	3	0	-A
I	2178948	C	*/+A	27	2	6.25%	2	2	42	31	0.98	1	1	23	4	1	1	-A
I	2227870	C	*/-T	9	2	18.18%	2	2	45	55	0.98	1	1	7	2	1	1	-T
I	2227936	T	*/+AAA	5	5	33.33%	1	2	34	47	0.98	1	1	5	0	3	2	+AAA
I	2245479	T	*/+C	13	10	32.26%	2	2	44	44	0.98	1	1	6	7	3	7	+C
I	2245479	T	*/+CC	13	4	12.9%	2	2	44	43	0.98	1	1	6	7	3	1	+C
I	2245479	T	*/+CCC	13	2	6.45%	2	1	44	74	0.98	1	1	6	7	0	2	+C
I	2273201	T	*/-A	7	2	16.67%	2	2	30	31	0.98	1	1	3	4	1	1	-A
I	2273201	T	*/-AA	7	3	25%	2	1	30	41	0.98	1	1	3	4	0	3	-AA
I	2288240	C	-G/-G	0	28	100%	0	2	0	50	0.98	0	1	0	0	18	10	-G
I	2322636	C	*/-A	14	5	18.52%	2	2	37	42	0.98	1	1	13	1	4	1	-A
I	2322636	C	*/-AAAA	14	2	7.41%	2	1	37	37	0.98	1	1	13	1	2	0	-A
I	2322636	C	*/+A	14	3	11.11%	2	2	37	40	0.98	1	1	13	1	2	1	+A
I	2327021	C	*/-A	9	2	14.29%	2	1	41	37	0.98	1	1	5	4	2	0	A
I	2343703	G	+A/+A	0	18	100%	0	2	0	45	0.98	0	1	0	0	8	10	+A
I	2401096	C	*/+A	17	2	10.53%	2	2	38	55	0.98	1	1	8	9	1	1	+A
I	2421576	A	-C/-C	1	13	92.86%	1	2	37	40	0.98	1	1	0	1	9	4	-C
I	2472108	G	+T/+T	3	15	83.33%	2	2	33	39	0.98	1	1	2	1	4	11	+T
I	2499149	A	-T/-T	3	22	88%	1	2	49	46	0.98	1	1	3	0	7	15	-T
I	2507462	T	+A/+A	2	24	92.31%	2	2	55	41	0.98	1	1	1	1	15	9	+A
I	2510060	T	+A/+A	1	16	94.12%	1	2	37	41	0.98	1	1	0	1	11	5	+A
I	2525713	C	*/-T	11	5	27.78%	2	2	44	42	0.98	1	1	8	3	4	1	-T
I	2525713	C	*/+T	11	2	11.11%	2	2	44	36	0.98	1	1	8	3	1	1	-T
I	2540138	G	*/+A	21	2	8.33%	2	2	44	42	0.98	1	1	9	12	1	1	+A
I	2578262	T	*/-A	24	2	7.69%	2	2	46	42	0.98	1	1	11	13	1	1	-A
I	2588021	C	+A/+A	0	6	100%	0	2	0	37	0.98	0	1	0	0	4	2	+A
I	2588066	C	+A/+A	0	7	100%	0	2	0	42	0.98	0	1	0	0	4	3	+A
I	2594263	C	+T/+T	0	6	85.71%	0	2	0	41	0.98	0	1	0	0	3	3	+T
I	2594324	T	+A/+A	0	18	100%	0	2	0	45	0.98	0	1	0	0	10	8	+A
I	2594351	T	+A/+A	1	17	94.44%	1	2	37	47	0.98	1	1	0	1	10	7	+A
I	2594391	A	+T/+T	0	15	100%	0	2	0	50	0.98	0	1	0	0	9	6	+T
I	2605777	C	*/+A	20	2	8.7%	2	2	45	68	0.98	1	1	9	11	1	1	+A
I	2605860	G	-T/-T	2	25	92.59%	2	2	55	47	0.98	1	1	1	1	7	18	-T
I	2607669	A	+T/+T	1	19	95%	1	2	37	50	0.98	1	1	0	1	8	11	+T
I	2641994	T	*/+A	12	3	20%	2	1	44	36	0.98	1	1	5	7	0	3	+A
I	2641998	C	*/+A	3	2	18.18%	1	1	37	23	0.98	1	1	3	0	0	2	+A
I	2641998	C	*/+T	3	2	18.18%	1	2	37	37	0.98	1	1	3	0	1	1	+A
I	2683902	T	-C/-C	1	15	93.75%	1	2	37	36	0.98	1	1	1	0	8	7	-C
I	2747027	T	*/-A	17	3	12.5%	2	1	39	29	0.98	1	1	10	7	3	0	-A
I	2747027	T	*/-AA	17	3	12.5%	2	2	39	33	0.98	1	1	10	7	2	1	-A
I	2751236	T	*/-A	6	22	64.71%	2	2	45	48	0.98	1	1	5	1	7	15	-A
I	2751236	T	*/-AA	6	5	14.71%	2	2	45	44	0.98	1	1	5	1	4	1	-A
I	2759871	T	+C/+C	1	13	92.86%	1	2	37	44	0.98	1	1	1	0	6	7	+C
I	2799844	C	*/-A	9	3	23.08%	1	2	56	37	0.98	1	1	0	9	2	1	-A
I	2876870	C	*/+T	17	2	10.53%	2	1	44	49	0.98	1	1	5	12	0	2	+T
I	2959752	A	+T/+T	1	4	80%	1	2	37	33	0.98	1	1	1	0	3	1	+T
I	2960791	T	*/-A	19	2	9.52%	2	2	42	37	0.98	1	1	10	9	1	1	-A
I	3014393	G	*/-T	12	2	14.29%	2	1	42	37	0.98	1	1	8	4	2	0	-T
I	3033347	C	*/+T	6	10	35.71%	1	2	45	40	0.98	1	1	6	0	6	4	+T
I	3033347	C	*/+TT	6	6	21.43%	1	1	45	37	0.98	1	1	6	0	6	0	+T
I	3033347	C	*/+TTT	6	5	17.86%	1	2	45	47	0.98	1	1	6	0	3	2	+T
I	3084527	A	*/+AGT	51	3	5.56%	2	1	50	70	0.98	1	1	26	25	3	0	+AGT
I	3125118	A	+T/+T	2	15	88.24%	2	2	37	42	0.98	1	1	1	1	5	10	+T
I	3159187	C	*/-CA	49	5	9.26%	2	2	44	39	0.98	1	1	22	27	2	3	-CA
I	3159994	C	*/-T	63	4	5.8%	2	2	41	40	0.98	1	1	48	15	3	1	-T
I	3166776	G	*/+TT	3	2	13.33%	1	2	37	55	0.98	1	1	3	0	1	1	+TT
I	3166776	G	*/+TTT	3	8	53.33%	1	2	37	35	0.98	1	1	3	0	7	1	+TTT
I	3178494	C	+T/+T	1	21	95.45%	1	2	37	45	0.98	1	1	0	1	10	11	+T
I	3184255	T	*/-A	8	5	35.71%	2	2	37	49	0.98	1	1	4	4	2	3	-A
I	3197528	A	+G/+G	0	38	97.44%	0	2	0	42	0.98	0	1	0	0	23	15	+G
I	3237214	A	*/+T	7	5	41.67%	2	2	43	49	0.98	1	1	3	4	2	3	+T
I	3299997	G	*/-A	45	4	8%	2	2	42	58	0.98	1	1	36	9	2	2	-A
I	3301901	G	*/-CTATTA	28	2	6.67%	2	2	48	37	0.98	1	1	8	20	1	1	-CTATTA
I	3303394	C	*/-AT	12	3	20%	2	2	42	40	0.98	1	1	6	6	2	1	-AT
I	3380071	C	*/-T	26	3	9.68%	2	2	47	37	0.98	1	1	18	8	2	1	-T
I	3380071	C	*/+T	26	2	6.45%	2	1	47	37	0.98	1	1	18	8	2	0	-T
I	3380404	C	*/-A	21	2	8.7%	2	1	45	49	0.98	1	1	12	9	2	0	-A
I	3383423	C	*/+A	17	2	10.53%	2	2	43	61	0.98	1	1	12	5	1	1	+A
I	3404991	C	*/-T	7	5	41.67%	2	1	35	37	0.98	1	1	5	2	5	0	-T
I	3410124	A	*/+T	10	2	15.38%	2	1	49	37	0.98	1	1	5	5	0	2	+T
I	3450130	G	-T/-T	1	15	93.75%	1	2	74	41	0.98	1	1	1	0	9	6	-T
I	3460318	T	+C/+C	0	15	100%	0	2	0	47	0.98	0	1	0	0	7	8	+C
I	3461655	G	*/-A	10	2	16.67%	2	2	36	42	0.98	1	1	5	5	1	1	-A
I	3462650	A	*/-T	8	3	23.08%	2	2	40	57	0.98	1	1	6	2	2	1	-T
I	3462650	A	*/-TT	8	2	15.38%	2	2	40	68	0.98	1	1	6	2	1	1	-T
I	3477396	C	*/+A	14	2	12.5%	2	2	37	49	0.98	1	1	10	4	1	1	+A
I	3538413	A	+T/+T	2	16	88.89%	2	2	55	50	0.98	1	1	1	1	10	6	+T
I	3538428	G	+T/+T	0	19	100%	0	2	0	48	0.98	0	1	0	0	12	7	+T
I	3538436	T	+A/+A	0	18	100%	0	2	0	48	0.98	0	1	0	0	11	7	+A
I	3538449	T	+TA/+TA	0	19	100%	0	2	0	46	0.98	0	1	0	0	11	8	+TA
I	3538456	A	+AT/+AT	0	18	100%	0	2	0	46	0.98	0	1	0	0	10	8	+AT
I	3574271	G	*/-A	23	2	8%	2	1	43	31	0.98	1	1	14	9	0	2	-A
I	3576150	T	*/+CATTTCTTTTCTTTTA	28	4	12.5%	2	2	48	46	0.98	1	1	19	9	2	2	+CATTTCTTTTCTTTTA
I	3576756	T	*/+TCTTCTC	3	6	46.15%	1	2	29	41	0.98	1	1	0	3	1	5	+TCTTCTC
I	3576929	C	+T/+T	0	11	100%	0	2	0	56	0.98	0	1	0	0	7	4	+T
I	3580034	C	*/+T	5	5	38.46%	2	2	30	44	0.98	1	1	2	3	4	1	+T
I	3580034	C	*/+TT	5	2	15.38%	2	2	30	30	0.98	1	1	2	3	1	1	+T
I	3609896	T	*/-A	3	4	57.14%	2	1	37	37	0.98	1	1	2	1	4	0	-A
I	3634643	A	*/-T	13	3	17.65%	2	2	45	49	0.98	1	1	10	3	2	1	-T
I	3659724	C	*/-T	22	5	14.29%	2	2	40	44	0.98	1	1	13	9	3	2	-T
I	3659724	C	*/+T	22	7	20%	2	2	40	47	0.98	1	1	13	9	5	2	+T
I	3662923	A	*/-T	19	2	9.52%	2	2	44	31	0.98	1	1	12	7	1	1	-T
I	3665610	G	+C/+C	3	33	91.67%	1	2	49	50	0.98	1	1	3	0	13	20	+C
I	3683223	C	*/-A	19	2	9.52%	2	2	45	74	0.98	1	1	8	11	1	1	-A
I	3700385	T	*/+A	2	5	25%	1	2	37	47	0.98	1	1	2	0	4	1	+A
I	3700385	T	*/+AA	2	11	55%	1	2	37	36	0.98	1	1	2	0	4	7	+AA
I	3730369	A	+T/+T	0	11	100%	0	2	0	37	0.98	0	1	0	0	5	6	+T
I	3732173	C	*/+T	31	2	5.88%	2	2	50	31	0.98	1	1	16	15	1	1	+T
I	3765328	C	+T/+T	3	13	81.25%	1	2	45	37	0.98	1	1	3	0	12	1	+T
I	3776888	C	*/-T	10	2	16.67%	2	1	41	61	0.98	1	1	8	2	2	0	-T
I	3776933	G	+A/+A	4	14	77.78%	2	2	49	36	0.98	1	1	3	1	4	10	+A
I	3780638	A	*/+AGTGGTGATGGTT	48	4	7.69%	2	2	43	61	0.98	1	1	23	25	1	3	+AGTGGTGATGGTT
I	3848002	C	*/-A	19	2	8.33%	2	2	44	42	0.98	1	1	9	10	1	1	-A
I	3848002	C	*/+A	19	2	8.33%	2	1	44	55	0.98	1	1	9	10	0	2	-A
I	3850523	C	*/-T	16	2	11.11%	2	1	39	37	0.98	1	1	9	7	0	2	-T
I	3855790	G	-T/-T	1	18	94.74%	1	2	37	39	0.98	1	1	1	0	8	10	-T
I	3866132	G	*/+TA	6	2	20%	2	2	47	51	0.98	1	1	4	2	1	1	+TA
I	3870142	A	*/-C	15	8	33.33%	2	2	40	38	0.98	1	1	8	7	3	5	-C
I	3880520	T	*/+AA	33	4	10.81%	2	2	47	46	0.98	1	1	9	24	2	2	+AA
I	3940025	G	+T/+T	2	23	88.46%	1	2	37	47	0.98	1	1	2	0	14	9	+T
I	3984736	A	*/-GGT	146	10	6.41%	2	1	45	37	0.98	1	1	54	92	0	10	-GGT
I	3992210	A	*/-AAAC	22	2	8.33%	2	2	47	55	0.98	1	1	7	15	1	1	-AAAC
I	3992211	A	*/-AAC	19	2	9.52%	2	2	45	55	0.98	1	1	6	13	1	1	-AAC
I	3992212	A	*/-AC	19	2	9.52%	2	1	45	37	0.98	1	1	6	13	0	2	-AC
I	3992213	A	*/-C	12	6	33.33%	2	2	47	47	0.98	1	1	3	9	3	3	-C
I	3993810	T	*/-A	6	2	22.22%	2	1	39	37	0.98	1	1	4	2	2	0	-A
I	3995023	C	*/+T	3	2	25%	1	1	40	42	0.98	1	1	3	0	2	0	+T
I	4004016	G	*/-TT	16	2	8.7%	2	2	53	55	0.98	1	1	8	8	1	1	-TT
I	4004016	G	*/+T	16	3	13.04%	2	2	53	61	0.98	1	1	8	8	2	1	+T
I	4010237	A	*/+GG	7	2	22.22%	2	1	45	25	0.98	1	1	4	3	2	0	+GG
I	4010506	G	*/+A	28	2	6.67%	2	1	45	68	0.98	1	1	19	9	0	2	+A
I	4055052	T	+A/+A	6	20	76.92%	2	2	37	40	0.98	1	1	5	1	15	5	+A
I	4098272	C	*/-T	15	4	19.05%	2	2	41	46	0.98	1	1	11	4	2	2	-T
I	4153651	C	*/-T	16	3	13.64%	2	2	35	36	0.98	1	1	13	3	2	1	-T
I	4182754	C	+T/+T	1	22	95.65%	1	2	37	40	0.98	1	1	0	1	17	5	+T
I	4194603	G	*/+T	15	3	16.67%	2	1	38	49	0.98	1	1	5	10	3	0	+T
I	4241118	G	*/-A	11	5	25%	2	2	36	46	0.98	1	1	10	1	4	1	-A
I	4241118	G	*/-AA	11	2	10%	2	1	36	42	0.98	1	1	10	1	2	0	-A
I	4297973	G	*/-T	16	2	11.11%	2	2	47	37	0.98	1	1	8	8	1	1	-T
I	4304169	G	+A/+A	0	12	100%	0	2	0	43	0.98	0	1	0	0	7	5	+A
I	4360508	C	*/-T	22	11	33.33%	2	2	51	37	0.98	1	1	10	12	5	6	-T
I	4374342	A	-G/-G	3	40	93.02%	2	2	61	45	0.98	1	1	1	2	22	18	-G
I	4386268	G	*/-A	5	2	25%	1	2	39	42	0.98	1	1	5	0	1	1	-A
I	4394766	C	*/-A	14	2	11.76%	2	2	42	37	0.98	1	1	7	7	1	1	-A
I	4407494	T	+G/+G	0	33	97.06%	0	2	0	41	0.98	0	1	0	0	14	19	+G
I	4410191	C	-G/-G	3	21	87.5%	1	2	37	47	0.98	1	1	3	0	15	6	-G
I	4414201	C	*/-T	4	10	58.82%	1	2	39	45	0.98	1	1	4	0	3	7	-T
I	4414201	C	*/-TT	4	3	17.65%	1	2	39	33	0.98	1	1	4	0	1	2	-T
I	4431856	G	+A/+A	1	42	97.67%	1	2	74	46	0.98	1	1	1	0	22	20	+A
I	4431868	C	+A/+A	0	43	100%	0	2	0	45	0.98	0	1	0	0	23	20	+A
I	4442621	A	*/-AT	48	5	8.93%	2	2	50	44	0.98	1	1	27	21	3	2	-AT
I	4442621	A	*/-ATAT	48	3	5.36%	2	1	50	49	0.98	1	1	27	21	3	0	-AT
I	4455149	G	*/+A	3	3	42.86%	1	2	37	37	0.98	1	1	3	0	1	2	+A
I	4514478	T	*/-A	6	4	33.33%	2	2	41	40	0.98	1	1	4	2	2	2	-A
I	4604648	T	*/+A	16	2	11.11%	2	1	46	31	0.98	1	1	11	5	0	2	+A
I	4604649	C	*/-T	5	2	18.18%	1	1	32	37	0.98	1	1	5	0	2	0	-T
I	4604649	C	*/-TT	5	2	18.18%	1	2	32	61	0.98	1	1	5	0	1	1	-T
I	4604649	C	*/+T	5	2	18.18%	1	1	32	36	0.98	1	1	5	0	2	0	-T
I	4618350	G	*/-A	25	2	7.41%	2	1	40	37	0.98	1	1	12	13	0	2	-A
I	4648159	T	*/-G	6	3	30%	2	1	39	37	0.98	1	1	4	2	3	0	-G
I	4721875	G	+A/+A	0	9	100%	0	2	0	33	0.98	0	1	0	0	4	5	+A
I	4733668	G	*/+A	3	10	71.43%	2	2	57	36	0.98	1	1	2	1	8	2	+A
I	4760698	T	*/+A	5	12	66.67%	2	2	32	46	0.98	1	1	3	2	9	3	+A
I	4764253	G	*/+A	7	16	69.57%	2	2	52	43	0.98	1	1	6	1	9	7	+A
I	4799348	T	*/-A	14	2	12.5%	2	2	44	55	0.98	1	1	7	7	1	1	-A
I	4838203	T	*/+C	26	2	7.14%	2	1	43	37	0.98	1	1	19	7	2	0	+C
I	4916623	C	*/-A	8	5	31.25%	2	2	43	49	0.98	1	1	5	3	3	2	-A
I	4926045	T	*/+A	9	2	18.18%	2	1	39	49	0.98	1	1	7	2	0	2	+A
I	4926046	C	*/+T	6	3	33.33%	1	2	34	46	0.98	1	1	6	0	2	1	+T
I	4984784	A	*/-T	7	2	18.18%	2	1	42	37	0.98	1	1	5	2	2	0	-T
I	5002717	C	*/-A	7	2	18.18%	2	1	36	37	0.98	1	1	4	3	2	0	-A
I	5002717	C	*/+A	7	2	18.18%	2	2	36	37	0.98	1	1	4	3	1	1	-A
I	5039623	T	+A/+A	3	16	80%	2	2	37	44	0.98	1	1	2	1	13	3	+A
I	5039625	A	*/+C	20	2	9.09%	2	1	43	37	0.98	1	1	15	5	0	2	+C
I	5045335	G	*/-T	15	2	11.11%	2	1	42	49	0.98	1	1	7	8	0	2	-T
I	5069521	T	+AA/+AA	2	26	92.86%	1	2	43	49	0.98	1	1	2	0	19	7	+AA
I	5078848	G	*/-A	16	2	10%	2	2	46	37	0.98	1	1	8	8	1	1	-A
I	5078848	G	*/+A	16	2	10%	2	1	46	37	0.98	1	1	8	8	2	0	-A
I	5096354	C	*/+T	8	3	27.27%	2	2	43	37	0.98	1	1	3	5	2	1	+T
I	5117187	C	*/-T	18	2	10%	2	1	39	37	0.98	1	1	8	10	2	0	-T
I	5142627	A	+G/+G	3	15	83.33%	2	2	49	39	0.98	1	1	1	2	7	8	+G
I	5148414	T	-A/-A	3	26	89.66%	1	2	74	43	0.98	1	1	3	0	18	8	-A
I	5155608	C	*/-A	3	2	28.57%	2	2	46	31	0.98	1	1	2	1	1	1	-A
I	5173087	C	+T/+T	0	13	100%	0	2	0	33	0.98	0	1	0	0	5	8	+T
I	5173430	G	*/+T	11	11	45.83%	2	2	49	51	0.98	1	1	9	2	2	9	+T
I	5173430	G	*/+TT	11	2	8.33%	2	1	49	37	0.98	1	1	9	2	2	0	+T
I	5176926	T	*/+A	6	10	58.82%	1	2	41	41	0.98	1	1	6	0	5	5	+A
I	5177760	A	*/-TT	23	2	7.69%	2	1	44	37	0.98	1	1	17	6	2	0	-TT
I	5181376	A	*/-T	15	3	16.67%	2	2	38	45	0.98	1	1	11	4	1	2	-T
I	5181832	G	*/-T	10	2	16.67%	2	2	44	55	0.98	1	1	6	4	1	1	-T
I	5266596	A	*/-T	18	3	13.04%	2	2	39	57	0.98	1	1	11	7	1	2	-T
I	5266596	A	*/+T	18	2	8.7%	2	2	39	37	0.98	1	1	11	7	1	1	-T
I	5363995	C	*/-A	27	3	10%	2	2	44	74	0.98	1	1	10	17	1	2	-A
I	5368262	T	-C/-C	2	40	95.24%	1	2	55	51	0.98	1	1	2	0	20	20	-C
I	5368273	G	+T/+T	2	46	92%	2	2	55	49	0.98	1	1	1	1	17	29	+T
I	5426622	C	+T/+T	2	22	91.67%	1	2	37	42	0.98	1	1	2	0	15	7	+T
I	5509333	T	*/-A	18	2	10%	2	2	54	55	0.98	1	1	6	12	1	1	-A
I	5534399	G	*/-A	16	3	15.79%	2	2	43	49	0.98	1	1	6	10	2	1	-A
I	5548073	A	*/-T	16	2	11.11%	2	1	40	37	0.98	1	1	10	6	2	0	-T
I	5567937	C	*/-A	15	2	11.11%	2	1	41	37	0.98	1	1	11	4	2	0	-A
I	5568667	T	*/-A	11	2	15.38%	2	1	39	31	0.98	1	1	8	3	2	0	-A
I	5569124	G	*/+GGCTGCTATAATCATTCCCAA	47	4	7.84%	2	2	50	46	0.98	1	1	16	31	2	2	+GGCTGCTATAATCATTCCCAA
I	5572022	A	*/-T	49	3	5.77%	2	1	50	37	0.98	1	1	17	32	0	3	-T
I	5576850	T	*/-AA	9	6	35.29%	2	2	35	37	0.98	1	1	5	4	4	2	-AA
II	4117	A	*/+C	34	5	12.82%	2	2	43	37	0.98	1	1	17	17	2	3	+C
II	7149	T	*/-A	18	3	14.29%	2	1	45	37	0.98	1	1	10	8	3	0	-A
II	7268	G	*/-T	30	4	11.76%	2	2	43	46	0.98	1	1	20	10	3	1	-T
II	15830	T	*/+A	4	3	42.86%	2	1	40	34	0.98	1	1	2	2	3	0	+A
II	44186	G	*/+A	15	2	11.76%	2	2	44	74	0.98	1	1	5	10	1	1	+A
II	113240	T	*/-A	6	2	22.22%	2	1	37	37	0.98	1	1	2	4	2	0	-A
II	128001	T	-A/-A	0	16	100%	0	2	0	50	0.98	0	1	0	0	9	7	-A
II	146079	T	-C/-C	0	22	100%	0	2	0	42	0.98	0	1	0	0	11	11	-C
II	201022	A	*/-T	19	5	20.83%	2	2	53	44	0.98	1	1	7	12	2	3	-T
II	229897	A	*/-T	23	13	30.95%	2	2	40	38	0.98	1	1	17	6	9	4	-T
II	229897	A	*/+T	23	3	7.14%	2	2	40	41	0.98	1	1	17	6	1	2	-T
II	243155	C	*/+A	18	2	10%	2	1	39	68	0.98	1	1	12	6	0	2	+A
II	295849	C	*/+T	20	2	8.7%	2	1	41	55	0.98	1	1	11	9	0	2	+T
II	320661	G	*/-A	22	3	11.11%	2	2	39	53	0.98	1	1	12	10	2	1	-A
II	410085	C	*/-T	7	3	27.27%	2	2	35	36	0.98	1	1	5	2	1	2	-T
II	484534	A	*/+T	2	10	71.43%	1	2	25	39	0.98	1	1	2	0	1	9	+T
II	484534	A	*/+TT	2	2	14.29%	1	2	25	37	0.98	1	1	2	0	1	1	+T
II	516071	T	*/-A	14	5	22.73%	2	2	36	39	0.98	1	1	7	7	4	1	-A
II	516071	T	*/+A	14	3	13.64%	2	2	36	37	0.98	1	1	7	7	1	2	-A
II	520193	C	*/-T	10	2	16.67%	2	2	47	37	0.98	1	1	5	5	1	1	-T
II	521731	G	*/-T	22	5	17.24%	2	2	45	44	0.98	1	1	13	9	3	2	-T
II	521731	G	*/+T	22	2	6.9%	2	2	45	37	0.98	1	1	13	9	1	1	-T
II	522800	G	*/-A	24	3	10.34%	2	2	42	44	0.98	1	1	19	5	2	1	-A
II	526945	G	*/-GTGTGCGTGTACGT	30	3	9.09%	2	1	53	37	0.98	1	1	12	18	3	0	-GTGTGCGTGTACGT
II	526949	T	*/-GC	29	3	9.38%	2	1	51	49	0.98	1	1	10	19	3	0	-GC
II	526955	T	*/-AC	17	7	29.17%	2	2	55	40	0.98	1	1	9	8	3	4	-AC
II	526959	T	*/+TTAG	11	9	42.86%	2	2	53	43	0.98	1	1	6	5	6	3	+TTAG
II	561064	T	*/-A	3	4	44.44%	2	2	45	37	0.98	1	1	1	2	1	3	-A
II	561064	T	*/-AA	3	2	22.22%	2	2	45	37	0.98	1	1	1	2	1	1	-A
II	603279	A	-T/-T	1	10	90.91%	1	2	37	44	0.98	1	1	1	0	5	5	-T
II	603305	A	-C/-C	0	15	100%	0	2	0	41	0.98	0	1	0	0	5	10	-C
II	606393	C	*/+CTTAT	19	3	13.64%	2	2	48	49	0.98	1	1	7	12	2	1	+CTTAT
II	631718	T	*/+AA	35	2	5.41%	2	2	38	37	0.98	1	1	22	13	1	1	+AA
II	657016	T	+A/+A	1	11	91.67%	1	2	37	50	0.98	1	1	1	0	4	7	+A
II	663058	G	*/+CA	31	4	11.43%	2	2	48	37	0.98	1	1	18	13	2	2	+CA
II	673086	G	*/+A	8	3	21.43%	2	2	41	40	0.98	1	1	7	1	2	1	+A
II	677175	G	*/-TA	28	5	15.15%	2	2	42	37	0.98	1	1	12	16	3	2	-TA
II	700009	T	*/-A	6	13	68.42%	2	2	49	38	0.98	1	1	2	4	3	10	-A
II	716295	G	*/-T	14	3	13.64%	2	2	40	37	0.98	1	1	7	7	2	1	-T
II	716295	G	*/-TT	14	2	9.09%	2	2	40	49	0.98	1	1	7	7	1	1	-T
II	716295	G	*/+T	14	3	13.64%	2	1	40	37	0.98	1	1	7	7	3	0	+T
II	743971	A	*/+T	25	2	7.41%	2	2	47	55	0.98	1	1	12	13	1	1	+T
II	753854	A	*/-T	17	2	10%	2	1	42	37	0.98	1	1	12	5	2	0	-T
II	756993	C	*/-T	21	4	14.81%	2	2	46	49	0.98	1	1	11	10	1	3	-T
II	842330	G	*/-A	15	2	11.76%	2	2	43	37	0.98	1	1	5	10	1	1	-A
II	847457	G	*/-A	6	2	25%	1	1	43	37	0.98	1	1	6	0	2	0	-A
II	888199	C	*/-A	18	2	9.52%	2	2	45	55	0.98	1	1	9	9	1	1	-A
II	888599	A	-C/-C	0	14	100%	0	2	0	44	0.98	0	1	0	0	5	9	-C
II	903106	G	+T/+T	2	34	94.44%	1	2	37	42	0.98	1	1	0	2	9	25	+T
II	948303	T	*/-A	16	2	9.52%	2	2	35	49	0.98	1	1	11	5	1	1	-A
II	948303	T	*/+A	16	2	9.52%	2	1	35	55	0.98	1	1	11	5	2	0	-A
II	965517	C	*/-T	12	4	20%	2	2	44	42	0.98	1	1	6	6	2	2	-T
II	965517	C	*/+T	12	3	15%	2	1	44	61	0.98	1	1	6	6	3	0	-T
II	1019510	T	*/-A	3	8	57.14%	2	2	37	40	0.98	1	1	2	1	5	3	-A
II	1019510	T	*/-AA	3	3	21.43%	2	2	37	37	0.98	1	1	2	1	2	1	-A
II	1059118	T	*/-A	20	4	16%	2	1	45	46	0.98	1	1	11	9	0	4	-A
II	1069791	C	*/-A	25	2	7.41%	2	1	45	37	0.98	1	1	22	3	2	0	-A
II	1078264	T	*/-A	21	2	8%	2	1	42	37	0.98	1	1	14	7	2	0	-A
II	1079843	T	+A/+A	0	23	100%	0	2	0	44	0.98	0	1	0	0	6	17	+A
II	1163154	A	-T/-T	3	19	86.36%	1	2	37	50	0.98	1	1	0	3	11	8	-T
II	1171363	T	*/-A	14	3	16.67%	2	2	46	49	0.98	1	1	10	4	1	2	-A
II	1187785	G	*/+T	8	2	18.18%	2	1	50	55	0.98	1	1	5	3	0	2	+T
II	1203718	C	*/+T	26	2	7.14%	2	1	42	49	0.98	1	1	14	12	2	0	+T
II	1243365	G	*/-T	22	4	15.38%	2	2	42	34	0.98	1	1	4	18	1	3	-T
II	1264791	C	*/-T	5	2	20%	2	2	36	37	0.98	1	1	4	1	1	1	-T
II	1264791	C	*/-TT	5	3	30%	2	1	36	37	0.98	1	1	4	1	3	0	-TT
II	1266289	T	+A/+A	0	14	93.33%	0	2	0	52	0.98	0	1	0	0	7	7	+A
II	1267916	A	*/-T	20	2	9.09%	2	1	41	37	0.98	1	1	9	11	2	0	-T
II	1285834	C	*/+T	10	12	54.55%	2	2	55	35	0.98	1	1	2	8	5	7	+T
II	1308618	G	-T/-T	4	20	83.33%	1	2	52	49	0.98	1	1	4	0	15	5	-T
II	1349040	A	*/-T	12	2	14.29%	2	2	44	37	0.98	1	1	7	5	1	1	-T
II	1365999	G	*/-T	10	4	23.53%	2	1	46	43	0.98	1	1	6	4	4	0	-T
II	1365999	G	*/+T	10	3	17.65%	2	2	46	53	0.98	1	1	6	4	1	2	-T
II	1366183	A	*/+AG	36	5	12.2%	2	2	41	49	0.98	1	1	25	11	4	1	+AG
II	1389139	C	*/-T	7	4	25%	2	2	36	49	0.98	1	1	6	1	1	3	-T
II	1389139	C	*/+T	7	2	12.5%	2	2	36	31	0.98	1	1	6	1	1	1	-T
II	1389139	C	*/+TT	7	2	12.5%	2	2	36	55	0.98	1	1	6	1	1	1	-T
II	1406242	T	*/+A	36	2	5.26%	2	1	44	55	0.98	1	1	24	12	2	0	+A
II	1467485	C	*/-T	20	6	21.43%	2	2	40	45	0.98	1	1	9	11	3	3	-T
II	1467485	C	*/-TT	20	2	7.14%	2	2	40	55	0.98	1	1	9	11	1	1	-T
II	1484103	T	*/+A	12	6	33.33%	2	2	49	61	0.98	1	1	5	7	1	5	+A
II	1540855	G	*/-TA	12	2	14.29%	2	2	49	37	0.98	1	1	2	10	1	1	-TA
II	1545027	C	*/-A	11	2	12.5%	2	2	37	37	0.98	1	1	2	9	1	1	A
II	1555919	A	*/+TTTATT	4	5	55.56%	1	2	52	34	0.98	1	1	4	0	1	4	+TTTATT
II	1588936	G	*/+A	4	2	18.18%	1	1	37	55	0.98	1	1	4	0	2	0	A
II	1600211	C	*/+A	53	6	10.17%	2	2	43	45	0.98	1	1	33	20	3	3	+A
II	1606686	A	*/+TGGAAGTGGTAAG	82	9	9.78%	2	2	48	50	0.98	1	1	42	40	4	5	+TGGAAGTGGTAAG
II	1618418	C	*/+A	45	7	13.21%	2	1	41	40	0.98	1	1	28	17	7	0	+A
II	1627981	C	*/-T	12	2	13.33%	2	2	39	55	0.98	1	1	6	6	1	1	-T
II	1645549	C	*/+A	59	9	13.04%	2	2	44	39	0.98	1	1	41	18	4	5	+A
II	1677945	T	*/-A	17	2	10.53%	2	1	46	55	0.98	1	1	11	6	0	2	-A
II	1678205	T	-A/-A	0	12	100%	0	2	0	47	0.98	0	1	0	0	6	6	-A
II	1679931	G	*/-ACGTTGATTGTCAA	13	2	13.33%	2	1	36	37	0.98	1	1	5	8	0	2	-ACGTTGATTGTCAA
II	1716256	G	*/+T	11	3	20%	2	2	35	45	0.98	1	1	9	2	1	2	+T
II	1716287	T	*/-G	14	7	31.82%	2	2	48	45	0.98	1	1	5	9	1	6	-G
II	1763419	T	*/-A	13	5	25%	2	2	40	44	0.98	1	1	10	3	4	1	-A
II	1818108	C	*/-T	15	6	27.27%	2	2	40	39	0.98	1	1	8	7	4	2	-T
II	1861420	T	-G/-G	1	33	97.06%	1	2	74	45	0.98	1	1	1	0	15	18	-G
II	1867795	A	+T/+T	2	12	85.71%	1	2	37	40	0.98	1	1	2	0	9	3	+T
II	1868122	G	*/-T	10	3	13.64%	2	2	41	49	0.98	1	1	9	1	2	1	-T
II	1868122	G	*/+T	10	6	27.27%	2	1	41	37	0.98	1	1	9	1	6	0	+T
II	1873779	T	+A/+A	2	16	88.89%	2	2	37	43	0.98	1	1	1	1	7	9	+A
II	1877294	A	+T/+T	2	16	88.89%	1	2	37	41	0.98	1	1	2	0	12	4	+T
II	1915556	T	*/-A	24	2	7.69%	2	1	42	49	0.98	1	1	13	11	0	2	-A
II	1941966	A	+T/+T	0	28	100%	0	2	0	48	0.98	0	1	0	0	20	8	+T
II	1941982	A	+T/+T	1	26	96.3%	1	2	74	44	0.98	1	1	1	0	18	8	+T
II	1948953	G	-A/-A	0	22	100%	0	2	0	41	0.98	0	1	0	0	11	11	-A
II	1950050	A	+G/+G	1	25	96.15%	1	2	37	47	0.98	1	1	0	1	13	12	+G
II	1953298	C	*/-CT	16	3	15%	2	2	44	49	0.98	1	1	6	10	2	1	-CT
II	1955495	T	+A/+A	1	21	87.5%	1	2	37	49	0.98	1	1	1	0	14	7	+A
II	1960392	A	+G/+G	0	14	100%	0	2	0	48	0.98	0	1	0	0	6	8	+G
II	1987101	C	-G/-G	0	27	100%	0	2	0	46	0.98	0	1	0	0	15	12	-G
II	1987117	T	-G/-G	1	22	95.65%	1	2	37	47	0.98	1	1	0	1	11	11	-G
II	1992841	T	+A/+A	1	20	95.24%	1	2	74	41	0.98	1	1	1	0	5	15	+A
II	2012625	T	*/+C	35	4	10.26%	2	2	45	37	0.98	1	1	14	21	1	3	+C
II	2049891	A	-T/-T	0	29	100%	0	2	0	49	0.98	0	1	0	0	9	20	-T
II	2053516	G	+C/+C	0	27	100%	0	2	0	53	0.98	0	1	0	0	12	15	+C
II	2108180	T	+A/+A	1	32	96.97%	1	2	74	43	0.98	1	1	0	1	22	10	+A
II	2115422	T	+A/+A	8	40	80%	2	2	44	45	0.98	1	1	4	4	18	22	+A
II	2147726	G	+T/+T	2	22	91.67%	2	2	55	41	0.98	1	1	1	1	12	10	+T
II	2187407	G	+A/+A	1	23	92%	1	2	37	46	0.98	1	1	0	1	14	9	+A
II	2203072	C	*/-A	22	7	22.58%	2	2	48	40	0.98	1	1	15	7	1	6	-A
II	2203072	C	*/+A	22	2	6.45%	2	1	48	37	0.98	1	1	15	7	2	0	-A
II	2203175	T	*/-A	19	2	7.41%	2	1	41	31	0.98	1	1	12	7	0	2	-A
II	2203175	T	*/+AA	19	5	18.52%	2	2	41	34	0.98	1	1	12	7	3	2	+AA
II	2219928	A	+T/+T	0	21	100%	0	2	0	42	0.98	0	1	0	0	12	9	+T
II	2293297	G	-A/-A	0	12	100%	0	2	0	36	0.98	0	1	0	0	8	4	-A
II	2318772	A	*/-TT	3	2	33.33%	2	1	27	49	0.98	1	1	2	1	0	2	-TT
II	2327013	C	*/+T	38	2	5%	2	1	44	37	0.98	1	1	20	18	2	0	+T
II	2338528	G	*/+A	10	3	23.08%	2	1	34	37	0.98	1	1	9	1	3	0	+A
II	2421388	C	*/-ACCCGGTCCCAT	28	3	9.68%	2	2	44	37	0.98	1	1	15	13	1	2	-ACCCGGTCCCAT
II	2424297	A	*/+T	18	2	10%	2	1	41	37	0.98	1	1	11	7	2	0	+T
II	2434190	T	*/+A	7	5	41.67%	2	2	42	44	0.98	1	1	4	3	4	1	+A
II	2438598	T	+TA/+TA	3	13	81.25%	2	2	61	44	0.98	1	1	2	1	6	7	+TA
II	2443873	T	*/+AA	6	4	30.77%	2	1	35	39	0.98	1	1	5	1	4	0	+AA
II	2468409	G	*/-T	20	9	31.03%	2	2	54	60	0.98	1	1	13	7	3	6	-T
II	2504242	C	*/-A	19	3	13.64%	2	2	40	37	0.98	1	1	11	8	2	1	-A
II	2523624	C	*/-A	9	2	11.76%	2	2	38	42	0.98	1	1	7	2	1	1	A
II	2523624	C	*/-AAA	9	2	11.76%	2	2	38	61	0.98	1	1	7	2	1	1	A
II	2527996	C	*/-T	8	2	20%	2	2	46	31	0.98	1	1	6	2	1	1	-T
II	2553906	G	*/+TTCATACCCGCAAATTTTTGA	22	7	23.33%	2	2	46	47	0.98	1	1	6	16	3	4	+TTCATACCCGCAAATTTTTGA
II	2591912	C	*/+A	17	2	10.53%	2	1	46	31	0.98	1	1	8	9	0	2	+A
II	2591913	T	*/+A	5	8	50%	2	2	46	50	0.98	1	1	3	2	5	3	+A
II	2592423	T	+A/+A	1	9	81.82%	1	2	37	45	0.98	1	1	0	1	4	5	+A
II	2630607	C	*/+A	0	7	63.64%	0	2	0	38	0.98	0	1	0	0	4	3	+A
II	2630607	C	*/+AA	0	3	27.27%	0	2	0	45	0.98	0	1	0	0	1	2	+A
II	2640785	T	*/+A	13	24	63.16%	2	2	37	51	0.98	1	1	9	4	16	8	+A
II	2647497	C	*/-T	20	4	15.38%	2	2	39	58	0.98	1	1	8	12	3	1	-T
II	2661369	A	+T/+T	2	22	91.67%	1	2	55	44	0.98	1	1	0	2	12	10	+T
II	2671614	G	*/-A	17	2	10.53%	2	1	37	37	0.98	1	1	12	5	2	0	-A
II	2709414	G	+C/+C	2	21	91.3%	1	2	74	45	0.98	1	1	2	0	9	12	+C
II	2755338	C	*/-AT	9	6	40%	2	2	43	49	0.98	1	1	2	7	2	4	-AT
II	2788933	C	+G/+G	0	21	100%	0	2	0	43	0.98	0	1	0	0	12	9	+G
II	2798040	C	-T/-T	1	27	96.43%	1	2	74	50	0.98	1	1	1	0	12	15	-T
II	2798514	A	-G/-G	2	19	90.48%	2	2	37	48	0.98	1	1	1	1	14	5	-G
II	2811495	C	-A/-A	0	20	100%	0	2	0	40	0.98	0	1	0	0	10	10	-A
II	2826100	G	*/-A	9	3	18.75%	2	2	43	45	0.98	1	1	6	3	2	1	-A
II	2826100	G	*/+A	9	2	12.5%	2	2	43	62	0.98	1	1	6	3	1	1	-A
II	2830962	C	*/+T	12	6	33.33%	2	2	44	45	0.98	1	1	6	6	1	5	+T
II	2887541	C	*/-T	23	2	8%	2	2	53	37	0.98	1	1	9	14	1	1	-T
II	2894538	T	*/-A	12	4	25%	2	2	47	31	0.98	1	1	10	2	1	3	-A
II	2900889	A	*/-T	8	4	33.33%	1	1	52	43	0.98	1	1	8	0	4	0	-T
II	2938956	C	+T/+T	1	10	76.92%	1	2	37	39	0.98	1	1	1	0	5	5	+T
II	2986224	T	*/+A	11	16	59.26%	2	2	42	47	0.98	1	1	3	8	8	8	+A
II	2988149	G	*/-T	9	2	15.38%	2	1	52	37	0.98	1	1	4	5	2	0	-T
II	3040332	C	+G/+G	0	28	100%	0	2	0	48	0.98	0	1	0	0	12	16	+G
II	3058544	T	*/+G	4	3	23.08%	2	1	37	37	0.98	1	1	3	1	3	0	+G
II	3058544	T	*/+GG	4	4	30.77%	2	1	37	34	0.98	1	1	3	1	4	0	+GG
II	3069119	C	*/-A	38	2	5%	2	1	45	31	0.98	1	1	16	22	0	2	-A
II	3154052	G	*/-T	10	3	17.65%	2	1	44	49	0.98	1	1	6	4	3	0	-T
II	3154052	G	*/+T	10	2	11.76%	2	2	44	42	0.98	1	1	6	4	1	1	-T
II	3171788	G	*/-A	6	3	15%	2	2	38	61	0.98	1	1	4	2	2	1	-A
II	3171788	G	*/-AA	6	2	10%	2	1	38	37	0.98	1	1	4	2	2	0	-A
II	3171788	G	*/+A	6	8	40%	2	2	38	46	0.98	1	1	4	2	6	2	+A
II	3175926	C	*/+T	12	2	14.29%	2	1	36	37	0.98	1	1	11	1	2	0	+T
II	3233835	A	*/+T	13	2	13.33%	2	1	40	55	0.98	1	1	3	10	0	2	+T
II	3253453	C	*/+T	4	4	44.44%	2	2	30	43	0.98	1	1	2	2	2	2	+T
II	3282373	T	*/-A	15	3	16.67%	2	1	43	49	0.98	1	1	10	5	3	0	-A
II	3361127	G	*/-A	14	2	12.5%	2	1	40	37	0.98	1	1	7	7	0	2	-A
II	3380128	C	*/+T	12	3	18.75%	2	1	38	33	0.98	1	1	11	1	3	0	+T
II	3410437	G	*/-T	6	2	18.18%	2	2	42	31	0.98	1	1	4	2	1	1	-T
II	3422290	G	+TTAT/+TTAT	4	14	77.78%	2	2	46	46	0.98	1	1	3	1	10	4	+TTAT
II	3487895	G	*/+TATTTTATTT	8	11	50%	2	2	35	52	0.98	1	1	4	4	6	5	+TATTTTATTT
II	3509251	T	*/-A	9	4	26.67%	2	2	43	46	0.98	1	1	8	1	3	1	-A
II	3512925	C	*/-T	7	2	20%	2	1	35	37	0.98	1	1	5	2	2	0	-T
II	3540057	A	*/-T	16	6	24%	2	1	42	37	0.98	1	1	10	6	6	0	-T
II	3540057	A	*/-TT	16	2	8%	2	1	42	55	0.98	1	1	10	6	2	0	-T
II	3619003	A	+G/+G	0	33	91.67%	0	2	0	46	0.98	0	1	0	0	16	17	+G
II	3621704	A	*/-T	13	3	17.65%	2	1	38	53	0.98	1	1	11	2	0	3	-T
II	3665651	T	*/-A	28	2	6.67%	2	1	52	49	0.98	1	1	11	17	2	0	-A
II	3715149	G	*/-AA	9	3	25%	2	2	45	49	0.98	1	1	6	3	2	1	-AA
II	3799350	G	*/+A	4	5	45.45%	2	2	42	44	0.98	1	1	1	3	4	1	+A
II	3815025	C	*/-T	6	2	22.22%	1	2	32	31	0.98	1	1	6	0	1	1	-T
II	3838101	C	-A/-A	0	12	100%	0	2	0	42	0.98	0	1	0	0	3	9	-A
II	3838912	T	*/-A	17	2	9.52%	2	1	41	42	0.98	1	1	6	11	0	2	-A
II	3856896	A	*/-T	18	3	12%	2	1	43	41	0.98	1	1	9	9	0	3	-T
II	3856896	A	*/-TTT	18	2	8%	2	1	43	37	0.98	1	1	9	9	0	2	-T
II	3859319	G	*/-T	21	4	16%	2	1	41	37	0.98	1	1	11	10	4	0	-T
II	3860185	C	*/-TAGTA	24	26	48.15%	2	2	42	40	0.98	1	1	5	19	21	5	-TAGTA
II	3861161	C	*/-T	18	2	9.52%	2	1	46	31	0.98	1	1	13	5	2	0	-T
II	3869342	A	*/-AT	33	5	13.16%	2	2	43	44	0.98	1	1	10	23	2	3	-AT
II	3954039	C	*/-T	20	7	22.58%	2	2	44	49	0.98	1	1	11	9	3	4	-T
II	3954039	C	*/+T	20	4	12.9%	2	2	44	36	0.98	1	1	11	9	2	2	-T
II	3975232	A	*/-C	25	2	7.41%	2	1	43	37	0.98	1	1	20	5	0	2	-C
II	3975235	C	*/-A	14	7	25%	2	1	37	40	0.98	1	1	9	5	7	0	-A
II	3975235	C	*/-AAA	14	3	10.71%	2	1	37	37	0.98	1	1	9	5	3	0	-A
II	3975235	C	*/+A	14	3	10.71%	2	2	37	40	0.98	1	1	9	5	2	1	-A
II	3980468	C	*/+T	21	3	12%	2	2	34	33	0.98	1	1	16	5	2	1	+T
II	3980889	G	*/+A	46	3	6.12%	2	2	46	37	0.98	1	1	28	18	2	1	+A
II	4006982	C	*/-A	5	4	30.77%	2	1	59	40	0.98	1	1	3	2	4	0	-A
II	4006982	C	*/-AA	5	2	15.38%	2	1	59	37	0.98	1	1	3	2	2	0	-A
II	4031460	A	*/+T	7	2	20%	2	2	45	49	0.98	1	1	6	1	1	1	+T
II	4033896	T	*/+A	6	2	25%	2	2	43	55	0.98	1	1	3	3	1	1	+A
II	4107253	G	*/+TTTT	2	2	40%	1	1	37	37	0.98	1	1	2	0	2	0	+TTTT
II	4108814	G	*/-TA	47	3	6%	2	2	42	37	0.98	1	1	16	31	1	2	-TA
II	4149497	A	*/+T	18	2	10%	2	2	40	74	0.98	1	1	9	9	1	1	+T
II	4221959	T	*/+A	16	2	11.11%	2	1	43	37	0.98	1	1	11	5	2	0	+A
II	4249637	A	*/-AT	26	2	6.9%	2	1	41	55	0.98	1	1	13	13	0	2	-AT
II	4254960	G	-A/-A	1	24	96%	1	2	74	46	0.98	1	1	1	0	12	12	-A
II	4264124	C	*/+TGA	34	4	10.53%	2	2	47	37	0.98	1	1	23	11	2	2	+TGA
II	4308414	C	*/+A	8	12	60%	2	2	46	40	0.98	1	1	5	3	5	7	+A
II	4343817	T	*/-A	14	4	22.22%	2	2	48	37	0.98	1	1	10	4	3	1	-A
II	4419921	T	*/+A	2	5	55.56%	1	2	37	49	0.98	1	1	2	0	4	1	+A
II	4505641	C	*/-A	23	2	8%	2	1	49	31	0.98	1	1	11	12	2	0	-A
II	4508798	T	*/+G	45	5	9.8%	2	2	40	34	0.98	1	1	22	23	3	2	+G
II	4513922	G	*/+GGCTGCTATAATCATTCCCAA	62	5	7.46%	2	2	50	44	0.98	1	1	19	43	1	4	+GGCTGCTATAATCATTCCCAA
II	4516522	A	*/+T	53	3	5.36%	2	1	48	37	0.98	1	1	29	24	0	3	+T
II	4517047	T	*/+TACTCATC	52	30	34.48%	2	2	44	39	0.98	1	1	33	19	24	6	+TACTCATC
II	4521677	T	*/-AA	7	11	57.89%	2	2	40	39	0.98	1	1	2	5	6	5	-AA
II	4525340	G	*/+T	34	16	28.57%	2	2	39	42	0.98	1	1	25	9	11	5	+T
II	4526174	A	*/-T	32	11	25.58%	2	2	45	43	0.98	1	1	21	11	4	7	-T
II	4526843	C	*/-T	10	7	29.17%	1	2	35	34	0.98	1	1	10	0	1	6	-T
II	4526843	C	*/-TT	10	5	20.83%	1	2	35	32	0.98	1	1	10	0	1	4	-T
II	4526843	C	*/+T	10	2	8.33%	1	1	35	49	0.98	1	1	10	0	2	0	-T
II	4528465	C	*/+GACAAT	77	11	12.5%	2	2	45	40	0.98	1	1	33	44	6	5	+GACAAT
II	4528483	T	*/-GACAATGACAGA	66	20	23.26%	2	2	43	43	0.98	1	1	34	32	5	15	-GACAATGACAGA
II	4529375	T	*/+ACAACGACAACGACAACG	58	19	19.79%	2	2	46	46	0.98	1	1	25	33	11	8	+ACAACGACAACGACAACG
II	4529375	T	*/+ACAACGACAACGACAACGACAACG	58	12	12.5%	2	2	46	46	0.98	1	1	25	33	9	3	+ACAACGACAACGACAACG
II	4533588	C	*/-T	76	43	36.13%	2	2	42	42	0.98	1	1	41	35	24	19	-T
II	4534880	A	*/-T	133	31	18.9%	2	2	44	43	0.98	1	1	68	65	16	15	-T
II	4535321	G	*/-GATAT	250	43	14.68%	2	2	43	43	0.98	1	1	120	130	20	23	-GATAT
II	4535523	T	*/+GTTACG	260	33	11.26%	2	2	45	48	0.98	1	1	74	186	13	20	+GTTACG
II	4535548	A	*/-TATGTG	242	28	9.69%	2	2	45	46	0.98	1	1	81	161	18	10	-TATGTG
II	4535548	A	*/+TATGTG	242	17	5.88%	2	2	45	47	0.98	1	1	81	161	11	6	-TATGTG
II	4535645	G	*/-T	218	39	15%	2	2	48	49	0.98	1	1	131	87	22	17	-T
II	4535727	A	*/-G	158	44	21.78%	2	2	43	46	0.98	1	1	56	102	26	18	-G
II	4536728	A	*/+GAGAGTAGG	240	32	11.55%	2	2	47	49	0.98	1	1	113	127	12	20	+GAGAGTAGG
II	4537213	G	*/+T	139	198	58.58%	2	2	48	49	0.98	1	1	77	62	102	96	+T
II	4537387	A	*/-AATAAGAG	100	137	57.81%	2	2	49	44	0.98	1	1	54	46	83	54	-AATAAGAG
II	4537655	A	*/+AAATG	102	15	12.71%	2	2	43	42	0.98	1	1	65	37	9	6	+AAATG
II	4537665	G	*/-AAATA	89	23	18.85%	2	2	42	42	0.98	1	1	56	33	15	8	-AAATA
II	4537665	G	*/+AAATA	89	9	7.38%	2	2	42	41	0.98	1	1	56	33	5	4	-AAATA
III	1558	G	*/-A	128	22	11.22%	2	2	42	41	0.98	1	1	69	59	9	13	-A
III	1558	G	*/+A	128	25	12.76%	2	2	42	38	0.98	1	1	69	59	13	12	+A
III	4729	A	*/-T	802	268	22.28%	2	2	44	48	0.98	1	1	549	253	123	145	-T
III	4729	A	*/+T	802	74	6.15%	2	2	44	48	0.98	1	1	549	253	28	46	-T
III	5403	C	*/-T	726	266	22.99%	2	2	42	44	0.98	1	1	546	180	132	134	-T
III	5403	C	*/-TT	726	72	6.22%	2	2	42	41	0.98	1	1	546	180	36	36	-T
III	10223	A	*/-T	168	61	26.52%	2	2	41	43	0.98	1	1	120	48	45	16	-T
III	12428	G	*/-A	129	10	5.26%	2	2	40	38	0.98	1	1	65	64	6	4	-A
III	12428	G	*/+A	129	25	13.16%	2	2	40	38	0.98	1	1	65	64	15	10	+A
III	12428	G	*/+AA	129	17	8.95%	2	2	40	41	0.98	1	1	65	64	10	7	+A
III	15599	A	*/-T	771	299	24.33%	2	2	46	48	0.98	1	1	508	263	137	162	-T
III	15599	A	*/+T	771	95	7.73%	2	2	46	47	0.98	1	1	508	263	39	56	-T
III	16273	C	*/-T	711	276	24.58%	2	2	41	43	0.98	1	1	530	181	152	124	-T
III	16273	C	*/-TT	711	75	6.68%	2	2	41	40	0.98	1	1	530	181	45	30	-T
III	21093	A	*/-T	154	77	33.33%	2	2	42	43	0.98	1	1	102	52	47	30	-T
III	23298	G	*/-A	138	14	7.18%	2	2	42	50	0.98	1	1	79	59	10	4	-A
III	23298	G	*/+A	138	23	11.79%	2	2	42	40	0.98	1	1	79	59	10	13	+A
III	23298	G	*/+AA	138	10	5.13%	2	2	42	37	0.98	1	1	79	59	4	6	+A
III	46959	A	*/-AT	12	2	12.5%	2	1	39	68	0.98	1	1	5	7	0	2	-AT
III	46959	A	*/+AT	12	2	12.5%	2	1	39	37	0.98	1	1	5	7	2	0	-AT
III	63489	G	*/+T	30	2	6.06%	2	2	36	55	0.98	1	1	13	17	1	1	+T
III	69589	T	*/-A	24	2	7.69%	2	1	42	37	0.98	1	1	11	13	0	2	-A
III	120832	C	*/+A	13	2	12.5%	2	1	44	55	0.98	1	1	11	2	0	2	+A
III	123319	T	*/-A	12	6	30%	2	2	35	39	0.98	1	1	6	6	3	3	-A
III	123319	T	*/-AA	12	2	10%	2	1	35	37	0.98	1	1	6	6	2	0	-A
III	172221	C	*/+TACATA	16	22	55%	2	2	61	47	0.98	1	1	8	8	14	8	+TACATA
III	174670	A	*/+AAC	18	5	21.74%	2	2	51	51	0.98	1	1	13	5	3	2	+AAC
III	207168	T	*/-A	4	3	42.86%	1	1	46	49	0.98	1	1	4	0	0	3	-A
III	208140	C	*/-A	12	4	20%	2	1	46	37	0.98	1	1	10	2	4	0	-A
III	208140	C	*/+A	12	2	10%	2	1	46	42	0.98	1	1	10	2	2	0	-A
III	231502	G	*/-A	18	2	10%	2	2	45	55	0.98	1	1	12	6	1	1	-A
III	232115	A	*/+T	8	2	18.18%	2	2	46	37	0.98	1	1	4	4	1	1	+T
III	234982	C	*/-A	37	2	5.13%	2	1	52	61	0.98	1	1	11	26	2	0	-A
III	253907	A	*/-T	1	2	28.57%	1	1	74	37	0.98	1	1	1	0	2	0	-T
III	253907	A	*/+T	1	4	57.14%	1	1	74	46	0.98	1	1	1	0	4	0	+T
III	286478	C	*/-TT	2	7	70%	1	2	49	35	0.98	1	1	2	0	4	3	-TT
III	286594	T	*/+A	2	9	69.23%	1	2	55	36	0.98	1	1	2	0	4	5	+A
III	293096	G	*/-T	10	8	38.1%	2	2	43	56	0.98	1	1	5	5	5	3	-T
III	293096	G	*/+T	10	3	14.29%	2	2	43	61	0.98	1	1	5	5	2	1	-T
III	348685	G	*/-AT	50	5	9.09%	2	1	45	42	0.98	1	1	26	24	5	0	-AT
III	365747	C	-A/-A	0	27	100%	0	2	0	40	0.98	0	1	0	0	18	9	-A
III	376332	T	*/+TA	11	2	15.38%	2	2	50	37	0.98	1	1	5	6	1	1	+TA
III	431910	C	*/-TT	20	2	9.09%	2	1	44	49	0.98	1	1	13	7	0	2	-TT
III	468760	T	*/-A	37	2	5.13%	2	2	50	49	0.98	1	1	16	21	1	1	-A
III	530919	C	*/+T	14	2	12.5%	2	2	49	55	0.98	1	1	7	7	1	1	+T
III	568658	C	*/-T	16	6	25%	2	2	38	43	0.98	1	1	14	2	3	3	-T
III	568658	C	*/+T	16	2	8.33%	2	2	38	36	0.98	1	1	14	2	1	1	-T
III	717677	A	*/-T	1	7	70%	1	2	74	38	0.98	1	1	1	0	4	3	-T
III	717677	A	*/-TT	1	2	20%	1	2	74	37	0.98	1	1	1	0	1	1	-T
III	719703	T	*/-A	17	2	10.53%	2	2	43	25	0.98	1	1	10	7	1	1	-A
III	719955	A	-C/-C	0	9	100%	0	2	0	42	0.98	0	1	0	0	3	6	-C
III	719973	C	-G/-G	0	4	100%	0	1	0	37	0.98	0	1	0	0	0	4	-G
III	720559	C	*/-T	9	2	16.67%	2	2	44	36	0.98	1	1	4	5	1	1	-T
III	720683	A	+T/+T	1	5	83.33%	1	2	48	41	0.98	1	1	1	0	2	3	+T
III	762516	T	*/-A	17	3	15%	2	2	41	37	0.98	1	1	8	9	1	2	-A
III	822701	G	*/-T	26	3	10%	2	2	42	49	0.98	1	1	14	12	1	2	-T
III	867865	C	-T/-T	0	15	100%	0	2	0	42	0.98	0	1	0	0	7	8	-T
III	897531	C	*/+A	22	2	7.69%	2	2	54	42	0.98	1	1	11	11	1	1	+A
III	898665	T	*/-A	17	2	10.53%	2	1	41	68	0.98	1	1	5	12	2	0	-A
III	958241	C	*/-T	15	3	13.64%	2	2	42	53	0.98	1	1	11	4	2	1	-T
III	958241	C	*/+T	15	4	18.18%	2	2	42	33	0.98	1	1	11	4	2	2	+T
III	966124	G	*/-T	14	12	38.71%	1	2	37	38	0.98	1	1	14	0	11	1	-T
III	966124	G	*/-TT	14	4	12.9%	1	1	37	37	0.98	1	1	14	0	4	0	-T
III	968622	C	*/-T	17	2	10.53%	2	2	53	37	0.98	1	1	9	8	1	1	-T
III	970548	C	*/-T	4	2	18.18%	1	1	33	31	0.98	1	1	4	0	0	2	-T
III	970548	C	*/-TT	4	2	18.18%	1	2	33	37	0.98	1	1	4	0	1	1	-T
III	970548	C	*/+T	4	2	18.18%	1	2	33	42	0.98	1	1	4	0	1	1	-T
III	970892	C	*/-T	11	2	15.38%	2	2	35	74	0.98	1	1	6	5	1	1	-T
III	996949	A	*/-T	15	3	15.79%	2	2	39	49	0.98	1	1	9	6	2	1	-T
III	1016311	G	+C/+C	0	45	100%	0	2	0	44	0.98	0	1	0	0	25	20	+C
III	1073505	T	*/+ATATAGAG	124	13	9.22%	2	2	52	41	0.98	1	1	79	45	10	3	+ATATAGAG
III	1075530	A	*/+TGGAAGTGGTAAG	123	16	11.43%	2	2	44	40	0.98	1	1	52	71	5	11	+TGGAAGTGGTAAG
III	1080146	T	*/+ATATAGAG	217	23	9.54%	2	2	44	42	0.98	1	1	82	135	12	11	+ATATAGAG
III	1082171	A	*/+TGGAAGTGGTAAG	125	15	10.49%	2	2	44	45	0.98	1	1	54	71	6	9	+TGGAAGTGGTAAG
III	1084110	A	*/-G	19	2	9.52%	2	2	39	37	0.98	1	1	8	11	1	1	-G
III	1094042	C	*/-A	19	2	9.52%	2	1	40	55	0.98	1	1	10	9	0	2	-A
III	1095550	G	*/-T	10	11	35.48%	2	2	39	44	0.98	1	1	5	5	8	3	-T
III	1095550	G	*/-TT	10	8	25.81%	2	2	39	46	0.98	1	1	5	5	7	1	-T
III	1103423	T	*/-A	11	8	28.57%	2	2	42	47	0.98	1	1	6	5	5	3	-A
III	1103423	T	*/-AA	11	5	17.86%	2	2	42	42	0.98	1	1	6	5	3	2	-A
III	1103423	T	*/-AAA	11	3	10.71%	2	2	42	37	0.98	1	1	6	5	2	1	-A
III	1108378	G	*/-TA	14	2	12.5%	2	2	47	55	0.98	1	1	8	6	1	1	-TA
III	1117723	T	*/+C	93	5	5.1%	2	1	44	56	0.98	1	1	38	55	0	5	+C
III	1121596	C	*/-T	15	2	11.76%	2	1	46	37	0.98	1	1	9	6	0	2	-T
III	1121609	C	*/-T	28	2	6.67%	2	1	42	37	0.98	1	1	15	13	0	2	-T
III	1121674	T	*/+ACCACTAACCATC	57	6	9.52%	2	2	44	32	0.98	1	1	36	21	4	2	+ACCACTAACCATC
III	1128434	T	*/+ACCACTAACCATC	49	4	7.55%	2	1	45	37	0.98	1	1	36	13	0	4	+ACCACTAACCATC
III	1135116	C	*/-T	28	2	6.67%	2	2	47	37	0.98	1	1	16	12	1	1	-T
III	1135194	T	*/+ACCACTAACCATC	59	4	6.35%	2	2	42	55	0.98	1	1	41	18	2	2	+ACCACTAACCATC
III	1144308	C	*/-T	16	2	11.11%	2	1	44	74	0.98	1	1	7	9	2	0	-T
III	1168360	T	*/-G	2	4	66.67%	1	1	37	43	0.98	1	1	2	0	4	0	-G
III	1252505	G	*/+T	14	2	8.33%	2	1	36	37	0.98	1	1	12	2	2	0	+T
III	1276315	G	*/-A	19	2	9.52%	2	2	44	55	0.98	1	1	9	10	1	1	-A
III	1394400	G	*/+A	8	2	20%	2	2	47	37	0.98	1	1	5	3	1	1	+A
III	1395701	A	*/+AATGT	10	4	21.05%	2	2	53	46	0.98	1	1	3	7	2	2	+AATGT
III	1421567	T	*/+G	1	2	25%	1	1	37	37	0.98	1	1	1	0	2	0	+G
III	1421567	T	*/+GGG	1	3	37.5%	1	1	37	33	0.98	1	1	1	0	3	0	+GGG
III	1510625	T	*/-G	20	2	9.09%	2	1	41	37	0.98	1	1	10	10	0	2	-G
III	1510629	T	*/-A	13	4	19.05%	2	2	39	37	0.98	1	1	8	5	2	2	-A
III	1510629	T	*/+A	13	3	14.29%	2	1	39	37	0.98	1	1	8	5	0	3	-A
III	1525255	A	*/-AATAAAATAAAATAG	17	6	26.09%	2	2	40	43	0.98	1	1	3	14	2	4	-AATAAAATAAAATAG
III	1547169	C	*/+A	9	2	16.67%	1	2	35	31	0.98	1	1	9	0	1	1	+A
III	1575951	G	*/+T	8	4	30.77%	1	2	38	43	0.98	1	1	8	0	2	2	+T
III	1581366	G	*/-T	16	2	11.11%	2	1	39	37	0.98	1	1	8	8	0	2	-T
III	1594933	T	*/-A	18	4	16%	2	2	44	46	0.98	1	1	6	12	2	2	-A
III	1594933	T	*/+A	18	2	8%	2	1	44	37	0.98	1	1	6	12	0	2	-A
III	1674618	C	*/-T	7	8	50%	2	2	36	39	0.98	1	1	4	3	5	3	-T
III	1685487	G	+A/+A	2	18	90%	2	2	31	46	0.98	1	1	1	1	8	10	+A
III	1691558	G	*/+T	20	2	9.09%	2	1	43	42	0.98	1	1	6	14	2	0	+T
III	1702276	A	*/+T	26	2	6.9%	2	1	45	49	0.98	1	1	15	11	2	0	+T
III	1703542	G	*/+A	12	3	18.75%	2	1	44	37	0.98	1	1	11	1	3	0	+A
III	1712983	G	*/-A	4	5	41.67%	1	2	46	49	0.98	1	1	4	0	3	2	-A
III	1712983	G	*/-AA	4	3	25%	1	1	46	40	0.98	1	1	4	0	3	0	-A
III	1756400	T	-A/-A	0	43	100%	0	2	0	48	0.98	0	1	0	0	22	21	-A
III	1757242	C	*/-T	37	2	5.13%	2	1	45	37	0.98	1	1	13	24	0	2	-T
III	1758846	C	*/-A	12	4	22.22%	2	2	39	52	0.98	1	1	11	1	3	1	-A
III	1765612	C	+T/+T	6	24	75%	1	2	33	46	0.98	1	1	6	0	10	14	+T
III	1765612	C	*/+TT	6	2	6.25%	1	2	33	37	0.98	1	1	6	0	1	1	+T
III	1774235	T	+GATC/+GATC	3	16	84.21%	1	2	37	47	0.98	1	1	3	0	8	8	+GATC
III	1821911	C	*/-A	10	5	31.25%	2	2	42	51	0.98	1	1	5	5	4	1	-A
III	1925626	C	*/-A	9	2	16.67%	2	1	40	42	0.98	1	1	5	4	0	2	-A
III	1985119	G	*/-T	13	2	11.76%	2	2	42	55	0.98	1	1	6	7	1	1	-T
III	1985119	G	*/+T	13	2	11.76%	2	2	42	61	0.98	1	1	6	7	1	1	-T
III	2010864	G	*/-TA	42	4	8.7%	2	1	44	43	0.98	1	1	14	28	0	4	-TA
III	2023016	T	*/-A	27	2	6.9%	2	2	45	74	0.98	1	1	14	13	1	1	-A
III	2028192	T	*/+A	28	2	6.25%	2	1	39	37	0.98	1	1	26	2	2	0	A
III	2035510	C	*/+T	7	2	20%	2	2	38	42	0.98	1	1	5	2	1	1	+T
III	2059105	C	*/-GCTCCTGGTGCT	26	2	7.14%	2	1	47	55	0.98	1	1	12	14	0	2	-GCTCCTGGTGCT
III	2067838	T	*/+AA	5	2	25%	2	1	36	31	0.98	1	1	4	1	2	0	+AA
III	2069607	G	*/-T	11	2	12.5%	2	1	39	37	0.98	1	1	8	3	2	0	-T
III	2069607	G	*/+T	11	3	18.75%	2	1	39	41	0.98	1	1	8	3	3	0	+T
III	2074510	C	*/-T	10	2	15.38%	2	1	37	37	0.98	1	1	8	2	2	0	-T
III	2076412	G	*/-T	9	4	25%	2	2	42	43	0.98	1	1	7	2	2	2	-T
III	2076412	G	*/+T	9	2	12.5%	2	1	42	55	0.98	1	1	7	2	2	0	-T
III	2076980	A	*/+T	7	2	20%	2	1	35	37	0.98	1	1	5	2	2	0	+T
III	2178240	T	*/-A	10	3	21.43%	2	1	40	32	0.98	1	1	7	3	0	3	-A
III	2190252	G	*/-A	4	2	25%	2	2	39	37	0.98	1	1	2	2	1	1	-A
III	2220935	C	*/-T	25	2	7.41%	2	2	42	43	0.98	1	1	8	17	1	1	-T
III	2284394	C	*/-T	10	2	9.52%	2	1	35	37	0.98	1	1	2	8	0	2	-T
III	2284394	C	*/+T	10	9	42.86%	2	2	35	35	0.98	1	1	2	8	1	8	+T
III	2309611	T	*/-A	14	2	11.76%	2	2	37	37	0.98	1	1	7	7	1	1	-A
III	2362468	C	*/-T	9	2	16.67%	2	2	46	36	0.98	1	1	6	3	1	1	-T
III	2364245	G	*/-AT	27	2	6.9%	2	2	49	74	0.98	1	1	16	11	1	1	-AT
III	2373166	G	*/-A	15	2	11.76%	2	1	46	37	0.98	1	1	11	4	2	0	-A
III	2376654	G	*/+A	15	2	11.11%	2	2	41	31	0.98	1	1	12	3	1	1	+A
III	2382018	A	*/-T	5	6	46.15%	2	2	59	47	0.98	1	1	4	1	4	2	-T
III	2382018	A	*/-TT	5	2	15.38%	2	2	59	37	0.98	1	1	4	1	1	1	-T
III	2420241	T	*/-AA	16	2	10.53%	2	1	38	62	0.98	1	1	15	1	0	2	-AA
III	2440483	G	*/+T	59	6	9.23%	2	2	42	37	0.98	1	1	30	29	5	1	+T
III	2443021	G	*/-A	38	9	18.37%	2	2	39	43	0.98	1	1	12	26	6	3	-A
III	2443562	A	*/+T	5	7	58.33%	1	1	34	35	0.98	1	1	0	5	0	7	+T
III	2447711	T	*/+A	358	49	12.04%	2	2	49	50	0.98	1	1	134	224	27	22	+A
III	2447848	T	*/-A	246	40	11.59%	2	2	46	39	0.98	1	1	171	75	24	16	-A
III	2447848	T	*/-AA	246	25	7.25%	2	2	46	44	0.98	1	1	171	75	19	6	-A
III	2447848	T	*/+A	246	23	6.67%	2	2	46	40	0.98	1	1	171	75	17	6	-A
III	2448309	T	-AA/-AA	17	126	84.56%	2	2	50	41	0.98	1	1	15	2	57	69	-AA
III	2448518	T	*/-A	487	48	8.56%	2	2	45	46	0.98	1	1	350	137	26	22	-A
III	2448543	A	*/-T	468	48	9.28%	2	2	47	52	0.98	1	1	263	205	29	19	-T
III	2451372	G	*/+T	51	11	17.19%	2	2	44	43	0.98	1	1	29	22	4	7	+T
