Chrom	Position	Ref	Cons	Reads1	Reads2	VarFreq	Strands1	Strands2	Qual1	Qual2	Pvalue	MapQual1	MapQual2	Reads1Plus	Reads1Minus	Reads2Plus	Reads2Minus	VarAllele
chr_II_telomeric_gap	6301	C	*/-AT	31	2	6.06%	2	2	44	55	0.98	1	1	10	21	1	1	-AT
chr_II_telomeric_gap	8538	G	*/-A	3	3	33.33%	1	1	37	33	0.98	1	1	3	0	3	0	-A
chr_II_telomeric_gap	8538	G	*/-AA	3	2	22.22%	1	1	37	37	0.98	1	1	3	0	2	0	-A
I	1965	C	*/-T	57	3	5%	2	1	42	45	0.98	1	1	38	19	0	3	-T
I	3160	A	*/+GTTGTCGTTGTCGTTGTC	71	7	7.37%	2	2	48	52	0.98	1	1	49	22	4	3	+GTTGTCGTTGTCGTTGTC
I	3160	A	*/+GTTGTCGTTGTCGTTGTCGTTGTC	71	14	14.74%	2	2	48	47	0.98	1	1	49	22	10	4	+GTTGTCGTTGTCGTTGTCGTTGTC
I	4047	C	*/-TGTCTCTGTCAT	78	9	10.34%	2	2	41	39	0.98	1	1	34	44	7	2	-TGTCTCTGTCAT
I	4053	C	*/+TGTCAT	60	11	15.28%	2	2	41	43	0.98	1	1	30	30	5	6	+TGTCAT
I	5677	G	*/-A	25	15	27.78%	2	2	37	45	0.98	1	1	24	1	11	4	-A
I	5677	G	*/-AA	25	6	11.11%	2	1	37	37	0.98	1	1	24	1	6	0	-A
I	5677	G	*/-AAA	25	4	7.41%	2	1	37	37	0.98	1	1	24	1	4	0	-A
I	6357	T	*/-A	50	7	9.46%	2	2	46	33	0.98	1	1	25	25	2	5	-A
I	6357	T	*/-AA	50	17	22.97%	2	2	46	48	0.98	1	1	25	25	7	10	-AA
I	7192	C	*/-A	20	5	10.87%	2	2	41	54	0.98	1	1	17	3	3	2	-A
I	7192	C	*/+A	20	5	10.87%	2	2	41	37	0.98	1	1	17	3	4	1	-A
I	7192	C	*/+AA	20	11	23.91%	2	2	41	41	0.98	1	1	17	3	7	4	+AA
I	10859	G	*/-TT	12	9	40.91%	2	2	38	50	0.98	1	1	8	4	2	7	-TT
I	15734	C	*/-A	22	9	28.12%	2	2	42	48	0.98	1	1	13	9	6	3	-A
I	17331	C	*/-AT	60	4	6.25%	2	1	45	43	0.98	1	1	30	30	4	0	-AT
I	19694	T	*/+A	44	4	8.33%	2	1	55	37	0.98	1	1	25	19	4	0	+A
I	24666	A	*/-G	85	5	5.56%	2	2	51	59	0.98	1	1	45	40	3	2	-G
I	27402	A	*/-C	12	3	10%	2	1	39	33	0.98	1	1	1	11	0	3	-C
I	27402	A	*/+C	12	13	43.33%	2	1	39	37	0.98	1	1	1	11	0	13	+C
I	27402	A	*/+CC	12	2	6.67%	2	1	39	31	0.98	1	1	1	11	0	2	+C
I	28398	A	*/+C	82	7	7.87%	2	2	44	58	0.98	1	1	14	68	5	2	+C
I	28467	C	*/+A	44	5	10.2%	2	2	51	56	0.98	1	1	21	23	3	2	+A
I	54917	C	*/+A	30	2	6.25%	2	2	42	37	0.98	1	1	16	14	1	1	+A
I	55244	T	*/-A	10	4	16.67%	2	2	40	36	0.98	1	1	8	2	3	1	-A
I	55244	T	*/-AA	10	5	20.83%	2	1	40	37	0.98	1	1	8	2	5	0	-AA
I	55244	T	*/-AAA	10	3	12.5%	2	1	40	37	0.98	1	1	8	2	3	0	-AA
I	55244	T	*/+A	10	2	8.33%	2	1	40	37	0.98	1	1	8	2	2	0	-AA
I	70910	T	*/+GC	16	2	11.11%	2	1	46	37	0.98	1	1	10	6	0	2	+GC
I	101871	A	+G/+G	0	30	93.75%	0	2	0	45	0.98	0	1	0	0	12	18	+G
I	110895	T	*/-TTG	34	2	5.56%	2	2	46	74	0.98	1	1	22	12	1	1	-TTG
I	137559	T	*/-AC	35	2	5.41%	2	1	41	37	0.98	1	1	25	10	2	0	-AC
I	140721	G	*/-A	21	2	8.7%	2	2	42	55	0.98	1	1	9	12	1	1	-A
I	190112	C	*/-A	8	2	15.38%	2	1	44	37	0.98	1	1	4	4	2	0	-A
I	206448	C	*/-T	11	2	13.33%	2	2	35	42	0.98	1	1	10	1	1	1	-T
I	216147	C	*/-T	11	5	27.78%	2	1	41	42	0.98	1	1	5	6	0	5	-T
I	216147	C	*/+T	11	2	11.11%	2	2	41	55	0.98	1	1	5	6	1	1	-T
I	232688	T	*/-A	5	4	40%	2	2	36	34	0.98	1	1	2	3	2	2	-A
I	240121	G	+T/+T	1	11	91.67%	1	2	37	42	0.98	1	1	0	1	9	2	+T
I	414079	C	*/-T	13	4	21.05%	2	2	43	52	0.98	1	1	6	7	2	2	-T
I	414079	C	*/+T	13	2	10.53%	2	2	43	55	0.98	1	1	6	7	1	1	-T
I	440084	T	*/+AA	0	3	50%	0	2	0	33	0.98	0	1	0	0	1	2	+AA
I	441614	C	*/-T	5	4	25%	2	1	43	37	0.98	1	1	3	2	4	0	-T
I	441614	C	*/-TT	5	3	18.75%	2	1	43	40	0.98	1	1	3	2	3	0	-T
I	453369	G	*/-A	6	3	16.67%	2	1	37	37	0.98	1	1	5	1	3	0	-A
I	453369	G	*/+A	6	6	33.33%	2	2	37	43	0.98	1	1	5	1	5	1	+A
I	453369	G	*/+AA	6	2	11.11%	2	1	37	37	0.98	1	1	5	1	2	0	+A
I	454339	G	+GAAA/+GAAA	1	7	87.5%	1	1	74	35	0.98	1	1	0	1	7	0	+GAAA
I	456726	G	*/-T	28	5	14.71%	2	2	41	59	0.98	1	1	21	7	2	3	-T
I	464017	C	*/-A	7	2	16.67%	2	1	37	55	0.98	1	1	6	1	0	2	-A
I	464017	C	*/+A	7	3	25%	2	2	37	37	0.98	1	1	6	1	1	2	+A
I	470378	A	-C/-C	0	16	100%	0	2	0	43	0.98	0	1	0	0	10	6	-C
I	470390	A	-C/-C	0	19	100%	0	2	0	46	0.98	0	1	0	0	12	7	-C
I	482737	A	+G/+G	2	41	93.18%	2	2	55	43	0.98	1	1	1	1	17	24	+G
I	521845	T	*/-A	21	8	26.67%	2	2	46	34	0.98	1	1	9	12	2	6	-A
I	528541	C	*/+A	32	4	10.81%	2	2	41	37	0.98	1	1	20	12	3	1	+A
I	554527	A	+T/+T	3	17	80.95%	1	2	33	42	0.98	1	1	3	0	9	8	+T
I	562745	A	*/+T	4	6	50%	2	2	46	43	0.98	1	1	1	3	2	4	+T
I	609849	C	*/+T	28	2	6.45%	2	1	41	42	0.98	1	1	20	8	2	0	+T
I	670032	C	+A/+A	1	62	96.88%	1	2	37	52	0.98	1	1	1	0	28	34	+A
I	682993	T	-C/-C	0	48	100%	0	2	0	45	0.98	0	1	0	0	14	34	-C
I	744683	G	*/+A	34	2	5.56%	2	2	47	37	0.98	1	1	10	24	1	1	+A
I	793917	A	*/-T	4	2	28.57%	2	2	46	37	0.98	1	1	3	1	1	1	-T
I	851935	C	*/+T	66	6	8.33%	2	2	44	37	0.98	1	1	33	33	3	3	+T
I	862962	C	+T/+T	1	20	95.24%	1	2	37	44	0.98	1	1	0	1	10	10	+T
I	934908	T	*/+AA	9	3	23.08%	2	2	35	29	0.98	1	1	8	1	2	1	+AA
I	960025	G	+T/+T	1	11	91.67%	1	2	37	41	0.98	1	1	0	1	7	4	+T
I	965438	C	*/+A	7	6	40%	2	1	43	37	0.98	1	1	4	3	6	0	+A
I	965438	C	*/+AA	7	2	13.33%	2	1	43	37	0.98	1	1	4	3	2	0	+A
I	1014428	C	*/+AT	30	2	6.25%	2	1	45	37	0.98	1	1	13	17	2	0	+AT
I	1048635	G	+A/+A	3	18	81.82%	1	2	53	43	0.98	1	1	3	0	13	5	+A
I	1079583	T	*/+AAAAAAAAA	3	2	33.33%	1	1	37	37	0.98	1	1	3	0	2	0	+AAAAAAAAA
I	1148104	A	+T/+T	1	7	87.5%	1	2	74	45	0.98	1	1	1	0	5	2	+T
I	1152144	C	*/-T	21	2	8.33%	2	2	45	55	0.98	1	1	7	14	1	1	-T
I	1185797	G	*/-A	11	2	12.5%	2	2	42	42	0.98	1	1	7	4	1	1	-A
I	1185797	G	*/+A	11	2	12.5%	2	2	42	31	0.98	1	1	7	4	1	1	-A
I	1206603	G	*/-T	53	5	8.62%	2	2	49	34	0.98	1	1	29	24	2	3	-T
I	1255138	C	+T/+T	2	13	76.47%	1	2	31	44	0.98	1	1	2	0	9	4	+T
I	1274803	T	+A/+A	0	21	100%	0	2	0	52	0.98	0	1	0	0	13	8	+A
I	1285947	A	*/-TC	27	2	6.9%	2	1	47	37	0.98	1	1	15	12	0	2	-TC
I	1290605	A	*/-T	13	4	21.05%	2	2	38	55	0.98	1	1	8	5	2	2	-T
I	1290605	A	*/+T	13	2	10.53%	2	2	38	31	0.98	1	1	8	5	1	1	-T
I	1294704	G	*/-A	9	2	18.18%	2	1	45	37	0.98	1	1	5	4	2	0	-A
I	1424708	C	-A/-A	1	23	95.83%	1	2	37	48	0.98	1	1	1	0	10	13	-A
I	1430808	C	*/+AA	31	2	6.06%	2	2	52	31	0.98	1	1	13	18	1	1	+AA
I	1442902	A	*/+C	20	3	13.04%	2	2	43	37	0.98	1	1	11	9	1	2	+C
I	1454446	C	*/+A	22	2	8%	2	2	41	37	0.98	1	1	17	5	1	1	+A
I	1478066	G	*/-A	20	2	9.09%	2	1	40	37	0.98	1	1	17	3	2	0	-A
I	1496317	C	*/-A	6	17	60.71%	2	2	47	43	0.98	1	1	2	4	6	11	-A
I	1496317	C	*/-AA	6	3	10.71%	2	2	47	49	0.98	1	1	2	4	1	2	-A
I	1496317	C	*/-AAA	6	2	7.14%	2	1	47	55	0.98	1	1	2	4	0	2	-A
I	1509277	C	*/+T	8	10	52.63%	2	2	50	50	0.98	1	1	7	1	5	5	+T
I	1541472	G	*/-T	15	5	22.73%	2	2	39	39	0.98	1	1	11	4	3	2	-T
I	1573611	C	+A/+A	2	17	89.47%	1	2	74	41	0.98	1	1	2	0	8	9	+A
I	1595056	C	*/+T	9	3	21.43%	1	1	34	36	0.98	1	1	9	0	3	0	+T
I	1599291	T	*/-A	6	5	35.71%	2	1	35	44	0.98	1	1	3	3	0	5	-A
I	1599291	T	*/+A	6	2	14.29%	2	2	35	37	0.98	1	1	3	3	1	1	-A
I	1625092	T	+C/+C	0	27	100%	0	2	0	46	0.98	0	1	0	0	16	11	+C
I	1765306	C	*/-A	6	2	20%	1	1	38	42	0.98	1	1	6	0	2	0	-A
I	1777634	A	*/-T	16	5	20.83%	2	2	40	59	0.98	1	1	10	6	3	2	-T
I	1829371	A	*/+T	13	2	13.33%	2	2	42	31	0.98	1	1	8	5	1	1	+T
I	1837916	G	*/-T	8	2	12.5%	2	2	34	37	0.98	1	1	7	1	1	1	-T
I	1837916	G	*/-TT	8	3	18.75%	2	2	34	36	0.98	1	1	7	1	1	2	-TT
I	1848384	C	*/+A	17	2	10%	2	2	37	42	0.98	1	1	15	2	1	1	+A
I	1849285	C	*/-T	43	5	10%	2	2	43	49	0.98	1	1	22	21	3	2	-T
I	1852137	C	*/-A	21	2	8.33%	2	1	46	37	0.98	1	1	9	12	0	2	-A
I	1888249	C	*/-TT	38	2	5%	2	2	42	31	0.98	1	1	19	19	1	1	-TT
I	1890184	C	*/-A	6	7	38.89%	2	2	36	42	0.98	1	1	2	4	3	4	-A
I	1890184	C	*/+A	6	2	11.11%	2	2	36	55	0.98	1	1	2	4	1	1	-A
I	1936294	G	+A/+A	0	16	100%	0	2	0	50	0.98	0	1	0	0	11	5	+A
I	1952313	A	+T/+T	2	36	94.74%	1	2	55	45	0.98	1	1	0	2	22	14	+T
I	1954162	C	*/-A	13	6	24%	2	2	42	43	0.98	1	1	9	4	4	2	-A
I	1954162	C	*/-AA	13	3	12%	2	2	42	65	0.98	1	1	9	4	2	1	-A
I	1955754	C	*/+TT	4	4	40%	2	2	31	37	0.98	1	1	3	1	2	2	+TT
I	1955853	T	+A/+A	2	10	76.92%	1	2	37	42	0.98	1	1	2	0	6	4	+A
I	2016958	G	*/-T	25	2	7.41%	2	1	45	37	0.98	1	1	16	9	2	0	-T
I	2025000	C	*/+T	8	5	35.71%	1	2	43	34	0.98	1	1	8	0	4	1	+T
I	2041948	T	*/-A	23	3	10.34%	1	2	36	40	0.98	1	1	23	0	2	1	-A
I	2052488	A	*/-T	18	5	20.83%	2	2	50	51	0.98	1	1	15	3	4	1	-T
I	2096013	T	*/-A	16	2	11.11%	2	2	39	37	0.98	1	1	13	3	1	1	-A
I	2118965	G	*/+T	31	2	6.06%	2	2	52	37	0.98	1	1	14	17	1	1	+T
I	2139856	G	+T/+T	1	7	77.78%	1	2	62	33	0.98	1	1	0	1	4	3	+T
I	2154491	T	+A/+A	0	18	100%	0	2	0	38	0.98	0	1	0	0	7	11	+A
I	2174555	C	*/-A	12	10	40%	2	2	36	36	0.98	1	1	9	3	5	5	-A
I	2174555	C	*/-AA	12	3	12%	2	2	36	40	0.98	1	1	9	3	1	2	-A
I	2205094	G	*/+A	17	2	10.53%	2	2	39	37	0.98	1	1	9	8	1	1	+A
I	2244633	G	*/+GA	34	2	5.56%	2	1	45	37	0.98	1	1	20	14	2	0	+GA
I	2245479	T	*/+C	5	11	42.31%	2	2	44	39	0.98	1	1	2	3	7	4	+C
I	2245479	T	*/+CC	5	8	30.77%	2	2	44	34	0.98	1	1	2	3	1	7	+C
I	2250213	T	*/-A	11	2	15.38%	2	2	37	37	0.98	1	1	3	8	1	1	-A
I	2273201	T	*/-A	10	6	33.33%	2	2	38	37	0.98	1	1	9	1	4	2	-A
I	2288240	C	-G/-G	0	42	100%	0	2	0	46	0.98	0	1	0	0	21	21	-G
I	2311906	G	*/-T	21	5	19.23%	2	2	47	37	0.98	1	1	14	7	1	4	-T
I	2322454	A	*/+G	28	5	15.15%	2	1	52	34	0.98	1	1	17	11	5	0	+G
I	2322636	C	*/-A	14	9	33.33%	1	2	36	36	0.98	1	1	14	0	7	2	-A
I	2322636	C	*/+A	14	2	7.41%	1	1	36	37	0.98	1	1	14	0	2	0	-A
I	2325657	G	*/-T	29	2	6.25%	2	1	45	37	0.98	1	1	12	17	2	0	-T
I	2327021	C	*/-A	9	3	21.43%	2	2	43	37	0.98	1	1	6	3	2	1	-A
I	2343703	G	+A/+A	0	14	100%	0	2	0	40	0.98	0	1	0	0	9	5	+A
I	2350123	C	*/-T	19	2	9.52%	2	2	40	55	0.98	1	1	12	7	1	1	-T
I	2421576	A	-C/-C	0	24	100%	0	2	0	42	0.98	0	1	0	0	12	12	-C
I	2452410	A	*/+T	33	2	5.56%	2	2	54	51	0.98	1	1	17	16	1	1	+T
I	2499149	A	-T/-T	2	16	88.89%	1	2	55	40	0.98	1	1	2	0	5	11	-T
I	2502628	T	*/-A	26	2	7.14%	2	2	45	74	0.98	1	1	16	10	1	1	-A
I	2507462	T	+A/+A	1	25	96.15%	1	2	37	46	0.98	1	1	0	1	13	12	+A
I	2510060	T	+A/+A	4	19	79.17%	1	2	37	41	0.98	1	1	0	4	13	6	+A
I	2520612	G	*/-T	19	2	9.09%	2	1	47	55	0.98	1	1	10	9	2	0	-T
I	2525300	T	*/+A	21	3	12%	2	2	51	49	0.98	1	1	8	13	2	1	+A
I	2525713	C	*/-T	18	7	23.33%	2	2	39	40	0.98	1	1	16	2	5	2	-T
I	2525713	C	*/-TT	18	4	13.33%	2	1	39	37	0.98	1	1	16	2	4	0	-T
I	2578262	T	*/-A	16	8	33.33%	2	2	47	34	0.98	1	1	10	6	2	6	-A
I	2588021	C	+A/+A	0	13	100%	0	2	0	39	0.98	0	1	0	0	6	7	+A
I	2588066	C	+A/+A	0	9	100%	0	2	0	56	0.98	0	1	0	0	4	5	+A
I	2591880	T	*/-G	36	3	7.69%	2	2	51	61	0.98	1	1	26	10	2	1	-G
I	2594263	C	+T/+T	1	11	91.67%	1	2	37	49	0.98	1	1	0	1	5	6	+T
I	2594324	T	*/+A	4	8	66.67%	2	2	46	50	0.98	1	1	1	3	5	3	+A
I	2594351	T	+A/+A	1	7	87.5%	1	2	37	47	0.98	1	1	1	0	4	3	+A
I	2594391	A	+T/+T	1	9	90%	1	2	37	49	0.98	1	1	1	0	6	3	+T
I	2605860	G	-T/-T	1	29	96.67%	1	2	37	42	0.98	1	1	0	1	5	24	-T
I	2607669	A	+T/+T	3	28	90.32%	2	2	61	49	0.98	1	1	2	1	20	8	+T
I	2624384	T	*/+A	12	2	14.29%	2	1	43	55	0.98	1	1	6	6	0	2	+A
I	2641998	C	*/+T	3	3	37.5%	1	2	27	29	0.98	1	1	3	0	2	1	+T
I	2683902	T	-C/-C	2	17	89.47%	1	2	37	47	0.98	1	1	0	2	8	9	-C
I	2689254	A	*/-T	10	2	14.29%	2	1	46	55	0.98	1	1	6	4	2	0	-T
I	2689254	A	*/+T	10	2	14.29%	2	1	46	37	0.98	1	1	6	4	2	0	-T
I	2747027	T	*/-A	9	6	35.29%	2	2	41	41	0.98	1	1	7	2	5	1	-A
I	2751236	T	-A/-A	0	27	84.38%	0	2	0	41	0.98	0	1	0	0	8	19	-A
I	2751236	T	*/-AA	0	4	12.5%	0	1	0	49	0.98	0	1	0	0	0	4	-A
I	2759871	T	+C/+C	2	10	76.92%	1	2	37	46	0.98	1	1	2	0	7	3	+C
I	2841238	C	*/+A	35	2	5.41%	2	1	50	49	0.98	1	1	13	22	0	2	+A
I	2907177	C	*/-A	27	2	6.9%	2	1	49	37	0.98	1	1	12	15	0	2	-A
I	2960782	C	*/+T	9	11	55%	2	2	45	40	0.98	1	1	6	3	5	6	+T
I	2963080	T	*/-A	24	4	13.79%	2	2	41	37	0.98	1	1	9	15	2	2	-A
I	2973185	G	*/-A	39	8	17.02%	2	2	49	37	0.98	1	1	13	26	4	4	-A
I	2994643	A	*/+T	18	3	14.29%	2	2	46	61	0.98	1	1	7	11	1	2	+T
I	3033347	C	*/-T	25	7	20%	2	2	42	44	0.98	1	1	13	12	5	2	-T
I	3033347	C	*/+T	25	2	5.71%	2	2	42	37	0.98	1	1	13	12	1	1	-T
I	3125118	A	+T/+T	0	18	100%	0	2	0	44	0.98	0	1	0	0	6	12	+T
I	3144699	T	*/-AA	7	3	23.08%	2	2	35	41	0.98	1	1	5	2	2	1	-AA
I	3144699	T	*/+A	7	2	15.38%	2	1	35	68	0.98	1	1	5	2	0	2	-AA
I	3159994	C	*/-T	72	7	8.43%	2	2	41	42	0.98	1	1	53	19	6	1	-T
I	3164576	A	*/-AT	14	2	12.5%	2	1	38	55	0.98	1	1	8	6	2	0	-AT
I	3166776	G	*/+TT	7	2	8.33%	2	2	37	31	0.98	1	1	5	2	1	1	+TT
I	3166776	G	*/+TTT	7	14	58.33%	2	2	37	42	0.98	1	1	5	2	10	4	+TTT
I	3178494	C	+T/+T	4	22	84.62%	2	2	46	45	0.98	1	1	1	3	12	10	+T
I	3184255	T	*/-A	11	2	13.33%	2	2	40	61	0.98	1	1	6	5	1	1	-A
I	3184255	T	*/-AA	11	2	13.33%	2	2	40	55	0.98	1	1	6	5	1	1	-A
I	3197528	A	+G/+G	2	35	92.11%	1	2	37	45	0.98	1	1	0	2	13	22	+G
I	3299997	G	*/-A	36	4	9.52%	2	2	44	40	0.98	1	1	24	12	3	1	-A
I	3303111	C	*/-T	27	4	12.5%	2	2	46	46	0.98	1	1	22	5	2	2	-T
I	3303394	C	*/-AT	34	2	5.41%	2	2	40	43	0.98	1	1	7	27	1	1	-AT
I	3380404	C	*/+A	21	2	8%	2	2	43	37	0.98	1	1	18	3	1	1	+A
I	3404612	C	*/-T	3	2	40%	1	1	37	25	0.98	1	1	3	0	0	2	-T
I	3404991	C	*/-T	6	2	20%	1	1	37	37	0.98	1	1	6	0	2	0	-T
I	3410124	A	*/+T	17	4	18.18%	2	1	39	34	0.98	1	1	7	10	0	4	+T
I	3450130	G	-T/-T	3	28	90.32%	1	2	37	47	0.98	1	1	0	3	9	19	-T
I	3460318	T	+C/+C	0	20	100%	0	2	0	51	0.98	0	1	0	0	7	13	+C
I	3462650	A	*/-T	11	2	13.33%	2	1	44	37	0.98	1	1	6	5	0	2	-T
I	3462650	A	*/+T	11	2	13.33%	2	2	44	37	0.98	1	1	6	5	1	1	-T
I	3538413	A	+T/+T	2	15	88.24%	2	2	37	50	0.98	1	1	1	1	5	10	+T
I	3538428	G	+T/+T	1	14	93.33%	1	2	37	41	0.98	1	1	0	1	4	10	+T
I	3538436	T	+A/+A	1	12	92.31%	1	2	37	43	0.98	1	1	1	0	3	9	+A
I	3538449	T	+TA/+TA	1	14	93.33%	1	2	25	38	0.98	1	1	1	0	4	10	+TA
I	3538456	A	+AT/+AT	0	14	100%	0	2	0	39	0.98	0	1	0	0	4	10	+AT
I	3576627	C	*/-T	2	3	50%	1	1	37	37	0.98	1	1	2	0	3	0	-T
I	3576756	T	*/+TCTTCTC	2	6	46.15%	1	2	37	41	0.98	1	1	0	2	2	4	+TCTTCTC
I	3576929	C	+T/+T	0	16	100%	0	2	0	40	0.98	0	1	0	0	10	6	+T
I	3578504	A	+T/+T	0	7	87.5%	0	2	0	40	0.98	0	1	0	0	6	1	+T
I	3578638	A	*/+T	4	3	37.5%	1	1	46	45	0.98	1	1	0	4	0	3	+T
I	3580034	C	*/+T	3	5	55.56%	2	1	36	44	0.98	1	1	2	1	5	0	+T
I	3585132	A	*/-T	28	2	6.45%	2	2	41	37	0.98	1	1	12	16	1	1	-T
I	3659724	C	*/-T	29	2	6.06%	2	2	43	37	0.98	1	1	22	7	1	1	-T
I	3659724	C	*/+T	29	2	6.06%	2	2	43	38	0.98	1	1	22	7	1	1	-T
I	3665610	G	+C/+C	0	55	96.49%	0	2	0	46	0.98	0	1	0	0	36	19	+C
I	3700385	T	*/+A	3	2	10.53%	2	1	33	37	0.98	1	1	2	1	0	2	+A
I	3700385	T	*/+AA	3	14	73.68%	2	2	33	37	0.98	1	1	2	1	3	11	+AA
I	3730369	A	+T/+T	0	12	100%	0	2	0	39	0.98	0	1	0	0	8	4	+T
I	3745734	A	*/-AT	25	2	7.14%	2	2	56	37	0.98	1	1	10	15	1	1	-AT
I	3765328	C	+T/+T	1	21	95.45%	1	2	37	39	0.98	1	1	0	1	20	1	+T
I	3776888	C	*/-T	21	4	15.38%	2	2	36	36	0.98	1	1	17	4	3	1	-T
I	3776933	G	+A/+A	3	20	83.33%	1	2	32	37	0.98	1	1	3	0	4	16	+A
I	3776944	A	*/-G	22	2	8.33%	2	1	38	37	0.98	1	1	5	17	2	0	-G
I	3785886	G	*/-TATAT	28	21	42.86%	2	2	48	54	0.98	1	1	9	19	7	14	-TATAT
I	3807341	C	*/+A	22	2	8.33%	2	1	45	55	0.98	1	1	15	7	2	0	+A
I	3825510	G	*/-T	19	4	17.39%	2	2	44	34	0.98	1	1	13	6	3	1	-T
I	3830510	A	+T/+T	3	23	88.46%	1	2	49	46	0.98	1	1	3	0	16	7	+T
I	3846638	G	-C/-C	1	44	97.78%	1	2	37	48	0.98	1	1	1	0	15	29	-C
I	3848002	C	*/-A	23	2	7.69%	2	1	42	37	0.98	1	1	11	12	2	0	-A
I	3850523	C	*/-T	19	5	20%	2	2	43	44	0.98	1	1	12	7	2	3	-T
I	3855790	G	-T/-T	1	17	94.44%	1	2	37	45	0.98	1	1	1	0	7	10	-T
I	3866132	G	*/+TA	21	2	7.69%	2	2	47	55	0.98	1	1	10	11	1	1	+TA
I	3879465	T	*/+A	17	3	15%	2	2	48	49	0.98	1	1	8	9	1	2	+A
I	3896841	C	*/+T	23	2	8%	2	2	42	37	0.98	1	1	9	14	1	1	+T
I	3940025	G	+T/+T	2	34	94.44%	1	2	49	46	0.98	1	1	2	0	16	18	+T
I	3984736	A	*/-GGT	160	12	6.98%	2	2	45	37	0.98	1	1	47	113	1	11	-GGT
I	3992211	A	*/-AAC	27	4	12.9%	2	2	41	34	0.98	1	1	6	21	1	3	-AAC
I	3992212	A	*/-AC	22	4	15.38%	2	2	41	43	0.98	1	1	4	18	1	3	-AC
I	3995023	C	*/-T	12	2	10.53%	2	1	38	42	0.98	1	1	10	2	0	2	-T
I	3995023	C	*/-TT	12	3	15.79%	2	1	38	49	0.98	1	1	10	2	3	0	-TT
I	3995862	A	*/+T	123	8	6.11%	2	2	45	40	0.98	1	1	70	53	7	1	+T
I	3996048	G	*/-A	142	8	5.33%	2	2	50	50	0.98	1	1	71	71	1	7	-A
I	4004016	G	*/-T	15	3	13.64%	2	1	52	33	0.98	1	1	9	6	3	0	-T
I	4004016	G	*/-TT	15	2	9.09%	2	2	52	31	0.98	1	1	9	6	1	1	-T
I	4004016	G	*/+T	15	2	9.09%	2	2	52	37	0.98	1	1	9	6	1	1	-T
I	4005819	C	*/-A	25	3	10.71%	2	2	47	33	0.98	1	1	14	11	1	2	-A
I	4010237	A	*/+G	6	3	30%	2	1	47	37	0.98	1	1	2	4	3	0	+G
I	4055052	T	+A/+A	6	27	81.82%	1	2	43	47	0.98	1	1	6	0	18	9	+A
I	4119691	A	*/-T	35	2	5.41%	2	1	47	37	0.98	1	1	17	18	0	2	-T
I	4140001	G	*/-T	13	2	13.33%	2	1	34	37	0.98	1	1	5	8	0	2	-T
I	4153651	C	*/+T	13	8	36.36%	2	2	40	46	0.98	1	1	12	1	6	2	+T
I	4179641	C	*/+A	11	4	25%	2	2	38	43	0.98	1	1	8	3	3	1	+A
I	4179701	C	*/+T	6	6	46.15%	2	2	39	34	0.98	1	1	4	2	3	3	+T
I	4232991	G	*/+GATA	10	19	54.29%	2	2	44	42	0.98	1	1	3	7	14	5	+GATA
I	4241118	G	*/-A	14	3	15.79%	2	2	47	37	0.98	1	1	11	3	2	1	-A
I	4241118	G	*/+A	14	2	10.53%	2	1	47	55	0.98	1	1	11	3	2	0	-A
I	4251886	T	*/+A	20	2	9.09%	2	1	41	37	0.98	1	1	14	6	0	2	+A
I	4276890	G	+T/+T	2	13	81.25%	1	2	37	39	0.98	1	1	0	2	7	6	+T
I	4304169	G	+A/+A	1	13	92.86%	1	2	37	45	0.98	1	1	1	0	5	8	+A
I	4338694	G	*/-T	39	3	6.82%	2	2	44	37	0.98	1	1	27	12	2	1	-T
I	4374342	A	-G/-G	1	35	97.22%	1	2	74	54	0.98	1	1	0	1	20	15	-G
I	4386268	G	*/-A	5	5	45.45%	1	2	33	39	0.98	1	1	5	0	4	1	-A
I	4405031	T	*/+G	28	2	6.67%	2	2	48	55	0.98	1	1	21	7	1	1	+G
I	4407494	T	+G/+G	1	36	97.3%	1	2	37	50	0.98	1	1	1	0	23	13	+G
I	4410191	C	-G/-G	1	25	96.15%	1	2	74	44	0.98	1	1	1	0	15	10	-G
I	4414201	C	*/-T	2	6	50%	2	2	42	35	0.98	1	1	1	1	5	1	-T
I	4414201	C	*/-TT	2	3	25%	2	2	42	36	0.98	1	1	1	1	2	1	-T
I	4431856	G	+A/+A	3	37	92.5%	1	2	61	45	0.98	1	1	3	0	18	19	+A
I	4431868	C	+A/+A	1	34	94.44%	1	2	37	42	0.98	1	1	0	1	17	17	+A
I	4442621	A	*/-AT	43	7	14%	2	2	51	58	0.98	1	1	20	23	2	5	-AT
I	4455149	G	*/+A	4	5	45.45%	1	2	34	29	0.98	1	1	4	0	1	4	+A
I	4507370	C	*/-A	14	2	11.76%	2	1	51	55	0.98	1	1	9	5	2	0	-A
I	4514478	T	*/-A	7	3	21.43%	2	2	37	49	0.98	1	1	6	1	1	2	-A
I	4533252	C	*/-T	8	3	27.27%	2	2	37	41	0.98	1	1	4	4	2	1	-T
I	4554573	C	*/+A	34	2	5.56%	2	1	40	37	0.98	1	1	30	4	0	2	+A
I	4604648	T	*/-C	16	3	15%	2	1	38	49	0.98	1	1	13	3	0	3	-C
I	4604649	C	*/-T	13	2	11.76%	2	1	37	37	0.98	1	1	12	1	2	0	-T
I	4604649	C	*/+T	13	2	11.76%	2	2	37	38	0.98	1	1	12	1	1	1	-T
I	4648159	T	*/-G	9	15	55.56%	2	2	39	43	0.98	1	1	5	4	13	2	-G
I	4648159	T	*/-GG	9	3	11.11%	2	2	39	33	0.98	1	1	5	4	1	2	-G
I	4721875	G	+A/+A	0	10	90.91%	0	2	0	40	0.98	0	1	0	0	5	5	+A
I	4760698	T	*/-A	6	3	33.33%	2	2	55	37	0.98	1	1	2	4	1	2	-A
I	4764248	A	*/+T	30	2	6.25%	2	2	52	37	0.98	1	1	22	8	1	1	+T
I	4764253	G	*/+A	9	14	46.67%	2	2	47	47	0.98	1	1	7	2	9	5	+A
I	4764253	G	*/+AA	9	4	13.33%	2	1	47	46	0.98	1	1	7	2	4	0	+A
I	4911431	G	*/+T	9	2	14.29%	1	1	37	31	0.98	1	1	9	0	0	2	+T
I	4916623	C	*/-A	11	4	21.05%	2	2	41	31	0.98	1	1	6	5	2	2	-A
I	4916623	C	*/-AA	11	3	15.79%	2	2	41	56	0.98	1	1	6	5	1	2	-A
I	4926045	T	*/+A	19	3	13.64%	2	1	40	49	0.98	1	1	18	1	0	3	+A
I	4926046	C	*/+T	9	7	33.33%	1	1	33	38	0.98	1	1	9	0	7	0	+T
I	4972287	C	*/-A	46	5	9.62%	2	1	47	37	0.98	1	1	17	29	0	5	-A
I	4977831	A	*/+TT	29	2	6.45%	2	1	45	37	0.98	1	1	17	12	0	2	+TT
I	4984784	A	*/-T	12	3	18.75%	2	2	39	45	0.98	1	1	8	4	2	1	-T
I	5002717	C	*/-A	14	3	15%	2	2	36	36	0.98	1	1	13	1	1	2	-A
I	5002717	C	*/+A	14	2	10%	2	2	36	37	0.98	1	1	13	1	1	1	-A
I	5039623	T	*/+A	13	2	13.33%	2	1	44	49	0.98	1	1	12	1	2	0	+A
I	5058829	C	*/-T	25	3	10.34%	2	2	44	37	0.98	1	1	11	14	2	1	-T
I	5060109	A	*/-T	19	2	8.33%	2	2	44	37	0.98	1	1	8	11	1	1	-T
I	5060109	A	*/+T	19	2	8.33%	2	1	44	42	0.98	1	1	8	11	0	2	-T
I	5078848	G	*/+A	12	2	14.29%	2	1	36	37	0.98	1	1	6	6	2	0	+A
I	5096442	G	*/+T	9	2	14.29%	2	2	43	31	0.98	1	1	7	2	1	1	+T
I	5142627	A	+G/+G	0	25	100%	0	2	0	42	0.98	0	1	0	0	8	17	+G
I	5148414	T	-A/-A	3	35	92.11%	1	2	37	47	0.98	1	1	3	0	18	17	-A
I	5155608	C	*/+A	7	2	20%	2	1	33	37	0.98	1	1	5	2	2	0	+A
I	5158148	C	*/+T	27	4	12.9%	2	2	48	52	0.98	1	1	8	19	3	1	+T
I	5159554	C	*/-T	32	4	10.53%	2	1	45	43	0.98	1	1	8	24	0	4	-T
I	5159554	C	*/+T	32	2	5.26%	2	1	45	55	0.98	1	1	8	24	2	0	-T
I	5160247	C	+TT/+TT	2	9	81.82%	2	2	31	43	0.98	1	1	1	1	5	4	+TT
I	5173087	C	+T/+T	3	21	87.5%	1	2	40	41	0.98	1	1	3	0	8	13	+T
I	5173430	G	*/+T	3	23	74.19%	2	2	49	39	0.98	1	1	1	2	12	11	+T
I	5173430	G	*/+TT	3	3	9.68%	2	2	49	44	0.98	1	1	1	2	2	1	+T
I	5176926	T	*/+A	5	7	53.85%	2	2	56	52	0.98	1	1	4	1	6	1	+A
I	5177760	A	*/-T	15	2	9.52%	2	1	40	37	0.98	1	1	13	2	2	0	-T
I	5177760	A	*/+T	15	2	9.52%	2	1	40	37	0.98	1	1	13	2	2	0	-T
I	5181376	A	*/+T	22	2	8%	2	1	47	31	0.98	1	1	18	4	0	2	+T
I	5181832	G	*/-T	16	2	10.53%	2	2	46	61	0.98	1	1	8	8	1	1	-T
I	5266596	A	*/-T	30	5	12.2%	2	2	42	42	0.98	1	1	21	9	2	3	-T
I	5266596	A	*/+T	30	5	12.2%	2	1	42	37	0.98	1	1	21	9	5	0	-T
I	5322005	G	+T/+T	0	14	100%	0	2	0	39	0.98	0	1	0	0	11	3	+T
I	5352025	G	*/-T	31	3	8.57%	2	2	47	49	0.98	1	1	16	15	1	2	-T
I	5368262	T	-C/-C	3	57	95%	2	2	37	46	0.98	1	1	2	1	23	34	-C
I	5368273	G	+T/+T	2	58	92.06%	1	2	37	47	0.98	1	1	0	2	26	32	+T
I	5426622	C	+T/+T	2	19	90.48%	1	2	37	49	0.98	1	1	2	0	14	5	+T
I	5435210	C	*/-T	37	2	5.13%	2	2	46	49	0.98	1	1	19	18	1	1	-T
I	5509333	T	*/+A	27	3	9.68%	2	2	53	61	0.98	1	1	15	12	2	1	+A
I	5557287	A	*/-T	5	2	25%	2	1	29	37	0.98	1	1	3	2	2	0	-T
I	5559279	T	*/-G	1	3	60%	1	2	37	37	0.98	1	1	1	0	2	1	-G
I	5559365	C	*/-T	7	4	36.36%	2	1	52	31	0.98	1	1	5	2	4	0	-T
I	5567937	C	*/-A	15	8	29.63%	2	1	41	37	0.98	1	1	13	2	8	0	-A
I	5567937	C	*/-AA	15	2	7.41%	2	1	41	37	0.98	1	1	13	2	2	0	-A
I	5576850	T	*/-A	17	2	7.41%	2	1	38	55	0.98	1	1	14	3	0	2	-A
I	5576850	T	*/-AA	17	8	29.63%	2	2	38	46	0.98	1	1	14	3	4	4	-AA
II	7149	T	*/-A	27	2	6.9%	2	1	42	37	0.98	1	1	18	9	2	0	-A
II	7268	G	*/-T	25	2	7.41%	2	1	42	31	0.98	1	1	14	11	0	2	-T
II	16652	G	*/+T	19	2	9.09%	2	2	42	42	0.98	1	1	10	9	1	1	+T
II	46913	T	*/-A	14	3	13.04%	2	2	38	37	0.98	1	1	12	2	2	1	A
II	57076	G	*/-A	28	2	6.67%	2	1	41	37	0.98	1	1	15	13	0	2	-A
II	73586	C	*/-T	14	2	12.5%	2	2	40	55	0.98	1	1	11	3	1	1	-T
II	113240	T	*/+A	10	2	15.38%	2	2	38	36	0.98	1	1	5	5	1	1	+A
II	121588	G	*/+T	16	3	15.79%	2	2	50	70	0.98	1	1	8	8	1	2	+T
II	128001	T	-A/-A	1	14	93.33%	1	2	37	41	0.98	1	1	0	1	10	4	-A
II	128807	A	*/+T	26	2	7.14%	2	2	50	55	0.98	1	1	21	5	1	1	+T
II	146079	T	-C/-C	2	14	87.5%	1	2	31	39	0.98	1	1	0	2	8	6	-C
II	229897	A	*/-T	50	17	22.37%	2	2	42	39	0.98	1	1	37	13	14	3	-T
II	229897	A	*/-TT	50	5	6.58%	2	2	42	37	0.98	1	1	37	13	4	1	-T
II	229897	A	*/+T	50	4	5.26%	2	1	42	46	0.98	1	1	37	13	4	0	-T
II	243896	T	*/+A	12	2	14.29%	2	1	38	55	0.98	1	1	3	9	0	2	+A
II	257643	C	*/-T	34	2	5.13%	2	2	40	31	0.98	1	1	30	4	1	1	-T
II	257643	C	*/+T	34	3	7.69%	2	2	40	40	0.98	1	1	30	4	2	1	+T
II	320661	G	*/-A	26	2	6.67%	2	2	47	37	0.98	1	1	12	14	1	1	-A
II	320661	G	*/+A	26	2	6.67%	2	2	47	25	0.98	1	1	12	14	1	1	-A
II	383156	C	*/-T	33	3	8.33%	2	2	43	37	0.98	1	1	17	16	2	1	-T
II	410085	C	*/-T	13	3	17.65%	2	2	42	49	0.98	1	1	11	2	2	1	-T
II	484534	A	*/+T	3	7	58.33%	2	2	41	38	0.98	1	1	1	2	1	6	+T
II	516071	T	*/-A	19	5	19.23%	2	2	46	44	0.98	1	1	8	11	4	1	-A
II	516071	T	*/+A	19	2	7.69%	2	1	46	74	0.98	1	1	8	11	0	2	-A
II	520625	T	*/-TC	16	2	11.11%	2	1	41	48	0.98	1	1	14	2	0	2	-TC
II	520627	C	*/-T	12	2	14.29%	1	2	40	36	0.98	1	1	12	0	1	1	-T
II	521731	G	*/-T	37	4	9.09%	2	2	48	46	0.98	1	1	21	16	2	2	-T
II	526883	G	*/+GTGCGTTTGTTTAGGT	55	3	5.17%	2	2	42	37	0.98	1	1	30	25	2	1	+GTGCGTTTGTTTAGGT
II	528099	C	*/+T	32	2	5.88%	2	1	41	31	0.98	1	1	25	7	2	0	+T
II	561064	T	*/-A	7	4	30.77%	2	1	40	46	0.98	1	1	3	4	0	4	-A
II	561064	T	*/+A	7	2	15.38%	2	2	40	37	0.98	1	1	3	4	1	1	-A
II	577759	A	*/+CTATG	37	20	35.09%	2	2	43	41	0.98	1	1	7	30	7	13	+CTATG
II	602525	T	*/+A	29	2	6.25%	2	2	40	49	0.98	1	1	21	8	1	1	+A
II	603279	A	-T/-T	0	13	100%	0	2	0	42	0.98	0	1	0	0	8	5	-T
II	603305	A	-C/-C	0	16	100%	0	2	0	46	0.98	0	1	0	0	9	7	-C
II	631718	T	*/-A	22	2	8.33%	2	1	43	74	0.98	1	1	17	5	2	0	-A
II	673086	G	*/-A	6	3	17.65%	2	1	43	37	0.98	1	1	4	2	3	0	-A
II	673086	G	*/-AA	6	5	29.41%	2	1	43	37	0.98	1	1	4	2	5	0	-AA
II	673086	G	*/-AAAA	6	2	11.76%	2	1	43	37	0.98	1	1	4	2	2	0	-AA
II	674090	T	*/-A	13	3	17.65%	2	2	43	49	0.98	1	1	10	3	2	1	-A
II	677175	G	*/-TA	32	3	8.33%	2	2	52	37	0.98	1	1	15	17	2	1	-TA
II	700009	T	-A/-A	1	11	91.67%	1	2	74	40	0.98	1	1	1	0	4	7	-A
II	716295	G	*/-T	14	3	15.79%	2	2	37	37	0.98	1	1	7	7	2	1	-T
II	716295	G	*/+T	14	2	10.53%	2	2	37	37	0.98	1	1	7	7	1	1	-T
II	730858	G	*/-GATGGACCGTCGA	36	2	5.26%	2	2	45	37	0.98	1	1	16	20	1	1	-GATGGACCGTCGA
II	753854	A	*/-T	11	2	13.33%	2	1	35	37	0.98	1	1	9	2	2	0	-T
II	756993	C	*/-T	15	6	26.09%	2	2	43	51	0.98	1	1	10	5	2	4	-T
II	756993	C	*/+T	15	2	8.7%	2	1	43	55	0.98	1	1	10	5	2	0	-T
II	842330	G	*/-A	26	2	7.14%	2	1	44	49	0.98	1	1	7	19	0	2	-A
II	843434	C	*/+A	18	2	10%	2	1	49	37	0.98	1	1	9	9	2	0	+A
II	847457	G	*/-A	5	2	28.57%	2	2	37	31	0.98	1	1	3	2	1	1	-A
II	860521	T	*/-A	35	6	14.29%	2	2	44	41	0.98	1	1	24	11	5	1	-A
II	888599	A	-C/-C	0	14	100%	0	2	0	50	0.98	0	1	0	0	9	5	-C
II	889921	C	*/-T	22	4	14.81%	2	1	37	37	0.98	1	1	20	2	4	0	-T
II	890578	C	*/-T	19	2	9.09%	2	1	40	37	0.98	1	1	17	2	2	0	-T
II	903106	G	+T/+T	2	29	93.55%	1	2	37	45	0.98	1	1	0	2	13	16	+T
II	948303	T	*/-A	23	2	7.69%	2	1	50	55	0.98	1	1	14	9	2	0	-A
II	965517	C	*/+T	18	3	13.04%	2	2	46	40	0.98	1	1	8	10	1	2	+T
II	997025	G	*/-A	31	2	6.06%	2	1	47	37	0.98	1	1	8	23	0	2	-A
II	1019510	T	*/-A	1	8	57.14%	1	2	37	37	0.98	1	1	1	0	4	4	-A
II	1019510	T	*/-AA	1	4	28.57%	1	1	37	46	0.98	1	1	1	0	4	0	-A
II	1059118	T	*/-A	28	3	9.68%	2	2	43	45	0.98	1	1	9	19	1	2	-A
II	1078264	T	*/-A	26	5	14.71%	2	2	44	34	0.98	1	1	13	13	2	3	-A
II	1078264	T	*/+A	26	3	8.82%	2	2	44	49	0.98	1	1	13	13	2	1	-A
II	1079843	T	*/+A	4	11	73.33%	2	2	49	33	0.98	1	1	3	1	3	8	+A
II	1079850	A	*/+T	13	2	13.33%	2	2	37	37	0.98	1	1	2	11	1	1	+T
II	1104941	G	*/-T	11	3	18.75%	2	2	34	49	0.98	1	1	9	2	2	1	-T
II	1122580	C	*/+T	43	3	6.12%	2	2	44	44	0.98	1	1	28	15	2	1	+T
II	1156029	A	*/-AT	21	2	8.33%	2	1	40	31	0.98	1	1	5	16	0	2	-AT
II	1163154	A	-T/-T	0	18	100%	0	2	0	50	0.98	0	1	0	0	8	10	-T
II	1187785	G	*/-T	19	2	9.52%	2	2	39	55	0.98	1	1	7	12	1	1	-T
II	1264791	C	*/+T	5	2	28.57%	2	1	34	55	0.98	1	1	2	3	0	2	+T
II	1266289	T	*/+A	5	5	45.45%	2	2	37	37	0.98	1	1	2	3	3	2	+A
II	1266955	G	*/-GA	67	4	5.63%	2	2	50	40	0.98	1	1	34	33	3	1	-GA
II	1277481	G	*/+T	8	2	13.33%	1	1	35	37	0.98	1	1	8	0	2	0	+T
II	1277481	G	*/+TT	8	2	13.33%	1	2	35	48	0.98	1	1	8	0	1	1	+T
II	1308618	G	-T/-T	7	45	86.54%	2	2	47	43	0.98	1	1	4	3	30	15	-T
II	1312254	C	*/-TT	4	2	28.57%	1	2	34	31	0.98	1	1	4	0	1	1	-TT
II	1323266	A	*/-T	33	2	5.71%	2	1	40	55	0.98	1	1	20	13	2	0	-T
II	1349040	A	*/-T	9	3	23.08%	2	1	37	61	0.98	1	1	4	5	0	3	-T
II	1365999	G	*/-T	18	9	29.03%	2	2	51	42	0.98	1	1	8	10	3	6	-T
II	1365999	G	*/-TT	18	2	6.45%	2	1	51	49	0.98	1	1	8	10	0	2	-T
II	1389139	C	*/+T	4	8	61.54%	1	1	46	46	0.98	1	1	4	0	8	0	+T
II	1458569	C	*/-T	19	2	8.7%	2	2	40	61	0.98	1	1	15	4	1	1	-T
II	1458569	C	*/+T	19	2	8.7%	2	1	40	37	0.98	1	1	15	4	2	0	-T
II	1466104	C	*/-T	20	2	8.7%	2	2	44	55	0.98	1	1	6	14	1	1	-T
II	1467485	C	*/-T	19	8	26.67%	2	2	39	40	0.98	1	1	7	12	4	4	-T
II	1467485	C	*/+T	19	3	10%	2	2	39	49	0.98	1	1	7	12	1	2	-T
II	1494519	T	*/-C	21	2	8.7%	2	1	46	37	0.98	1	1	12	9	2	0	-C
II	1531449	G	*/-T	25	2	7.41%	2	2	42	49	0.98	1	1	15	10	1	1	-T
II	1545027	C	*/-A	15	3	15%	2	1	34	45	0.98	1	1	8	7	3	0	-A
II	1547340	C	*/+T	22	2	8.33%	2	2	42	55	0.98	1	1	12	10	1	1	+T
II	1552870	A	*/+T	20	2	9.09%	2	2	44	37	0.98	1	1	12	8	1	1	+T
II	1552877	A	*/+C	19	2	9.52%	2	2	42	37	0.98	1	1	10	9	1	1	+C
II	1555919	A	*/+TTTATT	3	9	69.23%	1	2	45	52	0.98	1	1	3	0	4	5	+TTTATT
II	1588936	G	*/+AA	1	2	33.33%	1	1	29	37	0.98	1	1	1	0	2	0	A
II	1612985	A	*/+ATAATG	19	2	9.09%	2	2	41	37	0.98	1	1	8	11	1	1	+ATAATG
II	1627981	C	*/-T	20	4	16%	2	2	38	36	0.98	1	1	14	6	2	2	-T
II	1634711	T	*/+AATG	35	2	5.41%	2	1	49	37	0.98	1	1	10	25	2	0	+AATG
II	1634728	G	*/-TA	24	2	7.69%	2	1	47	37	0.98	1	1	13	11	2	0	-TA
II	1634843	T	*/+ATTATCATTATC	26	2	6.45%	2	1	49	49	0.98	1	1	17	9	0	2	+ATTATCATTATC
II	1634843	T	*/+ATTATC	26	2	6.45%	2	1	49	37	0.98	1	1	17	9	2	0	+ATTATCATTATC
II	1665252	A	*/-T	8	2	20%	2	1	46	37	0.98	1	1	2	6	0	2	-T
II	1678205	T	-A/-A	2	9	81.82%	1	2	31	41	0.98	1	1	2	0	5	4	-A
II	1682725	G	+T/+T	2	14	87.5%	1	2	55	45	0.98	1	1	2	0	13	1	+T
II	1709150	G	*/-T	25	2	7.41%	2	1	48	37	0.98	1	1	13	12	2	0	-T
II	1713012	T	*/+A	18	2	9.52%	2	1	43	29	0.98	1	1	6	12	0	2	+A
II	1716256	G	*/+T	16	4	19.05%	2	1	40	39	0.98	1	1	10	6	4	0	+T
II	1716287	T	*/-G	18	7	28%	2	1	40	37	0.98	1	1	9	9	0	7	-G
II	1747580	T	+A/+A	0	20	100%	0	2	0	48	0.98	0	1	0	0	10	10	+A
II	1748646	G	*/-A	12	2	10%	1	2	40	30	0.98	1	1	12	0	1	1	-A
II	1748646	G	*/-AAA	12	3	15%	1	2	40	40	0.98	1	1	12	0	1	2	-AAA
II	1748646	G	*/-AAAA	12	2	10%	1	2	40	36	0.98	1	1	12	0	1	1	-AAA
II	1749983	A	*/-G	17	2	10.53%	2	1	44	37	0.98	1	1	10	7	2	0	-G
II	1755439	C	+T/+T	3	20	86.96%	2	2	45	48	0.98	1	1	2	1	10	10	+T
II	1763419	T	*/-A	23	12	31.58%	2	2	42	37	0.98	1	1	16	7	4	8	-A
II	1763419	T	*/+A	23	3	7.89%	2	2	42	45	0.98	1	1	16	7	1	2	-A
II	1818108	C	*/-T	7	6	46.15%	2	2	36	45	0.98	1	1	4	3	4	2	-T
II	1861420	T	-G/-G	2	35	94.59%	1	2	37	48	0.98	1	1	0	2	20	15	-G
II	1867795	A	+T/+T	0	15	100%	0	2	0	46	0.98	0	1	0	0	7	8	+T
II	1868122	G	*/+T	4	4	40%	2	1	36	37	0.98	1	1	2	2	4	0	+T
II	1868122	G	*/+TT	4	2	20%	2	2	36	55	0.98	1	1	2	2	1	1	+T
II	1873779	T	+A/+A	2	15	88.24%	1	2	37	43	0.98	1	1	0	2	8	7	+A
II	1877294	A	+T/+T	0	14	100%	0	2	0	44	0.98	0	1	0	0	10	4	+T
II	1922526	C	*/-T	18	2	10%	2	2	45	37	0.98	1	1	7	11	1	1	-T
II	1941697	A	*/-T	12	2	11.76%	2	1	42	55	0.98	1	1	8	4	2	0	-T
II	1941697	A	*/+T	12	3	17.65%	2	2	42	29	0.98	1	1	8	4	1	2	+T
II	1941966	A	+T/+T	0	49	100%	0	2	0	53	0.98	0	1	0	0	29	20	+T
II	1941982	A	+T/+T	1	48	97.96%	1	2	74	53	0.98	1	1	1	0	27	21	+T
II	1948953	G	-A/-A	1	38	97.44%	1	2	74	43	0.98	1	1	0	1	17	21	-A
II	1950050	A	+G/+G	0	29	100%	0	2	0	51	0.98	0	1	0	0	14	15	+G
II	1953407	T	*/-C	16	2	10.53%	2	2	37	49	0.98	1	1	1	15	1	1	-C
II	1955495	T	+A/+A	3	16	84.21%	2	2	33	50	0.98	1	1	2	1	13	3	+A
II	1960392	A	+G/+G	1	14	87.5%	1	2	25	35	0.98	1	1	1	0	4	10	+G
II	1987101	C	-G/-G	1	29	96.67%	1	2	37	45	0.98	1	1	1	0	17	12	-G
II	1987117	T	-G/-G	0	29	100%	0	2	0	45	0.98	0	1	0	0	18	11	-G
II	2012625	T	*/+C	69	6	8%	2	1	40	37	0.98	1	1	29	40	0	6	+C
II	2049891	A	-T/-T	1	50	98.04%	1	2	37	51	0.98	1	1	1	0	27	23	-T
II	2053516	G	+C/+C	1	29	96.67%	1	2	37	52	0.98	1	1	1	0	13	16	+C
II	2103523	G	*/-A	23	2	8%	2	2	47	55	0.98	1	1	18	5	1	1	-A
II	2108180	T	+A/+A	0	30	100%	0	2	0	44	0.98	0	1	0	0	17	13	+A
II	2147726	G	+T/+T	2	14	87.5%	2	2	55	42	0.98	1	1	1	1	8	6	+T
II	2187407	G	+A/+A	0	22	100%	0	2	0	46	0.98	0	1	0	0	12	10	+A
II	2197587	C	*/-A	5	3	33.33%	1	1	39	37	0.98	1	1	5	0	3	0	-A
II	2198945	G	*/-CA	31	3	8.57%	2	1	39	33	0.98	1	1	5	26	0	3	-CA
II	2203072	C	*/-A	22	2	7.41%	2	2	47	31	0.98	1	1	14	8	1	1	-A
II	2203175	T	*/-A	17	3	15%	2	2	34	33	0.98	1	1	10	7	1	2	-A
II	2219097	G	*/-T	12	2	14.29%	2	1	38	55	0.98	1	1	7	5	0	2	-T
II	2219928	A	+T/+T	0	25	96.15%	0	2	0	46	0.98	0	1	0	0	9	16	+T
II	2228776	T	*/-G	22	2	8.33%	2	1	46	37	0.98	1	1	12	10	2	0	-G
II	2265449	T	*/+A	24	2	7.41%	2	1	38	55	0.98	1	1	5	19	0	2	+A
II	2293297	G	-A/-A	0	16	100%	0	2	0	44	0.98	0	1	0	0	10	6	-A
II	2318772	A	*/-T	4	2	33.33%	2	1	49	31	0.98	1	1	1	3	2	0	-T
II	2327013	C	*/-T	36	2	5%	2	1	47	55	0.98	1	1	20	16	0	2	-T
II	2327013	C	*/+T	36	2	5%	2	1	47	49	0.98	1	1	20	16	2	0	-T
II	2338528	G	*/+A	23	2	7.69%	2	1	38	37	0.98	1	1	17	6	2	0	+A
II	2384381	G	*/-T	14	2	12.5%	2	2	53	55	0.98	1	1	4	10	1	1	-T
II	2443055	A	*/+T	23	2	8%	2	2	45	42	0.98	1	1	18	5	1	1	+T
II	2443873	T	*/+AA	6	5	41.67%	2	2	41	42	0.98	1	1	4	2	1	4	+AA
II	2504242	C	*/+A	8	2	18.18%	2	2	49	37	0.98	1	1	4	4	1	1	+A
II	2530542	G	*/+CTACTA	27	3	10%	2	2	47	49	0.98	1	1	11	16	1	2	+CTACTA
II	2552673	G	*/-T	8	2	16.67%	1	2	39	31	0.98	1	1	8	0	1	1	-T
II	2592423	T	+A/+A	1	23	95.83%	1	2	62	46	0.98	1	1	1	0	11	12	+A
II	2619448	G	*/-TTTTT	11	2	12.5%	2	2	36	31	0.98	1	1	10	1	1	1	-TTTTT
II	2630607	C	*/+A	3	16	66.67%	2	2	57	38	0.98	1	1	2	1	5	11	+A
II	2630607	C	*/+AA	3	3	12.5%	2	1	57	53	0.98	1	1	2	1	3	0	+A
II	2630878	C	*/-AT	38	4	9.52%	2	2	41	55	0.98	1	1	8	30	1	3	-AT
II	2640785	T	*/+A	16	31	62%	2	2	49	45	0.98	1	1	9	7	15	16	+A
II	2647497	C	*/-T	23	3	9.68%	2	2	44	40	0.98	1	1	10	13	2	1	-T
II	2647497	C	*/+T	23	4	12.9%	2	2	44	49	0.98	1	1	10	13	1	3	+T
II	2650243	G	*/-A	47	3	5.77%	2	2	40	37	0.98	1	1	27	20	1	2	-A
II	2701957	A	+T/+T	0	8	100%	0	2	0	41	0.98	0	1	0	0	4	4	+T
II	2702173	G	*/-TA	36	2	5.13%	2	2	51	37	0.98	1	1	24	12	1	1	-TA
II	2709414	G	+C/+C	3	43	93.48%	1	2	61	43	0.98	1	1	0	3	23	20	+C
II	2755338	C	*/-AT	5	10	41.67%	2	2	49	43	0.98	1	1	2	3	5	5	-AT
II	2755338	C	*/-ATAT	5	8	33.33%	2	2	49	49	0.98	1	1	2	3	3	5	-AT
II	2788933	C	+G/+G	2	38	95%	1	2	55	47	0.98	1	1	2	0	28	10	+G
II	2798040	C	-T/-T	0	26	100%	0	2	0	49	0.98	0	1	0	0	11	15	-T
II	2798514	A	-G/-G	1	20	95.24%	1	2	37	40	0.98	1	1	1	0	10	10	-G
II	2811495	C	-A/-A	1	28	96.55%	1	2	37	46	0.98	1	1	0	1	16	12	-A
II	2825193	A	*/-T	16	4	20%	2	2	37	55	0.98	1	1	7	9	3	1	-T
II	2826100	G	*/+A	6	3	27.27%	2	1	45	37	0.98	1	1	4	2	3	0	+A
II	2826100	G	*/+AA	6	2	18.18%	2	1	45	37	0.98	1	1	4	2	2	0	+A
II	2873779	T	*/+A	18	2	10%	2	2	49	37	0.98	1	1	15	3	1	1	+A
II	2894538	T	*/-A	15	3	16.67%	2	1	41	49	0.98	1	1	10	5	0	3	-A
II	2900889	A	*/-T	16	5	22.73%	2	2	45	47	0.98	1	1	12	4	3	2	-T
II	2937277	T	+A/+A	6	21	77.78%	2	2	43	35	0.98	1	1	3	3	9	12	+A
II	2938956	C	+T/+T	1	16	94.12%	1	2	37	41	0.98	1	1	1	0	7	9	+T
II	2965030	T	+A/+A	0	22	100%	0	2	0	43	0.98	0	1	0	0	11	11	+A
II	2988149	G	*/-T	15	5	23.81%	2	2	44	32	0.98	1	1	13	2	3	2	-T
II	3008296	G	*/-A	22	2	8.33%	2	1	40	31	0.98	1	1	14	8	2	0	-A
II	3010975	G	*/-T	60	4	6.06%	2	2	46	46	0.98	1	1	27	33	2	2	-T
II	3040332	C	+G/+G	1	48	97.96%	1	2	74	48	0.98	1	1	0	1	24	24	+G
II	3154052	G	*/-T	20	7	25%	2	2	41	54	0.98	1	1	13	7	3	4	-T
II	3171788	G	*/-A	12	4	18.18%	2	2	36	42	0.98	1	1	11	1	2	2	-A
II	3171788	G	*/-AA	12	2	9.09%	2	1	36	37	0.98	1	1	11	1	2	0	-A
II	3171788	G	*/+A	12	3	13.64%	2	2	36	49	0.98	1	1	11	1	2	1	+A
II	3174348	T	+A/+A	1	13	92.86%	1	2	74	44	0.98	1	1	0	1	8	5	+A
II	3194954	T	*/+A	14	4	22.22%	2	2	40	37	0.98	1	1	6	8	2	2	+A
II	3253453	C	*/-T	3	3	15%	1	2	34	33	0.98	1	1	3	0	1	2	-T
II	3253453	C	*/+T	3	9	45%	1	2	34	40	0.98	1	1	3	0	5	4	+T
II	3253453	C	*/+TT	3	3	15%	1	2	34	45	0.98	1	1	3	0	1	2	+T
II	3282373	T	*/-A	23	2	7.41%	2	2	38	37	0.98	1	1	16	7	1	1	-A
II	3374912	C	*/-T	27	2	6.9%	2	2	49	37	0.98	1	1	14	13	1	1	-T
II	3380128	C	*/-T	15	2	11.76%	2	1	39	31	0.98	1	1	11	4	2	0	-T
II	3410437	G	*/-T	11	6	31.58%	2	2	33	37	0.98	1	1	8	3	4	2	-T
II	3410437	G	*/-TT	11	2	10.53%	2	2	33	29	0.98	1	1	8	3	1	1	-T
II	3422108	T	*/-A	7	2	22.22%	2	1	35	37	0.98	1	1	5	2	0	2	-A
II	3426037	G	*/+T	52	5	8.77%	2	2	50	66	0.98	1	1	21	31	2	3	+T
II	3509063	C	*/+T	19	2	9.52%	2	1	50	49	0.98	1	1	9	10	2	0	+T
II	3509251	T	*/-A	11	6	30%	2	2	41	47	0.98	1	1	8	3	2	4	-A
II	3509251	T	*/+A	11	3	15%	2	2	41	49	0.98	1	1	8	3	2	1	-A
II	3514786	C	*/-T	22	3	11.54%	2	1	41	33	0.98	1	1	11	11	0	3	-T
II	3532163	A	*/+C	11	2	13.33%	2	1	40	48	0.98	1	1	10	1	0	2	C
II	3540057	A	*/-T	31	10	22.22%	2	2	42	35	0.98	1	1	24	7	5	5	-T
II	3562421	G	*/-A	26	2	7.14%	2	2	41	37	0.98	1	1	13	13	1	1	-A
II	3573454	C	*/+A	9	2	18.18%	2	2	41	49	0.98	1	1	7	2	1	1	+A
II	3583632	G	*/-A	19	3	13.04%	2	1	45	61	0.98	1	1	8	11	3	0	-A
II	3619003	A	+G/+G	1	23	95.83%	1	2	74	50	0.98	1	1	1	0	13	10	+G
II	3621704	A	*/-T	12	7	35%	2	2	50	37	0.98	1	1	8	4	6	1	-T
II	3715149	G	*/-A	15	3	16.67%	2	2	47	40	0.98	1	1	13	2	2	1	-A
II	3720775	C	*/-T	27	2	6.9%	2	1	45	55	0.98	1	1	16	11	2	0	-T
II	3799350	G	*/+A	3	5	45.45%	1	2	46	39	0.98	1	1	3	0	4	1	+A
II	3815025	C	*/-T	12	5	26.32%	2	2	40	44	0.98	1	1	11	1	2	3	-T
II	3815025	C	*/-TTT	12	2	10.53%	2	2	40	61	0.98	1	1	11	1	1	1	-T
II	3815319	A	*/+T	18	2	10%	2	1	49	37	0.98	1	1	12	6	2	0	+T
II	3838101	C	-A/-A	3	13	81.25%	1	2	37	44	0.98	1	1	3	0	9	4	-A
II	3838912	T	*/-A	7	6	37.5%	2	2	37	47	0.98	1	1	2	5	4	2	-A
II	3838912	T	*/+A	7	3	18.75%	2	2	37	49	0.98	1	1	2	5	2	1	-A
II	3856896	A	*/-T	15	3	13.04%	2	2	44	33	0.98	1	1	10	5	1	2	-T
II	3856896	A	*/-TT	15	3	13.04%	2	1	44	41	0.98	1	1	10	5	0	3	-T
II	3860185	C	*/-TAGTA	26	26	48.15%	2	2	40	40	0.98	1	1	4	22	19	7	-TAGTA
II	3861514	C	*/-T	6	2	25%	2	1	38	55	0.98	1	1	3	3	0	2	-T
II	3869342	A	*/-AT	36	3	7.69%	2	2	47	61	0.98	1	1	14	22	2	1	-AT
II	3904627	A	*/-G	31	2	6.06%	2	1	46	55	0.98	1	1	14	17	0	2	-G
II	3954039	C	*/-T	28	6	15.79%	2	2	47	53	0.98	1	1	21	7	5	1	-T
II	3954039	C	*/+T	28	4	10.53%	2	2	47	39	0.98	1	1	21	7	2	2	-T
II	3975235	C	*/-A	21	4	12.9%	2	2	39	42	0.98	1	1	16	5	3	1	-A
II	3975235	C	*/-AA	21	3	9.68%	2	2	39	49	0.98	1	1	16	5	2	1	-A
II	3975235	C	*/+A	21	2	6.45%	2	1	39	42	0.98	1	1	16	5	2	0	-A
II	3980468	C	*/-T	9	2	18.18%	2	1	43	37	0.98	1	1	7	2	2	0	-T
II	4006982	C	*/-A	15	4	17.39%	2	2	42	34	0.98	1	1	11	4	2	2	-A
II	4006982	C	*/-AA	15	2	8.7%	2	2	42	37	0.98	1	1	11	4	1	1	-A
II	4006982	C	*/+A	15	2	8.7%	2	1	42	37	0.98	1	1	11	4	2	0	-A
II	4031460	A	*/+T	8	6	42.86%	2	2	47	38	0.98	1	1	5	3	5	1	+T
II	4037197	A	*/+TGTGTGTGTGTGTGTG	69	4	5.06%	2	2	43	42	0.98	1	1	21	48	3	1	G
II	4061096	C	*/-T	18	2	10%	2	2	48	74	0.98	1	1	7	11	1	1	-T
II	4099977	T	*/-A	26	2	7.14%	2	1	45	55	0.98	1	1	17	9	0	2	-A
II	4100280	C	*/-A	27	3	10%	2	2	49	49	0.98	1	1	12	15	2	1	-A
II	4108814	G	*/-TA	49	4	7.55%	2	2	42	43	0.98	1	1	20	29	2	2	-TA
II	4149497	A	*/+T	23	3	11.54%	2	1	52	37	0.98	1	1	9	14	3	0	+T
II	4254960	G	-A/-A	1	34	97.14%	1	2	37	50	0.98	1	1	0	1	14	20	-A
II	4264124	C	*/+TGA	39	4	9.3%	2	2	44	37	0.98	1	1	24	15	2	2	+TGA
II	4308414	C	*/+A	4	13	61.9%	2	2	35	42	0.98	1	1	3	1	7	6	+A
II	4308414	C	*/+AA	4	3	14.29%	2	2	35	49	0.98	1	1	3	1	2	1	+A
II	4343817	T	*/-A	24	2	7.41%	2	1	42	37	0.98	1	1	15	9	2	0	-A
II	4419921	T	*/+A	6	6	46.15%	2	2	41	34	0.98	1	1	4	2	3	3	+A
II	4496300	G	*/-A	14	2	12.5%	2	1	37	74	0.98	1	1	6	8	2	0	-A
II	4505641	C	*/-A	24	2	7.69%	2	2	45	49	0.98	1	1	13	11	1	1	-A
II	4505758	C	*/-T	9	2	18.18%	2	1	40	31	0.98	1	1	6	3	0	2	-T
II	4507612	T	*/+A	17	2	10.53%	2	1	42	37	0.98	1	1	8	9	2	0	+A
II	4507742	G	*/+T	42	3	6.67%	2	2	46	61	0.98	1	1	21	21	2	1	+T
II	4507813	A	*/+G	93	6	6.06%	2	2	46	67	0.98	1	1	74	19	3	3	+G
II	4517047	T	*/+TACTCATC	84	22	19.64%	2	2	45	41	0.98	1	1	46	38	16	6	+TACTCATC
II	4521677	T	*/-A	9	2	10%	2	1	37	37	0.98	1	1	4	5	2	0	-A
II	4521677	T	*/-AA	9	9	45%	2	2	37	49	0.98	1	1	4	5	4	5	-AA
II	4525340	G	*/-T	48	6	7.79%	2	2	35	41	0.98	1	1	35	13	1	5	-T
II	4525340	G	*/+T	48	7	9.09%	2	2	35	40	0.98	1	1	35	13	3	4	+T
II	4525340	G	*/+TT	48	9	11.69%	2	2	35	41	0.98	1	1	35	13	5	4	+TT
II	4525340	G	*/+TTT	48	4	5.19%	2	2	35	46	0.98	1	1	35	13	2	2	+TT
II	4526174	A	*/-T	27	10	27.03%	2	2	52	51	0.98	1	1	18	9	3	7	-T
II	4526230	A	*/+G	29	2	6.45%	2	1	53	37	0.98	1	1	16	13	0	2	+G
II	4526843	C	*/-T	9	4	23.53%	2	2	44	39	0.98	1	1	7	2	3	1	-T
II	4528465	C	*/+GACAAT	80	8	9.09%	2	2	42	41	0.98	1	1	37	43	3	5	+GACAAT
II	4528483	T	*/-GACAATGACAGA	75	5	6.25%	2	2	42	34	0.98	1	1	34	41	3	2	-GACAATGACAGA
II	4529375	T	*/+ACAACGACAACGACAACG	67	17	17.35%	2	2	48	47	0.98	1	1	31	36	10	7	+ACAACGACAACGACAACG
II	4529375	T	*/+ACAACGACAACGACAACGACAACG	67	13	13.27%	2	2	48	47	0.98	1	1	31	36	9	4	+ACAACGACAACGACAACG
II	4533588	C	*/-T	56	46	45.1%	2	2	41	46	0.98	1	1	36	20	20	26	-T
II	4534880	A	*/-T	122	28	18.67%	2	2	47	41	0.98	1	1	54	68	12	16	-T
II	4535321	G	*/-GATAT	254	30	10.56%	2	2	42	42	0.98	1	1	139	115	19	11	-GATAT
II	4535460	T	*/+GAGTAAAGA	315	33	9.32%	2	2	50	48	0.98	1	1	150	165	15	18	+GAGTAAAGA
II	4535523	T	*/+GTTACG	273	41	13.02%	2	2	44	43	0.98	1	1	80	193	15	26	+GTTACG
II	4535548	A	*/-TATGTG	271	33	10.78%	2	2	44	45	0.98	1	1	102	169	16	17	-TATGTG
II	4535645	G	*/-T	198	43	17.77%	2	2	49	49	0.98	1	1	107	91	20	23	-T
II	4535727	A	*/-G	174	31	15.12%	2	2	43	47	0.98	1	1	63	111	17	14	-G
II	4536089	C	*/+AAAAGAAAAGTAAATT	35	3	7.89%	2	2	37	49	0.98	1	1	20	15	1	2	+AAAAGAAAAGTAAATT
II	4537213	G	*/+T	133	170	56.11%	2	2	48	51	0.98	1	1	78	55	101	69	+T
II	4537387	A	*/-AATAAGAG	80	140	63.64%	2	2	46	42	0.98	1	1	34	46	85	55	-AATAAGAG
II	4537655	A	*/+AAATG	64	9	11.39%	2	2	42	39	0.98	1	1	42	22	7	2	+AAATG
II	4537712	T	*/-AAATAAAATTAATG	58	9	13.43%	2	2	39	35	0.98	1	1	33	25	6	3	-AAATAAAATTAATG
II	4539204	G	*/-ATAGGTAGAATAAGTAAAGCAGAATAGGTAGA	206	17	7.59%	2	2	46	38	0.98	1	1	86	120	10	7	-ATAGGTAGAATAAGTAAAGCAGAATAGGTAGA
III	1558	G	*/-A	71	10	8.77%	2	2	41	34	0.98	1	1	40	31	1	9	-A
III	1558	G	*/+A	71	23	20.18%	2	2	41	45	0.98	1	1	40	31	11	12	+A
III	1893	T	*/-A	128	19	12.84%	2	2	45	48	0.98	1	1	55	73	7	12	-A
III	4729	A	*/-T	517	180	22.81%	2	2	47	48	0.98	1	1	331	186	81	99	-T
III	4729	A	*/+T	517	53	6.72%	2	2	47	48	0.98	1	1	331	186	23	30	-T
III	4952	C	*/+T	433	92	17.33%	2	2	41	50	0.98	1	1	274	159	31	61	+T
III	5403	C	*/-T	564	170	20.86%	2	2	42	41	0.98	1	1	382	182	83	87	-T
III	5403	C	*/-TT	564	46	5.64%	2	2	42	45	0.98	1	1	382	182	25	21	-T
III	9812	T	*/+A	174	11	5.91%	2	1	45	39	0.98	1	1	52	122	0	11	+A
III	12428	G	*/+A	78	20	17.39%	2	2	42	36	0.98	1	1	41	37	8	12	+A
III	12428	G	*/+AA	78	6	5.22%	2	2	42	39	0.98	1	1	41	37	5	1	+A
III	12763	T	*/-A	138	30	17.86%	2	2	48	46	0.98	1	1	58	80	15	15	-A
III	15599	A	*/-T	558	160	19.83%	2	2	46	50	0.98	1	1	362	196	71	89	-T
III	15599	A	*/+T	558	49	6.07%	2	2	46	50	0.98	1	1	362	196	20	29	-T
III	15822	C	*/+T	424	105	19.59%	2	2	42	47	0.98	1	1	257	167	28	77	+T
III	16273	C	*/-T	527	163	20.74%	2	2	42	44	0.98	1	1	386	141	90	73	-T
III	16273	C	*/-TT	527	48	6.11%	2	2	42	45	0.98	1	1	386	141	25	23	-T
III	20553	G	*/+A	179	11	5.73%	2	2	38	36	0.98	1	1	112	67	3	8	+A
III	20682	T	*/+A	159	21	11.6%	2	1	44	38	0.98	1	1	46	113	0	21	+A
III	23298	G	*/-A	73	7	6.48%	2	2	39	44	0.98	1	1	34	39	4	3	-A
III	23298	G	*/+A	73	15	13.89%	2	2	39	40	0.98	1	1	34	39	9	6	+A
III	23298	G	*/+AA	73	6	5.56%	2	2	39	36	0.98	1	1	34	39	5	1	+A
III	23633	T	*/-A	110	21	16.03%	2	2	46	48	0.98	1	1	50	60	9	12	-A
III	32961	T	*/+G	53	3	5.36%	2	1	54	49	0.98	1	1	26	27	3	0	+G
III	46959	A	*/-AT	22	2	8%	2	2	41	37	0.98	1	1	12	10	1	1	-AT
III	48780	T	*/+AG	25	2	7.41%	2	1	46	37	0.98	1	1	15	10	2	0	+AG
III	69589	T	*/-A	18	5	20%	2	2	45	37	0.98	1	1	5	13	1	4	-A
III	123319	T	*/-A	13	6	27.27%	2	2	41	38	0.98	1	1	6	7	2	4	-A
III	123319	T	*/+A	13	2	9.09%	2	1	41	37	0.98	1	1	6	7	0	2	-A
III	171115	A	*/+C	15	40	70.18%	2	2	37	42	0.98	1	1	8	7	20	20	+C
III	207168	T	*/-A	8	6	40%	2	2	40	39	0.98	1	1	7	1	5	1	-A
III	207482	T	*/+A	25	2	7.14%	2	2	43	37	0.98	1	1	16	9	1	1	+A
III	208140	C	*/-A	12	5	22.73%	2	2	39	42	0.98	1	1	11	1	4	1	-A
III	208140	C	*/+A	12	5	22.73%	2	1	39	35	0.98	1	1	11	1	5	0	-A
III	210057	G	*/-TTGTGGATC	17	49	74.24%	2	2	53	46	0.98	1	1	5	12	31	18	-TTGTGGATC
III	225620	G	*/+A	19	2	9.52%	2	2	42	37	0.98	1	1	9	10	1	1	+A
III	231502	G	*/-A	27	2	6.45%	2	2	41	31	0.98	1	1	15	12	1	1	-A
III	231502	G	*/+A	27	2	6.45%	2	2	41	49	0.98	1	1	15	12	1	1	-A
III	232115	A	*/-T	12	2	12.5%	2	2	51	49	0.98	1	1	5	7	1	1	-T
III	232115	A	*/+T	12	2	12.5%	2	1	51	55	0.98	1	1	5	7	2	0	-T
III	234982	C	*/-A	50	3	5.66%	2	2	52	57	0.98	1	1	29	21	1	2	-A
III	237048	G	*/-A	13	3	18.75%	2	2	39	33	0.98	1	1	11	2	2	1	-A
III	253907	A	*/+T	6	3	30%	2	2	29	37	0.98	1	1	3	3	2	1	+T
III	286478	C	-TT/-TT	1	10	90.91%	1	2	62	42	0.98	1	1	1	0	4	6	-TT
III	286594	T	+A/+A	2	13	81.25%	1	2	49	39	0.98	1	1	2	0	8	5	+A
III	293096	G	*/-T	15	7	30.43%	2	2	46	43	0.98	1	1	13	2	4	3	-T
III	325993	G	*/+T	31	2	6.06%	2	1	44	37	0.98	1	1	16	15	2	0	+T
III	348685	G	*/-AT	58	5	7.94%	2	2	43	37	0.98	1	1	35	23	3	2	-AT
III	365747	C	-A/-A	0	26	100%	0	2	0	39	0.98	0	1	0	0	19	7	-A
III	415596	T	*/+A	12	2	14.29%	2	1	48	55	0.98	1	1	7	5	2	0	+A
III	431910	C	*/-T	24	5	16.67%	2	2	43	59	0.98	1	1	16	8	2	3	-T
III	445016	G	*/+A	27	2	6.9%	2	1	46	37	0.98	1	1	20	7	2	0	+A
III	467904	C	*/-A	10	2	15.38%	2	2	49	42	0.98	1	1	6	4	1	1	-A
III	530919	C	*/-T	26	2	6.9%	2	2	51	37	0.98	1	1	11	15	1	1	-T
III	565492	T	*/-A	10	2	16.67%	2	1	43	37	0.98	1	1	3	7	0	2	-A
III	568658	C	*/-T	17	3	12.5%	2	2	41	57	0.98	1	1	12	5	1	2	-T
III	568658	C	*/-TT	17	3	12.5%	2	2	41	49	0.98	1	1	12	5	1	2	-T
III	664029	G	*/+A	35	2	5.41%	2	2	46	55	0.98	1	1	20	15	1	1	+A
III	717677	A	*/-T	5	13	52%	2	2	34	38	0.98	1	1	4	1	4	9	-T
III	717677	A	*/-TT	5	5	20%	2	2	34	51	0.98	1	1	4	1	1	4	-T
III	719703	T	*/-A	8	3	25%	2	2	40	36	0.98	1	1	7	1	2	1	-A
III	719955	A	-C/-C	2	11	84.62%	2	2	31	46	0.98	1	1	1	1	6	5	-C
III	720559	C	*/-T	12	2	13.33%	2	2	37	36	0.98	1	1	10	2	1	1	-T
III	720683	A	*/+T	2	9	69.23%	2	2	37	37	0.98	1	1	1	1	6	3	+T
III	720683	A	*/+TT	2	2	15.38%	2	1	37	37	0.98	1	1	1	1	2	0	+T
III	725030	C	+T/+T	0	6	100%	0	2	0	39	0.98	0	1	0	0	2	4	+T
III	762516	T	*/-A	14	6	30%	2	2	46	41	0.98	1	1	8	6	5	1	-A
III	822701	G	*/-T	26	3	9.38%	2	2	43	49	0.98	1	1	13	13	2	1	-T
III	822701	G	*/+T	26	3	9.38%	2	1	43	32	0.98	1	1	13	13	0	3	-T
III	827251	C	*/-T	7	4	33.33%	2	1	43	40	0.98	1	1	3	4	4	0	-T
III	867865	C	-T/-T	0	15	100%	0	2	0	38	0.98	0	1	0	0	6	9	-T
III	897531	C	*/-A	26	3	10%	2	2	45	49	0.98	1	1	13	13	1	2	-A
III	898665	T	*/-A	28	2	6.45%	2	1	42	37	0.98	1	1	15	13	2	0	-A
III	936705	G	*/+T	9	2	18.18%	2	1	33	55	0.98	1	1	4	5	0	2	+T
III	954028	G	*/-A	23	2	7.41%	2	2	45	37	0.98	1	1	10	13	1	1	-A
III	966124	G	*/-T	29	6	14.29%	2	2	36	38	0.98	1	1	27	2	5	1	-T
III	966124	G	*/-TT	29	4	9.52%	2	2	36	39	0.98	1	1	27	2	3	1	-T
III	970548	C	*/-T	8	5	33.33%	2	2	40	46	0.98	1	1	3	5	2	3	-T
III	970548	C	*/-TT	8	2	13.33%	2	2	40	37	0.98	1	1	3	5	1	1	-T
III	988719	G	*/+T	21	2	8.33%	2	2	39	49	0.98	1	1	9	12	1	1	+T
III	996949	A	*/+T	21	2	8.7%	2	2	44	55	0.98	1	1	8	13	1	1	+T
III	1016311	G	+C/+C	1	50	98.04%	1	2	74	51	0.98	1	1	1	0	23	27	+C
III	1073505	T	*/+ATATAGAG	154	10	6.1%	2	1	51	48	0.98	1	1	102	52	10	0	+ATATAGAG
III	1075530	A	*/+TGGAAGTGGTAAG	143	9	5.88%	2	2	47	39	0.98	1	1	48	95	3	6	+TGGAAGTGGTAAG
III	1079346	A	*/+G	129	14	9.79%	2	2	44	42	0.98	1	1	86	43	11	3	+G
III	1080146	T	*/+ATATAGAG	262	21	7.39%	2	2	44	41	0.98	1	1	102	160	15	6	+ATATAGAG
III	1082171	A	*/+TGGAAGTGGTAAG	143	15	9.38%	2	2	45	43	0.98	1	1	61	82	8	7	+TGGAAGTGGTAAG
III	1084026	A	*/+AGTGGTGATGGTT	76	9	10.59%	2	2	48	37	0.98	1	1	32	44	4	5	+AGTGGTGATGGTT
III	1087979	A	*/+G	109	6	5.22%	2	2	45	53	0.98	1	1	71	38	2	4	+G
III	1090483	G	*/-ATA	31	2	6.06%	2	2	42	55	0.98	1	1	12	19	1	1	-ATA
III	1090594	A	*/-AT	28	2	6.67%	2	1	44	37	0.98	1	1	6	22	0	2	-AT
III	1095550	G	*/-T	12	14	46.67%	2	2	37	45	0.98	1	1	11	1	5	9	-T
III	1095550	G	*/-TT	12	3	10%	2	2	37	49	0.98	1	1	11	1	2	1	-T
III	1103423	T	*/-A	12	9	26.47%	2	2	50	38	0.98	1	1	10	2	7	2	-A
III	1103423	T	*/-AA	12	9	26.47%	2	2	50	45	0.98	1	1	10	2	4	5	-A
III	1103423	T	*/-AAA	12	4	11.76%	2	2	50	34	0.98	1	1	10	2	3	1	-A
III	1110132	C	*/+TCTCTATA	93	7	6.93%	2	2	48	47	0.98	1	1	46	47	5	2	+TCTCTATA
III	1114848	A	*/-C	35	2	5.41%	2	1	46	49	0.98	1	1	20	15	0	2	-C
III	1114914	T	*/+ACCACTAACCATC	60	5	7.69%	2	2	42	44	0.98	1	1	32	28	4	1	+ACCACTAACCATC
III	1131243	T	*/+C	83	6	6.74%	2	2	44	49	0.98	1	1	26	57	1	5	+C
III	1135194	T	*/+ACCACTAACCATC	56	4	6.67%	2	2	43	34	0.98	1	1	35	21	3	1	+ACCACTAACCATC
III	1168360	T	*/-G	10	4	28.57%	2	2	34	40	0.98	1	1	8	2	3	1	-G
III	1221465	G	*/-T	19	2	9.52%	2	1	39	37	0.98	1	1	12	7	2	0	-T
III	1239214	T	*/-A	16	2	11.11%	2	1	35	37	0.98	1	1	12	4	2	0	-A
III	1244495	G	*/-T	24	3	10.71%	2	2	41	49	0.98	1	1	14	10	2	1	-T
III	1252505	G	*/+T	14	3	15%	1	2	42	56	0.98	1	1	14	0	1	2	+T
III	1322968	A	*/-T	33	2	5.71%	2	2	43	55	0.98	1	1	21	12	1	1	-T
III	1338638	T	+AA/+AA	1	20	90.91%	1	2	37	48	0.98	1	1	1	0	7	13	+AA
III	1395393	T	*/-G	8	2	20%	2	1	35	55	0.98	1	1	4	4	0	2	-G
III	1396420	A	*/+TTCATTTCTTTTTCTTTTCT	11	3	18.75%	2	1	38	37	0.98	1	1	7	4	3	0	+TTCATTTCTTTTTCTTTTCT
III	1421567	T	*/-G	11	3	17.65%	2	2	34	49	0.98	1	1	9	2	2	1	-G
III	1421567	T	*/+G	11	2	11.76%	2	1	34	37	0.98	1	1	9	2	2	0	-G
III	1473677	C	*/-T	15	3	16.67%	2	2	43	49	0.98	1	1	5	10	1	2	-T
III	1510629	T	*/-A	12	3	17.65%	2	1	43	37	0.98	1	1	5	7	3	0	-A
III	1510629	T	*/+A	12	2	11.76%	2	1	43	31	0.98	1	1	5	7	0	2	-A
III	1529684	C	*/-A	4	2	33.33%	1	1	37	37	0.98	1	1	4	0	2	0	-A
III	1535109	G	*/+A	50	3	5.66%	2	1	42	37	0.98	1	1	28	22	0	3	+A
III	1547169	C	*/-A	16	3	14.29%	2	1	38	37	0.98	1	1	10	6	3	0	-A
III	1547169	C	*/+A	16	2	9.52%	2	2	38	37	0.98	1	1	10	6	1	1	-A
III	1575951	G	*/+T	6	8	47.06%	2	2	47	43	0.98	1	1	5	1	4	4	+T
III	1591201	G	*/-A	38	2	5%	2	2	40	37	0.98	1	1	12	26	1	1	-A
III	1594933	T	*/-A	19	7	25%	2	2	42	42	0.98	1	1	4	15	3	4	-A
III	1674618	C	*/-T	14	3	16.67%	2	1	43	29	0.98	1	1	7	7	3	0	-T
III	1685487	G	+A/+A	0	23	100%	0	2	0	42	0.98	0	1	0	0	16	7	+A
III	1691065	C	*/-T	43	4	8.51%	2	2	44	64	0.98	1	1	26	17	2	2	-T
III	1691558	G	*/+T	24	2	7.41%	2	2	47	31	0.98	1	1	13	11	1	1	+T
III	1702276	A	*/-T	49	5	8.62%	2	2	44	59	0.98	1	1	24	25	2	3	-T
III	1702276	A	*/+T	49	3	5.17%	2	2	44	37	0.98	1	1	24	25	1	2	-T
III	1702666	C	*/+T	28	2	6.45%	2	2	40	49	0.98	1	1	13	15	1	1	+T
III	1707997	T	*/-A	30	2	6.06%	2	2	37	37	0.98	1	1	12	18	1	1	-A
III	1712983	G	*/-A	11	4	23.53%	2	2	42	34	0.98	1	1	10	1	3	1	-A
III	1753803	C	*/+T	11	2	15.38%	2	1	34	37	0.98	1	1	3	8	2	0	+T
III	1756400	T	-A/-A	0	45	100%	0	2	0	46	0.98	0	1	0	0	16	29	-A
III	1758846	C	*/+A	18	3	13.64%	2	2	43	33	0.98	1	1	13	5	2	1	+A
III	1759057	C	*/-T	24	3	11.11%	2	2	48	37	0.98	1	1	11	13	1	2	-T
III	1774235	T	+GATC/+GATC	3	21	84%	2	2	37	44	0.98	1	1	1	2	14	7	+GATC
III	1802071	G	*/-T	30	3	9.09%	2	2	45	49	0.98	1	1	14	16	1	2	-T
III	1802522	G	*/-T	24	3	11.11%	2	1	42	37	0.98	1	1	20	4	3	0	-T
III	1804562	T	*/-A	19	2	9.52%	2	2	37	74	0.98	1	1	9	10	1	1	-A
III	1821911	C	*/-A	7	4	26.67%	2	2	34	34	0.98	1	1	5	2	3	1	-A
III	1821911	C	*/-AA	7	2	13.33%	2	1	34	42	0.98	1	1	5	2	0	2	-A
III	1925626	C	*/-A	9	3	20%	2	2	35	57	0.98	1	1	5	4	2	1	-A
III	1929127	A	-G/-G	0	3	75%	0	1	0	37	0.98	0	1	0	0	3	0	-G
III	1947823	A	*/-T	23	3	11.11%	2	1	40	45	0.98	1	1	10	13	3	0	-T
III	1965229	C	*/-A	21	2	8.7%	2	2	46	37	0.98	1	1	16	5	1	1	-A
III	1979604	A	*/-T	12	5	29.41%	2	2	44	49	0.98	1	1	3	9	2	3	-T
III	1985119	G	*/-T	12	2	14.29%	2	1	41	74	0.98	1	1	5	7	0	2	-T
III	1992528	T	*/-A	31	2	6.06%	2	2	42	37	0.98	1	1	23	8	1	1	-A
III	2028192	T	*/-A	24	2	7.41%	2	1	42	31	0.98	1	1	21	3	2	0	-A
III	2067838	T	*/-A	12	2	13.33%	2	1	40	37	0.98	1	1	10	2	2	0	-A
III	2069607	G	*/+T	10	2	15.38%	2	2	48	37	0.98	1	1	4	6	1	1	+T
III	2071559	C	*/-T	3	2	40%	2	1	45	55	0.98	1	1	1	2	2	0	-T
III	2074510	C	*/-T	9	2	16.67%	2	1	41	31	0.98	1	1	5	4	2	0	-T
III	2076412	G	*/-T	12	5	25%	2	2	38	34	0.98	1	1	6	6	3	2	-T
III	2076412	G	*/-TT	12	3	15%	2	1	38	53	0.98	1	1	6	6	0	3	-T
III	2113205	C	*/-T	9	5	31.25%	2	2	41	34	0.98	1	1	8	1	4	1	-T
III	2139857	C	*/+A	22	2	8.33%	2	2	46	37	0.98	1	1	13	9	1	1	+A
III	2156333	C	*/-A	24	2	7.69%	2	1	42	37	0.98	1	1	16	8	0	2	-A
III	2157938	C	*/+T	21	2	8.33%	2	1	50	55	0.98	1	1	15	6	0	2	+T
III	2178240	T	*/-A	26	2	6.67%	2	1	43	74	0.98	1	1	17	9	0	2	-A
III	2178240	T	*/+A	26	2	6.67%	2	1	43	55	0.98	1	1	17	9	0	2	-A
III	2219235	A	*/+T	18	2	9.52%	2	2	46	37	0.98	1	1	12	6	1	1	+T
III	2221410	T	*/-A	17	2	10.53%	2	2	40	37	0.98	1	1	12	5	1	1	-A
III	2257353	C	*/-A	31	2	6.06%	2	1	46	37	0.98	1	1	25	6	2	0	-A
III	2270459	C	*/-A	23	3	11.54%	2	1	39	37	0.98	1	1	19	4	3	0	-A
III	2275024	G	*/-AT	24	2	7.69%	2	2	45	31	0.98	1	1	11	13	1	1	-AT
III	2281940	C	*/-T	26	4	12.5%	2	2	46	39	0.98	1	1	19	7	3	1	-T
III	2281940	C	*/+T	26	2	6.25%	2	2	46	55	0.98	1	1	19	7	1	1	-T
III	2284394	C	*/-T	13	4	21.05%	2	2	50	52	0.98	1	1	4	9	2	2	-T
III	2284394	C	*/+T	13	2	10.53%	2	1	50	55	0.98	1	1	4	9	0	2	-T
III	2285099	G	*/+A	36	2	5.26%	2	2	45	37	0.98	1	1	23	13	1	1	+A
III	2300104	A	*/-T	14	4	21.05%	2	1	40	37	0.98	1	1	11	3	4	0	-T
III	2309611	T	*/-A	5	2	22.22%	2	1	37	31	0.98	1	1	4	1	0	2	-A
III	2309611	T	*/+A	5	2	22.22%	2	2	37	37	0.98	1	1	4	1	1	1	-A
III	2352293	A	*/+G	7	2	22.22%	2	1	42	37	0.98	1	1	6	1	2	0	+G
III	2382018	A	*/-T	2	7	63.64%	1	2	49	43	0.98	1	1	2	0	4	3	-T
III	2382018	A	*/-TT	2	2	18.18%	1	2	49	49	0.98	1	1	2	0	1	1	-T
III	2420241	T	*/-A	14	4	21.05%	2	2	44	58	0.98	1	1	9	5	3	1	-A
III	2423197	T	*/-A	33	2	5.56%	2	1	50	55	0.98	1	1	17	16	0	2	-A
III	2443562	A	*/+T	199	20	9.01%	2	2	40	36	0.98	1	1	71	128	2	18	+T
III	2447848	T	*/-A	967	237	12.49%	2	2	43	41	0.98	1	1	743	224	161	76	-A
III	2447848	T	*/-AA	967	103	5.43%	2	2	43	46	0.98	1	1	743	224	68	35	-A
III	2447848	T	*/+A	967	478	25.2%	2	2	43	44	0.98	1	1	743	224	359	119	+A
III	2448309	T	-AA/-AA	60	787	90.36%	2	2	44	41	0.98	1	1	44	16	322	465	-AA
III	2448518	T	*/-A	1001	334	21.21%	2	2	45	45	0.98	1	1	681	320	232	102	-A
III	2448518	T	*/-AA	1001	101	6.41%	2	2	45	47	0.98	1	1	681	320	62	39	-A
III	2448518	T	*/+A	1001	117	7.43%	2	2	45	44	0.98	1	1	681	320	76	41	+A
