Chrom	Position	Ref	Cons	Reads1	Reads2	VarFreq	Strands1	Strands2	Qual1	Qual2	Pvalue	MapQual1	MapQual2	Reads1Plus	Reads1Minus	Reads2Plus	Reads2Minus	VarAllele
chr_II_telomeric_gap	6088	A	*/+T	21	2	8.33%	2	2	41	37	0.98	1	1	13	8	1	1	+T
chr_II_telomeric_gap	8538	G	*/-AA	5	3	30%	1	2	35	36	0.98	1	1	5	0	2	1	-AA
I	1965	C	*/-T	50	4	7.41%	2	2	44	43	0.98	1	1	29	21	3	1	-T
I	3160	A	*/+GTTGTCGTTGTCGTTGTC	81	23	19.01%	2	2	47	48	0.98	1	1	54	27	11	12	+GTTGTCGTTGTCGTTGTC
I	3160	A	*/+GTTGTCGTTGTCGTTGTCGTTGTC	81	17	14.05%	2	2	47	42	0.98	1	1	54	27	10	7	+GTTGTCGTTGTCGTTGTC
I	4047	C	*/-TGTCTCTGTCAT	84	15	15.15%	2	2	45	44	0.98	1	1	29	55	7	8	-TGTCTCTGTCAT
I	4053	C	*/+TGTCAT	57	20	25%	2	2	47	49	0.98	1	1	23	34	7	13	+TGTCAT
I	5677	G	*/-A	32	10	15.38%	2	2	39	39	0.98	1	1	29	3	9	1	-A
I	5677	G	*/-AA	32	10	15.38%	2	2	39	40	0.98	1	1	29	3	9	1	-A
I	5677	G	*/-AAA	32	6	9.23%	2	2	39	43	0.98	1	1	29	3	5	1	-A
I	6357	T	*/-AA	59	21	24.71%	2	2	47	42	0.98	1	1	36	23	7	14	-AA
I	7192	C	*/-A	39	9	13.24%	2	2	43	42	0.98	1	1	34	5	7	2	A
I	7192	C	*/+A	39	7	10.29%	2	2	43	38	0.98	1	1	34	5	6	1	A
I	10859	G	*/-TT	12	13	50%	2	2	51	46	0.98	1	1	8	4	11	2	-TT
I	15734	C	*/-A	31	5	13.51%	2	2	46	49	0.98	1	1	19	12	1	4	-A
I	19694	T	*/+A	55	8	12.7%	2	1	56	35	0.98	1	1	32	23	8	0	+A
I	20544	A	*/+ATTTTTT	8	4	33.33%	2	1	41	37	0.98	1	1	6	2	0	4	+ATTTTTT
I	20545	C	*/+TTTTTT	1	2	20%	1	2	74	37	0.98	1	1	1	0	1	1	+TTTTTT
I	20545	C	*/+TTTTTTT	1	3	30%	1	1	74	37	0.98	1	1	1	0	3	0	+TTTTTTT
I	27402	A	*/+C	3	5	38.46%	1	1	45	32	0.98	1	1	0	3	0	5	+C
I	27402	A	*/+CC	3	3	23.08%	1	1	45	37	0.98	1	1	0	3	0	3	+C
I	55244	T	*/-A	11	11	40.74%	1	2	41	44	0.98	1	1	11	0	7	4	-A
I	55244	T	*/+A	11	2	7.41%	1	1	41	42	0.98	1	1	11	0	2	0	-A
I	99474	C	*/+A	30	2	6.06%	2	2	46	36	0.98	1	1	23	7	1	1	+A
I	101871	A	+G/+G	1	47	95.92%	1	2	37	46	0.98	1	1	0	1	12	35	+G
I	216147	C	*/-TT	28	2	6.45%	2	1	42	55	0.98	1	1	10	18	0	2	-TT
I	232688	T	*/-A	11	5	31.25%	2	2	44	56	0.98	1	1	5	6	4	1	-A
I	237839	T	*/+A	37	2	5.13%	2	1	48	31	0.98	1	1	17	20	0	2	+A
I	240121	G	+T/+T	1	19	95%	1	2	37	46	0.98	1	1	0	1	14	5	+T
I	315375	G	*/-T	20	2	9.09%	2	2	48	55	0.98	1	1	12	8	1	1	-T
I	414079	C	*/-T	13	5	25%	2	2	44	36	0.98	1	1	8	5	2	3	-T
I	440084	T	*/+A	3	9	56.25%	2	2	45	45	0.98	1	1	1	2	4	5	+A
I	440084	T	*/+AA	3	2	12.5%	2	2	45	49	0.98	1	1	1	2	1	1	+A
I	441614	C	*/-T	11	8	29.63%	2	2	33	38	0.98	1	1	9	2	5	3	-T
I	441614	C	*/+T	11	2	7.41%	2	1	33	31	0.98	1	1	9	2	2	0	-T
I	441614	C	*/+TT	11	2	7.41%	2	1	33	37	0.98	1	1	9	2	2	0	-T
I	441614	C	*/+TTT	11	2	7.41%	2	1	33	37	0.98	1	1	9	2	2	0	-T
I	453369	G	*/-A	12	2	8%	2	2	38	55	0.98	1	1	11	1	1	1	-A
I	453369	G	*/+A	12	6	24%	2	1	38	33	0.98	1	1	11	1	6	0	+A
I	453369	G	*/+AA	12	3	12%	2	1	38	37	0.98	1	1	11	1	3	0	+A
I	454339	G	+GAAA/+GAAA	1	14	93.33%	1	2	37	46	0.98	1	1	0	1	10	4	+GAAA
I	456726	G	*/-T	17	3	14.29%	2	2	48	37	0.98	1	1	13	4	2	1	-T
I	460767	A	*/+T	38	2	5%	2	1	48	31	0.98	1	1	18	20	2	0	+T
I	464017	C	*/-A	18	2	9.52%	2	1	40	55	0.98	1	1	9	9	0	2	-A
I	468400	C	*/-T	15	2	11.76%	2	2	46	31	0.98	1	1	8	7	1	1	-T
I	470378	A	-C/-C	1	27	96.43%	1	2	74	44	0.98	1	1	1	0	18	9	-C
I	470390	A	-C/-C	0	32	100%	0	2	0	51	0.98	0	1	0	0	20	12	-C
I	473427	G	*/+T	6	6	25%	2	2	34	35	0.98	1	1	5	1	4	2	+T
I	482737	A	+G/+G	3	47	94%	2	2	45	46	0.98	1	1	2	1	21	26	+G
I	486159	G	*/-A	35	2	5.13%	2	1	51	31	0.98	1	1	18	17	0	2	-A
I	519932	G	*/+A	36	2	5.26%	2	2	49	37	0.98	1	1	22	14	1	1	+A
I	521845	T	*/-A	29	4	11.76%	2	2	49	46	0.98	1	1	17	12	1	3	-A
I	554527	A	+T/+T	5	20	80%	1	2	42	42	0.98	1	1	5	0	8	12	+T
I	562745	A	*/+T	7	10	43.48%	2	2	47	46	0.98	1	1	5	2	4	6	+T
I	562745	A	*/+TT	7	4	17.39%	2	1	47	55	0.98	1	1	5	2	0	4	+T
I	563726	G	*/-A	40	3	6.98%	2	2	46	45	0.98	1	1	24	16	2	1	-A
I	609849	C	*/+T	27	2	6.67%	2	2	44	61	0.98	1	1	21	6	1	1	+T
I	650099	C	*/-A	5	2	10.53%	2	2	46	61	0.98	1	1	3	2	1	1	A
I	650099	C	*/+A	5	3	15.79%	2	1	46	49	0.98	1	1	3	2	3	0	+A
I	650099	C	*/+AA	5	5	26.32%	2	2	46	51	0.98	1	1	3	2	4	1	+AA
I	650099	C	*/+AAA	5	2	10.53%	2	1	46	37	0.98	1	1	3	2	2	0	+AA
I	660056	T	*/+G	21	3	11.54%	2	1	42	33	0.98	1	1	17	4	3	0	+G
I	670032	C	+A/+A	1	83	97.65%	1	2	37	52	0.98	1	1	1	0	32	51	+A
I	682993	T	-C/-C	0	46	100%	0	2	0	48	0.98	0	1	0	0	16	30	-C
I	719597	G	*/-TA	69	4	5.41%	2	2	53	37	0.98	1	1	28	41	3	1	-TA
I	765477	A	*/-T	12	5	29.41%	2	2	40	46	0.98	1	1	6	6	2	3	-T
I	793917	A	*/-TT	9	3	20%	2	2	41	49	0.98	1	1	7	2	2	1	-TT
I	862962	C	+T/+T	3	29	90.62%	2	2	37	50	0.98	1	1	1	2	14	15	+T
I	908601	G	*/-T	25	2	7.14%	2	1	41	55	0.98	1	1	12	13	0	2	-T
I	934607	T	*/-A	31	2	6.06%	2	1	50	55	0.98	1	1	17	14	0	2	-A
I	934908	T	*/+A	8	3	15%	2	2	34	41	0.98	1	1	6	2	1	2	+A
I	934908	T	*/+AA	8	5	25%	2	2	34	49	0.98	1	1	6	2	2	3	+AA
I	934908	T	*/+AAA	8	3	15%	2	2	34	40	0.98	1	1	6	2	1	2	+AA
I	954072	T	*/-A	27	2	6.9%	2	2	47	37	0.98	1	1	17	10	1	1	-A
I	960025	G	*/+T	4	9	56.25%	2	2	37	38	0.98	1	1	3	1	5	4	+T
I	960025	G	*/+TT	4	3	18.75%	2	1	37	40	0.98	1	1	3	1	3	0	+T
I	965438	C	*/-A	9	3	20%	1	1	36	45	0.98	1	1	9	0	0	3	-A
I	995070	G	*/-T	14	5	21.74%	2	2	38	61	0.98	1	1	9	5	2	3	-T
I	1027635	T	*/-A	11	2	13.33%	2	1	41	37	0.98	1	1	10	1	2	0	-A
I	1048635	G	+A/+A	3	21	84%	2	2	49	42	0.98	1	1	1	2	15	6	+A
I	1079583	T	*/+AAAAAAAA	4	3	30%	2	2	37	74	0.98	1	1	3	1	1	2	+AAAAAAAA
I	1141978	A	*/-T	37	2	5.13%	2	2	43	37	0.98	1	1	20	17	1	1	-T
I	1148104	A	+T/+T	0	6	100%	0	2	0	47	0.98	0	1	0	0	4	2	+T
I	1149923	C	*/+A	23	2	7.69%	2	2	44	37	0.98	1	1	14	9	1	1	+A
I	1150640	T	*/+A	33	2	5.56%	2	1	45	55	0.98	1	1	12	21	0	2	+A
I	1152910	C	*/-T	20	2	9.09%	2	2	41	42	0.98	1	1	9	11	1	1	-T
I	1185797	G	*/-A	15	5	22.73%	2	2	52	46	0.98	1	1	8	7	1	4	-A
I	1200526	C	*/+T	49	3	5.77%	2	2	45	53	0.98	1	1	34	15	2	1	+T
I	1205930	C	*/-T	29	2	6.45%	2	1	41	55	0.98	1	1	11	18	2	0	-T
I	1206603	G	*/-T	49	4	7.41%	2	2	48	49	0.98	1	1	25	24	1	3	-T
I	1227180	G	*/-A	22	2	8.33%	2	1	44	55	0.98	1	1	14	8	0	2	-A
I	1254655	T	*/-A	23	2	6.9%	2	1	43	37	0.98	1	1	11	12	2	0	-A
I	1254655	T	*/+A	23	3	10.34%	2	2	43	53	0.98	1	1	11	12	1	2	+A
I	1255138	C	+T/+T	2	23	92%	1	2	37	39	0.98	1	1	2	0	16	7	+T
I	1274803	T	+A/+A	1	30	93.75%	1	2	74	41	0.98	1	1	1	0	13	17	+A
I	1277285	A	*/+T	34	2	5.56%	2	2	46	37	0.98	1	1	13	21	1	1	+T
I	1290605	A	*/-T	28	4	11.43%	2	2	46	34	0.98	1	1	23	5	3	1	-T
I	1290605	A	*/+T	28	2	5.71%	2	1	46	37	0.98	1	1	23	5	2	0	-T
I	1358794	C	*/-A	6	2	16.67%	2	2	35	37	0.98	1	1	3	3	1	1	-A
I	1358794	C	*/+AA	6	4	33.33%	2	2	35	43	0.98	1	1	3	3	3	1	+AA
I	1424708	C	-A/-A	2	24	92.31%	1	2	37	45	0.98	1	1	2	0	12	12	-A
I	1454446	C	*/-A	29	2	6.45%	2	2	42	31	0.98	1	1	19	10	1	1	-A
I	1496317	C	*/-A	10	16	53.33%	2	2	44	39	0.98	1	1	5	5	7	9	-A
I	1496317	C	*/-AA	10	3	10%	2	2	44	37	0.98	1	1	5	5	1	2	-A
I	1496814	A	*/+T	20	2	9.09%	2	1	39	37	0.98	1	1	13	7	2	0	+T
I	1509277	C	+T/+T	5	22	81.48%	2	2	39	38	0.98	1	1	4	1	13	9	+T
I	1541472	G	*/+TT	16	2	9.52%	2	1	43	37	0.98	1	1	13	3	2	0	+TT
I	1573611	C	+A/+A	0	26	92.86%	0	2	0	46	0.98	0	1	0	0	7	19	+A
I	1595056	C	*/-T	12	2	11.11%	1	2	36	31	0.98	1	1	12	0	1	1	-T
I	1595056	C	*/+T	12	4	22.22%	1	2	36	39	0.98	1	1	12	0	3	1	+T
I	1599291	T	*/-A	10	2	16.67%	2	2	37	43	0.98	1	1	5	5	1	1	-A
I	1623129	C	*/-A	31	2	6.06%	2	2	42	74	0.98	1	1	8	23	1	1	-A
I	1625092	T	+C/+C	0	26	100%	0	2	0	49	0.98	0	1	0	0	14	12	+C
I	1664720	A	*/+T	16	2	10.53%	2	1	38	37	0.98	1	1	10	6	2	0	+T
I	1665245	G	*/-A	14	4	22.22%	2	2	43	36	0.98	1	1	11	3	3	1	-A
I	1667828	C	*/-CT	53	4	7.02%	2	2	46	52	0.98	1	1	28	25	2	2	-CT
I	1765306	C	*/+A	8	3	21.43%	2	1	38	34	0.98	1	1	6	2	3	0	+A
I	1777634	A	*/-T	17	8	25.81%	2	2	44	40	0.98	1	1	12	5	4	4	-T
I	1777634	A	*/-TT	17	2	6.45%	2	1	44	49	0.98	1	1	12	5	2	0	-T
I	1777634	A	*/+T	17	3	9.68%	2	1	44	57	0.98	1	1	12	5	0	3	+T
I	1837916	G	*/-TT	5	3	27.27%	2	2	34	40	0.98	1	1	4	1	2	1	-TT
I	1837916	G	*/+T	5	2	18.18%	2	2	34	34	0.98	1	1	4	1	1	1	-TT
I	1848384	C	*/-A	21	2	8.7%	2	2	38	42	0.98	1	1	15	6	1	1	-A
I	1849285	C	*/-T	50	7	10.45%	2	2	47	40	0.98	1	1	27	23	3	4	-T
I	1849285	C	*/+T	50	7	10.45%	2	2	47	46	0.98	1	1	27	23	5	2	-T
I	1890184	C	*/-A	12	7	29.17%	2	2	43	42	0.98	1	1	8	4	2	5	-A
I	1890184	C	*/+A	12	3	12.5%	2	2	43	45	0.98	1	1	8	4	2	1	-A
I	1905525	T	*/+GGG	0	2	50%	0	1	0	37	0.98	0	1	0	0	2	0	+GGG
I	1936294	G	+A/+A	0	24	100%	0	2	0	43	0.98	0	1	0	0	4	20	+A
I	1943784	A	*/+CC	25	2	6.9%	2	1	37	55	0.98	1	1	24	1	0	2	C
I	1952313	A	+T/+T	0	32	100%	0	2	0	49	0.98	0	1	0	0	23	9	+T
I	1954162	C	*/-A	11	9	29.03%	2	2	46	50	0.98	1	1	6	5	7	2	-A
I	1954162	C	*/-AA	11	6	19.35%	2	2	46	41	0.98	1	1	6	5	3	3	-A
I	1954162	C	*/-AAA	11	3	9.68%	2	2	46	40	0.98	1	1	6	5	2	1	-A
I	1955754	C	*/+T	5	3	33.33%	1	1	41	40	0.98	1	1	5	0	3	0	+T
I	1955853	T	*/+A	6	4	40%	2	2	43	34	0.98	1	1	3	3	3	1	+A
I	1975079	T	*/+A	22	3	12%	2	2	49	61	0.98	1	1	14	8	1	2	+A
I	2025000	C	*/+T	12	12	46.15%	2	2	47	45	0.98	1	1	11	1	9	3	+T
I	2041948	T	*/-A	26	4	10.81%	1	2	35	42	0.98	1	1	26	0	2	2	-A
I	2041948	T	*/-AA	26	2	5.41%	1	1	35	37	0.98	1	1	26	0	2	0	-A
I	2041948	T	*/-AAA	26	3	8.11%	1	1	35	37	0.98	1	1	26	0	3	0	-AAA
I	2052488	A	*/-T	25	12	30.77%	2	2	43	46	0.98	1	1	20	5	8	4	-T
I	2052488	A	*/+T	25	2	5.13%	2	2	43	37	0.98	1	1	20	5	1	1	-T
I	2110988	C	*/-AT	11	2	15.38%	2	1	58	55	0.98	1	1	10	1	2	0	-AT
I	2122246	G	*/+A	24	3	10.71%	2	2	45	37	0.98	1	1	13	11	1	2	+A
I	2139856	G	+T/+T	2	8	80%	1	2	37	38	0.98	1	1	2	0	4	4	+T
I	2154491	T	+A/+A	2	27	90%	2	2	37	44	0.98	1	1	1	1	10	17	+A
I	2157989	A	*/-T	20	2	9.09%	2	2	46	37	0.98	1	1	14	6	1	1	-T
I	2174555	C	*/-A	15	5	20.83%	2	2	38	46	0.98	1	1	9	6	3	2	-A
I	2178948	C	*/-A	30	5	13.51%	2	2	39	42	0.98	1	1	25	5	3	2	-A
I	2178948	C	*/+A	30	2	5.41%	2	2	39	42	0.98	1	1	25	5	1	1	-A
I	2227936	T	*/+AA	4	2	12.5%	2	1	36	37	0.98	1	1	3	1	2	0	A
I	2227936	T	*/+AAA	4	7	43.75%	2	2	36	44	0.98	1	1	3	1	3	4	+AAA
I	2231735	C	*/-A	28	2	6.67%	2	2	42	36	0.98	1	1	15	13	1	1	-A
I	2232167	C	*/-A	29	2	6.45%	2	1	48	74	0.98	1	1	7	22	0	2	-A
I	2245479	T	*/+C	8	17	53.12%	2	2	46	47	0.98	1	1	3	5	5	12	+C
I	2245479	T	*/+CC	8	5	15.62%	2	2	46	37	0.98	1	1	3	5	2	3	+C
I	2249828	T	*/-A	24	3	11.11%	2	2	44	37	0.98	1	1	17	7	1	2	-A
I	2273201	T	*/-A	14	11	33.33%	2	2	38	38	0.98	1	1	10	4	7	4	-A
I	2273201	T	*/-AA	14	4	12.12%	2	2	38	34	0.98	1	1	10	4	2	2	-A
I	2273201	T	*/+A	14	2	6.06%	2	1	38	36	0.98	1	1	10	4	0	2	-A
I	2288240	C	-G/-G	0	41	100%	0	2	0	54	0.98	0	1	0	0	22	19	-G
I	2288318	C	*/+T	36	2	5.13%	2	2	45	49	0.98	1	1	19	17	1	1	+T
I	2322636	C	*/-A	27	10	22.73%	2	2	41	41	0.98	1	1	20	7	9	1	-A
I	2322636	C	*/-AA	27	4	9.09%	2	1	41	39	0.98	1	1	20	7	4	0	-A
I	2327020	T	*/-C	30	2	6.25%	2	1	42	31	0.98	1	1	18	12	0	2	-C
I	2327021	C	*/-A	23	4	11.43%	2	2	43	37	0.98	1	1	15	8	3	1	-A
I	2327021	C	*/+A	23	5	14.29%	2	2	43	39	0.98	1	1	15	8	1	4	+A
I	2336443	C	*/+A	30	2	6.25%	2	2	35	55	0.98	1	1	21	9	1	1	+A
I	2343703	G	+A/+A	0	22	100%	0	2	0	44	0.98	0	1	0	0	10	12	+A
I	2401096	C	*/-A	27	4	12.12%	2	1	46	53	0.98	1	1	18	9	4	0	-A
I	2401096	C	*/+A	27	2	6.06%	2	1	46	42	0.98	1	1	18	9	2	0	-A
I	2421576	A	-C/-C	0	31	100%	0	2	0	46	0.98	0	1	0	0	22	9	-C
I	2424539	G	*/+A	21	2	8.33%	2	2	44	55	0.98	1	1	14	7	1	1	+A
I	2443651	C	*/-A	25	3	10.34%	2	2	53	37	0.98	1	1	13	12	2	1	-A
I	2499149	A	-T/-T	9	29	76.32%	1	2	57	48	0.98	1	1	9	0	7	22	-T
I	2507462	T	+A/+A	0	37	100%	0	2	0	44	0.98	0	1	0	0	28	9	+A
I	2510060	T	+A/+A	1	17	94.44%	1	2	74	39	0.98	1	1	0	1	13	4	+A
I	2525300	T	*/-A	24	3	10.34%	2	1	45	33	0.98	1	1	12	12	0	3	-A
I	2525300	T	*/+A	24	2	6.9%	2	2	45	37	0.98	1	1	12	12	1	1	-A
I	2525713	C	*/-T	35	12	24.49%	2	2	40	45	0.98	1	1	25	10	11	1	-T
I	2556743	G	*/-A	7	2	18.18%	2	1	39	55	0.98	1	1	6	1	2	0	-A
I	2556743	G	*/+A	7	2	18.18%	2	1	39	37	0.98	1	1	6	1	2	0	-A
I	2578262	T	*/-A	37	4	8.51%	2	2	49	52	0.98	1	1	17	20	2	2	-A
I	2578262	T	*/+A	37	4	8.51%	2	2	49	49	0.98	1	1	17	20	1	3	-A
I	2588021	C	+A/+A	0	14	100%	0	2	0	46	0.98	0	1	0	0	6	8	+A
I	2588066	C	+A/+A	0	12	100%	0	2	0	49	0.98	0	1	0	0	5	7	+A
I	2594263	C	+T/+T	0	21	100%	0	2	0	48	0.98	0	1	0	0	8	13	+T
I	2594324	T	+A/+A	6	19	76%	1	2	55	54	0.98	1	1	0	6	12	7	+A
I	2594351	T	+A/+A	1	18	94.74%	1	2	74	57	0.98	1	1	0	1	11	7	+A
I	2594391	A	+T/+T	2	18	90%	2	2	37	56	0.98	1	1	1	1	13	5	+T
I	2605860	G	-T/-T	0	51	100%	0	2	0	44	0.98	0	1	0	0	21	30	-T
I	2607669	A	+T/+T	2	44	95.65%	2	2	37	50	0.98	1	1	1	1	25	19	+T
I	2641998	C	*/+T	5	3	27.27%	2	2	39	36	0.98	1	1	3	2	2	1	+T
I	2683902	T	-C/-C	1	26	96.3%	1	2	37	40	0.98	1	1	0	1	12	14	-C
I	2689254	A	*/-T	18	3	10.71%	2	1	36	49	0.98	1	1	11	7	3	0	-T
I	2689254	A	*/+T	18	7	25%	2	2	36	52	0.98	1	1	11	7	6	1	+T
I	2747027	T	*/-A	16	8	33.33%	2	2	42	52	0.98	1	1	11	5	5	3	-A
I	2751236	T	*/-A	10	39	72.22%	2	2	49	47	0.98	1	1	6	4	15	24	-A
I	2751236	T	*/-AA	10	4	7.41%	2	1	49	55	0.98	1	1	6	4	0	4	-A
I	2759871	T	*/+C	3	13	68.42%	2	2	37	42	0.98	1	1	2	1	5	8	+C
I	2759871	T	*/+G	3	2	10.53%	2	1	37	49	0.98	1	1	2	1	2	0	+C
I	2812650	C	*/-T	23	3	10.71%	2	2	41	33	0.98	1	1	15	8	1	2	-T
I	2812650	C	*/+T	23	2	7.14%	2	1	41	49	0.98	1	1	15	8	2	0	-T
I	2897634	G	*/-TA	73	6	7.59%	2	2	48	49	0.98	1	1	28	45	2	4	-TA
I	2960782	C	*/+T	12	21	58.33%	2	2	40	41	0.98	1	1	7	5	12	9	+T
I	2974682	T	*/-A	32	2	5.71%	2	2	45	55	0.98	1	1	22	10	1	1	-A
I	2977242	C	*/-T	24	2	7.69%	2	2	40	37	0.98	1	1	15	9	1	1	-T
I	2979321	G	*/+T	26	2	7.14%	2	2	44	55	0.98	1	1	17	9	1	1	+T
I	2994643	A	*/+T	22	2	8.33%	2	2	48	37	0.98	1	1	9	13	1	1	+T
I	3033347	C	*/-T	29	15	32.61%	2	2	43	41	0.98	1	1	20	9	11	4	-T
I	3125118	A	+T/+T	0	38	100%	0	2	0	45	0.98	0	1	0	0	18	20	+T
I	3144699	T	*/-A	14	3	13.64%	2	1	38	49	0.98	1	1	11	3	3	0	-A
I	3144699	T	*/-AA	14	3	13.64%	2	2	38	49	0.98	1	1	11	3	1	2	-A
I	3151241	G	*/-T	35	2	5.41%	2	1	47	37	0.98	1	1	20	15	2	0	-T
I	3159187	C	*/-CA	60	5	7.69%	2	2	52	37	0.98	1	1	34	26	2	3	-CA
I	3159994	C	*/-T	77	11	12.09%	2	1	40	44	0.98	1	1	66	11	11	0	-T
I	3166776	G	*/+TT	4	11	35.48%	1	2	37	43	0.98	1	1	4	0	7	4	+TT
I	3166776	G	*/+TTT	4	11	35.48%	1	2	37	42	0.98	1	1	4	0	3	8	+TT
I	3178494	C	+T/+T	1	26	92.86%	1	2	37	51	0.98	1	1	1	0	13	13	+T
I	3184255	T	*/-A	17	4	17.39%	2	2	48	43	0.98	1	1	11	6	3	1	-A
I	3184255	T	*/+A	17	2	8.7%	2	2	48	49	0.98	1	1	11	6	1	1	-A
I	3197528	A	+G/+G	3	57	93.44%	1	2	49	45	0.98	1	1	0	3	29	28	+G
I	3299997	G	*/-A	48	7	12.28%	2	2	43	44	0.98	1	1	37	11	6	1	-A
I	3301538	C	*/-T	26	2	6.9%	2	2	45	55	0.98	1	1	8	18	1	1	-T
I	3303111	C	*/-T	23	4	14.81%	2	2	39	58	0.98	1	1	19	4	1	3	-T
I	3303394	C	*/-ATATATATAT	14	3	16.67%	2	1	58	49	0.98	1	1	3	11	3	0	-ATATATATAT
I	3380404	C	*/-A	31	7	17.95%	2	2	46	56	0.98	1	1	22	9	4	3	-A
I	3404991	C	*/-T	8	6	37.5%	1	2	35	38	0.98	1	1	8	0	4	2	-T
I	3404991	C	*/+T	8	2	12.5%	1	1	35	42	0.98	1	1	8	0	2	0	-T
I	3410124	A	*/+T	29	3	9.09%	2	2	46	37	0.98	1	1	5	24	1	2	+T
I	3450130	G	-T/-T	3	30	90.91%	1	2	37	44	0.98	1	1	0	3	17	13	-T
I	3460318	T	+C/+C	0	20	100%	0	2	0	52	0.98	0	1	0	0	8	12	+C
I	3460476	G	*/-A	22	6	21.43%	2	2	48	55	0.98	1	1	12	10	2	4	-A
I	3462650	A	*/-T	13	4	23.53%	2	2	42	55	0.98	1	1	6	7	2	2	-T
I	3477396	C	*/-A	18	2	9.09%	2	2	46	55	0.98	1	1	12	6	1	1	-A
I	3478592	A	*/+T	21	2	8.33%	2	2	39	37	0.98	1	1	18	3	1	1	+T
I	3538413	A	+T/+T	4	24	82.76%	2	2	46	43	0.98	1	1	1	3	13	11	+T
I	3538428	G	+T/+T	2	26	92.86%	2	2	55	43	0.98	1	1	1	1	14	12	+T
I	3538436	T	+A/+A	2	23	92%	1	2	37	45	0.98	1	1	2	0	12	11	+A
I	3538449	T	+TA/+TA	0	22	100%	0	2	0	44	0.98	0	1	0	0	11	11	+TA
I	3538456	A	+AT/+AT	0	24	100%	0	2	0	44	0.98	0	1	0	0	12	12	+AT
I	3548882	G	*/-A	16	2	9.52%	2	1	42	29	0.98	1	1	12	4	2	0	-A
I	3548882	G	*/+A	16	2	9.52%	2	1	42	42	0.98	1	1	12	4	2	0	-A
I	3572643	C	*/-A	14	2	12.5%	2	1	45	37	0.98	1	1	7	7	0	2	-A
I	3574271	G	*/-A	29	3	9.38%	2	2	44	41	0.98	1	1	21	8	2	1	-A
I	3575205	C	*/-A	6	2	22.22%	2	1	37	37	0.98	1	1	5	1	2	0	-A
I	3576756	T	+TCTTCTC/+TCTTCTC	1	3	75%	1	2	37	61	0.98	1	1	0	1	1	2	+TCTTCTC
I	3576929	C	+T/+T	1	12	92.31%	1	2	25	46	0.98	1	1	1	0	7	5	+T
I	3578504	A	+T/+T	1	5	83.33%	1	2	37	59	0.98	1	1	1	0	3	2	+T
I	3580034	C	*/+T	4	9	52.94%	2	2	37	37	0.98	1	1	3	1	7	2	+T
I	3580034	C	*/+TT	4	3	17.65%	2	1	37	37	0.98	1	1	3	1	3	0	+T
I	3609896	T	*/-A	7	3	27.27%	1	1	37	37	0.98	1	1	7	0	0	3	-A
I	3610396	C	*/-T	12	3	20%	2	2	37	33	0.98	1	1	10	2	2	1	-T
I	3620274	G	*/+T	37	2	5.13%	2	1	40	31	0.98	1	1	24	13	2	0	+T
I	3645091	G	*/+T	49	3	5.77%	2	1	48	37	0.98	1	1	34	15	3	0	+T
I	3659724	C	*/-T	39	3	5.88%	2	1	45	40	0.98	1	1	29	10	3	0	-T
I	3659724	C	*/+T	39	8	15.69%	2	2	45	44	0.98	1	1	29	10	6	2	+T
I	3665610	G	+C/+C	0	64	100%	0	2	0	48	0.98	0	1	0	0	26	38	+C
I	3700385	T	*/+A	7	7	22.58%	1	2	40	42	0.98	1	1	7	0	2	5	+A
I	3700385	T	*/+AA	7	12	38.71%	1	2	40	45	0.98	1	1	7	0	5	7	+AA
I	3700385	T	*/+AAA	7	4	12.9%	1	2	40	46	0.98	1	1	7	0	3	1	+AA
I	3730369	A	+T/+T	1	23	95.83%	1	2	37	45	0.98	1	1	1	0	12	11	+T
I	3738704	A	*/-T	42	3	6.52%	2	2	46	61	0.98	1	1	25	17	1	2	-T
I	3745734	A	*/+AT	8	2	20%	2	1	52	55	0.98	1	1	2	6	2	0	+AT
I	3747341	A	*/+C	27	2	6.9%	2	2	40	55	0.98	1	1	17	10	1	1	+C
I	3748885	C	*/-T	15	2	11.76%	2	2	41	31	0.98	1	1	7	8	1	1	-T
I	3765328	C	+T/+T	3	20	83.33%	2	2	37	37	0.98	1	1	1	2	17	3	+T
I	3776888	C	*/-T	25	2	6.9%	2	1	41	31	0.98	1	1	17	8	2	0	-T
I	3776888	C	*/+T	25	2	6.9%	2	1	41	42	0.98	1	1	17	8	2	0	-T
I	3776933	G	+A/+A	2	23	82.14%	2	2	42	40	0.98	1	1	1	1	5	18	+A
I	3785886	G	*/-TATAT	22	20	47.62%	2	2	44	48	0.98	1	1	3	19	6	14	-TATAT
I	3825510	G	*/-T	32	2	5.71%	2	1	48	55	0.98	1	1	19	13	0	2	-T
I	3830510	A	+T/+T	1	35	97.22%	1	2	37	45	0.98	1	1	1	0	21	14	+T
I	3846638	G	-C/-C	1	54	98.18%	1	2	37	49	0.98	1	1	1	0	30	24	-C
I	3850523	C	*/-T	28	6	16.22%	2	2	40	45	0.98	1	1	21	7	3	3	-T
I	3850523	C	*/+T	28	3	8.11%	2	2	40	45	0.98	1	1	21	7	2	1	-T
I	3855790	G	-T/-T	1	19	95%	1	2	37	44	0.98	1	1	1	0	9	10	-T
I	3868280	C	*/+T	34	3	8.11%	2	2	45	37	0.98	1	1	20	14	2	1	+T
I	3870142	A	*/-C	24	2	7.69%	2	1	38	49	0.98	1	1	11	13	0	2	-C
I	3878676	A	*/+C	24	2	7.69%	2	2	46	37	0.98	1	1	15	9	1	1	+C
I	3879465	T	*/-A	22	2	7.41%	2	1	45	55	0.98	1	1	10	12	0	2	-A
I	3879465	T	*/+A	22	3	11.11%	2	2	45	34	0.98	1	1	10	12	2	1	+A
I	3898271	C	*/-A	37	3	6.82%	2	1	49	37	0.98	1	1	20	17	3	0	-A
I	3898271	C	*/+A	37	4	9.09%	2	1	49	43	0.98	1	1	20	17	0	4	+A
I	3940025	G	+T/+T	4	29	85.29%	2	2	43	53	0.98	1	1	2	2	14	15	+T
I	3952900	A	*/-T	9	2	16.67%	2	2	43	55	0.98	1	1	6	3	1	1	-T
I	3975347	G	*/-A	30	2	6.25%	2	1	47	37	0.98	1	1	20	10	0	2	-A
I	3984736	A	*/-GGT	172	13	6.99%	2	2	43	39	0.98	1	1	55	117	1	12	-GGT
I	3992188	G	*/+A	14	2	12.5%	2	1	39	55	0.98	1	1	12	2	2	0	+A
I	3992213	A	*/-C	17	7	28%	2	2	45	38	0.98	1	1	6	11	4	3	-C
I	3995023	C	*/-T	13	6	26.09%	2	2	34	31	0.98	1	1	10	3	4	2	-T
I	4004016	G	*/-T	19	7	24.14%	2	2	51	54	0.98	1	1	14	5	1	6	-T
I	4004016	G	*/-TT	19	2	6.9%	2	2	51	55	0.98	1	1	14	5	1	1	-T
I	4004204	T	*/-A	37	2	5.13%	2	1	46	37	0.98	1	1	23	14	2	0	-A
I	4005819	C	*/-A	44	4	8.16%	2	2	47	55	0.98	1	1	24	20	2	2	-A
I	4010237	A	*/+G	16	3	12.5%	2	1	36	37	0.98	1	1	11	5	3	0	+G
I	4010237	A	*/+GG	16	3	12.5%	2	1	36	37	0.98	1	1	11	5	3	0	+G
I	4010237	A	*/+GGG	16	2	8.33%	2	1	36	31	0.98	1	1	11	5	2	0	+G
I	4055052	T	+A/+A	8	29	78.38%	2	2	46	46	0.98	1	1	5	3	21	8	+A
I	4098272	C	*/-T	23	3	11.11%	2	2	44	49	0.98	1	1	15	8	1	2	-T
I	4140001	G	*/-T	10	2	16.67%	2	2	37	37	0.98	1	1	4	6	1	1	-T
I	4153651	C	*/-T	15	5	20.83%	2	1	39	37	0.98	1	1	13	2	5	0	-T
I	4153651	C	*/+T	15	3	12.5%	2	2	39	40	0.98	1	1	13	2	2	1	-T
I	4179641	C	*/-A	19	2	9.09%	2	1	42	37	0.98	1	1	15	4	2	0	-A
I	4179701	C	*/+T	11	3	20%	2	2	34	29	0.98	1	1	9	2	2	1	+T
I	4232991	G	*/+GATA	7	30	66.67%	2	2	42	49	0.98	1	1	4	3	19	11	+GATA
I	4241117	T	*/-G	30	2	6.25%	2	1	40	31	0.98	1	1	18	12	0	2	-G
I	4241118	G	*/-A	16	8	32%	2	2	34	44	0.98	1	1	14	2	3	5	-A
I	4276890	G	+T/+T	3	19	79.17%	1	2	29	40	0.98	1	1	3	0	12	7	+T
I	4304169	G	+A/+A	1	25	92.59%	1	2	37	44	0.98	1	1	1	0	16	9	+A
I	4374342	A	-G/-G	0	62	100%	0	2	0	47	0.98	0	1	0	0	37	25	-G
I	4386268	G	*/-A	11	2	12.5%	2	1	41	37	0.98	1	1	10	1	2	0	-A
I	4386268	G	*/-AA	11	2	12.5%	2	1	41	37	0.98	1	1	10	1	2	0	-A
I	4407494	T	+G/+G	2	54	96.43%	1	2	74	45	0.98	1	1	0	2	26	28	+G
I	4410191	C	-G/-G	1	28	96.55%	1	2	74	47	0.98	1	1	1	0	18	10	-G
I	4414201	C	*/-T	4	8	57.14%	2	2	35	40	0.98	1	1	3	1	6	2	-T
I	4414201	C	*/-TT	4	2	14.29%	2	2	35	49	0.98	1	1	3	1	1	1	-T
I	4431856	G	+A/+A	5	56	91.8%	2	2	59	46	0.98	1	1	3	2	29	27	+A
I	4431868	C	+A/+A	2	57	96.61%	1	2	55	43	0.98	1	1	2	0	29	28	+A
I	4442621	A	*/-AT	40	5	10.64%	2	2	50	42	0.98	1	1	21	19	3	2	-AT
I	4455149	G	+A/+A	1	9	90%	1	2	37	38	0.98	1	1	1	0	6	3	+A
I	4507370	C	*/+A	28	3	9.68%	2	2	43	33	0.98	1	1	12	16	2	1	+A
I	4514478	T	*/-A	9	7	35%	2	1	39	42	0.98	1	1	6	3	7	0	-A
I	4514478	T	*/-AA	9	2	10%	2	1	39	49	0.98	1	1	6	3	2	0	-A
I	4524584	G	*/-T	25	2	7.14%	2	2	42	37	0.98	1	1	14	11	1	1	-T
I	4533252	C	*/-T	13	6	30%	2	2	40	39	0.98	1	1	4	9	2	4	-T
I	4561329	A	*/-T	28	3	9.68%	2	2	49	37	0.98	1	1	20	8	2	1	-T
I	4604649	C	*/-T	11	2	13.33%	1	2	37	42	0.98	1	1	11	0	1	1	-T
I	4648144	T	*/-G	41	3	6.82%	2	2	38	32	0.98	1	1	30	11	1	2	-G
I	4648145	G	*/+T	34	3	7.89%	2	1	36	37	0.98	1	1	27	7	3	0	+T
I	4648159	T	*/-G	15	16	37.21%	2	2	40	38	0.98	1	1	8	7	12	4	-G
I	4648159	T	*/-GG	15	12	27.91%	2	2	40	35	0.98	1	1	8	7	8	4	-G
I	4658978	C	*/+A	20	2	8.33%	2	2	41	51	0.98	1	1	14	6	1	1	+A
I	4721875	G	+A/+A	0	20	100%	0	2	0	46	0.98	0	1	0	0	9	11	+A
I	4733668	G	*/+A	20	2	8.7%	2	1	41	31	0.98	1	1	12	8	2	0	+A
I	4760698	T	*/-A	12	2	14.29%	2	2	46	55	0.98	1	1	7	5	1	1	-A
I	4764253	G	*/+A	17	31	59.62%	2	2	45	47	0.98	1	1	11	6	19	12	+A
I	4810631	T	*/-A	21	2	8.7%	2	2	55	37	0.98	1	1	10	11	1	1	-A
I	4911431	G	*/+T	20	3	11.11%	2	1	38	40	0.98	1	1	19	1	3	0	+T
I	4911431	G	*/+TT	20	2	7.41%	2	2	38	55	0.98	1	1	19	1	1	1	+T
I	4912259	A	*/+T	40	3	6.98%	2	2	43	57	0.98	1	1	27	13	2	1	+T
I	4916623	C	*/-A	12	4	20%	2	2	48	52	0.98	1	1	7	5	2	2	-A
I	4916623	C	*/+A	12	3	15%	2	2	48	29	0.98	1	1	7	5	1	2	-A
I	4926045	T	*/+A	17	4	19.05%	2	1	37	52	0.98	1	1	10	7	0	4	+A
I	4926046	C	*/+T	6	8	44.44%	2	2	33	42	0.98	1	1	5	1	6	2	+T
I	4934297	C	*/-TA	35	5	12.5%	2	1	46	44	0.98	1	1	21	14	5	0	-TA
I	4943553	T	*/-ACTC	16	2	11.11%	2	2	43	37	0.98	1	1	7	9	1	1	-ACTC
I	4984784	A	*/-T	16	5	18.52%	2	2	41	51	0.98	1	1	12	4	3	2	-T
I	4984784	A	*/-TT	16	4	14.81%	2	2	41	46	0.98	1	1	12	4	2	2	-T
I	4984784	A	*/+T	16	2	7.41%	2	1	41	49	0.98	1	1	12	4	0	2	-T
I	5002717	C	*/-A	18	3	12.5%	2	2	43	45	0.98	1	1	10	8	2	1	-A
I	5002717	C	*/+A	18	3	12.5%	2	2	43	37	0.98	1	1	10	8	1	2	-A
I	5060109	A	*/-T	23	3	10.71%	2	2	47	37	0.98	1	1	7	16	1	2	-T
I	5073566	T	*/-A	14	2	12.5%	2	2	50	31	0.98	1	1	7	7	1	1	-A
I	5078848	G	*/+A	21	2	8.33%	2	1	37	37	0.98	1	1	13	8	2	0	+A
I	5100293	C	*/+A	31	2	6.06%	2	1	44	68	0.98	1	1	22	9	2	0	+A
I	5117187	C	*/-T	32	2	5.88%	2	1	43	37	0.98	1	1	14	18	0	2	-T
I	5123329	G	*/-A	7	2	22.22%	2	2	33	25	0.98	1	1	4	3	1	1	-A
I	5142627	A	+G/+G	2	30	93.75%	2	2	31	47	0.98	1	1	1	1	11	19	+G
I	5144148	A	*/+T	48	3	5.88%	2	1	48	61	0.98	1	1	29	19	0	3	+T
I	5148414	T	-A/-A	0	45	100%	0	2	0	51	0.98	0	1	0	0	17	28	-A
I	5155608	C	*/-A	7	3	27.27%	2	2	35	37	0.98	1	1	6	1	2	1	-A
I	5160247	C	+TT/+TT	2	9	81.82%	2	2	31	53	0.98	1	1	1	1	5	4	+TT
I	5173087	C	+T/+T	5	27	81.82%	1	2	47	49	0.98	1	1	5	0	10	17	+T
I	5173430	G	*/+T	10	28	66.67%	2	2	46	42	0.98	1	1	7	3	12	16	+T
I	5173430	G	*/+TT	10	4	9.52%	2	2	46	40	0.98	1	1	7	3	2	2	+T
I	5176926	T	*/+A	3	8	61.54%	2	2	33	40	0.98	1	1	1	2	3	5	+A
I	5176926	T	*/+AA	3	2	15.38%	2	1	33	49	0.98	1	1	1	2	2	0	+A
I	5177760	A	*/-T	17	2	10%	2	1	44	37	0.98	1	1	16	1	2	0	-T
I	5181832	G	*/-T	21	3	12.5%	2	2	50	40	0.98	1	1	11	10	2	1	-T
I	5266596	A	*/-T	29	3	9.38%	2	1	45	37	0.98	1	1	14	15	3	0	-T
I	5271432	C	*/+TTT	7	2	22.22%	1	1	38	61	0.98	1	1	7	0	0	2	+TTT
I	5322005	G	+T/+T	3	18	78.26%	1	2	37	40	0.98	1	1	3	0	16	2	+T
I	5352025	G	*/+T	22	2	8.33%	2	2	47	37	0.98	1	1	14	8	1	1	+T
I	5363995	C	*/-A	33	4	10.26%	2	2	49	39	0.98	1	1	12	21	1	3	-A
I	5363995	C	*/+A	33	2	5.13%	2	1	49	55	0.98	1	1	12	21	0	2	-A
I	5368262	T	-C/-C	5	64	92.75%	2	2	44	51	0.98	1	1	3	2	25	39	-C
I	5368273	G	+T/+T	0	73	98.65%	0	2	0	51	0.98	0	1	0	0	27	46	+T
I	5417939	T	*/+A	13	3	18.75%	2	2	39	37	0.98	1	1	4	9	1	2	+A
I	5426622	C	+T/+T	4	41	89.13%	2	2	46	44	0.98	1	1	3	1	25	16	+T
I	5509333	T	*/+A	15	2	11.11%	2	1	58	74	0.98	1	1	10	5	2	0	+A
I	5547223	T	*/-A	15	4	20%	2	2	45	46	0.98	1	1	13	2	3	1	-A
I	5557287	A	*/-TT	13	2	13.33%	2	2	38	37	0.98	1	1	11	2	1	1	-TT
I	5559279	T	*/-G	2	3	60%	1	1	37	25	0.98	1	1	2	0	3	0	-G
I	5559365	C	*/-T	8	4	28.57%	1	2	37	37	0.98	1	1	8	0	3	1	-T
I	5564950	C	*/-T	10	2	16.67%	2	1	48	37	0.98	1	1	6	4	2	0	-T
I	5567937	C	*/-A	28	5	14.29%	2	1	46	37	0.98	1	1	20	8	5	0	-A
I	5570708	C	*/+T	29	3	9.38%	2	2	50	57	0.98	1	1	11	18	1	2	+T
I	5570823	C	*/-A	9	5	35.71%	2	1	44	47	0.98	1	1	7	2	5	0	-A
I	5571420	T	*/-TCA	38	2	5%	2	1	50	55	0.98	1	1	20	18	0	2	-TCA
I	5576850	T	*/-AA	23	12	34.29%	2	2	41	42	0.98	1	1	11	12	6	6	-AA
II	4117	A	*/+C	77	6	7.23%	2	2	46	38	0.98	1	1	36	41	2	4	+C
II	5299	G	*/+T	35	2	5.41%	2	2	46	55	0.98	1	1	21	14	1	1	+T
II	7268	G	*/-T	28	3	9.68%	2	1	38	45	0.98	1	1	17	11	0	3	-T
II	15830	T	*/-A	13	2	9.52%	2	1	44	49	0.98	1	1	8	5	2	0	-A
II	15830	T	*/+A	13	5	23.81%	2	1	44	37	0.98	1	1	8	5	5	0	+A
II	23556	T	*/-G	19	2	9.52%	2	1	43	37	0.98	1	1	6	13	0	2	-G
II	23557	G	*/-A	8	3	23.08%	2	1	33	37	0.98	1	1	4	4	3	0	-A
II	46913	T	*/-A	28	2	6.67%	2	2	40	31	0.98	1	1	26	2	1	1	-A
II	113240	T	*/-A	15	3	16.67%	2	1	41	37	0.98	1	1	11	4	3	0	-A
II	121588	G	*/+T	17	2	10.53%	2	2	45	74	0.98	1	1	11	6	1	1	+T
II	128001	T	-A/-A	1	19	95%	1	2	74	50	0.98	1	1	1	0	11	8	-A
II	146079	T	-C/-C	2	30	93.75%	2	2	37	48	0.98	1	1	1	1	17	13	-C
II	157099	T	*/-A	19	3	13.64%	2	2	37	45	0.98	1	1	11	8	2	1	-A
II	206154	T	*/-A	52	4	7.14%	2	2	51	37	0.98	1	1	17	35	1	3	-A
II	206823	T	*/-A	25	2	7.14%	2	2	39	37	0.98	1	1	9	16	1	1	-A
II	229897	A	*/-T	34	8	16.33%	2	2	45	40	0.98	1	1	20	14	7	1	-T
II	229897	A	*/+T	34	5	10.2%	2	2	45	51	0.98	1	1	20	14	3	2	-T
II	240093	G	*/-A	32	2	5.71%	2	1	39	68	0.98	1	1	23	9	2	0	-A
II	257643	C	*/-T	40	3	6.82%	2	2	41	40	0.98	1	1	26	14	2	1	-T
II	365357	C	*/-T	18	2	9.09%	2	2	38	31	0.98	1	1	14	4	1	1	-T
II	410084	G	*/-C	33	2	5.71%	2	1	44	49	0.98	1	1	20	13	0	2	-C
II	410085	C	*/-T	18	8	25.81%	2	2	42	40	0.98	1	1	15	3	5	3	-T
II	410085	C	*/-TT	18	2	6.45%	2	1	42	42	0.98	1	1	15	3	0	2	-T
II	410085	C	*/+T	18	2	6.45%	2	2	42	42	0.98	1	1	15	3	1	1	-T
II	426887	C	*/+T	24	2	7.69%	2	1	48	37	0.98	1	1	10	14	2	0	+T
II	484534	A	*/+T	5	14	66.67%	2	2	46	52	0.98	1	1	3	2	3	11	+T
II	484534	A	*/+TT	5	2	9.52%	2	2	46	37	0.98	1	1	3	2	1	1	+T
II	516071	T	*/-A	18	7	25.93%	2	2	50	40	0.98	1	1	5	13	3	4	-A
II	520626	T	*/-C	15	2	11.11%	2	1	36	49	0.98	1	1	9	6	0	2	-C
II	521731	G	*/-T	48	5	8.62%	2	2	45	42	0.98	1	1	35	13	3	2	-T
II	521731	G	*/+T	48	5	8.62%	2	2	45	42	0.98	1	1	35	13	2	3	-T
II	561064	T	*/-A	13	3	15%	2	1	46	33	0.98	1	1	11	2	0	3	-A
II	561064	T	*/+A	13	3	15%	2	2	46	45	0.98	1	1	11	2	1	2	-A
II	577759	A	*/+CTATG	45	26	35.62%	2	2	41	49	0.98	1	1	7	38	12	14	+CTATG
II	603279	A	-T/-T	0	28	100%	0	2	0	43	0.98	0	1	0	0	17	11	-T
II	603305	A	-C/-C	1	28	96.55%	1	2	37	48	0.98	1	1	1	0	15	13	-C
II	645098	C	*/+A	11	3	20%	2	2	45	49	0.98	1	1	6	5	1	2	+A
II	700009	T	*/-A	4	10	71.43%	2	2	55	42	0.98	1	1	1	3	3	7	-A
II	716295	G	*/-T	20	11	30.56%	2	2	43	53	0.98	1	1	16	4	5	6	-T
II	716295	G	*/+T	20	3	8.33%	2	2	43	36	0.98	1	1	16	4	1	2	-T
II	747554	T	*/+A	34	3	8.11%	2	1	46	37	0.98	1	1	20	14	0	3	+A
II	750438	G	*/-A	37	2	5.13%	2	2	49	37	0.98	1	1	15	22	1	1	-A
II	753854	A	*/-T	12	2	11.11%	2	1	39	37	0.98	1	1	10	2	2	0	-T
II	753854	A	*/+T	12	3	16.67%	2	2	39	53	0.98	1	1	10	2	1	2	+T
II	756993	C	*/-T	14	4	16.67%	2	2	52	43	0.98	1	1	10	4	3	1	-T
II	756993	C	*/+T	14	5	20.83%	2	2	52	32	0.98	1	1	10	4	4	1	+T
II	819359	A	*/-G	17	2	10%	2	1	42	43	0.98	1	1	14	3	0	2	-G
II	840399	G	*/+A	23	2	8%	2	1	48	55	0.98	1	1	13	10	2	0	+A
II	860521	T	*/-A	51	3	5.45%	2	1	44	37	0.98	1	1	33	18	3	0	-A
II	888599	A	-C/-C	0	25	100%	0	2	0	50	0.98	0	1	0	0	14	11	-C
II	889921	C	*/-T	17	4	16.67%	1	2	35	46	0.98	1	1	17	0	3	1	-T
II	889921	C	*/+T	17	2	8.33%	1	1	35	25	0.98	1	1	17	0	2	0	-T
II	890578	C	*/-T	23	3	11.11%	2	1	40	33	0.98	1	1	18	5	3	0	-T
II	903106	G	+T/+T	2	38	95%	1	2	37	47	0.98	1	1	2	0	17	21	+T
II	948303	T	*/-A	25	5	16.13%	2	2	49	51	0.98	1	1	15	10	2	3	-A
II	985023	C	*/+A	32	2	5.88%	2	2	51	42	0.98	1	1	21	11	1	1	+A
II	1019510	T	*/-A	5	9	36%	1	2	37	45	0.98	1	1	5	0	5	4	-A
II	1019510	T	*/-AA	5	8	32%	1	2	37	38	0.98	1	1	5	0	5	3	-A
II	1059118	T	*/-A	28	4	11.76%	2	2	47	52	0.98	1	1	17	11	2	2	-A
II	1059118	T	*/+A	28	2	5.88%	2	1	47	55	0.98	1	1	17	11	2	0	-A
II	1078264	T	*/-A	28	5	14.71%	2	2	44	46	0.98	1	1	17	11	3	2	-A
II	1079843	T	+A/+A	2	25	92.59%	1	2	55	40	0.98	1	1	2	0	13	12	+A
II	1104940	T	*/-G	22	2	8.33%	2	1	44	62	0.98	1	1	17	5	0	2	-G
II	1104941	G	*/-T	17	3	13.64%	2	1	39	40	0.98	1	1	16	1	3	0	-T
II	1122580	C	*/-T	52	4	7.14%	2	1	47	52	0.98	1	1	32	20	0	4	-T
II	1140902	C	*/-T	32	2	5.88%	2	2	48	31	0.98	1	1	20	12	1	1	-T
II	1141304	C	*/+A	33	2	5.56%	2	2	52	55	0.98	1	1	18	15	1	1	+A
II	1147442	A	*/-T	24	2	7.69%	2	2	48	37	0.98	1	1	14	10	1	1	-T
II	1163154	A	-T/-T	1	27	96.43%	1	2	74	43	0.98	1	1	0	1	15	12	-T
II	1170553	A	*/+T	31	3	8.82%	2	2	48	45	0.98	1	1	16	15	1	2	+T
II	1171363	T	*/-A	27	2	6.45%	2	2	42	55	0.98	1	1	17	10	1	1	-A
II	1171363	T	*/+A	27	2	6.45%	2	2	42	55	0.98	1	1	17	10	1	1	-A
II	1187785	G	*/-T	34	2	5.26%	2	1	48	74	0.98	1	1	9	25	2	0	-T
II	1205291	A	*/+T	13	2	12.5%	2	1	39	37	0.98	1	1	6	7	0	2	+T
II	1243365	G	*/-T	27	3	9.09%	2	2	44	49	0.98	1	1	13	14	1	2	-T
II	1243365	G	*/+T	27	3	9.09%	2	1	44	49	0.98	1	1	13	14	3	0	-T
II	1264791	C	*/-T	6	2	20%	2	2	43	37	0.98	1	1	5	1	1	1	-T
II	1266289	T	*/+A	4	8	66.67%	2	2	46	50	0.98	1	1	2	2	3	5	+A
II	1277481	G	*/+T	6	3	16.67%	1	1	39	45	0.98	1	1	6	0	3	0	+T
II	1277481	G	*/+TT	6	3	16.67%	1	2	39	49	0.98	1	1	6	0	2	1	+T
II	1277481	G	*/+TTT	6	2	11.11%	1	1	39	42	0.98	1	1	6	0	2	0	+T
II	1308618	G	-T/-T	3	45	93.75%	2	2	45	44	0.98	1	1	1	2	28	17	-T
II	1349040	A	*/-T	21	7	20.59%	2	2	45	40	0.98	1	1	10	11	4	3	-T
II	1349040	A	*/+T	21	6	17.65%	2	2	45	59	0.98	1	1	10	11	3	3	-T
II	1365999	G	*/-T	23	2	6.25%	2	1	50	42	0.98	1	1	15	8	0	2	-T
II	1365999	G	*/-TT	23	3	9.38%	2	1	50	36	0.98	1	1	15	8	0	3	-TT
II	1365999	G	*/+T	23	2	6.25%	2	2	50	36	0.98	1	1	15	8	1	1	-TT
II	1389139	C	*/-T	8	2	6.67%	2	2	44	49	0.98	1	1	6	2	1	1	-T
II	1389139	C	*/+T	8	16	53.33%	2	2	44	46	0.98	1	1	6	2	14	2	+T
II	1389139	C	*/+TT	8	2	6.67%	2	1	44	37	0.98	1	1	6	2	2	0	+T
II	1456839	A	*/-T	13	2	12.5%	2	1	47	55	0.98	1	1	5	8	0	2	-T
II	1458569	C	*/+T	17	2	10%	2	1	39	31	0.98	1	1	16	1	2	0	+T
II	1467485	C	*/-T	18	11	33.33%	2	2	35	39	0.98	1	1	8	10	3	8	-T
II	1467485	C	*/+T	18	3	9.09%	2	2	35	33	0.98	1	1	8	10	2	1	-T
II	1491761	T	*/-A	26	3	10%	2	1	51	49	0.98	1	1	17	9	3	0	-A
II	1545027	C	*/-A	13	4	21.05%	2	2	44	42	0.98	1	1	7	6	3	1	-A
II	1553884	A	*/+G	37	3	7.5%	2	2	45	33	0.98	1	1	11	26	1	2	+G
II	1555919	A	+TTTATT/+TTTATT	3	11	78.57%	2	2	74	49	0.98	1	1	2	1	3	8	+TTTATT
II	1571445	G	*/-TA	38	4	9.52%	2	2	42	46	0.98	1	1	14	24	3	1	-TA
II	1588936	G	*/+AA	5	7	43.75%	1	1	44	37	0.98	1	1	5	0	7	0	+AA
II	1601482	T	*/+A	26	3	10.34%	2	2	45	37	0.98	1	1	15	11	2	1	+A
II	1612985	A	*/-ATAATG	32	2	5.71%	2	2	43	55	0.98	1	1	9	23	1	1	-ATAATG
II	1613166	A	*/+CATT	31	3	8.82%	2	1	54	37	0.98	1	1	20	11	0	3	+CATT
II	1627981	C	*/-T	22	2	8%	2	1	38	49	0.98	1	1	9	13	2	0	-T
II	1634843	T	*/-ATTATC	24	2	7.14%	2	1	53	74	0.98	1	1	13	11	0	2	-ATTATC
II	1678205	T	-A/-A	1	5	83.33%	1	2	37	37	0.98	1	1	1	0	1	4	-A
II	1682725	G	+T/+T	2	20	83.33%	1	2	37	45	0.98	1	1	2	0	15	5	+T
II	1700176	T	*/-A	8	4	33.33%	2	2	34	34	0.98	1	1	3	5	3	1	-A
II	1709150	G	*/-T	24	2	7.69%	2	1	52	49	0.98	1	1	11	13	2	0	-T
II	1716256	G	*/+T	22	4	14.81%	2	2	44	37	0.98	1	1	13	9	3	1	+T
II	1716287	T	*/-G	26	11	29.73%	2	2	48	40	0.98	1	1	9	17	2	9	-G
II	1747580	T	+A/+A	1	17	94.44%	1	2	37	47	0.98	1	1	0	1	6	11	+A
II	1748646	G	*/-A	13	3	10.71%	1	2	35	40	0.98	1	1	13	0	2	1	-A
II	1748646	G	*/-AA	13	10	35.71%	1	2	35	42	0.98	1	1	13	0	7	3	-AA
II	1755439	C	+T/+T	5	28	75.68%	2	2	47	54	0.98	1	1	2	3	11	17	+T
II	1755439	C	*/+TT	5	2	5.41%	2	1	47	74	0.98	1	1	2	3	2	0	+T
II	1763419	T	*/-A	25	6	18.75%	2	2	40	39	0.98	1	1	15	10	4	2	-A
II	1818108	C	*/-T	11	9	36%	2	2	46	45	0.98	1	1	4	7	7	2	-T
II	1818108	C	*/-TT	11	2	8%	2	1	46	43	0.98	1	1	4	7	2	0	-T
II	1861420	T	-G/-G	3	40	93.02%	2	2	61	52	0.98	1	1	2	1	25	15	-G
II	1867795	A	+T/+T	3	18	85.71%	2	2	37	42	0.98	1	1	1	2	8	10	+T
II	1868122	G	*/-T	14	2	7.41%	2	1	44	37	0.98	1	1	11	3	2	0	-T
II	1868122	G	*/+T	14	8	29.63%	2	2	44	38	0.98	1	1	11	3	5	3	+T
II	1873779	T	+A/+A	3	19	86.36%	1	2	49	46	0.98	1	1	0	3	10	9	+A
II	1877294	A	+T/+T	1	17	94.44%	1	2	74	51	0.98	1	1	1	0	11	6	+T
II	1938011	G	*/-A	28	3	9.38%	2	2	43	49	0.98	1	1	16	12	2	1	-A
II	1941697	A	*/-T	19	5	19.23%	2	2	47	44	0.98	1	1	14	5	3	2	-T
II	1941966	A	+T/+T	0	44	100%	0	2	0	54	0.98	0	1	0	0	24	20	+T
II	1941982	A	+T/+T	1	43	97.73%	1	2	37	51	0.98	1	1	0	1	24	19	+T
II	1944778	C	*/-T	48	4	7.41%	2	2	45	37	0.98	1	1	25	23	3	1	-T
II	1948953	G	-A/-A	1	25	96.15%	1	2	37	42	0.98	1	1	0	1	8	17	-A
II	1950050	A	+G/+G	2	36	87.8%	2	2	55	47	0.98	1	1	1	1	16	20	+G
II	1953407	T	*/-C	18	4	18.18%	2	1	34	37	0.98	1	1	1	17	0	4	-C
II	1955495	T	+A/+A	1	27	93.1%	1	2	37	46	0.98	1	1	0	1	16	11	+A
II	1960392	A	+G/+G	0	25	100%	0	2	0	50	0.98	0	1	0	0	10	15	+G
II	1963946	C	*/-A	28	2	6.45%	2	1	47	49	0.98	1	1	13	15	2	0	-A
II	1987101	C	-G/-G	1	38	97.44%	1	2	37	49	0.98	1	1	0	1	23	15	-G
II	1987117	T	-G/-G	0	39	100%	0	2	0	47	0.98	0	1	0	0	23	16	-G
II	2049891	A	-T/-T	2	57	96.61%	2	2	55	48	0.98	1	1	1	1	25	32	-T
II	2053516	G	+C/+C	1	34	97.14%	1	2	37	52	0.98	1	1	0	1	13	21	+C
II	2103523	G	*/+A	18	2	10%	2	1	44	37	0.98	1	1	11	7	2	0	+A
II	2104600	G	*/+A	22	4	15.38%	2	2	46	46	0.98	1	1	9	13	3	1	+A
II	2108180	T	+A/+A	2	25	89.29%	2	2	55	43	0.98	1	1	1	1	15	10	+A
II	2115422	T	*/+A	53	4	7.02%	2	2	46	55	0.98	1	1	22	31	2	2	+A
II	2147726	G	+T/+T	1	27	96.43%	1	2	74	44	0.98	1	1	1	0	16	11	+T
II	2186983	A	*/+T	29	2	6.25%	2	1	55	37	0.98	1	1	10	19	2	0	+T
II	2187407	G	+A/+A	0	18	100%	0	2	0	40	0.98	0	1	0	0	7	11	+A
II	2197587	C	*/-A	8	2	20%	2	1	34	37	0.98	1	1	7	1	2	0	-A
II	2198945	G	*/-CA	44	3	6.25%	2	2	46	57	0.98	1	1	10	34	1	2	-CA
II	2203072	C	*/-A	29	4	12.12%	2	2	49	55	0.98	1	1	19	10	2	2	-A
II	2203175	T	*/-A	22	5	17.24%	2	2	44	42	0.98	1	1	14	8	4	1	-A
II	2203175	T	*/+A	22	2	6.9%	2	1	44	37	0.98	1	1	14	8	2	0	-A
II	2204904	T	*/-A	20	2	8.7%	2	2	40	42	0.98	1	1	15	5	1	1	-A
II	2209818	A	*/-T	22	2	8.33%	2	1	49	49	0.98	1	1	7	15	0	2	-T
II	2219928	A	+T/+T	2	37	94.87%	2	2	55	46	0.98	1	1	1	1	21	16	+T
II	2293297	G	-A/-A	3	27	90%	2	2	57	42	0.98	1	1	1	2	13	14	-A
II	2318772	A	*/-T	6	5	41.67%	2	2	36	34	0.98	1	1	5	1	2	3	-T
II	2338528	G	*/-A	24	3	10.34%	2	2	38	37	0.98	1	1	23	1	2	1	-A
II	2338528	G	*/+A	24	2	6.9%	2	1	38	37	0.98	1	1	23	1	2	0	-A
II	2443175	A	*/-TT	5	2	25%	1	1	37	37	0.98	1	1	5	0	0	2	-TT
II	2443873	T	*/+A	9	5	20.83%	1	1	40	37	0.98	1	1	9	0	5	0	+A
II	2443873	T	*/+AA	9	7	29.17%	1	2	40	49	0.98	1	1	9	0	5	2	+AA
II	2501255	G	*/+AAAAT	45	3	6.25%	2	2	52	37	0.98	1	1	17	28	2	1	+AAAAT
II	2523624	C	*/-A	12	5	20%	2	2	39	46	0.98	1	1	11	1	2	3	-A
II	2523624	C	*/-AA	12	2	8%	2	1	39	74	0.98	1	1	11	1	2	0	-A
II	2523624	C	*/-AAA	12	3	12%	2	2	39	46	0.98	1	1	11	1	2	1	-AAA
II	2527996	C	*/+TT	12	2	14.29%	2	1	43	37	0.98	1	1	7	5	2	0	+TT
II	2591913	T	*/-A	26	4	13.33%	2	2	41	43	0.98	1	1	15	11	3	1	-A
II	2592423	T	+A/+A	2	26	92.86%	2	2	55	54	0.98	1	1	1	1	16	10	+A
II	2630607	C	*/+A	5	15	60%	2	2	44	37	0.98	1	1	3	2	3	12	+A
II	2630607	C	*/+AA	5	2	8%	2	1	44	55	0.98	1	1	3	2	0	2	+A
II	2640785	T	+A/+A	8	41	80.39%	2	2	44	45	0.98	1	1	4	4	21	20	+A
II	2647497	C	*/-T	19	4	16%	2	2	39	37	0.98	1	1	8	11	2	2	-T
II	2647497	C	*/+T	19	2	8%	2	2	39	33	0.98	1	1	8	11	1	1	-T
II	2654944	T	*/-CA	23	2	8%	2	1	42	31	0.98	1	1	11	12	0	2	-CA
II	2694817	T	*/-A	19	2	9.52%	2	2	45	37	0.98	1	1	13	6	1	1	-A
II	2701957	A	+T/+T	1	18	94.74%	1	2	48	52	0.98	1	1	0	1	13	5	+T
II	2709414	G	+C/+C	3	36	90%	2	2	41	51	0.98	1	1	1	2	19	17	+C
II	2739968	C	*/+TT	18	4	18.18%	2	2	38	46	0.98	1	1	11	7	2	2	+TT
II	2755338	C	*/-AT	28	13	29.55%	2	2	42	41	0.98	1	1	4	24	9	4	-AT
II	2755338	C	*/-ATAT	28	3	6.82%	2	1	42	61	0.98	1	1	4	24	0	3	-AT
II	2788933	C	+G/+G	1	46	97.87%	1	2	37	49	0.98	1	1	0	1	37	9	+G
II	2798040	C	-T/-T	2	35	94.59%	1	2	43	47	0.98	1	1	2	0	19	16	-T
II	2798514	A	-G/-G	1	27	96.43%	1	2	37	44	0.98	1	1	1	0	11	16	-G
II	2811495	C	-A/-A	1	35	97.22%	1	2	37	53	0.98	1	1	0	1	18	17	-A
II	2825193	A	*/-T	24	3	10.71%	2	1	43	49	0.98	1	1	17	7	0	3	-T
II	2826100	G	*/-A	8	4	14.29%	2	2	39	46	0.98	1	1	7	1	3	1	-A
II	2826100	G	*/+A	8	15	53.57%	2	2	39	46	0.98	1	1	7	1	9	6	+A
II	2894538	T	*/-A	15	7	28%	2	2	43	42	0.98	1	1	8	7	4	3	-A
II	2894538	T	*/+A	15	3	12%	2	1	43	37	0.98	1	1	8	7	3	0	-A
II	2900889	A	*/-T	19	5	18.52%	2	2	44	44	0.98	1	1	12	7	4	1	-T
II	2938956	C	+T/+T	1	24	96%	1	2	37	46	0.98	1	1	1	0	7	17	+T
II	2965030	T	+A/+A	2	26	92.86%	2	2	68	52	0.98	1	1	1	1	15	11	+A
II	2988149	G	*/-T	18	4	15.38%	2	2	50	49	0.98	1	1	11	7	2	2	-T
II	2988149	G	*/+T	18	4	15.38%	2	1	50	46	0.98	1	1	11	7	4	0	-T
II	3040332	C	+G/+G	2	50	94.34%	1	2	37	50	0.98	1	1	0	2	24	26	+G
II	3050424	C	*/-T	31	2	5.88%	2	1	44	25	0.98	1	1	16	15	0	2	-T
II	3154052	G	*/-T	27	3	9.09%	2	1	47	57	0.98	1	1	13	14	3	0	-T
II	3154052	G	*/+T	27	2	6.06%	2	1	47	37	0.98	1	1	13	14	2	0	-T
II	3171787	C	*/-G	25	2	7.41%	2	1	41	49	0.98	1	1	23	2	0	2	-G
II	3171788	G	*/-A	15	5	18.52%	1	2	38	49	0.98	1	1	15	0	4	1	-A
II	3171788	G	*/+A	15	5	18.52%	1	2	38	46	0.98	1	1	15	0	4	1	-A
II	3174348	T	+A/+A	2	26	92.86%	1	2	49	48	0.98	1	1	2	0	15	11	+A
II	3175926	C	*/-T	6	3	33.33%	2	1	34	37	0.98	1	1	5	1	3	0	-T
II	3253453	C	*/-T	8	2	14.29%	2	2	35	37	0.98	1	1	3	5	1	1	-T
II	3253453	C	*/+T	8	3	21.43%	2	2	35	36	0.98	1	1	3	5	1	2	+T
II	3282373	T	*/-A	31	3	8.82%	2	2	44	33	0.98	1	1	19	12	2	1	-A
II	3366719	T	*/-A	31	2	6.06%	2	2	43	37	0.98	1	1	17	14	1	1	-A
II	3380128	C	*/-T	13	3	17.65%	2	2	39	48	0.98	1	1	8	5	1	2	-T
II	3410437	G	*/-T	9	5	25%	2	2	38	34	0.98	1	1	6	3	1	4	-T
II	3410437	G	*/-TTT	9	2	10%	2	1	38	61	0.98	1	1	6	3	0	2	-T
II	3426819	A	*/+T	37	2	5.13%	2	2	51	74	0.98	1	1	20	17	1	1	+T
II	3487895	G	*/+TATTT	26	2	6.9%	2	1	43	55	0.98	1	1	18	8	2	0	+TATTT
II	3509251	T	*/-A	25	5	15.15%	2	2	40	56	0.98	1	1	16	9	3	2	-A
II	3509251	T	*/+A	25	2	6.06%	2	2	40	55	0.98	1	1	16	9	1	1	-A
II	3512925	C	*/-T	14	2	11.11%	2	2	39	37	0.98	1	1	10	4	1	1	-T
II	3540057	A	*/-T	26	3	9.38%	2	2	44	61	0.98	1	1	17	9	2	1	-T
II	3540057	A	*/+T	26	3	9.38%	2	2	44	33	0.98	1	1	17	9	2	1	-T
II	3556736	A	*/-T	35	2	5.41%	2	2	46	37	0.98	1	1	26	9	1	1	-T
II	3583632	G	*/-A	23	2	7.41%	2	1	45	55	0.98	1	1	10	13	2	0	-A
II	3583632	G	*/+A	23	2	7.41%	2	2	45	49	0.98	1	1	10	13	1	1	-A
II	3619003	A	+G/+G	3	36	92.31%	1	2	53	45	0.98	1	1	0	3	18	18	+G
II	3621704	A	*/-T	17	6	22.22%	2	2	51	39	0.98	1	1	12	5	4	2	-T
II	3621704	A	*/+T	17	4	14.81%	2	2	51	39	0.98	1	1	12	5	3	1	-T
II	3715149	G	*/+A	12	3	18.75%	2	1	46	49	0.98	1	1	10	2	3	0	+A
II	3799350	G	*/+A	4	7	43.75%	2	2	46	35	0.98	1	1	3	1	6	1	+A
II	3815025	C	*/-T	8	2	20%	2	2	35	42	0.98	1	1	5	3	1	1	-T
II	3838101	C	-A/-A	1	9	90%	1	2	37	41	0.98	1	1	1	0	5	4	-A
II	3838912	T	*/-A	15	7	29.17%	2	2	46	49	0.98	1	1	6	9	4	3	-A
II	3856896	A	*/-T	31	10	21.74%	2	2	42	34	0.98	1	1	17	14	3	7	-T
II	3860185	C	*/-TAGTA	36	24	38.1%	2	2	45	39	0.98	1	1	8	28	17	7	-TAGTA
II	3861161	C	*/-T	14	3	17.65%	2	1	39	33	0.98	1	1	10	4	3	0	-T
II	3954039	C	*/-T	28	14	27.45%	2	2	49	45	0.98	1	1	19	9	7	7	-T
II	3954039	C	*/+T	28	6	11.76%	2	1	49	38	0.98	1	1	19	9	6	0	-T
II	3970009	T	*/+A	20	2	9.09%	2	2	44	37	0.98	1	1	4	16	1	1	+A
II	3975235	C	*/-A	24	4	10.81%	2	1	45	37	0.98	1	1	17	7	4	0	-A
II	3975235	C	*/-AA	24	3	8.11%	2	1	45	45	0.98	1	1	17	7	0	3	-A
II	3975235	C	*/-AAA	24	4	10.81%	2	2	45	71	0.98	1	1	17	7	1	3	-AAA
II	3975235	C	*/+A	24	2	5.41%	2	1	45	49	0.98	1	1	17	7	2	0	-AAA
II	3980468	C	*/-T	19	5	20.83%	2	1	39	34	0.98	1	1	17	2	5	0	-T
II	4006982	C	*/-A	17	4	17.39%	2	2	49	37	0.98	1	1	10	7	3	1	-A
II	4031460	A	*/-T	13	4	18.18%	2	2	48	61	0.98	1	1	10	3	2	2	-T
II	4031460	A	*/+T	13	4	18.18%	2	2	48	46	0.98	1	1	10	3	2	2	-T
II	4034227	G	*/+A	24	2	7.69%	2	1	53	31	0.98	1	1	18	6	2	0	+A
II	4037197	A	*/+TGTGTGTGTGTGTGTG	79	5	5.32%	2	2	41	48	0.98	1	1	30	49	3	2	G
II	4045927	C	*/-A	26	2	7.14%	2	2	46	42	0.98	1	1	14	12	1	1	-A
II	4061096	C	*/-T	25	2	7.14%	2	2	48	49	0.98	1	1	17	8	1	1	-T
II	4107252	A	*/+TTT	12	2	13.33%	2	1	40	25	0.98	1	1	8	4	0	2	+TTT
II	4107253	G	*/+TTT	6	2	13.33%	1	2	33	42	0.98	1	1	6	0	1	1	+TTT
II	4149497	A	*/+T	24	2	7.69%	2	2	44	55	0.98	1	1	15	9	1	1	+T
II	4177822	G	*/-T	44	3	6.38%	2	1	40	41	0.98	1	1	30	14	0	3	-T
II	4242977	T	*/-A	31	2	5.88%	2	2	48	37	0.98	1	1	23	8	1	1	-A
II	4249637	A	*/-AT	46	3	6.12%	2	2	52	61	0.98	1	1	13	33	1	2	-AT
II	4254960	G	-A/-A	0	41	100%	0	2	0	49	0.98	0	1	0	0	18	23	-A
II	4308414	C	*/+A	5	17	68%	2	2	42	41	0.98	1	1	3	2	7	10	+A
II	4343817	T	*/-A	12	2	14.29%	2	2	53	37	0.98	1	1	9	3	1	1	-A
II	4419921	T	*/+A	5	10	58.82%	2	2	49	46	0.98	1	1	3	2	2	8	+A
II	4462508	C	*/-A	11	4	23.53%	2	2	45	43	0.98	1	1	8	3	2	2	-A
II	4475221	G	*/-T	33	2	5.71%	2	1	42	37	0.98	1	1	23	10	0	2	-T
II	4502695	C	*/-T	17	2	10.53%	2	2	41	37	0.98	1	1	4	13	1	1	-T
II	4508798	T	*/+G	61	4	6.15%	2	2	48	39	0.98	1	1	28	33	2	2	+G
II	4515621	C	*/+A	11	2	14.29%	2	1	44	49	0.98	1	1	10	1	2	0	+A
II	4517047	T	*/+TACTCATC	82	20	17.86%	2	2	47	41	0.98	1	1	43	39	18	2	+TACTCATC
II	4521677	T	*/-AA	18	8	30.77%	2	2	41	41	0.98	1	1	8	10	5	3	-AA
II	4525340	G	*/+T	76	13	13.83%	2	2	42	42	0.98	1	1	48	28	6	7	+T
II	4526174	A	*/-T	32	6	15.79%	2	2	42	53	0.98	1	1	20	12	2	4	-T
II	4526843	C	*/-T	6	6	42.86%	1	2	43	43	0.98	1	1	6	0	3	3	-T
II	4528465	C	*/+GACAAT	92	10	9.71%	2	2	45	52	0.98	1	1	34	58	4	6	+GACAAT
II	4528483	T	*/-GACAATGACAGA	88	13	12.87%	2	2	45	37	0.98	1	1	36	52	5	8	-GACAATGACAGA
II	4529375	T	*/+ACAACGACAACGACAACG	92	30	21.74%	2	2	47	46	0.98	1	1	49	43	13	17	+ACAACGACAACGACAACG
II	4529375	T	*/+ACAACGACAACGACAACGACAACG	92	14	10.14%	2	2	47	39	0.98	1	1	49	43	6	8	+ACAACGACAACGACAACG
II	4533588	C	*/-T	78	47	37.6%	2	2	46	44	0.98	1	1	47	31	29	18	-T
II	4534880	A	*/-T	180	53	22.75%	2	2	49	48	0.98	1	1	78	102	24	29	-T
II	4535321	G	*/-GATAT	309	29	8.58%	2	2	44	43	0.98	1	1	161	148	15	14	-GATAT
II	4535460	T	*/+GAGTAAAGA	409	45	9.7%	2	2	51	54	0.98	1	1	216	193	15	30	+GAGTAAAGA
II	4535523	T	*/+GTTACG	328	75	18.52%	2	2	46	43	0.98	1	1	98	230	31	44	+GTTACG
II	4535548	A	*/-TATGTG	340	73	17.59%	2	2	46	44	0.98	1	1	128	212	39	34	-TATGTG
II	4535645	G	*/-T	265	75	21.99%	2	2	51	50	0.98	1	1	137	128	42	33	-T
II	4535727	A	*/-G	227	43	15.93%	2	2	43	43	0.98	1	1	80	147	19	24	-G
II	4537213	G	*/+T	153	255	62.35%	2	2	50	49	0.98	1	1	101	52	156	99	+T
II	4537387	A	*/-AATAAGAG	108	189	63.64%	2	2	46	46	0.98	1	1	50	58	118	71	-AATAAGAG
II	4537655	A	*/+AAATG	81	17	16.67%	2	2	45	38	0.98	1	1	47	34	11	6	+AAATG
II	4537712	T	*/-AAATAAAATTAATG	66	10	13.16%	2	2	40	35	0.98	1	1	27	39	6	4	-AAATAAAATTAATG
II	4539204	G	*/-ATAGGTAGAATAAGTAAAGCAGAATAGGTAGA	304	18	5.59%	2	2	45	36	0.98	1	1	145	159	8	10	-ATAGGTAGAATAAGTAAAGCAGAATAGGTAGA
III	1558	G	*/-A	101	12	9.09%	2	2	39	53	0.98	1	1	50	51	4	8	-A
III	1558	G	*/+A	101	12	9.09%	2	2	39	49	0.98	1	1	50	51	5	7	-A
III	1893	T	*/-A	175	10	5.41%	2	2	48	51	0.98	1	1	84	91	4	6	-A
III	4729	A	*/-T	543	186	23.28%	2	2	47	49	0.98	1	1	311	232	95	91	-T
III	4952	C	*/+T	472	119	19.97%	2	2	43	53	0.98	1	1	285	187	45	74	+T
III	5403	C	*/-T	557	166	20.24%	2	2	42	45	0.98	1	1	386	171	99	67	-T
III	5403	C	*/-TT	557	46	5.61%	2	2	42	42	0.98	1	1	386	171	28	18	-T
III	9812	T	*/+A	214	28	11.43%	2	1	43	38	0.98	1	1	59	155	0	28	+A
III	12428	G	*/-A	102	9	7.09%	2	2	42	35	0.98	1	1	49	53	4	5	-A
III	12428	G	*/+A	102	9	7.09%	2	2	42	48	0.98	1	1	49	53	5	4	-A
III	15599	A	*/-T	553	178	21.95%	2	2	47	49	0.98	1	1	353	200	68	110	-T
III	15599	A	*/+T	553	50	6.17%	2	2	47	50	0.98	1	1	353	200	23	27	-T
III	15822	C	*/+T	481	127	20.58%	2	2	43	50	0.98	1	1	296	185	42	85	+T
III	16273	C	*/-T	568	171	20.73%	2	2	44	44	0.98	1	1	386	182	99	72	-T
III	20682	T	*/+A	179	24	11.71%	2	1	44	42	0.98	1	1	46	133	0	24	+A
III	23298	G	*/+A	86	14	12.28%	2	2	41	43	0.98	1	1	40	46	5	9	+A
III	69589	T	*/-A	27	2	6.67%	2	2	47	37	0.98	1	1	9	18	1	1	-A
III	123319	T	*/-A	15	8	30.77%	2	2	44	41	0.98	1	1	6	9	4	4	-A
III	171115	A	*/+C	52	4	7.14%	2	1	43	43	0.98	1	1	32	20	4	0	+C
III	207168	T	*/-A	8	4	21.05%	2	2	50	37	0.98	1	1	6	2	2	2	-A
III	207168	T	*/-AA	8	4	21.05%	2	2	50	46	0.98	1	1	6	2	2	2	-A
III	207168	T	*/+A	8	3	15.79%	2	2	50	56	0.98	1	1	6	2	2	1	-A
III	208121	G	*/+A	26	2	7.14%	2	2	40	42	0.98	1	1	23	3	1	1	+A
III	208140	C	*/-A	17	3	11.11%	2	2	41	45	0.98	1	1	14	3	2	1	-A
III	208140	C	*/+A	17	4	14.81%	2	2	41	46	0.98	1	1	14	3	3	1	+A
III	208140	C	*/+AA	17	2	7.41%	2	2	41	42	0.98	1	1	14	3	1	1	+A
III	210057	G	*/-TTGTGGATC	72	13	15.29%	2	2	51	48	0.98	1	1	41	31	8	5	-TTGTGGATC
III	231502	G	*/+A	31	2	5.88%	2	2	40	31	0.98	1	1	18	13	1	1	+A
III	232115	A	*/-T	12	2	12.5%	2	1	49	74	0.98	1	1	7	5	0	2	-T
III	232115	A	*/+T	12	2	12.5%	2	1	49	37	0.98	1	1	7	5	0	2	-T
III	253907	A	*/+T	9	3	20%	2	2	33	36	0.98	1	1	4	5	1	2	+T
III	286478	C	-TT/-TT	1	18	94.74%	1	2	37	37	0.98	1	1	0	1	9	9	-TT
III	286594	T	*/+A	11	10	41.67%	2	2	39	40	0.98	1	1	7	4	9	1	+A
III	286594	T	*/+AA	11	2	8.33%	2	1	39	37	0.98	1	1	7	4	2	0	+A
III	293096	G	*/-T	23	4	12.12%	2	2	42	49	0.98	1	1	14	9	2	2	-T
III	293096	G	*/-TT	23	2	6.06%	2	1	42	37	0.98	1	1	14	9	2	0	-T
III	293096	G	*/+T	23	2	6.06%	2	1	42	43	0.98	1	1	14	9	2	0	-T
III	365747	C	-A/-A	2	29	93.55%	1	2	37	38	0.98	1	1	2	0	21	8	-A
III	393532	C	*/+A	23	2	8%	2	2	46	55	0.98	1	1	8	15	1	1	+A
III	415596	T	*/-A	17	2	10.53%	2	2	46	55	0.98	1	1	9	8	1	1	-A
III	467904	C	*/+A	22	2	8%	2	1	49	31	0.98	1	1	13	9	0	2	+A
III	518843	C	*/+T	21	2	8.33%	2	1	46	37	0.98	1	1	7	14	0	2	+T
III	568658	C	*/-T	13	4	19.05%	2	2	39	40	0.98	1	1	8	5	1	3	-T
III	568658	C	*/+T	13	3	14.29%	2	1	39	53	0.98	1	1	8	5	3	0	-T
III	609675	T	*/-A	37	2	5.13%	2	2	50	55	0.98	1	1	19	18	1	1	-A
III	675253	C	*/-T	31	2	5.88%	2	1	45	55	0.98	1	1	16	15	0	2	-T
III	698344	G	*/+C	46	3	6.12%	2	2	42	37	0.98	1	1	28	18	2	1	+C
III	717677	A	*/-T	0	13	68.42%	0	2	0	52	0.98	0	1	0	0	7	6	-T
III	717677	A	*/-TT	0	4	21.05%	0	1	0	37	0.98	0	1	0	0	4	0	-T
III	717677	A	*/-TTT	0	2	10.53%	0	2	0	55	0.98	0	1	0	0	1	1	-T
III	719955	A	-C/-C	0	15	100%	0	2	0	43	0.98	0	1	0	0	7	8	-C
III	719973	C	-G/-G	0	6	100%	0	2	0	33	0.98	0	1	0	0	3	3	-G
III	720559	C	*/-T	13	5	22.73%	2	1	37	39	0.98	1	1	11	2	5	0	-T
III	720559	C	*/-TT	13	2	9.09%	2	1	37	43	0.98	1	1	11	2	0	2	-T
III	720559	C	*/+T	13	2	9.09%	2	2	37	55	0.98	1	1	11	2	1	1	-T
III	720683	A	+T/+T	3	11	78.57%	2	2	37	47	0.98	1	1	1	2	4	7	+T
III	725030	C	+T/+T	1	15	93.75%	1	2	37	44	0.98	1	1	1	0	6	9	+T
III	762516	T	*/-A	27	5	15.62%	2	2	48	42	0.98	1	1	18	9	4	1	-A
III	792469	C	*/+A	36	2	5.26%	2	2	44	55	0.98	1	1	13	23	1	1	+A
III	822701	G	*/-T	21	4	15.38%	2	2	45	37	0.98	1	1	9	12	2	2	-T
III	824159	A	*/-C	37	2	5.13%	2	2	51	74	0.98	1	1	20	17	1	1	-C
III	827251	C	*/+T	7	2	18.18%	1	2	42	31	0.98	1	1	7	0	1	1	+T
III	847246	A	*/-T	33	3	8.33%	2	2	50	49	0.98	1	1	17	16	1	2	-T
III	867865	C	-T/-T	2	27	93.1%	2	2	55	37	0.98	1	1	1	1	10	17	-T
III	897531	C	*/+A	30	2	6.25%	2	1	52	49	0.98	1	1	14	16	2	0	+A
III	898665	T	*/-A	40	3	6.67%	2	2	45	49	0.98	1	1	16	24	1	2	-A
III	903309	C	*/-T	32	2	5.88%	2	1	47	37	0.98	1	1	20	12	2	0	-T
III	936705	G	*/-T	7	2	22.22%	2	2	47	37	0.98	1	1	3	4	1	1	-T
III	954028	G	*/-A	20	4	16%	2	1	43	52	0.98	1	1	13	7	0	4	-A
III	958241	C	*/-T	27	3	8.82%	2	1	36	56	0.98	1	1	23	4	3	0	-T
III	958241	C	*/+T	27	2	5.88%	2	1	36	37	0.98	1	1	23	4	2	0	-T
III	966124	G	*/-T	32	7	15.91%	2	1	37	38	0.98	1	1	30	2	7	0	-T
III	969023	G	*/+T	40	4	9.09%	2	2	46	64	0.98	1	1	29	11	2	2	+T
III	970548	C	*/-T	7	4	26.67%	2	1	56	40	0.98	1	1	3	4	0	4	-T
III	970548	C	*/-TT	7	2	13.33%	2	1	56	31	0.98	1	1	3	4	0	2	-T
III	970892	C	*/-T	19	7	24.14%	2	2	44	45	0.98	1	1	13	6	4	3	-T
III	970892	C	*/+T	19	3	10.34%	2	2	44	53	0.98	1	1	13	6	1	2	-T
III	985871	C	*/-T	12	2	12.5%	2	2	37	42	0.98	1	1	11	1	1	1	-T
III	996934	A	*/+T	27	2	6.9%	2	1	43	37	0.98	1	1	16	11	2	0	+T
III	996949	A	*/-T	27	2	6.9%	2	1	45	74	0.98	1	1	14	13	0	2	-T
III	1016311	G	+C/+C	2	60	96.77%	2	2	37	49	0.98	1	1	1	1	28	32	+C
III	1037072	T	*/-A	31	2	6.06%	2	2	42	55	0.98	1	1	23	8	1	1	-A
III	1039212	C	*/+T	21	2	8.7%	2	1	51	37	0.98	1	1	9	12	2	0	+T
III	1073505	T	*/+ATATAGAG	177	22	11%	2	2	52	47	0.98	1	1	104	73	14	8	+ATATAGAG
III	1075530	A	*/+TGGAAGTGGTAAG	208	11	5.02%	2	2	45	42	0.98	1	1	77	131	5	6	+TGGAAGTGGTAAG
III	1079346	A	*/+G	122	19	13.48%	2	2	42	37	0.98	1	1	82	40	12	7	+G
III	1080146	T	*/+ATATAGAG	315	23	6.76%	2	2	44	39	0.98	1	1	115	200	12	11	+ATATAGAG
III	1082171	A	*/+TGGAAGTGGTAAG	186	18	8.74%	2	2	45	40	0.98	1	1	75	111	6	12	+TGGAAGTGGTAAG
III	1087979	A	*/+G	92	7	7.07%	2	2	48	47	0.98	1	1	57	35	6	1	+G
III	1095550	G	*/-T	22	15	30.61%	2	2	39	43	0.98	1	1	17	5	10	5	-T
III	1095550	G	*/-TT	22	8	16.33%	2	2	39	58	0.98	1	1	17	5	4	4	-T
III	1103423	T	*/-A	14	18	41.86%	2	2	44	47	0.98	1	1	10	4	11	7	-A
III	1103423	T	*/-AA	14	5	11.63%	2	2	44	34	0.98	1	1	10	4	4	1	-A
III	1103423	T	*/+A	14	3	6.98%	2	2	44	53	0.98	1	1	10	4	1	2	-A
III	1110963	T	*/+C	97	11	10.19%	2	2	48	43	0.98	1	1	44	53	9	2	+C
III	1114914	T	*/+ACCACTAACCATC	75	6	7.23%	2	2	44	37	0.98	1	1	44	31	5	1	+ACCACTAACCATC
III	1117723	T	*/+C	95	6	5.94%	2	2	47	43	0.98	1	1	38	57	5	1	+C
III	1121674	T	*/+ACCACTAACCATC	53	8	13.11%	2	2	45	37	0.98	1	1	30	23	3	5	+ACCACTAACCATC
III	1124483	T	*/+C	96	11	10.19%	2	2	45	40	0.98	1	1	48	48	7	4	+C
III	1128434	T	*/+ACCACTAACCATC	60	5	7.69%	2	2	42	44	0.98	1	1	31	29	4	1	+ACCACTAACCATC
III	1131243	T	*/+C	96	9	8.57%	2	2	44	49	0.98	1	1	43	53	5	4	+C
III	1135194	T	*/+ACCACTAACCATC	60	5	7.58%	2	2	46	37	0.98	1	1	35	25	3	2	+ACCACTAACCATC
III	1168360	T	*/-G	17	5	22.73%	2	2	46	34	0.98	1	1	12	5	2	3	-G
III	1168362	G	*/-GA	9	7	35%	2	2	36	40	0.98	1	1	7	2	6	1	-GA
III	1168362	G	*/-GAA	9	2	10%	2	2	36	42	0.98	1	1	7	2	1	1	-GA
III	1193734	G	*/-T	29	4	11.76%	2	2	44	46	0.98	1	1	22	7	3	1	-T
III	1239214	T	*/-A	19	2	9.09%	2	2	48	37	0.98	1	1	11	8	1	1	-A
III	1244495	G	*/-T	20	3	13.04%	2	1	43	61	0.98	1	1	12	8	3	0	-T
III	1252502	A	*/+TT	36	3	7.5%	2	1	39	29	0.98	1	1	25	11	0	3	+TT
III	1252503	G	*/+T	31	2	5.88%	2	1	39	48	0.98	1	1	27	4	0	2	+T
III	1252505	G	*/+T	24	4	9.76%	2	1	36	52	0.98	1	1	23	1	0	4	+T
III	1308513	T	*/+A	34	2	5.56%	2	2	49	55	0.98	1	1	13	21	1	1	+A
III	1338638	T	+AA/+AA	2	17	85%	1	2	37	45	0.98	1	1	0	2	7	10	+AA
III	1395394	G	*/-T	1	3	50%	1	1	37	37	0.98	1	1	1	0	3	0	-T
III	1395671	C	*/-AA	23	2	7.41%	2	1	41	37	0.98	1	1	8	15	2	0	-AA
III	1396420	A	*/+TTCATTTCTTTTTCTTTTCT	7	5	41.67%	2	2	35	51	0.98	1	1	5	2	2	3	+TTCATTTCTTTTTCTTTTCT
III	1421567	T	*/+G	19	4	16%	2	1	37	37	0.98	1	1	12	7	4	0	+G
III	1421567	T	*/+GG	19	2	8%	2	1	37	31	0.98	1	1	12	7	2	0	+G
III	1510629	T	*/-A	16	7	29.17%	2	2	47	45	0.98	1	1	11	5	5	2	-A
III	1547169	C	*/-A	15	3	15%	2	2	39	57	0.98	1	1	12	3	2	1	-A
III	1575951	G	*/-T	9	2	11.11%	2	1	45	68	0.98	1	1	6	3	2	0	-T
III	1575951	G	*/+T	9	6	33.33%	2	2	45	45	0.98	1	1	6	3	2	4	+T
III	1581366	G	*/+T	24	2	7.41%	2	1	39	55	0.98	1	1	11	13	0	2	+T
III	1594933	T	*/-A	30	7	17.95%	2	2	48	45	0.98	1	1	12	18	5	2	-A
III	1594933	T	*/-AA	30	2	5.13%	2	1	48	68	0.98	1	1	12	18	0	2	-A
III	1609231	T	*/-A	24	3	10.71%	2	2	48	57	0.98	1	1	10	14	2	1	-A
III	1671873	C	*/+T	7	2	22.22%	2	1	40	31	0.98	1	1	3	4	2	0	+T
III	1674618	C	*/-T	9	2	15.38%	2	2	39	42	0.98	1	1	8	1	1	1	-T
III	1674618	C	*/+T	9	2	15.38%	2	1	39	37	0.98	1	1	8	1	2	0	-T
III	1684246	A	*/-T	21	2	8.7%	2	1	42	37	0.98	1	1	15	6	2	0	-T
III	1685487	G	+A/+A	1	38	97.44%	1	2	74	44	0.98	1	1	1	0	21	17	+A
III	1698124	C	*/-T	24	2	7.69%	2	1	50	74	0.98	1	1	14	10	0	2	-T
III	1702276	A	*/-T	59	9	12.86%	2	2	48	53	0.98	1	1	32	27	5	4	-T
III	1707997	T	*/-A	35	7	16.28%	2	2	41	37	0.98	1	1	16	19	5	2	-A
III	1712982	C	*/-G	28	2	6.45%	2	1	45	55	0.98	1	1	19	9	0	2	-G
III	1712983	G	*/-A	16	10	32.26%	2	2	42	35	0.98	1	1	11	5	8	2	-A
III	1712983	G	*/-AA	16	2	6.45%	2	1	42	49	0.98	1	1	11	5	2	0	-A
III	1712983	G	*/+A	16	3	9.68%	2	1	42	56	0.98	1	1	11	5	0	3	+A
III	1715328	C	*/-A	21	2	8.7%	2	1	41	36	0.98	1	1	9	12	2	0	-A
III	1745818	C	*/+T	19	2	9.52%	2	1	48	37	0.98	1	1	12	7	2	0	+T
III	1756400	T	-A/-A	2	48	96%	1	2	37	47	0.98	1	1	2	0	23	25	-A
III	1758846	C	*/-A	12	2	12.5%	2	1	45	25	0.98	1	1	8	4	2	0	-A
III	1758846	C	*/+A	12	2	12.5%	2	1	45	55	0.98	1	1	8	4	2	0	-A
III	1774235	T	+GATC/+GATC	0	25	92.59%	0	2	0	49	0.98	0	1	0	0	17	8	+GATC
III	1778791	G	*/+T	32	2	5.88%	2	1	50	55	0.98	1	1	20	12	2	0	+T
III	1802071	G	*/+T	42	3	6.67%	2	1	47	61	0.98	1	1	21	21	0	3	+T
III	1802522	G	*/-T	25	2	6.67%	2	2	42	55	0.98	1	1	19	6	1	1	-T
III	1802522	G	*/+T	25	3	10%	2	1	42	37	0.98	1	1	19	6	3	0	+T
III	1821911	C	*/-A	8	4	25%	2	2	49	40	0.98	1	1	5	3	2	2	-A
III	1821911	C	*/-AA	8	2	12.5%	2	2	49	37	0.98	1	1	5	3	1	1	-A
III	1833132	C	*/+T	28	2	6.67%	2	1	44	49	0.98	1	1	20	8	2	0	+T
III	1840034	C	*/+A	36	2	5.13%	2	1	45	31	0.98	1	1	13	23	0	2	+A
III	1891947	A	*/-T	9	2	18.18%	2	2	53	55	0.98	1	1	5	4	1	1	-T
III	1919123	A	*/+T	30	3	9.09%	2	2	44	32	0.98	1	1	15	15	2	1	+T
III	1925626	C	*/-A	3	3	42.86%	2	2	40	61	0.98	1	1	2	1	2	1	-A
III	1929127	A	*/-G	6	3	30%	2	1	39	29	0.98	1	1	4	2	3	0	-G
III	1947823	A	*/-T	15	2	11.76%	2	2	45	55	0.98	1	1	9	6	1	1	-T
III	1979604	A	*/-T	13	6	30%	2	2	54	43	0.98	1	1	6	7	4	2	-T
III	1985119	G	*/-T	10	3	20%	2	1	39	61	0.98	1	1	2	8	3	0	-T
III	1985119	G	*/+T	10	2	13.33%	2	1	39	43	0.98	1	1	2	8	0	2	-T
III	2028192	T	*/-A	26	3	10%	2	2	38	53	0.98	1	1	23	3	2	1	-A
III	2035510	C	*/+T	17	2	10.53%	2	2	37	55	0.98	1	1	10	7	1	1	+T
III	2067838	T	*/-AA	7	2	18.18%	1	1	35	37	0.98	1	1	7	0	2	0	-AA
III	2067838	T	*/+A	7	2	18.18%	1	1	35	37	0.98	1	1	7	0	2	0	-AA
III	2074510	C	*/-T	12	5	29.41%	2	2	44	36	0.98	1	1	11	1	3	2	-T
III	2076412	G	*/-T	20	11	32.35%	2	2	39	49	0.98	1	1	12	8	5	6	-T
III	2076980	A	*/-T	12	3	20%	2	2	38	37	0.98	1	1	3	9	1	2	-T
III	2113205	C	*/-T	13	8	33.33%	2	2	37	38	0.98	1	1	8	5	3	5	-T
III	2113205	C	*/-TT	13	2	8.33%	2	2	37	42	0.98	1	1	8	5	1	1	-T
III	2157938	C	*/-T	26	3	9.68%	2	2	48	33	0.98	1	1	15	11	2	1	-T
III	2157938	C	*/+T	26	2	6.45%	2	2	48	55	0.98	1	1	15	11	1	1	-T
III	2178240	T	*/-A	24	3	10.71%	2	2	38	40	0.98	1	1	17	7	1	2	-A
III	2219235	A	*/-T	24	3	10.71%	2	2	56	70	0.98	1	1	7	17	1	2	-T
III	2221711	A	*/-G	21	2	8.7%	2	1	47	55	0.98	1	1	10	11	2	0	-G
III	2256355	G	*/-A	14	2	12.5%	2	1	52	55	0.98	1	1	5	9	2	0	-A
III	2259892	G	*/+T	29	2	6.45%	2	1	49	55	0.98	1	1	22	7	0	2	+T
III	2270459	C	*/+A	25	3	10%	2	2	44	37	0.98	1	1	13	12	2	1	+A
III	2276231	C	*/-T	26	2	7.14%	2	2	49	37	0.98	1	1	16	10	1	1	-T
III	2281940	C	*/-T	29	4	11.76%	2	2	41	46	0.98	1	1	22	7	2	2	-T
III	2300104	A	*/+T	12	2	14.29%	2	1	40	37	0.98	1	1	9	3	2	0	+T
III	2309611	T	*/-A	13	4	21.05%	2	2	45	43	0.98	1	1	8	5	1	3	-A
III	2310960	G	*/-A	17	2	10.53%	2	2	44	74	0.98	1	1	8	9	1	1	-A
III	2310968	A	*/+GGT	17	2	10.53%	2	2	42	74	0.98	1	1	7	10	1	1	+GGT
III	2311203	C	*/-T	13	2	13.33%	2	1	45	61	0.98	1	1	9	4	2	0	-T
III	2352293	A	*/+G	7	5	41.67%	2	1	33	37	0.98	1	1	6	1	5	0	+G
III	2373166	G	*/-A	32	4	11.11%	2	2	45	49	0.98	1	1	19	13	3	1	-A
III	2382018	A	*/-T	5	10	52.63%	2	2	44	41	0.98	1	1	4	1	5	5	-T
III	2382018	A	*/-TT	5	4	21.05%	2	2	44	37	0.98	1	1	4	1	2	2	-T
III	2410032	C	*/+A	10	2	14.29%	2	1	43	55	0.98	1	1	6	4	0	2	+A
III	2412295	A	*/+T	28	2	6.67%	2	2	45	55	0.98	1	1	19	9	1	1	+T
III	2420241	T	*/-A	17	2	9.52%	2	2	41	55	0.98	1	1	11	6	1	1	-A
III	2443562	A	*/+T	290	37	11.25%	2	2	41	36	0.98	1	1	100	190	1	36	+T
III	2447848	T	*/-A	1259	304	11.89%	2	2	44	41	0.98	1	1	951	308	222	82	-A
III	2447848	T	*/-AA	1259	147	5.75%	2	2	44	45	0.98	1	1	951	308	97	50	-A
III	2447848	T	*/+A	1259	688	26.92%	2	2	44	43	0.98	1	1	951	308	502	186	+A
III	2448309	T	-AA/-AA	91	1132	91.07%	2	2	43	43	0.98	1	1	57	34	434	698	-AA
III	2448518	T	*/-A	1346	466	21.79%	2	2	46	45	0.98	1	1	924	422	305	161	-A
III	2448518	T	*/-AA	1346	140	6.55%	2	2	46	49	0.98	1	1	924	422	77	63	-A
III	2448518	T	*/+A	1346	154	7.2%	2	2	46	44	0.98	1	1	924	422	107	47	+A
mating_type_region	462	G	*/-T	30	2	6.25%	2	2	52	55	0.98	1	1	19	11	1	1	-T
