Chrom	Position	Ref	Cons	Reads1	Reads2	VarFreq	Strands1	Strands2	Qual1	Qual2	Pvalue	MapQual1	MapQual2	Reads1Plus	Reads1Minus	Reads2Plus	Reads2Minus	VarAllele
I	3160	A	*/+GTTGTCGTTGTCGTTGTC	79	18	15.52%	2	2	47	45	0.98	1	1	51	28	9	9	+GTTGTCGTTGTCGTTGTC
I	3160	A	*/+GTTGTCGTTGTCGTTGTCGTTGTC	79	13	11.21%	2	2	47	39	0.98	1	1	51	28	4	9	+GTTGTCGTTGTCGTTGTC
I	4047	C	*/-TGTCTCTGTCAT	85	18	17.48%	2	2	42	47	0.98	1	1	36	49	9	9	-TGTCTCTGTCAT
I	4053	C	*/+TGTCAT	65	15	18.29%	2	2	42	43	0.98	1	1	26	39	8	7	+TGTCAT
I	5677	G	*/-A	31	9	16.67%	2	2	41	41	0.98	1	1	25	6	8	1	-A
I	5677	G	*/-AA	31	6	11.11%	2	2	41	36	0.98	1	1	25	6	4	2	-A
I	6357	T	*/-A	44	3	5.17%	2	2	43	45	0.98	1	1	31	13	1	2	-A
I	6357	T	*/-AA	44	10	17.24%	2	2	43	39	0.98	1	1	31	13	5	5	-AA
I	7192	C	*/-A	36	7	11.29%	2	2	44	51	0.98	1	1	28	8	2	5	-A
I	7192	C	*/+A	36	13	20.97%	2	2	44	41	0.98	1	1	28	8	8	5	+A
I	10859	G	*/-TT	11	6	33.33%	2	2	43	47	0.98	1	1	8	3	4	2	-TT
I	15734	C	*/-A	15	3	13.04%	2	1	42	37	0.98	1	1	11	4	3	0	-A
I	15734	C	*/-AA	15	2	8.7%	2	2	42	55	0.98	1	1	11	4	1	1	-A
I	15734	C	*/+A	15	3	13.04%	2	1	42	37	0.98	1	1	11	4	3	0	+A
I	19694	T	*/+A	44	3	6.38%	2	1	53	37	0.98	1	1	17	27	3	0	+A
I	20545	C	*/+TTTTTTT	0	4	66.67%	0	2	0	37	0.98	0	1	0	0	2	2	+TTTTTTT
I	21437	G	*/-T	19	2	9.52%	2	2	41	43	0.98	1	1	9	10	1	1	-T
I	27402	A	*/+C	14	5	23.81%	2	1	36	37	0.98	1	1	2	12	0	5	+C
I	28398	A	*/+C	61	4	6.15%	2	2	46	53	0.98	1	1	11	50	2	2	+C
I	43335	G	*/+A	4	2	25%	1	1	34	37	0.98	1	1	4	0	2	0	+A
I	55244	T	*/-A	5	7	46.67%	2	1	42	38	0.98	1	1	4	1	7	0	-A
I	55244	T	*/-AA	5	3	20%	2	2	42	41	0.98	1	1	4	1	2	1	-A
I	101871	A	+G/+G	4	34	89.47%	2	2	64	49	0.98	1	1	2	2	18	16	+G
I	144850	A	*/+C	24	3	11.11%	2	2	44	74	0.98	1	1	18	6	1	2	+C
I	164223	C	*/+T	30	2	6.25%	2	2	48	37	0.98	1	1	12	18	1	1	+T
I	190112	C	*/-A	7	2	18.18%	2	1	54	42	0.98	1	1	6	1	2	0	-A
I	206448	C	*/+T	10	2	16.67%	2	1	35	55	0.98	1	1	8	2	2	0	+T
I	232688	T	*/-A	12	2	13.33%	2	2	54	37	0.98	1	1	9	3	1	1	-A
I	272366	G	*/-A	20	2	9.09%	2	1	50	74	0.98	1	1	12	8	2	0	-A
I	381883	C	*/-A	11	2	15.38%	2	2	41	31	0.98	1	1	6	5	1	1	-A
I	414079	C	*/-T	7	4	33.33%	2	2	38	46	0.98	1	1	6	1	2	2	-T
I	440084	T	+A/+A	1	5	83.33%	1	2	37	59	0.98	1	1	1	0	4	1	+A
I	441614	C	*/-T	9	4	23.53%	2	1	35	46	0.98	1	1	8	1	4	0	-T
I	441614	C	*/-TT	9	2	11.76%	2	1	35	31	0.98	1	1	8	1	2	0	-T
I	453369	G	*/-A	9	3	11.11%	2	1	37	37	0.98	1	1	8	1	3	0	A
I	453369	G	*/+A	9	7	25.93%	2	2	37	42	0.98	1	1	8	1	6	1	+A
I	453369	G	*/+AA	9	2	7.41%	2	1	37	37	0.98	1	1	8	1	2	0	+A
I	456726	G	*/-T	20	2	8.33%	2	1	52	37	0.98	1	1	10	10	2	0	-T
I	470378	A	-C/-C	0	22	100%	0	2	0	37	0.98	0	1	0	0	14	8	-C
I	470390	A	-C/-C	1	23	95.83%	1	2	37	41	0.98	1	1	0	1	16	7	-C
I	473427	G	*/+T	8	2	15.38%	2	1	38	25	0.98	1	1	5	3	0	2	+T
I	482737	A	+G/+G	1	36	94.74%	1	2	62	40	0.98	1	1	1	0	24	12	+G
I	519932	G	*/-A	27	3	10%	2	1	43	37	0.98	1	1	17	10	3	0	-A
I	521845	T	*/-A	17	8	32%	2	2	42	54	0.98	1	1	4	13	5	3	-A
I	528541	C	*/+A	33	3	8.11%	2	2	39	49	0.98	1	1	20	13	1	2	+A
I	554527	A	+T/+T	2	13	76.47%	2	2	37	39	0.98	1	1	1	1	3	10	+T
I	554527	A	*/+TT	2	2	11.76%	2	2	37	49	0.98	1	1	1	1	1	1	+T
I	562745	A	*/-T	4	2	20%	1	1	46	55	0.98	1	1	4	0	0	2	-T
I	562745	A	*/+T	4	2	20%	1	2	46	31	0.98	1	1	4	0	1	1	-T
I	562745	A	*/+TT	4	2	20%	1	1	46	55	0.98	1	1	4	0	0	2	-T
I	609849	C	*/-T	15	3	16.67%	2	1	47	40	0.98	1	1	11	4	3	0	-T
I	650099	C	*/+AA	8	5	31.25%	2	1	36	37	0.98	1	1	5	3	5	0	+AA
I	660056	T	*/+G	16	2	10.53%	2	1	40	37	0.98	1	1	15	1	2	0	+G
I	661548	C	*/-T	10	2	16.67%	2	2	37	43	0.98	1	1	5	5	1	1	-T
I	670032	C	+A/+A	2	47	95.92%	2	2	49	47	0.98	1	1	1	1	18	29	+A
I	682993	T	-C/-C	1	41	97.62%	1	2	37	50	0.98	1	1	0	1	14	27	-C
I	719597	G	*/-TA	46	7	12.96%	2	2	49	45	0.98	1	1	27	19	4	3	-TA
I	765477	A	*/+T	7	2	20%	2	1	35	37	0.98	1	1	4	3	0	2	+T
I	793917	A	*/+T	7	2	22.22%	2	2	38	31	0.98	1	1	5	2	1	1	+T
I	807903	A	*/+T	11	2	14.29%	2	1	41	37	0.98	1	1	2	9	0	2	+T
I	824109	G	*/+T	24	2	7.69%	2	2	42	37	0.98	1	1	21	3	1	1	+T
I	862962	C	+T/+T	1	15	93.75%	1	2	37	40	0.98	1	1	1	0	8	7	+T
I	903074	C	*/+T	12	2	14.29%	2	1	39	37	0.98	1	1	6	6	0	2	+T
I	934908	T	*/+AA	6	6	46.15%	1	2	34	38	0.98	1	1	6	0	4	2	+AA
I	960025	G	*/+T	3	6	66.67%	1	2	33	37	0.98	1	1	3	0	4	2	+T
I	995070	G	*/-T	9	2	16.67%	2	1	35	55	0.98	1	1	5	4	0	2	-T
I	1027635	T	*/+A	6	2	25%	1	1	33	31	0.98	1	1	6	0	2	0	+A
I	1048635	G	+A/+A	3	15	83.33%	2	2	49	39	0.98	1	1	2	1	13	2	+A
I	1148104	A	+T/+T	1	6	75%	1	2	37	43	0.98	1	1	0	1	3	3	+T
I	1149923	C	*/+A	19	2	9.09%	2	1	38	37	0.98	1	1	10	9	2	0	+A
I	1152144	C	*/-T	13	3	17.65%	2	2	36	61	0.98	1	1	5	8	2	1	-T
I	1160198	G	*/+T	19	2	9.52%	2	1	44	37	0.98	1	1	10	9	2	0	+T
I	1185797	G	*/-A	10	2	11.76%	2	2	43	55	0.98	1	1	8	2	1	1	-A
I	1185797	G	*/-AA	10	3	17.65%	2	2	43	53	0.98	1	1	8	2	1	2	-AA
I	1185797	G	*/+A	10	2	11.76%	2	1	43	42	0.98	1	1	8	2	2	0	-AA
I	1206603	G	*/-T	37	7	15.91%	2	2	44	47	0.98	1	1	27	10	3	4	-T
I	1254655	T	*/-A	18	3	13.64%	2	2	44	53	0.98	1	1	13	5	2	1	-A
I	1274803	T	+A/+A	0	14	100%	0	2	0	38	0.98	0	1	0	0	6	8	+A
I	1290605	A	*/-T	23	3	10%	2	1	43	37	0.98	1	1	19	4	3	0	-T
I	1290605	A	*/-TT	23	2	6.67%	2	1	43	37	0.98	1	1	19	4	2	0	-T
I	1290605	A	*/+T	23	2	6.67%	2	2	43	37	0.98	1	1	19	4	1	1	-T
I	1358794	C	*/+A	8	5	31.25%	2	2	33	44	0.98	1	1	4	4	4	1	+A
I	1358794	C	*/+AA	8	2	12.5%	2	1	33	42	0.98	1	1	4	4	2	0	+A
I	1398089	C	*/-A	15	2	11.76%	2	1	41	37	0.98	1	1	4	11	0	2	-A
I	1424708	C	-A/-A	2	26	92.86%	2	2	74	48	0.98	1	1	1	1	15	11	-A
I	1440743	C	*/-T	18	2	10%	2	1	46	37	0.98	1	1	9	9	2	0	-T
I	1454446	C	*/-A	17	2	8.7%	2	2	38	49	0.98	1	1	9	8	1	1	-A
I	1454446	C	*/+A	17	2	8.7%	2	1	38	55	0.98	1	1	9	8	2	0	-A
I	1478066	G	*/-A	10	3	21.43%	2	2	40	41	0.98	1	1	7	3	1	2	-A
I	1496317	C	*/-A	3	10	47.62%	1	2	45	45	0.98	1	1	0	3	8	2	-A
I	1496317	C	*/-AA	3	5	23.81%	1	2	45	44	0.98	1	1	0	3	4	1	-A
I	1496317	C	*/-AAA	3	2	9.52%	1	2	45	55	0.98	1	1	0	3	1	1	-A
I	1507275	C	*/-A	10	2	16.67%	2	2	36	49	0.98	1	1	4	6	1	1	-A
I	1509277	C	*/+T	3	4	57.14%	1	2	45	46	0.98	1	1	3	0	3	1	+T
I	1541472	G	*/-T	15	2	10%	2	1	38	48	0.98	1	1	13	2	0	2	-T
I	1541472	G	*/-TT	15	2	10%	2	2	38	61	0.98	1	1	13	2	1	1	-T
I	1547936	A	*/-GT	14	2	12.5%	2	1	46	55	0.98	1	1	8	6	2	0	-GT
I	1562295	T	*/-A	16	2	11.11%	2	2	41	37	0.98	1	1	10	6	1	1	-A
I	1595056	C	*/-T	10	2	8.7%	2	1	35	37	0.98	1	1	8	2	2	0	-T
I	1595056	C	*/+T	10	7	30.43%	2	2	35	31	0.98	1	1	8	2	3	4	+T
I	1599291	T	*/-A	16	2	11.11%	2	1	41	37	0.98	1	1	9	7	0	2	-A
I	1625092	T	+C/+C	0	18	100%	0	2	0	39	0.98	0	1	0	0	15	3	+C
I	1665245	G	*/-A	8	2	20%	2	2	43	37	0.98	1	1	5	3	1	1	-A
I	1777634	A	*/-T	10	3	21.43%	2	2	46	53	0.98	1	1	5	5	1	2	-T
I	1837916	G	*/-T	12	3	15.79%	2	2	37	33	0.98	1	1	11	1	2	1	-T
I	1837916	G	*/+T	12	2	10.53%	2	2	37	49	0.98	1	1	11	1	1	1	-T
I	1837944	T	*/-G	21	2	8.7%	2	1	46	25	0.98	1	1	9	12	2	0	-G
I	1843882	C	*/+A	18	2	10%	2	1	39	55	0.98	1	1	6	12	0	2	+A
I	1845934	T	*/-A	25	2	7.41%	2	2	41	37	0.98	1	1	15	10	1	1	-A
I	1849285	C	*/-T	37	3	7.14%	2	2	45	41	0.98	1	1	24	13	1	2	-T
I	1851652	A	*/+T	44	6	12%	2	2	42	37	0.98	1	1	22	22	3	3	+T
I	1874634	T	*/+A	31	2	5.88%	2	1	43	55	0.98	1	1	12	19	0	2	+A
I	1890184	C	*/-A	9	2	14.29%	2	1	50	55	0.98	1	1	5	4	0	2	-A
I	1890184	C	*/-AA	9	2	14.29%	2	2	50	37	0.98	1	1	5	4	1	1	-A
I	1905214	C	*/+T	14	2	11.76%	2	1	53	37	0.98	1	1	3	11	2	0	+T
I	1925428	T	*/-A	13	2	13.33%	2	1	45	37	0.98	1	1	8	5	0	2	-A
I	1936294	G	+A/+A	1	24	96%	1	2	74	46	0.98	1	1	1	0	11	13	+A
I	1952313	A	+T/+T	2	27	93.1%	1	2	37	45	0.98	1	1	0	2	19	8	+T
I	1954162	C	*/-A	7	7	38.89%	2	2	38	36	0.98	1	1	2	5	3	4	-A
I	1954162	C	*/-AAA	7	3	16.67%	2	1	38	40	0.98	1	1	2	5	3	0	-A
I	1955753	G	*/+TT	14	2	12.5%	2	1	37	42	0.98	1	1	10	4	0	2	+TT
I	1955754	C	*/+T	8	3	18.75%	2	1	32	37	0.98	1	1	6	2	3	0	+T
I	1955754	C	*/+TT	8	2	12.5%	2	2	32	49	0.98	1	1	6	2	1	1	+T
I	1955853	T	*/+A	8	5	38.46%	2	2	35	39	0.98	1	1	4	4	4	1	+A
I	1961639	A	*/-AAT	17	2	10.53%	2	1	42	55	0.98	1	1	9	8	0	2	-AAT
I	2025000	C	*/+T	6	3	20%	2	1	40	37	0.98	1	1	5	1	3	0	+T
I	2025000	C	*/+TT	6	2	13.33%	2	2	40	31	0.98	1	1	5	1	1	1	+T
I	2052488	A	*/-T	25	3	9.38%	2	1	46	37	0.98	1	1	15	10	3	0	-T
I	2052488	A	*/+T	25	3	9.38%	2	2	46	33	0.98	1	1	15	10	1	2	-T
I	2088644	T	*/+A	26	2	7.14%	2	2	42	37	0.98	1	1	11	15	1	1	+A
I	2096013	T	*/+A	9	2	16.67%	2	1	34	55	0.98	1	1	6	3	2	0	+A
I	2139856	G	+T/+T	1	10	90.91%	1	2	37	39	0.98	1	1	0	1	5	5	+T
I	2154491	T	+A/+A	0	29	93.55%	0	2	0	45	0.98	0	1	0	0	11	18	+A
I	2174555	C	*/-A	9	6	28.57%	2	2	39	39	0.98	1	1	4	5	3	3	-A
I	2174555	C	*/-AA	9	4	19.05%	2	2	39	37	0.98	1	1	4	5	1	3	-A
I	2178948	C	*/-A	28	3	9.68%	2	1	37	37	0.98	1	1	26	2	3	0	-A
I	2227936	T	*/+AA	1	3	33.33%	1	2	37	37	0.98	1	1	1	0	2	1	+AA
I	2227936	T	*/+AAA	1	3	33.33%	1	2	37	37	0.98	1	1	1	0	1	2	+AA
I	2231735	C	*/+A	14	3	17.65%	2	2	49	37	0.98	1	1	9	5	2	1	+A
I	2273201	T	*/-A	11	3	17.65%	2	1	43	49	0.98	1	1	7	4	3	0	-A
I	2273201	T	*/-AA	11	3	17.65%	2	2	43	37	0.98	1	1	7	4	2	1	-A
I	2279763	A	*/-T	8	3	25%	2	1	51	45	0.98	1	1	4	4	3	0	-T
I	2288240	C	-G/-G	0	21	100%	0	2	0	47	0.98	0	1	0	0	7	14	-G
I	2322636	C	*/-A	14	3	11.54%	1	1	37	33	0.98	1	1	14	0	3	0	-A
I	2322636	C	*/-AA	14	2	7.69%	1	1	37	37	0.98	1	1	14	0	2	0	-A
I	2322636	C	*/-AAA	14	2	7.69%	1	1	37	37	0.98	1	1	14	0	2	0	-A
I	2322636	C	*/+A	14	4	15.38%	1	1	37	35	0.98	1	1	14	0	4	0	+A
I	2327021	C	*/-A	16	4	18.18%	2	2	39	40	0.98	1	1	8	8	3	1	-A
I	2343703	G	+A/+A	0	17	100%	0	2	0	52	0.98	0	1	0	0	8	9	+A
I	2344781	A	*/-T	26	2	6.9%	2	2	42	37	0.98	1	1	16	10	1	1	-T
I	2401096	C	*/-A	21	2	8.7%	2	1	48	49	0.98	1	1	12	9	2	0	-A
I	2413103	A	*/-T	15	3	15.79%	2	1	51	37	0.98	1	1	13	2	3	0	-T
I	2421576	A	-C/-C	2	19	90.48%	1	2	55	42	0.98	1	1	2	0	12	7	-C
I	2499149	A	-T/-T	1	24	92.31%	1	2	37	48	0.98	1	1	1	0	11	13	-T
I	2502628	T	*/-A	16	3	15%	2	1	45	45	0.98	1	1	8	8	0	3	-A
I	2505814	C	*/-T	33	2	5.71%	2	2	43	37	0.98	1	1	14	19	1	1	-T
I	2507462	T	+A/+A	3	26	89.66%	2	2	45	45	0.98	1	1	2	1	19	7	+A
I	2510060	T	+A/+A	2	11	84.62%	1	2	37	47	0.98	1	1	0	2	4	7	+A
I	2520612	G	*/-T	18	3	14.29%	2	2	48	37	0.98	1	1	7	11	2	1	-T
I	2525713	C	*/-T	14	6	28.57%	2	2	49	45	0.98	1	1	9	5	5	1	-T
I	2578262	T	*/-A	10	2	16.67%	2	1	44	37	0.98	1	1	4	6	0	2	-A
I	2588021	C	+A/+A	0	11	100%	0	2	0	43	0.98	0	1	0	0	4	7	+A
I	2588066	C	+A/+A	0	8	100%	0	2	0	50	0.98	0	1	0	0	3	5	+A
I	2594263	C	+T/+T	0	6	100%	0	2	0	53	0.98	0	1	0	0	5	1	+T
I	2594324	T	+A/+A	0	15	100%	0	2	0	41	0.98	0	1	0	0	11	4	+A
I	2594351	T	+A/+A	0	15	100%	0	2	0	36	0.98	0	1	0	0	12	3	+A
I	2594391	A	+T/+T	0	14	100%	0	2	0	41	0.98	0	1	0	0	12	2	+T
I	2605777	C	*/-A	25	2	7.41%	2	2	41	68	0.98	1	1	6	19	1	1	-A
I	2605860	G	-T/-T	2	24	92.31%	1	2	31	41	0.98	1	1	0	2	8	16	-T
I	2607669	A	+T/+T	4	26	86.67%	1	2	55	44	0.98	1	1	4	0	11	15	+T
I	2641998	C	*/+T	6	4	33.33%	2	2	36	31	0.98	1	1	4	2	3	1	+T
I	2683902	T	-C/-C	0	31	100%	0	2	0	46	0.98	0	1	0	0	14	17	-C
I	2689254	A	*/-T	8	2	20%	2	1	55	37	0.98	1	1	3	5	2	0	-T
I	2747027	T	*/-A	10	2	16.67%	2	1	39	37	0.98	1	1	6	4	2	0	-A
I	2751236	T	-A/-A	2	23	79.31%	1	2	55	42	0.98	1	1	2	0	9	14	-A
I	2751236	T	*/-AA	2	4	13.79%	1	2	55	43	0.98	1	1	2	0	1	3	-A
I	2759871	T	+C/+C	4	14	77.78%	1	2	46	41	0.98	1	1	4	0	4	10	+C
I	2807885	C	*/+T	15	2	11.11%	2	1	34	48	0.98	1	1	8	7	0	2	+T
I	2813177	A	*/+T	18	2	10%	2	2	47	37	0.98	1	1	9	9	1	1	+T
I	2963080	T	*/-A	29	4	10.81%	2	2	40	49	0.98	1	1	8	21	1	3	-A
I	2963080	T	*/+A	29	4	10.81%	2	2	40	37	0.98	1	1	8	21	2	2	-A
I	2969806	T	*/-G	39	3	7.14%	2	2	40	74	0.98	1	1	22	17	1	2	-G
I	2973185	G	*/-A	46	7	13.21%	2	2	42	33	0.98	1	1	21	25	3	4	-A
I	3023963	C	*/+T	23	2	7.69%	2	1	40	25	0.98	1	1	10	13	0	2	+T
I	3033082	T	*/+A	27	2	6.9%	2	2	39	55	0.98	1	1	21	6	1	1	+A
I	3033347	C	*/-T	20	3	11.11%	2	2	45	45	0.98	1	1	7	13	2	1	-T
I	3033347	C	*/+T	20	2	7.41%	2	2	45	37	0.98	1	1	7	13	1	1	-T
I	3084527	A	*/+AGT	34	2	5.56%	2	2	46	74	0.98	1	1	23	11	1	1	+AGT
I	3125118	A	+T/+T	0	17	100%	0	2	0	45	0.98	0	1	0	0	10	7	+T
I	3144699	T	*/-AA	5	2	25%	2	1	41	37	0.98	1	1	3	2	2	0	-AA
I	3159187	C	*/-CA	78	7	7.95%	2	2	47	54	0.98	1	1	37	41	2	5	-CA
I	3159994	C	*/-T	70	4	5.19%	2	2	37	37	0.98	1	1	54	16	3	1	-T
I	3166776	G	*/+TT	3	3	18.75%	1	2	37	33	0.98	1	1	3	0	2	1	+TT
I	3166776	G	*/+TTT	3	7	43.75%	1	2	37	51	0.98	1	1	3	0	3	4	+TTT
I	3166776	G	*/+TTTT	3	2	12.5%	1	1	37	37	0.98	1	1	3	0	2	0	+TTT
I	3172209	T	*/-A	15	2	11.76%	2	2	50	37	0.98	1	1	7	8	1	1	-A
I	3178494	C	+T/+T	2	20	90.91%	2	2	55	48	0.98	1	1	1	1	11	9	+T
I	3184255	T	*/-A	9	3	23.08%	2	1	40	37	0.98	1	1	5	4	0	3	-A
I	3197528	A	+G/+G	4	46	88.46%	1	2	46	43	0.98	1	1	0	4	21	25	+G
I	3281928	C	*/+A	18	2	10%	2	2	48	37	0.98	1	1	7	11	1	1	+A
I	3299997	G	*/-A	22	4	15.38%	2	2	37	40	0.98	1	1	17	5	3	1	-A
I	3301538	C	*/-T	17	2	10.53%	2	2	34	49	0.98	1	1	8	9	1	1	-T
I	3303394	C	*/-AT	14	6	28.57%	2	2	52	45	0.98	1	1	7	7	4	2	-AT
I	3380404	C	*/-A	17	4	19.05%	2	2	45	39	0.98	1	1	12	5	3	1	-A
I	3404612	C	*/-T	3	3	50%	2	2	38	36	0.98	1	1	1	2	2	1	-T
I	3404991	C	*/-T	2	2	33.33%	1	2	37	31	0.98	1	1	2	0	1	1	-T
I	3410124	A	*/-T	12	4	23.53%	2	2	43	46	0.98	1	1	6	6	2	2	-T
I	3450130	G	-T/-T	3	19	86.36%	2	2	49	42	0.98	1	1	2	1	11	8	-T
I	3460318	T	+C/+C	1	17	94.44%	1	2	37	45	0.98	1	1	1	0	3	14	+C
I	3460476	G	*/+A	15	2	11.11%	2	1	41	42	0.98	1	1	8	7	2	0	+A
I	3462650	A	*/-T	12	2	13.33%	2	1	53	37	0.98	1	1	10	2	0	2	-T
I	3469058	G	*/-C	21	2	8.7%	2	2	49	37	0.98	1	1	11	10	1	1	-C
I	3538413	A	+T/+T	1	21	95.45%	1	2	37	42	0.98	1	1	0	1	12	9	+T
I	3538428	G	+T/+T	0	20	100%	0	2	0	41	0.98	0	1	0	0	11	9	+T
I	3538436	T	+A/+A	0	18	100%	0	2	0	43	0.98	0	1	0	0	10	8	+A
I	3538449	T	+TA/+TA	0	17	100%	0	2	0	39	0.98	0	1	0	0	9	8	+TA
I	3538456	A	+AT/+AT	0	18	100%	0	2	0	40	0.98	0	1	0	0	10	8	+AT
I	3548882	G	*/-A	5	2	28.57%	2	1	41	37	0.98	1	1	4	1	2	0	-A
I	3574812	C	*/+A	12	2	13.33%	2	1	45	55	0.98	1	1	6	6	2	0	+A
I	3575205	C	*/+A	4	2	28.57%	1	1	37	37	0.98	1	1	4	0	2	0	+A
I	3576627	C	*/-T	2	2	40%	2	1	31	37	0.98	1	1	1	1	0	2	-T
I	3576756	T	*/+TCTTCTC	5	6	37.5%	1	2	37	47	0.98	1	1	0	5	2	4	+TCTTCTC
I	3576929	C	+T/+T	0	10	83.33%	0	2	0	33	0.98	0	1	0	0	3	7	+T
I	3580034	C	*/+T	1	2	40%	1	1	25	31	0.98	1	1	1	0	2	0	+T
I	3580034	C	*/+TT	1	2	40%	1	1	25	55	0.98	1	1	1	0	0	2	+T
I	3659724	C	*/-T	17	2	8.7%	2	2	44	42	0.98	1	1	11	6	1	1	-T
I	3659724	C	*/+T	17	2	8.7%	2	2	44	42	0.98	1	1	11	6	1	1	-T
I	3665610	G	+C/+C	0	37	100%	0	2	0	51	0.98	0	1	0	0	21	16	+C
I	3700385	T	*/+AA	4	7	58.33%	1	2	34	38	0.98	1	1	4	0	2	5	+AA
I	3730369	A	+T/+T	1	15	93.75%	1	2	37	41	0.98	1	1	1	0	7	8	+T
I	3752808	C	*/+A	23	2	8%	2	2	41	55	0.98	1	1	15	8	1	1	+A
I	3765328	C	+T/+T	2	13	81.25%	2	2	37	40	0.98	1	1	1	1	9	4	+T
I	3765366	T	*/-A	11	5	29.41%	2	2	42	42	0.98	1	1	5	6	3	2	-A
I	3776888	C	*/-T	12	3	20%	2	1	37	45	0.98	1	1	10	2	3	0	-T
I	3776933	G	+A/+A	0	13	92.86%	0	2	0	38	0.98	0	1	0	0	4	9	+A
I	3785908	G	*/-TA	19	2	9.52%	2	1	44	37	0.98	1	1	8	11	2	0	-TA
I	3820481	A	*/-T	22	2	8.33%	2	1	43	37	0.98	1	1	15	7	0	2	-T
I	3825510	G	*/+T	15	2	11.76%	2	1	36	37	0.98	1	1	10	5	2	0	+T
I	3850523	C	*/-T	18	2	9.52%	2	2	42	31	0.98	1	1	9	9	1	1	-T
I	3855790	G	-T/-T	1	20	95.24%	1	2	37	40	0.98	1	1	0	1	10	10	-T
I	3879465	T	*/-A	16	3	14.29%	2	1	44	49	0.98	1	1	6	10	0	3	-A
I	3879465	T	*/+A	16	2	9.52%	2	1	44	31	0.98	1	1	6	10	2	0	-A
I	3898271	C	*/-A	20	2	8.7%	2	1	42	55	0.98	1	1	8	12	2	0	-A
I	3940025	G	+T/+T	1	25	92.59%	1	2	37	52	0.98	1	1	1	0	8	17	+T
I	3984736	A	*/-GGT	165	16	8.84%	2	1	45	43	0.98	1	1	52	113	0	16	-GGT
I	3992212	A	*/-AC	27	3	10%	2	2	38	49	0.98	1	1	7	20	2	1	-AC
I	3992213	A	*/-C	25	2	7.41%	2	2	38	31	0.98	1	1	6	19	1	1	-C
I	3995862	A	*/+T	96	6	5.88%	2	2	44	49	0.98	1	1	55	41	5	1	+T
I	3996048	G	*/-A	88	6	6.38%	2	2	47	55	0.98	1	1	44	44	2	4	-A
I	4004016	G	*/-T	13	3	17.65%	2	1	45	49	0.98	1	1	11	2	0	3	-T
I	4010237	A	*/-G	11	4	21.05%	2	1	47	37	0.98	1	1	9	2	4	0	-G
I	4010237	A	*/-GG	11	3	15.79%	2	1	47	37	0.98	1	1	9	2	3	0	-G
I	4011027	A	*/+T	10	4	28.57%	2	2	38	34	0.98	1	1	6	4	2	2	+T
I	4055052	T	*/+A	6	15	71.43%	2	2	49	37	0.98	1	1	4	2	10	5	+A
I	4140001	G	*/-T	10	3	23.08%	2	1	44	29	0.98	1	1	3	7	0	3	-T
I	4153651	C	*/-T	10	3	23.08%	2	2	32	25	0.98	1	1	9	1	1	2	-T
I	4177950	T	*/-A	13	2	12.5%	2	1	40	37	0.98	1	1	7	6	2	0	-A
I	4179701	C	*/+T	12	3	17.65%	2	2	33	33	0.98	1	1	8	4	2	1	+T
I	4182497	G	*/-A	2	2	50%	2	2	37	37	0.98	1	1	1	1	1	1	-A
I	4241118	G	*/-A	8	12	50%	1	2	35	36	0.98	1	1	8	0	11	1	-A
I	4241118	G	*/+A	8	2	8.33%	1	1	35	37	0.98	1	1	8	0	2	0	-A
I	4276890	G	+T/+T	3	12	80%	2	2	56	39	0.98	1	1	2	1	8	4	+T
I	4304169	G	+A/+A	2	13	86.67%	2	2	55	34	0.98	1	1	1	1	7	6	+A
I	4311390	C	*/-T	28	2	6.67%	2	1	43	68	0.98	1	1	14	14	0	2	-T
I	4338694	G	*/-T	33	4	10.81%	2	2	46	37	0.98	1	1	23	10	3	1	-T
I	4360508	C	*/-T	20	2	9.09%	2	2	42	55	0.98	1	1	9	11	1	1	-T
I	4374342	A	-G/-G	1	34	97.14%	1	2	74	50	0.98	1	1	1	0	26	8	-G
I	4407494	T	+G/+G	0	25	96.15%	0	2	0	46	0.98	0	1	0	0	12	13	+G
I	4410191	C	-G/-G	3	26	89.66%	2	2	37	45	0.98	1	1	1	2	19	7	-G
I	4414201	C	*/-T	4	4	44.44%	2	2	31	49	0.98	1	1	3	1	3	1	-T
I	4414723	T	*/+AAA	6	3	27.27%	1	1	37	37	0.98	1	1	6	0	3	0	+AAA
I	4431856	G	+A/+A	3	28	90.32%	1	2	74	47	0.98	1	1	3	0	12	16	+A
I	4431868	C	+A/+A	3	30	90.91%	2	2	61	43	0.98	1	1	2	1	12	18	+A
I	4442621	A	*/-AT	41	6	12.24%	2	2	51	65	0.98	1	1	22	19	4	2	-AT
I	4455149	G	*/+A	3	2	33.33%	1	2	37	37	0.98	1	1	3	0	1	1	+A
I	4506642	A	*/-T	30	2	6.25%	2	2	45	37	0.98	1	1	19	11	1	1	-T
I	4514478	T	*/-A	11	3	15.79%	2	2	48	45	0.98	1	1	9	2	1	2	-A
I	4514478	T	*/-AA	11	2	10.53%	2	2	48	37	0.98	1	1	9	2	1	1	-A
I	4514478	T	*/+A	11	2	10.53%	2	2	48	43	0.98	1	1	9	2	1	1	-A
I	4533252	C	*/-T	4	4	50%	2	2	49	37	0.98	1	1	2	2	1	3	-T
I	4648159	T	*/-G	4	13	61.9%	2	2	37	49	0.98	1	1	3	1	7	6	-G
I	4648159	T	*/-GG	4	4	19.05%	2	2	37	37	0.98	1	1	3	1	3	1	-G
I	4658978	C	*/+A	15	2	11.76%	2	2	34	37	0.98	1	1	5	10	1	1	+A
I	4721875	G	+A/+A	0	16	100%	0	2	0	40	0.98	0	1	0	0	9	7	+A
I	4733668	G	*/-A	14	2	12.5%	2	2	45	55	0.98	1	1	9	5	1	1	-A
I	4760698	T	*/-A	14	3	17.65%	2	1	49	45	0.98	1	1	11	3	3	0	-A
I	4764253	G	*/+A	8	14	58.33%	2	2	38	42	0.98	1	1	5	3	7	7	+A
I	4911431	G	*/+T	9	3	17.65%	2	1	38	37	0.98	1	1	8	1	3	0	+T
I	4916623	C	*/-A	11	5	27.78%	2	2	46	49	0.98	1	1	4	7	3	2	-A
I	4926046	C	*/+T	4	4	40%	2	2	31	33	0.98	1	1	3	1	3	1	+T
I	4984784	A	*/-T	8	3	23.08%	1	2	40	37	0.98	1	1	8	0	2	1	-T
I	5002717	C	*/-A	16	2	10.53%	2	1	41	49	0.98	1	1	9	7	2	0	-A
I	5037093	C	*/+A	23	3	11.54%	2	1	42	49	0.98	1	1	11	12	0	3	+A
I	5045335	G	*/-T	20	2	9.09%	2	1	50	31	0.98	1	1	7	13	2	0	-T
I	5058829	C	*/-T	14	2	12.5%	2	2	44	49	0.98	1	1	3	11	1	1	-T
I	5060109	A	*/-T	12	3	16.67%	2	1	41	37	0.98	1	1	5	7	0	3	-T
I	5060109	A	*/+T	12	3	16.67%	2	2	41	61	0.98	1	1	5	7	1	2	-T
I	5078848	G	*/-A	13	2	13.33%	2	1	38	42	0.98	1	1	8	5	2	0	-A
I	5096991	A	*/-T	15	2	11.76%	2	2	38	37	0.98	1	1	11	4	1	1	-T
I	5142627	A	+G/+G	1	13	86.67%	1	2	25	48	0.98	1	1	1	0	5	8	+G
I	5144148	A	*/-T	26	2	7.14%	2	2	42	55	0.98	1	1	15	11	1	1	-T
I	5148414	T	-A/-A	0	25	100%	0	2	0	48	0.98	0	1	0	0	15	10	-A
I	5155608	C	*/-A	4	2	28.57%	2	2	55	31	0.98	1	1	2	2	1	1	-A
I	5173087	C	+T/+T	1	16	94.12%	1	2	37	41	0.98	1	1	0	1	8	8	+T
I	5173430	G	*/+T	6	18	60%	2	2	55	43	0.98	1	1	5	1	11	7	+T
I	5173430	G	*/+TT	6	4	13.33%	2	2	55	46	0.98	1	1	5	1	3	1	+T
I	5176926	T	+A/+A	2	7	77.78%	1	2	55	47	0.98	1	1	2	0	5	2	+A
I	5181832	G	*/+T	12	2	13.33%	2	1	35	37	0.98	1	1	6	6	2	0	+T
I	5266596	A	*/-T	17	3	13.64%	2	2	44	33	0.98	1	1	7	10	2	1	-T
I	5266596	A	*/+T	17	2	9.09%	2	1	44	37	0.98	1	1	7	10	0	2	-T
I	5360243	A	*/+T	47	4	7.84%	2	2	46	46	0.98	1	1	13	34	1	3	+T
I	5363995	C	*/-A	23	3	10.71%	2	2	42	37	0.98	1	1	12	11	1	2	-A
I	5363995	C	*/+A	23	2	7.14%	2	1	42	74	0.98	1	1	12	11	0	2	-A
I	5368262	T	-C/-C	3	43	93.48%	1	2	37	47	0.98	1	1	3	0	19	24	-C
I	5368273	G	+T/+T	3	44	93.62%	1	2	49	49	0.98	1	1	0	3	18	26	+T
I	5417548	A	*/+T	32	2	5.88%	2	2	43	37	0.98	1	1	22	10	1	1	+T
I	5426622	C	*/+T	8	9	47.37%	2	2	38	35	0.98	1	1	6	2	6	3	+T
I	5486193	G	*/-T	32	2	5.88%	2	1	43	37	0.98	1	1	14	18	0	2	-T
I	5487198	A	*/+T	37	2	5.13%	2	2	44	37	0.98	1	1	17	20	1	1	+T
I	5509333	T	*/-A	26	2	7.14%	2	2	55	55	0.98	1	1	9	17	1	1	-A
I	5546377	G	*/-A	27	2	6.9%	2	2	45	74	0.98	1	1	12	15	1	1	-A
I	5547223	T	*/-A	11	2	14.29%	2	2	42	55	0.98	1	1	6	5	1	1	-A
I	5548073	A	*/+T	20	2	9.09%	2	2	42	55	0.98	1	1	8	12	1	1	+T
I	5559365	C	*/-T	8	2	20%	2	1	44	37	0.98	1	1	5	3	2	0	-T
I	5564950	C	*/-T	6	2	25%	2	1	33	31	0.98	1	1	4	2	0	2	-T
I	5567937	C	*/-A	31	2	5.71%	2	1	42	37	0.98	1	1	19	12	2	0	-A
I	5572022	A	*/-T	38	2	5%	2	1	42	37	0.98	1	1	14	24	0	2	-T
I	5574071	G	*/-AT	55	3	5.17%	2	1	44	37	0.98	1	1	26	29	0	3	-AT
I	5576850	T	*/-AA	9	9	42.86%	2	2	39	36	0.98	1	1	7	2	5	4	-AA
I	5576850	T	*/+A	9	2	9.52%	2	2	39	37	0.98	1	1	7	2	1	1	-AA
II	5109	A	*/+C	74	4	5.13%	2	1	45	61	0.98	1	1	13	61	0	4	+C
II	5299	G	*/-T	22	2	7.69%	2	1	41	37	0.98	1	1	13	9	2	0	-T
II	7149	T	*/-A	25	2	7.41%	2	1	45	37	0.98	1	1	20	5	2	0	-A
II	15830	T	*/-A	8	2	13.33%	2	2	34	55	0.98	1	1	3	5	1	1	-A
II	15830	T	*/+A	8	3	20%	2	2	34	37	0.98	1	1	3	5	2	1	+A
II	15830	T	*/+AA	8	2	13.33%	2	2	34	31	0.98	1	1	3	5	1	1	+A
II	113240	T	*/-A	10	4	28.57%	2	2	40	42	0.98	1	1	7	3	1	3	-A
II	121588	G	*/+T	10	2	16.67%	2	2	44	74	0.98	1	1	6	4	1	1	+T
II	128001	T	-A/-A	0	16	100%	0	2	0	44	0.98	0	1	0	0	6	10	-A
II	146079	T	-C/-C	2	24	92.31%	1	2	55	43	0.98	1	1	2	0	7	17	-C
II	201022	A	*/-T	8	2	14.29%	2	2	44	55	0.98	1	1	4	4	1	1	-T
II	201022	A	*/+T	8	2	14.29%	2	1	44	37	0.98	1	1	4	4	0	2	-T
II	229897	A	*/-T	27	9	24.32%	2	2	39	39	0.98	1	1	22	5	6	3	-T
II	243155	C	*/+A	12	2	13.33%	2	2	39	42	0.98	1	1	5	7	1	1	+A
II	257643	C	*/-T	28	2	6.45%	2	2	40	42	0.98	1	1	24	4	1	1	-T
II	320661	G	*/-A	22	2	8%	2	1	41	55	0.98	1	1	13	9	0	2	-A
II	329098	C	*/-TTGGATATGTT	51	4	7.27%	2	2	44	34	0.98	1	1	32	19	2	2	-TTGGATATGTT
II	331894	C	*/+T	11	5	29.41%	2	2	42	34	0.98	1	1	8	3	3	2	+T
II	355454	T	*/+A	31	2	5.88%	2	2	49	55	0.98	1	1	8	23	1	1	+A
II	410085	C	*/-T	11	5	26.32%	2	2	38	46	0.98	1	1	7	4	3	2	-T
II	410085	C	*/+T	11	3	15.79%	2	2	38	40	0.98	1	1	7	4	2	1	-T
II	484534	A	*/+T	2	6	66.67%	1	2	37	49	0.98	1	1	2	0	2	4	+T
II	516071	T	*/-A	8	2	20%	2	1	43	37	0.98	1	1	1	7	0	2	-A
II	521731	G	*/-T	32	6	15%	2	2	45	41	0.98	1	1	20	12	4	2	-T
II	521731	G	*/+T	32	2	5%	2	2	45	43	0.98	1	1	20	12	1	1	-T
II	532572	G	*/+A	25	2	7.41%	2	1	45	37	0.98	1	1	14	11	0	2	+A
II	561064	T	*/-A	3	2	25%	2	2	33	37	0.98	1	1	2	1	1	1	-A
II	603279	A	-T/-T	0	13	100%	0	2	0	45	0.98	0	1	0	0	6	7	-T
II	603305	A	-C/-C	0	14	100%	0	2	0	47	0.98	0	1	0	0	2	12	-C
II	637619	G	*/+T	29	5	14.71%	2	2	43	37	0.98	1	1	14	15	2	3	+T
II	673086	G	*/-A	2	3	37.5%	1	1	37	37	0.98	1	1	2	0	3	0	-A
II	673086	G	*/-AA	2	2	25%	1	1	37	37	0.98	1	1	2	0	2	0	-A
II	677175	G	*/-TA	34	4	10.26%	2	2	48	55	0.98	1	1	14	20	2	2	-TA
II	700009	T	-A/-A	2	15	88.24%	2	2	37	45	0.98	1	1	1	1	8	7	-A
II	716295	G	*/-T	7	2	20%	2	1	48	48	0.98	1	1	6	1	0	2	-T
II	754695	G	*/-A	30	2	6.25%	2	2	39	37	0.98	1	1	12	18	1	1	-A
II	756993	C	*/-T	21	3	11.11%	2	1	49	61	0.98	1	1	13	8	3	0	-T
II	819795	T	*/+C	14	4	22.22%	2	2	44	34	0.98	1	1	10	4	3	1	+C
II	860521	T	*/-A	28	2	6.67%	2	2	39	55	0.98	1	1	22	6	1	1	-A
II	888599	A	-C/-C	0	16	100%	0	2	0	40	0.98	0	1	0	0	8	8	-C
II	889921	C	*/-T	28	3	8.57%	1	1	36	33	0.98	1	1	28	0	3	0	-T
II	889921	C	*/+T	28	3	8.57%	1	1	36	40	0.98	1	1	28	0	3	0	-T
II	890578	C	*/-T	16	2	11.11%	2	2	35	55	0.98	1	1	14	2	1	1	-T
II	903106	G	+T/+T	0	31	96.88%	0	2	0	46	0.98	0	1	0	0	13	18	+T
II	965517	C	*/-T	14	2	11.11%	2	2	39	55	0.98	1	1	11	3	1	1	-T
II	965517	C	*/+T	14	2	11.11%	2	1	39	37	0.98	1	1	11	3	2	0	-T
II	1019510	T	*/-A	4	8	53.33%	2	2	52	41	0.98	1	1	3	1	4	4	-A
II	1059118	T	*/-A	26	3	10.34%	2	2	43	37	0.98	1	1	7	19	2	1	-A
II	1078264	T	*/-A	27	2	6.9%	2	1	41	31	0.98	1	1	15	12	2	0	-A
II	1079843	T	+A/+A	1	15	93.75%	1	2	74	46	0.98	1	1	1	0	9	6	+A
II	1122580	C	*/-T	35	2	5.41%	2	1	49	37	0.98	1	1	21	14	2	0	-T
II	1141304	C	*/-A	18	2	9.52%	2	1	42	55	0.98	1	1	12	6	2	0	-A
II	1156029	A	*/-AT	8	2	20%	2	2	46	37	0.98	1	1	2	6	1	1	-AT
II	1163154	A	-T/-T	3	18	85.71%	2	2	45	45	0.98	1	1	2	1	5	13	-T
II	1171363	T	*/-A	10	4	28.57%	2	1	46	49	0.98	1	1	8	2	0	4	-A
II	1187785	G	*/-T	17	3	13.64%	2	2	39	49	0.98	1	1	3	14	2	1	-T
II	1243365	G	*/+T	22	2	7.69%	2	1	50	37	0.98	1	1	11	11	0	2	+T
II	1264791	C	*/+T	4	2	25%	1	1	37	37	0.98	1	1	4	0	2	0	+T
II	1266289	T	*/+A	3	7	70%	1	2	49	47	0.98	1	1	3	0	6	1	+A
II	1266955	G	*/-GA	72	4	5.26%	2	1	48	46	0.98	1	1	44	28	4	0	-GA
II	1277481	G	*/+T	3	3	21.43%	1	1	37	37	0.98	1	1	3	0	3	0	+T
II	1277481	G	*/+TT	3	2	14.29%	1	1	37	37	0.98	1	1	3	0	2	0	+T
II	1308618	G	-T/-T	4	37	90.24%	2	2	55	44	0.98	1	1	3	1	20	17	-T
II	1349040	A	*/-T	14	2	11.76%	2	2	43	37	0.98	1	1	9	5	1	1	-T
II	1365999	G	*/-T	21	9	29.03%	2	2	46	60	0.98	1	1	9	12	6	3	-T
II	1389008	T	+A/+A	8	26	76.47%	2	2	40	40	0.98	1	1	7	1	16	10	+A
II	1389139	C	*/-T	6	3	15.79%	2	2	37	49	0.98	1	1	3	3	2	1	-T
II	1389139	C	*/+T	6	7	36.84%	2	2	37	47	0.98	1	1	3	3	4	3	+T
II	1389139	C	*/+TT	6	2	10.53%	2	2	37	37	0.98	1	1	3	3	1	1	+T
II	1412710	G	*/-GA	21	2	8.7%	2	2	55	37	0.98	1	1	6	15	1	1	-GA
II	1467485	C	*/-T	18	5	20%	2	1	37	37	0.98	1	1	7	11	0	5	-T
II	1467485	C	*/+T	18	2	8%	2	2	37	37	0.98	1	1	7	11	1	1	-T
II	1477843	C	*/-A	12	2	14.29%	2	2	37	37	0.98	1	1	4	8	1	1	-A
II	1520665	T	+A/+A	1	15	93.75%	1	2	37	45	0.98	1	1	1	0	6	9	+A
II	1545027	C	*/-A	8	2	18.18%	2	1	47	49	0.98	1	1	3	5	0	2	-A
II	1555919	A	*/+TTTATT	9	9	50%	2	2	48	48	0.98	1	1	7	2	6	3	+TTTATT
II	1559301	G	*/-C	19	2	9.52%	2	1	42	37	0.98	1	1	7	12	0	2	-C
II	1571445	G	*/-TA	27	5	15.62%	2	2	43	47	0.98	1	1	10	17	2	3	-TA
II	1588934	A	*/+AT	5	2	25%	2	1	37	37	0.98	1	1	3	2	0	2	+AT
II	1606686	A	*/+TGGAAGTGGTAAG	112	6	5.08%	2	2	47	49	0.98	1	1	59	53	4	2	+TGGAAGTGGTAAG
II	1610504	A	*/+G	72	5	6.49%	2	2	46	59	0.98	1	1	44	28	3	2	+G
II	1613132	A	*/-AT	14	3	16.67%	2	1	41	49	0.98	1	1	7	7	0	3	-AT
II	1622821	A	*/-T	18	2	9.52%	2	2	44	55	0.98	1	1	8	10	1	1	-T
II	1627981	C	*/-T	16	2	11.11%	2	2	43	42	0.98	1	1	8	8	1	1	-T
II	1637375	T	*/+C	71	6	7.79%	2	2	44	55	0.98	1	1	30	41	3	3	+C
II	1678205	T	*/-A	3	4	57.14%	2	2	45	37	0.98	1	1	2	1	3	1	-A
II	1716287	T	*/-G	12	6	33.33%	2	1	49	37	0.98	1	1	5	7	0	6	-G
II	1724638	A	*/-AATG	32	2	5.88%	2	1	50	37	0.98	1	1	23	9	0	2	-AATG
II	1748645	T	*/-GA	22	2	8%	2	1	41	31	0.98	1	1	15	7	0	2	-GA
II	1748646	G	*/-AA	7	4	23.53%	2	2	34	39	0.98	1	1	6	1	3	1	-AA
II	1748646	G	*/-AAA	7	2	11.76%	2	2	34	37	0.98	1	1	6	1	1	1	-AA
II	1763419	T	*/-A	31	6	15%	2	2	41	41	0.98	1	1	21	10	2	4	-A
II	1763419	T	*/-AA	31	2	5%	2	2	41	37	0.98	1	1	21	10	1	1	-A
II	1765290	A	*/-T	13	2	13.33%	2	2	39	55	0.98	1	1	5	8	1	1	-T
II	1818108	C	*/-T	8	5	33.33%	2	2	38	34	0.98	1	1	2	6	1	4	-T
II	1861420	T	-G/-G	3	33	91.67%	2	2	45	47	0.98	1	1	1	2	21	12	-G
II	1867795	A	*/+T	4	9	69.23%	2	2	46	42	0.98	1	1	3	1	3	6	+T
II	1868122	G	*/-T	4	3	17.65%	1	2	46	37	0.98	1	1	4	0	2	1	-T
II	1868122	G	*/+T	4	9	52.94%	1	1	46	42	0.98	1	1	4	0	9	0	+T
II	1873779	T	+A/+A	2	14	87.5%	2	2	55	44	0.98	1	1	1	1	7	7	+A
II	1877294	A	+T/+T	1	12	92.31%	1	2	37	46	0.98	1	1	1	0	9	3	+T
II	1888793	C	*/-A	18	2	10%	2	2	43	37	0.98	1	1	10	8	1	1	-A
II	1938011	G	*/-A	14	2	11.76%	2	2	42	37	0.98	1	1	10	4	1	1	-A
II	1941697	A	*/-T	11	2	13.33%	2	1	47	55	0.98	1	1	5	6	2	0	-T
II	1941697	A	*/+T	11	2	13.33%	2	2	47	25	0.98	1	1	5	6	1	1	-T
II	1941966	A	+T/+T	2	26	92.86%	1	2	62	47	0.98	1	1	2	0	13	13	+T
II	1941982	A	+T/+T	0	27	100%	0	2	0	47	0.98	0	1	0	0	12	15	+T
II	1948953	G	-A/-A	1	36	97.3%	1	2	74	42	0.98	1	1	0	1	15	21	-A
II	1950050	A	+G/+G	1	35	94.59%	1	2	74	50	0.98	1	1	1	0	11	24	+G
II	1953407	T	*/-C	16	2	11.11%	2	2	42	55	0.98	1	1	3	13	1	1	-C
II	1955495	T	*/-A	0	2	11.76%	0	1	0	55	0.98	0	1	0	0	2	0	-A
II	1955495	T	+A/+A	0	14	82.35%	0	2	0	42	0.98	0	1	0	0	10	4	+A
II	1960392	A	+G/+G	0	15	93.75%	0	2	0	39	0.98	0	1	0	0	5	10	+G
II	1987101	C	-G/-G	0	22	100%	0	2	0	52	0.98	0	1	0	0	17	5	-G
II	1987117	T	-G/-G	0	22	100%	0	2	0	44	0.98	0	1	0	0	16	6	-G
II	2007024	C	*/-T	23	2	8%	2	2	46	55	0.98	1	1	4	19	1	1	-T
II	2012625	T	*/+C	42	4	8.7%	2	1	45	37	0.98	1	1	13	29	0	4	+C
II	2022968	A	*/-G	3	2	40%	2	1	33	31	0.98	1	1	1	2	0	2	-G
II	2049891	A	-T/-T	1	40	97.56%	1	2	74	49	0.98	1	1	1	0	18	22	-T
II	2053516	G	+C/+C	2	37	94.87%	1	2	42	51	0.98	1	1	2	0	16	21	+C
II	2108180	T	+A/+A	1	16	94.12%	1	2	37	40	0.98	1	1	1	0	10	6	+A
II	2132330	T	*/+A	13	2	13.33%	2	1	49	37	0.98	1	1	10	3	0	2	+A
II	2147726	G	+T/+T	1	21	91.3%	1	2	37	37	0.98	1	1	1	0	13	8	+T
II	2187407	G	+A/+A	2	10	76.92%	2	2	37	44	0.98	1	1	1	1	2	8	+A
II	2203175	T	*/-A	20	2	8%	2	2	44	37	0.98	1	1	9	11	1	1	-A
II	2203175	T	*/-AA	20	2	8%	2	1	44	37	0.98	1	1	9	11	2	0	-A
II	2219928	A	+T/+T	0	32	100%	0	2	0	43	0.98	0	1	0	0	17	15	+T
II	2240817	G	*/-T	29	2	6.45%	2	1	45	37	0.98	1	1	12	17	0	2	-T
II	2293297	G	-A/-A	0	11	100%	0	2	0	35	0.98	0	1	0	0	7	4	-A
II	2338528	G	*/-A	19	3	12.5%	2	1	38	37	0.98	1	1	17	2	3	0	-A
II	2338528	G	*/+A	19	2	8.33%	2	1	38	49	0.98	1	1	17	2	2	0	-A
II	2384381	G	*/-T	11	2	15.38%	2	2	44	37	0.98	1	1	5	6	1	1	-T
II	2411415	T	*/-A	17	2	10.53%	2	1	41	37	0.98	1	1	12	5	0	2	-A
II	2443873	T	*/+A	6	4	21.05%	2	2	38	34	0.98	1	1	5	1	3	1	+A
II	2443873	T	*/+AA	6	5	26.32%	2	2	38	44	0.98	1	1	5	1	3	2	+AA
II	2443873	T	*/+AAA	6	2	10.53%	2	1	38	68	0.98	1	1	5	1	2	0	+AA
II	2523624	C	*/-A	8	2	18.18%	2	2	44	31	0.98	1	1	6	2	1	1	-A
II	2527996	C	*/+T	9	2	18.18%	2	1	39	36	0.98	1	1	7	2	0	2	+T
II	2591913	T	*/-A	19	2	9.52%	2	2	46	49	0.98	1	1	11	8	1	1	-A
II	2592423	T	+A/+A	1	9	90%	1	2	25	42	0.98	1	1	1	0	5	4	+A
II	2612668	A	*/-T	16	2	10%	2	1	41	49	0.98	1	1	10	6	0	2	-T
II	2612668	A	*/+T	16	2	10%	2	2	41	42	0.98	1	1	10	6	1	1	-T
II	2630607	C	*/+A	4	9	60%	2	2	55	46	0.98	1	1	1	3	2	7	+A
II	2630607	C	*/+AA	4	2	13.33%	2	2	55	49	0.98	1	1	1	3	1	1	+A
II	2640785	T	*/+A	11	20	60.61%	2	2	42	49	0.98	1	1	9	2	11	9	+A
II	2647497	C	*/-T	21	2	8.33%	2	2	37	62	0.98	1	1	6	15	1	1	-T
II	2702173	G	*/-TA	16	3	15%	2	2	40	37	0.98	1	1	9	7	1	2	-TA
II	2709414	G	+C/+C	2	33	94.29%	2	2	37	42	0.98	1	1	1	1	18	15	+C
II	2720152	T	*/+A	42	3	6.67%	2	2	42	37	0.98	1	1	15	27	1	2	+A
II	2739921	A	*/+T	17	2	10.53%	2	1	42	55	0.98	1	1	13	4	0	2	+T
II	2755338	C	*/-AT	10	12	48%	2	2	48	43	0.98	1	1	3	7	7	5	-AT
II	2755338	C	*/-ATAT	10	2	8%	2	2	48	25	0.98	1	1	3	7	1	1	-AT
II	2768051	A	+T/+T	3	20	86.96%	1	2	49	45	0.98	1	1	3	0	8	12	+T
II	2782260	T	*/+TC	23	2	8%	2	2	49	37	0.98	1	1	10	13	1	1	+TC
II	2788933	C	+G/+G	3	37	92.5%	1	2	61	44	0.98	1	1	3	0	24	13	+G
II	2798040	C	-T/-T	1	32	96.97%	1	2	37	48	0.98	1	1	0	1	18	14	-T
II	2798514	A	-G/-G	1	20	95.24%	1	2	25	45	0.98	1	1	0	1	11	9	-G
II	2811495	C	-A/-A	2	33	94.29%	2	2	37	48	0.98	1	1	1	1	19	14	-A
II	2825193	A	*/-T	10	3	21.43%	2	2	37	45	0.98	1	1	5	5	1	2	-T
II	2826100	G	*/-A	10	4	22.22%	2	2	45	43	0.98	1	1	8	2	3	1	-A
II	2826100	G	*/-AA	10	3	16.67%	2	2	45	49	0.98	1	1	8	2	2	1	-A
II	2841302	G	*/-A	33	2	5.71%	2	1	50	37	0.98	1	1	15	18	0	2	-A
II	2871377	T	*/+A	29	3	9.09%	2	2	44	49	0.98	1	1	20	9	2	1	+A
II	2873779	T	*/+A	9	2	18.18%	2	1	38	37	0.98	1	1	6	3	2	0	+A
II	2894538	T	*/-A	17	4	17.39%	2	1	38	37	0.98	1	1	9	8	0	4	-A
II	2894538	T	*/+A	17	2	8.7%	2	1	38	37	0.98	1	1	9	8	0	2	-A
II	2900889	A	*/-T	12	4	22.22%	2	2	47	40	0.98	1	1	8	4	1	3	-T
II	2908519	G	*/-A	28	2	6.67%	2	1	40	37	0.98	1	1	13	15	0	2	-A
II	2918255	C	*/-T	27	2	6.9%	2	1	44	37	0.98	1	1	16	11	2	0	-T
II	2938956	C	+T/+T	0	12	100%	0	2	0	46	0.98	0	1	0	0	4	8	+T
II	2966290	C	+T/+T	0	7	100%	0	2	0	45	0.98	0	1	0	0	3	4	+T
II	2988149	G	*/+T	10	3	21.43%	2	2	45	33	0.98	1	1	7	3	1	2	+T
II	3010749	G	*/-A	38	3	7.32%	2	2	42	61	0.98	1	1	21	17	1	2	-A
II	3040332	C	+G/+G	1	43	95.56%	1	2	37	50	0.98	1	1	0	1	25	18	+G
II	3092760	A	*/-CTT	54	3	5.26%	2	2	44	37	0.98	1	1	26	28	1	2	-CTT
II	3160415	G	*/-T	32	4	11.11%	2	2	44	34	0.98	1	1	15	17	2	2	-T
II	3171788	G	*/-A	12	2	10%	1	1	38	37	0.98	1	1	12	0	2	0	-A
II	3171788	G	*/-AA	12	2	10%	1	1	38	37	0.98	1	1	12	0	2	0	-A
II	3171788	G	*/+A	12	4	20%	1	1	38	39	0.98	1	1	12	0	4	0	+A
II	3253453	C	+T/+T	1	4	80%	1	2	50	30	0.98	1	1	0	1	2	2	+T
II	3299289	A	*/-C	35	2	5.41%	2	2	48	37	0.98	1	1	16	19	1	1	-C
II	3410437	G	*/-T	12	4	21.05%	2	2	51	31	0.98	1	1	7	5	2	2	-T
II	3458785	A	*/-G	13	2	13.33%	2	2	47	37	0.98	1	1	7	6	1	1	-G
II	3463763	T	*/-A	28	4	12.5%	2	2	43	37	0.98	1	1	13	15	2	2	-A
II	3509251	T	*/-A	18	5	20.83%	2	2	37	47	0.98	1	1	13	5	2	3	-A
II	3514786	C	*/-T	14	3	17.65%	2	2	46	33	0.98	1	1	5	9	1	2	-T
II	3540057	A	*/-T	15	8	33.33%	2	2	43	40	0.98	1	1	10	5	6	2	-T
II	3619003	A	+G/+G	2	25	92.59%	2	2	55	45	0.98	1	1	1	1	11	14	+G
II	3621704	A	*/-T	9	5	31.25%	2	2	39	49	0.98	1	1	8	1	4	1	-T
II	3621704	A	*/+T	9	2	12.5%	2	2	39	31	0.98	1	1	8	1	1	1	-T
II	3715149	G	*/+A	6	2	20%	2	2	46	42	0.98	1	1	3	3	1	1	+A
II	3720775	C	*/-T	21	2	8.7%	2	2	49	55	0.98	1	1	13	8	1	1	-T
II	3799350	G	*/+A	10	3	17.65%	2	1	39	37	0.98	1	1	7	3	3	0	+A
II	3799350	G	*/+AA	10	2	11.76%	2	2	39	55	0.98	1	1	7	3	1	1	+A
II	3804883	A	*/+T	12	2	14.29%	2	1	43	37	0.98	1	1	6	6	0	2	+T
II	3815025	C	*/-T	11	4	26.67%	2	2	36	29	0.98	1	1	9	2	2	2	-T
II	3838101	C	*/-A	2	5	71.43%	1	2	37	42	0.98	1	1	0	2	3	2	-A
II	3838912	T	*/-A	13	2	11.11%	2	2	39	68	0.98	1	1	4	9	1	1	-A
II	3838912	T	*/+A	13	3	16.67%	2	1	39	32	0.98	1	1	4	9	0	3	+A
II	3856896	A	*/-TT	17	2	9.09%	2	1	45	49	0.98	1	1	12	5	0	2	-TT
II	3856896	A	*/+T	17	2	9.09%	2	2	45	37	0.98	1	1	12	5	1	1	-TT
II	3860185	C	*/-TAGTA	21	15	39.47%	2	2	45	46	0.98	1	1	7	14	9	6	-TAGTA
II	3861161	C	*/-T	22	2	8%	2	2	46	55	0.98	1	1	15	7	1	1	-T
II	3861514	C	*/+GG	2	2	40%	2	1	31	37	0.98	1	1	1	1	2	0	+GG
II	3888463	G	*/+C	35	3	7.89%	2	2	47	53	0.98	1	1	23	12	1	2	+C
II	3933716	C	*/+A	26	2	7.14%	2	2	43	49	0.98	1	1	20	6	1	1	+A
II	3954039	C	*/-T	15	8	27.59%	2	2	40	47	0.98	1	1	10	5	4	4	-T
II	3954039	C	*/+T	15	6	20.69%	2	2	40	44	0.98	1	1	10	5	3	3	-T
II	3968586	T	*/+A	30	2	6.25%	2	1	43	37	0.98	1	1	16	14	0	2	+A
II	3975235	C	*/-A	17	2	6.67%	2	1	45	42	0.98	1	1	9	8	2	0	-A
II	3975235	C	*/-AA	17	2	6.67%	2	1	45	42	0.98	1	1	9	8	2	0	-A
II	3975235	C	*/-AAA	17	2	6.67%	2	1	45	49	0.98	1	1	9	8	2	0	-A
II	3975235	C	*/+A	17	5	16.67%	2	1	45	42	0.98	1	1	9	8	5	0	+A
II	3983331	G	*/-TA	33	2	5.71%	2	1	44	37	0.98	1	1	9	24	2	0	-TA
II	4006982	C	*/-A	12	7	31.82%	2	1	35	43	0.98	1	1	8	4	7	0	-A
II	4006982	C	*/+A	12	2	9.09%	2	1	35	37	0.98	1	1	8	4	2	0	-A
II	4031460	A	*/-TT	6	2	11.76%	2	2	53	55	0.98	1	1	3	3	1	1	-TT
II	4031460	A	*/+T	6	5	29.41%	2	2	53	37	0.98	1	1	3	3	4	1	+T
II	4031460	A	*/+TT	6	2	11.76%	2	2	53	61	0.98	1	1	3	3	1	1	+T
II	4108814	G	*/-TA	30	2	6.25%	2	2	44	31	0.98	1	1	8	22	1	1	-TA
II	4108976	C	*/+T	27	2	6.67%	2	1	45	55	0.98	1	1	14	13	0	2	+T
II	4242977	T	*/+A	21	2	8.33%	2	2	44	55	0.98	1	1	11	10	1	1	+A
II	4254960	G	-A/-A	2	29	93.55%	2	2	49	45	0.98	1	1	1	1	11	18	-A
II	4264124	C	*/+TGA	39	4	9.3%	2	2	43	37	0.98	1	1	23	16	2	2	+TGA
II	4308414	C	*/+A	7	9	50%	2	2	37	38	0.98	1	1	5	2	3	6	+A
II	4308414	C	*/+AA	7	2	11.11%	2	1	37	49	0.98	1	1	5	2	0	2	+A
II	4308629	G	*/-T	35	2	5.41%	2	1	49	37	0.98	1	1	13	22	2	0	-T
II	4343817	T	*/-A	12	3	20%	2	2	43	53	0.98	1	1	10	2	2	1	-A
II	4419921	T	*/+A	5	5	50%	2	2	37	37	0.98	1	1	3	2	3	2	+A
II	4459027	C	*/+A	43	4	8.51%	2	2	44	61	0.98	1	1	25	18	2	2	+A
II	4462508	C	*/-A	16	3	15.79%	2	2	41	44	0.98	1	1	13	3	2	1	-A
II	4481876	G	*/+T	111	10	8.26%	2	2	47	51	0.98	1	1	57	54	4	6	+T
II	4505641	C	*/-A	38	3	7.14%	2	1	43	37	0.98	1	1	28	10	0	3	-A
II	4507813	A	*/+G	88	7	7.37%	2	2	45	61	0.98	1	1	62	26	5	2	+G
II	4509639	T	*/+A	23	2	7.69%	2	2	39	37	0.98	1	1	8	15	1	1	+A
II	4513922	G	*/+GGCTGCTATAATCATTCCCAA	55	5	8.33%	2	2	49	46	0.98	1	1	22	33	1	4	+GGCTGCTATAATCATTCCCAA
II	4517047	T	*/+TACTCATC	75	19	19.19%	2	2	45	44	0.98	1	1	46	29	14	5	+TACTCATC
II	4521677	T	*/-AA	8	7	46.67%	2	2	40	42	0.98	1	1	3	5	4	3	-AA
II	4525340	G	*/+T	62	10	12.82%	2	2	38	47	0.98	1	1	48	14	6	4	+T
II	4526174	A	*/-T	23	9	27.27%	2	2	44	49	0.98	1	1	15	8	3	6	-T
II	4526843	C	*/-T	17	7	24.14%	2	2	36	40	0.98	1	1	11	6	3	4	-T
II	4526843	C	*/-TT	17	3	10.34%	2	2	36	41	0.98	1	1	11	6	1	2	-T
II	4528465	C	*/+GACAAT	90	19	17.43%	2	2	46	39	0.98	1	1	43	47	7	12	+GACAAT
II	4528483	T	*/-GACAATGACAGA	96	8	7.69%	2	2	44	40	0.98	1	1	44	52	4	4	-GACAATGACAGA
II	4529375	T	*/+ACAACGACAACGACAACG	65	26	24.53%	2	2	42	48	0.98	1	1	27	38	11	15	+ACAACGACAACGACAACG
II	4529375	T	*/+ACAACGACAACGACAACGACAACG	65	11	10.38%	2	2	42	37	0.98	1	1	27	38	8	3	+ACAACGACAACGACAACG
II	4533588	C	*/-T	46	28	37.84%	2	2	41	45	0.98	1	1	28	18	16	12	-T
II	4534880	A	*/-T	133	38	22.22%	2	2	45	45	0.98	1	1	65	68	19	19	-T
II	4535321	G	*/-GATAT	275	25	8.33%	2	2	42	37	0.98	1	1	139	136	15	10	-GATAT
II	4535523	T	*/+GTTACG	267	39	12.75%	2	2	45	45	0.98	1	1	87	180	9	30	+GTTACG
II	4535548	A	*/-TATGTG	284	29	9.27%	2	2	47	44	0.98	1	1	103	181	8	21	-TATGTG
II	4535645	G	*/-T	217	33	13.1%	2	2	49	48	0.98	1	1	110	107	18	15	-T
II	4535727	A	*/-G	152	28	15.56%	2	2	44	48	0.98	1	1	58	94	10	18	-G
II	4536089	C	*/+AAAAGAAAAGTAAATT	30	2	6.25%	2	2	37	37	0.98	1	1	18	12	1	1	+AAAAGAAAAGTAAATT
II	4536728	A	*/+GAGAGTAGG	240	17	6.44%	2	2	47	41	0.98	1	1	115	125	11	6	+GAGAGTAGG
II	4537213	G	*/+T	113	181	61.36%	2	2	50	47	0.98	1	1	66	47	101	80	+T
II	4537387	A	*/-AATAAGAG	61	145	70.39%	2	2	45	45	0.98	1	1	22	39	91	54	-AATAAGAG
II	4537655	A	*/+AAATG	77	9	10.34%	2	2	41	41	0.98	1	1	40	37	7	2	+AAATG
II	4537665	G	*/+AAATA	72	12	14.12%	2	2	39	49	0.98	1	1	42	30	4	8	+AAATA
II	4537712	T	*/-AAATAAAATTAATG	51	3	5.56%	2	1	37	33	0.98	1	1	28	23	0	3	-AAATAAAATTAATG
III	1558	G	*/-A	78	6	5.56%	2	2	40	47	0.98	1	1	35	43	4	2	-A
III	1558	G	*/+A	78	12	11.11%	2	2	40	40	0.98	1	1	35	43	5	7	+A
III	4729	A	*/-T	398	163	25.75%	2	2	46	46	0.98	1	1	273	125	69	94	-T
III	4729	A	*/+T	398	49	7.74%	2	2	46	47	0.98	1	1	273	125	20	29	-T
III	4952	C	*/+T	324	70	17.54%	2	2	39	50	0.98	1	1	189	135	23	47	+T
III	5403	C	*/-T	542	174	22.28%	2	2	43	45	0.98	1	1	378	164	94	80	-T
III	5403	C	*/-TT	542	45	5.76%	2	2	43	45	0.98	1	1	378	164	23	22	-T
III	9812	T	*/+A	172	34	16.19%	2	1	45	38	0.98	1	1	53	119	0	34	+A
III	12428	G	*/-A	78	9	7.83%	2	2	41	45	0.98	1	1	36	42	4	5	-A
III	12428	G	*/+A	78	15	13.04%	2	2	41	37	0.98	1	1	36	42	5	10	+A
III	15599	A	*/-T	393	129	21.5%	2	2	47	47	0.98	1	1	246	147	56	73	-T
III	15599	A	*/+T	393	46	7.67%	2	2	47	47	0.98	1	1	246	147	21	25	-T
III	15822	C	*/+T	308	82	20.6%	2	2	39	49	0.98	1	1	188	120	26	56	+T
III	16273	C	*/-T	541	151	19.28%	2	2	43	46	0.98	1	1	373	168	85	66	-T
III	16273	C	*/-TT	541	50	6.39%	2	2	43	44	0.98	1	1	373	168	26	24	-T
III	20682	T	*/+A	177	39	17.73%	2	2	45	42	0.98	1	1	55	122	1	38	+A
III	23298	G	*/-A	90	11	8.73%	2	2	41	39	0.98	1	1	42	48	6	5	-A
III	23298	G	*/+A	90	15	11.9%	2	2	41	38	0.98	1	1	42	48	6	9	+A
III	29077	T	*/-C	33	2	5.71%	2	1	57	37	0.98	1	1	14	19	0	2	-C
III	59772	C	*/-A	35	2	5.41%	2	1	46	42	0.98	1	1	17	18	0	2	-A
III	69589	T	*/-A	8	3	27.27%	2	2	41	49	0.98	1	1	2	6	2	1	-A
III	123319	T	*/-A	6	2	22.22%	2	1	37	37	0.98	1	1	3	3	0	2	-A
III	207168	T	*/-AA	5	3	33.33%	2	2	44	32	0.98	1	1	3	2	1	2	-AA
III	208140	C	*/-A	12	5	25%	2	1	44	36	0.98	1	1	9	3	5	0	-A
III	208140	C	*/+A	12	3	15%	2	2	44	53	0.98	1	1	9	3	2	1	-A
III	231502	G	*/+A	16	2	10.53%	2	1	46	42	0.98	1	1	7	9	0	2	+A
III	232115	A	*/+T	11	4	23.53%	2	1	42	34	0.98	1	1	4	7	0	4	+T
III	245692	C	*/-T	21	2	8.7%	2	1	44	55	0.98	1	1	15	6	2	0	-T
III	286478	C	-TT/-TT	1	5	83.33%	1	2	37	29	0.98	1	1	1	0	1	4	-TT
III	286594	T	*/+A	4	7	53.85%	2	2	37	40	0.98	1	1	3	1	5	2	+A
III	293096	G	*/-T	8	5	35.71%	2	2	42	42	0.98	1	1	4	4	2	3	-T
III	348685	G	*/-AT	42	4	8.7%	2	2	44	37	0.98	1	1	32	10	3	1	-AT
III	365747	C	-A/-A	2	19	86.36%	1	2	37	44	0.98	1	1	0	2	11	8	-A
III	431910	C	*/+T	19	3	12.5%	2	2	47	40	0.98	1	1	12	7	2	1	+T
III	457971	T	*/+G	21	2	8.7%	2	1	49	55	0.98	1	1	9	12	2	0	+G
III	568658	C	*/-T	12	6	24%	2	2	50	41	0.98	1	1	7	5	3	3	-T
III	568658	C	*/-TT	12	5	20%	2	2	50	51	0.98	1	1	7	5	3	2	-T
III	568658	C	*/+T	12	2	8%	2	2	50	37	0.98	1	1	7	5	1	1	-T
III	717677	A	*/-T	6	9	47.37%	2	2	34	42	0.98	1	1	4	2	6	3	-T
III	717677	A	*/-TT	6	3	15.79%	2	2	34	33	0.98	1	1	4	2	1	2	-T
III	719703	T	*/-A	7	3	30%	2	1	40	33	0.98	1	1	6	1	3	0	-A
III	719955	A	-C/-C	0	8	100%	0	2	0	41	0.98	0	1	0	0	2	6	-C
III	720559	C	*/-T	9	2	14.29%	2	2	37	55	0.98	1	1	6	3	1	1	-T
III	720559	C	*/-TT	9	2	14.29%	2	2	37	37	0.98	1	1	6	3	1	1	-T
III	720683	A	+T/+T	0	10	100%	0	2	0	37	0.98	0	1	0	0	4	6	+T
III	762516	T	*/-A	17	3	15%	2	2	44	45	0.98	1	1	15	2	1	2	-A
III	804692	T	*/-C	29	2	6.45%	2	1	42	37	0.98	1	1	11	18	2	0	-C
III	822701	G	*/-T	16	2	10.53%	2	1	43	37	0.98	1	1	9	7	2	0	-T
III	827251	C	*/-T	3	2	25%	2	1	37	37	0.98	1	1	2	1	2	0	-T
III	827251	C	*/+T	3	3	37.5%	2	1	37	44	0.98	1	1	2	1	3	0	+T
III	867865	C	-T/-T	1	15	93.75%	1	2	25	37	0.98	1	1	1	0	6	9	-T
III	898665	T	*/-A	25	4	12.5%	2	2	38	31	0.98	1	1	11	14	2	2	-A
III	898665	T	*/+A	25	2	6.25%	2	2	38	55	0.98	1	1	11	14	1	1	-A
III	936705	G	*/-TT	3	2	40%	1	1	49	55	0.98	1	1	3	0	2	0	-TT
III	954028	G	*/-A	11	2	15.38%	2	2	41	37	0.98	1	1	5	6	1	1	-A
III	958241	C	*/-T	13	3	17.65%	2	2	38	49	0.98	1	1	10	3	1	2	-T
III	966124	G	*/-T	22	7	23.33%	2	2	36	42	0.98	1	1	21	1	6	1	-T
III	970548	C	*/-T	4	2	28.57%	2	1	34	42	0.98	1	1	1	3	0	2	-T
III	970892	C	*/-T	17	2	10%	2	1	38	43	0.98	1	1	11	6	0	2	-T
III	985871	C	*/-TT	10	2	12.5%	1	2	35	29	0.98	1	1	10	0	1	1	-TT
III	1016311	G	+C/+C	1	34	94.44%	1	2	37	41	0.98	1	1	0	1	17	17	+C
III	1073505	T	*/+ATATAGAG	135	16	10.46%	2	2	50	40	0.98	1	1	89	46	14	2	+ATATAGAG
III	1075530	A	*/+TGGAAGTGGTAAG	143	8	5.26%	2	2	46	40	0.98	1	1	57	86	1	7	+TGGAAGTGGTAAG
III	1079346	A	*/+G	136	10	6.8%	2	2	43	43	0.98	1	1	102	34	8	2	+G
III	1080146	T	*/+ATATAGAG	242	16	6.06%	2	2	47	39	0.98	1	1	90	152	7	9	+ATATAGAG
III	1082171	A	*/+TGGAAGTGGTAAG	160	9	5.29%	2	2	46	34	0.98	1	1	55	105	4	5	+TGGAAGTGGTAAG
III	1084026	A	*/+AGTGGTGATGGTT	55	5	8.33%	2	2	45	42	0.98	1	1	24	31	2	3	+AGTGGTGATGGTT
III	1084110	A	*/-G	23	2	8%	2	1	44	55	0.98	1	1	8	15	2	0	-G
III	1087979	A	*/+G	90	8	8.16%	2	2	45	63	0.98	1	1	66	24	5	3	+G
III	1094042	C	*/-A	17	2	10%	2	1	38	74	0.98	1	1	9	8	0	2	-A
III	1095550	G	*/-T	11	9	31.03%	2	2	40	39	0.98	1	1	9	2	5	4	-T
III	1095550	G	*/-TT	11	5	17.24%	2	2	40	44	0.98	1	1	9	2	4	1	-T
III	1095550	G	*/-TTT	11	2	6.9%	2	1	40	55	0.98	1	1	9	2	2	0	-T
III	1103423	T	*/-A	15	13	41.94%	2	2	45	38	0.98	1	1	8	7	10	3	-A
III	1110963	T	*/+C	72	11	13.25%	2	2	44	43	0.98	1	1	25	47	3	8	+C
III	1114835	A	*/-C	19	2	9.52%	2	2	50	62	0.98	1	1	8	11	1	1	-C
III	1114914	T	*/+ACCACTAACCATC	57	11	16.18%	2	2	46	38	0.98	1	1	37	20	9	2	+ACCACTAACCATC
III	1116892	C	*/+TCTCTATA	32	2	5.88%	2	2	46	37	0.98	1	1	8	24	1	1	+TCTCTATA
III	1117723	T	*/+C	71	5	6.58%	2	1	44	54	0.98	1	1	22	49	5	0	+C
III	1121674	T	*/+ACCACTAACCATC	59	7	10.45%	2	2	46	42	0.98	1	1	36	23	3	4	+ACCACTAACCATC
III	1124483	T	*/+C	82	8	8.89%	2	2	45	46	0.98	1	1	30	52	5	3	+C
III	1128434	T	*/+ACCACTAACCATC	67	13	16.05%	2	2	44	41	0.98	1	1	49	18	6	7	+ACCACTAACCATC
III	1131243	T	*/+C	74	7	8.64%	2	2	43	49	0.98	1	1	26	48	5	2	+C
III	1135194	T	*/+ACCACTAACCATC	55	4	6.78%	2	2	43	52	0.98	1	1	39	16	2	2	+ACCACTAACCATC
III	1137172	C	*/+TCTCTATA	48	4	7.69%	2	1	47	46	0.98	1	1	18	30	0	4	+TCTCTATA
III	1168360	T	*/-G	8	4	30.77%	2	1	37	37	0.98	1	1	5	3	4	0	-G
III	1244495	G	*/-T	20	2	9.09%	2	1	40	55	0.98	1	1	12	8	0	2	-T
III	1311163	C	*/+A	42	3	6.67%	2	2	47	37	0.98	1	1	24	18	1	2	+A
III	1395671	C	*/-A	14	2	11.76%	2	1	45	49	0.98	1	1	7	7	2	0	-A
III	1421567	T	*/-G	15	3	14.29%	2	2	36	37	0.98	1	1	14	1	2	1	-G
III	1421567	T	*/+G	15	2	9.52%	2	1	36	37	0.98	1	1	14	1	2	0	-G
III	1471894	T	*/-G	21	2	8.7%	2	1	51	74	0.98	1	1	9	12	2	0	-G
III	1510629	T	*/-A	13	2	12.5%	2	1	35	37	0.98	1	1	7	6	0	2	-A
III	1516015	T	*/+A	5	2	28.57%	2	1	29	37	0.98	1	1	3	2	0	2	+A
III	1581366	G	*/-T	12	3	17.65%	2	2	35	37	0.98	1	1	5	7	1	2	-T
III	1594933	T	*/-A	13	5	26.32%	2	2	44	44	0.98	1	1	3	10	2	3	-A
III	1674618	C	*/-T	4	3	30%	2	2	40	32	0.98	1	1	3	1	1	2	-T
III	1674618	C	*/-TT	4	2	20%	2	1	40	31	0.98	1	1	3	1	2	0	-T
III	1685487	G	+A/+A	0	15	100%	0	2	0	41	0.98	0	1	0	0	10	5	+A
III	1702276	A	*/-T	37	3	6.67%	2	2	47	37	0.98	1	1	21	16	2	1	-T
III	1702276	A	*/+T	37	5	11.11%	2	2	47	42	0.98	1	1	21	16	4	1	+T
III	1707997	T	*/-A	31	4	11.43%	2	2	43	34	0.98	1	1	17	14	3	1	-A
III	1712983	G	*/-A	11	8	40%	2	2	44	41	0.98	1	1	9	2	6	2	-A
III	1731050	C	*/+T	12	2	14.29%	2	1	40	55	0.98	1	1	7	5	0	2	+T
III	1756400	T	-A/-A	0	37	100%	0	2	0	46	0.98	0	1	0	0	19	18	-A
III	1774235	T	+GATC/+GATC	0	14	93.33%	0	2	0	44	0.98	0	1	0	0	5	9	+GATC
III	1790165	C	*/-T	16	2	11.11%	2	1	43	37	0.98	1	1	9	7	2	0	-T
III	1821911	C	*/-AA	7	3	23.08%	2	2	38	40	0.98	1	1	6	1	2	1	-AA
III	1821911	C	*/+A	7	2	15.38%	2	1	38	37	0.98	1	1	6	1	2	0	-AA
III	1876166	C	*/-A	21	2	8.33%	2	2	42	55	0.98	1	1	10	11	1	1	-A
III	1880707	G	*/-T	25	2	7.41%	2	1	48	37	0.98	1	1	10	15	2	0	-T
III	1947823	A	*/-T	14	2	12.5%	2	2	43	55	0.98	1	1	10	4	1	1	-T
III	1979604	A	*/-T	13	3	18.75%	2	2	48	57	0.98	1	1	4	9	1	2	-T
III	2041936	C	*/-T	16	2	11.11%	2	2	49	42	0.98	1	1	7	9	1	1	-T
III	2069607	G	*/-T	9	2	18.18%	2	1	42	37	0.98	1	1	5	4	2	0	-T
III	2074510	C	*/-T	9	4	30.77%	2	2	36	43	0.98	1	1	5	4	3	1	-T
III	2076412	G	*/-T	16	5	23.81%	2	2	37	44	0.98	1	1	13	3	2	3	-T
III	2076980	A	*/-T	8	6	40%	2	2	43	43	0.98	1	1	3	5	4	2	-T
III	2113205	C	*/-T	8	3	27.27%	2	1	37	37	0.98	1	1	5	3	3	0	-T
III	2205924	T	*/+G	29	2	6.45%	2	1	36	37	0.98	1	1	17	12	2	0	+G
III	2227702	T	*/-G	25	2	7.41%	2	1	54	37	0.98	1	1	14	11	0	2	-G
III	2281940	C	*/-T	17	3	13.64%	2	1	40	61	0.98	1	1	10	7	3	0	-T
III	2281940	C	*/+T	17	2	9.09%	2	2	40	55	0.98	1	1	10	7	1	1	-T
III	2284394	C	*/-T	7	2	20%	2	2	47	49	0.98	1	1	1	6	1	1	-T
III	2309611	T	*/-A	11	3	20%	2	1	52	37	0.98	1	1	6	5	3	0	-A
III	2310960	G	*/-A	13	2	13.33%	2	2	48	74	0.98	1	1	7	6	1	1	-A
III	2310968	A	*/+GGT	12	2	14.29%	2	2	45	74	0.98	1	1	7	5	1	1	+GGT
III	2311203	C	*/-T	18	2	9.52%	2	2	40	37	0.98	1	1	10	8	1	1	-T
III	2376654	G	*/-A	22	2	8%	2	1	38	37	0.98	1	1	14	8	0	2	-A
III	2420241	T	*/-A	9	2	14.29%	2	1	42	37	0.98	1	1	6	3	2	0	-A
III	2420241	T	*/-AA	9	2	14.29%	2	2	42	37	0.98	1	1	6	3	1	1	-A
III	2443562	A	*/-T	6	3	5.36%	2	1	37	33	0.98	1	1	2	4	3	0	-T
III	2443562	A	+T/+T	6	47	83.93%	2	2	37	35	0.98	1	1	2	4	1	46	+T
III	2447848	T	*/-A	991	357	20.86%	2	2	44	41	0.98	1	1	728	263	263	94	-A
III	2447848	T	*/-AA	991	175	10.23%	2	2	44	45	0.98	1	1	728	263	121	54	-A
III	2447848	T	*/+A	991	124	7.25%	2	2	44	47	0.98	1	1	728	263	86	38	-A
III	2448309	T	-AA/-AA	55	607	89.66%	2	2	42	40	0.98	1	1	44	11	247	360	-AA
III	2448518	T	*/-A	854	319	23.4%	2	2	45	44	0.98	1	1	585	269	236	83	-A
III	2448518	T	*/-AA	854	76	5.58%	2	2	45	40	0.98	1	1	585	269	59	17	-A
III	2448518	T	*/+A	854	93	6.82%	2	2	45	45	0.98	1	1	585	269	62	31	+A
