Chrom	Position	Ref	Cons	Reads1	Reads2	VarFreq	Strands1	Strands2	Qual1	Qual2	Pvalue	MapQual1	MapQual2	Reads1Plus	Reads1Minus	Reads2Plus	Reads2Minus	VarAllele
I	3160	A	*/+GTTGTCGTTGTCGTTGTC	277	83	17.66%	2	2	39	39	0.98	1	1	156	121	41	42	+GTTGTCGTTGTCGTTGTC
I	3160	A	*/+GTTGTCGTTGTCGTTGTCGTTGTC	277	109	23.19%	2	2	39	39	0.98	1	1	156	121	64	45	+GTTGTCGTTGTCGTTGTCGTTGTC
I	4053	C	*/+TGTCAT	447	68	12.95%	2	2	39	39	0.98	1	1	236	211	41	27	+TGTCAT
I	6357	T	*/-AA	309	119	27.48%	2	2	37	37	0.98	1	1	148	161	77	42	-AA
I	7192	C	*/+A	295	48	13.83%	2	2	38	38	0.98	1	1	166	129	33	15	+A
I	10859	G	*/-TT	181	169	47.88%	2	2	38	38	0.98	1	1	117	64	109	60	-TT
I	19694	T	*/+A	100	75	42.61%	2	1	39	39	0.98	1	1	46	54	75	0	+A
I	20545	C	*/+TTTTTTT	73	35	31.25%	2	2	38	37	0.98	1	1	34	39	18	17	+TTTTTTT
I	27402	A	*/-C	66	12	14.63%	2	2	38	37	0.98	1	1	10	56	1	11	-C
I	43335	G	*/+A	59	45	42.86%	2	2	40	37	0.98	1	1	42	17	19	26	+A
I	101871	A	+G/+G	7	221	96.51%	2	2	40	40	0.98	1	1	4	3	129	92	+G
I	206448	C	*/+T	54	31	34.07%	2	1	38	40	0.98	1	1	34	20	31	0	+T
I	440084	T	*/+A	50	87	56.13%	2	2	40	38	0.98	1	1	28	22	35	52	+A
I	453368	A	*/-G	120	10	7.69%	2	2	38	40	0.98	1	1	70	50	5	5	-G
I	453369	G	*/+A	47	50	42.74%	2	2	39	38	0.98	1	1	33	14	35	15	+A
I	470378	A	-C/-C	2	229	99.13%	2	2	40	40	0.98	1	1	1	1	123	106	-C
I	470390	A	-C/-C	10	225	95.74%	2	2	38	40	0.98	1	1	6	4	114	111	-C
I	473427	G	*/+T	66	23	23.71%	2	2	38	37	0.98	1	1	37	29	20	3	+T
I	482737	A	+G/+G	7	246	96.47%	2	2	40	39	0.98	1	1	4	3	129	117	+G
I	554527	A	+T/+T	26	211	87.55%	2	2	40	39	0.98	1	1	5	21	102	109	+T
I	562745	A	*/+T	72	66	45.21%	2	2	39	37	0.98	1	1	42	30	39	27	+T
I	650099	C	*/+AA	42	110	71.43%	2	2	38	36	0.98	1	1	24	18	63	47	+AA
I	660056	T	*/+G	143	21	12.14%	2	2	38	38	0.98	1	1	82	61	13	8	+G
I	670032	C	+A/+A	6	195	95.59%	2	2	40	40	0.98	1	1	3	3	109	86	+A
I	682993	T	-C/-C	13	186	93.47%	2	2	38	39	0.98	1	1	8	5	96	90	-C
I	862962	C	+T/+T	17	188	91.71%	2	2	38	40	0.98	1	1	9	8	88	100	+T
I	934908	T	*/+AA	59	24	24%	2	2	39	34	0.98	1	1	43	16	11	13	+AA
I	960025	G	+T/+T	41	164	77.36%	2	2	40	38	0.98	1	1	17	24	92	72	+T
I	965438	C	*/+A	42	45	46.88%	2	2	39	38	0.98	1	1	33	9	39	6	+A
I	1048635	G	+A/+A	20	203	89.82%	2	2	41	39	0.98	1	1	11	9	91	112	+A
I	1079583	T	*/+AAAAAAAA	65	19	20%	2	2	39	39	0.98	1	1	43	22	18	1	+AAAAAAAA
I	1148104	A	*/+T	40	104	70.27%	2	2	39	38	0.98	1	1	18	22	66	38	+T
I	1274803	T	+A/+A	7	228	93.83%	2	2	40	39	0.98	1	1	2	5	121	107	+A
I	1358794	C	*/+A	47	116	68.24%	2	2	38	37	0.98	1	1	33	14	77	39	+A
I	1424708	C	-A/-A	7	220	96.92%	2	2	40	39	0.98	1	1	5	2	119	101	-A
I	1496317	C	-A/-A	37	166	81.77%	2	2	39	39	0.98	1	1	22	15	77	89	-A
I	1509277	C	+T/+T	28	167	85.2%	2	2	38	39	0.98	1	1	14	14	85	82	+T
I	1595056	C	*/+T	62	65	46.1%	2	2	37	36	0.98	1	1	36	26	47	18	+T
I	1625092	T	+C/+C	9	204	95.33%	2	2	40	39	0.98	1	1	6	3	101	103	+C
I	1702186	T	*/+A	169	14	7.41%	2	2	40	40	0.98	1	1	85	84	8	6	+A
I	1765306	C	*/+A	54	20	24.69%	2	2	38	36	0.98	1	1	36	18	15	5	+A
I	1905525	T	*/+G	116	9	6.77%	2	1	39	40	0.98	1	1	103	13	9	0	+G
I	1936294	G	+A/+A	12	202	92.66%	2	2	43	40	0.98	1	1	6	6	105	97	+A
I	1952313	A	+T/+T	17	206	92.38%	2	2	38	40	0.98	1	1	8	9	109	97	+T
I	1955754	C	*/+TT	61	32	29.63%	2	2	39	36	0.98	1	1	39	22	21	11	+TT
I	1955852	A	*/+G	134	10	6.9%	2	1	38	36	0.98	1	1	66	68	0	10	+G
I	1955853	T	+A/+A	8	91	80.53%	2	2	40	36	0.98	1	1	2	6	50	41	+A
I	1993888	C	*/+AT	201	11	5.14%	2	2	40	38	0.98	1	1	92	109	3	8	+AT
I	2025000	C	*/+T	68	49	41.53%	2	2	39	39	0.98	1	1	38	30	35	14	+T
I	2139856	G	+T/+T	24	165	81.28%	2	2	40	37	0.98	1	1	8	16	99	66	+T
I	2154491	T	+A/+A	9	185	94.39%	2	2	40	39	0.98	1	1	3	6	100	85	+A
I	2227936	T	*/+AAA	28	46	47.92%	2	2	37	36	0.98	1	1	17	11	30	16	+AAA
I	2245479	T	*/+C	157	21	11.6%	2	2	39	40	0.98	1	1	77	80	10	11	+C
I	2288240	C	-G/-G	8	200	96.15%	2	2	40	39	0.98	1	1	3	5	100	100	-G
I	2343703	G	+A/+A	7	247	96.86%	2	2	37	40	0.98	1	1	5	2	125	122	+A
I	2421576	A	-C/-C	15	238	94.07%	2	2	40	40	0.98	1	1	6	9	122	116	-C
I	2499149	A	-T/-T	25	213	88.75%	2	2	40	39	0.98	1	1	12	13	97	116	-T
I	2507462	T	+A/+A	10	221	95.67%	2	2	40	39	0.98	1	1	3	7	119	102	+A
I	2510060	T	+A/+A	11	201	94.37%	2	2	40	39	0.98	1	1	6	5	104	97	+A
I	2588021	C	+A/+A	9	219	95.22%	2	2	38	39	0.98	1	1	4	5	115	104	+A
I	2588066	C	+A/+A	29	188	85.84%	2	2	40	39	0.98	1	1	18	11	97	91	+A
I	2594263	C	+T/+T	9	209	95%	2	2	36	39	0.98	1	1	5	4	107	102	+T
I	2594324	T	+A/+A	10	214	93.04%	2	2	40	39	0.98	1	1	6	4	110	104	+A
I	2594351	T	+A/+A	12	196	92.45%	2	2	40	40	0.98	1	1	6	6	97	99	+A
I	2594391	A	+T/+T	8	224	95.32%	2	2	38	39	0.98	1	1	3	5	100	124	+T
I	2605860	G	-T/-T	4	188	97.92%	2	2	40	39	0.98	1	1	1	3	99	89	-T
I	2607669	A	+T/+T	16	198	91.67%	2	2	40	40	0.98	1	1	9	7	88	110	+T
I	2641998	C	*/+T	48	64	57.14%	2	2	38	36	0.98	1	1	25	23	35	29	+T
I	2683902	T	-C/-C	11	210	95.02%	2	2	40	40	0.98	1	1	5	6	114	96	-C
I	2751236	T	-A/-A	42	156	78%	2	2	39	39	0.98	1	1	27	15	68	88	-A
I	2759871	T	+C/+C	1	197	96.1%	1	2	40	40	0.98	1	1	1	0	92	105	+C
I	3125118	A	+T/+T	7	237	97.13%	2	2	40	40	0.98	1	1	1	6	139	98	+T
I	3166776	G	*/+TTT	63	72	50%	2	2	38	36	0.98	1	1	28	35	51	21	+TTT
I	3178494	C	+T/+T	6	192	96.97%	2	2	40	39	0.98	1	1	4	2	113	79	+T
I	3197528	A	+G/+G	13	211	94.2%	2	2	38	39	0.98	1	1	9	4	104	107	+G
I	3300811	C	*/+G	17	2	8.7%	2	1	39	40	0.98	1	1	10	7	2	0	+G
I	3450130	G	-T/-T	5	238	97.94%	2	2	40	40	0.98	1	1	3	2	133	105	-T
I	3460318	T	+C/+C	14	198	92.52%	2	2	38	39	0.98	1	1	4	10	99	99	+C
I	3538413	A	+T/+T	17	232	92.43%	2	2	40	40	0.98	1	1	7	10	133	99	+T
I	3538428	G	+T/+T	16	222	92.5%	2	2	40	39	0.98	1	1	10	6	127	95	+T
I	3538436	T	+A/+A	22	216	90.76%	2	2	39	40	0.98	1	1	16	6	120	96	+A
I	3538449	T	+TA/+TA	34	186	84.55%	2	2	40	39	0.98	1	1	17	17	107	79	+TA
I	3538456	A	+AT/+AT	0	189	94.97%	0	2	0	39	0.98	0	1	0	0	110	79	+AT
I	3548532	G	*/+T	88	10	9.71%	2	2	39	38	0.98	1	1	51	37	7	3	+T
I	3576756	T	*/+TCTTCTC	39	103	48.82%	2	2	40	40	0.98	1	1	19	20	43	60	+TCTTCTC
I	3576929	C	+T/+T	27	197	86.03%	2	2	39	40	0.98	1	1	11	16	121	76	+T
I	3580034	C	*/+T	68	41	34.45%	2	2	39	36	0.98	1	1	38	30	26	15	+T
I	3665610	G	+C/+C	5	215	97.29%	2	2	40	39	0.98	1	1	1	4	85	130	+C
I	3700385	T	*/+AA	39	68	56.67%	2	2	39	39	0.98	1	1	28	11	34	34	+AA
I	3730369	A	+T/+T	16	204	91.48%	2	2	40	39	0.98	1	1	10	6	104	100	+T
I	3765328	C	+T/+T	28	136	82.42%	2	2	39	38	0.98	1	1	17	11	80	56	+T
I	3776933	G	+A/+A	20	143	86.14%	2	2	35	38	0.98	1	1	10	10	57	86	+A
I	3855790	G	-T/-T	5	211	97.69%	2	2	40	39	0.98	1	1	3	2	96	115	-T
I	3940025	G	+T/+T	20	160	86.96%	2	2	40	38	0.98	1	1	8	12	65	95	+T
I	3984736	A	*/-GGT	173	11	5.98%	2	1	42	43	0.98	1	1	98	75	0	11	-GGT
I	4010237	A	*/+G	56	5	7.94%	2	1	39	40	0.98	1	1	38	18	5	0	+G
I	4055052	T	+A/+A	33	140	76.92%	2	2	38	38	0.98	1	1	11	22	76	64	+A
I	4179701	C	*/+T	40	64	58.72%	2	2	36	35	0.98	1	1	18	22	34	30	+T
I	4276890	G	+T/+T	21	118	78.15%	2	2	39	37	0.98	1	1	4	17	87	31	+T
I	4304169	G	+A/+A	13	232	92.8%	2	2	43	39	0.98	1	1	9	4	128	104	+A
I	4325624	C	*/+A	188	24	11.32%	2	2	39	41	0.98	1	1	88	100	11	13	+A
I	4338694	G	*/+T	158	32	16.41%	2	2	38	39	0.98	1	1	96	62	27	5	+T
I	4374342	A	-G/-G	11	217	95.18%	2	2	43	39	0.98	1	1	6	5	116	101	-G
I	4407494	T	+G/+G	5	221	96.93%	2	2	40	39	0.98	1	1	1	4	108	113	+G
I	4410191	C	-G/-G	4	223	98.24%	1	2	46	39	0.98	1	1	4	0	106	117	-G
I	4414201	C	-T/-T	39	141	77.47%	2	2	39	37	0.98	1	1	21	18	80	61	-T
I	4414723	T	*/+AAAAA	60	10	13.51%	2	2	39	38	0.98	1	1	48	12	7	3	+AAAAA
I	4431856	G	+A/+A	18	174	90.16%	2	2	40	39	0.98	1	1	11	7	76	98	+A
I	4431868	C	+A/+A	12	182	92.86%	2	2	40	40	0.98	1	1	6	6	84	98	+A
I	4455149	G	+A/+A	27	189	86.7%	2	2	39	39	0.98	1	1	15	12	107	82	+A
I	4648144	T	*/-G	154	12	7.23%	2	1	39	40	0.98	1	1	108	46	0	12	-G
I	4648159	T	*/-G	42	105	66.88%	2	2	38	39	0.98	1	1	14	28	82	23	-G
I	4648159	T	*/-GG	42	10	6.37%	2	2	38	40	0.98	1	1	14	28	1	9	-G
I	4721875	G	+A/+A	21	222	89.88%	2	2	39	40	0.98	1	1	14	7	121	101	+A
I	4764253	G	+A/+A	42	186	80.17%	2	2	40	40	0.98	1	1	20	22	94	92	+A
I	4926046	C	*/+T	52	43	40.95%	2	2	38	39	0.98	1	1	28	24	40	3	+T
I	5142627	A	+G/+G	7	232	96.27%	2	2	40	40	0.98	1	1	2	5	125	107	+G
I	5148414	T	-A/-A	14	193	92.79%	2	2	37	39	0.98	1	1	6	8	90	103	-A
I	5173087	C	+T/+T	27	201	87.39%	2	2	38	39	0.98	1	1	13	14	94	107	+T
I	5173430	G	*/+T	42	119	65.38%	2	2	38	37	0.98	1	1	18	24	89	30	+T
I	5176924	A	*/+G	130	14	9.59%	2	1	39	40	0.98	1	1	61	69	0	14	+G
I	5176926	T	*/+A	47	75	53.57%	2	2	38	38	0.98	1	1	24	23	37	38	+A
I	5271432	C	*/+TTTT	88	5	5.26%	2	2	39	36	0.98	1	1	53	35	3	2	+TTTT
I	5368262	T	-C/-C	9	205	95.79%	2	2	38	39	0.98	1	1	5	4	88	117	-C
I	5368273	G	+T/+T	9	200	94.79%	2	2	36	39	0.98	1	1	4	5	91	109	+T
I	5426622	C	+T/+T	30	199	85.04%	2	2	41	39	0.98	1	1	6	24	105	94	+T
I	5559279	T	*/+G	29	16	25%	2	1	38	38	0.98	1	1	16	13	16	0	+G
I	5559279	T	*/+GG	29	10	15.62%	2	1	38	40	0.98	1	1	16	13	10	0	+G
I	5559279	T	*/+GGG	29	7	10.94%	2	1	38	40	0.98	1	1	16	13	7	0	+G
I	5567937	C	*/-A	205	16	7.11%	2	2	38	37	0.98	1	1	129	76	11	5	-A
I	5572022	A	*/-T	224	26	10.4%	2	1	40	40	0.98	1	1	120	104	0	26	-T
I	5576850	T	*/-AA	163	103	37.73%	2	2	38	39	0.98	1	1	85	78	44	59	-AA
II	15830	T	*/+A	33	15	27.27%	2	2	41	36	0.98	1	1	22	11	10	5	+A
II	83071	C	*/+T	190	10	5%	2	2	39	40	0.98	1	1	106	84	6	4	+T
II	128001	T	-A/-A	8	237	96.73%	2	2	40	40	0.98	1	1	7	1	125	112	-A
II	146079	T	-C/-C	11	221	95.26%	2	2	40	40	0.98	1	1	6	5	94	127	-C
II	484534	A	*/+T	42	120	72.29%	2	2	40	37	0.98	1	1	15	27	73	47	+T
II	603279	A	-T/-T	10	255	96.23%	2	2	40	39	0.98	1	1	3	7	113	142	-T
II	603305	A	-C/-C	9	256	96.6%	2	2	40	40	0.98	1	1	1	8	113	143	-C
II	700009	T	-A/-A	18	181	90.95%	2	2	40	40	0.98	1	1	8	10	96	85	-A
II	837446	C	*/+T	97	13	11.82%	2	2	37	35	0.98	1	1	59	38	9	4	+T
II	888599	A	-C/-C	7	178	96.22%	2	2	37	39	0.98	1	1	4	3	114	64	-C
II	903106	G	+T/+T	7	220	95.24%	2	2	40	39	0.98	1	1	1	6	104	116	+T
II	997671	G	*/+CAACAACAACAACAA	133	18	9.38%	2	2	39	38	0.98	1	1	79	54	7	11	A
II	1019510	T	-A/-A	32	135	79.41%	2	2	39	39	0.98	1	1	15	17	74	61	-A
II	1057872	T	*/-AAAA	161	39	19.4%	2	2	39	40	0.98	1	1	76	85	18	21	-AAAA
II	1079843	T	+A/+A	22	185	88.52%	2	2	41	39	0.98	1	1	13	9	95	90	+A
II	1163154	A	-T/-T	12	206	94.5%	2	2	40	40	0.98	1	1	7	5	124	82	-T
II	1266289	T	+A/+A	31	165	79.71%	2	2	38	39	0.98	1	1	16	15	92	73	+A
II	1277481	G	*/+TT	48	28	35.44%	2	2	40	38	0.98	1	1	33	15	19	9	+TT
II	1308618	G	-T/-T	22	180	89.11%	2	2	40	38	0.98	1	1	12	10	102	78	-T
II	1389139	C	*/+T	63	102	58.96%	2	2	37	37	0.98	1	1	34	29	52	50	+T
II	1555919	A	*/+TTTATT	81	159	65.7%	2	2	40	39	0.98	1	1	23	58	97	62	+TTTATT
II	1588936	G	*/+AA	58	57	43.51%	2	2	37	36	0.98	1	1	33	25	31	26	+AA
II	1620412	T	*/-A	33	12	25.53%	2	1	39	38	0.98	1	1	19	14	12	0	-A
II	1678205	T	-A/-A	32	164	83.25%	2	2	40	39	0.98	1	1	15	17	97	67	-A
II	1716256	G	*/+T	79	26	22.03%	2	2	37	38	0.98	1	1	58	21	12	14	+T
II	1716287	T	*/-G	134	33	19.76%	2	2	39	40	0.98	1	1	68	66	11	22	-G
II	1748646	G	*/-A	35	66	64.08%	2	2	39	39	0.98	1	1	17	18	34	32	-A
II	1805315	C	*/+T	91	14	13.08%	2	2	38	38	0.98	1	1	51	40	12	2	+T
II	1816760	T	*/+C	5	2	28.57%	2	1	40	40	0.98	1	1	4	1	2	0	+C
II	1861420	T	-G/-G	5	183	97.34%	2	2	40	39	0.98	1	1	1	4	91	92	-G
II	1867795	A	+T/+T	21	146	83.91%	2	2	40	37	0.98	1	1	8	13	65	81	+T
II	1868122	G	*/+T	49	64	52.03%	2	2	39	38	0.98	1	1	32	17	54	10	+T
II	1873779	T	+A/+A	7	210	96.33%	2	2	40	39	0.98	1	1	3	4	92	118	+A
II	1877294	A	+T/+T	32	175	84.13%	2	2	42	39	0.98	1	1	20	12	96	79	+T
II	1941966	A	+T/+T	8	211	94.62%	2	2	40	40	0.98	1	1	3	5	124	87	+T
II	1941982	A	+T/+T	1	221	98.22%	1	2	40	39	0.98	1	1	1	0	131	90	+T
II	1948953	G	-A/-A	4	207	98.1%	2	2	40	39	0.98	1	1	3	1	102	105	-A
II	1950050	A	+G/+G	12	186	92.08%	2	2	40	39	0.98	1	1	8	4	96	90	+G
II	1955495	T	*/+A	46	151	74.75%	2	2	40	39	0.98	1	1	25	21	63	88	+A
II	1960392	A	+G/+G	4	203	97.13%	2	2	40	40	0.98	1	1	2	2	101	102	+G
II	1987101	C	-G/-G	2	213	99.07%	2	2	40	39	0.98	1	1	1	1	104	109	-G
II	1987117	T	-G/-G	4	236	98.33%	2	2	40	39	0.98	1	1	3	1	114	122	-G
II	2023193	G	*/+TT	58	56	47.06%	2	2	39	36	0.98	1	1	30	28	37	19	+TT
II	2049891	A	-T/-T	4	203	98.07%	2	2	40	39	0.98	1	1	1	3	85	118	-T
II	2053516	G	+C/+C	8	197	95.17%	2	2	45	40	0.98	1	1	3	5	102	95	+C
II	2108180	T	+A/+A	6	192	96.97%	2	2	40	40	0.98	1	1	2	4	101	91	+A
II	2147726	G	+T/+T	7	201	95.71%	2	2	40	40	0.98	1	1	3	4	81	120	+T
II	2187407	G	+A/+A	8	238	95.97%	2	2	40	39	0.98	1	1	5	3	141	97	+A
II	2219928	A	+T/+T	8	226	96.58%	2	2	38	39	0.98	1	1	5	3	124	102	+T
II	2293297	G	-A/-A	20	214	91.45%	2	2	40	40	0.98	1	1	12	8	126	88	-A
II	2443873	T	*/+AA	59	26	27.96%	2	2	39	40	0.98	1	1	43	16	25	1	+AA
II	2592423	T	+A/+A	20	172	88.21%	2	2	39	39	0.98	1	1	8	12	90	82	+A
II	2630607	C	+A/+A	36	144	79.12%	2	2	39	38	0.98	1	1	26	10	60	84	+A
II	2640783	A	*/+G	122	7	5.38%	2	1	39	35	0.98	1	1	75	47	0	7	+G
II	2640785	T	*/+A	39	70	55.56%	2	2	39	37	0.98	1	1	25	14	45	25	+A
II	2665565	T	*/+A	200	18	8.18%	2	2	39	40	0.98	1	1	110	90	13	5	+A
II	2709414	G	+C/+C	9	221	94.04%	2	2	40	39	0.98	1	1	5	4	113	108	+C
II	2755338	C	-AT/-AT	43	193	81.78%	2	2	40	39	0.98	1	1	11	32	102	91	-AT
II	2788933	C	+G/+G	10	230	94.65%	2	2	40	40	0.98	1	1	4	6	139	91	+G
II	2798040	C	-T/-T	7	190	96.45%	2	2	40	39	0.98	1	1	1	6	92	98	-T
II	2798514	A	-G/-G	11	223	95.3%	2	2	40	40	0.98	1	1	6	5	105	118	-G
II	2811495	C	-A/-A	12	203	94.42%	2	2	38	39	0.98	1	1	8	4	100	103	-A
II	2938956	C	+T/+T	25	189	87.91%	2	2	40	39	0.98	1	1	12	13	91	98	+T
II	3040332	C	+G/+G	2	212	98.6%	2	2	40	39	0.98	1	1	1	1	101	111	+G
II	3058544	T	*/+G	145	31	17.22%	2	2	38	38	0.98	1	1	80	65	19	12	+G
II	3171788	G	*/+A	47	95	60.9%	2	2	38	37	0.98	1	1	27	20	51	44	+A
II	3253452	G	*/+T	183	11	5.64%	2	1	38	35	0.98	1	1	96	87	0	11	+T
II	3253453	C	*/+T	47	104	63.03%	2	2	37	37	0.98	1	1	22	25	72	32	+T
II	3605463	G	*/-T	189	45	18.99%	2	2	38	39	0.98	1	1	141	48	40	5	-T
II	3619003	A	+G/+G	10	210	95.02%	2	2	40	40	0.98	1	1	3	7	105	105	+G
II	3799350	G	*/+A	49	120	69.36%	2	2	39	38	0.98	1	1	27	22	66	54	+A
II	3838101	C	-A/-A	26	209	87.82%	2	2	40	39	0.98	1	1	13	13	104	105	-A
II	3860185	C	-TAGTA/-TAGTA	41	161	78.16%	2	2	40	39	0.98	1	1	18	23	82	79	-TAGTA
II	3874773	T	*/+A	187	12	5.88%	2	2	39	40	0.98	1	1	105	82	7	5	+A
II	4011091	T	*/-A	204	23	10.13%	2	2	39	38	0.98	1	1	113	91	12	11	-A
II	4031460	A	*/+T	44	52	51.49%	2	2	38	37	0.98	1	1	21	23	46	6	+T
II	4107253	G	*/+TTT	74	33	29.2%	2	2	38	37	0.98	1	1	49	25	17	16	+TTT
II	4254960	G	-A/-A	8	214	96.4%	2	2	38	39	0.98	1	1	7	1	105	109	-A
II	4308414	C	+A/+A	35	179	81.74%	2	2	40	39	0.98	1	1	13	22	98	81	+A
II	4419921	T	*/+A	47	101	62.35%	2	2	39	35	0.98	1	1	35	12	46	55	+A
II	4513922	G	*/+GGCTGCTATAATCATTCCCAA	298	19	5.88%	2	2	40	39	0.98	1	1	134	164	11	8	+GGCTGCTATAATCATTCCCAA
II	4517047	T	*/+TACTCATC	250	97	25.73%	2	2	40	39	0.98	1	1	122	128	39	58	+TACTCATC
II	4521677	T	*/-AA	166	118	41.4%	2	2	39	39	0.98	1	1	83	83	65	53	-AA
II	4525340	G	*/+T	154	69	26.64%	2	2	37	39	0.98	1	1	111	43	59	10	+T
II	4526174	A	*/-T	156	31	16.58%	2	2	36	33	0.98	1	1	98	58	17	14	-T
II	4528465	C	*/+GACAAT	445	61	11.94%	2	2	39	40	0.98	1	1	216	229	21	40	+GACAAT
II	4529375	T	*/+ACAACGACAACGACAACG	265	106	22.22%	2	2	40	39	0.98	1	1	119	146	45	61	+ACAACGACAACGACAACG
II	4529375	T	*/+ACAACGACAACGACAACGACAACG	265	99	20.75%	2	2	40	40	0.98	1	1	119	146	40	59	+ACAACGACAACGACAACG
II	4533588	C	*/-T	759	280	26.95%	2	2	40	40	0.98	1	1	417	342	166	114	-T
II	4534880	A	*/-T	743	227	23.4%	2	2	39	40	0.98	1	1	434	309	131	96	-T
II	4535523	T	*/+GTTACG	856	197	18.69%	2	2	40	39	0.98	1	1	416	440	91	106	+GTTACG
II	4535548	A	*/-TATGTG	838	204	19.58%	2	2	39	39	0.98	1	1	388	450	94	110	-TATGTG
II	4535645	G	*/-T	841	232	21.48%	2	2	39	39	0.98	1	1	427	414	117	115	-T
II	4535727	A	*/-G	1134	70	5.81%	2	2	39	40	0.98	1	1	601	533	35	35	-G
II	4536089	C	*/+AAAAGAAAAGTAAATT	1135	135	10.57%	2	2	39	39	0.98	1	1	561	574	66	69	+AAAAGAAAAGTAAATT
II	4536728	A	*/+GAGAGTAGG	747	124	13.63%	2	2	39	39	0.98	1	1	261	486	37	87	+GAGAGTAGG
II	4537213	G	*/+T	492	529	51.66%	2	2	39	39	0.98	1	1	258	234	292	237	+T
II	4537387	A	*/-AATAAGAG	400	694	63.44%	2	2	39	39	0.98	1	1	185	215	335	359	-AATAAGAG
II	4537665	G	*/+AAATA	908	159	14.56%	2	2	40	39	0.98	1	1	404	504	40	119	+AAATA
II	4537712	T	*/-AAATAAAATTAATG	910	111	10.87%	2	2	40	40	0.98	1	1	387	523	29	82	-AAATAAAATTAATG
II	4538312	A	*/-TAGGTATAGGTAGAATAAGTAGAGTAGAG	454	32	6.58%	2	2	39	39	0.98	1	1	215	239	23	9	-TAGGTATAGGTAGAATAAGTAGAGTAGAG
II	4539204	G	*/-ATAGGTAGAATAAGTAAAGCAGAATAGGTAGA	971	72	6.9%	2	2	39	40	0.98	1	1	551	420	41	31	-ATAGGTAGAATAAGTAAAGCAGAATAGGTAGA
III	1558	G	*/+A	2159	171	7.09%	2	2	39	40	0.98	1	1	1134	1025	74	97	+A
III	4952	C	*/+T	2340	393	14.26%	2	2	39	38	0.98	1	1	1357	983	28	365	+T
III	9812	T	*/+A	2775	557	16.48%	2	2	39	38	0.98	1	1	1623	1152	46	511	+A
III	10094	A	*/-T	3150	371	10.53%	2	2	39	39	0.98	1	1	1632	1518	5	366	-T
III	12428	G	*/+A	2173	194	7.88%	2	2	39	39	0.98	1	1	1084	1089	102	92	+A
III	15822	C	*/+T	2404	377	13.47%	2	2	39	38	0.98	1	1	1384	1020	27	350	+T
III	20682	T	*/+A	2732	541	16.36%	2	2	39	39	0.98	1	1	1628	1104	46	495	+A
III	20964	A	*/-T	3204	341	9.62%	2	2	39	38	0.98	1	1	1677	1527	1	340	-T
III	23298	G	*/+A	2134	190	7.92%	2	2	39	39	0.98	1	1	1102	1032	102	88	+A
III	253907	A	*/+T	59	87	51.48%	2	2	38	37	0.98	1	1	28	31	53	34	+T
III	286478	C	-TT/-TT	15	156	90.17%	2	2	40	39	0.98	1	1	9	6	90	66	-TT
III	286594	T	*/+A	58	81	55.48%	2	2	39	38	0.98	1	1	43	15	38	43	+A
III	365747	C	-A/-A	27	145	82.39%	2	2	38	38	0.98	1	1	15	12	79	66	-A
III	717677	A	*/-T	61	135	68.53%	2	2	39	37	0.98	1	1	20	41	78	57	-T
III	719955	A	-C/-C	3	190	98.45%	2	2	40	40	0.98	1	1	2	1	87	103	-C
III	719973	C	-G/-G	1	66	98.51%	1	2	40	39	0.98	1	1	1	0	27	39	-G
III	720683	A	+T/+T	24	189	86.7%	2	2	36	38	0.98	1	1	7	17	91	98	+T
III	867865	C	-T/-T	21	258	92.14%	2	2	40	39	0.98	1	1	8	13	124	134	-T
III	1016311	G	+C/+C	4	186	97.38%	2	2	40	39	0.98	1	1	2	2	78	108	+C
III	1073505	T	*/+ATATAGAG	671	61	8.22%	2	2	40	41	0.98	1	1	540	131	58	3	+ATATAGAG
III	1075530	A	*/+TGGAAGTGGTAAG	611	46	6.96%	2	2	39	39	0.98	1	1	298	313	25	21	+TGGAAGTGGTAAG
III	1079346	A	*/+G	866	103	10.63%	2	2	40	40	0.98	1	1	575	291	73	30	+G
III	1080146	T	*/+ATATAGAG	1175	142	10.68%	2	2	39	39	0.98	1	1	527	648	52	90	+ATATAGAG
III	1082171	A	*/+TGGAAGTGGTAAG	622	51	7.56%	2	2	39	39	0.98	1	1	305	317	18	33	+TGGAAGTGGTAAG
III	1084026	A	*/+AGTGGTGATGGTT	273	35	11.36%	2	2	39	40	0.98	1	1	129	144	23	12	+AGTGGTGATGGTT
III	1095549	T	*/-G	189	16	7.8%	2	1	39	39	0.98	1	1	123	66	0	16	-G
III	1095550	G	*/-T	107	50	29.76%	2	2	38	39	0.98	1	1	74	33	46	4	-T
III	1103423	T	*/-A	101	28	21.05%	2	2	39	37	0.98	1	1	77	24	15	13	-A
III	1110132	C	*/+TCTCTATA	304	25	7.55%	2	1	39	39	0.98	1	1	190	114	25	0	+TCTCTATA
III	1110963	T	*/+C	374	24	6.03%	2	2	40	41	0.98	1	1	237	137	21	3	+C
III	1114914	T	*/+ACCACTAACCATC	193	21	9.77%	2	2	39	39	0.98	1	1	117	76	13	8	+ACCACTAACCATC
III	1117723	T	*/+C	381	24	5.93%	2	2	40	40	0.98	1	1	239	142	22	2	+C
III	1121674	T	*/+ACCACTAACCATC	181	17	8.54%	2	2	39	40	0.98	1	1	99	82	8	9	+ACCACTAACCATC
III	1124483	T	*/+C	357	24	6.3%	2	2	39	41	0.98	1	1	209	148	17	7	+C
III	1128434	T	*/+ACCACTAACCATC	204	25	10.87%	2	2	39	40	0.98	1	1	126	78	13	12	+ACCACTAACCATC
III	1131243	T	*/+C	404	26	6.05%	2	2	39	40	0.98	1	1	247	157	22	4	+C
III	1135194	T	*/+ACCACTAACCATC	213	24	10.04%	2	2	39	40	0.98	1	1	129	84	11	13	+ACCACTAACCATC
III	1252505	G	*/+TT	49	4	6.45%	2	2	38	40	0.98	1	1	30	19	2	2	+TT
III	1421567	T	*/-G	148	25	12.76%	2	2	38	38	0.98	1	1	60	88	16	9	-G
III	1421567	T	*/+G	148	17	8.67%	2	2	38	39	0.98	1	1	60	88	6	11	-G
III	1575951	G	*/+T	51	50	43.86%	2	2	38	38	0.98	1	1	30	21	33	17	+T
III	1685487	G	+A/+A	11	227	94.58%	2	2	40	39	0.98	1	1	7	4	97	130	+A
III	1756400	T	-A/-A	8	230	96.64%	2	2	40	39	0.98	1	1	5	3	129	101	-A
III	1774235	T	+GATC/+GATC	15	178	91.75%	2	2	40	39	0.98	1	1	8	7	109	69	+GATC
III	1928744	G	*/+T	161	10	5.78%	2	2	37	38	0.98	1	1	89	72	7	3	+T
III	1929127	A	*/-G	55	16	17.39%	2	2	36	31	0.98	1	1	43	12	15	1	-G
III	1929127	A	*/+G	55	9	9.78%	2	1	36	36	0.98	1	1	43	12	9	0	+G
III	2352293	A	*/-G	107	9	7.56%	2	2	38	36	0.98	1	1	89	18	4	5	-G
III	2382018	A	*/-T	67	52	43.7%	2	2	39	36	0.98	1	1	43	24	33	19	-T
III	2443562	A	*/+T	937	751	43.29%	2	2	39	38	0.98	1	1	619	318	186	565	+T
III	2448309	T	-AA/-AA	990	5849	84.99%	2	2	38	38	0.98	1	1	538	452	2700	3149	-AA
