Chrom	Position	Ref	Cons	Reads1	Reads2	VarFreq	Strands1	Strands2	Qual1	Qual2	Pvalue	MapQual1	MapQual2	Reads1Plus	Reads1Minus	Reads2Plus	Reads2Minus	VarAllele
I	3160	A	*/+GTTGTCGTTGTCGTTGTC	272	119	24.04%	2	2	39	40	0.98	1	1	147	125	67	52	+GTTGTCGTTGTCGTTGTC
I	3160	A	*/+GTTGTCGTTGTCGTTGTCGTTGTC	272	98	19.8%	2	2	39	39	0.98	1	1	147	125	45	53	+GTTGTCGTTGTCGTTGTC
I	4047	C	*/-TGTCTCTGTCAT	505	92	15.41%	2	2	39	40	0.98	1	1	277	228	57	35	-TGTCTCTGTCAT
I	4053	C	*/+TGTCAT	401	80	16.29%	2	2	39	39	0.98	1	1	233	168	40	40	+TGTCAT
I	6357	T	*/-AA	259	92	25.63%	2	2	37	36	0.98	1	1	139	120	54	38	-AA
I	7192	C	*/+A	311	56	14.81%	2	2	38	38	0.98	1	1	166	145	43	13	+A
I	10859	G	*/-TT	152	142	47.49%	2	2	39	38	0.98	1	1	89	63	98	44	-TT
I	19694	T	*/+A	116	70	37.23%	2	1	39	39	0.98	1	1	46	70	70	0	+A
I	20545	C	*/+TTTTTTT	67	37	34.91%	2	2	39	38	0.98	1	1	38	29	25	12	+TTTTTTT
I	27402	A	*/-C	80	7	7.69%	2	2	38	37	0.98	1	1	10	70	2	5	-C
I	43335	G	*/+A	68	28	27.72%	2	2	40	40	0.98	1	1	54	14	12	16	+A
I	101871	A	+G/+G	8	206	95.37%	2	2	38	39	0.98	1	1	3	5	108	98	+G
I	206448	C	*/+T	52	41	41.84%	2	1	38	40	0.98	1	1	35	17	41	0	+T
I	440084	T	*/+A	48	95	60.9%	2	2	40	38	0.98	1	1	26	22	44	51	+A
I	453368	A	*/-G	105	9	7.89%	2	2	39	40	0.98	1	1	48	57	4	5	-G
I	453369	G	*/+A	56	34	33.33%	2	2	39	35	0.98	1	1	30	26	17	17	+A
I	470378	A	-C/-C	1	191	99.48%	1	2	40	40	0.98	1	1	0	1	84	107	-C
I	470390	A	-C/-C	10	187	94.92%	2	2	40	40	0.98	1	1	4	6	82	105	-C
I	473427	G	*/+T	48	21	28.38%	2	2	38	39	0.98	1	1	26	22	20	1	+T
I	482737	A	+G/+G	5	217	97.31%	1	2	40	40	0.98	1	1	5	0	115	102	+G
I	554527	A	+T/+T	22	192	89.72%	2	2	38	39	0.98	1	1	3	19	93	99	+T
I	562745	A	*/+T	60	64	50%	2	2	38	37	0.98	1	1	34	26	45	19	+T
I	650099	C	*/+AA	34	105	70.47%	2	2	40	38	0.98	1	1	18	16	61	44	+AA
I	660056	T	*/+G	169	21	10.5%	2	2	38	38	0.98	1	1	70	99	15	6	+G
I	670032	C	+A/+A	11	160	93.02%	2	2	42	40	0.98	1	1	6	5	94	66	+A
I	682993	T	-C/-C	9	187	95.41%	2	2	44	40	0.98	1	1	5	4	101	86	-C
I	862962	C	+T/+T	7	212	96.8%	2	2	35	39	0.98	1	1	5	2	116	96	+T
I	934908	T	*/+AA	56	23	26.14%	2	2	39	33	0.98	1	1	40	16	10	13	+AA
I	960025	G	+T/+T	34	158	79.4%	2	2	39	38	0.98	1	1	14	20	98	60	+T
I	965438	C	*/+A	46	55	46.22%	2	2	40	39	0.98	1	1	36	10	53	2	+A
I	1048635	G	+A/+A	22	189	87.91%	2	2	39	40	0.98	1	1	11	11	90	99	+A
I	1079583	T	*/+AAAAAAAA	74	11	11.58%	2	1	39	40	0.98	1	1	63	11	11	0	+AAAAAAAA
I	1148104	A	*/+T	37	92	68.15%	2	2	38	37	0.98	1	1	28	9	68	24	+T
I	1149923	C	*/+A	78	43	33.33%	2	2	39	37	0.98	1	1	44	34	21	22	+A
I	1274803	T	+A/+A	8	178	91.28%	2	2	40	39	0.98	1	1	6	2	95	83	+A
I	1358794	C	*/+A	33	95	70.37%	2	2	40	37	0.98	1	1	23	10	54	41	+A
I	1424708	C	-A/-A	16	225	93.36%	2	2	39	39	0.98	1	1	11	5	127	98	-A
I	1496317	C	-A/-A	46	156	76.47%	2	2	38	39	0.98	1	1	21	25	78	78	-A
I	1509277	C	+T/+T	37	162	80.6%	2	2	38	39	0.98	1	1	13	24	85	77	+T
I	1595056	C	*/+T	47	44	45.36%	2	2	36	37	0.98	1	1	22	25	35	9	+T
I	1625092	T	+C/+C	6	208	96.74%	2	2	40	40	0.98	1	1	4	2	100	108	+C
I	1636004	A	*/-T	170	9	5.03%	2	2	38	38	0.98	1	1	88	82	6	3	-T
I	1765306	C	*/+A	48	9	14.29%	2	2	40	34	0.98	1	1	30	18	6	3	+A
I	1830464	C	*/+T	185	22	10.53%	2	2	40	37	0.98	1	1	90	95	12	10	+T
I	1905525	T	*/+G	93	22	17.46%	2	1	38	40	0.98	1	1	81	12	22	0	+G
I	1936294	G	+A/+A	15	200	91.74%	2	2	42	40	0.98	1	1	9	6	109	91	+A
I	1952313	A	+T/+T	14	172	91.01%	2	2	42	39	0.98	1	1	10	4	88	84	+T
I	1955754	C	*/+TT	52	47	41.23%	2	2	39	37	0.98	1	1	27	25	36	11	+TT
I	1955852	A	*/+G	133	8	5.56%	2	1	37	32	0.98	1	1	73	60	0	8	+G
I	1955853	T	*/+A	13	84	73.04%	2	2	36	36	0.98	1	1	6	7	53	31	+A
I	2025000	C	*/+T	53	47	46.08%	2	2	39	37	0.98	1	1	31	22	33	14	+T
I	2139856	G	+T/+T	25	131	81.37%	2	2	40	37	0.98	1	1	13	12	74	57	+T
I	2154491	T	+A/+A	6	214	96.4%	2	2	40	39	0.98	1	1	1	5	101	113	+A
I	2227936	T	*/+AAA	29	47	55.95%	2	2	38	35	0.98	1	1	20	9	28	19	+AAA
I	2245479	T	*/+C	151	23	12.71%	2	2	39	41	0.98	1	1	79	72	12	11	+C
I	2288240	C	-G/-G	6	221	97.36%	2	2	37	39	0.98	1	1	2	4	109	112	-G
I	2343703	G	+A/+A	5	220	96.92%	2	2	40	40	0.98	1	1	2	3	97	123	+A
I	2421576	A	-C/-C	21	227	91.53%	2	2	41	40	0.98	1	1	11	10	125	102	-C
I	2499149	A	-T/-T	25	183	87.14%	2	2	38	40	0.98	1	1	12	13	91	92	-T
I	2507462	T	+A/+A	9	217	96.02%	2	2	40	40	0.98	1	1	3	6	105	112	+A
I	2510060	T	+A/+A	7	214	94.69%	2	2	40	40	0.98	1	1	2	5	91	123	+A
I	2588021	C	+A/+A	12	202	92.66%	2	2	36	39	0.98	1	1	4	8	107	95	+A
I	2588066	C	+A/+A	26	185	87.26%	2	2	39	40	0.98	1	1	18	8	98	87	+A
I	2594263	C	+T/+T	8	223	95.71%	2	2	38	40	0.98	1	1	3	5	117	106	+T
I	2594324	T	+A/+A	8	219	94.81%	2	2	40	39	0.98	1	1	5	3	115	104	+A
I	2594351	T	+A/+A	8	218	95.2%	2	2	36	39	0.98	1	1	5	3	115	103	+A
I	2594391	A	+T/+T	18	207	90%	2	2	39	40	0.98	1	1	12	6	109	98	+T
I	2605860	G	-T/-T	3	172	98.29%	1	2	34	39	0.98	1	1	3	0	90	82	-T
I	2607669	A	+T/+T	11	194	93.27%	2	2	40	40	0.98	1	1	5	6	94	100	+T
I	2641998	C	*/+T	58	72	54.55%	2	2	39	37	0.98	1	1	31	27	42	30	+T
I	2678342	A	*/-T	178	16	8.21%	2	2	39	38	0.98	1	1	98	80	5	11	-T
I	2683902	T	-C/-C	6	222	97.37%	2	2	37	40	0.98	1	1	2	4	113	109	-C
I	2751236	T	-A/-A	40	171	81.04%	2	2	39	38	0.98	1	1	25	15	86	85	-A
I	2759871	T	+C/+C	7	226	94.56%	2	2	37	40	0.98	1	1	3	4	129	97	+C
I	3125118	A	+T/+T	6	190	96.45%	2	2	40	40	0.98	1	1	4	2	91	99	+T
I	3166776	G	*/+TTT	47	67	52.76%	2	2	39	38	0.98	1	1	23	24	50	17	+TTT
I	3178494	C	+T/+T	5	195	95.59%	2	2	48	39	0.98	1	1	3	2	112	83	+T
I	3197528	A	+G/+G	10	201	93.93%	2	2	38	40	0.98	1	1	5	5	92	109	+G
I	3300811	C	*/-GG	19	2	8%	2	1	36	40	0.98	1	1	11	8	2	0	-GG
I	3300811	C	*/-GGGG	19	2	8%	2	1	36	40	0.98	1	1	11	8	2	0	-GG
I	3450130	G	-T/-T	4	191	97.95%	2	2	40	39	0.98	1	1	3	1	102	89	-T
I	3460318	T	+C/+C	11	245	94.96%	2	2	40	40	0.98	1	1	2	9	120	125	+C
I	3478592	A	*/+T	177	12	6.28%	2	2	38	38	0.98	1	1	91	86	8	4	+T
I	3538413	A	+T/+T	8	212	95.93%	2	2	38	40	0.98	1	1	4	4	113	99	+T
I	3538428	G	+T/+T	11	203	93.98%	2	2	40	39	0.98	1	1	6	5	110	93	+T
I	3538436	T	+A/+A	9	197	95.63%	2	2	40	39	0.98	1	1	4	5	106	91	+A
I	3538449	T	+TA/+TA	35	160	82.05%	2	2	40	39	0.98	1	1	15	20	89	71	+TA
I	3538456	A	+AT/+AT	0	166	97.08%	0	2	0	40	0.98	0	1	0	0	89	77	+AT
I	3548532	G	*/+T	88	11	10.78%	2	2	39	35	0.98	1	1	42	46	8	3	+T
I	3576756	T	*/+TCTTCTC	25	109	52.91%	2	2	38	39	0.98	1	1	13	12	53	56	+TCTTCTC
I	3576929	C	+T/+T	35	166	80.98%	2	2	39	39	0.98	1	1	13	22	75	91	+T
I	3580034	C	*/+T	66	30	28.85%	2	2	38	36	0.98	1	1	34	32	15	15	+T
I	3665610	G	+C/+C	7	208	95.41%	2	2	40	40	0.98	1	1	3	4	89	119	+C
I	3700385	T	*/+AA	29	62	60.78%	2	2	40	38	0.98	1	1	20	9	31	31	+AA
I	3730369	A	+T/+T	17	186	89.86%	2	2	39	39	0.98	1	1	7	10	96	90	+T
I	3765328	C	+T/+T	19	114	84.44%	2	2	40	38	0.98	1	1	8	11	71	43	+T
I	3776933	G	+A/+A	16	121	85.21%	2	2	35	38	0.98	1	1	12	4	49	72	+A
I	3855790	G	-T/-T	3	197	98.5%	2	2	40	40	0.98	1	1	1	2	92	105	-T
I	3940025	G	+T/+T	14	178	90.82%	2	2	38	39	0.98	1	1	3	11	66	112	+T
I	4010237	A	*/+G	40	5	10.42%	2	1	40	40	0.98	1	1	29	11	5	0	+G
I	4055052	T	+A/+A	23	130	78.79%	2	2	40	38	0.98	1	1	15	8	55	75	+A
I	4179701	C	*/+T	39	47	53.41%	2	2	35	36	0.98	1	1	16	23	31	16	+T
I	4276890	G	*/+T	30	134	74.86%	2	2	38	38	0.98	1	1	12	18	100	34	+T
I	4304169	G	+A/+A	12	195	92.86%	2	2	43	39	0.98	1	1	5	7	96	99	+A
I	4374342	A	-G/-G	14	218	93.97%	2	2	38	40	0.98	1	1	8	6	113	105	-G
I	4407494	T	+G/+G	6	197	96.57%	2	2	40	39	0.98	1	1	3	3	105	92	+G
I	4410191	C	-G/-G	4	226	98.26%	2	2	40	40	0.98	1	1	1	3	120	106	-G
I	4414201	C	*/-T	49	139	73.16%	2	2	37	38	0.98	1	1	24	25	89	50	-T
I	4414723	T	*/+AAAAA	50	10	14.93%	2	2	39	36	0.98	1	1	41	9	8	2	+AAAAA
I	4431856	G	+A/+A	11	171	93.44%	2	2	40	39	0.98	1	1	7	4	75	96	+A
I	4431868	C	+A/+A	9	178	94.68%	2	2	40	40	0.98	1	1	4	5	76	102	+A
I	4455149	G	+A/+A	17	183	89.71%	2	2	40	40	0.98	1	1	10	7	94	89	+A
I	4648144	T	*/-G	143	19	11.73%	2	1	40	35	0.98	1	1	98	45	0	19	-G
I	4648159	T	*/-G	48	101	63.12%	2	2	39	40	0.98	1	1	13	35	72	29	-G
I	4648159	T	*/-GG	48	11	6.88%	2	2	39	42	0.98	1	1	13	35	4	7	-G
I	4721875	G	+A/+A	20	200	89.69%	2	2	42	39	0.98	1	1	15	5	110	90	+A
I	4764253	G	+A/+A	34	163	82.32%	2	2	39	40	0.98	1	1	16	18	83	80	+A
I	4911431	G	*/+T	80	6	6.9%	2	2	39	37	0.98	1	1	43	37	3	3	+T
I	4926046	C	*/+T	55	47	43.93%	2	2	38	36	0.98	1	1	30	25	36	11	+T
I	5142627	A	+G/+G	10	223	94.09%	2	2	40	40	0.98	1	1	5	5	127	96	+G
I	5148414	T	-A/-A	29	186	85.71%	2	2	38	39	0.98	1	1	8	21	91	95	-A
I	5173087	C	+T/+T	23	181	87.86%	2	2	39	39	0.98	1	1	11	12	79	102	+T
I	5173428	C	*/+T	151	14	8.38%	2	1	39	34	0.98	1	1	95	56	0	14	+T
I	5173430	G	*/+T	33	103	66.03%	2	2	39	37	0.98	1	1	20	13	74	29	+T
I	5176924	A	*/+G	128	8	5.88%	2	1	38	40	0.98	1	1	48	80	0	8	+G
I	5176926	T	*/+A	36	70	58.82%	2	2	39	38	0.98	1	1	20	16	27	43	+A
I	5368262	T	-C/-C	9	196	95.61%	2	2	40	40	0.98	1	1	5	4	100	96	-C
I	5368273	G	+T/+T	5	188	95.92%	2	2	40	39	0.98	1	1	3	2	96	92	+T
I	5426622	C	+T/+T	28	167	82.27%	2	2	40	40	0.98	1	1	6	22	99	68	+T
I	5559279	T	*/-G	45	8	12.7%	2	1	37	40	0.98	1	1	35	10	8	0	-G
I	5559279	T	*/+G	45	7	11.11%	2	1	37	37	0.98	1	1	35	10	7	0	-G
I	5567937	C	*/-A	196	28	12.44%	2	2	38	40	0.98	1	1	113	83	21	7	-A
I	5572022	A	*/-T	185	32	14.75%	2	1	40	40	0.98	1	1	85	100	0	32	-T
I	5576850	T	*/-AA	155	128	44.44%	2	2	38	39	0.98	1	1	78	77	58	70	-AA
II	5299	G	*/+T	172	13	6.84%	2	2	37	40	0.98	1	1	97	75	8	5	+T
II	15830	T	*/+A	33	11	22%	2	2	39	35	0.98	1	1	22	11	5	6	+A
II	128001	T	-A/-A	8	219	96.48%	2	2	38	40	0.98	1	1	6	2	123	96	-A
II	146079	T	-C/-C	9	244	96.44%	2	2	40	40	0.98	1	1	4	5	122	122	-C
II	484534	A	+T/+T	35	134	77.91%	2	2	38	39	0.98	1	1	14	21	62	72	+T
II	525786	A	*/-TCTAT	199	27	11.95%	2	2	39	41	0.98	1	1	111	88	14	13	-TCTAT
II	526883	G	*/-GTGCGTTTGTTTAGGT	193	20	9.3%	2	2	40	39	0.98	1	1	114	79	11	9	-GTGCGTTTGTTTAGGT
II	603279	A	-T/-T	4	236	98.33%	2	2	40	40	0.98	1	1	2	2	107	129	-T
II	603305	A	-C/-C	11	224	95.32%	2	2	40	40	0.98	1	1	5	6	99	125	-C
II	700009	T	-A/-A	23	185	88.94%	2	2	40	40	0.98	1	1	6	17	92	93	-A
II	888599	A	-C/-C	6	190	96.94%	2	2	40	40	0.98	1	1	2	4	101	89	-C
II	903106	G	+T/+T	8	207	95.83%	2	2	45	39	0.98	1	1	4	4	98	109	+T
II	997671	G	*/+CAACAACAACAACAA	152	21	10.19%	2	2	39	38	0.98	1	1	103	49	9	12	A
II	1019510	T	*/-A	47	118	71.08%	2	2	39	38	0.98	1	1	29	18	51	67	-A
II	1079843	T	+A/+A	17	159	87.85%	2	2	42	40	0.98	1	1	16	1	90	69	+A
II	1163154	A	-T/-T	13	192	93.66%	2	2	40	39	0.98	1	1	1	12	97	95	-T
II	1266289	T	+A/+A	28	142	80.68%	2	2	40	39	0.98	1	1	23	5	76	66	+A
II	1277481	G	*/+TT	52	19	26.39%	2	2	39	39	0.98	1	1	32	20	13	6	+TT
II	1308618	G	-T/-T	18	193	91.47%	2	2	42	39	0.98	1	1	10	8	109	84	-T
II	1389139	C	*/+T	48	101	63.12%	2	2	37	37	0.98	1	1	22	26	49	52	+T
II	1555919	A	*/+TTTATT	71	141	65.28%	2	2	40	39	0.98	1	1	28	43	84	57	+TTTATT
II	1588936	G	*/+AA	48	40	35.4%	2	2	39	36	0.98	1	1	29	19	25	15	+AA
II	1620412	T	*/-A	36	12	23.08%	2	1	40	40	0.98	1	1	21	15	12	0	-A
II	1678205	T	-A/-A	17	179	91.33%	2	2	39	39	0.98	1	1	10	7	88	91	-A
II	1716256	G	*/+T	92	30	22.39%	2	2	38	37	0.98	1	1	58	34	22	8	+T
II	1716287	T	*/-G	118	34	22.37%	2	2	39	39	0.98	1	1	65	53	9	25	-G
II	1748646	G	*/-A	37	76	66.67%	2	2	38	39	0.98	1	1	16	21	47	29	-A
II	1805315	C	*/+T	65	13	16.25%	2	2	38	36	0.98	1	1	41	24	11	2	+T
II	1816760	T	*/+C	4	4	50%	2	1	36	40	0.98	1	1	2	2	4	0	+C
II	1861420	T	-G/-G	5	192	97.46%	2	2	40	40	0.98	1	1	1	4	95	97	-G
II	1867795	A	+T/+T	23	152	85.39%	2	2	41	38	0.98	1	1	9	14	73	79	+T
II	1868119	T	*/+G	111	7	5.93%	2	1	39	37	0.98	1	1	64	47	0	7	+G
II	1868122	G	*/+T	36	53	50.96%	2	2	39	38	0.98	1	1	18	18	41	12	+T
II	1873779	T	+A/+A	8	230	95.04%	2	2	40	39	0.98	1	1	7	1	128	102	+A
II	1877294	A	+T/+T	14	179	91.33%	2	2	40	39	0.98	1	1	7	7	94	85	+T
II	1941966	A	+T/+T	5	201	97.57%	2	2	40	40	0.98	1	1	3	2	104	97	+T
II	1941982	A	+T/+T	7	202	96.19%	2	2	40	40	0.98	1	1	4	3	104	98	+T
II	1948953	G	-A/-A	6	226	97.41%	2	2	40	40	0.98	1	1	4	2	112	114	-A
II	1950050	A	+G/+G	10	190	93.6%	2	2	38	39	0.98	1	1	4	6	97	93	+G
II	1955495	T	+A/+A	34	141	78.77%	2	2	39	39	0.98	1	1	13	21	58	83	+A
II	1960392	A	+G/+G	5	213	96.82%	2	2	40	40	0.98	1	1	2	3	108	105	+G
II	1987101	C	-G/-G	4	188	97.41%	1	2	40	40	0.98	1	1	0	4	102	86	-G
II	1987117	T	-G/-G	4	194	97.98%	1	2	40	40	0.98	1	1	0	4	104	90	-G
II	2023193	G	*/+TT	36	39	50.65%	2	2	39	37	0.98	1	1	21	15	16	23	+TT
II	2049891	A	-T/-T	5	187	97.4%	2	2	36	39	0.98	1	1	1	4	83	104	-T
II	2053516	G	+C/+C	5	216	96%	2	2	40	39	0.98	1	1	2	3	115	101	+C
II	2108180	T	+A/+A	4	201	97.57%	2	2	40	39	0.98	1	1	1	3	95	106	+A
II	2147726	G	+T/+T	5	191	96.95%	2	2	48	40	0.98	1	1	4	1	90	101	+T
II	2187407	G	+A/+A	6	207	97.18%	2	2	40	40	0.98	1	1	5	1	110	97	+A
II	2219928	A	+T/+T	6	180	96.77%	2	2	40	39	0.98	1	1	3	3	100	80	+T
II	2293297	G	-A/-A	12	204	94.44%	2	2	43	40	0.98	1	1	5	7	107	97	-A
II	2443873	T	*/+AA	47	38	39.18%	2	2	40	40	0.98	1	1	38	9	36	2	+AA
II	2592423	T	+A/+A	25	176	84.62%	2	2	38	39	0.98	1	1	12	13	100	76	+A
II	2619448	G	*/-TT	68	6	7.89%	2	2	39	37	0.98	1	1	47	21	5	1	-TT
II	2630607	C	+A/+A	35	122	76.73%	2	2	41	38	0.98	1	1	18	17	51	71	+A
II	2640785	T	*/+A	25	66	63.46%	2	2	40	38	0.98	1	1	19	6	37	29	+A
II	2709414	G	+C/+C	4	214	98.17%	2	2	40	40	0.98	1	1	3	1	109	105	+C
II	2755338	C	-AT/-AT	40	155	79.08%	2	2	38	39	0.98	1	1	21	19	70	85	-AT
II	2788933	C	+G/+G	10	237	94.42%	2	2	40	40	0.98	1	1	3	7	140	97	+G
II	2798040	C	-T/-T	13	195	93.75%	2	2	40	40	0.98	1	1	6	7	100	95	-T
II	2798514	A	-G/-G	10	202	95.28%	2	2	40	40	0.98	1	1	7	3	93	109	-G
II	2811495	C	-A/-A	7	222	96.94%	2	2	40	40	0.98	1	1	6	1	120	102	-A
II	2938956	C	+T/+T	20	178	89%	2	2	41	40	0.98	1	1	9	11	80	98	+T
II	3040332	C	+G/+G	2	206	98.1%	2	2	40	39	0.98	1	1	1	1	82	124	+G
II	3058544	T	*/-G	138	10	5.95%	2	2	37	38	0.98	1	1	72	66	6	4	-G
II	3058544	T	*/+G	138	15	8.93%	2	2	37	37	0.98	1	1	72	66	10	5	+G
II	3171788	G	*/+A	35	98	69.01%	2	2	39	37	0.98	1	1	21	14	54	44	+A
II	3253453	C	*/+T	55	78	55.71%	2	2	37	36	0.98	1	1	27	28	44	34	+T
II	3512925	C	*/+T	153	10	5.99%	2	2	38	38	0.98	1	1	84	69	8	2	+T
II	3619003	A	+G/+G	8	229	96.22%	2	2	40	40	0.98	1	1	3	5	124	105	+G
II	3799350	G	*/+A	39	107	69.03%	2	2	40	38	0.98	1	1	20	19	58	49	+A
II	3838101	C	-A/-A	24	185	88.52%	2	2	38	39	0.98	1	1	12	12	86	99	-A
II	3860185	C	-TAGTA/-TAGTA	41	158	76.33%	2	2	40	40	0.98	1	1	20	21	78	80	-TAGTA
II	4031460	A	*/+T	45	36	42.86%	2	2	38	38	0.98	1	1	31	14	34	2	+T
II	4107253	G	*/+TTT	69	28	28.28%	2	2	39	33	0.98	1	1	41	28	10	18	+TTT
II	4254960	G	-A/-A	6	190	96.94%	2	2	46	39	0.98	1	1	3	3	84	106	-A
II	4308414	C	+A/+A	21	146	86.9%	2	2	37	39	0.98	1	1	9	12	81	65	+A
II	4419921	T	*/+A	36	95	64.63%	2	2	39	37	0.98	1	1	21	15	49	46	+A
II	4507612	T	*/+A	198	17	7.73%	2	2	39	42	0.98	1	1	114	84	14	3	+A
II	4517047	T	*/+TACTCATC	261	98	24.44%	2	2	40	40	0.98	1	1	120	141	50	48	+TACTCATC
II	4521677	T	*/-AA	146	132	46.32%	2	2	39	39	0.98	1	1	76	70	83	49	-AA
II	4525340	G	*/+T	172	55	21.57%	2	2	37	37	0.98	1	1	129	43	44	11	+T
II	4526174	A	*/-T	167	11	6.11%	2	2	35	35	0.98	1	1	91	76	7	4	-T
II	4528465	C	*/+GACAAT	561	70	11.06%	2	2	39	40	0.98	1	1	249	312	35	35	+GACAAT
II	4528483	T	*/-GACAATGACAGA	537	83	13.39%	2	2	40	39	0.98	1	1	242	295	31	52	-GACAATGACAGA
II	4529375	T	*/+ACAACGACAACGACAACG	296	130	24.39%	2	2	39	40	0.98	1	1	152	144	57	73	+ACAACGACAACGACAACG
II	4529375	T	*/+ACAACGACAACGACAACGACAACG	296	95	17.82%	2	2	39	39	0.98	1	1	152	144	48	47	+ACAACGACAACGACAACG
II	4533588	C	*/-T	749	445	37.27%	2	2	40	40	0.98	1	1	406	343	235	210	-T
II	4534880	A	*/-T	967	220	18.53%	2	2	40	40	0.98	1	1	530	437	117	103	-T
II	4535321	G	*/-GATAT	1039	228	18%	2	2	40	40	0.98	1	1	492	547	113	115	-GATAT
II	4535523	T	*/+GTTACG	1002	206	17.01%	2	2	40	39	0.98	1	1	468	534	83	123	+GTTACG
II	4535548	A	*/-TATGTG	999	191	16.05%	2	2	39	39	0.98	1	1	470	529	78	113	-TATGTG
II	4535645	G	*/-T	912	214	18.95%	2	2	39	39	0.98	1	1	450	462	114	100	-T
II	4535727	A	*/-G	1014	234	18.75%	2	2	40	40	0.98	1	1	547	467	118	116	-G
II	4536089	C	*/+AAAAGAAAAGTAAATT	1158	112	8.76%	2	2	40	39	0.98	1	1	583	575	58	54	+AAAAGAAAAGTAAATT
II	4536728	A	*/+GAGAGTAGG	847	126	12.56%	2	2	39	39	0.98	1	1	300	547	46	80	+GAGAGTAGG
II	4537213	G	*/+T	448	609	57.18%	2	2	39	39	0.98	1	1	233	215	343	266	+T
II	4537387	A	*/-AATAAGAG	365	802	68.72%	2	2	39	40	0.98	1	1	169	196	404	398	-AATAAGAG
II	4537655	A	*/+AAATG	1003	147	12.53%	2	2	40	40	0.98	1	1	423	580	38	109	+AAATG
II	4537665	G	*/+AAATA	992	139	11.96%	2	2	40	39	0.98	1	1	395	597	48	91	+AAATA
II	4537712	T	*/-AAATAAAATTAATG	918	91	9.02%	2	2	39	39	0.98	1	1	337	581	29	62	-AAATAAAATTAATG
II	4538312	A	*/-TAGGTATAGGTAGAATAAGTAGAGTAGAG	433	55	11.27%	2	2	39	39	0.98	1	1	219	214	39	16	-TAGGTATAGGTAGAATAAGTAGAGTAGAG
II	4539204	G	*/-ATAGGTAGAATAAGTAAAGCAGAATAGGTAGA	903	107	10.59%	2	2	40	39	0.98	1	1	514	389	49	58	-ATAGGTAGAATAAGTAAAGCAGAATAGGTAGA
III	1558	G	*/+A	2578	251	8.6%	2	2	40	39	0.98	1	1	1345	1233	131	120	+A
III	4952	C	*/+T	2726	337	10.92%	2	2	39	38	0.98	1	1	1614	1112	29	308	+T
III	9812	T	*/+A	3316	452	11.9%	2	2	39	39	0.98	1	1	1943	1373	27	425	+A
III	10094	A	*/-T	3707	232	5.89%	2	2	39	39	0.98	1	1	1952	1755	6	226	-T
III	12428	G	*/+A	2623	278	9.29%	2	2	40	40	0.98	1	1	1374	1249	152	126	+A
III	15822	C	*/+T	2628	323	10.84%	2	2	39	38	0.98	1	1	1555	1073	27	296	+T
III	20682	T	*/+A	3277	480	12.65%	2	2	39	39	0.98	1	1	1842	1435	33	447	+A
III	20964	A	*/-T	3700	238	6.04%	2	2	39	38	0.98	1	1	1976	1724	5	233	-T
III	23298	G	*/+A	2377	259	9.47%	2	2	40	39	0.98	1	1	1235	1142	123	136	+A
III	253907	A	*/+T	46	82	53.95%	2	2	39	38	0.98	1	1	22	24	42	40	+T
III	286478	C	-TT/-TT	20	129	86%	2	2	41	39	0.98	1	1	6	14	64	65	-TT
III	286594	T	*/+A	44	68	57.14%	2	2	38	38	0.98	1	1	32	12	31	37	+A
III	365747	C	-A/-A	41	161	78.54%	2	2	40	37	0.98	1	1	28	13	88	73	-A
III	717677	A	*/-T	50	128	71.11%	2	2	40	37	0.98	1	1	21	29	68	60	-T
III	719955	A	-C/-C	7	177	96.2%	2	2	37	40	0.98	1	1	2	5	95	82	-C
III	719973	C	-G/-G	2	65	97.01%	1	2	40	39	0.98	1	1	0	2	31	34	-G
III	720683	A	+T/+T	19	151	86.29%	2	2	37	39	0.98	1	1	8	11	85	66	+T
III	867865	C	-T/-T	22	206	90.35%	2	2	39	40	0.98	1	1	8	14	100	106	-T
III	1016311	G	+C/+C	10	207	95.39%	2	2	40	40	0.98	1	1	5	5	106	101	+C
III	1073505	T	*/+ATATAGAG	584	58	8.98%	2	2	39	40	0.98	1	1	458	126	55	3	+ATATAGAG
III	1075530	A	*/+TGGAAGTGGTAAG	525	29	5.23%	2	2	39	39	0.98	1	1	246	279	14	15	+TGGAAGTGGTAAG
III	1079346	A	*/+G	669	108	13.9%	2	2	39	40	0.98	1	1	468	201	76	32	+G
III	1080146	T	*/+ATATAGAG	986	119	10.71%	2	2	39	39	0.98	1	1	448	538	46	73	+ATATAGAG
III	1082171	A	*/+TGGAAGTGGTAAG	466	36	7.14%	2	2	39	39	0.98	1	1	230	236	15	21	+TGGAAGTGGTAAG
III	1084026	A	*/+AGTGGTGATGGTT	214	22	9.32%	2	2	39	41	0.98	1	1	91	123	9	13	+AGTGGTGATGGTT
III	1087979	A	*/+G	372	26	6.53%	2	2	40	39	0.98	1	1	137	235	6	20	+G
III	1088779	T	*/+ATATAGAG	406	23	5.36%	2	1	39	40	0.98	1	1	118	288	0	23	+ATATAGAG
III	1095549	T	*/-G	150	16	9.64%	2	1	38	38	0.98	1	1	86	64	0	16	-G
III	1095550	G	*/-T	80	35	29.17%	2	2	38	37	0.98	1	1	54	26	30	5	-T
III	1103423	T	*/-A	108	26	19.12%	2	2	38	37	0.98	1	1	79	29	12	14	-A
III	1110132	C	*/+TCTCTATA	355	24	6.33%	2	1	39	38	0.98	1	1	239	116	24	0	+TCTCTATA
III	1110963	T	*/+C	380	32	7.77%	2	2	40	40	0.98	1	1	229	151	26	6	+C
III	1114914	T	*/+ACCACTAACCATC	167	21	11.17%	2	2	40	40	0.98	1	1	90	77	10	11	+ACCACTAACCATC
III	1121674	T	*/+ACCACTAACCATC	181	19	9.45%	2	2	39	40	0.98	1	1	95	86	8	11	+ACCACTAACCATC
III	1124483	T	*/+C	344	24	6.52%	2	2	40	40	0.98	1	1	221	123	17	7	+C
III	1128434	T	*/+ACCACTAACCATC	171	14	7.57%	2	2	40	40	0.98	1	1	105	66	9	5	+ACCACTAACCATC
III	1131243	T	*/+C	349	28	7.43%	2	2	40	40	0.98	1	1	211	138	23	5	+C
III	1135194	T	*/+ACCACTAACCATC	163	27	14.21%	2	2	39	39	0.98	1	1	95	68	14	13	+ACCACTAACCATC
III	1144308	C	*/+T	187	11	5.5%	2	2	39	40	0.98	1	1	85	102	6	5	+T
III	1206858	A	*/-T	170	10	5.56%	2	2	40	40	0.98	1	1	80	90	5	5	-T
III	1252505	G	*/+TT	39	4	8.33%	2	1	39	40	0.98	1	1	21	18	4	0	+TT
III	1395394	G	*/+T	108	8	5.84%	2	2	39	40	0.98	1	1	83	25	7	1	+T
III	1421567	T	*/+G	115	32	20.65%	2	2	38	38	0.98	1	1	51	64	13	19	+G
III	1575951	G	*/+T	42	64	56.14%	2	2	39	39	0.98	1	1	19	23	49	15	+T
III	1685487	G	+A/+A	20	215	91.1%	2	2	40	40	0.98	1	1	6	14	92	123	+A
III	1756400	T	-A/-A	13	247	95%	2	2	38	40	0.98	1	1	8	5	114	133	-A
III	1774235	T	+GATC/+GATC	11	187	93.97%	2	2	43	39	0.98	1	1	5	6	88	99	+GATC
III	1929127	A	*/-G	64	6	7.69%	2	2	34	32	0.98	1	1	51	13	5	1	-G
III	1929127	A	*/+G	64	5	6.41%	2	1	34	33	0.98	1	1	51	13	5	0	-G
III	2382018	A	*/-T	46	59	55.66%	2	2	39	37	0.98	1	1	29	17	43	16	-T
III	2443562	A	*/+T	1173	716	37.02%	2	2	39	39	0.98	1	1	600	573	159	557	+T
III	2448309	T	-AA/-AA	725	4992	86.56%	2	2	39	38	0.98	1	1	390	335	2085	2907	-AA
