Chrom	Position	Ref	Cons	Reads1	Reads2	VarFreq	Strands1	Strands2	Qual1	Qual2	Pvalue	MapQual1	MapQual2	Reads1Plus	Reads1Minus	Reads2Plus	Reads2Minus	VarAllele
chr_II_telomeric_gap	6088	A	*/-T	14	3	15%	2	2	35	37	0.98	1	1	9	5	2	1	-T
chr_II_telomeric_gap	6088	A	*/+T	14	2	10%	2	2	35	37	0.98	1	1	9	5	1	1	-T
chr_II_telomeric_gap	6301	C	*/-AT	23	2	7.41%	2	1	47	55	0.98	1	1	6	17	0	2	-AT
chr_II_telomeric_gap	6301	C	*/+AT	23	2	7.41%	2	2	47	49	0.98	1	1	6	17	1	1	-AT
I	3160	A	*/+GTTGTCGTTGTC	61	12	13.79%	2	2	51	52	0.98	1	1	34	27	6	6	+GTTGTCGTTGTC
I	3160	A	*/+GTTGTCGTTGTCGTTGTCGTTGTC	61	12	13.79%	2	2	51	45	0.98	1	1	34	27	4	8	+GTTGTCGTTGTC
I	4053	C	*/+TGTCATTGTCAT	41	11	16.18%	2	2	44	42	0.98	1	1	20	21	5	6	+TGTCATTGTCAT
I	4053	C	*/+TGTCAT	41	16	23.53%	2	2	44	46	0.98	1	1	20	21	9	7	+TGTCAT
I	5677	G	*/-A	25	3	7.69%	2	1	39	37	0.98	1	1	24	1	3	0	-A
I	5677	G	*/-AA	25	5	12.82%	2	1	39	37	0.98	1	1	24	1	5	0	-AA
I	5677	G	*/-AAA	25	2	5.13%	2	1	39	31	0.98	1	1	24	1	2	0	-AA
I	5677	G	*/+A	25	2	5.13%	2	1	39	37	0.98	1	1	24	1	2	0	-AA
I	6357	T	*/-A	40	6	9.52%	2	2	50	51	0.98	1	1	27	13	3	3	-A
I	6357	T	*/-AA	40	14	22.22%	2	2	50	46	0.98	1	1	27	13	8	6	-AA
I	7192	C	*/-A	31	4	7.55%	2	1	38	43	0.98	1	1	27	4	4	0	A
I	7192	C	*/+A	31	12	22.64%	2	2	38	44	0.98	1	1	27	4	10	2	+A
I	10859	G	*/-TT	8	12	57.14%	2	2	41	37	0.98	1	1	6	2	6	6	-TT
I	15734	C	*/-A	19	4	13.33%	2	2	42	46	0.98	1	1	17	2	2	2	-A
I	15734	C	*/+A	19	5	16.67%	2	2	42	37	0.98	1	1	17	2	3	2	+A
I	19694	T	*/+A	42	6	12.5%	2	1	55	37	0.98	1	1	25	17	6	0	+A
I	27402	A	*/-C	9	3	16.67%	2	1	41	37	0.98	1	1	3	6	0	3	-C
I	27402	A	*/+C	9	5	27.78%	2	1	41	32	0.98	1	1	3	6	0	5	+C
I	28398	A	*/+C	71	4	5.33%	2	2	45	64	0.98	1	1	16	55	3	1	+C
I	55244	T	*/-A	4	4	30.77%	1	2	39	36	0.98	1	1	4	0	3	1	-A
I	55244	T	*/-AAA	4	2	15.38%	1	1	39	55	0.98	1	1	4	0	2	0	-A
I	55244	T	*/+A	4	2	15.38%	1	1	39	55	0.98	1	1	4	0	2	0	-A
I	98884	C	*/+A	129	14	9.79%	2	2	45	70	0.98	1	1	67	62	3	11	+A
I	101871	A	+G/+G	2	32	86.49%	2	2	55	46	0.98	1	1	1	1	9	23	+G
I	190112	C	*/-A	10	2	14.29%	2	2	50	42	0.98	1	1	9	1	1	1	-A
I	206448	C	*/+T	11	2	14.29%	1	2	32	61	0.98	1	1	11	0	1	1	+T
I	303068	C	*/-AT	37	3	7.5%	2	1	51	49	0.98	1	1	17	20	0	3	-AT
I	377488	C	*/-T	1	2	50%	1	1	37	31	0.98	1	1	1	0	0	2	-T
I	414079	C	*/-T	10	6	37.5%	2	2	34	53	0.98	1	1	5	5	3	3	-T
I	440084	T	*/+A	3	6	66.67%	2	1	45	37	0.98	1	1	2	1	6	0	+A
I	441614	C	*/-T	11	4	23.53%	2	1	34	34	0.98	1	1	6	5	4	0	-T
I	441614	C	*/+T	11	2	11.76%	2	2	34	42	0.98	1	1	6	5	1	1	-T
I	453369	G	*/+A	10	6	28.57%	2	1	40	37	0.98	1	1	9	1	6	0	+A
I	453369	G	*/+AAA	10	2	9.52%	2	1	40	37	0.98	1	1	9	1	2	0	+A
I	464017	C	*/-A	10	2	16.67%	2	2	46	55	0.98	1	1	3	7	1	1	-A
I	470378	A	-C/-C	1	20	95.24%	1	2	74	41	0.98	1	1	1	0	14	6	-C
I	470390	A	-C/-C	0	21	100%	0	2	0	46	0.98	0	1	0	0	15	6	-C
I	482737	A	+G/+G	2	25	86.21%	2	2	31	42	0.98	1	1	1	1	14	11	+G
I	486159	G	*/-A	27	2	6.67%	2	1	41	55	0.98	1	1	15	12	2	0	-A
I	519932	G	*/-A	23	2	8%	2	2	41	42	0.98	1	1	16	7	1	1	-A
I	521845	T	*/-A	7	6	42.86%	2	2	40	43	0.98	1	1	1	6	1	5	-A
I	528541	C	*/+A	14	2	11.76%	2	2	43	55	0.98	1	1	8	6	1	1	+A
I	554527	A	+T/+T	1	15	93.75%	1	2	37	40	0.98	1	1	1	0	7	8	+T
I	562745	A	*/+T	8	4	28.57%	1	2	40	52	0.98	1	1	8	0	3	1	+T
I	609849	C	*/+T	19	3	13.04%	2	1	39	57	0.98	1	1	16	3	0	3	+T
I	650099	C	*/+A	1	4	44.44%	1	2	37	43	0.98	1	1	1	0	3	1	+A
I	650099	C	*/+AA	1	4	44.44%	1	1	37	37	0.98	1	1	1	0	4	0	+A
I	653719	C	*/+T	5	11	68.75%	2	2	37	51	0.98	1	1	3	2	5	6	+T
I	660056	T	*/+G	4	6	46.15%	2	2	43	35	0.98	1	1	3	1	5	1	+G
I	670032	C	+A/+A	1	58	96.67%	1	2	74	54	0.98	1	1	0	1	27	31	+A
I	682993	T	-C/-C	3	29	90.62%	2	2	49	42	0.98	1	1	1	2	11	18	-C
I	719597	G	*/-TA	46	3	6.12%	2	2	48	53	0.98	1	1	24	22	2	1	-TA
I	765477	A	*/-T	9	5	35.71%	2	2	39	34	0.98	1	1	1	8	2	3	-T
I	807903	A	*/+T	18	2	9.09%	2	2	45	55	0.98	1	1	3	15	1	1	+T
I	851740	C	*/-A	29	2	6.45%	2	2	43	55	0.98	1	1	18	11	1	1	-A
I	862962	C	+T/+T	1	15	88.24%	1	2	37	51	0.98	1	1	0	1	7	8	+T
I	880238	G	*/+T	20	2	9.09%	2	2	45	74	0.98	1	1	8	12	1	1	+T
I	934908	T	*/+AA	10	3	20%	1	1	35	34	0.98	1	1	10	0	3	0	+AA
I	960025	G	*/+T	2	7	70%	1	2	31	40	0.98	1	1	2	0	3	4	+T
I	1048635	G	+A/+A	2	19	90.48%	1	2	55	45	0.98	1	1	2	0	15	4	+A
I	1083962	G	*/+TT	2	8	72.73%	1	2	37	52	0.98	1	1	2	0	1	7	+TT
I	1148104	A	*/+T	2	4	66.67%	1	2	37	37	0.98	1	1	0	2	2	2	+T
I	1149923	C	*/-A	18	2	10%	2	2	45	42	0.98	1	1	8	10	1	1	-A
I	1152144	C	*/-T	21	2	8.33%	2	2	44	55	0.98	1	1	10	11	1	1	-T
I	1200526	C	*/-T	14	2	12.5%	2	1	48	37	0.98	1	1	10	4	0	2	-T
I	1206603	G	*/-T	35	5	12.2%	2	2	42	51	0.98	1	1	21	14	2	3	-T
I	1274803	T	+A/+A	1	14	93.33%	1	2	37	42	0.98	1	1	1	0	4	10	+A
I	1290605	A	*/-T	16	2	10%	2	1	42	37	0.98	1	1	10	6	2	0	-T
I	1290605	A	*/+T	16	2	10%	2	1	42	37	0.98	1	1	10	6	2	0	-T
I	1358794	C	*/+A	5	2	20%	1	2	42	36	0.98	1	1	5	0	1	1	+A
I	1424708	C	-A/-A	0	16	100%	0	2	0	41	0.98	0	1	0	0	10	6	-A
I	1454446	C	*/+A	21	4	15.38%	2	2	39	46	0.98	1	1	15	6	1	3	+A
I	1482648	C	*/-T	14	2	11.76%	2	2	41	55	0.98	1	1	9	5	1	1	-T
I	1496317	C	*/-A	8	7	43.75%	2	2	35	37	0.98	1	1	4	4	3	4	-A
I	1496814	A	*/+T	9	2	16.67%	2	1	48	37	0.98	1	1	6	3	0	2	+T
I	1507275	C	*/-A	18	2	10%	2	2	45	42	0.98	1	1	5	13	1	1	-A
I	1509277	C	*/+T	6	6	46.15%	1	2	33	49	0.98	1	1	6	0	5	1	+T
I	1529295	A	-AGGAGG/-AGGAGG	3	37	92.5%	2	2	61	45	0.98	1	1	1	2	15	22	-AGGAGG
I	1541472	G	*/-T	13	3	13.64%	2	1	42	49	0.98	1	1	11	2	3	0	-T
I	1541472	G	*/+T	13	3	13.64%	2	2	42	33	0.98	1	1	11	2	2	1	-T
I	1595056	C	*/+T	9	2	13.33%	2	1	41	37	0.98	1	1	7	2	2	0	+T
I	1595056	C	*/+TT	9	3	20%	2	1	41	36	0.98	1	1	7	2	3	0	+TT
I	1599291	T	*/-A	8	2	18.18%	2	2	37	37	0.98	1	1	2	6	1	1	-A
I	1625092	T	+C/+C	2	21	91.3%	1	2	55	42	0.98	1	1	2	0	11	10	+C
I	1666841	G	*/-T	5	2	20%	2	2	51	55	0.98	1	1	3	2	1	1	-T
I	1666841	G	*/+T	5	3	30%	2	1	51	37	0.98	1	1	3	2	3	0	+T
I	1702186	T	*/-A	11	2	15.38%	2	1	43	55	0.98	1	1	6	5	0	2	-A
I	1719454	G	*/+T	6	2	25%	2	1	38	55	0.98	1	1	5	1	2	0	+T
I	1777634	A	*/-T	6	5	38.46%	2	2	41	29	0.98	1	1	4	2	1	4	-T
I	1777634	A	*/+T	6	2	15.38%	2	2	41	30	0.98	1	1	4	2	1	1	-T
I	1848384	C	*/-A	8	2	18.18%	1	1	36	37	0.98	1	1	8	0	2	0	-A
I	1849285	C	*/-T	16	5	20%	2	2	46	46	0.98	1	1	9	7	3	2	-T
I	1849285	C	*/+T	16	4	16%	2	2	46	49	0.98	1	1	9	7	3	1	-T
I	1890184	C	*/-A	9	3	17.65%	2	2	44	40	0.98	1	1	4	5	1	2	-A
I	1890184	C	*/+A	9	4	23.53%	2	2	44	43	0.98	1	1	4	5	2	2	+A
I	1905525	T	*/+G	4	2	28.57%	2	1	43	37	0.98	1	1	2	2	2	0	+G
I	1925428	T	*/-A	21	2	8.7%	2	2	48	55	0.98	1	1	11	10	1	1	-A
I	1936294	G	+A/+A	1	21	95.45%	1	2	74	54	0.98	1	1	0	1	9	12	+A
I	1952313	A	+T/+T	1	26	96.3%	1	2	74	41	0.98	1	1	0	1	18	8	+T
I	1954162	C	*/-A	14	2	8.7%	2	2	39	42	0.98	1	1	8	6	1	1	-A
I	1954162	C	*/-AA	14	4	17.39%	2	2	39	46	0.98	1	1	8	6	3	1	-AA
I	1954162	C	*/-AAAA	14	2	8.7%	2	2	39	42	0.98	1	1	8	6	1	1	-AA
I	1955853	T	*/+A	6	2	20%	2	2	33	31	0.98	1	1	4	2	1	1	+A
I	2016958	G	*/-T	31	2	6.06%	2	1	43	55	0.98	1	1	21	10	2	0	-T
I	2025000	C	*/+T	8	4	26.67%	1	2	38	36	0.98	1	1	8	0	3	1	+T
I	2025000	C	*/+TT	8	2	13.33%	1	1	38	29	0.98	1	1	8	0	0	2	+T
I	2052488	A	*/-T	18	4	18.18%	2	2	40	34	0.98	1	1	14	4	3	1	-T
I	2096013	T	*/+A	13	2	11.76%	2	2	44	37	0.98	1	1	8	5	1	1	+A
I	2110988	C	*/-AT	25	2	7.41%	2	1	50	74	0.98	1	1	8	17	2	0	-AT
I	2122246	G	*/+A	17	2	10.53%	2	1	43	49	0.98	1	1	8	9	2	0	+A
I	2125474	C	*/-A	12	2	14.29%	2	1	50	55	0.98	1	1	4	8	0	2	-A
I	2139856	G	+T/+T	1	4	80%	1	2	37	34	0.98	1	1	1	0	2	2	+T
I	2154491	T	+A/+A	2	21	91.3%	1	2	31	39	0.98	1	1	2	0	11	10	+A
I	2174555	C	*/-A	11	2	14.29%	2	1	37	37	0.98	1	1	5	6	2	0	-A
I	2178948	C	*/-A	16	2	11.11%	2	1	37	42	0.98	1	1	14	2	2	0	-A
I	2227870	C	*/-T	2	4	66.67%	2	2	55	43	0.98	1	1	1	1	3	1	-T
I	2227936	T	*/+AAAA	2	2	33.33%	1	2	42	42	0.98	1	1	2	0	1	1	+AAAA
I	2248535	T	+A/+A	0	17	94.44%	0	2	0	45	0.98	0	1	0	0	7	10	+A
I	2273201	T	*/-A	6	2	14.29%	2	2	36	36	0.98	1	1	4	2	1	1	-A
I	2273201	T	*/-AA	6	3	21.43%	2	2	36	33	0.98	1	1	4	2	1	2	-AA
I	2273201	T	*/+A	6	2	14.29%	2	2	36	42	0.98	1	1	4	2	1	1	-AA
I	2279763	A	*/+T	9	2	18.18%	2	2	45	37	0.98	1	1	5	4	1	1	+T
I	2288240	C	-G/-G	0	21	100%	0	2	0	48	0.98	0	1	0	0	11	10	-G
I	2322636	C	*/-A	13	10	34.48%	1	1	37	38	0.98	1	1	13	0	10	0	-A
I	2322636	C	*/-AA	13	4	13.79%	1	2	37	34	0.98	1	1	13	0	3	1	-A
I	2325657	G	*/+T	23	2	8%	2	1	41	37	0.98	1	1	16	7	2	0	+T
I	2327021	C	*/-A	12	2	14.29%	2	2	40	31	0.98	1	1	7	5	1	1	-A
I	2343703	G	+A/+A	0	17	100%	0	2	0	41	0.98	0	1	0	0	8	9	+A
I	2352328	C	*/+A	34	4	10.53%	2	2	45	37	0.98	1	1	16	18	2	2	+A
I	2401096	C	*/-A	19	5	20%	2	2	44	56	0.98	1	1	11	8	3	2	-A
I	2421576	A	-C/-C	2	20	90.91%	1	2	37	44	0.98	1	1	2	0	14	6	-C
I	2424539	G	*/-A	7	2	22.22%	2	2	47	49	0.98	1	1	5	2	1	1	-A
I	2443651	C	*/-A	13	2	12.5%	2	2	40	74	0.98	1	1	7	6	1	1	-A
I	2482283	T	*/+AA	21	2	8.7%	2	1	47	37	0.98	1	1	17	4	2	0	+AA
I	2499149	A	-T/-T	5	26	83.87%	2	2	51	44	0.98	1	1	4	1	11	15	-T
I	2507462	T	+A/+A	1	25	96.15%	1	2	37	41	0.98	1	1	0	1	19	6	+A
I	2510060	T	+A/+A	1	14	93.33%	1	2	37	40	0.98	1	1	0	1	10	4	+A
I	2520612	G	*/-T	26	2	6.9%	2	2	47	55	0.98	1	1	10	16	1	1	-T
I	2525713	C	*/-T	22	6	18.75%	2	2	37	35	0.98	1	1	17	5	5	1	-T
I	2525713	C	*/-TT	22	2	6.25%	2	1	37	49	0.98	1	1	17	5	2	0	-T
I	2556743	G	*/+A	3	2	33.33%	1	1	37	37	0.98	1	1	3	0	2	0	+A
I	2588021	C	+A/+A	1	7	87.5%	1	2	37	40	0.98	1	1	0	1	2	5	+A
I	2588066	C	+A/+A	0	11	100%	0	2	0	40	0.98	0	1	0	0	4	7	+A
I	2594263	C	+T/+T	0	7	100%	0	2	0	42	0.98	0	1	0	0	1	6	+T
I	2594324	T	+A/+A	2	10	83.33%	1	2	37	44	0.98	1	1	0	2	7	3	+A
I	2594351	T	+A/+A	1	8	88.89%	1	1	37	50	0.98	1	1	0	1	8	0	+A
I	2594391	A	+T/+T	1	8	80%	1	1	37	50	0.98	1	1	1	0	8	0	+T
I	2605777	C	*/+A	20	2	8.7%	2	1	40	49	0.98	1	1	10	10	2	0	+A
I	2605860	G	-T/-T	2	24	92.31%	1	2	37	39	0.98	1	1	0	2	11	13	-T
I	2607669	A	+T/+T	3	23	88.46%	2	2	45	44	0.98	1	1	1	2	11	12	+T
I	2641994	T	*/+A	18	2	10%	2	1	48	37	0.98	1	1	7	11	0	2	+A
I	2641998	C	*/+T	8	6	40%	2	2	42	38	0.98	1	1	4	4	3	3	+T
I	2683902	T	-C/-C	1	13	92.86%	1	2	37	44	0.98	1	1	0	1	6	7	-C
I	2747027	T	*/-A	8	3	21.43%	2	1	40	33	0.98	1	1	2	6	0	3	-A
I	2751236	T	-A/-A	1	18	90%	1	2	37	44	0.98	1	1	0	1	6	12	-A
I	2759871	T	*/+C	1	4	66.67%	1	1	62	43	0.98	1	1	0	1	0	4	+C
I	2783131	C	*/+A	24	2	7.69%	2	2	43	55	0.98	1	1	14	10	1	1	+A
I	2811317	G	*/-A	15	4	21.05%	2	2	50	37	0.98	1	1	5	10	2	2	-A
I	2881073	G	*/-A	18	2	10%	2	1	45	31	0.98	1	1	6	12	0	2	-A
I	2897634	G	*/-TA	37	2	5.13%	2	1	46	55	0.98	1	1	14	23	0	2	-TA
I	2932741	C	*/-AT	14	2	12.5%	2	1	36	37	0.98	1	1	3	11	0	2	-AT
I	2960791	T	*/-A	20	2	8.33%	2	2	40	55	0.98	1	1	10	10	1	1	-A
I	3014393	G	*/-T	17	2	10%	2	1	42	37	0.98	1	1	12	5	2	0	-T
I	3033347	C	*/-T	12	4	21.05%	2	1	40	46	0.98	1	1	10	2	4	0	-T
I	3033347	C	*/+T	12	3	15.79%	2	1	40	45	0.98	1	1	10	2	3	0	-T
I	3084527	A	*/+AGT	47	3	6%	2	1	50	74	0.98	1	1	22	25	0	3	+AGT
I	3125118	A	+T/+T	1	18	90%	1	2	37	45	0.98	1	1	0	1	7	11	+T
I	3134492	A	*/-T	34	2	5.56%	2	1	47	37	0.98	1	1	12	22	0	2	-T
I	3144699	T	*/-A	10	2	13.33%	2	1	40	37	0.98	1	1	7	3	2	0	-A
I	3144699	T	*/-AA	10	2	13.33%	2	2	40	31	0.98	1	1	7	3	1	1	-A
I	3159187	C	*/-CA	50	8	13.79%	2	2	51	46	0.98	1	1	20	30	5	3	-CA
I	3159994	C	*/-T	48	7	12.73%	2	2	41	42	0.98	1	1	35	13	5	2	-T
I	3166776	G	*/+TT	2	4	22.22%	1	1	37	37	0.98	1	1	2	0	4	0	+TT
I	3166776	G	*/+TTT	2	7	38.89%	1	2	37	33	0.98	1	1	2	0	5	2	+TTT
I	3166776	G	*/+TTTT	2	2	11.11%	1	2	37	61	0.98	1	1	2	0	1	1	+TTT
I	3178494	C	+T/+T	0	24	100%	0	2	0	44	0.98	0	1	0	0	18	6	+T
I	3184255	T	*/-A	6	2	22.22%	2	2	41	37	0.98	1	1	4	2	1	1	-A
I	3197528	A	+G/+G	2	35	89.74%	1	2	55	45	0.98	1	1	0	2	15	20	+G
I	3299997	G	*/-A	18	2	9.52%	2	2	44	31	0.98	1	1	11	7	1	1	-A
I	3300226	T	*/+A	29	2	6.45%	2	1	49	55	0.98	1	1	18	11	2	0	+A
I	3301538	C	*/-T	14	3	17.65%	2	2	40	27	0.98	1	1	7	7	1	2	-T
I	3380404	C	*/-A	19	2	8.33%	2	1	45	37	0.98	1	1	14	5	2	0	-A
I	3380404	C	*/+A	19	3	12.5%	2	2	45	40	0.98	1	1	14	5	1	2	+A
I	3383423	C	*/-A	12	2	14.29%	2	2	50	55	0.98	1	1	9	3	1	1	-A
I	3387972	T	*/+A	19	4	17.39%	2	2	43	46	0.98	1	1	13	6	2	2	+A
I	3404612	C	*/-T	4	2	28.57%	2	2	46	31	0.98	1	1	3	1	1	1	-T
I	3404991	C	*/-T	7	2	20%	2	1	43	31	0.98	1	1	5	2	2	0	-T
I	3410124	A	*/+T	9	2	16.67%	2	1	45	31	0.98	1	1	4	5	0	2	+T
I	3450130	G	-T/-T	2	27	93.1%	2	2	37	48	0.98	1	1	1	1	12	15	-T
I	3460318	T	+C/+C	0	14	93.33%	0	2	0	44	0.98	0	1	0	0	7	7	+C
I	3462650	A	*/+T	9	2	16.67%	2	1	43	37	0.98	1	1	6	3	0	2	+T
I	3492992	T	*/-A	12	2	14.29%	2	1	51	37	0.98	1	1	8	4	2	0	-A
I	3501055	G	*/+AGAAGGACA	8	15	65.22%	2	2	46	46	0.98	1	1	3	5	7	8	+AGAAGGACA
I	3538413	A	+T/+T	0	8	100%	0	2	0	50	0.98	0	1	0	0	4	4	+T
I	3538428	G	+T/+T	0	12	100%	0	2	0	47	0.98	0	1	0	0	4	8	+T
I	3538436	T	+A/+A	2	10	83.33%	1	2	74	44	0.98	1	1	2	0	2	8	+A
I	3538449	T	+TA/+TA	0	12	100%	0	2	0	43	0.98	0	1	0	0	2	10	+TA
I	3538456	A	+AT/+AT	0	12	100%	0	2	0	39	0.98	0	1	0	0	2	10	+AT
I	3548882	G	*/-A	9	2	16.67%	1	1	45	49	0.98	1	1	9	0	2	0	-A
I	3575205	C	*/+A	10	2	15.38%	2	2	41	25	0.98	1	1	9	1	1	1	+A
I	3576627	C	*/-T	2	2	50%	1	1	37	31	0.98	1	1	2	0	0	2	-T
I	3576756	T	*/+TCTTCTC	2	2	40%	1	1	37	37	0.98	1	1	0	2	2	0	+TCTTCTC
I	3576929	C	+T/+T	2	9	75%	1	2	55	43	0.98	1	1	0	2	5	4	+T
I	3580034	C	*/+T	5	3	33.33%	2	1	44	29	0.98	1	1	4	1	3	0	+T
I	3659724	C	*/-T	19	3	10.71%	2	2	36	49	0.98	1	1	17	2	2	1	-T
I	3659724	C	*/+T	19	3	10.71%	2	1	36	36	0.98	1	1	17	2	3	0	-T
I	3665610	G	+C/+C	0	31	100%	0	2	0	43	0.98	0	1	0	0	19	12	+C
I	3700385	T	*/+A	4	2	12.5%	2	2	40	49	0.98	1	1	2	2	1	1	A
I	3700385	T	*/+AA	4	6	37.5%	2	2	40	53	0.98	1	1	2	2	4	2	+AA
I	3700385	T	*/+AAA	4	2	12.5%	2	2	40	37	0.98	1	1	2	2	1	1	+AA
I	3730369	A	+T/+T	0	18	100%	0	2	0	41	0.98	0	1	0	0	11	7	+T
I	3765328	C	*/+T	4	13	68.42%	2	2	35	41	0.98	1	1	2	2	11	2	+T
I	3765366	T	*/-A	11	6	35.29%	2	2	42	34	0.98	1	1	7	4	3	3	-A
I	3776888	C	*/+T	16	2	10.53%	2	2	35	42	0.98	1	1	12	4	1	1	+T
I	3776933	G	*/+A	2	11	68.75%	1	2	29	37	0.98	1	1	2	0	1	10	+A
I	3776933	G	*/+AA	2	2	12.5%	1	1	29	37	0.98	1	1	2	0	0	2	+A
I	3850523	C	*/-T	16	2	11.11%	2	2	46	49	0.98	1	1	12	4	1	1	-T
I	3855790	G	-T/-T	3	12	80%	2	2	37	45	0.98	1	1	2	1	8	4	-T
I	3879465	T	*/-A	13	2	13.33%	2	2	42	49	0.98	1	1	4	9	1	1	-A
I	3898271	C	*/-A	18	5	20%	2	2	45	49	0.98	1	1	10	8	2	3	-A
I	3898349	A	*/-C	19	3	13.64%	2	1	39	25	0.98	1	1	10	9	3	0	-C
I	3898356	A	*/+G	15	3	16.67%	2	1	37	37	0.98	1	1	8	7	3	0	+G
I	3940025	G	+T/+T	0	21	95.45%	0	2	0	53	0.98	0	1	0	0	8	13	+T
I	3984736	A	*/-GGT	113	10	8.13%	2	1	44	37	0.98	1	1	36	77	0	10	-GGT
I	3991338	T	*/+AA	2	9	69.23%	2	2	37	45	0.98	1	1	1	1	2	7	+AA
I	3991338	T	*/+AAA	2	2	15.38%	2	2	37	55	0.98	1	1	1	1	1	1	+AA
I	3992212	A	*/-AC	14	2	12.5%	2	2	35	37	0.98	1	1	3	11	1	1	-AC
I	3992213	A	*/-C	8	4	33.33%	2	1	37	34	0.98	1	1	2	6	0	4	-C
I	3996048	G	*/-A	93	5	5.1%	2	2	49	51	0.98	1	1	41	52	1	4	-A
I	4004016	G	*/-T	15	2	10%	2	1	46	37	0.98	1	1	10	5	2	0	-T
I	4005819	C	*/+A	26	4	12.9%	2	2	45	34	0.98	1	1	13	13	2	2	+A
I	4055052	T	+A/+A	4	17	80.95%	2	2	46	36	0.98	1	1	3	1	14	3	+A
I	4140001	G	*/-T	10	2	15.38%	2	1	35	55	0.98	1	1	5	5	2	0	-T
I	4153397	A	+T/+T	0	16	94.12%	0	2	0	46	0.98	0	1	0	0	10	6	+T
I	4153651	C	*/-T	13	3	16.67%	2	1	42	40	0.98	1	1	8	5	3	0	-T
I	4153651	C	*/+T	13	2	11.11%	2	1	42	31	0.98	1	1	8	5	0	2	-T
I	4177950	T	*/-A	16	2	11.11%	2	1	39	37	0.98	1	1	13	3	2	0	-A
I	4179700	T	*/+A	10	2	16.67%	2	1	37	37	0.98	1	1	9	1	0	2	+A
I	4179701	C	*/+T	6	2	25%	1	1	31	37	0.98	1	1	6	0	2	0	+T
I	4239381	C	*/+T	11	2	15.38%	2	1	46	55	0.98	1	1	7	4	0	2	+T
I	4241118	G	*/-A	20	4	14.81%	2	1	40	39	0.98	1	1	17	3	4	0	-A
I	4276890	G	+T/+T	2	17	89.47%	2	2	37	52	0.98	1	1	1	1	9	8	+T
I	4304169	G	+A/+A	1	16	94.12%	1	2	74	46	0.98	1	1	1	0	11	5	+A
I	4338694	G	*/-T	19	2	9.52%	2	1	42	55	0.98	1	1	12	7	2	0	-T
I	4374342	A	-G/-G	1	36	97.3%	1	2	37	45	0.98	1	1	0	1	25	11	-G
I	4386268	G	*/-AA	6	2	20%	1	1	33	42	0.98	1	1	6	0	2	0	-AA
I	4394766	C	*/+A	12	2	13.33%	2	1	42	37	0.98	1	1	9	3	2	0	+A
I	4405031	T	*/+G	29	2	6.45%	2	2	44	55	0.98	1	1	18	11	1	1	+G
I	4407494	T	+G/+G	0	19	100%	0	2	0	50	0.98	0	1	0	0	5	14	+G
I	4410191	C	-G/-G	1	14	93.33%	1	2	37	43	0.98	1	1	1	0	11	3	-G
I	4414201	C	*/-T	2	5	55.56%	1	2	37	49	0.98	1	1	2	0	2	3	-T
I	4414201	C	*/-TT	2	2	22.22%	1	1	37	31	0.98	1	1	2	0	2	0	-T
I	4431856	G	+A/+A	4	38	90.48%	2	2	55	45	0.98	1	1	3	1	18	20	+A
I	4431868	C	+A/+A	3	34	91.89%	2	2	61	43	0.98	1	1	2	1	16	18	+A
I	4442621	A	*/-AT	45	5	9.8%	2	2	47	49	0.98	1	1	19	26	2	3	-AT
I	4455149	G	+A/+A	2	8	80%	2	2	37	38	0.98	1	1	1	1	6	2	+A
I	4514478	T	*/-A	7	5	38.46%	2	2	40	46	0.98	1	1	5	2	3	2	-A
I	4564540	C	+G/+G	3	16	84.21%	1	2	33	40	0.98	1	1	0	3	6	10	+G
I	4606489	C	*/+T	28	2	6.45%	2	2	50	55	0.98	1	1	19	9	1	1	+T
I	4648159	T	*/-G	6	16	57.14%	2	2	41	38	0.98	1	1	4	2	13	3	-G
I	4648159	T	*/-GG	6	6	21.43%	2	2	41	34	0.98	1	1	4	2	2	4	-G
I	4658978	C	*/-A	14	2	12.5%	2	2	41	37	0.98	1	1	7	7	1	1	-A
I	4718418	T	*/+C	36	2	5.26%	2	1	46	37	0.98	1	1	22	14	2	0	+C
I	4721875	G	+A/+A	1	8	88.89%	1	2	37	41	0.98	1	1	1	0	6	2	+A
I	4764253	G	*/+A	4	7	46.67%	1	2	46	44	0.98	1	1	4	0	5	2	+A
I	4764253	G	*/+AA	4	2	13.33%	1	1	46	55	0.98	1	1	4	0	0	2	+A
I	4799348	T	*/-A	9	2	18.18%	2	2	34	55	0.98	1	1	6	3	1	1	-A
I	4916623	C	*/-A	8	8	40%	2	2	41	43	0.98	1	1	3	5	2	6	-A
I	4916623	C	*/-AA	8	3	15%	2	1	41	41	0.98	1	1	3	5	0	3	-A
I	4926046	C	*/+T	6	2	22.22%	1	1	34	33	0.98	1	1	6	0	2	0	+T
I	4934297	C	*/-TA	30	3	8.57%	2	2	44	49	0.98	1	1	15	15	1	2	-TA
I	4984784	A	*/-T	7	2	22.22%	2	2	37	49	0.98	1	1	5	2	1	1	-T
I	5002717	C	*/-A	17	2	10%	2	2	38	37	0.98	1	1	8	9	1	1	-A
I	5012421	A	*/+T	9	2	18.18%	2	1	43	37	0.98	1	1	6	3	2	0	+T
I	5039623	T	*/-A	13	2	13.33%	2	1	39	31	0.98	1	1	8	5	0	2	-A
I	5060109	A	*/-T	12	4	23.53%	2	2	43	34	0.98	1	1	5	7	1	3	-T
I	5078848	G	*/-A	8	2	18.18%	2	1	38	55	0.98	1	1	5	3	2	0	-A
I	5142627	A	+G/+G	0	15	100%	0	2	0	38	0.98	0	1	0	0	4	11	+G
I	5148414	T	-A/-A	1	27	96.43%	1	2	74	39	0.98	1	1	1	0	13	14	-A
I	5173087	C	*/+T	6	17	70.83%	2	2	53	37	0.98	1	1	5	1	9	8	+T
I	5173430	G	*/+T	6	24	64.86%	2	2	53	42	0.98	1	1	4	2	13	11	+T
I	5173430	G	*/+TT	6	5	13.51%	2	2	53	39	0.98	1	1	4	2	4	1	+T
I	5176926	T	*/+A	3	7	63.64%	2	2	37	40	0.98	1	1	1	2	2	5	+A
I	5181376	A	*/-T	16	2	10.53%	2	1	40	37	0.98	1	1	11	5	2	0	-T
I	5181832	G	*/-T	15	2	10.53%	2	1	43	31	0.98	1	1	8	7	2	0	-T
I	5201984	A	*/-AT	44	3	6.38%	2	2	46	49	0.98	1	1	20	24	2	1	-AT
I	5266596	A	*/-T	22	7	23.33%	2	2	42	36	0.98	1	1	18	4	6	1	-T
I	5368262	T	-C/-C	5	45	90%	2	2	39	49	0.98	1	1	2	3	16	29	-C
I	5368273	G	+T/+T	3	49	92.45%	2	2	45	46	0.98	1	1	1	2	15	34	+T
I	5394595	G	*/-A	17	2	10.53%	2	1	45	42	0.98	1	1	7	10	2	0	-A
I	5415476	C	*/-A	30	2	6.25%	2	1	42	37	0.98	1	1	14	16	0	2	-A
I	5426622	C	*/+T	2	2	9.09%	1	1	37	55	0.98	1	1	2	0	2	0	+T
I	5426622	C	+TT/+TT	2	17	77.27%	1	2	37	40	0.98	1	1	2	0	10	7	+TT
I	5500780	G	*/-A	30	2	6.25%	2	2	47	31	0.98	1	1	15	15	1	1	-A
I	5547223	T	*/-A	11	2	15.38%	2	1	44	55	0.98	1	1	8	3	2	0	-A
I	5548073	A	*/-T	19	2	8.7%	2	1	43	37	0.98	1	1	8	11	2	0	-T
I	5548073	A	*/+T	19	2	8.7%	2	1	43	55	0.98	1	1	8	11	0	2	-T
I	5559365	C	*/-T	6	3	33.33%	1	1	49	29	0.98	1	1	6	0	3	0	-T
I	5567937	C	*/-A	10	5	31.25%	2	1	50	37	0.98	1	1	4	6	5	0	-A
I	5576850	T	*/-AA	12	8	40%	2	2	46	38	0.98	1	1	9	3	4	4	-AA
II	5178	C	*/+A	42	3	6.67%	2	2	49	65	0.98	1	1	30	12	2	1	+A
II	7149	T	*/-A	21	2	8.33%	2	1	47	37	0.98	1	1	15	6	2	0	-A
II	15830	T	*/-A	14	2	10.53%	2	1	39	37	0.98	1	1	7	7	2	0	-A
II	16652	G	*/+T	23	2	7.69%	2	1	45	37	0.98	1	1	19	4	2	0	+T
II	21982	C	*/-AT	32	3	8.57%	2	2	44	49	0.98	1	1	17	15	1	2	-AT
II	23557	G	*/-A	2	4	57.14%	1	1	37	37	0.98	1	1	2	0	4	0	-A
II	71902	T	*/+A	20	7	25.93%	2	2	48	37	0.98	1	1	12	8	4	3	+A
II	113240	T	*/-A	8	4	30.77%	2	2	41	46	0.98	1	1	4	4	1	3	-A
II	128001	T	-A/-A	1	16	94.12%	1	2	37	40	0.98	1	1	1	0	7	9	-A
II	146079	T	-C/-C	1	21	95.45%	1	2	37	47	0.98	1	1	0	1	8	13	-C
II	201022	A	*/-T	8	2	18.18%	2	1	49	37	0.98	1	1	5	3	2	0	-T
II	229897	A	*/-T	26	6	15%	2	1	44	35	0.98	1	1	19	7	6	0	-T
II	229897	A	*/-TT	26	2	5%	2	1	44	37	0.98	1	1	19	7	2	0	-T
II	229897	A	*/+T	26	6	15%	2	1	44	38	0.98	1	1	19	7	6	0	+T
II	257643	C	*/+T	23	2	7.41%	2	2	41	42	0.98	1	1	19	4	1	1	A
II	295849	C	*/-T	25	2	7.41%	2	2	48	37	0.98	1	1	10	15	1	1	-T
II	310243	G	*/+T	15	3	15.79%	2	1	45	37	0.98	1	1	12	3	3	0	+T
II	320661	G	*/-A	23	4	14.29%	2	2	42	55	0.98	1	1	12	11	2	2	-A
II	331894	C	+T/+T	2	7	77.78%	2	2	37	43	0.98	1	1	1	1	6	1	+T
II	336963	A	*/-T	27	2	6.9%	2	2	46	37	0.98	1	1	11	16	1	1	-T
II	349658	C	-GGCATT/-GGCATT	6	34	85%	2	2	53	45	0.98	1	1	2	4	12	22	-GGCATT
II	376034	C	*/-T	29	2	6.45%	2	2	45	55	0.98	1	1	7	22	1	1	-T
II	383156	C	*/-T	26	2	7.14%	2	2	41	31	0.98	1	1	17	9	1	1	-T
II	410085	C	*/-T	12	6	24%	1	2	35	38	0.98	1	1	12	0	4	2	-T
II	410085	C	*/-TT	12	3	12%	1	2	35	49	0.98	1	1	12	0	1	2	-T
II	410085	C	*/+T	12	2	8%	1	1	35	37	0.98	1	1	12	0	0	2	-T
II	468847	T	*/-A	13	3	18.75%	2	2	39	49	0.98	1	1	7	6	1	2	-A
II	484534	A	+T/+T	2	9	75%	2	2	43	43	0.98	1	1	1	1	3	6	+T
II	516071	T	*/-A	13	2	13.33%	2	2	44	55	0.98	1	1	6	7	1	1	-A
II	521731	G	*/-T	29	3	9.09%	2	2	39	37	0.98	1	1	15	14	1	2	-T
II	522590	A	*/-ATATT	4	2	33.33%	2	2	34	55	0.98	1	1	1	3	1	1	-ATATT
II	526939	T	*/+AC	64	6	8.57%	2	2	53	55	0.98	1	1	17	47	4	2	+AC
II	526941	T	*/-TTAG	65	6	8.33%	2	2	49	55	0.98	1	1	18	47	4	2	-TTAG
II	561064	T	*/-A	11	2	14.29%	2	2	48	49	0.98	1	1	5	6	1	1	-A
II	603279	A	-T/-T	0	17	100%	0	2	0	43	0.98	0	1	0	0	6	11	-T
II	603305	A	-C/-C	1	14	93.33%	1	2	37	46	0.98	1	1	0	1	5	9	-C
II	645098	C	*/+A	10	2	15.38%	2	2	35	37	0.98	1	1	5	5	1	1	+A
II	662406	A	*/-T	32	3	8.57%	2	2	45	61	0.98	1	1	19	13	1	2	-T
II	673086	G	*/-A	2	4	50%	1	1	37	37	0.98	1	1	2	0	4	0	-A
II	673086	G	*/+A	2	2	25%	1	1	37	37	0.98	1	1	2	0	2	0	-A
II	677175	G	*/-TA	36	3	7.69%	2	2	51	33	0.98	1	1	15	21	2	1	-TA
II	700009	T	-A/-A	3	11	78.57%	2	2	49	42	0.98	1	1	1	2	4	7	-A
II	716295	G	*/-T	9	8	36.36%	2	2	39	43	0.98	1	1	7	2	5	3	-T
II	716295	G	*/-TT	9	2	9.09%	2	2	39	42	0.98	1	1	7	2	1	1	-T
II	716295	G	*/+T	9	3	13.64%	2	2	39	53	0.98	1	1	7	2	1	2	+T
II	753854	A	*/-T	10	6	30%	2	2	39	36	0.98	1	1	7	3	3	3	-T
II	753854	A	*/+T	10	2	10%	2	1	39	68	0.98	1	1	7	3	2	0	-T
II	756993	C	*/-T	18	2	9.09%	2	2	46	31	0.98	1	1	11	7	1	1	-T
II	756993	C	*/+T	18	2	9.09%	2	2	46	55	0.98	1	1	11	7	1	1	-T
II	819795	T	+C/+C	5	21	77.78%	1	2	44	40	0.98	1	1	5	0	14	7	+C
II	820597	C	*/-T	26	2	7.14%	2	2	43	55	0.98	1	1	14	12	1	1	-T
II	837446	C	*/-T	2	3	50%	1	2	33	40	0.98	1	1	2	0	2	1	-T
II	888599	A	-C/-C	0	15	100%	0	2	0	46	0.98	0	1	0	0	3	12	-C
II	889921	C	*/+T	11	2	13.33%	2	2	40	61	0.98	1	1	9	2	1	1	+T
II	903106	G	+T/+T	0	19	100%	0	2	0	38	0.98	0	1	0	0	8	11	+T
II	965517	C	*/-T	16	4	16%	2	2	43	55	0.98	1	1	13	3	3	1	-T
II	965517	C	*/+T	16	4	16%	2	2	43	37	0.98	1	1	13	3	3	1	-T
II	997671	G	*/-CAACAACAACAA	8	2	15.38%	2	2	35	37	0.98	1	1	2	6	1	1	-CAACAACAACAA
II	997671	G	*/-CAACAACAA	8	3	23.08%	2	2	35	37	0.98	1	1	2	6	1	2	-CAACAACAA
II	1019510	T	*/-A	4	11	61.11%	2	2	43	40	0.98	1	1	3	1	7	4	-A
II	1019510	T	*/-AA	4	3	16.67%	2	1	43	49	0.98	1	1	3	1	0	3	-A
II	1069791	C	*/-A	17	2	10%	2	2	42	55	0.98	1	1	11	6	1	1	-A
II	1078264	T	*/-A	20	6	21.43%	2	2	39	43	0.98	1	1	15	5	5	1	-A
II	1078264	T	*/+A	20	2	7.14%	2	2	39	31	0.98	1	1	15	5	1	1	-A
II	1079843	T	+A/+A	0	8	100%	0	2	0	37	0.98	0	1	0	0	6	2	+A
II	1141304	C	*/+A	18	2	10%	2	2	41	49	0.98	1	1	10	8	1	1	+A
II	1163154	A	-T/-T	0	16	100%	0	2	0	48	0.98	0	1	0	0	9	7	-T
II	1171363	T	*/-A	15	4	20%	2	2	37	46	0.98	1	1	9	6	1	3	-A
II	1187785	G	*/-T	22	3	10.71%	2	2	39	37	0.98	1	1	9	13	2	1	-T
II	1187785	G	*/+T	22	3	10.71%	2	1	39	37	0.98	1	1	9	13	0	3	-T
II	1205291	A	*/-T	11	2	15.38%	2	2	44	55	0.98	1	1	3	8	1	1	-T
II	1243365	G	*/-T	10	2	14.29%	2	2	48	49	0.98	1	1	8	2	1	1	-T
II	1243365	G	*/+T	10	2	14.29%	2	1	48	61	0.98	1	1	8	2	0	2	-T
II	1265802	G	*/+A	32	2	5.88%	2	2	44	31	0.98	1	1	6	26	1	1	+A
II	1266289	T	*/+A	2	4	66.67%	2	2	55	34	0.98	1	1	1	1	1	3	+A
II	1266955	G	*/-GA	49	4	7.55%	2	1	48	37	0.98	1	1	33	16	4	0	-GA
II	1308618	G	-T/-T	1	30	96.77%	1	2	37	44	0.98	1	1	0	1	17	13	-T
II	1323266	A	*/-T	24	3	10.71%	2	2	41	33	0.98	1	1	14	10	2	1	-T
II	1349040	A	*/-T	16	3	13.64%	2	1	43	33	0.98	1	1	8	8	3	0	-T
II	1349040	A	*/+T	16	3	13.64%	2	2	43	40	0.98	1	1	8	8	2	1	-T
II	1365999	G	*/-T	22	6	19.35%	2	2	43	36	0.98	1	1	12	10	3	3	-T
II	1365999	G	*/-TT	22	3	9.68%	2	1	43	49	0.98	1	1	12	10	0	3	-T
II	1389008	T	+A/+A	0	8	100%	0	2	0	44	0.98	0	1	0	0	5	3	+A
II	1389139	C	*/-T	8	2	13.33%	1	1	38	37	0.98	1	1	8	0	2	0	-T
II	1389139	C	*/+T	8	3	20%	1	2	38	49	0.98	1	1	8	0	2	1	+T
II	1467485	C	*/-T	10	6	35.29%	2	2	38	35	0.98	1	1	2	8	3	3	-T
II	1520665	T	+A/+A	0	11	100%	0	2	0	49	0.98	0	1	0	0	7	4	+A
II	1531449	G	*/-T	15	3	16.67%	2	2	44	33	0.98	1	1	5	10	2	1	-T
II	1540855	G	*/-TA	17	2	10.53%	2	1	53	37	0.98	1	1	8	9	2	0	-TA
II	1545026	A	*/-C	12	2	14.29%	2	1	43	43	0.98	1	1	2	10	0	2	-C
II	1545027	C	*/-A	7	2	18.18%	2	2	35	31	0.98	1	1	1	6	1	1	-A
II	1554041	C	*/-CT	27	2	6.9%	2	2	42	37	0.98	1	1	17	10	1	1	-CT
II	1555919	A	*/+TTTATT	3	6	66.67%	1	2	45	45	0.98	1	1	3	0	2	4	+TTTATT
II	1571445	G	*/-TA	26	2	7.14%	2	2	46	55	0.98	1	1	10	16	1	1	-TA
II	1588936	G	*/+A	0	2	33.33%	0	2	0	74	0.98	0	1	0	0	1	1	A
II	1588936	G	*/+AA	0	2	33.33%	0	1	0	37	0.98	0	1	0	0	2	0	A
II	1610504	A	*/+G	61	7	10.14%	2	2	42	59	0.98	1	1	42	19	6	1	+G
II	1612985	A	*/+ATAATG	16	2	11.11%	2	2	44	37	0.98	1	1	7	9	1	1	+ATAATG
II	1622821	A	*/-T	18	2	9.52%	2	1	43	42	0.98	1	1	11	7	0	2	-T
II	1627981	C	*/-T	8	2	20%	1	1	39	55	0.98	1	1	8	0	2	0	-T
II	1644854	C	*/+T	18	2	10%	2	1	48	55	0.98	1	1	6	12	0	2	+T
II	1678205	T	-A/-A	1	7	87.5%	1	2	74	49	0.98	1	1	1	0	1	6	-A
II	1716256	G	*/+T	13	3	17.65%	2	1	34	45	0.98	1	1	10	3	3	0	+T
II	1716287	T	*/-G	14	6	30%	2	1	44	37	0.98	1	1	6	8	0	6	-G
II	1763419	T	*/-A	13	4	22.22%	2	2	41	64	0.98	1	1	5	8	3	1	-A
II	1818108	C	*/-T	8	4	28.57%	2	2	32	43	0.98	1	1	4	4	1	3	-T
II	1861420	T	-G/-G	2	33	94.29%	1	2	55	50	0.98	1	1	2	0	18	15	-G
II	1867795	A	+T/+T	2	13	86.67%	2	2	37	39	0.98	1	1	1	1	6	7	+T
II	1868122	G	*/-T	4	2	14.29%	1	2	39	55	0.98	1	1	4	0	1	1	-T
II	1868122	G	*/+T	4	3	21.43%	1	1	39	37	0.98	1	1	4	0	3	0	+T
II	1868122	G	*/+TT	4	2	14.29%	1	1	39	37	0.98	1	1	4	0	2	0	+T
II	1873779	T	+A/+A	2	15	88.24%	2	2	31	41	0.98	1	1	1	1	6	9	+A
II	1877294	A	+T/+T	1	19	95%	1	2	37	39	0.98	1	1	0	1	15	4	+T
II	1941697	A	*/-T	13	4	23.53%	2	1	40	55	0.98	1	1	6	7	0	4	-T
II	1941966	A	+T/+T	0	27	100%	0	2	0	51	0.98	0	1	0	0	13	14	+T
II	1941982	A	+T/+T	0	27	100%	0	2	0	49	0.98	0	1	0	0	12	15	+T
II	1942684	G	*/-T	21	2	8.7%	2	2	45	74	0.98	1	1	15	6	1	1	-T
II	1948953	G	-A/-A	0	30	100%	0	2	0	44	0.98	0	1	0	0	15	15	-A
II	1950050	A	+G/+G	0	21	100%	0	2	0	45	0.98	0	1	0	0	8	13	+G
II	1953407	T	*/+C	7	9	47.37%	2	1	45	34	0.98	1	1	4	3	0	9	+C
II	1955495	T	+A/+A	3	16	76.19%	2	2	61	54	0.98	1	1	2	1	11	5	+A
II	1956837	A	*/+G	28	2	6.67%	2	2	42	37	0.98	1	1	16	12	1	1	+G
II	1960392	A	+G/+G	0	14	100%	0	2	0	47	0.98	0	1	0	0	3	11	+G
II	1987101	C	-G/-G	0	18	100%	0	2	0	44	0.98	0	1	0	0	8	10	-G
II	1987117	T	-G/-G	0	21	100%	0	2	0	45	0.98	0	1	0	0	11	10	-G
II	2012625	T	*/+C	36	3	7.69%	2	1	42	37	0.98	1	1	10	26	0	3	+C
II	2044721	A	*/+T	20	2	9.09%	2	1	43	74	0.98	1	1	9	11	2	0	+T
II	2049891	A	-T/-T	0	33	100%	0	2	0	46	0.98	0	1	0	0	18	15	-T
II	2053516	G	+C/+C	1	22	95.65%	1	2	37	45	0.98	1	1	1	0	6	16	+C
II	2108180	T	+A/+A	3	17	85%	2	2	45	43	0.98	1	1	1	2	10	7	+A
II	2147726	G	+T/+T	2	19	90.48%	2	2	37	44	0.98	1	1	1	1	4	15	+T
II	2187407	G	+A/+A	0	14	100%	0	2	0	38	0.98	0	1	0	0	4	10	+A
II	2197587	C	*/+A	6	2	22.22%	2	1	37	31	0.98	1	1	5	1	2	0	+A
II	2198945	G	*/+CACACACACACACACA	28	5	14.71%	2	2	38	37	0.98	1	1	5	23	4	1	+CACACACACACACACA
II	2203175	T	*/-A	13	3	17.65%	2	1	42	49	0.98	1	1	9	4	3	0	-A
II	2219928	A	+T/+T	0	27	93.1%	0	2	0	42	0.98	0	1	0	0	10	17	+T
II	2293297	G	-A/-A	0	13	100%	0	2	0	42	0.98	0	1	0	0	8	5	-A
II	2318772	A	*/-T	4	2	33.33%	2	2	44	31	0.98	1	1	3	1	1	1	-T
II	2327057	G	*/-TA	35	2	5.41%	2	1	43	37	0.98	1	1	20	15	0	2	-TA
II	2414394	C	*/+A	28	4	12.5%	2	2	45	34	0.98	1	1	12	16	2	2	+A
II	2443873	T	*/-A	5	2	12.5%	1	2	40	62	0.98	1	1	5	0	1	1	A
II	2443873	T	*/+A	5	4	25%	1	2	40	39	0.98	1	1	5	0	2	2	+A
II	2443873	T	*/+AA	5	2	12.5%	1	1	40	37	0.98	1	1	5	0	2	0	+A
II	2504242	C	*/+A	8	2	18.18%	2	2	35	37	0.98	1	1	2	6	1	1	+A
II	2523624	C	*/-A	7	2	16.67%	1	2	41	49	0.98	1	1	7	0	1	1	-A
II	2523624	C	*/+A	7	2	16.67%	1	2	41	42	0.98	1	1	7	0	1	1	-A
II	2552673	G	*/-T	5	3	30%	2	1	41	49	0.98	1	1	3	2	3	0	-T
II	2579458	C	*/-A	4	3	42.86%	1	1	34	37	0.98	1	1	4	0	3	0	-A
II	2592423	T	+A/+A	3	17	85%	2	2	37	45	0.98	1	1	2	1	12	5	+A
II	2630607	C	*/+A	3	9	64.29%	2	2	61	50	0.98	1	1	1	2	2	7	+A
II	2637584	T	*/-A	16	2	10.53%	2	1	38	55	0.98	1	1	6	10	0	2	-A
II	2640785	T	+A/+A	2	19	79.17%	2	2	37	47	0.98	1	1	1	1	10	9	+A
II	2640785	T	*/+AA	2	3	12.5%	2	2	37	53	0.98	1	1	1	1	1	2	+A
II	2647497	C	*/-T	21	4	15.38%	2	2	40	52	0.98	1	1	6	15	1	3	-T
II	2671614	G	*/-A	10	2	16.67%	2	2	40	49	0.98	1	1	7	3	1	1	-A
II	2702173	G	*/-TA	28	2	6.67%	2	1	49	74	0.98	1	1	19	9	0	2	-TA
II	2709414	G	+C/+C	4	27	87.1%	2	2	46	39	0.98	1	1	1	3	14	13	+C
II	2738046	T	*/+A	15	2	11.76%	2	2	54	55	0.98	1	1	10	5	1	1	+A
II	2755338	C	*/-AT	11	11	36.67%	2	2	37	40	0.98	1	1	1	10	5	6	-AT
II	2755338	C	*/-ATAT	11	7	23.33%	2	2	37	42	0.98	1	1	1	10	3	4	-AT
II	2768051	A	+T/+T	1	23	92%	1	2	37	47	0.98	1	1	1	0	12	11	+T
II	2788933	C	+G/+G	1	19	90.48%	1	2	25	41	0.98	1	1	1	0	16	3	+G
II	2798040	C	-T/-T	0	21	100%	0	2	0	47	0.98	0	1	0	0	8	13	-T
II	2798510	T	*/-C	26	2	7.14%	2	2	40	31	0.98	1	1	11	15	1	1	-C
II	2798514	A	-G/-G	2	25	92.59%	2	2	37	42	0.98	1	1	1	1	10	15	-G
II	2811495	C	-A/-A	0	31	100%	0	2	0	47	0.98	0	1	0	0	18	13	-A
II	2825193	A	*/-T	16	2	10%	2	1	44	55	0.98	1	1	8	8	0	2	-T
II	2825193	A	*/+T	16	2	10%	2	1	44	31	0.98	1	1	8	8	0	2	-T
II	2826100	G	*/-A	10	4	26.67%	2	2	34	36	0.98	1	1	8	2	2	2	-A
II	2873779	T	*/-A	17	3	13.64%	2	1	49	37	0.98	1	1	13	4	3	0	-A
II	2873779	T	*/+A	17	2	9.09%	2	1	49	37	0.98	1	1	13	4	0	2	-A
II	2894538	T	*/-A	11	4	26.67%	2	2	40	46	0.98	1	1	5	6	3	1	-A
II	2900889	A	*/-T	10	3	23.08%	1	2	44	37	0.98	1	1	10	0	2	1	-T
II	2908519	G	*/-A	21	2	8.7%	2	1	42	55	0.98	1	1	15	6	2	0	-A
II	2938956	C	+T/+T	3	11	78.57%	2	2	33	44	0.98	1	1	1	2	5	6	+T
II	2966290	C	+T/+T	1	11	91.67%	1	2	37	39	0.98	1	1	1	0	5	6	+T
II	2988149	G	*/-T	8	2	16.67%	2	1	40	37	0.98	1	1	4	4	2	0	-T
II	3040332	C	+G/+G	1	42	97.67%	1	2	74	46	0.98	1	1	1	0	23	19	+G
II	3058544	T	*/+G	3	5	55.56%	2	2	33	34	0.98	1	1	2	1	4	1	+G
II	3154052	G	*/-T	12	4	21.05%	2	1	37	52	0.98	1	1	8	4	4	0	-T
II	3154052	G	*/+T	12	3	15.79%	2	1	37	61	0.98	1	1	8	4	0	3	-T
II	3157783	A	*/-T	12	2	14.29%	2	2	43	37	0.98	1	1	7	5	1	1	-T
II	3171788	G	*/-A	6	3	21.43%	2	1	37	37	0.98	1	1	5	1	3	0	-A
II	3171788	G	*/-AA	6	2	14.29%	2	1	37	55	0.98	1	1	5	1	2	0	-A
II	3175926	C	*/+T	7	2	20%	2	1	35	27	0.98	1	1	6	1	2	0	+T
II	3179569	T	*/+A	31	2	6.06%	2	2	44	37	0.98	1	1	18	13	1	1	+A
II	3253453	C	*/-T	6	2	16.67%	1	2	43	37	0.98	1	1	6	0	1	1	-T
II	3253453	C	*/+T	6	3	25%	1	2	43	40	0.98	1	1	6	0	1	2	+T
II	3282373	T	*/-A	17	2	10.53%	2	2	48	37	0.98	1	1	7	10	1	1	-A
II	3329982	G	*/-T	7	2	18.18%	2	1	40	37	0.98	1	1	6	1	2	0	-T
II	3337420	T	+A/+A	0	16	100%	0	2	0	43	0.98	0	1	0	0	10	6	+A
II	3380128	C	*/-T	10	2	15.38%	1	1	38	25	0.98	1	1	10	0	2	0	-T
II	3410437	G	*/-T	5	3	27.27%	2	2	39	37	0.98	1	1	3	2	2	1	-T
II	3509251	T	*/-A	12	4	19.05%	2	1	44	52	0.98	1	1	7	5	4	0	-A
II	3509251	T	*/+A	12	4	19.05%	2	2	44	55	0.98	1	1	7	5	2	2	-A
II	3540057	A	*/-T	23	3	11.11%	2	2	42	36	0.98	1	1	14	9	2	1	-T
II	3552255	A	*/-T	25	2	7.41%	2	2	39	37	0.98	1	1	9	16	1	1	-T
II	3606583	C	*/-A	18	2	10%	2	2	43	55	0.98	1	1	11	7	1	1	-A
II	3619003	A	+G/+G	2	26	89.66%	1	2	37	40	0.98	1	1	0	2	11	15	+G
II	3621704	A	*/-T	13	4	22.22%	2	2	43	43	0.98	1	1	9	4	3	1	-T
II	3661773	T	*/-A	8	2	18.18%	2	1	40	49	0.98	1	1	5	3	0	2	-A
II	3715149	G	*/+A	13	2	12.5%	2	2	38	42	0.98	1	1	11	2	1	1	+A
II	3799349	A	*/+T	7	2	22.22%	2	1	40	31	0.98	1	1	4	3	0	2	+T
II	3804883	A	*/+T	28	2	6.67%	2	1	46	37	0.98	1	1	17	11	0	2	+T
II	3838101	C	-A/-A	2	7	77.78%	1	2	37	45	0.98	1	1	2	0	4	3	-A
II	3838912	T	*/-A	16	3	15.79%	2	1	40	29	0.98	1	1	11	5	0	3	-A
II	3856896	A	*/-T	11	5	25%	2	2	42	44	0.98	1	1	6	5	3	2	-T
II	3856896	A	*/+T	11	3	15%	2	2	42	33	0.98	1	1	6	5	1	2	-T
II	3860185	C	*/-TAGTA	19	14	36.84%	2	2	38	38	0.98	1	1	1	18	12	2	-TAGTA
II	3954039	C	*/+T	23	3	11.54%	2	2	43	49	0.98	1	1	14	9	2	1	+T
II	3974259	T	*/+A	14	2	12.5%	2	1	45	31	0.98	1	1	8	6	0	2	+A
II	3975235	C	*/-A	11	8	32%	2	2	44	32	0.98	1	1	7	4	4	4	-A
II	3975235	C	*/-AA	11	2	8%	2	1	44	68	0.98	1	1	7	4	2	0	-A
II	3980468	C	*/-T	7	2	22.22%	2	1	37	37	0.98	1	1	5	2	2	0	-T
II	3983331	G	*/-TA	31	3	8.82%	2	1	49	70	0.98	1	1	11	20	0	3	-TA
II	4006982	C	*/-A	12	3	20%	2	2	40	61	0.98	1	1	9	3	2	1	-A
II	4031460	A	*/+T	8	2	14.29%	2	1	35	37	0.98	1	1	7	1	2	0	+T
II	4031460	A	*/+TT	8	3	21.43%	2	2	35	41	0.98	1	1	7	1	1	2	+TT
II	4033650	G	*/+A	19	2	9.52%	2	1	51	55	0.98	1	1	8	11	2	0	+A
II	4076405	A	*/-T	22	2	7.69%	2	2	45	37	0.98	1	1	13	9	1	1	-T
II	4108976	C	*/-T	34	2	5.56%	2	1	50	55	0.98	1	1	20	14	2	0	-T
II	4249637	A	*/-AT	23	3	11.54%	2	2	50	49	0.98	1	1	11	12	1	2	-AT
II	4254960	G	-A/-A	0	32	100%	0	2	0	50	0.98	0	1	0	0	11	21	-A
II	4264124	C	*/+TGA	22	3	12%	2	2	46	37	0.98	1	1	13	9	2	1	+TGA
II	4308414	C	*/+A	5	12	60%	2	2	35	39	0.98	1	1	4	1	4	8	+A
II	4315564	C	*/-T	35	2	5.26%	2	2	46	37	0.98	1	1	19	16	1	1	-T
II	4419921	T	*/+A	4	5	55.56%	2	2	43	51	0.98	1	1	2	2	3	2	+A
II	4505641	C	*/-A	25	2	7.41%	2	2	41	37	0.98	1	1	15	10	1	1	-A
II	4514740	T	*/-A	21	2	8.33%	2	2	41	37	0.98	1	1	11	10	1	1	-A
II	4515621	C	*/+A	12	4	23.53%	2	1	35	37	0.98	1	1	11	1	4	0	+A
II	4516522	A	*/+T	57	3	5%	2	1	46	37	0.98	1	1	29	28	0	3	+T
II	4517047	T	*/+TACTCATC	72	17	18.28%	2	2	48	42	0.98	1	1	46	26	9	8	+TACTCATC
II	4521677	T	*/-AA	8	10	55.56%	2	2	38	39	0.98	1	1	4	4	8	2	-AA
II	4525340	G	*/+T	54	12	16.67%	2	2	39	36	0.98	1	1	32	22	6	6	+T
II	4526174	A	*/-T	25	6	18.18%	2	2	44	63	0.98	1	1	13	12	2	4	-T
II	4526230	A	*/+G	27	2	6.9%	2	1	40	37	0.98	1	1	13	14	0	2	+G
II	4526843	C	*/-T	12	6	30%	2	2	29	41	0.98	1	1	8	4	5	1	-T
II	4528465	C	*/+GACAATGACAAT	54	11	14.1%	2	2	45	41	0.98	1	1	20	34	7	4	+GACAATGACAAT
II	4528465	C	*/+GACAAT	54	13	16.67%	2	2	45	45	0.98	1	1	20	34	5	8	+GACAAT
II	4529375	T	*/+ACAACGACAACG	90	10	8.93%	2	2	47	46	0.98	1	1	52	38	6	4	+ACAACGACAACG
II	4529375	T	*/+ACAACGACAACGACAACGACAACG	90	6	5.36%	2	2	47	49	0.98	1	1	52	38	2	4	+ACAACGACAACG
II	4533588	C	*/-T	60	19	24.05%	2	2	43	41	0.98	1	1	27	33	6	13	-T
II	4534880	A	*/-T	111	32	22.38%	2	2	46	48	0.98	1	1	57	54	10	22	-T
III	1558	G	*/-AA	5	4	44.44%	2	2	37	74	0.98	1	1	2	3	2	2	-AA
III	4729	A	*/-T	479	143	20.69%	2	2	46	48	0.98	1	1	324	155	68	75	-T
III	4729	A	*/+T	479	47	6.8%	2	2	46	46	0.98	1	1	324	155	20	27	-T
III	4952	C	*/+T	329	144	30%	2	2	41	47	0.98	1	1	208	121	39	105	+T
III	5403	C	*/-T	462	118	17.91%	2	2	43	43	0.98	1	1	313	149	58	60	-T
III	5403	C	*/-TT	462	42	6.37%	2	2	43	42	0.98	1	1	313	149	24	18	-T
III	9812	T	*/+A	27	43	57.33%	2	1	47	45	0.98	1	1	19	8	0	43	+A
III	10094	A	*/-T	9	8	47.06%	2	1	52	37	0.98	1	1	4	5	0	8	-T
III	15599	A	*/-T	467	140	20.53%	2	2	46	48	0.98	1	1	309	158	68	72	-T
III	15599	A	*/+T	467	46	6.74%	2	2	46	46	0.98	1	1	309	158	21	25	-T
III	15822	C	*/+T	349	137	28.07%	2	2	41	46	0.98	1	1	213	136	36	101	+T
III	16273	C	*/-T	486	127	18.19%	2	2	43	45	0.98	1	1	342	144	66	61	-T
III	16273	C	*/-TT	486	38	5.44%	2	2	43	43	0.98	1	1	342	144	19	19	-T
III	20682	T	*/+A	33	56	58.33%	2	2	47	42	0.98	1	1	25	8	1	55	+A
III	20964	A	*/-T	9	6	40%	2	1	42	37	0.98	1	1	1	8	0	6	-T
III	21157	G	*/+A	9	2	18.18%	2	1	33	37	0.98	1	1	7	2	0	2	+A
III	23298	G	*/-AA	5	3	37.5%	2	2	37	49	0.98	1	1	1	4	1	2	-AA
III	69589	T	*/-A	10	3	23.08%	2	2	51	49	0.98	1	1	3	7	2	1	-A
III	123319	T	*/-A	12	4	23.53%	2	2	40	37	0.98	1	1	9	3	1	3	-A
III	207168	T	*/+A	6	2	25%	2	1	37	37	0.98	1	1	4	2	2	0	+A
III	208140	C	*/-A	11	3	16.67%	2	2	35	32	0.98	1	1	9	2	2	1	-A
III	208140	C	*/-AA	11	2	11.11%	2	1	35	31	0.98	1	1	9	2	2	0	-A
III	208140	C	*/+A	11	2	11.11%	2	1	35	37	0.98	1	1	9	2	2	0	-A
III	231915	G	-T/-T	0	8	100%	0	2	0	41	0.98	0	1	0	0	2	6	-T
III	237048	G	*/-A	12	2	13.33%	2	1	38	42	0.98	1	1	10	2	2	0	-A
III	253907	A	*/+T	4	2	22.22%	1	1	43	31	0.98	1	1	4	0	0	2	+T
III	286478	C	-TT/-TT	0	9	100%	0	2	0	32	0.98	0	1	0	0	4	5	-TT
III	286594	T	*/+A	3	3	25%	2	2	37	33	0.98	1	1	2	1	2	1	+A
III	286594	T	*/+AA	3	5	41.67%	2	2	37	48	0.98	1	1	2	1	3	2	+AA
III	293096	G	*/-T	14	3	15.79%	2	2	49	49	0.98	1	1	8	6	2	1	-T
III	365747	C	-A/-A	2	12	85.71%	1	2	55	41	0.98	1	1	2	0	7	5	-A
III	467904	C	+A/+A	1	11	91.67%	1	2	37	50	0.98	1	1	1	0	8	3	+A
III	568658	C	*/-T	5	3	30%	2	2	44	61	0.98	1	1	2	3	2	1	-T
III	675253	C	*/-T	16	2	10.53%	2	1	41	68	0.98	1	1	9	7	2	0	-T
III	717677	A	*/-T	3	11	52.38%	2	2	33	39	0.98	1	1	2	1	5	6	-T
III	717677	A	*/-TT	3	7	33.33%	2	2	33	37	0.98	1	1	2	1	3	4	-T
III	719955	A	-C/-C	0	13	100%	0	2	0	53	0.98	0	1	0	0	6	7	-C
III	719973	C	-G/-G	0	4	100%	0	2	0	46	0.98	0	1	0	0	1	3	-G
III	720683	A	+T/+T	0	9	90%	0	2	0	45	0.98	0	1	0	0	7	2	+T
III	736784	G	*/-A	15	2	11.11%	2	1	44	36	0.98	1	1	4	11	0	2	-A
III	762516	T	*/-A	12	2	14.29%	2	1	45	25	0.98	1	1	10	2	2	0	-A
III	811829	A	+T/+T	1	9	90%	1	2	37	45	0.98	1	1	1	0	3	6	+T
III	822700	A	*/+T	24	2	7.69%	2	1	40	27	0.98	1	1	12	12	0	2	+T
III	822701	G	*/+T	18	2	8.33%	2	1	41	49	0.98	1	1	10	8	0	2	+T
III	867865	C	-T/-T	0	10	100%	0	2	0	43	0.98	0	1	0	0	4	6	-T
III	897531	C	*/+A	7	12	57.14%	2	2	40	50	0.98	1	1	6	1	9	3	+A
III	898665	T	*/-A	19	2	9.52%	2	2	49	37	0.98	1	1	9	10	1	1	-A
III	903309	C	*/-T	15	3	16.67%	2	2	40	49	0.98	1	1	9	6	2	1	-T
III	958241	C	*/-T	14	2	12.5%	1	1	41	31	0.98	1	1	14	0	2	0	-T
III	966124	G	*/-T	13	5	20.83%	1	2	39	44	0.98	1	1	13	0	4	1	-T
III	966124	G	*/-TT	13	3	12.5%	1	1	39	40	0.98	1	1	13	0	3	0	-T
III	966124	G	*/+T	13	2	8.33%	1	1	39	37	0.98	1	1	13	0	2	0	-T
III	970548	C	*/-T	6	4	26.67%	2	2	35	31	0.98	1	1	1	5	2	2	-T
III	970548	C	*/+T	6	4	26.67%	2	2	35	49	0.98	1	1	1	5	1	3	-T
III	970892	C	*/-T	13	4	23.53%	2	2	39	55	0.98	1	1	9	4	2	2	-T
III	985871	C	*/-T	7	2	20%	2	2	35	55	0.98	1	1	6	1	1	1	-T
III	1016311	G	+C/+C	0	31	100%	0	2	0	41	0.98	0	1	0	0	14	17	+C
III	1040452	C	*/-T	16	2	11.11%	2	1	47	37	0.98	1	1	8	8	2	0	-T
III	1073505	T	*/+ATATAGAG	112	11	8.87%	2	1	52	49	0.98	1	1	67	45	11	0	+ATATAGAG
III	1079346	A	*/+G	121	9	6.87%	2	2	41	45	0.98	1	1	84	37	5	4	+G
III	1080146	T	*/+ATATAGAG	213	13	5.75%	2	2	44	48	0.98	1	1	76	137	6	7	+ATATAGAG
III	1084026	A	*/+AGTGGTGATGGTT	81	6	6.9%	2	2	44	35	0.98	1	1	35	46	3	3	+AGTGGTGATGGTT
III	1084108	T	*/+GG	42	3	6.52%	2	2	38	61	0.98	1	1	23	19	1	2	+GG
III	1084168	A	*/-GTGGTGGTG	49	6	10.91%	2	2	45	45	0.98	1	1	16	33	3	3	-GTGGTGGTG
III	1084192	T	*/-GTGGTAAGTGTAA	70	5	6.67%	2	2	46	44	0.98	1	1	26	44	2	3	-GTGGTAAGTGTAA
III	1087979	A	*/+G	76	5	6.17%	2	2	42	44	0.98	1	1	44	32	2	3	+G
III	1090594	A	*/-AT	21	2	8.7%	2	1	47	55	0.98	1	1	11	10	0	2	-AT
III	1095549	T	*/-G	34	2	5.56%	2	1	44	31	0.98	1	1	17	17	0	2	-G
III	1095550	G	*/-T	7	14	48.28%	2	2	35	40	0.98	1	1	6	1	7	7	-T
III	1095550	G	*/-TT	7	7	24.14%	2	2	35	58	0.98	1	1	6	1	4	3	-T
III	1103422	C	*/-TA	26	2	7.14%	2	1	40	43	0.98	1	1	19	7	0	2	-TA
III	1103423	T	*/-A	10	9	33.33%	1	2	39	46	0.98	1	1	10	0	3	6	-A
III	1103423	T	*/-AA	10	4	14.81%	1	1	39	37	0.98	1	1	10	0	4	0	-A
III	1103423	T	*/-AAA	10	2	7.41%	1	2	39	42	0.98	1	1	10	0	1	1	-A
III	1110132	C	*/+TCTCTATA	61	5	7.46%	2	1	47	34	0.98	1	1	36	25	5	0	+TCTCTATA
III	1110963	T	*/+C	84	8	8.7%	2	2	44	55	0.98	1	1	40	44	5	3	+C
III	1114914	T	*/+ACCACTAACCATC	52	5	8.77%	2	2	43	44	0.98	1	1	29	23	2	3	+ACCACTAACCATC
III	1117723	T	*/+C	78	6	7.14%	2	2	47	55	0.98	1	1	37	41	3	3	+C
III	1121674	T	*/+ACCACTAACCATC	52	3	5.45%	2	2	42	33	0.98	1	1	33	19	1	2	+ACCACTAACCATC
III	1124483	T	*/+C	57	6	9.52%	2	2	43	49	0.98	1	1	28	29	3	3	+C
III	1128434	T	*/+ACCACTAACCATC	47	7	12.96%	2	2	47	37	0.98	1	1	30	17	5	2	+ACCACTAACCATC
III	1131243	T	*/+C	77	5	6.1%	2	2	46	51	0.98	1	1	41	36	2	3	+C
III	1168360	T	*/-G	7	6	46.15%	1	2	37	41	0.98	1	1	7	0	3	3	-G
III	1168362	G	*/-GA	8	3	25%	2	1	38	37	0.98	1	1	6	2	3	0	-GA
III	1244495	G	*/-T	16	4	20%	2	2	43	37	0.98	1	1	6	10	2	2	-T
III	1252505	G	*/+T	11	2	12.5%	1	2	34	48	0.98	1	1	11	0	1	1	+T
III	1252505	G	*/+TT	11	2	12.5%	1	1	34	33	0.98	1	1	11	0	2	0	+T
III	1301627	T	*/-TC	20	2	9.09%	2	1	48	37	0.98	1	1	14	6	0	2	-TC
III	1308513	T	*/+A	3	8	72.73%	1	2	45	41	0.98	1	1	3	0	4	4	+A
III	1336727	G	*/-A	19	2	9.52%	2	1	48	55	0.98	1	1	8	11	2	0	-A
III	1357977	T	*/-C	37	2	5.13%	2	2	42	37	0.98	1	1	18	19	1	1	-C
III	1395671	C	*/-A	15	2	10.53%	2	2	48	55	0.98	1	1	7	8	1	1	-A
III	1395671	C	*/+A	15	2	10.53%	2	1	48	55	0.98	1	1	7	8	2	0	-A
III	1510629	T	*/-A	9	3	25%	2	2	31	49	0.98	1	1	4	5	1	2	-A
III	1544711	C	*/-A	8	11	57.89%	2	2	42	39	0.98	1	1	2	6	1	10	-A
III	1547169	C	*/-A	9	2	18.18%	2	2	40	42	0.98	1	1	7	2	1	1	-A
III	1557176	T	*/-C	32	2	5.88%	2	2	43	37	0.98	1	1	19	13	1	1	-C
III	1575951	G	*/+T	7	3	30%	2	2	45	36	0.98	1	1	5	2	1	2	+T
III	1581366	G	*/-T	16	2	11.11%	2	1	43	37	0.98	1	1	7	9	0	2	-T
III	1594933	T	*/-A	11	4	21.05%	2	2	48	37	0.98	1	1	4	7	3	1	-A
III	1594933	T	*/-AA	11	2	10.53%	2	2	48	55	0.98	1	1	4	7	1	1	-A
III	1674618	C	*/-TT	7	2	18.18%	2	2	34	37	0.98	1	1	3	4	1	1	-TT
III	1685487	G	+A/+A	3	21	87.5%	2	2	49	39	0.98	1	1	2	1	12	9	+A
III	1691558	G	*/+T	22	3	12%	2	2	41	37	0.98	1	1	12	10	1	2	+T
III	1698124	C	*/-T	23	2	8%	2	1	42	37	0.98	1	1	12	11	2	0	-T
III	1702276	A	*/-T	25	3	10.34%	2	2	45	37	0.98	1	1	16	9	2	1	-T
III	1712983	G	*/-A	18	8	25.81%	2	2	41	44	0.98	1	1	12	6	6	2	-A
III	1712983	G	*/-AA	18	4	12.9%	2	2	41	39	0.98	1	1	12	6	3	1	-A
III	1718894	T	+A/+A	2	8	80%	1	2	55	40	0.98	1	1	2	0	2	6	+A
III	1744661	A	+T/+T	2	11	84.62%	1	2	55	43	0.98	1	1	2	0	5	6	+T
III	1756400	T	-A/-A	2	31	93.94%	2	2	42	49	0.98	1	1	1	1	15	16	-A
III	1758846	C	*/-A	15	3	15.79%	2	2	42	37	0.98	1	1	13	2	2	1	-A
III	1759057	C	*/-T	16	2	10.53%	2	2	47	37	0.98	1	1	6	10	1	1	-T
III	1774235	T	+GATC/+GATC	2	15	83.33%	2	2	37	45	0.98	1	1	1	1	8	7	+GATC
III	1797757	C	*/+T	21	2	8.7%	2	1	41	49	0.98	1	1	11	10	0	2	+T
III	1802071	G	*/+T	17	2	10%	2	1	42	37	0.98	1	1	10	7	2	0	+T
III	1802522	G	*/+T	21	3	12%	2	2	46	37	0.98	1	1	18	3	2	1	+T
III	1821911	C	*/-A	7	3	23.08%	2	2	40	33	0.98	1	1	5	2	1	2	-A
III	1821911	C	*/+AA	7	2	15.38%	2	2	40	37	0.98	1	1	5	2	1	1	-A
III	1901361	G	*/+C	21	2	8.7%	2	2	47	37	0.98	1	1	9	12	1	1	+C
III	1925626	C	*/-A	3	5	55.56%	2	2	49	44	0.98	1	1	2	1	2	3	-A
III	1947823	A	*/-T	10	2	14.29%	2	2	49	74	0.98	1	1	5	5	1	1	-T
III	1947823	A	*/+T	10	2	14.29%	2	1	49	37	0.98	1	1	5	5	2	0	-T
III	1979604	A	*/-T	7	3	30%	2	2	38	29	0.98	1	1	5	2	2	1	-T
III	1985119	G	-T/-T	3	13	81.25%	2	2	49	48	0.98	1	1	2	1	6	7	-T
III	2010864	G	*/-TA	32	3	8.57%	2	1	50	49	0.98	1	1	13	19	0	3	-TA
III	2071559	C	*/-T	7	3	30%	1	1	36	37	0.98	1	1	0	7	0	3	-T
III	2076412	G	*/-T	12	9	40.91%	2	2	39	46	0.98	1	1	5	7	6	3	-T
III	2076980	A	*/+T	5	2	25%	2	1	34	37	0.98	1	1	1	4	2	0	+T
III	2113205	C	*/+T	14	2	11.76%	2	1	36	68	0.98	1	1	11	3	0	2	+T
III	2139857	C	*/-A	12	2	14.29%	2	1	42	55	0.98	1	1	7	5	0	2	-A
III	2149308	C	*/-AT	22	2	8.33%	2	2	51	55	0.98	1	1	10	12	1	1	-AT
III	2157938	C	*/+T	14	2	11.76%	2	2	38	55	0.98	1	1	7	7	1	1	+T
III	2162418	T	*/-C	24	4	14.29%	2	2	44	37	0.98	1	1	13	11	2	2	-C
III	2178240	T	*/-A	10	2	16.67%	2	2	41	31	0.98	1	1	8	2	1	1	-A
III	2190252	G	*/-A	12	2	13.33%	2	2	42	25	0.98	1	1	9	3	1	1	-A
III	2219235	A	*/-T	16	3	15.79%	2	2	44	37	0.98	1	1	8	8	1	2	-T
III	2257353	C	*/-A	23	2	7.69%	2	2	50	55	0.98	1	1	14	9	1	1	-A
III	2270459	C	*/-A	12	2	12.5%	2	1	41	37	0.98	1	1	8	4	2	0	-A
III	2300104	A	*/-T	9	2	15.38%	1	2	41	37	0.98	1	1	9	0	1	1	-T
III	2300104	A	*/+T	9	2	15.38%	1	1	41	31	0.98	1	1	9	0	0	2	-T
III	2309611	T	*/-A	3	2	40%	2	1	49	37	0.98	1	1	2	1	2	0	-A
III	2310960	G	*/-A	12	2	14.29%	2	2	46	74	0.98	1	1	5	7	1	1	-A
III	2310968	A	*/+GGT	16	2	11.11%	2	2	45	68	0.98	1	1	9	7	1	1	+GGT
III	2350950	C	*/+A	21	2	8.7%	2	2	43	37	0.98	1	1	15	6	1	1	+A
III	2373166	G	*/-A	15	2	11.76%	2	1	44	68	0.98	1	1	5	10	0	2	-A
III	2382018	A	*/-T	3	3	27.27%	2	2	49	49	0.98	1	1	2	1	2	1	-T
III	2382018	A	*/-TT	3	4	36.36%	2	2	49	42	0.98	1	1	2	1	2	2	-TT
III	2420241	T	*/-A	11	4	21.05%	2	2	49	52	0.98	1	1	6	5	1	3	-A
III	2420241	T	*/-AA	11	3	15.79%	2	2	49	49	0.98	1	1	6	5	2	1	-A
III	2443562	A	+T/+T	19	84	80.77%	2	1	38	36	0.98	1	1	9	10	0	84	+T
III	2447848	T	*/-A	1099	343	18.8%	2	2	43	40	0.98	1	1	768	331	253	90	-A
III	2447848	T	*/-AA	1099	178	9.76%	2	2	43	42	0.98	1	1	768	331	126	52	-A
III	2447848	T	*/+A	1099	147	8.06%	2	2	43	43	0.98	1	1	768	331	104	43	-A
III	2448309	T	-AA/-AA	62	862	91.12%	2	2	40	41	0.98	1	1	34	28	323	539	-AA
III	2448518	T	*/-A	898	317	22.55%	2	2	44	45	0.98	1	1	615	283	215	102	-A
III	2448518	T	*/-AA	898	76	5.41%	2	2	44	45	0.98	1	1	615	283	43	33	-A
III	2448518	T	*/+A	898	92	6.54%	2	2	44	43	0.98	1	1	615	283	57	35	+A
