Chrom	Position	Ref	Cons	Reads1	Reads2	VarFreq	Strands1	Strands2	Qual1	Qual2	Pvalue	MapQual1	MapQual2	Reads1Plus	Reads1Minus	Reads2Plus	Reads2Minus	VarAllele
chr_II_telomeric_gap	6088	A	*/-T	11	2	15.38%	2	1	36	37	0.98	1	1	8	3	2	0	-T
chr_II_telomeric_gap	8538	G	*/-AAA	4	2	22.22%	1	1	35	37	0.98	1	1	4	0	2	0	-AAA
I	3160	A	*/+GTTGTCGTTGTCGTTGTC	69	19	19.79%	2	2	49	47	0.98	1	1	42	27	10	9	+GTTGTCGTTGTCGTTGTC
I	3160	A	*/+GTTGTCGTTGTCGTTGTCGTTGTC	69	7	7.29%	2	2	49	58	0.98	1	1	42	27	6	1	+GTTGTCGTTGTCGTTGTC
I	4047	C	*/-TGTCTCTGTCAT	71	10	12.35%	2	2	45	51	0.98	1	1	31	40	7	3	-TGTCTCTGTCAT
I	4053	C	*/+TGTCAT	54	13	18.31%	2	2	47	39	0.98	1	1	20	34	9	4	+TGTCAT
I	5677	G	*/-A	24	7	16.67%	1	2	37	35	0.98	1	1	24	0	6	1	-A
I	5677	G	*/-AA	24	4	9.52%	1	1	37	43	0.98	1	1	24	0	4	0	-A
I	5677	G	*/-AAA	24	3	7.14%	1	1	37	37	0.98	1	1	24	0	3	0	-A
I	6357	T	*/-AA	48	9	15.25%	2	2	48	41	0.98	1	1	26	22	2	7	-AA
I	7192	C	*/+A	27	6	15%	2	2	42	38	0.98	1	1	26	1	3	3	+A
I	10105	A	*/+G	40	3	6.82%	2	2	45	33	0.98	1	1	19	21	1	2	+G
I	10859	G	*/-TT	16	7	30.43%	2	2	37	44	0.98	1	1	9	7	3	4	-TT
I	15734	C	*/-A	19	8	27.59%	2	2	46	49	0.98	1	1	14	5	4	4	-A
I	19694	T	*/+A	39	3	7.14%	2	1	53	37	0.98	1	1	22	17	3	0	+A
I	27402	A	*/+C	16	2	10%	2	1	36	37	0.98	1	1	2	14	0	2	+C
I	28398	A	*/+C	61	4	6.15%	2	2	46	55	0.98	1	1	16	45	2	2	+C
I	43335	G	*/+A	6	2	25%	1	1	33	37	0.98	1	1	6	0	2	0	+A
I	55244	T	*/-A	7	3	23.08%	2	1	33	37	0.98	1	1	6	1	3	0	-A
I	101871	A	+G/+G	0	36	100%	0	2	0	48	0.98	0	1	0	0	12	24	+G
I	107659	G	*/+A	11	2	14.29%	2	1	39	31	0.98	1	1	9	2	2	0	+A
I	186001	T	*/-A	35	2	5.41%	2	2	45	55	0.98	1	1	17	18	1	1	-A
I	414079	C	*/-T	8	3	27.27%	2	2	46	29	0.98	1	1	5	3	2	1	-T
I	440084	T	*/+A	4	8	61.54%	2	2	46	41	0.98	1	1	3	1	4	4	+A
I	441614	C	*/-T	10	2	13.33%	2	2	37	31	0.98	1	1	7	3	1	1	-T
I	453369	G	*/+A	6	7	36.84%	1	1	37	35	0.98	1	1	6	0	7	0	+A
I	453369	G	*/+AA	6	3	15.79%	1	2	37	49	0.98	1	1	6	0	2	1	+A
I	456726	G	*/-T	10	3	21.43%	2	2	40	53	0.98	1	1	5	5	1	2	-T
I	460756	T	*/+A	35	2	5.41%	2	1	45	55	0.98	1	1	16	19	2	0	+A
I	464017	C	*/+A	5	2	25%	2	2	47	68	0.98	1	1	2	3	1	1	+A
I	468400	C	*/-T	11	2	15.38%	2	2	40	31	0.98	1	1	7	4	1	1	-T
I	470378	A	-C/-C	0	15	100%	0	2	0	37	0.98	0	1	0	0	6	9	-C
I	470390	A	-C/-C	0	17	100%	0	2	0	42	0.98	0	1	0	0	8	9	-C
I	473427	G	*/+T	4	4	25%	1	1	37	37	0.98	1	1	4	0	4	0	+T
I	482737	A	+G/+G	1	23	92%	1	2	37	42	0.98	1	1	0	1	13	10	+G
I	554527	A	+T/+T	1	8	88.89%	1	2	37	46	0.98	1	1	1	0	4	4	+T
I	562745	A	*/+T	4	4	33.33%	1	2	37	49	0.98	1	1	4	0	2	2	+T
I	562745	A	*/+TT	4	3	25%	1	1	37	45	0.98	1	1	4	0	3	0	+T
I	609849	C	*/-T	13	2	11.76%	2	1	57	42	0.98	1	1	7	6	2	0	-T
I	609849	C	*/+T	13	2	11.76%	2	2	57	42	0.98	1	1	7	6	1	1	-T
I	650099	C	*/+AA	2	2	33.33%	1	1	49	37	0.98	1	1	0	2	2	0	+AA
I	660056	T	*/+G	3	2	25%	2	1	52	37	0.98	1	1	1	2	2	0	+G
I	660056	T	*/+GG	3	2	25%	2	1	52	37	0.98	1	1	1	2	2	0	+G
I	670032	C	+A/+A	0	44	100%	0	2	0	54	0.98	0	1	0	0	22	22	+A
I	682993	T	-C/-C	2	42	95.45%	1	2	37	46	0.98	1	1	0	2	13	29	-C
I	719597	G	*/-TA	28	2	6.67%	2	2	56	37	0.98	1	1	14	14	1	1	-TA
I	807903	A	*/-T	15	3	15.79%	2	2	46	70	0.98	1	1	3	12	2	1	-T
I	862962	C	+T/+T	1	22	95.65%	1	2	25	43	0.98	1	1	0	1	13	9	+T
I	934908	T	*/+A	7	2	13.33%	1	1	38	42	0.98	1	1	7	0	0	2	+A
I	934908	T	*/+AA	7	4	26.67%	1	2	38	36	0.98	1	1	7	0	3	1	+AA
I	946527	G	*/+A	11	2	15.38%	2	2	46	55	0.98	1	1	6	5	1	1	+A
I	960025	G	*/+T	5	8	61.54%	1	2	42	41	0.98	1	1	5	0	6	2	+T
I	965438	C	*/+A	2	2	50%	1	1	33	37	0.98	1	1	2	0	2	0	+A
I	995070	G	*/-T	9	4	26.67%	2	2	40	46	0.98	1	1	4	5	2	2	-T
I	1048635	G	+A/+A	5	15	75%	2	2	51	49	0.98	1	1	4	1	11	4	+A
I	1083962	G	*/+T	7	2	22.22%	2	2	58	49	0.98	1	1	3	4	1	1	+T
I	1150640	T	+A/+A	2	30	90.91%	2	2	55	47	0.98	1	1	1	1	17	13	+A
I	1152144	C	*/-T	17	2	9.52%	2	1	45	49	0.98	1	1	8	9	2	0	-T
I	1152144	C	*/+T	17	2	9.52%	2	1	45	37	0.98	1	1	8	9	0	2	-T
I	1185797	G	*/+A	11	2	15.38%	2	1	37	37	0.98	1	1	9	2	2	0	+A
I	1254655	T	*/+A	13	2	12.5%	2	2	38	42	0.98	1	1	10	3	1	1	+A
I	1274803	T	+A/+A	0	14	100%	0	2	0	44	0.98	0	1	0	0	4	10	+A
I	1290605	A	*/-T	14	6	28.57%	2	2	42	37	0.98	1	1	10	4	4	2	-T
I	1358794	C	*/+A	3	3	50%	1	2	37	37	0.98	1	1	3	0	1	2	+A
I	1424708	C	-A/-A	1	18	94.74%	1	2	37	47	0.98	1	1	1	0	8	10	-A
I	1454446	C	*/+A	19	2	9.52%	2	1	44	37	0.98	1	1	14	5	2	0	+A
I	1478066	G	*/+A	16	2	10.53%	2	1	39	55	0.98	1	1	12	4	2	0	+A
I	1496317	C	*/-A	0	9	69.23%	0	2	0	38	0.98	0	1	0	0	6	3	-A
I	1496317	C	*/-AA	0	3	23.08%	0	2	0	33	0.98	0	1	0	0	1	2	-A
I	1509277	C	+T/+T	2	9	81.82%	2	2	37	37	0.98	1	1	1	1	7	2	+T
I	1541472	G	*/-T	11	5	26.32%	2	2	40	39	0.98	1	1	10	1	3	2	-T
I	1541472	G	*/+T	11	3	15.79%	2	1	40	40	0.98	1	1	10	1	3	0	-T
I	1595056	C	*/+TT	9	2	16.67%	2	1	39	37	0.98	1	1	6	3	2	0	+TT
I	1623129	C	*/-A	13	2	13.33%	2	2	39	37	0.98	1	1	4	9	1	1	-A
I	1625092	T	+C/+C	0	24	100%	0	2	0	47	0.98	0	1	0	0	15	9	+C
I	1637927	G	*/-T	16	2	11.11%	2	2	46	37	0.98	1	1	13	3	1	1	-T
I	1777634	A	*/-T	9	4	30.77%	2	1	52	37	0.98	1	1	2	7	0	4	-T
I	1837916	G	*/-T	12	2	12.5%	2	1	37	42	0.98	1	1	10	2	2	0	-T
I	1849285	C	*/-T	41	5	10.2%	2	2	48	51	0.98	1	1	23	18	4	1	-T
I	1877723	A	+T/+T	3	17	85%	2	2	41	52	0.98	1	1	2	1	8	9	+T
I	1890184	C	*/-A	13	5	23.81%	2	2	51	46	0.98	1	1	4	9	4	1	-A
I	1890184	C	*/+A	13	3	14.29%	2	2	51	57	0.98	1	1	4	9	2	1	-A
I	1905525	T	*/+G	3	2	40%	2	1	45	37	0.98	1	1	1	2	2	0	+G
I	1909530	C	*/-T	19	2	9.52%	2	1	40	37	0.98	1	1	11	8	0	2	-T
I	1936294	G	+A/+A	1	15	93.75%	1	2	37	51	0.98	1	1	1	0	3	12	+A
I	1952313	A	+T/+T	1	30	96.77%	1	2	37	42	0.98	1	1	1	0	23	7	+T
I	1954162	C	*/-A	10	3	15%	2	2	38	40	0.98	1	1	7	3	2	1	-A
I	1954162	C	*/-AA	10	2	10%	2	1	38	42	0.98	1	1	7	3	2	0	-A
I	1954162	C	*/+A	10	3	15%	2	2	38	40	0.98	1	1	7	3	2	1	+A
I	1955754	C	*/+T	4	4	40%	1	2	37	30	0.98	1	1	4	0	2	2	+T
I	1955754	C	*/+TT	4	2	20%	1	1	37	37	0.98	1	1	4	0	2	0	+T
I	1955853	T	*/+A	2	4	66.67%	2	2	31	46	0.98	1	1	1	1	3	1	+A
I	1968045	C	*/+A	19	2	9.52%	2	1	45	37	0.98	1	1	8	11	2	0	+A
I	2025000	C	*/+T	7	4	36.36%	2	2	38	43	0.98	1	1	4	3	3	1	+T
I	2041947	C	*/-T	17	2	10.53%	2	1	41	48	0.98	1	1	16	1	0	2	-T
I	2041948	T	*/-A	15	3	16.67%	2	1	38	33	0.98	1	1	14	1	3	0	-A
I	2052485	T	*/-C	24	2	7.69%	2	1	41	49	0.98	1	1	19	5	0	2	-C
I	2052488	A	*/-T	20	6	23.08%	2	2	40	43	0.98	1	1	15	5	4	2	-T
I	2096013	T	*/-A	13	2	13.33%	2	2	47	42	0.98	1	1	9	4	1	1	-A
I	2154491	T	+A/+A	1	23	95.83%	1	2	74	51	0.98	1	1	1	0	12	11	+A
I	2174555	C	*/-A	4	4	40%	1	2	33	40	0.98	1	1	4	0	3	1	-A
I	2232167	C	*/-A	13	3	17.65%	2	2	51	33	0.98	1	1	8	5	1	2	-A
I	2245479	T	*/+C	14	2	11.76%	2	1	46	37	0.98	1	1	5	9	0	2	+C
I	2273201	T	*/-A	7	4	30.77%	2	1	50	34	0.98	1	1	4	3	4	0	-A
I	2279763	A	*/+T	11	2	14.29%	2	2	35	36	0.98	1	1	9	2	1	1	+T
I	2288240	C	-G/-G	0	34	100%	0	2	0	49	0.98	0	1	0	0	18	16	-G
I	2322636	C	*/-A	13	6	26.09%	2	1	38	38	0.98	1	1	12	1	6	0	-A
I	2327021	C	*/+A	10	3	20%	2	1	38	45	0.98	1	1	7	3	3	0	+A
I	2343703	G	+A/+A	0	12	100%	0	2	0	46	0.98	0	1	0	0	4	8	+A
I	2397149	G	*/-T	16	2	10.53%	2	2	39	55	0.98	1	1	7	9	1	1	-T
I	2414757	C	*/+T	30	2	6.25%	2	2	51	37	0.98	1	1	12	18	1	1	+T
I	2421576	A	-C/-C	1	23	95.83%	1	2	74	41	0.98	1	1	0	1	15	8	-C
I	2424539	G	*/-A	8	2	20%	2	1	49	36	0.98	1	1	4	4	0	2	-A
I	2443651	C	*/+A	18	2	9.52%	2	2	46	55	0.98	1	1	8	10	1	1	+A
I	2499149	A	-T/-T	4	28	87.5%	2	2	52	50	0.98	1	1	3	1	13	15	-T
I	2507462	T	+A/+A	1	16	94.12%	1	2	37	37	0.98	1	1	1	0	10	6	+A
I	2510060	T	+A/+A	2	13	86.67%	1	2	55	39	0.98	1	1	2	0	7	6	+A
I	2520612	G	*/+T	29	3	9.09%	2	1	54	61	0.98	1	1	17	12	0	3	+T
I	2525300	T	*/+A	16	2	10.53%	2	2	45	55	0.98	1	1	6	10	1	1	+A
I	2525713	C	*/-T	16	6	26.09%	2	2	36	39	0.98	1	1	13	3	5	1	-T
I	2578262	T	*/-A	8	2	16.67%	2	1	54	49	0.98	1	1	6	2	0	2	-A
I	2578262	T	*/+A	8	2	16.67%	2	1	54	25	0.98	1	1	6	2	0	2	-A
I	2578473	C	*/+T	32	13	28.89%	2	2	57	61	0.98	1	1	20	12	9	4	+T
I	2588021	C	+A/+A	0	7	100%	0	2	0	42	0.98	0	1	0	0	3	4	+A
I	2588066	C	+A/+A	0	8	100%	0	2	0	38	0.98	0	1	0	0	4	4	+A
I	2594263	C	+T/+T	0	4	100%	0	2	0	55	0.98	0	1	0	0	3	1	+T
I	2594324	T	*/+A	3	4	57.14%	2	2	40	46	0.98	1	1	1	2	1	3	+A
I	2594351	T	+A/+A	0	6	100%	0	2	0	41	0.98	0	1	0	0	3	3	+A
I	2594391	A	+T/+T	1	6	85.71%	1	2	37	47	0.98	1	1	0	1	3	3	+T
I	2605777	C	*/+A	24	2	7.69%	2	1	47	25	0.98	1	1	8	16	0	2	+A
I	2605860	G	-T/-T	0	28	100%	0	2	0	43	0.98	0	1	0	0	11	17	-T
I	2607669	A	+T/+T	0	25	100%	0	2	0	52	0.98	0	1	0	0	16	9	+T
I	2641998	C	*/+T	2	3	33.33%	2	2	49	33	0.98	1	1	1	1	2	1	+T
I	2641998	C	*/+TT	2	2	22.22%	2	1	49	42	0.98	1	1	1	1	0	2	+T
I	2683902	T	-C/-C	0	15	100%	0	2	0	46	0.98	0	1	0	0	6	9	-C
I	2689254	A	*/-T	8	2	16.67%	2	2	47	37	0.98	1	1	5	3	1	1	-T
I	2689254	A	*/+T	8	2	16.67%	2	2	47	31	0.98	1	1	5	3	1	1	-T
I	2747027	T	*/+AA	5	8	53.33%	2	2	47	43	0.98	1	1	4	1	5	3	+AA
I	2747027	T	*/+AAA	5	2	13.33%	2	1	47	31	0.98	1	1	4	1	0	2	+AA
I	2751236	T	-A/-A	2	19	79.17%	1	2	55	43	0.98	1	1	2	0	8	11	-A
I	2751236	T	*/-AA	2	3	12.5%	1	2	55	37	0.98	1	1	2	0	1	2	-A
I	2759871	T	*/+C	3	6	66.67%	2	2	49	47	0.98	1	1	2	1	1	5	+C
I	2812650	C	*/-T	15	2	11.76%	2	2	49	31	0.98	1	1	7	8	1	1	-T
I	2830268	G	*/+T	19	2	9.52%	2	2	40	55	0.98	1	1	9	10	1	1	+T
I	2876870	C	*/-T	31	2	6.06%	2	1	45	49	0.98	1	1	9	22	0	2	-T
I	2881073	G	*/-A	14	2	12.5%	2	1	32	55	0.98	1	1	9	5	0	2	-A
I	2963080	T	*/-A	18	2	10%	2	1	39	37	0.98	1	1	11	7	2	0	-A
I	3006054	C	*/-T	28	2	6.67%	2	2	51	37	0.98	1	1	21	7	1	1	-T
I	3033347	C	*/-T	20	4	15.38%	2	2	46	61	0.98	1	1	15	5	3	1	-T
I	3033347	C	*/+T	20	2	7.69%	2	1	46	55	0.98	1	1	15	5	0	2	-T
I	3086930	T	*/-A	24	2	7.69%	2	2	46	37	0.98	1	1	13	11	1	1	-A
I	3125118	A	+T/+T	0	22	100%	0	2	0	47	0.98	0	1	0	0	10	12	+T
I	3144699	T	*/-A	7	6	37.5%	2	2	38	45	0.98	1	1	5	2	4	2	-A
I	3144699	T	*/+A	7	2	12.5%	2	2	38	42	0.98	1	1	5	2	1	1	-A
I	3159187	C	*/-CA	47	10	17.54%	2	2	50	45	0.98	1	1	22	25	5	5	-CA
I	3159994	C	*/-T	60	4	6.06%	2	2	41	64	0.98	1	1	44	16	2	2	-T
I	3166776	G	*/+TT	1	5	45.45%	1	2	25	44	0.98	1	1	1	0	2	3	+TT
I	3166776	G	*/+TTT	1	5	45.45%	1	2	25	36	0.98	1	1	1	0	3	2	+TT
I	3178494	C	+T/+T	0	18	100%	0	2	0	48	0.98	0	1	0	0	10	8	+T
I	3184255	T	*/-A	8	4	28.57%	2	2	53	46	0.98	1	1	4	4	1	3	-A
I	3197528	A	+G/+G	1	26	96.3%	1	2	37	48	0.98	1	1	0	1	9	17	+G
I	3204324	T	*/-A	25	2	7.41%	2	2	47	31	0.98	1	1	16	9	1	1	-A
I	3299997	G	*/-A	32	2	5.88%	2	2	47	37	0.98	1	1	18	14	1	1	-A
I	3383423	C	+A/+A	2	19	82.61%	1	2	42	48	0.98	1	1	2	0	11	8	+A
I	3404612	C	*/-T	2	2	50%	2	2	49	31	0.98	1	1	1	1	1	1	-T
I	3404991	C	*/-T	7	4	33.33%	2	2	40	46	0.98	1	1	4	3	3	1	-T
I	3410124	A	*/-T	13	3	15%	2	2	46	66	0.98	1	1	4	9	1	2	-T
I	3410124	A	*/+T	13	4	20%	2	1	46	37	0.98	1	1	4	9	0	4	+T
I	3450130	G	-T/-T	1	13	92.86%	1	2	25	39	0.98	1	1	0	1	4	9	-T
I	3460318	T	+C/+C	0	11	100%	0	2	0	47	0.98	0	1	0	0	7	4	+C
I	3460476	G	*/-A	7	2	22.22%	2	2	42	55	0.98	1	1	5	2	1	1	-A
I	3462650	A	*/-T	11	4	26.67%	2	1	44	61	0.98	1	1	6	5	0	4	-T
I	3477396	C	*/+A	10	3	23.08%	2	2	42	33	0.98	1	1	8	2	1	2	+A
I	3538413	A	+T/+T	1	12	92.31%	1	2	37	46	0.98	1	1	0	1	5	7	+T
I	3538428	G	+T/+T	0	9	100%	0	2	0	48	0.98	0	1	0	0	4	5	+T
I	3538436	T	+A/+A	1	10	90.91%	1	2	74	43	0.98	1	1	1	0	3	7	+A
I	3538449	T	+TA/+TA	0	11	100%	0	2	0	42	0.98	0	1	0	0	3	8	+TA
I	3538456	A	+AT/+AT	0	10	100%	0	2	0	42	0.98	0	1	0	0	3	7	+AT
I	3576627	C	*/-T	2	3	60%	1	2	37	25	0.98	1	1	2	0	1	2	-T
I	3576756	T	*/+TCTTCTC	2	3	42.86%	2	1	37	37	0.98	1	1	1	1	0	3	+TCTTCTC
I	3576929	C	+T/+T	0	12	100%	0	2	0	44	0.98	0	1	0	0	4	8	+T
I	3580034	C	*/+T	7	5	41.67%	2	2	40	39	0.98	1	1	5	2	2	3	+T
I	3634642	T	*/-A	8	2	20%	2	1	37	37	0.98	1	1	6	2	0	2	-A
I	3659724	C	*/-T	14	2	10%	2	2	42	55	0.98	1	1	12	2	1	1	-T
I	3659724	C	*/-TT	14	2	10%	2	1	42	37	0.98	1	1	12	2	2	0	-T
I	3659724	C	*/+T	14	2	10%	2	2	42	51	0.98	1	1	12	2	1	1	-T
I	3665610	G	+C/+C	0	33	100%	0	2	0	53	0.98	0	1	0	0	19	14	+C
I	3700385	T	*/+A	2	2	25%	2	2	49	42	0.98	1	1	1	1	1	1	+A
I	3700385	T	*/+AA	2	2	25%	2	2	49	37	0.98	1	1	1	1	1	1	+A
I	3730369	A	+T/+T	1	5	83.33%	1	2	74	42	0.98	1	1	1	0	4	1	+T
I	3751488	T	+A/+A	1	10	90.91%	1	2	37	44	0.98	1	1	1	0	7	3	+A
I	3765328	C	+T/+T	0	14	93.33%	0	2	0	37	0.98	0	1	0	0	12	2	+T
I	3776933	G	+A/+A	2	9	81.82%	2	2	55	41	0.98	1	1	1	1	3	6	+A
I	3790288	G	*/+T	15	2	11.76%	2	2	63	37	0.98	1	1	6	9	1	1	+T
I	3850523	C	*/-T	17	2	9.09%	2	2	42	37	0.98	1	1	11	6	1	1	-T
I	3850523	C	*/+T	17	2	9.09%	2	2	42	49	0.98	1	1	11	6	1	1	-T
I	3855790	G	-T/-T	1	11	91.67%	1	2	37	50	0.98	1	1	0	1	4	7	-T
I	3877609	T	*/-A	6	2	25%	2	2	32	49	0.98	1	1	1	5	1	1	-A
I	3879465	T	*/-A	22	2	8%	2	2	38	37	0.98	1	1	11	11	1	1	-A
I	3881160	G	*/-A	36	2	5.26%	2	2	46	37	0.98	1	1	10	26	1	1	-A
I	3887136	T	*/-A	19	2	9.52%	2	1	49	55	0.98	1	1	7	12	2	0	-A
I	3898271	C	*/-A	12	2	14.29%	2	2	46	49	0.98	1	1	8	4	1	1	-A
I	3940025	G	+T/+T	1	5	83.33%	1	2	74	44	0.98	1	1	1	0	2	3	+T
I	3952900	A	*/-T	5	3	37.5%	2	2	39	45	0.98	1	1	1	4	1	2	-T
I	3984736	A	*/-GGT	155	9	5.45%	2	1	46	41	0.98	1	1	45	110	0	9	-GGT
I	3995023	C	*/-T	1	3	50%	1	2	37	40	0.98	1	1	0	1	2	1	-T
I	3995023	C	*/+T	1	2	33.33%	1	2	37	37	0.98	1	1	0	1	1	1	-T
I	4010237	A	*/+G	9	4	25%	2	1	41	37	0.98	1	1	6	3	4	0	+G
I	4010237	A	*/+GG	9	2	12.5%	2	1	41	37	0.98	1	1	6	3	2	0	+G
I	4055052	T	*/+A	5	14	73.68%	2	2	49	50	0.98	1	1	4	1	10	4	+A
I	4140001	G	*/-T	9	2	18.18%	2	1	42	29	0.98	1	1	5	4	0	2	-T
I	4153651	C	*/-T	7	3	30%	1	2	40	40	0.98	1	1	7	0	2	1	-T
I	4179701	C	*/+T	2	2	50%	1	1	36	31	0.98	1	1	2	0	2	0	+T
I	4241118	G	*/-A	5	6	46.15%	1	2	37	39	0.98	1	1	5	0	4	2	-A
I	4276890	G	+T/+T	2	19	90.48%	2	2	74	47	0.98	1	1	1	1	11	8	+T
I	4297973	G	*/-T	12	2	14.29%	2	1	52	55	0.98	1	1	6	6	0	2	-T
I	4304169	G	+A/+A	0	10	100%	0	2	0	41	0.98	0	1	0	0	6	4	+A
I	4374342	A	-G/-G	0	32	100%	0	2	0	49	0.98	0	1	0	0	23	9	-G
I	4407494	T	+G/+G	0	25	100%	0	2	0	49	0.98	0	1	0	0	13	12	+G
I	4410191	C	-G/-G	1	16	94.12%	1	2	37	53	0.98	1	1	1	0	12	4	-G
I	4414201	C	*/-T	3	3	50%	2	2	37	45	0.98	1	1	2	1	2	1	-T
I	4431856	G	+A/+A	6	44	88%	1	2	41	50	0.98	1	1	6	0	16	28	+A
I	4431868	C	+A/+A	2	42	95.45%	1	2	55	49	0.98	1	1	2	0	13	29	+A
I	4442621	A	*/-AT	45	6	11.76%	2	2	52	61	0.98	1	1	22	23	2	4	-AT
I	4455149	G	+A/+A	1	6	85.71%	1	2	37	34	0.98	1	1	1	0	3	3	+A
I	4514478	T	*/-A	12	2	10%	2	1	44	37	0.98	1	1	10	2	2	0	-A
I	4514478	T	*/-AA	12	5	25%	2	2	44	34	0.98	1	1	10	2	3	2	-AA
I	4561329	A	*/+T	12	2	14.29%	2	2	35	55	0.98	1	1	7	5	1	1	+T
I	4604649	C	*/-T	7	3	20%	1	2	41	40	0.98	1	1	7	0	2	1	-T
I	4604649	C	*/+T	7	2	13.33%	1	1	41	37	0.98	1	1	7	0	2	0	-T
I	4648144	T	*/-G	24	2	7.69%	2	1	38	42	0.98	1	1	18	6	0	2	-G
I	4648159	T	*/-G	5	17	60.71%	2	2	42	39	0.98	1	1	2	3	13	4	-G
I	4648159	T	*/-GG	5	6	21.43%	2	2	42	36	0.98	1	1	2	3	2	4	-G
I	4721875	G	+A/+A	0	12	100%	0	2	0	46	0.98	0	1	0	0	8	4	+A
I	4746669	C	+T/+T	1	22	95.65%	1	2	37	51	0.98	1	1	1	0	9	13	+T
I	4764253	G	*/+A	8	17	62.96%	2	2	40	46	0.98	1	1	6	2	8	9	+A
I	4781861	G	*/-T	19	2	9.52%	2	2	44	55	0.98	1	1	10	9	1	1	-T
I	4846619	T	+A/+A	3	14	82.35%	2	2	49	46	0.98	1	1	2	1	8	6	+A
I	4911431	G	*/-T	5	2	20%	1	1	39	37	0.98	1	1	5	0	2	0	-T
I	4916623	C	*/-A	17	3	13.04%	2	2	40	37	0.98	1	1	8	9	2	1	-A
I	4926046	C	*/+T	6	7	50%	1	2	35	40	0.98	1	1	6	0	6	1	+T
I	4984784	A	*/-T	6	3	27.27%	1	2	43	33	0.98	1	1	6	0	1	2	-T
I	5002717	C	*/-A	7	3	27.27%	2	2	45	49	0.98	1	1	6	1	1	2	-A
I	5060109	A	*/-T	15	2	10%	2	1	46	37	0.98	1	1	7	8	0	2	-T
I	5060109	A	*/+T	15	3	15%	2	2	46	53	0.98	1	1	7	8	1	2	+T
I	5078848	G	*/-A	14	2	11.76%	2	2	45	37	0.98	1	1	12	2	1	1	-A
I	5142627	A	+G/+G	0	11	100%	0	2	0	49	0.98	0	1	0	0	6	5	+G
I	5148414	T	-A/-A	2	32	94.12%	1	2	42	48	0.98	1	1	2	0	20	12	-A
I	5159554	C	*/-T	20	2	8.7%	2	1	45	37	0.98	1	1	8	12	0	2	-T
I	5173087	C	+T/+T	0	10	100%	0	2	0	41	0.98	0	1	0	0	5	5	+T
I	5173430	G	*/+T	5	16	57.14%	2	2	44	46	0.98	1	1	4	1	9	7	+T
I	5173430	G	*/+TT	5	7	25%	2	2	44	51	0.98	1	1	4	1	5	2	+T
I	5176926	T	+A/+A	1	5	83.33%	1	2	74	34	0.98	1	1	0	1	4	1	+A
I	5177760	A	*/-T	12	2	12.5%	2	2	36	29	0.98	1	1	10	2	1	1	-T
I	5181376	A	*/+T	21	3	12.5%	2	2	47	33	0.98	1	1	13	8	2	1	+T
I	5266596	A	*/-T	22	2	7.41%	2	2	44	37	0.98	1	1	11	11	1	1	-T
I	5266596	A	*/+T	22	2	7.41%	2	1	44	51	0.98	1	1	11	11	2	0	-T
I	5360021	G	*/-A	36	2	5.26%	2	2	48	37	0.98	1	1	19	17	1	1	-A
I	5368262	T	-C/-C	1	40	97.56%	1	2	37	50	0.98	1	1	1	0	21	19	-C
I	5368273	G	+T/+T	1	44	97.78%	1	2	74	50	0.98	1	1	0	1	23	21	+T
I	5426622	C	*/+T	5	12	66.67%	1	2	37	47	0.98	1	1	5	0	7	5	+T
I	5547223	T	*/-A	10	5	31.25%	2	2	43	66	0.98	1	1	8	2	3	2	-A
I	5557287	A	*/-T	4	2	33.33%	2	2	34	25	0.98	1	1	3	1	1	1	-T
I	5559365	C	*/-T	3	2	33.33%	2	2	70	37	0.98	1	1	1	2	1	1	-T
I	5572022	A	*/-T	37	4	9.76%	2	1	49	34	0.98	1	1	11	26	0	4	-T
I	5573647	T	*/-C	20	2	9.09%	2	1	44	55	0.98	1	1	6	14	2	0	-C
I	5576850	T	*/-AA	8	8	50%	2	2	41	46	0.98	1	1	5	3	4	4	-AA
II	19433	C	*/+T	18	4	18.18%	2	2	49	43	0.98	1	1	9	9	2	2	+T
II	23557	G	*/-A	4	2	28.57%	2	2	51	42	0.98	1	1	2	2	1	1	-A
II	46913	T	*/-A	16	3	15.79%	2	2	38	40	0.98	1	1	11	5	1	2	-A
II	73586	C	+T/+T	2	15	88.24%	1	2	61	44	0.98	1	1	2	0	11	4	+T
II	115838	T	*/+A	2	2	50%	2	2	74	55	0.98	1	1	1	1	1	1	+A
II	121588	G	*/+T	9	2	18.18%	2	2	49	74	0.98	1	1	5	4	1	1	+T
II	128001	T	-A/-A	0	14	100%	0	2	0	44	0.98	0	1	0	0	7	7	-A
II	146079	T	*/-C	6	16	72.73%	2	2	45	49	0.98	1	1	1	5	7	9	-C
II	162922	C	*/-T	23	2	8%	2	1	42	37	0.98	1	1	7	16	0	2	-T
II	229897	A	*/-T	15	9	34.62%	2	2	44	46	0.98	1	1	12	3	5	4	-T
II	295849	C	*/-T	17	2	10.53%	2	2	49	37	0.98	1	1	8	9	1	1	-T
II	320661	G	*/-A	23	2	7.41%	2	1	40	55	0.98	1	1	15	8	0	2	-A
II	320661	G	*/+A	23	2	7.41%	2	1	40	42	0.98	1	1	15	8	0	2	-A
II	410085	C	*/-T	13	3	17.65%	2	2	40	40	0.98	1	1	11	2	1	2	-T
II	484534	A	*/+T	3	8	72.73%	2	2	49	40	0.98	1	1	1	2	2	6	+T
II	516071	T	*/-AA	14	2	11.76%	2	2	44	37	0.98	1	1	5	9	1	1	-AA
II	520627	C	*/-TT	9	2	15.38%	1	1	38	37	0.98	1	1	9	0	2	0	-TT
II	521731	G	*/-T	31	2	5.88%	2	2	46	31	0.98	1	1	20	11	1	1	-T
II	528099	C	*/+T	33	2	5.71%	2	1	40	37	0.98	1	1	27	6	2	0	+T
II	561064	T	*/-A	5	6	40%	2	2	42	43	0.98	1	1	3	2	3	3	-A
II	561064	T	*/+A	5	3	20%	2	2	42	37	0.98	1	1	3	2	2	1	-A
II	603279	A	-T/-T	1	9	90%	1	2	74	37	0.98	1	1	1	0	3	6	-T
II	603305	A	-C/-C	0	10	100%	0	2	0	43	0.98	0	1	0	0	2	8	-C
II	645098	C	*/-A	6	2	22.22%	2	1	38	31	0.98	1	1	2	4	2	0	-A
II	673086	G	*/-A	8	2	15.38%	2	1	43	31	0.98	1	1	7	1	2	0	-A
II	677175	G	*/-TA	19	2	9.52%	2	1	48	37	0.98	1	1	6	13	2	0	-TA
II	700009	T	-A/-A	2	12	85.71%	2	2	37	45	0.98	1	1	1	1	3	9	-A
II	716295	G	*/-T	15	4	16.67%	2	2	39	46	0.98	1	1	10	5	2	2	-T
II	716295	G	*/+T	15	5	20.83%	2	2	39	44	0.98	1	1	10	5	4	1	+T
II	753854	A	*/-T	5	2	18.18%	2	2	49	37	0.98	1	1	3	2	1	1	-T
II	753854	A	*/+T	5	3	27.27%	2	1	49	37	0.98	1	1	3	2	3	0	+T
II	756993	C	*/-T	24	3	10.71%	2	2	40	37	0.98	1	1	15	9	1	2	-T
II	888599	A	-C/-C	0	17	100%	0	2	0	39	0.98	0	1	0	0	6	11	-C
II	890578	C	*/-T	16	2	11.11%	1	1	37	37	0.98	1	1	16	0	2	0	-T
II	903106	G	+T/+T	0	28	100%	0	2	0	47	0.98	0	1	0	0	15	13	+T
II	948303	T	*/-A	24	5	17.24%	2	2	43	39	0.98	1	1	18	6	3	2	-A
II	965517	C	*/-T	14	2	11.11%	2	1	46	37	0.98	1	1	9	5	2	0	-T
II	965517	C	*/+T	14	2	11.11%	2	2	46	25	0.98	1	1	9	5	1	1	-T
II	1019510	T	*/-A	3	17	65.38%	2	2	37	43	0.98	1	1	1	2	10	7	-A
II	1019510	T	*/-AA	3	5	19.23%	2	2	37	34	0.98	1	1	1	2	2	3	-A
II	1059118	T	*/-A	14	2	12.5%	2	2	38	37	0.98	1	1	7	7	1	1	-A
II	1078264	T	*/-A	27	3	10%	2	2	41	61	0.98	1	1	16	11	2	1	-A
II	1079843	T	+A/+A	3	11	78.57%	2	2	37	40	0.98	1	1	2	1	5	6	+A
II	1122580	C	*/-T	28	2	6.67%	2	1	46	55	0.98	1	1	16	12	0	2	-T
II	1163154	A	-T/-T	2	16	88.89%	1	2	74	41	0.98	1	1	2	0	8	8	-T
II	1187785	G	*/+T	15	3	15.79%	2	2	45	37	0.98	1	1	4	11	2	1	+T
II	1205291	A	*/+T	12	2	14.29%	2	2	42	31	0.98	1	1	4	8	1	1	+T
II	1221802	A	*/+T	10	2	16.67%	2	2	55	37	0.98	1	1	2	8	1	1	+T
II	1264791	C	*/-TT	1	2	50%	1	1	37	31	0.98	1	1	1	0	0	2	-TT
II	1266289	T	*/+A	1	4	66.67%	1	1	37	34	0.98	1	1	0	1	0	4	+A
II	1267043	G	*/-AC	53	3	5.36%	2	2	45	40	0.98	1	1	23	30	2	1	-AC
II	1277481	G	*/+T	2	3	33.33%	1	1	31	40	0.98	1	1	2	0	3	0	+T
II	1308618	G	-T/-T	4	38	90.48%	1	2	64	44	0.98	1	1	4	0	27	11	-T
II	1359429	C	*/-T	16	2	11.11%	2	1	45	74	0.98	1	1	9	7	2	0	-T
II	1365999	G	*/-T	18	8	25.81%	2	2	50	46	0.98	1	1	7	11	5	3	-T
II	1365999	G	*/+T	18	4	12.9%	2	2	50	46	0.98	1	1	7	11	2	2	-T
II	1389139	C	*/-T	5	3	25%	2	2	39	41	0.98	1	1	3	2	1	2	-T
II	1389139	C	*/+TT	5	3	25%	2	2	39	40	0.98	1	1	3	2	2	1	-T
II	1451705	G	*/-A	14	2	12.5%	2	2	43	37	0.98	1	1	4	10	1	1	-A
II	1454466	T	*/+CA	42	4	8.51%	2	2	48	37	0.98	1	1	28	14	2	2	+CA
II	1467485	C	*/-T	18	7	25.93%	2	2	33	38	0.98	1	1	8	10	2	5	-T
II	1467485	C	*/+T	18	2	7.41%	2	2	33	37	0.98	1	1	8	10	1	1	-T
II	1545027	C	*/-A	7	4	28.57%	2	2	44	46	0.98	1	1	4	3	2	2	-A
II	1545027	C	*/+A	7	2	14.29%	2	2	44	74	0.98	1	1	4	3	1	1	-A
II	1553889	A	*/-G	29	2	6.45%	2	1	41	37	0.98	1	1	12	17	2	0	-G
II	1555919	A	*/+TTTATT	2	3	60%	2	1	37	37	0.98	1	1	1	1	3	0	+TTTATT
II	1571445	G	*/-TA	24	2	7.69%	2	2	45	31	0.98	1	1	8	16	1	1	-TA
II	1588934	A	*/+AT	4	2	33.33%	2	1	37	37	0.98	1	1	3	1	0	2	+AT
II	1627981	C	*/-T	11	2	15.38%	2	2	53	37	0.98	1	1	8	3	1	1	-T
II	1678205	T	*/-A	3	8	72.73%	1	2	33	47	0.98	1	1	3	0	5	3	-A
II	1716256	G	*/+T	6	3	30%	2	1	55	53	0.98	1	1	4	2	3	0	+T
II	1716286	T	*/-TG	16	2	11.11%	2	1	48	55	0.98	1	1	5	11	2	0	-TG
II	1716287	T	*/-G	11	6	35.29%	2	1	50	37	0.98	1	1	4	7	0	6	-G
II	1748645	T	*/-G	14	2	11.11%	2	1	50	49	0.98	1	1	10	4	0	2	-G
II	1748646	G	*/-A	10	3	17.65%	1	2	37	40	0.98	1	1	10	0	2	1	-A
II	1748646	G	*/-AA	10	2	11.76%	1	2	37	49	0.98	1	1	10	0	1	1	-A
II	1748646	G	*/-AAA	10	2	11.76%	1	1	37	61	0.98	1	1	10	0	0	2	-A
II	1763419	T	*/-A	16	3	14.29%	2	2	44	36	0.98	1	1	11	5	2	1	-A
II	1763419	T	*/-AA	16	2	9.52%	2	1	44	37	0.98	1	1	11	5	0	2	-A
II	1818108	C	*/-T	11	6	31.58%	2	2	37	32	0.98	1	1	5	6	4	2	-T
II	1861420	T	-G/-G	1	35	97.22%	1	2	74	43	0.98	1	1	1	0	19	16	-G
II	1867795	A	+T/+T	0	8	100%	0	2	0	46	0.98	0	1	0	0	3	5	+T
II	1868122	G	*/+T	7	5	41.67%	2	2	36	39	0.98	1	1	5	2	4	1	+T
II	1873779	T	*/+A	3	8	72.73%	2	2	37	46	0.98	1	1	1	2	4	4	+A
II	1877294	A	+T/+T	1	13	92.86%	1	2	37	41	0.98	1	1	1	0	10	3	+T
II	1941575	G	*/+T	17	2	10.53%	2	1	36	37	0.98	1	1	9	8	0	2	+T
II	1941697	A	*/-TT	14	2	11.11%	2	2	49	37	0.98	1	1	7	7	1	1	-TT
II	1941966	A	+T/+T	0	29	100%	0	2	0	54	0.98	0	1	0	0	16	13	+T
II	1941982	A	+T/+T	0	29	100%	0	2	0	50	0.98	0	1	0	0	15	14	+T
II	1948953	G	-A/-A	1	26	96.3%	1	2	37	43	0.98	1	1	0	1	8	18	-A
II	1950050	A	+G/+G	2	26	92.86%	2	2	55	49	0.98	1	1	1	1	10	16	+G
II	1953407	T	*/+C	11	2	14.29%	2	1	38	37	0.98	1	1	2	9	0	2	+C
II	1955495	T	+A/+A	1	22	88%	1	2	25	54	0.98	1	1	1	0	10	12	+A
II	1960392	A	+G/+G	0	13	100%	0	2	0	44	0.98	0	1	0	0	4	9	+G
II	1987101	C	-G/-G	0	23	100%	0	2	0	49	0.98	0	1	0	0	10	13	-G
II	1987117	T	-G/-G	0	26	100%	0	2	0	48	0.98	0	1	0	0	10	16	-G
II	2049891	A	-T/-T	2	23	92%	2	2	74	49	0.98	1	1	1	1	11	12	-T
II	2053516	G	+C/+C	2	29	93.55%	1	2	55	51	0.98	1	1	2	0	6	23	+C
II	2108180	T	+A/+A	4	17	80.95%	1	2	52	47	0.98	1	1	0	4	10	7	+A
II	2115422	T	*/+A	25	21	45.65%	2	2	49	46	0.98	1	1	9	16	5	16	+A
II	2147726	G	+T/+T	1	9	90%	1	2	37	34	0.98	1	1	0	1	5	4	+T
II	2187407	G	+A/+A	0	21	100%	0	2	0	45	0.98	0	1	0	0	8	13	+A
II	2198945	G	*/-CA	32	2	5.71%	2	2	43	55	0.98	1	1	12	20	1	1	-CA
II	2203175	T	*/-A	13	2	10%	2	1	38	42	0.98	1	1	9	4	0	2	-A
II	2203175	T	*/+A	13	5	25%	2	2	38	37	0.98	1	1	9	4	4	1	+A
II	2204904	T	*/-A	9	3	25%	2	1	39	33	0.98	1	1	7	2	3	0	-A
II	2213335	A	*/+C	36	2	5.26%	2	2	50	31	0.98	1	1	21	15	1	1	+C
II	2219928	A	+T/+T	1	17	94.44%	1	2	37	42	0.98	1	1	0	1	6	11	+T
II	2293297	G	-A/-A	0	11	100%	0	2	0	50	0.98	0	1	0	0	4	7	-A
II	2338528	G	*/-A	9	2	18.18%	2	1	37	37	0.98	1	1	7	2	2	0	-A
II	2443873	T	*/+A	5	3	21.43%	2	2	32	57	0.98	1	1	4	1	1	2	+A
II	2443873	T	*/+AA	5	2	14.29%	2	2	32	27	0.98	1	1	4	1	1	1	+A
II	2443873	T	*/+AAA	5	3	21.43%	2	2	32	49	0.98	1	1	4	1	2	1	+AAA
II	2523624	C	*/-A	6	2	22.22%	2	1	33	74	0.98	1	1	5	1	0	2	-A
II	2579458	C	*/-A	2	3	50%	2	2	31	49	0.98	1	1	1	1	1	2	-A
II	2592423	T	+A/+A	2	14	87.5%	2	2	37	45	0.98	1	1	1	1	8	6	+A
II	2612668	A	*/-T	16	2	11.11%	2	1	47	37	0.98	1	1	5	11	0	2	-T
II	2630607	C	*/+A	2	15	68.18%	1	2	30	41	0.98	1	1	2	0	5	10	+A
II	2640785	T	*/+A	8	20	60.61%	2	2	52	51	0.98	1	1	6	2	12	8	+A
II	2640785	T	*/+AA	8	2	6.06%	2	1	52	37	0.98	1	1	6	2	0	2	+A
II	2640799	A	*/+T	32	2	5.88%	2	1	52	31	0.98	1	1	16	16	2	0	+T
II	2650243	G	*/-A	46	3	6%	2	2	51	61	0.98	1	1	25	21	2	1	-A
II	2702173	G	*/-TA	23	2	7.69%	2	1	52	55	0.98	1	1	17	6	0	2	-TA
II	2709414	G	+C/+C	0	20	100%	0	2	0	49	0.98	0	1	0	0	7	13	+C
II	2720152	T	*/-A	29	2	6.06%	2	1	45	55	0.98	1	1	12	17	2	0	-A
II	2720152	T	*/+A	29	2	6.06%	2	2	45	42	0.98	1	1	12	17	1	1	-A
II	2728143	A	*/+T	14	2	12.5%	2	2	44	74	0.98	1	1	7	7	1	1	+T
II	2755338	C	*/-AT	12	10	45.45%	2	2	43	50	0.98	1	1	2	10	9	1	-AT
II	2788933	C	+G/+G	0	20	100%	0	2	0	43	0.98	0	1	0	0	13	7	+G
II	2798040	C	-T/-T	0	29	100%	0	2	0	49	0.98	0	1	0	0	16	13	-T
II	2798514	A	-G/-G	0	10	100%	0	2	0	43	0.98	0	1	0	0	4	6	-G
II	2811495	C	-A/-A	0	24	100%	0	2	0	47	0.98	0	1	0	0	12	12	-A
II	2825193	A	*/+T	10	2	15.38%	2	2	44	31	0.98	1	1	4	6	1	1	+T
II	2826100	G	*/-A	6	3	33.33%	1	2	41	40	0.98	1	1	6	0	1	2	-A
II	2841870	C	*/+T	20	2	9.09%	2	2	40	37	0.98	1	1	9	11	1	1	+T
II	2894538	T	*/+A	12	2	14.29%	2	2	44	31	0.98	1	1	7	5	1	1	+A
II	2900889	A	*/-T	8	3	18.75%	2	1	50	49	0.98	1	1	7	1	3	0	-T
II	2900889	A	*/+T	8	3	18.75%	2	1	50	49	0.98	1	1	7	1	3	0	-T
II	2938956	C	*/+T	3	8	72.73%	2	2	37	37	0.98	1	1	2	1	3	5	+T
II	2986224	T	*/+A	35	2	5.41%	2	2	47	74	0.98	1	1	18	17	1	1	+A
II	2988149	G	*/-T	14	3	16.67%	2	2	40	37	0.98	1	1	13	1	1	2	-T
II	3040332	C	+G/+G	0	39	100%	0	2	0	49	0.98	0	1	0	0	18	21	+G
II	3058544	T	*/+G	1	2	33.33%	1	1	37	31	0.98	1	1	1	0	2	0	+G
II	3058544	T	*/+GG	1	3	50%	1	1	37	37	0.98	1	1	1	0	3	0	+GG
II	3154052	G	*/+T	14	2	11.76%	2	1	36	42	0.98	1	1	8	6	2	0	+T
II	3171788	G	*/+A	8	4	25%	2	2	47	43	0.98	1	1	7	1	3	1	+A
II	3179569	T	*/+A	19	2	9.52%	2	2	50	37	0.98	1	1	7	12	1	1	+A
II	3253453	C	*/+T	7	5	38.46%	1	1	38	39	0.98	1	1	7	0	5	0	+T
II	3329982	G	*/-T	5	2	28.57%	2	2	32	55	0.98	1	1	2	3	1	1	-T
II	3374912	C	*/+T	9	2	18.18%	2	1	48	37	0.98	1	1	5	4	2	0	+T
II	3378652	T	*/+A	16	6	26.09%	2	2	50	46	0.98	1	1	6	10	4	2	+A
II	3380128	C	*/-T	5	3	37.5%	2	1	52	33	0.98	1	1	3	2	3	0	-T
II	3410437	G	*/-T	8	5	33.33%	2	2	41	71	0.98	1	1	4	4	3	2	-T
II	3421504	T	*/+A	25	2	7.41%	2	2	48	55	0.98	1	1	11	14	1	1	+A
II	3509251	T	*/-A	4	5	50%	1	2	34	37	0.98	1	1	4	0	3	2	-A
II	3512925	C	*/-T	10	2	15.38%	2	1	34	42	0.98	1	1	9	1	2	0	-T
II	3514786	C	*/-T	19	2	9.09%	2	1	44	37	0.98	1	1	9	10	2	0	-T
II	3540057	A	*/-T	9	2	14.29%	2	1	57	49	0.98	1	1	4	5	2	0	-T
II	3540057	A	*/-TT	9	2	14.29%	2	1	57	37	0.98	1	1	4	5	2	0	-T
II	3619003	A	+G/+G	1	20	95.24%	1	2	37	42	0.98	1	1	0	1	7	13	+G
II	3621704	A	*/-T	14	4	20%	2	2	43	46	0.98	1	1	11	3	1	3	-T
II	3621704	A	*/+T	14	2	10%	2	1	43	74	0.98	1	1	11	3	2	0	-T
II	3715149	G	*/-AA	9	2	16.67%	2	1	41	37	0.98	1	1	8	1	2	0	-AA
II	3799350	G	+A/+A	1	3	75%	1	1	37	37	0.98	1	1	1	0	3	0	+A
II	3815025	C	*/-TT	4	2	33.33%	1	1	46	31	0.98	1	1	4	0	0	2	-TT
II	3838101	C	-A/-A	1	11	91.67%	1	2	37	39	0.98	1	1	1	0	7	4	-A
II	3838912	T	*/-A	11	8	38.1%	2	1	51	38	0.98	1	1	6	5	0	8	-A
II	3838912	T	*/+A	11	2	9.52%	2	2	51	33	0.98	1	1	6	5	1	1	-A
II	3856896	A	*/-T	10	4	19.05%	2	2	37	46	0.98	1	1	8	2	3	1	-T
II	3856896	A	*/+T	10	6	28.57%	2	2	37	47	0.98	1	1	8	2	4	2	+T
II	3859319	G	*/+T	22	2	7.69%	2	2	44	61	0.98	1	1	16	6	1	1	+T
II	3860185	C	*/-TAGTA	23	23	46%	2	2	46	43	0.98	1	1	5	18	14	9	-TAGTA
II	3861161	C	*/-T	16	2	10.53%	2	2	40	37	0.98	1	1	8	8	1	1	-T
II	3861514	C	*/+GG	3	3	42.86%	1	1	45	37	0.98	1	1	3	0	3	0	+GG
II	3954039	C	*/-T	19	8	24.24%	2	2	41	46	0.98	1	1	13	6	5	3	-T
II	3954039	C	*/-TT	19	2	6.06%	2	2	41	49	0.98	1	1	13	6	1	1	-T
II	3954039	C	*/+T	19	3	9.09%	2	1	41	34	0.98	1	1	13	6	3	0	+T
II	3974259	T	*/+A	13	2	12.5%	2	2	39	49	0.98	1	1	7	6	1	1	+A
II	3975235	C	*/-A	15	4	15.38%	2	2	48	46	0.98	1	1	10	5	3	1	-A
II	3975235	C	*/-AA	15	5	19.23%	2	2	48	39	0.98	1	1	10	5	3	2	-AA
II	3980468	C	*/-T	6	2	25%	2	2	30	49	0.98	1	1	5	1	1	1	-T
II	4006982	C	*/-A	8	7	46.67%	2	2	39	38	0.98	1	1	6	2	5	2	-A
II	4016831	A	*/-T	18	2	10%	2	1	48	37	0.98	1	1	6	12	2	0	-T
II	4031460	A	*/+T	6	7	50%	2	2	36	43	0.98	1	1	5	1	4	3	+T
II	4119386	G	*/-A	21	2	8.7%	2	1	41	31	0.98	1	1	10	11	2	0	-A
II	4249637	A	*/-AT	16	3	15.79%	2	2	48	45	0.98	1	1	5	11	1	2	-AT
II	4254960	G	-A/-A	1	30	96.77%	1	2	37	47	0.98	1	1	0	1	9	21	-A
II	4264124	C	*/+TGA	26	10	27.78%	2	2	48	37	0.98	1	1	16	10	5	5	+TGA
II	4295283	G	*/+T	24	2	7.69%	2	2	50	31	0.98	1	1	9	15	1	1	+T
II	4308414	C	*/+A	4	12	70.59%	2	2	37	48	0.98	1	1	3	1	3	9	+A
II	4346064	G	*/+A	16	2	10.53%	2	1	46	74	0.98	1	1	7	9	2	0	+A
II	4352654	A	*/+T	30	2	6.06%	2	2	53	74	0.98	1	1	14	16	1	1	+T
II	4419921	T	*/+A	2	6	66.67%	2	2	37	37	0.98	1	1	1	1	5	1	+A
II	4475221	G	*/+T	10	2	14.29%	2	2	53	37	0.98	1	1	7	3	1	1	+T
II	4481876	G	*/+T	92	5	5.15%	2	2	47	56	0.98	1	1	49	43	2	3	+T
II	4493522	T	*/+A	20	3	13.04%	2	1	43	49	0.98	1	1	13	7	3	0	+A
II	4497109	T	*/-G	13	2	13.33%	2	1	40	55	0.98	1	1	9	4	0	2	-G
II	4505641	C	*/-A	19	2	9.52%	2	2	46	55	0.98	1	1	12	7	1	1	-A
II	4507742	G	*/+T	30	2	6.25%	2	1	51	74	0.98	1	1	16	14	2	0	+T
II	4507813	A	*/+G	62	4	6.06%	2	2	48	55	0.98	1	1	43	19	2	2	+G
II	4517047	T	*/+TACTCATC	58	12	16.67%	2	2	48	43	0.98	1	1	34	24	7	5	+TACTCATC
II	4521677	T	*/-AA	3	9	69.23%	2	2	49	45	0.98	1	1	1	2	5	4	-AA
II	4525340	G	*/+T	54	11	16.42%	2	2	38	39	0.98	1	1	36	18	9	2	+T
II	4526174	A	*/-T	20	8	28.57%	2	2	48	52	0.98	1	1	12	8	6	2	-T
II	4526843	C	*/-T	8	5	29.41%	1	2	34	34	0.98	1	1	8	0	4	1	-T
II	4526843	C	*/-TT	8	2	11.76%	1	1	34	37	0.98	1	1	8	0	0	2	-T
II	4528465	C	*/+GACAAT	74	9	10.59%	2	2	44	49	0.98	1	1	35	39	3	6	+GACAAT
II	4528483	T	*/-GACAATGACAGA	76	13	14.61%	2	2	45	45	0.98	1	1	32	44	8	5	-GACAATGACAGA
II	4529375	T	*/+ACAACGACAACGACAACG	36	21	32.81%	2	2	47	41	0.98	1	1	20	16	13	8	+ACAACGACAACGACAACG
II	4529375	T	*/+ACAACGACAACGACAACGACAACG	36	6	9.38%	2	2	47	41	0.98	1	1	20	16	1	5	+ACAACGACAACGACAACG
II	4533588	C	*/-T	55	25	31.25%	2	2	43	44	0.98	1	1	32	23	13	12	-T
II	4534880	A	*/-T	114	28	19.72%	2	2	43	53	0.98	1	1	55	59	14	14	-T
II	4535321	G	*/-GATAT	193	15	7.21%	2	2	43	43	0.98	1	1	94	99	9	6	-GATAT
II	4535523	T	*/+GTTACG	225	43	16.04%	2	2	46	45	0.98	1	1	69	156	11	32	+GTTACG
II	4535548	A	*/-TATGTG	249	37	12.89%	2	2	47	46	0.98	1	1	97	152	15	22	-TATGTG
II	4535645	G	*/-T	177	43	19.46%	2	2	52	52	0.98	1	1	97	80	23	20	-T
II	4535727	A	*/-G	135	26	16.15%	2	2	45	43	0.98	1	1	49	86	9	17	-G
II	4536728	A	*/+GAGAGTAGG	206	18	7.76%	2	2	49	48	0.98	1	1	94	112	9	9	+GAGAGTAGG
II	4537213	G	*/+T	117	153	56.67%	2	2	52	51	0.98	1	1	57	60	90	63	+T
II	4537387	A	*/-AATAAGAG	73	126	63.32%	2	2	47	48	0.98	1	1	41	32	76	50	-AATAAGAG
II	4537655	A	*/+AAATG	51	5	8.93%	2	2	47	37	0.98	1	1	37	14	2	3	+AAATG
II	4537665	G	*/+AAATA	45	9	16.67%	2	1	47	39	0.98	1	1	29	16	9	0	+AAATA
II	4537712	T	*/-AAATAAAATTAATG	40	7	14.89%	2	2	37	37	0.98	1	1	22	18	1	6	-AAATAAAATTAATG
III	1558	G	*/-A	71	8	8.99%	2	2	41	39	0.98	1	1	34	37	3	5	-A
III	4729	A	*/-T	412	133	21.95%	2	2	47	52	0.98	1	1	267	145	54	79	-T
III	4729	A	*/+T	412	42	6.93%	2	2	47	48	0.98	1	1	267	145	15	27	-T
III	4952	C	*/+T	345	46	11.7%	2	2	41	52	0.98	1	1	215	130	15	31	+T
III	5403	C	*/-T	445	160	23.46%	2	2	43	45	0.98	1	1	331	114	87	73	-T
III	5403	C	*/-TT	445	41	6.01%	2	2	43	48	0.98	1	1	331	114	18	23	-T
III	9812	T	*/+A	143	21	12.57%	2	2	46	42	0.98	1	1	42	101	1	20	+A
III	12428	G	*/-A	75	6	6.52%	2	2	41	55	0.98	1	1	34	41	2	4	-A
III	12428	G	*/+A	75	6	6.52%	2	2	41	43	0.98	1	1	34	41	4	2	-A
III	15599	A	*/-T	413	129	21.29%	2	2	48	50	0.98	1	1	270	143	58	71	-T
III	15599	A	*/+T	413	36	5.94%	2	2	48	47	0.98	1	1	270	143	16	20	-T
III	15822	C	*/+T	323	58	15.06%	2	2	42	52	0.98	1	1	216	107	19	39	+T
III	16273	C	*/-T	454	134	20.43%	2	2	43	42	0.98	1	1	317	137	79	55	-T
III	16273	C	*/-TT	454	34	5.18%	2	2	43	43	0.98	1	1	317	137	19	15	-T
III	20682	T	*/+A	126	19	12.93%	2	1	46	38	0.98	1	1	47	79	0	19	+A
III	59772	C	*/-A	29	3	9.38%	2	2	46	61	0.98	1	1	18	11	2	1	-A
III	69589	T	*/-A	15	3	15.79%	2	2	46	37	0.98	1	1	7	8	1	2	-A
III	123319	T	*/-A	9	4	30.77%	2	2	41	34	0.98	1	1	6	3	1	3	-A
III	172224	C	*/-AT	29	2	6.25%	2	2	45	37	0.98	1	1	22	7	1	1	-AT
III	207168	T	*/-A	4	2	33.33%	1	2	39	31	0.98	1	1	4	0	1	1	-A
III	208140	C	*/-A	5	7	46.67%	1	2	39	38	0.98	1	1	5	0	5	2	-A
III	208140	C	*/+A	5	2	13.33%	1	2	39	61	0.98	1	1	5	0	1	1	-A
III	231502	G	*/+A	19	2	9.52%	2	2	42	55	0.98	1	1	11	8	1	1	+A
III	253907	A	*/+T	3	5	62.5%	1	2	57	42	0.98	1	1	0	3	2	3	+T
III	286478	C	-TT/-TT	1	9	90%	1	2	37	44	0.98	1	1	1	0	4	5	-TT
III	286594	T	*/-A	6	3	15%	2	1	36	40	0.98	1	1	3	3	3	0	-A
III	286594	T	*/+A	6	11	55%	2	2	36	41	0.98	1	1	3	3	9	2	+A
III	293096	G	*/-T	11	5	27.78%	2	2	39	46	0.98	1	1	8	3	3	2	-T
III	293096	G	*/+T	11	2	11.11%	2	2	39	49	0.98	1	1	8	3	1	1	-T
III	365747	C	-A/-A	0	12	100%	0	2	0	39	0.98	0	1	0	0	11	1	-A
III	431910	C	*/-T	17	2	10.53%	2	2	46	68	0.98	1	1	11	6	1	1	-T
III	467904	C	*/+A	16	2	10.53%	2	1	47	37	0.98	1	1	9	7	0	2	+A
III	489240	A	-CCTCGTTC/-CCTCGTTC	6	26	81.25%	2	2	33	39	0.98	1	1	3	3	22	4	-CCTCGTTC
III	489252	A	+GGAACGAG/+GGAACGAG	0	26	100%	0	2	0	37	0.98	0	1	0	0	22	4	+GGAACGAG
III	568658	C	*/-T	11	3	17.65%	2	2	41	40	0.98	1	1	10	1	1	2	-T
III	568658	C	*/+T	11	3	17.65%	2	2	41	45	0.98	1	1	10	1	2	1	-T
III	675253	C	*/-T	22	3	12%	2	2	47	49	0.98	1	1	12	10	2	1	-T
III	717677	A	*/-T	2	5	71.43%	1	2	55	44	0.98	1	1	2	0	3	2	-T
III	719703	T	*/-A	8	2	18.18%	2	1	46	37	0.98	1	1	7	1	2	0	-A
III	719955	A	-C/-C	0	5	100%	0	2	0	46	0.98	0	1	0	0	2	3	-C
III	720683	A	+T/+T	1	9	90%	1	2	37	37	0.98	1	1	1	0	4	5	+T
III	762516	T	*/-A	17	2	10%	2	2	39	61	0.98	1	1	10	7	1	1	-A
III	824159	A	*/-C	20	2	9.09%	2	2	48	37	0.98	1	1	8	12	1	1	-C
III	857130	T	*/+C	22	3	12%	2	2	51	37	0.98	1	1	8	14	2	1	+C
III	867865	C	-T/-T	1	8	88.89%	1	2	37	40	0.98	1	1	1	0	3	5	-T
III	898665	T	*/-A	24	2	7.69%	2	2	42	49	0.98	1	1	11	13	1	1	-A
III	966124	G	*/-T	12	6	30%	1	2	40	45	0.98	1	1	12	0	5	1	-T
III	970548	C	*/-T	5	2	20%	2	1	29	49	0.98	1	1	3	2	0	2	-T
III	970892	C	*/-T	10	3	21.43%	2	2	37	29	0.98	1	1	7	3	1	2	-T
III	985871	C	*/-T	12	3	20%	1	1	35	37	0.98	1	1	12	0	3	0	-T
III	996949	A	*/+T	16	2	10.53%	2	2	49	37	0.98	1	1	9	7	1	1	+T
III	1016311	G	+C/+C	0	38	100%	0	2	0	49	0.98	0	1	0	0	17	21	+C
III	1079346	A	*/+G	70	13	15.66%	2	2	45	41	0.98	1	1	49	21	11	2	+G
III	1087979	A	*/+G	37	4	9.76%	2	2	43	43	0.98	1	1	18	19	3	1	+G
III	1095550	G	*/-T	15	5	17.24%	2	2	45	46	0.98	1	1	9	6	3	2	-T
III	1095550	G	*/-TT	15	6	20.69%	2	2	45	38	0.98	1	1	9	6	4	2	-TT
III	1095550	G	*/+T	15	2	6.9%	2	2	45	25	0.98	1	1	9	6	1	1	-TT
III	1103423	T	*/-A	12	5	23.81%	2	2	42	46	0.98	1	1	8	4	2	3	-A
III	1110963	T	*/+C	45	4	8.16%	2	2	50	46	0.98	1	1	19	26	2	2	+C
III	1117723	T	*/+C	39	7	15.22%	2	2	48	42	0.98	1	1	17	22	5	2	+C
III	1124483	T	*/+C	48	7	12.73%	2	2	45	40	0.98	1	1	24	24	4	3	+C
III	1131243	T	*/+C	37	2	5.13%	2	2	49	49	0.98	1	1	16	21	1	1	+C
III	1137988	C	*/+TT	13	2	13.33%	2	1	41	55	0.98	1	1	12	1	2	0	+TT
III	1239214	T	*/-A	8	2	18.18%	2	1	44	55	0.98	1	1	5	3	0	2	-A
III	1244495	G	*/-T	17	2	10.53%	2	1	50	55	0.98	1	1	7	10	0	2	-T
III	1252505	G	*/+T	5	4	30.77%	2	1	39	36	0.98	1	1	4	1	4	0	+T
III	1252505	G	*/+TT	5	2	15.38%	2	2	39	48	0.98	1	1	4	1	1	1	+T
III	1395394	G	*/-T	2	2	28.57%	1	2	37	37	0.98	1	1	2	0	1	1	-T
III	1396983	T	*/-GGTTTCGGTTTC	21	2	8.7%	2	1	50	31	0.98	1	1	19	2	2	0	-GGTTTCGGTTTC
III	1421567	T	*/+GGG	5	2	22.22%	2	1	44	37	0.98	1	1	2	3	2	0	+GGG
III	1468974	T	*/-TA	27	2	6.9%	2	2	52	37	0.98	1	1	17	10	1	1	-TA
III	1510625	T	*/-G	15	2	11.76%	2	1	40	49	0.98	1	1	8	7	0	2	-G
III	1510629	T	*/-A	7	5	35.71%	2	2	58	37	0.98	1	1	1	6	4	1	-A
III	1510629	T	*/+A	7	2	14.29%	2	1	58	37	0.98	1	1	1	6	2	0	-A
III	1529684	C	*/+A	9	2	16.67%	2	1	43	37	0.98	1	1	6	3	2	0	+A
III	1535109	G	*/+A	23	2	8%	2	1	45	37	0.98	1	1	13	10	0	2	+A
III	1547169	C	*/-A	9	5	33.33%	2	1	43	37	0.98	1	1	4	5	5	0	-A
III	1575951	G	*/+T	7	5	38.46%	2	2	38	47	0.98	1	1	4	3	3	2	+T
III	1594933	T	*/-A	11	2	13.33%	2	2	40	42	0.98	1	1	5	6	1	1	-A
III	1671873	C	*/+T	10	2	15.38%	2	1	50	37	0.98	1	1	3	7	2	0	+T
III	1674618	C	*/-T	4	2	22.22%	2	1	36	42	0.98	1	1	3	1	0	2	-T
III	1674618	C	*/-TT	4	3	33.33%	2	2	36	40	0.98	1	1	3	1	2	1	-TT
III	1685487	G	+A/+A	1	22	95.65%	1	2	37	48	0.98	1	1	0	1	12	10	+A
III	1702276	A	*/-T	28	4	11.76%	2	2	50	55	0.98	1	1	19	9	1	3	-T
III	1702276	A	*/+T	28	2	5.88%	2	2	50	49	0.98	1	1	19	9	1	1	-T
III	1702666	C	*/-T	15	2	11.11%	2	2	39	37	0.98	1	1	8	7	1	1	-T
III	1707997	T	*/+A	25	2	7.41%	2	1	43	55	0.98	1	1	12	13	2	0	+A
III	1712983	G	*/-A	7	10	41.67%	2	2	40	37	0.98	1	1	6	1	9	1	-A
III	1712983	G	*/-AA	7	5	20.83%	2	2	40	46	0.98	1	1	6	1	3	2	-A
III	1715328	C	*/+A	12	2	14.29%	2	1	36	37	0.98	1	1	7	5	2	0	+A
III	1753294	T	*/-A	28	2	6.45%	2	1	45	37	0.98	1	1	12	16	2	0	-A
III	1756400	T	-A/-A	0	35	100%	0	2	0	50	0.98	0	1	0	0	11	24	-A
III	1758846	C	*/-A	8	5	38.46%	1	2	48	47	0.98	1	1	8	0	2	3	-A
III	1765612	C	*/+T	31	2	6.06%	2	1	45	37	0.98	1	1	13	18	0	2	+T
III	1774235	T	+GATC/+GATC	0	14	93.33%	0	2	0	42	0.98	0	1	0	0	7	7	+GATC
III	1802522	G	*/-T	21	2	8.7%	2	1	47	37	0.98	1	1	17	4	2	0	-T
III	1821911	C	*/-A	6	3	30%	1	2	37	45	0.98	1	1	6	0	2	1	-A
III	1833482	C	*/+T	26	2	7.14%	2	1	47	31	0.98	1	1	13	13	0	2	+T
III	1925626	C	*/-A	8	2	16.67%	2	1	42	55	0.98	1	1	5	3	0	2	-A
III	1925626	C	*/-AA	8	2	16.67%	2	1	42	55	0.98	1	1	5	3	2	0	-A
III	1928744	G	*/+T	26	2	7.14%	2	2	46	61	0.98	1	1	11	15	1	1	+T
III	1947823	A	*/-T	23	3	10.71%	2	2	45	37	0.98	1	1	14	9	2	1	-T
III	1985119	G	*/-T	12	2	13.33%	2	1	42	42	0.98	1	1	4	8	0	2	-T
III	2067571	T	*/+A	4	2	33.33%	2	1	43	37	0.98	1	1	1	3	0	2	+A
III	2067838	T	*/-A	6	3	30%	1	2	35	36	0.98	1	1	6	0	2	1	-A
III	2076412	G	*/-T	12	4	22.22%	2	2	41	43	0.98	1	1	9	3	2	2	-T
III	2087758	C	*/-T	35	2	5.41%	2	1	45	55	0.98	1	1	11	24	0	2	-T
III	2113205	C	*/-T	6	2	20%	2	1	37	55	0.98	1	1	5	1	0	2	-T
III	2113205	C	*/+T	6	2	20%	2	2	37	37	0.98	1	1	5	1	1	1	-T
III	2178240	T	*/-A	15	3	15%	2	2	42	33	0.98	1	1	11	4	2	1	-A
III	2240594	C	*/+A	10	2	16.67%	2	1	50	55	0.98	1	1	4	6	2	0	+A
III	2279953	C	*/+A	17	2	10.53%	2	2	42	37	0.98	1	1	9	8	1	1	+A
III	2281940	C	*/-T	17	2	9.52%	2	1	51	74	0.98	1	1	13	4	0	2	-T
III	2284394	C	*/-T	14	2	11.11%	2	1	37	37	0.98	1	1	4	10	0	2	-T
III	2284394	C	*/+T	14	2	11.11%	2	2	37	37	0.98	1	1	4	10	1	1	-T
III	2309611	T	*/-A	7	3	27.27%	2	2	33	33	0.98	1	1	4	3	1	2	-A
III	2310960	G	*/-A	6	2	25%	2	2	49	74	0.98	1	1	2	4	1	1	-A
III	2310968	A	*/+GGT	6	2	25%	2	2	49	74	0.98	1	1	2	4	1	1	+GGT
III	2378716	A	*/-AAAC	11	2	15.38%	2	2	50	37	0.98	1	1	6	5	1	1	-AAAC
III	2382018	A	*/-T	1	2	33.33%	1	1	74	37	0.98	1	1	1	0	2	0	-T
III	2382018	A	*/-TT	1	3	50%	1	2	74	45	0.98	1	1	1	0	2	1	-TT
III	2443562	A	*/+T	12	30	69.77%	2	1	43	37	0.98	1	1	2	10	0	30	+T
III	2447585	T	*/+TAGTAG	1163	77	6.07%	2	2	47	44	0.98	1	1	772	391	49	28	+TAGTAG
III	2447848	T	*/-A	713	202	17.31%	2	2	44	40	0.98	1	1	523	190	151	51	-A
III	2447848	T	*/-AA	713	118	10.11%	2	2	44	45	0.98	1	1	523	190	78	40	-A
III	2447848	T	*/+A	713	78	6.68%	2	2	44	48	0.98	1	1	523	190	57	21	-A
III	2448309	T	-AA/-AA	32	401	90.11%	2	2	42	42	0.98	1	1	23	9	162	239	-AA
III	2448518	T	*/-A	635	198	20.27%	2	2	46	45	0.98	1	1	431	204	140	58	-A
III	2448518	T	*/-AA	635	57	5.83%	2	2	46	46	0.98	1	1	431	204	34	23	-A
III	2448518	T	*/+A	635	64	6.55%	2	2	46	42	0.98	1	1	431	204	42	22	+A
III	2450688	A	*/+T	94	5	5.05%	2	2	43	44	0.98	1	1	48	46	2	3	+T
