Chrom	Position	Ref	Cons	Reads1	Reads2	VarFreq	Strands1	Strands2	Qual1	Qual2	Pvalue	MapQual1	MapQual2	Reads1Plus	Reads1Minus	Reads2Plus	Reads2Minus	VarAllele
chr_II_telomeric_gap	4294	A	*/-T	7	2	22.22%	2	2	58	37	0.98	1	1	2	5	1	1	-T
chr_II_telomeric_gap	6301	C	*/-AT	12	2	14.29%	2	1	47	55	0.98	1	1	1	11	2	0	-AT
I	475	C	*/+ACCAAT	70	8	9.3%	2	2	47	50	0.98	1	1	31	39	3	5	+ACCAAT
I	3160	A	*/+GTTGTCGTTGTCGTTGTC	48	9	14.29%	2	2	50	43	0.98	1	1	26	22	8	1	+GTTGTCGTTGTCGTTGTC
I	3160	A	*/+GTTGTCGTTGTCGTTGTCGTTGTC	48	4	6.35%	2	2	50	55	0.98	1	1	26	22	1	3	+GTTGTCGTTGTCGTTGTC
I	4047	C	*/-TGTCTCTGTCAT	59	10	14.49%	2	2	47	37	0.98	1	1	29	30	5	5	-TGTCTCTGTCAT
I	4053	C	*/+TGTCAT	50	7	11.86%	2	2	44	45	0.98	1	1	21	29	6	1	+TGTCAT
I	5409	T	*/+CCTCACTGGTAG	36	13	26.53%	2	2	45	51	0.98	1	1	19	17	9	4	+CCTCACTGGTAG
I	5677	G	*/-A	14	4	16.67%	1	2	43	46	0.98	1	1	14	0	3	1	-A
I	5677	G	*/-AA	14	2	8.33%	1	1	43	37	0.98	1	1	14	0	2	0	-A
I	6357	T	*/-AA	35	7	15.91%	2	2	48	35	0.98	1	1	21	14	5	2	-AA
I	7192	C	*/-A	20	6	23.08%	2	2	47	45	0.98	1	1	14	6	4	2	-A
I	10859	G	*/-TT	4	7	63.64%	2	2	64	47	0.98	1	1	2	2	4	3	-TT
I	17331	C	*/-AT	20	4	16.67%	2	1	49	37	0.98	1	1	6	14	4	0	-AT
I	17760	A	*/-G	33	5	13.16%	2	2	46	44	0.98	1	1	13	20	2	3	-G
I	27402	A	*/-C	11	4	20%	2	2	36	37	0.98	1	1	2	9	1	3	-C
I	27402	A	*/+C	11	3	15%	2	1	36	25	0.98	1	1	2	9	0	3	-C
I	28398	A	*/+C	49	7	12.5%	2	2	43	47	0.98	1	1	11	38	3	4	+C
I	43335	G	*/+A	6	2	25%	1	1	33	37	0.98	1	1	6	0	2	0	+A
I	55244	T	*/-AA	7	3	23.08%	1	1	42	37	0.98	1	1	7	0	3	0	-AA
I	55244	T	*/-AAA	7	2	15.38%	1	2	42	42	0.98	1	1	7	0	1	1	-AA
I	96956	C	*/+T	32	2	5.88%	2	2	50	42	0.98	1	1	16	16	1	1	+T
I	101871	A	+G/+G	0	18	94.74%	0	2	0	46	0.98	0	1	0	0	9	9	+G
I	113506	G	*/-T	26	2	7.14%	2	1	41	37	0.98	1	1	18	8	2	0	-T
I	137559	T	*/-AC	37	2	5.13%	2	2	43	49	0.98	1	1	20	17	1	1	-AC
I	232688	T	*/-A	3	3	42.86%	1	1	61	37	0.98	1	1	0	3	0	3	-A
I	352418	T	+A/+A	0	13	100%	0	2	0	43	0.98	0	1	0	0	4	9	+A
I	440084	T	*/+A	0	5	71.43%	0	2	0	37	0.98	0	1	0	0	4	1	+A
I	441614	C	*/-T	10	2	13.33%	2	2	41	36	0.98	1	1	8	2	1	1	-T
I	441614	C	*/-TT	10	2	13.33%	2	2	41	42	0.98	1	1	8	2	1	1	-T
I	453369	G	*/-A	5	3	30%	1	2	44	49	0.98	1	1	5	0	2	1	-A
I	456726	G	*/-T	8	2	16.67%	2	2	46	31	0.98	1	1	4	4	1	1	-T
I	464017	C	*/+A	7	2	20%	2	2	42	37	0.98	1	1	2	5	1	1	+A
I	470378	A	-C/-C	0	12	100%	0	2	0	38	0.98	0	1	0	0	7	5	-C
I	470390	A	-C/-C	0	13	100%	0	2	0	41	0.98	0	1	0	0	8	5	-C
I	482737	A	+G/+G	1	25	96.15%	1	2	37	46	0.98	1	1	0	1	10	15	+G
I	521845	T	*/-A	13	5	26.32%	2	2	46	34	0.98	1	1	4	9	2	3	-A
I	554527	A	*/+T	4	7	58.33%	2	2	49	44	0.98	1	1	3	1	5	2	+T
I	555713	C	*/+T	5	13	68.42%	2	2	42	43	0.98	1	1	2	3	7	6	+T
I	562745	A	*/+T	4	3	37.5%	1	2	37	57	0.98	1	1	4	0	1	2	+T
I	650099	C	*/-A	4	2	22.22%	2	2	37	55	0.98	1	1	1	3	1	1	-A
I	670032	C	+A/+A	1	54	98.18%	1	2	37	51	0.98	1	1	1	0	20	34	+A
I	682993	T	-C/-C	1	22	95.65%	1	2	37	53	0.98	1	1	0	1	9	13	-C
I	719597	G	*/-TA	30	3	8.82%	2	2	51	49	0.98	1	1	15	15	2	1	-TA
I	739041	A	+AAAT/+AAAT	2	10	83.33%	1	2	37	44	0.98	1	1	0	2	2	8	+AAAT
I	765320	G	+TAAATAAA/+TAAATAAA	0	7	100%	0	2	0	40	0.98	0	1	0	0	4	3	+TAAATAAA
I	765477	A	*/-T	6	2	25%	1	1	51	37	0.98	1	1	0	6	2	0	-T
I	793917	A	*/-T	3	2	40%	2	1	36	37	0.98	1	1	1	2	2	0	-T
I	807903	A	*/-T	14	2	11.11%	2	1	51	37	0.98	1	1	5	9	0	2	-T
I	807903	A	*/+T	14	2	11.11%	2	2	51	31	0.98	1	1	5	9	1	1	-T
I	851935	C	*/+T	31	4	11.43%	2	2	46	37	0.98	1	1	12	19	2	2	+T
I	862962	C	+T/+T	0	9	100%	0	2	0	48	0.98	0	1	0	0	5	4	+T
I	934607	T	*/-A	24	3	10.71%	2	1	47	53	0.98	1	1	15	9	3	0	-A
I	934908	T	*/+AA	2	4	44.44%	1	2	31	37	0.98	1	1	2	0	2	2	+AA
I	936124	G	*/+AATA	13	2	13.33%	2	2	51	55	0.98	1	1	9	4	1	1	+AATA
I	960025	G	*/+T	2	5	71.43%	1	2	37	44	0.98	1	1	2	0	3	2	+T
I	965438	C	*/+A	2	3	33.33%	2	2	33	32	0.98	1	1	1	1	1	2	A
I	995070	G	*/-T	6	2	20%	2	2	43	31	0.98	1	1	3	3	1	1	-T
I	997233	G	*/-T	12	2	13.33%	2	1	42	37	0.98	1	1	8	4	2	0	-T
I	1048635	G	+A/+A	0	16	100%	0	2	0	40	0.98	0	1	0	0	9	7	+A
I	1148104	A	+T/+T	1	3	75%	1	2	25	37	0.98	1	1	0	1	1	2	+T
I	1185797	G	*/-A	4	4	44.44%	2	2	37	37	0.98	1	1	3	1	3	1	-A
I	1200526	C	*/-T	17	2	10%	1	2	47	61	0.98	1	1	17	0	1	1	-T
I	1206603	G	*/-T	26	3	10.34%	2	2	43	49	0.98	1	1	13	13	1	2	-T
I	1254655	T	*/+A	17	2	10%	2	2	39	42	0.98	1	1	9	8	1	1	+A
I	1274803	T	+A/+A	0	12	92.31%	0	2	0	43	0.98	0	1	0	0	5	7	+A
I	1290605	A	*/-T	7	3	25%	2	2	42	57	0.98	1	1	5	2	1	2	-T
I	1290605	A	*/+T	7	2	16.67%	2	1	42	55	0.98	1	1	5	2	2	0	-T
I	1358794	C	*/+A	6	2	20%	2	2	37	37	0.98	1	1	5	1	1	1	+A
I	1358794	C	*/+AA	6	2	20%	2	2	37	61	0.98	1	1	5	1	1	1	+A
I	1424708	C	-A/-A	3	17	85%	1	2	37	49	0.98	1	1	3	0	9	8	-A
I	1454446	C	*/-A	17	2	10%	2	1	41	42	0.98	1	1	13	4	2	0	-A
I	1496317	C	*/-A	3	9	60%	2	2	41	61	0.98	1	1	1	2	2	7	-A
I	1496317	C	*/-AA	3	2	13.33%	2	1	41	31	0.98	1	1	1	2	0	2	-A
I	1509277	C	*/+T	4	4	50%	1	2	36	43	0.98	1	1	4	0	2	2	+T
I	1532042	C	*/+T	11	2	15.38%	2	2	41	31	0.98	1	1	8	3	1	1	+T
I	1595056	C	*/+T	8	2	20%	2	1	39	37	0.98	1	1	7	1	2	0	+T
I	1625092	T	+C/+C	0	8	100%	0	2	0	46	0.98	0	1	0	0	3	5	+C
I	1777634	A	*/-T	6	2	22.22%	2	1	34	55	0.98	1	1	1	5	0	2	-T
I	1837916	G	*/-T	4	3	33.33%	1	2	35	45	0.98	1	1	4	0	2	1	-T
I	1837916	G	*/-TTTT	4	2	22.22%	1	1	35	49	0.98	1	1	4	0	2	0	-T
I	1849285	C	*/-T	22	5	16.67%	2	2	47	41	0.98	1	1	10	12	2	3	-T
I	1849285	C	*/+T	22	3	10%	2	2	47	37	0.98	1	1	10	12	2	1	-T
I	1890184	C	*/-AA	4	2	22.22%	1	1	46	55	0.98	1	1	4	0	0	2	-AA
I	1936294	G	+A/+A	2	11	84.62%	2	2	55	46	0.98	1	1	1	1	5	6	+A
I	1952313	A	+T/+T	1	26	96.3%	1	2	25	48	0.98	1	1	0	1	17	9	+T
I	1954162	C	*/-A	5	3	27.27%	2	1	37	37	0.98	1	1	2	3	3	0	-A
I	1954162	C	*/+A	5	2	18.18%	2	2	37	36	0.98	1	1	2	3	1	1	-A
I	1955740	A	*/-T	7	2	22.22%	2	1	37	31	0.98	1	1	5	2	2	0	-T
I	1955754	C	*/+T	4	3	42.86%	1	2	36	36	0.98	1	1	4	0	2	1	+T
I	1955853	T	*/+A	2	3	50%	1	1	42	37	0.98	1	1	2	0	3	0	+A
I	2025000	C	*/+T	6	6	42.86%	2	2	41	36	0.98	1	1	5	1	5	1	+T
I	2041948	T	*/-A	13	2	13.33%	1	1	37	42	0.98	1	1	13	0	2	0	-A
I	2052488	A	*/-T	15	9	37.5%	2	2	46	41	0.98	1	1	9	6	6	3	-T
I	2096013	T	*/+A	14	2	11.76%	2	1	42	61	0.98	1	1	11	3	0	2	+A
I	2154491	T	+A/+A	0	24	100%	0	2	0	42	0.98	0	1	0	0	10	14	+A
I	2178948	C	*/+A	20	3	12%	2	1	41	37	0.98	1	1	18	2	3	0	+A
I	2209028	C	+T/+T	1	6	75%	1	2	74	37	0.98	1	1	1	0	3	3	+T
I	2231762	T	*/-A	12	2	14.29%	2	2	41	49	0.98	1	1	5	7	1	1	-A
I	2273201	T	*/-AA	1	2	50%	1	1	74	43	0.98	1	1	0	1	0	2	-AA
I	2288240	C	-G/-G	0	19	100%	0	2	0	51	0.98	0	1	0	0	11	8	-G
I	2322636	C	*/-A	15	4	14.29%	2	2	37	34	0.98	1	1	14	1	3	1	-A
I	2322636	C	*/-AA	15	3	10.71%	2	1	37	49	0.98	1	1	14	1	3	0	-A
I	2322636	C	*/-AAA	15	2	7.14%	2	2	37	61	0.98	1	1	14	1	1	1	-A
I	2322636	C	*/+A	15	3	10.71%	2	1	37	37	0.98	1	1	14	1	3	0	+A
I	2343703	G	+A/+A	0	9	100%	0	2	0	43	0.98	0	1	0	0	6	3	+A
I	2421576	A	-C/-C	0	14	100%	0	2	0	44	0.98	0	1	0	0	9	5	-C
I	2424539	G	*/-A	5	3	37.5%	2	2	43	36	0.98	1	1	3	2	2	1	-A
I	2452410	A	*/-T	26	3	10.34%	2	2	56	61	0.98	1	1	12	14	1	2	-T
I	2482720	A	*/+C	6	2	25%	2	1	35	55	0.98	1	1	4	2	0	2	+C
I	2499149	A	-T/-T	1	17	94.44%	1	2	37	45	0.98	1	1	1	0	4	13	-T
I	2502628	T	*/-A	16	3	15%	2	2	47	49	0.98	1	1	10	6	1	2	-A
I	2507462	T	+A/+A	2	24	92.31%	2	2	55	41	0.98	1	1	1	1	13	11	+A
I	2510060	T	*/+A	4	10	71.43%	1	2	37	40	0.98	1	1	0	4	8	2	+A
I	2525300	T	*/-A	17	3	13.64%	2	2	45	33	0.98	1	1	6	11	2	1	-A
I	2525300	T	*/+A	17	2	9.09%	2	2	45	31	0.98	1	1	6	11	1	1	-A
I	2525713	C	*/-T	20	5	20%	2	2	47	39	0.98	1	1	16	4	2	3	-T
I	2578262	T	*/-A	12	2	13.33%	2	1	51	31	0.98	1	1	8	4	0	2	-A
I	2588021	C	+A/+A	0	9	100%	0	2	0	50	0.98	0	1	0	0	7	2	+A
I	2588066	C	+A/+A	0	8	100%	0	2	0	52	0.98	0	1	0	0	5	3	+A
I	2594263	C	+T/+T	0	6	100%	0	1	0	47	0.98	0	1	0	0	0	6	+T
I	2594324	T	*/+A	2	4	66.67%	1	2	55	55	0.98	1	1	0	2	2	2	+A
I	2594351	T	+A/+A	0	5	100%	0	2	0	51	0.98	0	1	0	0	3	2	+A
I	2594391	A	+T/+T	1	3	75%	1	2	74	49	0.98	1	1	0	1	2	1	+T
I	2605860	G	-T/-T	0	14	100%	0	2	0	44	0.98	0	1	0	0	5	9	-T
I	2607669	A	+T/+T	1	14	93.33%	1	2	37	49	0.98	1	1	1	0	8	6	+T
I	2683902	T	-C/-C	0	13	100%	0	2	0	49	0.98	0	1	0	0	9	4	-C
I	2747027	T	*/-A	8	5	35.71%	2	2	47	37	0.98	1	1	4	4	3	2	-A
I	2751236	T	-A/-A	2	21	84%	2	2	31	44	0.98	1	1	1	1	12	9	-A
I	2751236	T	*/-AA	2	2	8%	2	1	31	55	0.98	1	1	1	1	2	0	-A
I	2759871	T	+C/+C	1	11	84.62%	1	2	74	42	0.98	1	1	1	0	7	4	+C
I	2801921	G	*/+A	17	2	10.53%	2	1	55	37	0.98	1	1	11	6	2	0	+A
I	2812650	C	*/+T	12	2	13.33%	2	1	46	37	0.98	1	1	8	4	2	0	+T
I	2880392	A	*/+T	18	2	10%	2	2	43	49	0.98	1	1	11	7	1	1	+T
I	2897634	G	*/-TA	32	4	11.11%	2	2	46	46	0.98	1	1	15	17	2	2	-TA
I	2932741	C	*/-AT	12	2	14.29%	2	2	44	37	0.98	1	1	5	7	1	1	-AT
I	2958937	G	*/-A	8	2	18.18%	2	2	40	42	0.98	1	1	4	4	1	1	-A
I	2963080	T	*/-A	19	2	9.52%	2	1	41	25	0.98	1	1	4	15	0	2	-A
I	2969806	T	*/-G	22	2	8.33%	2	2	44	55	0.98	1	1	10	12	1	1	-G
I	2989146	T	+A/+A	3	11	78.57%	1	2	41	44	0.98	1	1	0	3	7	4	+A
I	3014393	G	*/-T	11	2	14.29%	2	1	38	37	0.98	1	1	9	2	2	0	-T
I	3023963	C	*/+T	5	12	70.59%	2	2	39	46	0.98	1	1	3	2	5	7	+T
I	3033347	C	*/-T	12	2	13.33%	2	2	46	37	0.98	1	1	10	2	1	1	-T
I	3084527	A	*/+AGT	33	3	8.33%	2	2	56	74	0.98	1	1	14	19	2	1	+AGT
I	3125118	A	+T/+T	0	7	100%	0	2	0	43	0.98	0	1	0	0	5	2	+T
I	3159187	C	*/-CA	54	6	10%	2	2	53	55	0.98	1	1	27	27	2	4	-CA
I	3159994	C	*/-T	48	9	15%	2	2	40	43	0.98	1	1	38	10	7	2	-T
I	3166776	G	*/+T	2	2	11.76%	1	2	37	68	0.98	1	1	2	0	1	1	+T
I	3166776	G	*/+TT	2	5	29.41%	1	2	37	51	0.98	1	1	2	0	3	2	+TT
I	3166776	G	*/+TTT	2	4	23.53%	1	1	37	36	0.98	1	1	2	0	4	0	+TT
I	3166776	G	*/+TTTT	2	2	11.76%	1	1	37	55	0.98	1	1	2	0	0	2	+TT
I	3178494	C	+T/+T	1	14	93.33%	1	2	37	45	0.98	1	1	1	0	8	6	+T
I	3184255	T	*/-A	9	7	38.89%	2	2	45	44	0.98	1	1	7	2	2	5	-A
I	3197528	A	+G/+G	2	42	93.33%	2	2	37	49	0.98	1	1	1	1	23	19	+G
I	3299997	G	*/-A	20	2	8%	2	1	41	42	0.98	1	1	19	1	2	0	-A
I	3299997	G	*/+A	20	2	8%	2	1	41	55	0.98	1	1	19	1	2	0	-A
I	3303394	C	*/-AT	8	2	15.38%	2	2	50	49	0.98	1	1	2	6	1	1	-AT
I	3322659	C	*/-T	21	2	7.69%	2	2	39	55	0.98	1	1	19	2	1	1	-T
I	3322659	C	*/+T	21	3	11.54%	2	2	39	37	0.98	1	1	19	2	2	1	+T
I	3380071	C	*/-T	15	3	15.79%	2	2	53	49	0.98	1	1	12	3	2	1	-T
I	3380404	C	*/+A	9	4	30.77%	2	2	38	49	0.98	1	1	6	3	2	2	+A
I	3404991	C	*/-T	5	2	28.57%	1	1	49	37	0.98	1	1	5	0	2	0	-T
I	3417430	A	*/-T	25	2	7.41%	2	2	47	37	0.98	1	1	11	14	1	1	-T
I	3443323	C	*/-T	13	2	13.33%	2	2	54	37	0.98	1	1	6	7	1	1	-T
I	3450130	G	-T/-T	1	17	94.44%	1	2	37	45	0.98	1	1	0	1	7	10	-T
I	3460318	T	+C/+C	1	14	93.33%	1	2	37	55	0.98	1	1	0	1	7	7	+C
I	3460476	G	*/+A	7	2	20%	2	1	35	37	0.98	1	1	5	2	2	0	+A
I	3538413	A	+T/+T	1	14	93.33%	1	2	37	38	0.98	1	1	0	1	7	7	+T
I	3538428	G	+T/+T	1	14	87.5%	1	2	25	40	0.98	1	1	1	0	6	8	+T
I	3538436	T	+A/+A	2	13	86.67%	2	2	37	41	0.98	1	1	1	1	5	8	+A
I	3538449	T	+TA/+TA	1	12	92.31%	1	2	37	43	0.98	1	1	0	1	5	7	+TA
I	3538456	A	+AT/+AT	0	12	100%	0	2	0	41	0.98	0	1	0	0	5	7	+AT
I	3576756	T	*/+TCTTCTC	3	2	25%	1	2	49	38	0.98	1	1	0	3	1	1	C
I	3576929	C	*/+T	4	9	69.23%	2	2	37	48	0.98	1	1	1	3	2	7	+T
I	3580034	C	*/+T	2	5	62.5%	2	2	49	39	0.98	1	1	1	1	1	4	+T
I	3609896	T	*/-A	3	2	33.33%	2	1	37	37	0.98	1	1	2	1	2	0	-A
I	3645091	G	*/+T	16	2	9.52%	2	1	48	37	0.98	1	1	11	5	2	0	+T
I	3652248	G	*/+A	18	4	18.18%	2	2	48	34	0.98	1	1	11	7	2	2	+A
I	3659724	C	*/-T	18	3	12.5%	2	2	48	33	0.98	1	1	11	7	1	2	-T
I	3659724	C	*/+T	18	3	12.5%	2	1	48	40	0.98	1	1	11	7	3	0	-T
I	3665610	G	+C/+C	1	50	98.04%	1	2	74	44	0.98	1	1	0	1	24	26	+C
I	3700385	T	*/+A	2	2	20%	1	1	42	37	0.98	1	1	2	0	2	0	+A
I	3700385	T	*/+AA	2	6	60%	1	2	42	46	0.98	1	1	2	0	2	4	+AA
I	3721013	A	*/-T	31	2	6.06%	2	1	48	55	0.98	1	1	14	17	2	0	-T
I	3730369	A	+T/+T	0	12	100%	0	2	0	49	0.98	0	1	0	0	10	2	+T
I	3745734	A	*/-AT	11	3	21.43%	2	2	44	61	0.98	1	1	6	5	1	2	-AT
I	3752808	C	*/-A	15	2	11.76%	2	2	43	37	0.98	1	1	9	6	1	1	-A
I	3765328	C	+T/+T	1	13	86.67%	1	2	74	40	0.98	1	1	0	1	9	4	+T
I	3776933	G	+A/+A	1	6	85.71%	1	2	74	39	0.98	1	1	1	0	1	5	+A
I	3785861	G	*/-TATAATGTA	33	4	10.81%	2	2	50	43	0.98	1	1	6	27	1	3	-TATAATGTA
I	3785908	G	*/-TA	13	2	12.5%	2	1	44	37	0.98	1	1	8	5	2	0	-TA
I	3855790	G	-T/-T	1	13	92.86%	1	2	37	51	0.98	1	1	1	0	5	8	-T
I	3866132	G	*/-TA	8	3	27.27%	2	2	49	49	0.98	1	1	4	4	2	1	-TA
I	3876451	A	*/+G	28	3	9.68%	2	2	43	37	0.98	1	1	18	10	1	2	+G
I	3877380	G	+A/+A	1	16	88.89%	1	2	37	41	0.98	1	1	0	1	7	9	+A
I	3879437	C	*/+A	13	2	13.33%	2	1	42	29	0.98	1	1	8	5	2	0	+A
I	3898271	C	*/-A	10	2	16.67%	2	2	37	49	0.98	1	1	5	5	1	1	-A
I	3940025	G	+T/+T	1	16	88.89%	1	2	62	50	0.98	1	1	1	0	6	10	+T
I	3984736	A	*/-GGT	118	10	7.81%	2	1	46	37	0.98	1	1	46	72	0	10	-GGT
I	3991338	T	+A/+A	2	11	84.62%	2	2	55	49	0.98	1	1	1	1	2	9	+A
I	3992211	A	*/-AAC	20	2	9.09%	2	1	48	37	0.98	1	1	7	13	0	2	-AAC
I	3992213	A	*/-C	19	2	9.52%	2	2	46	31	0.98	1	1	6	13	1	1	-C
I	3995023	C	*/-T	2	2	50%	2	1	49	49	0.98	1	1	1	1	2	0	-T
I	3995862	A	*/+T	70	8	10.26%	2	2	47	50	0.98	1	1	36	34	6	2	+T
I	3996048	G	*/-A	78	10	11.36%	2	2	53	59	0.98	1	1	33	45	3	7	-A
I	4004016	G	*/-T	3	2	40%	2	2	70	37	0.98	1	1	2	1	1	1	-T
I	4055052	T	+A/+A	1	14	93.33%	1	2	37	36	0.98	1	1	1	0	13	1	+A
I	4098272	C	*/+T	24	2	7.69%	2	2	40	74	0.98	1	1	18	6	1	1	+T
I	4137001	T	*/-A	19	3	13.64%	2	2	46	33	0.98	1	1	13	6	2	1	-A
I	4179701	C	*/+T	4	4	36.36%	1	1	30	44	0.98	1	1	4	0	4	0	+T
I	4241118	G	*/-A	10	2	11.76%	2	2	38	31	0.98	1	1	7	3	1	1	-A
I	4241118	G	*/-AA	10	3	17.65%	2	2	38	37	0.98	1	1	7	3	2	1	-AA
I	4276890	G	+T/+T	2	13	81.25%	1	2	37	46	0.98	1	1	0	2	6	7	+T
I	4304169	G	+A/+A	0	16	94.12%	0	2	0	44	0.98	0	1	0	0	8	8	+A
I	4338694	G	*/-T	35	5	12.2%	2	2	40	51	0.98	1	1	25	10	3	2	-T
I	4360508	C	-T/-T	1	32	96.97%	1	2	37	49	0.98	1	1	1	0	16	16	-T
I	4374342	A	-G/-G	0	27	100%	0	2	0	43	0.98	0	1	0	0	16	11	-G
I	4386267	A	*/-G	5	2	22.22%	2	1	44	31	0.98	1	1	3	2	0	2	-G
I	4392864	C	*/-A	21	2	8.33%	2	1	46	31	0.98	1	1	7	14	2	0	-A
I	4407494	T	+G/+G	0	32	100%	0	2	0	53	0.98	0	1	0	0	13	19	+G
I	4410191	C	-G/-G	1	22	95.65%	1	2	37	48	0.98	1	1	1	0	12	10	-G
I	4414201	C	*/-T	4	5	50%	2	2	39	44	0.98	1	1	2	2	3	2	-T
I	4431856	G	+A/+A	1	36	97.3%	1	2	74	47	0.98	1	1	1	0	15	21	+A
I	4431868	C	+A/+A	1	36	97.3%	1	2	37	45	0.98	1	1	1	0	14	22	+A
I	4442621	A	*/-AT	27	5	15.62%	2	2	49	44	0.98	1	1	17	10	4	1	-AT
I	4514478	T	*/-A	5	3	30%	1	2	49	45	0.98	1	1	5	0	2	1	-A
I	4566138	C	*/-T	20	2	9.09%	2	2	48	37	0.98	1	1	12	8	1	1	-T
I	4604649	C	*/-T	5	2	25%	1	1	32	37	0.98	1	1	5	0	2	0	-T
I	4648158	T	*/-TGG	21	2	8.7%	2	2	38	42	0.98	1	1	18	3	1	1	-TGG
I	4648159	T	*/-G	3	12	70.59%	2	2	33	41	0.98	1	1	2	1	11	1	-G
I	4648159	T	*/-GG	3	2	11.76%	2	2	33	55	0.98	1	1	2	1	1	1	-G
I	4664030	C	*/+T	17	2	10.53%	2	1	49	37	0.98	1	1	7	10	0	2	+T
I	4675972	C	*/-T	10	2	16.67%	2	2	46	55	0.98	1	1	5	5	1	1	-T
I	4721875	G	+A/+A	1	6	85.71%	1	2	37	47	0.98	1	1	1	0	4	2	+A
I	4764253	G	*/+A	6	15	62.5%	2	2	41	45	0.98	1	1	5	1	11	4	+A
I	4911431	G	*/+T	7	4	33.33%	2	2	31	39	0.98	1	1	4	3	3	1	+T
I	4916623	C	*/-A	6	4	33.33%	2	2	39	37	0.98	1	1	5	1	2	2	-A
I	4926046	C	*/+T	3	5	50%	1	1	28	35	0.98	1	1	3	0	5	0	+T
I	4963136	A	*/-G	12	2	14.29%	2	2	45	37	0.98	1	1	3	9	1	1	-G
I	4984784	A	*/-T	8	3	27.27%	2	2	47	45	0.98	1	1	4	4	2	1	-T
I	5060109	A	*/-T	11	2	14.29%	2	2	42	55	0.98	1	1	5	6	1	1	-T
I	5096442	G	*/+T	7	2	20%	2	2	37	42	0.98	1	1	6	1	1	1	+T
I	5142627	A	+G/+G	0	9	100%	0	2	0	45	0.98	0	1	0	0	4	5	+G
I	5148414	T	-A/-A	2	23	88.46%	1	2	37	53	0.98	1	1	2	0	10	13	-A
I	5173087	C	*/+T	5	12	70.59%	1	2	34	40	0.98	1	1	5	0	3	9	+T
I	5173430	G	*/+T	7	11	57.89%	2	2	38	44	0.98	1	1	6	1	7	4	+T
I	5176926	T	*/+A	5	7	50%	2	2	51	33	0.98	1	1	3	2	3	4	+A
I	5177760	A	*/+T	14	4	19.05%	1	2	39	46	0.98	1	1	14	0	2	2	+T
I	5177760	A	*/+TT	14	2	9.52%	1	2	39	42	0.98	1	1	14	0	1	1	+T
I	5265702	C	-A/-A	1	13	86.67%	1	2	37	49	0.98	1	1	1	0	10	3	-A
I	5266596	A	*/-T	16	5	20.83%	2	2	50	44	0.98	1	1	10	6	4	1	-T
I	5266596	A	*/+T	16	3	12.5%	2	2	50	45	0.98	1	1	10	6	1	2	-T
I	5368262	T	-C/-C	0	37	100%	0	2	0	50	0.98	0	1	0	0	11	26	-C
I	5368273	G	+T/+T	3	41	91.11%	1	2	37	50	0.98	1	1	0	3	14	27	+T
I	5413624	T	*/-A	13	3	18.75%	2	2	45	45	0.98	1	1	9	4	2	1	-A
I	5426622	C	+T/+T	3	20	83.33%	2	2	49	43	0.98	1	1	2	1	12	8	+T
I	5435210	C	*/-T	14	2	12.5%	2	1	49	37	0.98	1	1	10	4	0	2	-T
I	5509333	T	*/-A	23	2	7.69%	2	2	50	74	0.98	1	1	7	16	1	1	-A
I	5547223	T	*/-A	8	2	18.18%	2	2	46	55	0.98	1	1	6	2	1	1	-A
I	5557287	A	*/-T	9	2	15.38%	2	2	39	55	0.98	1	1	7	2	1	1	-T
I	5567937	C	*/-AA	14	3	17.65%	2	1	39	37	0.98	1	1	10	4	3	0	-AA
I	5571038	A	*/-ATTCATT	2	2	50%	2	1	37	49	0.98	1	1	1	1	0	2	-ATTCATT
I	5573278	G	*/-TA	93	5	5.1%	2	2	53	51	0.98	1	1	36	57	3	2	-TA
I	5573647	T	*/-C	33	2	5.71%	2	1	50	37	0.98	1	1	19	14	2	0	-C
I	5576850	T	*/-AA	7	9	56.25%	2	2	40	49	0.98	1	1	5	2	6	3	-AA
II	1381	A	*/-G	55	3	5.17%	2	2	50	74	0.98	1	1	28	27	1	2	-G
II	5109	A	*/+C	55	3	5.17%	2	2	45	61	0.98	1	1	9	46	1	2	+C
II	46913	T	*/-A	3	3	50%	2	2	49	33	0.98	1	1	2	1	2	1	-A
II	113240	T	*/+A	3	4	57.14%	2	2	37	37	0.98	1	1	2	1	2	2	+A
II	121588	G	*/+T	9	3	25%	2	2	37	74	0.98	1	1	4	5	1	2	+T
II	128001	T	-A/-A	1	16	94.12%	1	2	74	41	0.98	1	1	0	1	8	8	-A
II	138319	A	*/-T	15	2	11.76%	2	2	41	37	0.98	1	1	12	3	1	1	-T
II	146079	T	-C/-C	1	9	90%	1	2	37	43	0.98	1	1	0	1	4	5	-C
II	229897	A	*/-T	22	6	20.69%	2	2	40	41	0.98	1	1	16	6	5	1	-T
II	246318	A	*/-T	17	2	10.53%	2	1	47	37	0.98	1	1	4	13	0	2	-T
II	295849	C	*/-T	17	2	9.52%	2	2	42	55	0.98	1	1	7	10	1	1	-T
II	295849	C	*/+T	17	2	9.52%	2	1	42	49	0.98	1	1	7	10	2	0	-T
II	331894	C	*/+T	16	3	15%	2	1	38	37	0.98	1	1	14	2	3	0	+T
II	410085	C	*/-T	11	5	29.41%	2	2	41	39	0.98	1	1	8	3	3	2	-T
II	484534	A	*/+T	4	7	63.64%	2	1	37	37	0.98	1	1	3	1	0	7	+T
II	516071	T	*/-A	9	5	35.71%	2	2	43	59	0.98	1	1	4	5	2	3	-A
II	521731	G	*/-T	22	3	12%	2	2	47	65	0.98	1	1	13	9	2	1	-T
II	522800	G	*/-A	11	2	14.29%	2	1	43	49	0.98	1	1	9	2	0	2	-A
II	561064	T	*/-A	6	2	22.22%	2	2	61	37	0.98	1	1	2	4	1	1	-A
II	574536	T	*/-A	17	2	10.53%	2	1	45	37	0.98	1	1	4	13	0	2	-A
II	603279	A	-T/-T	0	11	100%	0	2	0	50	0.98	0	1	0	0	7	4	-T
II	603305	A	-C/-C	0	13	100%	0	2	0	46	0.98	0	1	0	0	6	7	-C
II	606893	A	*/-T	13	2	13.33%	2	2	45	37	0.98	1	1	6	7	1	1	-T
II	662406	A	*/-T	41	4	8.51%	2	2	47	39	0.98	1	1	26	15	3	1	-T
II	677175	G	*/-TA	19	3	13.64%	2	2	46	45	0.98	1	1	11	8	2	1	-TA
II	700009	T	-A/-A	1	7	87.5%	1	2	37	47	0.98	1	1	0	1	1	6	-A
II	716295	G	*/-T	6	2	22.22%	2	1	49	36	0.98	1	1	4	2	0	2	-T
II	753854	A	*/-T	4	3	27.27%	1	2	52	49	0.98	1	1	4	0	2	1	-T
II	753854	A	*/+T	4	3	27.27%	1	1	52	37	0.98	1	1	4	0	3	0	-T
II	756993	C	*/-T	17	2	9.09%	2	2	45	49	0.98	1	1	10	7	1	1	-T
II	756993	C	*/+T	17	3	13.64%	2	2	45	37	0.98	1	1	10	7	2	1	+T
II	860521	T	*/-A	28	2	6.67%	2	2	44	55	0.98	1	1	18	10	1	1	-A
II	888599	A	-C/-C	0	11	100%	0	2	0	40	0.98	0	1	0	0	3	8	-C
II	889921	C	*/-T	13	2	10%	2	1	35	37	0.98	1	1	12	1	2	0	-T
II	889921	C	*/+T	13	4	20%	2	2	35	33	0.98	1	1	12	1	3	1	+T
II	890578	C	*/-T	18	2	9.09%	2	2	35	37	0.98	1	1	17	1	1	1	-T
II	903106	G	+T/+T	0	20	100%	0	2	0	42	0.98	0	1	0	0	7	13	+T
II	948303	T	*/+AA	9	2	15.38%	2	2	50	55	0.98	1	1	7	2	1	1	+AA
II	965517	C	*/-T	17	6	26.09%	2	2	49	42	0.98	1	1	14	3	4	2	-T
II	966138	C	*/+A	4	6	46.15%	2	2	39	51	0.98	1	1	1	3	2	4	+A
II	966138	C	*/+AA	4	2	15.38%	2	1	39	31	0.98	1	1	1	3	0	2	+A
II	1019510	T	-A/-A	1	6	75%	1	2	37	43	0.98	1	1	1	0	3	3	-A
II	1046425	T	+A/+A	0	10	100%	0	2	0	50	0.98	0	1	0	0	5	5	+A
II	1059118	T	*/-A	15	2	11.11%	2	1	43	37	0.98	1	1	7	8	0	2	-A
II	1078264	T	*/-A	18	2	9.09%	2	1	40	61	0.98	1	1	13	5	2	0	-A
II	1078264	T	*/+A	18	2	9.09%	2	2	40	37	0.98	1	1	13	5	1	1	-A
II	1079843	T	+A/+A	3	14	82.35%	2	2	70	44	0.98	1	1	2	1	3	11	+A
II	1122580	C	*/-T	35	3	7.69%	2	2	43	41	0.98	1	1	24	11	1	2	-T
II	1156029	A	*/-AT	11	2	15.38%	2	1	35	37	0.98	1	1	4	7	2	0	-AT
II	1163154	A	-T/-T	0	15	100%	0	2	0	42	0.98	0	1	0	0	7	8	-T
II	1171363	T	*/-A	9	2	18.18%	2	1	46	68	0.98	1	1	6	3	2	0	-A
II	1243365	G	*/-T	13	2	12.5%	2	2	46	74	0.98	1	1	3	10	1	1	-T
II	1266289	T	+A/+A	1	4	80%	1	2	62	34	0.98	1	1	0	1	1	3	+A
II	1266955	G	*/-GA	51	3	5.45%	2	2	43	45	0.98	1	1	33	18	1	2	-GA
II	1308618	G	-T/-T	2	17	89.47%	1	2	55	50	0.98	1	1	2	0	9	8	-T
II	1349040	A	*/-T	9	3	21.43%	2	2	41	57	0.98	1	1	6	3	2	1	-T
II	1349040	A	*/+T	9	2	14.29%	2	1	41	37	0.98	1	1	6	3	2	0	-T
II	1365999	G	*/-T	20	7	25%	2	2	51	47	0.98	1	1	9	11	4	3	-T
II	1389139	C	*/+T	6	8	53.33%	2	2	36	46	0.98	1	1	4	2	7	1	+T
II	1416243	C	+AA/+AA	2	13	76.47%	2	2	25	54	0.98	1	1	1	1	10	3	+AA
II	1456839	A	*/-T	2	3	60%	2	2	31	33	0.98	1	1	1	1	1	2	-T
II	1467485	C	*/-T	11	2	14.29%	2	1	41	37	0.98	1	1	5	6	0	2	-T
II	1477843	C	+AA/+AA	0	13	92.86%	0	2	0	47	0.98	0	1	0	0	2	11	+AA
II	1491761	T	*/+A	11	2	15.38%	2	1	48	49	0.98	1	1	6	5	0	2	+A
II	1545027	C	*/-A	6	2	25%	2	2	54	31	0.98	1	1	5	1	1	1	-A
II	1555919	A	+TTTATT/+TTTATT	1	4	80%	1	2	37	34	0.98	1	1	1	0	2	2	+TTTATT
II	1627981	C	*/-T	14	4	18.18%	2	2	35	33	0.98	1	1	12	2	1	3	-T
II	1627981	C	*/-TT	14	3	13.64%	2	2	35	32	0.98	1	1	12	2	1	2	-T
II	1637375	T	*/+C	54	4	6.9%	2	2	46	49	0.98	1	1	21	33	1	3	+C
II	1678205	T	-A/-A	1	5	83.33%	1	2	74	51	0.98	1	1	1	0	2	3	-A
II	1705527	G	+A/+A	0	10	100%	0	2	0	48	0.98	0	1	0	0	6	4	+A
II	1716287	T	*/-G	9	8	47.06%	2	1	39	41	0.98	1	1	6	3	0	8	-G
II	1748646	G	*/-AA	11	4	25%	1	2	35	31	0.98	1	1	11	0	1	3	-AA
II	1755439	C	*/+T	22	2	8%	2	2	51	42	0.98	1	1	15	7	1	1	+T
II	1763419	T	*/-AA	11	2	13.33%	2	2	49	37	0.98	1	1	8	3	1	1	-AA
II	1818108	C	*/-T	9	4	28.57%	2	2	42	34	0.98	1	1	4	5	3	1	-T
II	1861420	T	-G/-G	1	22	95.65%	1	2	37	47	0.98	1	1	1	0	9	13	-G
II	1867795	A	+T/+T	4	12	75%	2	2	43	44	0.98	1	1	3	1	6	6	+T
II	1868122	G	*/-T	4	2	13.33%	2	2	35	37	0.98	1	1	3	1	1	1	-T
II	1868122	G	*/+T	4	8	53.33%	2	2	35	35	0.98	1	1	3	1	7	1	+T
II	1871536	T	*/-A	16	2	11.11%	2	2	46	37	0.98	1	1	10	6	1	1	-A
II	1873779	T	+A/+A	2	13	86.67%	1	2	37	41	0.98	1	1	0	2	7	6	+A
II	1877294	A	+T/+T	1	12	92.31%	1	2	48	42	0.98	1	1	0	1	5	7	+T
II	1938011	G	*/+A	19	2	9.09%	2	2	51	61	0.98	1	1	8	11	1	1	+A
II	1941697	A	*/-T	6	2	25%	2	1	43	49	0.98	1	1	5	1	0	2	-T
II	1941966	A	+T/+T	0	27	100%	0	2	0	48	0.98	0	1	0	0	13	14	+T
II	1941982	A	+T/+T	0	26	100%	0	2	0	46	0.98	0	1	0	0	13	13	+T
II	1948953	G	-A/-A	1	32	96.97%	1	2	37	41	0.98	1	1	0	1	19	13	-A
II	1950050	A	+G/+G	0	29	100%	0	2	0	49	0.98	0	1	0	0	9	20	+G
II	1952046	T	*/+TATTG	12	10	41.67%	2	2	44	39	0.98	1	1	4	8	5	5	+TATTG
II	1953298	C	*/-CT	26	2	6.9%	2	1	41	55	0.98	1	1	13	13	2	0	-CT
II	1953407	T	*/+C	4	7	43.75%	1	1	34	38	0.98	1	1	0	4	0	7	+C
II	1955495	T	+A/+A	2	11	84.62%	1	2	37	44	0.98	1	1	2	0	9	2	+A
II	1960392	A	+G/+G	0	12	92.31%	0	2	0	52	0.98	0	1	0	0	8	4	+G
II	1987101	C	-G/-G	0	22	100%	0	2	0	45	0.98	0	1	0	0	14	8	-G
II	1987117	T	-G/-G	0	22	100%	0	2	0	45	0.98	0	1	0	0	13	9	-G
II	2012625	T	*/+C	47	7	12.96%	2	2	42	37	0.98	1	1	17	30	1	6	+C
II	2049891	A	-T/-T	2	35	94.59%	1	2	31	45	0.98	1	1	2	0	21	14	-T
II	2053516	G	+C/+C	0	20	100%	0	2	0	48	0.98	0	1	0	0	8	12	+C
II	2075724	T	*/-A	29	2	6.45%	2	1	47	37	0.98	1	1	19	10	0	2	-A
II	2108180	T	+A/+A	1	19	95%	1	2	74	45	0.98	1	1	1	0	13	6	+A
II	2147726	G	+T/+T	1	24	96%	1	2	74	52	0.98	1	1	0	1	13	11	+T
II	2187407	G	+A/+A	0	13	92.86%	0	2	0	50	0.98	0	1	0	0	6	7	+A
II	2197587	C	*/-A	5	2	22.22%	1	1	41	37	0.98	1	1	5	0	2	0	-A
II	2198945	G	*/+CACACACACA	29	2	6.25%	2	1	42	42	0.98	1	1	8	21	2	0	+CACACACACA
II	2199987	A	*/+TAACC	28	17	37.78%	2	2	43	47	0.98	1	1	8	20	9	8	+TAACC
II	2219928	A	+T/+T	1	20	95.24%	1	2	74	43	0.98	1	1	0	1	11	9	+T
II	2240817	G	*/-T	32	3	8.57%	2	2	49	37	0.98	1	1	15	17	1	2	-T
II	2265291	A	*/+T	4	16	72.73%	2	2	37	48	0.98	1	1	3	1	10	6	+T
II	2293297	G	-A/-A	0	13	100%	0	2	0	42	0.98	0	1	0	0	8	5	-A
II	2327013	C	*/+T	32	2	5.88%	2	2	43	37	0.98	1	1	10	22	1	1	+T
II	2373654	C	+T/+T	1	19	95%	1	2	37	44	0.98	1	1	1	0	8	11	+T
II	2384381	G	*/-T	9	2	18.18%	2	1	39	55	0.98	1	1	3	6	0	2	-T
II	2410846	A	*/+T	17	2	10.53%	2	1	53	31	0.98	1	1	14	3	2	0	+T
II	2504242	C	*/-A	10	2	16.67%	2	2	47	49	0.98	1	1	5	5	1	1	-A
II	2523624	C	*/-A	6	2	18.18%	2	1	41	48	0.98	1	1	4	2	0	2	-A
II	2552673	G	*/-T	1	3	60%	1	2	48	49	0.98	1	1	1	0	2	1	-T
II	2591913	T	*/+A	7	2	11.11%	2	2	47	31	0.98	1	1	6	1	1	1	+A
II	2591913	T	*/+AA	7	6	33.33%	2	2	47	41	0.98	1	1	6	1	4	2	+AA
II	2591913	T	*/+AAA	7	2	11.11%	2	2	47	25	0.98	1	1	6	1	1	1	+AA
II	2592423	T	+A/+A	1	16	94.12%	1	2	62	50	0.98	1	1	1	0	8	8	+A
II	2617584	A	*/+T	17	2	10.53%	2	1	49	37	0.98	1	1	3	14	2	0	+T
II	2630607	C	*/+A	5	15	60%	2	2	32	47	0.98	1	1	3	2	5	10	+A
II	2630607	C	*/+AA	5	3	12%	2	2	32	49	0.98	1	1	3	2	2	1	+A
II	2640785	T	*/+A	7	21	72.41%	2	2	40	49	0.98	1	1	3	4	11	10	+A
II	2647497	C	*/-T	15	3	15.79%	2	2	45	49	0.98	1	1	7	8	2	1	-T
II	2709414	G	+C/+C	0	21	100%	0	2	0	45	0.98	0	1	0	0	9	12	+C
II	2755338	C	*/-AT	7	6	40%	2	2	47	53	0.98	1	1	2	5	4	2	-AT
II	2755338	C	*/-ATAT	7	2	13.33%	2	2	47	37	0.98	1	1	2	5	1	1	-AT
II	2788933	C	+G/+G	0	19	100%	0	2	0	41	0.98	0	1	0	0	15	4	+G
II	2798040	C	-T/-T	0	24	100%	0	2	0	47	0.98	0	1	0	0	11	13	-T
II	2798514	A	-G/-G	0	18	100%	0	2	0	50	0.98	0	1	0	0	11	7	-G
II	2811495	C	-A/-A	1	23	95.83%	1	2	37	47	0.98	1	1	1	0	13	10	-A
II	2826100	G	*/-A	8	3	21.43%	1	2	37	36	0.98	1	1	8	0	2	1	-A
II	2826100	G	*/-AA	8	2	14.29%	1	1	37	61	0.98	1	1	8	0	0	2	-A
II	2873779	T	+A/+A	4	12	75%	1	2	46	43	0.98	1	1	4	0	10	2	+A
II	2894538	T	*/-A	6	2	20%	2	2	43	37	0.98	1	1	1	5	1	1	-A
II	2894538	T	*/+A	6	2	20%	2	1	43	37	0.98	1	1	1	5	2	0	-A
II	2900889	A	*/-T	12	4	23.53%	2	2	41	55	0.98	1	1	9	3	2	2	-T
II	2908519	G	*/+A	12	2	13.33%	2	2	51	37	0.98	1	1	5	7	1	1	+A
II	2938956	C	+T/+T	1	13	92.86%	1	2	37	39	0.98	1	1	1	0	3	10	+T
II	2965030	T	+A/+A	0	16	100%	0	2	0	44	0.98	0	1	0	0	12	4	+A
II	2966290	C	+T/+T	1	8	88.89%	1	2	37	38	0.98	1	1	0	1	1	7	+T
II	2988149	G	*/-T	9	4	30.77%	2	2	39	39	0.98	1	1	4	5	1	3	-T
II	3040332	C	+G/+G	2	40	95.24%	2	2	37	55	0.98	1	1	1	1	12	28	+G
II	3171788	G	*/+A	9	5	27.78%	2	1	50	37	0.98	1	1	6	3	5	0	+A
II	3210631	G	*/-A	17	2	10.53%	2	1	42	74	0.98	1	1	8	9	2	0	-A
II	3253453	C	*/+TTT	1	2	40%	1	1	37	49	0.98	1	1	1	0	0	2	+TTT
II	3410437	G	*/-T	4	3	27.27%	2	1	28	49	0.98	1	1	2	2	3	0	-T
II	3410437	G	*/-TT	4	3	27.27%	2	2	28	41	0.98	1	1	2	2	1	2	-T
II	3459890	A	*/+C	29	2	6.45%	2	2	44	37	0.98	1	1	19	10	1	1	+C
II	3487895	G	*/+TATTT	4	11	68.75%	2	2	46	43	0.98	1	1	2	2	6	5	+TATTT
II	3509251	T	*/-A	6	2	22.22%	2	1	53	49	0.98	1	1	3	3	2	0	-A
II	3540057	A	*/-T	12	3	18.75%	2	2	52	36	0.98	1	1	9	3	2	1	-T
II	3619003	A	+G/+G	1	16	94.12%	1	2	74	47	0.98	1	1	0	1	7	9	+G
II	3621704	A	*/-T	15	2	11.11%	2	2	40	37	0.98	1	1	8	7	1	1	-T
II	3621720	T	*/-G	14	2	12.5%	2	1	52	36	0.98	1	1	4	10	2	0	-G
II	3715149	G	*/-A	8	5	38.46%	2	1	47	44	0.98	1	1	5	3	5	0	-A
II	3762367	C	*/-A	15	2	11.76%	2	1	46	37	0.98	1	1	9	6	2	0	-A
II	3838101	C	*/-A	1	3	60%	1	2	48	33	0.98	1	1	0	1	2	1	-A
II	3838912	T	*/-A	11	3	21.43%	2	2	45	41	0.98	1	1	4	7	1	2	-A
II	3856896	A	*/-T	8	3	21.43%	2	2	47	61	0.98	1	1	4	4	1	2	-T
II	3856896	A	*/-TT	8	2	14.29%	2	2	47	55	0.98	1	1	4	4	1	1	-T
II	3860185	C	*/-TAGTA	23	16	38.1%	2	2	47	45	0.98	1	1	2	21	13	3	-TAGTA
II	3869342	A	*/-AT	12	3	20%	2	1	52	40	0.98	1	1	4	8	3	0	-AT
II	3880195	G	*/+A	21	2	8.7%	2	1	38	37	0.98	1	1	13	8	0	2	+A
II	3954039	C	*/-T	11	3	16.67%	2	1	41	36	0.98	1	1	6	5	3	0	-T
II	3954039	C	*/+T	11	4	22.22%	2	2	41	48	0.98	1	1	6	5	3	1	+T
II	3983331	G	*/+TA	14	14	43.75%	2	2	48	37	0.98	1	1	3	11	3	11	+TA
II	3983331	G	*/+TATA	14	3	9.38%	2	2	48	49	0.98	1	1	3	11	2	1	+TA
II	3983348	T	*/-AC	28	2	6.67%	2	1	43	55	0.98	1	1	10	18	0	2	-AC
II	3985166	G	*/-TTTA	9	2	18.18%	2	1	45	37	0.98	1	1	6	3	2	0	-TTTA
II	4006982	C	*/-A	7	3	27.27%	1	2	42	33	0.98	1	1	7	0	1	2	-A
II	4031460	A	*/+T	4	2	28.57%	2	2	37	31	0.98	1	1	3	1	1	1	+T
II	4061096	C	*/-T	9	2	18.18%	2	1	50	68	0.98	1	1	5	4	2	0	-T
II	4107253	G	*/+TTT	3	2	40%	1	2	33	68	0.98	1	1	3	0	1	1	+TTT
II	4177822	G	-T/-T	2	9	81.82%	1	2	43	52	0.98	1	1	2	0	3	6	-T
II	4210873	A	*/-AT	18	2	10%	2	2	53	37	0.98	1	1	9	9	1	1	-AT
II	4254960	G	-A/-A	1	19	95%	1	2	37	51	0.98	1	1	0	1	5	14	-A
II	4286045	G	*/-ATA	26	2	7.14%	2	1	53	55	0.98	1	1	12	14	0	2	-ATA
II	4290954	G	*/+A	16	2	11.11%	2	2	47	62	0.98	1	1	9	7	1	1	+A
II	4308414	C	*/+A	6	13	61.9%	1	2	40	45	0.98	1	1	6	0	4	9	+A
II	4308414	C	*/+AA	6	2	9.52%	1	2	40	55	0.98	1	1	6	0	1	1	+A
II	4419921	T	*/+A	5	2	28.57%	2	2	44	37	0.98	1	1	4	1	1	1	+A
II	4481876	G	*/+T	66	8	10.81%	2	2	44	60	0.98	1	1	34	32	3	5	+T
II	4502695	C	*/-T	6	2	25%	2	1	33	37	0.98	1	1	2	4	2	0	-T
II	4507813	A	*/+G	52	3	5.45%	2	2	45	40	0.98	1	1	41	11	2	1	+G
II	4514868	G	*/+T	30	2	6.25%	2	1	45	37	0.98	1	1	11	19	2	0	+T
II	4516248	T	*/-TCTATCTGTTTC	18	9	33.33%	2	2	47	49	0.98	1	1	12	6	4	5	-TCTATCTGTTTC
II	4517047	T	*/+TACTCATC	42	13	22.81%	2	2	52	41	0.98	1	1	27	15	10	3	+TACTCATC
II	4517074	C	*/+TCA	60	4	6.25%	2	2	48	64	0.98	1	1	39	21	2	2	+TCA
II	4521677	T	*/-AA	5	4	40%	2	2	34	46	0.98	1	1	3	2	3	1	-AA
II	4525340	G	*/-T	27	2	6.06%	2	1	41	25	0.98	1	1	14	13	2	0	-T
II	4525340	G	*/+T	27	3	9.09%	2	2	41	37	0.98	1	1	14	13	2	1	+T
II	4526174	A	*/-T	12	3	20%	2	2	40	45	0.98	1	1	6	6	2	1	-T
II	4528465	C	*/+GACAAT	40	5	11.11%	2	2	44	44	0.98	1	1	16	24	1	4	+GACAAT
II	4528483	T	*/-GACAATGACAGA	40	7	14.89%	2	2	45	42	0.98	1	1	15	25	4	3	-GACAATGACAGA
II	4529375	T	*/+ACAACGACAACGACAACG	37	6	12.5%	2	2	44	35	0.98	1	1	20	17	1	5	+ACAACGACAACGACAACG
II	4529375	T	*/+ACAACGACAACGACAACGACAACG	37	3	6.25%	2	2	44	37	0.98	1	1	20	17	1	2	+ACAACGACAACGACAACG
II	4532048	G	*/-TTGGTA	77	12	12.24%	2	2	44	48	0.98	1	1	38	39	8	4	-TTGGTA
II	4532048	G	*/+TTGGTA	77	8	8.16%	2	2	44	37	0.98	1	1	38	39	6	2	-TTGGTA
II	4533588	C	*/-T	46	24	34.29%	2	2	47	41	0.98	1	1	25	21	16	8	-T
II	4534880	A	*/-T	74	20	21.28%	2	2	51	54	0.98	1	1	46	28	8	12	-T
II	4535321	G	*/-GATAT	159	14	8.09%	2	2	41	38	0.98	1	1	96	63	8	6	-GATAT
II	4535523	T	*/+GTTACG	208	25	10.73%	2	2	46	50	0.98	1	1	63	145	10	15	+GTTACG
II	4535548	A	*/-TATGTG	164	25	12.14%	2	2	46	47	0.98	1	1	50	114	16	9	-TATGTG
II	4535548	A	*/+TATGTG	164	14	6.8%	2	2	46	42	0.98	1	1	50	114	10	4	-TATGTG
II	4535645	G	*/-T	127	32	19.88%	2	2	49	52	0.98	1	1	60	67	20	12	-T
II	4535727	A	*/-G	122	9	6.87%	2	2	46	35	0.98	1	1	44	78	4	5	-G
II	4536089	C	*/+AAAAGAAAAGTAAATT	25	2	7.41%	2	2	41	42	0.98	1	1	15	10	1	1	+AAAAGAAAAGTAAATT
II	4536728	A	*/+GAGAGTAGG	139	26	14.53%	2	2	49	49	0.98	1	1	61	78	13	13	+GAGAGTAGG
II	4537213	G	*/+T	107	91	45.96%	2	2	50	48	0.98	1	1	64	43	46	45	+T
II	4537387	A	*/-AATAAGAG	56	94	62.67%	2	2	50	46	0.98	1	1	28	28	63	31	-AATAAGAG
II	4537655	A	*/+AAATG	42	5	10.42%	2	2	46	42	0.98	1	1	24	18	2	3	+AAATG
II	4537665	G	*/+AAATA	45	4	8%	2	2	46	34	0.98	1	1	26	19	1	3	+AAATA
II	4537712	T	*/-AAATAAAATTAATG	28	3	9.68%	2	2	40	37	0.98	1	1	13	15	2	1	-AAATAAAATTAATG
II	4538638	T	*/-AAATAAAATTAATG	22	3	12%	2	2	44	45	0.98	1	1	12	10	2	1	-AAATAAAATTAATG
II	4539204	G	*/-ATAGGTAGAATAAGTAAAGCAGAATAGGTAGA	177	10	5.35%	2	2	45	42	0.98	1	1	71	106	4	6	-ATAGGTAGAATAAGTAAAGCAGAATAGGTAGA
II	4539524	G	*/+AAATA	38	4	7.84%	2	2	54	52	0.98	1	1	25	13	3	1	A
III	1558	G	*/-A	19	37	51.39%	2	2	37	47	0.98	1	1	8	11	13	24	-A
III	1558	G	*/-AA	19	5	6.94%	2	2	37	44	0.98	1	1	8	11	2	3	-A
III	4729	A	*/-T	339	89	18.54%	2	2	46	48	0.98	1	1	219	120	31	58	-T
III	4729	A	*/+T	339	32	6.67%	2	2	46	49	0.98	1	1	219	120	12	20	-T
III	4952	C	*/+T	289	49	14.41%	2	2	42	48	0.98	1	1	172	117	14	35	+T
III	5403	C	*/-T	350	93	18.71%	2	2	42	42	0.98	1	1	250	100	48	45	-T
III	5403	C	*/-TT	350	25	5.03%	2	2	42	42	0.98	1	1	250	100	9	16	-T
III	9812	T	*/+A	114	19	14.18%	2	1	42	37	0.98	1	1	31	83	0	19	+A
III	12428	G	*/-A	20	31	48.44%	2	2	45	41	0.98	1	1	8	12	13	18	-A
III	12428	G	*/-AA	20	4	6.25%	2	2	45	52	0.98	1	1	8	12	1	3	-A
III	12428	G	*/+A	20	5	7.81%	2	2	45	34	0.98	1	1	8	12	1	4	+A
III	15599	A	*/-T	332	100	20.58%	2	2	47	48	0.98	1	1	213	119	42	58	-T
III	15599	A	*/+T	332	37	7.61%	2	2	47	47	0.98	1	1	213	119	24	13	-T
III	15822	C	*/+T	298	48	13.87%	2	2	42	54	0.98	1	1	181	117	15	33	+T
III	16273	C	*/-T	385	103	18.93%	2	2	42	44	0.98	1	1	274	111	56	47	-T
III	16273	C	*/-TT	385	33	6.07%	2	2	42	45	0.98	1	1	274	111	15	18	-T
III	20682	T	*/+A	113	33	22.45%	2	1	47	45	0.98	1	1	39	74	0	33	+A
III	23297	T	*/-G	85	5	5.56%	2	1	42	44	0.98	1	1	43	42	0	5	-G
III	23298	G	*/-A	23	39	54.17%	2	2	42	37	0.98	1	1	13	10	24	15	-A
III	23298	G	*/+A	23	5	6.94%	2	2	42	46	0.98	1	1	13	10	2	3	-A
III	123319	T	*/-A	4	4	44.44%	2	1	37	39	0.98	1	1	1	3	0	4	-A
III	208140	C	*/-A	10	2	16.67%	2	1	38	37	0.98	1	1	9	1	2	0	-A
III	228136	T	*/+A	38	3	7.32%	2	1	42	37	0.98	1	1	11	27	0	3	+A
III	230098	T	*/+A	8	17	56.67%	2	2	46	44	0.98	1	1	2	6	9	8	+A
III	237048	G	*/-A	8	2	18.18%	2	2	36	68	0.98	1	1	7	1	1	1	-A
III	245692	C	*/-T	11	4	26.67%	2	2	47	46	0.98	1	1	4	7	2	2	-T
III	251834	T	*/-A	16	2	11.11%	2	1	46	37	0.98	1	1	9	7	0	2	-A
III	286478	C	-TT/-TT	0	13	92.86%	0	2	0	47	0.98	0	1	0	0	8	5	-TT
III	286594	T	*/+A	5	6	46.15%	2	2	47	38	0.98	1	1	2	3	3	3	+A
III	326972	T	*/-C	13	2	13.33%	2	1	45	37	0.98	1	1	6	7	2	0	-C
III	348685	G	*/-AT	30	5	13.89%	2	2	43	37	0.98	1	1	22	8	3	2	-AT
III	365747	C	-A/-A	0	8	88.89%	0	2	0	53	0.98	0	1	0	0	5	3	-A
III	392465	T	*/-A	26	2	7.14%	2	2	46	37	0.98	1	1	11	15	1	1	-A
III	427687	C	*/+A	16	2	11.11%	2	2	50	55	0.98	1	1	10	6	1	1	+A
III	431910	C	*/+T	6	2	22.22%	2	2	45	49	0.98	1	1	4	2	1	1	+T
III	527710	C	*/-T	16	2	11.11%	2	2	44	31	0.98	1	1	8	8	1	1	-T
III	563214	T	+A/+A	2	14	82.35%	1	2	37	41	0.98	1	1	2	0	11	3	+A
III	565288	C	*/+T	6	2	25%	1	2	67	74	0.98	1	1	0	6	1	1	+T
III	717677	A	*/-T	3	4	40%	1	2	33	46	0.98	1	1	3	0	3	1	-T
III	717677	A	*/-TT	3	3	30%	1	2	33	37	0.98	1	1	3	0	1	2	-T
III	719703	T	*/-A	4	2	28.57%	2	1	43	37	0.98	1	1	3	1	2	0	-A
III	719955	A	-C/-C	0	8	100%	0	2	0	43	0.98	0	1	0	0	4	4	-C
III	720683	A	+T/+T	1	9	81.82%	1	2	74	42	0.98	1	1	1	0	3	6	+T
III	762516	T	*/-A	12	2	14.29%	2	2	41	55	0.98	1	1	6	6	1	1	-A
III	822701	G	*/-T	15	2	11.11%	2	1	44	68	0.98	1	1	9	6	0	2	-T
III	867865	C	-T/-T	0	10	100%	0	2	0	38	0.98	0	1	0	0	1	9	-T
III	897531	C	*/-A	22	2	7.14%	2	2	50	49	0.98	1	1	13	9	1	1	-A
III	897531	C	*/+A	22	4	14.29%	2	2	50	67	0.98	1	1	13	9	1	3	+A
III	966124	G	*/-T	17	2	8.33%	2	1	42	37	0.98	1	1	15	2	2	0	-T
III	966124	G	*/+T	17	3	12.5%	2	1	42	37	0.98	1	1	15	2	3	0	+T
III	970548	C	*/-T	6	3	30%	2	2	37	37	0.98	1	1	4	2	1	2	-T
III	970892	C	*/-T	2	2	28.57%	1	1	36	30	0.98	1	1	2	0	0	2	-T
III	970892	C	*/+T	2	2	28.57%	1	1	36	31	0.98	1	1	2	0	0	2	-T
III	985871	C	*/-T	4	2	20%	1	2	37	55	0.98	1	1	4	0	1	1	-T
III	985871	C	*/-TT	4	2	20%	1	1	37	37	0.98	1	1	4	0	2	0	-T
III	996949	A	*/-T	16	2	10%	2	1	44	55	0.98	1	1	9	7	2	0	-T
III	996949	A	*/+T	16	2	10%	2	1	44	55	0.98	1	1	9	7	2	0	-T
III	1016311	G	+C/+C	1	25	96.15%	1	2	62	41	0.98	1	1	1	0	13	12	+C
III	1068111	G	-T/-T	0	16	100%	0	2	0	43	0.98	0	1	0	0	7	9	-T
III	1073505	T	*/+ATATAGAG	102	23	18.4%	2	2	55	44	0.98	1	1	58	44	16	7	+ATATAGAG
III	1075530	A	*/+TGGAAGTGGTAAG	117	7	5.6%	2	2	47	45	0.98	1	1	43	74	3	4	+TGGAAGTGGTAAG
III	1079346	A	*/+G	89	12	11.88%	2	2	44	40	0.98	1	1	68	21	8	4	+G
III	1080146	T	*/+ATATAGAG	159	29	15.18%	2	2	47	36	0.98	1	1	59	100	20	9	+ATATAGAG
III	1082171	A	*/+TGGAAGTGGTAAG	95	8	7.55%	2	2	44	43	0.98	1	1	36	59	3	5	+TGGAAGTGGTAAG
III	1084110	A	*/-G	20	2	8.7%	2	1	46	55	0.98	1	1	12	8	0	2	-G
III	1088779	T	*/+ATATAGAG	108	7	5.83%	2	2	48	58	0.98	1	1	20	88	5	2	+ATATAGAG
III	1089402	G	*/-ATATGAACATGA	18	8	30.77%	2	2	49	49	0.98	1	1	10	8	4	4	-ATATGAACATGA
III	1095550	G	*/-T	15	4	19.05%	2	2	43	37	0.98	1	1	11	4	2	2	-T
III	1103423	T	*/-A	12	5	23.81%	2	2	33	48	0.98	1	1	8	4	3	2	-A
III	1103423	T	*/-AA	12	2	9.52%	2	1	33	49	0.98	1	1	8	4	2	0	-A
III	1109501	C	*/-CATATTCATGTT	11	6	35.29%	2	2	44	61	0.98	1	1	4	7	2	4	-CATATTCATGTT
III	1110132	C	*/+TCTCTATA	52	12	18.18%	2	2	48	37	0.98	1	1	25	27	7	5	+TCTCTATA
III	1114914	T	*/+ACCACTAACCATC	40	3	6.98%	2	1	45	37	0.98	1	1	20	20	3	0	+ACCACTAACCATC
III	1117723	T	*/+C	45	5	10%	2	2	47	44	0.98	1	1	16	29	3	2	+C
III	1121674	T	*/+ACCACTAACCATC	49	3	5.77%	2	2	45	49	0.98	1	1	28	21	2	1	+ACCACTAACCATC
III	1124483	T	*/+C	54	3	5.26%	2	2	49	49	0.98	1	1	19	35	1	2	+C
III	1135194	T	*/+ACCACTAACCATC	48	6	11.11%	2	2	46	35	0.98	1	1	24	24	3	3	+ACCACTAACCATC
III	1168360	T	*/-G	9	2	18.18%	2	1	42	36	0.98	1	1	4	5	2	0	-G
III	1193734	G	*/+T	8	3	27.27%	2	1	54	40	0.98	1	1	5	3	3	0	+T
III	1244495	G	*/-T	16	2	10.53%	2	2	43	37	0.98	1	1	10	6	1	1	-T
III	1252505	G	*/+TT	9	2	14.29%	2	2	37	55	0.98	1	1	8	1	1	1	+TT
III	1352117	A	*/+T	29	2	6.45%	2	1	46	55	0.98	1	1	13	16	0	2	+T
III	1395701	A	*/-AATGTAATGT	9	6	40%	2	2	46	43	0.98	1	1	3	6	4	2	-AATGTAATGT
III	1510629	T	*/-A	13	3	18.75%	2	1	39	33	0.98	1	1	7	6	3	0	-A
III	1547169	C	*/-A	4	3	30%	1	2	37	37	0.98	1	1	4	0	1	2	-A
III	1547169	C	*/+A	4	3	30%	1	1	37	37	0.98	1	1	4	0	3	0	-A
III	1575951	G	*/-T	8	2	18.18%	2	1	44	37	0.98	1	1	6	2	2	0	-T
III	1581366	G	*/-T	12	2	14.29%	2	2	34	55	0.98	1	1	6	6	1	1	-T
III	1594933	T	*/-A	11	7	38.89%	2	2	52	52	0.98	1	1	3	8	3	4	-A
III	1674618	C	*/-T	3	5	62.5%	2	1	25	46	0.98	1	1	2	1	5	0	-T
III	1685487	G	+A/+A	1	9	90%	1	2	37	39	0.98	1	1	0	1	3	6	+A
III	1691558	G	*/+T	16	2	10.53%	2	1	43	37	0.98	1	1	4	12	2	0	+T
III	1695103	C	+ATTT/+ATTT	4	20	83.33%	2	2	46	47	0.98	1	1	3	1	8	12	+ATTT
III	1702276	A	*/+T	34	3	7.89%	2	2	45	37	0.98	1	1	22	12	1	2	+T
III	1707997	T	*/-A	18	2	10%	2	2	43	55	0.98	1	1	10	8	1	1	-A
III	1712983	G	*/-A	8	6	35.29%	2	2	46	45	0.98	1	1	7	1	4	2	-A
III	1712983	G	*/+A	8	2	11.76%	2	2	46	31	0.98	1	1	7	1	1	1	-A
III	1756400	T	-A/-A	0	22	100%	0	2	0	52	0.98	0	1	0	0	14	8	-A
III	1758846	C	*/-A	14	4	19.05%	2	2	43	34	0.98	1	1	7	7	3	1	-A
III	1758846	C	*/+A	14	3	14.29%	2	2	43	45	0.98	1	1	7	7	2	1	-A
III	1774235	T	*/+GATC	4	11	64.71%	1	2	52	43	0.98	1	1	4	0	8	3	+GATC
III	1802071	G	*/+T	24	2	7.69%	2	2	42	37	0.98	1	1	18	6	1	1	+T
III	1802522	G	*/-T	20	2	9.09%	2	1	42	37	0.98	1	1	12	8	2	0	-T
III	1821911	C	*/-A	5	3	37.5%	2	2	34	45	0.98	1	1	3	2	2	1	-A
III	1833132	C	*/-T	27	3	10%	2	2	45	45	0.98	1	1	17	10	1	2	-T
III	1896063	T	+A/+A	4	17	77.27%	2	2	46	45	0.98	1	1	3	1	8	9	+A
III	1925626	C	*/+A	5	2	20%	2	1	36	48	0.98	1	1	3	2	0	2	A
III	1926949	C	*/+T	13	2	13.33%	2	1	51	55	0.98	1	1	6	7	0	2	+T
III	1929127	A	*/+GG	4	2	33.33%	1	1	31	37	0.98	1	1	4	0	2	0	+GG
III	2076412	G	*/-T	4	2	22.22%	2	1	37	37	0.98	1	1	3	1	0	2	-T
III	2076412	G	*/-TT	4	2	22.22%	2	1	37	42	0.98	1	1	3	1	2	0	-T
III	2076980	A	*/-T	8	2	18.18%	2	1	39	43	0.98	1	1	5	3	0	2	-T
III	2113205	C	*/-T	5	4	36.36%	2	1	42	52	0.98	1	1	3	2	0	4	-T
III	2149308	C	*/-AT	12	2	13.33%	2	1	55	37	0.98	1	1	4	8	2	0	-AT
III	2219235	A	*/-T	10	2	16.67%	2	2	48	37	0.98	1	1	5	5	1	1	-T
III	2270459	C	*/-A	16	2	10.53%	2	2	40	55	0.98	1	1	14	2	1	1	-A
III	2284394	C	*/+T	3	10	58.82%	1	2	25	46	0.98	1	1	0	3	4	6	+T
III	2284394	C	*/+TTT	3	2	11.76%	1	1	25	55	0.98	1	1	0	3	0	2	+T
III	2309611	T	*/-A	7	2	18.18%	2	2	47	37	0.98	1	1	4	3	1	1	-A
III	2318178	A	*/-T	11	2	15.38%	2	1	53	37	0.98	1	1	5	6	0	2	-T
III	2373166	G	*/-A	17	3	14.29%	2	2	40	49	0.98	1	1	10	7	1	2	-A
III	2382018	A	*/-TT	1	3	50%	1	1	37	57	0.98	1	1	1	0	3	0	-TT
III	2420241	T	*/-A	8	3	20%	2	2	49	49	0.98	1	1	6	2	2	1	-A
III	2420241	T	*/-AA	8	2	13.33%	2	2	49	31	0.98	1	1	6	2	1	1	-A
III	2443562	A	+T/+T	7	35	83.33%	2	2	35	37	0.98	1	1	5	2	1	34	+T
III	2447848	T	*/-A	648	237	20.57%	2	2	44	41	0.98	1	1	462	186	174	63	-A
III	2447848	T	*/-AA	648	127	11.02%	2	2	44	40	0.98	1	1	462	186	95	32	-A
III	2447848	T	*/+A	648	100	8.68%	2	2	44	42	0.98	1	1	462	186	74	26	-A
III	2448309	T	-AA/-AA	47	417	87.97%	2	2	44	42	0.98	1	1	33	14	161	256	-AA
III	2448518	T	*/-A	644	194	19.54%	2	2	46	46	0.98	1	1	456	188	117	77	-A
III	2448518	T	*/-AA	644	62	6.24%	2	2	46	44	0.98	1	1	456	188	41	21	-A
III	2448518	T	*/+A	644	73	7.35%	2	2	46	46	0.98	1	1	456	188	45	28	+A
