Chrom	Position	Ref	Cons	Reads1	Reads2	VarFreq	Strands1	Strands2	Qual1	Qual2	Pvalue	MapQual1	MapQual2	Reads1Plus	Reads1Minus	Reads2Plus	Reads2Minus	VarAllele
chr_II_telomeric_gap	5210	G	*/+T	37	3	7.32%	2	2	47	74	0.98	1	1	20	17	2	1	+T
chr_II_telomeric_gap	6088	A	*/+T	13	2	12.5%	2	1	42	37	0.98	1	1	8	5	2	0	+T
chr_II_telomeric_gap	6301	C	*/-AT	15	4	20%	2	2	50	36	0.98	1	1	4	11	3	1	-AT
chr_II_telomeric_gap	8538	G	*/-AA	6	2	20%	1	1	35	37	0.98	1	1	6	0	2	0	-AA
I	3160	A	*/+GTTGTCGTTGTCGTTGTC	83	28	22.76%	2	2	45	43	0.98	1	1	49	34	19	9	+GTTGTCGTTGTCGTTGTC
I	3160	A	*/+GTTGTCGTTGTCGTTGTCGTTGTC	83	10	8.13%	2	2	45	45	0.98	1	1	49	34	5	5	+GTTGTCGTTGTCGTTGTC
I	4047	C	*/-TGTCTCTGTCAT	94	10	9.62%	2	2	44	44	0.98	1	1	40	54	6	4	-TGTCTCTGTCAT
I	4053	C	*/+TGTCATTGTCAT	76	11	11.7%	2	2	45	50	0.98	1	1	32	44	8	3	+TGTCATTGTCAT
I	4053	C	*/+TGTCAT	76	6	6.38%	2	2	45	41	0.98	1	1	32	44	1	5	+TGTCATTGTCAT
I	5677	G	*/-A	36	14	20.29%	2	2	38	41	0.98	1	1	35	1	12	2	-A
I	5677	G	*/-AA	36	5	7.25%	2	2	38	34	0.98	1	1	35	1	4	1	-A
I	5677	G	*/-AAA	36	6	8.7%	2	1	38	43	0.98	1	1	35	1	6	0	-AAA
I	5677	G	*/+A	36	6	8.7%	2	2	38	49	0.98	1	1	35	1	4	2	-AAA
I	6357	T	*/-AA	62	21	23.08%	2	2	43	39	0.98	1	1	35	27	8	13	-AA
I	7192	C	*/-A	46	10	13.7%	2	2	42	37	0.98	1	1	34	12	7	3	-A
I	7192	C	*/+A	46	10	13.7%	2	2	42	48	0.98	1	1	34	12	7	3	-A
I	10859	G	*/-TT	17	13	43.33%	2	2	48	43	0.98	1	1	10	7	7	6	-TT
I	15734	C	*/-A	31	11	22.45%	2	1	43	39	0.98	1	1	17	14	11	0	-A
I	15734	C	*/+A	31	4	8.16%	2	2	43	43	0.98	1	1	17	14	3	1	-A
I	19694	T	*/+A	63	4	5.88%	2	1	52	37	0.98	1	1	36	27	4	0	+A
I	27402	A	*/-C	40	12	17.39%	2	2	37	36	0.98	1	1	5	35	2	10	-C
I	27402	A	*/+C	40	13	18.84%	2	1	37	36	0.98	1	1	5	35	0	13	+C
I	27402	A	*/+CC	40	4	5.8%	2	1	37	34	0.98	1	1	5	35	0	4	+C
I	28398	A	*/+C	101	7	6.48%	2	2	42	52	0.98	1	1	11	90	2	5	+C
I	55244	T	*/-A	16	2	7.14%	2	1	39	37	0.98	1	1	14	2	2	0	-A
I	55244	T	*/+A	16	6	21.43%	2	1	39	35	0.98	1	1	14	2	6	0	+A
I	101871	A	+G/+G	0	47	92.16%	0	2	0	47	0.98	0	1	0	0	14	33	+G
I	201047	A	*/-T	19	2	9.52%	2	1	46	37	0.98	1	1	8	11	0	2	-T
I	206448	C	*/-T	13	4	17.39%	2	2	38	45	0.98	1	1	11	2	1	3	-T
I	206448	C	*/+T	13	2	8.7%	2	1	38	42	0.98	1	1	11	2	2	0	-T
I	216147	C	*/-T	31	3	8.33%	2	2	45	41	0.98	1	1	15	16	1	2	-T
I	216147	C	*/+T	31	2	5.56%	2	1	45	36	0.98	1	1	15	16	2	0	-T
I	232688	T	*/-A	14	6	28.57%	2	2	44	49	0.98	1	1	8	6	1	5	-A
I	254501	C	*/+A	35	2	5.41%	2	2	51	37	0.98	1	1	16	19	1	1	+A
I	272366	G	*/-A	25	2	7.41%	2	1	45	74	0.98	1	1	17	8	2	0	-A
I	301305	G	*/-T	25	2	7.41%	2	1	44	37	0.98	1	1	9	16	0	2	-T
I	414079	C	*/-T	20	6	22.22%	2	2	43	38	0.98	1	1	9	11	3	3	-T
I	440084	T	*/-A	2	2	10.53%	2	1	55	42	0.98	1	1	1	1	0	2	-A
I	440084	T	*/+A	2	14	73.68%	2	2	55	37	0.98	1	1	1	1	8	6	+A
I	441614	C	*/-T	9	8	32%	2	2	36	35	0.98	1	1	8	1	7	1	-T
I	441614	C	*/-TT	9	5	20%	2	2	36	39	0.98	1	1	8	1	4	1	-T
I	441614	C	*/+T	9	2	8%	2	2	36	55	0.98	1	1	8	1	1	1	-T
I	453369	G	*/-A	12	4	14.29%	2	2	40	39	0.98	1	1	11	1	3	1	-A
I	453369	G	*/+A	12	10	35.71%	2	2	40	52	0.98	1	1	11	1	6	4	+A
I	456726	G	*/-T	25	4	13.79%	2	2	40	37	0.98	1	1	16	9	3	1	-T
I	464017	C	*/-A	15	2	10%	2	2	46	37	0.98	1	1	10	5	1	1	-A
I	464017	C	*/+A	15	3	15%	2	2	46	40	0.98	1	1	10	5	2	1	+A
I	470378	A	-C/-C	1	29	96.67%	1	2	37	40	0.98	1	1	0	1	17	12	-C
I	470390	A	-C/-C	0	36	100%	0	2	0	43	0.98	0	1	0	0	22	14	-C
I	473427	G	*/+T	6	3	21.43%	2	2	33	33	0.98	1	1	5	1	2	1	+T
I	482737	A	+G/+G	4	41	89.13%	2	2	46	47	0.98	1	1	1	3	24	17	+G
I	521845	T	*/-A	30	7	17.95%	2	2	40	44	0.98	1	1	18	12	3	4	-A
I	554527	A	+T/+T	2	17	77.27%	2	2	37	40	0.98	1	1	1	1	5	12	+T
I	556055	T	*/-A	20	2	9.09%	2	1	48	37	0.98	1	1	14	6	2	0	-A
I	562745	A	*/+T	11	9	37.5%	2	1	42	42	0.98	1	1	8	3	0	9	+T
I	609849	C	*/-T	30	3	8.33%	2	1	48	37	0.98	1	1	18	12	3	0	-T
I	609849	C	*/+T	30	2	5.56%	2	1	48	49	0.98	1	1	18	12	2	0	-T
I	650099	C	*/+A	4	3	20%	2	1	34	37	0.98	1	1	3	1	3	0	+A
I	650099	C	*/+AA	4	8	53.33%	2	1	34	41	0.98	1	1	3	1	8	0	+AA
I	660056	T	*/+G	8	3	15.79%	2	1	34	33	0.98	1	1	6	2	3	0	+G
I	660056	T	*/+GG	8	4	21.05%	2	1	34	37	0.98	1	1	6	2	4	0	+GG
I	660056	T	*/+GGGG	8	2	10.53%	2	1	34	37	0.98	1	1	6	2	2	0	+GG
I	661548	C	*/+T	16	3	15.79%	2	2	37	33	0.98	1	1	9	7	2	1	+T
I	670032	C	+A/+A	3	78	95.12%	1	2	61	53	0.98	1	1	3	0	38	40	+A
I	682993	T	-C/-C	1	54	98.18%	1	2	37	44	0.98	1	1	1	0	20	34	-C
I	719597	G	*/-TA	71	5	6.49%	2	2	54	44	0.98	1	1	30	41	4	1	-TA
I	762675	A	*/+AATCAAAGCAATCCC	15	5	25%	2	2	43	37	0.98	1	1	6	9	2	3	+AATCAAAGCAATCCC
I	862962	C	+T/+T	0	23	100%	0	2	0	48	0.98	0	1	0	0	15	8	+T
I	932995	G	*/-A	32	2	5.71%	2	2	50	37	0.98	1	1	19	13	1	1	-A
I	934908	T	*/+A	16	3	11.11%	1	1	39	37	0.98	1	1	16	0	3	0	+A
I	934908	T	*/+AA	16	5	18.52%	1	2	39	39	0.98	1	1	16	0	3	2	+AA
I	954072	T	*/+A	16	2	11.11%	2	2	48	37	0.98	1	1	7	9	1	1	+A
I	960025	G	*/+T	5	14	70%	1	2	44	39	0.98	1	1	5	0	10	4	+T
I	965438	C	*/-A	4	2	18.18%	2	1	43	55	0.98	1	1	3	1	2	0	A
I	965438	C	*/+A	4	3	27.27%	2	1	43	49	0.98	1	1	3	1	3	0	+A
I	995069	A	*/-G	16	3	15.79%	2	1	41	53	0.98	1	1	9	7	0	3	-G
I	995070	G	*/-T	9	3	25%	2	2	35	36	0.98	1	1	8	1	2	1	-T
I	1048635	G	+A/+A	4	15	78.95%	1	2	46	50	0.98	1	1	4	0	11	4	+A
I	1079583	T	*/+AAAAAAA	1	4	40%	1	2	37	34	0.98	1	1	1	0	1	3	+AAAAAAA
I	1079583	T	*/+AAAAAAAA	1	2	20%	1	2	37	31	0.98	1	1	1	0	1	1	+AAAAAAA
I	1079583	T	*/+AAAAAAAAA	1	2	20%	1	2	37	42	0.98	1	1	1	0	1	1	+AAAAAAA
I	1148104	A	*/+T	6	3	33.33%	2	2	45	49	0.98	1	1	5	1	1	2	+T
I	1150640	T	+A/+A	3	27	81.82%	2	2	49	51	0.98	1	1	1	2	9	18	+A
I	1150640	T	*/+AA	3	2	6.06%	2	1	49	55	0.98	1	1	1	2	0	2	+A
I	1152144	C	*/-T	32	3	8.57%	2	2	48	49	0.98	1	1	14	18	2	1	-T
I	1185797	G	*/+A	18	2	9.09%	2	2	43	31	0.98	1	1	14	4	1	1	+A
I	1206603	G	*/-T	45	5	9.26%	2	2	48	49	0.98	1	1	29	16	3	2	-T
I	1206603	G	*/+T	45	3	5.56%	2	1	48	37	0.98	1	1	29	16	0	3	-T
I	1254655	T	*/+A	10	15	48.39%	2	2	43	41	0.98	1	1	6	4	11	4	+A
I	1254655	T	*/+AA	10	2	6.45%	2	2	43	43	0.98	1	1	6	4	1	1	+A
I	1254655	T	*/+AAA	10	2	6.45%	2	1	43	37	0.98	1	1	6	4	2	0	+A
I	1274803	T	+A/+A	1	27	96.43%	1	2	37	38	0.98	1	1	0	1	8	19	+A
I	1290605	A	*/-T	22	4	13.33%	2	2	46	37	0.98	1	1	19	3	3	1	-T
I	1290605	A	*/+T	22	4	13.33%	2	2	46	49	0.98	1	1	19	3	2	2	-T
I	1358794	C	*/+A	12	4	23.53%	2	2	41	46	0.98	1	1	5	7	3	1	+A
I	1399667	T	*/-A	22	2	8.33%	2	2	51	37	0.98	1	1	11	11	1	1	-A
I	1421034	T	*/-A	13	2	13.33%	2	2	36	31	0.98	1	1	5	8	1	1	-A
I	1424708	C	-A/-A	2	42	95.45%	1	2	55	43	0.98	1	1	2	0	23	19	-A
I	1478066	G	*/+A	14	2	11.11%	2	1	38	33	0.98	1	1	12	2	2	0	+A
I	1496317	C	*/-A	9	15	53.57%	2	2	37	43	0.98	1	1	7	2	10	5	-A
I	1496317	C	*/-AA	9	4	14.29%	2	2	37	43	0.98	1	1	7	2	3	1	-A
I	1509277	C	*/+T	7	8	53.33%	1	2	40	50	0.98	1	1	7	0	5	3	+T
I	1509738	G	*/+A	23	2	7.69%	2	2	47	49	0.98	1	1	15	8	1	1	+A
I	1541472	G	*/-T	14	3	14.29%	2	2	43	40	0.98	1	1	11	3	2	1	-T
I	1595056	C	*/-T	6	2	15.38%	2	1	36	37	0.98	1	1	5	1	2	0	-T
I	1595056	C	*/+T	6	4	30.77%	2	2	36	34	0.98	1	1	5	1	3	1	+T
I	1599291	T	*/-A	16	7	28%	2	2	37	37	0.98	1	1	5	11	1	6	-A
I	1599291	T	*/+A	16	2	8%	2	1	37	61	0.98	1	1	5	11	0	2	-A
I	1625092	T	+C/+C	0	19	95%	0	2	0	46	0.98	0	1	0	0	10	9	+C
I	1666236	C	*/-T	17	2	10.53%	2	1	47	55	0.98	1	1	10	7	0	2	-T
I	1719454	G	*/-T	17	2	10.53%	2	1	47	37	0.98	1	1	7	10	2	0	-T
I	1765306	C	*/+AA	13	3	15.79%	2	1	34	33	0.98	1	1	11	2	3	0	+AA
I	1777634	A	*/-T	14	5	20.83%	2	2	40	51	0.98	1	1	8	6	1	4	-T
I	1777634	A	*/-TT	14	2	8.33%	2	1	40	55	0.98	1	1	8	6	2	0	-T
I	1777634	A	*/+T	14	2	8.33%	2	2	40	37	0.98	1	1	8	6	1	1	-T
I	1785237	G	*/+A	30	2	6.25%	2	2	41	49	0.98	1	1	20	10	1	1	+A
I	1837916	G	*/-T	6	3	18.75%	1	2	36	40	0.98	1	1	6	0	2	1	-T
I	1837916	G	*/-TT	6	3	18.75%	1	2	36	40	0.98	1	1	6	0	2	1	-T
I	1849285	C	*/-T	46	7	12.07%	2	2	47	40	0.98	1	1	22	24	2	5	-T
I	1849285	C	*/+T	46	4	6.9%	2	2	47	39	0.98	1	1	22	24	2	2	-T
I	1874634	T	*/+A	43	7	13.73%	2	2	48	54	0.98	1	1	23	20	6	1	+A
I	1877723	A	+T/+T	0	34	100%	0	2	0	42	0.98	0	1	0	0	20	14	+T
I	1890184	C	*/-A	24	9	23.08%	2	2	46	41	0.98	1	1	11	13	8	1	-A
I	1890184	C	*/-AA	24	3	7.69%	2	2	46	45	0.98	1	1	11	13	1	2	-A
I	1890184	C	*/+AA	24	2	5.13%	2	1	46	55	0.98	1	1	11	13	2	0	-A
I	1905214	C	*/-T	22	2	8.33%	2	2	52	55	0.98	1	1	9	13	1	1	-T
I	1905525	T	*/+GG	0	2	50%	0	1	0	37	0.98	0	1	0	0	2	0	+GG
I	1936294	G	+A/+A	0	26	100%	0	2	0	41	0.98	0	1	0	0	13	13	+A
I	1952313	A	+T/+T	0	51	100%	0	2	0	46	0.98	0	1	0	0	33	18	+T
I	1954162	C	*/-A	14	9	28.12%	2	2	44	43	0.98	1	1	12	2	7	2	-A
I	1954162	C	*/-AA	14	7	21.88%	2	2	44	36	0.98	1	1	12	2	5	2	-A
I	1955853	T	*/+A	7	7	50%	2	2	41	43	0.98	1	1	4	3	5	2	+A
I	2024999	T	*/+A	19	2	9.09%	2	1	41	25	0.98	1	1	15	4	0	2	+A
I	2025000	C	*/+T	11	9	37.5%	2	2	37	39	0.98	1	1	8	3	7	2	+T
I	2052488	A	*/-T	17	9	28.12%	2	2	45	43	0.98	1	1	13	4	5	4	-T
I	2052488	A	*/+T	17	3	9.38%	2	2	45	44	0.98	1	1	13	4	1	2	-T
I	2096013	T	*/-A	23	3	11.54%	2	2	46	45	0.98	1	1	15	8	1	2	-A
I	2139856	G	+T/+T	2	15	88.24%	1	2	37	37	0.98	1	1	2	0	9	6	+T
I	2152548	T	*/-A	24	2	7.69%	2	1	46	37	0.98	1	1	11	13	2	0	-A
I	2154491	T	+A/+A	2	26	89.66%	1	2	55	51	0.98	1	1	2	0	13	13	+A
I	2157364	G	*/-TA	26	2	7.14%	2	2	46	49	0.98	1	1	8	18	1	1	-TA
I	2174555	C	*/-A	12	6	24%	2	2	42	31	0.98	1	1	5	7	2	4	-A
I	2174555	C	*/-AA	12	2	8%	2	1	42	49	0.98	1	1	5	7	0	2	-A
I	2174555	C	*/+A	12	3	12%	2	1	42	37	0.98	1	1	5	7	3	0	+A
I	2227936	T	*/+AAA	3	5	45.45%	1	2	27	39	0.98	1	1	3	0	2	3	+AAA
I	2231735	C	*/-A	22	4	13.33%	2	2	45	34	0.98	1	1	13	9	1	3	-A
I	2231735	C	*/+A	22	3	10%	2	2	45	37	0.98	1	1	13	9	2	1	-A
I	2245479	T	*/+C	7	7	25%	2	2	36	47	0.98	1	1	4	3	1	6	+C
I	2245479	T	*/+CC	7	10	35.71%	2	2	36	33	0.98	1	1	4	3	2	8	+CC
I	2245479	T	*/+CCCC	7	2	7.14%	2	1	36	31	0.98	1	1	4	3	0	2	+CC
I	2273201	T	*/-A	15	8	26.67%	2	2	43	40	0.98	1	1	9	6	3	5	-A
I	2273201	T	*/-AA	15	2	6.67%	2	1	43	37	0.98	1	1	9	6	2	0	-A
I	2273201	T	*/+A	15	3	10%	2	1	43	37	0.98	1	1	9	6	3	0	+A
I	2279763	A	*/-T	17	2	10.53%	2	2	36	55	0.98	1	1	10	7	1	1	-T
I	2288240	C	-G/-G	2	39	95.12%	1	2	37	47	0.98	1	1	0	2	17	22	-G
I	2322297	C	*/+A	30	2	6.25%	2	2	46	37	0.98	1	1	12	18	1	1	+A
I	2322636	C	*/-A	20	8	24.24%	2	2	36	44	0.98	1	1	18	2	6	2	-A
I	2322636	C	*/-AA	20	2	6.06%	2	1	36	37	0.98	1	1	18	2	2	0	-A
I	2322636	C	*/+A	20	2	6.06%	2	1	36	37	0.98	1	1	18	2	2	0	-A
I	2327021	C	*/-A	18	2	8.7%	2	2	45	42	0.98	1	1	10	8	1	1	A
I	2343703	G	+A/+A	1	22	95.65%	1	2	37	43	0.98	1	1	0	1	11	11	+A
I	2363501	G	*/-T	17	2	10.53%	2	1	45	37	0.98	1	1	8	9	0	2	-T
I	2419311	A	*/+T	22	2	8.33%	2	2	37	31	0.98	1	1	6	16	1	1	+T
I	2421576	A	-C/-C	2	32	94.12%	2	2	55	47	0.98	1	1	1	1	17	15	-C
I	2499149	A	-T/-T	3	30	90.91%	1	2	49	45	0.98	1	1	3	0	9	21	-T
I	2507462	T	+A/+A	0	33	100%	0	2	0	46	0.98	0	1	0	0	20	13	+A
I	2510060	T	+A/+A	3	16	84.21%	2	2	49	39	0.98	1	1	1	2	12	4	+A
I	2525300	T	*/-A	23	5	17.24%	2	2	50	51	0.98	1	1	11	12	1	4	-A
I	2525713	C	*/-TT	24	2	6.67%	2	1	45	37	0.98	1	1	17	7	2	0	-TT
I	2525713	C	*/+TT	24	2	6.67%	2	1	45	25	0.98	1	1	17	7	2	0	-TT
I	2556462	A	*/-T	41	3	6.82%	2	2	44	45	0.98	1	1	19	22	2	1	-T
I	2556743	G	*/-A	9	2	14.29%	2	1	53	55	0.98	1	1	6	3	2	0	A
I	2578262	T	*/-A	24	6	17.65%	2	2	46	57	0.98	1	1	10	14	4	2	-A
I	2578262	T	*/-AA	24	2	5.88%	2	2	46	31	0.98	1	1	10	14	1	1	-A
I	2578262	T	*/+A	24	2	5.88%	2	1	46	55	0.98	1	1	10	14	0	2	-A
I	2578473	C	+T/+T	6	68	90.67%	2	2	63	50	0.98	1	1	3	3	38	30	+T
I	2588021	C	+A/+A	1	12	92.31%	1	2	37	44	0.98	1	1	0	1	8	4	+A
I	2588066	C	+A/+A	0	15	100%	0	2	0	43	0.98	0	1	0	0	8	7	+A
I	2594263	C	+T/+T	0	17	94.44%	0	2	0	47	0.98	0	1	0	0	3	14	+T
I	2594324	T	+A/+A	4	14	77.78%	2	2	61	42	0.98	1	1	1	3	7	7	+A
I	2594351	T	+A/+A	0	14	93.33%	0	2	0	46	0.98	0	1	0	0	8	6	+A
I	2594391	A	+T/+T	0	14	87.5%	0	2	0	47	0.98	0	1	0	0	9	5	+T
I	2605777	C	*/-A	25	2	7.14%	2	1	41	37	0.98	1	1	11	14	0	2	-A
I	2605860	G	-T/-T	1	32	96.97%	1	2	37	44	0.98	1	1	0	1	10	22	-T
I	2607669	A	+T/+T	2	38	95%	2	2	55	47	0.98	1	1	1	1	17	21	+T
I	2641998	C	*/+T	8	5	33.33%	2	2	45	29	0.98	1	1	6	2	3	2	+T
I	2683902	T	-C/-C	1	28	96.55%	1	2	37	48	0.98	1	1	1	0	12	16	-C
I	2689254	A	*/-T	17	3	12.5%	2	1	45	49	0.98	1	1	12	5	3	0	-T
I	2689254	A	*/+T	17	4	16.67%	2	2	45	37	0.98	1	1	12	5	3	1	+T
I	2747027	T	*/+A	7	10	30.3%	2	2	42	37	0.98	1	1	6	1	7	3	+A
I	2747027	T	*/+AA	7	12	36.36%	2	2	42	44	0.98	1	1	6	1	11	1	+AA
I	2747027	T	*/+AAA	7	2	6.06%	2	2	42	37	0.98	1	1	6	1	1	1	+AA
I	2751236	T	-A/-A	8	41	77.36%	2	2	46	48	0.98	1	1	7	1	17	24	-A
I	2751236	T	*/-AA	8	4	7.55%	2	1	46	34	0.98	1	1	7	1	0	4	-A
I	2759871	T	*/+A	0	2	12.5%	0	1	0	37	0.98	0	1	0	0	2	0	+A
I	2759871	T	+C/+C	0	13	81.25%	0	2	0	51	0.98	0	1	0	0	6	7	+C
I	2812650	C	*/-T	22	2	8%	2	2	40	61	0.98	1	1	9	13	1	1	-T
I	2876870	C	*/-T	27	2	6.9%	2	1	43	37	0.98	1	1	11	16	0	2	-T
I	2881073	G	*/-A	17	2	10.53%	2	2	37	42	0.98	1	1	12	5	1	1	-A
I	2897634	G	*/-TA	66	5	7.04%	2	2	46	44	0.98	1	1	27	39	3	2	-TA
I	2907177	C	*/+A	37	2	5%	2	2	45	37	0.98	1	1	21	16	1	1	+A
I	2949974	G	*/-AT	55	3	5.08%	2	2	43	49	0.98	1	1	25	30	1	2	-AT
I	2958937	G	*/+A	33	2	5.56%	2	1	40	37	0.98	1	1	26	7	2	0	+A
I	2959752	A	*/+T	4	3	42.86%	2	2	37	29	0.98	1	1	3	1	2	1	+T
I	2960791	T	*/-A	26	4	13.33%	2	2	43	37	0.98	1	1	8	18	1	3	-A
I	2974682	T	*/-A	34	2	5.41%	2	1	45	61	0.98	1	1	26	8	0	2	-A
I	2994643	A	*/-T	22	2	8%	2	1	43	55	0.98	1	1	12	10	2	0	-T
I	3014393	G	*/-T	26	2	6.9%	2	2	39	55	0.98	1	1	17	9	1	1	-T
I	3033347	C	*/-T	29	6	15.79%	2	2	42	42	0.98	1	1	16	13	5	1	-T
I	3033347	C	*/+T	29	2	5.26%	2	1	42	31	0.98	1	1	16	13	2	0	-T
I	3076257	A	*/+C	28	3	9.68%	2	1	46	37	0.98	1	1	14	14	3	0	+C
I	3120091	C	*/-T	37	2	5.13%	2	1	45	37	0.98	1	1	19	18	0	2	-T
I	3125118	A	+T/+T	2	20	90.91%	2	2	55	46	0.98	1	1	1	1	13	7	+T
I	3159187	C	*/-CA	80	10	10.99%	2	2	50	51	0.98	1	1	41	39	6	4	-CA
I	3159994	C	*/-T	81	6	6.38%	2	2	41	37	0.98	1	1	65	16	5	1	-T
I	3159994	C	*/+T	81	5	5.32%	2	1	41	34	0.98	1	1	65	16	5	0	-T
I	3166776	G	*/+TT	3	3	13.64%	2	2	41	40	0.98	1	1	2	1	2	1	+TT
I	3166776	G	*/+TTT	3	15	68.18%	2	2	41	41	0.98	1	1	2	1	10	5	+TTT
I	3178494	C	+T/+T	1	29	96.67%	1	2	37	48	0.98	1	1	0	1	11	18	+T
I	3184255	T	*/-A	12	3	20%	2	2	44	45	0.98	1	1	5	7	1	2	-A
I	3197528	A	+G/+G	2	52	92.86%	2	2	55	41	0.98	1	1	1	1	25	27	+G
I	3205637	G	*/+T	27	2	6.9%	2	2	46	37	0.98	1	1	15	12	1	1	+T
I	3299997	G	*/-A	33	5	13.16%	2	2	43	44	0.98	1	1	26	7	3	2	-A
I	3303111	C	*/-T	16	2	11.11%	2	1	46	37	0.98	1	1	12	4	2	0	-T
I	3303394	C	*/-AT	33	3	7.89%	2	1	45	33	0.98	1	1	11	22	0	3	-AT
I	3380404	C	*/-A	40	3	6.52%	2	1	42	45	0.98	1	1	29	11	3	0	-A
I	3380404	C	*/+A	40	3	6.52%	2	2	42	61	0.98	1	1	29	11	1	2	-A
I	3380449	C	*/-A	41	3	6.82%	2	2	45	45	0.98	1	1	20	21	1	2	-A
I	3383423	C	+A/+A	2	25	89.29%	1	2	74	46	0.98	1	1	2	0	12	13	+A
I	3404612	C	*/-T	9	2	16.67%	2	2	43	42	0.98	1	1	7	2	1	1	-T
I	3404991	C	*/-T	11	5	27.78%	2	1	38	34	0.98	1	1	8	3	5	0	-T
I	3410124	A	*/-T	22	2	8%	2	2	44	37	0.98	1	1	8	14	1	1	-T
I	3450130	G	-T/-T	1	30	96.77%	1	2	74	49	0.98	1	1	0	1	17	13	-T
I	3460318	T	+C/+C	1	18	94.74%	1	2	37	46	0.98	1	1	0	1	7	11	+C
I	3460476	G	*/-A	13	2	11.76%	2	1	42	61	0.98	1	1	8	5	0	2	-A
I	3462650	A	*/-T	11	4	25%	2	2	46	37	0.98	1	1	6	5	1	3	-T
I	3477396	C	*/-A	10	2	16.67%	2	2	48	31	0.98	1	1	5	5	1	1	-A
I	3507522	A	*/+T	28	4	12.5%	2	2	44	46	0.98	1	1	17	11	2	2	+T
I	3538413	A	+T/+T	5	28	84.85%	2	2	37	51	0.98	1	1	2	3	15	13	+T
I	3538428	G	+T/+T	0	27	100%	0	2	0	48	0.98	0	1	0	0	13	14	+T
I	3538436	T	+A/+A	1	26	96.3%	1	2	37	48	0.98	1	1	0	1	13	13	+A
I	3538449	T	+TA/+TA	1	23	95.83%	1	2	37	47	0.98	1	1	0	1	10	13	+TA
I	3538456	A	+AT/+AT	0	25	100%	0	2	0	47	0.98	0	1	0	0	12	13	+AT
I	3548532	G	*/+T	12	2	13.33%	2	1	39	37	0.98	1	1	10	2	0	2	+T
I	3575205	C	*/-A	8	3	27.27%	2	1	37	33	0.98	1	1	7	1	3	0	-A
I	3576756	T	*/+TCTTCTC	3	4	36.36%	2	2	37	52	0.98	1	1	2	1	2	2	C
I	3576929	C	*/+T	3	14	70%	1	2	41	49	0.98	1	1	3	0	5	9	+T
I	3577787	T	*/+CTCTA	30	28	43.08%	2	2	47	44	0.98	1	1	13	17	12	16	+CTCTA
I	3580034	C	*/+T	10	5	29.41%	2	1	40	34	0.98	1	1	8	2	5	0	+T
I	3609896	T	*/-A	5	4	36.36%	2	2	51	37	0.98	1	1	1	4	3	1	-A
I	3610396	C	*/+T	5	2	22.22%	2	2	36	42	0.98	1	1	1	4	1	1	+T
I	3659724	C	*/-T	33	4	10%	2	2	43	39	0.98	1	1	26	7	2	2	-T
I	3665610	G	+C/+C	0	62	96.88%	0	2	0	47	0.98	0	1	0	0	33	29	+C
I	3683223	C	*/+A	36	2	5.13%	2	2	42	49	0.98	1	1	14	22	1	1	+A
I	3696326	G	*/-T	29	2	6.25%	2	1	40	37	0.98	1	1	14	15	2	0	-T
I	3700385	T	*/+A	7	5	17.24%	2	2	44	44	0.98	1	1	6	1	2	3	+A
I	3700385	T	*/+AA	7	15	51.72%	2	2	44	46	0.98	1	1	6	1	9	6	+AA
I	3730369	A	+T/+T	2	20	90.91%	1	2	37	41	0.98	1	1	2	0	10	10	+T
I	3745734	A	*/-AT	16	3	15.79%	2	2	51	57	0.98	1	1	7	9	1	2	-AT
I	3751488	T	+A/+A	4	28	84.85%	2	2	46	46	0.98	1	1	3	1	11	17	+A
I	3752808	C	*/+A	36	2	5.26%	2	1	45	37	0.98	1	1	23	13	2	0	+A
I	3761565	C	*/+TACCACTTCCACT	52	13	19.12%	2	2	49	45	0.98	1	1	25	27	10	3	+TACCACTTCCACT
I	3765328	C	+T/+T	2	17	85%	2	2	37	39	0.98	1	1	1	1	13	4	+T
I	3765366	T	*/-A	21	2	8.7%	2	1	38	43	0.98	1	1	13	8	0	2	-A
I	3776933	G	+A/+A	2	14	87.5%	1	2	30	42	0.98	1	1	2	0	2	12	+A
I	3825510	G	*/-T	8	11	55%	2	2	40	38	0.98	1	1	6	2	6	5	-T
I	3850523	C	*/-T	20	6	18.75%	2	2	47	41	0.98	1	1	12	8	5	1	-T
I	3850523	C	*/+T	20	6	18.75%	2	2	47	43	0.98	1	1	12	8	4	2	-T
I	3855790	G	-T/-T	1	21	95.45%	1	2	74	38	0.98	1	1	0	1	12	9	-T
I	3879465	T	*/-A	27	2	6.9%	2	2	47	37	0.98	1	1	16	11	1	1	-A
I	3898271	C	*/-A	25	3	9.68%	2	2	53	33	0.98	1	1	15	10	2	1	-A
I	3898271	C	*/+A	25	3	9.68%	2	2	53	49	0.98	1	1	15	10	1	2	-A
I	3940025	G	+T/+T	3	34	89.47%	2	2	33	52	0.98	1	1	2	1	15	19	+T
I	3984736	A	*/-GGT	175	14	7.41%	2	1	46	39	0.98	1	1	51	124	0	14	-GGT
I	3992188	G	*/+A	11	2	15.38%	1	1	38	33	0.98	1	1	11	0	2	0	+A
I	3992211	A	*/-AAC	30	2	6.25%	2	1	45	25	0.98	1	1	9	21	0	2	-AAC
I	3992213	A	*/-C	23	3	11.54%	2	2	41	61	0.98	1	1	9	14	1	2	-C
I	3995023	C	*/-T	9	2	14.29%	2	2	40	37	0.98	1	1	4	5	1	1	-T
I	4004016	G	*/-T	14	5	21.74%	2	2	46	47	0.98	1	1	8	6	2	3	-T
I	4004016	G	*/-TT	14	3	13.04%	2	1	46	45	0.98	1	1	8	6	3	0	-T
I	4055052	T	+A/+A	4	22	81.48%	1	2	46	38	0.98	1	1	4	0	17	5	+A
I	4098272	C	*/-T	32	2	5.71%	2	1	44	74	0.98	1	1	23	9	2	0	-T
I	4140001	G	*/-T	15	2	11.11%	2	1	43	31	0.98	1	1	6	9	0	2	-T
I	4153651	C	*/+T	18	3	13.64%	2	1	36	37	0.98	1	1	17	1	3	0	+T
I	4179641	C	*/-A	20	2	8.33%	2	2	41	37	0.98	1	1	16	4	1	1	-A
I	4179641	C	*/+A	20	2	8.33%	2	2	41	37	0.98	1	1	16	4	1	1	-A
I	4179700	T	*/+A	12	4	25%	2	1	40	37	0.98	1	1	9	3	0	4	+A
I	4179701	C	*/+T	7	3	23.08%	2	2	29	36	0.98	1	1	5	2	2	1	+T
I	4241118	G	*/-A	14	7	30.43%	2	2	33	47	0.98	1	1	5	9	5	2	-A
I	4276890	G	*/+T	8	20	68.97%	2	2	38	45	0.98	1	1	7	1	12	8	+T
I	4304169	G	+A/+A	0	13	92.86%	0	2	0	49	0.98	0	1	0	0	5	8	+A
I	4374342	A	-G/-G	3	56	94.92%	1	2	37	49	0.98	1	1	3	0	33	23	-G
I	4407494	T	+G/+G	1	46	97.87%	1	2	25	49	0.98	1	1	1	0	23	23	+G
I	4410191	C	-G/-G	4	32	88.89%	2	2	37	44	0.98	1	1	3	1	17	15	-G
I	4414201	C	*/-T	4	8	57.14%	2	2	31	40	0.98	1	1	2	2	5	3	-T
I	4414723	T	*/+AAAA	2	2	33.33%	1	2	37	49	0.98	1	1	2	0	1	1	+AAAA
I	4431856	G	+A/+A	4	50	92.59%	2	2	39	49	0.98	1	1	2	2	24	26	+A
I	4431868	C	+A/+A	4	48	92.31%	2	2	46	46	0.98	1	1	3	1	22	26	+A
I	4442621	A	*/-AT	47	5	9.26%	2	2	52	34	0.98	1	1	20	27	3	2	-AT
I	4455149	G	+A/+A	1	7	77.78%	1	2	37	37	0.98	1	1	1	0	2	5	+A
I	4458392	A	*/+T	33	2	5.56%	2	1	44	37	0.98	1	1	16	17	0	2	+T
I	4514478	T	*/-A	16	8	25%	2	2	35	50	0.98	1	1	13	3	4	4	-A
I	4514478	T	*/-AA	16	3	9.38%	2	1	35	45	0.98	1	1	13	3	3	0	-A
I	4514478	T	*/-AAAA	16	3	9.38%	2	1	35	74	0.98	1	1	13	3	0	3	-A
I	4533252	C	*/-T	10	4	25%	2	1	52	34	0.98	1	1	5	5	0	4	-T
I	4533252	C	*/+T	10	2	12.5%	2	1	52	55	0.98	1	1	5	5	0	2	-T
I	4561329	A	*/-T	26	2	7.14%	2	2	43	55	0.98	1	1	16	10	1	1	-T
I	4604649	C	*/-T	15	2	9.52%	2	2	38	42	0.98	1	1	14	1	1	1	-T
I	4604649	C	*/+T	15	2	9.52%	2	2	38	49	0.98	1	1	14	1	1	1	-T
I	4606489	C	*/-T	28	2	6.67%	2	1	49	68	0.98	1	1	11	17	0	2	-T
I	4648145	G	*/+T	23	2	6.67%	2	1	38	37	0.98	1	1	22	1	2	0	+T
I	4648159	T	*/-G	7	3	11.54%	1	2	35	37	0.98	1	1	7	0	2	1	-G
I	4648159	T	*/-GG	7	3	11.54%	1	2	35	57	0.98	1	1	7	0	2	1	-G
I	4648159	T	*/+TG	7	7	26.92%	1	1	35	35	0.98	1	1	7	0	7	0	+TG
I	4648159	T	*/+TTG	7	3	11.54%	1	1	35	37	0.98	1	1	7	0	3	0	+TG
I	4658978	C	*/-A	18	2	10%	2	2	39	55	0.98	1	1	8	10	1	1	-A
I	4673982	T	*/-A	15	2	11.76%	2	1	49	31	0.98	1	1	11	4	2	0	-A
I	4721875	G	+A/+A	0	19	100%	0	2	0	47	0.98	0	1	0	0	10	9	+A
I	4746669	C	+T/+T	4	36	87.8%	2	2	46	46	0.98	1	1	3	1	11	25	+T
I	4760698	T	*/-A	24	3	11.11%	2	2	50	49	0.98	1	1	16	8	1	2	-A
I	4764253	G	*/+A	11	25	55.56%	2	2	50	47	0.98	1	1	9	2	18	7	+A
I	4764253	G	*/+AA	11	3	6.67%	2	2	50	49	0.98	1	1	9	2	1	2	+A
I	4781861	G	*/+T	21	2	8%	2	2	46	37	0.98	1	1	12	9	1	1	+T
I	4846619	T	+A/+A	3	25	89.29%	2	2	37	47	0.98	1	1	1	2	17	8	+A
I	4846626	A	*/+T	25	2	7.41%	2	1	49	25	0.98	1	1	17	8	0	2	+T
I	4911431	G	*/+T	10	2	14.29%	2	1	35	37	0.98	1	1	8	2	2	0	+T
I	4916623	C	*/-A	19	4	12.5%	2	2	41	39	0.98	1	1	12	7	2	2	-A
I	4916623	C	*/-AA	19	4	12.5%	2	2	41	43	0.98	1	1	12	7	1	3	-A
I	4916623	C	*/+A	19	4	12.5%	2	2	41	52	0.98	1	1	12	7	2	2	-A
I	4926045	T	*/+A	15	2	11.76%	2	1	44	37	0.98	1	1	12	3	0	2	+A
I	4926046	C	*/+T	5	8	53.33%	1	1	40	36	0.98	1	1	5	0	8	0	+T
I	4934297	C	*/-TA	42	6	12.24%	2	2	43	41	0.98	1	1	25	17	4	2	-TA
I	4984784	A	*/-T	11	8	36.36%	2	2	44	44	0.98	1	1	8	3	5	3	-T
I	5002717	C	*/+A	14	2	12.5%	2	1	41	37	0.98	1	1	9	5	2	0	+A
I	5034112	A	*/+T	38	2	5%	2	2	52	37	0.98	1	1	17	21	1	1	+T
I	5045335	G	*/-T	22	2	8.33%	2	2	42	49	0.98	1	1	10	12	1	1	-T
I	5055030	G	*/-A	35	2	5.26%	2	2	42	37	0.98	1	1	8	27	1	1	-A
I	5060109	A	*/-T	25	5	16.13%	2	2	40	37	0.98	1	1	9	16	4	1	-T
I	5078848	G	*/+A	25	2	7.14%	2	2	43	37	0.98	1	1	14	11	1	1	+A
I	5096442	G	*/-T	18	2	8%	2	1	35	55	0.98	1	1	15	3	0	2	-T
I	5142627	A	+G/+G	0	19	100%	0	2	0	51	0.98	0	1	0	0	8	11	+G
I	5148414	T	-A/-A	4	46	92%	2	2	46	47	0.98	1	1	1	3	22	24	-A
I	5173087	C	+T/+T	3	25	86.21%	2	2	49	42	0.98	1	1	2	1	11	14	+T
I	5173430	G	*/+T	6	24	61.54%	2	2	37	52	0.98	1	1	5	1	16	8	+T
I	5173430	G	*/+TT	6	5	12.82%	2	2	37	34	0.98	1	1	5	1	4	1	+T
I	5173430	G	*/+TTT	6	2	5.13%	2	2	37	42	0.98	1	1	5	1	1	1	+T
I	5176926	T	*/+A	5	6	46.15%	1	2	49	43	0.98	1	1	5	0	4	2	+A
I	5177760	A	*/-T	16	4	15.38%	2	2	44	37	0.98	1	1	9	7	2	2	-T
I	5177760	A	*/+T	16	4	15.38%	2	1	44	52	0.98	1	1	9	7	0	4	-T
I	5181376	A	*/+T	34	2	5.56%	2	1	45	37	0.98	1	1	20	14	2	0	+T
I	5181832	G	*/+T	22	2	8%	2	2	48	74	0.98	1	1	10	12	1	1	+T
I	5187723	C	*/-T	9	2	18.18%	2	2	41	37	0.98	1	1	5	4	1	1	-T
I	5201984	A	*/-AT	51	3	5.56%	2	2	53	49	0.98	1	1	25	26	1	2	-AT
I	5265702	C	*/-A	31	3	8.57%	2	2	41	49	0.98	1	1	20	11	2	1	-A
I	5266596	A	*/-T	29	4	12.12%	2	2	42	46	0.98	1	1	20	9	2	2	-T
I	5271793	A	*/-T	28	2	6.67%	2	2	46	55	0.98	1	1	20	8	1	1	-T
I	5321235	G	*/+A	35	2	5.41%	2	1	41	37	0.98	1	1	14	21	0	2	+A
I	5322103	A	*/-T	13	2	13.33%	2	2	41	55	0.98	1	1	6	7	1	1	-T
I	5352025	G	*/-T	33	2	5.56%	2	2	48	49	0.98	1	1	19	14	1	1	-T
I	5363995	C	*/-A	31	2	5.71%	2	2	50	55	0.98	1	1	12	19	1	1	-A
I	5368262	T	-C/-C	1	77	98.72%	1	2	37	48	0.98	1	1	0	1	36	41	-C
I	5368273	G	+T/+T	4	86	95.56%	1	2	37	50	0.98	1	1	0	4	41	45	+T
I	5376919	C	*/-AT	36	2	5.26%	2	2	46	55	0.98	1	1	23	13	1	1	-AT
I	5385377	T	*/-A	41	3	6.82%	2	1	46	49	0.98	1	1	32	9	3	0	-A
I	5426622	C	+T/+T	4	35	89.74%	1	2	37	44	0.98	1	1	4	0	20	15	+T
I	5436574	G	*/-A	37	2	5.13%	2	2	50	37	0.98	1	1	24	13	1	1	-A
I	5445190	T	*/+A	59	5	7.81%	2	2	47	44	0.98	1	1	29	30	3	2	+A
I	5486193	G	*/-T	31	2	6.06%	2	1	48	74	0.98	1	1	17	14	2	0	-T
I	5509333	T	*/-A	27	2	6.9%	2	2	56	55	0.98	1	1	18	9	1	1	-A
I	5547223	T	*/-A	13	4	20%	2	1	36	34	0.98	1	1	11	2	4	0	-A
I	5547223	T	*/+A	13	2	10%	2	1	36	31	0.98	1	1	11	2	2	0	-A
I	5559365	C	*/-T	8	3	25%	2	2	47	49	0.98	1	1	7	1	2	1	-T
I	5564950	C	*/-T	9	3	25%	2	1	38	33	0.98	1	1	6	3	0	3	-T
I	5567937	C	*/-A	33	7	17.07%	2	1	43	37	0.98	1	1	21	12	7	0	-A
I	5572022	A	*/-T	58	5	7.94%	2	1	41	37	0.98	1	1	15	43	0	5	-T
I	5576850	T	*/-AA	15	6	28.57%	2	2	41	49	0.98	1	1	8	7	2	4	-AA
II	5109	A	*/+C	108	7	6.09%	2	2	44	58	0.98	1	1	23	85	2	5	+C
II	7149	T	*/+A	36	2	5%	2	2	48	55	0.98	1	1	26	10	1	1	+A
II	7268	G	*/-T	36	2	5.13%	2	1	43	37	0.98	1	1	21	15	2	0	-T
II	15830	T	*/-A	8	2	12.5%	2	2	43	37	0.98	1	1	5	3	1	1	-A
II	15830	T	*/+A	8	3	18.75%	2	1	43	37	0.98	1	1	5	3	3	0	+A
II	19433	C	*/+T	19	18	48.65%	2	2	51	45	0.98	1	1	11	8	10	8	+T
II	23557	G	*/-A	8	2	15.38%	2	1	37	31	0.98	1	1	6	2	0	2	-A
II	23557	G	*/-AA	8	2	15.38%	2	1	37	37	0.98	1	1	6	2	2	0	-A
II	31617	A	*/-T	7	3	27.27%	2	2	49	37	0.98	1	1	4	3	2	1	-T
II	46913	T	*/-A	23	2	7.41%	2	2	43	31	0.98	1	1	18	5	1	1	-A
II	73586	C	+T/+T	2	26	89.66%	1	2	37	46	0.98	1	1	2	0	16	10	+T
II	121588	G	*/+T	17	2	10.53%	2	1	47	74	0.98	1	1	9	8	2	0	+T
II	128001	T	-A/-A	0	22	100%	0	2	0	47	0.98	0	1	0	0	9	13	-A
II	146079	T	-C/-C	5	26	83.87%	1	2	36	47	0.98	1	1	0	5	14	12	-C
II	197124	C	*/-A	33	2	5.71%	2	2	42	37	0.98	1	1	17	16	1	1	-A
II	201022	A	*/-T	25	2	7.14%	2	1	44	68	0.98	1	1	13	12	0	2	-T
II	226847	C	*/+A	37	2	5.13%	2	1	43	37	0.98	1	1	17	20	0	2	+A
II	229897	A	*/-T	27	9	20.45%	2	2	42	47	0.98	1	1	21	6	7	2	-T
II	229897	A	*/+T	27	5	11.36%	2	2	42	39	0.98	1	1	21	6	3	2	-T
II	246318	A	*/-T	37	3	7.32%	2	2	44	49	0.98	1	1	13	24	2	1	-T
II	320661	G	*/-A	31	3	8.57%	2	2	48	65	0.98	1	1	18	13	2	1	-A
II	355454	T	*/+A	30	3	9.09%	2	1	53	57	0.98	1	1	11	19	0	3	+A
II	383156	C	*/-T	31	3	8.82%	2	2	41	49	0.98	1	1	22	9	1	2	-T
II	410085	C	*/-T	15	8	25%	2	2	40	48	0.98	1	1	10	5	5	3	-T
II	410085	C	*/-TT	15	8	25%	2	2	40	42	0.98	1	1	10	5	5	3	-T
II	484534	A	*/+T	6	14	63.64%	2	2	41	44	0.98	1	1	3	3	5	9	+T
II	484534	A	*/+TT	6	2	9.09%	2	1	41	42	0.98	1	1	3	3	0	2	+T
II	488911	A	*/+T	18	19	48.72%	2	2	50	44	0.98	1	1	7	11	9	10	+T
II	516071	T	*/-A	30	4	10.81%	2	2	48	55	0.98	1	1	12	18	3	1	-A
II	516071	T	*/-AA	30	2	5.41%	2	1	48	55	0.98	1	1	12	18	0	2	-A
II	521731	G	*/-T	45	7	12.73%	2	2	46	40	0.98	1	1	27	18	6	1	-T
II	561061	T	*/-G	13	2	13.33%	2	1	44	37	0.98	1	1	7	6	0	2	-G
II	561064	T	*/-A	13	4	23.53%	2	2	45	37	0.98	1	1	4	9	2	2	-A
II	576111	C	*/+A	28	2	6.45%	2	1	47	55	0.98	1	1	16	12	2	0	+A
II	602525	T	*/+A	26	2	7.14%	2	2	39	37	0.98	1	1	18	8	1	1	+A
II	603279	A	-T/-T	0	17	100%	0	2	0	47	0.98	0	1	0	0	12	5	-T
II	603305	A	-C/-C	0	24	100%	0	2	0	44	0.98	0	1	0	0	10	14	-C
II	605104	T	*/-A	38	2	5%	2	1	48	55	0.98	1	1	14	24	0	2	-A
II	645098	C	*/-A	11	2	15.38%	2	1	39	31	0.98	1	1	6	5	0	2	-A
II	673086	G	*/-A	13	2	9.52%	2	1	36	61	0.98	1	1	12	1	0	2	-A
II	673086	G	*/-AA	13	3	14.29%	2	2	36	40	0.98	1	1	12	1	2	1	-AA
II	673086	G	*/+A	13	3	14.29%	2	1	36	37	0.98	1	1	12	1	3	0	-AA
II	677175	G	*/-TA	46	6	11.32%	2	2	47	42	0.98	1	1	15	31	3	3	-TA
II	700009	T	-A/-A	2	24	92.31%	2	2	42	40	0.98	1	1	1	1	10	14	-A
II	716295	G	*/-T	21	7	21.88%	2	2	42	45	0.98	1	1	18	3	4	3	-T
II	716295	G	*/-TT	21	2	6.25%	2	2	42	49	0.98	1	1	18	3	1	1	-T
II	716295	G	*/+T	21	2	6.25%	2	1	42	37	0.98	1	1	18	3	2	0	-T
II	753854	A	*/-TT	13	2	9.52%	2	2	38	37	0.98	1	1	12	1	1	1	-TT
II	753854	A	*/+T	13	4	19.05%	2	2	38	37	0.98	1	1	12	1	3	1	+T
II	756993	C	*/-T	23	11	29.73%	2	2	48	41	0.98	1	1	15	8	7	4	-T
II	756993	C	*/+T	23	2	5.41%	2	1	48	42	0.98	1	1	15	8	2	0	-T
II	792174	T	*/-A	18	2	9.52%	2	2	41	31	0.98	1	1	9	9	1	1	-A
II	819361	C	*/-A	13	2	10.53%	2	1	36	37	0.98	1	1	11	2	2	0	-A
II	819361	C	*/-AA	13	2	10.53%	2	2	36	61	0.98	1	1	11	2	1	1	-A
II	819361	C	*/-AAA	13	2	10.53%	2	2	36	25	0.98	1	1	11	2	1	1	-A
II	887151	C	*/-T	25	4	13.79%	2	2	41	58	0.98	1	1	20	5	1	3	-T
II	888599	A	-C/-C	1	18	94.74%	1	2	37	52	0.98	1	1	0	1	8	10	-C
II	889921	C	*/-T	16	5	21.74%	2	2	37	42	0.98	1	1	15	1	4	1	-T
II	889921	C	*/+T	16	2	8.7%	2	2	37	31	0.98	1	1	15	1	1	1	-T
II	890578	C	*/-T	26	2	7.14%	2	1	40	37	0.98	1	1	24	2	2	0	-T
II	903106	G	+T/+T	0	30	96.77%	0	2	0	39	0.98	0	1	0	0	7	23	+T
II	947539	C	*/+A	30	2	6.06%	2	2	44	49	0.98	1	1	13	17	1	1	+A
II	948303	T	*/-A	20	6	22.22%	2	2	45	37	0.98	1	1	14	6	5	1	-A
II	965517	C	*/-T	18	7	23.33%	2	2	41	49	0.98	1	1	12	6	3	4	-T
II	965517	C	*/+T	18	4	13.33%	2	2	41	46	0.98	1	1	12	6	3	1	-T
II	985023	C	*/-A	35	3	7.89%	2	2	45	45	0.98	1	1	23	12	2	1	-A
II	997671	G	*/+CAA	14	2	9.09%	2	1	44	42	0.98	1	1	6	8	0	2	A
II	1019510	T	*/-A	4	10	37.04%	2	2	49	44	0.98	1	1	3	1	6	4	-A
II	1019510	T	*/-AA	4	9	33.33%	2	2	49	45	0.98	1	1	3	1	6	3	-A
II	1019510	T	*/-AAA	4	4	14.81%	2	1	49	46	0.98	1	1	3	1	0	4	-A
II	1059118	T	*/-A	21	6	20.69%	2	2	42	61	0.98	1	1	10	11	3	3	-A
II	1059118	T	*/+A	21	2	6.9%	2	2	42	68	0.98	1	1	10	11	1	1	-A
II	1069791	C	*/+A	37	3	7.32%	2	1	47	53	0.98	1	1	24	13	0	3	+A
II	1078264	T	*/-A	32	7	17.5%	2	2	44	43	0.98	1	1	21	11	6	1	-A
II	1079843	T	+A/+A	0	21	100%	0	2	0	38	0.98	0	1	0	0	8	13	+A
II	1104941	G	*/-T	19	2	9.09%	2	1	39	55	0.98	1	1	16	3	2	0	-T
II	1141304	C	*/-A	26	2	6.67%	2	1	41	55	0.98	1	1	15	11	2	0	-A
II	1147442	A	*/-T	17	2	10.53%	2	2	41	36	0.98	1	1	10	7	1	1	-T
II	1156029	A	*/-AT	23	4	14.29%	2	1	44	55	0.98	1	1	12	11	4	0	-AT
II	1163154	A	-T/-T	2	27	93.1%	1	2	37	49	0.98	1	1	0	2	17	10	-T
II	1165618	G	*/-T	18	2	10%	2	2	48	37	0.98	1	1	10	8	1	1	-T
II	1171363	T	*/-A	30	2	6.25%	2	2	39	55	0.98	1	1	23	7	1	1	-A
II	1225568	G	*/+A	28	3	9.68%	2	2	41	45	0.98	1	1	21	7	2	1	+A
II	1243365	G	*/-T	14	6	28.57%	2	2	44	37	0.98	1	1	4	10	1	5	-T
II	1266289	T	+A/+A	3	16	84.21%	2	2	29	37	0.98	1	1	2	1	9	7	+A
II	1277481	G	*/+T	7	2	11.76%	1	1	35	37	0.98	1	1	7	0	2	0	+T
II	1277481	G	*/+TT	7	6	35.29%	1	2	35	45	0.98	1	1	7	0	3	3	+TT
II	1308618	G	-T/-T	2	51	96.23%	1	2	37	47	0.98	1	1	2	0	34	17	-T
II	1349040	A	*/-T	11	3	18.75%	2	2	49	45	0.98	1	1	5	6	1	2	-T
II	1349040	A	*/+T	11	2	12.5%	2	1	49	37	0.98	1	1	5	6	2	0	-T
II	1359429	C	*/-T	17	2	10.53%	2	2	47	37	0.98	1	1	6	11	1	1	-T
II	1362927	G	*/-T	31	2	6.06%	2	2	47	55	0.98	1	1	9	22	1	1	-T
II	1365999	G	*/-T	27	5	13.16%	2	1	42	53	0.98	1	1	18	9	5	0	-T
II	1365999	G	*/+T	27	5	13.16%	2	2	42	56	0.98	1	1	18	9	1	4	-T
II	1389139	C	*/-TTT	4	2	11.76%	1	1	46	37	0.98	1	1	4	0	2	0	-TTT
II	1389139	C	*/+T	4	8	47.06%	1	2	46	40	0.98	1	1	4	0	5	3	+T
II	1456839	A	*/-T	17	2	10.53%	2	2	45	37	0.98	1	1	5	12	1	1	-T
II	1458981	T	*/-A	36	2	5.26%	2	1	45	31	0.98	1	1	21	15	2	0	-A
II	1467485	C	*/-T	15	7	30.43%	2	2	38	37	0.98	1	1	6	9	2	5	-T
II	1491761	T	*/-A	29	2	6.45%	2	1	53	37	0.98	1	1	13	16	0	2	-A
II	1508313	C	*/+A	25	2	7.41%	2	2	44	37	0.98	1	1	12	13	1	1	+A
II	1531449	G	*/-T	36	3	7.69%	2	2	41	41	0.98	1	1	13	23	1	2	-T
II	1540855	G	*/-TA	26	3	10.34%	2	2	41	37	0.98	1	1	7	19	2	1	-TA
II	1545027	C	*/-A	12	6	31.58%	2	2	36	37	0.98	1	1	6	6	4	2	-A
II	1555919	A	*/+TTTATT	6	6	50%	2	2	43	37	0.98	1	1	5	1	4	2	+TTTATT
II	1571445	G	*/-TA	41	4	8.89%	2	2	42	52	0.98	1	1	13	28	2	2	-TA
II	1610504	A	*/+G	59	4	6.35%	2	1	46	46	0.98	1	1	39	20	4	0	+G
II	1627981	C	*/-T	9	6	31.58%	2	1	41	53	0.98	1	1	5	4	0	6	-T
II	1627981	C	*/-TT	9	3	15.79%	2	2	41	45	0.98	1	1	5	4	1	2	-T
II	1634843	T	*/+ATTATCATTATCATTATC	26	3	8.82%	2	2	52	49	0.98	1	1	20	6	1	2	C
II	1678205	T	-A/-A	0	12	100%	0	2	0	43	0.98	0	1	0	0	8	4	-A
II	1700176	T	*/-A	16	3	15.79%	2	2	43	49	0.98	1	1	11	5	2	1	-A
II	1709150	G	*/-T	27	3	10%	2	2	44	57	0.98	1	1	15	12	2	1	-T
II	1716256	G	*/+T	23	2	7.41%	2	1	37	49	0.98	1	1	16	7	2	0	+T
II	1716287	T	*/-G	20	14	41.18%	2	2	45	44	0.98	1	1	6	14	2	12	-G
II	1748645	T	*/-G	17	2	9.09%	2	1	44	42	0.98	1	1	12	5	0	2	-G
II	1748645	T	*/-GA	17	2	9.09%	2	1	44	74	0.98	1	1	12	5	0	2	-G
II	1748646	G	*/-A	12	5	26.32%	2	2	37	39	0.98	1	1	11	1	4	1	-A
II	1763419	T	*/-A	24	13	32.5%	2	2	42	42	0.98	1	1	18	6	7	6	-A
II	1763419	T	*/+A	24	2	5%	2	2	42	49	0.98	1	1	18	6	1	1	-A
II	1777362	C	*/-T	14	3	17.65%	2	2	41	37	0.98	1	1	8	6	1	2	-T
II	1818108	C	*/-T	16	8	29.63%	2	2	48	40	0.98	1	1	8	8	4	4	-T
II	1818108	C	*/-TT	16	2	7.41%	2	1	48	31	0.98	1	1	8	8	0	2	-T
II	1861420	T	-G/-G	2	42	95.45%	2	2	42	53	0.98	1	1	1	1	25	17	-G
II	1867795	A	*/+T	4	9	60%	2	2	37	49	0.98	1	1	3	1	3	6	+T
II	1868122	G	*/+T	12	8	30.77%	2	2	40	37	0.98	1	1	9	3	6	2	+T
II	1868122	G	*/+TT	12	5	19.23%	2	2	40	39	0.98	1	1	9	3	2	3	+T
II	1873779	T	+A/+A	2	19	86.36%	1	2	37	40	0.98	1	1	0	2	10	9	+A
II	1877294	A	*/+T	2	5	23.81%	2	2	27	42	0.98	1	1	1	1	2	3	+T
II	1877294	A	*/+TT	2	13	61.9%	2	2	27	50	0.98	1	1	1	1	11	2	+TT
II	1941575	G	*/+T	14	2	11.76%	2	1	40	55	0.98	1	1	4	10	2	0	+T
II	1941697	A	*/-T	12	2	14.29%	2	1	43	55	0.98	1	1	7	5	2	0	-T
II	1941966	A	+T/+T	0	42	100%	0	2	0	49	0.98	0	1	0	0	27	15	+T
II	1941982	A	+T/+T	0	39	100%	0	2	0	45	0.98	0	1	0	0	23	16	+T
II	1948953	G	-A/-A	1	41	97.62%	1	2	37	41	0.98	1	1	0	1	15	26	-A
II	1950050	A	+G/+G	0	32	100%	0	2	0	46	0.98	0	1	0	0	14	18	+G
II	1953407	T	*/-C	20	5	19.23%	2	2	36	39	0.98	1	1	2	18	1	4	-C
II	1955495	T	+A/+A	3	16	76.19%	1	2	37	53	0.98	1	1	3	0	9	7	+A
II	1960392	A	+G/+G	0	22	100%	0	2	0	46	0.98	0	1	0	0	6	16	+G
II	1987101	C	-G/-G	1	38	97.44%	1	2	37	46	0.98	1	1	0	1	25	13	-G
II	1987117	T	-G/-G	1	35	97.22%	1	2	37	45	0.98	1	1	0	1	26	9	-G
II	2022969	G	*/-A	3	2	22.22%	1	1	31	25	0.98	1	1	3	0	0	2	A
II	2023193	G	*/+T	6	3	23.08%	1	1	35	37	0.98	1	1	6	0	3	0	+T
II	2049891	A	-T/-T	0	48	100%	0	2	0	49	0.98	0	1	0	0	23	25	-T
II	2053516	G	+C/+C	3	31	91.18%	2	2	49	50	0.98	1	1	2	1	16	15	+C
II	2108180	T	+A/+A	1	38	97.44%	1	2	37	44	0.98	1	1	0	1	17	21	+A
II	2115422	T	+A/+A	2	78	93.98%	2	2	37	47	0.98	1	1	1	1	32	46	+A
II	2132330	T	*/-A	15	2	11.11%	2	2	44	42	0.98	1	1	9	6	1	1	-A
II	2147726	G	+T/+T	3	32	91.43%	2	2	37	46	0.98	1	1	1	2	14	18	+T
II	2187407	G	+A/+A	0	29	100%	0	2	0	48	0.98	0	1	0	0	16	13	+A
II	2197587	C	*/+A	14	3	16.67%	2	2	46	61	0.98	1	1	9	5	2	1	+A
II	2203072	C	*/-A	32	2	5.88%	2	1	51	55	0.98	1	1	22	10	0	2	-A
II	2219928	A	+T/+T	1	36	94.74%	1	2	37	40	0.98	1	1	0	1	17	19	+T
II	2265464	T	*/-TA	21	2	8.33%	2	2	56	37	0.98	1	1	10	11	1	1	-TA
II	2293297	G	-A/-A	1	13	92.86%	1	2	37	46	0.98	1	1	0	1	10	3	-A
II	2318772	A	*/-T	9	5	35.71%	2	2	39	39	0.98	1	1	7	2	2	3	-T
II	2338528	G	*/-A	20	2	8.7%	2	1	38	37	0.98	1	1	19	1	2	0	-A
II	2443873	T	*/-A	6	2	10%	2	2	40	37	0.98	1	1	4	2	1	1	A
II	2443873	T	*/+A	6	2	10%	2	2	40	55	0.98	1	1	4	2	1	1	A
II	2443873	T	*/+AA	6	6	30%	2	2	40	44	0.98	1	1	4	2	2	4	+AA
II	2443873	T	*/+AAA	6	2	10%	2	1	40	55	0.98	1	1	4	2	2	0	+AA
II	2523623	A	*/-C	22	2	8.33%	2	1	44	68	0.98	1	1	16	6	0	2	-C
II	2523624	C	*/-A	12	7	29.17%	1	2	38	45	0.98	1	1	12	0	4	3	-A
II	2579458	C	*/-A	2	2	40%	1	2	37	42	0.98	1	1	2	0	1	1	-A
II	2591913	T	*/-A	20	8	25.81%	2	1	43	46	0.98	1	1	12	8	8	0	-A
II	2592423	T	+A/+A	4	26	83.87%	2	2	49	49	0.98	1	1	3	1	16	10	+A
II	2602594	A	*/+T	13	2	13.33%	2	1	48	49	0.98	1	1	6	7	0	2	+T
II	2630607	C	*/+A	24	7	21.88%	2	2	44	35	0.98	1	1	8	16	3	4	+A
II	2640785	T	+A/+A	6	34	77.27%	2	2	41	49	0.98	1	1	4	2	17	17	+A
II	2647497	C	*/-T	27	7	20.59%	2	2	44	31	0.98	1	1	10	17	2	5	-T
II	2702173	G	*/-TA	23	3	11.11%	2	2	45	49	0.98	1	1	15	8	1	2	-TA
II	2709414	G	+C/+C	2	36	94.74%	2	2	55	46	0.98	1	1	1	1	13	23	+C
II	2755338	C	*/-AT	8	17	58.62%	2	2	44	36	0.98	1	1	1	7	11	6	-AT
II	2755338	C	*/-ATAT	8	4	13.79%	2	1	44	46	0.98	1	1	1	7	0	4	-AT
II	2788933	C	+G/+G	0	28	93.33%	0	2	0	47	0.98	0	1	0	0	17	11	+G
II	2798040	C	-T/-T	2	35	94.59%	1	2	37	49	0.98	1	1	2	0	13	22	-T
II	2798514	A	-G/-G	1	26	96.3%	1	2	74	42	0.98	1	1	1	0	9	17	-G
II	2811495	C	-A/-A	0	34	100%	0	2	0	53	0.98	0	1	0	0	19	15	-A
II	2825193	A	*/-T	22	2	8%	2	2	45	37	0.98	1	1	14	8	1	1	-T
II	2826100	G	*/-A	15	8	29.63%	2	2	46	36	0.98	1	1	6	9	3	5	-A
II	2826100	G	*/+A	15	4	14.81%	2	2	46	34	0.98	1	1	6	9	2	2	-A
II	2851079	C	*/+A	28	2	6.67%	2	1	46	37	0.98	1	1	14	14	0	2	+A
II	2887057	G	*/-A	38	2	5%	2	1	51	74	0.98	1	1	19	19	0	2	-A
II	2894538	T	*/-A	17	3	13.64%	2	2	46	53	0.98	1	1	11	6	2	1	-A
II	2894538	T	*/+A	17	2	9.09%	2	2	46	55	0.98	1	1	11	6	1	1	-A
II	2900889	A	*/-T	14	5	17.24%	2	1	45	37	0.98	1	1	11	3	5	0	-T
II	2900889	A	*/-TT	14	2	6.9%	2	1	45	74	0.98	1	1	11	3	2	0	-T
II	2900889	A	*/+T	14	8	27.59%	2	2	45	35	0.98	1	1	11	3	7	1	+T
II	2938956	C	+T/+T	0	20	95.24%	0	2	0	42	0.98	0	1	0	0	7	13	+T
II	2986224	T	*/+A	36	2	5.26%	2	2	52	74	0.98	1	1	20	16	1	1	+A
II	2988149	G	*/-T	18	9	30%	2	2	41	42	0.98	1	1	12	6	8	1	-T
II	2988149	G	*/+T	18	2	6.67%	2	1	41	37	0.98	1	1	12	6	2	0	-T
II	3028585	C	*/-AT	26	2	6.9%	2	2	41	31	0.98	1	1	7	19	1	1	-AT
II	3040332	C	+G/+G	1	43	97.73%	1	2	37	54	0.98	1	1	1	0	26	17	+G
II	3058544	T	*/+G	3	5	33.33%	2	2	49	37	0.98	1	1	1	2	4	1	+G
II	3058544	T	*/+GG	3	2	13.33%	2	1	49	37	0.98	1	1	1	2	2	0	+G
II	3058544	T	*/+GGG	3	4	26.67%	2	1	49	37	0.98	1	1	1	2	4	0	+GGG
II	3154052	G	*/-T	28	3	7.69%	2	2	44	45	0.98	1	1	17	11	1	2	-T
II	3154052	G	*/+T	28	4	10.26%	2	2	44	43	0.98	1	1	17	11	3	1	+T
II	3171788	G	*/-A	10	4	12.9%	1	2	36	34	0.98	1	1	10	0	3	1	-A
II	3171788	G	*/-AA	10	2	6.45%	1	1	36	37	0.98	1	1	10	0	2	0	-A
II	3171788	G	*/+A	10	10	32.26%	1	2	36	41	0.98	1	1	10	0	7	3	+A
II	3171788	G	*/+AA	10	4	12.9%	1	1	36	37	0.98	1	1	10	0	4	0	+A
II	3175926	C	*/-T	5	2	22.22%	2	1	32	28	0.98	1	1	3	2	2	0	-T
II	3175926	C	*/+T	5	2	22.22%	2	1	32	37	0.98	1	1	3	2	2	0	-T
II	3253453	C	*/+T	4	4	33.33%	2	2	41	48	0.98	1	1	1	3	2	2	+T
II	3253453	C	*/+TT	4	2	16.67%	2	1	41	42	0.98	1	1	1	3	2	0	+T
II	3282373	T	*/-A	28	6	17.65%	2	1	37	37	0.98	1	1	25	3	6	0	-A
II	3378652	T	*/+A	11	22	56.41%	2	2	47	46	0.98	1	1	2	9	11	11	+A
II	3378652	T	*/+AA	11	5	12.82%	2	2	47	34	0.98	1	1	2	9	2	3	+A
II	3380128	C	*/-T	18	4	18.18%	2	2	43	36	0.98	1	1	13	5	3	1	-T
II	3410437	G	*/-T	16	5	21.74%	2	2	39	44	0.98	1	1	9	7	3	2	-T
II	3410437	G	*/+T	16	2	8.7%	2	2	39	37	0.98	1	1	9	7	1	1	-T
II	3421504	T	*/+A	26	2	7.14%	2	1	43	31	0.98	1	1	13	13	2	0	+A
II	3422324	C	*/-A	26	2	7.14%	2	1	43	37	0.98	1	1	18	8	2	0	-A
II	3507705	A	*/+T	26	3	10.34%	2	2	52	33	0.98	1	1	16	10	2	1	+T
II	3509251	T	*/-A	12	8	33.33%	2	2	46	40	0.98	1	1	8	4	6	2	-A
II	3509251	T	*/+A	12	3	12.5%	2	1	46	49	0.98	1	1	8	4	3	0	-A
II	3512925	C	*/-T	9	5	35.71%	2	2	34	29	0.98	1	1	7	2	3	2	-T
II	3514786	C	*/-T	40	6	12.77%	2	2	41	65	0.98	1	1	23	17	3	3	-T
II	3532163	A	*/+C	19	2	6.67%	2	1	40	49	0.98	1	1	18	1	0	2	C
II	3540057	A	*/-T	30	3	9.09%	2	1	50	37	0.98	1	1	19	11	3	0	-T
II	3606583	C	*/-A	30	2	6.06%	2	1	46	55	0.98	1	1	20	10	0	2	-A
II	3607420	C	*/+T	12	2	13.33%	2	1	45	74	0.98	1	1	7	5	0	2	+T
II	3619003	A	+G/+G	5	39	88.64%	2	2	51	45	0.98	1	1	2	3	15	24	+G
II	3621704	A	*/-T	21	5	16.67%	2	1	44	54	0.98	1	1	13	8	0	5	-T
II	3621704	A	*/+T	21	4	13.33%	2	2	44	43	0.98	1	1	13	8	3	1	-T
II	3661773	T	*/-A	11	2	14.29%	2	2	49	55	0.98	1	1	7	4	1	1	-A
II	3692024	G	*/+A	30	2	6.25%	2	1	46	62	0.98	1	1	15	15	0	2	+A
II	3715149	G	*/-A	9	6	31.58%	1	2	42	49	0.98	1	1	9	0	3	3	-A
II	3715149	G	*/+AA	9	2	10.53%	1	1	42	31	0.98	1	1	9	0	2	0	-A
II	3722967	C	*/+A	33	2	5.71%	2	2	46	55	0.98	1	1	17	16	1	1	+A
II	3728684	C	*/+T	29	2	6.25%	2	1	43	68	0.98	1	1	10	19	2	0	+T
II	3799350	G	*/+A	5	5	45.45%	1	2	42	34	0.98	1	1	5	0	4	1	+A
II	3838101	C	-A/-A	2	10	83.33%	1	2	37	43	0.98	1	1	2	0	7	3	-A
II	3838912	T	*/-A	27	6	16.67%	2	2	42	45	0.98	1	1	9	18	3	3	-A
II	3856893	T	*/-C	39	4	9.3%	2	1	42	46	0.98	1	1	15	24	0	4	-C
II	3856896	A	*/-T	30	4	9.52%	2	1	41	58	0.98	1	1	13	17	0	4	-T
II	3856896	A	*/-TT	30	3	7.14%	2	2	41	33	0.98	1	1	13	17	1	2	-T
II	3860185	C	*/-TAGTA	31	28	45.9%	2	2	46	40	0.98	1	1	3	28	20	8	-TAGTA
II	3861161	C	*/-T	24	3	11.11%	2	2	42	53	0.98	1	1	12	12	2	1	-T
II	3862860	C	*/-T	24	2	7.41%	2	1	38	55	0.98	1	1	9	15	0	2	-T
II	3869342	A	*/-AT	37	4	9.76%	2	2	47	46	0.98	1	1	19	18	3	1	-AT
II	3954039	C	*/-T	26	9	22.5%	2	2	44	41	0.98	1	1	17	9	3	6	-T
II	3954039	C	*/+T	26	3	7.5%	2	1	44	36	0.98	1	1	17	9	3	0	-T
II	3975235	C	*/-A	30	14	22.95%	2	2	43	44	0.98	1	1	22	8	13	1	-A
II	3975235	C	*/-AA	30	8	13.11%	2	2	43	41	0.98	1	1	22	8	7	1	-A
II	3975235	C	*/+A	30	7	11.48%	2	2	43	42	0.98	1	1	22	8	5	2	-A
II	3980468	C	*/-T	21	2	8.7%	2	1	39	37	0.98	1	1	16	5	2	0	-T
II	4006982	C	*/-A	11	6	33.33%	2	2	42	33	0.98	1	1	8	3	5	1	-A
II	4031460	A	*/+T	11	8	40%	2	2	41	39	0.98	1	1	5	6	5	3	+T
II	4107252	A	*/+TT	8	2	20%	2	1	41	56	0.98	1	1	5	3	0	2	+TT
II	4107253	G	*/+TTT	3	2	20%	1	2	34	42	0.98	1	1	3	0	1	1	+TTT
II	4108814	G	*/-TA	73	4	5.13%	2	2	41	52	0.98	1	1	26	47	2	2	-TA
II	4131465	G	*/-A	25	2	7.41%	2	1	40	37	0.98	1	1	9	16	0	2	-A
II	4141687	C	*/-A	21	2	8.7%	2	2	42	37	0.98	1	1	6	15	1	1	-A
II	4249637	A	*/-AT	30	3	9.09%	2	2	55	61	0.98	1	1	11	19	2	1	-AT
II	4254960	G	-A/-A	1	33	97.06%	1	2	37	48	0.98	1	1	0	1	6	27	-A
II	4308414	C	+A/+A	5	19	76%	2	2	37	41	0.98	1	1	2	3	11	8	+A
II	4315564	C	*/+T	43	3	6.38%	2	2	50	45	0.98	1	1	23	20	2	1	+T
II	4343817	T	*/-A	22	3	11.54%	2	2	43	37	0.98	1	1	16	6	2	1	-A
II	4343853	A	*/-T	29	2	6.45%	2	1	48	37	0.98	1	1	15	14	0	2	-T
II	4419921	T	*/+A	2	7	53.85%	1	2	37	37	0.98	1	1	2	0	6	1	+A
II	4493522	T	*/+A	16	11	40.74%	2	2	38	53	0.98	1	1	11	5	6	5	+A
II	4507612	T	*/-A	27	2	6.67%	2	1	41	31	0.98	1	1	11	16	2	0	-A
II	4513922	G	*/+GGCTGCTATAATCATTCCCAA	69	5	6.76%	2	2	51	59	0.98	1	1	22	47	1	4	+GGCTGCTATAATCATTCCCAA
II	4514071	C	*/+A	34	2	5.56%	2	1	47	55	0.98	1	1	21	13	2	0	+A
II	4515617	T	*/+A	14	2	11.76%	2	1	39	37	0.98	1	1	12	2	0	2	+A
II	4517047	T	*/+TACTCATC	80	27	23.89%	2	2	47	44	0.98	1	1	42	38	20	7	+TACTCATC
II	4521677	T	*/-AA	5	16	72.73%	2	2	44	38	0.98	1	1	2	3	8	8	-AA
II	4525340	G	*/-T	80	9	8.41%	2	2	41	41	0.98	1	1	59	21	5	4	-T
II	4525340	G	*/+T	80	15	14.02%	2	2	41	50	0.98	1	1	59	21	13	2	+T
II	4526174	A	*/-T	36	10	21.28%	2	2	46	58	0.98	1	1	23	13	2	8	-T
II	4526843	C	*/-T	18	6	17.14%	2	2	34	37	0.98	1	1	12	6	3	3	-T
II	4526843	C	*/-TT	18	2	5.71%	2	1	34	49	0.98	1	1	12	6	2	0	-T
II	4526843	C	*/-TTT	18	3	8.57%	2	2	34	33	0.98	1	1	12	6	2	1	-TTT
II	4526843	C	*/+TT	18	3	8.57%	2	2	34	37	0.98	1	1	12	6	2	1	-TTT
II	4528483	T	*/-GACAATGACAGA	103	17	14.17%	2	2	44	40	0.98	1	1	53	50	8	9	-GACAATGACAGA
II	4529375	T	*/+ACAACGACAACGACAACG	87	43	30.5%	2	2	47	41	0.98	1	1	41	46	18	25	+ACAACGACAACGACAACG
II	4533588	C	*/-T	94	53	35.81%	2	2	43	45	0.98	1	1	53	41	32	21	-T
II	4534880	A	*/-T	181	48	20.96%	2	2	44	46	0.98	1	1	74	107	25	23	-T
II	4535321	G	*/-GATAT	320	27	7.78%	2	2	42	40	0.98	1	1	150	170	14	13	-GATAT
II	4535523	T	*/+GTTACG	366	54	12.83%	2	2	45	44	0.98	1	1	121	245	17	37	+GTTACG
II	4535548	A	*/-TATGTG	365	51	12.23%	2	2	45	42	0.98	1	1	156	209	26	25	-TATGTG
II	4535645	G	*/-T	281	59	17.15%	2	2	51	50	0.98	1	1	163	118	28	31	-T
II	4535727	A	*/-G	232	33	12.45%	2	2	45	44	0.98	1	1	86	146	9	24	-G
II	4536089	C	*/+AAAAGAAAAGTAAATT	58	6	9.38%	2	2	41	35	0.98	1	1	40	18	4	2	+AAAAGAAAAGTAAATT
II	4536728	A	*/+GAGAGTAGG	333	22	5.98%	2	2	46	46	0.98	1	1	150	183	13	9	+GAGAGTAGG
II	4537213	G	*/+T	255	184	41.91%	2	2	49	50	0.98	1	1	142	113	101	83	+T
II	4537387	A	*/-AATAAGAG	126	186	59.62%	2	2	47	45	0.98	1	1	69	57	116	70	-AATAAGAG
II	4537655	A	*/+AAATG	93	10	9.35%	2	2	40	48	0.98	1	1	58	35	6	4	+AAATG
II	4537665	G	*/+AAATA	81	18	17.31%	2	2	41	40	0.98	1	1	48	33	12	6	+AAATA
II	4537712	T	*/-AAATAAAATTAATG	66	5	7.04%	2	2	39	37	0.98	1	1	32	34	4	1	-AAATAAAATTAATG
II	4538054	T	*/+G	651	48	6.86%	2	2	54	57	0.98	1	1	475	176	38	10	+G
III	1558	G	*/-A	103	11	8.94%	2	2	42	40	0.98	1	1	46	57	3	8	-A
III	1558	G	*/+A	103	7	5.69%	2	2	42	40	0.98	1	1	46	57	1	6	-A
III	4729	A	*/-T	559	210	23.54%	2	2	46	49	0.98	1	1	377	182	100	110	-T
III	4729	A	*/+T	559	76	8.52%	2	2	46	48	0.98	1	1	377	182	37	39	-T
III	4952	C	*/+T	521	91	14.77%	2	2	41	50	0.98	1	1	316	205	29	62	+T
III	5403	C	*/-T	649	186	19.48%	2	2	43	46	0.98	1	1	464	185	102	84	-T
III	5403	C	*/-TT	649	53	5.55%	2	2	43	44	0.98	1	1	464	185	29	24	-T
III	9812	T	*/+A	188	32	14.35%	2	2	45	40	0.98	1	1	62	126	1	31	+A
III	12428	G	*/-A	97	13	9.92%	2	2	41	39	0.98	1	1	48	49	4	9	-A
III	12428	G	*/+A	97	9	6.87%	2	2	41	43	0.98	1	1	48	49	6	3	-A
III	15156	A	*/+AAAAAT	343	20	5.51%	2	2	44	47	0.98	1	1	224	119	11	9	+AAAAAT
III	15599	A	*/-T	599	201	22.16%	2	2	46	49	0.98	1	1	381	218	100	101	-T
III	15599	A	*/+T	599	71	7.83%	2	2	46	49	0.98	1	1	381	218	35	36	-T
III	15822	C	*/+T	562	98	14.69%	2	2	42	47	0.98	1	1	346	216	34	64	+T
III	16273	C	*/-T	618	209	22.21%	2	2	42	43	0.98	1	1	420	198	108	101	-T
III	16273	C	*/-TT	618	50	5.31%	2	2	42	45	0.98	1	1	420	198	23	27	-T
III	20682	T	*/+A	199	38	15.64%	2	2	45	43	0.98	1	1	63	136	1	37	+A
III	23298	G	*/-A	96	14	10.29%	2	2	43	41	0.98	1	1	40	56	6	8	-A
III	23298	G	*/+A	96	16	11.76%	2	2	43	41	0.98	1	1	40	56	8	8	+A
III	46959	A	*/-AT	13	2	11.76%	2	2	37	36	0.98	1	1	8	5	1	1	-AT
III	59772	C	*/+A	36	2	5.13%	2	1	53	55	0.98	1	1	13	23	2	0	+A
III	69589	T	*/-A	21	7	23.33%	2	2	42	44	0.98	1	1	7	14	1	6	-A
III	69589	T	*/-AA	21	2	6.67%	2	2	42	55	0.98	1	1	7	14	1	1	-A
III	123319	T	*/-A	17	5	22.73%	2	1	39	59	0.98	1	1	11	6	5	0	-A
III	175375	C	*/-TG	23	2	8%	2	2	38	49	0.98	1	1	11	12	1	1	-TG
III	188716	A	*/-T	31	2	6.06%	2	1	45	37	0.98	1	1	7	24	0	2	-T
III	207016	T	*/-A	9	2	16.67%	2	1	43	31	0.98	1	1	4	5	0	2	-A
III	207168	T	*/-A	14	4	16.67%	2	2	47	48	0.98	1	1	10	4	3	1	-A
III	207168	T	*/-AA	14	3	12.5%	2	2	47	37	0.98	1	1	10	4	1	2	-A
III	207168	T	*/+A	14	2	8.33%	2	1	47	49	0.98	1	1	10	4	2	0	-A
III	208140	C	*/-A	8	6	24%	2	2	41	37	0.98	1	1	6	2	5	1	-A
III	208140	C	*/+A	8	7	28%	2	1	41	37	0.98	1	1	6	2	7	0	+A
III	208140	C	*/+AA	8	3	12%	2	1	41	40	0.98	1	1	6	2	3	0	+A
III	209315	A	*/+T	30	2	6.25%	2	1	43	55	0.98	1	1	26	4	0	2	+T
III	232115	A	*/+T	16	2	11.11%	2	1	34	55	0.98	1	1	8	8	0	2	+T
III	235811	G	*/-A	49	3	5.66%	2	1	41	37	0.98	1	1	24	25	3	0	-A
III	237048	G	*/+A	15	2	11.76%	2	1	40	37	0.98	1	1	12	3	2	0	+A
III	253907	A	*/+T	2	2	28.57%	1	2	31	37	0.98	1	1	0	2	1	1	+T
III	253907	A	*/+TT	2	2	28.57%	1	1	31	31	0.98	1	1	0	2	0	2	+T
III	286410	G	*/-T	18	2	10%	2	1	44	37	0.98	1	1	12	6	2	0	-T
III	286478	C	-TT/-TT	1	18	94.74%	1	2	37	43	0.98	1	1	1	0	5	13	-TT
III	286594	T	*/-A	9	2	10.53%	2	2	34	55	0.98	1	1	4	5	1	1	-A
III	286594	T	*/+A	9	8	42.11%	2	2	34	43	0.98	1	1	4	5	6	2	+A
III	293096	G	*/-T	16	5	20%	2	2	40	51	0.98	1	1	8	8	4	1	-T
III	293096	G	*/-TT	16	2	8%	2	1	40	55	0.98	1	1	8	8	0	2	-T
III	348705	C	*/+T	20	35	62.5%	2	2	43	37	0.98	1	1	15	5	25	10	+T
III	349008	C	*/+T	63	5	7.35%	2	1	47	44	0.98	1	1	35	28	0	5	+T
III	365747	C	-A/-A	1	23	92%	1	2	48	42	0.98	1	1	1	0	12	11	-A
III	431910	C	*/-T	18	2	9.52%	2	2	48	37	0.98	1	1	14	4	1	1	-T
III	489240	A	-CCTCGTTC/-CCTCGTTC	9	34	79.07%	2	2	39	41	0.98	1	1	8	1	22	12	-CCTCGTTC
III	489252	A	+GGAACGAG/+GGAACGAG	2	31	91.18%	2	2	55	41	0.98	1	1	1	1	21	10	+GGAACGAG
III	563214	T	*/+A	31	2	6.06%	2	2	40	55	0.98	1	1	22	9	1	1	+A
III	568658	C	*/-T	15	5	21.74%	2	1	40	44	0.98	1	1	10	5	5	0	-T
III	672089	A	*/+T	14	2	12.5%	2	1	44	37	0.98	1	1	7	7	2	0	+T
III	675253	C	*/-T	27	2	6.9%	2	1	41	55	0.98	1	1	14	13	2	0	-T
III	717677	A	*/-T	7	21	63.64%	2	2	47	42	0.98	1	1	5	2	9	12	-T
III	717677	A	*/-TT	7	5	15.15%	2	2	47	39	0.98	1	1	5	2	2	3	-T
III	719703	T	*/-A	14	3	17.65%	2	2	37	37	0.98	1	1	9	5	1	2	-A
III	719955	A	-C/-C	0	15	100%	0	2	0	49	0.98	0	1	0	0	10	5	-C
III	720559	C	*/-T	9	3	18.75%	2	2	42	32	0.98	1	1	6	3	2	1	-T
III	720559	C	*/+T	9	2	12.5%	2	1	42	37	0.98	1	1	6	3	2	0	-T
III	720683	A	+T/+T	0	7	100%	0	2	0	47	0.98	0	1	0	0	4	3	+T
III	762516	T	*/-A	24	9	25.71%	2	2	41	39	0.98	1	1	13	11	4	5	-A
III	791950	C	*/-T	38	2	5%	2	2	50	37	0.98	1	1	22	16	1	1	-T
III	822701	G	*/-T	20	5	17.86%	2	2	48	42	0.98	1	1	12	8	2	3	-T
III	822701	G	*/+T	20	3	10.71%	2	2	48	45	0.98	1	1	12	8	1	2	-T
III	867865	C	-T/-T	0	28	100%	0	2	0	40	0.98	0	1	0	0	19	9	-T
III	872276	A	*/+T	36	2	5.26%	2	1	45	37	0.98	1	1	20	16	0	2	+T
III	897531	C	*/-A	29	3	9.09%	2	2	44	33	0.98	1	1	21	8	2	1	-A
III	898665	T	*/+A	40	3	6.67%	2	1	45	37	0.98	1	1	16	24	3	0	+A
III	958241	C	*/-T	16	5	20.83%	2	2	36	41	0.98	1	1	12	4	3	2	-T
III	958241	C	*/+T	16	3	12.5%	2	1	36	37	0.98	1	1	12	4	3	0	-T
III	966124	G	*/-T	21	6	19.35%	1	1	37	37	0.98	1	1	21	0	6	0	-T
III	966124	G	*/+T	21	3	9.68%	1	1	37	37	0.98	1	1	21	0	3	0	-T
III	970548	C	*/-T	6	4	36.36%	2	2	43	30	0.98	1	1	2	4	1	3	-T
III	970892	C	*/-T	22	3	11.11%	2	2	40	53	0.98	1	1	17	5	2	1	-T
III	985871	C	*/-T	18	2	8.7%	2	1	38	37	0.98	1	1	17	1	2	0	-T
III	988719	G	*/-T	21	2	8.7%	2	1	47	49	0.98	1	1	11	10	0	2	-T
III	996949	A	*/+T	24	2	7.69%	2	1	47	49	0.98	1	1	13	11	2	0	+T
III	1016311	G	+C/+C	0	48	100%	0	2	0	41	0.98	0	1	0	0	19	29	+C
III	1047049	C	*/+T	38	2	5%	2	2	41	37	0.98	1	1	23	15	1	1	+T
III	1072713	C	*/+AA	34	2	5.56%	2	1	43	42	0.98	1	1	5	29	2	0	+AA
III	1079346	A	*/+G	98	17	14.78%	2	2	43	38	0.98	1	1	64	34	15	2	+G
III	1087979	A	*/+G	59	6	9.23%	2	2	46	49	0.98	1	1	40	19	3	3	+G
III	1095550	G	*/-T	10	7	21.21%	2	2	49	37	0.98	1	1	7	3	6	1	-T
III	1095550	G	*/-TT	10	10	30.3%	2	2	49	44	0.98	1	1	7	3	7	3	-TT
III	1095550	G	*/+T	10	2	6.06%	2	1	49	37	0.98	1	1	7	3	2	0	-TT
III	1103423	T	*/-A	22	10	22.73%	2	2	43	33	0.98	1	1	20	2	5	5	-A
III	1103423	T	*/-AA	22	7	15.91%	2	2	43	38	0.98	1	1	20	2	3	4	-A
III	1103423	T	*/+A	22	3	6.82%	2	2	43	41	0.98	1	1	20	2	2	1	-A
III	1104937	C	*/-T	20	3	12%	2	2	40	33	0.98	1	1	11	9	2	1	-T
III	1104937	C	*/+T	20	2	8%	2	2	40	37	0.98	1	1	11	9	1	1	-T
III	1110963	T	*/+C	61	9	12.86%	2	2	42	41	0.98	1	1	22	39	5	4	+C
III	1117723	T	*/+C	71	9	11.25%	2	2	46	45	0.98	1	1	36	35	4	5	+C
III	1124483	T	*/+C	57	9	13.64%	2	2	46	43	0.98	1	1	26	31	4	5	+C
III	1131243	T	*/+C	63	12	16%	2	2	42	43	0.98	1	1	31	32	5	7	+C
III	1144308	C	*/-T	15	2	11.76%	2	1	42	37	0.98	1	1	7	8	2	0	-T
III	1168360	T	*/-G	21	2	8.7%	2	1	44	42	0.98	1	1	11	10	0	2	-G
III	1168362	G	*/-GA	12	3	17.65%	2	1	45	40	0.98	1	1	7	5	3	0	-GA
III	1193734	G	*/-T	30	2	6.25%	2	1	45	37	0.98	1	1	20	10	2	0	-T
III	1252505	G	*/+T	14	3	10.34%	2	2	42	52	0.98	1	1	13	1	1	2	+T
III	1252505	G	*/+TT	14	3	10.34%	2	1	42	45	0.98	1	1	13	1	3	0	+T
III	1252505	G	*/+TTT	14	2	6.9%	2	1	42	55	0.98	1	1	13	1	0	2	+T
III	1331491	T	*/-A	28	2	6.67%	2	1	48	37	0.98	1	1	12	16	2	0	-A
III	1373557	C	*/-T	33	2	5.71%	2	1	46	37	0.98	1	1	20	13	2	0	-T
III	1383451	A	*/+T	31	2	6.06%	2	2	50	37	0.98	1	1	14	17	1	1	+T
III	1395671	C	*/-A	14	2	12.5%	2	2	52	37	0.98	1	1	8	6	1	1	-A
III	1396879	C	*/+T	32	3	8.57%	2	2	49	45	0.98	1	1	17	15	2	1	+T
III	1421567	T	*/+GG	6	5	22.73%	2	1	47	32	0.98	1	1	3	3	5	0	+GG
III	1421567	T	*/+GGG	6	7	31.82%	2	1	47	40	0.98	1	1	3	3	7	0	+GGG
III	1421567	T	*/+GGGGG	6	2	9.09%	2	1	47	31	0.98	1	1	3	3	2	0	+GGG
III	1510629	T	*/-A	18	3	12.5%	2	1	51	57	0.98	1	1	11	7	3	0	-A
III	1510629	T	*/+A	18	2	8.33%	2	1	51	31	0.98	1	1	11	7	0	2	-A
III	1547169	C	*/-A	19	5	19.23%	2	2	36	37	0.98	1	1	16	3	2	3	-A
III	1547169	C	*/+A	19	2	7.69%	2	2	36	49	0.98	1	1	16	3	1	1	-A
III	1575951	G	*/-T	9	3	17.65%	1	1	38	53	0.98	1	1	9	0	0	3	-T
III	1575951	G	*/+T	9	5	29.41%	1	2	38	44	0.98	1	1	9	0	1	4	+T
III	1594933	T	*/-A	15	7	29.17%	2	2	45	51	0.98	1	1	10	5	5	2	-A
III	1607295	T	*/+A	37	3	7.32%	2	2	48	37	0.98	1	1	20	17	2	1	+A
III	1651207	A	*/-T	27	2	6.9%	2	2	44	31	0.98	1	1	16	11	1	1	-T
III	1685487	G	+A/+A	0	27	100%	0	2	0	47	0.98	0	1	0	0	14	13	+A
III	1689397	C	*/+A	16	2	11.11%	2	1	40	37	0.98	1	1	7	9	2	0	+A
III	1702276	A	*/-T	61	4	5.97%	2	2	45	43	0.98	1	1	29	32	2	2	-T
III	1706068	A	*/-T	18	2	10%	2	1	50	37	0.98	1	1	5	13	0	2	-T
III	1712983	G	*/-A	6	8	47.06%	1	2	35	36	0.98	1	1	6	0	5	3	-A
III	1712983	G	*/-AA	6	2	11.76%	1	2	35	49	0.98	1	1	6	0	1	1	-A
III	1721662	C	*/+A	17	2	10%	2	1	43	49	0.98	1	1	12	5	0	2	+A
III	1745818	C	*/-T	23	2	8%	2	1	36	37	0.98	1	1	9	14	2	0	-T
III	1756400	T	-A/-A	0	43	100%	0	2	0	47	0.98	0	1	0	0	17	26	-A
III	1758846	C	*/-A	18	4	15.38%	2	2	47	36	0.98	1	1	12	6	3	1	-A
III	1758846	C	*/+A	18	4	15.38%	2	2	47	46	0.98	1	1	12	6	2	2	-A
III	1774235	T	+GATC/+GATC	2	17	89.47%	1	2	37	45	0.98	1	1	0	2	14	3	+GATC
III	1794765	T	*/+A	21	2	8.7%	2	1	45	55	0.98	1	1	10	11	0	2	+A
III	1821911	C	*/-A	1	3	60%	1	2	37	45	0.98	1	1	1	0	2	1	-A
III	1834016	G	*/-T	35	2	5.41%	2	1	43	37	0.98	1	1	12	23	0	2	-T
III	1843289	G	*/+A	25	3	10.34%	2	2	41	45	0.98	1	1	10	15	2	1	+A
III	1925626	C	*/-A	12	5	26.32%	2	2	47	48	0.98	1	1	8	4	4	1	-A
III	1925626	C	*/+A	12	2	10.53%	2	1	47	36	0.98	1	1	8	4	0	2	-A
III	1929127	A	*/-G	3	3	42.86%	2	1	45	37	0.98	1	1	2	1	3	0	-G
III	1947823	A	*/-T	32	3	8.11%	2	2	42	49	0.98	1	1	22	10	1	2	-T
III	1965229	C	*/-A	18	2	10%	2	2	52	49	0.98	1	1	6	12	1	1	-A
III	1979604	A	*/+T	12	2	12.5%	2	2	52	37	0.98	1	1	6	6	1	1	+T
III	1985119	G	*/-T	8	3	23.08%	2	2	47	45	0.98	1	1	6	2	1	2	-T
III	2010864	G	*/-TA	60	4	6.25%	2	1	47	37	0.98	1	1	18	42	0	4	-TA
III	2067838	T	*/-A	13	3	18.75%	2	1	40	37	0.98	1	1	10	3	3	0	-A
III	2069607	G	*/+T	21	2	8.33%	2	1	44	37	0.98	1	1	14	7	2	0	+T
III	2074510	C	*/-T	18	3	13.64%	2	2	36	45	0.98	1	1	11	7	1	2	-T
III	2076412	G	*/-T	19	8	25%	2	2	42	40	0.98	1	1	15	4	5	3	-T
III	2076412	G	*/-TT	19	3	9.38%	2	2	42	36	0.98	1	1	15	4	2	1	-T
III	2076412	G	*/+T	19	2	6.25%	2	1	42	37	0.98	1	1	15	4	2	0	-T
III	2076980	A	*/+T	12	3	18.75%	2	2	44	40	0.98	1	1	6	6	2	1	+T
III	2113205	C	*/-T	13	7	35%	2	2	40	42	0.98	1	1	10	3	3	4	-T
III	2149308	C	*/-AT	23	4	14.29%	2	2	44	43	0.98	1	1	6	17	2	2	-AT
III	2178322	C	*/+T	34	2	5.41%	2	1	45	55	0.98	1	1	21	13	0	2	+T
III	2219235	A	*/-T	32	2	5.26%	2	1	45	37	0.98	1	1	10	22	0	2	-T
III	2219235	A	*/+T	32	3	7.89%	2	2	45	57	0.98	1	1	10	22	2	1	+T
III	2270459	C	*/-A	27	3	9.38%	2	1	36	33	0.98	1	1	20	7	3	0	-A
III	2270459	C	*/+A	27	2	6.25%	2	2	36	68	0.98	1	1	20	7	1	1	-A
III	2300104	A	*/-T	8	2	20%	2	1	47	37	0.98	1	1	6	2	2	0	-T
III	2309611	T	*/-A	3	8	50%	1	2	37	35	0.98	1	1	3	0	4	4	-A
III	2309611	T	*/-AA	3	4	25%	1	1	37	40	0.98	1	1	3	0	0	4	-A
III	2310960	G	*/-A	15	2	11.76%	2	2	39	61	0.98	1	1	6	9	1	1	-A
III	2310968	A	*/+GGT	14	2	12.5%	2	2	38	61	0.98	1	1	5	9	1	1	+GGT
III	2352293	A	*/+G	9	2	18.18%	2	1	35	37	0.98	1	1	7	2	2	0	+G
III	2382018	A	*/-T	6	2	20%	1	1	43	55	0.98	1	1	6	0	2	0	-T
III	2410032	C	*/-A	5	3	33.33%	2	1	56	61	0.98	1	1	3	2	3	0	-A
III	2420241	T	*/-A	10	5	31.25%	2	2	45	44	0.98	1	1	7	3	4	1	-A
III	2440944	A	*/+T	283	26	8.41%	2	2	45	44	0.98	1	1	99	184	3	23	+T
III	2443562	A	*/+T	20	53	69.74%	2	2	40	37	0.98	1	1	9	11	1	52	+T
III	2447848	T	*/-A	1130	374	19.59%	2	2	44	41	0.98	1	1	833	297	267	107	-A
III	2447848	T	*/-AA	1130	184	9.64%	2	2	44	43	0.98	1	1	833	297	134	50	-A
III	2447848	T	*/+A	1130	163	8.54%	2	2	44	44	0.98	1	1	833	297	120	43	-A
III	2448309	T	-AA/-AA	42	820	93.93%	2	2	41	41	0.98	1	1	28	14	339	481	-AA
III	2448518	T	*/-A	1000	359	22.38%	2	2	44	45	0.98	1	1	651	349	239	120	-A
III	2448518	T	*/-AA	1000	109	6.8%	2	2	44	48	0.98	1	1	651	349	71	38	-A
III	2448518	T	*/+A	1000	106	6.61%	2	2	44	43	0.98	1	1	651	349	73	33	-A
III	2451833	A	*/+T	272	35	11.4%	2	2	45	43	0.98	1	1	101	171	8	27	+T
