Chrom	Position	Ref	Cons	Reads1	Reads2	VarFreq	Strands1	Strands2	Qual1	Qual2	Pvalue	MapQual1	MapQual2	Reads1Plus	Reads1Minus	Reads2Plus	Reads2Minus	VarAllele
chr_II_telomeric_gap	2878	T	+TAA/+TAA	2	16	88.89%	1	2	37	40	0.98	1	1	0	2	7	9	+TAA
chr_II_telomeric_gap	6088	A	*/+T	4	3	42.86%	2	1	37	37	0.98	1	1	2	2	3	0	+T
chr_II_telomeric_gap	6301	C	*/-AT	20	2	8.7%	2	1	43	37	0.98	1	1	10	10	2	0	-AT
I	3160	A	*/+GTTGTCGTTGTCGTTGTC	49	11	14.86%	2	2	46	39	0.98	1	1	30	19	9	2	+GTTGTCGTTGTCGTTGTC
I	3160	A	*/+GTTGTCGTTGTCGTTGTCGTTGTC	49	13	17.57%	2	2	46	45	0.98	1	1	30	19	8	5	+GTTGTCGTTGTCGTTGTCGTTGTC
I	4053	C	*/+TGTCAT	55	11	16.42%	2	2	45	43	0.98	1	1	32	23	4	7	+TGTCAT
I	5677	G	*/-A	24	10	19.61%	2	1	38	38	0.98	1	1	23	1	10	0	-A
I	5677	G	*/-AA	24	5	9.8%	2	2	38	42	0.98	1	1	23	1	4	1	-A
I	5677	G	*/-AAA	24	4	7.84%	2	1	38	34	0.98	1	1	23	1	4	0	-A
I	5677	G	*/-AAAA	24	3	5.88%	2	2	38	40	0.98	1	1	23	1	2	1	-A
I	6357	T	*/-A	31	6	13.64%	2	2	35	43	0.98	1	1	10	21	2	4	-A
I	6357	T	*/-AA	31	7	15.91%	2	2	35	36	0.98	1	1	10	21	3	4	-AA
I	7192	C	*/+A	26	8	20.51%	2	2	45	38	0.98	1	1	21	5	5	3	+A
I	7192	C	*/+AA	26	2	5.13%	2	1	45	31	0.98	1	1	21	5	2	0	+A
I	10859	G	*/-TT	14	14	48.28%	2	2	49	41	0.98	1	1	6	8	9	5	-TT
I	15734	C	*/-A	25	9	25.71%	2	2	41	41	0.98	1	1	14	11	7	2	-A
I	19694	T	*/+A	42	8	16%	2	1	50	35	0.98	1	1	16	26	8	0	+A
I	27402	A	*/-C	7	7	36.84%	2	1	31	37	0.98	1	1	3	4	0	7	-C
I	27402	A	*/+C	7	3	15.79%	2	1	31	34	0.98	1	1	3	4	0	3	-C
I	27402	A	*/+CC	7	2	10.53%	2	1	31	31	0.98	1	1	3	4	0	2	-C
I	55241	A	*/-TCT	22	2	8.33%	2	1	38	37	0.98	1	1	15	7	0	2	-TCT
I	55244	T	*/-A	8	7	38.89%	2	2	41	43	0.98	1	1	7	1	5	2	-A
I	101871	A	+G/+G	1	27	90%	1	2	74	42	0.98	1	1	1	0	6	21	+G
I	190112	C	*/-A	3	2	40%	1	1	37	37	0.98	1	1	3	0	2	0	-A
I	215340	C	*/-T	23	2	8%	2	1	39	37	0.98	1	1	16	7	2	0	-T
I	216147	C	*/-T	10	4	26.67%	2	1	43	31	0.98	1	1	7	3	0	4	-T
I	414079	C	*/-T	10	2	15.38%	2	2	41	37	0.98	1	1	6	4	1	1	-T
I	440083	T	*/+A	8	2	20%	2	1	44	55	0.98	1	1	6	2	0	2	+A
I	440084	T	+A/+A	0	8	88.89%	0	2	0	43	0.98	0	1	0	0	6	2	+A
I	441614	C	*/-T	7	6	31.58%	2	1	33	33	0.98	1	1	5	2	6	0	-T
I	441614	C	*/-TT	7	2	10.53%	2	1	33	42	0.98	1	1	5	2	2	0	-T
I	441614	C	*/+T	7	4	21.05%	2	1	33	31	0.98	1	1	5	2	4	0	+T
I	442786	C	*/+T	8	5	38.46%	2	2	35	34	0.98	1	1	4	4	4	1	+T
I	453369	G	*/-A	8	2	14.29%	1	1	36	37	0.98	1	1	8	0	2	0	-A
I	453369	G	*/+A	8	2	14.29%	1	1	36	37	0.98	1	1	8	0	2	0	-A
I	453369	G	*/+AA	8	2	14.29%	1	1	36	37	0.98	1	1	8	0	2	0	-A
I	464017	C	*/+A	14	2	11.76%	2	1	38	37	0.98	1	1	7	7	2	0	+A
I	464477	A	*/-AT	27	2	6.9%	2	2	44	37	0.98	1	1	13	14	1	1	-AT
I	470378	A	-C/-C	0	25	100%	0	2	0	40	0.98	0	1	0	0	17	8	-C
I	470390	A	-C/-C	0	28	100%	0	2	0	43	0.98	0	1	0	0	18	10	-C
I	482737	A	+G/+G	2	21	87.5%	2	2	42	43	0.98	1	1	1	1	9	12	+G
I	520825	G	*/+T	17	2	10.53%	2	2	37	37	0.98	1	1	8	9	1	1	+T
I	521845	T	*/-A	13	2	12.5%	2	1	39	37	0.98	1	1	7	6	0	2	-A
I	554527	A	+T/+T	2	11	84.62%	1	2	55	35	0.98	1	1	2	0	7	4	+T
I	555737	C	*/+A	21	2	8.7%	2	2	42	74	0.98	1	1	6	15	1	1	+A
I	562745	A	*/+T	14	6	27.27%	2	2	37	49	0.98	1	1	10	4	2	4	+T
I	650099	C	*/+AA	7	2	16.67%	2	2	39	42	0.98	1	1	5	2	1	1	+AA
I	660056	T	*/+GGG	1	2	28.57%	1	1	25	31	0.98	1	1	1	0	2	0	+GGG
I	660056	T	*/+GGGG	1	4	57.14%	1	1	25	34	0.98	1	1	1	0	4	0	+GGGG
I	670032	C	+A/+A	0	69	94.52%	0	2	0	49	0.98	0	1	0	0	22	47	+A
I	678347	A	*/+T	12	22	62.86%	2	2	43	49	0.98	1	1	7	5	14	8	+T
I	682993	T	-C/-C	1	31	96.88%	1	2	37	41	0.98	1	1	0	1	10	21	-C
I	719597	G	*/-TA	41	3	6.52%	2	2	45	45	0.98	1	1	18	23	1	2	-TA
I	807903	A	*/-T	11	4	22.22%	2	2	48	39	0.98	1	1	3	8	2	2	-T
I	807903	A	*/+T	11	2	11.11%	2	1	48	37	0.98	1	1	3	8	2	0	-T
I	862962	C	+T/+T	1	23	92%	1	2	37	39	0.98	1	1	1	0	14	9	+T
I	870526	T	+A/+A	1	10	90.91%	1	2	37	44	0.98	1	1	0	1	5	5	+A
I	908601	G	*/+T	19	2	9.52%	2	2	49	37	0.98	1	1	9	10	1	1	+T
I	934908	T	*/+AA	7	2	15.38%	2	2	31	36	0.98	1	1	6	1	1	1	A
I	934908	T	*/+AAA	7	2	15.38%	2	2	31	55	0.98	1	1	6	1	1	1	A
I	960025	G	*/+T	10	11	47.83%	2	2	35	41	0.98	1	1	9	1	7	4	+T
I	960025	G	*/+TT	10	2	8.7%	2	2	35	37	0.98	1	1	9	1	1	1	+T
I	995070	G	*/-T	12	2	13.33%	2	2	42	42	0.98	1	1	7	5	1	1	-T
I	997233	G	*/-T	19	2	9.52%	2	1	45	37	0.98	1	1	14	5	0	2	-T
I	1038351	G	*/+T	33	2	5.71%	2	2	43	74	0.98	1	1	24	9	1	1	+T
I	1048635	G	+A/+A	3	15	78.95%	1	2	53	43	0.98	1	1	3	0	10	5	+A
I	1079583	T	*/+AAAAAA	5	2	15.38%	2	1	34	37	0.98	1	1	3	2	2	0	+AAAAAA
I	1079583	T	*/+AAAAAAA	5	2	15.38%	2	1	34	37	0.98	1	1	3	2	2	0	+AAAAAA
I	1079583	T	*/+AAAAAAAA	5	2	15.38%	2	1	34	37	0.98	1	1	3	2	2	0	+AAAAAA
I	1079583	T	*/+AAAAAAAAA	5	2	15.38%	2	1	34	37	0.98	1	1	3	2	2	0	+AAAAAA
I	1123942	C	*/-T	17	2	10%	2	2	40	49	0.98	1	1	13	4	1	1	-T
I	1148104	A	*/+TT	3	3	42.86%	2	1	49	49	0.98	1	1	1	2	3	0	+TT
I	1149923	C	*/-A	7	2	22.22%	2	1	36	37	0.98	1	1	4	3	2	0	-A
I	1152144	C	*/+T	15	2	11.76%	2	2	39	37	0.98	1	1	5	10	1	1	+T
I	1185797	G	*/-AA	17	2	8.33%	2	2	45	37	0.98	1	1	12	5	1	1	-AA
I	1185797	G	*/+A	17	2	8.33%	2	2	45	42	0.98	1	1	12	5	1	1	-AA
I	1227180	G	*/+A	20	2	8.7%	2	1	41	55	0.98	1	1	10	10	2	0	+A
I	1254655	T	*/+A	19	2	9.09%	2	1	40	55	0.98	1	1	13	6	0	2	+A
I	1274803	T	+A/+A	1	18	94.74%	1	2	37	38	0.98	1	1	0	1	9	9	+A
I	1290605	A	*/-T	10	4	28.57%	2	2	44	43	0.98	1	1	5	5	1	3	-T
I	1295346	T	*/-A	32	2	5.88%	2	2	38	37	0.98	1	1	18	14	1	1	-A
I	1333654	T	+GG/+GG	1	4	80%	1	1	37	37	0.98	1	1	1	0	4	0	+GG
I	1358794	C	*/+A	9	7	41.18%	1	2	46	38	0.98	1	1	9	0	2	5	+A
I	1360608	T	+C/+C	5	19	76%	2	2	40	42	0.98	1	1	3	2	2	17	+C
I	1387517	C	*/+T	5	11	68.75%	2	2	32	47	0.98	1	1	2	3	8	3	+T
I	1399667	T	*/-A	22	2	8.33%	2	1	53	55	0.98	1	1	14	8	0	2	-A
I	1424708	C	-A/-A	4	19	82.61%	2	2	31	46	0.98	1	1	3	1	6	13	-A
I	1496317	C	*/-A	7	7	41.18%	2	2	47	38	0.98	1	1	1	6	3	4	-A
I	1496317	C	*/-AA	7	2	11.76%	2	1	47	37	0.98	1	1	1	6	2	0	-A
I	1509277	C	*/+T	6	4	40%	2	2	43	46	0.98	1	1	5	1	2	2	+T
I	1541472	G	*/-T	3	2	33.33%	2	2	37	31	0.98	1	1	2	1	1	1	-T
I	1573611	C	*/-A	9	3	23.08%	2	2	39	49	0.98	1	1	4	5	1	2	-A
I	1595056	C	*/+T	7	2	22.22%	1	2	37	42	0.98	1	1	7	0	1	1	+T
I	1599291	T	*/+A	2	4	50%	2	2	31	28	0.98	1	1	1	1	1	3	+A
I	1625092	T	+C/+C	1	24	96%	1	2	37	41	0.98	1	1	1	0	17	7	+C
I	1667828	C	*/-CT	34	2	5.56%	2	2	45	37	0.98	1	1	12	22	1	1	-CT
I	1777634	A	*/+T	9	3	23.08%	2	2	35	49	0.98	1	1	6	3	1	2	+T
I	1787365	G	*/+TA	37	2	5.13%	2	1	38	37	0.98	1	1	26	11	2	0	+TA
I	1829371	A	*/-T	14	2	11.76%	2	1	39	31	0.98	1	1	11	3	2	0	-T
I	1830464	C	*/+T	26	2	7.14%	2	1	47	55	0.98	1	1	15	11	0	2	+T
I	1849285	C	*/-T	33	6	14.29%	2	2	41	43	0.98	1	1	21	12	1	5	-T
I	1849285	C	*/+T	33	3	7.14%	2	2	41	45	0.98	1	1	21	12	1	2	-T
I	1890184	C	*/-A	9	6	40%	2	2	45	34	0.98	1	1	3	6	2	4	-A
I	1905525	T	*/+G	3	3	42.86%	2	1	37	37	0.98	1	1	2	1	3	0	+G
I	1925428	T	*/-A	22	2	8%	2	2	42	49	0.98	1	1	14	8	1	1	-A
I	1936294	G	+A/+A	1	16	94.12%	1	2	74	46	0.98	1	1	0	1	4	12	+A
I	1940232	A	*/-G	30	2	6.25%	2	1	40	74	0.98	1	1	8	22	2	0	-G
I	1952313	A	+T/+T	0	35	100%	0	2	0	45	0.98	0	1	0	0	22	13	+T
I	1954162	C	*/+A	14	6	26.09%	2	2	36	43	0.98	1	1	9	5	4	2	+A
I	1955754	C	*/+TT	4	2	25%	1	1	36	25	0.98	1	1	4	0	0	2	+TT
I	1955853	T	*/+A	2	4	66.67%	1	1	37	39	0.98	1	1	2	0	4	0	+A
I	2025000	C	*/+T	12	3	17.65%	2	1	38	40	0.98	1	1	11	1	3	0	+T
I	2052488	A	*/-T	15	7	25.93%	2	2	38	44	0.98	1	1	13	2	5	2	-T
I	2052488	A	*/-TT	15	3	11.11%	2	2	38	61	0.98	1	1	13	2	1	2	-T
I	2084837	T	*/+A	9	13	59.09%	2	2	41	45	0.98	1	1	3	6	8	5	+A
I	2096013	T	*/-A	9	5	33.33%	2	2	41	39	0.98	1	1	6	3	3	2	-A
I	2139856	G	+T/+T	0	5	100%	0	2	0	44	0.98	0	1	0	0	2	3	+T
I	2152548	T	*/-A	15	2	11.76%	2	2	35	55	0.98	1	1	10	5	1	1	-A
I	2154491	T	+A/+A	0	23	95.83%	0	2	0	37	0.98	0	1	0	0	9	14	+A
I	2155438	C	*/-A	32	2	5.71%	2	2	42	55	0.98	1	1	15	17	1	1	-A
I	2174555	C	*/-A	9	6	30%	2	2	34	37	0.98	1	1	4	5	3	3	-A
I	2174555	C	*/-AA	9	3	15%	2	2	34	41	0.98	1	1	4	5	2	1	-A
I	2178948	C	*/-A	28	3	8.57%	2	1	41	45	0.98	1	1	22	6	3	0	-A
I	2178948	C	*/+A	28	3	8.57%	2	2	41	49	0.98	1	1	22	6	2	1	-A
I	2227936	T	*/+AAA	3	4	40%	1	2	40	27	0.98	1	1	3	0	3	1	+AAA
I	2245479	T	*/+C	16	6	24%	2	2	50	37	0.98	1	1	10	6	5	1	+C
I	2273201	T	*/-A	9	2	14.29%	2	2	31	37	0.98	1	1	7	2	1	1	-A
I	2288240	C	-G/-G	0	27	100%	0	2	0	48	0.98	0	1	0	0	17	10	-G
I	2322636	C	*/-A	25	11	27.5%	2	2	36	41	0.98	1	1	24	1	8	3	-A
I	2327021	C	*/-A	13	4	21.05%	2	2	38	37	0.98	1	1	5	8	3	1	-A
I	2327021	C	*/+A	13	2	10.53%	2	1	38	42	0.98	1	1	5	8	0	2	-A
I	2343703	G	+A/+A	1	15	88.24%	1	2	36	39	0.98	1	1	0	1	5	10	+A
I	2397149	G	*/+T	25	2	7.41%	2	1	40	31	0.98	1	1	14	11	2	0	+T
I	2401096	C	*/+A	28	2	6.25%	2	1	44	55	0.98	1	1	17	11	0	2	+A
I	2421576	A	-C/-C	0	11	100%	0	2	0	40	0.98	0	1	0	0	8	3	-C
I	2431043	C	*/-TCT	21	2	8.7%	2	1	39	37	0.98	1	1	11	10	0	2	-TCT
I	2443651	C	*/-A	14	2	12.5%	2	2	43	42	0.98	1	1	9	5	1	1	-A
I	2499149	A	-T/-T	3	20	86.96%	1	2	45	37	0.98	1	1	3	0	6	14	-T
I	2507462	T	+A/+A	1	20	95.24%	1	2	37	41	0.98	1	1	0	1	15	5	+A
I	2510060	T	+A/+A	2	14	87.5%	1	2	37	47	0.98	1	1	0	2	6	8	+A
I	2520612	G	*/-T	22	3	11.54%	2	2	49	61	0.98	1	1	11	11	1	2	-T
I	2525300	T	*/-A	11	3	21.43%	2	1	36	45	0.98	1	1	7	4	3	0	-A
I	2525713	C	*/-T	17	5	20%	2	2	36	44	0.98	1	1	13	4	3	2	-T
I	2525713	C	*/-TT	17	2	8%	2	1	36	37	0.98	1	1	13	4	2	0	-T
I	2578262	T	*/-A	14	7	31.82%	2	2	43	42	0.98	1	1	3	11	3	4	-A
I	2588021	C	+A/+A	0	13	100%	0	2	0	46	0.98	0	1	0	0	8	5	+A
I	2588066	C	+A/+A	1	10	90.91%	1	2	37	48	0.98	1	1	1	0	6	4	+A
I	2594263	C	+T/+T	3	10	76.92%	2	2	61	38	0.98	1	1	2	1	6	4	+T
I	2594324	T	+A/+A	1	12	92.31%	1	2	37	40	0.98	1	1	0	1	8	4	+A
I	2594351	T	+A/+A	2	9	75%	2	2	37	35	0.98	1	1	1	1	7	2	+A
I	2594391	A	+T/+T	0	12	100%	0	2	0	40	0.98	0	1	0	0	10	2	+T
I	2605777	C	*/+A	25	2	7.41%	2	2	41	37	0.98	1	1	7	18	1	1	+A
I	2605860	G	-T/-T	0	20	100%	0	2	0	40	0.98	0	1	0	0	6	14	-T
I	2607669	A	+T/+T	1	25	92.59%	1	2	37	44	0.98	1	1	1	0	16	9	+T
I	2641998	C	*/+T	2	4	50%	1	2	32	33	0.98	1	1	2	0	3	1	+T
I	2683902	T	-C/-C	1	22	95.65%	1	2	37	38	0.98	1	1	0	1	9	13	-C
I	2733748	A	*/-T	28	3	9.68%	2	2	42	41	0.98	1	1	18	10	2	1	-T
I	2747027	T	*/-A	15	4	21.05%	2	2	42	34	0.98	1	1	7	8	3	1	-A
I	2751236	T	-A/-A	3	27	81.82%	1	2	37	37	0.98	1	1	3	0	12	15	-A
I	2751236	T	*/-AA	3	3	9.09%	1	2	37	45	0.98	1	1	3	0	1	2	-A
I	2759871	T	+C/+C	2	6	75%	1	2	31	41	0.98	1	1	0	2	5	1	+C
I	2812650	C	*/-T	14	2	12.5%	2	2	41	31	0.98	1	1	5	9	1	1	-T
I	2932642	C	*/-T	13	2	13.33%	2	1	42	43	0.98	1	1	6	7	0	2	-T
I	2960791	T	*/-A	16	2	11.11%	2	2	37	49	0.98	1	1	5	11	1	1	-A
I	3022371	A	*/+T	7	2	22.22%	2	1	38	31	0.98	1	1	3	4	2	0	+T
I	3033347	C	*/-T	15	4	21.05%	2	1	38	34	0.98	1	1	12	3	4	0	-T
I	3125118	A	+T/+T	1	14	93.33%	1	2	25	44	0.98	1	1	0	1	7	7	+T
I	3144699	T	*/-AAA	4	2	28.57%	2	1	46	43	0.98	1	1	3	1	0	2	-AAA
I	3159955	C	*/+ATACT	74	4	5.13%	2	1	39	39	0.98	1	1	14	60	4	0	+ATACT
I	3159994	C	*/-T	71	7	8.64%	2	1	41	40	0.98	1	1	56	15	7	0	-T
I	3166776	G	*/+T	5	2	12.5%	2	2	42	43	0.98	1	1	4	1	1	1	+T
I	3166776	G	*/+TT	5	7	43.75%	2	2	42	39	0.98	1	1	4	1	6	1	+TT
I	3178494	C	+T/+T	2	15	88.24%	2	2	37	48	0.98	1	1	1	1	10	5	+T
I	3184255	T	*/-A	9	4	17.39%	2	2	42	36	0.98	1	1	5	4	2	2	-A
I	3184255	T	*/+A	9	7	30.43%	2	2	42	35	0.98	1	1	5	4	4	3	+A
I	3197528	A	+G/+G	1	30	93.75%	1	2	37	45	0.98	1	1	1	0	14	16	+G
I	3299997	G	*/-A	36	2	5.26%	2	2	42	55	0.98	1	1	27	9	1	1	-A
I	3303394	C	*/-AT	8	4	33.33%	2	2	40	36	0.98	1	1	3	5	2	2	-AT
I	3404991	C	*/-TT	4	2	25%	2	2	30	42	0.98	1	1	2	2	1	1	-TT
I	3450130	G	-T/-T	1	17	94.44%	1	2	37	41	0.98	1	1	0	1	7	10	-T
I	3460318	T	*/+C	2	8	72.73%	1	2	37	41	0.98	1	1	0	2	2	6	+C
I	3462650	A	*/-T	11	3	20%	2	2	37	37	0.98	1	1	6	5	1	2	-T
I	3477396	C	*/+A	14	4	22.22%	2	2	41	39	0.98	1	1	6	8	3	1	+A
I	3532234	C	*/+TGTA	30	2	6.25%	2	1	51	37	0.98	1	1	14	16	0	2	+TGTA
I	3538413	A	+T/+T	0	17	100%	0	2	0	47	0.98	0	1	0	0	12	5	+T
I	3538428	G	+T/+T	0	18	100%	0	2	0	48	0.98	0	1	0	0	11	7	+T
I	3538436	T	+A/+A	3	17	85%	1	2	61	47	0.98	1	1	3	0	8	9	+A
I	3538449	T	+TA/+TA	2	17	89.47%	1	2	37	47	0.98	1	1	0	2	8	9	+TA
I	3538456	A	+AT/+AT	0	16	94.12%	0	2	0	47	0.98	0	1	0	0	7	9	+AT
I	3576756	T	*/+TCTTCTC	1	2	50%	1	2	48	68	0.98	1	1	1	0	1	1	+TCTTCTC
I	3576929	C	+T/+T	1	14	93.33%	1	2	37	42	0.98	1	1	1	0	3	11	+T
I	3577785	T	*/+C	24	2	7.41%	2	1	39	37	0.98	1	1	11	13	2	0	+C
I	3577787	T	*/+CTCTA	11	12	46.15%	2	2	35	41	0.98	1	1	2	9	8	4	+CTCTA
I	3659724	C	*/-T	25	2	6.06%	2	1	41	37	0.98	1	1	20	5	2	0	-T
I	3659724	C	*/+T	25	4	12.12%	2	2	41	46	0.98	1	1	20	5	2	2	+T
I	3665610	G	+C/+C	0	45	100%	0	2	0	43	0.98	0	1	0	0	21	24	+C
I	3666021	C	+G/+G	0	20	100%	0	2	0	42	0.98	0	1	0	0	10	10	+G
I	3700385	T	*/+A	3	6	28.57%	1	2	40	41	0.98	1	1	3	0	5	1	+A
I	3700385	T	*/+AA	3	7	33.33%	1	2	40	35	0.98	1	1	3	0	3	4	+AA
I	3700385	T	*/+AAA	3	2	9.52%	1	2	40	31	0.98	1	1	3	0	1	1	+AA
I	3730369	A	*/+T	4	9	69.23%	2	2	46	42	0.98	1	1	2	2	4	5	+T
I	3736072	C	+T/+T	7	33	82.5%	2	2	35	39	0.98	1	1	3	4	13	20	+T
I	3765328	C	+T/+T	2	10	76.92%	2	2	42	44	0.98	1	1	1	1	6	4	+T
I	3765366	T	*/-A	9	3	25%	2	2	42	36	0.98	1	1	5	4	2	1	-A
I	3776933	G	+A/+A	1	9	75%	1	2	74	45	0.98	1	1	1	0	2	7	+A
I	3785861	G	*/+TATAATGTA	27	3	9.38%	2	1	41	33	0.98	1	1	3	24	0	3	+TATAATGTA
I	3820599	T	*/+A	15	3	16.67%	2	2	39	37	0.98	1	1	6	9	2	1	+A
I	3850523	C	*/-T	29	3	9.09%	2	2	47	37	0.98	1	1	18	11	1	2	-T
I	3855790	G	-T/-T	0	17	100%	0	2	0	39	0.98	0	1	0	0	9	8	-T
I	3870142	A	-C/-C	2	15	88.24%	1	2	55	41	0.98	1	1	0	2	6	9	-C
I	3877380	G	*/+AA	18	2	10%	2	2	52	37	0.98	1	1	7	11	1	1	+AA
I	3940025	G	+T/+T	2	22	91.67%	2	2	37	48	0.98	1	1	1	1	10	12	+T
I	3984736	A	*/-GGT	78	7	8.24%	2	1	43	42	0.98	1	1	27	51	0	7	-GGT
I	3992213	A	*/-C	10	3	23.08%	2	2	37	29	0.98	1	1	4	6	1	2	-C
I	3995023	C	*/-T	6	4	40%	2	1	32	39	0.98	1	1	5	1	4	0	-T
I	4004016	G	*/-T	9	7	31.82%	2	2	42	44	0.98	1	1	7	2	2	5	-T
I	4004016	G	*/+T	9	3	13.64%	2	2	42	41	0.98	1	1	7	2	2	1	-T
I	4005819	C	*/+A	11	2	14.29%	2	2	38	37	0.98	1	1	3	8	1	1	+A
I	4014850	A	*/+AT	10	2	16.67%	2	2	40	74	0.98	1	1	3	7	1	1	+AT
I	4017149	C	*/-GAAT	19	3	13.64%	2	1	42	37	0.98	1	1	9	10	0	3	-GAAT
I	4055052	T	*/+A	5	13	72.22%	2	2	37	40	0.98	1	1	4	1	7	6	+A
I	4071566	A	*/-AT	14	2	12.5%	2	2	45	55	0.98	1	1	8	6	1	1	-AT
I	4140001	G	*/-T	4	2	33.33%	1	1	35	31	0.98	1	1	4	0	0	2	-T
I	4140090	A	*/+T	10	3	21.43%	2	1	40	49	0.98	1	1	7	3	3	0	+T
I	4179641	C	*/-A	7	3	27.27%	2	1	37	37	0.98	1	1	6	1	3	0	-A
I	4179700	T	*/+A	7	2	22.22%	1	1	37	49	0.98	1	1	7	0	0	2	+A
I	4241118	G	*/-A	5	7	43.75%	2	2	39	35	0.98	1	1	4	1	4	3	-A
I	4241118	G	*/-AAA	5	2	12.5%	2	2	39	37	0.98	1	1	4	1	1	1	-A
I	4241118	G	*/+A	5	2	12.5%	2	1	39	31	0.98	1	1	4	1	2	0	-A
I	4276890	G	+T/+T	1	9	90%	1	2	62	42	0.98	1	1	1	0	8	1	+T
I	4304169	G	+A/+A	0	17	100%	0	2	0	40	0.98	0	1	0	0	11	6	+A
I	4325624	C	+A/+A	3	13	81.25%	1	2	49	53	0.98	1	1	3	0	5	8	+A
I	4338694	G	+T/+T	4	29	82.86%	2	2	37	51	0.98	1	1	3	1	17	12	+T
I	4374342	A	-G/-G	0	26	100%	0	2	0	48	0.98	0	1	0	0	13	13	-G
I	4407494	T	+G/+G	0	23	92%	0	2	0	43	0.98	0	1	0	0	14	9	+G
I	4410191	C	-G/-G	0	16	100%	0	2	0	46	0.98	0	1	0	0	9	7	-G
I	4414201	C	*/-T	3	5	50%	1	2	37	44	0.98	1	1	3	0	4	1	-T
I	4414201	C	*/-TT	3	2	20%	1	1	37	31	0.98	1	1	3	0	2	0	-T
I	4414723	T	*/+AAAAA	6	2	22.22%	1	1	37	37	0.98	1	1	6	0	2	0	+AAAAA
I	4431856	G	+A/+A	1	43	97.73%	1	2	37	45	0.98	1	1	1	0	15	28	+A
I	4431868	C	+A/+A	5	38	88.37%	2	2	44	40	0.98	1	1	3	2	13	25	+A
I	4455149	G	*/+A	3	5	55.56%	2	2	32	32	0.98	1	1	1	2	3	2	+A
I	4507370	C	*/+A	11	2	13.33%	2	2	41	37	0.98	1	1	7	4	1	1	+A
I	4514478	T	*/-A	7	4	22.22%	2	2	40	49	0.98	1	1	5	2	2	2	-A
I	4514478	T	*/-AA	7	5	27.78%	2	2	40	42	0.98	1	1	5	2	4	1	-AA
I	4514478	T	*/-AAA	7	2	11.11%	2	1	40	37	0.98	1	1	5	2	2	0	-AA
I	4533252	C	*/-T	6	2	18.18%	2	2	41	37	0.98	1	1	3	3	1	1	-T
I	4533252	C	*/+T	6	3	27.27%	2	2	41	45	0.98	1	1	3	3	1	2	+T
I	4648145	G	*/+T	22	2	8.33%	2	1	35	37	0.98	1	1	18	4	2	0	+T
I	4648159	T	*/-G	13	7	35%	2	2	34	35	0.98	1	1	12	1	6	1	-G
I	4721875	G	+A/+A	1	11	91.67%	1	2	48	37	0.98	1	1	0	1	6	5	+A
I	4723298	G	*/-A	13	4	23.53%	2	2	34	46	0.98	1	1	3	10	1	3	-A
I	4764253	G	*/+A	7	15	50%	2	2	38	46	0.98	1	1	5	2	10	5	+A
I	4764253	G	*/+AA	7	4	13.33%	2	1	38	37	0.98	1	1	5	2	4	0	+A
I	4781861	G	*/+T	18	2	10%	2	1	46	37	0.98	1	1	14	4	2	0	+T
I	4916623	C	*/-A	6	3	23.08%	2	1	39	45	0.98	1	1	3	3	0	3	-A
I	4916623	C	*/+A	6	3	23.08%	2	2	39	49	0.98	1	1	3	3	1	2	-A
I	4926046	C	*/+T	7	6	35.29%	2	1	37	37	0.98	1	1	6	1	6	0	+T
I	4926046	C	*/+TT	7	2	11.76%	2	2	37	55	0.98	1	1	6	1	1	1	+T
I	4984784	A	*/-T	12	3	20%	2	1	46	37	0.98	1	1	8	4	3	0	-T
I	5002717	C	*/-A	12	5	27.78%	2	2	38	37	0.98	1	1	6	6	4	1	-A
I	5039623	T	*/-A	24	2	7.14%	2	2	38	42	0.98	1	1	17	7	1	1	-A
I	5060109	A	*/-T	13	4	22.22%	2	1	57	43	0.98	1	1	7	6	0	4	-T
I	5078848	G	*/+A	16	3	15%	2	2	40	37	0.98	1	1	12	4	2	1	+A
I	5096442	G	*/-T	10	2	15.38%	1	2	35	55	0.98	1	1	10	0	1	1	-T
I	5096468	T	*/-TG	14	2	12.5%	2	1	47	43	0.98	1	1	6	8	2	0	-TG
I	5142627	A	+G/+G	0	15	93.75%	0	2	0	42	0.98	0	1	0	0	8	7	+G
I	5148414	T	-A/-A	0	32	100%	0	2	0	40	0.98	0	1	0	0	16	16	-A
I	5173087	C	+T/+T	2	19	90.48%	1	2	42	44	0.98	1	1	0	2	4	15	+T
I	5173430	G	*/+T	8	8	36.36%	2	2	40	46	0.98	1	1	6	2	6	2	+T
I	5173430	G	*/+TT	8	4	18.18%	2	2	40	36	0.98	1	1	6	2	3	1	+T
I	5176926	T	*/+A	6	7	50%	2	2	55	45	0.98	1	1	4	2	5	2	+A
I	5266596	A	*/-T	20	6	23.08%	2	2	41	33	0.98	1	1	15	5	3	3	-T
I	5272674	A	*/+TACCT	52	5	8.47%	2	2	42	56	0.98	1	1	25	27	3	2	+TACCT
I	5352025	G	*/+T	16	2	10.53%	2	2	43	49	0.98	1	1	7	9	1	1	+T
I	5360243	A	*/+T	29	2	6.45%	2	1	45	31	0.98	1	1	11	18	0	2	+T
I	5368262	T	-C/-C	2	47	95.92%	1	2	37	44	0.98	1	1	0	2	18	29	-C
I	5368273	G	+T/+T	3	47	92.16%	1	2	49	45	0.98	1	1	0	3	20	27	+T
I	5426622	C	+T/+T	2	18	90%	2	2	37	37	0.98	1	1	1	1	12	6	+T
I	5480944	A	*/-G	85	6	6.59%	2	2	47	49	0.98	1	1	35	50	3	3	-G
I	5523144	C	*/-A	27	2	6.9%	2	1	47	55	0.98	1	1	13	14	0	2	-A
I	5547223	T	*/-A	16	4	20%	2	2	45	61	0.98	1	1	12	4	3	1	-A
I	5559279	T	*/+GG	1	2	40%	1	1	37	31	0.98	1	1	0	1	2	0	+GG
I	5559279	T	*/+GGG	1	2	40%	1	1	37	31	0.98	1	1	0	1	2	0	+GG
I	5559365	C	*/-T	4	2	33.33%	2	1	49	49	0.98	1	1	1	3	2	0	-T
I	5567937	C	*/-A	22	3	10.71%	2	1	38	37	0.98	1	1	16	6	3	0	-A
I	5567937	C	*/-AA	22	3	10.71%	2	2	38	37	0.98	1	1	16	6	2	1	-A
I	5572022	A	*/-T	26	3	10.34%	2	1	44	37	0.98	1	1	13	13	0	3	-T
I	5576850	T	*/-AA	12	9	39.13%	2	2	42	46	0.98	1	1	7	5	3	6	-AA
II	7149	T	*/-A	20	2	9.09%	2	1	44	31	0.98	1	1	10	10	2	0	-A
II	31617	A	*/-T	5	3	33.33%	2	2	37	40	0.98	1	1	1	4	1	2	-T
II	46913	T	*/-AA	9	2	15.38%	2	1	36	37	0.98	1	1	7	2	2	0	-AA
II	52800	C	+TT/+TT	1	29	93.55%	1	2	37	45	0.98	1	1	1	0	17	12	+TT
II	83071	C	+TT/+TT	1	10	90.91%	1	2	74	39	0.98	1	1	1	0	6	4	+TT
II	113240	T	*/-A	7	3	27.27%	2	1	35	41	0.98	1	1	6	1	0	3	-A
II	128001	T	-A/-A	0	20	100%	0	2	0	41	0.98	0	1	0	0	12	8	-A
II	146079	T	-C/-C	1	20	95.24%	1	2	37	45	0.98	1	1	0	1	10	10	-C
II	201022	A	*/-T	9	12	52.17%	2	2	48	43	0.98	1	1	5	4	7	5	-T
II	229897	A	*/+T	11	5	20.83%	2	1	39	44	0.98	1	1	9	2	5	0	+T
II	229897	A	*/+TT	11	6	25%	2	2	39	35	0.98	1	1	9	2	5	1	+TT
II	282770	T	*/+A	28	2	6.67%	2	1	40	37	0.98	1	1	14	14	0	2	+A
II	320661	G	*/-A	18	2	9.52%	2	1	42	31	0.98	1	1	11	7	2	0	-A
II	329931	T	+G/+G	2	6	75%	1	2	49	37	0.98	1	1	2	0	3	3	+G
II	330163	G	*/+A	4	10	71.43%	2	2	43	39	0.98	1	1	1	3	3	7	+A
II	333860	T	+A/+A	5	20	76.92%	2	2	49	40	0.98	1	1	3	2	7	13	+A
II	410085	C	*/-T	5	6	40%	1	2	29	39	0.98	1	1	5	0	4	2	-T
II	410085	C	*/+T	5	2	13.33%	1	1	29	27	0.98	1	1	5	0	2	0	-T
II	484534	A	+T/+T	1	8	88.89%	1	2	62	38	0.98	1	1	1	0	1	7	+T
II	521731	G	*/-T	23	3	11.11%	2	2	47	74	0.98	1	1	16	7	2	1	-T
II	603273	A	-AAAATATAATGAAAATGTTTATTGCACAAACAC/-AAAATATAATGAAAATGTTTATTGCACAAACAC	3	10	76.92%	2	2	37	39	0.98	1	1	1	2	6	4	-AAAATATAATGAAAATGTTTATTGCACAAACAC
II	603303	A	*/-C	6	2	25%	2	1	43	37	0.98	1	1	1	5	0	2	-C
II	603305	A	-C/-C	0	6	100%	0	2	0	43	0.98	0	1	0	0	1	5	-C
II	673086	G	*/-A	4	4	33.33%	1	2	32	46	0.98	1	1	4	0	3	1	-A
II	673086	G	*/-AA	4	2	16.67%	1	1	32	37	0.98	1	1	4	0	2	0	-A
II	700009	T	-A/-A	4	12	75%	2	2	64	39	0.98	1	1	2	2	2	10	-A
II	716295	G	*/-T	9	2	18.18%	2	1	39	37	0.98	1	1	4	5	2	0	-T
II	756993	C	*/+T	16	2	10.53%	2	2	39	29	0.98	1	1	9	7	1	1	+T
II	819795	T	*/+C	22	3	12%	2	2	40	37	0.98	1	1	16	6	2	1	+C
II	837446	C	*/+TT	6	2	22.22%	1	1	33	37	0.98	1	1	6	0	2	0	+TT
II	860521	T	*/+A	32	2	5.71%	2	1	46	37	0.98	1	1	20	12	2	0	+A
II	887151	C	*/-T	17	2	10.53%	2	2	47	55	0.98	1	1	11	6	1	1	-T
II	888599	A	-C/-C	0	16	100%	0	2	0	49	0.98	0	1	0	0	7	9	-C
II	903106	G	+T/+T	0	25	100%	0	2	0	45	0.98	0	1	0	0	14	11	+T
II	948303	T	*/-A	18	4	18.18%	2	2	42	37	0.98	1	1	10	8	1	3	-A
II	948732	A	+T/+T	0	12	100%	0	2	0	44	0.98	0	1	0	0	5	7	+T
II	997671	G	*/-CAACAA	13	2	12.5%	2	2	34	55	0.98	1	1	6	7	1	1	-CAACAA
II	1019510	T	*/-A	9	4	23.53%	2	2	39	46	0.98	1	1	8	1	2	2	-A
II	1019510	T	*/-AA	9	3	17.65%	2	2	39	37	0.98	1	1	8	1	2	1	-A
II	1057872	T	-AAAA/-AAAA	3	12	80%	1	2	45	55	0.98	1	1	3	0	7	5	-AAAA
II	1059118	T	*/-A	23	4	14.81%	2	2	46	43	0.98	1	1	13	10	3	1	-A
II	1069791	C	*/+A	18	2	9.09%	2	2	41	37	0.98	1	1	15	3	1	1	+A
II	1078264	T	*/-A	28	2	6.06%	2	1	42	61	0.98	1	1	13	15	0	2	-A
II	1078264	T	*/+A	28	3	9.09%	2	2	42	49	0.98	1	1	13	15	1	2	+A
II	1079843	T	*/+A	5	16	72.73%	2	2	42	40	0.98	1	1	3	2	4	12	+A
II	1104941	G	*/-T	9	2	16.67%	1	1	36	42	0.98	1	1	9	0	2	0	-T
II	1122580	C	*/-T	32	3	8.33%	2	2	47	49	0.98	1	1	21	11	2	1	-T
II	1140902	C	*/-T	18	2	9.52%	2	2	46	31	0.98	1	1	16	2	1	1	-T
II	1156029	A	*/+AT	14	3	17.65%	2	2	40	33	0.98	1	1	1	13	2	1	+AT
II	1163154	A	-T/-T	2	17	89.47%	1	2	55	44	0.98	1	1	0	2	6	11	-T
II	1171363	T	*/-A	22	3	11.54%	2	1	37	37	0.98	1	1	17	5	0	3	-A
II	1175013	G	*/+CAAGAAGAAATTCAA	16	11	39.29%	2	2	42	40	0.98	1	1	12	4	8	3	+CAAGAAGAAATTCAA
II	1203718	C	*/-T	20	3	13.04%	2	2	45	33	0.98	1	1	10	10	2	1	-T
II	1243365	G	*/-T	13	4	22.22%	2	2	49	46	0.98	1	1	3	10	3	1	-T
II	1264791	C	*/-T	8	3	21.43%	2	2	35	33	0.98	1	1	7	1	1	2	-T
II	1266289	T	+A/+A	1	7	77.78%	1	2	37	33	0.98	1	1	1	0	4	3	+A
II	1277478	A	*/+TT	12	2	14.29%	2	1	40	37	0.98	1	1	8	4	0	2	+TT
II	1308618	G	-T/-T	2	34	94.44%	1	2	42	45	0.98	1	1	2	0	19	15	-T
II	1323266	A	*/-T	21	4	16%	2	2	40	43	0.98	1	1	12	9	3	1	-T
II	1323267	T	+A/+A	2	21	91.3%	2	2	37	39	0.98	1	1	1	1	13	8	+A
II	1349040	A	*/-T	7	2	20%	2	1	52	37	0.98	1	1	5	2	2	0	-T
II	1365999	G	*/-T	17	5	20.83%	2	1	50	41	0.98	1	1	9	8	5	0	-T
II	1389139	C	*/+T	3	6	37.5%	1	2	37	41	0.98	1	1	3	0	3	3	+T
II	1389139	C	*/+TT	3	4	25%	1	2	37	43	0.98	1	1	3	0	2	2	+T
II	1398444	G	*/-T	21	2	8.7%	2	1	37	25	0.98	1	1	10	11	2	0	-T
II	1456839	A	*/-T	11	3	21.43%	2	2	39	40	0.98	1	1	6	5	2	1	-T
II	1467485	C	*/-T	6	6	50%	2	1	41	33	0.98	1	1	5	1	0	6	-T
II	1520498	T	*/+A	14	2	12.5%	2	2	46	37	0.98	1	1	8	6	1	1	+A
II	1554361	C	*/-T	15	3	15.79%	2	2	41	33	0.98	1	1	9	6	1	2	-T
II	1555919	A	*/+TTTATT	3	6	66.67%	1	2	29	31	0.98	1	1	3	0	2	4	+TTTATT
II	1588936	G	*/+AA	1	2	28.57%	1	2	37	55	0.98	1	1	1	0	1	1	A
II	1600210	T	*/+A	27	12	30.77%	2	2	44	39	0.98	1	1	18	9	8	4	+A
II	1606686	A	*/+TGGAAGTGGTAAG	74	5	6.33%	2	2	48	54	0.98	1	1	35	39	3	2	+TGGAAGTGGTAAG
II	1612985	A	*/+ATAATG	18	7	28%	2	2	37	37	0.98	1	1	9	9	4	3	+ATAATG
II	1618417	T	*/+A	48	6	11.11%	2	2	42	41	0.98	1	1	28	20	5	1	+A
II	1627981	C	*/-T	10	5	33.33%	2	2	34	42	0.98	1	1	5	5	4	1	-T
II	1629741	A	*/-AT	6	2	25%	1	1	43	37	0.98	1	1	6	0	2	0	-AT
II	1629986	A	*/+T	40	4	9.09%	2	1	41	55	0.98	1	1	18	22	0	4	+T
II	1634843	T	*/+ATTATC	14	3	14.29%	2	1	52	37	0.98	1	1	11	3	3	0	C
II	1637375	T	*/+C	67	5	6.94%	2	2	46	49	0.98	1	1	30	37	4	1	+C
II	1645548	T	*/+A	42	12	22.22%	2	2	41	42	0.98	1	1	27	15	5	7	+A
II	1666366	A	*/-C	29	2	6.45%	2	2	38	74	0.98	1	1	20	9	1	1	-C
II	1669699	T	*/+A	25	2	7.41%	2	1	45	62	0.98	1	1	6	19	2	0	+A
II	1678205	T	-A/-A	0	8	100%	0	2	0	46	0.98	0	1	0	0	5	3	-A
II	1716256	G	*/+T	8	2	15.38%	2	1	36	42	0.98	1	1	5	3	2	0	+T
II	1716256	G	*/+TT	8	2	15.38%	2	2	36	55	0.98	1	1	5	3	1	1	+T
II	1716286	T	*/-TG	20	2	9.09%	2	1	37	37	0.98	1	1	6	14	0	2	-TG
II	1716287	T	*/-G	13	9	40.91%	2	2	36	39	0.98	1	1	5	8	1	8	-G
II	1748646	G	*/-A	5	4	33.33%	1	2	32	39	0.98	1	1	5	0	2	2	-A
II	1757193	C	+T/+T	0	25	96.15%	0	2	0	46	0.98	0	1	0	0	5	20	+T
II	1763419	T	*/-A	18	5	20.83%	2	2	45	54	0.98	1	1	11	7	2	3	-A
II	1818108	C	*/-T	6	4	33.33%	2	2	43	34	0.98	1	1	4	2	1	3	-T
II	1818108	C	*/-TT	6	2	16.67%	2	2	43	37	0.98	1	1	4	2	1	1	-T
II	1861420	T	-G/-G	0	35	100%	0	2	0	42	0.98	0	1	0	0	24	11	-G
II	1867795	A	+T/+T	1	18	94.74%	1	2	25	43	0.98	1	1	0	1	9	9	+T
II	1868122	G	*/-T	6	2	13.33%	1	1	35	37	0.98	1	1	6	0	2	0	-T
II	1868122	G	*/+T	6	6	40%	1	2	35	47	0.98	1	1	6	0	3	3	+T
II	1873779	T	+A/+A	1	19	95%	1	2	37	50	0.98	1	1	1	0	8	11	+A
II	1877294	A	+T/+T	0	6	100%	0	2	0	43	0.98	0	1	0	0	2	4	+T
II	1884493	G	*/+T	24	4	14.29%	2	2	47	37	0.98	1	1	9	15	1	3	+T
II	1941966	A	+T/+T	1	32	96.97%	1	2	37	44	0.98	1	1	1	0	21	11	+T
II	1941982	A	+T/+T	1	30	96.77%	1	2	74	41	0.98	1	1	1	0	19	11	+T
II	1948953	G	-A/-A	1	16	94.12%	1	2	37	37	0.98	1	1	0	1	6	10	-A
II	1950050	A	+G/+G	1	14	93.33%	1	2	37	36	0.98	1	1	0	1	4	10	+G
II	1952768	T	*/+A	12	2	14.29%	2	1	39	37	0.98	1	1	11	1	2	0	+A
II	1953298	C	*/-CT	16	2	11.11%	2	1	34	37	0.98	1	1	7	9	2	0	-CT
II	1953407	T	*/+C	5	6	54.55%	1	1	34	33	0.98	1	1	0	5	0	6	+C
II	1955495	T	+A/+A	1	16	94.12%	1	2	48	41	0.98	1	1	1	0	7	9	+A
II	1960392	A	+G/+G	0	22	100%	0	2	0	42	0.98	0	1	0	0	8	14	+G
II	1987101	C	-G/-G	1	26	96.3%	1	2	25	43	0.98	1	1	0	1	16	10	-G
II	1987117	T	-G/-G	0	30	100%	0	2	0	44	0.98	0	1	0	0	16	14	-G
II	1992841	T	+AA/+AA	4	16	80%	2	2	37	50	0.98	1	1	2	2	5	11	+AA
II	2012625	T	*/+C	33	5	13.16%	2	1	40	44	0.98	1	1	12	21	0	5	+C
II	2022968	A	*/-G	9	2	18.18%	2	1	44	31	0.98	1	1	4	5	0	2	-G
II	2049891	A	-T/-T	2	31	93.94%	1	2	74	46	0.98	1	1	2	0	10	21	-T
II	2053516	G	+C/+C	1	16	94.12%	1	2	37	50	0.98	1	1	1	0	5	11	+C
II	2060622	C	*/+A	13	4	23.53%	2	2	44	37	0.98	1	1	8	5	1	3	+A
II	2108180	T	+A/+A	0	10	100%	0	2	0	43	0.98	0	1	0	0	7	3	+A
II	2115422	T	+A/+A	0	38	97.44%	0	2	0	43	0.98	0	1	0	0	14	24	+A
II	2147726	G	+T/+T	2	20	90.91%	2	2	55	43	0.98	1	1	1	1	13	7	+T
II	2187407	G	+A/+A	0	22	95.65%	0	2	0	45	0.98	0	1	0	0	12	10	+A
II	2203175	T	*/-A	11	2	14.29%	2	1	34	37	0.98	1	1	9	2	2	0	-A
II	2209383	T	*/+A	14	6	30%	2	2	45	55	0.98	1	1	12	2	3	3	+A
II	2209818	A	*/-T	9	2	16.67%	2	2	35	31	0.98	1	1	5	4	1	1	-T
II	2219928	A	+T/+T	2	20	90.91%	1	2	31	43	0.98	1	1	0	2	11	9	+T
II	2268188	T	+A/+A	0	36	100%	0	2	0	44	0.98	0	1	0	0	21	15	+A
II	2293297	G	-A/-A	2	6	75%	1	2	37	37	0.98	1	1	2	0	3	3	-A
II	2327013	C	*/-T	35	2	5.41%	2	2	41	55	0.98	1	1	19	16	1	1	-T
II	2338528	G	*/-A	10	3	21.43%	1	2	35	33	0.98	1	1	10	0	1	2	-A
II	2443873	T	*/+A	6	4	26.67%	2	1	35	32	0.98	1	1	5	1	4	0	+A
II	2443873	T	*/+AA	6	3	20%	2	2	35	34	0.98	1	1	5	1	2	1	+A
II	2468409	G	*/+T	34	2	5.41%	2	2	46	31	0.98	1	1	17	17	1	1	+T
II	2491256	C	+T/+T	2	15	83.33%	1	2	37	39	0.98	1	1	2	0	5	10	+T
II	2527996	C	*/-T	11	2	14.29%	2	1	34	37	0.98	1	1	6	5	0	2	-T
II	2579458	C	*/-A	6	2	20%	2	1	41	37	0.98	1	1	4	2	2	0	-A
II	2579458	C	*/+A	6	2	20%	2	1	41	37	0.98	1	1	4	2	2	0	-A
II	2591913	T	*/-A	16	3	13.64%	2	2	35	49	0.98	1	1	13	3	2	1	-A
II	2591913	T	*/+A	16	3	13.64%	2	1	35	37	0.98	1	1	13	3	3	0	-A
II	2592423	T	+A/+A	3	14	82.35%	2	2	37	37	0.98	1	1	2	1	7	7	+A
II	2626677	C	*/-A	28	2	6.67%	2	2	42	61	0.98	1	1	11	17	1	1	-A
II	2630604	T	*/+A	18	2	10%	2	1	49	31	0.98	1	1	8	10	0	2	+A
II	2630607	C	+A/+A	2	17	80.95%	1	2	42	43	0.98	1	1	2	0	6	11	+A
II	2630878	C	*/-AT	22	2	8%	2	1	49	37	0.98	1	1	4	18	0	2	-AT
II	2640785	T	*/+A	8	18	66.67%	2	2	56	51	0.98	1	1	4	4	10	8	+A
II	2647497	C	*/-T	16	6	27.27%	2	2	37	35	0.98	1	1	6	10	2	4	-T
II	2671614	G	*/-A	12	2	14.29%	2	1	42	37	0.98	1	1	11	1	2	0	-A
II	2702173	G	*/-TA	26	2	7.14%	2	1	49	31	0.98	1	1	19	7	2	0	-TA
II	2709414	G	+C/+C	0	14	100%	0	2	0	40	0.98	0	1	0	0	5	9	+C
II	2720152	T	*/+A	29	2	6.45%	2	2	42	37	0.98	1	1	12	17	1	1	+A
II	2755338	C	*/-AT	11	7	33.33%	1	2	38	40	0.98	1	1	0	11	4	3	-AT
II	2755338	C	*/-ATAT	11	3	14.29%	1	2	38	36	0.98	1	1	0	11	1	2	-AT
II	2788933	C	+G/+G	0	33	100%	0	2	0	41	0.98	0	1	0	0	26	7	+G
II	2798040	C	-T/-T	0	22	100%	0	2	0	43	0.98	0	1	0	0	13	9	-T
II	2798514	A	-G/-G	0	11	100%	0	2	0	40	0.98	0	1	0	0	8	3	-G
II	2808802	A	-T/-T	0	12	100%	0	2	0	40	0.98	0	1	0	0	1	11	-T
II	2811495	C	-A/-A	0	23	100%	0	2	0	41	0.98	0	1	0	0	13	10	-A
II	2826100	G	*/-A	13	2	11.76%	2	2	40	31	0.98	1	1	11	2	1	1	-A
II	2871377	T	*/+A	27	6	18.18%	2	2	44	39	0.98	1	1	18	9	5	1	+A
II	2894538	T	*/-A	16	2	10%	2	1	42	68	0.98	1	1	7	9	0	2	-A
II	2900889	A	*/-T	10	9	37.5%	1	2	34	45	0.98	1	1	10	0	8	1	-T
II	2900889	A	*/-TT	10	2	8.33%	1	2	34	37	0.98	1	1	10	0	1	1	-T
II	2900889	A	*/+T	10	3	12.5%	1	2	34	37	0.98	1	1	10	0	2	1	+T
II	2908519	G	*/-A	20	2	9.09%	2	1	46	37	0.98	1	1	14	6	2	0	-A
II	2938956	C	*/+T	3	12	70.59%	2	2	45	36	0.98	1	1	1	2	3	9	+T
II	2938956	C	*/+TT	3	2	11.76%	2	1	45	49	0.98	1	1	1	2	0	2	+T
II	2988149	G	*/-T	9	2	18.18%	1	2	46	37	0.98	1	1	9	0	1	1	-T
II	3010749	G	*/-A	22	4	15.38%	2	1	43	49	0.98	1	1	12	10	0	4	-A
II	3040332	C	+G/+G	0	26	100%	0	2	0	46	0.98	0	1	0	0	13	13	+G
II	3058544	T	*/+GGG	2	4	44.44%	1	1	31	31	0.98	1	1	2	0	4	0	+GGG
II	3135802	A	*/+AAAG	29	2	6.45%	2	1	42	37	0.98	1	1	12	17	2	0	+AAAG
II	3171788	G	*/+A	9	2	14.29%	1	1	38	37	0.98	1	1	9	0	2	0	+A
II	3253453	C	*/+T	5	3	33.33%	2	1	29	33	0.98	1	1	2	3	0	3	+T
II	3282373	T	*/-A	18	5	21.74%	2	2	40	34	0.98	1	1	15	3	4	1	-A
II	3403310	C	*/-T	25	2	7.41%	2	1	41	55	0.98	1	1	10	15	0	2	-T
II	3487895	G	*/+TATTT	19	9	31.03%	2	2	42	41	0.98	1	1	14	5	7	2	+TATTT
II	3498917	A	+T/+T	1	4	80%	1	2	37	40	0.98	1	1	1	0	1	3	+T
II	3509251	T	*/-A	17	3	14.29%	2	1	40	70	0.98	1	1	11	6	3	0	-A
II	3514786	C	*/-T	18	4	17.39%	2	1	35	37	0.98	1	1	11	7	0	4	-T
II	3540057	A	*/-T	10	7	31.82%	2	2	39	37	0.98	1	1	8	2	6	1	-T
II	3540057	A	*/-TT	10	2	9.09%	2	2	39	37	0.98	1	1	8	2	1	1	-T
II	3540057	A	*/+T	10	3	13.64%	2	1	39	45	0.98	1	1	8	2	3	0	+T
II	3583632	G	+A/+A	2	22	84.62%	1	2	55	38	0.98	1	1	2	0	13	9	+A
II	3605463	G	-T/-T	3	12	80%	2	2	32	37	0.98	1	1	2	1	8	4	-T
II	3606660	C	*/-T	23	2	7.69%	2	1	46	37	0.98	1	1	14	9	2	0	-T
II	3619003	A	+G/+G	5	20	80%	1	2	44	46	0.98	1	1	0	5	8	12	+G
II	3621704	A	*/-T	8	2	12.5%	2	2	44	31	0.98	1	1	4	4	1	1	-T
II	3621704	A	*/-TT	8	2	12.5%	2	1	44	37	0.98	1	1	4	4	0	2	-T
II	3621704	A	*/+T	8	2	12.5%	2	1	44	37	0.98	1	1	4	4	2	0	-T
II	3625896	G	*/+TA	18	17	48.57%	2	2	52	54	0.98	1	1	2	16	7	10	+TA
II	3692024	G	*/+A	27	2	6.9%	2	2	50	68	0.98	1	1	11	16	1	1	+A
II	3799350	G	*/+A	2	2	40%	1	1	37	37	0.98	1	1	2	0	2	0	+A
II	3804883	A	*/+T	21	4	16%	2	1	40	37	0.98	1	1	17	4	0	4	+T
II	3838101	C	*/-A	3	5	55.56%	1	2	37	37	0.98	1	1	3	0	4	1	-A
II	3838912	T	*/-A	12	4	22.22%	2	1	40	43	0.98	1	1	8	4	0	4	-A
II	3856896	A	*/-T	12	3	15.79%	2	1	36	37	0.98	1	1	9	3	3	0	-T
II	3856896	A	*/-TT	12	2	10.53%	2	1	36	37	0.98	1	1	9	3	0	2	-T
II	3856896	A	*/-TTT	12	2	10.53%	2	2	36	55	0.98	1	1	9	3	1	1	-T
II	3860185	C	*/-TAGTA	23	17	38.64%	2	2	45	45	0.98	1	1	4	19	13	4	-TAGTA
II	3883700	A	*/+AT	7	4	33.33%	2	2	45	37	0.98	1	1	5	2	2	2	+AT
II	3954039	C	*/-T	18	3	10.34%	2	2	41	37	0.98	1	1	13	5	2	1	-T
II	3954039	C	*/+T	18	6	20.69%	2	1	41	42	0.98	1	1	13	5	6	0	+T
II	3975235	C	*/-A	21	10	23.26%	2	2	43	40	0.98	1	1	16	5	9	1	-A
II	3975235	C	*/-AA	21	4	9.3%	2	1	43	37	0.98	1	1	16	5	4	0	-A
II	3975235	C	*/+A	21	7	16.28%	2	2	43	36	0.98	1	1	16	5	5	2	+A
II	3983331	G	*/-TA	39	3	7.14%	2	1	42	37	0.98	1	1	13	26	0	3	-TA
II	4006982	C	*/-A	11	4	21.05%	2	2	34	34	0.98	1	1	8	3	3	1	-A
II	4006982	C	*/-AA	11	2	10.53%	2	2	34	31	0.98	1	1	8	3	1	1	-A
II	4011156	G	*/+A	18	2	10%	2	2	41	42	0.98	1	1	15	3	1	1	+A
II	4031460	A	*/+TT	3	3	33.33%	1	1	40	33	0.98	1	1	3	0	3	0	+TT
II	4096632	T	*/-A	12	2	14.29%	2	2	40	37	0.98	1	1	6	6	1	1	-A
II	4156942	A	*/-T	7	3	27.27%	2	1	37	49	0.98	1	1	5	2	0	3	-T
II	4249637	A	*/-AT	25	4	13.79%	2	2	46	55	0.98	1	1	11	14	2	2	-AT
II	4254960	G	-A/-A	1	24	96%	1	2	37	47	0.98	1	1	1	0	12	12	-A
II	4290954	G	*/+A	16	2	11.11%	2	1	49	49	0.98	1	1	11	5	2	0	+A
II	4308414	C	*/+A	5	6	46.15%	2	2	36	49	0.98	1	1	4	1	3	3	+A
II	4315564	C	*/-T	28	3	9.09%	2	2	41	36	0.98	1	1	16	12	2	1	-T
II	4315564	C	*/+T	28	2	6.06%	2	1	41	37	0.98	1	1	16	12	2	0	-T
II	4419921	T	*/+A	5	4	36.36%	2	2	47	37	0.98	1	1	4	1	3	1	+A
II	4442228	A	*/+T	28	2	6.67%	2	1	42	31	0.98	1	1	12	16	2	0	+T
II	4462508	C	*/+A	7	2	22.22%	2	1	36	61	0.98	1	1	4	3	2	0	+A
II	4466306	C	*/-AT	29	2	6.25%	2	1	40	37	0.98	1	1	14	15	2	0	-AT
II	4481876	G	*/+T	96	7	6.8%	2	2	45	45	0.98	1	1	44	52	6	1	+T
II	4505641	C	*/-A	22	3	12%	2	1	38	45	0.98	1	1	14	8	3	0	-A
II	4505758	C	*/-T	11	2	15.38%	2	1	39	25	0.98	1	1	8	3	0	2	-T
II	4516522	A	*/+T	44	3	6.38%	2	1	42	37	0.98	1	1	22	22	0	3	+T
II	4517047	T	*/+TACTCATC	58	14	18.92%	2	2	47	40	0.98	1	1	38	20	11	3	+TACTCATC
II	4521677	T	*/-AA	9	8	42.11%	2	2	42	44	0.98	1	1	7	2	4	4	-AA
II	4525340	G	*/+T	43	8	15.38%	2	2	41	37	0.98	1	1	26	17	5	3	+T
II	4526174	A	*/-T	29	2	6.45%	2	2	38	31	0.98	1	1	20	9	1	1	-T
II	4526843	C	*/-T	11	3	13.64%	2	2	34	33	0.98	1	1	6	5	2	1	-T
II	4526843	C	*/-TT	11	2	9.09%	2	1	34	31	0.98	1	1	6	5	0	2	-T
II	4526843	C	*/-TTT	11	4	18.18%	2	2	34	52	0.98	1	1	6	5	3	1	-TTT
II	4528465	C	*/+GACAAT	54	12	18.18%	2	2	45	48	0.98	1	1	21	33	8	4	+GACAAT
II	4529375	T	*/+ACAACGACAACGACAACG	50	4	5.97%	2	2	47	37	0.98	1	1	31	19	2	2	+ACAACGACAACGACAACG
II	4529375	T	*/+ACAACGACAACGACAACGACAACG	50	10	14.93%	2	2	47	40	0.98	1	1	31	19	5	5	+ACAACGACAACGACAACGACAACG
II	4533588	C	*/-T	57	22	27.85%	2	2	43	39	0.98	1	1	26	31	11	11	-T
II	4534880	A	*/-T	99	29	22.66%	2	2	45	45	0.98	1	1	44	55	9	20	-T
II	4535523	T	*/+GTTACG	183	48	20.78%	2	2	40	44	0.98	1	1	61	122	13	35	+GTTACG
II	4535548	A	*/-TATGTG	190	40	17.32%	2	2	40	41	0.98	1	1	71	119	20	20	-TATGTG
II	4535645	G	*/-T	124	52	29.55%	2	2	47	41	0.98	1	1	70	54	24	28	-T
II	4537213	G	*/+T	167	64	27.59%	2	2	48	48	0.98	1	1	101	66	43	21	+T
II	4537387	A	*/-AATAAGAG	108	62	36.47%	2	2	41	44	0.98	1	1	61	47	36	26	-AATAAGAG
III	1558	G	*/-A	45	30	36.59%	2	2	38	41	0.98	1	1	22	23	9	21	-A
III	1558	G	*/+A	45	5	6.1%	2	1	38	53	0.98	1	1	22	23	5	0	-A
III	4729	A	*/-T	520	149	20.36%	2	2	44	45	0.98	1	1	345	175	60	89	-T
III	4729	A	*/+T	520	39	5.33%	2	2	44	47	0.98	1	1	345	175	11	28	-T
III	4952	C	*/+T	531	88	14.04%	2	2	39	44	0.98	1	1	338	193	28	60	+T
III	5403	C	*/-T	373	145	24.79%	2	2	38	38	0.98	1	1	279	94	91	54	-T
III	5403	C	*/-TT	373	30	5.13%	2	2	38	40	0.98	1	1	279	94	16	14	-T
III	9768	T	*/-A	268	33	10%	2	2	44	43	0.98	1	1	104	164	17	16	-A
III	9768	T	*/+AA	268	26	7.88%	2	2	44	44	0.98	1	1	104	164	8	18	-A
III	12428	G	*/-A	70	38	29.92%	2	2	40	46	0.98	1	1	38	32	21	17	-A
III	12428	G	*/+A	70	9	7.09%	2	2	40	34	0.98	1	1	38	32	3	6	-A
III	15599	A	*/-T	487	138	20.06%	2	2	42	46	0.98	1	1	327	160	59	79	-T
III	15599	A	*/+T	487	37	5.38%	2	2	42	46	0.98	1	1	327	160	14	23	-T
III	15822	C	*/+T	499	67	11.78%	2	2	38	46	0.98	1	1	306	193	16	51	+T
III	16273	C	*/-T	367	130	22.22%	2	2	36	40	0.98	1	1	278	89	70	60	-T
III	16273	C	*/-TT	367	36	6.15%	2	2	36	40	0.98	1	1	278	89	19	17	-T
III	20638	T	*/-A	260	40	12.08%	2	2	43	41	0.98	1	1	100	160	13	27	-A
III	20638	T	*/+AA	260	29	8.76%	2	2	43	44	0.98	1	1	100	160	13	16	-A
III	23298	G	*/-A	64	29	27.62%	2	2	38	42	0.98	1	1	33	31	6	23	-A
III	59772	C	*/-A	29	3	9.38%	2	2	43	45	0.98	1	1	14	15	2	1	-A
III	69589	T	*/-A	14	4	21.05%	2	2	44	34	0.98	1	1	4	10	3	1	-A
III	123319	T	*/-A	13	4	22.22%	2	1	42	40	0.98	1	1	9	4	4	0	-A
III	146721	A	*/+GT	31	2	6.06%	2	2	48	74	0.98	1	1	12	19	1	1	+GT
III	207168	T	*/-A	10	4	21.05%	2	1	45	37	0.98	1	1	6	4	4	0	-A
III	207168	T	*/-AA	10	4	21.05%	2	2	45	55	0.98	1	1	6	4	1	3	-A
III	208140	C	*/-A	1	5	62.5%	1	1	37	39	0.98	1	1	1	0	5	0	-A
III	208140	C	*/+A	1	2	25%	1	1	37	42	0.98	1	1	1	0	2	0	-A
III	231502	G	*/+A	12	2	13.33%	2	2	43	37	0.98	1	1	7	5	1	1	+A
III	253907	A	*/-T	2	3	30%	1	1	37	37	0.98	1	1	0	2	3	0	-T
III	253907	A	*/+T	2	3	30%	1	1	37	37	0.98	1	1	0	2	3	0	-T
III	255637	A	*/+T	37	2	5.13%	2	1	44	31	0.98	1	1	17	20	2	0	+T
III	286410	G	*/+T	10	2	16.67%	2	1	41	25	0.98	1	1	6	4	2	0	+T
III	286478	C	-TT/-TT	1	6	85.71%	1	2	37	35	0.98	1	1	0	1	5	1	-TT
III	286594	T	*/-A	3	2	14.29%	2	1	37	37	0.98	1	1	1	2	0	2	-A
III	286594	T	*/+A	3	5	35.71%	2	2	37	37	0.98	1	1	1	2	4	1	+A
III	286594	T	*/+AA	3	3	21.43%	2	2	37	37	0.98	1	1	1	2	2	1	+A
III	293096	G	*/-T	14	3	14.29%	2	2	40	32	0.98	1	1	10	4	1	2	-T
III	293096	G	*/+T	14	2	9.52%	2	1	40	37	0.98	1	1	10	4	0	2	-T
III	348685	G	*/-AT	53	3	5.36%	2	2	41	37	0.98	1	1	33	20	2	1	-AT
III	365747	C	-A/-A	1	10	90.91%	1	2	37	42	0.98	1	1	1	0	7	3	-A
III	717677	A	*/-T	1	9	56.25%	1	2	74	37	0.98	1	1	1	0	5	4	-T
III	717677	A	*/-TT	1	6	37.5%	1	2	74	41	0.98	1	1	1	0	2	4	-T
III	719955	A	-C/-C	0	10	100%	0	2	0	48	0.98	0	1	0	0	4	6	-C
III	720683	A	+T/+T	1	10	90.91%	1	2	37	34	0.98	1	1	1	0	4	6	+T
III	762516	T	*/-A	11	4	25%	2	2	46	43	0.98	1	1	7	4	1	3	-A
III	791950	C	*/+T	27	2	6.9%	2	1	43	43	0.98	1	1	14	13	0	2	+T
III	792469	C	*/+A	20	2	9.09%	2	1	43	37	0.98	1	1	9	11	2	0	+A
III	819663	C	*/-T	20	2	8.7%	2	1	40	55	0.98	1	1	9	11	0	2	-T
III	822701	G	*/+T	20	4	16.67%	2	2	43	46	0.98	1	1	10	10	2	2	+T
III	827251	C	*/-T	10	2	15.38%	2	2	39	37	0.98	1	1	3	7	1	1	-T
III	867865	C	-T/-T	0	18	100%	0	2	0	35	0.98	0	1	0	0	12	6	-T
III	897531	C	*/+A	7	15	65.22%	2	2	40	51	0.98	1	1	4	3	9	6	+A
III	898665	T	*/-A	26	3	10%	2	2	36	37	0.98	1	1	11	15	2	1	-A
III	947183	T	*/-A	22	2	8.33%	2	2	44	55	0.98	1	1	8	14	1	1	-A
III	947349	T	+G/+G	0	16	100%	0	2	0	50	0.98	0	1	0	0	9	7	+G
III	966124	G	*/-T	18	4	13.79%	2	2	38	52	0.98	1	1	17	1	2	2	-T
III	966124	G	*/-TT	18	4	13.79%	2	1	38	37	0.98	1	1	17	1	4	0	-T
III	966124	G	*/+T	18	2	6.9%	2	1	38	37	0.98	1	1	17	1	2	0	-T
III	969023	G	*/-T	12	2	14.29%	2	1	39	37	0.98	1	1	9	3	2	0	-T
III	970892	C	*/-T	9	6	37.5%	2	1	41	41	0.98	1	1	5	4	6	0	-T
III	996949	A	*/+T	14	2	11.11%	2	1	41	55	0.98	1	1	9	5	0	2	+T
III	1016311	G	+C/+C	1	27	96.43%	1	2	37	43	0.98	1	1	0	1	12	15	+C
III	1044612	C	*/+T	8	2	20%	2	1	41	62	0.98	1	1	5	3	2	0	+T
III	1057014	T	*/+C	28	8	22.22%	2	2	42	37	0.98	1	1	14	14	4	4	+C
III	1073505	T	*/+ATATAGAG	115	8	6.35%	2	2	49	54	0.98	1	1	77	38	5	3	+ATATAGAG
III	1075530	A	*/+TGGAAGTGGTAAG	99	7	6.54%	2	2	44	43	0.98	1	1	37	62	1	6	+TGGAAGTGGTAAG
III	1079346	A	*/+G	95	9	8.65%	2	2	43	38	0.98	1	1	74	21	8	1	+G
III	1080146	T	*/+ATATAGAG	232	15	5.98%	2	2	40	41	0.98	1	1	67	165	12	3	+ATATAGAG
III	1084026	A	*/+AGTGGTGATGGTT	59	7	10.45%	2	2	40	35	0.98	1	1	21	38	5	2	+AGTGGTGATGGTT
III	1084160	T	*/-AAGTGGA	31	4	11.43%	2	2	41	40	0.98	1	1	9	22	2	2	-AAGTGGA
III	1087979	A	*/+G	69	5	6.76%	2	2	46	56	0.98	1	1	41	28	4	1	+G
III	1094042	C	*/-A	17	2	10.53%	2	1	46	37	0.98	1	1	12	5	2	0	-A
III	1095550	G	*/-T	14	5	20.83%	2	2	40	44	0.98	1	1	8	6	2	3	-T
III	1095550	G	*/+T	14	2	8.33%	2	1	40	37	0.98	1	1	8	6	2	0	-T
III	1103423	T	*/-A	18	3	11.54%	2	2	40	37	0.98	1	1	12	6	1	2	-A
III	1103423	T	*/-AA	18	3	11.54%	2	2	40	33	0.98	1	1	12	6	1	2	-A
III	1103423	T	*/+A	18	2	7.69%	2	1	40	37	0.98	1	1	12	6	2	0	-A
III	1110963	T	*/+C	66	5	7.04%	2	2	40	44	0.98	1	1	32	34	2	3	+C
III	1114778	C	*/-TTCCACT	39	8	17.02%	2	2	44	44	0.98	1	1	24	15	4	4	-TTCCACT
III	1114914	T	*/+ACCACTAACCATC	50	6	10.53%	2	2	38	35	0.98	1	1	33	17	2	4	+ACCACTAACCATC
III	1117723	T	*/+C	66	4	5.71%	2	2	43	55	0.98	1	1	34	32	1	3	+C
III	1121538	C	*/-TTCCACT	33	5	13.16%	2	2	44	37	0.98	1	1	18	15	3	2	-TTCCACT
III	1121674	T	*/+ACCACTAACCATC	48	6	10.91%	2	2	42	37	0.98	1	1	30	18	4	2	+ACCACTAACCATC
III	1128298	C	*/-TTCCACT	38	4	9.52%	2	2	42	58	0.98	1	1	25	13	2	2	-TTCCACT
III	1128356	C	*/-T	18	3	14.29%	2	2	45	37	0.98	1	1	11	7	1	2	-T
III	1128369	C	*/-T	23	3	11.11%	2	2	45	33	0.98	1	1	16	7	1	2	-T
III	1128434	T	*/+ACCACTAACCATC	45	6	11.76%	2	2	42	47	0.98	1	1	33	12	4	2	+ACCACTAACCATC
III	1135058	C	*/-TTCCACT	32	5	13.51%	2	2	46	51	0.98	1	1	14	18	3	2	-TTCCACT
III	1135115	A	*/-C	14	2	12.5%	2	1	42	31	0.98	1	1	5	9	0	2	-C
III	1135116	C	*/-T	11	2	15.38%	2	1	43	37	0.98	1	1	5	6	0	2	-T
III	1135129	C	*/-T	23	2	8%	2	1	45	37	0.98	1	1	12	11	0	2	-T
III	1135194	T	*/+ACCACTAACCATC	51	3	5.56%	2	2	43	49	0.98	1	1	34	17	1	2	+ACCACTAACCATC
III	1252505	G	*/+T	11	2	13.33%	1	1	36	37	0.98	1	1	11	0	2	0	+T
III	1338638	T	*/+A	22	5	18.52%	2	1	43	44	0.98	1	1	9	13	0	5	+A
III	1395671	C	*/-A	11	2	12.5%	2	2	34	55	0.98	1	1	6	5	1	1	-A
III	1395671	C	*/+A	11	3	18.75%	2	2	34	37	0.98	1	1	6	5	1	2	+A
III	1421567	T	*/+G	3	3	42.86%	1	1	33	33	0.98	1	1	3	0	3	0	+G
III	1510629	T	*/+A	5	6	42.86%	2	2	39	41	0.98	1	1	4	1	4	2	+A
III	1543303	T	*/-A	25	2	7.41%	2	2	40	61	0.98	1	1	11	14	1	1	-A
III	1547169	C	*/+A	6	2	22.22%	2	1	43	37	0.98	1	1	4	2	2	0	+A
III	1581366	G	*/-T	18	2	9.09%	2	2	39	55	0.98	1	1	6	12	1	1	-T
III	1581366	G	*/+T	18	2	9.09%	2	1	39	37	0.98	1	1	6	12	2	0	-T
III	1594933	T	*/-A	12	2	11.76%	2	1	48	37	0.98	1	1	3	9	0	2	-A
III	1594933	T	*/-AA	12	2	11.76%	2	1	48	31	0.98	1	1	3	9	2	0	-A
III	1595304	G	*/-A	12	2	14.29%	2	2	48	55	0.98	1	1	5	7	1	1	-A
III	1609231	T	*/-A	21	2	8.33%	2	1	48	49	0.98	1	1	6	15	0	2	-A
III	1660168	T	+A/+A	1	14	93.33%	1	2	74	40	0.98	1	1	1	0	11	3	+A
III	1674617	T	*/-C	21	2	8.7%	2	1	39	37	0.98	1	1	8	13	0	2	-C
III	1674618	C	*/-T	6	5	33.33%	2	2	32	39	0.98	1	1	3	3	3	2	-T
III	1674618	C	*/-TT	6	2	13.33%	2	1	32	25	0.98	1	1	3	3	2	0	-T
III	1685487	G	+A/+A	1	20	95.24%	1	2	37	43	0.98	1	1	0	1	6	14	+A
III	1691065	C	-T/-T	0	22	100%	0	2	0	42	0.98	0	1	0	0	15	7	-T
III	1702276	A	*/+T	24	3	10.34%	2	2	40	37	0.98	1	1	11	13	1	2	+T
III	1712983	G	*/-A	4	4	44.44%	1	2	37	31	0.98	1	1	4	0	3	1	-A
III	1718427	G	*/-T	13	2	12.5%	2	1	41	37	0.98	1	1	8	5	2	0	-T
III	1731050	C	*/+TT	12	5	27.78%	2	2	41	44	0.98	1	1	4	8	2	3	+TT
III	1756400	T	-A/-A	0	26	100%	0	2	0	44	0.98	0	1	0	0	11	15	-A
III	1774235	T	+GATC/+GATC	3	26	86.67%	2	2	49	46	0.98	1	1	2	1	18	8	+GATC
III	1790165	C	*/-T	13	2	13.33%	2	2	45	49	0.98	1	1	5	8	1	1	-T
III	1802522	G	*/-T	14	3	16.67%	2	2	40	37	0.98	1	1	10	4	2	1	-T
III	1833132	C	*/-T	20	2	9.09%	2	2	40	37	0.98	1	1	14	6	1	1	-T
III	1925626	C	*/-A	4	2	22.22%	2	2	46	42	0.98	1	1	3	1	1	1	-A
III	1925626	C	*/-AA	4	2	22.22%	2	2	46	37	0.98	1	1	3	1	1	1	-A
III	1947823	A	*/-T	19	3	13.04%	2	2	39	53	0.98	1	1	15	4	2	1	-T
III	1979604	A	*/-T	6	2	20%	2	2	43	55	0.98	1	1	3	3	1	1	-T
III	1985119	G	*/-T	12	2	13.33%	2	2	40	37	0.98	1	1	7	5	1	1	-T
III	2028192	T	*/-A	12	2	14.29%	2	1	35	37	0.98	1	1	11	1	2	0	-A
III	2043165	G	*/-A	7	2	22.22%	2	1	42	37	0.98	1	1	5	2	2	0	-A
III	2067838	T	*/-A	5	2	25%	2	1	33	25	0.98	1	1	4	1	2	0	-A
III	2076412	G	*/-T	6	5	45.45%	2	2	38	53	0.98	1	1	3	3	3	2	-T
III	2113205	C	*/-T	10	4	23.53%	2	2	38	40	0.98	1	1	8	2	1	3	-T
III	2113205	C	*/-TT	10	3	17.65%	2	2	38	37	0.98	1	1	8	2	1	2	-T
III	2149308	C	*/-AT	26	3	10.34%	2	1	42	40	0.98	1	1	11	15	3	0	-AT
III	2157938	C	*/+T	20	2	8.7%	2	2	37	37	0.98	1	1	11	9	1	1	+T
III	2178240	T	*/-A	20	2	9.09%	2	2	34	31	0.98	1	1	12	8	1	1	-A
III	2240594	C	*/+A	11	2	15.38%	2	2	47	37	0.98	1	1	9	2	1	1	+A
III	2257353	C	*/+A	22	3	11.54%	2	2	47	37	0.98	1	1	15	7	2	1	+A
III	2270459	C	*/-A	11	3	21.43%	2	2	43	33	0.98	1	1	9	2	2	1	-A
III	2281940	C	*/-T	15	2	11.76%	2	1	38	55	0.98	1	1	14	1	0	2	-T
III	2352293	A	*/+GGG	0	2	50%	0	1	0	37	0.98	0	1	0	0	2	0	+GGG
III	2376654	G	*/+A	13	2	12.5%	2	2	38	36	0.98	1	1	6	7	1	1	+A
III	2382018	A	*/-T	7	4	33.33%	2	2	38	46	0.98	1	1	4	3	3	1	-T
III	2420241	T	*/-A	7	5	38.46%	2	2	43	34	0.98	1	1	6	1	1	4	-A
III	2443562	A	*/+T	7	15	68.18%	2	1	40	36	0.98	1	1	1	6	0	15	+T
III	2447848	T	*/-A	625	217	20.85%	2	2	40	39	0.98	1	1	478	147	157	60	-A
III	2447848	T	*/-AA	625	107	10.28%	2	2	40	39	0.98	1	1	478	147	75	32	-A
III	2447848	T	*/+A	625	66	6.34%	2	2	40	39	0.98	1	1	478	147	48	18	-A
III	2448309	T	-AA/-AA	67	657	89.75%	2	2	39	40	0.98	1	1	48	19	264	393	-AA
III	2448518	T	*/-A	798	229	19.36%	2	2	44	43	0.98	1	1	566	232	161	68	-A
III	2448518	T	*/-AA	798	63	5.33%	2	2	44	44	0.98	1	1	566	232	44	19	-A
III	2448518	T	*/+A	798	79	6.68%	2	2	44	42	0.98	1	1	566	232	60	19	+A
