Chrom	Position	Ref	Cons	Reads1	Reads2	VarFreq	Strands1	Strands2	Qual1	Qual2	Pvalue	MapQual1	MapQual2	Reads1Plus	Reads1Minus	Reads2Plus	Reads2Minus	VarAllele
chr_II_telomeric_gap	5518	A	*/+T	18	2	10%	2	1	41	55	0.98	1	1	10	8	2	0	+T
chr_II_telomeric_gap	6301	C	*/-AT	20	2	9.09%	2	1	52	55	0.98	1	1	9	11	0	2	-AT
chr_II_telomeric_gap	8538	G	*/-A	4	2	33.33%	1	1	29	37	0.98	1	1	4	0	2	0	-A
I	3042	G	*/+AT	81	5	5.75%	2	2	48	37	0.98	1	1	39	42	1	4	+AT
I	3160	A	*/+GTTGTCGTTGTCGTTGTC	35	9	18%	2	2	47	45	0.98	1	1	16	19	5	4	+GTTGTCGTTGTCGTTGTC
I	3160	A	*/+GTTGTCGTTGTCGTTGTCGTTGTC	35	5	10%	2	2	47	51	0.98	1	1	16	19	1	4	+GTTGTCGTTGTCGTTGTC
I	4047	C	*/-TGTCTCTGTCAT	51	8	13.56%	2	2	43	49	0.98	1	1	24	27	1	7	-TGTCTCTGTCAT
I	4053	C	*/+TGTCAT	40	10	20%	2	2	40	51	0.98	1	1	20	20	4	6	+TGTCAT
I	5674	T	*/-G	35	2	5.41%	2	1	41	31	0.98	1	1	28	7	0	2	-G
I	5677	G	*/-A	15	4	12.12%	2	2	38	34	0.98	1	1	14	1	3	1	-A
I	5677	G	*/-AA	15	5	15.15%	2	2	38	46	0.98	1	1	14	1	4	1	-AA
I	5677	G	*/-AAA	15	2	6.06%	2	1	38	42	0.98	1	1	14	1	2	0	-AA
I	5677	G	*/+A	15	4	12.12%	2	1	38	46	0.98	1	1	14	1	4	0	+A
I	6357	T	*/-AA	26	8	22.86%	2	2	45	35	0.98	1	1	11	15	4	4	-AA
I	7192	C	*/-A	22	3	8.33%	2	2	40	33	0.98	1	1	17	5	2	1	A
I	7192	C	*/+A	22	6	16.67%	2	2	40	33	0.98	1	1	17	5	4	2	+A
I	10859	G	*/-TT	6	5	45.45%	2	2	45	44	0.98	1	1	2	4	2	3	-TT
I	15734	C	*/-A	12	6	30%	2	2	40	49	0.98	1	1	10	2	3	3	-A
I	15734	C	*/+A	12	2	10%	2	2	40	31	0.98	1	1	10	2	1	1	-A
I	19694	T	*/+A	27	8	22.86%	2	1	53	37	0.98	1	1	15	12	8	0	+A
I	27402	A	*/+C	20	3	13.04%	2	1	37	33	0.98	1	1	3	17	0	3	+C
I	28398	A	*/+C	51	8	13.56%	2	2	45	60	0.98	1	1	16	35	5	3	+C
I	28467	C	*/+A	31	3	8.82%	2	1	47	74	0.98	1	1	16	15	0	3	+A
I	55244	T	*/-A	6	3	23.08%	2	1	38	40	0.98	1	1	3	3	3	0	-A
I	55244	T	*/+A	6	2	15.38%	2	1	38	55	0.98	1	1	3	3	2	0	-A
I	98884	C	*/+A	135	11	7.53%	2	2	48	64	0.98	1	1	74	61	6	5	+A
I	101871	A	+G/+G	0	23	95.83%	0	2	0	51	0.98	0	1	0	0	11	12	+G
I	210119	C	*/+AA	28	2	6.67%	2	1	49	37	0.98	1	1	15	13	2	0	+AA
I	216147	C	*/-T	7	3	30%	2	2	56	36	0.98	1	1	4	3	1	2	-T
I	441614	C	*/-T	3	2	22.22%	2	1	37	37	0.98	1	1	2	1	2	0	-T
I	441614	C	*/-TT	3	3	33.33%	2	1	37	37	0.98	1	1	2	1	3	0	-TT
I	453369	G	*/+A	5	2	28.57%	2	2	42	55	0.98	1	1	4	1	1	1	+A
I	470378	A	-C/-C	0	8	100%	0	2	0	38	0.98	0	1	0	0	6	2	-C
I	470390	A	-C/-C	0	10	100%	0	2	0	46	0.98	0	1	0	0	6	4	-C
I	482737	A	+G/+G	0	18	81.82%	0	2	0	43	0.98	0	1	0	0	11	7	+G
I	486159	G	*/-A	10	2	16.67%	2	2	43	31	0.98	1	1	6	4	1	1	-A
I	528541	C	*/-A	5	2	28.57%	2	1	39	42	0.98	1	1	2	3	2	0	-A
I	554527	A	+T/+T	1	6	75%	1	2	74	33	0.98	1	1	0	1	3	3	+T
I	562745	A	*/+T	7	4	33.33%	2	2	40	37	0.98	1	1	4	3	2	2	+T
I	661548	C	*/-T	8	2	20%	2	2	37	31	0.98	1	1	3	5	1	1	-T
I	670032	C	+A/+A	2	34	94.44%	2	2	55	52	0.98	1	1	1	1	12	22	+A
I	682993	T	-C/-C	0	36	100%	0	2	0	51	0.98	0	1	0	0	13	23	-C
I	719597	G	*/-TA	34	2	5.56%	2	2	49	42	0.98	1	1	13	21	1	1	-TA
I	765477	A	*/-T	5	3	37.5%	2	2	37	49	0.98	1	1	2	3	1	2	-T
I	792739	C	*/+T	7	4	36.36%	2	2	52	37	0.98	1	1	4	3	2	2	+T
I	862962	C	+T/+T	0	9	90%	0	2	0	52	0.98	0	1	0	0	3	6	+T
I	934908	T	*/+AA	5	2	25%	1	1	42	55	0.98	1	1	5	0	0	2	+AA
I	960025	G	*/+T	4	4	40%	2	1	37	34	0.98	1	1	3	1	4	0	+T
I	960025	G	*/+TT	4	2	20%	2	1	37	37	0.98	1	1	3	1	2	0	+T
I	997233	G	*/-T	12	2	14.29%	2	1	45	55	0.98	1	1	5	7	2	0	-T
I	1027635	T	*/-A	5	2	22.22%	1	1	39	37	0.98	1	1	5	0	2	0	-A
I	1048635	G	*/+A	3	9	69.23%	2	2	45	40	0.98	1	1	2	1	6	3	+A
I	1185797	G	*/-A	2	4	44.44%	1	2	37	42	0.98	1	1	2	0	3	1	-A
I	1185797	G	*/+A	2	2	22.22%	1	1	37	42	0.98	1	1	2	0	0	2	-A
I	1206603	G	*/-T	18	3	13.04%	2	1	50	37	0.98	1	1	10	8	3	0	-T
I	1206603	G	*/+T	18	2	8.7%	2	1	50	55	0.98	1	1	10	8	0	2	-T
I	1254655	T	*/+A	11	2	14.29%	2	1	42	37	0.98	1	1	10	1	2	0	+A
I	1274803	T	+A/+A	0	8	100%	0	2	0	46	0.98	0	1	0	0	6	2	+A
I	1288167	G	*/+C	11	2	15.38%	2	1	47	37	0.98	1	1	6	5	2	0	+C
I	1290605	A	*/-T	5	2	28.57%	2	1	44	42	0.98	1	1	1	4	2	0	-T
I	1424708	C	-A/-A	1	17	94.44%	1	2	37	53	0.98	1	1	1	0	11	6	-A
I	1496317	C	-A/-A	1	9	81.82%	1	2	37	46	0.98	1	1	1	0	6	3	-A
I	1509277	C	*/+T	7	4	36.36%	1	1	49	39	0.98	1	1	7	0	4	0	+T
I	1541472	G	*/+T	8	2	20%	2	2	47	31	0.98	1	1	7	1	1	1	+T
I	1595056	C	*/+T	7	2	20%	2	1	34	42	0.98	1	1	5	2	2	0	+T
I	1625092	T	+C/+C	1	6	85.71%	1	2	25	49	0.98	1	1	0	1	4	2	+C
I	1667828	C	*/-CT	25	5	16.67%	2	2	41	44	0.98	1	1	12	13	4	1	-CT
I	1777634	A	*/-T	3	3	30%	1	1	33	29	0.98	1	1	0	3	3	0	-T
I	1777634	A	*/+T	3	3	30%	1	2	33	37	0.98	1	1	0	3	1	2	-T
I	1830464	C	*/+T	17	2	9.52%	2	2	48	37	0.98	1	1	7	10	1	1	+T
I	1830464	C	*/+TT	17	2	9.52%	2	2	48	68	0.98	1	1	7	10	1	1	+T
I	1849285	C	*/-T	24	2	7.14%	2	2	47	37	0.98	1	1	9	15	1	1	-T
I	1849285	C	*/+T	24	2	7.14%	2	1	47	55	0.98	1	1	9	15	2	0	-T
I	1890184	C	*/-A	3	2	33.33%	2	1	40	55	0.98	1	1	2	1	2	0	-A
I	1936294	G	+A/+A	1	10	90.91%	1	2	37	40	0.98	1	1	0	1	6	4	+A
I	1952313	A	+T/+T	0	15	100%	0	2	0	41	0.98	0	1	0	0	10	5	+T
I	1954162	C	*/-AA	11	2	14.29%	2	2	40	42	0.98	1	1	8	3	1	1	-AA
I	1955754	C	*/+T	0	2	50%	0	1	0	31	0.98	0	1	0	0	2	0	+T
I	2025000	C	*/+T	2	3	42.86%	1	1	48	37	0.98	1	1	2	0	3	0	+T
I	2041948	T	*/-A	6	2	22.22%	1	1	31	37	0.98	1	1	6	0	2	0	-A
I	2052488	A	*/-T	7	5	38.46%	2	2	49	44	0.98	1	1	6	1	4	1	-T
I	2139856	G	+T/+T	0	4	100%	0	1	0	34	0.98	0	1	0	0	4	0	+T
I	2154491	T	+A/+A	0	10	100%	0	2	0	45	0.98	0	1	0	0	4	6	+A
I	2174555	C	*/-A	6	3	27.27%	2	1	34	53	0.98	1	1	3	3	3	0	-A
I	2174555	C	*/-AA	6	2	18.18%	2	1	34	31	0.98	1	1	3	3	0	2	-A
I	2178948	C	*/-A	20	2	8.7%	2	1	38	37	0.98	1	1	18	2	2	0	-A
I	2227936	T	*/+AAA	1	4	44.44%	1	2	37	48	0.98	1	1	1	0	1	3	+AAA
I	2227936	T	*/+AAAA	1	2	22.22%	1	1	37	31	0.98	1	1	1	0	0	2	+AAA
I	2245479	T	*/-C	11	4	23.53%	2	2	40	37	0.98	1	1	4	7	1	3	-C
I	2245479	T	*/+C	11	2	11.76%	2	2	40	55	0.98	1	1	4	7	1	1	-C
I	2273201	T	*/-A	4	2	28.57%	2	2	34	31	0.98	1	1	3	1	1	1	-A
I	2279763	A	*/+T	8	2	18.18%	2	1	40	37	0.98	1	1	6	2	2	0	+T
I	2288240	C	-G/-G	0	15	100%	0	2	0	47	0.98	0	1	0	0	10	5	-G
I	2292695	C	*/-T	11	2	15.38%	2	1	40	31	0.98	1	1	9	2	2	0	-T
I	2322635	T	*/-C	12	2	14.29%	1	1	44	23	0.98	1	1	12	0	0	2	-C
I	2322636	C	*/-A	8	4	30.77%	1	1	43	43	0.98	1	1	8	0	4	0	-A
I	2343703	G	+A/+A	0	9	100%	0	2	0	41	0.98	0	1	0	0	3	6	+A
I	2421576	A	-C/-C	0	15	100%	0	2	0	50	0.98	0	1	0	0	8	7	-C
I	2443651	C	*/-A	7	2	18.18%	2	2	37	74	0.98	1	1	6	1	1	1	-A
I	2443651	C	*/+A	7	2	18.18%	2	2	37	42	0.98	1	1	6	1	1	1	-A
I	2499149	A	-T/-T	0	17	100%	0	2	0	43	0.98	0	1	0	0	11	6	-T
I	2507462	T	+A/+A	0	22	100%	0	2	0	37	0.98	0	1	0	0	11	11	+A
I	2510060	T	+A/+A	0	17	100%	0	2	0	42	0.98	0	1	0	0	8	9	+A
I	2520612	G	*/+T	14	2	11.76%	2	1	49	68	0.98	1	1	10	4	0	2	+T
I	2525713	C	*/-T	7	3	27.27%	2	2	35	41	0.98	1	1	6	1	2	1	-T
I	2553821	A	*/+T	27	2	6.9%	2	1	46	74	0.98	1	1	14	13	2	0	+T
I	2588021	C	+A/+A	0	4	100%	0	2	0	31	0.98	0	1	0	0	3	1	+A
I	2588066	C	+A/+A	0	4	100%	0	2	0	37	0.98	0	1	0	0	3	1	+A
I	2594263	C	+T/+T	0	6	100%	0	2	0	49	0.98	0	1	0	0	1	5	+T
I	2594324	T	+A/+A	0	13	100%	0	2	0	42	0.98	0	1	0	0	8	5	+A
I	2594351	T	+A/+A	1	11	84.62%	1	2	37	46	0.98	1	1	0	1	8	3	+A
I	2594391	A	+T/+T	2	11	84.62%	2	2	37	42	0.98	1	1	1	1	10	1	+T
I	2605860	G	-T/-T	2	13	86.67%	1	2	61	47	0.98	1	1	2	0	2	11	-T
I	2607669	A	+T/+T	1	17	94.44%	1	2	37	43	0.98	1	1	0	1	8	9	+T
I	2683902	T	-C/-C	0	7	100%	0	2	0	35	0.98	0	1	0	0	2	5	-C
I	2747027	T	*/-A	8	2	16.67%	2	1	41	37	0.98	1	1	7	1	2	0	-A
I	2751236	T	-A/-A	2	12	80%	1	2	31	46	0.98	1	1	2	0	2	10	-A
I	2759871	T	*/+C	1	8	72.73%	1	2	37	44	0.98	1	1	0	1	3	5	+C
I	3033347	C	*/-T	12	2	11.11%	2	1	40	37	0.98	1	1	10	2	2	0	-T
I	3033347	C	*/+T	12	4	22.22%	2	2	40	46	0.98	1	1	10	2	1	3	+T
I	3084527	A	*/+AGT	28	4	12.5%	2	2	46	64	0.98	1	1	13	15	2	2	+AGT
I	3125118	A	+T/+T	0	7	100%	0	2	0	47	0.98	0	1	0	0	4	3	+T
I	3144699	T	*/-A	7	2	18.18%	2	1	38	37	0.98	1	1	4	3	2	0	-A
I	3147300	A	*/-T	31	2	6.06%	2	2	50	37	0.98	1	1	24	7	1	1	-T
I	3159187	C	*/-CA	38	4	9.3%	2	2	50	46	0.98	1	1	13	25	1	3	-CA
I	3159994	C	*/-T	42	7	13.73%	2	2	42	44	0.98	1	1	32	10	5	2	-T
I	3166776	G	*/+TTT	4	3	33.33%	2	1	49	40	0.98	1	1	3	1	3	0	+TTT
I	3178494	C	+T/+T	0	7	100%	0	2	0	47	0.98	0	1	0	0	1	6	+T
I	3184255	T	*/-A	5	2	28.57%	2	2	59	49	0.98	1	1	2	3	1	1	-A
I	3197528	A	+G/+G	2	22	88%	2	2	55	48	0.98	1	1	1	1	13	9	+G
I	3301538	C	*/-T	11	2	15.38%	2	2	33	37	0.98	1	1	7	4	1	1	-T
I	3303111	C	*/-T	11	3	21.43%	2	2	43	37	0.98	1	1	7	4	2	1	-T
I	3380404	C	*/+A	10	3	21.43%	2	2	45	41	0.98	1	1	8	2	2	1	+A
I	3380449	C	*/-A	15	2	11.76%	2	1	47	37	0.98	1	1	5	10	0	2	-A
I	3404991	C	*/-T	4	2	28.57%	2	1	34	37	0.98	1	1	3	1	2	0	-T
I	3450130	G	-T/-T	0	12	100%	0	2	0	40	0.98	0	1	0	0	5	7	-T
I	3460318	T	+C/+C	0	11	100%	0	2	0	47	0.98	0	1	0	0	4	7	+C
I	3538413	A	+T/+T	0	6	100%	0	2	0	37	0.98	0	1	0	0	3	3	+T
I	3538428	G	+T/+T	0	8	100%	0	2	0	40	0.98	0	1	0	0	3	5	+T
I	3538436	T	+A/+A	0	7	100%	0	2	0	42	0.98	0	1	0	0	3	4	+A
I	3538449	T	+TA/+TA	1	5	83.33%	1	2	37	44	0.98	1	1	1	0	1	4	+TA
I	3538456	A	+AT/+AT	0	7	100%	0	2	0	36	0.98	0	1	0	0	3	4	+AT
I	3574271	G	*/-A	11	2	15.38%	2	1	44	37	0.98	1	1	9	2	2	0	-A
I	3576929	C	+T/+T	0	8	100%	0	2	0	35	0.98	0	1	0	0	1	7	+T
I	3665610	G	+C/+C	0	38	100%	0	2	0	47	0.98	0	1	0	0	19	19	+C
I	3700385	T	+AA/+AA	1	10	83.33%	1	2	37	41	0.98	1	1	1	0	6	4	+AA
I	3730369	A	+T/+T	0	6	100%	0	2	0	47	0.98	0	1	0	0	3	3	+T
I	3747341	A	*/+C	8	2	20%	2	2	52	74	0.98	1	1	5	3	1	1	+C
I	3765328	C	+T/+T	0	11	91.67%	0	2	0	40	0.98	0	1	0	0	10	1	+T
I	3776933	G	+A/+A	1	8	88.89%	1	2	62	38	0.98	1	1	1	0	1	7	+A
I	3825510	G	*/-T	3	2	33.33%	1	1	61	37	0.98	1	1	3	0	2	0	-T
I	3855790	G	-T/-T	0	10	100%	0	2	0	44	0.98	0	1	0	0	5	5	-T
I	3898271	C	*/-A	11	2	15.38%	2	2	44	37	0.98	1	1	5	6	1	1	-A
I	3940025	G	+T/+T	1	9	90%	1	2	74	46	0.98	1	1	1	0	4	5	+T
I	3984736	A	*/-GGT	87	9	9.38%	2	2	44	37	0.98	1	1	24	63	1	8	-GGT
I	3992188	G	*/+A	10	2	16.67%	2	1	34	37	0.98	1	1	7	3	2	0	+A
I	3992213	A	*/-C	7	3	30%	2	2	45	33	0.98	1	1	3	4	1	2	-C
I	3995023	C	*/-T	1	2	40%	1	1	48	49	0.98	1	1	1	0	2	0	-T
I	3995698	A	*/-GAG	62	4	6.06%	2	2	49	37	0.98	1	1	45	17	2	2	-GAG
I	3996048	G	*/-A	74	7	8.64%	2	2	48	52	0.98	1	1	37	37	2	5	-A
I	4004016	G	*/-T	3	3	37.5%	2	2	37	44	0.98	1	1	2	1	2	1	-T
I	4004016	G	*/-TT	3	2	25%	2	1	37	55	0.98	1	1	2	1	0	2	-T
I	4010237	A	*/-G	9	4	19.05%	2	1	42	34	0.98	1	1	6	3	4	0	-G
I	4010237	A	*/-GG	9	6	28.57%	2	1	42	33	0.98	1	1	6	3	6	0	-GG
I	4055052	T	*/+A	5	10	66.67%	2	2	37	48	0.98	1	1	3	2	8	2	+A
I	4098272	C	*/-T	11	2	15.38%	2	2	45	55	0.98	1	1	6	5	1	1	-T
I	4239381	C	*/-T	9	2	16.67%	2	1	38	55	0.98	1	1	6	3	0	2	-T
I	4241118	G	*/-A	5	2	25%	1	1	44	31	0.98	1	1	5	0	0	2	-A
I	4245182	C	*/+A	15	2	11.76%	2	1	45	37	0.98	1	1	10	5	2	0	+A
I	4276890	G	+T/+T	2	13	81.25%	1	2	68	48	0.98	1	1	2	0	10	3	+T
I	4304169	G	+A/+A	0	9	90%	0	2	0	41	0.98	0	1	0	0	2	7	+A
I	4374342	A	-G/-G	0	26	100%	0	2	0	43	0.98	0	1	0	0	20	6	-G
I	4394766	C	*/+A	6	2	22.22%	2	1	43	37	0.98	1	1	2	4	2	0	+A
I	4407494	T	+G/+G	0	13	86.67%	0	2	0	41	0.98	0	1	0	0	10	3	+G
I	4410191	C	-G/-G	0	15	100%	0	2	0	39	0.98	0	1	0	0	11	4	-G
I	4414723	T	*/+AAAAA	2	3	50%	1	1	37	37	0.98	1	1	2	0	3	0	+AAAAA
I	4421909	A	*/-C	14	2	12.5%	2	2	42	37	0.98	1	1	9	5	1	1	-C
I	4431856	G	+A/+A	4	22	84.62%	2	2	46	40	0.98	1	1	2	2	7	15	+A
I	4431868	C	+A/+A	2	19	90.48%	2	2	37	40	0.98	1	1	1	1	6	13	+A
I	4455149	G	*/+A	4	5	50%	1	2	42	37	0.98	1	1	4	0	4	1	+A
I	4533252	C	*/-T	7	2	20%	2	1	40	31	0.98	1	1	3	4	0	2	-T
I	4648159	T	*/-G	6	14	66.67%	2	2	35	37	0.98	1	1	3	3	11	3	-G
I	4721875	G	+A/+A	1	7	87.5%	1	2	37	37	0.98	1	1	1	0	4	3	+A
I	4764253	G	*/+A	1	8	61.54%	1	2	29	38	0.98	1	1	1	0	6	2	+A
I	4764253	G	*/+AA	1	3	23.08%	1	1	29	56	0.98	1	1	1	0	3	0	+A
I	4778204	T	*/-A	12	2	14.29%	2	1	47	37	0.98	1	1	3	9	0	2	-A
I	4810631	T	*/-A	2	3	60%	1	1	37	37	0.98	1	1	2	0	3	0	-A
I	4882281	C	*/+T	6	2	22.22%	2	2	37	55	0.98	1	1	1	5	1	1	+T
I	4911431	G	*/+T	7	2	22.22%	1	1	37	33	0.98	1	1	7	0	2	0	+T
I	4916623	C	*/-A	2	2	40%	1	2	45	31	0.98	1	1	2	0	1	1	-A
I	4926046	C	*/+T	1	2	50%	1	1	37	37	0.98	1	1	1	0	2	0	+T
I	4952841	A	*/+C	25	2	7.41%	2	2	51	37	0.98	1	1	4	21	1	1	+C
I	4984784	A	*/-T	4	5	45.45%	2	2	31	42	0.98	1	1	2	2	2	3	-T
I	5002717	C	*/+A	12	2	13.33%	2	2	41	31	0.98	1	1	9	3	1	1	+A
I	5060109	A	*/-T	13	3	17.65%	2	1	43	57	0.98	1	1	6	7	3	0	-T
I	5073240	G	*/-A	16	3	15.79%	2	2	44	49	0.98	1	1	6	10	2	1	-A
I	5096442	G	*/-T	6	2	18.18%	2	2	49	43	0.98	1	1	5	1	1	1	-T
I	5142627	A	+G/+G	0	12	100%	0	2	0	44	0.98	0	1	0	0	7	5	+G
I	5148414	T	-A/-A	0	20	95.24%	0	2	0	56	0.98	0	1	0	0	7	13	-A
I	5159554	C	*/-T	11	2	15.38%	2	2	36	61	0.98	1	1	7	4	1	1	-T
I	5173087	C	*/+T	2	5	71.43%	1	1	37	44	0.98	1	1	2	0	0	5	+T
I	5173430	G	*/+T	2	11	73.33%	1	2	37	44	0.98	1	1	2	0	5	6	+T
I	5176926	T	*/+A	1	5	71.43%	1	2	37	49	0.98	1	1	1	0	3	2	+A
I	5266596	A	*/+T	14	2	12.5%	2	2	45	37	0.98	1	1	10	4	1	1	+T
I	5366360	C	*/+A	8	2	20%	2	1	38	37	0.98	1	1	5	3	0	2	+A
I	5368262	T	-C/-C	1	31	96.88%	1	2	37	47	0.98	1	1	0	1	14	17	-C
I	5368273	G	+T/+T	0	31	96.88%	0	2	0	53	0.98	0	1	0	0	11	20	+T
I	5426622	C	*/+T	6	9	56.25%	2	2	40	35	0.98	1	1	5	1	7	2	+T
I	5537573	G	*/+T	24	2	7.69%	2	2	50	49	0.98	1	1	9	15	1	1	+T
I	5555289	T	*/-A	7	3	30%	2	2	63	49	0.98	1	1	4	3	2	1	-A
I	5557287	A	*/-T	5	2	28.57%	1	2	37	42	0.98	1	1	5	0	1	1	-T
I	5567937	C	*/-A	14	3	17.65%	2	1	42	37	0.98	1	1	9	5	3	0	-A
I	5569124	G	*/+GGCTGCTATAATCATTCCCAA	30	2	6.25%	2	1	47	37	0.98	1	1	8	22	0	2	+GGCTGCTATAATCATTCCCAA
I	5572022	A	*/-T	26	2	7.14%	2	1	48	37	0.98	1	1	11	15	0	2	-T
I	5573278	G	*/-TA	76	4	5%	2	2	53	55	0.98	1	1	28	48	3	1	-TA
I	5576850	T	*/-AA	7	5	41.67%	2	2	45	42	0.98	1	1	2	5	2	3	-AA
II	5109	A	*/+C	51	7	12.07%	2	2	45	68	0.98	1	1	12	39	3	4	+C
II	44730	G	*/+C	6	2	25%	2	2	37	37	0.98	1	1	5	1	1	1	+C
II	97220	T	*/+A	17	2	10.53%	2	1	39	74	0.98	1	1	4	13	2	0	+A
II	113240	T	*/-A	10	2	14.29%	2	2	39	37	0.98	1	1	6	4	1	1	-A
II	113240	T	*/+A	10	2	14.29%	2	1	39	37	0.98	1	1	6	4	2	0	-A
II	121588	G	*/+T	5	3	37.5%	2	2	37	74	0.98	1	1	2	3	2	1	+T
II	128001	T	-A/-A	0	12	100%	0	2	0	57	0.98	0	1	0	0	7	5	-A
II	146079	T	-C/-C	0	18	100%	0	2	0	41	0.98	0	1	0	0	10	8	-C
II	229897	A	*/-T	28	7	16.28%	2	2	38	37	0.98	1	1	23	5	6	1	-T
II	229897	A	*/+T	28	6	13.95%	2	2	38	41	0.98	1	1	23	5	5	1	-T
II	257643	C	*/+T	14	2	11.76%	2	1	41	37	0.98	1	1	11	3	2	0	+T
II	320661	G	*/-A	15	4	19.05%	2	2	44	37	0.98	1	1	9	6	2	2	-A
II	320661	G	*/+A	15	2	9.52%	2	1	44	31	0.98	1	1	9	6	2	0	-A
II	410085	C	*/-T	9	2	15.38%	2	1	40	37	0.98	1	1	8	1	2	0	-T
II	443708	A	*/-T	31	2	6.06%	2	2	40	37	0.98	1	1	9	22	1	1	-T
II	484534	A	*/+T	3	5	62.5%	1	2	45	51	0.98	1	1	3	0	2	3	+T
II	493944	T	*/+C	26	2	7.14%	2	1	42	37	0.98	1	1	13	13	2	0	+C
II	521731	G	*/-T	20	4	15.38%	2	2	40	43	0.98	1	1	9	11	3	1	-T
II	521731	G	*/+T	20	2	7.69%	2	1	40	74	0.98	1	1	9	11	2	0	-T
II	561064	T	*/-A	2	2	50%	1	1	31	37	0.98	1	1	0	2	0	2	-A
II	583536	T	*/+A	13	2	13.33%	2	2	41	68	0.98	1	1	5	8	1	1	+A
II	603279	A	-T/-T	0	11	100%	0	2	0	50	0.98	0	1	0	0	7	4	-T
II	603305	A	-C/-C	0	14	100%	0	2	0	49	0.98	0	1	0	0	6	8	-C
II	673086	G	*/-AA	2	2	28.57%	1	1	33	37	0.98	1	1	2	0	2	0	-AA
II	673086	G	*/+A	2	2	28.57%	1	1	33	37	0.98	1	1	2	0	2	0	-AA
II	677175	G	*/-TA	18	2	9.52%	2	1	54	55	0.98	1	1	10	8	2	0	-TA
II	700009	T	-A/-A	2	6	75%	2	2	37	35	0.98	1	1	1	1	2	4	-A
II	716295	G	*/-T	10	3	23.08%	2	1	43	45	0.98	1	1	4	6	0	3	-T
II	756993	C	*/-T	13	2	12.5%	2	1	43	49	0.98	1	1	3	10	2	0	-T
II	862301	C	*/-T	11	2	15.38%	2	2	47	37	0.98	1	1	4	7	1	1	-T
II	888599	A	-C/-C	0	16	100%	0	2	0	50	0.98	0	1	0	0	9	7	-C
II	890578	C	*/-T	13	3	18.75%	2	2	40	37	0.98	1	1	9	4	2	1	-T
II	903106	G	+T/+T	0	15	100%	0	2	0	41	0.98	0	1	0	0	9	6	+T
II	947457	G	*/-A	14	2	12.5%	2	1	45	37	0.98	1	1	7	7	2	0	-A
II	950087	A	*/+T	26	2	7.14%	2	2	47	49	0.98	1	1	17	9	1	1	+T
II	965517	C	*/-T	15	2	11.11%	2	1	35	49	0.98	1	1	11	4	2	0	-T
II	1019510	T	*/-A	0	4	57.14%	0	2	0	61	0.98	0	1	0	0	2	2	-A
II	1019510	T	*/-AA	0	2	28.57%	0	2	0	37	0.98	0	1	0	0	1	1	-A
II	1059118	T	*/-A	17	3	15%	2	1	47	49	0.98	1	1	9	8	3	0	-A
II	1079843	T	+A/+A	2	6	75%	2	2	55	43	0.98	1	1	1	1	4	2	+A
II	1104941	G	*/-T	7	4	28.57%	2	2	36	39	0.98	1	1	6	1	3	1	-T
II	1163154	A	-T/-T	1	8	88.89%	1	2	74	50	0.98	1	1	0	1	2	6	-T
II	1187785	G	*/+T	12	2	14.29%	2	1	43	37	0.98	1	1	4	8	2	0	+T
II	1205102	A	*/-T	17	2	10.53%	2	2	45	37	0.98	1	1	4	13	1	1	-T
II	1243207	G	*/+A	21	2	8.7%	2	2	45	37	0.98	1	1	7	14	1	1	+A
II	1243365	G	*/-T	10	2	16.67%	2	2	48	37	0.98	1	1	3	7	1	1	-T
II	1266289	T	*/+A	2	4	66.67%	1	2	31	40	0.98	1	1	2	0	2	2	+A
II	1266955	G	*/-GA	40	3	6.82%	2	1	46	70	0.98	1	1	23	17	0	3	-GA
II	1277481	G	*/+TT	3	3	33.33%	1	1	49	40	0.98	1	1	3	0	3	0	+TT
II	1301850	T	*/+TATA	16	2	11.11%	2	2	39	37	0.98	1	1	5	11	1	1	+TATA
II	1308618	G	-T/-T	1	33	97.06%	1	2	74	44	0.98	1	1	1	0	23	10	-T
II	1349040	A	*/+T	4	2	28.57%	2	1	34	55	0.98	1	1	2	2	2	0	+T
II	1365999	G	*/-T	8	4	30.77%	2	2	44	40	0.98	1	1	5	3	1	3	-T
II	1389139	C	*/-TT	4	3	23.08%	1	2	43	37	0.98	1	1	4	0	2	1	-TT
II	1389139	C	*/+T	4	3	23.08%	1	1	43	40	0.98	1	1	4	0	3	0	-TT
II	1389139	C	*/+TT	4	3	23.08%	1	2	43	37	0.98	1	1	4	0	2	1	-TT
II	1458981	T	*/+A	11	2	15.38%	2	1	50	55	0.98	1	1	5	6	2	0	+A
II	1517545	T	*/-A	18	2	10%	2	2	43	37	0.98	1	1	10	8	1	1	-A
II	1554361	C	*/-T	12	2	13.33%	2	1	42	37	0.98	1	1	4	8	2	0	-T
II	1554365	T	*/+C	12	3	20%	2	1	48	37	0.98	1	1	7	5	0	3	+C
II	1555919	A	*/+TTTATT	4	3	42.86%	1	2	43	40	0.98	1	1	4	0	1	2	+TTTATT
II	1602623	C	*/+A	6	2	22.22%	1	1	49	37	0.98	1	1	6	0	2	0	+A
II	1716287	T	*/-G	6	2	25%	2	1	37	37	0.98	1	1	2	4	0	2	-G
II	1763419	T	*/-A	10	6	37.5%	2	2	43	41	0.98	1	1	8	2	5	1	-A
II	1818108	C	*/-T	10	2	14.29%	2	1	41	25	0.98	1	1	4	6	0	2	-T
II	1861420	T	-G/-G	0	16	100%	0	2	0	42	0.98	0	1	0	0	9	7	-G
II	1867795	A	+T/+T	0	8	100%	0	2	0	47	0.98	0	1	0	0	2	6	+T
II	1868122	G	*/+T	1	4	66.67%	1	1	37	37	0.98	1	1	1	0	4	0	+T
II	1873779	T	+A/+A	1	11	91.67%	1	2	37	46	0.98	1	1	0	1	6	5	+A
II	1877294	A	+T/+T	0	11	100%	0	2	0	39	0.98	0	1	0	0	8	3	+T
II	1941966	A	+T/+T	0	23	100%	0	2	0	48	0.98	0	1	0	0	12	11	+T
II	1941982	A	+T/+T	0	21	95.45%	0	2	0	48	0.98	0	1	0	0	12	9	+T
II	1948953	G	-A/-A	1	25	96.15%	1	2	37	42	0.98	1	1	0	1	15	10	-A
II	1950050	A	+G/+G	0	10	100%	0	2	0	43	0.98	0	1	0	0	5	5	+G
II	1955495	T	+A/+A	0	4	100%	0	2	0	37	0.98	0	1	0	0	3	1	+A
II	1960392	A	+G/+G	0	9	100%	0	2	0	42	0.98	0	1	0	0	1	8	+G
II	1964110	C	*/-T	10	2	16.67%	2	2	40	31	0.98	1	1	6	4	1	1	-T
II	1987101	C	-G/-G	0	12	100%	0	2	0	43	0.98	0	1	0	0	8	4	-G
II	1987117	T	-G/-G	1	10	90.91%	1	2	37	48	0.98	1	1	1	0	6	4	-G
II	2049891	A	-T/-T	0	21	100%	0	2	0	42	0.98	0	1	0	0	12	9	-T
II	2053516	G	+C/+C	0	13	92.86%	0	2	0	56	0.98	0	1	0	0	3	10	+C
II	2108180	T	+A/+A	1	16	94.12%	1	2	62	47	0.98	1	1	0	1	10	6	+A
II	2147726	G	+T/+T	1	9	90%	1	2	37	45	0.98	1	1	0	1	5	4	+T
II	2187407	G	+A/+A	0	16	100%	0	2	0	43	0.98	0	1	0	0	7	9	+A
II	2198945	G	*/-CA	23	2	8%	2	1	44	37	0.98	1	1	9	14	0	2	-CA
II	2203072	C	*/-A	11	3	21.43%	2	2	36	53	0.98	1	1	7	4	1	2	-A
II	2203175	T	*/-A	5	4	44.44%	2	2	39	43	0.98	1	1	3	2	3	1	-A
II	2219928	A	+T/+T	0	15	93.75%	0	2	0	43	0.98	0	1	0	0	5	10	+T
II	2293297	G	-A/-A	0	15	100%	0	2	0	44	0.98	0	1	0	0	11	4	-A
II	2318772	A	-T/-T	1	4	80%	1	2	37	46	0.98	1	1	1	0	2	2	-T
II	2443175	A	*/-T	7	2	18.18%	2	1	40	37	0.98	1	1	4	3	2	0	-T
II	2443873	T	*/+A	6	3	25%	2	2	38	38	0.98	1	1	5	1	2	1	+A
II	2443873	T	*/+AA	6	2	16.67%	2	2	38	61	0.98	1	1	5	1	1	1	+A
II	2523624	C	*/-A	9	2	15.38%	2	2	34	42	0.98	1	1	8	1	1	1	-A
II	2579458	C	*/-A	4	2	33.33%	2	2	31	49	0.98	1	1	1	3	1	1	-A
II	2591913	T	*/-A	6	2	22.22%	2	1	51	49	0.98	1	1	4	2	2	0	-A
II	2592423	T	+A/+A	1	15	93.75%	1	2	37	43	0.98	1	1	1	0	8	7	+A
II	2630607	C	+A/+A	1	9	90%	1	2	37	44	0.98	1	1	1	0	3	6	+A
II	2640785	T	+A/+A	3	21	80.77%	1	2	45	48	0.98	1	1	3	0	11	10	+A
II	2640785	T	*/+AA	3	2	7.69%	1	1	45	55	0.98	1	1	3	0	0	2	+A
II	2650243	G	*/-A	31	2	6.06%	2	2	48	55	0.98	1	1	22	9	1	1	-A
II	2702173	G	*/-TA	9	2	18.18%	2	1	41	37	0.98	1	1	4	5	2	0	-TA
II	2709414	G	+C/+C	1	22	95.65%	1	2	74	47	0.98	1	1	1	0	9	13	+C
II	2720152	T	*/+A	23	2	8%	2	1	42	37	0.98	1	1	8	15	0	2	+A
II	2755338	C	*/-AT	6	6	40%	2	2	35	35	0.98	1	1	1	5	3	3	-AT
II	2755338	C	*/-ATAT	6	3	20%	2	1	35	37	0.98	1	1	1	5	0	3	-AT
II	2788933	C	+G/+G	2	22	91.67%	1	2	31	55	0.98	1	1	2	0	10	12	+G
II	2798040	C	-T/-T	1	19	95%	1	2	74	48	0.98	1	1	1	0	8	11	-T
II	2798514	A	-G/-G	1	7	87.5%	1	2	37	52	0.98	1	1	1	0	2	5	-G
II	2811495	C	-A/-A	0	13	100%	0	2	0	47	0.98	0	1	0	0	8	5	-A
II	2826100	G	*/-A	11	5	29.41%	2	1	43	44	0.98	1	1	9	2	5	0	-A
II	2894538	T	*/-A	11	2	14.29%	2	2	42	37	0.98	1	1	4	7	1	1	-A
II	2900889	A	*/-T	8	4	22.22%	2	2	40	55	0.98	1	1	6	2	3	1	-T
II	2900889	A	*/-TT	8	3	16.67%	2	1	40	40	0.98	1	1	6	2	0	3	-T
II	2900889	A	*/+T	8	3	16.67%	2	1	40	37	0.98	1	1	6	2	3	0	-T
II	2908519	G	*/-A	10	2	15.38%	2	1	50	37	0.98	1	1	7	3	0	2	-A
II	2938956	C	+T/+T	0	8	100%	0	2	0	37	0.98	0	1	0	0	3	5	+T
II	3040332	C	+G/+G	1	22	95.65%	1	2	74	49	0.98	1	1	0	1	9	13	+G
II	3171788	G	*/-A	5	2	16.67%	1	1	37	37	0.98	1	1	5	0	2	0	-A
II	3171788	G	*/+A	5	4	33.33%	1	1	37	37	0.98	1	1	5	0	4	0	+A
II	3175926	C	*/-T	2	2	40%	2	2	25	55	0.98	1	1	1	1	1	1	-T
II	3253453	C	*/+TT	3	2	33.33%	2	1	32	25	0.98	1	1	2	1	0	2	+TT
II	3282373	T	*/-A	6	2	20%	2	2	39	37	0.98	1	1	5	1	1	1	-A
II	3329982	G	*/-T	3	3	50%	2	1	53	49	0.98	1	1	2	1	3	0	-T
II	3410437	G	*/-T	8	3	27.27%	2	2	35	37	0.98	1	1	7	1	1	2	-T
II	3509251	T	*/-A	4	3	42.86%	2	1	55	37	0.98	1	1	1	3	3	0	-A
II	3540057	A	*/-T	6	4	36.36%	2	2	43	46	0.98	1	1	4	2	1	3	-T
II	3619003	A	+G/+G	0	17	89.47%	0	2	0	45	0.98	0	1	0	0	10	7	+G
II	3621704	A	*/-TT	7	2	16.67%	2	2	54	31	0.98	1	1	3	4	1	1	-TT
II	3715149	G	*/-A	6	2	18.18%	2	1	43	31	0.98	1	1	5	1	2	0	-A
II	3715149	G	*/+A	6	3	27.27%	2	2	43	49	0.98	1	1	5	1	2	1	+A
II	3799350	G	*/-A	5	2	22.22%	1	2	37	55	0.98	1	1	5	0	1	1	-A
II	3799350	G	*/+A	5	2	22.22%	1	1	37	42	0.98	1	1	5	0	2	0	-A
II	3838101	C	-A/-A	0	4	100%	0	2	0	55	0.98	0	1	0	0	3	1	-A
II	3838912	T	*/-A	5	4	40%	2	1	56	40	0.98	1	1	3	2	0	4	-A
II	3856896	A	*/-T	16	5	22.73%	2	2	42	42	0.98	1	1	6	10	1	4	-T
II	3860185	C	*/-TAGTA	17	15	44.12%	2	2	42	43	0.98	1	1	2	15	10	5	-TAGTA
II	3954039	C	*/-T	9	5	29.41%	2	2	43	48	0.98	1	1	5	4	1	4	-T
II	3954039	C	*/+T	9	3	17.65%	2	1	43	61	0.98	1	1	5	4	0	3	-T
II	3975235	C	*/-A	5	5	31.25%	2	2	54	47	0.98	1	1	2	3	4	1	-A
II	3975235	C	*/-AA	5	3	18.75%	2	1	54	44	0.98	1	1	2	3	0	3	-A
II	4006982	C	*/-A	6	5	38.46%	2	1	51	37	0.98	1	1	4	2	5	0	-A
II	4031460	A	*/+T	4	2	33.33%	2	1	40	37	0.98	1	1	3	1	2	0	+T
II	4108814	G	*/-TA	23	2	8%	2	1	37	37	0.98	1	1	7	16	2	0	-TA
II	4254960	G	-A/-A	1	17	94.44%	1	2	62	47	0.98	1	1	1	0	8	9	-A
II	4264124	C	*/+TGA	28	2	6.67%	2	2	41	37	0.98	1	1	17	11	1	1	+TGA
II	4308414	C	*/+A	5	5	50%	2	2	34	44	0.98	1	1	2	3	3	2	+A
II	4459027	C	*/+A	46	3	6.12%	2	2	48	37	0.98	1	1	22	24	2	1	+A
II	4481876	G	*/+T	69	5	6.76%	2	1	42	66	0.98	1	1	36	33	5	0	+T
II	4505641	C	*/-A	15	2	11.76%	2	2	44	31	0.98	1	1	12	3	1	1	-A
II	4507612	T	*/-A	16	3	15.79%	2	1	43	37	0.98	1	1	6	10	0	3	-A
II	4507742	G	*/+T	27	5	15.62%	2	2	48	64	0.98	1	1	11	16	2	3	+T
II	4507813	A	*/+G	45	5	10%	2	2	48	66	0.98	1	1	32	13	2	3	+G
II	4516522	A	*/+T	32	4	11.11%	2	1	52	37	0.98	1	1	18	14	0	4	+T
II	4517047	T	*/+TACTCATC	51	13	19.4%	2	2	47	35	0.98	1	1	32	19	9	4	+TACTCATC
II	4517074	C	*/+TCA	63	4	5.97%	2	2	44	34	0.98	1	1	46	17	1	3	+TCA
II	4521677	T	*/-AA	7	7	46.67%	2	2	47	35	0.98	1	1	2	5	4	3	-AA
II	4525340	G	*/+T	31	8	19.05%	2	2	45	33	0.98	1	1	18	13	5	3	+T
II	4526174	A	*/-T	16	2	10%	2	2	43	37	0.98	1	1	14	2	1	1	-T
II	4526174	A	*/-TT	16	2	10%	2	1	43	49	0.98	1	1	14	2	0	2	-T
II	4526843	C	*/-TTT	7	2	22.22%	2	1	39	42	0.98	1	1	6	1	2	0	-TTT
II	4528465	C	*/+GACAAT	45	7	13.46%	2	2	49	44	0.98	1	1	20	25	2	5	+GACAAT
II	4528483	T	*/-GACAATGACAGA	45	4	8.16%	2	2	48	37	0.98	1	1	18	27	1	3	-GACAATGACAGA
II	4529375	T	*/+ACAACGACAACGACAACG	44	10	16.95%	2	2	44	44	0.98	1	1	28	16	6	4	+ACAACGACAACGACAACG
II	4529375	T	*/+ACAACGACAACGACAACGACAACG	44	4	6.78%	2	2	44	37	0.98	1	1	28	16	3	1	+ACAACGACAACGACAACG
II	4533588	C	*/-T	32	20	37.74%	2	2	40	42	0.98	1	1	22	10	11	9	-T
II	4534880	A	*/-T	67	6	8.22%	2	2	48	39	0.98	1	1	31	36	2	4	-T
II	4535321	G	*/-GATAT	162	18	10%	2	2	41	41	0.98	1	1	78	84	11	7	-GATAT
II	4535523	T	*/+GTTACG	168	26	13.4%	2	2	44	43	0.98	1	1	54	114	7	19	+GTTACG
II	4535548	A	*/-TATGTG	157	27	14.59%	2	2	47	47	0.98	1	1	54	103	9	18	-TATGTG
II	4535645	G	*/-T	116	28	19.31%	2	2	49	44	0.98	1	1	58	58	14	14	-T
II	4535727	A	*/-G	85	11	11.46%	2	2	43	35	0.98	1	1	32	53	5	6	-G
II	4536089	C	*/+AAAAGAAAAGTAAATT	11	2	15.38%	2	1	37	49	0.98	1	1	8	3	0	2	+AAAAGAAAAGTAAATT
II	4536728	A	*/+GAGAGTAGG	135	14	9.09%	2	2	48	52	0.98	1	1	66	69	8	6	+GAGAGTAGG
II	4537213	G	*/+T	85	121	58.74%	2	2	50	50	0.98	1	1	41	44	70	51	+T
II	4537387	A	*/-AATAAGAG	62	96	60.76%	2	2	48	47	0.98	1	1	28	34	59	37	-AATAAGAG
II	4537655	A	*/+AAATG	44	6	11.54%	2	2	39	43	0.98	1	1	31	13	5	1	+AAATG
II	4539236	A	*/-ATAG	105	6	5.41%	2	2	42	37	0.98	1	1	33	72	1	5	-ATAG
III	1558	G	*/-A	61	5	6.49%	2	2	42	46	0.98	1	1	23	38	2	3	-A
III	1558	G	*/+A	61	7	9.09%	2	2	42	38	0.98	1	1	23	38	4	3	+A
III	4729	A	*/-T	284	89	21.14%	2	2	45	49	0.98	1	1	186	98	34	55	-T
III	4729	A	*/+T	284	29	6.89%	2	2	45	46	0.98	1	1	186	98	6	23	-T
III	4952	C	*/+T	249	45	15.05%	2	2	42	47	0.98	1	1	152	97	13	32	+T
III	5403	C	*/-T	345	106	20.74%	2	2	43	44	0.98	1	1	248	97	58	48	-T
III	5403	C	*/-TT	345	28	5.48%	2	2	43	42	0.98	1	1	248	97	16	12	-T
III	9812	T	*/+A	101	19	15.2%	2	1	41	40	0.98	1	1	25	76	0	19	+A
III	10094	A	*/-T	67	4	5.63%	2	2	43	34	0.98	1	1	30	37	1	3	-T
III	12428	G	*/+A	65	5	6.49%	2	2	41	37	0.98	1	1	32	33	1	4	+A
III	15599	A	*/-T	291	104	23.32%	2	2	44	49	0.98	1	1	192	99	44	60	-T
III	15599	A	*/+T	291	35	7.85%	2	2	44	51	0.98	1	1	192	99	11	24	-T
III	15822	C	*/+T	248	54	17.48%	2	2	41	47	0.98	1	1	157	91	16	38	+T
III	16273	C	*/-T	365	103	19.66%	2	2	42	46	0.98	1	1	260	105	56	47	-T
III	16273	C	*/-TT	365	31	5.92%	2	2	42	43	0.98	1	1	260	105	8	23	-T
III	20682	T	*/+A	102	24	18.75%	2	1	43	42	0.98	1	1	28	74	0	24	+A
III	23298	G	*/-A	71	5	6.17%	2	2	42	48	0.98	1	1	30	41	3	2	-A
III	123319	T	*/-AA	10	2	15.38%	2	2	40	36	0.98	1	1	8	2	1	1	-AA
III	207168	T	*/-A	5	3	37.5%	2	2	44	40	0.98	1	1	3	2	2	1	-A
III	210364	G	*/-A	22	4	15.38%	2	2	46	34	0.98	1	1	8	14	2	2	-A
III	247196	G	*/-C	20	2	9.09%	2	2	46	37	0.98	1	1	6	14	1	1	-C
III	286478	C	*/-TT	2	5	71.43%	1	2	37	39	0.98	1	1	2	0	1	4	-TT
III	286594	T	*/+A	5	5	45.45%	2	1	37	37	0.98	1	1	4	1	5	0	+A
III	293096	G	*/-T	10	3	21.43%	2	2	46	37	0.98	1	1	4	6	2	1	-T
III	365747	C	-A/-A	2	12	85.71%	2	2	37	34	0.98	1	1	1	1	8	4	-A
III	427687	C	*/+A	17	2	10.53%	2	1	47	37	0.98	1	1	7	10	2	0	+A
III	431910	C	*/-TT	9	2	18.18%	2	2	46	55	0.98	1	1	4	5	1	1	-TT
III	457971	T	*/+G	18	2	10%	2	2	45	55	0.98	1	1	6	12	1	1	+G
III	518843	C	*/-T	10	3	23.08%	2	2	44	33	0.98	1	1	5	5	1	2	-T
III	568658	C	*/-T	3	3	50%	2	2	40	33	0.98	1	1	2	1	2	1	-T
III	717677	A	-T/-T	2	10	76.92%	1	2	43	44	0.98	1	1	2	0	7	3	-T
III	719703	T	*/-A	8	2	20%	2	1	34	37	0.98	1	1	4	4	2	0	-A
III	719955	A	-C/-C	0	4	100%	0	2	0	43	0.98	0	1	0	0	1	3	-C
III	720559	C	*/-T	5	2	25%	1	1	32	31	0.98	1	1	5	0	2	0	-T
III	720683	A	+T/+T	1	4	80%	1	2	37	37	0.98	1	1	1	0	1	3	+T
III	762516	T	*/-A	9	3	25%	2	1	49	66	0.98	1	1	5	4	0	3	-A
III	867865	C	-T/-T	1	8	88.89%	1	2	37	37	0.98	1	1	1	0	4	4	-T
III	897531	C	*/+A	17	2	10%	2	2	42	37	0.98	1	1	13	4	1	1	+A
III	898665	T	*/-A	12	2	14.29%	2	2	42	37	0.98	1	1	4	8	1	1	-A
III	954821	C	*/+AA	37	2	5.13%	2	1	51	37	0.98	1	1	21	16	0	2	+AA
III	958241	C	*/-T	11	3	17.65%	2	1	42	44	0.98	1	1	7	4	0	3	-T
III	958241	C	*/+T	11	2	11.76%	2	1	42	36	0.98	1	1	7	4	0	2	-T
III	966124	G	*/-T	13	7	29.17%	2	1	38	37	0.98	1	1	12	1	7	0	-T
III	966124	G	*/-TTT	13	2	8.33%	2	1	38	42	0.98	1	1	12	1	2	0	-T
III	970892	C	*/-T	8	2	20%	2	1	41	43	0.98	1	1	4	4	2	0	-T
III	1016311	G	+C/+C	1	26	96.3%	1	2	37	44	0.98	1	1	1	0	11	15	+C
III	1022486	A	*/+G	5	2	28.57%	1	2	37	37	0.98	1	1	5	0	1	1	+G
III	1073505	T	*/+ATATAGAG	86	11	10.89%	2	2	49	43	0.98	1	1	51	35	10	1	+ATATAGAG
III	1075530	A	*/+TGGAAGTGGTAAG	103	6	5.45%	2	2	46	43	0.98	1	1	44	59	1	5	+TGGAAGTGGTAAG
III	1079346	A	*/+G	78	10	11.36%	2	2	40	35	0.98	1	1	55	23	6	4	+G
III	1080146	T	*/+ATATAGAG	159	14	8%	2	2	46	44	0.98	1	1	56	103	7	7	+ATATAGAG
III	1084026	A	*/+AGTGGTGATGGTT	40	4	9.09%	2	2	43	37	0.98	1	1	20	20	3	1	+AGTGGTGATGGTT
III	1087979	A	*/+G	51	3	5.56%	2	2	47	37	0.98	1	1	29	22	1	2	+G
III	1090594	A	*/-AT	7	2	20%	2	1	47	55	0.98	1	1	1	6	0	2	-AT
III	1095550	G	*/-T	15	6	27.27%	2	2	35	49	0.98	1	1	14	1	3	3	-T
III	1103423	T	*/-A	7	6	37.5%	2	2	52	49	0.98	1	1	4	3	3	3	-A
III	1103423	T	*/-AA	7	2	12.5%	2	1	52	49	0.98	1	1	4	3	0	2	-A
III	1104937	C	*/-T	17	2	10%	2	1	37	37	0.98	1	1	14	3	0	2	-T
III	1114914	T	*/+ACCACTAACCATC	28	5	15.15%	2	2	44	44	0.98	1	1	18	10	2	3	+ACCACTAACCATC
III	1117723	T	*/+C	42	3	6.67%	2	1	45	49	0.98	1	1	23	19	0	3	+C
III	1121674	T	*/+ACCACTAACCATC	31	4	11.43%	2	2	44	55	0.98	1	1	20	11	3	1	+ACCACTAACCATC
III	1128434	T	*/+ACCACTAACCATC	36	4	10%	2	2	40	55	0.98	1	1	22	14	3	1	+ACCACTAACCATC
III	1131243	T	*/+C	46	3	6.12%	2	2	48	37	0.98	1	1	19	27	1	2	+C
III	1168360	T	*/-G	2	3	60%	1	2	37	49	0.98	1	1	2	0	1	2	-G
III	1244495	G	*/-T	11	3	21.43%	2	1	49	37	0.98	1	1	8	3	3	0	-T
III	1252505	G	*/+T	2	2	33.33%	1	2	42	31	0.98	1	1	2	0	1	1	+T
III	1421567	T	*/-G	13	2	10%	2	1	39	37	0.98	1	1	9	4	2	0	-G
III	1421567	T	*/+G	13	4	20%	2	2	39	46	0.98	1	1	9	4	3	1	+G
III	1529684	C	*/-A	2	2	50%	1	2	55	42	0.98	1	1	2	0	1	1	-A
III	1594933	T	*/-A	11	2	15.38%	2	2	40	55	0.98	1	1	2	9	1	1	-A
III	1643859	T	*/-TTC	14	2	12.5%	2	1	37	37	0.98	1	1	5	9	0	2	-TTC
III	1660979	T	*/-C	12	4	25%	2	2	46	37	0.98	1	1	7	5	2	2	-C
III	1674618	C	*/-T	8	3	25%	2	2	34	36	0.98	1	1	5	3	2	1	-T
III	1684246	A	*/-T	12	2	14.29%	2	1	44	37	0.98	1	1	4	8	2	0	-T
III	1685487	G	+A/+A	0	13	100%	0	2	0	35	0.98	0	1	0	0	7	6	+A
III	1691558	G	*/-T	8	2	16.67%	2	2	44	55	0.98	1	1	2	6	1	1	-T
III	1707997	T	*/+A	20	2	9.09%	2	2	39	37	0.98	1	1	10	10	1	1	+A
III	1753396	C	*/-T	19	2	9.52%	2	2	48	31	0.98	1	1	11	8	1	1	-T
III	1756400	T	-A/-A	0	29	100%	0	2	0	45	0.98	0	1	0	0	12	17	-A
III	1760017	T	*/-A	14	2	12.5%	2	2	44	37	0.98	1	1	11	3	1	1	-A
III	1774235	T	+GATC/+GATC	1	9	90%	1	2	74	45	0.98	1	1	0	1	4	5	+GATC
III	1802071	G	*/-T	17	3	15%	2	2	52	49	0.98	1	1	10	7	1	2	-T
III	1947823	A	*/-T	12	2	14.29%	2	1	43	31	0.98	1	1	5	7	2	0	-T
III	1979604	A	*/-T	3	2	33.33%	2	2	37	37	0.98	1	1	1	2	1	1	-T
III	1985119	G	*/+T	7	2	22.22%	2	1	54	55	0.98	1	1	2	5	0	2	+T
III	2074510	C	*/+T	9	3	25%	2	2	47	29	0.98	1	1	5	4	1	2	+T
III	2076412	G	*/-T	15	7	28%	2	2	34	38	0.98	1	1	9	6	5	2	-T
III	2076412	G	*/-TT	15	2	8%	2	2	34	37	0.98	1	1	9	6	1	1	-T
III	2145370	C	*/-A	26	3	10.34%	2	1	50	49	0.98	1	1	15	11	0	3	-A
III	2157938	C	*/-T	8	2	20%	2	2	47	31	0.98	1	1	6	2	1	1	-T
III	2178240	T	*/-A	11	2	15.38%	2	1	35	37	0.98	1	1	6	5	2	0	-A
III	2219235	A	*/+T	16	2	11.11%	2	1	41	37	0.98	1	1	8	8	2	0	+T
III	2270459	C	*/-A	15	2	11.76%	2	1	37	37	0.98	1	1	12	3	2	0	-A
III	2348394	G	*/-T	14	2	11.76%	2	1	55	55	0.98	1	1	5	9	0	2	-T
III	2382018	A	*/-T	3	2	25%	2	2	37	61	0.98	1	1	2	1	1	1	-T
III	2382018	A	*/-TT	3	2	25%	2	1	37	49	0.98	1	1	2	1	2	0	-T
III	2410032	C	*/-A	5	3	37.5%	2	2	44	49	0.98	1	1	4	1	2	1	-A
III	2420241	T	*/-A	9	5	33.33%	2	2	34	34	0.98	1	1	7	2	3	2	-A
III	2443562	A	*/+T	19	28	58.33%	2	1	36	36	0.98	1	1	5	14	0	28	+T
III	2447848	T	*/-A	659	240	21.13%	2	2	43	40	0.98	1	1	473	186	184	56	-A
III	2447848	T	*/-AA	659	119	10.48%	2	2	43	44	0.98	1	1	473	186	93	26	-A
III	2447848	T	*/+A	659	86	7.57%	2	2	43	45	0.98	1	1	473	186	62	24	-A
III	2448309	T	-AA/-AA	18	386	94.61%	2	2	46	40	0.98	1	1	12	6	148	238	-AA
III	2448518	T	*/-A	577	186	20.69%	2	2	46	44	0.98	1	1	381	196	134	52	-A
III	2448518	T	*/-AA	577	58	6.45%	2	2	46	46	0.98	1	1	381	196	45	13	-A
III	2448518	T	*/+A	577	58	6.45%	2	2	46	43	0.98	1	1	381	196	46	12	-A
