Chrom	Position	Ref	Cons	Reads1	Reads2	VarFreq	Strands1	Strands2	Qual1	Qual2	Pvalue	MapQual1	MapQual2	Reads1Plus	Reads1Minus	Reads2Plus	Reads2Minus	VarAllele
I	3042	G	*/+AT	56	3	5.08%	2	2	49	61	0.98	1	1	31	25	1	2	+AT
I	3160	A	*/+GTTGTCGTTGTCGTTGTC	41	8	13.56%	2	2	44	49	0.98	1	1	26	15	5	3	+GTTGTCGTTGTCGTTGTC
I	3160	A	*/+GTTGTCGTTGTCGTTGTCGTTGTC	41	7	11.86%	2	2	44	42	0.98	1	1	26	15	6	1	+GTTGTCGTTGTCGTTGTC
I	4047	C	*/-TGTCTCTGTCAT	36	8	18.18%	2	2	41	46	0.98	1	1	17	19	3	5	-TGTCTCTGTCAT
I	4053	C	*/+TGTCAT	27	7	18.92%	2	2	42	36	0.98	1	1	14	13	6	1	+TGTCAT
I	5677	G	*/-A	16	2	8%	2	1	36	37	0.98	1	1	14	2	2	0	A
I	5677	G	*/-AAA	16	2	8%	2	1	36	25	0.98	1	1	14	2	0	2	A
I	6357	T	*/-AA	21	6	20.69%	2	2	49	47	0.98	1	1	12	9	2	4	-AA
I	7192	C	*/-A	11	2	9.52%	2	1	31	42	0.98	1	1	8	3	2	0	A
I	7192	C	*/+A	11	5	23.81%	2	2	31	44	0.98	1	1	8	3	3	2	+A
I	10859	G	*/-TT	4	4	50%	2	2	43	55	0.98	1	1	2	2	3	1	-TT
I	15734	C	*/-A	4	2	28.57%	2	2	49	55	0.98	1	1	3	1	1	1	-A
I	18126	G	*/+TA	41	3	6.82%	2	1	41	37	0.98	1	1	35	6	3	0	+TA
I	27402	A	*/+C	13	2	11.76%	2	1	44	37	0.98	1	1	2	11	0	2	+C
I	28398	A	*/+C	34	2	5.56%	2	2	44	55	0.98	1	1	7	27	1	1	+C
I	55244	T	*/+AA	3	2	28.57%	1	1	46	55	0.98	1	1	3	0	0	2	+AA
I	101871	A	+G/+G	0	17	94.44%	0	2	0	47	0.98	0	1	0	0	9	8	+G
I	190112	C	*/-A	2	2	50%	1	2	37	37	0.98	1	1	2	0	1	1	-A
I	232688	T	*/-A	3	3	42.86%	1	2	29	33	0.98	1	1	0	3	1	2	-A
I	357635	T	*/-A	10	2	16.67%	2	2	54	37	0.98	1	1	6	4	1	1	-A
I	381883	C	*/+A	4	2	33.33%	1	1	46	55	0.98	1	1	4	0	0	2	+A
I	441614	C	*/-T	3	5	45.45%	2	2	36	26	0.98	1	1	2	1	3	2	-T
I	453369	G	*/-A	4	2	28.57%	1	1	34	55	0.98	1	1	4	0	2	0	-A
I	470378	A	-C/-C	0	5	100%	0	2	0	49	0.98	0	1	0	0	3	2	-C
I	470390	A	-C/-C	0	7	100%	0	2	0	53	0.98	0	1	0	0	5	2	-C
I	482737	A	+G/+G	1	6	85.71%	1	2	37	39	0.98	1	1	1	0	5	1	+G
I	486159	G	*/-A	7	2	22.22%	2	1	47	55	0.98	1	1	3	4	2	0	-A
I	521845	T	*/-A	5	5	45.45%	2	2	44	54	0.98	1	1	2	3	2	3	-A
I	554527	A	+T/+T	0	5	100%	0	2	0	47	0.98	0	1	0	0	3	2	+T
I	660056	T	*/+G	2	3	37.5%	1	1	37	33	0.98	1	1	2	0	3	0	+G
I	660056	T	*/+GG	2	3	37.5%	1	1	37	37	0.98	1	1	2	0	3	0	+G
I	670032	C	+A/+A	0	25	100%	0	2	0	56	0.98	0	1	0	0	13	12	+A
I	682993	T	-C/-C	0	16	100%	0	2	0	61	0.98	0	1	0	0	4	12	-C
I	719597	G	*/-TA	25	4	13.79%	2	2	56	68	0.98	1	1	11	14	2	2	-TA
I	807903	A	*/-T	6	2	22.22%	2	1	37	37	0.98	1	1	2	4	0	2	-T
I	862962	C	+T/+T	0	11	100%	0	2	0	39	0.98	0	1	0	0	8	3	+T
I	960025	G	*/+T	5	7	58.33%	2	2	44	41	0.98	1	1	4	1	4	3	+T
I	1048635	G	+A/+A	1	7	87.5%	1	2	37	49	0.98	1	1	1	0	2	5	+A
I	1148104	A	+T/+T	1	3	75%	1	2	74	40	0.98	1	1	0	1	2	1	+T
I	1185797	G	*/+A	9	2	16.67%	2	1	45	37	0.98	1	1	7	2	2	0	+A
I	1274803	T	+A/+A	0	4	100%	0	2	0	52	0.98	0	1	0	0	2	2	+A
I	1358794	C	+A/+A	1	4	80%	1	2	48	49	0.98	1	1	0	1	2	2	+A
I	1424708	C	-A/-A	3	15	83.33%	1	2	49	46	0.98	1	1	0	3	9	6	-A
I	1496317	C	*/-A	2	7	63.64%	2	2	42	43	0.98	1	1	1	1	4	3	-A
I	1496317	C	*/-AA	2	2	18.18%	2	2	42	37	0.98	1	1	1	1	1	1	-A
I	1509277	C	+T/+T	1	7	87.5%	1	2	37	44	0.98	1	1	1	0	6	1	+T
I	1595056	C	*/+T	2	3	50%	2	2	42	45	0.98	1	1	1	1	2	1	+T
I	1625092	T	+C/+C	0	12	100%	0	2	0	58	0.98	0	1	0	0	8	4	+C
I	1636004	A	*/+T	4	2	33.33%	2	1	55	31	0.98	1	1	1	3	0	2	+T
I	1777634	A	*/-T	5	2	28.57%	1	2	42	74	0.98	1	1	0	5	1	1	-T
I	1849285	C	*/-T	17	2	9.52%	2	2	47	49	0.98	1	1	6	11	1	1	-T
I	1890184	C	*/-A	2	4	57.14%	1	2	31	43	0.98	1	1	2	0	3	1	-A
I	1925428	T	*/-A	15	2	11.11%	2	1	40	49	0.98	1	1	9	6	2	0	-A
I	1936294	G	+A/+A	0	5	100%	0	1	0	49	0.98	0	1	0	0	0	5	+A
I	1952313	A	+T/+T	0	20	100%	0	2	0	46	0.98	0	1	0	0	13	7	+T
I	1954162	C	*/-A	3	5	50%	2	2	45	46	0.98	1	1	2	1	4	1	-A
I	1954162	C	*/-AA	3	2	20%	2	1	45	37	0.98	1	1	2	1	0	2	-A
I	2096013	T	*/-A	5	2	25%	2	1	44	31	0.98	1	1	3	2	2	0	-A
I	2154491	T	+A/+A	0	7	100%	0	2	0	47	0.98	0	1	0	0	4	3	+A
I	2288240	C	-G/-G	0	12	100%	0	2	0	55	0.98	0	1	0	0	5	7	-G
I	2288318	C	*/-T	12	2	14.29%	2	2	54	42	0.98	1	1	4	8	1	1	-T
I	2322636	C	*/-A	8	4	30.77%	2	1	45	37	0.98	1	1	7	1	4	0	-A
I	2327021	C	*/-A	1	3	50%	1	1	37	25	0.98	1	1	0	1	0	3	-A
I	2343703	G	+A/+A	0	9	100%	0	2	0	39	0.98	0	1	0	0	3	6	+A
I	2401096	C	*/-A	12	2	14.29%	2	1	45	49	0.98	1	1	9	3	0	2	-A
I	2421576	A	-C/-C	0	6	100%	0	2	0	43	0.98	0	1	0	0	3	3	-C
I	2499149	A	-T/-T	1	8	88.89%	1	2	37	50	0.98	1	1	1	0	2	6	-T
I	2507462	T	+A/+A	0	11	100%	0	2	0	34	0.98	0	1	0	0	7	4	+A
I	2510060	T	+A/+A	0	6	100%	0	2	0	59	0.98	0	1	0	0	3	3	+A
I	2520612	G	*/-T	6	2	25%	2	1	49	55	0.98	1	1	3	3	2	0	-T
I	2594263	C	+T/+T	1	10	90.91%	1	2	37	50	0.98	1	1	0	1	5	5	+T
I	2594324	T	+A/+A	1	8	88.89%	1	2	48	41	0.98	1	1	1	0	5	3	+A
I	2594351	T	+A/+A	0	7	100%	0	2	0	42	0.98	0	1	0	0	6	1	+A
I	2594391	A	+T/+T	0	7	100%	0	1	0	47	0.98	0	1	0	0	7	0	+T
I	2605860	G	-T/-T	2	11	84.62%	1	2	37	40	0.98	1	1	0	2	7	4	-T
I	2607669	A	+T/+T	1	6	85.71%	1	2	37	51	0.98	1	1	1	0	1	5	+T
I	2645398	A	*/+T	15	2	11.76%	2	2	49	31	0.98	1	1	2	13	1	1	+T
I	2683902	T	-C/-C	1	12	92.31%	1	2	74	45	0.98	1	1	1	0	5	7	-C
I	2747027	T	*/-A	2	2	40%	1	1	31	37	0.98	1	1	2	0	2	0	-A
I	2751236	T	-A/-A	0	11	91.67%	0	2	0	44	0.98	0	1	0	0	3	8	-A
I	2876870	C	*/+T	13	2	13.33%	2	1	41	29	0.98	1	1	6	7	0	2	+T
I	3033347	C	*/-T	12	2	12.5%	2	2	44	37	0.98	1	1	9	3	1	1	-T
I	3033347	C	*/+T	12	2	12.5%	2	2	44	49	0.98	1	1	9	3	1	1	-T
I	3125118	A	+T/+T	0	16	100%	0	2	0	36	0.98	0	1	0	0	7	9	+T
I	3134492	A	*/-T	13	3	18.75%	2	2	53	33	0.98	1	1	6	7	2	1	-T
I	3159187	C	*/-CA	34	2	5.41%	2	2	50	55	0.98	1	1	14	20	1	1	-CA
I	3159994	C	*/-T	28	3	9.38%	2	1	46	37	0.98	1	1	24	4	3	0	-T
I	3166776	G	*/+TTT	0	5	45.45%	0	2	0	49	0.98	0	1	0	0	4	1	+TTT
I	3166776	G	*/+TTTT	0	2	18.18%	0	2	0	55	0.98	0	1	0	0	1	1	+TTT
I	3178494	C	+T/+T	0	16	100%	0	2	0	49	0.98	0	1	0	0	6	10	+T
I	3197528	A	+G/+G	0	29	100%	0	2	0	50	0.98	0	1	0	0	16	13	+G
I	3322659	C	*/+T	11	2	15.38%	2	1	49	37	0.98	1	1	5	6	2	0	+T
I	3380404	C	*/-A	4	2	33.33%	2	1	49	37	0.98	1	1	2	2	2	0	-A
I	3450130	G	-T/-T	2	9	81.82%	1	2	37	43	0.98	1	1	0	2	5	4	-T
I	3460318	T	+C/+C	0	4	100%	0	2	0	43	0.98	0	1	0	0	3	1	+C
I	3462650	A	*/-T	6	4	40%	2	2	55	46	0.98	1	1	3	3	3	1	-T
I	3538413	A	+T/+T	1	4	80%	1	2	37	43	0.98	1	1	0	1	3	1	+T
I	3538428	G	+T/+T	1	3	75%	1	2	37	49	0.98	1	1	1	0	2	1	+T
I	3538449	T	+TA/+TA	0	4	100%	0	2	0	55	0.98	0	1	0	0	3	1	+TA
I	3538456	A	+AT/+AT	0	4	100%	0	2	0	55	0.98	0	1	0	0	3	1	+AT
I	3576929	C	+T/+T	0	6	100%	0	2	0	58	0.98	0	1	0	0	4	2	+T
I	3659473	G	*/+A	12	2	13.33%	2	1	51	37	0.98	1	1	5	7	0	2	+A
I	3659724	C	*/-T	6	2	22.22%	2	1	43	49	0.98	1	1	3	3	0	2	-T
I	3665610	G	+C/+C	0	25	100%	0	2	0	41	0.98	0	1	0	0	11	14	+C
I	3730369	A	+T/+T	1	6	85.71%	1	2	37	43	0.98	1	1	1	0	3	3	+T
I	3765328	C	+T/+T	0	6	100%	0	1	0	37	0.98	0	1	0	0	6	0	+T
I	3776933	G	+A/+A	0	3	75%	0	1	0	32	0.98	0	1	0	0	0	3	+A
I	3855790	G	-T/-T	0	4	100%	0	2	0	34	0.98	0	1	0	0	1	3	-T
I	3879465	T	*/-A	11	2	15.38%	2	1	49	62	0.98	1	1	5	6	0	2	-A
I	3940025	G	+T/+T	0	9	100%	0	2	0	57	0.98	0	1	0	0	4	5	+T
I	3984736	A	*/-GGT	65	10	13.33%	2	2	45	41	0.98	1	1	18	47	3	7	-GGT
I	3992213	A	*/-C	9	2	18.18%	1	2	41	31	0.98	1	1	0	9	1	1	-C
I	3995023	C	*/-T	3	2	40%	1	2	49	31	0.98	1	1	3	0	1	1	-T
I	4010237	A	*/-G	2	2	40%	1	1	55	37	0.98	1	1	2	0	2	0	-G
I	4055052	T	*/+A	4	3	42.86%	2	1	46	37	0.98	1	1	3	1	3	0	+A
I	4098272	C	*/+T	5	2	22.22%	2	2	39	31	0.98	1	1	3	2	1	1	+T
I	4241118	G	*/-A	5	4	40%	2	2	36	37	0.98	1	1	2	3	2	2	-A
I	4276890	G	+T/+T	1	5	83.33%	1	2	37	49	0.98	1	1	1	0	3	2	+T
I	4304169	G	+A/+A	0	4	100%	0	2	0	37	0.98	0	1	0	0	1	3	+A
I	4338694	G	*/-T	10	2	15.38%	2	1	55	37	0.98	1	1	6	4	2	0	-T
I	4374342	A	-G/-G	0	25	100%	0	2	0	44	0.98	0	1	0	0	14	11	-G
I	4407494	T	+G/+G	0	10	90.91%	0	2	0	51	0.98	0	1	0	0	6	4	+G
I	4410191	C	-G/-G	0	7	100%	0	2	0	47	0.98	0	1	0	0	4	3	-G
I	4431856	G	+A/+A	1	14	93.33%	1	2	37	52	0.98	1	1	0	1	4	10	+A
I	4431868	C	+A/+A	1	14	93.33%	1	2	62	50	0.98	1	1	1	0	3	11	+A
I	4442621	A	*/-AT	14	3	17.65%	2	2	50	61	0.98	1	1	9	5	2	1	-AT
I	4514478	T	*/-A	5	3	33.33%	2	2	32	49	0.98	1	1	4	1	2	1	-A
I	4648159	T	*/-G	5	4	36.36%	2	2	51	49	0.98	1	1	2	3	3	1	-G
I	4648159	T	*/-GG	5	2	18.18%	2	1	51	31	0.98	1	1	2	3	0	2	-G
I	4721875	G	+A/+A	0	4	100%	0	2	0	39	0.98	0	1	0	0	2	2	+A
I	4764253	G	*/+A	3	8	72.73%	1	2	53	49	0.98	1	1	3	0	4	4	+A
I	4926046	C	*/+T	3	2	40%	1	1	33	37	0.98	1	1	3	0	2	0	+T
I	5060109	A	*/-T	6	2	25%	2	2	46	37	0.98	1	1	2	4	1	1	-T
I	5123128	A	*/-AG	13	2	13.33%	2	2	38	37	0.98	1	1	6	7	1	1	-AG
I	5142627	A	+G/+G	0	8	100%	0	2	0	35	0.98	0	1	0	0	3	5	+G
I	5148414	T	-A/-A	0	18	94.74%	0	2	0	48	0.98	0	1	0	0	5	13	-A
I	5159554	C	*/-T	10	2	16.67%	1	1	42	42	0.98	1	1	0	10	2	0	-T
I	5173087	C	+T/+T	0	7	100%	0	2	0	44	0.98	0	1	0	0	5	2	+T
I	5173430	G	*/+T	3	9	69.23%	2	2	37	41	0.98	1	1	1	2	6	3	+T
I	5176926	T	*/+A	3	2	40%	2	1	33	37	0.98	1	1	2	1	2	0	+A
I	5177760	A	*/-T	7	2	22.22%	2	2	45	62	0.98	1	1	6	1	1	1	-T
I	5266596	A	*/-T	12	2	12.5%	2	2	44	37	0.98	1	1	8	4	1	1	-T
I	5368262	T	-C/-C	0	18	100%	0	2	0	54	0.98	0	1	0	0	8	10	-C
I	5368273	G	+T/+T	0	22	100%	0	2	0	52	0.98	0	1	0	0	10	12	+T
I	5426622	C	+T/+T	0	4	80%	0	1	0	39	0.98	0	1	0	0	4	0	+T
I	5547223	T	*/-A	7	4	36.36%	2	2	47	37	0.98	1	1	4	3	2	2	-A
I	5567937	C	*/-A	11	3	17.65%	2	1	51	37	0.98	1	1	7	4	3	0	-A
I	5567937	C	*/+A	11	3	17.65%	2	2	51	45	0.98	1	1	7	4	1	2	-A
I	5576850	T	*/-AA	7	2	22.22%	2	1	35	68	0.98	1	1	2	5	2	0	-AA
II	146079	T	*/-C	5	9	64.29%	2	2	34	52	0.98	1	1	3	2	5	4	-C
II	229897	A	*/-T	13	3	15.79%	2	2	44	49	0.98	1	1	8	5	1	2	-T
II	229897	A	*/+T	13	3	15.79%	2	1	44	49	0.98	1	1	8	5	3	0	-T
II	243155	C	*/-A	6	2	20%	2	2	47	37	0.98	1	1	4	2	1	1	A
II	410085	C	*/-T	10	3	21.43%	2	1	37	36	0.98	1	1	8	2	0	3	-T
II	484534	A	+T/+T	1	5	83.33%	1	1	74	36	0.98	1	1	0	1	0	5	+T
II	521731	G	*/-T	11	3	21.43%	2	2	49	65	0.98	1	1	6	5	2	1	-T
II	603279	A	-T/-T	0	4	100%	0	1	0	37	0.98	0	1	0	0	0	4	-T
II	603305	A	-C/-C	0	5	100%	0	1	0	37	0.98	0	1	0	0	0	5	-C
II	677175	G	*/-TA	8	2	20%	2	1	43	31	0.98	1	1	1	7	0	2	-TA
II	700009	T	*/-A	4	2	33.33%	1	1	43	37	0.98	1	1	0	4	0	2	-A
II	716295	G	*/-T	3	4	44.44%	2	2	29	43	0.98	1	1	1	2	3	1	-T
II	716295	G	*/+T	3	2	22.22%	2	1	29	37	0.98	1	1	1	2	2	0	-T
II	753854	A	*/-T	5	2	25%	1	1	44	37	0.98	1	1	5	0	2	0	-T
II	756993	C	*/-T	2	2	25%	1	2	55	42	0.98	1	1	0	2	1	1	-T
II	756993	C	*/+T	2	2	25%	1	1	55	36	0.98	1	1	0	2	2	0	-T
II	888599	A	-C/-C	0	5	100%	0	2	0	59	0.98	0	1	0	0	2	3	-C
II	889921	C	*/-T	5	2	25%	1	1	34	37	0.98	1	1	5	0	2	0	-T
II	903106	G	+T/+T	0	7	100%	0	2	0	47	0.98	0	1	0	0	4	3	+T
II	948303	T	*/-A	8	2	18.18%	2	2	57	74	0.98	1	1	6	2	1	1	-A
II	965517	C	*/-T	6	4	40%	2	2	49	31	0.98	1	1	3	3	2	2	-T
II	1024581	G	*/-GGA	19	2	9.52%	2	1	48	37	0.98	1	1	12	7	0	2	-GGA
II	1046425	T	+A/+A	1	4	80%	1	1	37	37	0.98	1	1	0	1	0	4	+A
II	1057872	T	*/+A	4	2	33.33%	2	1	46	37	0.98	1	1	3	1	0	2	+A
II	1059118	T	*/-A	9	2	16.67%	2	2	49	62	0.98	1	1	4	5	1	1	-A
II	1069791	C	*/+A	5	2	28.57%	1	2	42	55	0.98	1	1	5	0	1	1	+A
II	1079843	T	+A/+A	0	6	100%	0	2	0	37	0.98	0	1	0	0	1	5	+A
II	1163154	A	-T/-T	0	7	100%	0	2	0	58	0.98	0	1	0	0	4	3	-T
II	1187785	G	*/-T	4	2	33.33%	2	2	52	37	0.98	1	1	1	3	1	1	-T
II	1243365	G	*/-T	5	2	28.57%	2	2	51	37	0.98	1	1	4	1	1	1	-T
II	1308618	G	-T/-T	0	19	100%	0	2	0	48	0.98	0	1	0	0	8	11	-T
II	1365999	G	*/-T	10	2	15.38%	2	1	51	49	0.98	1	1	7	3	2	0	-T
II	1389139	C	*/+T	0	4	66.67%	0	2	0	33	0.98	0	1	0	0	3	1	+T
II	1467485	C	*/-T	5	2	28.57%	2	2	32	43	0.98	1	1	1	4	1	1	-T
II	1554361	C	*/-T	11	2	15.38%	2	2	39	36	0.98	1	1	5	6	1	1	-T
II	1610504	A	*/+G	29	2	6.45%	2	1	50	68	0.98	1	1	19	10	2	0	+G
II	1613132	A	*/-AT	2	2	50%	1	1	74	74	0.98	1	1	0	2	2	0	-AT
II	1637375	T	*/+C	28	6	17.65%	2	2	51	59	0.98	1	1	12	16	4	2	+C
II	1678205	T	-A/-A	0	4	100%	0	2	0	37	0.98	0	1	0	0	3	1	-A
II	1716256	G	*/+T	4	2	33.33%	2	2	39	31	0.98	1	1	2	2	1	1	+T
II	1757820	A	*/+G	6	2	25%	2	1	49	37	0.98	1	1	4	2	2	0	+G
II	1818108	C	*/-T	2	4	66.67%	2	2	31	37	0.98	1	1	1	1	1	3	-T
II	1861420	T	-G/-G	1	8	88.89%	1	2	37	49	0.98	1	1	0	1	3	5	-G
II	1867795	A	+T/+T	0	8	100%	0	2	0	46	0.98	0	1	0	0	5	3	+T
II	1873779	T	+A/+A	0	8	100%	0	2	0	43	0.98	0	1	0	0	4	4	+A
II	1877294	A	+T/+T	1	10	83.33%	1	2	37	45	0.98	1	1	1	0	7	3	+T
II	1941966	A	+T/+T	0	9	90%	0	2	0	49	0.98	0	1	0	0	4	5	+T
II	1941982	A	+T/+T	0	10	100%	0	2	0	51	0.98	0	1	0	0	4	6	+T
II	1948953	G	-A/-A	0	18	100%	0	2	0	47	0.98	0	1	0	0	12	6	-A
II	1950050	A	+G/+G	1	18	94.74%	1	2	62	55	0.98	1	1	0	1	7	11	+G
II	1955495	T	+A/+A	0	5	100%	0	1	0	51	0.98	0	1	0	0	5	0	+A
II	1960392	A	+G/+G	0	7	100%	0	2	0	35	0.98	0	1	0	0	3	4	+G
II	1987101	C	-G/-G	0	10	100%	0	2	0	44	0.98	0	1	0	0	3	7	-G
II	1987117	T	-G/-G	0	9	100%	0	2	0	45	0.98	0	1	0	0	3	6	-G
II	2049891	A	-T/-T	0	17	100%	0	2	0	54	0.98	0	1	0	0	5	12	-T
II	2053516	G	+C/+C	0	19	100%	0	2	0	56	0.98	0	1	0	0	10	9	+C
II	2108180	T	+A/+A	2	9	81.82%	1	2	55	43	0.98	1	1	0	2	4	5	+A
II	2147726	G	+T/+T	0	13	100%	0	2	0	49	0.98	0	1	0	0	5	8	+T
II	2187407	G	+A/+A	0	7	100%	0	2	0	45	0.98	0	1	0	0	2	5	+A
II	2219928	A	+T/+T	0	9	100%	0	2	0	46	0.98	0	1	0	0	4	5	+T
II	2293297	G	-A/-A	0	6	100%	0	2	0	43	0.98	0	1	0	0	3	3	-A
II	2338528	G	*/-A	5	2	28.57%	1	1	34	37	0.98	1	1	5	0	2	0	-A
II	2592423	T	+A/+A	0	9	100%	0	2	0	45	0.98	0	1	0	0	6	3	+A
II	2612668	A	*/-T	8	2	20%	2	2	57	49	0.98	1	1	3	5	1	1	-T
II	2630607	C	+A/+A	1	6	85.71%	1	2	62	43	0.98	1	1	1	0	1	5	+A
II	2640785	T	*/+A	4	6	50%	2	2	49	35	0.98	1	1	3	1	2	4	+A
II	2686473	G	*/+A	6	2	25%	2	1	31	68	0.98	1	1	1	5	2	0	+A
II	2709414	G	+C/+C	1	12	92.31%	1	2	74	48	0.98	1	1	0	1	6	6	+C
II	2755338	C	*/-AT	6	5	38.46%	1	2	43	59	0.98	1	1	0	6	2	3	-AT
II	2755338	C	*/-ATAT	6	2	15.38%	1	1	43	37	0.98	1	1	0	6	2	0	-AT
II	2788933	C	+G/+G	0	16	100%	0	2	0	47	0.98	0	1	0	0	5	11	+G
II	2798040	C	-T/-T	2	17	89.47%	2	2	37	54	0.98	1	1	1	1	8	9	-T
II	2798514	A	-G/-G	0	7	100%	0	2	0	47	0.98	0	1	0	0	3	4	-G
II	2811495	C	-A/-A	0	10	100%	0	2	0	48	0.98	0	1	0	0	3	7	-A
II	2938956	C	*/+T	2	4	66.67%	1	2	37	36	0.98	1	1	2	0	1	3	+T
II	3040332	C	+G/+G	1	22	95.65%	1	2	37	40	0.98	1	1	0	1	12	10	+G
II	3556736	A	*/-T	5	2	25%	2	1	56	49	0.98	1	1	3	2	2	0	-T
II	3619003	A	+G/+G	2	14	82.35%	2	2	49	47	0.98	1	1	1	1	7	7	+G
II	3715149	G	*/-A	2	3	50%	1	1	37	37	0.98	1	1	2	0	3	0	-A
II	3799350	G	*/+A	3	2	33.33%	2	1	40	37	0.98	1	1	2	1	2	0	+A
II	3838101	C	-A/-A	1	4	80%	1	2	48	43	0.98	1	1	0	1	3	1	-A
II	3856893	T	*/-C	15	2	11.76%	2	1	40	37	0.98	1	1	9	6	0	2	-C
II	3856896	A	*/-T	12	3	18.75%	2	2	39	40	0.98	1	1	8	4	2	1	-T
II	3860185	C	*/-TAGTA	14	10	38.46%	2	2	49	42	0.98	1	1	3	11	8	2	-TAGTA
II	3861161	C	*/-T	10	2	16.67%	2	2	46	37	0.98	1	1	6	4	1	1	-T
II	3954039	C	*/-T	8	3	23.08%	2	2	44	52	0.98	1	1	6	2	1	2	-T
II	3975235	C	*/+A	13	2	11.76%	2	1	37	37	0.98	1	1	11	2	2	0	+A
II	3983331	G	*/-TA	28	2	6.67%	2	2	46	37	0.98	1	1	9	19	1	1	-TA
II	4006982	C	*/-A	1	2	40%	1	2	48	68	0.98	1	1	0	1	1	1	-A
II	4006982	C	*/+A	1	2	40%	1	2	48	62	0.98	1	1	0	1	1	1	-A
II	4031460	A	*/+T	3	3	33.33%	1	2	40	30	0.98	1	1	3	0	1	2	+T
II	4031460	A	*/+TT	3	2	22.22%	1	1	40	37	0.98	1	1	3	0	2	0	+T
II	4254960	G	-A/-A	0	11	100%	0	2	0	53	0.98	0	1	0	0	4	7	-A
II	4264124	C	*/+TGA	17	2	10.53%	2	2	42	37	0.98	1	1	12	5	1	1	+TGA
II	4308414	C	*/+A	3	6	66.67%	2	2	45	38	0.98	1	1	2	1	5	1	+A
II	4419921	T	+A/+A	1	3	75%	1	2	22	46	0.98	1	1	0	1	2	1	+A
II	4513922	G	*/+GGCTGCTATAATCATTCCCAA	30	2	6.25%	2	1	47	37	0.98	1	1	10	20	0	2	+GGCTGCTATAATCATTCCCAA
II	4517047	T	*/+TACTCATC	28	9	23.68%	2	2	52	38	0.98	1	1	13	15	4	5	+TACTCATC
II	4525340	G	*/-T	27	2	5.56%	2	1	40	49	0.98	1	1	18	9	0	2	-T
II	4525340	G	*/+T	27	5	13.89%	2	2	40	44	0.98	1	1	18	9	1	4	+T
II	4526174	A	*/-T	4	2	28.57%	2	2	35	37	0.98	1	1	1	3	1	1	-T
II	4528465	C	*/+GACAAT	49	5	9.26%	2	2	48	37	0.98	1	1	24	25	2	3	+GACAAT
II	4528483	T	*/-GACAATGACAGA	40	7	14.89%	2	2	47	44	0.98	1	1	18	22	4	3	-GACAATGACAGA
II	4529375	T	*/+ACAACGACAACGACAACG	22	8	23.53%	2	2	41	39	0.98	1	1	11	11	3	5	+ACAACGACAACGACAACG
II	4529375	T	*/+ACAACGACAACGACAACGACAACG	22	3	8.82%	2	2	41	45	0.98	1	1	11	11	1	2	+ACAACGACAACGACAACG
II	4533588	C	*/-T	23	11	32.35%	2	2	44	49	0.98	1	1	13	10	2	9	-T
II	4534880	A	*/-T	47	14	22.95%	2	2	46	43	0.98	1	1	26	21	7	7	-T
II	4535321	G	*/-GATAT	113	12	9.6%	2	2	43	43	0.98	1	1	55	58	9	3	-GATAT
II	4535523	T	*/+GTTACG	103	22	17.46%	2	2	45	46	0.98	1	1	33	70	10	12	+GTTACG
II	4535548	A	*/-TATGTG	126	19	13.1%	2	2	44	53	0.98	1	1	42	84	9	10	-TATGTG
II	4535645	G	*/-T	71	16	18.18%	2	2	51	49	0.98	1	1	31	40	9	7	-T
II	4535727	A	*/-G	60	16	21.05%	2	2	42	47	0.98	1	1	22	38	10	6	-G
II	4536728	A	*/+GAGAGTAGG	97	7	6.67%	2	2	47	51	0.98	1	1	39	58	3	4	+GAGAGTAGG
II	4537213	G	*/+T	45	77	63.11%	2	2	58	56	0.98	1	1	25	20	51	26	+T
II	4537387	A	*/-AATAAGAG	26	59	69.41%	2	2	41	47	0.98	1	1	14	12	33	26	-AATAAGAG
II	4537655	A	*/+AAATG	22	4	14.81%	2	1	47	46	0.98	1	1	14	8	4	0	+AAATG
II	4537665	G	*/+AAATA	26	2	7.14%	2	1	43	37	0.98	1	1	19	7	0	2	+AAATA
II	4539204	G	*/-ATAGGTAGAATAAGTAAAGCAGAATAGGTAGA	99	8	7.48%	2	2	48	46	0.98	1	1	46	53	3	5	-ATAGGTAGAATAAGTAAAGCAGAATAGGTAGA
III	1558	G	*/+A	28	6	16.67%	2	2	39	38	0.98	1	1	11	17	4	2	+A
III	4729	A	*/-T	159	54	23.08%	2	2	48	46	0.98	1	1	97	62	26	28	-T
III	4729	A	*/+T	159	12	5.13%	2	2	48	47	0.98	1	1	97	62	5	7	-T
III	4952	C	*/+T	123	30	19.23%	2	2	42	46	0.98	1	1	83	40	8	22	+T
III	5403	C	*/-T	250	55	16.42%	2	2	42	43	0.98	1	1	180	70	27	28	-T
III	5403	C	*/-TT	250	19	5.67%	2	2	42	50	0.98	1	1	180	70	10	9	-T
III	9812	T	*/+A	49	18	26.87%	2	1	49	41	0.98	1	1	19	30	0	18	+A
III	12428	G	*/-A	32	5	11.11%	2	2	43	44	0.98	1	1	15	17	4	1	-A
III	12428	G	*/+A	32	3	6.67%	2	2	43	37	0.98	1	1	15	17	2	1	-A
III	15599	A	*/-T	152	48	20.69%	2	2	47	48	0.98	1	1	100	52	20	28	-T
III	15599	A	*/+T	152	23	9.91%	2	2	47	45	0.98	1	1	100	52	6	17	-T
III	15822	C	*/+T	122	37	22.84%	2	2	41	49	0.98	1	1	67	55	10	27	+T
III	16273	C	*/-T	234	44	14.72%	2	2	42	47	0.98	1	1	176	58	21	23	-T
III	20682	T	*/+A	58	4	6.35%	2	1	48	34	0.98	1	1	20	38	0	4	+A
III	20964	A	*/-T	36	2	5.26%	2	1	43	37	0.98	1	1	19	17	0	2	-T
III	23298	G	*/-A	26	2	5.71%	2	2	39	55	0.98	1	1	17	9	1	1	A
III	23298	G	*/-AA	26	2	5.71%	2	2	39	37	0.98	1	1	17	9	1	1	A
III	23298	G	*/+A	26	2	5.71%	2	2	39	42	0.98	1	1	17	9	1	1	A
III	286478	C	-TT/-TT	1	4	80%	1	2	37	33	0.98	1	1	1	0	1	3	-TT
III	286594	T	*/+A	5	2	22.22%	2	1	36	31	0.98	1	1	3	2	2	0	A
III	348685	G	*/-AT	17	2	10.53%	2	1	50	37	0.98	1	1	13	4	0	2	-AT
III	360383	G	*/+A	20	2	9.09%	2	1	48	49	0.98	1	1	10	10	2	0	+A
III	365747	C	-A/-A	0	9	100%	0	2	0	42	0.98	0	1	0	0	6	3	-A
III	568658	C	*/-T	6	2	25%	2	2	32	49	0.98	1	1	4	2	1	1	-T
III	822701	G	*/-T	5	2	25%	2	2	42	74	0.98	1	1	2	3	1	1	-T
III	867865	C	-T/-T	0	4	100%	0	2	0	39	0.98	0	1	0	0	2	2	-T
III	958241	C	*/-T	4	2	28.57%	1	2	38	55	0.98	1	1	4	0	1	1	-T
III	966124	G	*/-T	10	2	14.29%	2	1	43	37	0.98	1	1	9	1	2	0	-T
III	969023	G	*/-T	5	2	28.57%	2	2	56	37	0.98	1	1	3	2	1	1	-T
III	1016311	G	+C/+C	0	19	100%	0	2	0	42	0.98	0	1	0	0	10	9	+C
III	1073505	T	*/+ATATAGAG	66	6	8.22%	2	1	52	43	0.98	1	1	36	30	6	0	+ATATAGAG
III	1075530	A	*/+TGGAAGTGGTAAG	84	5	5.56%	2	2	46	42	0.98	1	1	34	50	3	2	+TGGAAGTGGTAAG
III	1079346	A	*/+G	62	5	7.46%	2	2	45	44	0.98	1	1	41	21	3	2	+G
III	1080146	T	*/+ATATAGAG	82	8	8.79%	2	2	46	40	0.98	1	1	28	54	7	1	+ATATAGAG
III	1082171	A	*/+TGGAAGTGGTAAG	73	4	5.13%	2	2	46	46	0.98	1	1	28	45	2	2	+TGGAAGTGGTAAG
III	1087979	A	*/+G	32	2	5.88%	2	2	46	37	0.98	1	1	18	14	1	1	+G
III	1095550	G	*/-T	2	4	66.67%	1	2	42	40	0.98	1	1	2	0	2	2	-T
III	1103423	T	*/-A	4	5	45.45%	1	2	42	41	0.98	1	1	4	0	4	1	-A
III	1103423	T	*/-AA	4	2	18.18%	1	1	42	36	0.98	1	1	4	0	0	2	-A
III	1110132	C	*/+TCTCTATA	25	2	7.14%	2	1	50	55	0.98	1	1	11	14	2	0	+TCTCTATA
III	1110963	T	*/+C	28	3	9.68%	2	2	45	53	0.98	1	1	10	18	1	2	+C
III	1114914	T	*/+ACCACTAACCATC	26	4	13.33%	2	1	50	52	0.98	1	1	17	9	4	0	+ACCACTAACCATC
III	1121674	T	*/+ACCACTAACCATC	26	3	10.34%	2	2	46	49	0.98	1	1	20	6	1	2	+ACCACTAACCATC
III	1124483	T	*/+C	38	5	11.63%	2	2	48	59	0.98	1	1	14	24	4	1	+C
III	1128434	T	*/+ACCACTAACCATC	17	4	19.05%	2	2	50	55	0.98	1	1	12	5	3	1	+ACCACTAACCATC
III	1395671	C	*/-A	8	2	20%	2	2	52	42	0.98	1	1	1	7	1	1	-A
III	1510629	T	*/+A	3	2	33.33%	2	2	45	55	0.98	1	1	1	2	1	1	+A
III	1529684	C	*/-A	1	2	50%	1	2	37	36	0.98	1	1	1	0	1	1	-A
III	1685487	G	+A/+A	1	8	88.89%	1	2	37	52	0.98	1	1	0	1	6	2	+A
III	1695103	C	+ATTT/+ATTT	1	10	90.91%	1	2	37	45	0.98	1	1	0	1	3	7	+ATTT
III	1702276	A	*/-T	14	3	16.67%	2	2	49	61	0.98	1	1	8	6	2	1	-T
III	1712983	G	*/-A	5	4	40%	1	2	36	31	0.98	1	1	5	0	3	1	-A
III	1756400	T	-A/-A	1	12	92.31%	1	2	48	46	0.98	1	1	0	1	5	7	-A
III	1774235	T	+GATC/+GATC	1	6	85.71%	1	2	37	37	0.98	1	1	1	0	5	1	+GATC
III	1925626	C	-A/-A	1	3	75%	1	2	48	45	0.98	1	1	0	1	1	2	-A
III	1965229	C	*/-A	7	2	22.22%	2	2	36	55	0.98	1	1	4	3	1	1	-A
III	1979604	A	*/-TT	1	2	50%	1	1	37	37	0.98	1	1	0	1	2	0	-TT
III	1985119	G	*/-T	5	2	25%	2	2	36	37	0.98	1	1	4	1	1	1	-T
III	2010864	G	*/-TA	27	2	6.9%	2	2	44	74	0.98	1	1	8	19	1	1	-TA
III	2027936	G	*/+T	10	2	16.67%	2	1	44	37	0.98	1	1	6	4	2	0	+T
III	2113205	C	*/-T	4	4	44.44%	2	2	36	36	0.98	1	1	3	1	3	1	-T
III	2190252	G	*/-A	2	2	50%	2	2	55	31	0.98	1	1	1	1	1	1	-A
III	2220935	C	*/+T	4	2	28.57%	2	1	46	31	0.98	1	1	2	2	2	0	+T
III	2373166	G	*/-A	11	2	14.29%	2	2	40	37	0.98	1	1	6	5	1	1	-A
III	2439799	A	*/+T	56	3	5%	2	2	45	49	0.98	1	1	42	14	1	2	+T
III	2443562	A	+T/+T	6	21	75%	2	1	38	35	0.98	1	1	2	4	0	21	+T
III	2447848	T	*/-A	574	200	20%	2	2	43	39	0.98	1	1	456	118	159	41	-A
III	2447848	T	*/-AA	574	110	11%	2	2	43	43	0.98	1	1	456	118	80	30	-A
III	2447848	T	*/+A	574	77	7.7%	2	2	43	43	0.98	1	1	456	118	59	18	-A
III	2448309	T	-AA/-AA	32	314	89.71%	2	2	44	41	0.98	1	1	22	10	144	170	-AA
III	2448518	T	*/-A	483	164	21.69%	2	2	45	46	0.98	1	1	347	136	111	53	-A
III	2448518	T	*/-AA	483	41	5.42%	2	2	45	49	0.98	1	1	347	136	25	16	-A
III	2448518	T	*/+A	483	53	7.01%	2	2	45	42	0.98	1	1	347	136	38	15	+A
