Chrom	Position	Ref	Cons	Reads1	Reads2	VarFreq	Strands1	Strands2	Qual1	Qual2	Pvalue	MapQual1	MapQual2	Reads1Plus	Reads1Minus	Reads2Plus	Reads2Minus	VarAllele
chr_II_telomeric_gap	6088	A	*/-T	5	2	22.22%	2	2	34	42	0.98	1	1	2	3	1	1	-T
chr_II_telomeric_gap	6088	A	*/+T	5	2	22.22%	2	1	34	37	0.98	1	1	2	3	0	2	-T
chr_II_telomeric_gap	8538	G	-A/-A	0	3	75%	0	1	0	36	0.98	0	1	0	0	3	0	-A
I	3160	A	*/+GTTGTCGTTGTCGTTGTC	73	13	14.29%	2	2	43	45	0.98	1	1	38	35	7	6	+GTTGTCGTTGTCGTTGTC
I	4047	C	*/-TGTCTCTGTCAT	77	13	14.44%	2	2	43	40	0.98	1	1	38	39	6	7	-TGTCTCTGTCAT
I	4053	C	*/+TGTCATTGTCAT	45	28	37.33%	2	2	45	42	0.98	1	1	20	25	16	12	+TGTCATTGTCAT
I	5676	T	*/-GA	34	2	5.41%	2	1	38	37	0.98	1	1	26	8	0	2	-GA
I	5677	G	*/-A	12	5	17.86%	2	1	37	37	0.98	1	1	11	1	5	0	-A
I	5677	G	*/-AA	12	2	7.14%	2	1	37	37	0.98	1	1	11	1	2	0	-A
I	5677	G	*/-AAA	12	4	14.29%	2	1	37	37	0.98	1	1	11	1	4	0	-AAA
I	5677	G	*/-AAAAAA	12	2	7.14%	2	1	37	37	0.98	1	1	11	1	2	0	-AAA
I	6357	T	*/-AA	52	18	24.32%	2	2	45	43	0.98	1	1	33	19	5	13	-AA
I	7192	C	*/+A	44	7	12.07%	2	2	45	36	0.98	1	1	32	12	5	2	+A
I	10859	G	*/-TT	12	18	60%	2	2	48	40	0.98	1	1	9	3	11	7	-TT
I	15734	C	*/-A	23	7	19.44%	2	2	42	38	0.98	1	1	16	7	4	3	-A
I	15734	C	*/-AA	23	2	5.56%	2	2	42	74	0.98	1	1	16	7	1	1	-A
I	15734	C	*/+A	23	3	8.33%	2	1	42	40	0.98	1	1	16	7	3	0	+A
I	19694	T	*/+A	44	3	6.38%	2	1	58	37	0.98	1	1	16	28	3	0	+A
I	27402	A	*/-C	10	6	25%	2	2	38	36	0.98	1	1	2	8	4	2	-C
I	27402	A	*/+C	10	6	25%	2	1	38	40	0.98	1	1	2	8	0	6	-C
I	27402	A	*/+CC	10	2	8.33%	2	1	38	37	0.98	1	1	2	8	0	2	-C
I	43335	G	*/+A	3	2	25%	1	1	37	37	0.98	1	1	3	0	2	0	+A
I	55244	T	*/-A	9	3	15%	2	1	36	37	0.98	1	1	8	1	3	0	-A
I	55244	T	*/-AA	9	3	15%	2	1	36	37	0.98	1	1	8	1	3	0	-A
I	55244	T	*/-AAA	9	3	15%	2	2	36	49	0.98	1	1	8	1	2	1	-A
I	55244	T	*/+A	9	2	10%	2	1	36	37	0.98	1	1	8	1	2	0	-A
I	101871	A	+G/+G	0	28	84.85%	0	2	0	48	0.98	0	1	0	0	9	19	+G
I	110482	T	*/-A	16	2	11.11%	2	1	36	31	0.98	1	1	13	3	0	2	-A
I	190112	C	*/-A	6	2	18.18%	2	2	35	55	0.98	1	1	3	3	1	1	A
I	216147	C	*/-T	20	2	8.33%	2	2	45	25	0.98	1	1	9	11	1	1	-T
I	216147	C	*/+T	20	2	8.33%	2	2	45	37	0.98	1	1	9	11	1	1	-T
I	301305	G	*/-T	25	2	7.41%	2	2	48	55	0.98	1	1	10	15	1	1	-T
I	303068	C	*/+AT	38	2	5%	2	1	45	37	0.98	1	1	18	20	0	2	+AT
I	377488	C	*/-T	7	2	22.22%	2	1	44	55	0.98	1	1	5	2	0	2	-T
I	414079	C	*/-T	7	3	27.27%	2	1	47	45	0.98	1	1	5	2	3	0	-T
I	440084	T	*/+A	3	5	55.56%	2	2	49	36	0.98	1	1	2	1	3	2	+A
I	441614	C	*/-TT	8	2	14.29%	2	2	33	42	0.98	1	1	4	4	1	1	-TT
I	441614	C	*/+T	8	3	21.43%	2	1	33	37	0.98	1	1	4	4	3	0	+T
I	453369	G	*/+A	5	4	40%	1	1	37	46	0.98	1	1	5	0	4	0	+A
I	456726	G	*/-T	15	2	11.11%	2	2	39	55	0.98	1	1	10	5	1	1	-T
I	470378	A	-C/-C	0	22	100%	0	2	0	39	0.98	0	1	0	0	14	8	-C
I	470390	A	-C/-C	0	24	100%	0	2	0	44	0.98	0	1	0	0	14	10	-C
I	473427	G	*/+T	9	2	14.29%	2	2	39	55	0.98	1	1	8	1	1	1	+T
I	482737	A	+G/+G	1	29	96.67%	1	2	37	48	0.98	1	1	0	1	15	14	+G
I	486159	G	*/-A	24	2	7.69%	2	1	48	49	0.98	1	1	14	10	2	0	-A
I	521845	T	*/-A	9	4	28.57%	2	2	39	37	0.98	1	1	8	1	2	2	-A
I	553888	T	*/-A	18	2	10%	2	2	40	55	0.98	1	1	13	5	1	1	-A
I	554527	A	+T/+T	1	14	93.33%	1	2	37	37	0.98	1	1	0	1	5	9	+T
I	562745	A	*/-T	8	2	13.33%	2	1	40	37	0.98	1	1	6	2	2	0	-T
I	562745	A	*/+T	8	4	26.67%	2	1	40	34	0.98	1	1	6	2	0	4	+T
I	631469	A	*/+AT	33	2	5.71%	2	2	47	55	0.98	1	1	15	18	1	1	+AT
I	650099	C	*/-A	3	2	13.33%	2	2	33	31	0.98	1	1	1	2	1	1	-A
I	650099	C	*/+A	3	4	26.67%	2	1	33	39	0.98	1	1	1	2	4	0	+A
I	650099	C	*/+AA	3	4	26.67%	2	2	33	46	0.98	1	1	1	2	2	2	+A
I	653719	C	*/+T	8	15	62.5%	2	2	34	43	0.98	1	1	4	4	8	7	+T
I	660056	T	*/+G	5	4	33.33%	2	2	42	43	0.98	1	1	4	1	3	1	+G
I	660056	T	*/+GG	5	3	25%	2	1	42	33	0.98	1	1	4	1	3	0	+G
I	670032	C	+A/+A	2	50	94.34%	2	2	37	48	0.98	1	1	1	1	26	24	+A
I	682993	T	-C/-C	2	28	93.33%	1	2	74	48	0.98	1	1	2	0	10	18	-C
I	793917	A	*/-T	4	5	55.56%	2	2	40	34	0.98	1	1	2	2	2	3	-T
I	807903	A	*/-T	16	3	15.79%	2	2	44	37	0.98	1	1	2	14	1	2	-T
I	862962	C	+T/+T	0	8	100%	0	2	0	40	0.98	0	1	0	0	3	5	+T
I	934908	T	*/+AA	9	5	29.41%	2	2	38	37	0.98	1	1	8	1	2	3	+AA
I	960025	G	*/+T	2	7	63.64%	2	2	31	58	0.98	1	1	1	1	5	2	+T
I	960025	G	*/+TT	2	2	18.18%	2	2	31	31	0.98	1	1	1	1	1	1	+T
I	965438	C	*/+A	1	5	62.5%	1	1	48	34	0.98	1	1	0	1	5	0	+A
I	1048635	G	+A/+A	4	14	77.78%	1	2	37	41	0.98	1	1	4	0	11	3	+A
I	1051495	T	*/+A	28	2	6.67%	2	2	45	55	0.98	1	1	13	15	1	1	+A
I	1079583	T	*/+AAAAAAA	1	4	44.44%	1	2	37	55	0.98	1	1	1	0	2	2	+AAAAAAA
I	1079583	T	*/+AAAAAAAA	1	3	33.33%	1	2	37	37	0.98	1	1	1	0	1	2	+AAAAAAA
I	1083962	G	+TT/+TT	0	16	88.89%	0	2	0	43	0.98	0	1	0	0	10	6	+TT
I	1090163	C	*/+T	11	2	15.38%	2	2	49	37	0.98	1	1	7	4	1	1	+T
I	1148104	A	+T/+T	2	7	77.78%	2	2	37	52	0.98	1	1	1	1	3	4	+T
I	1274803	T	+A/+A	0	20	100%	0	2	0	40	0.98	0	1	0	0	7	13	+A
I	1290605	A	*/-T	14	5	22.73%	2	2	42	37	0.98	1	1	11	3	2	3	-T
I	1290605	A	*/+T	14	2	9.09%	2	2	42	55	0.98	1	1	11	3	1	1	-T
I	1358794	C	*/+A	5	7	58.33%	2	2	34	36	0.98	1	1	2	3	4	3	+A
I	1359503	T	*/-A	8	2	20%	2	1	41	36	0.98	1	1	5	3	0	2	-A
I	1424708	C	-A/-A	0	15	100%	0	2	0	41	0.98	0	1	0	0	8	7	-A
I	1450842	T	*/-A	37	2	5.13%	2	2	42	31	0.98	1	1	23	14	1	1	-A
I	1478066	G	*/-A	13	2	11.76%	2	1	40	37	0.98	1	1	10	3	2	0	-A
I	1478066	G	*/+A	13	2	11.76%	2	2	40	31	0.98	1	1	10	3	1	1	-A
I	1496317	C	*/-A	3	11	57.89%	2	2	40	38	0.98	1	1	1	2	6	5	-A
I	1496317	C	*/-AA	3	5	26.32%	2	2	40	46	0.98	1	1	1	2	3	2	-A
I	1509277	C	*/+T	5	14	73.68%	1	2	36	43	0.98	1	1	5	0	7	7	+T
I	1529295	A	-AGGAGG/-AGGAGG	1	22	95.65%	1	2	37	43	0.98	1	1	1	0	9	13	-AGGAGG
I	1541472	G	*/-TT	5	2	22.22%	1	1	42	49	0.98	1	1	5	0	2	0	-TT
I	1558257	T	*/+C	27	2	6.9%	2	1	43	37	0.98	1	1	13	14	2	0	+C
I	1595056	C	*/+T	9	2	15.38%	2	2	37	36	0.98	1	1	7	2	1	1	+T
I	1599291	T	*/-A	11	4	22.22%	2	2	37	36	0.98	1	1	5	6	2	2	-A
I	1599291	T	*/-AA	11	2	11.11%	2	1	37	49	0.98	1	1	5	6	0	2	-A
I	1625092	T	+C/+C	1	25	92.59%	1	2	74	50	0.98	1	1	1	0	11	14	+C
I	1777634	A	*/-TT	5	2	25%	2	2	56	37	0.98	1	1	1	4	1	1	-TT
I	1837916	G	*/-TT	5	2	20%	2	2	34	74	0.98	1	1	4	1	1	1	-TT
I	1845934	T	*/-A	20	3	13.04%	2	2	44	37	0.98	1	1	8	12	1	2	-A
I	1848384	C	*/-A	10	2	16.67%	2	1	49	37	0.98	1	1	8	2	2	0	-A
I	1849285	C	*/-T	29	8	20.51%	2	2	51	44	0.98	1	1	18	11	3	5	-T
I	1890184	C	*/-A	6	9	50%	2	2	51	50	0.98	1	1	4	2	5	4	-A
I	1890184	C	*/-AA	6	2	11.11%	2	1	51	31	0.98	1	1	4	2	0	2	-A
I	1925428	T	*/-A	15	2	11.76%	2	2	40	37	0.98	1	1	11	4	1	1	-A
I	1936294	G	+A/+A	0	15	100%	0	2	0	44	0.98	0	1	0	0	4	11	+A
I	1952313	A	+T/+T	1	40	97.56%	1	2	74	42	0.98	1	1	1	0	26	14	+T
I	1954162	C	*/-A	6	5	38.46%	2	2	47	39	0.98	1	1	2	4	4	1	-A
I	1955754	C	*/+T	1	2	33.33%	1	1	22	42	0.98	1	1	1	0	2	0	+T
I	1955853	T	*/+A	1	5	71.43%	1	2	37	41	0.98	1	1	1	0	3	2	+A
I	1955953	C	*/-T	16	2	11.11%	2	2	39	37	0.98	1	1	8	8	1	1	-T
I	2025000	C	*/+T	8	8	44.44%	2	2	36	39	0.98	1	1	7	1	7	1	+T
I	2041948	T	*/-A	18	2	8.7%	2	1	36	37	0.98	1	1	17	1	2	0	-A
I	2041948	T	*/-AA	18	2	8.7%	2	1	36	37	0.98	1	1	17	1	2	0	-A
I	2052488	A	*/-T	22	4	13.79%	2	2	39	37	0.98	1	1	13	9	3	1	-T
I	2052488	A	*/-TT	22	3	10.34%	2	2	39	33	0.98	1	1	13	9	2	1	-T
I	2096013	T	*/-A	8	2	16.67%	1	1	43	61	0.98	1	1	8	0	0	2	-A
I	2096013	T	*/+A	8	2	16.67%	1	2	43	37	0.98	1	1	8	0	1	1	-A
I	2139856	G	*/+T	2	5	71.43%	1	2	55	37	0.98	1	1	2	0	4	1	+T
I	2154491	T	+A/+A	0	24	96%	0	2	0	40	0.98	0	1	0	0	10	14	+A
I	2174555	C	*/-A	8	7	43.75%	2	2	34	42	0.98	1	1	3	5	1	6	-A
I	2178948	C	*/-A	21	5	16.67%	2	2	40	44	0.98	1	1	20	1	3	2	-A
I	2178948	C	*/+A	21	4	13.33%	2	2	40	34	0.98	1	1	20	1	3	1	-A
I	2227936	T	*/+AAA	2	2	28.57%	1	1	37	25	0.98	1	1	2	0	2	0	A
I	2231735	C	*/-A	15	3	15.79%	2	2	43	49	0.98	1	1	6	9	1	2	-A
I	2245479	T	*/+C	16	2	11.11%	2	2	45	42	0.98	1	1	9	7	1	1	+C
I	2248535	T	+A/+A	3	19	86.36%	2	2	49	45	0.98	1	1	2	1	10	9	+A
I	2273201	T	*/-A	10	3	17.65%	2	2	40	37	0.98	1	1	5	5	1	2	-A
I	2273201	T	*/+A	10	2	11.76%	2	1	40	31	0.98	1	1	5	5	2	0	-A
I	2288240	C	-G/-G	2	31	93.94%	1	2	55	43	0.98	1	1	0	2	10	21	-G
I	2292331	C	*/-T	8	2	20%	1	1	32	37	0.98	1	1	8	0	0	2	-T
I	2312007	C	*/+A	16	2	11.11%	2	2	37	37	0.98	1	1	4	12	1	1	+A
I	2322241	G	*/-A	14	2	11.76%	2	1	48	37	0.98	1	1	6	8	0	2	-A
I	2322636	C	*/-A	17	7	22.58%	2	1	36	38	0.98	1	1	16	1	7	0	-A
I	2322636	C	*/-AA	17	4	12.9%	2	1	36	37	0.98	1	1	16	1	4	0	-A
I	2322636	C	*/-AAA	17	2	6.45%	2	2	36	61	0.98	1	1	16	1	1	1	-A
I	2327021	C	*/+A	9	2	18.18%	2	1	46	36	0.98	1	1	4	5	0	2	+A
I	2343703	G	+A/+A	0	16	100%	0	2	0	43	0.98	0	1	0	0	7	9	+A
I	2421576	A	-C/-C	2	15	88.24%	2	2	68	42	0.98	1	1	1	1	11	4	-C
I	2499149	A	-T/-T	4	19	82.61%	1	2	55	43	0.98	1	1	4	0	6	13	-T
I	2507462	T	+A/+A	3	21	87.5%	2	2	61	41	0.98	1	1	2	1	15	6	+A
I	2510060	T	+A/+A	2	8	80%	2	1	37	37	0.98	1	1	1	1	8	0	+A
I	2525713	C	*/-T	20	5	20%	2	2	37	36	0.98	1	1	14	6	4	1	-T
I	2540393	T	*/-A	29	2	6.45%	2	2	47	55	0.98	1	1	14	15	1	1	-A
I	2556743	G	*/-A	2	2	40%	1	1	33	37	0.98	1	1	2	0	2	0	-A
I	2578262	T	*/-A	10	4	26.67%	2	1	49	40	0.98	1	1	5	5	0	4	-A
I	2588021	C	+A/+A	0	8	100%	0	2	0	46	0.98	0	1	0	0	3	5	+A
I	2588066	C	+A/+A	0	8	100%	0	2	0	41	0.98	0	1	0	0	3	5	+A
I	2594263	C	*/+T	2	10	71.43%	2	2	37	45	0.98	1	1	1	1	4	6	+T
I	2594324	T	+A/+A	1	9	90%	1	2	37	41	0.98	1	1	0	1	6	3	+A
I	2594351	T	+A/+A	1	13	92.86%	1	2	37	39	0.98	1	1	0	1	8	5	+A
I	2594391	A	+T/+T	0	12	92.31%	0	2	0	44	0.98	0	1	0	0	5	7	+T
I	2605777	C	*/-A	20	2	8.7%	2	1	45	31	0.98	1	1	7	13	0	2	-A
I	2605860	G	-T/-T	1	24	96%	1	2	37	38	0.98	1	1	0	1	7	17	-T
I	2607669	A	+T/+T	2	25	92.59%	2	2	37	48	0.98	1	1	1	1	10	15	+T
I	2641998	C	*/+T	2	4	44.44%	2	2	42	36	0.98	1	1	1	1	2	2	+T
I	2683902	T	-C/-C	0	18	100%	0	2	0	49	0.98	0	1	0	0	9	9	-C
I	2689254	A	*/+T	15	2	11.11%	2	1	39	37	0.98	1	1	6	9	2	0	+T
I	2747027	T	*/-A	11	6	33.33%	2	2	44	43	0.98	1	1	7	4	3	3	-A
I	2751236	T	*/-A	4	11	50%	2	2	37	35	0.98	1	1	2	2	2	9	-A
I	2751236	T	*/-AA	4	7	31.82%	2	2	37	47	0.98	1	1	2	2	3	4	-A
I	2759871	T	+C/+C	1	9	90%	1	2	25	45	0.98	1	1	1	0	4	5	+C
I	2833048	A	*/+T	25	2	7.41%	2	1	41	37	0.98	1	1	20	5	2	0	+T
I	2897634	G	*/-TA	36	3	7.5%	2	2	49	37	0.98	1	1	14	22	1	2	-TA
I	2932642	C	*/+T	12	2	14.29%	2	1	48	37	0.98	1	1	9	3	2	0	+T
I	2960791	T	*/-A	17	2	10%	2	1	44	31	0.98	1	1	9	8	0	2	-A
I	3022371	A	*/-T	9	2	18.18%	2	2	41	42	0.98	1	1	4	5	1	1	-T
I	3033347	C	*/-T	20	3	11.11%	2	1	39	37	0.98	1	1	19	1	3	0	-T
I	3033347	C	*/-TT	20	2	7.41%	2	1	39	55	0.98	1	1	19	1	2	0	-T
I	3033347	C	*/+T	20	2	7.41%	2	2	39	55	0.98	1	1	19	1	1	1	-T
I	3125118	A	+T/+T	0	15	93.75%	0	2	0	41	0.98	0	1	0	0	8	7	+T
I	3144699	T	*/-A	15	3	15%	2	1	46	37	0.98	1	1	9	6	3	0	-A
I	3144699	T	*/-AA	15	2	10%	2	1	46	31	0.98	1	1	9	6	2	0	-A
I	3159187	C	*/-CA	69	9	11.54%	2	2	45	52	0.98	1	1	30	39	5	4	-CA
I	3159994	C	*/-T	71	6	7.41%	2	2	39	33	0.98	1	1	59	12	5	1	-T
I	3166775	A	*/+TT	19	2	9.52%	2	1	38	36	0.98	1	1	18	1	0	2	+TT
I	3166776	G	*/+TTT	5	12	57.14%	2	1	44	38	0.98	1	1	4	1	12	0	+TTT
I	3178494	C	+T/+T	2	16	84.21%	1	2	37	43	0.98	1	1	2	0	6	10	+T
I	3184255	T	*/-A	8	2	15.38%	2	1	46	31	0.98	1	1	2	6	0	2	-A
I	3184255	T	*/+A	8	2	15.38%	2	2	46	25	0.98	1	1	2	6	1	1	-A
I	3197528	A	+G/+G	1	36	94.74%	1	2	37	45	0.98	1	1	0	1	18	18	+G
I	3299738	T	*/-A	32	2	5.88%	2	1	43	55	0.98	1	1	21	11	2	0	-A
I	3299997	G	*/-A	36	3	7.69%	2	2	45	41	0.98	1	1	30	6	1	2	-A
I	3303111	C	*/+T	21	2	8%	2	2	42	37	0.98	1	1	11	10	1	1	+T
I	3394752	C	*/+T	30	2	6.25%	2	2	53	74	0.98	1	1	13	17	1	1	+T
I	3404991	C	*/-T	6	2	22.22%	1	1	39	37	0.98	1	1	6	0	2	0	-T
I	3450130	G	-T/-T	2	17	89.47%	1	2	37	40	0.98	1	1	0	2	7	10	-T
I	3460318	T	+C/+C	0	16	94.12%	0	2	0	44	0.98	0	1	0	0	12	4	+C
I	3462650	A	*/-T	14	3	16.67%	2	2	52	45	0.98	1	1	6	8	2	1	-T
I	3470530	T	*/-A	29	2	6.45%	2	2	44	55	0.98	1	1	5	24	1	1	-A
I	3473214	G	*/+A	20	2	9.09%	2	2	36	37	0.98	1	1	9	11	1	1	+A
I	3501055	G	*/+AGAAGGACA	16	8	33.33%	2	2	43	49	0.98	1	1	9	7	4	4	+AGAAGGACA
I	3538413	A	+T/+T	0	21	100%	0	2	0	45	0.98	0	1	0	0	10	11	+T
I	3538428	G	+T/+T	0	22	100%	0	2	0	47	0.98	0	1	0	0	10	12	+T
I	3538436	T	+A/+A	2	20	90.91%	2	2	37	46	0.98	1	1	1	1	9	11	+A
I	3538449	T	+TA/+TA	1	19	95%	1	2	74	42	0.98	1	1	1	0	8	11	+TA
I	3538456	A	+AT/+AT	0	19	100%	0	2	0	45	0.98	0	1	0	0	8	11	+AT
I	3575205	C	*/+A	9	2	16.67%	2	1	41	37	0.98	1	1	6	3	2	0	+A
I	3576756	T	*/+TCTTCTC	0	2	33.33%	0	2	0	37	0.98	0	1	0	0	1	1	C
I	3576929	C	+T/+T	0	9	100%	0	2	0	47	0.98	0	1	0	0	4	5	+T
I	3580034	C	*/+T	4	5	55.56%	2	1	36	37	0.98	1	1	3	1	5	0	+T
I	3609896	T	*/-A	6	4	36.36%	2	1	33	34	0.98	1	1	2	4	0	4	-A
I	3620274	G	*/+T	18	2	9.52%	2	2	41	37	0.98	1	1	10	8	1	1	+T
I	3641135	C	*/-A	35	2	5.26%	2	2	46	37	0.98	1	1	10	25	1	1	-A
I	3659724	C	*/-T	21	4	14.81%	2	2	44	42	0.98	1	1	17	4	3	1	-T
I	3665610	G	+C/+C	0	41	100%	0	2	0	47	0.98	0	1	0	0	20	21	+C
I	3700385	T	*/+A	3	5	23.81%	2	2	33	35	0.98	1	1	2	1	3	2	+A
I	3700385	T	*/+AA	3	11	52.38%	2	2	33	43	0.98	1	1	2	1	3	8	+AA
I	3730369	A	+T/+T	0	18	100%	0	2	0	41	0.98	0	1	0	0	7	11	+T
I	3752808	C	*/-A	31	2	5.88%	2	2	47	37	0.98	1	1	15	16	1	1	-A
I	3756354	A	*/-AT	14	4	22.22%	2	2	51	74	0.98	1	1	6	8	1	3	-AT
I	3765328	C	+T/+T	1	16	88.89%	1	2	37	37	0.98	1	1	1	0	13	3	+T
I	3776933	G	*/+A	2	5	62.5%	2	2	31	32	0.98	1	1	1	1	1	4	+A
I	3825510	G	*/-T	18	2	10%	2	2	48	55	0.98	1	1	14	4	1	1	-T
I	3848002	C	*/-A	19	2	9.09%	2	1	47	61	0.98	1	1	13	6	0	2	-A
I	3855790	G	*/-T	4	10	71.43%	2	2	46	40	0.98	1	1	1	3	3	7	-T
I	3876451	A	*/+G	53	5	8.62%	2	2	42	44	0.98	1	1	39	14	2	3	+G
I	3879465	T	*/-A	22	2	8.33%	2	2	45	37	0.98	1	1	11	11	1	1	-A
I	3881160	G	*/-A	32	2	5.88%	2	2	50	56	0.98	1	1	20	12	1	1	-A
I	3940025	G	+T/+T	0	20	100%	0	2	0	48	0.98	0	1	0	0	14	6	+T
I	3952900	A	*/-T	17	2	10.53%	2	2	35	36	0.98	1	1	6	11	1	1	-T
I	3991338	T	+AA/+AA	3	20	80%	1	2	37	41	0.98	1	1	3	0	9	11	+AA
I	3992188	G	*/+A	7	2	18.18%	2	1	37	55	0.98	1	1	6	1	2	0	+A
I	3992212	A	*/-AC	19	3	13.64%	2	2	39	29	0.98	1	1	7	12	1	2	-AC
I	3992213	A	*/-C	13	4	22.22%	2	2	39	37	0.98	1	1	4	9	1	3	-C
I	3996048	G	*/-A	95	5	5%	2	2	48	51	0.98	1	1	50	45	1	4	-A
I	4004016	G	*/-T	10	7	38.89%	2	2	48	43	0.98	1	1	4	6	4	3	-T
I	4005819	C	*/-A	21	2	8.7%	2	2	47	55	0.98	1	1	17	4	1	1	-A
I	4010237	A	*/-G	9	5	25%	1	1	39	37	0.98	1	1	9	0	5	0	-G
I	4010237	A	*/-GG	9	3	15%	1	1	39	37	0.98	1	1	9	0	3	0	-G
I	4010237	A	*/+G	9	3	15%	1	1	39	33	0.98	1	1	9	0	3	0	-G
I	4012158	C	*/+A	21	2	8.7%	2	2	45	55	0.98	1	1	9	12	1	1	+A
I	4055052	T	+A/+A	2	19	79.17%	2	2	55	44	0.98	1	1	1	1	13	6	+A
I	4055052	T	*/+AA	2	2	8.33%	2	1	55	68	0.98	1	1	1	1	2	0	+A
I	4098272	C	*/-T	17	2	10.53%	2	2	41	49	0.98	1	1	14	3	1	1	-T
I	4137001	T	*/-A	19	2	9.52%	2	2	40	31	0.98	1	1	15	4	1	1	-A
I	4153651	C	*/-T	14	4	16.67%	2	1	42	37	0.98	1	1	8	6	4	0	-T
I	4153651	C	*/+T	14	4	16.67%	2	2	42	33	0.98	1	1	8	6	3	1	-T
I	4168589	A	*/+T	8	2	20%	2	1	46	37	0.98	1	1	6	2	2	0	+T
I	4179701	C	*/+T	5	2	28.57%	2	2	34	55	0.98	1	1	3	2	1	1	+T
I	4239381	C	*/-T	23	4	14.81%	2	2	44	43	0.98	1	1	8	15	2	2	-T
I	4241118	G	*/-A	14	7	28%	2	2	44	51	0.98	1	1	10	4	4	3	-A
I	4241118	G	*/-AA	14	3	12%	2	1	44	45	0.98	1	1	10	4	0	3	-A
I	4276890	G	+T/+T	3	11	78.57%	1	2	37	41	0.98	1	1	3	0	6	5	+T
I	4297973	G	*/-T	14	2	12.5%	2	1	47	55	0.98	1	1	10	4	0	2	-T
I	4304169	G	+A/+A	0	11	100%	0	2	0	48	0.98	0	1	0	0	7	4	+A
I	4338694	G	*/+T	37	3	7.14%	2	1	48	57	0.98	1	1	27	10	3	0	+T
I	4360508	C	*/+T	26	3	10.34%	2	2	47	37	0.98	1	1	12	14	1	2	+T
I	4361970	C	*/-T	10	2	16.67%	2	1	39	37	0.98	1	1	6	4	2	0	-T
I	4374342	A	-G/-G	0	33	100%	0	2	0	44	0.98	0	1	0	0	23	10	-G
I	4407494	T	+G/+G	2	34	94.44%	1	2	37	49	0.98	1	1	0	2	18	16	+G
I	4410191	C	-G/-G	1	16	94.12%	1	2	37	48	0.98	1	1	1	0	10	6	-G
I	4414201	C	*/-T	1	5	71.43%	1	2	74	41	0.98	1	1	1	0	3	2	-T
I	4431856	G	+A/+A	3	40	93.02%	1	2	61	43	0.98	1	1	3	0	20	20	+A
I	4431868	C	+A/+A	2	36	94.74%	1	2	37	41	0.98	1	1	0	2	17	19	+A
I	4455149	G	+A/+A	1	6	85.71%	1	2	37	38	0.98	1	1	1	0	5	1	+A
I	4514478	T	*/-A	8	5	25%	2	2	41	42	0.98	1	1	7	1	4	1	-A
I	4514478	T	*/-AA	8	5	25%	2	2	41	37	0.98	1	1	7	1	2	3	-A
I	4604648	T	*/-C	11	2	15.38%	2	1	42	37	0.98	1	1	8	3	0	2	-C
I	4648159	T	*/-G	2	14	70%	2	2	55	41	0.98	1	1	1	1	9	5	-G
I	4648159	T	*/-GG	2	4	20%	2	2	55	36	0.98	1	1	1	1	3	1	-G
I	4658978	C	*/-A	10	4	28.57%	2	2	46	39	0.98	1	1	6	4	2	2	-A
I	4721875	G	+A/+A	0	8	100%	0	2	0	41	0.98	0	1	0	0	6	2	+A
I	4742680	C	*/-T	35	3	7.89%	2	2	42	61	0.98	1	1	24	11	2	1	-T
I	4760698	T	*/-A	15	2	11.76%	2	1	42	37	0.98	1	1	11	4	0	2	-A
I	4764253	G	*/+A	13	21	55.26%	2	2	47	44	0.98	1	1	9	4	17	4	+A
I	4916623	C	*/-A	5	7	46.67%	2	2	46	54	0.98	1	1	3	2	3	4	-A
I	4923813	A	*/-AT	25	2	7.41%	2	2	44	37	0.98	1	1	11	14	1	1	-AT
I	4926045	T	*/+A	18	2	10%	2	1	41	37	0.98	1	1	7	11	0	2	+A
I	4926046	C	*/+T	6	3	27.27%	2	2	40	36	0.98	1	1	4	2	2	1	+T
I	4984784	A	*/-T	7	4	36.36%	2	2	35	46	0.98	1	1	4	3	3	1	-T
I	5002717	C	*/-A	11	3	21.43%	2	2	41	33	0.98	1	1	7	4	2	1	-A
I	5037093	C	*/+A	15	2	11.76%	2	2	46	55	0.98	1	1	8	7	1	1	+A
I	5060109	A	*/-T	11	3	21.43%	2	2	39	41	0.98	1	1	4	7	2	1	-T
I	5073240	G	*/-A	15	3	16.67%	2	2	48	45	0.98	1	1	7	8	1	2	-A
I	5078848	G	*/-A	7	2	14.29%	2	2	31	37	0.98	1	1	4	3	1	1	-A
I	5078848	G	*/+A	7	2	14.29%	2	1	31	42	0.98	1	1	4	3	2	0	-A
I	5142627	A	+G/+G	0	16	100%	0	2	0	43	0.98	0	1	0	0	7	9	+G
I	5148414	T	-A/-A	1	29	96.67%	1	2	37	47	0.98	1	1	1	0	16	13	-A
I	5173087	C	+T/+T	4	14	77.78%	2	2	34	44	0.98	1	1	2	2	5	9	+T
I	5173430	G	*/+T	5	21	70%	2	2	34	48	0.98	1	1	3	2	15	6	+T
I	5173430	G	*/+TT	5	3	10%	2	1	34	53	0.98	1	1	3	2	3	0	+T
I	5176926	T	*/+A	3	8	72.73%	1	2	37	37	0.98	1	1	3	0	4	4	+A
I	5177760	A	*/-TT	20	2	7.69%	2	2	41	42	0.98	1	1	15	5	1	1	-TT
I	5177760	A	*/+T	20	2	7.69%	2	2	41	61	0.98	1	1	15	5	1	1	-TT
I	5181376	A	*/-T	16	2	10.53%	2	2	46	37	0.98	1	1	10	6	1	1	-T
I	5181832	G	*/+T	11	2	15.38%	2	2	39	37	0.98	1	1	4	7	1	1	+T
I	5187723	C	*/-T	14	2	12.5%	2	2	46	37	0.98	1	1	5	9	1	1	-T
I	5201984	A	*/-AT	31	2	6.06%	2	2	51	55	0.98	1	1	16	15	1	1	-AT
I	5232873	C	*/+T	20	2	8.7%	2	2	46	37	0.98	1	1	5	15	1	1	+T
I	5266596	A	*/-T	20	8	26.67%	2	2	45	41	0.98	1	1	11	9	6	2	-T
I	5266596	A	*/+T	20	2	6.67%	2	1	45	37	0.98	1	1	11	9	2	0	-T
I	5352025	G	*/-T	18	2	10%	2	1	50	55	0.98	1	1	6	12	0	2	-T
I	5363995	C	*/+A	32	2	5.71%	2	2	41	37	0.98	1	1	12	20	1	1	+A
I	5368262	T	-C/-C	3	43	93.48%	2	2	61	45	0.98	1	1	2	1	18	25	-C
I	5368273	G	+T/+T	6	43	86%	2	2	49	43	0.98	1	1	3	3	14	29	+T
I	5426622	C	*/+T	2	2	10%	1	1	42	37	0.98	1	1	2	0	2	0	+T
I	5426622	C	*/+TT	2	14	70%	1	2	42	38	0.98	1	1	2	0	7	7	+TT
I	5547223	T	*/-A	6	3	30%	2	2	37	37	0.98	1	1	5	1	2	1	-A
I	5562426	A	*/+T	29	2	6.45%	2	2	41	55	0.98	1	1	14	15	1	1	+T
I	5567937	C	*/-A	8	9	47.37%	2	1	40	37	0.98	1	1	3	5	9	0	-A
I	5567937	C	*/-AA	8	2	10.53%	2	2	40	49	0.98	1	1	3	5	1	1	-A
I	5568055	C	*/-T	34	2	5.56%	2	1	39	31	0.98	1	1	13	21	2	0	-T
I	5568667	T	*/-A	9	2	18.18%	2	1	49	37	0.98	1	1	7	2	2	0	-A
I	5576850	T	*/-AA	16	12	40%	2	2	47	37	0.98	1	1	7	9	7	5	-AA
II	7268	G	*/-T	20	2	9.09%	2	1	43	37	0.98	1	1	10	10	2	0	-T
II	15830	T	*/-A	12	2	14.29%	2	1	37	37	0.98	1	1	7	5	2	0	-A
II	73586	C	*/+T	18	2	9.52%	2	1	41	55	0.98	1	1	12	6	2	0	+T
II	113240	T	*/+A	8	2	18.18%	2	2	35	31	0.98	1	1	4	4	1	1	+A
II	121588	G	*/+T	12	2	14.29%	2	1	43	74	0.98	1	1	6	6	0	2	+T
II	128001	T	-A/-A	0	11	100%	0	2	0	49	0.98	0	1	0	0	9	2	-A
II	146079	T	-C/-C	3	25	89.29%	2	2	49	44	0.98	1	1	1	2	11	14	-C
II	201022	A	*/-T	12	2	13.33%	2	2	45	31	0.98	1	1	5	7	1	1	-T
II	229897	A	*/-T	23	11	26.83%	2	2	39	35	0.98	1	1	21	2	8	3	-T
II	229897	A	*/+T	23	5	12.2%	2	1	39	44	0.98	1	1	21	2	5	0	-T
II	331894	C	*/+T	3	5	55.56%	2	2	36	39	0.98	1	1	2	1	4	1	+T
II	349658	C	*/-GGCATT	20	20	50%	2	2	45	48	0.98	1	1	10	10	10	10	-GGCATT
II	355454	T	*/-A	27	2	6.9%	2	1	43	37	0.98	1	1	8	19	0	2	-A
II	355467	A	*/-AT	24	4	14.29%	2	2	44	37	0.98	1	1	3	21	3	1	-AT
II	410085	C	*/-T	10	5	29.41%	2	2	41	47	0.98	1	1	9	1	3	2	-T
II	410085	C	*/-TT	10	2	11.76%	2	1	41	49	0.98	1	1	9	1	2	0	-T
II	484534	A	+T/+T	2	9	75%	1	2	55	46	0.98	1	1	2	0	4	5	+T
II	516071	T	*/-A	13	3	16.67%	2	2	38	45	0.98	1	1	4	9	2	1	-A
II	516071	T	*/+A	13	2	11.11%	2	2	38	55	0.98	1	1	4	9	1	1	-A
II	522590	A	-ATATT/-ATATT	1	3	75%	1	2	37	57	0.98	1	1	0	1	2	1	-ATATT
II	526939	T	*/+AC	50	4	7.41%	2	2	57	55	0.98	1	1	19	31	3	1	+AC
II	526941	T	*/-TTAG	49	4	7.55%	2	2	58	46	0.98	1	1	18	31	3	1	-TTAG
II	561064	T	*/-A	6	2	15.38%	2	1	33	55	0.98	1	1	1	5	2	0	-A
II	561064	T	*/-AA	6	4	30.77%	2	2	33	40	0.98	1	1	1	5	2	2	-AA
II	603279	A	-T/-T	0	16	100%	0	2	0	45	0.98	0	1	0	0	5	11	-T
II	603305	A	-C/-C	1	16	94.12%	1	2	37	40	0.98	1	1	0	1	5	11	-C
II	645098	C	*/+A	9	2	18.18%	2	2	39	42	0.98	1	1	7	2	1	1	+A
II	700009	T	*/-A	3	8	72.73%	2	2	57	46	0.98	1	1	2	1	2	6	-A
II	716295	G	*/-T	5	4	36.36%	2	2	39	49	0.98	1	1	1	4	1	3	-T
II	753854	A	*/-T	13	2	13.33%	1	1	38	37	0.98	1	1	13	0	2	0	-T
II	756993	C	*/-T	15	5	22.73%	2	2	44	56	0.98	1	1	10	5	3	2	-T
II	792174	T	*/+A	16	2	10.53%	2	1	51	36	0.98	1	1	6	10	2	0	+A
II	819044	G	*/-A	32	2	5.88%	2	2	43	37	0.98	1	1	15	17	1	1	-A
II	819795	T	+C/+C	1	33	89.19%	1	2	37	42	0.98	1	1	1	0	25	8	+C
II	819795	T	*/+CC	1	2	5.41%	1	1	37	37	0.98	1	1	1	0	0	2	+C
II	847457	G	*/-A	12	3	18.75%	1	1	36	37	0.98	1	1	12	0	3	0	-A
II	862301	C	*/-T	15	2	11.11%	2	2	48	55	0.98	1	1	10	5	1	1	-T
II	888599	A	-C/-C	1	19	95%	1	2	25	50	0.98	1	1	0	1	14	5	-C
II	890288	G	*/+A	19	2	9.09%	2	2	38	42	0.98	1	1	17	2	1	1	+A
II	890369	T	*/-A	24	2	7.69%	2	2	46	37	0.98	1	1	8	16	1	1	-A
II	903106	G	+T/+T	0	29	100%	0	2	0	44	0.98	0	1	0	0	12	17	+T
II	947457	G	*/-A	12	2	14.29%	2	2	36	55	0.98	1	1	6	6	1	1	-A
II	965517	C	*/-T	16	5	21.74%	2	2	49	46	0.98	1	1	9	7	2	3	-T
II	997671	G	*/-CAACAACAA	12	5	22.73%	2	2	45	37	0.98	1	1	5	7	1	4	-CAACAACAA
II	1019510	T	*/-A	4	4	30.77%	1	2	34	37	0.98	1	1	4	0	2	2	-A
II	1019510	T	*/-AA	4	5	38.46%	1	2	34	44	0.98	1	1	4	0	4	1	-AA
II	1059118	T	*/-A	19	4	17.39%	2	2	41	52	0.98	1	1	11	8	1	3	-A
II	1069791	C	*/-A	18	2	10%	2	1	44	37	0.98	1	1	11	7	2	0	-A
II	1078264	T	*/-A	26	2	6.9%	2	1	44	55	0.98	1	1	14	12	2	0	-A
II	1079843	T	+A/+A	1	12	92.31%	1	2	37	33	0.98	1	1	1	0	3	9	+A
II	1163154	A	-T/-T	0	20	100%	0	2	0	48	0.98	0	1	0	0	7	13	-T
II	1187785	G	*/-T	18	2	10%	2	2	44	37	0.98	1	1	8	10	1	1	-T
II	1266289	T	+A/+A	1	9	81.82%	1	2	37	35	0.98	1	1	1	0	3	6	+A
II	1266955	G	*/-GA	55	4	6.78%	2	2	49	34	0.98	1	1	33	22	2	2	-GA
II	1267842	C	*/+A	11	2	13.33%	2	1	39	37	0.98	1	1	4	7	0	2	A
II	1277481	G	*/+TT	4	2	15.38%	1	1	37	42	0.98	1	1	4	0	2	0	+TT
II	1277481	G	*/+TTT	4	4	30.77%	1	1	37	37	0.98	1	1	4	0	4	0	+TTT
II	1308618	G	-T/-T	2	37	94.87%	2	2	74	49	0.98	1	1	1	1	23	14	-T
II	1349040	A	*/-T	12	3	18.75%	2	2	39	33	0.98	1	1	7	5	2	1	-T
II	1365999	G	*/-T	16	8	32%	2	2	49	41	0.98	1	1	10	6	4	4	-T
II	1389008	T	+A/+A	3	12	80%	2	2	45	46	0.98	1	1	2	1	5	7	+A
II	1389139	C	*/+T	12	11	45.83%	2	2	42	42	0.98	1	1	11	1	9	2	+T
II	1467485	C	*/-T	11	3	15.79%	2	2	34	57	0.98	1	1	6	5	2	1	-T
II	1467485	C	*/+T	11	4	21.05%	2	2	34	46	0.98	1	1	6	5	2	2	+T
II	1520665	T	+A/+A	1	18	94.74%	1	2	37	41	0.98	1	1	0	1	4	14	+A
II	1555919	A	*/+TTTATT	4	3	42.86%	2	2	49	61	0.98	1	1	3	1	1	2	+TTTATT
II	1571445	G	*/-TA	28	2	6.67%	2	2	41	37	0.98	1	1	12	16	1	1	-TA
II	1588936	G	*/+A	2	5	50%	1	1	31	35	0.98	1	1	2	0	5	0	+A
II	1618920	C	*/+T	10	2	16.67%	2	2	40	55	0.98	1	1	5	5	1	1	+T
II	1627981	C	*/-T	12	2	12.5%	2	2	35	30	0.98	1	1	4	8	1	1	-T
II	1627981	C	*/-TTT	12	2	12.5%	2	2	35	37	0.98	1	1	4	8	1	1	-T
II	1629481	T	*/+A	4	2	33.33%	2	2	55	55	0.98	1	1	1	3	1	1	+A
II	1629986	A	*/+T	42	3	6.67%	2	2	45	45	0.98	1	1	17	25	1	2	+T
II	1634728	G	*/-TA	23	2	7.69%	2	1	44	37	0.98	1	1	9	14	2	0	-TA
II	1637375	T	*/+C	63	7	10%	2	2	47	63	0.98	1	1	20	43	3	4	+C
II	1678205	T	-A/-A	0	6	100%	0	2	0	37	0.98	0	1	0	0	4	2	-A
II	1709150	G	*/-T	13	3	18.75%	2	2	52	49	0.98	1	1	8	5	2	1	-T
II	1716287	T	*/-G	9	8	47.06%	2	2	43	46	0.98	1	1	3	6	1	7	-G
II	1748646	G	*/-AA	6	2	18.18%	1	2	33	74	0.98	1	1	6	0	1	1	-AA
II	1763419	T	*/-A	14	4	20%	2	2	44	37	0.98	1	1	6	8	3	1	-A
II	1763419	T	*/+A	14	2	10%	2	1	44	37	0.98	1	1	6	8	2	0	-A
II	1818108	C	*/-T	13	2	11.76%	2	1	41	37	0.98	1	1	4	9	2	0	-T
II	1861420	T	-G/-G	2	33	94.29%	2	2	55	45	0.98	1	1	1	1	7	26	-G
II	1867795	A	+T/+T	2	19	90.48%	1	2	55	47	0.98	1	1	2	0	9	10	+T
II	1868122	G	*/+T	6	4	22.22%	1	1	43	37	0.98	1	1	6	0	4	0	+T
II	1868122	G	*/+TT	6	3	16.67%	1	1	43	33	0.98	1	1	6	0	3	0	+T
II	1873779	T	+A/+A	1	15	88.24%	1	2	62	40	0.98	1	1	1	0	9	6	+A
II	1877294	A	+T/+T	0	16	100%	0	2	0	38	0.98	0	1	0	0	12	4	+T
II	1915556	T	*/+A	26	2	7.14%	2	2	45	37	0.98	1	1	15	11	1	1	+A
II	1941697	A	*/+T	9	4	23.53%	2	2	49	49	0.98	1	1	2	7	2	2	+T
II	1941966	A	+T/+T	0	30	100%	0	2	0	49	0.98	0	1	0	0	15	15	+T
II	1941982	A	+T/+T	0	26	100%	0	2	0	49	0.98	0	1	0	0	15	11	+T
II	1948953	G	-A/-A	3	27	90%	2	2	37	38	0.98	1	1	1	2	14	13	-A
II	1950050	A	+G/+G	0	24	96%	0	2	0	43	0.98	0	1	0	0	9	15	+G
II	1953298	C	*/-CT	24	3	10.71%	2	2	42	41	0.98	1	1	12	12	1	2	-CT
II	1955495	T	+A/+A	1	12	85.71%	1	2	25	43	0.98	1	1	1	0	9	3	+A
II	1960392	A	+G/+G	0	13	100%	0	2	0	47	0.98	0	1	0	0	8	5	+G
II	1987101	C	-G/-G	1	26	96.3%	1	2	25	45	0.98	1	1	0	1	12	14	-G
II	1987117	T	-G/-G	1	23	95.83%	1	2	74	41	0.98	1	1	1	0	10	13	-G
II	2049891	A	-T/-T	0	38	100%	0	2	0	52	0.98	0	1	0	0	18	20	-T
II	2053516	G	+C/+C	1	43	97.73%	1	2	62	48	0.98	1	1	1	0	20	23	+C
II	2099837	T	*/+A	13	2	13.33%	2	1	41	37	0.98	1	1	5	8	0	2	+A
II	2108180	T	+A/+A	1	19	95%	1	2	37	49	0.98	1	1	0	1	13	6	+A
II	2147726	G	+T/+T	0	14	100%	0	2	0	38	0.98	0	1	0	0	8	6	+T
II	2187407	G	+A/+A	1	10	90.91%	1	2	37	48	0.98	1	1	0	1	3	7	+A
II	2203072	C	*/-A	22	2	8%	2	1	45	37	0.98	1	1	18	4	0	2	-A
II	2203175	T	*/-A	10	3	21.43%	2	2	39	57	0.98	1	1	1	9	2	1	-A
II	2209818	A	*/+T	18	2	10%	2	1	41	55	0.98	1	1	12	6	0	2	+T
II	2219928	A	+T/+T	0	21	100%	0	2	0	37	0.98	0	1	0	0	7	14	+T
II	2228776	T	*/-G	21	2	8.7%	2	1	56	55	0.98	1	1	11	10	2	0	-G
II	2232733	T	*/-A	36	2	5.26%	2	2	49	42	0.98	1	1	18	18	1	1	-A
II	2293297	G	-A/-A	0	7	100%	0	2	0	47	0.98	0	1	0	0	3	4	-A
II	2327057	G	*/-TA	34	3	7.89%	2	1	46	37	0.98	1	1	8	26	3	0	-TA
II	2338528	G	*/+A	14	2	12.5%	2	2	42	42	0.98	1	1	12	2	1	1	+A
II	2345649	C	*/-T	33	2	5.71%	2	1	49	55	0.98	1	1	19	14	0	2	-T
II	2443873	T	*/+AA	5	5	41.67%	2	2	37	47	0.98	1	1	4	1	3	2	+AA
II	2523624	C	*/-A	11	2	13.33%	2	2	36	31	0.98	1	1	9	2	1	1	-A
II	2528625	T	*/-TA	25	2	7.41%	2	2	46	37	0.98	1	1	12	13	1	1	-TA
II	2552673	G	*/-T	12	2	14.29%	2	2	46	42	0.98	1	1	6	6	1	1	-T
II	2591913	T	*/-A	14	4	20%	2	1	38	52	0.98	1	1	8	6	4	0	-A
II	2592423	T	+A/+A	2	14	82.35%	1	2	42	38	0.98	1	1	2	0	5	9	+A
II	2630607	C	*/+A	3	9	52.94%	2	2	37	37	0.98	1	1	1	2	3	6	+A
II	2630607	C	*/+AA	3	3	17.65%	2	2	37	34	0.98	1	1	1	2	2	1	+A
II	2640785	T	*/+A	9	29	70.73%	2	2	47	48	0.98	1	1	4	5	15	14	+A
II	2647497	C	*/-T	15	5	23.81%	2	2	42	37	0.98	1	1	6	9	2	3	-T
II	2709414	G	+C/+C	4	34	89.47%	1	2	46	50	0.98	1	1	0	4	21	13	+C
II	2755338	C	*/-AT	13	9	33.33%	2	2	48	45	0.98	1	1	2	11	5	4	-AT
II	2755338	C	*/-ATAT	13	3	11.11%	2	2	48	37	0.98	1	1	2	11	1	2	-AT
II	2768051	A	+T/+T	3	14	77.78%	2	2	41	37	0.98	1	1	2	1	8	6	+T
II	2788933	C	+G/+G	0	27	100%	0	2	0	46	0.98	0	1	0	0	19	8	+G
II	2798040	C	-T/-T	1	17	94.44%	1	2	74	56	0.98	1	1	1	0	10	7	-T
II	2798514	A	-G/-G	0	11	100%	0	2	0	50	0.98	0	1	0	0	5	6	-G
II	2811495	C	-A/-A	0	25	100%	0	2	0	48	0.98	0	1	0	0	16	9	-A
II	2826100	G	*/-A	10	5	33.33%	2	2	43	42	0.98	1	1	8	2	4	1	-A
II	2830962	C	*/+T	21	2	8.7%	2	2	44	37	0.98	1	1	17	4	1	1	+T
II	2894538	T	*/-A	18	2	8.7%	2	2	48	37	0.98	1	1	5	13	1	1	-A
II	2900889	A	*/-T	14	4	19.05%	2	1	39	37	0.98	1	1	12	2	4	0	-T
II	2900889	A	*/-TT	14	3	14.29%	2	1	39	37	0.98	1	1	12	2	3	0	-T
II	2938956	C	+T/+T	0	9	100%	0	2	0	41	0.98	0	1	0	0	2	7	+T
II	2966290	C	+T/+T	0	11	100%	0	2	0	37	0.98	0	1	0	0	2	9	+T
II	2988149	G	*/-T	8	2	18.18%	2	2	49	49	0.98	1	1	6	2	1	1	-T
II	3010975	G	*/-T	39	4	9.09%	2	2	47	43	0.98	1	1	13	26	2	2	-T
II	3040332	C	+G/+G	0	37	100%	0	2	0	42	0.98	0	1	0	0	21	16	+G
II	3118702	G	*/+C	25	2	7.41%	2	1	55	31	0.98	1	1	15	10	0	2	+C
II	3154052	G	*/-T	14	5	25%	2	2	37	44	0.98	1	1	11	3	3	2	-T
II	3171788	G	*/-A	11	4	16.67%	1	2	37	43	0.98	1	1	11	0	2	2	-A
II	3171788	G	*/+A	11	5	20.83%	1	2	37	34	0.98	1	1	11	0	3	2	+A
II	3253453	C	*/+T	4	4	44.44%	2	1	33	37	0.98	1	1	1	3	4	0	+T
II	3282373	T	*/-A	14	4	21.05%	2	1	40	34	0.98	1	1	8	6	4	0	-A
II	3337420	T	*/+A	8	6	42.86%	2	2	38	55	0.98	1	1	3	5	3	3	+A
II	3380128	C	*/-T	13	2	12.5%	2	1	38	37	0.98	1	1	12	1	2	0	-T
II	3410437	G	*/-T	6	3	30%	2	2	49	33	0.98	1	1	5	1	1	2	-T
II	3509251	T	*/-A	10	5	26.32%	2	2	37	51	0.98	1	1	7	3	2	3	-A
II	3509251	T	*/-AA	10	2	10.53%	2	1	37	55	0.98	1	1	7	3	2	0	-A
II	3540057	A	*/-T	26	7	20%	2	2	41	33	0.98	1	1	20	6	5	2	-T
II	3556736	A	*/+T	22	2	8.33%	2	2	43	37	0.98	1	1	13	9	1	1	+T
II	3619003	A	+G/+G	2	28	93.33%	2	2	37	42	0.98	1	1	1	1	17	11	+G
II	3621704	A	*/-T	12	5	22.73%	2	2	44	49	0.98	1	1	8	4	3	2	-T
II	3621704	A	*/+T	12	4	18.18%	2	2	44	37	0.98	1	1	8	4	3	1	-T
II	3661773	T	*/-A	9	3	25%	2	1	39	37	0.98	1	1	4	5	0	3	-A
II	3702248	C	*/+T	24	2	7.69%	2	2	42	36	0.98	1	1	15	9	1	1	+T
II	3715149	G	*/-A	14	2	11.76%	2	1	44	37	0.98	1	1	13	1	2	0	-A
II	3799350	G	*/+A	5	8	53.33%	1	2	35	38	0.98	1	1	5	0	7	1	+A
II	3838101	C	-A/-A	0	6	100%	0	2	0	41	0.98	0	1	0	0	3	3	-A
II	3838912	T	*/-A	12	5	26.32%	2	2	43	39	0.98	1	1	5	7	1	4	-A
II	3838912	T	*/+A	12	2	10.53%	2	2	43	55	0.98	1	1	5	7	1	1	-A
II	3844303	C	*/+T	15	7	31.82%	2	2	43	42	0.98	1	1	10	5	5	2	+T
II	3856890	T	*/-A	25	2	7.41%	2	1	47	37	0.98	1	1	14	11	0	2	-A
II	3856896	A	*/-T	19	4	14.29%	2	2	42	64	0.98	1	1	14	5	1	3	-T
II	3856896	A	*/-TT	19	2	7.14%	2	1	42	37	0.98	1	1	14	5	0	2	-T
II	3859319	G	*/+T	30	2	6.25%	2	1	43	31	0.98	1	1	11	19	2	0	+T
II	3860185	C	*/-TAGTA	23	22	47.83%	2	2	43	40	0.98	1	1	6	17	16	6	-TAGTA
II	3861161	C	*/-T	14	5	23.81%	2	2	45	37	0.98	1	1	5	9	3	2	-T
II	3861161	C	*/+T	14	2	9.52%	2	1	45	55	0.98	1	1	5	9	2	0	-T
II	3861514	C	*/+GG	4	2	28.57%	2	1	34	37	0.98	1	1	3	1	2	0	+GG
II	3954039	C	*/-T	25	6	16.67%	2	2	43	34	0.98	1	1	19	6	5	1	-T
II	3954039	C	*/+T	25	3	8.33%	2	2	43	41	0.98	1	1	19	6	2	1	-T
II	3975235	C	*/-A	15	5	20%	2	1	42	39	0.98	1	1	12	3	5	0	-A
II	4006982	C	*/-A	8	7	41.18%	2	2	41	45	0.98	1	1	3	5	5	2	-A
II	4031460	A	*/+TT	6	2	14.29%	1	2	51	49	0.98	1	1	6	0	1	1	+TT
II	4031460	A	*/+TTT	6	4	28.57%	1	2	51	46	0.98	1	1	6	0	1	3	+TTT
II	4088646	C	*/+A	25	2	7.41%	2	1	46	49	0.98	1	1	18	7	2	0	+A
II	4107253	G	*/+TT	2	2	28.57%	1	1	37	55	0.98	1	1	2	0	2	0	+TT
II	4249637	A	*/-AT	23	3	11.54%	2	1	44	37	0.98	1	1	14	9	0	3	-AT
II	4254960	G	-A/-A	1	25	96.15%	1	2	74	43	0.98	1	1	1	0	9	16	-A
II	4308414	C	*/+A	4	11	64.71%	2	2	31	44	0.98	1	1	2	2	7	4	+A
II	4419921	T	*/+A	3	3	42.86%	2	2	33	37	0.98	1	1	2	1	2	1	+A
II	4462508	C	*/-A	8	2	18.18%	2	1	35	49	0.98	1	1	5	3	2	0	-A
II	4466306	C	*/-AT	35	2	5.41%	2	1	45	31	0.98	1	1	12	23	0	2	-AT
II	4513922	G	*/+GGCTGCTATAATCATTCCCAA	48	5	9.26%	2	2	47	44	0.98	1	1	19	29	1	4	+GGCTGCTATAATCATTCCCAA
II	4517047	T	*/+TACTCATC	58	14	18.67%	2	2	43	46	0.98	1	1	31	27	10	4	+TACTCATC
II	4517074	C	*/+TCA	79	5	5.95%	2	1	41	37	0.98	1	1	54	25	0	5	+TCA
II	4521677	T	*/-AA	7	10	55.56%	2	2	42	33	0.98	1	1	5	2	4	6	-AA
II	4525340	G	*/+T	61	12	16.22%	2	2	40	41	0.98	1	1	42	19	4	8	+T
II	4526174	A	*/-T	25	4	13.79%	2	2	43	43	0.98	1	1	20	5	2	2	-T
II	4526843	C	*/-T	15	3	14.29%	2	2	33	49	0.98	1	1	11	4	2	1	-T
II	4528465	C	*/+GACAATGACAAT	63	21	24.42%	2	2	43	42	0.98	1	1	29	34	11	10	+GACAATGACAAT
II	4528483	T	*/-GACAATGACAGA	76	7	8.33%	2	2	44	47	0.98	1	1	35	41	3	4	-GACAATGACAGA
II	4529375	T	*/+ACAACGACAACGACAACG	72	17	17.89%	2	2	45	43	0.98	1	1	37	35	6	11	+ACAACGACAACGACAACG
II	4533588	C	*/-T	52	29	35.8%	2	2	46	40	0.98	1	1	28	24	16	13	-T
II	4534880	A	*/-T	112	29	20.57%	2	2	45	42	0.98	1	1	60	52	15	14	-T
II	4535321	G	*/-GATAT	218	19	8.02%	2	2	44	48	0.98	1	1	111	107	9	10	-GATAT
II	4535727	A	*/-G	138	21	13.21%	2	2	41	47	0.98	1	1	50	88	6	15	-G
II	4537213	G	*/+T	178	110	38.06%	2	2	52	48	0.98	1	1	87	91	62	48	+T
II	4537387	A	*/-AATAAGAG	207	15	6.76%	2	2	47	41	0.98	1	1	128	79	10	5	-AATAAGAG
II	4537655	A	*/+AAATG	75	8	9.41%	2	2	44	36	0.98	1	1	47	28	7	1	+AAATG
III	1558	G	*/-A	47	5	7.94%	2	2	36	54	0.98	1	1	21	26	3	2	-A
III	1558	G	*/+A	47	6	9.52%	2	2	36	34	0.98	1	1	21	26	3	3	+A
III	4729	A	*/-T	420	152	23.42%	2	2	47	49	0.98	1	1	275	145	70	82	-T
III	4729	A	*/+T	420	33	5.08%	2	2	47	53	0.98	1	1	275	145	14	19	-T
III	4952	C	*/+T	364	107	22.29%	2	2	40	48	0.98	1	1	241	123	38	69	+T
III	5403	C	*/-T	552	154	19.47%	2	2	43	43	0.98	1	1	396	156	74	80	-T
III	9812	T	*/+A	105	40	26.49%	2	1	44	41	0.98	1	1	37	68	0	40	+A
III	12428	G	*/-A	52	5	7.46%	2	2	40	49	0.98	1	1	22	30	2	3	-A
III	12428	G	*/+A	52	4	5.97%	2	1	40	39	0.98	1	1	22	30	4	0	-A
III	15599	A	*/-T	427	148	21.93%	2	2	47	48	0.98	1	1	278	149	70	78	-T
III	15599	A	*/+T	427	56	8.3%	2	2	47	53	0.98	1	1	278	149	32	24	-T
III	15822	C	*/+T	359	105	22.39%	2	2	41	48	0.98	1	1	236	123	37	68	+T
III	16273	C	*/-T	545	149	18.86%	2	2	43	43	0.98	1	1	379	166	82	67	-T
III	16273	C	*/-TT	545	52	6.58%	2	2	43	44	0.98	1	1	379	166	25	27	-T
III	20682	T	*/+A	112	50	29.94%	2	1	44	41	0.98	1	1	38	74	0	50	+A
III	20964	A	*/-T	60	7	10.45%	2	1	43	35	0.98	1	1	24	36	0	7	-T
III	23298	G	*/-A	41	4	6.15%	2	1	36	31	0.98	1	1	20	21	0	4	-A
III	23298	G	*/-AA	41	6	9.23%	2	2	36	38	0.98	1	1	20	21	1	5	-AA
III	23298	G	*/+A	41	10	15.38%	2	2	36	38	0.98	1	1	20	21	2	8	+A
III	46959	A	*/-AT	12	2	14.29%	2	2	43	42	0.98	1	1	8	4	1	1	-AT
III	59772	C	*/-A	36	5	12.2%	2	2	45	66	0.98	1	1	14	22	1	4	-A
III	63489	G	*/+T	21	2	8.7%	2	1	43	37	0.98	1	1	6	15	2	0	+T
III	69589	T	*/-A	16	4	20%	2	2	42	37	0.98	1	1	6	10	2	2	-A
III	69929	T	*/+C	33	2	5.71%	2	1	50	31	0.98	1	1	17	16	0	2	+C
III	123319	T	*/-AA	10	2	13.33%	2	2	39	37	0.98	1	1	4	6	1	1	-AA
III	198917	C	*/+G	22	2	8.33%	2	1	50	37	0.98	1	1	9	13	2	0	+G
III	208140	C	*/-A	14	4	15.38%	2	2	35	43	0.98	1	1	12	2	3	1	-A
III	208140	C	*/+A	14	5	19.23%	2	2	35	33	0.98	1	1	12	2	4	1	+A
III	231502	G	*/-A	13	2	13.33%	2	2	47	55	0.98	1	1	5	8	1	1	-A
III	231915	G	*/-T	5	6	54.55%	2	2	42	47	0.98	1	1	2	3	1	5	-T
III	234982	C	*/+A	32	2	5.71%	2	1	51	42	0.98	1	1	16	16	0	2	+A
III	235811	G	*/-A	32	2	5.88%	2	2	48	37	0.98	1	1	16	16	1	1	-A
III	237048	G	*/-A	5	3	33.33%	2	1	44	37	0.98	1	1	4	1	3	0	-A
III	244140	C	*/+A	34	2	5.56%	2	1	41	55	0.98	1	1	16	18	0	2	+A
III	245692	C	*/-T	27	2	6.9%	2	2	40	55	0.98	1	1	18	9	1	1	-T
III	253907	A	*/-TT	5	2	16.67%	2	1	34	31	0.98	1	1	2	3	0	2	-TT
III	253907	A	*/+T	5	3	25%	2	2	34	70	0.98	1	1	2	3	2	1	+T
III	286478	C	-TT/-TT	2	10	83.33%	1	2	42	38	0.98	1	1	2	0	8	2	-TT
III	286594	T	*/+A	4	2	16.67%	2	1	36	49	0.98	1	1	3	1	2	0	+A
III	286594	T	*/+AA	4	5	41.67%	2	2	36	34	0.98	1	1	3	1	1	4	+AA
III	293096	G	*/-T	14	10	35.71%	2	2	44	44	0.98	1	1	11	3	6	4	-T
III	293096	G	*/+T	14	3	10.71%	2	2	44	57	0.98	1	1	11	3	1	2	-T
III	348685	G	*/-AT	48	3	5.88%	2	2	43	33	0.98	1	1	27	21	1	2	-AT
III	348705	C	*/+T	42	4	8.7%	2	2	40	37	0.98	1	1	26	16	3	1	+T
III	360383	G	*/+A	32	2	5.88%	2	1	48	74	0.98	1	1	18	14	0	2	+A
III	365747	C	-A/-A	1	17	89.47%	1	2	37	39	0.98	1	1	1	0	7	10	-A
III	431910	C	*/-T	14	2	12.5%	2	1	39	31	0.98	1	1	7	7	2	0	-T
III	467904	C	+A/+A	4	13	76.47%	2	2	52	44	0.98	1	1	3	1	8	5	+A
III	518843	C	*/-T	7	2	22.22%	2	1	33	43	0.98	1	1	1	6	0	2	-T
III	675253	C	*/-T	16	2	11.11%	2	2	37	37	0.98	1	1	7	9	1	1	-T
III	695174	C	*/-T	13	2	12.5%	2	1	42	55	0.98	1	1	6	7	0	2	-T
III	717677	A	*/-T	0	8	72.73%	0	2	0	35	0.98	0	1	0	0	2	6	-T
III	717677	A	*/-TT	0	3	27.27%	0	2	0	37	0.98	0	1	0	0	1	2	-T
III	719955	A	-C/-C	1	5	83.33%	1	2	37	37	0.98	1	1	0	1	1	4	-C
III	720559	C	*/-T	5	2	25%	2	1	39	37	0.98	1	1	4	1	2	0	-T
III	720683	A	*/+T	1	8	61.54%	1	2	62	35	0.98	1	1	1	0	3	5	+T
III	720683	A	*/+TT	1	4	30.77%	1	2	62	37	0.98	1	1	1	0	2	2	+T
III	760814	C	*/-ATT	16	2	11.11%	2	1	52	37	0.98	1	1	5	11	0	2	-ATT
III	762516	T	*/-A	11	2	14.29%	2	1	39	42	0.98	1	1	8	3	2	0	-A
III	774532	C	*/+T	14	2	12.5%	2	2	47	37	0.98	1	1	9	5	1	1	+T
III	822701	G	*/+T	18	2	9.09%	2	2	47	42	0.98	1	1	9	9	1	1	+T
III	853262	T	*/+A	26	2	7.14%	2	2	46	37	0.98	1	1	17	9	1	1	+A
III	867865	C	-T/-T	0	13	100%	0	2	0	37	0.98	0	1	0	0	6	7	-T
III	897531	C	*/+A	8	11	50%	2	2	42	48	0.98	1	1	7	1	9	2	+A
III	897531	C	*/+AA	8	3	13.64%	2	2	42	45	0.98	1	1	7	1	2	1	+A
III	903309	C	*/-T	19	3	13.64%	2	2	44	57	0.98	1	1	10	9	2	1	-T
III	940040	T	*/-AAC	42	4	8.7%	2	2	46	37	0.98	1	1	23	19	2	2	-AAC
III	958241	C	*/-T	12	3	20%	2	2	42	41	0.98	1	1	10	2	1	2	-T
III	966124	G	*/+T	25	5	15.15%	2	1	36	37	0.98	1	1	24	1	5	0	+T
III	970548	C	*/-TT	9	3	25%	2	1	44	33	0.98	1	1	5	4	0	3	-TT
III	970892	C	*/-T	7	2	18.18%	2	2	49	37	0.98	1	1	5	2	1	1	-T
III	1016311	G	+C/+C	0	21	100%	0	2	0	41	0.98	0	1	0	0	8	13	+C
III	1068111	G	*/-T	34	2	5.56%	2	1	48	37	0.98	1	1	19	15	2	0	-T
III	1073505	T	*/+ATATAGAG	119	20	14.39%	2	2	53	48	0.98	1	1	65	54	16	4	+ATATAGAG
III	1079346	A	*/+G	108	9	7.69%	2	2	40	45	0.98	1	1	75	33	8	1	+G
III	1080146	T	*/+ATATAGAG	236	20	7.78%	2	2	45	38	0.98	1	1	94	142	10	10	+ATATAGAG
III	1084026	A	*/+AGTGGTGATGGTT	71	12	14.46%	2	2	44	45	0.98	1	1	30	41	8	4	+AGTGGTGATGGTT
III	1087979	A	*/+G	74	10	11.76%	2	2	43	54	0.98	1	1	41	33	7	3	+G
III	1090594	A	*/-AT	21	2	8.33%	2	1	49	55	0.98	1	1	10	11	0	2	-AT
III	1094042	C	*/-A	15	3	15.79%	2	2	41	37	0.98	1	1	8	7	2	1	-A
III	1095550	G	*/-T	15	17	41.46%	2	2	44	36	0.98	1	1	14	1	12	5	-T
III	1095550	G	*/-TT	15	4	9.76%	2	2	44	37	0.98	1	1	14	1	3	1	-T
III	1103421	A	*/-CT	36	2	5.26%	2	1	45	37	0.98	1	1	19	17	0	2	-CT
III	1103423	T	*/-A	16	5	17.24%	2	2	42	52	0.98	1	1	13	3	2	3	-A
III	1103423	T	*/-AA	16	3	10.34%	2	1	42	45	0.98	1	1	13	3	0	3	-A
III	1103423	T	*/-AAA	16	4	13.79%	2	2	42	34	0.98	1	1	13	3	2	2	-AAA
III	1110963	T	*/+C	106	6	5.36%	2	1	44	43	0.98	1	1	46	60	6	0	+C
III	1114836	C	*/-T	26	2	7.14%	2	2	43	37	0.98	1	1	15	11	1	1	-T
III	1114849	C	*/-T	29	2	6.45%	2	2	40	37	0.98	1	1	16	13	1	1	-T
III	1114914	T	*/+ACCACTAACCATC	53	8	13.11%	2	2	41	35	0.98	1	1	30	23	6	2	+ACCACTAACCATC
III	1121674	T	*/+ACCACTAACCATC	52	6	10.34%	2	2	46	37	0.98	1	1	26	26	4	2	+ACCACTAACCATC
III	1124483	T	*/+C	67	9	11.84%	2	2	45	45	0.98	1	1	24	43	5	4	+C
III	1128434	T	*/+ACCACTAACCATC	67	7	9.33%	2	2	44	35	0.98	1	1	43	24	4	3	+ACCACTAACCATC
III	1131243	T	*/+C	68	6	8.11%	2	2	44	49	0.98	1	1	28	40	3	3	+C
III	1135102	A	*/-C	30	2	6.25%	2	1	44	37	0.98	1	1	16	14	0	2	-C
III	1168360	T	*/-G	9	2	18.18%	2	1	39	37	0.98	1	1	7	2	2	0	-G
III	1244495	G	*/-T	17	2	10.53%	2	2	44	37	0.98	1	1	8	9	1	1	-T
III	1252502	A	*/+TT	16	2	11.11%	2	1	39	37	0.98	1	1	12	4	0	2	+TT
III	1252505	G	*/-T	8	2	11.11%	1	2	34	31	0.98	1	1	8	0	1	1	-T
III	1252505	G	*/+T	8	2	11.11%	1	2	34	42	0.98	1	1	8	0	1	1	-T
III	1308513	T	*/+A	11	8	40%	2	2	40	35	0.98	1	1	7	4	6	2	+A
III	1394597	C	*/-A	9	2	18.18%	2	2	43	55	0.98	1	1	2	7	1	1	-A
III	1395671	C	*/-A	10	2	15.38%	2	2	43	31	0.98	1	1	5	5	1	1	-A
III	1421567	T	*/+G	6	2	11.11%	2	1	37	31	0.98	1	1	3	3	2	0	G
III	1421567	T	*/+GG	6	4	22.22%	2	1	37	34	0.98	1	1	3	3	4	0	+GG
III	1421567	T	*/+GGG	6	3	16.67%	2	1	37	33	0.98	1	1	3	3	3	0	+GG
III	1431149	C	*/+A	28	2	6.45%	2	2	45	74	0.98	1	1	7	21	1	1	+A
III	1471894	T	*/-G	15	3	16.67%	2	1	39	74	0.98	1	1	12	3	3	0	-G
III	1510629	T	*/-A	5	4	44.44%	1	2	39	64	0.98	1	1	5	0	2	2	-A
III	1575951	G	*/+T	10	3	21.43%	2	2	36	49	0.98	1	1	5	5	2	1	+T
III	1594933	T	*/-A	11	4	22.22%	2	2	48	34	0.98	1	1	4	7	2	2	-A
III	1594933	T	*/+A	11	2	11.11%	2	2	48	31	0.98	1	1	4	7	1	1	-A
III	1685487	G	+A/+A	1	15	93.75%	1	2	37	42	0.98	1	1	1	0	8	7	+A
III	1691558	G	*/+T	20	2	9.09%	2	2	49	49	0.98	1	1	9	11	1	1	+T
III	1698411	G	*/-AATGT	49	4	7.55%	2	1	49	37	0.98	1	1	25	24	0	4	-AATGT
III	1702276	A	*/-T	28	2	6.45%	2	2	50	74	0.98	1	1	14	14	1	1	-T
III	1712983	G	*/-A	7	6	42.86%	2	2	38	39	0.98	1	1	6	1	5	1	-A
III	1718894	T	+A/+A	0	6	100%	0	2	0	41	0.98	0	1	0	0	3	3	+A
III	1744661	A	+T/+T	1	15	88.24%	1	2	37	51	0.98	1	1	1	0	8	7	+T
III	1756400	T	-A/-A	0	45	100%	0	2	0	46	0.98	0	1	0	0	17	28	-A
III	1758846	C	*/-A	13	7	33.33%	2	2	37	40	0.98	1	1	10	3	5	2	-A
III	1759057	C	*/-T	9	2	16.67%	2	1	46	55	0.98	1	1	5	4	2	0	-T
III	1774235	T	*/+GATC	4	12	66.67%	2	2	37	43	0.98	1	1	3	1	7	5	+GATC
III	1813747	C	*/-T	16	2	11.11%	2	2	44	37	0.98	1	1	9	7	1	1	-T
III	1821911	C	*/-AA	4	4	44.44%	2	1	43	46	0.98	1	1	3	1	4	0	-AA
III	1846892	G	*/-T	16	2	11.11%	2	1	42	55	0.98	1	1	6	10	2	0	-T
III	1858771	T	*/-A	20	2	9.09%	2	1	46	55	0.98	1	1	12	8	2	0	-A
III	1925626	C	*/-A	8	3	25%	2	1	47	29	0.98	1	1	6	2	0	3	-A
III	1928744	G	*/-T	18	2	9.52%	2	2	44	37	0.98	1	1	8	10	1	1	-T
III	1979604	A	*/-T	13	5	23.81%	2	2	51	37	0.98	1	1	8	5	2	3	-T
III	1979604	A	*/-TT	13	2	9.52%	2	2	51	37	0.98	1	1	8	5	1	1	-T
III	1985119	G	*/-T	4	8	57.14%	1	2	49	44	0.98	1	1	4	0	2	6	-T
III	1997296	C	*/+CACCAT	32	2	5.88%	2	1	42	37	0.98	1	1	15	17	0	2	+CACCAT
III	2007218	C	*/-T	10	2	16.67%	2	2	43	31	0.98	1	1	7	3	1	1	-T
III	2059105	C	*/-GCTCCTGGTGCT	32	2	5.88%	2	1	47	74	0.98	1	1	19	13	0	2	-GCTCCTGGTGCT
III	2066260	A	*/-T	33	2	5.71%	2	2	52	55	0.98	1	1	20	13	1	1	-T
III	2069607	G	*/+T	8	2	18.18%	2	1	41	37	0.98	1	1	6	2	2	0	+T
III	2074510	C	*/-T	9	5	35.71%	2	2	42	41	0.98	1	1	4	5	3	2	-T
III	2076412	G	*/-T	6	3	30%	2	2	55	37	0.98	1	1	4	2	2	1	-T
III	2076980	A	*/-T	12	2	13.33%	2	1	38	68	0.98	1	1	4	8	0	2	-T
III	2113205	C	*/-T	12	5	26.32%	2	2	46	42	0.98	1	1	5	7	2	3	-T
III	2113205	C	*/+T	12	2	10.53%	2	2	46	31	0.98	1	1	5	7	1	1	-T
III	2190252	G	*/-A	4	2	33.33%	1	2	37	37	0.98	1	1	4	0	1	1	-A
III	2257353	C	*/+A	26	2	7.14%	2	1	40	37	0.98	1	1	19	7	2	0	+A
III	2284394	C	*/-T	15	3	15.79%	2	1	36	49	0.98	1	1	4	11	0	3	-T
III	2309611	T	*/-A	9	3	25%	2	2	41	37	0.98	1	1	3	6	2	1	-A
III	2310960	G	*/-A	14	2	12.5%	2	2	50	74	0.98	1	1	7	7	1	1	-A
III	2310968	A	*/+GGT	13	2	13.33%	2	2	48	74	0.98	1	1	7	6	1	1	+GGT
III	2358840	A	*/-T	23	2	7.69%	2	2	46	55	0.98	1	1	6	17	1	1	-T
III	2373166	G	*/-A	13	2	13.33%	2	2	44	49	0.98	1	1	6	7	1	1	-A
III	2376654	G	*/-A	12	3	18.75%	2	2	36	37	0.98	1	1	7	5	2	1	-A
III	2382018	A	*/-T	6	9	60%	1	2	33	43	0.98	1	1	6	0	4	5	-T
III	2443562	A	*/-T	16	18	17.48%	2	2	42	37	0.98	1	1	11	5	5	13	-T
III	2443562	A	*/+T	16	64	62.14%	2	2	42	36	0.98	1	1	11	5	1	63	+T
III	2447848	T	*/-A	1212	362	17.99%	2	2	43	41	0.98	1	1	903	309	259	103	-A
III	2447848	T	*/-AA	1212	212	10.54%	2	2	43	42	0.98	1	1	903	309	152	60	-A
III	2447848	T	*/+A	1212	147	7.31%	2	2	43	44	0.98	1	1	903	309	107	40	-A
III	2448309	T	-AA/-AA	60	858	91.67%	2	2	43	40	0.98	1	1	40	20	338	520	-AA
III	2448518	T	*/-A	966	392	24.24%	2	2	45	44	0.98	1	1	663	303	271	121	-A
III	2448518	T	*/-AA	966	107	6.62%	2	2	45	44	0.98	1	1	663	303	65	42	-A
III	2448518	T	*/+A	966	112	6.93%	2	2	45	47	0.98	1	1	663	303	73	39	+A
