Chrom	Position	Ref	Cons	Reads1	Reads2	VarFreq	Strands1	Strands2	Qual1	Qual2	Pvalue	MapQual1	MapQual2	Reads1Plus	Reads1Minus	Reads2Plus	Reads2Minus	VarAllele
I	3160	A	*/+GTTGTCGTTGTCGTTGTC	288	140	25.5%	2	2	39	39	0.98	1	1	148	140	75	65	+GTTGTCGTTGTCGTTGTC
I	3160	A	*/+GTTGTCGTTGTCGTTGTCGTTGTC	288	116	21.13%	2	2	39	40	0.98	1	1	148	140	64	52	+GTTGTCGTTGTCGTTGTC
I	4047	C	*/-TGTCTCTGTCAT	582	60	9.35%	2	2	40	40	0.98	1	1	337	245	32	28	-TGTCTCTGTCAT
I	4053	C	*/+TGTCAT	472	68	12.32%	2	2	39	39	0.98	1	1	270	202	43	25	+TGTCAT
I	6357	T	*/-AA	363	113	23.11%	2	2	37	37	0.98	1	1	197	166	66	47	-AA
I	7192	C	*/+A	334	62	15.58%	2	2	38	38	0.98	1	1	186	148	46	16	+A
I	10859	G	*/-TT	181	139	43.03%	2	2	37	37	0.98	1	1	102	79	80	59	-TT
I	19694	T	*/+A	116	94	44.55%	2	2	39	40	0.98	1	1	58	58	93	1	+A
I	20545	C	*/+TTTTTTT	77	32	28.83%	2	2	39	37	0.98	1	1	49	28	18	14	+TTTTTTT
I	27402	A	*/-C	38	50	48.08%	2	2	37	38	0.98	1	1	8	30	4	46	-C
I	27402	A	*/-CC	38	10	9.62%	2	2	37	38	0.98	1	1	8	30	4	6	-C
I	43335	G	*/+A	58	41	40.59%	2	2	39	39	0.98	1	1	41	17	19	22	+A
I	87851	A	*/+T	105	74	40%	2	2	39	39	0.98	1	1	55	50	31	43	+T
I	101871	A	+G/+G	5	204	96.23%	2	2	40	40	0.98	1	1	4	1	124	80	+G
I	206448	C	*/+T	56	39	39.39%	2	2	38	39	0.98	1	1	30	26	38	1	+T
I	377488	C	+TT/+TT	39	150	77.72%	2	2	38	38	0.98	1	1	14	25	84	66	+TT
I	440084	T	*/+A	49	98	59.76%	2	2	39	39	0.98	1	1	33	16	40	58	+A
I	442786	C	*/+T	185	41	17.83%	2	2	39	38	0.98	1	1	89	96	20	21	+T
I	450533	G	*/+A	198	33	14.29%	2	2	40	39	0.98	1	1	97	101	22	11	+A
I	453368	A	*/-G	95	5	5%	2	2	38	40	0.98	1	1	45	50	2	3	-G
I	453369	G	*/+A	26	42	48.84%	2	2	38	36	0.98	1	1	18	8	26	16	+A
I	470378	A	-C/-C	9	219	96.05%	2	2	38	39	0.98	1	1	4	5	86	133	-C
I	470390	A	-C/-C	4	220	98.21%	2	2	36	39	0.98	1	1	2	2	89	131	-C
I	473427	G	*/+T	58	23	24.47%	2	2	38	39	0.98	1	1	32	26	20	3	+T
I	482737	A	+G/+G	5	235	96.31%	2	2	40	40	0.98	1	1	2	3	131	104	+G
I	554527	A	+T/+T	30	182	85.45%	2	2	38	39	0.98	1	1	8	22	85	97	+T
I	562745	A	*/+T	83	71	43.29%	2	2	37	37	0.98	1	1	44	39	44	27	+T
I	650099	C	*/+AA	41	113	69.33%	2	2	39	36	0.98	1	1	25	16	60	53	+AA
I	660056	T	*/+G	149	17	9.5%	2	2	38	35	0.98	1	1	79	70	11	6	+G
I	670032	C	+A/+A	9	197	95.17%	2	2	40	39	0.98	1	1	6	3	90	107	+A
I	682993	T	-C/-C	14	233	94.33%	2	2	42	40	0.98	1	1	10	4	116	117	-C
I	862962	C	+T/+T	20	219	91.25%	2	2	37	40	0.98	1	1	8	12	99	120	+T
I	934908	T	*/+AA	67	20	20.2%	2	2	40	38	0.98	1	1	51	16	12	8	+AA
I	954072	T	-A/-A	36	189	82.89%	2	2	40	37	0.98	1	1	16	20	99	90	-A
I	960025	G	+T/+T	41	172	77.48%	2	2	39	38	0.98	1	1	22	19	96	76	+T
I	965438	C	*/+A	46	50	46.3%	2	2	39	39	0.98	1	1	35	11	48	2	+A
I	1048635	G	+A/+A	22	187	88.21%	2	2	39	39	0.98	1	1	11	11	98	89	+A
I	1051495	T	+A/+A	25	213	88.02%	2	2	40	39	0.98	1	1	14	11	102	111	+A
I	1079583	T	*/+AAAAAAAA	79	18	17.48%	2	1	39	40	0.98	1	1	66	13	18	0	+AAAAAAAA
I	1148102	T	*/+G	139	9	6.08%	2	1	39	40	0.98	1	1	87	52	0	9	+G
I	1148104	A	*/+T	45	86	61.43%	2	2	39	37	0.98	1	1	31	14	53	33	+T
I	1274803	T	+A/+A	12	222	91.36%	2	2	42	40	0.98	1	1	7	5	121	101	+A
I	1358794	C	*/+A	50	94	61.84%	2	2	39	37	0.98	1	1	29	21	54	40	+A
I	1424708	C	-A/-A	7	242	97.19%	2	2	40	40	0.98	1	1	5	2	132	110	-A
I	1496317	C	*/-A	50	150	74.26%	2	2	39	39	0.98	1	1	23	27	84	66	-A
I	1509277	C	+T/+T	36	180	82.57%	2	2	40	38	0.98	1	1	23	13	86	94	+T
I	1595055	G	*/+T	146	14	8.7%	2	1	39	40	0.98	1	1	81	65	0	14	+T
I	1595056	C	*/+T	58	58	43.94%	2	2	38	36	0.98	1	1	36	22	38	20	+T
I	1625092	T	+C/+C	8	203	96.21%	2	2	40	40	0.98	1	1	4	4	95	108	+C
I	1765306	C	*/+A	55	9	12.86%	2	2	39	36	0.98	1	1	40	15	7	2	+A
I	1851608	A	+T/+T	28	194	87%	2	2	40	39	0.98	1	1	14	14	101	93	+T
I	1877723	A	+T/+T	32	183	83.94%	2	2	37	39	0.98	1	1	18	14	106	77	+T
I	1905525	T	*/+G	93	24	18.32%	2	1	39	40	0.98	1	1	81	12	24	0	+G
I	1905525	T	*/+GG	93	8	6.11%	2	1	39	40	0.98	1	1	81	12	8	0	+G
I	1936294	G	+A/+A	17	206	89.57%	2	2	39	40	0.98	1	1	6	11	117	89	+A
I	1952313	A	+T/+T	17	202	90.18%	2	2	39	39	0.98	1	1	9	8	95	107	+T
I	1955754	C	*/+TT	56	57	47.11%	2	2	39	36	0.98	1	1	30	26	41	16	+TT
I	1955853	T	*/+A	12	28	25.45%	2	2	36	37	0.98	1	1	4	8	16	12	+A
I	1955853	T	*/+AA	12	54	49.09%	2	2	36	37	0.98	1	1	4	8	42	12	+AA
I	2025000	C	*/+T	60	60	48.39%	2	2	37	37	0.98	1	1	34	26	45	15	+T
I	2139856	G	+T/+T	26	179	85.24%	2	2	39	37	0.98	1	1	15	11	116	63	+T
I	2154491	T	+A/+A	3	201	97.57%	1	2	40	39	0.98	1	1	3	0	99	102	+A
I	2227936	T	*/+AAA	42	44	43.56%	2	2	37	36	0.98	1	1	29	13	28	16	+AAA
I	2245479	T	*/+C	25	123	69.1%	2	2	38	38	0.98	1	1	15	10	63	60	+C
I	2245479	T	*/+CC	25	24	13.48%	2	2	38	41	0.98	1	1	15	10	11	13	+C
I	2288240	C	-G/-G	8	221	96.51%	2	2	40	39	0.98	1	1	3	5	115	106	-G
I	2343703	G	+A/+A	3	238	98.35%	2	2	40	39	0.98	1	1	2	1	115	123	+A
I	2421576	A	-C/-C	14	221	94.04%	2	2	38	40	0.98	1	1	5	9	98	123	-C
I	2499149	A	-T/-T	20	217	91.56%	2	2	40	39	0.98	1	1	9	11	103	114	-T
I	2507462	T	+A/+A	12	232	94.31%	2	2	40	39	0.98	1	1	7	5	105	127	+A
I	2510060	T	+A/+A	6	245	96.08%	2	2	40	40	0.98	1	1	1	5	113	132	+A
I	2525152	A	-T/-T	26	187	87.79%	2	2	39	39	0.98	1	1	12	14	83	104	-T
I	2588021	C	+A/+A	9	218	94.37%	2	2	36	39	0.98	1	1	5	4	122	96	+A
I	2588066	C	+A/+A	30	195	85.9%	2	2	41	39	0.98	1	1	16	14	116	79	+A
I	2594263	C	+T/+T	11	228	94.61%	2	2	45	40	0.98	1	1	6	5	106	122	+T
I	2594324	T	+A/+A	5	206	95.37%	2	2	40	40	0.98	1	1	2	3	97	109	+A
I	2594351	T	+A/+A	8	200	95.69%	2	2	40	39	0.98	1	1	1	7	103	97	+A
I	2594391	A	+T/+T	8	224	96.14%	2	2	45	39	0.98	1	1	2	6	114	110	+T
I	2605860	G	-T/-T	4	184	97.35%	2	2	40	38	0.98	1	1	1	3	98	86	-T
I	2607669	A	+T/+T	16	205	92.76%	2	2	40	40	0.98	1	1	5	11	92	113	+T
I	2641998	C	*/+T	72	83	52.87%	2	2	37	38	0.98	1	1	40	32	54	29	+T
I	2683902	T	-C/-C	4	251	98.43%	2	2	36	40	0.98	1	1	3	1	140	111	-C
I	2751236	T	-A/-A	38	165	81.28%	2	2	39	39	0.98	1	1	16	22	86	79	-A
I	2759871	T	+C/+C	9	256	94.12%	2	2	40	40	0.98	1	1	6	3	138	118	+C
I	2959752	A	*/+T	81	33	27.73%	2	2	38	37	0.98	1	1	56	25	24	9	+T
I	3125118	A	+T/+T	6	222	96.94%	2	2	37	39	0.98	1	1	3	3	114	108	+T
I	3166776	G	*/+TTT	58	80	51.95%	2	2	38	38	0.98	1	1	25	33	58	22	+TTT
I	3178494	C	+T/+T	11	223	94.49%	2	2	40	39	0.98	1	1	4	7	114	109	+T
I	3197528	A	+G/+G	15	195	92.42%	2	2	40	39	0.98	1	1	12	3	100	95	+G
I	3280177	G	+T/+T	30	174	78.38%	2	2	37	37	0.98	1	1	11	19	99	75	+T
I	3300811	C	*/-GGGGGG	16	5	7.25%	2	1	38	40	0.98	1	1	7	9	5	0	-GGGGGG
I	3300811	C	*/-GGGGGGG	16	7	10.14%	2	1	38	40	0.98	1	1	7	9	7	0	-GGGGGGG
I	3300811	C	*/-GGGGGGGG	16	12	17.39%	2	1	38	38	0.98	1	1	7	9	12	0	-GGGGGGGG
I	3300811	C	*/-GGGGGGGGG	16	27	39.13%	2	2	38	38	0.98	1	1	7	9	26	1	-GGGGGGGGG
I	3408209	T	+G/+G	17	235	90.73%	2	2	39	39	0.98	1	1	5	12	135	100	+G
I	3450130	G	-T/-T	16	235	93.63%	2	2	41	40	0.98	1	1	10	6	116	119	-T
I	3460318	T	+C/+C	14	229	93.09%	2	2	40	40	0.98	1	1	8	6	110	119	+C
I	3538413	A	+T/+T	15	252	94.38%	2	2	40	39	0.98	1	1	6	9	131	121	+T
I	3538428	G	+T/+T	11	246	94.98%	2	2	40	39	0.98	1	1	5	6	128	118	+T
I	3538436	T	+A/+A	14	241	94.51%	2	2	45	39	0.98	1	1	7	7	127	114	+A
I	3538449	T	+TA/+TA	51	189	78.75%	2	2	39	39	0.98	1	1	26	25	100	89	+TA
I	3538456	A	+AT/+AT	0	195	98.98%	0	2	0	39	0.98	0	1	0	0	101	94	+AT
I	3548532	G	*/+T	78	6	6.82%	2	1	38	40	0.98	1	1	41	37	6	0	+T
I	3576756	T	*/+TCTTCTC	37	102	46.58%	2	2	36	40	0.98	1	1	24	13	47	55	+TCTTCTC
I	3576929	C	+T/+T	37	200	83.33%	2	2	40	39	0.98	1	1	13	24	107	93	+T
I	3578504	A	+T/+T	27	175	83.33%	2	2	38	39	0.98	1	1	7	20	102	73	+T
I	3580034	C	*/+T	70	39	32.23%	2	2	38	36	0.98	1	1	42	28	17	22	+T
I	3665610	G	+C/+C	4	228	97.44%	2	2	36	39	0.98	1	1	1	3	104	124	+C
I	3700385	T	*/+AA	48	59	52.21%	2	2	40	39	0.98	1	1	26	22	28	31	+AA
I	3700425	A	*/-T	108	12	9.84%	2	2	39	38	0.98	1	1	49	59	5	7	-T
I	3730369	A	+T/+T	17	244	92.78%	2	2	40	39	0.98	1	1	10	7	127	117	+T
I	3756352	A	*/-AAAT	150	64	29.91%	2	2	40	39	0.98	1	1	89	61	50	14	-AAAT
I	3765328	C	+T/+T	27	152	84.44%	2	2	38	38	0.98	1	1	12	15	89	63	+T
I	3776933	G	+A/+A	16	180	90.45%	2	2	37	39	0.98	1	1	10	6	63	117	+A
I	3855790	G	-T/-T	6	248	97.64%	2	2	40	39	0.98	1	1	3	3	102	146	-T
I	3898271	C	*/+A	176	13	6.81%	2	2	39	38	0.98	1	1	81	95	7	6	+A
I	3940025	G	+T/+T	14	173	87.82%	2	2	40	38	0.98	1	1	7	7	74	99	+T
I	4010237	A	*/+G	21	5	13.16%	2	1	38	40	0.98	1	1	14	7	5	0	+G
I	4010237	A	*/+GG	21	6	15.79%	2	1	38	40	0.98	1	1	14	7	6	0	+GG
I	4010237	A	*/+GGG	21	3	7.89%	2	1	38	40	0.98	1	1	14	7	3	0	+GG
I	4010237	A	*/+GGGGG	21	2	5.26%	2	1	38	40	0.98	1	1	14	7	2	0	+GG
I	4055052	T	+A/+A	35	144	77.42%	2	2	41	39	0.98	1	1	22	13	74	70	+A
I	4140001	G	*/+T	39	155	74.52%	2	2	40	38	0.98	1	1	23	16	106	49	+T
I	4143587	C	*/+TATA	50	103	65.61%	2	2	39	39	0.98	1	1	18	32	53	50	+TATA
I	4179701	C	*/+T	56	41	40.59%	2	2	36	37	0.98	1	1	23	33	28	13	+T
I	4276890	G	*/+T	29	130	73.86%	2	2	38	39	0.98	1	1	11	18	108	22	+T
I	4304169	G	+A/+A	13	230	92.74%	2	2	38	40	0.98	1	1	8	5	128	102	+A
I	4374342	A	-G/-G	14	185	92.96%	2	2	42	39	0.98	1	1	9	5	76	109	-G
I	4407494	T	+G/+G	13	238	94.07%	2	2	40	40	0.98	1	1	7	6	119	119	+G
I	4410191	C	-G/-G	4	236	98.33%	2	2	36	40	0.98	1	1	2	2	129	107	-G
I	4414201	C	-T/-T	39	151	79.06%	2	2	37	38	0.98	1	1	15	24	89	62	-T
I	4414723	T	*/+AAAAA	63	6	7.5%	2	2	39	37	0.98	1	1	47	16	5	1	A
I	4431856	G	+A/+A	6	199	96.6%	2	2	40	39	0.98	1	1	3	3	88	111	+A
I	4431868	C	+A/+A	13	198	92.52%	2	2	40	39	0.98	1	1	4	9	90	108	+A
I	4455149	G	+A/+A	35	174	81.69%	2	2	39	40	0.98	1	1	24	11	85	89	+A
I	4604649	C	*/+T	101	6	5.31%	2	1	38	40	0.98	1	1	74	27	6	0	+T
I	4648144	T	*/-G	140	22	13.58%	2	1	39	39	0.98	1	1	92	48	0	22	-G
I	4648159	T	*/-G	58	83	53.21%	2	2	40	39	0.98	1	1	19	39	63	20	-G
I	4648159	T	*/-GG	58	15	9.62%	2	2	40	38	0.98	1	1	19	39	5	10	-G
I	4721875	G	+A/+A	18	215	91.88%	2	2	40	40	0.98	1	1	9	9	111	104	+A
I	4764253	G	+A/+A	35	174	82.08%	2	2	40	40	0.98	1	1	11	24	89	85	+A
I	4796843	T	*/+A	222	34	13.28%	2	2	39	39	0.98	1	1	115	107	15	19	+A
I	4911431	G	*/+T	83	5	5.68%	2	2	39	40	0.98	1	1	41	42	2	3	+T
I	4917359	C	+TT/+TT	27	227	86.64%	2	2	42	40	0.98	1	1	11	16	119	108	+TT
I	4926046	C	*/+T	42	64	55.17%	2	2	38	38	0.98	1	1	19	23	57	7	+T
I	5107567	G	*/+T	242	15	5.84%	2	2	39	38	0.98	1	1	121	121	8	7	+T
I	5142627	A	+G/+G	12	224	94.51%	2	2	40	40	0.98	1	1	3	9	110	114	+G
I	5148414	T	-A/-A	21	227	90.8%	2	2	43	39	0.98	1	1	4	17	110	117	-A
I	5173087	C	+T/+T	31	201	85.9%	2	2	39	39	0.98	1	1	15	16	87	114	+T
I	5173428	C	*/+T	167	16	8.7%	2	1	38	37	0.98	1	1	98	69	0	16	+T
I	5173430	G	*/+T	31	113	67.26%	2	2	39	38	0.98	1	1	13	18	85	28	+T
I	5176926	T	*/+A	48	84	56.38%	2	2	39	38	0.98	1	1	25	23	39	45	+A
I	5200876	C	*/+A	62	132	66.67%	2	2	39	37	0.98	1	1	21	41	60	72	+A
I	5271432	C	*/+TTTT	95	6	5.83%	2	2	39	37	0.98	1	1	61	34	5	1	+TTTT
I	5359307	A	+T/+T	24	181	87.44%	2	2	40	39	0.98	1	1	4	20	98	83	+T
I	5368262	T	-C/-C	10	214	95.54%	2	2	40	39	0.98	1	1	3	7	105	109	-C
I	5368273	G	+T/+T	9	212	95.93%	2	2	40	40	0.98	1	1	4	5	101	111	+T
I	5426622	C	+T/+T	40	182	80.89%	2	2	40	39	0.98	1	1	17	23	102	80	+T
I	5559279	T	*/+GGGGGGGG	9	2	15.38%	2	1	40	40	0.98	1	1	6	3	2	0	+GGGGGGGG
I	5567937	C	*/-A	239	17	6.51%	2	2	38	40	0.98	1	1	135	104	14	3	-A
I	5572022	A	*/-T	219	40	15.44%	2	1	39	40	0.98	1	1	118	101	0	40	-T
I	5576850	T	*/-AA	168	119	40.89%	2	2	39	39	0.98	1	1	103	65	60	59	-AA
II	15830	T	*/+A	44	9	15.79%	2	2	38	38	0.98	1	1	24	20	8	1	+A
II	128001	T	-A/-A	22	223	91.02%	2	2	41	40	0.98	1	1	15	7	126	97	-A
II	146079	T	-C/-C	15	229	93.85%	2	2	40	40	0.98	1	1	8	7	119	110	-C
II	162767	A	*/+T	190	30	13.57%	2	2	40	37	0.98	1	1	75	115	13	17	+T
II	484534	A	*/+T	59	141	69.46%	2	2	38	38	0.98	1	1	17	42	72	69	+T
II	561064	T	*/+A	113	8	6.02%	2	2	38	40	0.98	1	1	86	27	4	4	+A
II	602525	T	*/+A	216	12	5.13%	2	2	38	36	0.98	1	1	116	100	4	8	+A
II	603279	A	-T/-T	2	237	99.16%	2	2	40	39	0.98	1	1	1	1	115	122	-T
II	603305	A	-C/-C	9	229	96.22%	2	2	40	39	0.98	1	1	6	3	104	125	-C
II	645098	C	*/-A	171	13	6.95%	2	2	37	38	0.98	1	1	76	95	7	6	-A
II	700009	T	-A/-A	25	213	89.5%	2	2	41	39	0.98	1	1	11	14	100	113	-A
II	739204	C	*/+A	223	47	17.41%	2	2	40	39	0.98	1	1	109	114	21	26	+A
II	888599	A	-C/-C	9	226	96.17%	2	2	36	39	0.98	1	1	3	6	124	102	-C
II	903106	G	+T/+T	8	217	96.02%	2	2	40	40	0.98	1	1	3	5	104	113	+T
II	997671	G	*/+CAACAACAA	152	31	13.96%	2	2	39	40	0.98	1	1	105	47	10	21	+CAACAACAA
II	1019510	T	-A/-A	35	134	78.36%	2	2	40	39	0.98	1	1	15	20	72	62	-A
II	1079843	T	+A/+A	33	176	83.81%	2	2	40	39	0.98	1	1	22	11	93	83	+A
II	1163154	A	-T/-T	10	226	95.76%	2	2	40	40	0.98	1	1	5	5	105	121	-T
II	1266289	T	*/+A	32	132	73.74%	2	2	39	38	0.98	1	1	22	10	76	56	+A
II	1277481	G	*/+TT	87	29	24.79%	2	2	39	39	0.98	1	1	53	34	21	8	+TT
II	1308618	G	-T/-T	22	213	90.64%	2	2	40	38	0.98	1	1	9	13	124	89	-T
II	1389139	C	*/+T	51	112	64.37%	2	2	37	37	0.98	1	1	22	29	46	66	+T
II	1555919	A	*/+TTTATT	79	159	66.25%	2	2	39	40	0.98	1	1	29	50	102	57	+TTTATT
II	1588936	G	*/+AA	59	69	46%	2	2	37	38	0.98	1	1	35	24	40	29	+AA
II	1612985	A	*/-ATAATG	155	77	32.63%	2	2	40	39	0.98	1	1	63	92	32	45	-ATAATG
II	1613132	A	*/+ATATAT	159	14	8.09%	2	2	39	38	0.98	1	1	88	71	4	10	+ATATAT
II	1620412	T	*/-A	45	10	17.86%	2	1	39	40	0.98	1	1	31	14	10	0	-A
II	1634728	G	*/+TATATA	165	30	15.23%	2	2	39	39	0.98	1	1	79	86	25	5	+TATATA
II	1634843	T	*/-ATTATC	173	62	25.41%	2	2	40	39	0.98	1	1	91	82	36	26	-ATTATC
II	1678205	T	-A/-A	30	179	85.65%	2	2	40	38	0.98	1	1	12	18	87	92	-A
II	1716256	G	*/+T	90	24	18.32%	2	2	38	37	0.98	1	1	61	29	17	7	+T
II	1716287	T	*/-G	138	27	16.36%	2	2	40	39	0.98	1	1	71	67	7	20	-G
II	1748646	G	*/-A	41	74	64.35%	2	2	38	38	0.98	1	1	21	20	38	36	-A
II	1805315	C	*/+T	74	13	14.44%	2	2	38	38	0.98	1	1	45	29	11	2	+T
II	1816760	T	+C/+C	2	9	81.82%	2	1	40	40	0.98	1	1	1	1	9	0	+C
II	1861420	T	-G/-G	3	210	98.59%	1	2	40	40	0.98	1	1	0	3	118	92	-G
II	1867795	A	+T/+T	31	170	83.33%	2	2	37	38	0.98	1	1	15	16	89	81	+T
II	1868122	G	*/+T	51	63	50%	2	2	39	37	0.98	1	1	23	28	53	10	+T
II	1873779	T	+A/+A	12	235	94%	2	2	38	40	0.98	1	1	6	6	118	117	+A
II	1877294	A	+T/+T	27	192	86.88%	2	2	41	39	0.98	1	1	20	7	109	83	+T
II	1938011	G	*/+A	194	44	18.41%	2	2	39	39	0.98	1	1	98	96	24	20	+A
II	1941966	A	+T/+T	7	222	95.69%	2	2	40	39	0.98	1	1	4	3	119	103	+T
II	1941982	A	+T/+T	6	220	96.49%	2	2	40	39	0.98	1	1	4	2	117	103	+T
II	1948953	G	-A/-A	7	254	97.32%	2	2	40	39	0.98	1	1	3	4	133	121	-A
II	1950050	A	+G/+G	20	197	89.95%	2	2	40	39	0.98	1	1	12	8	96	101	+G
II	1950818	C	*/+A	209	40	16.06%	2	2	40	40	0.98	1	1	119	90	22	18	+A
II	1955495	T	+A/+A	42	159	77.94%	2	2	39	39	0.98	1	1	26	16	77	82	+A
II	1960392	A	+G/+G	4	237	97.93%	2	2	40	39	0.98	1	1	3	1	121	116	+G
II	1987101	C	-G/-G	11	246	95.72%	2	2	40	39	0.98	1	1	7	4	122	124	-G
II	1987117	T	-G/-G	6	240	97.56%	2	2	40	40	0.98	1	1	3	3	117	123	-G
II	2023193	G	*/+TT	64	38	36.19%	2	2	38	37	0.98	1	1	40	24	25	13	+TT
II	2049891	A	-T/-T	14	204	93.58%	2	2	40	39	0.98	1	1	5	9	90	114	-T
II	2053516	G	+C/+C	6	205	96.24%	2	2	40	40	0.98	1	1	1	5	100	105	+C
II	2108180	T	+A/+A	7	219	96.05%	2	2	40	40	0.98	1	1	4	3	106	113	+A
II	2115422	T	*/+A	160	35	17.95%	2	2	40	40	0.98	1	1	92	68	17	18	+A
II	2147726	G	+T/+T	6	223	96.96%	2	2	40	40	0.98	1	1	4	2	95	128	+T
II	2187407	G	+A/+A	9	242	95.65%	2	2	40	40	0.98	1	1	6	3	141	101	+A
II	2199987	A	*/+TAACC	93	122	54.46%	2	2	39	40	0.98	1	1	56	37	73	49	+TAACC
II	2219928	A	+T/+T	9	205	94.47%	2	2	40	40	0.98	1	1	5	4	118	87	+T
II	2293297	G	-A/-A	17	227	93.03%	2	2	40	40	0.98	1	1	10	7	128	99	-A
II	2443873	T	*/+AA	67	31	27.68%	2	2	39	37	0.98	1	1	41	26	27	4	+AA
II	2592423	T	+A/+A	17	180	89.11%	2	2	40	39	0.98	1	1	6	11	108	72	+A
II	2630607	C	+A/+A	38	145	77.13%	2	2	40	38	0.98	1	1	16	22	69	76	+A
II	2640785	T	*/+A	34	82	66.13%	2	2	40	39	0.98	1	1	25	9	50	32	+A
II	2709414	G	+C/+C	2	251	98.05%	2	2	40	39	0.98	1	1	1	1	126	125	+C
II	2720152	T	+A/+A	23	149	82.32%	2	2	40	38	0.98	1	1	15	8	80	69	+A
II	2755338	C	-AT/-AT	45	176	79.64%	2	2	39	39	0.98	1	1	28	17	86	90	-AT
II	2788933	C	+G/+G	2	222	98.67%	1	2	40	40	0.98	1	1	2	0	133	89	+G
II	2798040	C	-T/-T	3	230	98.71%	1	2	40	39	0.98	1	1	0	3	112	118	-T
II	2798514	A	-G/-G	14	208	93.69%	2	2	40	39	0.98	1	1	6	8	89	119	-G
II	2811495	C	-A/-A	7	236	97.12%	2	2	45	39	0.98	1	1	3	4	116	120	-A
II	2830962	C	+TT/+TT	27	165	83.33%	2	2	39	40	0.98	1	1	14	13	95	70	+TT
II	2938956	C	+T/+T	38	182	81.61%	2	2	38	39	0.98	1	1	16	22	93	89	+T
II	3040332	C	+G/+G	5	209	96.31%	2	2	40	39	0.98	1	1	4	1	73	136	+G
II	3058544	T	*/+G	26	5	9.43%	2	1	38	40	0.98	1	1	16	10	5	0	+G
II	3058544	T	*/+GG	26	9	16.98%	2	2	38	40	0.98	1	1	16	10	7	2	+GG
II	3058544	T	*/+GGG	26	5	9.43%	2	1	38	40	0.98	1	1	16	10	5	0	+GG
II	3058544	T	*/+GGGG	26	6	11.32%	2	1	38	40	0.98	1	1	16	10	6	0	+GGGG
II	3145037	T	*/+A	201	35	14.64%	2	2	38	39	0.98	1	1	122	79	25	10	+A
II	3171788	G	*/+A	40	114	70.81%	2	2	40	38	0.98	1	1	19	21	75	39	+A
II	3253452	G	*/+T	179	11	5.76%	2	1	39	39	0.98	1	1	95	84	0	11	+T
II	3253453	C	*/+T	51	99	60.37%	2	2	37	37	0.98	1	1	21	30	66	33	+T
II	3487895	G	*/+TATTT	95	123	54.42%	2	2	40	39	0.98	1	1	40	55	59	64	+TATTT
II	3619003	A	+G/+G	11	245	95.33%	2	2	38	40	0.98	1	1	5	6	116	129	+G
II	3799350	G	+A/+A	38	132	75.86%	2	2	38	38	0.98	1	1	23	15	73	59	+A
II	3838101	C	-A/-A	22	210	90.13%	2	2	40	39	0.98	1	1	11	11	109	101	-A
II	3860185	C	-TAGTA/-TAGTA	39	175	81.4%	2	2	40	39	0.98	1	1	20	19	79	96	-TAGTA
II	4031459	T	*/-A	94	6	5.83%	2	2	38	32	0.98	1	1	68	26	2	4	-A
II	4031460	A	*/+T	55	39	40.21%	2	1	38	40	0.98	1	1	27	28	39	0	+T
II	4091063	C	+A/+A	17	243	93.46%	2	2	40	39	0.98	1	1	6	11	120	123	+A
II	4107253	G	*/+TTT	72	36	32.43%	2	2	39	36	0.98	1	1	50	22	24	12	+TTT
II	4172522	T	*/+AAA	173	24	11.71%	2	2	39	38	0.98	1	1	77	96	9	15	+AAA
II	4254960	G	-A/-A	10	213	95.52%	2	2	44	39	0.98	1	1	6	4	119	94	-A
II	4308414	C	+A/+A	28	134	82.21%	2	2	40	39	0.98	1	1	16	12	69	65	+A
II	4419921	T	*/+A	55	78	53.06%	2	2	39	37	0.98	1	1	38	17	37	41	+A
II	4462508	C	*/+A	147	28	15.82%	2	2	38	38	0.98	1	1	86	61	14	14	+A
II	4513922	G	*/+GGCTGCTATAATCATTCCCAA	314	22	6.36%	2	2	39	40	0.98	1	1	145	169	12	10	+GGCTGCTATAATCATTCCCAA
II	4517047	T	*/+TACTCATCTACTCATC	309	72	15.72%	2	2	39	40	0.98	1	1	157	152	38	34	C
II	4521677	T	*/-AA	175	142	43.83%	2	2	38	40	0.98	1	1	94	81	67	75	-AA
II	4525340	G	*/+T	154	74	28.14%	2	2	37	38	0.98	1	1	114	40	67	7	+T
II	4526174	A	*/-T	196	21	9.63%	2	2	35	37	0.98	1	1	113	83	16	5	-T
II	4528465	C	*/+GACAAT	503	87	14.65%	2	2	39	39	0.98	1	1	226	277	39	48	+GACAAT
II	4528483	T	*/-GACAATGACAGA	526	53	9.15%	2	2	39	40	0.98	1	1	233	293	23	30	-GACAATGACAGA
II	4529375	T	*/+ACAACGACAACGACAACG	348	147	24.26%	2	2	39	40	0.98	1	1	162	186	63	84	+ACAACGACAACGACAACG
II	4529375	T	*/+ACAACGACAACGACAACGACAACG	348	99	16.34%	2	2	39	40	0.98	1	1	162	186	41	58	+ACAACGACAACGACAACG
II	4533588	C	*/-T	830	383	31.57%	2	2	40	39	0.98	1	1	426	404	231	152	-T
II	4534880	A	*/-T	975	234	19.35%	2	2	39	39	0.98	1	1	503	472	128	106	-T
II	4535321	G	*/-GATAT	1094	157	12.55%	2	2	40	39	0.98	1	1	479	615	78	79	-GATAT
II	4535523	T	*/+GTTACG	969	197	16.87%	2	2	39	40	0.98	1	1	463	506	84	113	+GTTACG
II	4535548	A	*/-TATGTG	920	192	17.22%	2	2	39	40	0.98	1	1	438	482	80	112	-TATGTG
II	4535645	G	*/-T	923	211	18.54%	2	2	39	39	0.98	1	1	450	473	103	108	-T
II	4535727	A	*/-G	1040	165	13.69%	2	2	39	39	0.98	1	1	564	476	95	70	-G
II	4536089	C	*/+AAAAGAAAAGTAAATT	1263	118	8.45%	2	2	39	40	0.98	1	1	642	621	56	62	+AAAAGAAAAGTAAATT
II	4536728	A	*/+GAGAGTAGG	783	184	18.07%	2	2	39	39	0.98	1	1	270	513	58	126	+GAGAGTAGG
II	4537213	G	*/+T	502	577	53.28%	2	2	39	39	0.98	1	1	243	259	311	266	+T
II	4537387	A	*/-AATAAGAG	390	685	63.72%	2	2	39	39	0.98	1	1	185	205	329	356	-AATAAGAG
II	4537655	A	*/+AAATG	870	153	14.57%	2	2	40	39	0.98	1	1	364	506	31	122	+AAATG
II	4537665	G	*/+AAATA	856	141	13.85%	2	2	40	39	0.98	1	1	317	539	48	93	+AAATA
II	4537712	T	*/-AAATAAAATTAATG	788	107	11.94%	2	2	39	39	0.98	1	1	247	541	34	73	-AAATAAAATTAATG
II	4538312	A	*/-TAGGTATAGGTAGAATAAGTAGAGTAGAG	262	28	9.66%	2	2	39	40	0.98	1	1	132	130	21	7	-TAGGTATAGGTAGAATAAGTAGAGTAGAG
II	4538638	T	*/-AAATAAAATTAATG	438	32	6.81%	2	1	39	40	0.98	1	1	308	130	32	0	-AAATAAAATTAATG
II	4539204	G	*/-ATAGGTAGAATAAGTAAAGCAGAATAGGTAGA	627	53	7.79%	2	2	40	39	0.98	1	1	349	278	31	22	-ATAGGTAGAATAAGTAAAGCAGAATAGGTAGA
III	1558	G	*/+A	2405	1179	29.58%	2	2	39	39	0.98	1	1	1318	1087	590	589	+A
III	4952	C	*/+T	3734	281	6.94%	2	2	39	38	0.98	1	1	2188	1546	20	261	+T
III	9812	T	*/+A	4667	368	7.25%	2	2	39	39	0.98	1	1	2689	1978	25	343	+A
III	12428	G	*/+A	2410	1217	30.19%	2	2	39	39	0.98	1	1	1324	1086	601	616	+A
III	15822	C	*/+T	3797	301	7.29%	2	2	39	38	0.98	1	1	2241	1556	28	273	+T
III	20682	T	*/+A	4701	405	7.86%	2	2	39	39	0.98	1	1	2715	1986	23	382	+A
III	20964	A	*/-T	5540	307	5.25%	2	2	39	38	0.98	1	1	3012	2528	34	273	-T
III	23298	G	*/+A	2355	1201	30.34%	2	2	39	40	0.98	1	1	1274	1081	594	607	+A
III	155199	A	*/+T	204	20	8.93%	2	2	39	39	0.98	1	1	91	113	9	11	+T
III	244729	A	*/+T	203	31	13.25%	2	2	40	40	0.98	1	1	91	112	18	13	+T
III	253907	A	*/+T	55	98	57.99%	2	2	39	37	0.98	1	1	27	28	55	43	+T
III	284510	C	+A/+A	25	200	86.96%	2	2	40	39	0.98	1	1	10	15	98	102	+A
III	286478	C	-TT/-TT	20	170	88.08%	2	2	39	39	0.98	1	1	12	8	97	73	-TT
III	286594	T	*/+A	61	79	51.97%	2	2	39	37	0.98	1	1	40	21	32	47	+A
III	365747	C	-A/-A	34	182	83.11%	2	2	40	37	0.98	1	1	20	14	100	82	-A
III	717677	A	-T/-T	44	159	76.08%	2	2	37	38	0.98	1	1	16	28	84	75	-T
III	719955	A	-C/-C	5	188	97.41%	2	2	40	39	0.98	1	1	2	3	104	84	-C
III	719973	C	-G/-G	0	62	100%	0	2	0	40	0.98	0	1	0	0	30	32	-G
III	720683	A	+T/+T	19	153	86.93%	2	2	36	39	0.98	1	1	8	11	87	66	+T
III	867865	C	-T/-T	25	221	89.84%	2	2	41	39	0.98	1	1	14	11	129	92	-T
III	1016311	G	+C/+C	7	213	96.38%	2	2	45	39	0.98	1	1	3	4	118	95	+C
III	1073505	T	*/+ATATAGAG	605	78	11.32%	2	2	39	39	0.98	1	1	475	130	73	5	+ATATAGAG
III	1079346	A	*/+G	839	82	8.9%	2	2	40	40	0.98	1	1	592	247	64	18	+G
III	1079884	C	*/-AACTACAACTATAACTAT	1020	93	8.35%	2	2	39	38	0.98	1	1	474	546	44	49	-AACTACAACTATAACTAT
III	1080146	T	*/+ATATAGAG	980	171	14.69%	2	2	39	39	0.98	1	1	466	514	77	94	+ATATAGAG
III	1084192	T	*/-GTGGTAAGTGTAA	172	12	6.52%	2	2	39	40	0.98	1	1	76	96	5	7	-GTGGTAAGTGTAA
III	1087979	A	*/+G	365	27	6.89%	2	2	40	40	0.98	1	1	123	242	6	21	+G
III	1088779	T	*/+ATATAGAG	441	25	5.32%	2	1	40	38	0.98	1	1	139	302	0	25	+ATATAGAG
III	1095549	T	*/-G	171	16	8.56%	2	1	38	35	0.98	1	1	103	68	0	16	-G
III	1095550	G	*/-T	89	53	36.3%	2	2	37	38	0.98	1	1	58	31	45	8	-T
III	1103423	T	*/-A	116	36	23.08%	2	2	38	36	0.98	1	1	85	31	15	21	-A
III	1110132	C	*/+TCTCTATA	333	20	5.63%	2	1	39	40	0.98	1	1	205	128	20	0	+TCTCTATA
III	1110963	T	*/+C	387	29	6.97%	2	2	39	40	0.98	1	1	253	134	25	4	+C
III	1114731	C	*/-CACTTACCACTTA	181	12	6.19%	2	2	39	40	0.98	1	1	100	81	7	5	-CACTTACCACTTA
III	1117723	T	*/+C	340	30	8.11%	2	2	39	40	0.98	1	1	224	116	24	6	+C
III	1121596	C	*/-T	62	4	5.97%	2	1	40	40	0.98	1	1	32	30	4	0	-T
III	1123912	G	*/-TAGTTATAGTTGTAGTTA	109	7	6.03%	2	2	39	40	0.98	1	1	74	35	4	3	-TAGTTATAGTTGTAGTTA
III	1124483	T	*/+C	361	28	7.2%	2	2	40	40	0.98	1	1	223	138	20	8	+C
III	1130672	G	*/-TAGTTATAGTTGTAGTTA	110	6	5.17%	2	2	38	40	0.98	1	1	79	31	2	4	-TAGTTATAGTTGTAGTTA
III	1131243	T	*/+C	355	20	5.33%	2	2	40	40	0.98	1	1	219	136	15	5	+C
III	1140919	T	*/+A	177	19	9.45%	2	2	39	40	0.98	1	1	85	92	8	11	+A
III	1252503	G	*/+TT	87	7	7.29%	2	1	39	37	0.98	1	1	39	48	0	7	+TT
III	1252505	G	*/+TT	64	5	5.75%	2	2	38	40	0.98	1	1	31	33	4	1	+TT
III	1411945	T	*/+A	204	19	8.52%	2	2	40	39	0.98	1	1	88	116	8	11	+A
III	1421567	T	*/+GG	25	12	18.18%	2	2	38	40	0.98	1	1	10	15	6	6	+GG
III	1421567	T	*/+GGG	25	14	21.21%	2	2	38	40	0.98	1	1	10	15	9	5	+GGG
III	1421567	T	*/+GGGG	25	9	13.64%	2	1	38	38	0.98	1	1	10	15	9	0	+GGG
III	1421567	T	*/+GGGGG	25	4	6.06%	2	1	38	40	0.98	1	1	10	15	4	0	+GGG
III	1443446	G	*/+AAATGGCATATGCGACGCGACAACGTCTTA	170	30	14.56%	2	2	39	40	0.98	1	1	102	68	22	8	+AAATGGCATATGCGACGCGACAACGTCTTA
III	1575951	G	*/+T	75	79	48.47%	2	2	39	38	0.98	1	1	43	32	54	25	+T
III	1685487	G	+A/+A	9	252	96.55%	2	2	40	40	0.98	1	1	6	3	96	156	+A
III	1756400	T	-A/-A	11	261	95.96%	2	2	40	39	0.98	1	1	7	4	128	133	-A
III	1774235	T	+GATC/+GATC	15	223	92.92%	2	2	40	40	0.98	1	1	7	8	120	103	+GATC
III	1929127	A	*/-G	54	5	6.1%	2	2	34	40	0.98	1	1	41	13	3	2	-G
III	1929127	A	*/+G	54	16	19.51%	2	1	34	36	0.98	1	1	41	13	16	0	+G
III	2183757	T	+A/+A	24	180	84.11%	2	2	39	39	0.98	1	1	14	10	94	86	+A
III	2256051	T	*/+A	175	38	17.76%	2	2	39	38	0.98	1	1	75	100	17	21	+A
III	2356258	G	*/+T	181	32	14.68%	2	2	39	37	0.98	1	1	82	99	16	16	+T
III	2382018	A	*/-T	60	64	51.61%	2	2	38	35	0.98	1	1	36	24	35	29	-T
III	2443562	A	*/+T	920	675	41.21%	2	2	39	39	0.98	1	1	428	492	137	538	+T
III	2448309	T	-AA/-AA	701	4664	86.1%	2	2	39	38	0.98	1	1	389	312	1866	2798	-AA
