Chrom	Position	Ref	Cons	Reads1	Reads2	VarFreq	Strands1	Strands2	Qual1	Qual2	Pvalue	MapQual1	MapQual2	Reads1Plus	Reads1Minus	Reads2Plus	Reads2Minus	VarAllele
I	3160	A	*/+GTTGTCGTTGTCGTTGTC	50	10	14.08%	2	2	48	46	0.98	1	1	32	18	6	4	+GTTGTCGTTGTCGTTGTC
I	3160	A	*/+GTTGTCGTTGTCGTTGTCGTTGTC	50	10	14.08%	2	2	48	43	0.98	1	1	32	18	7	3	+GTTGTCGTTGTCGTTGTC
I	4053	C	*/+TGTCAT	55	7	10.94%	2	2	48	52	0.98	1	1	27	28	6	1	+TGTCAT
I	5677	G	*/-A	22	11	22.92%	1	2	36	43	0.98	1	1	22	0	9	2	-A
I	5677	G	*/-AA	22	6	12.5%	1	2	36	40	0.98	1	1	22	0	5	1	-A
I	5677	G	*/+A	22	3	6.25%	1	1	36	37	0.98	1	1	22	0	3	0	-A
I	6357	T	*/-A	32	5	10%	2	2	47	34	0.98	1	1	20	12	3	2	-A
I	6357	T	*/-AA	32	12	24%	2	2	47	43	0.98	1	1	20	12	7	5	-AA
I	7192	C	*/+A	30	7	17.07%	2	2	38	44	0.98	1	1	22	8	6	1	+A
I	10859	G	*/-TT	11	5	29.41%	2	2	53	39	0.98	1	1	6	5	2	3	-TT
I	15734	C	*/-A	14	3	13.64%	2	2	43	37	0.98	1	1	8	6	1	2	-A
I	15734	C	*/+A	14	5	22.73%	2	2	43	56	0.98	1	1	8	6	2	3	+A
I	17610	T	*/-GCAC	34	2	5.56%	2	2	46	37	0.98	1	1	22	12	1	1	-GCAC
I	24594	G	*/-T	71	4	5.33%	2	2	52	55	0.98	1	1	29	42	2	2	-T
I	27402	A	*/-C	10	17	60.71%	2	2	40	41	0.98	1	1	3	7	3	14	-C
I	28398	A	*/+C	71	9	11.25%	2	2	50	61	0.98	1	1	21	50	7	2	+C
I	44436	A	*/+T	17	2	10.53%	2	2	46	55	0.98	1	1	7	10	1	1	+T
I	55244	T	*/-A	11	3	15.79%	2	1	41	37	0.98	1	1	9	2	3	0	-A
I	55244	T	*/-AA	11	2	10.53%	2	2	41	55	0.98	1	1	9	2	1	1	-A
I	55244	T	*/+A	11	2	10.53%	2	1	41	37	0.98	1	1	9	2	2	0	-A
I	101871	A	+G/+G	0	26	81.25%	0	2	0	46	0.98	0	1	0	0	10	16	+G
I	149049	G	*/-AT	33	2	5.71%	2	1	47	36	0.98	1	1	17	16	0	2	-AT
I	195886	T	*/+A	22	2	8.33%	2	2	45	37	0.98	1	1	9	13	1	1	+A
I	216147	C	*/-T	14	2	11.11%	2	2	45	37	0.98	1	1	6	8	1	1	-T
I	216147	C	*/-TT	14	2	11.11%	2	1	45	25	0.98	1	1	6	8	0	2	-T
I	260696	T	*/+G	29	2	6.45%	2	1	45	37	0.98	1	1	13	16	0	2	+G
I	329357	C	*/+G	22	2	8.33%	2	2	52	37	0.98	1	1	7	15	1	1	+G
I	414079	C	*/-T	18	3	14.29%	2	2	48	33	0.98	1	1	11	7	2	1	-T
I	440084	T	*/+A	2	5	71.43%	1	2	49	42	0.98	1	1	2	0	3	2	+A
I	441614	C	*/-T	6	3	27.27%	2	1	34	33	0.98	1	1	5	1	3	0	-T
I	441614	C	*/-TT	6	2	18.18%	2	1	34	25	0.98	1	1	5	1	2	0	-T
I	453369	G	*/+A	6	5	38.46%	1	1	33	39	0.98	1	1	6	0	5	0	+A
I	456726	G	*/-T	14	2	12.5%	2	1	46	37	0.98	1	1	9	5	2	0	-T
I	464017	C	*/-A	11	3	20%	2	2	46	33	0.98	1	1	5	6	1	2	-A
I	470378	A	-C/-C	0	15	100%	0	2	0	38	0.98	0	1	0	0	11	4	-C
I	470390	A	-C/-C	1	20	95.24%	1	2	37	44	0.98	1	1	1	0	13	7	-C
I	473427	G	*/+T	3	2	22.22%	2	2	33	37	0.98	1	1	1	2	1	1	+T
I	482737	A	+G/+G	4	35	79.55%	1	2	37	48	0.98	1	1	0	4	20	15	+G
I	521845	T	*/-A	21	3	12.5%	2	2	44	37	0.98	1	1	11	10	1	2	-A
I	554527	A	+T/+T	1	12	92.31%	1	2	37	47	0.98	1	1	1	0	4	8	+T
I	562745	A	*/+T	7	9	42.86%	2	2	40	43	0.98	1	1	4	3	4	5	+T
I	562745	A	*/+TT	7	4	19.05%	2	2	40	43	0.98	1	1	4	3	1	3	+T
I	609849	C	*/-T	15	2	11.76%	2	1	42	37	0.98	1	1	11	4	0	2	-T
I	660056	T	*/+G	11	3	20%	2	1	39	33	0.98	1	1	5	6	3	0	+G
I	670032	C	+A/+A	0	53	100%	0	2	0	52	0.98	0	1	0	0	23	30	+A
I	682993	T	-C/-C	0	39	100%	0	2	0	52	0.98	0	1	0	0	20	19	-C
I	692823	G	*/-A	23	2	7.69%	2	1	51	37	0.98	1	1	11	12	2	0	-A
I	719597	G	*/-TA	36	4	9.76%	2	2	51	46	0.98	1	1	15	21	2	2	-TA
I	807903	A	*/-T	17	2	10.53%	2	2	43	49	0.98	1	1	2	15	1	1	-T
I	862962	C	+T/+T	0	24	100%	0	2	0	46	0.98	0	1	0	0	14	10	+T
I	932995	G	*/-A	25	3	10.71%	2	2	57	74	0.98	1	1	13	12	2	1	-A
I	934908	T	*/+A	7	2	18.18%	2	2	38	37	0.98	1	1	6	1	1	1	+A
I	934908	T	*/+AA	7	2	18.18%	2	2	38	31	0.98	1	1	6	1	1	1	+A
I	960025	G	*/+T	6	7	50%	1	2	37	40	0.98	1	1	6	0	3	4	+T
I	976406	C	*/+G	17	2	10.53%	2	2	46	55	0.98	1	1	5	12	1	1	+G
I	1048635	G	+A/+A	1	10	90.91%	1	2	37	47	0.98	1	1	1	0	7	3	+A
I	1157929	C	*/+T	54	6	10%	2	2	46	37	0.98	1	1	26	28	3	3	+T
I	1200526	C	*/+T	29	2	6.25%	2	2	43	49	0.98	1	1	23	6	1	1	+T
I	1206603	G	*/-T	39	3	6.82%	2	2	47	33	0.98	1	1	16	23	2	1	-T
I	1254655	T	*/-A	15	2	11.11%	2	2	38	37	0.98	1	1	11	4	1	1	-A
I	1274803	T	+A/+A	0	7	100%	0	2	0	45	0.98	0	1	0	0	3	4	+A
I	1290605	A	*/-T	12	2	13.33%	2	2	49	55	0.98	1	1	9	3	1	1	-T
I	1333654	T	*/+G	4	15	71.43%	2	2	34	38	0.98	1	1	3	1	14	1	+G
I	1358794	C	*/+A	3	5	55.56%	2	2	37	44	0.98	1	1	2	1	3	2	+A
I	1359503	T	*/-A	10	2	16.67%	2	1	38	37	0.98	1	1	7	3	0	2	-A
I	1424708	C	-A/-A	2	20	90.91%	2	2	55	47	0.98	1	1	1	1	11	9	-A
I	1496317	C	*/-A	3	9	56.25%	1	2	37	46	0.98	1	1	3	0	4	5	-A
I	1496317	C	*/-AA	3	3	18.75%	1	1	37	40	0.98	1	1	3	0	0	3	-A
I	1509277	C	+T/+T	0	6	100%	0	2	0	43	0.98	0	1	0	0	5	1	+T
I	1538747	A	*/-G	31	2	6.06%	2	2	45	37	0.98	1	1	17	14	1	1	-G
I	1541472	G	*/-T	7	3	15.79%	2	1	36	37	0.98	1	1	5	2	3	0	-T
I	1541472	G	*/+T	7	5	26.32%	2	2	36	36	0.98	1	1	5	2	3	2	+T
I	1595056	C	*/+T	8	3	25%	2	1	40	37	0.98	1	1	7	1	3	0	+T
I	1599291	T	*/+A	6	3	30%	2	1	39	37	0.98	1	1	1	5	0	3	+A
I	1625092	T	+C/+C	0	22	95.65%	0	2	0	48	0.98	0	1	0	0	12	10	+C
I	1633560	C	*/-T	32	3	8.57%	2	1	47	49	0.98	1	1	16	16	3	0	-T
I	1663903	C	*/+A	25	2	7.41%	2	1	47	43	0.98	1	1	13	12	0	2	+A
I	1665245	G	*/-AA	11	2	15.38%	2	2	36	55	0.98	1	1	9	2	1	1	-AA
I	1777634	A	*/-T	7	2	14.29%	2	1	40	74	0.98	1	1	6	1	0	2	-T
I	1777634	A	*/-TT	7	2	14.29%	2	1	40	55	0.98	1	1	6	1	0	2	-T
I	1777634	A	*/+T	7	3	21.43%	2	2	40	45	0.98	1	1	6	1	2	1	+T
I	1837916	G	*/-T	5	2	16.67%	2	2	37	37	0.98	1	1	4	1	1	1	-T
I	1849285	C	*/-T	29	2	6.25%	2	1	48	55	0.98	1	1	18	11	0	2	-T
I	1890184	C	*/-A	10	5	29.41%	2	1	51	44	0.98	1	1	3	7	5	0	-A
I	1925428	T	*/-A	17	2	10%	2	1	50	55	0.98	1	1	9	8	0	2	-A
I	1936294	G	+A/+A	0	16	100%	0	2	0	52	0.98	0	1	0	0	6	10	+A
I	1952313	A	+T/+T	1	27	96.43%	1	2	74	48	0.98	1	1	0	1	22	5	+T
I	1954162	C	*/-A	8	2	14.29%	2	1	50	55	0.98	1	1	2	6	2	0	-A
I	1954162	C	*/-AA	8	2	14.29%	2	2	50	31	0.98	1	1	2	6	1	1	-A
I	1955853	T	+A/+A	2	7	77.78%	2	2	37	42	0.98	1	1	1	1	4	3	+A
I	2025000	C	*/+T	10	2	14.29%	2	1	38	37	0.98	1	1	7	3	2	0	+T
I	2025000	C	*/+TT	10	2	14.29%	2	1	38	36	0.98	1	1	7	3	0	2	+T
I	2041948	T	*/-A	17	2	9.09%	1	2	35	74	0.98	1	1	17	0	1	1	-A
I	2041948	T	*/+A	17	2	9.09%	1	2	35	55	0.98	1	1	17	0	1	1	-A
I	2052488	A	*/-T	18	5	19.23%	2	2	46	42	0.98	1	1	9	9	1	4	-T
I	2052488	A	*/-TT	18	3	11.54%	2	1	46	36	0.98	1	1	9	9	3	0	-T
I	2096013	T	*/-A	18	2	10%	2	1	43	74	0.98	1	1	12	6	2	0	-A
I	2107567	A	*/-T	25	2	7.41%	2	1	42	37	0.98	1	1	6	19	0	2	-T
I	2139856	G	+T/+T	0	6	85.71%	0	2	0	30	0.98	0	1	0	0	4	2	+T
I	2152548	T	*/-A	20	2	9.09%	2	2	50	37	0.98	1	1	13	7	1	1	-A
I	2154491	T	+A/+A	2	13	86.67%	1	2	55	45	0.98	1	1	0	2	5	8	+A
I	2155438	C	*/-A	31	2	5.88%	2	1	40	37	0.98	1	1	13	18	0	2	-A
I	2174555	C	*/-A	7	3	23.08%	2	2	35	40	0.98	1	1	5	2	2	1	-A
I	2174555	C	*/-AA	7	3	23.08%	2	2	35	41	0.98	1	1	5	2	1	2	-A
I	2178948	C	*/+A	23	2	7.69%	2	2	46	55	0.98	1	1	16	7	1	1	+A
I	2205094	G	*/-A	20	2	9.09%	2	2	38	42	0.98	1	1	15	5	1	1	-A
I	2227934	C	*/+AAA	10	3	21.43%	2	1	35	37	0.98	1	1	3	7	0	3	+AAA
I	2227936	T	*/+AAA	0	6	54.55%	0	2	0	32	0.98	0	1	0	0	2	4	+AAA
I	2231735	C	*/-A	9	2	18.18%	2	2	39	37	0.98	1	1	6	3	1	1	-A
I	2245479	T	*/-C	10	2	13.33%	2	1	44	37	0.98	1	1	4	6	2	0	-C
I	2245479	T	*/+C	10	2	13.33%	2	1	44	37	0.98	1	1	4	6	0	2	-C
I	2273201	T	*/-AAA	7	3	27.27%	2	2	37	49	0.98	1	1	6	1	2	1	-AAA
I	2288240	C	-G/-G	0	36	100%	0	2	0	48	0.98	0	1	0	0	21	15	-G
I	2322636	C	*/-A	11	3	13.64%	2	1	37	49	0.98	1	1	9	2	3	0	-A
I	2322636	C	*/-AA	11	3	13.64%	2	1	37	37	0.98	1	1	9	2	3	0	-A
I	2322636	C	*/+A	11	3	13.64%	2	1	37	37	0.98	1	1	9	2	3	0	-A
I	2327021	C	*/+A	6	3	30%	2	1	40	38	0.98	1	1	1	5	3	0	+A
I	2343703	G	+A/+A	0	9	90%	0	2	0	52	0.98	0	1	0	0	5	4	+A
I	2401096	C	*/-A	11	2	11.76%	2	2	44	37	0.98	1	1	6	5	1	1	-A
I	2401096	C	*/+A	11	2	11.76%	2	1	44	37	0.98	1	1	6	5	2	0	-A
I	2421576	A	-C/-C	0	12	100%	0	2	0	41	0.98	0	1	0	0	8	4	-C
I	2443651	C	*/-A	19	4	17.39%	2	2	51	52	0.98	1	1	6	13	3	1	-A
I	2452410	A	*/-T	20	3	13.04%	2	1	51	49	0.98	1	1	11	9	0	3	-T
I	2499149	A	-T/-T	3	14	82.35%	1	2	37	47	0.98	1	1	3	0	3	11	-T
I	2502628	T	*/-A	17	3	15%	2	2	47	49	0.98	1	1	11	6	2	1	-A
I	2507462	T	+A/+A	1	17	89.47%	1	2	37	43	0.98	1	1	1	0	11	6	+A
I	2510060	T	+A/+A	1	6	85.71%	1	2	37	43	0.98	1	1	0	1	4	2	+A
I	2520612	G	*/-T	16	2	11.11%	2	1	54	55	0.98	1	1	9	7	2	0	-T
I	2525713	C	*/-T	15	5	22.73%	2	2	42	44	0.98	1	1	11	4	4	1	-T
I	2525713	C	*/-TT	15	2	9.09%	2	2	42	49	0.98	1	1	11	4	1	1	-T
I	2588021	C	+A/+A	0	12	100%	0	2	0	48	0.98	0	1	0	0	6	6	+A
I	2588066	C	+A/+A	0	9	100%	0	2	0	40	0.98	0	1	0	0	5	4	+A
I	2592809	T	*/+A	17	4	19.05%	2	2	47	37	0.98	1	1	9	8	2	2	+A
I	2594263	C	+T/+T	0	9	100%	0	2	0	48	0.98	0	1	0	0	3	6	+T
I	2594324	T	+A/+A	0	11	100%	0	2	0	56	0.98	0	1	0	0	5	6	+A
I	2594351	T	+A/+A	0	11	100%	0	2	0	57	0.98	0	1	0	0	5	6	+A
I	2594391	A	+T/+T	0	11	100%	0	2	0	61	0.98	0	1	0	0	3	8	+T
I	2605860	G	-T/-T	1	22	95.65%	1	2	37	44	0.98	1	1	0	1	6	16	-T
I	2607669	A	+T/+T	3	23	88.46%	2	2	37	43	0.98	1	1	2	1	10	13	+T
I	2683902	T	-C/-C	1	15	93.75%	1	2	37	54	0.98	1	1	0	1	5	10	-C
I	2689254	A	*/+T	16	2	11.11%	2	2	51	37	0.98	1	1	8	8	1	1	+T
I	2751236	T	-A/-A	2	17	85%	1	2	74	42	0.98	1	1	2	0	7	10	-A
I	2759871	T	+C/+C	0	9	100%	0	2	0	42	0.98	0	1	0	0	3	6	+C
I	2794397	A	*/-GTTAGT	34	2	5.56%	2	1	47	37	0.98	1	1	10	24	2	0	-GTTAGT
I	2807885	C	*/-T	12	2	14.29%	2	2	36	31	0.98	1	1	5	7	1	1	-T
I	2881073	G	*/+A	12	2	14.29%	2	1	43	42	0.98	1	1	9	3	2	0	+A
I	2960791	T	*/-A	12	2	14.29%	2	1	47	37	0.98	1	1	7	5	0	2	-A
I	3010124	T	*/-A	23	2	8%	2	1	45	55	0.98	1	1	18	5	2	0	-A
I	3022371	A	*/-T	7	2	22.22%	2	1	42	37	0.98	1	1	2	5	0	2	-T
I	3033347	C	*/-T	13	3	14.29%	2	2	43	45	0.98	1	1	11	2	2	1	-T
I	3033347	C	*/+T	13	5	23.81%	2	1	43	42	0.98	1	1	11	2	5	0	+T
I	3084527	A	*/+AGT	39	3	7.14%	2	2	49	74	0.98	1	1	22	17	1	2	+AGT
I	3125118	A	+T/+T	0	12	100%	0	2	0	48	0.98	0	1	0	0	6	6	+T
I	3126989	A	*/+T	9	2	18.18%	2	1	53	37	0.98	1	1	3	6	2	0	+T
I	3144699	T	*/-A	12	3	15.79%	2	2	44	40	0.98	1	1	7	5	2	1	-A
I	3144699	T	*/-AA	12	2	10.53%	2	2	44	37	0.98	1	1	7	5	1	1	-A
I	3144699	T	*/-AAA	12	2	10.53%	2	1	44	37	0.98	1	1	7	5	2	0	-A
I	3159187	C	*/-CA	61	6	8.96%	2	2	50	59	0.98	1	1	27	34	2	4	-CA
I	3159994	C	*/-T	49	5	8.2%	2	2	42	39	0.98	1	1	37	12	4	1	-T
I	3159994	C	*/+T	49	4	6.56%	2	2	42	52	0.98	1	1	37	12	2	2	-T
I	3166776	G	*/+TT	1	4	22.22%	1	2	20	55	0.98	1	1	1	0	3	1	+TT
I	3166776	G	*/+TTT	1	8	44.44%	1	2	20	37	0.98	1	1	1	0	3	5	+TTT
I	3166776	G	*/+TTTT	1	2	11.11%	1	1	20	37	0.98	1	1	1	0	2	0	+TTT
I	3178494	C	+T/+T	4	17	80.95%	2	2	55	50	0.98	1	1	3	1	5	12	+T
I	3197528	A	+G/+G	1	42	95.45%	1	2	37	50	0.98	1	1	0	1	19	23	+G
I	3299997	G	*/-A	35	3	7.69%	2	1	46	36	0.98	1	1	18	17	3	0	-A
I	3303394	C	*/-AT	9	2	18.18%	2	1	60	31	0.98	1	1	1	8	0	2	-AT
I	3320673	A	*/+T	17	2	10.53%	2	2	40	31	0.98	1	1	8	9	1	1	+T
I	3380404	C	*/+A	22	2	8%	2	2	45	31	0.98	1	1	15	7	1	1	+A
I	3410124	A	*/+T	10	2	15.38%	2	1	49	49	0.98	1	1	3	7	0	2	+T
I	3450130	G	-T/-T	1	20	95.24%	1	2	37	48	0.98	1	1	0	1	12	8	-T
I	3460318	T	+C/+C	1	13	92.86%	1	2	37	41	0.98	1	1	0	1	8	5	+C
I	3460476	G	*/-A	9	2	18.18%	2	1	39	68	0.98	1	1	5	4	2	0	-A
I	3462650	A	*/-T	8	2	20%	2	2	37	37	0.98	1	1	5	3	1	1	-T
I	3538413	A	+T/+T	1	16	94.12%	1	2	74	50	0.98	1	1	1	0	5	11	+T
I	3538428	G	+T/+T	2	15	88.24%	1	2	74	46	0.98	1	1	0	2	5	10	+T
I	3538436	T	+A/+A	1	14	93.33%	1	2	74	44	0.98	1	1	1	0	4	10	+A
I	3538449	T	+TA/+TA	1	13	92.86%	1	2	37	42	0.98	1	1	0	1	5	8	+TA
I	3538456	A	+AT/+AT	0	13	100%	0	2	0	41	0.98	0	1	0	0	5	8	+AT
I	3575205	C	*/+A	12	5	27.78%	2	2	43	37	0.98	1	1	11	1	4	1	+A
I	3576929	C	+T/+T	1	7	77.78%	1	2	50	40	0.98	1	1	1	0	3	4	+T
I	3577787	T	*/+CTCTA	14	15	42.86%	2	2	49	47	0.98	1	1	7	7	9	6	+CTCTA
I	3578638	A	*/+T	7	2	22.22%	2	2	40	37	0.98	1	1	1	6	1	1	+T
I	3580034	C	*/+T	0	5	62.5%	0	2	0	51	0.98	0	1	0	0	4	1	+T
I	3609896	T	*/-A	4	2	33.33%	1	1	40	37	0.98	1	1	4	0	0	2	-A
I	3634643	A	*/-T	5	2	18.18%	2	1	39	42	0.98	1	1	4	1	2	0	-T
I	3634643	A	*/+T	5	2	18.18%	2	1	39	42	0.98	1	1	4	1	2	0	-T
I	3645189	G	*/+T	22	2	8.33%	2	1	37	37	0.98	1	1	6	16	0	2	+T
I	3649532	C	*/-T	38	2	5%	2	1	53	31	0.98	1	1	22	16	2	0	-T
I	3659724	C	*/+T	23	3	11.54%	2	1	41	33	0.98	1	1	10	13	3	0	+T
I	3665610	G	+C/+C	1	44	97.78%	1	2	74	48	0.98	1	1	1	0	25	19	+C
I	3666021	C	+G/+G	0	9	100%	0	2	0	46	0.98	0	1	0	0	7	2	+G
I	3700385	T	*/+A	3	4	26.67%	2	2	37	46	0.98	1	1	2	1	2	2	+A
I	3700385	T	*/+AA	3	6	40%	2	2	37	43	0.98	1	1	2	1	2	4	+AA
I	3700385	T	*/+AAA	3	2	13.33%	2	1	37	31	0.98	1	1	2	1	2	0	+AA
I	3710359	T	*/+A	17	2	10.53%	2	1	49	55	0.98	1	1	12	5	2	0	+A
I	3730369	A	+T/+T	2	9	81.82%	1	2	37	38	0.98	1	1	2	0	5	4	+T
I	3765328	C	+T/+T	2	13	86.67%	2	2	49	45	0.98	1	1	1	1	11	2	+T
I	3765366	T	*/-A	13	3	16.67%	2	2	39	45	0.98	1	1	7	6	1	2	-A
I	3765366	T	*/+A	13	2	11.11%	2	2	39	37	0.98	1	1	7	6	1	1	-A
I	3776933	G	+A/+A	2	11	84.62%	2	2	31	39	0.98	1	1	1	1	1	10	+A
I	3825510	G	*/-T	23	2	7.69%	2	2	42	37	0.98	1	1	16	7	1	1	-T
I	3848002	C	*/-A	11	2	15.38%	2	1	59	49	0.98	1	1	4	7	0	2	-A
I	3855790	G	-T/-T	0	9	100%	0	2	0	49	0.98	0	1	0	0	5	4	-T
I	3870142	A	-C/-C	3	13	81.25%	2	2	41	45	0.98	1	1	2	1	9	4	-C
I	3876440	A	*/+G	36	2	5.26%	2	2	43	55	0.98	1	1	25	11	1	1	+G
I	3876451	A	*/+G	50	5	9.09%	2	1	43	42	0.98	1	1	38	12	5	0	+G
I	3918639	T	*/-A	28	2	6.67%	2	2	40	74	0.98	1	1	17	11	1	1	-A
I	3940025	G	+T/+T	1	19	90.48%	1	2	37	43	0.98	1	1	1	0	11	8	+T
I	3984736	A	*/-GGT	149	11	6.83%	2	1	47	39	0.98	1	1	47	102	0	11	-GGT
I	3992211	A	*/-AAC	12	2	14.29%	2	1	41	55	0.98	1	1	3	9	2	0	-AAC
I	3992213	A	*/-C	7	5	41.67%	2	1	38	42	0.98	1	1	2	5	0	5	-C
I	3993829	G	*/-A	13	2	13.33%	2	1	35	36	0.98	1	1	6	7	2	0	-A
I	3995023	C	*/-T	6	2	25%	2	1	38	31	0.98	1	1	4	2	2	0	-T
I	3995862	A	*/+T	104	9	7.96%	2	2	45	49	0.98	1	1	56	48	4	5	+T
I	4004016	G	*/-T	10	3	20%	2	1	45	37	0.98	1	1	7	3	0	3	-T
I	4005819	C	*/-A	16	2	10.53%	2	2	41	37	0.98	1	1	12	4	1	1	-A
I	4010237	A	*/+G	9	6	33.33%	1	1	41	37	0.98	1	1	9	0	6	0	+G
I	4055052	T	+A/+A	1	20	95.24%	1	2	74	38	0.98	1	1	1	0	14	6	+A
I	4058190	G	*/-T	28	2	6.67%	2	1	44	74	0.98	1	1	13	15	0	2	-T
I	4153651	C	*/-T	14	4	20%	2	2	34	46	0.98	1	1	9	5	2	2	-T
I	4153651	C	*/+T	14	2	10%	2	1	34	37	0.98	1	1	9	5	2	0	-T
I	4168589	A	*/+T	20	2	9.09%	2	1	46	37	0.98	1	1	9	11	2	0	+T
I	4179701	C	*/+T	7	3	30%	2	1	37	33	0.98	1	1	6	1	3	0	+T
I	4212540	T	*/-A	18	2	10%	2	1	47	55	0.98	1	1	11	7	2	0	-A
I	4241118	G	*/-A	18	5	20.83%	2	2	43	37	0.98	1	1	11	7	4	1	-A
I	4276890	G	+T/+T	1	17	94.44%	1	2	25	45	0.98	1	1	1	0	7	10	+T
I	4294954	T	*/+G	41	3	6.82%	2	2	41	37	0.98	1	1	9	32	1	2	+G
I	4304169	G	+A/+A	1	10	90.91%	1	2	62	42	0.98	1	1	1	0	4	6	+A
I	4325624	C	+A/+A	1	17	94.44%	1	2	74	42	0.98	1	1	1	0	11	6	+A
I	4338694	G	+T/+T	3	31	88.57%	2	2	61	42	0.98	1	1	1	2	20	11	+T
I	4360508	C	*/-T	32	3	8.57%	2	2	46	49	0.98	1	1	19	13	2	1	-T
I	4374342	A	-G/-G	0	44	100%	0	2	0	48	0.98	0	1	0	0	32	12	-G
I	4394766	C	*/-A	17	2	10.53%	2	1	39	37	0.98	1	1	13	4	2	0	-A
I	4407494	T	+G/+G	1	25	96.15%	1	2	37	51	0.98	1	1	1	0	13	12	+G
I	4410191	C	-G/-G	3	24	88.89%	2	2	74	46	0.98	1	1	2	1	16	8	-G
I	4414201	C	*/-T	2	2	33.33%	1	2	49	37	0.98	1	1	2	0	1	1	-T
I	4414201	C	*/-TT	2	2	33.33%	1	1	49	36	0.98	1	1	2	0	0	2	-T
I	4431856	G	+A/+A	3	32	91.43%	1	2	49	43	0.98	1	1	3	0	10	22	+A
I	4431868	C	+A/+A	1	32	96.97%	1	2	36	45	0.98	1	1	1	0	12	20	+A
I	4442621	A	*/-AT	32	4	10.81%	2	2	55	55	0.98	1	1	17	15	3	1	-AT
I	4455149	G	+A/+A	1	7	87.5%	1	2	37	38	0.98	1	1	1	0	2	5	+A
I	4507370	C	*/-A	14	3	16.67%	2	2	46	61	0.98	1	1	9	5	2	1	-A
I	4514478	T	*/-A	4	4	30.77%	2	2	46	39	0.98	1	1	2	2	2	2	-A
I	4514478	T	*/-AA	4	4	30.77%	2	1	46	37	0.98	1	1	2	2	0	4	-A
I	4648144	T	*/-G	24	2	7.69%	2	1	42	37	0.98	1	1	18	6	0	2	-G
I	4648159	T	*/-G	7	12	46.15%	2	2	40	44	0.98	1	1	5	2	9	3	-G
I	4648159	T	*/-GG	7	7	26.92%	2	2	40	35	0.98	1	1	5	2	4	3	-G
I	4721875	G	*/+A	5	5	50%	2	2	42	46	0.98	1	1	1	4	2	3	+A
I	4723298	G	*/-A	13	3	16.67%	2	2	44	45	0.98	1	1	3	10	1	2	-A
I	4723298	G	*/+A	13	2	11.11%	2	1	44	37	0.98	1	1	3	10	0	2	-A
I	4760698	T	*/-A	12	4	25%	2	2	50	43	0.98	1	1	6	6	1	3	-A
I	4764253	G	*/-A	4	3	13.64%	2	2	43	29	0.98	1	1	2	2	2	1	-A
I	4764253	G	*/+A	4	12	54.55%	2	2	43	50	0.98	1	1	2	2	6	6	+A
I	4776787	G	*/-A	20	2	9.09%	2	2	51	37	0.98	1	1	11	9	1	1	-A
I	4911431	G	*/-T	12	2	11.76%	1	1	37	37	0.98	1	1	12	0	2	0	-T
I	4916623	C	*/-A	13	4	19.05%	2	2	41	43	0.98	1	1	8	5	1	3	-A
I	4916623	C	*/+A	13	2	9.52%	2	2	41	37	0.98	1	1	8	5	1	1	-A
I	4926046	C	*/+T	4	3	37.5%	2	1	49	37	0.98	1	1	3	1	3	0	+T
I	4977831	A	*/+TT	22	2	8.33%	2	1	46	37	0.98	1	1	8	14	0	2	+TT
I	4984784	A	*/-T	3	4	40%	2	2	45	37	0.98	1	1	1	2	3	1	-T
I	4984784	A	*/-TT	3	2	20%	2	1	45	37	0.98	1	1	1	2	2	0	-T
I	5058829	C	*/-T	16	2	11.11%	2	1	37	37	0.98	1	1	8	8	2	0	-T
I	5073240	G	*/-A	22	2	8.33%	2	2	52	62	0.98	1	1	11	11	1	1	-A
I	5096442	G	*/-T	5	2	25%	1	1	40	42	0.98	1	1	5	0	2	0	-T
I	5125547	C	*/+T	17	3	15%	2	2	45	49	0.98	1	1	7	10	2	1	+T
I	5142627	A	+G/+G	0	10	100%	0	2	0	42	0.98	0	1	0	0	4	6	+G
I	5148414	T	-A/-A	0	28	100%	0	2	0	55	0.98	0	1	0	0	14	14	-A
I	5173087	C	+T/+T	4	16	76.19%	2	2	46	40	0.98	1	1	2	2	5	11	+T
I	5173430	G	*/+T	8	29	74.36%	2	2	57	47	0.98	1	1	5	3	17	12	+T
I	5176926	T	*/+A	4	6	54.55%	2	2	39	43	0.98	1	1	2	2	4	2	+A
I	5177760	A	*/-T	16	4	19.05%	2	2	40	55	0.98	1	1	12	4	3	1	-T
I	5181376	A	*/-T	18	2	10%	2	1	47	37	0.98	1	1	12	6	2	0	-T
I	5266596	A	*/-T	24	5	16.13%	2	2	50	42	0.98	1	1	15	9	3	2	-T
I	5271793	A	*/-T	18	2	9.52%	2	2	54	55	0.98	1	1	12	6	1	1	-T
I	5363995	C	*/+A	21	2	8.33%	2	2	51	55	0.98	1	1	10	11	1	1	+A
I	5368262	T	-C/-C	4	55	93.22%	2	2	55	46	0.98	1	1	3	1	21	34	-C
I	5368273	G	+T/+T	0	57	100%	0	2	0	45	0.98	0	1	0	0	21	36	+T
I	5426622	C	+T/+T	1	16	84.21%	1	2	25	43	0.98	1	1	1	0	13	3	+T
I	5534399	G	*/-A	16	2	11.11%	2	1	38	37	0.98	1	1	8	8	2	0	-A
I	5547223	T	*/-A	9	2	18.18%	2	1	64	49	0.98	1	1	6	3	2	0	-A
I	5557287	A	*/-T	7	3	30%	2	2	44	57	0.98	1	1	6	1	1	2	-T
I	5559365	C	*/-T	3	2	40%	2	1	59	31	0.98	1	1	1	2	2	0	-T
I	5562426	A	*/-T	24	2	7.69%	2	2	43	55	0.98	1	1	15	9	1	1	-T
I	5567937	C	*/-A	14	4	21.05%	2	2	38	37	0.98	1	1	8	6	3	1	-A
I	5574071	G	*/-AT	39	3	7.14%	2	1	53	37	0.98	1	1	23	16	0	3	-AT
I	5576850	T	*/-AA	11	6	33.33%	2	2	48	51	0.98	1	1	5	6	5	1	-AA
II	5109	A	*/+C	75	12	13.79%	2	2	50	57	0.98	1	1	18	57	3	9	+C
II	5299	G	*/-T	15	2	11.76%	2	2	42	37	0.98	1	1	11	4	1	1	-T
II	7268	G	*/-T	24	2	7.41%	2	2	45	49	0.98	1	1	18	6	1	1	-T
II	10254	T	*/-A	6	3	33.33%	2	2	43	37	0.98	1	1	4	2	2	1	-A
II	15830	T	*/+A	8	2	18.18%	2	1	43	37	0.98	1	1	3	5	2	0	+A
II	43513	A	*/+T	12	2	14.29%	2	2	44	61	0.98	1	1	10	2	1	1	+T
II	46913	T	*/-A	6	2	22.22%	1	1	37	37	0.98	1	1	6	0	2	0	-A
II	52800	C	+TT/+TT	0	18	100%	0	2	0	40	0.98	0	1	0	0	14	4	+TT
II	55819	T	*/+A	18	3	13.64%	2	2	45	29	0.98	1	1	14	4	1	2	+A
II	121588	G	*/+T	12	4	25%	2	2	46	74	0.98	1	1	5	7	1	3	+T
II	128001	T	-A/-A	0	9	100%	0	2	0	49	0.98	0	1	0	0	3	6	-A
II	146079	T	-C/-C	3	28	90.32%	2	2	37	47	0.98	1	1	2	1	13	15	-C
II	201022	A	*/-T	17	2	10%	2	2	41	37	0.98	1	1	12	5	1	1	-T
II	206154	T	*/-A	33	2	5.71%	2	1	44	55	0.98	1	1	18	15	2	0	-A
II	229897	A	*/-T	36	9	16.07%	2	2	41	42	0.98	1	1	29	7	8	1	-T
II	229897	A	*/-TT	36	3	5.36%	2	2	41	37	0.98	1	1	29	7	2	1	-T
II	229897	A	*/+T	36	5	8.93%	2	2	41	47	0.98	1	1	29	7	1	4	+T
II	243155	C	*/-A	10	2	15.38%	2	1	46	31	0.98	1	1	4	6	0	2	-A
II	257643	C	*/-T	22	3	11.54%	2	2	45	44	0.98	1	1	19	3	2	1	-T
II	383156	C	*/-T	18	2	9.52%	2	2	43	37	0.98	1	1	14	4	1	1	-T
II	410085	C	*/-T	9	4	26.67%	2	2	42	43	0.98	1	1	8	1	3	1	-T
II	484534	A	*/+T	1	8	72.73%	1	2	37	46	0.98	1	1	0	1	3	5	+T
II	516071	T	*/-A	8	6	42.86%	2	2	41	43	0.98	1	1	5	3	1	5	-A
II	520626	T	*/-C	18	2	9.52%	2	1	38	49	0.98	1	1	15	3	0	2	-C
II	520627	C	*/+T	16	2	10%	2	1	35	37	0.98	1	1	13	3	2	0	+T
II	521731	G	*/-T	30	3	8.57%	2	2	45	61	0.98	1	1	21	9	1	2	-T
II	603273	A	-AAAATATAATGAAAATGTTTATTGCACAAACAC/-AAAATATAATGAAAATGTTTATTGCACAAACAC	1	7	87.5%	1	2	74	35	0.98	1	1	1	0	3	4	-AAAATATAATGAAAATGTTTATTGCACAAACAC
II	603305	A	-C/-C	0	7	100%	0	2	0	40	0.98	0	1	0	0	2	5	-C
II	662406	A	*/-T	30	2	6.25%	2	2	51	55	0.98	1	1	20	10	1	1	-T
II	700009	T	-A/-A	1	17	94.44%	1	2	37	47	0.98	1	1	0	1	11	6	-A
II	716295	G	*/-T	11	5	29.41%	2	2	37	41	0.98	1	1	5	6	2	3	-T
II	753854	A	*/-T	9	5	27.78%	2	2	39	51	0.98	1	1	8	1	4	1	-T
II	753854	A	*/+T	9	2	11.11%	2	1	39	37	0.98	1	1	8	1	2	0	-T
II	756993	C	*/-T	8	5	35.71%	2	2	41	49	0.98	1	1	6	2	2	3	-T
II	847457	G	*/-A	4	2	28.57%	1	2	37	37	0.98	1	1	4	0	1	1	-A
II	852454	A	*/+T	20	2	9.09%	2	1	47	33	0.98	1	1	11	9	2	0	+T
II	888599	A	-C/-C	0	16	100%	0	2	0	40	0.98	0	1	0	0	6	10	-C
II	890578	C	*/-T	10	2	16.67%	2	1	41	37	0.98	1	1	8	2	2	0	-T
II	903106	G	+T/+T	0	31	100%	0	2	0	43	0.98	0	1	0	0	14	17	+T
II	935525	T	*/+A	17	2	10.53%	2	2	54	37	0.98	1	1	7	10	1	1	+A
II	936985	A	*/-T	18	4	18.18%	2	2	48	37	0.98	1	1	5	13	2	2	-T
II	948303	T	*/-A	18	3	13.64%	2	2	52	49	0.98	1	1	13	5	2	1	-A
II	965517	C	*/-T	8	4	30.77%	2	2	37	45	0.98	1	1	6	2	2	2	-T
II	1019510	T	*/-A	5	8	50%	2	2	44	50	0.98	1	1	4	1	2	6	-A
II	1019510	T	*/-AA	5	2	12.5%	2	2	44	55	0.98	1	1	4	1	1	1	-A
II	1057872	T	-AAAA/-AAAA	0	11	100%	0	2	0	41	0.98	0	1	0	0	7	4	-AAAA
II	1079843	T	+A/+A	1	6	85.71%	1	2	37	35	0.98	1	1	0	1	1	5	+A
II	1122580	C	*/-T	36	3	7.69%	2	2	43	41	0.98	1	1	21	15	1	2	-T
II	1141304	C	*/+A	9	2	18.18%	2	1	45	49	0.98	1	1	4	5	0	2	+A
II	1156029	A	*/-AT	6	2	25%	2	1	37	55	0.98	1	1	1	5	0	2	-AT
II	1163154	A	-T/-T	1	24	96%	1	2	37	44	0.98	1	1	0	1	15	9	-T
II	1169469	C	*/-A	20	2	9.09%	2	1	43	37	0.98	1	1	9	11	2	0	-A
II	1187785	G	*/-T	10	2	16.67%	2	2	48	37	0.98	1	1	4	6	1	1	-T
II	1243365	G	*/-T	14	3	15%	2	2	46	44	0.98	1	1	6	8	2	1	-T
II	1243365	G	*/+T	14	2	10%	2	2	46	37	0.98	1	1	6	8	1	1	-T
II	1266289	T	*/+A	4	6	60%	2	2	43	53	0.98	1	1	3	1	1	5	+A
II	1277481	G	*/+TT	1	3	42.86%	1	2	37	56	0.98	1	1	1	0	1	2	+TT
II	1308618	G	-T/-T	1	32	96.97%	1	2	37	50	0.98	1	1	0	1	17	15	-T
II	1323266	A	*/-T	27	3	10%	2	1	44	74	0.98	1	1	15	12	0	3	-T
II	1323267	T	+A/+A	2	26	92.86%	2	2	31	43	0.98	1	1	1	1	15	11	+A
II	1349040	A	*/+T	11	3	18.75%	2	1	48	61	0.98	1	1	5	6	3	0	+T
II	1365999	G	*/-T	8	6	40%	2	2	53	44	0.98	1	1	4	4	2	4	-T
II	1389139	C	*/+T	6	4	28.57%	2	2	43	37	0.98	1	1	4	2	3	1	+T
II	1389139	C	*/+TT	6	4	28.57%	2	2	43	46	0.98	1	1	4	2	2	2	+T
II	1456839	A	*/-T	5	2	25%	2	2	42	37	0.98	1	1	3	2	1	1	-T
II	1458569	C	*/-T	13	2	11.76%	2	2	38	37	0.98	1	1	7	6	1	1	-T
II	1458569	C	*/+T	13	2	11.76%	2	2	38	37	0.98	1	1	7	6	1	1	-T
II	1467485	C	*/-T	11	3	16.67%	2	2	34	33	0.98	1	1	3	8	2	1	-T
II	1467485	C	*/-TT	11	2	11.11%	2	2	34	37	0.98	1	1	3	8	1	1	-T
II	1467485	C	*/+T	11	2	11.11%	2	1	34	31	0.98	1	1	3	8	0	2	-T
II	1491761	T	*/+A	24	2	7.69%	2	2	52	49	0.98	1	1	18	6	1	1	+A
II	1545027	C	*/+A	8	2	18.18%	2	1	39	55	0.98	1	1	5	3	0	2	+A
II	1553889	A	*/-G	16	4	20%	2	1	45	46	0.98	1	1	5	11	4	0	-G
II	1554365	T	*/+C	19	2	9.52%	2	1	50	31	0.98	1	1	10	9	0	2	+C
II	1610504	A	*/+G	50	5	9.09%	2	2	46	74	0.98	1	1	32	18	2	3	+G
II	1627981	C	*/-T	9	2	18.18%	2	2	37	56	0.98	1	1	4	5	1	1	-T
II	1678205	T	*/-A	2	5	71.43%	2	2	55	51	0.98	1	1	1	1	1	4	-A
II	1716256	G	*/+T	12	5	27.78%	2	1	40	42	0.98	1	1	7	5	5	0	+T
II	1716287	T	*/-G	20	2	9.09%	2	1	44	37	0.98	1	1	7	13	0	2	-G
II	1748646	G	*/-A	8	4	23.53%	1	1	35	55	0.98	1	1	8	0	4	0	-A
II	1748646	G	*/-AA	8	2	11.76%	1	1	35	42	0.98	1	1	8	0	0	2	-A
II	1748646	G	*/-AAAA	8	2	11.76%	1	2	35	42	0.98	1	1	8	0	1	1	-A
II	1757193	C	+T/+T	0	18	100%	0	2	0	43	0.98	0	1	0	0	6	12	+T
II	1763419	T	*/-A	18	4	17.39%	2	1	37	39	0.98	1	1	11	7	0	4	-A
II	1818108	C	*/-T	10	4	22.22%	2	2	40	46	0.98	1	1	7	3	2	2	-T
II	1861420	T	-G/-G	4	30	88.24%	1	2	61	50	0.98	1	1	4	0	18	12	-G
II	1867795	A	+T/+T	1	8	88.89%	1	2	74	50	0.98	1	1	1	0	2	6	+T
II	1868122	G	*/+T	2	5	45.45%	2	1	42	37	0.98	1	1	1	1	5	0	+T
II	1868122	G	*/+TT	2	2	18.18%	2	2	42	55	0.98	1	1	1	1	1	1	+T
II	1873779	T	+A/+A	0	15	100%	0	2	0	44	0.98	0	1	0	0	6	9	+A
II	1877294	A	+T/+T	0	8	100%	0	2	0	46	0.98	0	1	0	0	4	4	+T
II	1938011	G	*/-A	23	3	11.54%	2	1	42	45	0.98	1	1	14	9	0	3	-A
II	1941966	A	+T/+T	1	31	96.88%	1	2	37	52	0.98	1	1	1	0	18	13	+T
II	1941982	A	+T/+T	1	29	96.67%	1	2	62	52	0.98	1	1	1	0	16	13	+T
II	1948953	G	-A/-A	3	28	90.32%	1	2	37	39	0.98	1	1	0	3	14	14	-A
II	1950050	A	+G/+G	1	30	96.77%	1	2	74	48	0.98	1	1	1	0	18	12	+G
II	1955495	T	+A/+A	0	16	94.12%	0	2	0	45	0.98	0	1	0	0	13	3	+A
II	1960392	A	+G/+G	0	16	94.12%	0	2	0	39	0.98	0	1	0	0	5	11	+G
II	1987101	C	-G/-G	0	18	100%	0	2	0	46	0.98	0	1	0	0	8	10	-G
II	1987117	T	-G/-G	0	17	100%	0	2	0	47	0.98	0	1	0	0	9	8	-G
II	1992841	T	+AA/+AA	0	9	90%	0	2	0	49	0.98	0	1	0	0	3	6	+AA
II	2012625	T	*/+C	37	5	11.9%	2	1	47	44	0.98	1	1	19	18	0	5	+C
II	2049891	A	-T/-T	0	45	100%	0	2	0	48	0.98	0	1	0	0	24	21	-T
II	2053516	G	+C/+C	0	36	94.74%	0	2	0	49	0.98	0	1	0	0	14	22	+C
II	2087525	T	*/+AA	22	2	8.33%	2	1	46	55	0.98	1	1	13	9	0	2	+AA
II	2087615	A	*/-T	15	2	11.76%	2	2	49	68	0.98	1	1	9	6	1	1	-T
II	2108180	T	+A/+A	1	16	94.12%	1	2	37	50	0.98	1	1	0	1	6	10	+A
II	2115422	T	*/+A	41	5	10.64%	2	2	46	44	0.98	1	1	18	23	2	3	+A
II	2147726	G	+T/+T	1	24	96%	1	2	37	39	0.98	1	1	1	0	12	12	+T
II	2187407	G	+A/+A	0	21	100%	0	2	0	41	0.98	0	1	0	0	13	8	+A
II	2197587	C	*/-A	3	3	42.86%	2	2	44	37	0.98	1	1	1	2	2	1	-A
II	2219928	A	+T/+T	0	10	100%	0	2	0	43	0.98	0	1	0	0	4	6	+T
II	2246417	G	*/-A	19	2	9.52%	2	1	45	55	0.98	1	1	16	3	2	0	-A
II	2265291	A	*/-T	20	2	9.09%	2	2	52	55	0.98	1	1	17	3	1	1	-T
II	2268188	T	+A/+A	7	24	77.42%	2	2	47	54	0.98	1	1	3	4	9	15	+A
II	2293297	G	-A/-A	0	9	100%	0	2	0	35	0.98	0	1	0	0	6	3	-A
II	2327057	G	*/-TA	34	2	5.56%	2	1	45	42	0.98	1	1	10	24	2	0	-TA
II	2443873	T	*/+A	9	3	17.65%	2	2	42	45	0.98	1	1	7	2	1	2	+A
II	2443873	T	*/+AA	9	4	23.53%	2	2	42	42	0.98	1	1	7	2	2	2	+AA
II	2491256	C	+T/+T	2	15	88.24%	1	2	74	43	0.98	1	1	2	0	6	9	+T
II	2523624	C	*/-AA	3	2	33.33%	1	2	37	48	0.98	1	1	3	0	1	1	-AA
II	2579458	C	*/-A	4	3	33.33%	2	1	46	49	0.98	1	1	1	3	3	0	-A
II	2579458	C	*/-AA	4	2	22.22%	2	1	46	37	0.98	1	1	1	3	2	0	-A
II	2592423	T	+A/+A	0	23	100%	0	2	0	48	0.98	0	1	0	0	10	13	+A
II	2630607	C	+A/+A	2	12	80%	1	2	74	35	0.98	1	1	0	2	3	9	+A
II	2640783	A	*/+T	22	2	8.33%	2	1	47	37	0.98	1	1	12	10	0	2	+T
II	2640785	T	*/+A	4	17	73.91%	2	2	55	48	0.98	1	1	3	1	8	9	+A
II	2647497	C	*/-T	11	5	29.41%	2	2	40	39	0.98	1	1	7	4	3	2	-T
II	2702173	G	*/-TA	21	3	12.5%	2	2	51	49	0.98	1	1	11	10	1	2	-TA
II	2709414	G	+C/+C	0	19	100%	0	2	0	50	0.98	0	1	0	0	7	12	+C
II	2720152	T	*/+A	35	2	5.41%	2	1	46	37	0.98	1	1	10	25	2	0	+A
II	2755338	C	*/-AT	10	12	50%	2	2	51	49	0.98	1	1	2	8	6	6	-AT
II	2776386	T	*/+A	16	2	11.11%	2	1	55	37	0.98	1	1	8	8	0	2	+A
II	2788933	C	+G/+G	1	18	94.74%	1	2	37	50	0.98	1	1	1	0	11	7	+G
II	2798040	C	-T/-T	2	17	89.47%	1	2	55	43	0.98	1	1	2	0	8	9	-T
II	2798514	A	-G/-G	1	16	94.12%	1	2	62	54	0.98	1	1	1	0	9	7	-G
II	2808802	A	-T/-T	0	7	100%	0	1	0	38	0.98	0	1	0	0	0	7	-T
II	2811495	C	-A/-A	0	20	100%	0	2	0	44	0.98	0	1	0	0	11	9	-A
II	2825193	A	*/-T	8	2	18.18%	2	2	41	37	0.98	1	1	4	4	1	1	-T
II	2826100	G	*/-A	10	3	18.75%	2	2	38	40	0.98	1	1	9	1	2	1	-A
II	2886386	C	*/-A	18	2	9.52%	2	2	47	61	0.98	1	1	10	8	1	1	-A
II	2894538	T	*/-A	16	3	15.79%	2	2	40	49	0.98	1	1	10	6	2	1	-A
II	2900889	A	*/-T	11	7	33.33%	2	2	41	42	0.98	1	1	8	3	4	3	-T
II	2900889	A	*/+T	11	3	14.29%	2	2	41	49	0.98	1	1	8	3	2	1	-T
II	2938956	C	+T/+T	0	9	100%	0	2	0	46	0.98	0	1	0	0	5	4	+T
II	2988149	G	*/-T	8	2	15.38%	2	2	44	31	0.98	1	1	4	4	1	1	-T
II	3010749	G	*/+A	26	3	10%	2	2	44	37	0.98	1	1	10	16	2	1	+A
II	3010975	G	*/-T	42	3	6.38%	2	1	46	33	0.98	1	1	22	20	0	3	-T
II	3040332	C	+G/+G	2	36	94.74%	1	2	37	43	0.98	1	1	0	2	21	15	+G
II	3160415	G	*/-T	29	2	6.45%	2	2	47	37	0.98	1	1	11	18	1	1	-T
II	3171788	G	*/-A	4	2	13.33%	2	2	49	36	0.98	1	1	3	1	1	1	-A
II	3171788	G	*/+A	4	6	40%	2	2	49	42	0.98	1	1	3	1	3	3	+A
II	3171788	G	*/+AA	4	2	13.33%	2	1	49	37	0.98	1	1	3	1	2	0	+A
II	3193161	A	*/-T	11	2	15.38%	2	2	49	37	0.98	1	1	5	6	1	1	-T
II	3304575	G	*/+T	24	2	7.69%	2	2	47	31	0.98	1	1	12	12	1	1	+T
II	3410437	G	*/-T	10	4	22.22%	2	2	42	37	0.98	1	1	8	2	2	2	-T
II	3410437	G	*/-TTT	10	2	11.11%	2	1	42	55	0.98	1	1	8	2	0	2	-T
II	3422324	C	*/-A	16	2	11.11%	2	2	51	55	0.98	1	1	10	6	1	1	-A
II	3509251	T	*/-A	12	2	13.33%	2	2	38	55	0.98	1	1	9	3	1	1	-A
II	3540057	A	*/-T	13	2	11.11%	2	2	45	55	0.98	1	1	9	4	1	1	-T
II	3540057	A	*/-TT	13	3	16.67%	2	2	45	49	0.98	1	1	9	4	1	2	-TT
II	3583632	G	+A/+A	1	11	91.67%	1	2	37	39	0.98	1	1	0	1	6	5	+A
II	3605463	G	-T/-T	1	5	83.33%	1	2	36	44	0.98	1	1	1	0	3	2	-T
II	3615466	T	*/-A	32	2	5.88%	2	2	51	55	0.98	1	1	8	24	1	1	-A
II	3619003	A	+G/+G	3	20	86.96%	2	2	40	39	0.98	1	1	1	2	10	10	+G
II	3621704	A	*/-T	9	5	33.33%	2	2	49	49	0.98	1	1	4	5	2	3	-T
II	3625896	G	*/+TA	11	23	65.71%	2	2	53	56	0.98	1	1	2	9	11	12	+TA
II	3782941	C	*/-A	19	4	17.39%	2	2	50	37	0.98	1	1	12	7	2	2	-A
II	3799349	A	*/+T	3	2	40%	2	1	33	31	0.98	1	1	2	1	0	2	+T
II	3799350	G	*/+A	0	2	40%	0	1	0	37	0.98	0	1	0	0	2	0	A
II	3838101	C	-A/-A	2	10	83.33%	1	2	55	38	0.98	1	1	2	0	5	5	-A
II	3856896	A	*/-T	14	3	14.29%	2	1	47	37	0.98	1	1	7	7	3	0	-T
II	3856896	A	*/-TT	14	2	9.52%	2	2	47	31	0.98	1	1	7	7	1	1	-T
II	3856896	A	*/+T	14	2	9.52%	2	1	47	55	0.98	1	1	7	7	0	2	-T
II	3860185	C	*/-TAGTA	18	21	51.22%	2	2	46	43	0.98	1	1	3	15	16	5	-TAGTA
II	3861161	C	*/+T	25	2	7.41%	2	1	43	55	0.98	1	1	11	14	2	0	+T
II	3883700	A	*/+AT	6	2	25%	2	1	59	55	0.98	1	1	2	4	2	0	+AT
II	3944226	A	*/+T	16	2	11.11%	2	2	57	37	0.98	1	1	7	9	1	1	+T
II	3954039	C	*/-T	14	8	28.57%	2	2	36	39	0.98	1	1	6	8	6	2	-T
II	3954039	C	*/+T	14	4	14.29%	2	1	36	42	0.98	1	1	6	8	4	0	-T
II	3974259	T	*/+A	14	2	12.5%	2	1	41	49	0.98	1	1	7	7	0	2	+A
II	3975235	C	*/-A	10	5	26.32%	2	2	49	39	0.98	1	1	7	3	2	3	-A
II	3975235	C	*/+A	10	2	10.53%	2	1	49	37	0.98	1	1	7	3	2	0	-A
II	3980468	C	*/-T	9	2	16.67%	2	1	34	55	0.98	1	1	6	3	0	2	-T
II	4006982	C	*/-A	9	3	23.08%	2	1	41	37	0.98	1	1	7	2	3	0	-A
II	4031460	A	*/+T	6	2	22.22%	1	2	35	37	0.98	1	1	6	0	1	1	+T
II	4034560	C	*/-A	9	2	18.18%	2	1	37	37	0.98	1	1	3	6	0	2	-A
II	4088646	C	*/+A	25	2	7.41%	2	1	46	49	0.98	1	1	17	8	0	2	+A
II	4107253	G	*/+TTT	3	2	40%	1	1	49	37	0.98	1	1	3	0	2	0	+TTT
II	4108814	G	*/-TA	40	6	13.04%	2	2	46	38	0.98	1	1	14	26	3	3	-TA
II	4254960	G	-A/-A	0	21	100%	0	2	0	48	0.98	0	1	0	0	7	14	-A
II	4264124	C	*/+TGA	39	8	17.02%	2	2	51	37	0.98	1	1	23	16	4	4	+TGA
II	4308414	C	*/+A	5	11	61.11%	2	2	51	50	0.98	1	1	4	1	4	7	+A
II	4419921	T	*/+A	1	3	60%	1	1	37	29	0.98	1	1	1	0	0	3	+A
II	4452613	A	*/-T	35	2	5.41%	2	1	56	37	0.98	1	1	13	22	0	2	-T
II	4455991	A	*/-T	35	2	5.41%	2	2	50	55	0.98	1	1	14	21	1	1	-T
II	4507813	A	*/+G	73	6	7.59%	2	2	45	35	0.98	1	1	55	18	3	3	+G
II	4513922	G	*/+GGCTGCTATAATCATTCCCAA	51	3	5.56%	2	2	47	61	0.98	1	1	12	39	1	2	+GGCTGCTATAATCATTCCCAA
II	4517047	T	*/+TACTCATC	61	17	21.25%	2	2	45	42	0.98	1	1	45	16	11	6	+TACTCATC
II	4518476	T	*/-C	68	4	5.56%	2	2	43	37	0.98	1	1	28	40	3	1	-C
II	4521677	T	*/-AA	9	2	18.18%	2	1	50	37	0.98	1	1	4	5	2	0	-AA
II	4525340	G	*/+T	46	13	20.63%	2	2	44	46	0.98	1	1	33	13	7	6	+T
II	4526174	A	*/-T	20	6	23.08%	2	2	40	45	0.98	1	1	15	5	2	4	-T
II	4526843	C	*/-T	3	3	21.43%	2	2	61	41	0.98	1	1	1	2	1	2	-T
II	4526843	C	*/-TT	3	4	28.57%	2	2	61	36	0.98	1	1	1	2	3	1	-TT
II	4528465	C	*/+GACAAT	59	17	22.37%	2	2	50	37	0.98	1	1	28	31	7	10	+GACAAT
II	4529375	T	*/+ACAACGACAACGACAACG	61	12	13.95%	2	2	45	42	0.98	1	1	30	31	9	3	+ACAACGACAACGACAACG
II	4529375	T	*/+ACAACGACAACGACAACGACAACG	61	7	8.14%	2	2	45	45	0.98	1	1	30	31	3	4	+ACAACGACAACGACAACG
II	4533588	C	*/-T	43	19	30.65%	2	2	42	40	0.98	1	1	23	20	10	9	-T
II	4534880	A	*/-T	69	25	26.6%	2	2	49	50	0.98	1	1	36	33	14	11	-T
II	4535523	T	*/+GTTACG	197	30	13.16%	2	2	46	51	0.98	1	1	68	129	9	21	+GTTACG
II	4535548	A	*/-TATGTG	197	36	15.32%	2	2	47	49	0.98	1	1	72	125	21	15	-TATGTG
II	4535645	G	*/-T	145	42	22.34%	2	2	51	51	0.98	1	1	70	75	23	19	-T
II	4536089	C	*/+AAAAGAAAAGTAAATT	29	2	6.25%	2	1	40	37	0.98	1	1	13	16	0	2	+AAAAGAAAAGTAAATT
II	4536728	A	*/+GAGAGTAGG	159	17	8.95%	2	2	51	49	0.98	1	1	83	76	10	7	+GAGAGTAGG
II	4537213	G	*/+T	150	51	25.37%	2	2	51	52	0.98	1	1	90	60	30	21	+T
II	4537387	A	*/-AATAAGAG	111	62	35.84%	2	2	48	47	0.98	1	1	63	48	37	25	-AATAAGAG
II	4537665	G	*/+AAATA	33	6	14.29%	2	2	42	43	0.98	1	1	18	15	2	4	+AAATA
III	1558	G	*/-A	100	15	12%	2	2	40	46	0.98	1	1	36	64	7	8	-A
III	4729	A	*/-T	436	140	21.98%	2	2	47	49	0.98	1	1	283	153	59	81	-T
III	4729	A	*/+T	436	35	5.49%	2	2	47	51	0.98	1	1	283	153	11	24	-T
III	4952	C	*/+T	361	65	15.15%	2	2	41	49	0.98	1	1	228	133	23	42	+T
III	5403	C	*/-T	554	144	18.46%	2	2	44	42	0.98	1	1	377	177	71	73	-T
III	5403	C	*/-TT	554	42	5.38%	2	2	44	44	0.98	1	1	377	177	19	23	-T
III	9812	T	*/+A	186	34	15.18%	2	2	45	46	0.98	1	1	54	132	1	33	+A
III	12428	G	*/-A	99	9	7.5%	2	2	41	47	0.98	1	1	47	52	3	6	-A
III	15599	A	*/-T	408	133	21.56%	2	2	46	46	0.98	1	1	256	152	62	71	-T
III	15599	A	*/+T	408	47	7.62%	2	2	46	48	0.98	1	1	256	152	21	26	-T
III	15822	C	*/+T	367	79	17.36%	2	2	41	48	0.98	1	1	218	149	30	49	+T
III	16273	C	*/-T	574	138	17.34%	2	2	43	43	0.98	1	1	407	167	71	67	-T
III	16273	C	*/-TT	574	40	5.03%	2	2	43	43	0.98	1	1	407	167	20	20	-T
III	20682	T	*/+A	162	35	17.41%	2	2	46	44	0.98	1	1	55	107	2	33	+A
III	23298	G	*/-A	108	9	6.77%	2	2	42	36	0.98	1	1	53	55	2	7	-A
III	23298	G	*/+A	108	9	6.77%	2	2	42	40	0.98	1	1	53	55	4	5	-A
III	59772	C	*/+A	34	3	7.89%	2	1	49	49	0.98	1	1	17	17	0	3	+A
III	69589	T	*/-A	14	3	15.79%	2	2	49	37	0.98	1	1	6	8	2	1	-A
III	69589	T	*/+A	14	2	10.53%	2	2	49	37	0.98	1	1	6	8	1	1	-A
III	123319	T	*/-A	8	6	42.86%	2	2	46	45	0.98	1	1	5	3	2	4	-A
III	207168	T	*/-A	5	3	33.33%	2	2	49	37	0.98	1	1	2	3	2	1	-A
III	208140	C	*/-A	10	2	14.29%	1	1	38	31	0.98	1	1	10	0	2	0	-A
III	208140	C	*/+A	10	2	14.29%	1	2	38	37	0.98	1	1	10	0	1	1	-A
III	231502	G	*/-A	15	3	15.79%	2	2	47	49	0.98	1	1	5	10	2	1	-A
III	232115	A	*/-T	8	2	20%	2	2	47	37	0.98	1	1	3	5	1	1	-T
III	234723	G	*/+A	15	2	11.76%	2	2	38	37	0.98	1	1	10	5	1	1	+A
III	253907	A	*/+T	1	5	50%	1	2	37	37	0.98	1	1	1	0	4	1	+T
III	286478	C	-TT/-TT	1	13	92.86%	1	2	36	38	0.98	1	1	1	0	5	8	-TT
III	286594	T	*/-AA	8	2	8.7%	2	1	41	37	0.98	1	1	7	1	2	0	-AA
III	286594	T	*/+A	8	12	52.17%	2	2	41	39	0.98	1	1	7	1	9	3	+A
III	286622	A	*/-AAAAAAAGAG	24	2	7.69%	2	1	38	55	0.98	1	1	17	7	0	2	-AAAAAAAGAG
III	293096	G	*/-T	23	3	9.68%	2	2	43	37	0.98	1	1	15	8	2	1	-T
III	293096	G	*/+T	23	4	12.9%	2	2	43	52	0.98	1	1	15	8	2	2	+T
III	365747	C	-A/-A	1	19	90.48%	1	2	37	46	0.98	1	1	0	1	10	9	-A
III	431910	C	*/-T	21	3	11.54%	2	2	44	45	0.98	1	1	11	10	1	2	-T
III	568658	C	*/-T	25	3	10.71%	2	2	40	49	0.98	1	1	18	7	1	2	-T
III	672827	G	*/-A	9	2	18.18%	2	1	49	55	0.98	1	1	4	5	0	2	-A
III	675253	C	*/-T	10	4	28.57%	2	2	46	37	0.98	1	1	5	5	3	1	-T
III	717677	A	*/-T	1	7	53.85%	1	2	37	42	0.98	1	1	0	1	4	3	-T
III	717677	A	*/-TT	1	5	38.46%	1	2	37	59	0.98	1	1	0	1	2	3	-T
III	719703	T	*/-A	7	3	30%	2	1	54	33	0.98	1	1	5	2	3	0	-A
III	719955	A	-C/-C	0	6	100%	0	2	0	49	0.98	0	1	0	0	4	2	-C
III	720559	C	*/-T	9	3	23.08%	2	1	43	45	0.98	1	1	7	2	3	0	-T
III	720683	A	+T/+T	2	10	83.33%	1	2	37	41	0.98	1	1	2	0	4	6	+T
III	762516	T	*/-A	17	2	9.09%	2	2	47	42	0.98	1	1	9	8	1	1	-A
III	762516	T	*/-AA	17	2	9.09%	2	1	47	55	0.98	1	1	9	8	2	0	-A
III	822701	G	*/-T	15	5	23.81%	2	2	56	44	0.98	1	1	7	8	1	4	-T
III	867865	C	-T/-T	0	12	100%	0	2	0	38	0.98	0	1	0	0	4	8	-T
III	897531	C	*/+A	4	14	70%	2	2	37	44	0.98	1	1	3	1	11	3	+A
III	898665	T	*/-A	20	2	9.09%	2	1	51	37	0.98	1	1	13	7	0	2	-A
III	958241	C	*/-T	14	4	20%	2	1	42	46	0.98	1	1	8	6	4	0	-T
III	966124	G	*/-T	14	6	25%	2	1	41	37	0.98	1	1	12	2	6	0	-T
III	966124	G	*/+T	14	2	8.33%	2	1	41	37	0.98	1	1	12	2	2	0	-T
III	970548	C	*/-T	5	3	21.43%	2	1	51	37	0.98	1	1	2	3	0	3	-T
III	970548	C	*/-TT	5	2	14.29%	2	2	51	37	0.98	1	1	2	3	1	1	-T
III	970548	C	*/+T	5	2	14.29%	2	2	51	31	0.98	1	1	2	3	1	1	-T
III	970892	C	*/+T	12	2	14.29%	2	1	45	37	0.98	1	1	8	4	2	0	+T
III	1016311	G	+C/+C	0	29	100%	0	2	0	43	0.98	0	1	0	0	12	17	+C
III	1073505	T	*/+ATATAGAG	122	9	6.87%	2	1	53	45	0.98	1	1	69	53	9	0	+ATATAGAG
III	1075530	A	*/+TGGAAGTGGTAAG	152	8	5%	2	2	45	44	0.98	1	1	72	80	2	6	+TGGAAGTGGTAAG
III	1079346	A	*/+G	112	9	7.44%	2	2	46	49	0.98	1	1	78	34	7	2	+G
III	1080146	T	*/+ATATAGAG	208	22	9.52%	2	2	46	42	0.98	1	1	85	123	12	10	+ATATAGAG
III	1082171	A	*/+TGGAAGTGGTAAG	150	9	5.62%	2	2	47	47	0.98	1	1	61	89	6	3	+TGGAAGTGGTAAG
III	1084026	A	*/+AGTGGTGATGGTT	52	5	8.77%	2	2	42	37	0.98	1	1	23	29	3	2	+AGTGGTGATGGTT
III	1084160	T	*/-AAGTGGA	32	9	21.95%	2	2	45	42	0.98	1	1	12	20	4	5	-AAGTGGA
III	1087979	A	*/+G	63	11	14.86%	2	2	49	53	0.98	1	1	38	25	6	5	+G
III	1095550	G	*/-T	19	7	23.33%	2	2	44	40	0.98	1	1	12	7	5	2	-T
III	1095550	G	*/+T	19	2	6.67%	2	2	44	31	0.98	1	1	12	7	1	1	-T
III	1103423	T	*/-A	13	5	21.74%	2	2	42	51	0.98	1	1	11	2	1	4	-A
III	1103423	T	*/-AA	13	5	21.74%	2	2	42	44	0.98	1	1	11	2	1	4	-A
III	1110963	T	*/+C	76	6	7.32%	2	2	44	47	0.98	1	1	30	46	3	3	+C
III	1114778	C	*/-TTCCACT	40	8	16.67%	2	2	50	64	0.98	1	1	24	16	6	2	-TTCCACT
III	1114914	T	*/+ACCACTAACCATC	53	7	11.67%	2	2	44	37	0.98	1	1	34	19	4	3	+ACCACTAACCATC
III	1117723	T	*/+C	69	7	9.21%	2	2	44	58	0.98	1	1	35	34	3	4	+C
III	1121538	C	*/-TTCCACT	42	11	20.75%	2	2	49	53	0.98	1	1	22	20	4	7	-TTCCACT
III	1124483	T	*/+C	45	4	8.16%	2	2	45	55	0.98	1	1	26	19	2	2	+C
III	1128298	C	*/-TTCCACT	49	12	19.67%	2	2	48	53	0.98	1	1	22	27	7	5	-TTCCACT
III	1128434	T	*/+ACCACTAACCATC	42	4	8.7%	2	2	47	55	0.98	1	1	23	19	3	1	+ACCACTAACCATC
III	1130412	C	*/+TCTCTATA	35	2	5.41%	2	1	52	37	0.98	1	1	10	25	0	2	+TCTCTATA
III	1131243	T	*/+C	67	5	6.94%	2	2	48	44	0.98	1	1	31	36	3	2	+C
III	1135041	T	*/+ACCACC	52	3	5.17%	2	2	46	45	0.98	1	1	23	29	1	2	+ACCACC
III	1135058	C	*/-TTCCACT	51	5	8.93%	2	2	50	37	0.98	1	1	22	29	1	4	-TTCCACT
III	1135194	T	*/+ACCACTAACCATC	58	6	9.38%	2	2	46	35	0.98	1	1	40	18	4	2	+ACCACTAACCATC
III	1137172	C	*/+TCTCTATA	32	3	8.57%	2	1	47	49	0.98	1	1	8	24	0	3	+TCTCTATA
III	1168360	T	*/-G	6	3	33.33%	2	1	51	33	0.98	1	1	2	4	3	0	-G
III	1252502	A	*/+TT	14	2	12.5%	2	1	40	36	0.98	1	1	8	6	0	2	+TT
III	1252505	G	*/+TT	6	2	14.29%	1	2	37	55	0.98	1	1	6	0	1	1	+TT
III	1264767	A	*/+T	26	2	7.14%	2	2	45	37	0.98	1	1	7	19	1	1	+T
III	1394597	C	*/+AA	10	2	16.67%	2	1	42	37	0.98	1	1	8	2	2	0	+AA
III	1395671	C	*/+A	12	2	14.29%	2	2	40	55	0.98	1	1	6	6	1	1	+A
III	1405274	C	*/-A	18	2	10%	2	1	39	37	0.98	1	1	10	8	0	2	-A
III	1421567	T	*/-G	15	2	9.09%	2	2	46	55	0.98	1	1	10	5	1	1	-G
III	1421567	T	*/+G	15	3	13.64%	2	1	46	37	0.98	1	1	10	5	3	0	+G
III	1421567	T	*/+GG	15	2	9.09%	2	1	46	37	0.98	1	1	10	5	2	0	+G
III	1462209	T	*/+A	18	2	10%	2	1	47	37	0.98	1	1	10	8	0	2	+A
III	1471894	T	*/-G	13	2	13.33%	2	2	54	55	0.98	1	1	5	8	1	1	-G
III	1510629	T	*/-A	6	3	33.33%	2	2	45	61	0.98	1	1	4	2	1	2	-A
III	1547169	C	*/+A	15	3	15.79%	2	2	41	37	0.98	1	1	9	6	2	1	+A
III	1575951	G	*/+T	4	3	37.5%	1	2	37	40	0.98	1	1	4	0	2	1	+T
III	1581366	G	*/-T	18	2	10%	2	2	37	31	0.98	1	1	9	9	1	1	-T
III	1594933	T	*/-A	10	4	28.57%	2	2	42	64	0.98	1	1	5	5	3	1	-A
III	1674617	T	*/-C	12	2	14.29%	2	1	44	31	0.98	1	1	5	7	0	2	-C
III	1685487	G	+A/+A	1	15	93.75%	1	2	74	48	0.98	1	1	1	0	8	7	+A
III	1691065	C	-T/-T	0	38	100%	0	2	0	47	0.98	0	1	0	0	24	14	-T
III	1691558	G	*/+T	23	2	7.69%	2	2	52	42	0.98	1	1	15	8	1	1	+T
III	1702276	A	*/+T	34	2	5.26%	2	1	45	55	0.98	1	1	14	20	0	2	+T
III	1712983	G	*/-A	10	5	33.33%	2	1	41	44	0.98	1	1	7	3	5	0	-A
III	1756400	T	-A/-A	2	24	92.31%	2	2	37	46	0.98	1	1	1	1	11	13	-A
III	1758846	C	*/-A	8	2	18.18%	2	1	41	55	0.98	1	1	7	1	0	2	-A
III	1765947	C	*/+TT	12	2	14.29%	2	2	36	55	0.98	1	1	8	4	1	1	+TT
III	1774235	T	+GATC/+GATC	2	10	76.92%	1	2	37	45	0.98	1	1	2	0	5	5	+GATC
III	1785829	C	*/-A	25	2	7.41%	2	2	47	37	0.98	1	1	19	6	1	1	-A
III	1802522	G	*/-T	19	2	9.52%	2	1	44	55	0.98	1	1	15	4	2	0	-T
III	1821911	C	*/-A	3	2	33.33%	1	1	37	37	0.98	1	1	3	0	2	0	-A
III	1858771	T	*/-A	12	2	14.29%	2	1	45	49	0.98	1	1	9	3	2	0	-A
III	1890527	T	*/-A	38	2	5%	2	1	43	37	0.98	1	1	23	15	2	0	-A
III	2010864	G	*/-TA	30	4	11.76%	2	2	48	37	0.98	1	1	7	23	2	2	-TA
III	2035510	C	*/+T	4	2	33.33%	2	1	49	37	0.98	1	1	1	3	2	0	+T
III	2067838	T	*/-A	5	2	28.57%	1	1	36	37	0.98	1	1	5	0	2	0	-A
III	2074510	C	*/-T	9	2	18.18%	2	1	29	30	0.98	1	1	6	3	0	2	-T
III	2076412	G	*/-T	10	5	29.41%	2	2	44	34	0.98	1	1	6	4	4	1	-T
III	2098230	T	*/+TGA	25	3	10.71%	2	2	49	61	0.98	1	1	13	12	2	1	+TGA
III	2110359	T	*/-A	26	2	7.14%	2	2	43	55	0.98	1	1	12	14	1	1	-A
III	2113205	C	*/-T	14	5	25%	2	2	43	47	0.98	1	1	9	5	3	2	-T
III	2178240	T	*/-A	15	4	21.05%	2	2	42	39	0.98	1	1	13	2	3	1	-A
III	2219235	A	*/-T	32	2	5.71%	2	1	46	37	0.98	1	1	19	13	0	2	-T
III	2221410	T	*/-A	13	2	13.33%	2	2	51	37	0.98	1	1	9	4	1	1	-A
III	2281940	C	*/-T	18	2	10%	2	1	46	74	0.98	1	1	13	5	2	0	-T
III	2309611	T	*/-A	10	5	29.41%	2	2	46	37	0.98	1	1	6	4	2	3	-A
III	2309611	T	*/+A	10	2	11.76%	2	1	46	37	0.98	1	1	6	4	0	2	-A
III	2310960	G	*/-A	12	3	20%	2	2	41	74	0.98	1	1	3	9	2	1	-A
III	2310968	A	*/+GGT	14	3	17.65%	2	2	44	70	0.98	1	1	4	10	2	1	+GGT
III	2382018	A	*/-T	2	5	62.5%	2	2	55	51	0.98	1	1	1	1	3	2	-T
III	2420241	T	*/-A	9	8	42.11%	2	2	41	40	0.98	1	1	6	3	4	4	-A
III	2420241	T	*/-AA	9	2	10.53%	2	2	41	37	0.98	1	1	6	3	1	1	-A
III	2443562	A	*/+T	24	42	63.64%	2	2	43	37	0.98	1	1	8	16	1	41	+T
III	2447585	T	*/+TAG	1683	137	7.45%	2	2	45	44	0.98	1	1	1039	644	72	65	+TAG
III	2447848	T	*/-A	1021	331	19.45%	2	2	44	42	0.98	1	1	739	282	243	88	-A
III	2447848	T	*/-AA	1021	181	10.63%	2	2	44	43	0.98	1	1	739	282	133	48	-A
III	2447848	T	*/+A	1021	112	6.58%	2	2	44	44	0.98	1	1	739	282	73	39	-A
III	2448309	T	-AA/-AA	42	617	92.64%	2	2	45	41	0.98	1	1	26	16	260	357	-AA
III	2448518	T	*/-A	859	286	21.46%	2	2	46	46	0.98	1	1	596	263	183	103	-A
III	2448518	T	*/-AA	859	88	6.6%	2	2	46	45	0.98	1	1	596	263	50	38	-A
III	2448518	T	*/+A	859	79	5.93%	2	2	46	42	0.98	1	1	596	263	58	21	-A
