Chrom	Position	Ref	Cons	Reads1	Reads2	VarFreq	Strands1	Strands2	Qual1	Qual2	Pvalue	MapQual1	MapQual2	Reads1Plus	Reads1Minus	Reads2Plus	Reads2Minus	VarAllele
I	3160	A	*/+GTTGTCGTTGTCGTTGTC	381	167	25.04%	2	2	40	39	0.98	1	1	200	181	99	68	+GTTGTCGTTGTCGTTGTC
I	3160	A	*/+GTTGTCGTTGTCGTTGTCGTTGTC	381	110	16.49%	2	2	40	40	0.98	1	1	200	181	68	42	+GTTGTCGTTGTCGTTGTC
I	4047	C	*/-TGTCTCTGTCAT	616	158	20.41%	2	2	40	39	0.98	1	1	333	283	99	59	-TGTCTCTGTCAT
I	4053	C	*/+TGTCAT	489	90	14.83%	2	2	40	39	0.98	1	1	274	215	42	48	+TGTCAT
I	6357	T	*/-AA	340	123	26.34%	2	2	37	36	0.98	1	1	185	155	66	57	-AA
I	7192	C	*/+A	312	62	16.4%	2	2	38	37	0.98	1	1	167	145	46	16	+A
I	10859	G	*/-TT	184	161	46%	2	2	40	38	0.98	1	1	97	87	107	54	-TT
I	19694	T	*/+A	136	78	35.62%	2	2	38	39	0.98	1	1	60	76	77	1	+A
I	20545	C	*/+TTTTTTT	64	46	39.32%	2	2	39	37	0.98	1	1	40	24	29	17	+TTTTTTT
I	27402	A	*/-C	26	71	70.3%	2	2	37	37	0.98	1	1	8	18	9	62	-C
I	43335	G	*/+A	62	42	38.53%	2	2	40	38	0.98	1	1	46	16	13	29	+A
I	101871	A	+G/+G	8	199	96.14%	2	2	38	40	0.98	1	1	4	4	109	90	+G
I	206448	C	*/+T	34	31	43.66%	2	1	38	40	0.98	1	1	24	10	31	0	+T
I	377488	C	*/+TT	37	115	71.88%	2	2	38	37	0.98	1	1	15	22	54	61	+TT
I	440084	T	*/+A	40	108	65.85%	2	2	39	38	0.98	1	1	17	23	52	56	+A
I	453367	G	*/+A	120	7	5.47%	2	1	38	32	0.98	1	1	64	56	0	7	+A
I	453369	G	*/+A	56	38	34.86%	2	2	39	37	0.98	1	1	35	21	24	14	+A
I	470378	A	-C/-C	7	191	96.46%	2	2	40	39	0.98	1	1	1	6	84	107	-C
I	470390	A	-C/-C	8	193	96.02%	2	2	40	39	0.98	1	1	4	4	79	114	-C
I	473427	G	*/+T	66	15	16.48%	2	2	39	36	0.98	1	1	34	32	11	4	+T
I	482737	A	+G/+G	6	190	96.94%	2	2	40	40	0.98	1	1	4	2	94	96	+G
I	554527	A	+T/+T	16	188	91.71%	2	2	42	39	0.98	1	1	5	11	92	96	+T
I	562745	A	*/+T	60	69	51.49%	2	2	39	38	0.98	1	1	31	29	49	20	+T
I	650099	C	*/+AA	45	108	66.26%	2	2	38	37	0.98	1	1	23	22	59	49	+AA
I	660056	T	*/+G	148	15	8.52%	2	2	38	38	0.98	1	1	65	83	9	6	+G
I	670032	C	+A/+A	5	212	97.25%	2	2	40	40	0.98	1	1	2	3	104	108	+A
I	682993	T	-C/-C	6	202	97.12%	2	2	46	39	0.98	1	1	1	5	97	105	-C
I	862962	C	+T/+T	15	209	93.3%	2	2	40	39	0.98	1	1	3	12	97	112	+T
I	934908	T	*/+AA	59	21	23.6%	2	2	39	36	0.98	1	1	46	13	11	10	+AA
I	954072	T	-A/-A	34	165	82.09%	2	2	41	37	0.98	1	1	16	18	91	74	-A
I	960025	G	+T/+T	36	169	78.24%	2	2	39	38	0.98	1	1	13	23	110	59	+T
I	965438	C	*/+A	46	61	48.8%	2	2	39	39	0.98	1	1	27	19	58	3	+A
I	1048635	G	+A/+A	17	187	91.22%	2	2	37	39	0.98	1	1	11	6	93	94	+A
I	1051495	T	*/+A	127	79	37.98%	2	2	39	39	0.98	1	1	73	54	45	34	+A
I	1079583	T	*/+AAAAAAAA	74	11	11.7%	2	2	39	38	0.98	1	1	59	15	10	1	+AAAAAAAA
I	1148104	A	*/+T	48	110	67.07%	2	2	39	38	0.98	1	1	26	22	75	35	+T
I	1274803	T	+A/+A	7	173	90.58%	2	2	35	40	0.98	1	1	3	4	77	96	+A
I	1358794	C	*/+A	49	99	63.06%	2	2	39	36	0.98	1	1	35	14	57	42	+A
I	1424708	C	-A/-A	9	189	95.45%	1	2	44	40	0.98	1	1	9	0	101	88	-A
I	1496317	C	-A/-A	28	150	83.8%	2	2	42	39	0.98	1	1	15	13	79	71	-A
I	1509277	C	+T/+T	23	150	85.23%	2	2	37	38	0.98	1	1	12	11	77	73	+T
I	1595055	G	*/+T	133	12	8.16%	2	1	39	43	0.98	1	1	77	56	0	12	+T
I	1595056	C	*/+T	47	57	48.31%	2	2	38	36	0.98	1	1	23	24	45	12	+T
I	1625092	T	+C/+C	4	196	97.51%	1	2	40	39	0.98	1	1	4	0	88	108	+C
I	1765306	C	*/+A	74	12	12.9%	2	2	39	38	0.98	1	1	50	24	9	3	+A
I	1851608	A	*/+T	153	60	28.17%	2	2	40	39	0.98	1	1	79	74	30	30	+T
I	1877723	A	*/+T	151	58	27.49%	2	2	39	40	0.98	1	1	73	78	37	21	+T
I	1890184	C	*/-A	144	11	6.88%	2	2	37	38	0.98	1	1	75	69	7	4	-A
I	1905525	T	*/+G	73	24	20.17%	2	1	38	39	0.98	1	1	62	11	24	0	+G
I	1905525	T	*/+GG	73	17	14.29%	2	1	38	40	0.98	1	1	62	11	17	0	+G
I	1936294	G	+A/+A	14	200	91.32%	2	2	40	40	0.98	1	1	3	11	118	82	+A
I	1952313	A	+T/+T	12	196	93.78%	2	2	43	40	0.98	1	1	3	9	101	95	+T
I	1955754	C	*/+TT	52	55	46.22%	2	2	39	38	0.98	1	1	30	22	47	8	+TT
I	1955852	A	*/+G	152	14	8.33%	2	1	37	37	0.98	1	1	95	57	0	14	+G
I	1955853	T	+A/+A	9	103	78.63%	2	2	34	37	0.98	1	1	5	4	70	33	+A
I	2025000	C	*/+T	45	35	43.21%	2	2	39	37	0.98	1	1	36	9	24	11	+T
I	2139856	G	+T/+T	17	160	86.02%	2	2	40	38	0.98	1	1	7	10	108	52	+T
I	2154491	T	+A/+A	3	203	98.07%	2	2	40	40	0.98	1	1	1	2	90	113	+A
I	2227936	T	*/+AAA	24	37	50.68%	2	2	38	36	0.98	1	1	14	10	22	15	+AAA
I	2245479	T	*/+C	38	113	61.08%	2	2	38	39	0.98	1	1	24	14	53	60	+C
I	2245479	T	*/+CC	38	22	11.89%	2	2	38	39	0.98	1	1	24	14	12	10	+C
I	2288240	C	-G/-G	3	205	98.56%	1	2	40	39	0.98	1	1	0	3	113	92	-G
I	2343703	G	+A/+A	10	233	95.88%	2	2	40	39	0.98	1	1	7	3	101	132	+A
I	2421576	A	-C/-C	13	210	94.17%	2	2	41	39	0.98	1	1	3	10	109	101	-C
I	2499149	A	-T/-T	24	188	88.26%	2	2	40	39	0.98	1	1	5	19	94	94	-T
I	2507462	T	+A/+A	9	199	94.31%	2	2	40	40	0.98	1	1	4	5	97	102	+A
I	2510060	T	+A/+A	8	196	94.69%	2	2	45	40	0.98	1	1	4	4	97	99	+A
I	2525152	A	-T/-T	20	186	90.29%	2	2	40	39	0.98	1	1	11	9	81	105	-T
I	2588021	C	+A/+A	12	198	93.4%	2	2	36	39	0.98	1	1	5	7	101	97	+A
I	2588066	C	+A/+A	21	187	89.05%	2	2	41	39	0.98	1	1	7	14	95	92	+A
I	2594263	C	+T/+T	3	200	95.24%	2	2	40	39	0.98	1	1	1	2	93	107	+T
I	2594324	T	+A/+A	9	193	94.15%	2	2	40	39	0.98	1	1	8	1	94	99	+A
I	2594351	T	+A/+A	12	195	93.3%	2	2	38	39	0.98	1	1	2	10	92	103	+A
I	2594391	A	+T/+T	8	205	95.79%	2	2	38	39	0.98	1	1	4	4	102	103	+T
I	2605860	G	-T/-T	7	188	96.41%	2	2	43	38	0.98	1	1	4	3	110	78	-T
I	2607669	A	+T/+T	8	214	95.96%	2	2	40	40	0.98	1	1	4	4	97	117	+T
I	2641998	C	*/+T	63	79	54.48%	2	2	37	35	0.98	1	1	34	29	44	35	+T
I	2683902	T	-C/-C	3	216	98.63%	2	2	40	39	0.98	1	1	2	1	103	113	-C
I	2751236	T	-A/-A	32	159	83.25%	2	2	42	39	0.98	1	1	14	18	78	81	-A
I	2759871	T	+C/+C	4	208	94.55%	2	2	40	40	0.98	1	1	1	3	118	90	+C
I	2959752	A	*/+T	109	10	8.26%	2	2	36	40	0.98	1	1	73	36	9	1	+T
I	3010124	T	*/+A	205	38	15.57%	2	2	39	38	0.98	1	1	102	103	18	20	+A
I	3125118	A	+T/+T	8	211	95.05%	2	2	40	39	0.98	1	1	3	5	112	99	+T
I	3159955	C	*/-ATACT	100	37	27.01%	2	2	38	38	0.98	1	1	55	45	28	9	-ATACT
I	3159990	T	*/-ATAC	123	10	7.52%	2	2	39	40	0.98	1	1	68	55	4	6	-ATAC
I	3166776	G	*/+TTT	53	109	63.37%	2	2	39	38	0.98	1	1	33	20	84	25	+TTT
I	3178494	C	+T/+T	7	194	96.04%	2	2	40	40	0.98	1	1	4	3	111	83	+T
I	3197528	A	+G/+G	5	201	97.1%	1	2	40	40	0.98	1	1	0	5	109	92	+G
I	3280177	G	*/+T	111	67	35.83%	2	2	36	37	0.98	1	1	47	64	41	26	+T
I	3300811	C	*/-GGGGGG	28	4	6.56%	2	1	39	36	0.98	1	1	20	8	4	0	-GGGGGG
I	3300811	C	*/-GGGGGGGG	28	18	29.51%	2	1	39	39	0.98	1	1	20	8	18	0	-GGGGGGGG
I	3408209	T	+G/+G	22	192	86.49%	2	2	39	39	0.98	1	1	12	10	109	83	+G
I	3450130	G	-T/-T	9	218	96.04%	2	2	44	39	0.98	1	1	6	3	112	106	-T
I	3460318	T	+C/+C	10	194	95.1%	2	2	40	40	0.98	1	1	7	3	88	106	+C
I	3538413	A	+T/+T	5	228	97.44%	1	2	40	39	0.98	1	1	5	0	112	116	+T
I	3538428	G	+T/+T	14	224	92.95%	2	2	41	39	0.98	1	1	6	8	108	116	+T
I	3538436	T	+A/+A	16	227	93.42%	2	2	40	40	0.98	1	1	6	10	112	115	+A
I	3538449	T	+TA/+TA	38	178	82.41%	2	2	40	39	0.98	1	1	23	15	84	94	+TA
I	3538456	A	+AT/+AT	0	188	97.92%	0	2	0	39	0.98	0	1	0	0	86	102	+AT
I	3548532	G	*/+T	78	16	16.84%	2	2	39	39	0.98	1	1	41	37	13	3	+T
I	3576756	T	*/+TCTTCTC	47	89	43.84%	2	2	39	40	0.98	1	1	22	25	44	45	+TCTTCTC
I	3576929	C	+T/+T	24	175	86.21%	2	2	40	39	0.98	1	1	8	16	92	83	+T
I	3578504	A	+T/+T	36	162	76.06%	2	2	37	38	0.98	1	1	19	17	93	69	+T
I	3580034	C	*/+T	74	36	31.3%	2	2	38	36	0.98	1	1	42	32	21	15	+T
I	3665610	G	+C/+C	2	206	99.04%	1	2	40	39	0.98	1	1	2	0	103	103	+C
I	3700385	T	*/+AA	38	64	58.18%	2	2	40	37	0.98	1	1	25	13	26	38	+AA
I	3730369	A	+T/+T	25	222	89.52%	2	2	39	39	0.98	1	1	14	11	117	105	+T
I	3756352	A	*/-AAAT	133	70	34.48%	2	2	39	38	0.98	1	1	79	54	56	14	-AAAT
I	3765328	C	+T/+T	24	137	83.54%	2	2	39	38	0.98	1	1	11	13	81	56	+T
I	3776933	G	+A/+A	19	160	88.89%	2	2	36	39	0.98	1	1	13	6	56	104	+A
I	3855790	G	-T/-T	4	208	98.11%	1	2	56	39	0.98	1	1	4	0	98	110	-T
I	3870142	A	*/+C	165	21	10.94%	2	2	39	36	0.98	1	1	77	88	8	13	+C
I	3940025	G	+T/+T	20	180	86.54%	2	2	40	39	0.98	1	1	8	12	76	104	+T
I	3991338	T	*/+A	184	12	5.8%	2	2	39	40	0.98	1	1	102	82	6	6	+A
I	3991338	T	*/+AA	184	11	5.31%	2	2	39	38	0.98	1	1	102	82	3	8	+A
I	4010237	A	*/+G	30	7	15.22%	2	1	40	40	0.98	1	1	19	11	7	0	+G
I	4010237	A	*/+GG	30	8	17.39%	2	1	40	40	0.98	1	1	19	11	8	0	+GG
I	4055052	T	+A/+A	35	138	75.82%	2	2	40	39	0.98	1	1	17	18	64	74	+A
I	4140001	G	+T/+T	46	164	76.28%	2	2	39	37	0.98	1	1	23	23	115	49	+T
I	4143587	C	*/+TATA	50	117	66.86%	2	2	40	39	0.98	1	1	24	26	53	64	+TATA
I	4179701	C	*/+T	50	54	47.37%	2	2	36	36	0.98	1	1	24	26	38	16	+T
I	4196480	A	*/+T	207	16	7.08%	2	2	40	40	0.98	1	1	107	100	10	6	+T
I	4276888	A	*/+T	164	12	6.78%	2	1	38	32	0.98	1	1	106	58	0	12	+T
I	4276890	G	*/+T	23	124	71.68%	2	2	40	37	0.98	1	1	13	10	91	33	+T
I	4304169	G	+A/+A	13	167	92.78%	2	2	40	40	0.98	1	1	7	6	93	74	+A
I	4374342	A	-G/-G	9	196	95.61%	2	2	38	39	0.98	1	1	5	4	93	103	-G
I	4407494	T	+G/+G	9	196	95.15%	2	2	40	40	0.98	1	1	4	5	88	108	+G
I	4410191	C	-G/-G	6	249	97.65%	2	2	37	40	0.98	1	1	3	3	115	134	-G
I	4414201	C	-T/-T	31	154	82.8%	2	2	38	37	0.98	1	1	12	19	95	59	-T
I	4414723	T	*/+AAAAA	66	14	16.47%	2	2	40	37	0.98	1	1	48	18	7	7	+AAAAA
I	4431856	G	+A/+A	11	197	94.26%	2	2	40	40	0.98	1	1	8	3	96	101	+A
I	4431868	C	+A/+A	6	196	95.61%	2	2	46	40	0.98	1	1	1	5	95	101	+A
I	4455149	G	+A/+A	29	172	83.9%	2	2	41	39	0.98	1	1	21	8	92	80	+A
I	4648144	T	*/-G	138	19	12.1%	2	1	39	38	0.98	1	1	88	50	0	19	-G
I	4648159	T	*/-G	54	84	55.63%	2	2	39	40	0.98	1	1	19	35	60	24	-G
I	4648159	T	*/-GG	54	13	8.61%	2	2	39	37	0.98	1	1	19	35	4	9	-G
I	4721875	G	+A/+A	15	188	92.16%	2	2	41	40	0.98	1	1	8	7	108	80	+A
I	4764253	G	+A/+A	30	138	79.77%	2	2	40	40	0.98	1	1	13	17	83	55	+A
I	4882281	C	*/+TTT	187	12	5.97%	2	2	40	40	0.98	1	1	110	77	7	5	+TTT
I	4911431	G	*/+T	70	6	7.89%	2	2	39	40	0.98	1	1	32	38	2	4	+T
I	4917359	C	+TT/+TT	38	188	81.39%	2	2	42	38	0.98	1	1	12	26	91	97	+TT
I	4926046	C	*/+T	44	54	49.54%	2	2	39	39	0.98	1	1	24	20	51	3	+T
I	5142627	A	+G/+G	1	229	98.28%	1	2	40	40	0.98	1	1	0	1	112	117	+G
I	5148414	T	-A/-A	23	194	89.4%	2	2	40	40	0.98	1	1	11	12	101	93	-A
I	5158347	C	*/+T	219	14	6.01%	2	2	39	40	0.98	1	1	105	114	7	7	+T
I	5173087	C	+T/+T	23	172	87.76%	2	2	39	39	0.98	1	1	12	11	84	88	+T
I	5173428	C	*/+T	163	13	7.26%	2	1	38	33	0.98	1	1	95	68	0	13	+T
I	5173430	G	*/+T	38	103	63.98%	2	2	39	37	0.98	1	1	18	20	77	26	+T
I	5176924	A	*/+G	131	11	7.75%	2	1	39	35	0.98	1	1	50	81	0	11	+G
I	5176926	T	*/+A	34	77	59.69%	2	2	39	36	0.98	1	1	21	13	26	51	+A
I	5271432	C	*/+TTTT	91	8	7.92%	2	2	38	38	0.98	1	1	66	25	3	5	+TTTT
I	5359307	A	+T/+T	34	182	83.49%	2	2	42	39	0.98	1	1	16	18	89	93	+T
I	5368262	T	-C/-C	8	199	96.14%	2	2	40	40	0.98	1	1	5	3	106	93	-C
I	5368273	G	+T/+T	14	186	92.08%	2	2	40	40	0.98	1	1	11	3	90	96	+T
I	5426622	C	+T/+T	38	222	81.92%	2	2	38	39	0.98	1	1	11	27	121	101	+T
I	5567937	C	*/-A	195	20	9.17%	2	2	37	36	0.98	1	1	117	78	12	8	-A
I	5572022	A	*/-T	224	27	10.76%	2	1	39	40	0.98	1	1	116	108	0	27	-T
I	5576850	T	*/-AA	174	133	42.63%	2	2	39	39	0.98	1	1	92	82	75	58	-AA
II	15830	T	*/+A	49	19	25.68%	2	2	39	39	0.98	1	1	27	22	17	2	+A
II	128001	T	-A/-A	21	214	91.06%	2	2	40	39	0.98	1	1	12	9	121	93	-A
II	146079	T	-C/-C	12	187	93.97%	2	2	40	40	0.98	1	1	5	7	104	83	-C
II	484534	A	*/+T	42	128	71.91%	2	2	40	38	0.98	1	1	16	26	79	49	+T
II	526939	T	*/+AC	214	20	8.55%	2	2	40	40	0.98	1	1	109	105	10	10	+AC
II	526941	T	*/-TTAG	212	20	8.58%	2	2	40	40	0.98	1	1	107	105	10	10	-TTAG
II	603279	A	-T/-T	4	251	98.43%	1	2	40	40	0.98	1	1	0	4	113	138	-T
II	603305	A	-C/-C	10	246	96.09%	2	2	40	40	0.98	1	1	5	5	114	132	-C
II	700009	T	-A/-A	35	183	83.94%	2	2	42	39	0.98	1	1	15	20	91	92	-A
II	888599	A	-C/-C	4	189	97.93%	2	2	40	40	0.98	1	1	1	3	99	90	-C
II	889921	C	*/-T	88	34	26.36%	2	2	38	37	0.98	1	1	52	36	23	11	-T
II	903106	G	+T/+T	3	207	98.1%	2	2	40	39	0.98	1	1	1	2	108	99	+T
II	997671	G	*/+CAACAACAA	142	15	7.21%	2	2	39	37	0.98	1	1	94	48	4	11	A
II	1019510	T	*/-A	44	130	74.71%	2	2	38	38	0.98	1	1	21	23	76	54	-A
II	1079843	T	+A/+A	19	184	87.2%	2	2	40	38	0.98	1	1	10	9	93	91	+A
II	1163154	A	-T/-T	14	182	92.86%	2	2	41	39	0.98	1	1	4	10	91	91	-T
II	1266289	T	+A/+A	47	162	75%	2	2	40	39	0.98	1	1	27	20	88	74	+A
II	1277481	G	*/+TT	63	21	24.71%	2	2	39	40	0.98	1	1	34	29	16	5	+TT
II	1308618	G	-T/-T	20	182	90.1%	2	2	38	38	0.98	1	1	9	11	96	86	-T
II	1389139	C	*/+T	43	105	66.46%	2	2	38	38	0.98	1	1	23	20	55	50	+T
II	1458569	C	*/+T	171	29	14.43%	2	2	39	40	0.98	1	1	78	93	20	9	+T
II	1467485	C	*/+TT	145	13	7.93%	2	2	38	33	0.98	1	1	66	79	6	7	+TT
II	1555919	A	*/+TTTATT	79	190	69.6%	2	2	40	39	0.98	1	1	22	57	120	70	+TTTATT
II	1588936	G	*/+AA	42	33	38.82%	2	2	38	37	0.98	1	1	20	22	21	12	+AA
II	1612985	A	*/-ATAATG	142	54	26.87%	2	2	40	39	0.98	1	1	70	72	27	27	-ATAATG
II	1613132	A	*/+ATATAT	166	24	12.5%	2	2	40	37	0.98	1	1	85	81	4	20	+ATATAT
II	1620412	T	*/-A	32	9	21.95%	2	1	39	40	0.98	1	1	20	12	9	0	-A
II	1634728	G	*/+TATATA	164	16	8.79%	2	1	39	40	0.98	1	1	67	97	16	0	+TATATA
II	1634843	T	*/-ATTATC	140	44	23.4%	2	2	40	40	0.98	1	1	78	62	22	22	-ATTATC
II	1678205	T	-A/-A	34	171	82.61%	2	2	39	39	0.98	1	1	14	20	96	75	-A
II	1716256	G	*/+T	99	27	18.88%	2	2	38	38	0.98	1	1	68	31	17	10	+T
II	1716287	T	*/-G	136	46	25.14%	2	2	39	40	0.98	1	1	66	70	9	37	-G
II	1748646	G	*/-A	44	76	62.81%	2	2	40	39	0.98	1	1	30	14	43	33	-A
II	1805315	C	*/+T	66	11	13.25%	2	2	39	37	0.98	1	1	35	31	9	2	+T
II	1816760	T	*/+C	5	2	25%	2	1	40	40	0.98	1	1	3	2	2	0	+C
II	1861420	T	-G/-G	1	203	99.51%	1	2	40	39	0.98	1	1	1	0	91	112	-G
II	1867795	A	+T/+T	26	162	84.38%	2	2	38	38	0.98	1	1	18	8	74	88	+T
II	1868122	G	*/+T	43	67	56.78%	2	2	39	39	0.98	1	1	20	23	60	7	+T
II	1873779	T	+A/+A	7	205	95.79%	2	2	40	40	0.98	1	1	3	4	113	92	+A
II	1877294	A	+T/+T	24	141	84.43%	2	2	40	39	0.98	1	1	12	12	71	70	+T
II	1941966	A	+T/+T	9	205	94.91%	2	2	40	40	0.98	1	1	7	2	109	96	+T
II	1941982	A	+T/+T	9	212	95.5%	2	2	40	40	0.98	1	1	6	3	113	99	+T
II	1948953	G	-A/-A	7	214	96.83%	2	2	40	39	0.98	1	1	5	2	99	115	-A
II	1950050	A	+G/+G	12	167	91.76%	2	2	43	39	0.98	1	1	7	5	70	97	+G
II	1955495	T	+A/+A	38	173	79.36%	2	2	39	39	0.98	1	1	22	16	89	84	+A
II	1960392	A	+G/+G	3	236	96.72%	2	2	40	40	0.98	1	1	2	1	131	105	+G
II	1987101	C	-G/-G	7	239	97.15%	2	2	37	40	0.98	1	1	2	5	136	103	-G
II	1987117	T	-G/-G	7	252	97.3%	2	2	40	40	0.98	1	1	5	2	136	116	-G
II	2023193	G	*/+TT	77	32	28.57%	2	2	39	38	0.98	1	1	53	24	22	10	+TT
II	2049891	A	-T/-T	3	175	98.31%	2	2	53	39	0.98	1	1	1	2	89	86	-T
II	2053516	G	+C/+C	7	191	95.5%	2	2	40	40	0.98	1	1	5	2	105	86	+C
II	2108180	T	+A/+A	9	201	95.26%	2	2	36	40	0.98	1	1	6	3	99	102	+A
II	2147726	G	+T/+T	9	208	94.98%	2	2	40	39	0.98	1	1	5	4	98	110	+T
II	2187407	G	+A/+A	3	210	97.22%	1	2	53	40	0.98	1	1	3	0	122	88	+A
II	2199987	A	*/+TAACC	163	58	26.01%	2	2	40	39	0.98	1	1	106	57	32	26	+TAACC
II	2219928	A	+T/+T	8	198	96.12%	2	2	45	39	0.98	1	1	6	2	104	94	+T
II	2293297	G	-A/-A	27	235	89.69%	2	2	39	39	0.98	1	1	18	9	129	106	-A
II	2443871	A	*/+GG	118	8	6.35%	2	1	39	34	0.98	1	1	80	38	0	8	+GG
II	2443873	T	*/+AA	66	36	31.03%	2	2	39	39	0.98	1	1	43	23	35	1	+AA
II	2592423	T	+A/+A	16	168	89.84%	2	2	39	39	0.98	1	1	8	8	85	83	+A
II	2619448	G	*/-TT	67	8	10.39%	2	2	38	36	0.98	1	1	44	23	6	2	-TT
II	2630607	C	+A/+A	30	120	77.42%	2	2	39	37	0.98	1	1	19	11	56	64	+A
II	2640785	T	*/+A	37	68	61.82%	2	2	40	37	0.98	1	1	24	13	42	26	+A
II	2709414	G	+C/+C	8	230	95.83%	2	2	38	39	0.98	1	1	6	2	134	96	+C
II	2720152	T	+A/+A	21	144	83.24%	2	2	40	38	0.98	1	1	10	11	100	44	+A
II	2755338	C	-AT/-AT	25	170	87.18%	2	2	39	39	0.98	1	1	13	12	82	88	-AT
II	2788933	C	+G/+G	2	222	98.67%	1	2	40	40	0.98	1	1	2	0	117	105	+G
II	2798040	C	-T/-T	11	199	94.76%	2	2	40	39	0.98	1	1	5	6	105	94	-T
II	2798514	A	-G/-G	12	205	94.47%	2	2	40	40	0.98	1	1	8	4	91	114	-G
II	2811495	C	-A/-A	5	233	97.9%	2	2	36	40	0.98	1	1	4	1	118	115	-A
II	2830962	C	*/+TT	183	41	18.14%	2	2	39	39	0.98	1	1	93	90	20	21	+TT
II	2938956	C	+T/+T	32	167	82.27%	2	2	40	40	0.98	1	1	18	14	84	83	+T
II	3040332	C	+G/+G	7	190	96.45%	2	2	40	40	0.98	1	1	5	2	94	96	+G
II	3058544	T	*/+G	66	28	20.29%	2	2	38	37	0.98	1	1	31	35	20	8	+G
II	3058544	T	*/+GG	66	18	13.04%	2	2	38	39	0.98	1	1	31	35	16	2	+G
II	3058544	T	*/+GGG	66	16	11.59%	2	2	38	39	0.98	1	1	31	35	15	1	+G
II	3171788	G	+A/+A	31	120	76.92%	2	2	39	38	0.98	1	1	11	20	68	52	+A
II	3253453	C	*/+T	46	79	60.31%	2	2	39	37	0.98	1	1	22	24	52	27	+T
II	3487895	G	*/+TATTT	158	36	17.73%	2	2	39	39	0.98	1	1	78	80	20	16	+TATTT
II	3619003	A	+G/+G	13	214	93.86%	2	2	40	40	0.98	1	1	8	5	98	116	+G
II	3799350	G	*/+A	44	115	70.99%	2	2	40	38	0.98	1	1	23	21	60	55	+A
II	3838101	C	-A/-A	24	194	88.18%	2	2	38	39	0.98	1	1	11	13	94	100	-A
II	3860185	C	-TAGTA/-TAGTA	37	159	79.9%	2	2	38	39	0.98	1	1	15	22	76	83	-TAGTA
II	4031460	A	*/+T	47	48	47.06%	2	2	39	38	0.98	1	1	26	21	44	4	+T
II	4091063	C	+A/+A	17	192	91.43%	2	2	40	39	0.98	1	1	9	8	98	94	+A
II	4107253	G	*/+TTT	75	30	28.04%	2	2	39	34	0.98	1	1	47	28	13	17	+TTT
II	4254960	G	-A/-A	3	177	98.33%	2	2	40	39	0.98	1	1	1	2	84	93	-A
II	4308414	C	+A/+A	31	153	81.38%	2	2	39	38	0.98	1	1	18	13	72	81	+A
II	4419921	T	*/+A	38	99	66.44%	2	2	40	37	0.98	1	1	23	15	50	49	+A
II	4517047	T	*/+TACTCATCTACTCATC	289	58	13.21%	2	2	40	39	0.98	1	1	138	151	28	30	C
II	4521677	T	*/-AA	197	132	39.52%	2	2	38	39	0.98	1	1	110	87	70	62	-AA
II	4525340	G	*/+T	192	66	20.89%	2	2	38	37	0.98	1	1	148	44	55	11	+T
II	4526174	A	*/-T	198	17	7.87%	2	2	35	35	0.98	1	1	121	77	14	3	-T
II	4528465	C	*/+GACAAT	683	86	11.14%	2	2	40	41	0.98	1	1	302	381	38	48	+GACAAT
II	4528483	T	*/-GACAATGACAGA	625	153	19.67%	2	2	39	39	0.98	1	1	268	357	73	80	-GACAATGACAGA
II	4529375	T	*/+ACAACGACAACGACAACG	362	194	28.2%	2	2	39	39	0.98	1	1	166	196	93	101	+ACAACGACAACGACAACG
II	4529375	T	*/+ACAACGACAACGACAACGACAACG	362	113	16.42%	2	2	39	39	0.98	1	1	166	196	54	59	+ACAACGACAACGACAACG
II	4533588	C	*/-T	903	630	41.1%	2	2	40	40	0.98	1	1	427	476	329	301	-T
II	4534880	A	*/-T	1247	276	18.12%	2	2	39	39	0.98	1	1	649	598	150	126	-T
II	4535321	G	*/-GATAT	1286	366	22.15%	2	2	40	40	0.98	1	1	595	691	173	193	-GATAT
II	4535523	T	*/+GTTACG	1340	219	14.01%	2	2	39	39	0.98	1	1	616	724	100	119	+GTTACG
II	4535548	A	*/-TATGTG	1228	233	15.05%	2	2	39	40	0.98	1	1	607	621	107	126	-TATGTG
II	4535645	G	*/-T	1272	278	17.88%	2	2	39	39	0.98	1	1	652	620	149	129	-T
II	4535727	A	*/-G	1203	424	26.06%	2	2	39	39	0.98	1	1	653	550	223	201	-G
II	4536089	C	*/+AAAAGAAAAGTAAATT	1565	143	8.31%	2	2	40	40	0.98	1	1	751	814	67	76	+AAAAGAAAAGTAAATT
II	4536728	A	*/+GAGAGTAGG	1107	139	10.88%	2	2	39	39	0.98	1	1	386	721	46	93	+GAGAGTAGG
II	4537213	G	*/+T	516	770	59.51%	2	2	39	39	0.98	1	1	287	229	408	362	+T
II	4537387	A	*/-AATAAGAG	502	1033	67.3%	2	2	40	40	0.98	1	1	216	286	507	526	-AATAAGAG
II	4537655	A	*/+AAATG	1250	172	11.8%	2	2	40	40	0.98	1	1	527	723	35	137	+AAATG
II	4537665	G	*/+AAATA	1227	169	11.83%	2	2	40	40	0.98	1	1	487	740	45	124	+AAATA
II	4537712	T	*/-AAATAAAATTAATG	1088	157	12.61%	2	2	40	39	0.98	1	1	386	702	56	101	-AAATAAAATTAATG
II	4538312	A	*/-TAGGTATAGGTAGAATAAGTAGAGTAGAG	439	42	8.73%	2	2	39	39	0.98	1	1	205	234	31	11	-TAGGTATAGGTAGAATAAGTAGAGTAGAG
II	4538638	T	*/-AAATAAAATTAATG	709	57	7.44%	2	1	40	40	0.98	1	1	511	198	57	0	-AAATAAAATTAATG
II	4539204	G	*/-ATAGGTAGAATAAGTAAAGCAGAATAGGTAGA	880	114	11.47%	2	2	39	40	0.98	1	1	499	381	38	76	-ATAGGTAGAATAAGTAAAGCAGAATAGGTAGA
III	1558	G	*/+A	3262	1120	24.07%	2	2	39	40	0.98	1	1	1765	1497	568	552	+A
III	4952	C	*/+T	4311	350	7.47%	2	2	39	38	0.98	1	1	2522	1789	38	312	+T
III	9812	T	*/+A	5095	421	7.58%	2	2	39	39	0.98	1	1	2973	2122	35	386	+A
III	12428	G	*/+A	3216	1121	24.53%	2	2	39	40	0.98	1	1	1726	1490	544	577	+A
III	15822	C	*/+T	4279	342	7.34%	2	2	39	38	0.98	1	1	2483	1796	41	301	+T
III	20682	T	*/+A	5051	408	7.42%	2	2	39	39	0.98	1	1	2986	2065	37	371	+A
III	23298	G	*/+A	3171	1074	23.9%	2	2	39	40	0.98	1	1	1663	1508	530	544	+A
III	221285	T	*/+TGCATTTCCTATCCCTCCAAA	199	14	5.86%	2	2	39	40	0.98	1	1	105	94	7	7	A
III	253907	A	*/+T	54	74	50.68%	2	2	37	37	0.98	1	1	28	26	47	27	+T
III	284510	C	*/+A	125	72	36.55%	2	2	39	39	0.98	1	1	67	58	32	40	+A
III	286478	C	-TT/-TT	18	156	89.66%	2	2	40	39	0.98	1	1	7	11	90	66	-TT
III	286594	T	*/+A	38	71	56.8%	2	2	38	37	0.98	1	1	28	10	28	43	+A
III	365747	C	-A/-A	33	174	83.65%	2	2	39	37	0.98	1	1	20	13	90	84	-A
III	717677	A	*/-T	51	145	73.6%	2	2	39	37	0.98	1	1	21	30	65	80	-T
III	719955	A	-C/-C	12	197	94.26%	2	2	43	39	0.98	1	1	8	4	102	95	-C
III	719973	C	-G/-G	1	72	98.63%	1	2	40	40	0.98	1	1	0	1	33	39	-G
III	720683	A	+T/+T	21	148	84.09%	2	2	34	39	0.98	1	1	9	12	88	60	+T
III	867865	C	-T/-T	22	209	90.48%	2	2	41	39	0.98	1	1	11	11	102	107	-T
III	1016311	G	+C/+C	6	214	95.96%	2	2	37	39	0.98	1	1	3	3	115	99	+C
III	1073505	T	*/+ATATAGAG	635	61	8.74%	2	2	40	40	0.98	1	1	497	138	60	1	+ATATAGAG
III	1079346	A	*/+G	736	89	10.79%	2	2	39	40	0.98	1	1	534	202	73	16	+G
III	1080146	T	*/+ATATAGAG	1105	165	12.93%	2	2	40	39	0.98	1	1	512	593	71	94	+ATATAGAG
III	1084026	A	*/+AGTGGTGATGGTT	280	17	5.72%	2	2	39	41	0.98	1	1	127	153	9	8	+AGTGGTGATGGTT
III	1084121	T	*/-A	115	8	6.5%	2	2	39	40	0.98	1	1	52	63	4	4	-A
III	1087979	A	*/+G	383	29	7.04%	2	2	40	39	0.98	1	1	156	227	10	19	+G
III	1095549	T	*/-G	165	15	8.33%	2	1	39	35	0.98	1	1	94	71	0	15	-G
III	1095550	G	*/-T	91	47	33.1%	2	2	38	39	0.98	1	1	50	41	43	4	-T
III	1103423	T	*/-A	115	37	23.87%	2	2	39	36	0.98	1	1	77	38	20	17	-A
III	1110132	C	*/+TCTCTATA	336	20	5.62%	2	1	39	40	0.98	1	1	215	121	20	0	+TCTCTATA
III	1114914	T	*/+ACCACTAACCATC	206	19	8.44%	2	2	39	40	0.98	1	1	113	93	12	7	+ACCACTAACCATC
III	1121596	C	*/-T	67	6	8.22%	2	2	40	40	0.98	1	1	31	36	4	2	-T
III	1121609	C	*/-T	93	6	6.06%	2	2	39	40	0.98	1	1	43	50	4	2	-T
III	1121674	T	*/+ACCACTAACCATC	219	16	6.81%	2	2	39	39	0.98	1	1	142	77	9	7	+ACCACTAACCATC
III	1128434	T	*/+ACCACTAACCATC	221	15	6.36%	2	2	39	40	0.98	1	1	140	81	8	7	+ACCACTAACCATC
III	1135194	T	*/+ACCACTAACCATC	208	15	6.73%	2	2	40	38	0.98	1	1	121	87	8	7	+ACCACTAACCATC
III	1252503	G	*/+TT	71	4	5.33%	2	1	39	32	0.98	1	1	38	33	0	4	+TT
III	1252505	G	*/+TT	54	5	7.46%	2	2	38	36	0.98	1	1	31	23	4	1	+TT
III	1421567	T	*/+GG	33	10	10.53%	2	2	39	40	0.98	1	1	14	19	7	3	+GG
III	1421567	T	*/+GGG	33	30	31.58%	2	2	39	40	0.98	1	1	14	19	22	8	+GGG
III	1421567	T	*/+GGGG	33	13	13.68%	2	2	39	38	0.98	1	1	14	19	12	1	+GGG
III	1510629	T	*/-A	124	7	5.22%	2	2	39	40	0.98	1	1	66	58	5	2	-A
III	1575951	G	*/+T	54	75	53.19%	2	2	38	38	0.98	1	1	26	28	48	27	+T
III	1685487	G	+A/+A	12	220	94.02%	2	2	42	40	0.98	1	1	5	7	77	143	+A
III	1756400	T	-A/-A	11	219	95.22%	2	2	40	40	0.98	1	1	3	8	124	95	-A
III	1774235	T	+GATC/+GATC	12	207	93.67%	2	2	38	40	0.98	1	1	5	7	101	106	+GATC
III	1929127	A	*/+G	35	23	31.08%	2	1	36	33	0.98	1	1	29	6	23	0	+G
III	1929127	A	*/+GG	35	6	8.11%	2	1	36	32	0.98	1	1	29	6	6	0	+G
III	2183757	T	*/+A	161	63	27.63%	2	2	39	39	0.98	1	1	86	75	32	31	+A
III	2382018	A	*/-T	63	73	53.68%	2	2	38	38	0.98	1	1	38	25	42	31	-T
III	2443562	A	*/+T	792	637	43.3%	2	2	38	38	0.98	1	1	381	411	124	513	+T
III	2448309	T	-AA/-AA	693	4680	86.46%	2	2	39	38	0.98	1	1	376	317	1851	2829	-AA
