Chrom	Position	Ref	Cons	Reads1	Reads2	VarFreq	Strands1	Strands2	Qual1	Qual2	Pvalue	MapQual1	MapQual2	Reads1Plus	Reads1Minus	Reads2Plus	Reads2Minus	VarAllele
chr_II_telomeric_gap	2878	T	+TAA/+TAA	8	28	77.78%	2	2	41	42	0.98	1	1	2	6	13	15	+TAA
chr_II_telomeric_gap	5210	G	*/+T	17	2	10%	2	2	43	49	0.98	1	1	11	6	1	1	+T
chr_II_telomeric_gap	6088	A	*/-T	10	5	29.41%	2	2	46	51	0.98	1	1	4	6	3	2	-T
chr_II_telomeric_gap	6088	A	*/+T	10	2	11.76%	2	2	46	37	0.98	1	1	4	6	1	1	-T
chr_II_telomeric_gap	8538	G	*/-A	3	3	37.5%	1	2	37	45	0.98	1	1	3	0	2	1	-A
I	3160	A	*/+GTTGTCGTTGTCGTTGTC	87	12	9.6%	2	2	47	43	0.98	1	1	55	32	8	4	+GTTGTCGTTGTCGTTGTC
I	3160	A	*/+GTTGTCGTTGTCGTTGTCGTTGTC	87	25	20%	2	2	47	40	0.98	1	1	55	32	10	15	+GTTGTCGTTGTCGTTGTCGTTGTC
I	4053	C	*/+TGTCAT	96	9	8.49%	2	2	44	53	0.98	1	1	48	48	3	6	+TGTCAT
I	5677	G	*/-A	37	19	25.33%	2	2	38	39	0.98	1	1	35	2	16	3	-A
I	5677	G	*/-AA	37	10	13.33%	2	2	38	39	0.98	1	1	35	2	7	3	-A
I	6357	T	*/-A	55	6	7.32%	2	2	44	45	0.98	1	1	33	22	2	4	-A
I	6357	T	*/-AA	55	20	24.39%	2	2	44	42	0.98	1	1	33	22	9	11	-AA
I	7192	C	*/-A	45	7	9.72%	2	2	40	51	0.98	1	1	37	8	6	1	-A
I	7192	C	*/+A	45	17	23.61%	2	2	40	49	0.98	1	1	37	8	14	3	+A
I	10859	G	*/-TT	14	11	40.74%	2	2	41	42	0.98	1	1	8	6	8	3	-TT
I	15734	C	*/-A	24	5	13.16%	2	2	50	39	0.98	1	1	19	5	4	1	-A
I	15734	C	*/+A	24	7	18.42%	2	2	50	35	0.98	1	1	19	5	4	3	+A
I	19694	T	*/+A	59	4	6.35%	2	1	59	37	0.98	1	1	25	34	4	0	+A
I	27402	A	*/-C	27	5	12.82%	2	2	38	39	0.98	1	1	3	24	1	4	-C
I	27402	A	*/+C	27	5	12.82%	2	1	38	33	0.98	1	1	3	24	0	5	-C
I	55244	T	*/-A	13	6	24%	2	2	42	44	0.98	1	1	12	1	5	1	-A
I	56291	A	*/+T	32	3	8.57%	2	2	48	45	0.98	1	1	12	20	2	1	+T
I	101871	A	+G/+G	2	39	88.64%	1	2	68	41	0.98	1	1	0	2	17	22	+G
I	159531	C	*/-T	18	2	10%	2	1	44	55	0.98	1	1	16	2	2	0	-T
I	190112	C	*/-A	7	2	20%	2	2	40	42	0.98	1	1	6	1	1	1	-A
I	206448	C	*/+T	13	2	10.53%	2	1	38	35	0.98	1	1	12	1	2	0	+T
I	216147	C	*/-T	21	3	12%	2	2	43	37	0.98	1	1	10	11	1	2	-T
I	232688	T	*/-A	15	4	20%	2	1	45	37	0.98	1	1	9	6	4	0	-A
I	238435	A	*/+T	24	5	17.24%	2	2	42	34	0.98	1	1	9	15	1	4	+T
I	301305	G	*/-T	28	3	9.68%	2	2	49	45	0.98	1	1	9	19	1	2	-T
I	414079	C	*/-T	16	3	13.64%	2	2	46	49	0.98	1	1	11	5	1	2	-T
I	414079	C	*/+T	16	3	13.64%	2	2	46	41	0.98	1	1	11	5	2	1	-T
I	440084	T	*/+A	4	7	63.64%	2	2	55	42	0.98	1	1	3	1	5	2	+A
I	441614	C	*/-T	20	8	24.24%	2	2	32	36	0.98	1	1	17	3	6	2	-T
I	441614	C	*/-TT	20	3	9.09%	2	2	32	31	0.98	1	1	17	3	2	1	-T
I	442786	C	*/+T	8	7	41.18%	2	2	49	47	0.98	1	1	3	5	5	2	+T
I	453369	G	*/-A	6	5	31.25%	2	1	45	37	0.98	1	1	5	1	5	0	-A
I	453369	G	*/+A	6	2	12.5%	2	1	45	37	0.98	1	1	5	1	2	0	-A
I	456726	G	*/-T	25	4	13.33%	2	2	46	34	0.98	1	1	14	11	2	2	-T
I	464017	C	*/-A	16	2	10%	2	2	48	49	0.98	1	1	8	8	1	1	A
I	464477	A	*/-AT	16	2	11.11%	2	1	53	55	0.98	1	1	6	10	2	0	-AT
I	470378	A	-C/-C	0	30	100%	0	2	0	42	0.98	0	1	0	0	20	10	-C
I	470390	A	-C/-C	0	32	100%	0	2	0	45	0.98	0	1	0	0	22	10	-C
I	482737	A	+G/+G	1	42	97.67%	1	2	37	46	0.98	1	1	1	0	19	23	+G
I	521845	T	*/-A	23	9	25.71%	2	2	46	45	0.98	1	1	8	15	7	2	-A
I	521845	T	*/-AA	23	2	5.71%	2	2	46	31	0.98	1	1	8	15	1	1	-A
I	528541	C	*/-A	26	3	9.68%	2	2	35	61	0.98	1	1	17	9	2	1	-A
I	528541	C	*/+A	26	2	6.45%	2	1	35	37	0.98	1	1	17	9	2	0	-A
I	554527	A	+T/+T	3	21	87.5%	2	2	37	44	0.98	1	1	2	1	12	9	+T
I	562745	A	*/-T	9	2	10%	1	2	43	31	0.98	1	1	9	0	1	1	-T
I	562745	A	*/+T	9	6	30%	1	2	43	44	0.98	1	1	9	0	2	4	+T
I	562745	A	*/+TT	9	2	10%	1	1	43	55	0.98	1	1	9	0	2	0	+T
I	639272	C	*/-T	34	2	5.56%	2	2	51	55	0.98	1	1	7	27	1	1	-T
I	650099	C	*/+A	4	2	20%	2	1	37	55	0.98	1	1	1	3	2	0	+A
I	650099	C	*/+AAA	4	2	20%	2	1	37	31	0.98	1	1	1	3	2	0	+A
I	660056	T	*/+G	14	3	15%	2	1	35	29	0.98	1	1	8	6	3	0	+G
I	660056	T	*/+GGG	14	2	10%	2	1	35	31	0.98	1	1	8	6	2	0	+G
I	661548	C	*/-T	14	4	21.05%	2	2	39	37	0.98	1	1	9	5	3	1	-T
I	670032	C	+A/+A	5	76	92.68%	2	2	59	53	0.98	1	1	2	3	36	40	+A
I	682993	T	-C/-C	1	59	98.33%	1	2	25	46	0.98	1	1	1	0	22	37	-C
I	719597	G	*/-TA	50	5	8.93%	2	2	55	46	0.98	1	1	22	28	4	1	-TA
I	793917	A	*/-T	5	2	25%	2	2	32	37	0.98	1	1	2	3	1	1	-T
I	807903	A	*/-T	27	4	11.76%	2	2	50	55	0.98	1	1	5	22	2	2	-T
I	807903	A	*/+T	27	2	5.88%	2	2	50	55	0.98	1	1	5	22	1	1	-T
I	862962	C	+T/+T	0	22	100%	0	2	0	52	0.98	0	1	0	0	11	11	+T
I	870526	T	+A/+A	3	17	85%	2	2	45	44	0.98	1	1	2	1	10	7	+A
I	932995	G	*/-A	25	2	7.41%	2	2	57	55	0.98	1	1	20	5	1	1	-A
I	934908	T	*/+AAA	11	6	35.29%	2	2	40	45	0.98	1	1	9	2	4	2	+AAA
I	950516	C	*/+A	30	2	6.25%	2	1	45	37	0.98	1	1	16	14	2	0	+A
I	954072	T	*/-A	19	2	9.09%	2	1	49	37	0.98	1	1	11	8	0	2	-A
I	960025	G	+T/+T	5	21	75%	1	2	37	36	0.98	1	1	5	0	18	3	+T
I	995070	G	*/+T	10	3	18.75%	2	2	35	49	0.98	1	1	7	3	2	1	+T
I	1027635	T	*/+A	15	2	10%	1	1	37	37	0.98	1	1	15	0	2	0	A
I	1048635	G	*/+A	5	13	72.22%	2	2	37	53	0.98	1	1	4	1	8	5	+A
I	1079583	T	*/+AAAAAAA	1	2	33.33%	1	2	37	55	0.98	1	1	1	0	1	1	+AAAAAAA
I	1123942	C	*/-T	31	2	6.06%	2	1	48	55	0.98	1	1	20	11	2	0	-T
I	1149923	C	*/-A	22	3	10.71%	2	1	46	53	0.98	1	1	15	7	3	0	-A
I	1149923	C	*/+A	22	2	7.14%	2	2	46	31	0.98	1	1	15	7	1	1	-A
I	1185797	G	*/-A	8	7	46.67%	2	2	38	35	0.98	1	1	3	5	4	3	-A
I	1206603	G	*/-T	72	4	5.19%	2	2	47	55	0.98	1	1	40	32	3	1	-T
I	1254655	T	*/-A	15	3	13.04%	2	2	47	40	0.98	1	1	9	6	2	1	-A
I	1254655	T	*/+A	15	4	17.39%	2	2	47	55	0.98	1	1	9	6	2	2	+A
I	1274803	T	+A/+A	0	21	100%	0	2	0	54	0.98	0	1	0	0	8	13	+A
I	1290605	A	*/-T	17	2	9.52%	2	1	39	37	0.98	1	1	12	5	2	0	-T
I	1290605	A	*/-TT	17	2	9.52%	2	1	39	49	0.98	1	1	12	5	2	0	-T
I	1333654	T	+G/+G	0	13	86.67%	0	2	0	36	0.98	0	1	0	0	11	2	+G
I	1358794	C	*/+A	8	5	33.33%	2	2	39	54	0.98	1	1	6	2	1	4	+A
I	1360608	T	*/+C	34	3	8.11%	2	2	42	53	0.98	1	1	8	26	1	2	+C
I	1381081	G	*/-A	24	2	7.69%	2	1	51	37	0.98	1	1	14	10	2	0	-A
I	1387517	C	*/+T	14	2	11.76%	2	2	38	42	0.98	1	1	10	4	1	1	+T
I	1424708	C	-A/-A	3	33	91.67%	1	2	37	46	0.98	1	1	0	3	16	17	-A
I	1454446	C	*/+A	33	3	8.33%	2	2	38	37	0.98	1	1	22	11	2	1	+A
I	1478066	G	*/+A	21	2	8.33%	2	1	41	31	0.98	1	1	14	7	2	0	+A
I	1482648	C	*/-T	11	2	15.38%	2	2	46	49	0.98	1	1	8	3	1	1	-T
I	1494938	C	*/-A	22	2	8.33%	2	1	45	37	0.98	1	1	16	6	2	0	-A
I	1496317	C	*/-A	7	18	60%	2	2	43	43	0.98	1	1	3	4	13	5	-A
I	1496317	C	*/-AA	7	5	16.67%	2	2	43	51	0.98	1	1	3	4	2	3	-A
I	1509277	C	*/+T	4	9	69.23%	2	2	36	48	0.98	1	1	3	1	4	5	+T
I	1541472	G	*/-T	14	5	21.74%	2	2	39	44	0.98	1	1	11	3	3	2	-T
I	1541472	G	*/+T	14	3	13.04%	2	2	39	49	0.98	1	1	11	3	1	2	-T
I	1595056	C	*/-T	12	2	10%	2	1	36	36	0.98	1	1	10	2	2	0	-T
I	1595056	C	*/+T	12	5	25%	2	1	36	34	0.98	1	1	10	2	5	0	+T
I	1599291	T	*/+A	7	6	42.86%	2	2	40	40	0.98	1	1	6	1	1	5	+A
I	1619480	A	*/+T	29	4	12.12%	2	2	51	37	0.98	1	1	12	17	2	2	+T
I	1625092	T	+C/+C	0	23	100%	0	2	0	40	0.98	0	1	0	0	13	10	+C
I	1636004	A	*/-T	25	3	10.34%	2	2	44	45	0.98	1	1	11	14	1	2	-T
I	1771585	C	*/-A	35	4	10.26%	2	1	44	37	0.98	1	1	22	13	4	0	-A
I	1777634	A	*/-T	14	5	23.81%	2	2	44	44	0.98	1	1	5	9	2	3	-T
I	1777634	A	*/+T	14	2	9.52%	2	2	44	68	0.98	1	1	5	9	1	1	-T
I	1829371	A	*/+T	16	2	11.11%	2	1	40	61	0.98	1	1	11	5	0	2	+T
I	1837916	G	*/-T	11	5	27.78%	1	2	40	41	0.98	1	1	11	0	1	4	-T
I	1848384	C	*/+A	21	2	8.33%	2	2	45	36	0.98	1	1	16	5	1	1	+A
I	1849285	C	*/-T	43	7	12.96%	2	2	45	50	0.98	1	1	20	23	4	3	-T
I	1852120	T	*/+G	24	3	11.11%	2	1	40	33	0.98	1	1	13	11	3	0	+G
I	1890184	C	*/-A	11	9	42.86%	2	2	45	41	0.98	1	1	7	4	5	4	-A
I	1905214	C	*/-T	8	3	23.08%	2	2	57	29	0.98	1	1	4	4	1	2	-T
I	1905214	C	*/+T	8	2	15.38%	2	1	57	43	0.98	1	1	4	4	0	2	-T
I	1905525	T	*/+G	9	2	18.18%	2	1	39	37	0.98	1	1	7	2	2	0	+G
I	1925428	T	*/-A	38	2	5%	2	1	41	37	0.98	1	1	22	16	2	0	-A
I	1936294	G	+A/+A	0	32	100%	0	2	0	54	0.98	0	1	0	0	16	16	+A
I	1952313	A	+T/+T	3	53	94.64%	2	2	37	50	0.98	1	1	1	2	37	16	+T
I	1954159	A	*/-T	32	2	5.88%	2	1	47	55	0.98	1	1	18	14	0	2	-T
I	1954162	C	*/-A	14	8	25.81%	2	2	40	41	0.98	1	1	9	5	6	2	-A
I	1954162	C	*/-AA	14	5	16.13%	2	2	40	49	0.98	1	1	9	5	3	2	-A
I	1954162	C	*/+A	14	2	6.45%	2	1	40	42	0.98	1	1	9	5	2	0	-A
I	1955754	C	*/+T	11	2	11.76%	2	2	35	37	0.98	1	1	9	2	1	1	+T
I	1955853	T	*/+A	7	10	55.56%	2	2	35	33	0.98	1	1	4	3	8	2	+A
I	1975079	T	*/-A	37	2	5.13%	2	1	51	55	0.98	1	1	17	20	0	2	-A
I	2025000	C	*/+T	12	3	15.79%	1	2	38	33	0.98	1	1	12	0	2	1	+T
I	2041948	T	*/-A	22	2	6.45%	1	1	36	37	0.98	1	1	22	0	2	0	-A
I	2041948	T	*/-AA	22	4	12.9%	1	1	36	37	0.98	1	1	22	0	4	0	-AA
I	2041948	T	*/+A	22	2	6.45%	1	1	36	28	0.98	1	1	22	0	2	0	-AA
I	2043467	A	*/+G	25	2	7.41%	2	2	47	37	0.98	1	1	14	11	1	1	+G
I	2052488	A	*/-T	31	10	22.73%	2	2	46	48	0.98	1	1	22	9	6	4	-T
I	2052488	A	*/+T	31	3	6.82%	2	1	46	49	0.98	1	1	22	9	3	0	-T
I	2096013	T	*/-A	16	2	10%	2	2	43	55	0.98	1	1	8	8	1	1	-A
I	2139856	G	*/+T	2	7	70%	1	2	37	33	0.98	1	1	0	2	5	2	+T
I	2154491	T	+A/+A	2	36	94.74%	1	2	55	49	0.98	1	1	0	2	17	19	+A
I	2174555	C	*/-A	8	3	18.75%	2	2	32	40	0.98	1	1	5	3	1	2	-A
I	2174555	C	*/-AA	8	2	12.5%	2	1	32	37	0.98	1	1	5	3	0	2	-A
I	2174555	C	*/+A	8	2	12.5%	2	2	32	27	0.98	1	1	5	3	1	1	-A
I	2178948	C	*/-A	33	5	12.5%	2	2	44	37	0.98	1	1	26	7	4	1	-A
I	2178948	C	*/+A	33	2	5%	2	2	44	55	0.98	1	1	26	7	1	1	-A
I	2227936	T	*/+AAA	1	9	64.29%	1	2	25	47	0.98	1	1	1	0	5	4	+AAA
I	2231735	C	*/-A	22	2	8%	2	1	42	49	0.98	1	1	11	11	2	0	-A
I	2231762	T	*/-A	22	2	8.33%	2	1	46	55	0.98	1	1	8	14	0	2	-A
I	2232167	C	*/-A	25	2	7.41%	2	1	52	37	0.98	1	1	11	14	0	2	-A
I	2245479	T	*/+C	11	10	38.46%	2	2	39	40	0.98	1	1	5	6	4	6	+C
I	2245479	T	*/+CC	11	4	15.38%	2	2	39	34	0.98	1	1	5	6	2	2	+C
I	2273201	T	*/-A	12	2	11.76%	2	2	39	31	0.98	1	1	5	7	1	1	-A
I	2273201	T	*/+A	12	3	17.65%	2	2	39	29	0.98	1	1	5	7	1	2	+A
I	2279763	A	*/-T	22	4	14.81%	2	2	46	46	0.98	1	1	12	10	3	1	-T
I	2288240	C	-G/-G	0	42	100%	0	2	0	54	0.98	0	1	0	0	17	25	-G
I	2314019	A	*/+T	16	2	11.11%	2	2	41	37	0.98	1	1	9	7	1	1	+T
I	2322441	G	*/+A	32	2	5.88%	2	1	50	55	0.98	1	1	16	16	0	2	+A
I	2322636	C	*/-A	24	4	12.12%	2	2	41	39	0.98	1	1	20	4	3	1	-A
I	2322636	C	*/-AA	24	2	6.06%	2	2	41	42	0.98	1	1	20	4	1	1	-A
I	2327021	C	*/-A	10	2	13.33%	2	1	41	37	0.98	1	1	7	3	2	0	A
I	2343703	G	+A/+A	1	13	86.67%	1	2	37	39	0.98	1	1	0	1	4	9	+A
I	2397149	G	*/+T	19	3	13.04%	2	2	38	37	0.98	1	1	10	9	2	1	+T
I	2401096	C	*/+A	24	2	7.41%	2	2	45	55	0.98	1	1	20	4	1	1	+A
I	2421576	A	-C/-C	1	24	96%	1	2	74	44	0.98	1	1	0	1	18	6	-C
I	2424539	G	*/-A	15	3	15%	2	2	42	45	0.98	1	1	11	4	2	1	-A
I	2424539	G	*/+A	15	2	10%	2	1	42	37	0.98	1	1	11	4	2	0	-A
I	2494171	C	*/+T	21	2	8.7%	2	1	52	37	0.98	1	1	10	11	2	0	+T
I	2499149	A	-T/-T	5	40	88.89%	1	2	34	47	0.98	1	1	5	0	15	25	-T
I	2507462	T	+A/+A	0	29	100%	0	2	0	46	0.98	0	1	0	0	15	14	+A
I	2510060	T	+A/+A	5	23	82.14%	1	2	37	44	0.98	1	1	0	5	14	9	+A
I	2520612	G	*/-T	33	2	5.56%	2	1	53	55	0.98	1	1	18	15	0	2	-T
I	2525713	C	*/-T	28	5	13.89%	2	2	38	46	0.98	1	1	22	6	4	1	-T
I	2578262	T	*/-A	22	6	21.43%	2	2	48	35	0.98	1	1	14	8	3	3	-A
I	2588021	C	+A/+A	0	14	100%	0	2	0	44	0.98	0	1	0	0	5	9	+A
I	2588066	C	+A/+A	1	16	94.12%	1	2	74	43	0.98	1	1	0	1	8	8	+A
I	2594263	C	+T/+T	1	12	85.71%	1	2	37	46	0.98	1	1	1	0	3	9	+T
I	2594324	T	+A/+A	2	21	91.3%	1	2	74	56	0.98	1	1	0	2	8	13	+A
I	2594351	T	+A/+A	1	21	95.45%	1	2	37	52	0.98	1	1	0	1	11	10	+A
I	2594391	A	+T/+T	1	21	95.45%	1	2	74	51	0.98	1	1	1	0	11	10	+T
I	2605860	G	-T/-T	4	29	87.88%	2	2	55	40	0.98	1	1	2	2	8	21	-T
I	2607669	A	+T/+T	2	30	93.75%	1	2	55	46	0.98	1	1	0	2	21	9	+T
I	2624384	T	*/-A	23	3	11.54%	2	2	46	49	0.98	1	1	8	15	2	1	-A
I	2641998	C	+T/+T	0	3	75%	0	1	0	37	0.98	0	1	0	0	3	0	+T
I	2683902	T	-C/-C	0	37	100%	0	2	0	48	0.98	0	1	0	0	16	21	-C
I	2689254	A	*/-T	27	2	6.45%	2	2	44	37	0.98	1	1	15	12	1	1	-T
I	2689254	A	*/+T	27	2	6.45%	2	2	44	37	0.98	1	1	15	12	1	1	-T
I	2733748	A	*/-T	33	2	5.56%	2	1	46	55	0.98	1	1	19	14	2	0	-T
I	2747027	T	*/-A	14	4	20%	2	2	39	46	0.98	1	1	8	6	2	2	-A
I	2747027	T	*/-AA	14	2	10%	2	1	39	37	0.98	1	1	8	6	2	0	-A
I	2751236	T	-A/-A	4	38	84.44%	2	2	52	46	0.98	1	1	2	2	11	27	-A
I	2751236	T	*/-AA	4	3	6.67%	2	2	52	37	0.98	1	1	2	2	1	2	-A
I	2759871	T	+C/+C	1	13	86.67%	1	2	37	47	0.98	1	1	1	0	6	7	+C
I	2763458	G	*/+T	37	2	5.13%	2	1	53	55	0.98	1	1	17	20	0	2	+T
I	2776150	C	*/-T	34	2	5.56%	2	2	46	55	0.98	1	1	19	15	1	1	-T
I	2864912	T	*/-A	27	2	6.9%	2	2	47	37	0.98	1	1	13	14	1	1	-A
I	2881073	G	*/-A	18	2	10%	2	1	54	37	0.98	1	1	12	6	2	0	-A
I	2897634	G	*/-TA	41	3	6.82%	2	2	49	61	0.98	1	1	13	28	2	1	-TA
I	2960791	T	*/-A	20	3	12.5%	2	2	48	49	0.98	1	1	13	7	2	1	-A
I	2963080	T	*/-A	27	4	12.9%	2	2	44	34	0.98	1	1	6	21	1	3	-A
I	3008973	C	*/+A	24	2	7.69%	2	2	44	37	0.98	1	1	11	13	1	1	+A
I	3013772	A	*/-T	17	2	10.53%	2	1	42	37	0.98	1	1	6	11	2	0	-T
I	3023963	C	*/-T	36	2	5.13%	2	1	42	37	0.98	1	1	15	21	0	2	-T
I	3033347	C	*/-T	31	5	11.63%	2	2	44	31	0.98	1	1	22	9	4	1	-T
I	3033347	C	*/+T	31	7	16.28%	2	2	44	43	0.98	1	1	22	9	5	2	+T
I	3125118	A	+T/+T	0	23	95.83%	0	2	0	42	0.98	0	1	0	0	7	16	+T
I	3134492	A	*/-T	36	2	5.26%	2	2	47	31	0.98	1	1	15	21	1	1	-T
I	3144699	T	*/-A	10	4	22.22%	2	2	38	49	0.98	1	1	9	1	1	3	-A
I	3144699	T	*/-AA	10	2	11.11%	2	2	38	55	0.98	1	1	9	1	1	1	-A
I	3159187	C	*/-CA	85	9	9.28%	2	2	49	46	0.98	1	1	39	46	5	4	-CA
I	3159994	C	*/-T	81	5	5.75%	2	2	41	39	0.98	1	1	66	15	4	1	-T
I	3166776	G	*/+TT	5	3	13.04%	2	2	37	49	0.98	1	1	4	1	2	1	+TT
I	3166776	G	*/+TTT	5	12	52.17%	2	2	37	42	0.98	1	1	4	1	10	2	+TTT
I	3178494	C	+T/+T	2	33	94.29%	1	2	37	43	0.98	1	1	0	2	9	24	+T
I	3184255	T	*/-A	19	8	28.57%	2	2	42	47	0.98	1	1	6	13	3	5	-A
I	3197528	A	+G/+G	2	69	95.83%	1	2	62	46	0.98	1	1	2	0	22	47	+G
I	3299997	G	*/-A	43	3	6.12%	2	1	46	40	0.98	1	1	31	12	3	0	-A
I	3300811	C	*/-GGGGGGGG	1	2	40%	1	1	37	37	0.98	1	1	1	0	2	0	-GGGGGGGG
I	3301538	C	*/-T	20	2	8.7%	2	1	37	31	0.98	1	1	6	14	0	2	-T
I	3303111	C	*/-T	19	2	8%	2	2	42	49	0.98	1	1	12	7	1	1	-T
I	3303111	C	*/+T	19	4	16%	2	2	42	34	0.98	1	1	12	7	2	2	+T
I	3380404	C	*/-A	25	3	10.34%	2	2	44	40	0.98	1	1	22	3	2	1	-A
I	3404612	C	*/-T	4	2	28.57%	2	2	41	36	0.98	1	1	3	1	1	1	-T
I	3404991	C	*/-T	7	2	13.33%	2	2	43	42	0.98	1	1	6	1	1	1	-T
I	3404991	C	*/-TTT	7	2	13.33%	2	2	43	42	0.98	1	1	6	1	1	1	-T
I	3404991	C	*/+T	7	4	26.67%	2	1	43	34	0.98	1	1	6	1	4	0	+T
I	3407151	G	*/-T	32	2	5.88%	2	2	48	55	0.98	1	1	17	15	1	1	-T
I	3410124	A	*/-T	18	2	9.52%	2	1	44	31	0.98	1	1	10	8	0	2	-T
I	3450130	G	-T/-T	2	31	93.94%	1	2	55	44	0.98	1	1	0	2	15	16	-T
I	3460318	T	+C/+C	2	26	92.86%	1	2	55	44	0.98	1	1	0	2	13	13	+C
I	3460476	G	*/-A	18	2	9.09%	2	2	47	37	0.98	1	1	10	8	1	1	-A
I	3460476	G	*/+A	18	2	9.09%	2	2	47	31	0.98	1	1	10	8	1	1	-A
I	3462650	A	*/-T	14	2	11.11%	2	2	47	37	0.98	1	1	8	6	1	1	-T
I	3477396	C	*/+A	16	3	15.79%	2	1	47	40	0.98	1	1	7	9	3	0	+A
I	3538413	A	+T/+T	3	22	88%	2	2	53	48	0.98	1	1	1	2	12	10	+T
I	3538428	G	+T/+T	0	24	100%	0	2	0	46	0.98	0	1	0	0	13	11	+T
I	3538436	T	+A/+A	3	22	88%	2	2	49	46	0.98	1	1	1	2	12	10	+A
I	3538449	T	+TA/+TA	0	21	100%	0	2	0	47	0.98	0	1	0	0	12	9	+TA
I	3538456	A	+AT/+AT	0	21	100%	0	2	0	47	0.98	0	1	0	0	12	9	+AT
I	3574738	C	*/+A	23	2	8%	2	2	47	48	0.98	1	1	11	12	1	1	+A
I	3576627	C	*/-T	2	3	50%	2	1	37	36	0.98	1	1	1	1	3	0	-T
I	3576756	T	*/+TCTTCTC	2	7	53.85%	2	2	37	49	0.98	1	1	1	1	3	4	+TCTTCTC
I	3576929	C	+T/+T	2	19	90.48%	1	2	30	42	0.98	1	1	2	0	10	9	+T
I	3577787	T	*/+CTCTA	31	33	45.83%	2	2	49	46	0.98	1	1	8	23	17	16	+CTCTA
I	3580034	C	*/+T	6	4	36.36%	2	2	40	31	0.98	1	1	4	2	3	1	+T
I	3609896	T	*/+A	14	3	16.67%	2	2	43	33	0.98	1	1	7	7	2	1	+A
I	3610396	C	*/-T	9	4	28.57%	2	2	37	49	0.98	1	1	8	1	2	2	-T
I	3645117	C	*/+T	12	2	14.29%	2	2	54	55	0.98	1	1	4	8	1	1	+T
I	3665610	G	+C/+C	2	72	97.3%	2	2	37	54	0.98	1	1	1	1	32	40	+C
I	3666021	C	+G/+G	0	18	100%	0	2	0	45	0.98	0	1	0	0	11	7	+G
I	3700385	T	*/+A	4	5	26.32%	2	2	34	46	0.98	1	1	2	2	2	3	+A
I	3700385	T	*/+AA	4	10	52.63%	2	2	34	49	0.98	1	1	2	2	6	4	+AA
I	3730369	A	+T/+T	0	19	100%	0	2	0	44	0.98	0	1	0	0	13	6	+T
I	3736072	C	*/+T	27	2	6.9%	2	2	42	55	0.98	1	1	13	14	1	1	+T
I	3765328	C	+T/+T	1	13	92.86%	1	2	37	38	0.98	1	1	1	0	12	1	+T
I	3776933	G	*/+A	7	12	63.16%	2	2	49	38	0.98	1	1	4	3	5	7	+A
I	3850523	C	*/-T	22	4	14.81%	2	1	42	52	0.98	1	1	14	8	4	0	-T
I	3855790	G	-T/-T	1	27	96.43%	1	2	37	40	0.98	1	1	1	0	15	12	-T
I	3870142	A	-C/-C	5	28	84.85%	2	2	56	46	0.98	1	1	2	3	9	19	-C
I	3879465	T	*/-A	25	2	6.9%	2	2	46	55	0.98	1	1	10	15	1	1	-A
I	3879465	T	*/+A	25	2	6.9%	2	1	46	68	0.98	1	1	10	15	0	2	-A
I	3898271	C	*/-A	26	3	10%	2	2	49	49	0.98	1	1	15	11	2	1	-A
I	3898356	A	*/+G	26	2	7.14%	2	1	44	31	0.98	1	1	11	15	2	0	+G
I	3940025	G	+T/+T	1	20	86.96%	1	2	37	49	0.98	1	1	0	1	8	12	+T
I	3940025	G	*/+TT	1	2	8.7%	1	1	37	74	0.98	1	1	0	1	2	0	+T
I	3952900	A	*/-T	10	2	16.67%	2	1	49	37	0.98	1	1	2	8	0	2	-T
I	3984736	A	*/-GGT	203	13	6.02%	2	1	47	38	0.98	1	1	65	138	0	13	-GGT
I	3992211	A	*/-AAC	27	2	6.9%	2	1	43	37	0.98	1	1	8	19	0	2	-AAC
I	3992212	A	*/-AC	22	5	18.52%	2	2	43	39	0.98	1	1	7	15	1	4	-AC
I	3992213	A	*/-C	16	6	26.09%	2	2	46	37	0.98	1	1	4	12	3	3	-C
I	3993810	T	*/-A	6	3	33.33%	2	1	41	37	0.98	1	1	5	1	3	0	-A
I	3995023	C	*/-T	6	3	27.27%	2	2	35	40	0.98	1	1	5	1	1	2	-T
I	4004016	G	*/-T	21	2	6.67%	2	2	53	68	0.98	1	1	11	10	1	1	-T
I	4004016	G	*/-TT	21	4	13.33%	2	2	53	58	0.98	1	1	11	10	1	3	-TT
I	4004016	G	*/+T	21	3	10%	2	2	53	70	0.98	1	1	11	10	1	2	-TT
I	4010237	A	*/+G	6	2	14.29%	1	1	39	37	0.98	1	1	6	0	2	0	+G
I	4010237	A	*/+GG	6	5	35.71%	1	1	39	32	0.98	1	1	6	0	5	0	+GG
I	4055052	T	+A/+A	5	22	75.86%	2	2	44	52	0.98	1	1	4	1	13	9	+A
I	4071656	A	*/+T	14	5	26.32%	2	2	44	51	0.98	1	1	10	4	4	1	+T
I	4140001	G	*/+T	10	2	15.38%	2	2	41	37	0.98	1	1	7	3	1	1	+T
I	4140090	A	*/-T	26	2	7.14%	2	2	50	36	0.98	1	1	12	14	1	1	-T
I	4177950	T	*/-A	32	3	8.57%	2	1	42	37	0.98	1	1	22	10	3	0	-A
I	4179641	C	*/-A	17	2	10%	2	1	41	55	0.98	1	1	13	4	2	0	-A
I	4179701	C	*/+T	3	3	37.5%	1	2	29	28	0.98	1	1	3	0	2	1	+T
I	4239381	C	*/+T	21	2	8.33%	2	2	42	37	0.98	1	1	11	10	1	1	+T
I	4241118	G	*/-A	9	9	47.37%	2	2	41	42	0.98	1	1	5	4	7	2	-A
I	4276890	G	+T/+T	2	22	91.67%	2	2	55	42	0.98	1	1	1	1	10	12	+T
I	4304169	G	+A/+A	0	15	100%	0	2	0	45	0.98	0	1	0	0	9	6	+A
I	4318947	C	*/+A	29	2	6.45%	2	2	44	37	0.98	1	1	15	14	1	1	+A
I	4325624	C	+A/+A	3	20	83.33%	2	2	49	46	0.98	1	1	2	1	7	13	+A
I	4338694	G	+T/+T	3	43	87.76%	1	2	70	45	0.98	1	1	3	0	31	12	+T
I	4374342	A	-G/-G	1	51	98.08%	1	2	37	50	0.98	1	1	1	0	35	16	-G
I	4394766	C	*/-A	26	4	12.9%	2	2	38	39	0.98	1	1	14	12	2	2	-A
I	4407494	T	+G/+G	1	38	97.44%	1	2	74	48	0.98	1	1	1	0	26	12	+G
I	4410191	C	-G/-G	2	24	92.31%	2	2	31	43	0.98	1	1	1	1	17	7	-G
I	4414201	C	*/-T	3	9	69.23%	1	2	49	38	0.98	1	1	3	0	7	2	-T
I	4414723	T	*/+AAAA	11	2	11.11%	1	1	38	37	0.98	1	1	11	0	2	0	+AAAA
I	4414723	T	*/+AAAAA	11	4	22.22%	1	2	38	55	0.98	1	1	11	0	2	2	+AAAAA
I	4431856	G	+A/+A	3	56	94.92%	1	2	61	46	0.98	1	1	3	0	21	35	+A
I	4431868	C	+A/+A	3	53	94.64%	2	2	33	44	0.98	1	1	2	1	18	35	+A
I	4442621	A	*/-AT	43	6	11.54%	2	2	52	33	0.98	1	1	22	21	4	2	-AT
I	4455149	G	*/+A	2	7	70%	1	2	49	40	0.98	1	1	2	0	3	4	+A
I	4514478	T	*/-A	6	5	25%	2	1	39	37	0.98	1	1	4	2	5	0	-A
I	4514478	T	*/-AA	6	5	25%	2	2	39	37	0.98	1	1	4	2	3	2	-A
I	4514478	T	*/-AAA	6	3	15%	2	2	39	49	0.98	1	1	4	2	2	1	-A
I	4648144	T	*/-G	45	3	6.25%	2	1	43	37	0.98	1	1	30	15	0	3	-G
I	4648159	T	*/-G	16	25	56.82%	2	2	35	46	0.98	1	1	9	7	18	7	-G
I	4648159	T	*/-GG	16	3	6.82%	2	2	35	40	0.98	1	1	9	7	1	2	-G
I	4658978	C	*/-A	26	4	12.9%	2	1	43	37	0.98	1	1	15	11	4	0	-A
I	4668471	T	*/+A	20	2	9.09%	2	1	46	55	0.98	1	1	13	7	2	0	+A
I	4721875	G	+A/+A	0	11	100%	0	2	0	37	0.98	0	1	0	0	6	5	+A
I	4723298	G	*/+A	19	2	9.09%	2	1	47	55	0.98	1	1	10	9	2	0	+A
I	4733668	G	*/+A	19	2	9.52%	2	2	43	37	0.98	1	1	15	4	1	1	+A
I	4760698	T	*/-A	22	5	18.52%	2	2	55	51	0.98	1	1	14	8	3	2	-A
I	4764253	G	*/+A	16	21	51.22%	2	2	44	47	0.98	1	1	10	6	12	9	+A
I	4764253	G	*/+AA	16	3	7.32%	2	2	44	40	0.98	1	1	10	6	1	2	+A
I	4781861	G	*/-T	26	2	7.14%	2	2	50	37	0.98	1	1	16	10	1	1	-T
I	4882281	C	*/-T	17	2	10.53%	2	1	50	31	0.98	1	1	6	11	0	2	-T
I	4911431	G	*/+T	11	2	14.29%	2	2	38	61	0.98	1	1	9	2	1	1	+T
I	4916623	C	*/-A	14	7	29.17%	2	2	46	40	0.98	1	1	10	4	2	5	-A
I	4926046	C	*/+T	12	3	16.67%	2	1	39	37	0.98	1	1	11	1	3	0	+T
I	4926046	C	*/+TT	12	2	11.11%	2	1	39	37	0.98	1	1	11	1	2	0	+T
I	4934297	C	*/-TA	35	3	7.89%	2	2	46	37	0.98	1	1	12	23	2	1	-TA
I	4984784	A	*/-T	4	7	50%	1	2	43	45	0.98	1	1	4	0	4	3	-T
I	4984784	A	*/-TT	4	2	14.29%	1	1	43	31	0.98	1	1	4	0	2	0	-T
I	5002717	C	*/-A	17	2	8.33%	2	2	41	37	0.98	1	1	12	5	1	1	-A
I	5002717	C	*/+A	17	4	16.67%	2	2	41	52	0.98	1	1	12	5	3	1	+A
I	5037093	C	*/+A	29	2	6.45%	2	1	50	37	0.98	1	1	17	12	2	0	+A
I	5058829	C	*/-T	22	4	15.38%	2	1	54	43	0.98	1	1	15	7	0	4	-T
I	5060109	A	*/-T	20	3	11.54%	2	1	40	37	0.98	1	1	11	9	3	0	-T
I	5060109	A	*/+T	20	3	11.54%	2	1	40	37	0.98	1	1	11	9	0	3	-T
I	5073240	G	*/-A	16	2	10.53%	2	2	52	55	0.98	1	1	10	6	1	1	-A
I	5078848	G	*/+A	17	2	9.52%	2	1	42	37	0.98	1	1	11	6	2	0	+A
I	5096442	G	*/-TT	10	2	14.29%	2	2	38	61	0.98	1	1	8	2	1	1	-TT
I	5123329	G	*/-A	14	2	12.5%	2	2	40	49	0.98	1	1	10	4	1	1	-A
I	5142627	A	+G/+G	4	20	80%	2	2	55	47	0.98	1	1	3	1	7	13	+G
I	5148414	T	-A/-A	2	47	95.92%	2	2	55	49	0.98	1	1	1	1	23	24	-A
I	5173087	C	+T/+T	3	16	84.21%	1	2	33	45	0.98	1	1	0	3	7	9	+T
I	5173430	G	*/+T	11	26	61.9%	2	2	45	45	0.98	1	1	8	3	14	12	+T
I	5173430	G	*/+TT	11	4	9.52%	2	2	45	37	0.98	1	1	8	3	2	2	+T
I	5176926	T	*/+A	6	11	57.89%	1	2	45	43	0.98	1	1	6	0	8	3	+A
I	5177760	A	*/-T	15	2	9.09%	2	2	49	31	0.98	1	1	11	4	1	1	-T
I	5177760	A	*/+TT	15	2	9.09%	2	1	49	37	0.98	1	1	11	4	2	0	-T
I	5266596	A	*/-T	37	4	9.09%	2	1	42	46	0.98	1	1	21	16	4	0	-T
I	5309679	G	*/+A	32	2	5.88%	2	1	49	55	0.98	1	1	14	18	2	0	+A
I	5321235	G	*/+A	52	4	7.02%	2	2	45	46	0.98	1	1	19	33	1	3	+A
I	5322005	G	*/+T	11	2	15.38%	2	2	35	55	0.98	1	1	7	4	1	1	+T
I	5368262	T	-C/-C	4	68	94.44%	2	2	55	49	0.98	1	1	2	2	33	35	-C
I	5368273	G	+T/+T	7	68	88.31%	2	2	61	51	0.98	1	1	5	2	29	39	+T
I	5426622	C	*/+T	7	25	67.57%	2	2	42	43	0.98	1	1	4	3	12	13	+T
I	5426622	C	*/+TT	7	4	10.81%	2	2	42	52	0.98	1	1	4	3	2	2	+T
I	5547223	T	*/-A	12	3	17.65%	2	1	53	33	0.98	1	1	6	6	3	0	-A
I	5547223	T	*/+A	12	2	11.76%	2	1	53	37	0.98	1	1	6	6	0	2	-A
I	5557287	A	*/-T	10	2	14.29%	2	1	39	37	0.98	1	1	7	3	2	0	-T
I	5557287	A	*/+T	10	2	14.29%	2	2	39	42	0.98	1	1	7	3	1	1	-T
I	5567937	C	*/-A	33	8	19.05%	2	1	43	37	0.98	1	1	22	11	8	0	-A
I	5570823	C	*/-A	7	2	22.22%	2	1	46	37	0.98	1	1	6	1	2	0	-A
I	5576850	T	*/-AA	9	11	52.38%	2	2	41	47	0.98	1	1	7	2	4	7	-AA
II	7149	T	*/-A	36	2	5.13%	2	1	44	31	0.98	1	1	18	18	2	0	-A
II	7268	G	*/-T	40	8	16.33%	2	2	42	46	0.98	1	1	23	17	6	2	-T
II	15830	T	*/-A	14	3	13.64%	2	2	42	49	0.98	1	1	8	6	2	1	-A
II	15830	T	*/+A	14	3	13.64%	2	2	42	44	0.98	1	1	8	6	1	2	-A
II	46913	T	*/-A	15	3	16.67%	2	2	38	40	0.98	1	1	13	2	2	1	-A
II	52800	C	+TT/+TT	3	18	85.71%	2	2	61	46	0.98	1	1	2	1	11	7	+TT
II	83071	C	+TT/+TT	2	14	82.35%	2	2	42	51	0.98	1	1	1	1	4	10	+TT
II	113240	T	*/-A	12	3	20%	2	2	39	57	0.98	1	1	8	4	1	2	-A
II	128001	T	-A/-A	1	28	96.55%	1	2	37	47	0.98	1	1	1	0	16	12	-A
II	146079	T	-C/-C	9	31	77.5%	2	2	47	50	0.98	1	1	3	6	12	19	-C
II	201022	A	*/-T	18	3	13.04%	2	2	45	37	0.98	1	1	9	9	2	1	-T
II	227756	C	*/+A	8	2	20%	2	2	44	68	0.98	1	1	5	3	1	1	+A
II	229897	A	*/-T	19	4	8.16%	2	2	37	46	0.98	1	1	15	4	2	2	-T
II	229897	A	*/+T	19	21	42.86%	2	2	37	43	0.98	1	1	15	4	14	7	+T
II	229897	A	*/+TT	19	5	10.2%	2	2	37	42	0.98	1	1	15	4	3	2	+T
II	257643	C	*/-T	34	2	5.56%	2	2	41	61	0.98	1	1	23	11	1	1	-T
II	295849	C	*/-T	27	2	6.9%	2	1	48	31	0.98	1	1	14	13	2	0	-T
II	333860	T	+A/+A	1	13	92.86%	1	2	37	48	0.98	1	1	0	1	5	8	+A
II	352395	A	*/-T	30	2	6.25%	2	1	46	37	0.98	1	1	10	20	2	0	-T
II	383156	C	*/+T	32	3	8.11%	2	2	42	40	0.98	1	1	21	11	2	1	+T
II	410084	G	*/-C	28	2	6.67%	2	1	42	36	0.98	1	1	19	9	0	2	-C
II	410085	C	*/-T	16	6	23.08%	2	2	33	47	0.98	1	1	15	1	3	3	-T
II	410085	C	*/+T	16	3	11.54%	2	2	33	36	0.98	1	1	15	1	2	1	-T
II	478798	T	*/+G	29	2	6.45%	2	2	51	37	0.98	1	1	11	18	1	1	+G
II	484534	A	*/+T	2	13	72.22%	1	2	74	40	0.98	1	1	2	0	3	10	+T
II	484534	A	*/+TT	2	3	16.67%	1	2	74	49	0.98	1	1	2	0	1	2	+T
II	516071	T	*/-A	13	4	22.22%	2	1	43	55	0.98	1	1	7	6	0	4	-A
II	520626	T	*/-C	22	3	12%	2	1	39	36	0.98	1	1	18	4	0	3	-C
II	521731	G	*/-T	39	4	8.89%	2	2	49	55	0.98	1	1	27	12	1	3	-T
II	522800	G	*/-A	26	2	6.9%	2	1	45	37	0.98	1	1	20	6	2	0	-A
II	522946	T	*/+TGTGCA	51	4	7.27%	2	1	45	39	0.98	1	1	34	17	4	0	+TGTGCA
II	526883	G	*/+GTGCGTTTGTTTAGGT	77	5	5.88%	2	2	42	37	0.98	1	1	43	34	4	1	+GTGCGTTTGTTTAGGT
II	561064	T	*/-A	13	3	16.67%	2	2	44	29	0.98	1	1	3	10	2	1	-A
II	575895	G	*/-A	30	2	6.25%	2	2	50	37	0.98	1	1	15	15	1	1	-A
II	576111	C	*/-A	34	2	5.41%	2	1	51	37	0.98	1	1	19	15	0	2	-A
II	603273	A	-AAAATATAATGAAAATGTTTATTGCACAAACAC/-AAAATATAATGAAAATGTTTATTGCACAAACAC	3	11	78.57%	2	2	37	46	0.98	1	1	1	2	8	3	-AAAATATAATGAAAATGTTTATTGCACAAACAC
II	603305	A	-C/-C	0	9	100%	0	2	0	35	0.98	0	1	0	0	3	6	-C
II	645098	C	*/+A	16	2	10.53%	2	2	40	31	0.98	1	1	8	8	1	1	+A
II	673086	G	*/-A	5	3	30%	1	1	44	49	0.98	1	1	5	0	3	0	-A
II	677175	G	*/-TA	32	3	8.57%	2	2	49	40	0.98	1	1	10	22	1	2	-TA
II	700009	T	-A/-A	4	20	83.33%	2	2	46	49	0.98	1	1	1	3	7	13	-A
II	716295	G	*/-T	12	5	25%	2	2	49	39	0.98	1	1	7	5	4	1	-T
II	716295	G	*/+T	12	3	15%	2	2	49	40	0.98	1	1	7	5	1	2	-T
II	753854	A	*/-TT	11	2	13.33%	2	2	36	49	0.98	1	1	10	1	1	1	-TT
II	756993	C	*/-T	27	6	17.65%	2	2	42	49	0.98	1	1	20	7	3	3	-T
II	888599	A	-C/-C	0	18	100%	0	2	0	51	0.98	0	1	0	0	8	10	-C
II	889921	C	*/-T	25	5	15.62%	2	1	36	32	0.98	1	1	24	1	5	0	-T
II	890578	C	*/-T	18	6	25%	2	2	41	41	0.98	1	1	15	3	4	2	-T
II	903106	G	+T/+T	3	42	93.33%	1	2	41	44	0.98	1	1	0	3	22	20	+T
II	947539	C	*/-A	30	4	11.43%	2	2	50	34	0.98	1	1	9	21	2	2	-A
II	948303	T	*/-A	24	3	10.34%	2	1	46	49	0.98	1	1	16	8	3	0	-A
II	948303	T	*/+A	24	2	6.9%	2	1	46	37	0.98	1	1	16	8	2	0	-A
II	948732	A	+T/+T	0	16	100%	0	2	0	43	0.98	0	1	0	0	8	8	+T
II	965517	C	*/-T	20	8	25.81%	2	2	42	43	0.98	1	1	15	5	6	2	-T
II	965517	C	*/+T	20	2	6.45%	2	1	42	55	0.98	1	1	15	5	2	0	-T
II	1019510	T	*/-A	2	10	55.56%	2	2	37	45	0.98	1	1	1	1	3	7	-A
II	1019510	T	*/-AA	2	5	27.78%	2	2	37	37	0.98	1	1	1	1	2	3	-A
II	1057872	T	-AAAA/-AAAA	3	19	86.36%	2	2	61	44	0.98	1	1	1	2	13	6	-AAAA
II	1078264	T	*/-A	41	4	8.33%	2	2	46	58	0.98	1	1	23	18	3	1	-A
II	1078264	T	*/+A	41	3	6.25%	2	1	46	49	0.98	1	1	23	18	3	0	-A
II	1079843	T	+A/+A	2	18	90%	1	2	31	44	0.98	1	1	2	0	4	14	+A
II	1104941	G	*/+T	13	2	13.33%	1	2	36	55	0.98	1	1	13	0	1	1	+T
II	1122580	C	*/-T	60	5	7.58%	2	2	48	34	0.98	1	1	36	24	2	3	-T
II	1140902	C	*/-T	25	2	7.41%	2	2	42	42	0.98	1	1	15	10	1	1	-T
II	1163154	A	-T/-T	2	21	91.3%	1	2	37	48	0.98	1	1	0	2	10	11	-T
II	1171363	T	*/-A	16	5	23.81%	2	2	46	56	0.98	1	1	12	4	3	2	-A
II	1187785	G	*/-T	29	3	9.38%	2	1	50	57	0.98	1	1	13	16	0	3	-T
II	1205056	G	*/+A	24	2	7.69%	2	2	47	55	0.98	1	1	7	17	1	1	+A
II	1243365	G	*/-T	21	2	8.7%	2	1	49	31	0.98	1	1	10	11	0	2	-T
II	1266289	T	+A/+A	0	7	87.5%	0	2	0	51	0.98	0	1	0	0	1	6	+A
II	1266955	G	*/-GA	76	6	7.06%	2	2	52	41	0.98	1	1	43	33	4	2	-GA
II	1277481	G	*/+T	6	3	21.43%	2	2	39	49	0.98	1	1	4	2	2	1	+T
II	1277481	G	*/+TT	6	2	14.29%	2	1	39	31	0.98	1	1	4	2	2	0	+T
II	1301850	T	*/-TA	25	2	7.41%	2	1	51	37	0.98	1	1	10	15	2	0	-TA
II	1308618	G	-T/-T	5	38	88.37%	2	2	51	46	0.98	1	1	2	3	25	13	-T
II	1323266	A	*/-T	21	2	8.33%	2	1	45	37	0.98	1	1	11	10	2	0	-T
II	1323267	T	+A/+A	1	19	95%	1	2	37	47	0.98	1	1	0	1	10	9	+A
II	1349040	A	*/-T	21	5	16.67%	2	2	42	44	0.98	1	1	15	6	4	1	-T
II	1349040	A	*/+T	21	4	13.33%	2	2	42	39	0.98	1	1	15	6	2	2	-T
II	1365999	G	*/-T	26	8	22.22%	2	2	48	58	0.98	1	1	10	16	4	4	-T
II	1389139	C	*/-T	9	3	13.64%	1	2	36	33	0.98	1	1	9	0	1	2	-T
II	1389139	C	*/+T	9	7	31.82%	1	2	36	44	0.98	1	1	9	0	4	3	+T
II	1389139	C	*/+TT	9	2	9.09%	1	1	36	55	0.98	1	1	9	0	2	0	+T
II	1456839	A	*/-T	21	2	8.7%	2	2	47	37	0.98	1	1	10	11	1	1	-T
II	1467485	C	*/-T	19	6	22.22%	2	2	37	43	0.98	1	1	10	9	1	5	-T
II	1467485	C	*/+T	19	2	7.41%	2	2	37	55	0.98	1	1	10	9	1	1	-T
II	1491761	T	*/+A	24	2	7.69%	2	1	39	55	0.98	1	1	11	13	0	2	+A
II	1531449	G	*/-T	35	2	5.13%	2	1	44	55	0.98	1	1	14	21	0	2	-T
II	1545027	C	*/-A	11	2	12.5%	2	2	45	31	0.98	1	1	4	7	1	1	A
II	1555919	A	*/+TTTATT	8	5	38.46%	2	2	49	66	0.98	1	1	5	3	2	3	+TTTATT
II	1571445	G	*/-TA	28	4	12.12%	2	2	48	37	0.98	1	1	11	17	2	2	-TA
II	1588936	G	*/+AA	4	3	30%	2	2	46	49	0.98	1	1	3	1	2	1	+AA
II	1600210	T	*/+A	62	6	8.82%	2	1	48	41	0.98	1	1	36	26	0	6	+A
II	1620412	T	*/-A	2	2	50%	2	1	31	37	0.98	1	1	1	1	2	0	-A
II	1627981	C	*/-T	21	4	15.38%	2	2	51	55	0.98	1	1	11	10	3	1	-T
II	1647018	C	*/+T	29	5	14.71%	2	2	44	44	0.98	1	1	13	16	3	2	+T
II	1678205	T	-A/-A	2	8	80%	1	2	55	37	0.98	1	1	2	0	3	5	-A
II	1700176	T	*/-A	15	4	21.05%	2	2	38	46	0.98	1	1	10	5	2	2	-A
II	1709150	G	*/-T	24	4	13.79%	2	1	44	46	0.98	1	1	14	10	4	0	-T
II	1716287	T	*/-G	24	8	25%	2	1	46	44	0.98	1	1	15	9	0	8	-G
II	1748646	G	*/-AA	7	3	21.43%	1	2	40	36	0.98	1	1	7	0	1	2	-AA
II	1748646	G	*/-AAA	7	2	14.29%	1	2	40	49	0.98	1	1	7	0	1	1	-AA
II	1751287	C	*/-GA	33	2	5.71%	2	2	44	37	0.98	1	1	15	18	1	1	-GA
II	1757193	C	+T/+T	2	46	95.83%	2	2	55	44	0.98	1	1	1	1	16	30	+T
II	1763419	T	*/-A	22	5	17.86%	2	2	43	49	0.98	1	1	14	8	4	1	-A
II	1777362	C	*/+T	14	2	11.76%	2	2	45	31	0.98	1	1	10	4	1	1	+T
II	1818108	C	*/-T	17	5	21.74%	2	2	44	49	0.98	1	1	7	10	1	4	-T
II	1861420	T	-G/-G	1	65	98.48%	1	2	48	52	0.98	1	1	1	0	36	29	-G
II	1867795	A	+T/+T	2	18	90%	2	2	55	43	0.98	1	1	1	1	8	10	+T
II	1868122	G	*/+T	11	12	44.44%	2	2	36	44	0.98	1	1	8	3	11	1	+T
II	1868122	G	*/+TT	11	3	11.11%	2	2	36	40	0.98	1	1	8	3	1	2	+T
II	1873779	T	+A/+A	3	24	88.89%	2	2	41	41	0.98	1	1	1	2	11	13	+A
II	1877294	A	+T/+T	1	20	95.24%	1	2	37	44	0.98	1	1	1	0	17	3	+T
II	1941575	G	*/+T	10	2	15.38%	1	2	42	37	0.98	1	1	0	10	1	1	+T
II	1941697	A	*/-T	11	2	11.76%	2	2	41	55	0.98	1	1	6	5	1	1	-T
II	1941697	A	*/+T	11	3	17.65%	2	1	41	34	0.98	1	1	6	5	3	0	+T
II	1941966	A	+T/+T	0	45	97.83%	0	2	0	54	0.98	0	1	0	0	24	21	+T
II	1941982	A	+T/+T	1	43	97.73%	1	2	74	53	0.98	1	1	1	0	22	21	+T
II	1948953	G	-A/-A	3	37	92.5%	1	2	37	48	0.98	1	1	0	3	22	15	-A
II	1950050	A	+G/+G	1	67	97.1%	1	2	74	50	0.98	1	1	1	0	28	39	+G
II	1953298	C	*/-CT	37	4	9.52%	2	2	44	40	0.98	1	1	19	18	2	2	-CT
II	1953407	T	*/+C	15	9	37.5%	2	1	41	38	0.98	1	1	5	10	0	9	+C
II	1955495	T	+A/+A	1	25	83.33%	1	2	74	49	0.98	1	1	1	0	15	10	+A
II	1955495	T	*/+AA	1	2	6.67%	1	1	74	55	0.98	1	1	1	0	2	0	+A
II	1960392	A	+G/+G	1	26	96.3%	1	2	37	49	0.98	1	1	1	0	7	19	+G
II	1987101	C	-G/-G	2	42	95.45%	2	2	55	48	0.98	1	1	1	1	21	21	-G
II	1987117	T	-G/-G	2	42	95.45%	2	2	49	47	0.98	1	1	1	1	19	23	-G
II	1992841	T	+AA/+AA	0	24	96%	0	2	0	49	0.98	0	1	0	0	10	14	+AA
II	2023193	G	*/+TT	5	2	20%	1	2	34	42	0.98	1	1	5	0	1	1	+TT
II	2049891	A	-T/-T	3	42	93.33%	1	2	49	50	0.98	1	1	0	3	23	19	-T
II	2053516	G	+C/+C	2	51	96.23%	2	2	55	51	0.98	1	1	1	1	15	36	+C
II	2108180	T	+A/+A	2	30	93.75%	1	2	37	43	0.98	1	1	0	2	15	15	+A
II	2115422	T	+A/+A	0	89	97.8%	0	2	0	45	0.98	0	1	0	0	31	58	+A
II	2136649	T	*/-A	34	4	10.53%	2	2	45	46	0.98	1	1	9	25	3	1	-A
II	2147726	G	+T/+T	5	32	86.49%	2	2	51	41	0.98	1	1	2	3	11	21	+T
II	2187407	G	+A/+A	0	26	96.3%	0	2	0	49	0.98	0	1	0	0	10	16	+A
II	2197587	C	*/-A	11	4	25%	2	2	45	34	0.98	1	1	9	2	3	1	-A
II	2203175	T	*/-A	21	2	8.33%	2	1	41	37	0.98	1	1	16	5	2	0	-A
II	2219928	A	+T/+T	1	34	94.44%	1	2	74	43	0.98	1	1	1	0	17	17	+T
II	2220643	C	*/-T	15	2	11.76%	2	1	46	37	0.98	1	1	10	5	2	0	-T
II	2228776	T	*/-G	28	2	6.67%	2	1	49	55	0.98	1	1	11	17	2	0	-G
II	2268188	T	+A/+A	2	40	90.91%	2	2	55	46	0.98	1	1	1	1	24	16	+A
II	2293297	G	-A/-A	0	18	100%	0	2	0	46	0.98	0	1	0	0	9	9	-A
II	2318772	A	*/-T	6	3	30%	2	1	37	37	0.98	1	1	2	4	3	0	-T
II	2327013	C	*/-T	43	3	6.25%	2	2	43	61	0.98	1	1	19	24	1	2	-T
II	2443175	A	*/-T	5	2	28.57%	1	1	37	42	0.98	1	1	5	0	2	0	-T
II	2443873	T	*/+A	3	3	37.5%	2	1	49	49	0.98	1	1	1	2	3	0	+A
II	2480912	A	*/+T	16	2	11.11%	2	1	52	74	0.98	1	1	11	5	2	0	+T
II	2491256	C	+T/+T	5	24	82.76%	1	2	34	44	0.98	1	1	5	0	13	11	+T
II	2523297	A	*/-T	28	2	6.67%	2	2	45	55	0.98	1	1	17	11	1	1	-T
II	2523624	C	*/-A	16	3	14.29%	2	1	38	37	0.98	1	1	9	7	3	0	-A
II	2591913	T	*/-A	13	4	20%	2	2	38	46	0.98	1	1	10	3	2	2	-A
II	2592423	T	+A/+A	2	28	93.33%	1	2	37	48	0.98	1	1	2	0	14	14	+A
II	2612668	A	*/-T	20	2	8.7%	2	1	47	49	0.98	1	1	13	7	0	2	-T
II	2630604	T	*/+A	21	2	8.7%	2	1	41	43	0.98	1	1	5	16	0	2	+A
II	2630607	C	+A/+A	1	17	80.95%	1	2	48	40	0.98	1	1	0	1	4	13	+A
II	2640785	T	*/+A	13	40	71.43%	2	2	44	48	0.98	1	1	10	3	19	21	+A
II	2647497	C	*/-T	26	4	12.12%	2	2	42	46	0.98	1	1	8	18	1	3	-T
II	2647497	C	*/-TT	26	2	6.06%	2	2	42	37	0.98	1	1	8	18	1	1	-T
II	2702173	G	*/-TA	32	2	5.88%	2	1	50	55	0.98	1	1	16	16	0	2	-TA
II	2709414	G	+C/+C	0	37	100%	0	2	0	46	0.98	0	1	0	0	19	18	+C
II	2755338	C	*/-AT	11	14	50%	2	2	43	40	0.98	1	1	1	10	7	7	-AT
II	2755338	C	*/-ATAT	11	3	10.71%	2	2	43	37	0.98	1	1	1	10	2	1	-AT
II	2768241	T	*/+A	34	2	5.56%	2	2	46	37	0.98	1	1	15	19	1	1	+A
II	2788933	C	+G/+G	1	46	97.87%	1	2	74	47	0.98	1	1	1	0	34	12	+G
II	2798040	C	-T/-T	5	33	86.84%	2	2	51	51	0.98	1	1	4	1	15	18	-T
II	2798514	A	-G/-G	0	22	100%	0	2	0	47	0.98	0	1	0	0	8	14	-G
II	2808802	A	-T/-T	2	17	89.47%	1	2	37	44	0.98	1	1	2	0	4	13	-T
II	2811495	C	-A/-A	0	45	100%	0	2	0	52	0.98	0	1	0	0	23	22	-A
II	2825193	A	*/-T	17	4	19.05%	2	2	50	39	0.98	1	1	10	7	2	2	-T
II	2826100	G	*/-A	22	7	22.58%	2	2	44	42	0.98	1	1	13	9	5	2	-A
II	2886386	C	*/-A	31	2	6.06%	2	1	47	36	0.98	1	1	16	15	0	2	-A
II	2894538	T	*/-A	25	5	16.13%	2	2	39	44	0.98	1	1	9	16	1	4	-A
II	2900889	A	*/-T	12	3	16.67%	2	1	51	53	0.98	1	1	10	2	3	0	-T
II	2900889	A	*/+T	12	2	11.11%	2	2	51	55	0.98	1	1	10	2	1	1	-T
II	2908519	G	*/-A	32	2	5.88%	2	1	44	74	0.98	1	1	18	14	2	0	-A
II	2938956	C	+T/+T	1	16	94.12%	1	2	37	48	0.98	1	1	1	0	11	5	+T
II	2988149	G	*/-T	18	3	13.04%	2	2	44	49	0.98	1	1	13	5	2	1	-T
II	2988149	G	*/-TT	18	2	8.7%	2	2	44	37	0.98	1	1	13	5	1	1	-T
II	3040332	C	+G/+G	1	59	98.33%	1	2	37	44	0.98	1	1	0	1	29	30	+G
II	3055532	G	*/+C	30	2	6.25%	2	1	46	49	0.98	1	1	14	16	0	2	+C
II	3058544	T	*/+G	8	6	42.86%	2	1	34	37	0.98	1	1	7	1	6	0	+G
II	3135802	A	*/+AAAG	36	2	5.26%	2	1	48	48	0.98	1	1	17	19	0	2	+AAAG
II	3154052	G	*/-T	28	6	16.22%	2	2	40	45	0.98	1	1	18	10	1	5	-T
II	3154052	G	*/+T	28	2	5.41%	2	2	40	49	0.98	1	1	18	10	1	1	-T
II	3171788	G	*/+A	10	2	11.76%	1	1	35	37	0.98	1	1	10	0	2	0	+A
II	3253453	C	*/-TT	5	3	16.67%	2	1	36	45	0.98	1	1	4	1	3	0	-TT
II	3253453	C	*/+T	5	8	44.44%	2	2	36	32	0.98	1	1	4	1	5	3	+T
II	3282373	T	*/-A	20	5	19.23%	2	2	43	42	0.98	1	1	13	7	4	1	-A
II	3329982	G	*/-T	11	3	21.43%	2	1	40	57	0.98	1	1	7	4	0	3	-T
II	3380128	C	*/-T	15	2	11.11%	2	1	39	43	0.98	1	1	13	2	2	0	-T
II	3405775	T	*/+A	28	2	6.45%	2	2	46	55	0.98	1	1	19	9	1	1	+A
II	3410437	G	*/-T	6	5	38.46%	2	2	43	42	0.98	1	1	5	1	2	3	-T
II	3474608	C	*/-A	32	2	5.88%	2	2	43	37	0.98	1	1	17	15	1	1	-A
II	3498917	A	+T/+T	2	10	83.33%	1	2	42	35	0.98	1	1	2	0	4	6	+T
II	3509251	T	*/-A	12	6	31.58%	2	2	48	41	0.98	1	1	10	2	4	2	-A
II	3512925	C	*/-T	11	2	13.33%	2	1	36	37	0.98	1	1	8	3	2	0	-T
II	3514786	C	*/-T	27	4	12.5%	2	2	44	39	0.98	1	1	16	11	2	2	-T
II	3540057	A	*/-T	22	5	17.86%	2	2	44	44	0.98	1	1	13	9	2	3	-T
II	3583632	G	+A/+A	0	24	100%	0	2	0	49	0.98	0	1	0	0	14	10	+A
II	3605463	G	*/-T	2	5	71.43%	1	2	49	39	0.98	1	1	2	0	4	1	-T
II	3619003	A	+G/+G	5	34	87.18%	1	2	49	51	0.98	1	1	0	5	18	16	+G
II	3621704	A	*/-T	19	4	16%	2	2	42	58	0.98	1	1	11	8	2	2	-T
II	3625896	G	*/+TA	32	30	46.88%	2	2	55	51	0.98	1	1	7	25	11	19	+TA
II	3661773	T	*/-A	16	2	10.53%	2	1	41	37	0.98	1	1	9	7	0	2	-A
II	3715149	G	*/-A	12	4	23.53%	2	2	37	46	0.98	1	1	11	1	3	1	-A
II	3762367	C	*/-A	22	2	8.33%	2	2	42	55	0.98	1	1	13	9	1	1	-A
II	3777384	T	*/-A	27	3	10%	2	1	41	37	0.98	1	1	6	21	0	3	-A
II	3777548	C	*/-TT	17	3	15%	2	2	39	37	0.98	1	1	15	2	2	1	-TT
II	3799350	G	*/-A	0	2	22.22%	0	1	0	37	0.98	0	1	0	0	2	0	-A
II	3799350	G	*/+A	0	4	44.44%	0	1	0	37	0.98	0	1	0	0	4	0	+A
II	3799350	G	*/+AA	0	2	22.22%	0	1	0	37	0.98	0	1	0	0	2	0	+A
II	3838101	C	-A/-A	1	13	92.86%	1	2	62	43	0.98	1	1	1	0	7	6	-A
II	3838912	T	*/-A	15	4	18.18%	2	1	41	40	0.98	1	1	4	11	0	4	-A
II	3838912	T	*/-AA	15	2	9.09%	2	2	41	37	0.98	1	1	4	11	1	1	-A
II	3856896	A	*/-T	21	4	12.9%	2	2	42	55	0.98	1	1	14	7	1	3	-T
II	3856896	A	*/+T	21	4	12.9%	2	2	42	34	0.98	1	1	14	7	2	2	-T
II	3860185	C	*/-TAGTA	26	20	41.67%	2	2	50	38	0.98	1	1	7	19	17	3	-TAGTA
II	3861161	C	*/-T	24	3	9.68%	2	2	46	49	0.98	1	1	13	11	2	1	-T
II	3861161	C	*/+T	24	3	9.68%	2	2	46	57	0.98	1	1	13	11	2	1	-T
II	3861514	C	*/+GG	12	2	12.5%	2	1	34	37	0.98	1	1	4	8	2	0	+GG
II	3883700	A	*/+AT	7	2	22.22%	2	2	56	55	0.98	1	1	4	3	1	1	+AT
II	3954039	C	*/-T	29	7	17.07%	2	2	45	48	0.98	1	1	19	10	5	2	-T
II	3954039	C	*/+T	29	4	9.76%	2	1	45	49	0.98	1	1	19	10	4	0	-T
II	3975235	C	*/-A	19	6	16.67%	2	2	40	40	0.98	1	1	15	4	5	1	-A
II	3975235	C	*/-AA	19	2	5.56%	2	1	40	37	0.98	1	1	15	4	2	0	-A
II	3975235	C	*/-AAA	19	2	5.56%	2	2	40	37	0.98	1	1	15	4	1	1	-A
II	3975235	C	*/+A	19	4	11.11%	2	2	40	55	0.98	1	1	15	4	3	1	+A
II	3975235	C	*/+AA	19	2	5.56%	2	1	40	49	0.98	1	1	15	4	2	0	+A
II	4006982	C	*/-A	12	2	11.76%	2	1	43	42	0.98	1	1	10	2	0	2	-A
II	4006982	C	*/+A	12	2	11.76%	2	1	43	37	0.98	1	1	10	2	2	0	-A
II	4031460	A	*/+T	10	4	18.18%	2	2	39	43	0.98	1	1	8	2	2	2	+T
II	4031460	A	*/+TT	10	3	13.64%	2	2	39	32	0.98	1	1	8	2	1	2	+T
II	4031460	A	*/+TTT	10	2	9.09%	2	2	39	31	0.98	1	1	8	2	1	1	+T
II	4107252	A	*/+TTT	5	2	25%	2	1	37	37	0.98	1	1	4	1	0	2	+TTT
II	4107253	G	*/+TT	2	2	18.18%	1	1	37	37	0.98	1	1	2	0	2	0	+TT
II	4107253	G	*/+TTT	2	2	18.18%	1	1	37	25	0.98	1	1	2	0	0	2	+TT
II	4108814	G	*/-TA	65	6	8.45%	2	2	43	43	0.98	1	1	25	40	4	2	-TA
II	4254960	G	-A/-A	0	40	100%	0	2	0	47	0.98	0	1	0	0	11	29	-A
II	4290954	G	*/+A	28	3	9.09%	2	2	54	45	0.98	1	1	18	10	2	1	+A
II	4308414	C	*/+A	8	13	52%	2	2	40	42	0.98	1	1	7	1	4	9	+A
II	4308414	C	*/+AA	8	4	16%	2	1	40	37	0.98	1	1	7	1	4	0	+A
II	4343817	T	*/-A	6	3	30%	2	1	55	49	0.98	1	1	3	3	0	3	-A
II	4384845	C	*/-T	13	2	13.33%	2	2	45	55	0.98	1	1	10	3	1	1	-T
II	4419921	T	*/+A	3	2	40%	2	1	37	74	0.98	1	1	2	1	0	2	+A
II	4445670	T	*/-GA	35	2	5.41%	2	1	46	37	0.98	1	1	11	24	0	2	-GA
II	4453874	C	*/+A	25	2	7.41%	2	1	41	31	0.98	1	1	18	7	0	2	+A
II	4472766	T	*/+A	29	2	6.45%	2	2	46	55	0.98	1	1	19	10	1	1	+A
II	4517047	T	*/+TACTCATC	87	26	21.67%	2	2	46	45	0.98	1	1	47	40	16	10	+TACTCATC
II	4521677	T	*/-AA	9	10	52.63%	2	2	43	44	0.98	1	1	7	2	3	7	-AA
II	4525340	G	*/+T	82	18	16.98%	2	2	41	42	0.98	1	1	54	28	6	12	+T
II	4526174	A	*/-T	43	9	17.31%	2	2	42	46	0.98	1	1	26	17	4	5	-T
II	4526843	C	*/-T	9	6	27.27%	2	2	38	38	0.98	1	1	7	2	4	2	-T
II	4526843	C	*/-TT	9	3	13.64%	2	2	38	45	0.98	1	1	7	2	2	1	-T
II	4526843	C	*/+T	9	2	9.09%	2	1	38	37	0.98	1	1	7	2	2	0	-T
II	4528465	C	*/+GACAAT	83	16	16%	2	2	47	46	0.98	1	1	28	55	5	11	+GACAAT
II	4529375	T	*/+ACAACGACAACGACAACG	79	10	9.71%	2	2	42	37	0.98	1	1	42	37	7	3	+ACAACGACAACGACAACG
II	4529375	T	*/+ACAACGACAACGACAACGACAACG	79	12	11.65%	2	2	42	43	0.98	1	1	42	37	6	6	+ACAACGACAACGACAACGACAACG
II	4533588	C	*/-T	63	32	33.68%	2	2	46	43	0.98	1	1	34	29	16	16	-T
II	4534880	A	*/-T	142	41	22.4%	2	2	49	46	0.98	1	1	72	70	16	25	-T
II	4535523	T	*/+GTTACG	282	54	16.02%	2	2	46	51	0.98	1	1	95	187	23	31	+GTTACG
II	4535548	A	*/-TATGTG	308	52	14.36%	2	2	46	52	0.98	1	1	129	179	30	22	-TATGTG
II	4535645	G	*/-T	216	67	23.59%	2	2	50	52	0.98	1	1	117	99	41	26	-T
II	4536089	C	*/+AAAAGAAAAGTAAATT	37	4	9.3%	2	2	44	37	0.98	1	1	18	19	3	1	+AAAAGAAAAGTAAATT
II	4536728	A	*/+GAGAGTAGG	256	44	13.84%	2	2	52	46	0.98	1	1	121	135	20	24	+GAGAGTAGG
II	4537213	G	*/+T	263	101	27.75%	2	2	52	51	0.98	1	1	126	137	64	37	+T
II	4537387	A	*/-AATAAGAG	165	96	36.78%	2	2	48	48	0.98	1	1	81	84	55	41	-AATAAGAG
II	4537665	G	*/+AAATA	71	10	11.9%	2	2	45	40	0.98	1	1	45	26	5	5	+AAATA
III	1558	G	*/-A	133	12	6.9%	2	2	41	47	0.98	1	1	64	69	6	6	-A
III	1558	G	*/+A	133	14	8.05%	2	2	41	37	0.98	1	1	64	69	8	6	+A
III	4729	A	*/-T	826	295	23.41%	2	2	46	49	0.98	1	1	541	285	126	169	-T
III	4729	A	*/+T	826	88	6.98%	2	2	46	47	0.98	1	1	541	285	33	55	-T
III	4952	C	*/+T	885	74	7.61%	2	2	42	52	0.98	1	1	540	345	30	44	+T
III	5403	C	*/-T	924	318	22.16%	2	2	42	45	0.98	1	1	682	242	175	143	-T
III	5403	C	*/-TT	924	104	7.25%	2	2	42	46	0.98	1	1	682	242	50	54	-T
III	9812	T	*/+A	367	20	5.13%	2	2	45	38	0.98	1	1	113	254	1	19	+A
III	12428	G	*/-A	143	15	8.52%	2	2	41	40	0.98	1	1	62	81	6	9	-A
III	12428	G	*/+A	143	12	6.82%	2	2	41	43	0.98	1	1	62	81	6	6	-A
III	15599	A	*/-T	836	304	23.55%	2	2	47	48	0.98	1	1	522	314	146	158	-T
III	15599	A	*/+T	836	99	7.67%	2	2	47	49	0.98	1	1	522	314	38	61	-T
III	15822	C	*/+T	791	76	8.62%	2	2	42	49	0.98	1	1	468	323	25	51	+T
III	16273	C	*/-T	969	294	20.45%	2	2	42	44	0.98	1	1	694	275	138	156	-T
III	16273	C	*/-TT	969	93	6.47%	2	2	42	44	0.98	1	1	694	275	48	45	-T
III	20682	T	*/+A	384	23	5.64%	2	2	46	40	0.98	1	1	117	267	1	22	+A
III	23298	G	*/-A	131	15	8.67%	2	2	40	41	0.98	1	1	54	77	5	10	-A
III	23298	G	*/+A	131	12	6.94%	2	2	40	39	0.98	1	1	54	77	8	4	-A
III	29002	T	*/+GTACA	24	2	7.69%	2	1	52	49	0.98	1	1	10	14	2	0	+GTACA
III	69589	T	*/-A	17	2	10.53%	2	1	45	74	0.98	1	1	11	6	0	2	-A
III	113622	T	*/+A	32	2	5.88%	2	1	47	37	0.98	1	1	22	10	2	0	+A
III	123319	T	*/-A	11	3	16.67%	2	2	48	40	0.98	1	1	8	3	1	2	-A
III	123319	T	*/-AA	11	2	11.11%	2	1	48	55	0.98	1	1	8	3	2	0	-A
III	207168	T	*/-A	7	4	28.57%	2	2	31	46	0.98	1	1	4	3	3	1	-A
III	207168	T	*/-AA	7	2	14.29%	2	2	31	55	0.98	1	1	4	3	1	1	-A
III	208140	C	*/-A	9	8	36.36%	2	2	44	42	0.98	1	1	8	1	5	3	-A
III	208140	C	*/+A	9	3	13.64%	2	2	44	33	0.98	1	1	8	1	2	1	-A
III	231502	G	*/-A	28	2	6.45%	2	2	46	37	0.98	1	1	16	12	1	1	-A
III	232115	A	*/-T	17	2	10.53%	2	1	49	37	0.98	1	1	8	9	0	2	-T
III	234982	C	*/+A	44	4	8.33%	2	1	51	46	0.98	1	1	21	23	4	0	+A
III	251834	T	*/-A	16	2	11.11%	2	2	46	55	0.98	1	1	12	4	1	1	-A
III	253907	A	*/+T	3	3	37.5%	1	2	37	49	0.98	1	1	0	3	2	1	+T
III	286478	C	-TT/-TT	0	13	100%	0	2	0	36	0.98	0	1	0	0	9	4	-TT
III	286594	T	*/+A	10	11	44%	2	2	34	49	0.98	1	1	7	3	8	3	+A
III	286594	T	*/+AA	10	3	12%	2	2	34	61	0.98	1	1	7	3	1	2	+A
III	293096	G	*/-T	25	5	16.13%	2	2	44	61	0.98	1	1	20	5	3	2	-T
III	348685	G	*/-AT	42	3	6.67%	2	2	50	49	0.98	1	1	24	18	2	1	-AT
III	365747	C	-A/-A	0	19	95%	0	2	0	37	0.98	0	1	0	0	10	9	-A
III	431910	C	*/+T	31	2	6.06%	2	2	43	42	0.98	1	1	21	10	1	1	+T
III	467904	C	*/-A	27	2	6.25%	2	1	47	55	0.98	1	1	18	9	0	2	-A
III	467904	C	*/+A	27	2	6.25%	2	2	47	55	0.98	1	1	18	9	1	1	-A
III	527710	C	*/-T	34	2	5.56%	2	2	43	37	0.98	1	1	12	22	1	1	-T
III	558709	C	*/+T	36	2	5.26%	2	1	47	55	0.98	1	1	21	15	0	2	+T
III	568658	C	*/-T	21	3	9.68%	2	1	44	33	0.98	1	1	12	9	3	0	-T
III	568658	C	*/-TT	21	3	9.68%	2	2	44	45	0.98	1	1	12	9	1	2	-T
III	568658	C	*/+T	21	3	9.68%	2	2	44	37	0.98	1	1	12	9	1	2	-T
III	604307	A	*/-T	27	2	6.9%	2	1	50	55	0.98	1	1	16	11	0	2	-T
III	623537	C	*/+A	6	2	18.18%	1	1	34	37	0.98	1	1	6	0	2	0	+A
III	675253	C	*/-T	24	2	6.9%	2	1	44	37	0.98	1	1	10	14	2	0	-T
III	675253	C	*/+T	24	3	10.34%	2	2	44	37	0.98	1	1	10	14	1	2	+T
III	717677	A	*/-T	2	11	64.71%	2	2	42	55	0.98	1	1	1	1	6	5	-T
III	717677	A	*/-TT	2	4	23.53%	2	2	42	46	0.98	1	1	1	1	2	2	-T
III	719703	T	*/-A	12	5	27.78%	2	2	40	44	0.98	1	1	11	1	4	1	-A
III	719955	A	-C/-C	0	11	100%	0	2	0	42	0.98	0	1	0	0	4	7	-C
III	720559	C	*/-T	10	3	21.43%	2	1	36	36	0.98	1	1	7	3	3	0	-T
III	720683	A	+T/+T	0	13	100%	0	2	0	39	0.98	0	1	0	0	9	4	+T
III	762516	T	*/-A	20	3	13.04%	2	2	49	37	0.98	1	1	9	11	2	1	-A
III	792469	C	*/-A	24	2	7.41%	2	1	51	55	0.98	1	1	11	13	0	2	-A
III	822701	G	*/-T	27	3	9.38%	2	1	48	61	0.98	1	1	16	11	0	3	-T
III	822701	G	*/+T	27	2	6.25%	2	1	48	74	0.98	1	1	16	11	0	2	-T
III	827251	C	*/-T	5	3	37.5%	2	2	43	44	0.98	1	1	4	1	2	1	-T
III	867865	C	-T/-T	2	17	89.47%	2	2	55	48	0.98	1	1	1	1	10	7	-T
III	897527	T	*/+A	37	2	5.13%	2	1	46	31	0.98	1	1	24	13	0	2	+A
III	897531	C	*/+A	10	23	58.97%	2	2	51	45	0.98	1	1	7	3	14	9	+A
III	897531	C	*/+AA	10	4	10.26%	2	2	51	46	0.98	1	1	7	3	3	1	+A
III	936705	G	*/-TT	6	2	20%	1	2	43	49	0.98	1	1	6	0	1	1	-TT
III	947349	T	+G/+G	1	19	95%	1	2	37	48	0.98	1	1	1	0	8	11	+G
III	958241	C	*/-T	16	6	22.22%	2	2	40	39	0.98	1	1	12	4	2	4	-T
III	958241	C	*/+T	16	2	7.41%	2	1	40	68	0.98	1	1	12	4	0	2	-T
III	966124	G	*/-T	23	16	34.78%	2	2	37	39	0.98	1	1	21	2	15	1	-T
III	966124	G	*/-TT	23	3	6.52%	2	1	37	37	0.98	1	1	21	2	3	0	-T
III	966124	G	*/+T	23	4	8.7%	2	2	37	46	0.98	1	1	21	2	3	1	+T
III	968622	C	*/-T	27	2	6.9%	2	2	45	37	0.98	1	1	10	17	1	1	-T
III	970548	C	*/-T	10	3	20%	2	2	37	57	0.98	1	1	1	9	1	2	-T
III	970892	C	*/-T	15	3	13.04%	2	2	39	53	0.98	1	1	12	3	2	1	-T
III	985871	C	*/-T	14	2	11.11%	1	1	38	37	0.98	1	1	14	0	2	0	-T
III	1000572	G	*/+T	13	2	13.33%	2	2	48	37	0.98	1	1	7	6	1	1	+T
III	1016311	G	+C/+C	1	47	97.92%	1	2	37	51	0.98	1	1	1	0	27	20	+C
III	1073505	T	*/+ATATAGAG	176	23	11.5%	2	2	52	38	0.98	1	1	116	60	20	3	+ATATAGAG
III	1075530	A	*/+TGGAAGTGGTAAG	213	12	5.31%	2	2	45	41	0.98	1	1	83	130	6	6	+TGGAAGTGGTAAG
III	1079346	A	*/+G	176	13	6.88%	2	2	43	37	0.98	1	1	117	59	10	3	+G
III	1080146	T	*/+ATATAGAG	314	29	8.38%	2	2	46	42	0.98	1	1	128	186	23	6	+ATATAGAG
III	1082171	A	*/+TGGAAGTGGTAAG	202	11	5.12%	2	2	46	44	0.98	1	1	91	111	5	6	+TGGAAGTGGTAAG
III	1084026	A	*/+AGTGGTGATGGTT	93	9	8.82%	2	2	47	49	0.98	1	1	29	64	4	5	+AGTGGTGATGGTT
III	1084121	T	*/-A	35	2	5.41%	2	2	43	37	0.98	1	1	15	20	1	1	-A
III	1084160	T	*/-AAGTGGA	44	7	13.73%	2	2	49	47	0.98	1	1	20	24	3	4	-AAGTGGA
III	1087979	A	*/+G	114	8	6.56%	2	2	49	50	0.98	1	1	58	56	6	2	+G
III	1094042	C	*/-A	16	4	16%	2	2	40	52	0.98	1	1	6	10	3	1	-A
III	1094042	C	*/+A	16	5	20%	2	2	40	42	0.98	1	1	6	10	4	1	+A
III	1095550	G	*/-T	28	11	24.44%	2	2	39	38	0.98	1	1	22	6	5	6	-T
III	1103423	T	*/-A	20	15	34.09%	2	2	43	42	0.98	1	1	17	3	11	4	-A
III	1103423	T	*/-AA	20	3	6.82%	2	2	43	70	0.98	1	1	17	3	2	1	-A
III	1103423	T	*/+A	20	6	13.64%	2	2	43	42	0.98	1	1	17	3	4	2	+A
III	1110963	T	*/+C	90	7	7.22%	2	2	45	52	0.98	1	1	38	52	4	3	+C
III	1114761	T	*/+ACCACC	86	5	5.38%	2	2	51	42	0.98	1	1	46	40	3	2	+ACCACC
III	1114778	C	*/-TTCCACT	76	10	11.63%	2	2	50	59	0.98	1	1	37	39	7	3	-TTCCACT
III	1114914	T	*/+ACCACTAACCATC	81	12	12.63%	2	2	45	46	0.98	1	1	52	29	7	5	+ACCACTAACCATC
III	1117723	T	*/+C	98	10	9.26%	2	2	45	49	0.98	1	1	40	58	2	8	+C
III	1121538	C	*/-TTCCACT	55	9	14.06%	2	2	57	49	0.98	1	1	31	24	6	3	-TTCCACT
III	1121582	A	*/-C	38	3	7.32%	2	1	45	49	0.98	1	1	19	19	0	3	-C
III	1121674	T	*/+ACCACTAACCATC	66	7	9.59%	2	2	46	51	0.98	1	1	38	28	3	4	+ACCACTAACCATC
III	1124483	T	*/+C	106	8	7.02%	2	2	47	60	0.98	1	1	38	68	5	3	+C
III	1128298	C	*/-TTCCACT	52	9	14.75%	2	2	48	57	0.98	1	1	31	21	6	3	-TTCCACT
III	1128434	T	*/+ACCACTAACCATC	79	8	9.09%	2	2	45	55	0.98	1	1	47	32	5	3	+ACCACTAACCATC
III	1135058	C	*/-TTCCACT	52	10	16.13%	2	2	51	62	0.98	1	1	28	24	5	5	-TTCCACT
III	1135194	T	*/+ACCACTAACCATC	78	5	5.95%	2	2	48	42	0.98	1	1	56	22	4	1	+ACCACTAACCATC
III	1168362	G	*/+A	7	2	15.38%	1	1	37	37	0.98	1	1	7	0	2	0	+A
III	1193734	G	*/-T	38	2	5%	2	1	46	37	0.98	1	1	26	12	2	0	-T
III	1239214	T	*/+A	20	2	9.09%	2	2	45	55	0.98	1	1	15	5	1	1	+A
III	1244495	G	*/-T	25	4	13.33%	2	2	41	37	0.98	1	1	17	8	3	1	-T
III	1252502	A	*/+TTT	28	2	6.67%	2	1	37	42	0.98	1	1	18	10	0	2	+TTT
III	1252505	G	*/-T	17	3	10%	1	2	35	41	0.98	1	1	17	0	1	2	-T
III	1252505	G	*/+T	17	3	10%	1	2	35	33	0.98	1	1	17	0	2	1	-T
III	1395392	T	*/-TG	13	2	13.33%	2	1	38	55	0.98	1	1	5	8	0	2	-TG
III	1421567	T	*/-G	7	10	58.82%	2	2	37	35	0.98	1	1	5	2	7	3	-G
III	1510629	T	*/-A	14	4	19.05%	2	2	43	36	0.98	1	1	9	5	3	1	-A
III	1510629	T	*/+A	14	2	9.52%	2	2	43	55	0.98	1	1	9	5	1	1	-A
III	1547169	C	*/-A	15	4	21.05%	2	2	43	37	0.98	1	1	12	3	3	1	-A
III	1556350	G	*/+T	16	2	11.11%	2	1	37	37	0.98	1	1	6	10	2	0	+T
III	1575951	G	*/-T	6	2	14.29%	2	2	55	37	0.98	1	1	4	2	1	1	-T
III	1575951	G	*/+T	6	4	28.57%	2	2	55	52	0.98	1	1	4	2	2	2	+T
III	1594933	T	*/-A	22	8	25.81%	2	2	49	49	0.98	1	1	12	10	6	2	-A
III	1660168	T	+A/+A	3	25	89.29%	2	2	49	48	0.98	1	1	1	2	15	10	+A
III	1674618	C	*/-TT	7	2	16.67%	2	2	50	31	0.98	1	1	4	3	1	1	-TT
III	1685487	G	+A/+A	2	26	92.86%	1	2	37	44	0.98	1	1	0	2	14	12	+A
III	1691065	C	-T/-T	2	39	95.12%	2	2	55	46	0.98	1	1	1	1	26	13	-T
III	1691558	G	*/-T	21	2	8.33%	2	2	52	49	0.98	1	1	11	10	1	1	-T
III	1702276	A	*/-T	48	8	14.29%	2	2	50	55	0.98	1	1	19	29	6	2	-T
III	1707997	T	*/+A	53	3	5.17%	2	2	41	61	0.98	1	1	17	36	1	2	+A
III	1712983	G	*/-A	14	8	33.33%	2	1	37	41	0.98	1	1	12	2	8	0	-A
III	1756400	T	-A/-A	2	63	96.92%	1	2	37	47	0.98	1	1	2	0	25	38	-A
III	1758846	C	*/-A	22	6	21.43%	2	2	46	59	0.98	1	1	15	7	4	2	-A
III	1774235	T	+GATC/+GATC	1	19	79.17%	1	2	37	40	0.98	1	1	1	0	11	8	+GATC
III	1790165	C	*/-T	19	3	13.64%	2	2	43	29	0.98	1	1	11	8	1	2	-T
III	1821911	C	*/-A	5	2	28.57%	2	1	34	37	0.98	1	1	3	2	2	0	-A
III	1840034	C	*/+A	35	2	5.41%	2	2	46	49	0.98	1	1	14	21	1	1	+A
III	1858771	T	*/-A	17	2	10.53%	2	2	47	37	0.98	1	1	11	6	1	1	-A
III	1925626	C	*/-A	7	3	25%	2	2	54	40	0.98	1	1	3	4	2	1	-A
III	1925626	C	*/-AA	7	2	16.67%	2	2	54	37	0.98	1	1	3	4	1	1	-A
III	1928744	G	*/+T	25	2	7.41%	2	1	54	55	0.98	1	1	13	12	0	2	+T
III	1929127	A	-G/-G	0	4	100%	0	1	0	34	0.98	0	1	0	0	4	0	-G
III	1947823	A	*/-T	26	2	6.9%	2	2	53	37	0.98	1	1	14	12	1	1	-T
III	1979604	A	*/-T	15	5	23.81%	2	2	46	39	0.98	1	1	6	9	4	1	-T
III	1985119	G	*/+T	9	3	23.08%	2	1	49	41	0.98	1	1	6	3	0	3	+T
III	2010864	G	*/-TA	38	3	7.32%	2	2	45	49	0.98	1	1	14	24	2	1	-TA
III	2076412	G	*/-T	13	6	30%	2	2	43	43	0.98	1	1	6	7	5	1	-T
III	2076980	A	*/-T	8	2	16.67%	2	1	47	31	0.98	1	1	4	4	0	2	-T
III	2113205	C	*/-T	17	6	21.43%	2	2	47	38	0.98	1	1	13	4	5	1	-T
III	2113205	C	*/+T	17	2	7.14%	2	2	47	55	0.98	1	1	13	4	1	1	-T
III	2157938	C	*/-T	25	2	6.67%	2	2	45	37	0.98	1	1	15	10	1	1	-T
III	2157938	C	*/+T	25	3	10%	2	2	45	33	0.98	1	1	15	10	2	1	+T
III	2178240	T	*/-A	25	2	7.14%	2	2	48	61	0.98	1	1	13	12	1	1	-A
III	2221410	T	*/-A	14	2	11.76%	2	1	46	42	0.98	1	1	8	6	2	0	-A
III	2270459	C	*/-A	27	3	9.38%	2	2	40	40	0.98	1	1	22	5	2	1	-A
III	2281940	C	*/-T	31	4	11.43%	2	2	42	46	0.98	1	1	27	4	3	1	-T
III	2300104	A	*/-T	11	2	15.38%	2	1	46	55	0.98	1	1	5	6	0	2	-T
III	2309611	T	*/-A	3	4	57.14%	2	2	49	64	0.98	1	1	1	2	1	3	-A
III	2318178	A	*/-T	23	2	8%	2	2	53	55	0.98	1	1	8	15	1	1	-T
III	2352293	A	*/+G	3	3	25%	2	1	37	33	0.98	1	1	1	2	3	0	+G
III	2352293	A	*/+GG	3	5	41.67%	2	1	37	37	0.98	1	1	1	2	5	0	+GG
III	2362468	C	*/-T	13	2	13.33%	2	1	40	31	0.98	1	1	6	7	2	0	-T
III	2382018	A	*/-T	4	2	25%	2	1	46	31	0.98	1	1	3	1	2	0	-T
III	2382018	A	*/-TT	4	2	25%	2	1	46	74	0.98	1	1	3	1	0	2	-T
III	2420237	T	*/-A	25	2	7.41%	2	1	42	37	0.98	1	1	18	7	0	2	-A
III	2420241	T	*/-A	13	7	29.17%	2	1	44	42	0.98	1	1	8	5	7	0	-A
III	2420241	T	*/-AA	13	3	12.5%	2	2	44	45	0.98	1	1	8	5	1	2	-A
III	2443562	A	*/+T	17	31	64.58%	2	2	42	37	0.98	1	1	7	10	1	30	+T
III	2447848	T	*/-A	992	328	20.14%	2	2	45	41	0.98	1	1	704	288	240	88	-A
III	2447848	T	*/-AA	992	135	8.29%	2	2	45	45	0.98	1	1	704	288	105	30	-A
III	2447848	T	*/+A	992	124	7.61%	2	2	45	46	0.98	1	1	704	288	88	36	-A
III	2448309	T	-AA/-AA	51	591	90.37%	2	2	46	42	0.98	1	1	31	20	243	348	-AA
III	2448518	T	*/-A	995	267	18.63%	2	2	47	46	0.98	1	1	667	328	176	91	-A
III	2448518	T	*/-AA	995	82	5.72%	2	2	47	46	0.98	1	1	667	328	58	24	-A
III	2448518	T	*/+A	995	73	5.09%	2	2	47	42	0.98	1	1	667	328	46	27	-A
