Chrom	Position	Ref	Cons	Reads1	Reads2	VarFreq	Strands1	Strands2	Qual1	Qual2	Pvalue	MapQual1	MapQual2	Reads1Plus	Reads1Minus	Reads2Plus	Reads2Minus	VarAllele
chr_II_telomeric_gap	6088	A	*/-T	9	2	16.67%	2	1	49	37	0.98	1	1	3	6	0	2	-T
I	2623	T	*/+C	62	7	10.14%	2	2	42	37	0.98	1	1	27	35	1	6	+C
I	3160	A	*/+GTTGTCGTTGTCGTTGTC	58	16	18.39%	2	2	47	39	0.98	1	1	32	26	11	5	+GTTGTCGTTGTCGTTGTC
I	3160	A	*/+GTTGTCGTTGTCGTTGTCGTTGTC	58	13	14.94%	2	2	47	47	0.98	1	1	32	26	7	6	+GTTGTCGTTGTCGTTGTC
I	4047	C	*/-TGTCTCTGTCAT	46	12	20.69%	2	2	40	50	0.98	1	1	22	24	6	6	-TGTCTCTGTCAT
I	4053	C	*/+TGTCAT	40	7	14.89%	2	2	41	37	0.98	1	1	20	20	5	2	+TGTCAT
I	5677	G	*/-A	22	12	25.53%	2	2	37	39	0.98	1	1	17	5	8	4	-A
I	5677	G	*/-AA	22	8	17.02%	2	2	37	42	0.98	1	1	17	5	7	1	-A
I	5677	G	*/-AAA	22	3	6.38%	2	1	37	37	0.98	1	1	17	5	3	0	-A
I	6357	T	*/-AA	40	12	21.43%	2	2	46	41	0.98	1	1	16	24	7	5	-AA
I	7192	C	*/-A	24	7	16.67%	2	2	40	50	0.98	1	1	20	4	4	3	-A
I	7192	C	*/+A	24	5	11.9%	2	1	40	44	0.98	1	1	20	4	5	0	-A
I	10859	G	*/-TT	10	4	28.57%	2	2	44	43	0.98	1	1	6	4	3	1	-TT
I	15734	C	*/-A	19	4	15.38%	2	2	38	49	0.98	1	1	15	4	3	1	-A
I	17331	C	*/-AT	45	5	10%	2	2	51	37	0.98	1	1	27	18	3	2	-AT
I	19694	T	*/+A	32	4	11.11%	2	1	55	34	0.98	1	1	14	18	4	0	+A
I	20545	C	*/+TTTTTTT	2	2	33.33%	2	1	37	55	0.98	1	1	1	1	0	2	+TTTTTTT
I	27402	A	*/-C	8	2	15.38%	2	2	38	25	0.98	1	1	1	7	1	1	-C
I	27402	A	*/+C	8	3	23.08%	2	2	38	29	0.98	1	1	1	7	1	2	+C
I	28398	A	*/+C	65	6	8.33%	2	2	48	55	0.98	1	1	9	56	4	2	+C
I	55244	T	*/-A	3	3	50%	2	1	36	49	0.98	1	1	2	1	3	0	-A
I	98884	C	*/+A	164	11	6.29%	2	2	46	70	0.98	1	1	80	84	5	6	+A
I	101871	A	+G/+G	1	24	88.89%	1	2	37	50	0.98	1	1	0	1	12	12	+G
I	110482	T	*/+A	9	2	15.38%	2	1	49	36	0.98	1	1	8	1	2	0	+A
I	137556	A	*/+CG	38	2	5%	2	1	43	37	0.98	1	1	19	19	2	0	+CG
I	137559	T	*/-AC	32	2	5.88%	2	1	44	37	0.98	1	1	19	13	2	0	-AC
I	206448	C	*/+T	5	2	25%	1	2	37	30	0.98	1	1	5	0	1	1	+T
I	216147	C	*/-T	15	3	16.67%	2	2	43	61	0.98	1	1	5	10	1	2	-T
I	232688	T	*/-A	6	2	25%	2	2	41	31	0.98	1	1	3	3	1	1	-A
I	303068	C	*/-AT	29	2	6.45%	2	1	46	37	0.98	1	1	11	18	2	0	-AT
I	315375	G	*/-T	11	2	15.38%	2	1	48	37	0.98	1	1	7	4	2	0	-T
I	414079	C	*/+T	8	2	16.67%	2	2	41	43	0.98	1	1	5	3	1	1	+T
I	440084	T	*/+A	2	10	71.43%	1	1	55	37	0.98	1	1	2	0	10	0	+A
I	441614	C	*/-T	1	3	37.5%	1	1	37	37	0.98	1	1	1	0	3	0	-T
I	441614	C	*/-TT	1	2	25%	1	1	37	49	0.98	1	1	1	0	2	0	-T
I	453369	G	*/-A	4	3	25%	1	1	46	49	0.98	1	1	4	0	3	0	-A
I	453369	G	*/+A	4	2	16.67%	1	1	46	37	0.98	1	1	4	0	2	0	-A
I	453369	G	*/+AA	4	3	25%	1	1	46	37	0.98	1	1	4	0	3	0	+AA
I	456726	G	*/-T	12	2	14.29%	2	2	49	37	0.98	1	1	9	3	1	1	-T
I	470378	A	-C/-C	1	14	93.33%	1	2	74	37	0.98	1	1	1	0	10	4	-C
I	470390	A	-C/-C	0	14	100%	0	2	0	44	0.98	0	1	0	0	9	5	-C
I	482737	A	+G/+G	0	22	100%	0	2	0	47	0.98	0	1	0	0	11	11	+G
I	528541	C	*/+A	11	3	20%	2	2	41	41	0.98	1	1	6	5	2	1	+A
I	554527	A	+T/+T	1	7	87.5%	1	2	37	36	0.98	1	1	1	0	5	2	+T
I	562745	A	*/+T	8	3	21.43%	2	1	40	57	0.98	1	1	7	1	0	3	+T
I	562745	A	*/+TTT	8	2	14.29%	2	2	40	37	0.98	1	1	7	1	1	1	+T
I	650099	C	*/+AA	8	4	30.77%	2	2	40	55	0.98	1	1	4	4	3	1	+AA
I	660056	T	*/+G	4	6	60%	2	1	32	29	0.98	1	1	3	1	6	0	+G
I	670032	C	+A/+A	1	34	94.44%	1	2	62	52	0.98	1	1	0	1	9	25	+A
I	682993	T	-C/-C	0	25	100%	0	2	0	44	0.98	0	1	0	0	8	17	-C
I	699433	G	*/-T	18	2	10%	2	2	44	37	0.98	1	1	11	7	1	1	-T
I	862962	C	+T/+T	0	8	100%	0	2	0	34	0.98	0	1	0	0	2	6	+T
I	926355	T	*/-A	10	2	16.67%	2	1	55	42	0.98	1	1	6	4	0	2	-A
I	932995	G	*/-A	20	2	9.09%	2	2	51	68	0.98	1	1	8	12	1	1	-A
I	934908	T	*/+A	6	2	14.29%	1	2	43	31	0.98	1	1	6	0	1	1	+A
I	934908	T	*/+AA	6	5	35.71%	1	2	43	53	0.98	1	1	6	0	2	3	+AA
I	995070	G	*/-T	5	4	44.44%	2	2	36	42	0.98	1	1	3	2	2	2	-T
I	997233	G	*/+T	11	2	15.38%	2	1	37	37	0.98	1	1	6	5	2	0	+T
I	1048635	G	*/+A	2	8	72.73%	1	2	37	44	0.98	1	1	2	0	5	3	+A
I	1058441	C	*/+T	11	6	35.29%	2	2	36	35	0.98	1	1	7	4	3	3	+T
I	1148104	A	*/+T	1	2	50%	1	1	37	74	0.98	1	1	1	0	0	2	+T
I	1150640	T	*/+A	11	3	21.43%	2	2	49	37	0.98	1	1	8	3	2	1	+A
I	1185797	G	*/+A	3	2	28.57%	2	1	53	55	0.98	1	1	2	1	2	0	+A
I	1200526	C	*/-T	16	2	10.53%	2	1	52	49	0.98	1	1	9	7	2	0	-T
I	1206603	G	*/-T	35	4	10%	2	2	50	49	0.98	1	1	17	18	1	3	-T
I	1274803	T	+A/+A	0	13	100%	0	2	0	45	0.98	0	1	0	0	7	6	+A
I	1285384	C	*/+GA	16	2	11.11%	2	2	48	37	0.98	1	1	11	5	1	1	+GA
I	1358794	C	*/+A	4	2	25%	2	1	43	37	0.98	1	1	3	1	2	0	+A
I	1424708	C	-A/-A	1	16	94.12%	1	2	37	51	0.98	1	1	0	1	9	7	-A
I	1496317	C	*/-A	2	4	44.44%	1	2	68	39	0.98	1	1	2	0	1	3	-A
I	1496317	C	*/-AA	2	2	22.22%	1	2	68	68	0.98	1	1	2	0	1	1	-A
I	1509277	C	*/+T	2	4	66.67%	2	2	49	40	0.98	1	1	1	1	2	2	+T
I	1541472	G	*/-T	8	3	25%	2	2	46	40	0.98	1	1	7	1	2	1	-T
I	1545438	T	*/-AGA	33	2	5.71%	2	1	41	55	0.98	1	1	8	25	2	0	-AGA
I	1545447	T	*/-A	33	2	5.71%	2	1	42	55	0.98	1	1	8	25	2	0	-A
I	1625092	T	+C/+C	0	12	100%	0	2	0	42	0.98	0	1	0	0	7	5	+C
I	1667828	C	*/-CT	18	3	14.29%	2	2	52	45	0.98	1	1	6	12	1	2	-CT
I	1737482	A	*/+T	21	2	8.7%	2	2	42	37	0.98	1	1	10	11	1	1	+T
I	1771585	C	*/-A	16	4	20%	2	2	46	52	0.98	1	1	10	6	3	1	-A
I	1777634	A	*/-T	6	2	20%	2	2	41	55	0.98	1	1	4	2	1	1	-T
I	1830464	C	*/+T	19	3	13.04%	2	2	49	41	0.98	1	1	9	10	1	2	+T
I	1849285	C	*/-T	23	5	16.67%	2	2	47	32	0.98	1	1	10	13	3	2	-T
I	1890184	C	*/-A	3	3	50%	1	2	49	40	0.98	1	1	3	0	2	1	-A
I	1936294	G	+A/+A	0	10	90.91%	0	2	0	51	0.98	0	1	0	0	3	7	+A
I	1952313	A	+T/+T	0	21	100%	0	2	0	51	0.98	0	1	0	0	12	9	+T
I	1954162	C	*/-A	13	4	17.39%	2	1	40	43	0.98	1	1	11	2	4	0	-A
I	1954162	C	*/-AA	13	2	8.7%	2	2	40	74	0.98	1	1	11	2	1	1	-A
I	1954162	C	*/-AAA	13	2	8.7%	2	2	40	42	0.98	1	1	11	2	1	1	-A
I	1955853	T	*/+A	1	3	60%	1	1	37	40	0.98	1	1	0	1	3	0	+A
I	2024999	T	*/+A	11	2	15.38%	2	1	42	31	0.98	1	1	8	3	0	2	+A
I	2041948	T	*/-A	10	2	15.38%	1	1	36	37	0.98	1	1	10	0	2	0	-A
I	2052488	A	*/-T	14	7	30.43%	2	2	45	35	0.98	1	1	12	2	2	5	-T
I	2136675	A	*/+GAAGAGGAAGCAGTC	4	4	50%	2	1	37	46	0.98	1	1	3	1	0	4	+GAAGAGGAAGCAGTC
I	2139856	G	+T/+T	0	6	100%	0	2	0	43	0.98	0	1	0	0	2	4	+T
I	2154491	T	+A/+A	0	16	100%	0	2	0	47	0.98	0	1	0	0	8	8	+A
I	2170510	A	*/-C	7	2	22.22%	2	2	42	37	0.98	1	1	3	4	1	1	-C
I	2174555	C	*/-A	9	5	35.71%	2	2	41	37	0.98	1	1	4	5	4	1	-A
I	2187089	T	*/+C	36	2	5.26%	2	1	49	37	0.98	1	1	18	18	0	2	+C
I	2227870	C	*/-T	2	3	60%	2	1	55	37	0.98	1	1	1	1	3	0	-T
I	2231735	C	*/-A	7	2	16.67%	2	2	52	48	0.98	1	1	5	2	1	1	-A
I	2231735	C	*/+A	7	2	16.67%	2	1	52	37	0.98	1	1	5	2	0	2	-A
I	2273201	T	*/-A	2	4	44.44%	1	2	37	36	0.98	1	1	2	0	2	2	-A
I	2273201	T	*/+A	2	2	22.22%	1	1	37	37	0.98	1	1	2	0	0	2	-A
I	2288240	C	-G/-G	0	24	100%	0	2	0	47	0.98	0	1	0	0	14	10	-G
I	2322636	C	*/-A	8	10	45.45%	1	2	40	44	0.98	1	1	8	0	7	3	-A
I	2322636	C	*/-AA	8	3	13.64%	1	1	40	37	0.98	1	1	8	0	3	0	-A
I	2343703	G	+A/+A	0	8	100%	0	2	0	44	0.98	0	1	0	0	3	5	+A
I	2401096	C	*/-A	11	2	14.29%	2	2	41	37	0.98	1	1	6	5	1	1	-A
I	2421576	A	-C/-C	1	11	91.67%	1	2	37	42	0.98	1	1	0	1	8	3	-C
I	2424539	G	*/+A	4	3	37.5%	2	1	32	55	0.98	1	1	3	1	3	0	+A
I	2499149	A	-T/-T	2	19	90.48%	2	2	37	46	0.98	1	1	1	1	4	15	-T
I	2507462	T	+A/+A	0	17	100%	0	2	0	47	0.98	0	1	0	0	10	7	+A
I	2510060	T	+A/+A	1	9	90%	1	2	37	41	0.98	1	1	0	1	3	6	+A
I	2525300	T	*/-A	7	3	25%	2	1	54	53	0.98	1	1	4	3	3	0	-A
I	2525713	C	*/-T	14	2	11.76%	2	1	42	37	0.98	1	1	12	2	2	0	-T
I	2578262	T	*/-A	6	3	33.33%	2	2	53	40	0.98	1	1	4	2	1	2	-A
I	2588021	C	+A/+A	0	6	100%	0	2	0	43	0.98	0	1	0	0	3	3	+A
I	2588066	C	+A/+A	1	8	88.89%	1	2	74	34	0.98	1	1	1	0	3	5	+A
I	2591136	C	*/+A	18	2	10%	2	1	44	37	0.98	1	1	9	9	2	0	+A
I	2591880	T	*/-G	20	2	9.09%	2	1	58	31	0.98	1	1	10	10	2	0	-G
I	2594263	C	+T/+T	0	9	90%	0	2	0	45	0.98	0	1	0	0	6	3	+T
I	2594324	T	+A/+A	2	9	81.82%	1	2	55	52	0.98	1	1	0	2	6	3	+A
I	2594351	T	+A/+A	0	9	90%	0	2	0	57	0.98	0	1	0	0	6	3	+A
I	2594391	A	+T/+T	0	9	100%	0	2	0	53	0.98	0	1	0	0	6	3	+T
I	2605777	C	*/-A	20	2	9.09%	2	1	48	49	0.98	1	1	11	9	0	2	-A
I	2605860	G	-T/-T	1	22	95.65%	1	2	37	43	0.98	1	1	0	1	6	16	-T
I	2607669	A	+T/+T	0	21	100%	0	2	0	47	0.98	0	1	0	0	11	10	+T
I	2641994	T	*/+A	6	2	25%	2	1	55	55	0.98	1	1	3	3	0	2	+A
I	2641998	C	*/+T	2	3	42.86%	2	2	55	46	0.98	1	1	1	1	2	1	+T
I	2683902	T	-C/-C	1	15	93.75%	1	2	37	42	0.98	1	1	0	1	8	7	-C
I	2751236	T	-A/-A	2	9	81.82%	1	2	49	49	0.98	1	1	2	0	2	7	-A
I	2759871	T	+C/+C	0	9	90%	0	2	0	41	0.98	0	1	0	0	2	7	+C
I	2871502	G	*/+A	15	2	11.76%	2	1	46	31	0.98	1	1	6	9	0	2	+A
I	2897634	G	*/-TA	21	3	12.5%	2	1	49	37	0.98	1	1	8	13	3	0	-TA
I	2914532	A	*/+T	31	2	6.06%	2	2	45	37	0.98	1	1	15	16	1	1	+T
I	2924800	T	*/+A	13	2	13.33%	2	2	48	37	0.98	1	1	6	7	1	1	+A
I	2969806	T	*/-G	20	2	9.09%	2	1	53	55	0.98	1	1	12	8	2	0	-G
I	2974682	T	*/-A	15	2	10.53%	2	2	39	37	0.98	1	1	10	5	1	1	-A
I	2974682	T	*/+A	15	2	10.53%	2	2	39	36	0.98	1	1	10	5	1	1	-A
I	3023963	C	*/-T	16	2	10.53%	2	2	44	56	0.98	1	1	7	9	1	1	-T
I	3033347	C	*/-T	8	4	28.57%	2	2	38	58	0.98	1	1	5	3	3	1	-T
I	3084527	A	*/+AGT	28	3	9.68%	2	2	58	74	0.98	1	1	15	13	1	2	+AGT
I	3125118	A	+T/+T	0	7	100%	0	2	0	42	0.98	0	1	0	0	4	3	+T
I	3159187	C	*/-CA	47	5	9.26%	2	2	49	64	0.98	1	1	22	25	1	4	-CA
I	3159994	C	*/-T	26	4	12.12%	2	1	39	37	0.98	1	1	23	3	4	0	-T
I	3159994	C	*/+T	26	2	6.06%	2	2	39	42	0.98	1	1	23	3	1	1	-T
I	3166776	G	*/+TTT	2	2	28.57%	2	2	49	55	0.98	1	1	1	1	1	1	+TTT
I	3178494	C	+T/+T	1	14	93.33%	1	2	37	52	0.98	1	1	1	0	5	9	+T
I	3184255	T	*/-A	4	3	42.86%	2	2	43	29	0.98	1	1	2	2	1	2	-A
I	3197528	A	+G/+G	3	30	90.91%	2	2	49	44	0.98	1	1	1	2	18	12	+G
I	3301538	C	*/+T	4	3	33.33%	2	1	33	36	0.98	1	1	3	1	3	0	+T
I	3303394	C	*/-ATAT	12	2	13.33%	2	2	51	37	0.98	1	1	4	8	1	1	-ATAT
I	3404991	C	*/+T	3	4	57.14%	1	1	34	36	0.98	1	1	3	0	4	0	+T
I	3450130	G	-T/-T	0	19	100%	0	2	0	40	0.98	0	1	0	0	12	7	-T
I	3460318	T	+C/+C	0	15	100%	0	2	0	47	0.98	0	1	0	0	9	6	+C
I	3460476	G	*/+A	11	2	15.38%	2	1	43	31	0.98	1	1	8	3	0	2	+A
I	3477396	C	*/+A	11	2	15.38%	2	1	48	37	0.98	1	1	7	4	2	0	+A
I	3538413	A	+T/+T	0	13	100%	0	2	0	42	0.98	0	1	0	0	5	8	+T
I	3538428	G	+T/+T	0	13	100%	0	2	0	45	0.98	0	1	0	0	5	8	+T
I	3538436	T	+A/+A	0	13	100%	0	2	0	45	0.98	0	1	0	0	5	8	+A
I	3538449	T	+TA/+TA	0	12	100%	0	2	0	42	0.98	0	1	0	0	4	8	+TA
I	3538456	A	+AT/+AT	0	12	100%	0	2	0	43	0.98	0	1	0	0	4	8	+AT
I	3548532	G	*/+T	3	2	40%	1	2	33	31	0.98	1	1	3	0	1	1	+T
I	3576929	C	+T/+T	1	7	87.5%	1	2	37	35	0.98	1	1	0	1	3	4	+T
I	3578638	A	-T/-T	0	5	100%	0	2	0	42	0.98	0	1	0	0	1	4	-T
I	3580034	C	*/+T	3	3	50%	2	1	36	37	0.98	1	1	2	1	3	0	+T
I	3595305	G	*/+T	34	2	5.56%	2	1	43	55	0.98	1	1	17	17	0	2	+T
I	3610396	C	*/-T	2	3	50%	2	1	55	36	0.98	1	1	1	1	0	3	-T
I	3659724	C	*/-T	14	3	15%	2	2	39	57	0.98	1	1	12	2	2	1	-T
I	3659724	C	*/+T	14	2	10%	2	2	39	55	0.98	1	1	12	2	1	1	-T
I	3665610	G	+C/+C	1	23	95.83%	1	2	37	50	0.98	1	1	0	1	17	6	+C
I	3700385	T	*/+AA	4	4	40%	1	2	64	55	0.98	1	1	4	0	3	1	+AA
I	3730369	A	+T/+T	1	16	94.12%	1	2	37	43	0.98	1	1	1	0	9	7	+T
I	3765328	C	+T/+T	1	8	88.89%	1	2	37	40	0.98	1	1	1	0	7	1	+T
I	3765366	T	*/-A	8	2	18.18%	2	1	42	49	0.98	1	1	5	3	0	2	-A
I	3776933	G	+A/+A	1	6	85.71%	1	1	48	33	0.98	1	1	0	1	0	6	+A
I	3855790	G	-T/-T	0	12	100%	0	2	0	40	0.98	0	1	0	0	10	2	-T
I	3866132	G	*/-TA	7	2	22.22%	2	1	41	37	0.98	1	1	5	2	2	0	-TA
I	3876451	A	*/+G	42	5	10.64%	2	2	45	51	0.98	1	1	26	16	4	1	+G
I	3898271	C	*/+A	10	2	16.67%	2	2	45	68	0.98	1	1	4	6	1	1	+A
I	3940025	G	+T/+T	1	20	95.24%	1	2	25	43	0.98	1	1	1	0	16	4	+T
I	3992212	A	*/-AC	7	3	30%	2	2	44	37	0.98	1	1	1	6	1	2	-AC
I	3995862	A	*/+T	69	9	11.39%	2	2	50	37	0.98	1	1	38	31	6	3	+T
I	3996048	G	*/-A	66	7	9.59%	2	2	48	58	0.98	1	1	34	32	3	4	-A
I	4004016	G	*/-TT	15	2	11.11%	2	1	46	43	0.98	1	1	10	5	2	0	-TT
I	4010237	A	*/-G	11	2	13.33%	2	1	43	31	0.98	1	1	7	4	2	0	-G
I	4010237	A	*/-GG	11	2	13.33%	2	1	43	37	0.98	1	1	7	4	2	0	-G
I	4048091	C	*/-T	15	2	11.76%	2	1	41	37	0.98	1	1	5	10	2	0	-T
I	4055052	T	*/+A	5	14	73.68%	1	2	34	39	0.98	1	1	5	0	10	4	+A
I	4098272	C	*/-T	10	5	31.25%	2	2	47	51	0.98	1	1	6	4	4	1	-T
I	4140090	A	*/-T	15	2	11.11%	2	2	51	49	0.98	1	1	9	6	1	1	-T
I	4153651	C	*/-T	9	2	16.67%	2	1	36	49	0.98	1	1	5	4	2	0	-T
I	4179641	C	*/-A	13	3	17.65%	2	2	44	37	0.98	1	1	11	2	2	1	-A
I	4179701	C	*/+T	5	2	28.57%	2	1	39	36	0.98	1	1	4	1	2	0	+T
I	4241118	G	*/-A	6	6	42.86%	2	2	36	44	0.98	1	1	3	3	4	2	-A
I	4241118	G	*/+A	6	2	14.29%	2	1	36	37	0.98	1	1	3	3	2	0	-A
I	4276890	G	+T/+T	1	11	91.67%	1	2	37	42	0.98	1	1	1	0	6	5	+T
I	4304169	G	+A/+A	0	12	100%	0	2	0	48	0.98	0	1	0	0	4	8	+A
I	4374342	A	-G/-G	1	22	95.65%	1	2	74	51	0.98	1	1	1	0	13	9	-G
I	4393466	T	*/+G	12	2	14.29%	2	2	43	37	0.98	1	1	4	8	1	1	+G
I	4407494	T	+G/+G	0	24	100%	0	2	0	45	0.98	0	1	0	0	11	13	+G
I	4410191	C	-G/-G	0	13	100%	0	2	0	48	0.98	0	1	0	0	7	6	-G
I	4414201	C	-T/-T	1	3	75%	1	1	37	40	0.98	1	1	1	0	3	0	-T
I	4431856	G	+A/+A	1	29	96.67%	1	2	74	53	0.98	1	1	1	0	11	18	+A
I	4431868	C	+A/+A	2	28	93.33%	2	2	31	51	0.98	1	1	1	1	10	18	+A
I	4442621	A	*/-AT	24	4	13.33%	2	2	52	58	0.98	1	1	13	11	2	2	-AT
I	4514057	A	*/+TT	14	2	12.5%	2	2	42	37	0.98	1	1	6	8	1	1	+TT
I	4514478	T	*/-A	8	6	28.57%	2	2	40	43	0.98	1	1	4	4	2	4	-A
I	4514478	T	*/-AA	8	3	14.29%	2	1	40	33	0.98	1	1	4	4	0	3	-A
I	4514478	T	*/-AAA	8	3	14.29%	2	2	40	37	0.98	1	1	4	4	2	1	-A
I	4533252	C	*/+T	5	3	33.33%	2	2	44	28	0.98	1	1	2	3	1	2	+T
I	4648159	T	*/-G	4	7	43.75%	2	2	37	33	0.98	1	1	1	3	5	2	-G
I	4648159	T	*/-GG	4	5	31.25%	2	2	37	36	0.98	1	1	1	3	4	1	-G
I	4721875	G	+A/+A	1	7	87.5%	1	2	37	38	0.98	1	1	1	0	1	6	+A
I	4764253	G	*/+A	5	8	53.33%	2	2	44	50	0.98	1	1	4	1	4	4	+A
I	4916623	C	*/-AA	7	2	16.67%	2	1	46	68	0.98	1	1	4	3	0	2	-AA
I	4926046	C	*/+T	2	3	42.86%	1	1	37	40	0.98	1	1	0	2	3	0	+T
I	4963870	G	*/-AT	11	2	15.38%	2	2	47	37	0.98	1	1	7	4	1	1	-AT
I	5060109	A	*/-T	11	3	21.43%	2	2	37	37	0.98	1	1	4	7	1	2	-T
I	5142627	A	+G/+G	1	11	91.67%	1	2	74	40	0.98	1	1	1	0	7	4	+G
I	5148414	T	-A/-A	0	18	100%	0	2	0	46	0.98	0	1	0	0	8	10	-A
I	5173087	C	+T/+T	2	10	83.33%	1	2	37	48	0.98	1	1	2	0	5	5	+T
I	5173430	G	+T/+T	3	12	75%	1	2	34	42	0.98	1	1	3	0	7	5	+T
I	5181832	G	*/-T	9	2	15.38%	2	2	41	55	0.98	1	1	7	2	1	1	-T
I	5181832	G	*/+T	9	2	15.38%	2	2	41	36	0.98	1	1	7	2	1	1	-T
I	5266596	A	*/-T	19	5	20.83%	2	2	40	44	0.98	1	1	15	4	4	1	-T
I	5363995	C	*/-A	22	2	8.33%	2	1	50	74	0.98	1	1	11	11	0	2	-A
I	5366360	C	*/-A	14	2	12.5%	2	1	53	37	0.98	1	1	6	8	2	0	-A
I	5368262	T	-C/-C	3	38	92.68%	2	2	37	49	0.98	1	1	2	1	19	19	-C
I	5368273	G	+T/+T	2	38	92.68%	2	2	55	50	0.98	1	1	1	1	15	23	+T
I	5426622	C	+T/+T	2	11	78.57%	2	2	55	47	0.98	1	1	1	1	7	4	+T
I	5446583	A	*/+G	36	2	5.26%	2	1	47	55	0.98	1	1	20	16	2	0	+G
I	5547223	T	*/-A	6	2	22.22%	2	1	45	37	0.98	1	1	5	1	0	2	-A
I	5555289	T	*/-A	7	2	22.22%	2	2	47	37	0.98	1	1	2	5	1	1	-A
I	5557287	A	*/-T	5	3	37.5%	1	2	37	33	0.98	1	1	5	0	2	1	-T
I	5559365	C	*/-T	4	2	33.33%	2	2	43	31	0.98	1	1	3	1	1	1	-T
I	5567937	C	*/-A	16	3	15.79%	2	1	38	45	0.98	1	1	9	7	3	0	-A
I	5569124	G	*/+GGCTGCTATAATCATTCCCAA	35	2	5.26%	2	1	52	37	0.98	1	1	11	24	0	2	+GGCTGCTATAATCATTCCCAA
I	5574071	G	*/-AT	34	3	8.11%	2	2	47	49	0.98	1	1	17	17	1	2	-AT
I	5576850	T	*/-AA	6	2	25%	2	1	43	37	0.98	1	1	4	2	0	2	-AA
II	5109	A	*/+C	62	8	11.43%	2	2	46	46	0.98	1	1	11	51	4	4	+C
II	13539	A	*/-T	16	2	11.11%	2	2	56	37	0.98	1	1	10	6	1	1	-T
II	31617	A	*/-T	5	3	37.5%	2	2	44	45	0.98	1	1	3	2	1	2	-T
II	46913	T	*/-A	8	3	20%	2	2	36	40	0.98	1	1	7	1	2	1	-A
II	46913	T	*/+A	8	2	13.33%	2	1	36	37	0.98	1	1	7	1	2	0	-A
II	113240	T	*/-A	4	5	55.56%	2	2	40	41	0.98	1	1	2	2	2	3	-A
II	121588	G	*/+T	13	3	18.75%	2	2	48	74	0.98	1	1	7	6	2	1	+T
II	128001	T	-A/-A	0	17	100%	0	2	0	47	0.98	0	1	0	0	7	10	-A
II	146079	T	-C/-C	2	15	88.24%	1	2	49	43	0.98	1	1	2	0	8	7	-C
II	229897	A	*/-T	22	12	29.27%	2	2	42	41	0.98	1	1	18	4	11	1	-T
II	229897	A	*/-TT	22	3	7.32%	2	1	42	45	0.98	1	1	18	4	3	0	-T
II	229897	A	*/+T	22	3	7.32%	2	1	42	45	0.98	1	1	18	4	0	3	-T
II	320661	G	*/+A	24	2	7.69%	2	1	43	49	0.98	1	1	14	10	2	0	+A
II	410084	G	*/-C	18	2	10%	2	1	46	49	0.98	1	1	13	5	0	2	-C
II	410085	C	*/-T	11	7	38.89%	2	2	39	45	0.98	1	1	10	1	4	3	-T
II	484534	A	+T/+T	1	6	85.71%	1	2	48	37	0.98	1	1	1	0	4	2	+T
II	521731	G	*/+T	28	2	6.67%	2	2	48	37	0.98	1	1	16	12	1	1	+T
II	522800	G	*/+A	19	2	9.52%	2	1	35	37	0.98	1	1	14	5	2	0	+A
II	561061	T	*/-G	5	2	28.57%	2	1	37	37	0.98	1	1	3	2	0	2	-G
II	603279	A	-T/-T	0	10	100%	0	2	0	45	0.98	0	1	0	0	4	6	-T
II	603305	A	-C/-C	0	11	100%	0	2	0	48	0.98	0	1	0	0	5	6	-C
II	673086	G	*/-A	5	2	28.57%	1	1	37	37	0.98	1	1	5	0	2	0	-A
II	677175	G	*/-TA	28	4	12.5%	2	2	44	46	0.98	1	1	7	21	2	2	-TA
II	700009	T	-A/-A	1	9	90%	1	2	37	37	0.98	1	1	0	1	1	8	-A
II	716295	G	*/-T	7	3	27.27%	2	2	38	41	0.98	1	1	2	5	1	2	-T
II	753854	A	*/-T	5	2	22.22%	1	2	39	37	0.98	1	1	5	0	1	1	-T
II	756993	C	*/-T	9	4	26.67%	2	2	47	52	0.98	1	1	3	6	1	3	-T
II	819361	C	*/-AA	13	2	12.5%	2	1	36	37	0.98	1	1	12	1	2	0	-AA
II	888599	A	-C/-C	1	6	85.71%	1	2	37	49	0.98	1	1	0	1	4	2	-C
II	889921	C	*/-T	9	2	18.18%	2	1	39	37	0.98	1	1	8	1	2	0	-T
II	903106	G	+T/+T	0	12	100%	0	2	0	44	0.98	0	1	0	0	3	9	+T
II	960746	G	*/+A	21	2	8.7%	2	2	46	37	0.98	1	1	13	8	1	1	+A
II	965517	C	*/-T	11	3	21.43%	2	1	48	33	0.98	1	1	7	4	3	0	-T
II	997671	G	*/+CAA	10	3	17.65%	2	2	39	37	0.98	1	1	8	2	2	1	A
II	1019510	T	-AA/-AA	0	6	85.71%	0	2	0	35	0.98	0	1	0	0	5	1	-AA
II	1078264	T	*/+A	29	2	6.06%	2	2	42	37	0.98	1	1	17	12	1	1	+A
II	1079843	T	+A/+A	1	10	90.91%	1	2	37	48	0.98	1	1	0	1	4	6	+A
II	1104941	G	*/-T	4	2	20%	1	1	35	31	0.98	1	1	4	0	2	0	-T
II	1104941	G	*/+T	4	2	20%	1	1	35	42	0.98	1	1	4	0	2	0	-T
II	1113027	A	*/-C	35	2	5.41%	2	2	46	74	0.98	1	1	10	25	1	1	-C
II	1163154	A	-T/-T	0	9	100%	0	2	0	48	0.98	0	1	0	0	5	4	-T
II	1171363	T	*/-A	10	2	15.38%	2	2	51	55	0.98	1	1	5	5	1	1	-A
II	1187785	G	*/-T	15	5	25%	2	1	42	54	0.98	1	1	6	9	5	0	-T
II	1204987	G	*/+T	8	2	20%	2	1	55	55	0.98	1	1	5	3	2	0	+T
II	1266289	T	*/+A	4	4	50%	2	2	37	55	0.98	1	1	2	2	1	3	+A
II	1277481	G	*/+TT	2	3	50%	1	2	37	61	0.98	1	1	2	0	2	1	+TT
II	1308618	G	-T/-T	1	27	96.43%	1	2	37	46	0.98	1	1	1	0	13	14	-T
II	1349040	A	*/-T	10	2	15.38%	2	1	40	37	0.98	1	1	6	4	2	0	-T
II	1365999	G	*/-T	12	4	25%	2	2	57	48	0.98	1	1	8	4	2	2	-T
II	1389139	C	*/+T	2	5	50%	1	2	42	46	0.98	1	1	0	2	4	1	+T
II	1389139	C	*/+TT	2	2	20%	1	1	42	48	0.98	1	1	0	2	0	2	+T
II	1467485	C	*/-T	17	4	16%	2	1	39	34	0.98	1	1	7	10	0	4	-T
II	1467485	C	*/+T	17	3	12%	2	1	39	61	0.98	1	1	7	10	0	3	-T
II	1555919	A	*/+TTTATT	3	5	62.5%	2	2	37	59	0.98	1	1	2	1	3	2	+TTTATT
II	1571445	G	*/-TA	17	3	15%	2	1	50	49	0.98	1	1	6	11	3	0	-TA
II	1577960	T	*/+A	9	2	18.18%	2	2	45	61	0.98	1	1	4	5	1	1	+A
II	1588936	G	*/+AA	2	4	40%	1	1	37	37	0.98	1	1	2	0	4	0	+AA
II	1627981	C	*/-T	7	2	22.22%	2	2	42	37	0.98	1	1	3	4	1	1	-T
II	1630910	T	*/+A	22	2	8.33%	2	1	46	55	0.98	1	1	11	11	0	2	+A
II	1634728	G	*/+TA	18	2	9.52%	2	1	47	37	0.98	1	1	7	11	2	0	+TA
II	1678205	T	*/-A	2	3	60%	2	2	37	57	0.98	1	1	1	1	2	1	-A
II	1709910	G	*/-AT	16	2	11.11%	2	1	41	37	0.98	1	1	9	7	2	0	-AT
II	1716256	G	*/+T	14	2	11.76%	2	1	40	55	0.98	1	1	8	6	2	0	+T
II	1722036	C	*/+A	18	2	10%	2	1	49	55	0.98	1	1	12	6	2	0	+A
II	1748799	T	*/-TA	17	3	15%	2	2	56	49	0.98	1	1	14	3	2	1	-TA
II	1811696	A	*/-C	24	2	7.69%	2	1	50	37	0.98	1	1	15	9	0	2	-C
II	1853657	A	*/-C	25	2	7.41%	2	1	43	37	0.98	1	1	14	11	0	2	-C
II	1861420	T	-G/-G	0	26	100%	0	2	0	42	0.98	0	1	0	0	15	11	-G
II	1867795	A	+T/+T	1	4	80%	1	1	37	52	0.98	1	1	1	0	0	4	+T
II	1868122	G	*/-T	6	2	15.38%	1	1	36	42	0.98	1	1	6	0	2	0	-T
II	1868122	G	*/+T	6	5	38.46%	1	2	36	36	0.98	1	1	6	0	3	2	+T
II	1873779	T	+A/+A	0	10	100%	0	2	0	49	0.98	0	1	0	0	5	5	+A
II	1877294	A	+T/+T	2	11	84.62%	2	2	37	46	0.98	1	1	1	1	5	6	+T
II	1938011	G	*/+A	12	2	14.29%	2	1	46	55	0.98	1	1	8	4	2	0	+A
II	1941966	A	+T/+T	0	22	100%	0	2	0	57	0.98	0	1	0	0	14	8	+T
II	1941982	A	+T/+T	0	21	100%	0	2	0	56	0.98	0	1	0	0	13	8	+T
II	1948953	G	-A/-A	0	15	100%	0	2	0	44	0.98	0	1	0	0	8	7	-A
II	1950050	A	+G/+G	0	21	100%	0	2	0	54	0.98	0	1	0	0	5	16	+G
II	1955495	T	+A/+A	0	14	100%	0	2	0	45	0.98	0	1	0	0	7	7	+A
II	1960392	A	+G/+G	1	19	90.48%	1	2	37	43	0.98	1	1	1	0	7	12	+G
II	1963946	C	*/-A	14	2	12.5%	2	2	50	55	0.98	1	1	9	5	1	1	-A
II	1987101	C	-G/-G	0	22	95.65%	0	2	0	47	0.98	0	1	0	0	12	10	-G
II	1987117	T	-G/-G	1	20	95.24%	1	2	74	43	0.98	1	1	1	0	11	9	-G
II	2012625	T	*/+C	49	5	9.26%	2	1	41	37	0.98	1	1	14	35	0	5	+C
II	2023193	G	*/+TTT	1	2	50%	1	1	37	37	0.98	1	1	1	0	2	0	+TTT
II	2049891	A	-T/-T	3	28	90.32%	2	2	49	51	0.98	1	1	1	2	15	13	-T
II	2053516	G	+C/+C	0	17	100%	0	2	0	51	0.98	0	1	0	0	7	10	+C
II	2108180	T	+A/+A	1	13	92.86%	1	2	74	41	0.98	1	1	1	0	8	5	+A
II	2147726	G	+T/+T	0	12	100%	0	2	0	45	0.98	0	1	0	0	10	2	+T
II	2187407	G	+A/+A	0	5	100%	0	2	0	49	0.98	0	1	0	0	2	3	+A
II	2198945	G	*/-CA	24	3	11.11%	2	2	49	49	0.98	1	1	10	14	1	2	-CA
II	2199987	A	*/+TAACC	21	21	48.84%	2	2	45	52	0.98	1	1	8	13	4	17	+TAACC
II	2204904	T	*/+A	10	2	16.67%	2	1	43	37	0.98	1	1	5	5	2	0	+A
II	2207093	C	*/-T	9	6	37.5%	2	2	48	53	0.98	1	1	7	2	4	2	-T
II	2219928	A	+T/+T	0	16	100%	0	2	0	47	0.98	0	1	0	0	8	8	+T
II	2240817	G	*/+T	18	2	10%	2	2	45	42	0.98	1	1	7	11	1	1	+T
II	2293297	G	-A/-A	0	10	100%	0	2	0	49	0.98	0	1	0	0	6	4	-A
II	2327057	G	*/-TA	20	2	9.09%	2	1	43	37	0.98	1	1	12	8	2	0	-TA
II	2427326	G	*/-A	16	2	11.11%	2	1	42	37	0.98	1	1	11	5	2	0	-A
II	2443873	T	*/+A	3	3	42.86%	1	2	36	33	0.98	1	1	3	0	2	1	+A
II	2591913	T	*/+A	10	2	15.38%	2	2	42	49	0.98	1	1	6	4	1	1	+A
II	2592423	T	+A/+A	2	12	80%	1	2	74	45	0.98	1	1	2	0	5	7	+A
II	2612668	A	*/-T	13	2	13.33%	2	1	50	37	0.98	1	1	4	9	0	2	-T
II	2630607	C	*/+A	5	11	57.89%	2	2	42	41	0.98	1	1	4	1	8	3	+A
II	2640785	T	*/+A	3	15	68.18%	2	2	49	43	0.98	1	1	1	2	9	6	+A
II	2640785	T	*/+AA	3	2	9.09%	2	2	49	37	0.98	1	1	1	2	1	1	+A
II	2647497	C	*/-T	8	3	25%	2	1	35	41	0.98	1	1	3	5	0	3	-T
II	2709414	G	+C/+C	2	15	88.24%	1	2	31	54	0.98	1	1	0	2	12	3	+C
II	2755338	C	*/-AT	3	7	70%	2	2	61	42	0.98	1	1	2	1	3	4	-AT
II	2788933	C	+G/+G	0	12	100%	0	2	0	50	0.98	0	1	0	0	8	4	+G
II	2798040	C	-T/-T	0	14	100%	0	2	0	40	0.98	0	1	0	0	5	9	-T
II	2798514	A	-G/-G	0	7	100%	0	2	0	47	0.98	0	1	0	0	4	3	-G
II	2811495	C	-A/-A	0	25	100%	0	2	0	44	0.98	0	1	0	0	14	11	-A
II	2818722	G	*/-A	16	2	11.11%	2	1	50	74	0.98	1	1	6	10	2	0	-A
II	2826100	G	*/-A	16	4	18.18%	2	1	43	46	0.98	1	1	11	5	4	0	-A
II	2826100	G	*/+A	16	2	9.09%	2	1	43	31	0.98	1	1	11	5	2	0	-A
II	2894538	T	*/+A	7	2	22.22%	2	1	47	37	0.98	1	1	3	4	0	2	+A
II	2900889	A	*/-T	6	7	50%	2	2	43	42	0.98	1	1	4	2	5	2	-T
II	2938956	C	+T/+T	1	7	87.5%	1	2	62	35	0.98	1	1	1	0	2	5	+T
II	2941713	G	*/+A	9	2	18.18%	2	2	48	37	0.98	1	1	4	5	1	1	+A
II	2983683	A	*/+T	25	2	7.41%	2	1	47	49	0.98	1	1	15	10	0	2	+T
II	3040332	C	+G/+G	1	13	92.86%	1	2	37	59	0.98	1	1	0	1	5	8	+G
II	3050424	C	*/-T	13	2	13.33%	2	1	45	31	0.98	1	1	4	9	2	0	-T
II	3086846	T	*/-G	24	2	7.69%	2	2	45	31	0.98	1	1	12	12	1	1	-G
II	3154052	G	*/-T	13	3	18.75%	2	2	38	33	0.98	1	1	6	7	2	1	-T
II	3171788	G	*/-A	4	2	16.67%	1	1	37	37	0.98	1	1	4	0	2	0	-A
II	3171788	G	*/+A	4	4	33.33%	1	1	37	39	0.98	1	1	4	0	4	0	+A
II	3175926	C	*/-T	5	3	30%	1	2	33	40	0.98	1	1	5	0	1	2	-T
II	3175926	C	*/+T	5	2	20%	1	1	33	33	0.98	1	1	5	0	2	0	-T
II	3292365	G	*/+T	17	2	10.53%	2	1	50	74	0.98	1	1	11	6	2	0	+T
II	3308442	C	*/-A	19	2	9.52%	2	1	53	68	0.98	1	1	8	11	0	2	-A
II	3410437	G	*/-T	8	2	18.18%	2	1	38	74	0.98	1	1	7	1	0	2	-T
II	3426037	G	*/+T	32	3	8.57%	2	1	53	37	0.98	1	1	16	16	0	3	+T
II	3509251	T	*/-A	10	3	23.08%	2	2	46	40	0.98	1	1	8	2	2	1	-A
II	3540057	A	*/-T	10	4	28.57%	2	2	46	43	0.98	1	1	6	4	3	1	-T
II	3619003	A	+G/+G	2	14	87.5%	1	2	37	44	0.98	1	1	0	2	7	7	+G
II	3838101	C	-A/-A	1	5	83.33%	1	2	37	53	0.98	1	1	0	1	3	2	-A
II	3838912	T	*/-A	10	2	15.38%	2	2	43	37	0.98	1	1	4	6	1	1	-A
II	3856893	T	*/-C	22	2	8.33%	2	1	42	43	0.98	1	1	7	15	0	2	-C
II	3856896	A	*/-T	9	4	21.05%	2	2	42	49	0.98	1	1	4	5	1	3	-T
II	3856896	A	*/-TT	9	3	15.79%	2	2	42	49	0.98	1	1	4	5	2	1	-T
II	3856896	A	*/-TTT	9	2	10.53%	2	1	42	37	0.98	1	1	4	5	0	2	-T
II	3860185	C	*/-TAGTA	13	12	44.44%	2	2	48	49	0.98	1	1	4	9	7	5	-TAGTA
II	3861161	C	*/-T	8	2	18.18%	2	1	50	55	0.98	1	1	4	4	0	2	-T
II	3862860	C	*/-T	9	2	18.18%	2	1	37	43	0.98	1	1	1	8	0	2	-T
II	3869342	A	*/-AT	19	3	13.04%	2	2	44	61	0.98	1	1	8	11	1	2	-AT
II	3904627	A	*/-G	21	3	12.5%	2	1	47	37	0.98	1	1	8	13	0	3	-G
II	3954039	C	*/-T	13	2	11.76%	2	1	46	49	0.98	1	1	9	4	0	2	-T
II	3954039	C	*/+T	13	2	11.76%	2	1	46	36	0.98	1	1	9	4	0	2	-T
II	3975235	C	*/-A	10	2	11.76%	2	1	44	36	0.98	1	1	8	2	0	2	-A
II	3975235	C	*/-AAA	10	2	11.76%	2	1	44	61	0.98	1	1	8	2	2	0	-A
II	3975235	C	*/+A	10	2	11.76%	2	2	44	37	0.98	1	1	8	2	1	1	-A
II	3983331	G	*/-TA	31	2	6.06%	2	2	44	55	0.98	1	1	7	24	1	1	-TA
II	4006982	C	*/-A	8	4	25%	2	1	46	49	0.98	1	1	4	4	4	0	-A
II	4006982	C	*/-AA	8	2	12.5%	2	1	46	37	0.98	1	1	4	4	2	0	-A
II	4031460	A	*/-T	4	2	15.38%	1	1	55	42	0.98	1	1	4	0	2	0	-T
II	4031460	A	*/+T	4	5	38.46%	1	2	55	52	0.98	1	1	4	0	4	1	+T
II	4031460	A	*/+TT	4	2	15.38%	1	2	55	27	0.98	1	1	4	0	1	1	+T
II	4198771	A	*/+TGAG	18	2	10%	2	2	45	37	0.98	1	1	7	11	1	1	+TGAG
II	4221959	T	*/+A	16	2	11.11%	2	2	52	37	0.98	1	1	9	7	1	1	+A
II	4254960	G	-A/-A	0	24	100%	0	2	0	50	0.98	0	1	0	0	12	12	-A
II	4308414	C	*/+A	5	9	60%	2	2	47	42	0.98	1	1	3	2	5	4	+A
II	4419921	T	*/+A	1	2	40%	1	1	37	74	0.98	1	1	1	0	2	0	+A
II	4455991	A	*/-T	31	3	8.82%	2	2	47	61	0.98	1	1	16	15	2	1	-T
II	4459027	C	*/+A	48	4	7.69%	2	2	50	46	0.98	1	1	23	25	2	2	+A
II	4460565	T	*/-C	25	2	7.41%	2	2	50	37	0.98	1	1	12	13	1	1	-C
II	4462508	C	*/-A	3	2	28.57%	1	2	45	31	0.98	1	1	3	0	1	1	-A
II	4502695	C	*/-T	8	2	20%	2	1	38	37	0.98	1	1	1	7	0	2	-T
II	4507813	A	*/+G	61	9	12.86%	2	2	49	61	0.98	1	1	37	24	5	4	+G
II	4511610	C	*/-A	64	5	7.25%	2	2	55	44	0.98	1	1	45	19	4	1	-A
II	4514868	G	*/+T	32	3	8.57%	2	2	43	49	0.98	1	1	8	24	1	2	+T
II	4517047	T	*/+TACTCATC	56	12	17.14%	2	2	48	43	0.98	1	1	33	23	7	5	+TACTCATC
II	4521677	T	*/-A	11	2	12.5%	2	1	42	55	0.98	1	1	6	5	2	0	-A
II	4521677	T	*/-AA	11	3	18.75%	2	2	42	49	0.98	1	1	6	5	2	1	-AA
II	4525340	G	*/-T	45	3	5%	2	2	41	61	0.98	1	1	31	14	1	2	-T
II	4525340	G	*/+T	45	12	20%	2	2	41	51	0.98	1	1	31	14	10	2	+T
II	4526174	A	*/-T	18	6	25%	2	2	39	49	0.98	1	1	9	9	3	3	-T
II	4526843	C	*/-T	10	4	25%	2	2	38	31	0.98	1	1	6	4	3	1	-T
II	4526843	C	*/-TT	10	2	12.5%	2	2	38	31	0.98	1	1	6	4	1	1	-T
II	4528465	C	*/+GACAAT	67	8	10.67%	2	2	47	50	0.98	1	1	30	37	1	7	+GACAAT
II	4528483	T	*/-GACAATGACAGA	60	13	17.81%	2	2	47	49	0.98	1	1	24	36	7	6	-GACAATGACAGA
II	4529375	T	*/+ACAACGACAACGACAACG	59	15	17.65%	2	2	48	37	0.98	1	1	32	27	11	4	+ACAACGACAACGACAACG
II	4529375	T	*/+ACAACGACAACGACAACGACAACG	59	8	9.41%	2	2	48	50	0.98	1	1	32	27	4	4	+ACAACGACAACGACAACG
II	4533588	C	*/-T	47	28	37.33%	2	2	43	42	0.98	1	1	31	16	14	14	-T
II	4534880	A	*/-T	112	22	16.42%	2	2	45	53	0.98	1	1	56	56	12	10	-T
II	4535321	G	*/-GATAT	237	26	9.89%	2	2	43	41	0.98	1	1	114	123	10	16	-GATAT
II	4535523	T	*/+GTTACG	220	48	17.84%	2	2	44	47	0.98	1	1	68	152	16	32	+GTTACG
II	4535548	A	*/-TATGTG	221	51	18.61%	2	2	44	49	0.98	1	1	85	136	26	25	-TATGTG
II	4535645	G	*/-T	154	59	27.7%	2	2	51	48	0.98	1	1	86	68	36	23	-T
II	4535727	A	*/-G	136	19	12.26%	2	2	45	45	0.98	1	1	61	75	10	9	-G
II	4536728	A	*/+GAGAGTAGG	223	19	7.63%	2	2	47	50	0.98	1	1	109	114	9	10	+GAGAGTAGG
II	4537213	G	+T/+T	70	236	76.87%	2	2	48	51	0.98	1	1	44	26	132	104	+T
II	4537387	A	-AATAAGAG/-AATAAGAG	48	188	79.66%	2	2	46	47	0.98	1	1	15	33	115	73	-AATAAGAG
II	4537655	A	*/+AAATG	70	8	9.88%	2	2	48	40	0.98	1	1	39	31	1	7	+AAATG
II	4537665	G	*/+AAATA	68	6	8%	2	2	46	51	0.98	1	1	33	35	1	5	+AAATA
II	4537712	T	*/-AAATAAAATTAATG	48	6	11.11%	2	2	40	37	0.98	1	1	22	26	3	3	-AAATAAAATTAATG
III	1558	G	*/-A	52	8	10.26%	2	2	37	53	0.98	1	1	30	22	2	6	-A
III	1558	G	*/+A	52	14	17.95%	2	2	37	43	0.98	1	1	30	22	7	7	+A
III	4729	A	*/-T	307	116	25%	2	2	48	51	0.98	1	1	201	106	51	65	-T
III	4729	A	*/+T	307	28	6.03%	2	2	48	54	0.98	1	1	201	106	13	15	-T
III	4952	C	*/+T	260	67	20.24%	2	2	42	48	0.98	1	1	163	97	27	40	+T
III	5403	C	*/-T	368	113	20.89%	2	2	43	41	0.98	1	1	275	93	56	57	-T
III	5403	C	*/-TT	368	30	5.55%	2	2	43	42	0.98	1	1	275	93	19	11	-T
III	9812	T	*/+A	121	22	15.07%	2	2	46	41	0.98	1	1	40	81	1	21	+A
III	10094	A	*/-T	82	6	6.82%	2	2	46	37	0.98	1	1	36	46	1	5	-T
III	12428	G	*/+A	64	13	14.94%	2	2	38	53	0.98	1	1	33	31	5	8	+A
III	15599	A	*/-T	308	115	24.01%	2	2	46	49	0.98	1	1	196	112	53	62	-T
III	15599	A	*/+T	308	38	7.93%	2	2	46	47	0.98	1	1	196	112	20	18	-T
III	15822	C	*/+T	270	72	20.87%	2	2	41	48	0.98	1	1	176	94	29	43	+T
III	16273	C	*/-T	365	107	20.9%	2	2	43	45	0.98	1	1	254	111	64	43	-T
III	20682	T	*/+A	118	31	20.39%	2	2	48	40	0.98	1	1	39	79	1	30	+A
III	23298	G	*/-A	72	12	11.88%	2	2	40	37	0.98	1	1	37	35	6	6	-A
III	23298	G	*/+A	72	11	10.89%	2	2	40	45	0.98	1	1	37	35	6	5	-A
III	29077	T	*/-C	39	3	7.14%	2	1	55	61	0.98	1	1	19	20	0	3	-C
III	69589	T	*/-A	8	2	20%	1	2	46	37	0.98	1	1	0	8	1	1	-A
III	120832	C	*/-A	10	2	16.67%	2	1	39	55	0.98	1	1	4	6	0	2	-A
III	123319	T	*/-A	3	4	57.14%	2	2	33	40	0.98	1	1	2	1	1	3	-A
III	207168	T	-A/-A	1	7	87.5%	1	2	37	45	0.98	1	1	1	0	4	3	-A
III	234763	A	*/-TTGTTTTGTT	4	4	50%	2	2	34	37	0.98	1	1	3	1	2	2	-TTGTTTTGTT
III	253907	A	*/+T	2	2	40%	2	2	42	31	0.98	1	1	1	1	1	1	+T
III	286478	C	-TT/-TT	1	6	85.71%	1	2	25	35	0.98	1	1	1	0	5	1	-TT
III	286594	T	*/+A	6	3	23.08%	2	1	39	29	0.98	1	1	5	1	0	3	+A
III	286594	T	*/+AA	6	3	23.08%	2	1	39	37	0.98	1	1	5	1	3	0	+A
III	293096	G	*/-T	12	2	13.33%	2	2	42	42	0.98	1	1	9	3	1	1	-T
III	348685	G	*/-AT	29	4	12.12%	2	1	41	37	0.98	1	1	16	13	4	0	-AT
III	365747	C	-A/-A	1	5	83.33%	1	1	37	44	0.98	1	1	0	1	5	0	-A
III	435303	T	*/+A	22	2	8.33%	2	1	49	55	0.98	1	1	14	8	0	2	+A
III	568658	C	*/-T	16	8	30.77%	2	2	47	40	0.98	1	1	14	2	5	3	-T
III	657594	G	*/+T	13	2	13.33%	2	2	45	55	0.98	1	1	7	6	1	1	+T
III	717677	A	*/-T	6	4	30.77%	2	1	35	55	0.98	1	1	2	4	0	4	-T
III	717677	A	*/-TT	6	2	15.38%	2	2	35	37	0.98	1	1	2	4	1	1	-T
III	719703	T	*/-A	6	4	40%	2	1	45	37	0.98	1	1	4	2	4	0	-A
III	719955	A	-C/-C	1	5	83.33%	1	2	37	49	0.98	1	1	0	1	2	3	-C
III	720683	A	+T/+T	0	4	80%	0	2	0	43	0.98	0	1	0	0	2	2	+T
III	762516	T	*/-A	13	3	18.75%	2	2	42	37	0.98	1	1	10	3	2	1	-A
III	827251	C	*/-T	4	2	33.33%	2	1	39	37	0.98	1	1	3	1	2	0	-T
III	853262	T	+A/+A	2	23	88.46%	2	2	37	42	0.98	1	1	1	1	14	9	+A
III	857342	A	*/-G	12	2	14.29%	2	2	43	37	0.98	1	1	3	9	1	1	-G
III	867865	C	-T/-T	0	8	100%	0	2	0	34	0.98	0	1	0	0	2	6	-T
III	966124	G	*/-T	15	9	30%	2	1	35	37	0.98	1	1	14	1	9	0	-T
III	966124	G	*/-TT	15	3	10%	2	1	35	33	0.98	1	1	14	1	3	0	-T
III	970548	C	*/-TT	2	2	40%	1	1	43	31	0.98	1	1	0	2	0	2	-TT
III	970892	C	*/-T	5	3	37.5%	2	1	34	41	0.98	1	1	4	1	0	3	-T
III	985871	C	*/-T	5	3	37.5%	1	2	33	40	0.98	1	1	5	0	2	1	-T
III	1016311	G	+C/+C	1	25	96.15%	1	2	37	43	0.98	1	1	1	0	12	13	+C
III	1075530	A	*/+TGGAAGTGGTAAG	78	10	11.24%	2	2	45	39	0.98	1	1	26	52	3	7	+TGGAAGTGGTAAG
III	1079346	A	*/+G	74	6	7.5%	2	2	43	37	0.98	1	1	53	21	5	1	+G
III	1082171	A	*/+TGGAAGTGGTAAG	80	8	8.99%	2	2	45	41	0.98	1	1	34	46	6	2	+TGGAAGTGGTAAG
III	1084026	A	*/+AGTGGTGATGGTT	32	4	11.11%	2	2	43	37	0.98	1	1	14	18	2	2	+AGTGGTGATGGTT
III	1087979	A	*/+G	54	5	8.47%	2	2	45	37	0.98	1	1	34	20	2	3	+G
III	1095550	G	*/-T	8	7	36.84%	2	2	41	41	0.98	1	1	6	2	4	3	-T
III	1095550	G	*/+T	8	2	10.53%	2	1	41	37	0.98	1	1	6	2	2	0	-T
III	1103423	T	*/-A	7	7	38.89%	2	1	41	42	0.98	1	1	6	1	0	7	-A
III	1103423	T	*/+A	7	2	11.11%	2	1	41	37	0.98	1	1	6	1	2	0	-A
III	1104937	C	*/-T	17	2	10.53%	2	1	44	49	0.98	1	1	7	10	2	0	-T
III	1110963	T	*/+C	53	7	11.67%	2	2	45	52	0.98	1	1	16	37	3	4	+C
III	1114914	T	*/+ACCACTAACCATC	29	2	6.45%	2	1	43	37	0.98	1	1	19	10	0	2	+ACCACTAACCATC
III	1117723	T	*/+C	46	5	9.8%	2	2	42	51	0.98	1	1	21	25	3	2	+C
III	1121674	T	*/+ACCACTAACCATC	27	5	15.62%	2	2	44	37	0.98	1	1	18	9	3	2	+ACCACTAACCATC
III	1123652	C	*/+TCTCTATA	33	2	5.71%	2	1	51	37	0.98	1	1	11	22	0	2	+TCTCTATA
III	1124483	T	*/+C	47	4	7.84%	2	2	44	55	0.98	1	1	26	21	2	2	+C
III	1128434	T	*/+ACCACTAACCATC	23	3	11.54%	2	1	45	49	0.98	1	1	14	9	3	0	+ACCACTAACCATC
III	1131243	T	*/+C	42	9	17.65%	2	2	44	45	0.98	1	1	19	23	4	5	+C
III	1135194	T	*/+ACCACTAACCATC	32	2	5.88%	2	2	45	37	0.98	1	1	21	11	1	1	+ACCACTAACCATC
III	1168360	T	*/-G	11	2	15.38%	2	1	43	55	0.98	1	1	6	5	0	2	-G
III	1168362	G	*/-GA	6	4	40%	2	2	39	31	0.98	1	1	4	2	3	1	-GA
III	1252505	G	*/+TT	10	2	11.76%	2	2	35	61	0.98	1	1	9	1	1	1	+TT
III	1396459	C	*/-A	6	2	25%	2	2	47	37	0.98	1	1	1	5	1	1	-A
III	1471894	T	*/-G	18	2	10%	2	1	39	74	0.98	1	1	12	6	2	0	-G
III	1547169	C	*/-A	6	2	25%	2	2	43	31	0.98	1	1	4	2	1	1	-A
III	1575951	G	*/+T	3	5	62.5%	1	2	49	42	0.98	1	1	3	0	2	3	+T
III	1594933	T	*/-A	9	2	16.67%	2	2	41	49	0.98	1	1	6	3	1	1	-A
III	1672738	C	*/-T	15	2	11.76%	2	1	48	55	0.98	1	1	9	6	2	0	-T
III	1685487	G	+A/+A	0	13	100%	0	2	0	38	0.98	0	1	0	0	6	7	+A
III	1702276	A	*/-T	15	6	27.27%	2	2	53	41	0.98	1	1	11	4	1	5	-T
III	1707997	T	*/-A	12	3	20%	2	2	49	37	0.98	1	1	6	6	2	1	-A
III	1711935	A	*/-T	18	2	10%	2	2	53	43	0.98	1	1	5	13	1	1	-T
III	1753294	T	*/+A	19	2	9.09%	2	1	50	61	0.98	1	1	13	6	0	2	+A
III	1756400	T	-A/-A	0	26	100%	0	2	0	52	0.98	0	1	0	0	11	15	-A
III	1759057	C	*/-T	12	2	14.29%	2	2	45	55	0.98	1	1	7	5	1	1	-T
III	1774235	T	+GATC/+GATC	0	11	78.57%	0	2	0	40	0.98	0	1	0	0	5	6	+GATC
III	1857256	C	*/-A	22	2	8.33%	2	2	42	55	0.98	1	1	14	8	1	1	-A
III	1925626	C	*/-A	2	2	50%	2	1	37	37	0.98	1	1	1	1	2	0	-A
III	2010864	G	*/-TA	22	3	12%	2	2	48	33	0.98	1	1	7	15	1	2	-TA
III	2076412	G	*/-T	6	3	30%	2	1	41	37	0.98	1	1	4	2	3	0	-T
III	2076980	A	*/-T	2	2	40%	2	2	55	31	0.98	1	1	1	1	1	1	-T
III	2110912	C	*/-T	38	2	5%	2	1	53	37	0.98	1	1	22	16	0	2	-T
III	2113205	C	*/-T	14	2	10.53%	2	1	41	55	0.98	1	1	8	6	2	0	-T
III	2113205	C	*/-TT	14	2	10.53%	2	2	41	49	0.98	1	1	8	6	1	1	-T
III	2117172	T	*/+A	15	2	11.76%	2	1	53	62	0.98	1	1	9	6	2	0	+A
III	2148212	C	*/+T	75	4	5.06%	2	2	42	64	0.98	1	1	31	44	2	2	+T
III	2178240	T	*/-A	11	2	13.33%	2	2	45	42	0.98	1	1	7	4	1	1	-A
III	2281940	C	*/+T	11	2	14.29%	2	2	49	62	0.98	1	1	6	5	1	1	+T
III	2307183	G	*/-GTTGGGAGCATGTC	19	3	13.64%	2	1	38	33	0.98	1	1	11	8	3	0	-GTTGGGAGCATGTC
III	2309611	T	*/-A	4	2	33.33%	1	2	55	37	0.98	1	1	0	4	1	1	-A
III	2310960	G	*/-A	7	3	30%	2	2	52	74	0.98	1	1	3	4	2	1	-A
III	2310968	A	*/+GGT	5	3	37.5%	2	2	46	74	0.98	1	1	2	3	2	1	+GGT
III	2376654	G	*/-A	11	2	14.29%	2	2	51	31	0.98	1	1	7	4	1	1	-A
III	2382018	A	*/-T	2	4	50%	1	2	55	43	0.98	1	1	2	0	2	2	-T
III	2382018	A	*/-TT	2	2	25%	1	2	55	37	0.98	1	1	2	0	1	1	-T
III	2410032	C	*/-A	8	2	20%	2	2	47	37	0.98	1	1	5	3	1	1	-A
III	2420241	T	*/-A	13	3	17.65%	2	2	42	45	0.98	1	1	8	5	2	1	-A
III	2443562	A	*/+T	20	34	62.96%	2	1	42	37	0.98	1	1	12	8	0	34	+T
III	2447848	T	*/-A	839	260	18.79%	2	2	44	42	0.98	1	1	619	220	185	75	-A
III	2447848	T	*/-AA	839	130	9.39%	2	2	44	46	0.98	1	1	619	220	87	43	-A
III	2447848	T	*/+A	839	114	8.24%	2	2	44	44	0.98	1	1	619	220	77	37	-A
III	2448309	T	-AA/-AA	36	555	92.5%	2	2	46	42	0.98	1	1	29	7	214	341	-AA
III	2448518	T	*/-A	686	232	21.83%	2	2	47	43	0.98	1	1	482	204	161	71	-A
III	2448518	T	*/-AA	686	58	5.46%	2	2	47	46	0.98	1	1	482	204	38	20	-A
III	2448518	T	*/+A	686	66	6.21%	2	2	47	47	0.98	1	1	482	204	42	24	+A
