Chrom	Position	Ref	Cons	Reads1	Reads2	VarFreq	Strands1	Strands2	Qual1	Qual2	Pvalue	MapQual1	MapQual2	Reads1Plus	Reads1Minus	Reads2Plus	Reads2Minus	VarAllele
I	3160	A	*/+GTTGTCGTTGTCGTTGTC	34	5	10.64%	2	2	44	47	0.98	1	1	25	9	1	4	+GTTGTCGTTGTCGTTGTC
I	3160	A	*/+GTTGTCGTTGTCGTTGTCGTTGTC	34	5	10.64%	2	2	44	39	0.98	1	1	25	9	2	3	+GTTGTCGTTGTCGTTGTC
I	4047	C	*/-TGTCTCTGTCAT	47	7	12.96%	2	2	42	47	0.98	1	1	24	23	3	4	-TGTCTCTGTCAT
I	5676	T	*/-G	29	2	6.45%	2	1	35	55	0.98	1	1	26	3	0	2	-G
I	5677	G	*/-A	21	7	22.58%	2	2	37	35	0.98	1	1	20	1	6	1	-A
I	6357	T	*/-AA	21	6	21.43%	2	2	43	47	0.98	1	1	7	14	3	3	-AA
I	7192	C	*/-A	16	3	13.64%	2	2	38	36	0.98	1	1	12	4	2	1	-A
I	15734	C	*/-A	12	3	17.65%	2	2	45	49	0.98	1	1	10	2	2	1	-A
I	15734	C	*/+A	12	2	11.76%	2	2	45	31	0.98	1	1	10	2	1	1	-A
I	19694	T	*/+A	21	2	8.7%	2	1	45	37	0.98	1	1	10	11	2	0	+A
I	27402	A	*/+C	4	2	28.57%	1	1	34	31	0.98	1	1	0	4	0	2	+C
I	55244	T	*/-A	9	3	21.43%	1	1	35	33	0.98	1	1	9	0	3	0	-A
I	55244	T	*/+A	9	2	14.29%	1	1	35	37	0.98	1	1	9	0	2	0	-A
I	100526	A	*/-G	23	2	8%	2	1	48	37	0.98	1	1	10	13	2	0	-G
I	101871	A	+G/+G	0	13	100%	0	2	0	35	0.98	0	1	0	0	7	6	+G
I	414079	C	*/-T	3	2	40%	1	1	38	31	0.98	1	1	3	0	2	0	-T
I	440084	T	*/+A	4	3	37.5%	2	2	46	45	0.98	1	1	2	2	2	1	+A
I	456726	G	*/-T	12	2	14.29%	2	1	36	37	0.98	1	1	8	4	0	2	-T
I	464017	C	*/+A	8	2	18.18%	2	2	46	55	0.98	1	1	3	5	1	1	+A
I	470378	A	-C/-C	0	8	100%	0	2	0	35	0.98	0	1	0	0	5	3	-C
I	470390	A	-C/-C	1	7	87.5%	1	2	37	35	0.98	1	1	1	0	3	4	-C
I	482737	A	+G/+G	4	19	79.17%	2	2	58	51	0.98	1	1	2	2	8	11	+G
I	554527	A	+T/+T	0	5	83.33%	0	2	0	39	0.98	0	1	0	0	3	2	+T
I	670032	C	+A/+A	2	29	93.55%	1	2	42	48	0.98	1	1	0	2	13	16	+A
I	682993	T	-C/-C	0	14	100%	0	2	0	40	0.98	0	1	0	0	4	10	-C
I	719597	G	*/-TA	23	3	11.54%	2	2	45	49	0.98	1	1	10	13	1	2	-TA
I	862962	C	+T/+T	1	10	90.91%	1	2	74	37	0.98	1	1	1	0	3	7	+T
I	960025	G	*/+T	7	3	30%	2	1	40	29	0.98	1	1	5	2	3	0	+T
I	1048635	G	*/+A	2	4	57.14%	1	2	55	46	0.98	1	1	2	0	3	1	+A
I	1179883	C	*/+A	19	2	9.52%	2	1	41	31	0.98	1	1	10	9	2	0	+A
I	1185797	G	*/-A	3	4	36.36%	1	2	36	37	0.98	1	1	3	0	2	2	-A
I	1185797	G	*/+A	3	2	18.18%	1	1	36	31	0.98	1	1	3	0	2	0	-A
I	1254655	T	*/-A	9	2	18.18%	2	2	34	49	0.98	1	1	8	1	1	1	-A
I	1274803	T	+A/+A	0	13	100%	0	2	0	36	0.98	0	1	0	0	3	10	+A
I	1388263	G	*/+C	11	2	15.38%	2	1	50	37	0.98	1	1	4	7	0	2	+C
I	1421034	T	*/+A	3	2	33.33%	2	2	33	56	0.98	1	1	1	2	1	1	+A
I	1424708	C	-A/-A	0	7	100%	0	2	0	40	0.98	0	1	0	0	3	4	-A
I	1496317	C	*/-A	6	4	40%	2	2	45	43	0.98	1	1	3	3	3	1	-A
I	1509277	C	*/+T	2	3	60%	1	2	49	29	0.98	1	1	2	0	1	2	+T
I	1625092	T	+C/+C	1	8	88.89%	1	2	37	40	0.98	1	1	0	1	5	3	+C
I	1667828	C	*/-CT	27	3	10%	2	2	40	33	0.98	1	1	17	10	2	1	-CT
I	1777634	A	*/-T	2	2	50%	1	1	37	31	0.98	1	1	2	0	0	2	-T
I	1849285	C	*/-T	11	2	14.29%	2	2	35	49	0.98	1	1	6	5	1	1	-T
I	1852120	T	*/+G	9	2	18.18%	2	1	48	49	0.98	1	1	5	4	2	0	+G
I	1890184	C	*/-A	3	2	28.57%	1	2	45	37	0.98	1	1	0	3	1	1	-A
I	1936294	G	+A/+A	0	12	92.31%	0	2	0	49	0.98	0	1	0	0	5	7	+A
I	1952313	A	+T/+T	0	17	100%	0	2	0	40	0.98	0	1	0	0	15	2	+T
I	1954162	C	*/-A	4	2	28.57%	2	2	49	37	0.98	1	1	2	2	1	1	-A
I	1955853	T	*/+A	4	3	42.86%	2	2	31	29	0.98	1	1	3	1	2	1	+A
I	2016958	G	*/+T	13	2	12.5%	2	1	53	37	0.98	1	1	8	5	0	2	+T
I	2025000	C	*/+T	6	3	30%	1	1	31	37	0.98	1	1	6	0	3	0	+T
I	2041948	T	*/-A	3	2	40%	2	1	32	37	0.98	1	1	2	1	2	0	-A
I	2154491	T	+A/+A	0	9	100%	0	2	0	34	0.98	0	1	0	0	6	3	+A
I	2178948	C	*/-A	14	4	20%	1	1	38	46	0.98	1	1	14	0	4	0	-A
I	2178948	C	*/+A	14	2	10%	1	1	38	37	0.98	1	1	14	0	2	0	-A
I	2231735	C	*/-A	5	3	37.5%	2	2	36	37	0.98	1	1	2	3	1	2	-A
I	2245479	T	*/+C	9	2	18.18%	2	2	39	31	0.98	1	1	3	6	1	1	+C
I	2255899	G	*/-T	9	2	18.18%	2	2	46	31	0.98	1	1	6	3	1	1	-T
I	2288240	C	-G/-G	0	15	100%	0	2	0	41	0.98	0	1	0	0	10	5	-G
I	2327021	C	*/+A	6	2	25%	2	2	39	37	0.98	1	1	4	2	1	1	+A
I	2343703	G	+A/+A	0	6	100%	0	2	0	43	0.98	0	1	0	0	5	1	+A
I	2421576	A	-C/-C	0	9	100%	0	2	0	45	0.98	0	1	0	0	7	2	-C
I	2482283	T	*/+A	13	4	23.53%	2	1	45	46	0.98	1	1	10	3	4	0	+A
I	2499149	A	-T/-T	1	10	83.33%	1	2	37	41	0.98	1	1	1	0	2	8	-T
I	2507462	T	+A/+A	0	6	100%	0	1	0	33	0.98	0	1	0	0	6	0	+A
I	2525713	C	*/-T	11	2	14.29%	2	1	37	37	0.98	1	1	9	2	2	0	-T
I	2578262	T	*/-A	5	2	22.22%	2	2	46	37	0.98	1	1	3	2	1	1	-A
I	2578262	T	*/+A	5	2	22.22%	2	1	46	37	0.98	1	1	3	2	2	0	-A
I	2588021	C	+A/+A	0	4	100%	0	2	0	34	0.98	0	1	0	0	2	2	+A
I	2588066	C	+A/+A	0	4	100%	0	2	0	37	0.98	0	1	0	0	3	1	+A
I	2594263	C	+T/+T	0	5	83.33%	0	2	0	44	0.98	0	1	0	0	1	4	+T
I	2594324	T	*/+A	3	5	62.5%	1	2	29	44	0.98	1	1	0	3	3	2	+A
I	2594351	T	+A/+A	0	5	100%	0	2	0	39	0.98	0	1	0	0	3	2	+A
I	2594391	A	+T/+T	0	6	100%	0	2	0	49	0.98	0	1	0	0	4	2	+T
I	2605860	G	-T/-T	1	14	93.33%	1	2	25	45	0.98	1	1	0	1	7	7	-T
I	2607669	A	+T/+T	0	7	100%	0	2	0	45	0.98	0	1	0	0	4	3	+T
I	2683901	A	*/-T	14	2	12.5%	2	2	34	31	0.98	1	1	9	5	1	1	-T
I	2683902	T	-C/-C	0	14	100%	0	2	0	36	0.98	0	1	0	0	9	5	-C
I	2733748	A	*/-T	9	2	18.18%	2	1	43	37	0.98	1	1	7	2	2	0	-T
I	2751236	T	*/-A	2	7	63.64%	1	2	36	45	0.98	1	1	0	2	4	3	-A
I	2751236	T	*/-AA	2	2	18.18%	1	2	36	55	0.98	1	1	0	2	1	1	-A
I	2759871	T	+C/+C	0	4	80%	0	1	0	37	0.98	0	1	0	0	0	4	+C
I	2935370	C	*/-A	6	2	25%	2	2	39	55	0.98	1	1	4	2	1	1	-A
I	2949974	G	*/-AT	24	2	7.69%	2	1	48	37	0.98	1	1	18	6	2	0	-AT
I	3033347	C	*/-TT	7	2	18.18%	2	1	33	37	0.98	1	1	6	1	2	0	-TT
I	3125118	A	+T/+T	0	8	100%	0	2	0	36	0.98	0	1	0	0	6	2	+T
I	3144699	T	*/-A	2	3	50%	1	2	37	53	0.98	1	1	2	0	2	1	-A
I	3159187	C	*/-CA	31	3	8.82%	2	2	43	33	0.98	1	1	12	19	2	1	-CA
I	3159994	C	*/-T	15	3	15%	2	1	34	33	0.98	1	1	13	2	3	0	-T
I	3159994	C	*/+T	15	2	10%	2	1	34	31	0.98	1	1	13	2	2	0	-T
I	3166776	G	*/+TTT	3	2	40%	2	1	40	37	0.98	1	1	2	1	2	0	+TTT
I	3178494	C	+T/+T	2	14	87.5%	2	2	55	39	0.98	1	1	1	1	6	8	+T
I	3197528	A	+G/+G	0	18	90%	0	2	0	39	0.98	0	1	0	0	5	13	+G
I	3450130	G	-T/-T	1	11	91.67%	1	2	37	47	0.98	1	1	0	1	5	6	-T
I	3460318	T	+C/+C	0	6	100%	0	2	0	49	0.98	0	1	0	0	2	4	+C
I	3461655	G	*/+A	6	2	25%	2	2	34	42	0.98	1	1	2	4	1	1	+A
I	3538413	A	+T/+T	0	7	100%	0	2	0	47	0.98	0	1	0	0	2	5	+T
I	3538428	G	+T/+T	0	6	100%	0	2	0	53	0.98	0	1	0	0	2	4	+T
I	3538436	T	+A/+A	0	6	100%	0	2	0	53	0.98	0	1	0	0	2	4	+A
I	3538449	T	+TA/+TA	0	5	100%	0	2	0	44	0.98	0	1	0	0	1	4	+TA
I	3538456	A	+AT/+AT	0	6	100%	0	2	0	47	0.98	0	1	0	0	2	4	+AT
I	3548882	G	*/-A	6	2	25%	1	1	32	37	0.98	1	1	6	0	2	0	-A
I	3576756	T	*/+TCTTCTC	1	3	60%	1	2	37	29	0.98	1	1	0	1	2	1	+TCTTCTC
I	3576929	C	*/+T	2	5	62.5%	2	2	29	32	0.98	1	1	1	1	3	2	+T
I	3576931	T	*/+G	8	2	20%	2	2	38	31	0.98	1	1	5	3	1	1	+G
I	3580034	C	*/+T	3	2	40%	2	1	41	31	0.98	1	1	2	1	2	0	+T
I	3610406	T	*/+AA	5	4	44.44%	2	2	34	37	0.98	1	1	2	3	2	2	+AA
I	3665610	G	+C/+C	0	24	100%	0	2	0	42	0.98	0	1	0	0	13	11	+C
I	3700385	T	*/+A	2	2	20%	2	2	49	55	0.98	1	1	1	1	1	1	+A
I	3700385	T	*/+AA	2	4	40%	2	2	49	40	0.98	1	1	1	1	2	2	+AA
I	3721013	A	*/+T	19	2	9.52%	2	1	40	49	0.98	1	1	7	12	2	0	+T
I	3730369	A	+T/+T	0	9	100%	0	2	0	39	0.98	0	1	0	0	7	2	+T
I	3752808	C	*/-A	12	2	13.33%	2	2	42	55	0.98	1	1	6	6	1	1	-A
I	3776933	G	+A/+A	0	4	100%	0	1	0	34	0.98	0	1	0	0	0	4	+A
I	3855790	G	*/-T	3	7	70%	1	2	57	47	0.98	1	1	0	3	5	2	-T
I	3879437	C	*/-A	6	2	22.22%	2	1	47	31	0.98	1	1	3	3	2	0	-A
I	3881160	G	*/-A	13	2	13.33%	2	1	47	37	0.98	1	1	8	5	0	2	-A
I	3940025	G	+T/+T	2	6	75%	2	2	37	63	0.98	1	1	1	1	5	1	+T
I	3984736	A	*/-GGT	37	5	11.63%	2	1	39	34	0.98	1	1	10	27	0	5	-GGT
I	4055052	T	*/+A	3	5	55.56%	2	2	40	42	0.98	1	1	2	1	2	3	+A
I	4137001	T	*/-A	16	2	11.11%	2	2	40	55	0.98	1	1	14	2	1	1	-A
I	4153651	C	*/-T	3	3	50%	1	2	30	25	0.98	1	1	3	0	2	1	-T
I	4240216	A	*/-T	11	2	15.38%	2	1	38	37	0.98	1	1	5	6	2	0	-T
I	4276890	G	+T/+T	1	7	77.78%	1	2	62	35	0.98	1	1	0	1	4	3	+T
I	4304169	G	+A/+A	0	3	75%	0	2	0	33	0.98	0	1	0	0	2	1	+A
I	4338694	G	*/-T	14	2	12.5%	2	1	41	37	0.98	1	1	9	5	2	0	-T
I	4360508	C	*/-T	15	2	11.11%	2	1	35	37	0.98	1	1	9	6	2	0	-T
I	4374342	A	-G/-G	0	19	100%	0	2	0	44	0.98	0	1	0	0	13	6	-G
I	4407494	T	+G/+G	0	19	100%	0	2	0	48	0.98	0	1	0	0	8	11	+G
I	4410191	C	-G/-G	1	11	91.67%	1	2	25	47	0.98	1	1	1	0	6	5	-G
I	4414201	C	*/-T	2	5	71.43%	2	1	31	46	0.98	1	1	1	1	5	0	-T
I	4431856	G	+A/+A	2	15	88.24%	1	2	31	43	0.98	1	1	0	2	5	10	+A
I	4431868	C	+A/+A	1	13	86.67%	1	2	74	41	0.98	1	1	0	1	5	8	+A
I	4442621	A	*/-AT	13	3	17.65%	2	2	44	37	0.98	1	1	6	7	2	1	-AT
I	4455149	G	*/+A	1	3	60%	1	2	37	45	0.98	1	1	1	0	1	2	+A
I	4487696	A	*/-T	9	2	18.18%	2	1	46	37	0.98	1	1	6	3	0	2	-T
I	4647346	C	*/-T	7	3	30%	2	2	45	37	0.98	1	1	3	4	1	2	-T
I	4648159	T	*/-G	4	2	28.57%	2	1	37	31	0.98	1	1	3	1	2	0	-G
I	4746669	C	*/+T	8	9	50%	2	2	34	41	0.98	1	1	6	2	5	4	+T
I	4760698	T	*/-A	3	2	40%	1	2	49	42	0.98	1	1	0	3	1	1	-A
I	4764253	G	*/+A	9	8	47.06%	2	2	46	42	0.98	1	1	5	4	6	2	+A
I	4781861	G	*/-T	11	2	14.29%	2	1	43	61	0.98	1	1	5	6	0	2	-T
I	4916623	C	*/-A	4	2	22.22%	2	2	37	37	0.98	1	1	3	1	1	1	-A
I	4916623	C	*/+A	4	2	22.22%	2	2	37	42	0.98	1	1	3	1	1	1	-A
I	4926046	C	*/+T	2	5	71.43%	2	2	29	34	0.98	1	1	1	1	4	1	+T
I	5054612	T	*/-TA	22	2	8.33%	2	1	43	37	0.98	1	1	12	10	2	0	-TA
I	5117187	C	*/-T	8	3	27.27%	2	2	41	36	0.98	1	1	2	6	2	1	-T
I	5142627	A	+G/+G	0	9	100%	0	2	0	41	0.98	0	1	0	0	2	7	+G
I	5148414	T	-A/-A	0	8	100%	0	2	0	46	0.98	0	1	0	0	6	2	-A
I	5159183	C	*/-AT	16	2	11.11%	2	2	43	55	0.98	1	1	8	8	1	1	-AT
I	5173087	C	*/+T	1	4	66.67%	1	1	37	46	0.98	1	1	0	1	0	4	+T
I	5173430	G	*/+T	5	5	41.67%	2	2	36	47	0.98	1	1	2	3	2	3	+T
I	5173430	G	*/+TT	5	2	16.67%	2	2	36	36	0.98	1	1	2	3	1	1	+T
I	5368262	T	-C/-C	1	25	96.15%	1	2	37	37	0.98	1	1	0	1	10	15	-C
I	5368273	G	+T/+T	3	25	86.21%	2	2	49	39	0.98	1	1	1	2	10	15	+T
I	5426622	C	*/+T	4	5	50%	2	2	49	44	0.98	1	1	1	3	3	2	+T
I	5567937	C	*/-A	11	2	14.29%	2	1	43	37	0.98	1	1	7	4	2	0	-A
I	5573647	T	*/-C	21	2	8.7%	2	1	39	37	0.98	1	1	16	5	2	0	-C
I	5576850	T	*/-AA	4	2	33.33%	2	1	39	42	0.98	1	1	3	1	2	0	-AA
II	74692	C	*/-T	6	2	25%	2	1	37	31	0.98	1	1	3	3	2	0	-T
II	128001	T	-A/-A	0	12	100%	0	2	0	41	0.98	0	1	0	0	10	2	-A
II	146079	T	-C/-C	2	12	85.71%	1	2	49	41	0.98	1	1	2	0	7	5	-C
II	229897	A	*/-T	18	4	17.39%	2	2	43	37	0.98	1	1	13	5	3	1	-T
II	239710	G	*/+C	9	2	18.18%	2	1	39	74	0.98	1	1	5	4	2	0	+C
II	410085	C	*/-T	3	4	57.14%	1	2	40	37	0.98	1	1	3	0	1	3	-T
II	484534	A	*/+T	2	4	66.67%	1	2	37	37	0.98	1	1	2	0	1	3	+T
II	526955	T	*/-AC	24	2	7.69%	2	1	46	37	0.98	1	1	6	18	0	2	-AC
II	526959	T	*/+TTAG	22	2	8%	2	1	41	37	0.98	1	1	4	18	0	2	+TTAG
II	603279	A	-T/-T	0	12	100%	0	2	0	40	0.98	0	1	0	0	5	7	-T
II	603305	A	-C/-C	1	16	94.12%	1	2	25	39	0.98	1	1	0	1	4	12	-C
II	640528	A	*/+CT	28	2	6.67%	2	1	42	31	0.98	1	1	14	14	2	0	+CT
II	700009	T	-A/-A	2	11	84.62%	2	2	37	37	0.98	1	1	1	1	4	7	-A
II	716295	G	*/-T	4	2	33.33%	2	2	34	31	0.98	1	1	3	1	1	1	-T
II	756993	C	*/-T	9	2	14.29%	2	2	40	55	0.98	1	1	5	4	1	1	-T
II	756993	C	*/-TT	9	2	14.29%	2	1	40	43	0.98	1	1	5	4	0	2	-T
II	783927	A	*/-AAACAAAT	6	2	25%	2	2	35	37	0.98	1	1	3	3	1	1	-AAACAAAT
II	888055	A	*/+G	16	2	11.11%	2	1	42	31	0.98	1	1	7	9	0	2	+G
II	888599	A	-C/-C	0	8	100%	0	2	0	41	0.98	0	1	0	0	5	3	-C
II	903106	G	+T/+T	0	17	100%	0	2	0	44	0.98	0	1	0	0	7	10	+T
II	1019510	T	*/-A	1	2	40%	1	1	37	37	0.98	1	1	1	0	2	0	-A
II	1019510	T	*/-AA	1	2	40%	1	1	37	37	0.98	1	1	1	0	0	2	-A
II	1036902	C	*/-T	11	2	15.38%	2	1	32	36	0.98	1	1	6	5	0	2	-T
II	1079843	T	*/+A	3	5	62.5%	2	2	37	39	0.98	1	1	2	1	1	4	+A
II	1141304	C	*/-A	10	2	16.67%	2	2	38	37	0.98	1	1	6	4	1	1	-A
II	1163154	A	-T/-T	0	8	100%	0	2	0	47	0.98	0	1	0	0	3	5	-T
II	1266289	T	*/+A	3	2	40%	2	1	36	37	0.98	1	1	2	1	0	2	+A
II	1266955	G	*/-GA	28	2	6.45%	2	1	42	37	0.98	1	1	16	12	0	2	-GA
II	1308618	G	-T/-T	1	15	93.75%	1	2	37	43	0.98	1	1	0	1	7	8	-T
II	1365999	G	*/-T	8	5	35.71%	2	2	43	49	0.98	1	1	5	3	2	3	-T
II	1389139	C	*/+T	3	2	33.33%	2	2	53	37	0.98	1	1	2	1	1	1	+T
II	1418938	C	*/+T	16	3	15.79%	2	2	41	49	0.98	1	1	4	12	2	1	+T
II	1610504	A	*/+G	28	2	6.67%	2	2	41	61	0.98	1	1	12	16	1	1	+G
II	1629986	A	*/-T	26	2	7.14%	2	1	45	36	0.98	1	1	9	17	0	2	-T
II	1645549	C	*/-A	32	2	5.56%	2	2	41	37	0.98	1	1	22	10	1	1	-A
II	1678205	T	-A/-A	0	4	100%	0	2	0	52	0.98	0	1	0	0	1	3	-A
II	1716256	G	*/+T	4	2	28.57%	2	1	37	37	0.98	1	1	3	1	2	0	+T
II	1716287	T	*/-G	9	3	25%	2	1	34	70	0.98	1	1	2	7	0	3	-G
II	1748799	T	*/-TA	10	4	28.57%	2	1	44	46	0.98	1	1	7	3	4	0	-TA
II	1763419	T	*/-A	4	2	22.22%	2	2	34	37	0.98	1	1	2	2	1	1	-A
II	1763419	T	*/-AA	4	2	22.22%	2	1	34	37	0.98	1	1	2	2	2	0	-A
II	1861420	T	-G/-G	0	15	100%	0	2	0	54	0.98	0	1	0	0	6	9	-G
II	1867795	A	+T/+T	0	6	100%	0	2	0	53	0.98	0	1	0	0	4	2	+T
II	1868122	G	*/+T	6	3	27.27%	1	2	36	33	0.98	1	1	6	0	2	1	+T
II	1873779	T	+A/+A	1	3	75%	1	2	37	49	0.98	1	1	0	1	2	1	+A
II	1877294	A	+T/+T	1	6	75%	1	1	37	39	0.98	1	1	1	0	6	0	+T
II	1941697	A	*/+T	7	2	22.22%	2	1	35	37	0.98	1	1	5	2	2	0	+T
II	1941966	A	+T/+T	1	11	91.67%	1	2	37	54	0.98	1	1	1	0	5	6	+T
II	1941982	A	+T/+T	0	10	90.91%	0	2	0	41	0.98	0	1	0	0	4	6	+T
II	1948953	G	-A/-A	0	16	100%	0	2	0	34	0.98	0	1	0	0	6	10	-A
II	1950050	A	+G/+G	1	11	91.67%	1	2	74	36	0.98	1	1	1	0	6	5	+G
II	1955495	T	*/+A	4	4	50%	2	2	37	34	0.98	1	1	3	1	3	1	+A
II	1960392	A	+G/+G	1	9	90%	1	2	37	38	0.98	1	1	0	1	5	4	+G
II	1987101	C	-G/-G	0	15	100%	0	2	0	40	0.98	0	1	0	0	9	6	-G
II	1987117	T	-G/-G	0	13	100%	0	2	0	40	0.98	0	1	0	0	9	4	-G
II	2049891	A	-T/-T	2	16	88.89%	1	2	37	48	0.98	1	1	0	2	7	9	-T
II	2053516	G	+C/+C	0	8	88.89%	0	2	0	46	0.98	0	1	0	0	4	4	+C
II	2108180	T	+A/+A	1	7	87.5%	1	2	25	42	0.98	1	1	0	1	3	4	+A
II	2147726	G	+T/+T	0	9	100%	0	2	0	45	0.98	0	1	0	0	6	3	+T
II	2187407	G	+A/+A	0	14	87.5%	0	2	0	35	0.98	0	1	0	0	7	7	+A
II	2198945	G	*/-CA	26	2	7.14%	2	1	38	37	0.98	1	1	6	20	0	2	-CA
II	2203072	C	*/-A	9	2	18.18%	2	1	45	28	0.98	1	1	3	6	0	2	-A
II	2219928	A	+T/+T	0	14	100%	0	2	0	33	0.98	0	1	0	0	6	8	+T
II	2293297	G	-A/-A	0	8	100%	0	2	0	41	0.98	0	1	0	0	7	1	-A
II	2338528	G	*/-A	8	3	27.27%	2	1	33	37	0.98	1	1	6	2	3	0	-A
II	2414394	C	*/+A	13	2	13.33%	2	2	43	37	0.98	1	1	3	10	1	1	+A
II	2592423	T	+A/+A	2	8	80%	2	2	42	47	0.98	1	1	1	1	4	4	+A
II	2600652	T	*/+A	11	2	15.38%	2	2	43	49	0.98	1	1	5	6	1	1	+A
II	2630607	C	*/+A	1	2	50%	1	2	48	37	0.98	1	1	1	0	1	1	+A
II	2640785	T	*/+A	4	8	66.67%	2	2	34	41	0.98	1	1	3	1	6	2	+A
II	2709414	G	+C/+C	0	9	100%	0	2	0	38	0.98	0	1	0	0	4	5	+C
II	2755338	C	*/-AT	9	4	28.57%	2	2	39	37	0.98	1	1	2	7	1	3	-AT
II	2788933	C	+G/+G	0	15	100%	0	2	0	46	0.98	0	1	0	0	14	1	+G
II	2798040	C	-T/-T	0	14	100%	0	2	0	45	0.98	0	1	0	0	2	12	-T
II	2798514	A	-G/-G	3	12	80%	1	2	40	42	0.98	1	1	3	0	4	8	-G
II	2811495	C	-A/-A	0	9	100%	0	2	0	43	0.98	0	1	0	0	2	7	-A
II	2826100	G	*/-A	9	4	30.77%	2	2	30	33	0.98	1	1	6	3	2	2	-A
II	2900889	A	*/-T	3	2	28.57%	1	1	37	37	0.98	1	1	3	0	2	0	-T
II	2900889	A	*/+T	3	2	28.57%	1	1	37	37	0.98	1	1	3	0	2	0	-T
II	2938953	C	*/+A	7	2	22.22%	2	1	31	49	0.98	1	1	1	6	0	2	+A
II	2938956	C	*/+T	0	5	55.56%	0	1	0	27	0.98	0	1	0	0	0	5	+T
II	2963959	A	*/-AT	10	3	23.08%	2	1	40	45	0.98	1	1	2	8	0	3	-AT
II	3008596	G	*/-TATATCCCAATCCCATACCATTTACTAGCA	30	2	6.25%	2	2	41	37	0.98	1	1	21	9	1	1	-TATATCCCAATCCCATACCATTTACTAGCA
II	3040332	C	+G/+G	2	20	86.96%	1	2	37	48	0.98	1	1	2	0	12	8	+G
II	3171788	G	*/+A	6	3	25%	1	1	35	33	0.98	1	1	6	0	3	0	+A
II	3410437	G	*/-T	4	2	25%	2	2	36	31	0.98	1	1	2	2	1	1	-T
II	3514786	C	*/-T	4	2	28.57%	2	1	55	25	0.98	1	1	2	2	2	0	-T
II	3540057	A	*/-T	11	2	13.33%	2	1	38	68	0.98	1	1	8	3	0	2	-T
II	3619003	A	+G/+G	0	15	88.24%	0	2	0	44	0.98	0	1	0	0	7	8	+G
II	3621704	A	*/-T	5	2	28.57%	2	2	49	49	0.98	1	1	3	2	1	1	-T
II	3677406	A	*/+C	17	2	10.53%	2	1	39	68	0.98	1	1	6	11	0	2	+C
II	3838101	C	-A/-A	1	4	80%	1	1	48	37	0.98	1	1	0	1	4	0	-A
II	3856896	A	*/-T	11	3	20%	2	2	40	36	0.98	1	1	4	7	1	2	-T
II	3860185	C	*/-TAGTA	9	8	44.44%	1	1	37	40	0.98	1	1	0	9	8	0	-TAGTA
II	3869342	A	*/-AT	11	2	15.38%	2	2	35	55	0.98	1	1	3	8	1	1	-AT
II	3954039	C	*/-T	12	2	13.33%	2	2	39	42	0.98	1	1	10	2	1	1	-T
II	3974259	T	*/-A	8	2	20%	2	1	37	37	0.98	1	1	3	5	2	0	-A
II	3975235	C	*/-A	11	2	14.29%	2	1	36	61	0.98	1	1	9	2	0	2	-A
II	4006982	C	*/-A	4	2	33.33%	1	2	35	37	0.98	1	1	4	0	1	1	-A
II	4254960	G	-A/-A	0	13	100%	0	2	0	51	0.98	0	1	0	0	3	10	-A
II	4264124	C	*/+TGA	9	4	30.77%	2	2	38	37	0.98	1	1	7	2	2	2	+TGA
II	4308414	C	*/-A	3	2	16.67%	2	1	45	37	0.98	1	1	2	1	2	0	-A
II	4308414	C	*/+A	3	7	58.33%	2	2	45	38	0.98	1	1	2	1	5	2	+A
II	4462508	C	*/-A	5	2	28.57%	2	2	42	37	0.98	1	1	2	3	1	1	-A
II	4506943	C	*/-A	14	2	12.5%	2	2	45	43	0.98	1	1	13	1	1	1	-A
II	4507612	T	*/-A	12	2	14.29%	2	1	33	37	0.98	1	1	7	5	2	0	-A
II	4507813	A	*/+G	34	2	5.41%	2	1	35	35	0.98	1	1	30	4	0	2	+G
II	4517047	T	*/+TACTCATC	31	7	17.5%	2	2	48	37	0.98	1	1	21	10	6	1	+TACTCATC
II	4521677	T	*/-AA	3	4	57.14%	1	2	37	46	0.98	1	1	0	3	1	3	-AA
II	4525340	G	*/-T	26	2	6.06%	2	1	37	31	0.98	1	1	21	5	2	0	-T
II	4525340	G	*/+T	26	4	12.12%	2	2	37	37	0.98	1	1	21	5	2	2	+T
II	4526174	A	*/-T	6	2	22.22%	2	1	43	42	0.98	1	1	3	3	0	2	-T
II	4526843	C	*/-T	7	2	20%	2	2	38	31	0.98	1	1	5	2	1	1	-T
II	4528465	C	*/+GACAATGACAAT	36	3	7.32%	2	2	44	37	0.98	1	1	19	17	2	1	+GACAATGACAAT
II	4528483	T	*/-GACAATGACAGA	36	2	5.26%	2	1	42	36	0.98	1	1	20	16	0	2	-GACAATGACAGA
II	4529375	T	*/+ACAACGACAACGACAACG	48	9	12.86%	2	2	40	39	0.98	1	1	31	17	7	2	+ACAACGACAACGACAACG
II	4529375	T	*/+ACAACGACAACGACAACGACAACG	48	4	5.71%	2	2	40	34	0.98	1	1	31	17	3	1	+ACAACGACAACGACAACG
II	4533588	C	*/-T	41	28	40.58%	2	2	41	37	0.98	1	1	20	21	15	13	-T
II	4534880	A	*/-T	52	16	23.53%	2	2	41	36	0.98	1	1	23	29	9	7	-T
II	4535321	G	*/-GATAT	118	15	11.28%	2	2	38	36	0.98	1	1	66	52	8	7	-GATAT
II	4535523	T	*/+GTTACG	135	24	15.09%	2	2	41	43	0.98	1	1	39	96	3	21	+GTTACG
II	4535548	A	*/-TATGTG	133	18	11.84%	2	2	40	43	0.98	1	1	41	92	4	14	-TATGTG
II	4535645	G	*/-T	96	30	23.44%	2	2	46	49	0.98	1	1	53	43	12	18	-T
II	4535727	A	*/-G	75	13	14.77%	2	2	38	46	0.98	1	1	27	48	4	9	-G
II	4536728	A	*/+GAGAGTAGG	102	17	13.82%	2	2	38	45	0.98	1	1	50	52	8	9	+GAGAGTAGG
II	4537213	G	*/+T	63	86	56.95%	2	2	44	48	0.98	1	1	39	24	49	37	+T
II	4537387	A	*/-AATAAGAG	42	60	58.82%	2	2	39	39	0.98	1	1	24	18	39	21	-AATAAGAG
II	4537655	A	*/+AAATG	40	6	12.77%	2	2	41	43	0.98	1	1	28	12	5	1	+AAATG
II	4537712	T	*/-AAATAAAATTAATG	20	13	39.39%	2	2	40	42	0.98	1	1	12	8	7	6	-AAATAAAATTAATG
II	4538312	A	*/-TAGGTATAGGTAGAATAAGTAGAGTAGAG	70	4	5.41%	2	1	37	34	0.98	1	1	16	54	4	0	-TAGGTATAGGTAGAATAAGTAGAGTAGAG
II	4538638	T	*/-AAATAAAATTAATG	18	2	10%	2	1	39	37	0.98	1	1	7	11	2	0	-AAATAAAATTAATG
III	1558	G	*/-A	40	6	11.11%	2	2	35	37	0.98	1	1	18	22	4	2	-A
III	1558	G	*/+A	40	3	5.56%	2	1	35	37	0.98	1	1	18	22	0	3	-A
III	4729	A	*/-T	177	47	20%	2	2	40	40	0.98	1	1	112	65	23	24	-T
III	4952	C	*/+T	152	23	12.92%	2	2	36	38	0.98	1	1	93	59	6	17	+T
III	5403	C	*/-T	163	40	17.24%	2	2	36	38	0.98	1	1	130	33	19	21	-T
III	5403	C	*/-TT	163	13	5.6%	2	2	36	38	0.98	1	1	130	33	4	9	-T
III	9812	T	*/+A	73	11	12.94%	2	1	40	38	0.98	1	1	19	54	0	11	+A
III	12428	G	*/+A	38	3	6.98%	2	1	37	37	0.98	1	1	14	24	0	3	+A
III	15599	A	*/-T	193	47	18.01%	2	2	41	42	0.98	1	1	135	58	20	27	-T
III	15599	A	*/+T	193	15	5.75%	2	2	41	44	0.98	1	1	135	58	2	13	-T
III	15822	C	*/+T	164	21	11.11%	2	2	38	40	0.98	1	1	103	61	7	14	+T
III	16273	C	*/-T	142	41	19.62%	2	2	39	34	0.98	1	1	97	45	18	23	-T
III	16273	C	*/-TT	142	12	5.74%	2	2	39	34	0.98	1	1	97	45	7	5	-T
III	20682	T	*/+A	63	14	17.72%	2	1	40	38	0.98	1	1	12	51	0	14	+A
III	23297	T	*/-G	51	3	5.45%	2	1	37	57	0.98	1	1	19	32	0	3	-G
III	23298	G	*/-A	25	10	22.22%	2	2	34	33	0.98	1	1	11	14	8	2	-A
III	23298	G	*/+A	25	7	15.56%	2	2	34	33	0.98	1	1	11	14	4	3	-A
III	69589	T	*/-A	8	2	18.18%	2	1	34	55	0.98	1	1	2	6	2	0	-A
III	123319	T	*/-A	5	2	28.57%	2	1	34	49	0.98	1	1	3	2	0	2	-A
III	207168	T	*/-A	2	2	50%	1	1	49	36	0.98	1	1	2	0	2	0	-A
III	208140	C	*/-A	2	2	50%	1	1	31	37	0.98	1	1	2	0	2	0	-A
III	231502	G	*/-AA	5	2	25%	2	1	44	37	0.98	1	1	4	1	0	2	-AA
III	245692	C	*/-T	12	2	13.33%	2	1	47	49	0.98	1	1	8	4	2	0	-T
III	286478	C	-TT/-TT	1	6	85.71%	1	2	74	36	0.98	1	1	1	0	2	4	-TT
III	348685	G	*/-AT	20	2	9.09%	2	1	41	61	0.98	1	1	14	6	2	0	-AT
III	365747	C	*/-A	1	10	71.43%	1	2	37	38	0.98	1	1	1	0	7	3	-A
III	365747	C	*/-AA	1	3	21.43%	1	2	37	45	0.98	1	1	1	0	1	2	-A
III	489240	A	*/-CCTCGTTC	55	3	5.08%	2	1	48	37	0.98	1	1	36	19	3	0	-CCTCGTTC
III	489252	A	*/+GGAACGAG	52	3	5.45%	2	1	50	33	0.98	1	1	27	25	3	0	+GGAACGAG
III	518843	C	*/-T	9	2	18.18%	2	2	39	43	0.98	1	1	4	5	1	1	-T
III	619150	T	*/-GA	6	2	25%	2	1	35	31	0.98	1	1	2	4	2	0	-GA
III	717677	A	-T/-T	1	6	85.71%	1	1	37	47	0.98	1	1	1	0	6	0	-T
III	720683	A	+T/+T	0	6	75%	0	2	0	49	0.98	0	1	0	0	2	4	+T
III	762516	T	*/-A	6	2	25%	2	2	51	49	0.98	1	1	4	2	1	1	-A
III	822701	G	*/-T	10	2	15.38%	2	2	50	31	0.98	1	1	3	7	1	1	-T
III	827251	C	*/-T	1	3	60%	1	2	37	36	0.98	1	1	1	0	1	2	-T
III	867865	C	-T/-T	2	8	80%	1	2	31	35	0.98	1	1	2	0	5	3	-T
III	898665	T	*/-A	11	2	15.38%	2	2	38	25	0.98	1	1	5	6	1	1	-A
III	926505	T	*/+TC	12	2	14.29%	2	1	39	37	0.98	1	1	4	8	0	2	+TC
III	954028	G	*/-A	7	2	22.22%	2	1	51	37	0.98	1	1	4	3	2	0	-A
III	958241	C	*/-T	4	2	33.33%	2	2	43	36	0.98	1	1	2	2	1	1	-T
III	966124	G	*/+T	10	2	16.67%	1	1	37	37	0.98	1	1	10	0	2	0	+T
III	970548	C	-T/-T	1	3	75%	1	1	37	33	0.98	1	1	0	1	0	3	-T
III	1016311	G	+C/+C	3	22	88%	2	2	33	39	0.98	1	1	1	2	7	15	+C
III	1075530	A	*/+TGGAAGTGGTAAG	68	4	5.56%	2	2	39	32	0.98	1	1	23	45	2	2	+TGGAAGTGGTAAG
III	1079346	A	*/+G	46	7	12.96%	2	1	39	35	0.98	1	1	33	13	7	0	+G
III	1080146	T	*/+ATATAGAG	119	13	9.85%	2	2	42	39	0.98	1	1	54	65	7	6	+ATATAGAG
III	1084026	A	*/+AGTGGTGATGGTT	38	4	9.3%	2	2	37	34	0.98	1	1	12	26	3	1	+AGTGGTGATGGTT
III	1087979	A	*/+G	31	2	5.88%	2	1	42	37	0.98	1	1	16	15	0	2	+G
III	1095550	G	*/-T	7	2	18.18%	2	2	46	25	0.98	1	1	4	3	1	1	-T
III	1095550	G	*/-TT	7	2	18.18%	2	1	46	37	0.98	1	1	4	3	2	0	-T
III	1103423	T	*/-A	8	4	25%	2	1	33	39	0.98	1	1	7	1	0	4	-A
III	1103423	T	*/-AA	8	3	18.75%	2	2	33	31	0.98	1	1	7	1	2	1	-A
III	1117723	T	*/+C	43	4	8.51%	2	1	42	46	0.98	1	1	23	20	4	0	+C
III	1121674	T	*/+ACCACTAACCATC	27	2	6.9%	2	2	37	55	0.98	1	1	20	7	1	1	+ACCACTAACCATC
III	1124483	T	*/+C	28	6	17.65%	2	2	48	49	0.98	1	1	19	9	5	1	+C
III	1131243	T	*/+C	34	4	10.53%	2	1	40	43	0.98	1	1	14	20	4	0	+C
III	1135194	T	*/+ACCACTAACCATC	28	2	6.67%	2	2	40	42	0.98	1	1	16	12	1	1	+ACCACTAACCATC
III	1153583	A	*/-C	17	2	10.53%	2	2	48	31	0.98	1	1	5	12	1	1	-C
III	1413319	C	*/+T	8	2	20%	2	2	46	55	0.98	1	1	4	4	1	1	+T
III	1510629	T	*/-A	3	3	42.86%	1	1	37	29	0.98	1	1	0	3	3	0	-A
III	1541060	C	*/-T	11	2	15.38%	2	1	39	37	0.98	1	1	3	8	2	0	-T
III	1685487	G	+A/+A	2	14	82.35%	2	2	31	40	0.98	1	1	1	1	9	5	+A
III	1702276	A	*/+T	18	3	13.64%	2	1	43	37	0.98	1	1	8	10	3	0	+T
III	1756400	T	-A/-A	0	15	100%	0	2	0	37	0.98	0	1	0	0	4	11	-A
III	1774235	T	+GATC/+GATC	0	6	100%	0	2	0	45	0.98	0	1	0	0	5	1	+GATC
III	1947823	A	*/-T	6	2	25%	2	2	35	55	0.98	1	1	5	1	1	1	-T
III	1979604	A	*/-T	6	3	33.33%	2	2	33	33	0.98	1	1	3	3	2	1	-T
III	2206426	T	*/-G	8	2	20%	2	1	46	31	0.98	1	1	2	6	2	0	-G
III	2260529	G	*/-T	19	2	9.52%	2	2	42	37	0.98	1	1	13	6	1	1	-T
III	2347195	A	*/+T	23	2	8%	2	1	43	55	0.98	1	1	7	16	0	2	+T
III	2420241	T	*/-A	7	2	18.18%	2	2	40	37	0.98	1	1	5	2	1	1	-A
III	2443562	A	*/+T	7	14	63.64%	2	2	42	35	0.98	1	1	2	5	1	13	+T
III	2447848	T	*/-A	354	125	21.55%	2	2	37	36	0.98	1	1	287	67	97	28	-A
III	2447848	T	*/-AA	354	54	9.31%	2	2	37	39	0.98	1	1	287	67	41	13	-A
III	2447848	T	*/+A	354	35	6.03%	2	2	37	40	0.98	1	1	287	67	25	10	-A
III	2448309	T	-AA/-AA	21	263	90.38%	2	2	40	38	0.98	1	1	16	5	94	169	-AA
III	2448518	T	*/-A	426	125	19.9%	2	2	40	39	0.98	1	1	329	97	96	29	-A
