Chrom	Position	Ref	Cons	Reads1	Reads2	VarFreq	Strands1	Strands2	Qual1	Qual2	Pvalue	MapQual1	MapQual2	Reads1Plus	Reads1Minus	Reads2Plus	Reads2Minus	VarAllele
chr_II_telomeric_gap	2878	T	+TAA/+TAA	3	34	91.89%	2	2	49	43	0.98	1	1	2	1	17	17	+TAA
chr_II_telomeric_gap	6301	C	*/-AT	17	2	10.53%	2	2	50	37	0.98	1	1	5	12	1	1	-AT
chr_II_telomeric_gap	8538	G	*/-A	3	2	22.22%	1	1	34	37	0.98	1	1	3	0	2	0	-A
I	3160	A	*/+GTTGTCGTTGTCGTTGTC	58	10	11.11%	2	2	45	42	0.98	1	1	34	24	5	5	+GTTGTCGTTGTCGTTGTC
I	3160	A	*/+GTTGTCGTTGTCGTTGTCGTTGTC	58	18	20%	2	2	45	44	0.98	1	1	34	24	9	9	+GTTGTCGTTGTCGTTGTCGTTGTC
I	4053	C	*/+TGTCAT	76	12	13.48%	2	2	44	46	0.98	1	1	38	38	4	8	+TGTCAT
I	5677	G	*/-A	30	16	28.07%	2	1	39	35	0.98	1	1	28	2	16	0	-A
I	5677	G	*/+A	30	5	8.77%	2	1	39	35	0.98	1	1	28	2	5	0	-A
I	6357	T	*/-AA	39	22	34.38%	2	2	48	47	0.98	1	1	19	20	11	11	-AA
I	7192	C	*/-A	32	5	9.09%	2	2	39	41	0.98	1	1	24	8	1	4	A
I	7192	C	*/+A	32	12	21.82%	2	2	39	41	0.98	1	1	24	8	11	1	+A
I	10859	G	*/-TT	17	6	26.09%	2	2	45	49	0.98	1	1	9	8	3	3	-TT
I	15734	C	*/-A	22	5	15.62%	2	2	47	48	0.98	1	1	15	7	3	2	-A
I	15734	C	*/+A	22	5	15.62%	2	1	47	44	0.98	1	1	15	7	5	0	-A
I	19694	T	*/+A	46	5	9.8%	2	1	60	34	0.98	1	1	18	28	5	0	+A
I	27402	A	*/-C	21	5	13.16%	2	1	40	44	0.98	1	1	6	15	0	5	-C
I	27402	A	*/+C	21	6	15.79%	2	1	40	34	0.98	1	1	6	15	0	6	+C
I	27402	A	*/+CC	21	3	7.89%	2	1	40	49	0.98	1	1	6	15	0	3	+C
I	29373	T	*/+CTTGGGAATGATTATAGCAGC	34	2	5%	2	1	48	37	0.98	1	1	17	17	2	0	C
I	30989	C	*/-A	15	2	11.76%	2	1	47	55	0.98	1	1	8	7	2	0	-A
I	55244	T	*/-A	7	4	18.18%	2	2	38	36	0.98	1	1	6	1	3	1	-A
I	55244	T	*/-AA	7	7	31.82%	2	2	38	40	0.98	1	1	6	1	6	1	-AA
I	55244	T	*/+A	7	3	13.64%	2	1	38	40	0.98	1	1	6	1	3	0	-AA
I	99474	C	*/+A	27	2	6.9%	2	2	42	37	0.98	1	1	17	10	1	1	+A
I	101871	A	+G/+G	3	43	89.58%	2	2	61	50	0.98	1	1	1	2	20	23	+G
I	206448	C	*/-TT	11	2	15.38%	2	1	38	42	0.98	1	1	10	1	2	0	-TT
I	216147	C	*/-T	18	7	25.93%	2	2	37	38	0.98	1	1	9	9	2	5	-T
I	216147	C	*/-TT	18	2	7.41%	2	1	37	49	0.98	1	1	9	9	0	2	-T
I	315375	G	*/-T	23	2	7.69%	2	1	43	37	0.98	1	1	16	7	2	0	-T
I	414079	C	*/-T	16	2	10.53%	2	2	43	55	0.98	1	1	10	6	1	1	-T
I	440084	T	*/+A	6	8	44.44%	2	2	38	41	0.98	1	1	3	3	5	3	+A
I	441614	C	*/-T	9	4	22.22%	2	1	31	36	0.98	1	1	7	2	4	0	-T
I	441614	C	*/-TT	9	3	16.67%	2	2	31	29	0.98	1	1	7	2	2	1	-T
I	442786	C	*/+T	7	10	58.82%	2	2	47	42	0.98	1	1	3	4	8	2	+T
I	453369	G	*/+A	6	7	35%	1	1	37	37	0.98	1	1	6	0	7	0	+A
I	453369	G	*/+AA	6	3	15%	1	1	37	33	0.98	1	1	6	0	3	0	+A
I	456726	G	*/-T	26	3	10.34%	2	2	42	49	0.98	1	1	18	8	1	2	-T
I	464017	C	*/-A	14	2	12.5%	2	2	51	55	0.98	1	1	9	5	1	1	-A
I	470234	T	*/+A	18	2	10%	2	1	47	37	0.98	1	1	6	12	2	0	+A
I	470378	A	-C/-C	0	24	100%	0	2	0	46	0.98	0	1	0	0	14	10	-C
I	470390	A	-C/-C	0	25	100%	0	2	0	54	0.98	0	1	0	0	14	11	-C
I	482737	A	+G/+G	3	46	92%	2	2	61	43	0.98	1	1	1	2	26	20	+G
I	521845	T	*/-A	25	3	9.68%	2	2	43	49	0.98	1	1	11	14	1	2	-A
I	528541	C	*/+A	34	4	10.26%	2	2	42	52	0.98	1	1	20	14	3	1	+A
I	554527	A	+T/+T	0	11	100%	0	2	0	36	0.98	0	1	0	0	6	5	+T
I	562745	A	*/+T	11	7	36.84%	2	2	39	38	0.98	1	1	8	3	4	3	+T
I	609849	C	*/-T	21	5	18.52%	2	1	46	42	0.98	1	1	14	7	5	0	-T
I	650099	C	*/+A	1	2	33.33%	1	2	37	31	0.98	1	1	1	0	1	1	+A
I	650099	C	*/+AA	1	2	33.33%	1	2	37	49	0.98	1	1	1	0	1	1	+A
I	660056	T	*/+GG	7	2	14.29%	2	1	39	31	0.98	1	1	5	2	2	0	+GG
I	660056	T	*/+GGGG	7	2	14.29%	2	1	39	31	0.98	1	1	5	2	2	0	+GG
I	660056	T	*/+GGGGGGG	7	2	14.29%	2	1	39	31	0.98	1	1	5	2	2	0	+GG
I	661548	C	*/-T	15	2	11.11%	2	2	35	37	0.98	1	1	7	8	1	1	-T
I	670032	C	+A/+A	2	66	97.06%	1	2	68	55	0.98	1	1	2	0	32	34	+A
I	678347	A	*/+T	34	8	19.05%	2	2	48	50	0.98	1	1	20	14	5	3	+T
I	682993	T	-C/-C	1	28	96.55%	1	2	25	48	0.98	1	1	1	0	12	16	-C
I	762675	A	*/+AATCAAAGCAATCCC	23	2	7.69%	2	1	47	37	0.98	1	1	7	16	2	0	+AATCAAAGCAATCCC
I	793917	A	*/-TT	3	2	33.33%	1	1	37	37	0.98	1	1	3	0	2	0	-TT
I	807903	A	*/-T	23	2	8%	2	1	42	37	0.98	1	1	6	17	2	0	-T
I	862962	C	+T/+T	1	20	95.24%	1	2	37	46	0.98	1	1	0	1	15	5	+T
I	870526	T	+A/+A	2	17	89.47%	1	2	31	40	0.98	1	1	0	2	10	7	+A
I	926379	T	*/-A	31	2	6.06%	2	1	48	42	0.98	1	1	14	17	0	2	-A
I	934607	T	*/-A	25	2	7.41%	2	1	49	37	0.98	1	1	15	10	2	0	-A
I	934908	T	*/+AA	10	2	14.29%	2	1	37	49	0.98	1	1	9	1	2	0	+AA
I	960025	G	*/+T	5	8	57.14%	2	2	47	43	0.98	1	1	4	1	3	5	+T
I	965438	C	*/+A	3	2	33.33%	1	1	37	42	0.98	1	1	3	0	2	0	+A
I	995070	G	*/-T	13	4	20%	2	2	35	46	0.98	1	1	11	2	2	2	-T
I	997233	G	*/-T	18	3	14.29%	2	2	49	37	0.98	1	1	15	3	1	2	-T
I	1048635	G	+A/+A	2	13	86.67%	2	2	37	48	0.98	1	1	1	1	8	5	+A
I	1079583	T	*/+AAAAAAAA	3	3	50%	1	1	37	45	0.98	1	1	3	0	3	0	+AAAAAAAA
I	1149923	C	*/+A	19	2	8.7%	2	1	43	37	0.98	1	1	8	11	2	0	+A
I	1152070	G	*/-T	36	2	5.26%	2	2	48	37	0.98	1	1	21	15	1	1	-T
I	1152144	C	*/-T	30	3	8.82%	2	1	44	49	0.98	1	1	15	15	0	3	-T
I	1185797	G	*/-A	12	2	14.29%	2	2	41	31	0.98	1	1	9	3	1	1	-A
I	1206603	G	*/-T	49	3	5.77%	2	2	48	49	0.98	1	1	23	26	2	1	-T
I	1254655	T	*/-A	23	2	7.14%	2	1	44	37	0.98	1	1	18	5	2	0	-A
I	1254655	T	*/+A	23	2	7.14%	2	2	44	42	0.98	1	1	18	5	1	1	-A
I	1274803	T	+A/+A	0	18	100%	0	2	0	50	0.98	0	1	0	0	10	8	+A
I	1290605	A	*/-T	15	6	27.27%	2	2	42	35	0.98	1	1	13	2	4	2	-T
I	1333654	T	*/+G	1	4	66.67%	1	2	25	39	0.98	1	1	0	1	3	1	+G
I	1357331	G	*/+T	19	3	13.64%	2	2	51	33	0.98	1	1	5	14	2	1	+T
I	1358794	C	*/+A	4	4	36.36%	1	2	55	48	0.98	1	1	4	0	1	3	+A
I	1360608	T	*/+C	12	16	57.14%	2	2	48	41	0.98	1	1	3	9	7	9	+C
I	1387517	C	*/+T	5	6	50%	2	2	56	41	0.98	1	1	2	3	4	2	+T
I	1424708	C	-A/-A	1	14	93.33%	1	2	74	48	0.98	1	1	0	1	5	9	-A
I	1454446	C	*/-A	22	5	17.86%	2	2	47	51	0.98	1	1	11	11	3	2	-A
I	1478066	G	*/-A	22	2	8%	2	2	40	31	0.98	1	1	20	2	1	1	-A
I	1496317	C	*/-A	4	13	59.09%	2	2	40	40	0.98	1	1	3	1	5	8	-A
I	1496317	C	*/-AA	4	4	18.18%	2	2	40	64	0.98	1	1	3	1	2	2	-A
I	1509277	C	+T/+T	3	13	81.25%	1	2	49	37	0.98	1	1	3	0	8	5	+T
I	1541472	G	*/-T	7	5	33.33%	2	2	47	34	0.98	1	1	6	1	3	2	-T
I	1541472	G	*/-TT	7	3	20%	2	2	47	44	0.98	1	1	6	1	1	2	-T
I	1545438	T	*/-AGA	27	2	6.9%	2	1	37	55	0.98	1	1	9	18	2	0	-AGA
I	1545447	T	*/-A	27	2	6.9%	2	1	39	55	0.98	1	1	10	17	2	0	-A
I	1595056	C	*/-T	12	3	14.29%	2	1	38	32	0.98	1	1	10	2	0	3	-T
I	1595056	C	*/+T	12	4	19.05%	2	2	38	55	0.98	1	1	10	2	1	3	+T
I	1598879	A	*/-T	49	3	5.77%	2	2	50	36	0.98	1	1	28	21	2	1	-T
I	1599291	T	*/+A	8	3	23.08%	2	2	31	32	0.98	1	1	2	6	2	1	+A
I	1625092	T	+C/+C	0	18	100%	0	2	0	41	0.98	0	1	0	0	14	4	+C
I	1637927	G	*/+T	14	2	12.5%	2	2	45	55	0.98	1	1	9	5	1	1	+T
I	1663091	T	*/+TTG	15	4	20%	2	2	44	46	0.98	1	1	7	8	2	2	+TTG
I	1702186	T	*/+A	13	2	13.33%	2	2	41	55	0.98	1	1	7	6	1	1	+A
I	1719454	G	*/+T	6	2	25%	2	2	35	55	0.98	1	1	3	3	1	1	+T
I	1777634	A	*/-T	11	4	22.22%	2	2	47	34	0.98	1	1	8	3	3	1	-T
I	1777634	A	*/+T	11	2	11.11%	2	1	47	37	0.98	1	1	8	3	2	0	-T
I	1830464	C	*/+T	22	10	29.41%	2	2	51	54	0.98	1	1	11	11	5	5	+T
I	1837916	G	*/-TT	7	2	16.67%	2	1	37	37	0.98	1	1	6	1	2	0	-TT
I	1849285	C	*/-T	31	4	10%	2	2	49	55	0.98	1	1	18	13	2	2	-T
I	1849285	C	*/+T	31	5	12.5%	2	2	49	49	0.98	1	1	18	13	3	2	+T
I	1890184	C	*/-A	10	4	23.53%	2	2	44	52	0.98	1	1	6	4	2	2	-A
I	1890184	C	*/+A	10	2	11.76%	2	2	44	42	0.98	1	1	6	4	1	1	-A
I	1905525	T	*/+G	2	4	66.67%	2	2	37	37	0.98	1	1	1	1	3	1	+G
I	1936294	G	+A/+A	1	15	88.24%	1	2	37	51	0.98	1	1	0	1	5	10	+A
I	1952313	A	+T/+T	1	43	97.73%	1	2	74	48	0.98	1	1	0	1	33	10	+T
I	1954162	C	*/-A	12	4	19.05%	2	1	37	49	0.98	1	1	11	1	4	0	-A
I	1954162	C	*/-AA	12	2	9.52%	2	1	37	49	0.98	1	1	11	1	2	0	-A
I	1955754	C	*/+T	4	3	27.27%	1	2	37	36	0.98	1	1	4	0	2	1	+T
I	1955754	C	*/+TTT	4	2	18.18%	1	1	37	29	0.98	1	1	4	0	0	2	+T
I	1955853	T	*/+A	4	6	50%	2	2	44	41	0.98	1	1	2	2	4	2	+A
I	1955953	C	*/+T	18	2	10%	2	1	48	42	0.98	1	1	11	7	0	2	+T
I	2025000	C	*/+T	12	10	34.48%	2	2	42	36	0.98	1	1	11	1	7	3	+T
I	2025000	C	*/+TT	12	4	13.79%	2	2	42	39	0.98	1	1	11	1	3	1	+T
I	2041948	T	*/-A	18	2	7.14%	1	1	36	37	0.98	1	1	18	0	2	0	-A
I	2041948	T	*/-AA	18	4	14.29%	1	1	36	46	0.98	1	1	18	0	4	0	-AA
I	2052488	A	*/-T	19	10	30.3%	2	2	39	47	0.98	1	1	14	5	8	2	-T
I	2052488	A	*/+T	19	3	9.09%	2	1	39	33	0.98	1	1	14	5	3	0	-T
I	2096013	T	*/+A	13	3	18.75%	2	2	52	61	0.98	1	1	7	6	1	2	+A
I	2110988	C	*/-AT	11	2	15.38%	2	2	60	55	0.98	1	1	8	3	1	1	-AT
I	2125474	C	*/-A	22	2	8.33%	2	1	50	31	0.98	1	1	8	14	0	2	-A
I	2139856	G	+T/+T	0	12	92.31%	0	2	0	38	0.98	0	1	0	0	8	4	+T
I	2144385	G	*/-A	17	2	10.53%	2	2	47	74	0.98	1	1	7	10	1	1	-A
I	2154491	T	+A/+A	1	19	95%	1	2	74	48	0.98	1	1	1	0	11	8	+A
I	2174555	C	*/-A	7	6	42.86%	2	2	30	51	0.98	1	1	5	2	1	5	-A
I	2178948	C	*/-A	27	8	22.86%	2	2	37	40	0.98	1	1	26	1	5	3	-A
I	2227936	T	*/+AAA	2	4	40%	1	2	55	46	0.98	1	1	2	0	1	3	+AAA
I	2227936	T	*/+AAAA	2	2	20%	1	2	55	31	0.98	1	1	2	0	1	1	+AAA
I	2231735	C	*/-A	17	4	19.05%	2	2	44	46	0.98	1	1	11	6	2	2	-A
I	2245479	T	*/+C	11	9	37.5%	2	2	40	54	0.98	1	1	6	5	3	6	+C
I	2245479	T	*/+CC	11	2	8.33%	2	1	40	55	0.98	1	1	6	5	0	2	+C
I	2259353	C	*/+T	24	5	17.24%	2	2	49	46	0.98	1	1	11	13	3	2	+T
I	2273201	T	*/-A	10	2	14.29%	2	2	35	49	0.98	1	1	7	3	1	1	-A
I	2288240	C	-G/-G	0	32	100%	0	2	0	52	0.98	0	1	0	0	13	19	-G
I	2322441	G	*/-A	30	4	11.11%	2	2	46	49	0.98	1	1	21	9	2	2	-A
I	2322441	G	*/+A	30	2	5.56%	2	2	46	37	0.98	1	1	21	9	1	1	-A
I	2322636	C	*/-A	18	7	25.93%	1	2	37	38	0.98	1	1	18	0	6	1	-A
I	2322636	C	*/+A	18	2	7.41%	1	1	37	55	0.98	1	1	18	0	2	0	-A
I	2327021	C	*/-A	12	2	12.5%	2	1	31	42	0.98	1	1	5	7	0	2	-A
I	2343703	G	+A/+A	0	14	100%	0	2	0	42	0.98	0	1	0	0	5	9	+A
I	2401096	C	*/-A	17	2	9.52%	2	2	46	55	0.98	1	1	10	7	1	1	-A
I	2421576	A	-C/-C	1	20	95.24%	1	2	37	50	0.98	1	1	0	1	13	7	-C
I	2443651	C	*/-A	19	3	13.64%	2	2	42	29	0.98	1	1	8	11	2	1	-A
I	2499149	A	-T/-T	0	22	100%	0	2	0	44	0.98	0	1	0	0	8	14	-T
I	2507462	T	+A/+A	0	18	94.74%	0	2	0	46	0.98	0	1	0	0	10	8	+A
I	2510060	T	+A/+A	2	12	85.71%	2	2	74	49	0.98	1	1	1	1	9	3	+A
I	2520612	G	*/+T	31	4	11.11%	2	2	46	37	0.98	1	1	14	17	1	3	+T
I	2525713	C	*/-T	21	3	11.54%	2	1	45	45	0.98	1	1	16	5	3	0	-T
I	2525713	C	*/+T	21	2	7.69%	2	2	45	55	0.98	1	1	16	5	1	1	-T
I	2556743	G	*/-A	5	2	20%	1	1	42	37	0.98	1	1	5	0	2	0	-A
I	2578262	T	*/-A	20	3	13.04%	2	2	42	41	0.98	1	1	8	12	2	1	-A
I	2588021	C	+A/+A	0	9	100%	0	2	0	49	0.98	0	1	0	0	5	4	+A
I	2588066	C	+A/+A	0	12	100%	0	2	0	39	0.98	0	1	0	0	7	5	+A
I	2594263	C	+T/+T	3	12	80%	2	2	36	44	0.98	1	1	1	2	3	9	+T
I	2594324	T	+A/+A	2	12	85.71%	1	2	37	55	0.98	1	1	0	2	5	7	+A
I	2594351	T	+A/+A	0	10	100%	0	2	0	56	0.98	0	1	0	0	4	6	+A
I	2594391	A	+T/+T	1	8	80%	1	2	74	52	0.98	1	1	1	0	3	5	+T
I	2605777	C	*/-A	26	4	12.9%	2	2	47	43	0.98	1	1	14	12	2	2	-A
I	2605860	G	-T/-T	1	28	96.55%	1	2	74	47	0.98	1	1	1	0	11	17	-T
I	2607669	A	+T/+T	2	33	94.29%	2	2	55	47	0.98	1	1	1	1	20	13	+T
I	2641998	C	*/+T	6	5	41.67%	2	1	38	33	0.98	1	1	5	1	5	0	+T
I	2645398	A	*/+T	36	2	5.26%	2	2	50	37	0.98	1	1	21	15	1	1	+T
I	2683902	T	-C/-C	0	32	100%	0	2	0	48	0.98	0	1	0	0	12	20	-C
I	2689254	A	*/+T	9	3	25%	2	1	46	61	0.98	1	1	3	6	0	3	+T
I	2747027	T	*/-A	8	5	31.25%	2	2	47	51	0.98	1	1	2	6	1	4	-A
I	2747027	T	*/+A	8	3	18.75%	2	2	47	37	0.98	1	1	2	6	1	2	-A
I	2751236	T	-A/-A	3	20	80%	2	2	49	46	0.98	1	1	2	1	9	11	-A
I	2751236	T	*/-AA	3	2	8%	2	2	49	74	0.98	1	1	2	1	1	1	-A
I	2759871	T	+C/+C	0	17	100%	0	2	0	45	0.98	0	1	0	0	6	11	+C
I	2876870	C	*/-T	18	2	9.52%	2	1	53	31	0.98	1	1	8	10	0	2	-T
I	2881073	G	*/-A	20	2	9.09%	2	1	42	37	0.98	1	1	11	9	2	0	-A
I	2897634	G	*/-TA	39	3	7.14%	2	2	50	45	0.98	1	1	21	18	2	1	-TA
I	2949974	G	*/-AT	41	3	6.67%	2	2	51	37	0.98	1	1	20	21	1	2	-AT
I	2963080	T	*/-A	19	2	9.52%	2	2	37	55	0.98	1	1	5	14	1	1	-A
I	2977087	C	*/-T	25	2	7.41%	2	2	41	37	0.98	1	1	11	14	1	1	-T
I	3011884	G	*/-C	18	2	10%	2	2	44	37	0.98	1	1	8	10	1	1	-C
I	3033347	C	*/-T	18	7	25.93%	2	2	47	51	0.98	1	1	14	4	2	5	-T
I	3125118	A	+T/+T	3	20	86.96%	1	2	61	43	0.98	1	1	3	0	7	13	+T
I	3144699	T	*/-A	8	2	14.29%	2	2	44	42	0.98	1	1	4	4	1	1	-A
I	3144699	T	*/+A	8	2	14.29%	2	1	44	37	0.98	1	1	4	4	2	0	-A
I	3159187	C	*/-CA	72	6	7.69%	2	2	46	63	0.98	1	1	32	40	1	5	-CA
I	3159955	C	*/+ATACT	102	6	5.56%	2	1	45	35	0.98	1	1	19	83	6	0	+ATACT
I	3159994	C	*/-T	101	6	5.41%	2	2	42	43	0.98	1	1	72	29	5	1	-T
I	3166776	G	*/+T	4	2	8%	1	1	43	37	0.98	1	1	4	0	2	0	+T
I	3166776	G	*/+TT	4	8	32%	1	2	43	46	0.98	1	1	4	0	3	5	+TT
I	3166776	G	*/+TTT	4	10	40%	1	2	43	40	0.98	1	1	4	0	9	1	+TTT
I	3178494	C	+T/+T	0	23	100%	0	2	0	54	0.98	0	1	0	0	13	10	+T
I	3184255	T	*/-A	17	2	9.09%	2	2	39	37	0.98	1	1	4	13	1	1	-A
I	3184255	T	*/+A	17	2	9.09%	2	2	39	37	0.98	1	1	4	13	1	1	-A
I	3197528	A	+G/+G	2	50	94.34%	2	2	55	46	0.98	1	1	1	1	23	27	+G
I	3281928	C	*/-A	29	2	6.45%	2	2	41	74	0.98	1	1	18	11	1	1	-A
I	3300226	T	*/-A	30	13	30.23%	2	2	50	54	0.98	1	1	16	14	10	3	-A
I	3300811	C	*/-GGGGGGGGG	2	3	42.86%	1	1	37	33	0.98	1	1	2	0	3	0	-GGGGGGGGG
I	3303394	C	*/-AT	20	2	8.33%	2	2	55	74	0.98	1	1	7	13	1	1	-AT
I	3303394	C	*/-ATAT	20	2	8.33%	2	1	55	37	0.98	1	1	7	13	2	0	-AT
I	3320673	A	*/-T	9	2	18.18%	2	1	44	55	0.98	1	1	3	6	2	0	-T
I	3404612	C	*/-T	4	3	42.86%	1	2	31	40	0.98	1	1	4	0	2	1	-T
I	3410124	A	*/-T	12	3	18.75%	2	2	43	37	0.98	1	1	7	5	1	2	-T
I	3450130	G	-T/-T	0	24	100%	0	2	0	47	0.98	0	1	0	0	10	14	-T
I	3460318	T	+C/+C	0	22	100%	0	2	0	47	0.98	0	1	0	0	13	9	+C
I	3460476	G	*/-A	17	2	10.53%	2	2	44	37	0.98	1	1	10	7	1	1	-A
I	3462650	A	*/-T	11	2	13.33%	2	2	45	68	0.98	1	1	6	5	1	1	-T
I	3477396	C	*/-A	17	2	10%	2	2	38	37	0.98	1	1	12	5	1	1	-A
I	3532234	C	*/+TGTA	35	4	10.26%	2	2	52	55	0.98	1	1	18	17	2	2	+TGTA
I	3538413	A	+T/+T	2	15	88.24%	1	2	42	41	0.98	1	1	0	2	6	9	+T
I	3538428	G	+T/+T	1	15	88.24%	1	2	37	41	0.98	1	1	0	1	5	10	+T
I	3538436	T	+A/+A	3	12	80%	1	2	45	42	0.98	1	1	3	0	2	10	+A
I	3538449	T	+TA/+TA	0	11	100%	0	2	0	42	0.98	0	1	0	0	2	9	+TA
I	3538456	A	+AT/+AT	0	10	100%	0	2	0	43	0.98	0	1	0	0	2	8	+AT
I	3575205	C	*/+A	12	2	14.29%	2	1	43	37	0.98	1	1	9	3	2	0	+A
I	3576627	C	*/-T	2	2	40%	2	1	49	37	0.98	1	1	1	1	0	2	-T
I	3576756	T	+TCTTCTC/+TCTTCTC	1	6	75%	1	2	37	43	0.98	1	1	0	1	1	5	+TCTTCTC
I	3576929	C	+T/+T	1	10	83.33%	1	2	22	38	0.98	1	1	1	0	7	3	+T
I	3577787	T	*/+CTCTA	20	23	43.4%	2	2	49	46	0.98	1	1	5	15	10	13	+CTCTA
I	3580034	C	*/+T	4	2	25%	2	1	46	31	0.98	1	1	3	1	2	0	+T
I	3588716	A	*/-T	16	2	11.11%	2	1	40	37	0.98	1	1	4	12	2	0	-T
I	3609896	T	*/-A	4	5	55.56%	2	2	46	44	0.98	1	1	2	2	4	1	-A
I	3659723	T	*/-C	36	2	5.26%	2	1	48	31	0.98	1	1	15	21	0	2	-C
I	3659724	C	*/-T	20	10	31.25%	2	2	40	42	0.98	1	1	13	7	3	7	-T
I	3665610	G	+C/+C	3	78	96.3%	2	2	33	46	0.98	1	1	1	2	32	46	+C
I	3666021	C	+G/+G	0	23	100%	0	2	0	41	0.98	0	1	0	0	14	9	+G
I	3683223	C	*/+A	27	2	6.9%	2	1	46	36	0.98	1	1	10	17	0	2	+A
I	3700385	T	*/+AA	0	10	55.56%	0	2	0	46	0.98	0	1	0	0	4	6	+AA
I	3700385	T	*/+AAA	0	5	27.78%	0	2	0	51	0.98	0	1	0	0	3	2	+AA
I	3730369	A	+T/+T	3	15	78.95%	1	2	33	47	0.98	1	1	3	0	4	11	+T
I	3736072	C	*/+T	8	10	55.56%	2	2	41	38	0.98	1	1	4	4	4	6	+T
I	3746876	C	*/+A	12	2	14.29%	2	1	53	37	0.98	1	1	7	5	2	0	+A
I	3747341	A	*/+C	19	2	9.52%	2	2	46	55	0.98	1	1	14	5	1	1	+C
I	3753285	C	*/-A	24	2	7.69%	2	2	48	37	0.98	1	1	9	15	1	1	-A
I	3765328	C	*/+T	4	19	73.08%	2	2	43	40	0.98	1	1	2	2	15	4	+T
I	3765366	T	*/-A	26	4	12.12%	2	2	44	40	0.98	1	1	12	14	1	3	-A
I	3776888	C	*/-T	16	2	11.11%	2	1	45	37	0.98	1	1	11	5	2	0	-T
I	3776933	G	+A/+A	2	12	80%	1	2	37	38	0.98	1	1	2	0	4	8	+A
I	3785861	G	*/+TATAATGTA	52	7	11.67%	2	2	54	47	0.98	1	1	13	39	1	6	+TATAATGTA
I	3840929	C	*/-T	33	2	5.71%	2	2	53	37	0.98	1	1	14	19	1	1	-T
I	3850523	C	*/-T	24	2	7.41%	2	1	44	37	0.98	1	1	14	10	2	0	-T
I	3855790	G	-T/-T	2	24	92.31%	1	2	37	50	0.98	1	1	2	0	14	10	-T
I	3870142	A	-C/-C	4	15	78.95%	2	2	52	55	0.98	1	1	2	2	4	11	-C
I	3876451	A	*/+G	37	2	5.13%	2	1	45	37	0.98	1	1	23	14	2	0	+G
I	3877609	T	*/+AA	12	2	13.33%	2	1	41	61	0.98	1	1	2	10	2	0	+AA
I	3879465	T	*/-A	26	3	10.34%	2	2	48	49	0.98	1	1	7	19	1	2	-A
I	3880520	T	*/-A	39	3	6.82%	2	2	49	49	0.98	1	1	18	21	2	1	-A
I	3898271	C	*/-A	20	2	8.33%	2	1	46	37	0.98	1	1	9	11	2	0	-A
I	3898271	C	*/+A	20	2	8.33%	2	1	46	31	0.98	1	1	9	11	0	2	-A
I	3940025	G	+T/+T	0	37	97.37%	0	2	0	48	0.98	0	1	0	0	20	17	+T
I	3984736	A	*/-GGT	194	18	8.49%	2	2	45	43	0.98	1	1	50	144	1	17	-GGT
I	3992045	G	*/-A	38	2	5%	2	2	46	49	0.98	1	1	31	7	1	1	-A
I	3992188	G	*/+A	15	2	11.11%	2	1	47	37	0.98	1	1	11	4	2	0	+A
I	3992212	A	*/-AC	32	2	5.88%	2	1	48	37	0.98	1	1	9	23	0	2	-AC
I	3992213	A	*/-C	22	9	29.03%	2	2	43	56	0.98	1	1	5	17	4	5	-C
I	3993810	T	*/-A	7	2	16.67%	2	2	37	55	0.98	1	1	6	1	1	1	-A
I	3993810	T	*/+A	7	2	16.67%	2	1	37	55	0.98	1	1	6	1	2	0	-A
I	4004016	G	*/-T	18	5	19.23%	2	1	48	34	0.98	1	1	13	5	0	5	-T
I	4005819	C	*/-A	27	2	6.9%	2	1	42	37	0.98	1	1	15	12	2	0	-A
I	4010237	A	*/+GG	9	2	18.18%	2	1	37	37	0.98	1	1	7	2	2	0	+GG
I	4055052	T	+A/+A	2	26	92.86%	2	2	37	46	0.98	1	1	1	1	13	13	+A
I	4098272	C	*/-T	25	4	13.79%	2	2	43	46	0.98	1	1	20	5	2	2	-T
I	4140001	G	*/-T	10	3	23.08%	2	1	41	41	0.98	1	1	4	6	0	3	-T
I	4179641	C	*/-A	11	3	21.43%	2	2	44	49	0.98	1	1	8	3	1	2	-A
I	4179700	T	*/+A	6	2	25%	2	1	39	25	0.98	1	1	5	1	0	2	+A
I	4239722	A	*/+T	22	2	8.33%	2	1	46	55	0.98	1	1	14	8	2	0	+T
I	4241118	G	*/-A	17	8	25.81%	2	2	43	32	0.98	1	1	10	7	5	3	-A
I	4241118	G	*/-AA	17	4	12.9%	2	2	43	37	0.98	1	1	10	7	2	2	-A
I	4276888	A	*/+T	21	2	8.7%	2	1	41	42	0.98	1	1	11	10	0	2	+T
I	4276890	G	*/+T	6	16	69.57%	2	2	43	44	0.98	1	1	4	2	8	8	+T
I	4304169	G	+A/+A	0	22	100%	0	2	0	40	0.98	0	1	0	0	12	10	+A
I	4325624	C	+A/+A	5	22	81.48%	2	2	42	45	0.98	1	1	3	2	7	15	+A
I	4325633	A	*/-AT	22	2	8%	2	1	46	55	0.98	1	1	7	15	2	0	-AT
I	4338694	G	+T/+T	5	41	85.42%	1	2	49	45	0.98	1	1	5	0	33	8	+T
I	4360508	C	*/-T	32	3	8.57%	2	2	46	49	0.98	1	1	19	13	1	2	-T
I	4374342	A	-G/-G	0	45	100%	0	2	0	49	0.98	0	1	0	0	22	23	-G
I	4386268	G	*/-A	2	2	33.33%	1	2	33	42	0.98	1	1	2	0	1	1	-A
I	4407494	T	+G/+G	1	30	93.75%	1	2	74	46	0.98	1	1	1	0	17	13	+G
I	4410191	C	-G/-G	2	16	88.89%	2	2	49	45	0.98	1	1	1	1	9	7	-G
I	4431856	G	+A/+A	6	46	88.46%	2	2	47	52	0.98	1	1	5	1	22	24	+A
I	4431868	C	+A/+A	4	42	91.3%	2	2	46	49	0.98	1	1	3	1	17	25	+A
I	4442621	A	*/-AT	51	8	13.56%	2	2	51	47	0.98	1	1	26	25	4	4	-AT
I	4455149	G	+A/+A	0	6	85.71%	0	2	0	33	0.98	0	1	0	0	4	2	+A
I	4514478	T	*/-A	4	10	45.45%	2	2	49	38	0.98	1	1	3	1	7	3	-A
I	4514478	T	*/-AA	4	3	13.64%	2	1	49	37	0.98	1	1	3	1	3	0	-A
I	4514478	T	*/-AAA	4	3	13.64%	2	1	49	37	0.98	1	1	3	1	3	0	-A
I	4514478	T	*/-AAAA	4	2	9.09%	2	2	49	37	0.98	1	1	3	1	1	1	-A
I	4604648	T	*/+A	16	2	10.53%	2	1	49	55	0.98	1	1	12	4	0	2	+A
I	4604649	C	*/-T	9	3	17.65%	2	1	35	37	0.98	1	1	7	2	3	0	-T
I	4604649	C	*/+T	9	4	23.53%	2	1	35	35	0.98	1	1	7	2	4	0	+T
I	4648145	G	*/+T	21	2	7.69%	2	1	39	37	0.98	1	1	20	1	2	0	+T
I	4648159	T	*/-G	17	5	21.74%	2	1	36	49	0.98	1	1	15	2	5	0	-G
I	4721875	G	+A/+A	1	9	90%	1	2	74	39	0.98	1	1	1	0	2	7	+A
I	4764253	G	*/+A	8	16	61.54%	2	2	44	41	0.98	1	1	5	3	9	7	+A
I	4764253	G	*/+AA	8	2	7.69%	2	2	44	42	0.98	1	1	5	3	1	1	+A
I	4781861	G	*/+T	13	2	13.33%	2	1	49	55	0.98	1	1	7	6	0	2	+T
I	4810631	T	*/-A	20	3	12.5%	2	1	49	49	0.98	1	1	16	4	3	0	-A
I	4911431	G	*/+T	12	2	11.11%	2	1	37	49	0.98	1	1	11	1	2	0	+T
I	4911431	G	*/+TT	12	2	11.11%	2	2	37	31	0.98	1	1	11	1	1	1	+T
I	4916623	C	*/-A	21	6	19.35%	2	2	48	51	0.98	1	1	12	9	3	3	-A
I	4916623	C	*/+A	21	2	6.45%	2	1	48	48	0.98	1	1	12	9	2	0	-A
I	4926046	C	*/-T	8	2	10%	1	1	37	28	0.98	1	1	8	0	2	0	-T
I	4926046	C	*/+T	8	5	25%	1	1	37	37	0.98	1	1	8	0	5	0	+T
I	4926046	C	*/+TT	8	2	10%	1	1	37	37	0.98	1	1	8	0	2	0	+T
I	4934297	C	*/-TA	23	4	14.81%	2	2	44	37	0.98	1	1	14	9	1	3	-TA
I	4984784	A	*/-T	10	16	57.14%	2	2	36	50	0.98	1	1	8	2	10	6	-T
I	5073240	G	*/-A	16	3	15.79%	2	2	56	49	0.98	1	1	9	7	1	2	-A
I	5078848	G	*/-A	14	3	16.67%	2	2	43	53	0.98	1	1	5	9	1	2	-A
I	5117187	C	*/+T	17	3	15%	2	2	41	37	0.98	1	1	8	9	2	1	+T
I	5142627	A	+G/+G	1	24	96%	1	2	22	40	0.98	1	1	1	0	9	15	+G
I	5148414	T	-A/-A	0	47	100%	0	2	0	48	0.98	0	1	0	0	26	21	-A
I	5173087	C	+T/+T	3	21	84%	1	2	45	42	0.98	1	1	3	0	5	16	+T
I	5173430	G	*/+T	7	24	72.73%	2	2	36	49	0.98	1	1	5	2	16	8	+T
I	5176926	T	+A/+A	2	7	77.78%	2	2	31	51	0.98	1	1	1	1	2	5	+A
I	5177757	A	*/-C	31	2	6.06%	2	1	39	43	0.98	1	1	28	3	0	2	-C
I	5177760	A	*/-T	26	4	12.5%	2	2	39	46	0.98	1	1	20	6	3	1	-T
I	5181376	A	*/-T	33	2	5.56%	2	1	44	74	0.98	1	1	27	6	0	2	-T
I	5266596	A	*/-T	29	2	5.88%	2	2	49	61	0.98	1	1	19	10	1	1	-T
I	5266596	A	*/+T	29	3	8.82%	2	2	49	46	0.98	1	1	19	10	2	1	+T
I	5322103	A	*/-T	17	2	10.53%	2	1	37	37	0.98	1	1	9	8	0	2	-T
I	5368262	T	-C/-C	5	63	92.65%	2	2	44	46	0.98	1	1	3	2	28	35	-C
I	5368273	G	+T/+T	3	62	91.18%	1	2	37	47	0.98	1	1	0	3	28	34	+T
I	5408321	G	*/-A	29	2	6.06%	2	1	43	55	0.98	1	1	14	15	0	2	-A
I	5408321	G	*/+A	29	2	6.06%	2	1	43	37	0.98	1	1	14	15	0	2	-A
I	5426622	C	+T/+T	4	26	76.47%	2	2	52	47	0.98	1	1	1	3	14	12	+T
I	5426622	C	*/+TT	4	3	8.82%	2	2	52	49	0.98	1	1	1	3	2	1	+T
I	5509333	T	*/+A	30	2	6.25%	2	2	60	55	0.98	1	1	13	17	1	1	+A
I	5510764	A	*/-T	25	2	7.41%	2	2	44	37	0.98	1	1	17	8	1	1	-T
I	5547223	T	*/-A	8	5	38.46%	2	2	37	54	0.98	1	1	6	2	3	2	-A
I	5557287	A	*/-T	11	2	13.33%	2	2	40	29	0.98	1	1	10	1	1	1	-T
I	5557287	A	*/-TT	11	2	13.33%	2	1	40	37	0.98	1	1	10	1	2	0	-T
I	5559365	C	*/-T	4	3	33.33%	2	2	40	32	0.98	1	1	2	2	2	1	-T
I	5559365	C	*/+T	4	2	22.22%	2	1	40	31	0.98	1	1	2	2	2	0	-T
I	5564950	C	*/-T	6	2	22.22%	2	1	47	31	0.98	1	1	3	3	0	2	-T
I	5567937	C	*/-A	31	6	15%	2	1	39	35	0.98	1	1	20	11	6	0	-A
I	5567937	C	*/-AA	31	2	5%	2	2	39	42	0.98	1	1	20	11	1	1	-A
I	5572022	A	*/-T	35	2	5.41%	2	1	51	37	0.98	1	1	7	28	0	2	-T
I	5576850	T	*/-AA	5	4	44.44%	2	2	42	43	0.98	1	1	1	4	2	2	-AA
II	5109	A	*/+C	76	4	5%	2	2	42	74	0.98	1	1	11	65	2	2	+C
II	7149	T	*/-A	32	3	8.57%	2	2	43	37	0.98	1	1	22	10	2	1	-A
II	7268	G	*/-T	25	3	10.34%	2	2	41	37	0.98	1	1	10	15	2	1	-T
II	15830	T	*/+A	9	4	25%	2	1	56	46	0.98	1	1	5	4	4	0	+A
II	46913	T	*/-A	21	2	8.33%	2	1	41	37	0.98	1	1	17	4	2	0	-A
II	52800	C	+TT/+TT	0	36	92.31%	0	2	0	45	0.98	0	1	0	0	25	11	+TT
II	83071	C	+TT/+TT	1	16	88.89%	1	2	74	47	0.98	1	1	1	0	9	7	+TT
II	113240	T	*/-A	5	2	25%	1	1	42	37	0.98	1	1	5	0	2	0	-A
II	121588	G	*/+T	12	2	14.29%	2	1	60	74	0.98	1	1	6	6	0	2	+T
II	128001	T	-A/-A	0	18	100%	0	2	0	50	0.98	0	1	0	0	8	10	-A
II	146079	T	-C/-C	4	24	85.71%	2	2	37	44	0.98	1	1	2	2	15	9	-C
II	226847	C	*/-A	29	2	6.45%	2	1	48	42	0.98	1	1	11	18	0	2	-A
II	229897	A	*/+T	14	15	36.59%	2	2	45	43	0.98	1	1	13	1	8	7	+T
II	229897	A	*/+TT	14	8	19.51%	2	2	45	51	0.98	1	1	13	1	5	3	+T
II	246318	A	*/+T	14	2	12.5%	2	1	42	37	0.98	1	1	10	4	0	2	+T
II	295849	C	*/+T	25	2	7.41%	2	1	55	29	0.98	1	1	12	13	2	0	+T
II	320661	G	*/-A	33	5	12.5%	2	2	45	36	0.98	1	1	20	13	4	1	-A
II	329931	T	*/+G	11	10	47.62%	2	2	43	40	0.98	1	1	4	7	5	5	+G
II	330163	G	*/+A	7	11	61.11%	2	2	51	40	0.98	1	1	3	4	4	7	+A
II	333860	T	+A/+A	2	16	84.21%	2	2	68	53	0.98	1	1	1	1	4	12	+A
II	347845	A	*/-T	16	3	15.79%	2	2	45	49	0.98	1	1	10	6	2	1	-T
II	355454	T	*/+A	14	5	25%	2	2	50	51	0.98	1	1	2	12	1	4	+A
II	376034	C	*/-T	17	2	10%	2	2	40	55	0.98	1	1	7	10	1	1	-T
II	410085	C	*/-T	11	4	23.53%	2	2	39	51	0.98	1	1	9	2	2	2	-T
II	484534	A	*/+T	8	10	50%	2	2	35	43	0.98	1	1	7	1	4	6	+T
II	516071	T	*/-A	14	6	28.57%	2	2	45	47	0.98	1	1	7	7	3	3	-A
II	520627	C	*/-T	12	2	12.5%	1	1	37	61	0.98	1	1	12	0	2	0	-T
II	557942	G	*/+A	29	2	6.45%	2	1	52	74	0.98	1	1	16	13	0	2	+A
II	602525	T	*/+A	18	2	10%	2	1	53	55	0.98	1	1	6	12	2	0	+A
II	603273	A	-AAAATATAATGAAAATGTTTATTGCACAAACAC/-AAAATATAATGAAAATGTTTATTGCACAAACAC	3	10	76.92%	2	2	37	39	0.98	1	1	1	2	6	4	-AAAATATAATGAAAATGTTTATTGCACAAACAC
II	603305	A	-C/-C	0	10	100%	0	2	0	44	0.98	0	1	0	0	4	6	-C
II	662406	A	*/-T	53	4	6.9%	2	2	50	55	0.98	1	1	28	25	3	1	-T
II	673086	G	*/-A	8	4	26.67%	1	2	34	46	0.98	1	1	8	0	3	1	-A
II	700009	T	-A/-A	5	16	76.19%	1	2	37	46	0.98	1	1	0	5	3	13	-A
II	716295	G	*/-T	16	6	25%	2	2	44	39	0.98	1	1	7	9	1	5	-T
II	716295	G	*/+T	16	2	8.33%	2	2	44	37	0.98	1	1	7	9	1	1	-T
II	730173	G	*/-A	26	2	7.14%	2	1	42	49	0.98	1	1	8	18	0	2	-A
II	753854	A	*/-T	6	2	18.18%	2	2	35	37	0.98	1	1	5	1	1	1	-T
II	753854	A	*/+T	6	3	27.27%	2	2	35	45	0.98	1	1	5	1	2	1	+T
II	756993	C	*/-T	16	4	17.39%	2	2	45	48	0.98	1	1	6	10	2	2	-T
II	756993	C	*/+T	16	3	13.04%	2	2	45	49	0.98	1	1	6	10	2	1	-T
II	819795	T	*/+C	38	3	7.32%	2	2	47	49	0.98	1	1	26	12	1	2	+C
II	888599	A	-C/-C	0	9	100%	0	2	0	41	0.98	0	1	0	0	4	5	-C
II	889921	C	*/-T	15	3	13.64%	2	2	38	29	0.98	1	1	14	1	2	1	-T
II	889921	C	*/+T	15	2	9.09%	2	2	38	37	0.98	1	1	14	1	1	1	-T
II	903106	G	+T/+T	2	28	93.33%	1	2	37	44	0.98	1	1	0	2	16	12	+T
II	948303	T	*/-A	16	5	20.83%	2	2	41	56	0.98	1	1	13	3	4	1	-A
II	948303	T	*/+A	16	2	8.33%	2	2	41	42	0.98	1	1	13	3	1	1	-A
II	948732	A	+T/+T	1	10	90.91%	1	2	74	45	0.98	1	1	1	0	3	7	+T
II	965517	C	*/-T	14	2	11.76%	2	1	43	36	0.98	1	1	11	3	2	0	-T
II	1019510	T	*/-A	4	8	53.33%	2	2	55	46	0.98	1	1	3	1	6	2	-A
II	1019510	T	*/-AAA	4	2	13.33%	2	2	55	55	0.98	1	1	3	1	1	1	-A
II	1057872	T	-AAAA/-AAAA	2	13	86.67%	2	2	61	44	0.98	1	1	1	1	5	8	-AAAA
II	1059118	T	*/-A	22	4	14.81%	2	1	47	55	0.98	1	1	10	12	0	4	-A
II	1078264	T	*/-A	28	4	11.76%	2	2	46	37	0.98	1	1	16	12	2	2	-A
II	1078264	T	*/+A	28	2	5.88%	2	2	46	62	0.98	1	1	16	12	1	1	-A
II	1079843	T	+A/+A	3	16	84.21%	2	2	49	40	0.98	1	1	1	2	7	9	+A
II	1141304	C	*/-A	32	5	13.16%	2	2	45	51	0.98	1	1	16	16	3	2	-A
II	1156029	A	*/+AT	10	3	23.08%	2	2	44	49	0.98	1	1	3	7	1	2	+AT
II	1163154	A	-T/-T	1	23	95.83%	1	2	74	53	0.98	1	1	0	1	10	13	-T
II	1187785	G	*/-T	21	7	24.14%	2	2	41	49	0.98	1	1	10	11	3	4	-T
II	1205291	A	*/-T	7	2	22.22%	2	1	49	55	0.98	1	1	3	4	0	2	-T
II	1266289	T	*/+A	3	7	70%	2	1	53	56	0.98	1	1	2	1	0	7	+A
II	1266955	G	*/-GA	77	7	8.24%	2	1	49	47	0.98	1	1	46	31	7	0	-GA
II	1277481	G	*/+TT	5	4	40%	1	2	37	51	0.98	1	1	5	0	2	2	+TT
II	1308618	G	-T/-T	5	43	89.58%	2	2	51	48	0.98	1	1	4	1	25	18	-T
II	1312254	C	*/-T	3	2	28.57%	1	1	31	31	0.98	1	1	3	0	0	2	-T
II	1323266	A	*/-T	24	2	7.69%	2	1	46	37	0.98	1	1	15	9	2	0	-T
II	1323267	T	+A/+A	1	24	96%	1	2	37	48	0.98	1	1	0	1	16	8	+A
II	1349040	A	*/+T	10	2	15.38%	2	2	58	37	0.98	1	1	3	7	1	1	+T
II	1365999	G	*/-T	14	5	19.23%	2	2	53	51	0.98	1	1	9	5	3	2	-T
II	1365999	G	*/+T	14	6	23.08%	2	2	53	55	0.98	1	1	9	5	4	2	+T
II	1389139	C	*/+T	7	7	36.84%	2	2	36	40	0.98	1	1	4	3	4	3	+T
II	1389139	C	*/+TT	7	4	21.05%	2	2	36	39	0.98	1	1	4	3	3	1	+T
II	1466104	C	*/+T	31	3	8.82%	2	2	42	33	0.98	1	1	16	15	2	1	+T
II	1467485	C	*/-T	10	6	35.29%	2	2	31	39	0.98	1	1	6	4	4	2	-T
II	1506840	T	*/-A	19	2	9.09%	2	1	47	37	0.98	1	1	8	11	2	0	-A
II	1554361	C	*/-T	24	2	7.69%	2	2	34	37	0.98	1	1	13	11	1	1	-T
II	1555919	A	*/+TTTATT	3	8	72.73%	2	2	33	54	0.98	1	1	1	2	2	6	+TTTATT
II	1588936	G	*/+A	1	3	30%	1	2	37	45	0.98	1	1	1	0	2	1	A
II	1588936	G	*/+AA	1	2	20%	1	2	37	42	0.98	1	1	1	0	1	1	A
II	1600210	T	*/+A	43	15	25.86%	2	2	44	49	0.98	1	1	32	11	7	8	+A
II	1606686	A	*/+TGGAAGTGGTAAG	145	8	5.19%	2	2	51	50	0.98	1	1	60	85	4	4	+TGGAAGTGGTAAG
II	1612985	A	*/+ATAATG	7	6	40%	2	2	42	61	0.98	1	1	2	5	2	4	+ATAATG
II	1618417	T	*/+A	48	6	11.11%	2	2	54	53	0.98	1	1	36	12	5	1	+A
II	1621338	C	*/-A	18	2	10%	2	1	47	37	0.98	1	1	13	5	2	0	-A
II	1627981	C	*/-T	10	3	21.43%	2	2	38	41	0.98	1	1	7	3	2	1	-T
II	1629986	A	*/+T	44	4	8.33%	2	2	45	58	0.98	1	1	17	27	3	1	+T
II	1634728	G	*/+TA	19	2	9.09%	2	2	49	55	0.98	1	1	9	10	1	1	+TA
II	1645548	T	*/+A	49	7	12.5%	2	2	48	45	0.98	1	1	33	16	5	2	+A
II	1645549	C	*/+A	38	4	7.14%	2	1	51	46	0.98	1	1	26	12	4	0	A
II	1678205	T	-A/-A	1	10	90.91%	1	2	37	39	0.98	1	1	1	0	7	3	-A
II	1700176	T	*/-A	7	2	20%	2	2	45	55	0.98	1	1	4	3	1	1	-A
II	1716256	G	*/+T	11	4	26.67%	2	1	39	46	0.98	1	1	10	1	4	0	+T
II	1716287	T	*/-G	18	5	21.74%	2	1	45	39	0.98	1	1	10	8	0	5	-G
II	1748646	G	*/-A	9	3	23.08%	1	2	30	45	0.98	1	1	9	0	2	1	-A
II	1757193	C	+T/+T	2	37	94.87%	1	2	37	51	0.98	1	1	0	2	13	24	+T
II	1763419	T	*/-A	18	6	24%	2	2	39	41	0.98	1	1	12	6	1	5	-A
II	1818108	C	*/-T	13	5	25%	2	2	43	34	0.98	1	1	5	8	3	2	-T
II	1818108	C	*/-TT	13	2	10%	2	2	43	37	0.98	1	1	5	8	1	1	-T
II	1861420	T	-G/-G	0	39	100%	0	2	0	50	0.98	0	1	0	0	22	17	-G
II	1867795	A	+T/+T	2	12	85.71%	1	2	55	39	0.98	1	1	2	0	5	7	+T
II	1868122	G	*/-T	7	2	11.11%	2	2	35	31	0.98	1	1	6	1	1	1	-T
II	1868122	G	*/+T	7	7	38.89%	2	2	35	42	0.98	1	1	6	1	5	2	+T
II	1873779	T	+A/+A	2	22	91.67%	1	2	74	44	0.98	1	1	0	2	11	11	+A
II	1877294	A	+T/+T	0	20	100%	0	2	0	51	0.98	0	1	0	0	14	6	+T
II	1915556	T	*/+A	22	2	8.33%	2	1	51	37	0.98	1	1	13	9	0	2	+A
II	1938011	G	*/-A	26	2	6.9%	2	2	42	74	0.98	1	1	12	14	1	1	-A
II	1941966	A	+T/+T	1	31	93.94%	1	2	74	55	0.98	1	1	0	1	20	11	+T
II	1941982	A	+T/+T	1	33	97.06%	1	2	62	55	0.98	1	1	1	0	20	13	+T
II	1948953	G	-A/-A	0	38	100%	0	2	0	42	0.98	0	1	0	0	16	22	-A
II	1950050	A	+G/+G	2	42	93.33%	2	2	74	46	0.98	1	1	1	1	14	28	+G
II	1953298	C	*/-CT	35	4	10.26%	2	2	47	42	0.98	1	1	16	19	3	1	-CT
II	1953407	T	*/-C	12	2	8.7%	2	1	39	37	0.98	1	1	1	11	0	2	-C
II	1953407	T	*/+C	12	9	39.13%	2	1	39	34	0.98	1	1	1	11	0	9	+C
II	1955495	T	+A/+A	1	15	78.95%	1	2	37	46	0.98	1	1	0	1	8	7	+A
II	1955495	T	*/+AA	1	2	10.53%	1	1	37	55	0.98	1	1	0	1	2	0	+A
II	1960392	A	+G/+G	0	24	100%	0	2	0	41	0.98	0	1	0	0	6	18	+G
II	1963946	C	*/-A	13	2	13.33%	2	2	48	31	0.98	1	1	7	6	1	1	-A
II	1987101	C	-G/-G	0	22	100%	0	2	0	51	0.98	0	1	0	0	10	12	-G
II	1987117	T	-G/-G	0	23	100%	0	2	0	48	0.98	0	1	0	0	11	12	-G
II	1992841	T	+AA/+AA	0	24	96%	0	2	0	45	0.98	0	1	0	0	14	10	+AA
II	2023193	G	*/+T	4	2	22.22%	1	2	46	42	0.98	1	1	4	0	1	1	+T
II	2049891	A	-T/-T	1	52	98.11%	1	2	74	53	0.98	1	1	1	0	34	18	-T
II	2053516	G	+C/+C	3	27	90%	1	2	61	51	0.98	1	1	3	0	12	15	+C
II	2108180	T	+A/+A	0	30	100%	0	2	0	44	0.98	0	1	0	0	14	16	+A
II	2115422	T	+A/+A	1	58	98.31%	1	2	37	44	0.98	1	1	1	0	16	42	+A
II	2132330	T	*/-A	18	2	10%	2	2	49	55	0.98	1	1	13	5	1	1	-A
II	2147726	G	+T/+T	2	24	92.31%	1	2	37	46	0.98	1	1	0	2	9	15	+T
II	2187407	G	+A/+A	3	15	83.33%	1	2	37	43	0.98	1	1	0	3	10	5	+A
II	2198945	G	*/-CA	24	3	11.11%	2	2	42	57	0.98	1	1	7	17	2	1	-CA
II	2203175	T	*/-A	18	3	13.64%	2	2	41	37	0.98	1	1	9	9	2	1	-A
II	2209383	T	*/+A	27	3	10%	2	2	49	37	0.98	1	1	13	14	1	2	+A
II	2209818	A	*/-T	30	2	6.06%	2	1	49	55	0.98	1	1	21	9	2	0	-T
II	2219926	G	*/+T	28	3	9.68%	2	2	42	37	0.98	1	1	15	13	1	2	+T
II	2219928	A	+T/+T	1	25	86.21%	1	2	74	39	0.98	1	1	1	0	12	13	+T
II	2268188	T	+A/+A	1	37	97.37%	1	2	37	50	0.98	1	1	1	0	20	17	+A
II	2293297	G	-A/-A	1	14	93.33%	1	2	74	42	0.98	1	1	1	0	11	3	-A
II	2443873	T	*/+A	6	5	25%	2	2	43	51	0.98	1	1	4	2	3	2	+A
II	2443873	T	*/+AA	6	6	30%	2	2	43	39	0.98	1	1	4	2	2	4	+AA
II	2491256	C	+T/+T	3	17	85%	1	2	40	52	0.98	1	1	3	0	5	12	+T
II	2523624	C	*/-AA	16	2	9.09%	2	2	37	31	0.98	1	1	13	3	1	1	-AA
II	2523624	C	*/+A	16	2	9.09%	2	2	37	31	0.98	1	1	13	3	1	1	-AA
II	2591913	T	*/-A	14	3	16.67%	2	1	44	33	0.98	1	1	10	4	3	0	-A
II	2592423	T	+A/+A	3	25	89.29%	1	2	40	52	0.98	1	1	3	0	11	14	+A
II	2630607	C	*/+A	3	12	66.67%	2	2	37	51	0.98	1	1	1	2	6	6	+A
II	2630607	C	*/+AA	3	2	11.11%	2	2	37	55	0.98	1	1	1	2	1	1	+A
II	2640785	T	+A/+A	7	26	78.79%	2	2	45	44	0.98	1	1	2	5	11	15	+A
II	2647497	C	*/-T	20	4	16%	2	2	42	49	0.98	1	1	11	9	3	1	-T
II	2650243	G	*/-A	46	3	5.88%	2	1	49	70	0.98	1	1	19	27	3	0	-A
II	2676250	A	*/-T	11	2	15.38%	2	2	44	31	0.98	1	1	4	7	1	1	-T
II	2702173	G	*/-TA	21	4	16%	2	2	53	46	0.98	1	1	11	10	3	1	-TA
II	2709414	G	+C/+C	2	22	88%	2	2	55	46	0.98	1	1	1	1	9	13	+C
II	2720152	T	*/+A	31	3	8.57%	2	2	46	40	0.98	1	1	9	22	2	1	+A
II	2755338	C	*/-AT	14	8	32%	2	2	52	49	0.98	1	1	3	11	6	2	-AT
II	2755338	C	*/-ATAT	14	2	8%	2	2	52	31	0.98	1	1	3	11	1	1	-AT
II	2788933	C	+G/+G	1	33	97.06%	1	2	37	51	0.98	1	1	1	0	18	15	+G
II	2798040	C	-T/-T	0	38	100%	0	2	0	52	0.98	0	1	0	0	22	16	-T
II	2798514	A	-G/-G	0	25	100%	0	2	0	48	0.98	0	1	0	0	9	16	-G
II	2808802	A	-T/-T	5	22	81.48%	2	2	44	40	0.98	1	1	2	3	3	19	-T
II	2811495	C	-A/-A	0	31	100%	0	2	0	44	0.98	0	1	0	0	20	11	-A
II	2825193	A	*/-T	16	2	11.11%	2	2	43	55	0.98	1	1	9	7	1	1	-T
II	2826100	G	*/-A	17	5	20%	2	2	44	51	0.98	1	1	12	5	3	2	-A
II	2894538	T	*/-A	12	2	14.29%	2	1	40	31	0.98	1	1	9	3	0	2	-A
II	2938956	C	+T/+T	4	13	76.47%	1	2	55	44	0.98	1	1	4	0	4	9	+T
II	2988149	G	*/-T	14	3	15.79%	2	1	46	49	0.98	1	1	10	4	3	0	-T
II	3010749	G	*/-A	25	2	7.41%	2	2	39	55	0.98	1	1	13	12	1	1	-A
II	3040332	C	+G/+G	0	29	96.67%	0	2	0	50	0.98	0	1	0	0	12	17	+G
II	3058544	T	*/+GG	5	4	40%	2	1	42	37	0.98	1	1	3	2	4	0	+GG
II	3135802	A	*/+AAAG	19	9	32.14%	2	2	46	42	0.98	1	1	11	8	5	4	+AAAG
II	3154052	G	*/-T	7	8	47.06%	2	2	45	45	0.98	1	1	2	5	6	2	-T
II	3154052	G	*/+T	7	2	11.76%	2	2	45	37	0.98	1	1	2	5	1	1	-T
II	3171788	G	*/-A	4	2	22.22%	2	2	36	55	0.98	1	1	3	1	1	1	-A
II	3171788	G	*/+A	4	3	33.33%	2	1	36	49	0.98	1	1	3	1	3	0	+A
II	3175926	C	*/-T	3	3	42.86%	1	1	33	37	0.98	1	1	3	0	3	0	-T
II	3253453	C	*/+T	7	5	38.46%	2	2	43	34	0.98	1	1	4	3	2	3	+T
II	3282373	T	*/-A	31	2	6.06%	2	1	39	37	0.98	1	1	21	10	2	0	-A
II	3330266	T	*/+C	26	2	7.14%	2	2	47	62	0.98	1	1	12	14	1	1	+C
II	3380128	C	*/-T	15	2	10.53%	2	1	39	37	0.98	1	1	14	1	2	0	-T
II	3380128	C	*/+T	15	2	10.53%	2	1	39	36	0.98	1	1	14	1	2	0	-T
II	3410437	G	*/-T	12	2	12.5%	2	2	44	49	0.98	1	1	7	5	1	1	-T
II	3410437	G	*/+T	12	2	12.5%	2	1	44	68	0.98	1	1	7	5	0	2	-T
II	3498917	A	+T/+T	2	10	83.33%	1	2	37	40	0.98	1	1	2	0	6	4	+T
II	3509251	T	*/-A	24	4	13.79%	2	2	51	52	0.98	1	1	13	11	1	3	-A
II	3514786	C	*/-T	29	2	6.45%	2	2	38	55	0.98	1	1	15	14	1	1	-T
II	3532147	G	*/-A	18	2	10%	2	1	44	37	0.98	1	1	15	3	2	0	-A
II	3540057	A	*/-T	19	9	29.03%	2	1	49	41	0.98	1	1	12	7	9	0	-T
II	3540057	A	*/+T	19	3	9.68%	2	2	49	25	0.98	1	1	12	7	2	1	-T
II	3583632	G	+A/+A	2	17	89.47%	1	2	42	42	0.98	1	1	2	0	11	6	+A
II	3605463	G	-T/-T	0	5	100%	0	2	0	64	0.98	0	1	0	0	3	2	-T
II	3606660	C	*/+T	25	3	10.34%	2	2	52	57	0.98	1	1	13	12	2	1	+T
II	3619003	A	+G/+G	3	27	87.1%	2	2	49	50	0.98	1	1	1	2	14	13	+G
II	3621704	A	*/-T	16	10	37.04%	2	2	44	50	0.98	1	1	8	8	8	2	-T
II	3622754	T	*/+A	17	3	15%	2	1	45	49	0.98	1	1	8	9	3	0	+A
II	3625896	G	*/+TA	19	23	53.49%	2	2	56	48	0.98	1	1	4	15	13	10	+TA
II	3694277	C	*/+A	31	2	6.06%	2	1	44	55	0.98	1	1	9	22	0	2	+A
II	3715149	G	*/+A	8	2	20%	2	1	36	31	0.98	1	1	5	3	2	0	+A
II	3728684	C	*/+T	38	2	5%	2	1	47	31	0.98	1	1	19	19	0	2	+T
II	3799350	G	*/+A	3	3	33.33%	1	1	37	34	0.98	1	1	3	0	3	0	A
II	3815025	C	*/-T	8	5	38.46%	2	2	55	44	0.98	1	1	5	3	2	3	-T
II	3838101	C	*/-A	3	8	72.73%	1	2	37	34	0.98	1	1	3	0	6	2	-A
II	3838912	T	*/-A	11	5	29.41%	2	2	43	42	0.98	1	1	5	6	4	1	-A
II	3856893	T	*/-C	32	4	11.11%	2	1	44	46	0.98	1	1	17	15	0	4	-C
II	3856896	A	*/-T	28	2	5.71%	2	1	44	43	0.98	1	1	15	13	0	2	-T
II	3856896	A	*/+T	28	3	8.57%	2	2	44	33	0.98	1	1	15	13	1	2	+T
II	3859319	G	*/-T	36	2	5.26%	2	1	50	37	0.98	1	1	28	8	2	0	-T
II	3860185	C	*/-TAGTA	19	26	55.32%	2	2	57	45	0.98	1	1	8	11	19	7	-TAGTA
II	3863373	C	*/-T	12	2	14.29%	2	2	37	37	0.98	1	1	4	8	1	1	-T
II	3881547	G	*/+A	22	2	8.33%	2	1	53	37	0.98	1	1	10	12	2	0	+A
II	3883700	A	*/+AT	9	3	23.08%	2	2	46	61	0.98	1	1	1	8	2	1	+AT
II	3954039	C	*/-T	17	4	12.5%	2	1	45	39	0.98	1	1	13	4	4	0	-T
II	3954039	C	*/-TT	17	2	6.25%	2	1	45	37	0.98	1	1	13	4	2	0	-T
II	3954039	C	*/+T	17	8	25%	2	2	45	45	0.98	1	1	13	4	6	2	+T
II	3974259	T	*/+A	19	3	12.5%	2	2	46	37	0.98	1	1	11	8	1	2	+A
II	3975235	C	*/-A	23	8	20%	2	2	40	44	0.98	1	1	18	5	3	5	-A
II	3975235	C	*/-AA	23	2	5%	2	2	40	37	0.98	1	1	18	5	1	1	-A
II	3975235	C	*/+A	23	4	10%	2	2	40	29	0.98	1	1	18	5	3	1	+A
II	3975235	C	*/+AAA	23	2	5%	2	2	40	55	0.98	1	1	18	5	1	1	+A
II	4006982	C	*/-A	15	2	10.53%	2	2	39	55	0.98	1	1	10	5	1	1	-A
II	4031460	A	*/+T	7	2	16.67%	2	1	40	49	0.98	1	1	6	1	2	0	+T
II	4031460	A	*/+TT	7	2	16.67%	2	1	40	31	0.98	1	1	6	1	0	2	+T
II	4061096	C	*/-T	27	2	6.9%	2	1	44	42	0.98	1	1	12	15	0	2	-T
II	4083302	T	*/-A	34	2	5.56%	2	2	50	37	0.98	1	1	15	19	1	1	-A
II	4107253	G	*/+TTT	1	2	28.57%	1	1	37	49	0.98	1	1	0	1	0	2	+TTT
II	4254960	G	-A/-A	1	25	96.15%	1	2	37	54	0.98	1	1	0	1	13	12	-A
II	4290954	G	*/-A	30	3	8.82%	2	2	49	49	0.98	1	1	18	12	1	2	-A
II	4308414	C	*/+A	9	14	60.87%	2	2	40	38	0.98	1	1	7	2	8	6	+A
II	4365901	A	*/-T	25	2	7.41%	2	1	44	55	0.98	1	1	7	18	2	0	-T
II	4419921	T	*/-A	3	2	25%	1	1	37	55	0.98	1	1	3	0	2	0	-A
II	4419921	T	*/+A	3	3	37.5%	1	2	37	40	0.98	1	1	3	0	1	2	+A
II	4475221	G	*/-T	27	4	12.9%	2	1	48	41	0.98	1	1	14	13	4	0	-T
II	4502695	C	*/-T	10	2	16.67%	2	1	40	31	0.98	1	1	4	6	0	2	-T
II	4505758	C	*/-T	21	3	12.5%	2	2	38	37	0.98	1	1	9	12	2	1	-T
II	4507813	A	*/+G	84	5	5.62%	2	2	43	51	0.98	1	1	66	18	1	4	+G
II	4515621	C	*/+A	13	3	15.79%	2	2	43	40	0.98	1	1	10	3	2	1	+A
II	4517047	T	*/+TACTCATC	97	29	22.83%	2	2	49	50	0.98	1	1	47	50	16	13	+TACTCATC
II	4521677	T	*/-AA	12	4	25%	2	2	38	55	0.98	1	1	8	4	1	3	-AA
II	4525340	G	*/-T	72	5	5.56%	2	2	38	42	0.98	1	1	53	19	1	4	-T
II	4525340	G	*/+T	72	8	8.89%	2	2	38	50	0.98	1	1	53	19	3	5	+T
II	4526174	A	*/-T	25	6	19.35%	2	2	45	53	0.98	1	1	15	10	2	4	-T
II	4526843	C	*/-T	14	8	30.77%	2	2	42	36	0.98	1	1	11	3	1	7	-T
II	4526843	C	*/-TT	14	4	15.38%	2	2	42	40	0.98	1	1	11	3	3	1	-T
II	4528465	C	*/+GACAAT	70	17	19.54%	2	2	51	48	0.98	1	1	36	34	9	8	+GACAAT
II	4529375	T	*/+ACAACGACAACGACAACG	77	11	10.28%	2	2	44	47	0.98	1	1	42	35	9	2	+ACAACGACAACGACAACG
II	4529375	T	*/+ACAACGACAACGACAACGACAACG	77	14	13.08%	2	2	44	43	0.98	1	1	42	35	4	10	+ACAACGACAACGACAACGACAACG
II	4533588	C	*/-T	71	23	24.47%	2	2	45	45	0.98	1	1	35	36	10	13	-T
II	4534880	A	*/-T	129	32	19.88%	2	2	49	46	0.98	1	1	62	67	15	17	-T
II	4535523	T	*/+GTTACG	233	63	21.21%	2	2	46	46	0.98	1	1	82	151	21	42	+GTTACG
II	4535548	A	*/-TATGTG	257	58	18.3%	2	2	44	48	0.98	1	1	102	155	25	33	-TATGTG
II	4535645	G	*/-T	199	69	25.65%	2	2	52	47	0.98	1	1	114	85	32	37	-T
II	4536089	C	*/+AAAAGAAAAGTAAATT	25	2	7.41%	2	1	37	37	0.98	1	1	18	7	2	0	+AAAAGAAAAGTAAATT
II	4536728	A	*/+GAGAGTAGG	251	22	7.91%	2	2	50	50	0.98	1	1	117	134	10	12	+GAGAGTAGG
II	4537213	G	*/+T	255	73	22.26%	2	2	52	48	0.98	1	1	153	102	40	33	+T
II	4537387	A	*/-AATAAGAG	173	71	29.1%	2	2	48	48	0.98	1	1	89	84	38	33	-AATAAGAG
II	4537665	G	*/+AAATA	56	3	5%	2	1	44	42	0.98	1	1	30	26	3	0	+AAATA
III	1558	G	*/-A	116	35	20%	2	2	42	40	0.98	1	1	60	56	12	23	-A
III	1558	G	*/+A	116	17	9.71%	2	2	42	40	0.98	1	1	60	56	8	9	-A
III	4729	A	*/-T	713	255	23.81%	2	2	46	48	0.98	1	1	459	254	106	149	-T
III	4729	A	*/+T	713	63	5.88%	2	2	46	50	0.98	1	1	459	254	26	37	-T
III	4952	C	*/+T	611	61	8.97%	2	2	41	50	0.98	1	1	370	241	30	31	+T
III	5403	C	*/-T	837	261	20.96%	2	2	42	44	0.98	1	1	611	226	148	113	-T
III	5403	C	*/-TT	837	80	6.43%	2	2	42	42	0.98	1	1	611	226	39	41	-T
III	9768	T	*/-A	360	23	5.9%	2	2	47	47	0.98	1	1	135	225	7	16	-A
III	12428	G	*/-A	120	32	19.16%	2	2	42	41	0.98	1	1	54	66	13	19	-A
III	12428	G	*/+A	120	9	5.39%	2	2	42	47	0.98	1	1	54	66	4	5	-A
III	15599	A	*/-T	719	240	22.77%	2	2	46	50	0.98	1	1	447	272	100	140	-T
III	15599	A	*/+T	719	56	5.31%	2	2	46	49	0.98	1	1	447	272	24	32	-T
III	15822	C	*/+T	637	64	9.03%	2	2	41	48	0.98	1	1	378	259	30	34	+T
III	16273	C	*/-T	853	296	22.87%	2	2	42	44	0.98	1	1	619	234	152	144	-T
III	16273	C	*/-TT	853	82	6.34%	2	2	42	45	0.98	1	1	619	234	42	40	-T
III	20638	T	*/-A	334	20	5.6%	2	2	46	40	0.98	1	1	121	213	6	14	-A
III	23298	G	*/-A	101	33	21.15%	2	2	41	44	0.98	1	1	53	48	19	14	-A
III	23298	G	*/+A	101	17	10.9%	2	2	41	41	0.98	1	1	53	48	7	10	-A
III	29077	T	*/-C	33	2	5.71%	2	1	59	37	0.98	1	1	13	20	0	2	-C
III	38855	A	*/-AT	28	2	6.67%	2	2	43	37	0.98	1	1	13	15	1	1	-AT
III	59772	C	*/+A	35	2	5.26%	2	2	48	31	0.98	1	1	15	20	1	1	+A
III	69589	T	*/-A	13	5	25%	2	2	42	37	0.98	1	1	4	9	2	3	-A
III	123319	T	*/-A	10	5	29.41%	2	2	39	49	0.98	1	1	6	4	2	3	-A
III	123319	T	*/-AA	10	2	11.76%	2	1	39	68	0.98	1	1	6	4	0	2	-A
III	207168	T	*/-A	6	3	27.27%	2	2	39	45	0.98	1	1	3	3	1	2	-A
III	207482	T	*/+A	20	2	9.09%	2	1	49	37	0.98	1	1	13	7	2	0	+A
III	208140	C	*/-A	9	4	30.77%	1	2	36	46	0.98	1	1	9	0	3	1	-A
III	231502	G	*/-A	25	3	10.34%	2	2	46	74	0.98	1	1	10	15	2	1	-A
III	253907	A	+T/+T	0	5	83.33%	0	2	0	52	0.98	0	1	0	0	4	1	+T
III	286478	C	-TT/-TT	1	13	92.86%	1	2	37	33	0.98	1	1	0	1	7	6	-TT
III	286594	T	*/-A	5	3	15%	1	1	37	37	0.98	1	1	5	0	3	0	-A
III	286594	T	*/+A	5	11	55%	1	2	37	46	0.98	1	1	5	0	10	1	+A
III	293096	G	*/-T	17	11	30.56%	2	2	42	41	0.98	1	1	7	10	9	2	-T
III	293096	G	*/+T	17	6	16.67%	2	2	42	36	0.98	1	1	7	10	3	3	-T
III	365747	C	-A/-A	1	23	92%	1	2	37	39	0.98	1	1	1	0	13	10	-A
III	419964	C	*/-T	20	2	9.09%	2	1	48	37	0.98	1	1	9	11	0	2	-T
III	445016	G	*/+A	27	2	6.9%	2	1	43	62	0.98	1	1	19	8	2	0	+A
III	467904	C	*/-A	19	2	8.7%	2	1	45	55	0.98	1	1	8	11	2	0	-A
III	467904	C	*/+A	19	2	8.7%	2	1	45	61	0.98	1	1	8	11	0	2	-A
III	518843	C	*/-T	19	4	17.39%	2	2	44	34	0.98	1	1	13	6	2	2	-T
III	527710	C	*/-T	37	2	5.13%	2	2	43	37	0.98	1	1	8	29	1	1	-T
III	568658	C	*/-T	20	9	31.03%	2	2	44	49	0.98	1	1	14	6	5	4	-T
III	568681	T	*/-A	29	2	6.45%	2	1	48	36	0.98	1	1	11	18	2	0	-A
III	717677	A	-T/-T	0	12	80%	0	2	0	50	0.98	0	1	0	0	7	5	-T
III	717677	A	*/-TT	0	2	13.33%	0	1	0	37	0.98	0	1	0	0	0	2	-T
III	719955	A	-C/-C	0	8	100%	0	2	0	46	0.98	0	1	0	0	5	3	-C
III	719973	C	-G/-G	0	4	100%	0	2	0	37	0.98	0	1	0	0	2	2	-G
III	720559	C	*/-T	7	5	38.46%	1	2	36	39	0.98	1	1	7	0	3	2	-T
III	720683	A	+T/+T	2	17	89.47%	2	2	37	42	0.98	1	1	1	1	11	6	+T
III	762516	T	*/-A	16	3	14.29%	2	1	56	37	0.98	1	1	10	6	3	0	-A
III	762516	T	*/+A	16	2	9.52%	2	2	56	49	0.98	1	1	10	6	1	1	-A
III	822701	G	*/-T	23	2	6.9%	2	2	49	49	0.98	1	1	11	12	1	1	-T
III	822701	G	*/+T	23	4	13.79%	2	2	49	43	0.98	1	1	11	12	1	3	+T
III	853262	T	*/-A	28	2	6.67%	2	2	51	68	0.98	1	1	14	14	1	1	-A
III	867865	C	-T/-T	0	18	94.74%	0	2	0	42	0.98	0	1	0	0	9	9	-T
III	897531	C	*/+A	13	25	59.52%	2	2	52	45	0.98	1	1	11	2	10	15	+A
III	898665	T	*/-A	18	4	17.39%	2	2	43	55	0.98	1	1	12	6	2	2	-A
III	936705	G	*/-T	9	3	25%	2	1	43	37	0.98	1	1	6	3	3	0	-T
III	947349	T	+G/+G	0	24	96%	0	2	0	58	0.98	0	1	0	0	14	10	+G
III	954028	G	*/+A	18	2	9.52%	2	2	45	74	0.98	1	1	8	10	1	1	+A
III	958241	C	*/-T	10	5	29.41%	2	2	42	41	0.98	1	1	7	3	3	2	-T
III	966124	G	*/-T	14	14	37.84%	1	2	36	39	0.98	1	1	14	0	13	1	-T
III	966124	G	*/-TT	14	4	10.81%	1	1	36	46	0.98	1	1	14	0	4	0	-T
III	966124	G	*/+T	14	4	10.81%	1	1	36	37	0.98	1	1	14	0	4	0	-T
III	968622	C	*/-T	12	2	14.29%	2	1	42	31	0.98	1	1	4	8	0	2	-T
III	970548	C	*/-T	2	5	50%	1	2	36	44	0.98	1	1	0	2	1	4	-T
III	970548	C	*/-TT	2	2	20%	1	1	36	37	0.98	1	1	0	2	0	2	-T
III	970892	C	*/-T	14	2	11.76%	2	2	43	43	0.98	1	1	10	4	1	1	-T
III	985871	C	*/-T	9	2	18.18%	1	1	35	37	0.98	1	1	9	0	2	0	-T
III	988767	G	*/-A	31	2	6.06%	2	2	46	49	0.98	1	1	10	21	1	1	-A
III	996949	A	*/-T	19	2	9.09%	2	2	51	25	0.98	1	1	10	9	1	1	-T
III	1016311	G	+C/+C	1	57	96.61%	1	2	37	50	0.98	1	1	1	0	19	38	+C
III	1073505	T	*/+ATATAGAG	155	20	11.3%	2	2	53	50	0.98	1	1	85	70	14	6	+ATATAGAG
III	1075530	A	*/+TGGAAGTGGTAAG	166	9	5.14%	2	2	45	41	0.98	1	1	61	105	2	7	+TGGAAGTGGTAAG
III	1079346	A	*/+G	140	12	7.89%	2	2	46	45	0.98	1	1	101	39	8	4	+G
III	1080146	T	*/+ATATAGAG	251	31	10.95%	2	2	46	45	0.98	1	1	90	161	21	10	+ATATAGAG
III	1084026	A	*/+AGTGGTGATGGTT	65	10	13.33%	2	2	46	45	0.98	1	1	30	35	7	3	+AGTGGTGATGGTT
III	1084110	A	*/-G	27	2	6.9%	2	2	47	55	0.98	1	1	15	12	1	1	-G
III	1084123	A	*/-G	20	3	13.04%	2	1	50	37	0.98	1	1	9	11	3	0	-G
III	1084160	T	*/-AAGTGGA	54	8	12.9%	2	2	48	40	0.98	1	1	22	32	4	4	-AAGTGGA
III	1095550	G	*/-TT	18	4	16%	2	1	40	39	0.98	1	1	15	3	4	0	-TT
III	1103423	T	*/-A	20	6	21.43%	2	2	47	49	0.98	1	1	15	5	5	1	-A
III	1103423	T	*/+A	20	2	7.14%	2	2	47	42	0.98	1	1	15	5	1	1	-A
III	1110963	T	*/+C	83	10	10.75%	2	2	50	51	0.98	1	1	33	50	5	5	+C
III	1114778	C	*/-TTCCACT	49	17	25.76%	2	2	53	56	0.98	1	1	28	21	13	4	-TTCCACT
III	1114914	T	*/+ACCACTAACCATC	58	6	9.38%	2	2	42	43	0.98	1	1	41	17	5	1	+ACCACTAACCATC
III	1117723	T	*/+C	74	10	11.9%	2	2	52	46	0.98	1	1	31	43	5	5	+C
III	1121538	C	*/-TTCCACT	51	11	17.74%	2	2	53	55	0.98	1	1	31	20	8	3	-TTCCACT
III	1121582	A	*/-C	36	2	5.26%	2	2	47	74	0.98	1	1	20	16	1	1	-C
III	1121674	T	*/+ACCACTAACCATC	56	9	13.85%	2	2	49	56	0.98	1	1	34	22	8	1	+ACCACTAACCATC
III	1124483	T	*/+C	87	8	8.42%	2	2	46	50	0.98	1	1	35	52	6	2	+C
III	1128298	C	*/-TTCCACT	74	9	10.84%	2	2	52	53	0.98	1	1	38	36	5	4	-TTCCACT
III	1128434	T	*/+ACCACTAACCATC	66	8	10.81%	2	2	43	46	0.98	1	1	45	21	2	6	+ACCACTAACCATC
III	1131243	T	*/+C	85	6	6.59%	2	2	50	53	0.98	1	1	35	50	5	1	+C
III	1135058	C	*/-TTCCACT	53	6	10.17%	2	2	53	65	0.98	1	1	27	26	5	1	-TTCCACT
III	1135102	A	*/-C	31	2	6.06%	2	1	44	55	0.98	1	1	16	15	2	0	-C
III	1135194	T	*/+ACCACTAACCATC	70	8	10.26%	2	2	45	46	0.98	1	1	48	22	5	3	+ACCACTAACCATC
III	1144308	C	*/+T	28	2	6.67%	2	1	55	37	0.98	1	1	13	15	2	0	+T
III	1252502	A	*/+TT	26	2	6.45%	2	1	38	42	0.98	1	1	21	5	0	2	+TT
III	1252505	G	*/+T	22	2	6.25%	2	2	37	42	0.98	1	1	21	1	1	1	+T
III	1276315	G	*/-A	11	2	15.38%	2	1	41	36	0.98	1	1	5	6	2	0	-A
III	1282960	C	*/+A	23	2	8%	2	1	48	37	0.98	1	1	8	15	2	0	+A
III	1289419	C	*/+G	29	2	6.45%	2	1	45	68	0.98	1	1	19	10	2	0	+G
III	1421567	T	*/-GG	12	7	29.17%	2	2	49	35	0.98	1	1	11	1	6	1	-GG
III	1421567	T	*/+GG	12	2	8.33%	2	1	49	37	0.98	1	1	11	1	2	0	-GG
III	1448581	T	*/-A	8	2	20%	2	1	41	37	0.98	1	1	2	6	0	2	-A
III	1510629	T	*/+A	9	8	42.11%	2	2	42	46	0.98	1	1	6	3	5	3	+A
III	1529684	C	*/+A	0	2	50%	0	1	0	31	0.98	0	1	0	0	2	0	+A
III	1547169	C	*/-A	17	2	9.52%	2	2	50	37	0.98	1	1	11	6	1	1	-A
III	1547169	C	*/+A	17	2	9.52%	2	1	50	55	0.98	1	1	11	6	0	2	-A
III	1575951	G	*/+T	6	7	41.18%	2	2	43	47	0.98	1	1	5	1	1	6	+T
III	1594933	T	*/-A	18	5	21.74%	2	2	48	44	0.98	1	1	10	8	1	4	-A
III	1660168	T	+A/+A	3	20	83.33%	2	2	37	43	0.98	1	1	1	2	12	8	+A
III	1672738	C	*/-T	29	3	9.38%	2	1	48	61	0.98	1	1	18	11	3	0	-T
III	1674618	C	*/-T	9	8	38.1%	2	1	39	38	0.98	1	1	8	1	8	0	-T
III	1674618	C	*/-TT	9	2	9.52%	2	1	39	36	0.98	1	1	8	1	0	2	-T
III	1685487	G	+A/+A	1	19	95%	1	2	37	44	0.98	1	1	0	1	9	10	+A
III	1691065	C	-T/-T	0	42	100%	0	2	0	45	0.98	0	1	0	0	29	13	-T
III	1702276	A	*/-T	43	4	8%	2	2	49	64	0.98	1	1	20	23	3	1	-T
III	1702276	A	*/+T	43	3	6%	2	2	49	49	0.98	1	1	20	23	1	2	-T
III	1707997	T	*/+A	28	3	9.38%	2	2	41	29	0.98	1	1	16	12	1	2	+A
III	1712983	G	*/-A	9	7	35%	2	2	37	45	0.98	1	1	8	1	6	1	-A
III	1712983	G	*/+A	9	2	10%	2	1	37	37	0.98	1	1	8	1	2	0	-A
III	1756400	T	-A/-A	2	40	95.24%	2	2	55	46	0.98	1	1	1	1	12	28	-A
III	1758846	C	*/-A	15	2	10.53%	2	2	50	55	0.98	1	1	10	5	1	1	-A
III	1759057	C	*/-T	13	2	13.33%	2	1	50	37	0.98	1	1	4	9	2	0	-T
III	1774235	T	+GATC/+GATC	1	16	84.21%	1	2	37	46	0.98	1	1	1	0	5	11	+GATC
III	1802522	G	*/-T	23	2	7.41%	2	1	45	74	0.98	1	1	21	2	0	2	-T
III	1802522	G	*/+T	23	2	7.41%	2	1	45	31	0.98	1	1	21	2	2	0	-T
III	1821911	C	*/-A	6	2	20%	2	1	41	37	0.98	1	1	4	2	2	0	-A
III	1925626	C	*/-A	8	5	38.46%	2	2	46	47	0.98	1	1	4	4	1	4	-A
III	1947823	A	*/-T	13	2	13.33%	2	1	48	74	0.98	1	1	8	5	0	2	-T
III	1979604	A	*/-T	11	2	13.33%	2	1	49	37	0.98	1	1	7	4	0	2	-T
III	1979604	A	*/-TT	11	2	13.33%	2	1	49	74	0.98	1	1	7	4	2	0	-T
III	1985119	G	*/+TT	16	2	10.53%	2	1	53	42	0.98	1	1	8	8	2	0	+TT
III	2010864	G	*/-TA	42	4	8.51%	2	2	47	37	0.98	1	1	12	30	2	2	-TA
III	2041936	C	*/-T	13	3	18.75%	2	2	38	49	0.98	1	1	7	6	2	1	-T
III	2066260	A	*/+T	38	3	7.32%	2	1	50	37	0.98	1	1	28	10	3	0	+T
III	2067838	T	*/-A	10	3	23.08%	1	1	37	33	0.98	1	1	10	0	3	0	-A
III	2069607	G	*/+T	6	2	25%	2	1	41	37	0.98	1	1	3	3	2	0	+T
III	2076412	G	*/-T	14	6	27.27%	2	2	43	31	0.98	1	1	11	3	3	3	-T
III	2076412	G	*/+T	14	2	9.09%	2	1	43	37	0.98	1	1	11	3	2	0	-T
III	2076980	A	*/-T	5	3	27.27%	2	2	54	37	0.98	1	1	3	2	1	2	-T
III	2076980	A	*/+T	5	3	27.27%	2	2	54	37	0.98	1	1	3	2	1	2	-T
III	2113205	C	*/-T	11	5	23.81%	2	2	33	49	0.98	1	1	3	8	3	2	-T
III	2113205	C	*/-TT	11	3	14.29%	2	1	33	40	0.98	1	1	3	8	3	0	-T
III	2150590	T	*/+G	37	2	5.13%	2	1	50	37	0.98	1	1	15	22	2	0	+G
III	2157938	C	*/-T	24	3	10.71%	2	1	42	33	0.98	1	1	15	9	3	0	-T
III	2178240	T	*/-A	23	4	14.81%	2	1	43	37	0.98	1	1	12	11	4	0	-A
III	2221410	T	*/-A	14	3	17.65%	2	2	39	45	0.98	1	1	11	3	2	1	-A
III	2270459	C	*/+A	16	3	15.79%	2	1	39	45	0.98	1	1	14	2	3	0	+A
III	2281940	C	*/-T	24	4	14.29%	2	2	41	55	0.98	1	1	14	10	3	1	-T
III	2284394	C	*/+T	13	2	11.76%	2	1	42	55	0.98	1	1	9	4	0	2	+T
III	2309611	T	*/-A	9	5	33.33%	2	2	43	44	0.98	1	1	4	5	3	2	-A
III	2310960	G	*/-A	11	2	15.38%	2	2	57	74	0.98	1	1	7	4	1	1	-A
III	2310968	A	*/+GGT	12	2	14.29%	2	2	49	74	0.98	1	1	7	5	1	1	+GGT
III	2352293	A	*/+GG	1	2	33.33%	1	1	37	31	0.98	1	1	0	1	2	0	+GG
III	2352293	A	*/+GGG	1	2	33.33%	1	1	37	31	0.98	1	1	0	1	2	0	+GG
III	2382018	A	*/-T	3	2	22.22%	2	2	61	49	0.98	1	1	1	2	1	1	-T
III	2382018	A	*/-TT	3	3	33.33%	2	2	61	49	0.98	1	1	1	2	1	2	-TT
III	2420241	T	*/-A	15	2	10%	2	2	45	37	0.98	1	1	12	3	1	1	-A
III	2420241	T	*/+A	15	2	10%	2	1	45	37	0.98	1	1	12	3	0	2	-A
III	2443562	A	*/+T	11	15	57.69%	2	2	37	36	0.98	1	1	2	9	1	14	+T
III	2447848	T	*/-A	742	212	18.15%	2	2	46	40	0.98	1	1	539	203	153	59	-A
III	2447848	T	*/-AA	742	107	9.16%	2	2	46	46	0.98	1	1	539	203	77	30	-A
III	2447848	T	*/+A	742	68	5.82%	2	2	46	42	0.98	1	1	539	203	55	13	-A
III	2448309	T	-AA/-AA	36	444	91.36%	2	2	43	42	0.98	1	1	19	17	177	267	-AA
III	2448518	T	*/-A	779	221	19.39%	2	2	47	46	0.98	1	1	552	227	154	67	-A
III	2448518	T	*/+A	779	64	5.61%	2	2	47	45	0.98	1	1	552	227	40	24	-A
mating_type_region	462	G	*/-T	19	2	9.52%	2	1	50	37	0.98	1	1	14	5	2	0	-T
