Chrom	Position	Ref	Cons	Reads1	Reads2	VarFreq	Strands1	Strands2	Qual1	Qual2	Pvalue	MapQual1	MapQual2	Reads1Plus	Reads1Minus	Reads2Plus	Reads2Minus	VarAllele
I	3160	A	*/+GTTGTCGTTGTCGTTGTC	202	61	17.58%	2	2	39	40	0.98	1	1	105	97	37	24	+GTTGTCGTTGTCGTTGTC
I	3160	A	*/+GTTGTCGTTGTCGTTGTCGTTGTC	202	80	23.05%	2	2	39	40	0.98	1	1	105	97	50	30	+GTTGTCGTTGTCGTTGTCGTTGTC
I	4053	C	*/+TGTCAT	296	68	18.68%	2	2	39	40	0.98	1	1	166	130	43	25	+TGTCAT
I	6357	T	*/-AA	271	90	24.73%	2	2	38	37	0.98	1	1	154	117	64	26	-AA
I	7192	C	*/+A	255	32	11%	2	2	37	40	0.98	1	1	142	113	27	5	+A
I	10859	G	*/-TT	154	98	38.43%	2	2	38	38	0.98	1	1	93	61	62	36	-TT
I	19694	T	*/+A	103	56	34.78%	2	1	39	39	0.98	1	1	44	59	56	0	+A
I	20545	C	*/+TTTTTTT	68	31	30.39%	2	2	39	36	0.98	1	1	45	23	14	17	+TTTTTTT
I	27402	A	*/-C	25	66	69.47%	2	2	37	37	0.98	1	1	3	22	5	61	-C
I	43335	G	*/+A	38	21	35%	2	2	40	37	0.98	1	1	25	13	9	12	+A
I	101871	A	+G/+G	9	183	95.31%	2	2	38	40	0.98	1	1	7	2	105	78	+G
I	206447	G	*/+T	75	7	8.54%	2	1	39	40	0.98	1	1	54	21	0	7	+T
I	206448	C	*/+T	43	23	31.08%	2	2	39	39	0.98	1	1	31	12	22	1	+T
I	440084	T	*/+A	38	84	62.22%	2	2	39	39	0.98	1	1	27	11	28	56	+A
I	453367	G	*/+A	125	8	5.97%	2	1	38	36	0.98	1	1	67	58	0	8	+A
I	453369	G	*/+A	48	45	41.28%	2	2	39	37	0.98	1	1	30	18	29	16	+A
I	470378	A	-C/-C	5	176	97.24%	2	2	36	39	0.98	1	1	2	3	81	95	-C
I	470390	A	-C/-C	10	181	94.76%	2	2	38	40	0.98	1	1	3	7	84	97	-C
I	473427	G	*/+T	59	23	25.27%	2	2	37	38	0.98	1	1	24	35	19	4	+T
I	482737	A	+G/+G	5	187	96.89%	2	2	40	39	0.98	1	1	2	3	94	93	+G
I	554527	A	+T/+T	20	211	90.17%	2	2	41	39	0.98	1	1	10	10	107	104	+T
I	562745	A	*/+T	66	82	52.23%	2	2	39	38	0.98	1	1	28	38	60	22	+T
I	650099	C	*/+AA	45	115	70.12%	2	2	39	37	0.98	1	1	25	20	63	52	+AA
I	660056	T	*/+G	176	18	9.05%	2	2	38	39	0.98	1	1	86	90	9	9	+G
I	670032	C	+A/+A	12	221	94.85%	2	2	40	40	0.98	1	1	6	6	134	87	+A
I	682993	T	-C/-C	7	196	96.55%	2	2	40	39	0.98	1	1	3	4	105	91	-C
I	862962	C	+T/+T	17	201	92.2%	2	2	40	40	0.98	1	1	11	6	98	103	+T
I	934908	T	*/+AA	47	21	24.42%	2	2	39	36	0.98	1	1	41	6	9	12	+AA
I	960025	G	+T/+T	38	157	78.5%	2	2	39	38	0.98	1	1	9	29	101	56	+T
I	965438	C	*/+A	43	48	45.28%	2	2	40	40	0.98	1	1	34	9	47	1	+A
I	1048635	G	+A/+A	23	167	87.43%	2	2	38	40	0.98	1	1	10	13	80	87	+A
I	1079583	T	*/+AAAAAAAA	70	11	11.83%	2	1	40	40	0.98	1	1	56	14	11	0	A
I	1148102	T	*/+G	152	9	5.59%	2	1	38	40	0.98	1	1	77	75	0	9	+G
I	1148104	A	*/+T	40	94	62.67%	2	2	39	38	0.98	1	1	16	24	57	37	+T
I	1149094	A	*/-G	108	9	7.03%	2	2	37	38	0.98	1	1	73	35	4	5	-G
I	1274803	T	+A/+A	3	192	93.66%	2	2	40	40	0.98	1	1	2	1	107	85	+A
I	1333654	T	+G/+G	28	117	78%	2	2	37	38	0.98	1	1	14	14	80	37	+G
I	1358794	C	*/+A	32	92	70.77%	2	2	39	37	0.98	1	1	18	14	55	37	+A
I	1424708	C	-A/-A	9	213	95.95%	2	2	40	40	0.98	1	1	8	1	127	86	-A
I	1496317	C	-A/-A	39	143	78.57%	2	2	40	39	0.98	1	1	23	16	71	72	-A
I	1509277	C	+T/+T	35	179	82.49%	2	2	39	39	0.98	1	1	14	21	95	84	+T
I	1595055	G	*/+T	145	8	5.23%	2	1	39	34	0.98	1	1	74	71	0	8	+T
I	1595056	C	*/+T	49	56	49.12%	2	2	38	37	0.98	1	1	27	22	41	15	+T
I	1599289	A	*/+G	109	13	10.66%	2	1	39	40	0.98	1	1	59	50	0	13	+G
I	1599291	T	*/+A	27	53	55.21%	2	2	39	37	0.98	1	1	18	9	37	16	+A
I	1625092	T	+C/+C	12	178	92.23%	2	2	40	40	0.98	1	1	7	5	81	97	+C
I	1665744	C	*/+T	219	16	6.72%	2	2	40	39	0.98	1	1	117	102	9	7	+T
I	1765305	C	*/+A	81	5	5.81%	2	1	39	36	0.98	1	1	46	35	0	5	+A
I	1765306	C	*/+A	54	11	15.28%	2	2	38	36	0.98	1	1	39	15	6	5	+A
I	1905525	T	*/+G	117	15	11.03%	2	1	38	40	0.98	1	1	94	23	15	0	+G
I	1936294	G	+A/+A	6	169	96.02%	2	2	40	39	0.98	1	1	2	4	87	82	+A
I	1952313	A	+T/+T	10	177	93.65%	2	2	40	40	0.98	1	1	6	4	87	90	+T
I	1955754	C	*/+TT	45	37	39.78%	2	2	38	39	0.98	1	1	30	15	30	7	+TT
I	1955852	A	*/+G	114	7	5.6%	2	1	39	30	0.98	1	1	63	51	0	7	+G
I	1955853	T	+A/+A	5	72	78.26%	2	2	40	37	0.98	1	1	2	3	51	21	+A
I	2025000	C	*/+T	47	42	45.16%	2	2	38	38	0.98	1	1	25	22	30	12	+T
I	2139856	G	+T/+T	29	145	78.8%	2	2	38	38	0.98	1	1	14	15	95	50	+T
I	2152548	T	*/-A	133	16	10.67%	2	2	38	41	0.98	1	1	69	64	9	7	-A
I	2154491	T	+A/+A	5	210	96.77%	2	2	48	40	0.98	1	1	1	4	102	108	+A
I	2227936	T	*/+AAA	36	45	46.88%	2	2	36	34	0.98	1	1	23	13	26	19	+AAA
I	2245479	T	*/-C	150	14	7.69%	2	2	40	40	0.98	1	1	79	71	9	5	-C
I	2245479	T	*/+C	150	14	7.69%	2	2	40	40	0.98	1	1	79	71	5	9	-C
I	2288240	C	-G/-G	4	224	98.25%	1	2	40	39	0.98	1	1	0	4	108	116	-G
I	2343703	G	+A/+A	13	238	94.44%	2	2	40	39	0.98	1	1	10	3	122	116	+A
I	2421576	A	-C/-C	8	206	96.26%	2	2	38	40	0.98	1	1	4	4	98	108	-C
I	2499149	A	-T/-T	20	195	90.7%	2	2	39	40	0.98	1	1	8	12	100	95	-T
I	2507462	T	+A/+A	12	217	93.13%	2	2	39	40	0.98	1	1	2	10	96	121	+A
I	2510060	T	+A/+A	10	182	93.81%	2	2	40	40	0.98	1	1	5	5	78	104	+A
I	2588021	C	+A/+A	10	196	93.78%	2	2	40	39	0.98	1	1	2	8	113	83	+A
I	2588066	C	+A/+A	23	185	87.68%	2	2	41	39	0.98	1	1	14	9	103	82	+A
I	2594263	C	+T/+T	12	195	94.2%	2	2	38	39	0.98	1	1	7	5	109	86	+T
I	2594324	T	+A/+A	3	204	98.55%	1	2	40	39	0.98	1	1	3	0	119	85	+A
I	2594351	T	+A/+A	10	195	93.75%	2	2	38	39	0.98	1	1	4	6	113	82	+A
I	2594391	A	+T/+T	9	223	94.89%	2	2	38	40	0.98	1	1	4	5	124	99	+T
I	2605860	G	-T/-T	4	185	97.88%	2	2	36	39	0.98	1	1	3	1	92	93	-T
I	2607669	A	+T/+T	11	192	94.12%	2	2	42	40	0.98	1	1	3	8	81	111	+T
I	2641998	C	*/+T	66	86	55.13%	2	2	39	37	0.98	1	1	30	36	49	37	+T
I	2683902	T	-C/-C	7	199	96.6%	2	2	40	39	0.98	1	1	2	5	100	99	-C
I	2751236	T	-A/-A	30	170	84.16%	2	2	38	39	0.98	1	1	18	12	96	74	-A
I	2759871	T	+C/+C	4	213	95.52%	2	2	40	39	0.98	1	1	2	2	133	80	+C
I	3125118	A	+T/+T	8	239	95.98%	2	2	41	39	0.98	1	1	6	2	132	107	+T
I	3166776	G	*/+TTT	45	80	61.54%	2	2	37	39	0.98	1	1	19	26	54	26	+TTT
I	3178494	C	+T/+T	9	202	95.28%	2	2	40	40	0.98	1	1	6	3	109	93	+T
I	3197528	A	+G/+G	7	227	97.01%	2	2	40	39	0.98	1	1	3	4	131	96	+G
I	3300811	C	*/-GGGG	19	5	10.87%	2	1	38	40	0.98	1	1	13	6	5	0	-GGGG
I	3300811	C	*/-GGGGG	19	6	13.04%	2	1	38	40	0.98	1	1	13	6	6	0	-GGGGG
I	3300811	C	*/-GGGGGG	19	10	21.74%	2	1	38	40	0.98	1	1	13	6	10	0	-GGGGGG
I	3300811	C	*/-GGGGGGG	19	3	6.52%	2	1	38	34	0.98	1	1	13	6	3	0	-GGGGGG
I	3450130	G	-T/-T	9	214	95.96%	2	2	44	39	0.98	1	1	5	4	111	103	-T
I	3460318	T	+C/+C	5	250	97.28%	2	2	40	39	0.98	1	1	3	2	127	123	+C
I	3538413	A	+T/+T	6	210	95.89%	2	2	40	40	0.98	1	1	1	5	110	100	+T
I	3538428	G	+T/+T	12	200	92.17%	2	2	43	40	0.98	1	1	7	5	103	97	+T
I	3538436	T	+A/+A	10	207	95.39%	2	2	44	40	0.98	1	1	8	2	104	103	+A
I	3538449	T	+TA/+TA	39	162	80.6%	2	2	40	39	0.98	1	1	18	21	84	78	+TA
I	3538456	A	+AT/+AT	0	169	96.02%	0	2	0	40	0.98	0	1	0	0	85	84	+AT
I	3575205	C	*/+A	113	10	7.81%	2	2	37	35	0.98	1	1	83	30	7	3	+A
I	3576756	T	*/+TCTTCTC	37	115	50.88%	2	2	40	39	0.98	1	1	22	15	55	60	+TCTTCTC
I	3576929	C	+T/+T	25	192	87.67%	2	2	39	39	0.98	1	1	9	16	116	76	+T
I	3577787	T	*/+CTCTA	59	39	38.61%	2	1	39	40	0.98	1	1	49	10	39	0	+CTCTA
I	3580034	C	*/+T	57	26	29.89%	2	2	38	39	0.98	1	1	31	26	11	15	+T
I	3665610	G	+C/+C	4	178	96.74%	2	2	40	39	0.98	1	1	3	1	88	90	+C
I	3666021	C	+G/+G	4	194	96.52%	1	2	40	40	0.98	1	1	4	0	105	89	+G
I	3700385	T	*/+AA	38	51	50%	2	2	38	38	0.98	1	1	25	13	21	30	+AA
I	3730369	A	+T/+T	20	182	88.78%	2	2	40	41	0.98	1	1	11	9	101	81	+T
I	3765328	C	+T/+T	26	141	83.43%	2	2	40	38	0.98	1	1	17	9	76	65	+T
I	3776933	G	+A/+A	11	149	91.98%	2	2	38	39	0.98	1	1	4	7	60	89	+A
I	3855790	G	-T/-T	8	179	95.72%	2	2	40	39	0.98	1	1	4	4	83	96	-T
I	3870142	A	-C/-C	35	164	82.41%	2	2	39	40	0.98	1	1	16	19	81	83	-C
I	3940025	G	+T/+T	12	170	89.95%	2	2	37	38	0.98	1	1	6	6	87	83	+T
I	4010237	A	*/-G	19	3	7.89%	2	1	39	40	0.98	1	1	16	3	3	0	-G
I	4010237	A	*/+G	19	12	31.58%	2	1	39	38	0.98	1	1	16	3	12	0	+G
I	4010237	A	*/+GG	19	4	10.53%	2	1	39	40	0.98	1	1	16	3	4	0	+G
I	4055052	T	+A/+A	18	119	81.51%	2	2	40	38	0.98	1	1	9	9	61	58	+A
I	4179701	C	*/+T	34	47	54.65%	2	2	36	36	0.98	1	1	16	18	32	15	+T
I	4276888	A	*/+T	153	9	5.56%	2	1	39	31	0.98	1	1	100	53	0	9	+T
I	4276890	G	*/+T	24	110	69.62%	2	2	38	39	0.98	1	1	8	16	87	23	+T
I	4304169	G	+A/+A	19	205	90.31%	2	2	40	40	0.98	1	1	9	10	105	100	+A
I	4325624	C	+A/+A	49	196	77.78%	2	2	39	39	0.98	1	1	36	13	99	97	+A
I	4325633	A	*/-AT	239	16	6.27%	2	2	40	42	0.98	1	1	121	118	12	4	-AT
I	4338692	G	*/+T	244	16	6.15%	2	1	40	36	0.98	1	1	126	118	0	16	+T
I	4338694	G	+T/+T	31	177	77.63%	2	2	39	37	0.98	1	1	18	13	107	70	+T
I	4374342	A	-G/-G	12	201	94.37%	2	2	40	40	0.98	1	1	7	5	108	93	-G
I	4407494	T	+G/+G	12	220	94.02%	2	2	40	39	0.98	1	1	5	7	105	115	+G
I	4410191	C	-G/-G	5	220	97.78%	2	2	40	40	0.98	1	1	3	2	116	104	-G
I	4414201	C	-T/-T	47	154	76.24%	2	2	41	38	0.98	1	1	16	31	89	65	-T
I	4414723	T	*/+AAAAA	60	12	16%	2	2	40	38	0.98	1	1	49	11	10	2	+AAAAA
I	4431856	G	+A/+A	7	171	95%	2	2	49	40	0.98	1	1	5	2	81	90	+A
I	4431868	C	+A/+A	10	181	94.76%	2	2	44	40	0.98	1	1	5	5	82	99	+A
I	4455149	G	+A/+A	28	181	85.38%	2	2	41	39	0.98	1	1	16	12	98	83	+A
I	4514477	G	*/-T	106	10	8.62%	2	1	39	38	0.98	1	1	67	39	0	10	-T
I	4514478	T	*/-A	54	28	30.77%	2	2	39	38	0.98	1	1	42	12	22	6	-A
I	4648144	T	*/-G	148	20	11.9%	2	1	39	37	0.98	1	1	90	58	0	20	-G
I	4648159	T	*/-G	54	86	56.21%	2	2	40	39	0.98	1	1	12	42	64	22	-G
I	4648159	T	*/-GG	54	13	8.5%	2	2	40	38	0.98	1	1	12	42	2	11	-G
I	4721875	G	+A/+A	17	175	90.67%	2	2	40	40	0.98	1	1	7	10	87	88	+A
I	4764253	G	+A/+A	26	167	84.77%	2	2	40	40	0.98	1	1	12	14	78	89	+A
I	4926046	C	*/+T	51	48	47.06%	2	2	37	39	0.98	1	1	25	26	38	10	+T
I	5081389	T	*/+A	190	12	5.94%	2	2	39	40	0.98	1	1	89	101	3	9	+A
I	5142627	A	+G/+G	9	223	95.71%	2	2	40	40	0.98	1	1	3	6	113	110	+G
I	5148414	T	-A/-A	23	227	90.8%	2	2	42	39	0.98	1	1	7	16	117	110	-A
I	5173087	C	+T/+T	16	162	90.5%	2	2	38	39	0.98	1	1	11	5	75	87	+T
I	5173430	G	*/+T	38	103	67.32%	2	2	38	38	0.98	1	1	19	19	73	30	+T
I	5176924	A	*/+G	132	10	6.99%	2	1	39	36	0.98	1	1	59	73	0	10	+G
I	5176926	T	*/+A	38	81	60.9%	2	2	38	38	0.98	1	1	18	20	42	39	+A
I	5271432	C	*/+TTTT	80	5	5.75%	2	2	39	36	0.98	1	1	52	28	1	4	+TTTT
I	5368262	T	-C/-C	8	175	95.63%	2	2	43	39	0.98	1	1	7	1	86	89	-C
I	5368273	G	+T/+T	10	170	94.44%	2	2	40	39	0.98	1	1	6	4	80	90	+T
I	5426622	C	+T/+T	30	187	85%	2	2	38	40	0.98	1	1	12	18	105	82	+T
I	5559279	T	*/+GG	9	2	11.76%	2	1	38	40	0.98	1	1	5	4	2	0	+GG
I	5559279	T	*/+GGGG	9	2	11.76%	2	1	38	40	0.98	1	1	5	4	2	0	+GG
I	5559279	T	*/+GGGGGG	9	2	11.76%	2	1	38	32	0.98	1	1	5	4	2	0	+GG
I	5559365	C	*/-T	42	5	10.64%	2	1	38	40	0.98	1	1	34	8	5	0	-T
I	5567937	C	*/-A	164	12	6.82%	2	2	38	37	0.98	1	1	89	75	10	2	-A
I	5572022	A	*/-T	179	19	9.6%	2	1	39	39	0.98	1	1	91	88	0	19	-T
I	5576850	T	*/-AA	137	111	44.22%	2	2	39	38	0.98	1	1	70	67	49	62	-AA
II	15830	T	*/+A	26	5	15.15%	2	2	39	40	0.98	1	1	14	12	2	3	+A
II	52800	C	+TT/+TT	24	114	80.85%	2	2	38	40	0.98	1	1	10	14	65	49	+TT
II	128001	T	-A/-A	7	171	96.07%	2	2	40	40	0.98	1	1	1	6	83	88	-A
II	146079	T	-C/-C	11	218	95.2%	2	2	38	40	0.98	1	1	4	7	102	116	-C
II	229897	A	*/+T	148	8	5.06%	2	2	36	38	0.98	1	1	62	86	6	2	+T
II	484534	A	*/+T	49	122	70.52%	2	2	39	39	0.98	1	1	20	29	77	45	+T
II	603273	A	*/-AAAATATAATGAAAATGTTTATTGCACAAACAC	88	82	48.24%	2	2	40	40	0.98	1	1	39	49	30	52	-AAAATATAATGAAAATGTTTATTGCACAAACAC
II	603279	A	*/-T	66	7	9.59%	2	2	39	40	0.98	1	1	29	37	3	4	-T
II	603305	A	-C/-C	0	69	100%	0	2	0	40	0.98	0	1	0	0	38	31	-C
II	700009	T	-A/-A	26	161	86.1%	2	2	40	39	0.98	1	1	16	10	85	76	-A
II	888599	A	-C/-C	5	183	97.34%	2	2	40	40	0.98	1	1	1	4	109	74	-C
II	903106	G	+T/+T	3	193	97.47%	1	2	40	39	0.98	1	1	0	3	103	90	+T
II	997671	G	*/+CAACAACAACAACAA	129	20	10.64%	2	2	39	37	0.98	1	1	75	54	11	9	A
II	1019510	T	-A/-A	45	145	75.92%	2	2	40	39	0.98	1	1	26	19	72	73	-A
II	1057872	T	-AAAA/-AAAA	28	148	84.09%	2	2	42	39	0.98	1	1	13	15	80	68	-AAAA
II	1079843	T	+A/+A	28	155	81.15%	2	2	40	39	0.98	1	1	18	10	80	75	+A
II	1163154	A	-T/-T	8	207	96.28%	2	2	38	40	0.98	1	1	5	3	100	107	-T
II	1266289	T	+A/+A	41	151	76.65%	2	2	41	39	0.98	1	1	24	17	83	68	+A
II	1277481	G	*/+TT	73	21	21.65%	2	2	38	38	0.98	1	1	44	29	12	9	+TT
II	1308618	G	-T/-T	22	171	88.6%	2	2	37	39	0.98	1	1	9	13	108	63	-T
II	1323266	A	*/-T	208	23	9.96%	2	2	39	37	0.98	1	1	84	124	14	9	-T
II	1323267	T	+A/+A	27	174	85.71%	2	2	38	39	0.98	1	1	10	17	70	104	+A
II	1389139	C	*/+T	57	106	60.57%	2	2	38	36	0.98	1	1	25	32	44	62	+T
II	1555919	A	*/+TTTATT	56	142	70.3%	2	2	40	39	0.98	1	1	19	37	96	46	+TTTATT
II	1588936	G	*/+AA	41	42	43.3%	2	2	37	38	0.98	1	1	22	19	21	21	+AA
II	1620412	T	*/-A	38	13	25%	2	1	40	40	0.98	1	1	23	15	13	0	-A
II	1678205	T	-A/-A	24	142	85.54%	2	2	40	39	0.98	1	1	11	13	90	52	-A
II	1716256	G	*/+T	66	38	33.93%	2	2	38	37	0.98	1	1	51	15	21	17	+T
II	1716287	T	*/-G	128	24	15.79%	2	2	39	41	0.98	1	1	72	56	7	17	-G
II	1748646	G	*/-A	40	60	59.41%	2	2	38	38	0.98	1	1	23	17	37	23	-A
II	1757193	C	+T/+T	20	160	87.91%	2	2	39	39	0.98	1	1	12	8	83	77	+T
II	1805315	C	*/+T	59	13	17.11%	2	2	39	38	0.98	1	1	35	24	12	1	+T
II	1816760	T	*/+C	4	5	55.56%	2	1	40	40	0.98	1	1	3	1	5	0	+C
II	1861420	T	-G/-G	4	201	98.05%	2	2	40	40	0.98	1	1	1	3	104	97	-G
II	1867795	A	+T/+T	25	166	84.69%	2	2	40	39	0.98	1	1	9	16	77	89	+T
II	1868122	G	*/+T	47	67	53.17%	2	2	38	39	0.98	1	1	22	25	58	9	+T
II	1873779	T	+A/+A	11	185	94.39%	2	2	43	40	0.98	1	1	7	4	105	80	+A
II	1877294	A	+T/+T	18	149	88.17%	2	2	42	40	0.98	1	1	9	9	89	60	+T
II	1941966	A	+T/+T	5	222	96.1%	1	2	40	40	0.98	1	1	0	5	119	103	+T
II	1941982	A	+T/+T	9	227	94.58%	2	2	39	39	0.98	1	1	6	3	118	109	+T
II	1948953	G	-A/-A	7	209	96.76%	2	2	43	40	0.98	1	1	5	2	118	91	-A
II	1950050	A	+G/+G	16	185	91.13%	2	2	40	39	0.98	1	1	10	6	88	97	+G
II	1955495	T	*/+A	53	154	71.63%	2	2	40	39	0.98	1	1	28	25	79	75	+A
II	1960392	A	+G/+G	4	225	97.4%	2	2	40	40	0.98	1	1	2	2	124	101	+G
II	1987101	C	-G/-G	5	218	97.76%	2	2	40	39	0.98	1	1	3	2	103	115	-G
II	1987117	T	-G/-G	11	216	95.15%	2	2	43	40	0.98	1	1	7	4	98	118	-G
II	1992841	T	*/+AA	81	125	59.52%	2	2	39	39	0.98	1	1	45	36	73	52	+AA
II	2023193	G	*/+TT	51	37	40.66%	2	2	38	34	0.98	1	1	35	16	21	16	+TT
II	2049891	A	-T/-T	10	197	95.17%	2	2	42	40	0.98	1	1	7	3	76	121	-T
II	2053516	G	+C/+C	5	213	97.26%	2	2	40	40	0.98	1	1	3	2	107	106	+C
II	2108180	T	+A/+A	4	187	97.4%	2	2	40	39	0.98	1	1	2	2	90	97	+A
II	2115422	T	*/+A	129	15	10.42%	2	2	40	38	0.98	1	1	72	57	5	10	+A
II	2147726	G	+T/+T	8	184	95.34%	2	2	40	40	0.98	1	1	5	3	92	92	+T
II	2187407	G	+A/+A	5	221	97.36%	2	2	40	40	0.98	1	1	4	1	139	82	+A
II	2219928	A	+T/+T	9	216	95.15%	2	2	48	39	0.98	1	1	6	3	107	109	+T
II	2268188	T	*/+A	90	90	48.13%	2	2	38	39	0.98	1	1	50	40	46	44	+A
II	2293297	G	-A/-A	20	183	90.15%	2	2	40	40	0.98	1	1	10	10	92	91	-A
II	2443873	T	*/+AA	52	30	30.93%	2	2	40	40	0.98	1	1	37	15	29	1	+AA
II	2491256	C	+T/+T	25	212	88.7%	2	2	38	39	0.98	1	1	8	17	104	108	+T
II	2592423	T	+A/+A	20	164	86.32%	2	2	41	38	0.98	1	1	10	10	88	76	+A
II	2619448	G	*/-TT	72	4	5%	2	2	37	36	0.98	1	1	50	22	3	1	-TT
II	2630607	C	+A/+A	30	118	78.67%	2	2	39	39	0.98	1	1	19	11	57	61	+A
II	2640785	T	*/+A	36	84	65.62%	2	2	40	38	0.98	1	1	26	10	47	37	+A
II	2709414	G	+C/+C	8	245	95.7%	2	2	40	39	0.98	1	1	3	5	132	113	+C
II	2755338	C	-AT/-AT	29	158	83.6%	2	2	40	38	0.98	1	1	13	16	75	83	-AT
II	2788933	C	+G/+G	5	199	96.6%	2	2	40	41	0.98	1	1	2	3	112	87	+G
II	2798040	C	-T/-T	3	201	98.53%	1	2	40	40	0.98	1	1	0	3	87	114	-T
II	2798514	A	-G/-G	14	225	94.14%	2	2	40	39	0.98	1	1	7	7	103	122	-G
II	2808802	A	-T/-T	20	183	89.71%	2	2	40	40	0.98	1	1	10	10	97	86	-T
II	2811495	C	-A/-A	7	197	96.57%	2	2	40	40	0.98	1	1	3	4	105	92	-A
II	2938956	C	+T/+T	32	147	81.22%	2	2	39	40	0.98	1	1	13	19	77	70	+T
II	3040332	C	+G/+G	10	206	94.93%	2	2	40	39	0.98	1	1	5	5	96	110	+G
II	3058544	T	*/+G	143	14	8.43%	2	2	38	36	0.98	1	1	78	65	11	3	+G
II	3171788	G	*/+A	40	98	67.12%	2	2	38	38	0.98	1	1	18	22	55	43	+A
II	3253452	G	*/+T	156	10	5.99%	2	1	39	35	0.98	1	1	86	70	0	10	+T
II	3253453	C	*/+T	47	84	57.53%	2	2	37	38	0.98	1	1	25	22	58	26	+T
II	3583632	G	+A/+A	34	172	83.5%	2	2	40	39	0.98	1	1	17	17	83	89	+A
II	3605462	C	*/-G	217	12	5.24%	2	1	39	38	0.98	1	1	135	82	0	12	-G
II	3605463	G	-T/-T	24	174	87.44%	2	2	39	38	0.98	1	1	14	10	124	50	-T
II	3619003	A	+G/+G	7	209	94.14%	2	2	40	39	0.98	1	1	6	1	103	106	+G
II	3625896	G	+TA/+TA	48	152	75.25%	2	2	40	40	0.98	1	1	25	23	64	88	+TA
II	3799350	G	*/+A	44	103	68.67%	2	2	40	38	0.98	1	1	29	15	60	43	+A
II	3838101	C	-A/-A	25	184	88.04%	2	2	38	39	0.98	1	1	13	12	94	90	-A
II	3860185	C	*/-TAGTA	55	156	72.56%	2	2	38	39	0.98	1	1	32	23	64	92	-TAGTA
II	3883700	A	*/+AT	66	49	41.53%	2	2	40	39	0.98	1	1	23	43	24	25	+AT
II	4024340	T	*/+A	205	13	5.96%	2	2	39	40	0.98	1	1	98	107	10	3	+A
II	4031460	A	*/+T	57	40	38.1%	2	2	38	39	0.98	1	1	33	24	38	2	+T
II	4107253	G	*/+TTT	75	20	20.83%	2	2	38	36	0.98	1	1	49	26	12	8	+TTT
II	4254960	G	-A/-A	5	155	96.88%	2	2	40	40	0.98	1	1	2	3	69	86	-A
II	4308414	C	+A/+A	34	183	82.43%	2	2	39	39	0.98	1	1	19	15	94	89	+A
II	4419921	T	*/+A	32	68	57.14%	2	2	38	38	0.98	1	1	15	17	36	32	+A
II	4517036	C	*/-ATTTACTT	286	16	5.06%	2	2	40	42	0.98	1	1	143	143	6	10	-ATTTACTT
II	4517047	T	*/+TACTCATC	211	67	20.87%	2	2	39	40	0.98	1	1	101	110	32	35	+TACTCATC
II	4521677	T	*/-AA	133	92	40%	2	2	39	39	0.98	1	1	80	53	52	40	-AA
II	4525340	G	*/+T	132	48	23.53%	2	2	36	38	0.98	1	1	86	46	42	6	+T
II	4526174	A	*/-T	126	20	13.7%	2	2	35	32	0.98	1	1	76	50	12	8	-T
II	4528465	C	*/+GACAAT	319	57	15.16%	2	2	40	40	0.98	1	1	148	171	25	32	+GACAAT
II	4529375	T	*/+ACAACGACAACGACAACG	197	51	15.69%	2	2	39	40	0.98	1	1	81	116	21	30	+ACAACGACAACGACAACG
II	4529375	T	*/+ACAACGACAACGACAACGACAACG	197	72	22.15%	2	2	39	39	0.98	1	1	81	116	32	40	+ACAACGACAACGACAACGACAACG
II	4533588	C	*/-T	591	197	25%	2	2	40	40	0.98	1	1	311	280	105	92	-T
II	4534880	A	*/-T	537	176	24.68%	2	2	40	40	0.98	1	1	277	260	101	75	-T
II	4535523	T	*/+GTTACG	627	179	22.1%	2	2	40	40	0.98	1	1	296	331	87	92	+GTTACG
II	4535548	A	*/-TATGTG	617	174	22%	2	2	40	39	0.98	1	1	308	309	81	93	-TATGTG
II	4535645	G	*/-T	590	183	23.64%	2	2	40	40	0.98	1	1	306	284	99	84	-T
II	4536089	C	*/+AAAAGAAAAGTAAATT	733	97	11.59%	2	2	40	40	0.98	1	1	370	363	44	53	+AAAAGAAAAGTAAATT
II	4536728	A	*/+GAGAGTAGG	505	112	17.1%	2	2	39	40	0.98	1	1	197	308	43	69	+GAGAGTAGG
II	4537213	G	*/+T	581	190	24.58%	2	2	39	40	0.98	1	1	311	270	96	94	+T
II	4537387	A	*/-AATAAGAG	484	341	41.33%	2	2	40	39	0.98	1	1	222	262	174	167	-AATAAGAG
II	4537665	G	*/+AAATA	680	99	12.48%	2	2	40	39	0.98	1	1	329	351	28	71	+AAATA
III	4952	C	*/+T	1739	219	11.09%	2	2	39	40	0.98	1	1	1053	686	21	198	+T
III	9812	T	*/+A	2452	362	12.76%	2	2	39	38	0.98	1	1	1325	1127	20	342	+A
III	10094	A	*/-T	2561	149	5.5%	2	2	39	39	0.98	1	1	1378	1183	4	145	-T
III	15822	C	*/+T	1771	229	11.38%	2	2	39	39	0.98	1	1	1057	714	24	205	+T
III	20682	T	*/+A	2403	343	12.41%	2	2	39	39	0.98	1	1	1246	1157	22	321	+A
III	20964	A	*/-T	2469	145	5.55%	2	2	39	39	0.98	1	1	1321	1148	2	143	-T
III	253907	A	*/+T	42	58	51.33%	2	2	38	36	0.98	1	1	24	18	28	30	+T
III	286478	C	-TT/-TT	24	140	83.83%	2	2	41	39	0.98	1	1	5	19	75	65	-TT
III	286594	T	*/+A	54	72	52.55%	2	2	38	38	0.98	1	1	38	16	32	40	+A
III	365747	C	-A/-A	22	179	86.47%	2	2	40	37	0.98	1	1	16	6	95	84	-A
III	717677	A	*/-T	57	119	67.23%	2	2	40	38	0.98	1	1	22	35	70	49	-T
III	719955	A	-C/-C	10	172	94.51%	2	2	44	40	0.98	1	1	5	5	92	80	-C
III	719973	C	-G/-G	0	68	100%	0	2	0	40	0.98	0	1	0	0	29	39	-G
III	720683	A	+T/+T	20	143	85.12%	2	2	38	39	0.98	1	1	3	17	68	75	+T
III	867865	C	-T/-T	21	214	90.68%	2	2	39	40	0.98	1	1	7	14	109	105	-T
III	897531	C	*/+A	32	87	72.5%	2	2	39	36	0.98	1	1	15	17	46	41	+A
III	1016311	G	+C/+C	4	180	96.77%	2	2	40	39	0.98	1	1	1	3	101	79	+C
III	1073505	T	*/+ATATAGAG	523	57	9.74%	2	2	40	40	0.98	1	1	426	97	54	3	+ATATAGAG
III	1079346	A	*/+G	706	63	8.19%	2	2	40	39	0.98	1	1	490	216	45	18	+G
III	1080146	T	*/+ATATAGAG	923	127	12.04%	2	2	39	39	0.98	1	1	439	484	51	76	+ATATAGAG
III	1084026	A	*/+AGTGGTGATGGTT	200	19	8.68%	2	2	40	39	0.98	1	1	91	109	9	10	+AGTGGTGATGGTT
III	1084160	T	*/-AAGTGGA	92	28	23.33%	2	2	40	38	0.98	1	1	35	57	17	11	-AAGTGGA
III	1087979	A	*/+G	323	28	7.98%	2	2	40	40	0.98	1	1	137	186	10	18	+G
III	1114778	C	*/-TTCCACT	111	20	15.27%	2	2	39	39	0.98	1	1	69	42	11	9	-TTCCACT
III	1114914	T	*/+ACCACTAACCATC	141	15	9.62%	2	2	40	38	0.98	1	1	87	54	7	8	+ACCACTAACCATC
III	1121538	C	*/-TTCCACT	92	19	17.12%	2	2	39	40	0.98	1	1	45	47	9	10	-TTCCACT
III	1121674	T	*/+ACCACTAACCATC	159	24	13.11%	2	2	39	39	0.98	1	1	94	65	11	13	+ACCACTAACCATC
III	1128298	C	*/-TTCCACT	120	21	14.89%	2	2	39	39	0.98	1	1	62	58	4	17	-TTCCACT
III	1128434	T	*/+ACCACTAACCATC	170	16	8.6%	2	2	40	40	0.98	1	1	109	61	8	8	+ACCACTAACCATC
III	1131243	T	*/+C	304	19	5.86%	2	2	40	40	0.98	1	1	176	128	15	4	+C
III	1135058	C	*/-TTCCACT	101	18	15.13%	2	2	40	40	0.98	1	1	47	54	8	10	-TTCCACT
III	1135116	C	*/-T	49	3	5.56%	2	2	41	40	0.98	1	1	19	30	1	2	-T
III	1135194	T	*/+ACCACTAACCATC	154	19	10.98%	2	2	39	40	0.98	1	1	96	58	11	8	+ACCACTAACCATC
III	1252503	G	*/+TT	60	7	10.45%	2	1	40	33	0.98	1	1	32	28	0	7	+TT
III	1252505	G	*/+TT	42	4	7.14%	2	1	38	40	0.98	1	1	25	17	4	0	+TT
III	1421567	T	*/+G	173	29	13.49%	2	2	38	39	0.98	1	1	76	97	19	10	+G
III	1575951	G	*/+T	50	52	45.61%	2	2	38	37	0.98	1	1	35	15	32	20	+T
III	1685487	G	+A/+A	11	224	93.72%	2	2	42	40	0.98	1	1	5	6	83	141	+A
III	1691065	C	-T/-T	12	191	94.09%	2	2	40	40	0.98	1	1	8	4	74	117	-T
III	1756400	T	-A/-A	10	235	95.92%	2	2	38	40	0.98	1	1	6	4	136	99	-A
III	1765947	C	*/+TT	204	14	6.33%	2	2	40	38	0.98	1	1	89	115	4	10	+TT
III	1774235	T	+GATC/+GATC	14	185	92.5%	2	2	40	39	0.98	1	1	8	6	97	88	+GATC
III	1929127	A	*/-G	43	14	18.18%	2	2	34	29	0.98	1	1	34	9	12	2	-G
III	1929127	A	*/+G	43	13	16.88%	2	2	34	35	0.98	1	1	34	9	12	1	-G
III	1929127	A	*/+GG	43	4	5.19%	2	1	34	32	0.98	1	1	34	9	4	0	-G
III	2382018	A	*/-T	63	39	37.86%	2	2	39	38	0.98	1	1	30	33	29	10	-T
III	2443562	A	*/+T	878	473	34.5%	2	2	39	39	0.98	1	1	434	444	93	380	+T
III	2447585	T	*/+TAG	4654	580	11.02%	2	2	40	40	0.98	1	1	2144	2510	273	307	+TAG
III	2448309	T	-AA/-AA	491	3516	86.97%	2	2	39	38	0.98	1	1	270	221	1384	2132	-AA
