Chrom	Position	Ref	Cons	Reads1	Reads2	VarFreq	Strands1	Strands2	Qual1	Qual2	Pvalue	MapQual1	MapQual2	Reads1Plus	Reads1Minus	Reads2Plus	Reads2Minus	VarAllele
chr_II_telomeric_gap	2878	T	+TAA/+TAA	2	25	92.59%	2	2	37	45	0.98	1	1	1	1	11	14	+TAA
chr_II_telomeric_gap	6301	C	*/-AT	23	2	8%	2	1	52	42	0.98	1	1	8	15	2	0	-AT
chr_II_telomeric_gap	8537	T	*/-GA	9	2	16.67%	2	1	46	31	0.98	1	1	5	4	0	2	-GA
I	3160	A	*/+GTTGTCGTTGTCGTTGTC	58	12	15%	2	2	47	43	0.98	1	1	39	19	8	4	+GTTGTCGTTGTCGTTGTC
I	3160	A	*/+GTTGTCGTTGTCGTTGTCGTTGTC	58	9	11.25%	2	2	47	39	0.98	1	1	39	19	5	4	+GTTGTCGTTGTCGTTGTC
I	4053	C	*/+TGTCAT	76	20	20.41%	2	2	49	43	0.98	1	1	36	40	17	3	+TGTCAT
I	5676	T	*/-GA	61	5	7.46%	2	1	41	37	0.98	1	1	40	21	0	5	-GA
I	5677	G	*/-A	21	11	22%	2	2	39	34	0.98	1	1	20	1	9	2	-A
I	5677	G	*/-AA	21	6	12%	2	2	39	36	0.98	1	1	20	1	2	4	-A
I	5677	G	*/-AAA	21	4	8%	2	2	39	49	0.98	1	1	20	1	3	1	-A
I	5677	G	*/+AA	21	3	6%	2	2	39	33	0.98	1	1	20	1	2	1	-A
I	6357	T	*/-AA	58	13	17.11%	2	2	44	48	0.98	1	1	34	24	6	7	-AA
I	7192	C	*/-A	31	9	15.52%	2	2	44	42	0.98	1	1	25	6	6	3	-A
I	7192	C	*/+A	31	9	15.52%	2	2	44	47	0.98	1	1	25	6	6	3	-A
I	10859	G	*/-TT	12	8	40%	2	2	48	43	0.98	1	1	5	7	3	5	-TT
I	15734	C	*/-A	28	7	17.5%	2	2	48	49	0.98	1	1	22	6	6	1	-A
I	15734	C	*/+A	28	4	10%	2	1	48	61	0.98	1	1	22	6	0	4	-A
I	17760	A	*/-G	54	3	5.26%	2	1	42	37	0.98	1	1	33	21	0	3	-G
I	19694	T	*/+A	61	5	7.46%	2	1	60	37	0.98	1	1	31	30	5	0	+A
I	20148	A	*/-G	30	2	6.25%	2	1	51	37	0.98	1	1	14	16	0	2	-G
I	20545	C	*/+TTTTTTT	3	3	37.5%	1	1	40	37	0.98	1	1	3	0	3	0	+TTTTTTT
I	27402	A	*/-C	26	2	5.56%	2	1	42	37	0.98	1	1	5	21	0	2	-C
I	27402	A	*/+C	26	8	22.22%	2	1	42	32	0.98	1	1	5	21	0	8	+C
I	28398	A	*/+C	107	10	8.55%	2	2	44	65	0.98	1	1	25	82	4	6	+C
I	28588	G	*/-T	16	2	11.11%	2	2	43	37	0.98	1	1	9	7	1	1	-T
I	29373	T	*/+CTTGGGAATGATTATAGCAGC	39	3	6.38%	2	2	52	46	0.98	1	1	24	15	2	1	C
I	55244	T	*/-A	16	4	15.38%	2	1	39	37	0.98	1	1	14	2	4	0	-A
I	55244	T	*/-AA	16	4	15.38%	2	2	39	39	0.98	1	1	14	2	3	1	-A
I	101871	A	+G/+G	1	32	91.43%	1	2	74	48	0.98	1	1	0	1	14	18	+G
I	110482	T	*/+A	19	2	8.7%	2	1	41	55	0.98	1	1	17	2	2	0	+A
I	190112	C	*/-A	5	2	25%	1	1	37	42	0.98	1	1	5	0	0	2	-A
I	206448	C	*/+T	8	3	20%	2	2	35	40	0.98	1	1	7	1	2	1	+T
I	206448	C	*/+TT	8	2	13.33%	2	2	35	36	0.98	1	1	7	1	1	1	+T
I	232688	T	*/-A	4	6	50%	2	2	37	53	0.98	1	1	2	2	3	3	-A
I	238435	A	*/+T	25	2	7.41%	2	1	44	37	0.98	1	1	7	18	2	0	+T
I	414079	C	*/-T	15	4	18.18%	2	2	45	43	0.98	1	1	8	7	1	3	-T
I	414079	C	*/+T	15	2	9.09%	2	2	45	43	0.98	1	1	8	7	1	1	-T
I	437772	C	*/-T	30	2	6.25%	2	2	47	49	0.98	1	1	17	13	1	1	-T
I	440084	T	+A/+A	0	7	100%	0	2	0	37	0.98	0	1	0	0	5	2	+A
I	441614	C	*/-T	16	6	20.69%	2	2	35	39	0.98	1	1	13	3	5	1	-T
I	441614	C	*/-TT	16	4	13.79%	2	2	35	43	0.98	1	1	13	3	3	1	-T
I	441614	C	*/+T	16	2	6.9%	2	1	35	30	0.98	1	1	13	3	2	0	-T
I	442786	C	*/+T	10	13	56.52%	2	2	45	56	0.98	1	1	6	4	8	5	+T
I	453369	G	*/-A	7	3	13.64%	1	1	37	37	0.98	1	1	7	0	3	0	-A
I	453369	G	*/+A	7	8	36.36%	1	2	37	50	0.98	1	1	7	0	6	2	+A
I	453369	G	*/+AA	7	2	9.09%	1	1	37	37	0.98	1	1	7	0	2	0	+A
I	456726	G	*/-T	24	3	10.34%	2	2	42	37	0.98	1	1	13	11	2	1	-T
I	456726	G	*/-TT	24	2	6.9%	2	1	42	74	0.98	1	1	13	11	0	2	-T
I	456969	T	*/-A	37	4	9.76%	2	2	49	55	0.98	1	1	25	12	2	2	-A
I	464419	G	*/-A	27	2	6.9%	2	2	52	74	0.98	1	1	14	13	1	1	-A
I	470378	A	-C/-C	0	24	100%	0	2	0	42	0.98	0	1	0	0	15	9	-C
I	470390	A	-C/-C	1	26	96.3%	1	2	37	46	0.98	1	1	0	1	15	11	-C
I	473427	G	*/+T	8	3	23.08%	2	2	37	40	0.98	1	1	7	1	2	1	+T
I	482737	A	+G/+G	2	39	92.86%	2	2	49	43	0.98	1	1	1	1	19	20	+G
I	521845	T	*/-A	28	3	9.38%	2	1	44	37	0.98	1	1	13	15	3	0	-A
I	528541	C	*/-A	28	4	11.43%	2	2	40	55	0.98	1	1	19	9	2	2	-A
I	528541	C	*/+A	28	3	8.57%	2	2	40	53	0.98	1	1	19	9	2	1	-A
I	554527	A	+T/+T	1	15	88.24%	1	2	37	41	0.98	1	1	1	0	8	7	+T
I	562745	A	*/+T	8	9	42.86%	2	2	38	42	0.98	1	1	5	3	3	6	+T
I	562745	A	*/+TT	8	3	14.29%	2	1	38	57	0.98	1	1	5	3	0	3	+T
I	563726	G	*/-A	31	2	6.06%	2	2	47	55	0.98	1	1	17	14	1	1	-A
I	609849	C	*/-T	12	6	31.58%	2	1	44	43	0.98	1	1	7	5	6	0	-T
I	650099	C	*/+AA	3	2	22.22%	1	1	37	37	0.98	1	1	3	0	2	0	A
I	660056	T	*/+G	5	2	15.38%	2	1	42	37	0.98	1	1	4	1	2	0	+G
I	660056	T	*/+GGG	5	3	23.08%	2	1	42	25	0.98	1	1	4	1	3	0	+GGG
I	670032	C	+A/+A	0	66	98.51%	0	2	0	49	0.98	0	1	0	0	23	43	+A
I	678347	A	*/+T	45	8	15.09%	2	2	53	50	0.98	1	1	22	23	5	3	+T
I	682993	T	-C/-C	2	45	95.74%	1	2	68	45	0.98	1	1	2	0	18	27	-C
I	765477	A	*/-T	12	5	27.78%	2	1	40	44	0.98	1	1	5	7	0	5	-T
I	807903	A	*/-T	21	2	8.7%	2	1	41	37	0.98	1	1	5	16	2	0	-T
I	862962	C	+T/+T	1	19	95%	1	2	37	46	0.98	1	1	0	1	12	7	+T
I	870526	T	+A/+A	3	12	80%	2	2	61	50	0.98	1	1	1	2	6	6	+A
I	934607	T	*/+A	37	3	7.5%	2	1	47	49	0.98	1	1	23	14	3	0	+A
I	934908	T	*/+AA	15	2	10%	2	2	37	31	0.98	1	1	11	4	1	1	+AA
I	934908	T	*/+AAA	15	3	15%	2	2	37	49	0.98	1	1	11	4	2	1	+AAA
I	960025	G	*/+T	8	2	18.18%	2	1	40	37	0.98	1	1	7	1	0	2	+T
I	966383	C	*/+T	22	2	8.33%	2	1	42	55	0.98	1	1	17	5	2	0	+T
I	995069	A	*/-G	19	3	13.64%	2	1	40	45	0.98	1	1	8	11	0	3	-G
I	995070	G	*/-T	9	5	33.33%	2	2	37	37	0.98	1	1	7	2	2	3	-T
I	1022426	G	*/+T	34	2	5.56%	2	1	48	37	0.98	1	1	25	9	2	0	+T
I	1027635	T	*/+A	7	2	18.18%	1	1	37	37	0.98	1	1	7	0	2	0	+A
I	1048635	G	*/+A	4	13	68.42%	2	2	55	46	0.98	1	1	2	2	7	6	+A
I	1148104	A	*/+T	2	3	50%	1	2	49	37	0.98	1	1	2	0	2	1	+T
I	1185797	G	*/-A	11	3	18.75%	2	1	38	40	0.98	1	1	8	3	0	3	-A
I	1206603	G	*/-T	41	4	8.89%	2	2	48	43	0.98	1	1	22	19	2	2	-T
I	1224923	T	*/+C	34	2	5.56%	2	1	50	37	0.98	1	1	17	17	2	0	+C
I	1254655	T	*/-A	26	3	8.33%	2	1	41	37	0.98	1	1	21	5	3	0	-A
I	1254655	T	*/+A	26	7	19.44%	2	2	41	43	0.98	1	1	21	5	3	4	+A
I	1274803	T	+A/+A	0	23	100%	0	2	0	46	0.98	0	1	0	0	8	15	+A
I	1290605	A	*/-T	14	3	15%	2	2	40	37	0.98	1	1	8	6	2	1	-T
I	1290605	A	*/+T	14	2	10%	2	2	40	55	0.98	1	1	8	6	1	1	-T
I	1333654	T	*/+G	3	9	56.25%	2	2	61	35	0.98	1	1	1	2	8	1	+G
I	1333654	T	*/+GG	3	2	12.5%	2	1	61	31	0.98	1	1	1	2	2	0	+G
I	1358794	C	*/+A	2	4	66.67%	1	2	42	42	0.98	1	1	2	0	1	3	+A
I	1360608	T	*/+C	11	14	56%	2	2	50	44	0.98	1	1	5	6	6	8	+C
I	1387517	C	*/+T	10	7	41.18%	2	2	43	38	0.98	1	1	6	4	5	2	+T
I	1424708	C	-A/-A	3	28	90.32%	2	2	37	42	0.98	1	1	2	1	10	18	-A
I	1445661	C	*/+T	27	2	6.9%	2	1	47	37	0.98	1	1	14	13	2	0	+T
I	1482648	C	*/+T	13	2	13.33%	2	2	48	55	0.98	1	1	5	8	1	1	+T
I	1496317	C	*/-A	7	20	58.82%	2	2	42	52	0.98	1	1	3	4	9	11	-A
I	1496317	C	*/-AA	7	7	20.59%	2	2	42	44	0.98	1	1	3	4	3	4	-A
I	1507275	C	*/-A	14	2	12.5%	2	1	42	31	0.98	1	1	4	10	0	2	-A
I	1507933	G	*/-A	17	2	10.53%	2	1	46	68	0.98	1	1	9	8	0	2	-A
I	1509277	C	*/+T	3	6	60%	1	2	45	41	0.98	1	1	3	0	4	2	+T
I	1541472	G	*/-T	14	4	18.18%	2	2	37	58	0.98	1	1	12	2	3	1	-T
I	1595056	C	*/+T	8	6	37.5%	1	2	37	39	0.98	1	1	8	0	4	2	+T
I	1599291	T	*/+A	4	8	53.33%	2	2	49	41	0.98	1	1	3	1	1	7	+A
I	1600399	G	*/-A	45	3	6.25%	2	2	47	49	0.98	1	1	25	20	2	1	-A
I	1625092	T	+C/+C	1	17	94.44%	1	2	74	45	0.98	1	1	0	1	11	6	+C
I	1765306	C	*/+AA	7	2	18.18%	1	1	32	37	0.98	1	1	7	0	2	0	+AA
I	1777634	A	*/-T	10	5	27.78%	2	2	44	56	0.98	1	1	7	3	4	1	-T
I	1777634	A	*/-TT	10	2	11.11%	2	2	44	55	0.98	1	1	7	3	1	1	-T
I	1830464	C	*/+T	34	3	8.11%	2	1	52	61	0.98	1	1	15	19	0	3	+T
I	1837916	G	*/-T	12	2	11.11%	1	1	41	37	0.98	1	1	12	0	2	0	-T
I	1849285	C	*/-T	39	5	10%	2	2	42	53	0.98	1	1	22	17	2	3	-T
I	1849285	C	*/+T	39	4	8%	2	2	42	52	0.98	1	1	22	17	3	1	-T
I	1890184	C	*/-A	18	10	33.33%	2	2	47	45	0.98	1	1	10	8	5	5	-A
I	1936294	G	+A/+A	0	22	100%	0	2	0	52	0.98	0	1	0	0	9	13	+A
I	1943784	A	*/+CCC	11	2	12.5%	2	1	37	31	0.98	1	1	8	3	0	2	C
I	1952313	A	+T/+T	2	39	95.12%	1	2	37	44	0.98	1	1	0	2	24	15	+T
I	1954162	C	*/-A	7	8	36.36%	2	2	42	40	0.98	1	1	5	2	7	1	-A
I	1954162	C	*/-AA	7	2	9.09%	2	2	42	74	0.98	1	1	5	2	1	1	-A
I	1954162	C	*/+A	7	4	18.18%	2	1	42	46	0.98	1	1	5	2	4	0	+A
I	1955853	T	+A/+A	1	10	83.33%	1	2	37	38	0.98	1	1	1	0	5	5	+A
I	1975079	T	*/+A	26	2	7.14%	2	1	55	31	0.98	1	1	11	15	2	0	+A
I	2025000	C	*/+T	5	4	36.36%	2	2	44	42	0.98	1	1	4	1	2	2	+T
I	2041948	T	*/-A	15	2	10%	1	1	36	37	0.98	1	1	15	0	2	0	-A
I	2041948	T	*/-AA	15	2	10%	1	1	36	37	0.98	1	1	15	0	2	0	-A
I	2052488	A	*/-T	28	9	22.5%	2	2	43	38	0.98	1	1	20	8	7	2	-T
I	2052488	A	*/+T	28	2	5%	2	2	43	55	0.98	1	1	20	8	1	1	-T
I	2139856	G	+T/+T	2	12	85.71%	1	2	55	43	0.98	1	1	2	0	6	6	+T
I	2154491	T	+A/+A	1	31	96.88%	1	2	37	43	0.98	1	1	1	0	16	15	+A
I	2174555	C	*/-A	12	4	20%	2	2	36	37	0.98	1	1	5	7	1	3	-A
I	2174555	C	*/-AA	12	2	10%	2	2	36	55	0.98	1	1	5	7	1	1	-A
I	2190673	A	*/-T	25	2	7.41%	2	1	49	37	0.98	1	1	13	12	0	2	-T
I	2227870	C	*/-T	15	2	11.76%	2	1	38	37	0.98	1	1	13	2	2	0	-T
I	2227936	T	*/+AA	7	2	11.11%	1	1	44	36	0.98	1	1	7	0	2	0	A
I	2227936	T	*/+AAA	7	4	22.22%	1	2	44	37	0.98	1	1	7	0	3	1	+AAA
I	2231735	C	*/-A	18	3	12.5%	2	2	45	53	0.98	1	1	9	9	2	1	-A
I	2231735	C	*/+A	18	2	8.33%	2	1	45	37	0.98	1	1	9	9	2	0	-A
I	2245479	T	*/+C	12	16	48.48%	2	2	42	48	0.98	1	1	4	8	9	7	+C
I	2245479	T	*/+CC	12	3	9.09%	2	2	42	37	0.98	1	1	4	8	1	2	+C
I	2273201	T	*/-A	11	3	17.65%	2	1	48	49	0.98	1	1	8	3	3	0	-A
I	2279763	A	*/+T	12	2	13.33%	2	1	38	37	0.98	1	1	9	3	2	0	+T
I	2288240	C	-G/-G	0	36	100%	0	2	0	58	0.98	0	1	0	0	17	19	-G
I	2292331	C	*/+T	18	2	9.52%	2	1	43	37	0.98	1	1	13	5	2	0	+T
I	2322636	C	*/-A	16	5	17.86%	2	2	38	46	0.98	1	1	15	1	4	1	-A
I	2322636	C	*/-AA	16	3	10.71%	2	2	38	44	0.98	1	1	15	1	2	1	-A
I	2322636	C	*/+A	16	3	10.71%	2	1	38	37	0.98	1	1	15	1	3	0	-A
I	2327021	C	*/-A	25	3	9.38%	2	2	47	34	0.98	1	1	12	13	2	1	-A
I	2327021	C	*/+A	25	3	9.38%	2	2	47	37	0.98	1	1	12	13	2	1	-A
I	2343703	G	+A/+A	0	18	100%	0	2	0	49	0.98	0	1	0	0	5	13	+A
I	2350123	C	*/-T	29	2	6.45%	2	2	45	55	0.98	1	1	16	13	1	1	-T
I	2401096	C	*/-A	30	2	5.88%	2	2	46	55	0.98	1	1	20	10	1	1	-A
I	2421576	A	-C/-C	1	23	95.83%	1	2	37	46	0.98	1	1	0	1	16	7	-C
I	2443651	C	*/-A	32	2	5.56%	2	1	43	49	0.98	1	1	20	12	2	0	-A
I	2443651	C	*/+A	32	2	5.56%	2	1	43	68	0.98	1	1	20	12	0	2	-A
I	2482283	T	*/+A	50	3	5.66%	2	2	46	57	0.98	1	1	30	20	2	1	+A
I	2499149	A	-T/-T	1	30	96.77%	1	2	37	45	0.98	1	1	1	0	11	19	-T
I	2507462	T	+A/+A	2	24	92.31%	2	2	55	42	0.98	1	1	1	1	16	8	+A
I	2510060	T	+A/+A	4	19	82.61%	2	2	64	37	0.98	1	1	2	2	9	10	+A
I	2525713	C	*/-T	31	4	10.53%	2	1	39	37	0.98	1	1	26	5	4	0	-T
I	2525713	C	*/-TT	31	3	7.89%	2	2	39	29	0.98	1	1	26	5	2	1	-T
I	2556743	G	*/-A	12	3	18.75%	2	1	42	37	0.98	1	1	11	1	3	0	-A
I	2578262	T	*/-A	21	3	12%	2	1	46	45	0.98	1	1	11	10	0	3	-A
I	2588021	C	+A/+A	1	10	90.91%	1	2	74	43	0.98	1	1	1	0	7	3	+A
I	2588066	C	+A/+A	0	10	100%	0	2	0	40	0.98	0	1	0	0	7	3	+A
I	2594263	C	+T/+T	2	9	81.82%	1	2	55	41	0.98	1	1	0	2	5	4	+T
I	2594324	T	+A/+A	1	14	87.5%	1	2	74	44	0.98	1	1	0	1	11	3	+A
I	2594351	T	+A/+A	0	13	92.86%	0	2	0	38	0.98	0	1	0	0	10	3	+A
I	2594391	A	+T/+T	1	12	92.31%	1	2	37	42	0.98	1	1	0	1	10	2	+T
I	2605860	G	-T/-T	4	25	86.21%	1	2	37	46	0.98	1	1	0	4	9	16	-T
I	2607669	A	+T/+T	4	30	88.24%	1	2	52	47	0.98	1	1	4	0	18	12	+T
I	2683902	T	-C/-C	1	27	96.43%	1	2	37	47	0.98	1	1	1	0	17	10	-C
I	2689254	A	*/-T	16	3	14.29%	2	2	45	49	0.98	1	1	12	4	1	2	-T
I	2747027	T	*/-A	13	8	32%	2	2	38	41	0.98	1	1	7	6	3	5	-A
I	2747027	T	*/-AA	13	3	12%	2	1	38	49	0.98	1	1	7	6	3	0	-A
I	2748544	C	*/+T	12	5	29.41%	2	2	39	44	0.98	1	1	6	6	3	2	+T
I	2751236	T	-A/-A	3	27	77.14%	2	2	49	43	0.98	1	1	1	2	13	14	-A
I	2751236	T	*/-AA	3	5	14.29%	2	2	49	59	0.98	1	1	1	2	1	4	-A
I	2759871	T	+C/+C	2	18	85.71%	1	2	31	43	0.98	1	1	2	0	11	7	+C
I	2876870	C	*/+T	27	2	6.9%	2	2	49	37	0.98	1	1	6	21	1	1	+T
I	2897634	G	*/-TA	48	5	9.43%	2	2	48	44	0.98	1	1	21	27	3	2	-TA
I	2932741	C	*/-AT	20	2	9.09%	2	1	47	61	0.98	1	1	5	15	2	0	-AT
I	2958937	G	*/-A	21	2	8%	2	1	46	49	0.98	1	1	8	13	2	0	-A
I	2958937	G	*/+A	21	2	8%	2	2	46	74	0.98	1	1	8	13	1	1	-A
I	2960791	T	*/-A	18	2	10%	2	2	42	55	0.98	1	1	7	11	1	1	-A
I	2974682	T	*/+A	27	2	6.9%	2	2	41	36	0.98	1	1	19	8	1	1	+A
I	3033347	C	*/-T	21	6	18.75%	2	2	46	49	0.98	1	1	15	6	4	2	-T
I	3033347	C	*/+T	21	5	15.62%	2	2	46	42	0.98	1	1	15	6	2	3	-T
I	3060517	T	*/+A	34	4	10.26%	2	2	49	37	0.98	1	1	13	21	2	2	+A
I	3125118	A	+T/+T	0	31	96.88%	0	2	0	44	0.98	0	1	0	0	17	14	+T
I	3144699	T	*/-A	9	6	37.5%	2	2	37	43	0.98	1	1	7	2	5	1	-A
I	3159187	C	*/-CA	77	7	8.24%	2	2	48	49	0.98	1	1	37	40	2	5	-CA
I	3159955	C	*/+ATACT	91	5	5.21%	2	2	44	42	0.98	1	1	19	72	4	1	+ATACT
I	3159994	C	*/-T	75	4	5.06%	2	2	41	61	0.98	1	1	61	14	2	2	-T
I	3166776	G	*/+TT	4	3	15%	1	2	40	45	0.98	1	1	4	0	2	1	+TT
I	3166776	G	*/+TTT	4	11	55%	1	2	40	46	0.98	1	1	4	0	9	2	+TTT
I	3166776	G	*/+TTTT	4	2	10%	1	2	40	42	0.98	1	1	4	0	1	1	+TTT
I	3178494	C	+T/+T	1	26	96.3%	1	2	37	49	0.98	1	1	1	0	13	13	+T
I	3184255	T	*/-A	15	3	14.29%	2	2	44	37	0.98	1	1	5	10	1	2	-A
I	3184255	T	*/+A	15	3	14.29%	2	2	44	37	0.98	1	1	5	10	1	2	-A
I	3197528	A	+G/+G	2	52	94.55%	1	2	55	44	0.98	1	1	0	2	25	27	+G
I	3299997	G	*/-A	42	4	8.51%	2	2	44	43	0.98	1	1	30	12	2	2	-A
I	3300226	T	*/-A	34	5	12.82%	2	2	51	44	0.98	1	1	18	16	4	1	-A
I	3301538	C	*/-T	15	3	15.79%	2	2	39	32	0.98	1	1	9	6	2	1	-T
I	3303111	C	*/+T	15	2	11.11%	2	2	48	36	0.98	1	1	12	3	1	1	+T
I	3303394	C	*/-AT	22	2	8%	2	2	52	68	0.98	1	1	5	17	1	1	-AT
I	3380404	C	*/-A	18	3	13.04%	2	2	42	40	0.98	1	1	15	3	2	1	-A
I	3404612	C	*/-T	8	2	16.67%	2	2	40	49	0.98	1	1	3	5	1	1	-T
I	3404991	C	*/-T	10	2	13.33%	2	2	36	37	0.98	1	1	9	1	1	1	-T
I	3404991	C	*/+T	10	2	13.33%	2	2	36	42	0.98	1	1	9	1	1	1	-T
I	3410124	A	*/-T	14	2	11.11%	2	1	50	37	0.98	1	1	7	7	0	2	-T
I	3410124	A	*/+T	14	2	11.11%	2	1	50	31	0.98	1	1	7	7	0	2	-T
I	3450130	G	-T/-T	1	23	95.83%	1	2	48	45	0.98	1	1	0	1	8	15	-T
I	3460318	T	+C/+C	0	16	100%	0	2	0	47	0.98	0	1	0	0	5	11	+C
I	3538413	A	+T/+T	0	15	100%	0	2	0	46	0.98	0	1	0	0	5	10	+T
I	3538428	G	+T/+T	2	12	85.71%	2	2	55	44	0.98	1	1	1	1	4	8	+T
I	3538436	T	+A/+A	0	13	92.86%	0	2	0	42	0.98	0	1	0	0	5	8	+A
I	3538449	T	+TA/+TA	1	12	92.31%	1	2	37	43	0.98	1	1	1	0	4	8	+TA
I	3538456	A	+AT/+AT	0	12	100%	0	2	0	43	0.98	0	1	0	0	4	8	+AT
I	3548882	G	*/-A	12	3	20%	2	1	42	33	0.98	1	1	10	2	3	0	-A
I	3560373	A	*/+T	16	2	11.11%	2	1	40	37	0.98	1	1	7	9	0	2	+T
I	3574738	C	*/-A	26	2	6.9%	2	1	39	37	0.98	1	1	16	10	2	0	-A
I	3576929	C	+T/+T	3	12	75%	1	2	45	45	0.98	1	1	3	0	5	7	+T
I	3577787	T	*/+CTCTA	27	23	44.23%	2	2	47	49	0.98	1	1	9	18	14	9	+CTCTA
I	3580034	C	*/+T	9	7	36.84%	2	2	39	36	0.98	1	1	8	1	6	1	+T
I	3609896	T	*/-A	6	4	40%	2	2	39	43	0.98	1	1	4	2	3	1	-A
I	3610396	C	*/-T	11	2	14.29%	2	2	38	49	0.98	1	1	7	4	1	1	-T
I	3659724	C	*/-T	32	6	15.38%	2	2	40	44	0.98	1	1	24	8	4	2	-T
I	3665610	G	+C/+C	0	58	100%	0	2	0	47	0.98	0	1	0	0	27	31	+C
I	3666021	C	+G/+G	0	28	100%	0	2	0	48	0.98	0	1	0	0	20	8	+G
I	3682987	T	*/-A	24	2	7.69%	2	2	38	37	0.98	1	1	14	10	1	1	-A
I	3700385	T	*/+A	4	3	16.67%	2	2	43	33	0.98	1	1	3	1	1	2	+A
I	3700385	T	*/+AA	4	9	50%	2	2	43	41	0.98	1	1	3	1	3	6	+AA
I	3730369	A	+T/+T	1	14	87.5%	1	2	74	44	0.98	1	1	1	0	7	7	+T
I	3736072	C	*/+T	14	10	41.67%	2	2	42	40	0.98	1	1	7	7	3	7	+T
I	3747341	A	*/+C	21	3	12.5%	2	2	49	74	0.98	1	1	15	6	2	1	+C
I	3749559	T	*/-C	13	2	13.33%	2	1	48	25	0.98	1	1	7	6	0	2	-C
I	3765328	C	+T/+T	1	14	87.5%	1	2	74	40	0.98	1	1	0	1	12	2	+T
I	3765366	T	*/-A	15	3	16.67%	2	2	43	49	0.98	1	1	9	6	2	1	-A
I	3776888	C	*/-T	17	5	22.73%	2	2	43	42	0.98	1	1	13	4	2	3	-T
I	3776933	G	+A/+A	3	13	81.25%	1	2	40	35	0.98	1	1	3	0	3	10	+A
I	3785861	G	*/+TATAATGTA	38	5	11.11%	2	2	50	51	0.98	1	1	8	30	2	3	+TATAATGTA
I	3850523	C	*/-T	21	5	17.24%	2	2	45	49	0.98	1	1	12	9	4	1	-T
I	3850523	C	*/+T	21	3	10.34%	2	2	45	41	0.98	1	1	12	9	2	1	-T
I	3855790	G	-T/-T	1	22	95.65%	1	2	37	46	0.98	1	1	0	1	12	10	-T
I	3870142	A	-C/-C	4	19	79.17%	2	2	40	48	0.98	1	1	1	3	8	11	-C
I	3898356	A	*/+G	35	2	5.41%	2	1	45	37	0.98	1	1	14	21	2	0	+G
I	3923413	G	*/-A	27	2	6.67%	2	1	42	55	0.98	1	1	17	10	0	2	-A
I	3940025	G	+T/+T	1	25	96.15%	1	2	37	51	0.98	1	1	0	1	15	10	+T
I	3984736	A	*/-GGT	196	16	7.55%	2	1	48	42	0.98	1	1	64	132	0	16	-GGT
I	3992211	A	*/-AAC	35	2	5.41%	2	2	42	55	0.98	1	1	7	28	1	1	-AAC
I	3992212	A	*/-AC	30	4	11.76%	2	1	42	37	0.98	1	1	8	22	0	4	-AC
I	3992213	A	*/-C	19	10	34.48%	2	2	42	38	0.98	1	1	4	15	3	7	-C
I	3993810	T	*/-A	8	2	20%	2	1	41	37	0.98	1	1	5	3	2	0	-A
I	3995018	G	*/-A	11	2	15.38%	2	1	45	55	0.98	1	1	5	6	0	2	-A
I	3995023	C	*/-TT	6	4	33.33%	2	2	44	43	0.98	1	1	3	3	1	3	-TT
I	3996048	G	*/-A	124	9	6.77%	2	2	50	53	0.98	1	1	68	56	4	5	-A
I	4004016	G	*/-T	23	5	15.62%	2	2	50	44	0.98	1	1	16	7	1	4	-T
I	4004016	G	*/+T	23	2	6.25%	2	2	50	37	0.98	1	1	16	7	1	1	-T
I	4010237	A	*/+G	9	2	13.33%	2	1	42	37	0.98	1	1	6	3	2	0	+G
I	4010237	A	*/+GG	9	2	13.33%	2	1	42	31	0.98	1	1	6	3	2	0	+G
I	4055052	T	+A/+A	7	27	77.14%	2	2	46	42	0.98	1	1	6	1	17	10	+A
I	4071656	A	*/+T	23	2	8%	2	1	49	55	0.98	1	1	14	9	2	0	+T
I	4137001	T	*/+A	30	2	6.25%	2	1	41	55	0.98	1	1	24	6	2	0	+A
I	4153651	C	*/-T	12	4	23.53%	2	2	44	36	0.98	1	1	7	5	2	2	-T
I	4163005	A	*/-T	20	4	16.67%	2	2	43	37	0.98	1	1	19	1	2	2	-T
I	4179641	C	*/-A	15	3	15%	2	2	38	37	0.98	1	1	12	3	2	1	-A
I	4179641	C	*/+A	15	2	10%	2	1	38	37	0.98	1	1	12	3	2	0	-A
I	4179701	C	*/+T	7	3	27.27%	2	1	30	31	0.98	1	1	5	2	3	0	+T
I	4239381	C	*/+T	20	3	13.04%	2	2	53	37	0.98	1	1	11	9	2	1	+T
I	4241118	G	*/-A	17	10	34.48%	2	2	51	46	0.98	1	1	12	5	7	3	-A
I	4276890	G	+T/+T	1	21	91.3%	1	2	37	45	0.98	1	1	1	0	15	6	+T
I	4304169	G	+A/+A	1	17	94.44%	1	2	37	46	0.98	1	1	0	1	11	6	+A
I	4325624	C	+A/+A	0	27	100%	0	2	0	43	0.98	0	1	0	0	14	13	+A
I	4338694	G	+T/+T	6	49	87.5%	2	2	41	48	0.98	1	1	4	2	35	14	+T
I	4360508	C	*/-T	33	2	5.71%	2	1	48	37	0.98	1	1	13	20	2	0	-T
I	4374342	A	-G/-G	0	49	100%	0	2	0	52	0.98	0	1	0	0	28	21	-G
I	4386268	G	*/-A	2	2	33.33%	2	1	29	55	0.98	1	1	1	1	2	0	-A
I	4394766	C	*/-A	21	3	12%	2	2	41	49	0.98	1	1	13	8	2	1	-A
I	4407494	T	+G/+G	0	51	100%	0	2	0	47	0.98	0	1	0	0	26	25	+G
I	4410191	C	-G/-G	1	21	95.45%	1	2	37	49	0.98	1	1	1	0	14	7	-G
I	4414201	C	*/-T	3	9	69.23%	2	2	37	37	0.98	1	1	2	1	6	3	-T
I	4414723	T	*/+AAAAA	4	2	33.33%	1	1	34	37	0.98	1	1	4	0	2	0	+AAAAA
I	4431856	G	+A/+A	6	53	89.83%	1	2	74	46	0.98	1	1	6	0	21	32	+A
I	4431868	C	+A/+A	5	55	91.67%	2	2	46	43	0.98	1	1	2	3	20	35	+A
I	4431871	A	*/-T	55	3	5.08%	2	2	42	45	0.98	1	1	21	34	1	2	-T
I	4442621	A	*/-AT	59	4	6.35%	2	2	51	55	0.98	1	1	33	26	2	2	-AT
I	4455149	G	+A/+A	1	9	90%	1	2	37	34	0.98	1	1	0	1	4	5	+A
I	4462986	T	*/-A	27	2	6.9%	2	1	43	36	0.98	1	1	16	11	2	0	-A
I	4507370	C	*/+A	23	4	14.29%	2	2	46	34	0.98	1	1	10	13	2	2	+A
I	4514478	T	*/-A	9	11	40.74%	2	2	42	48	0.98	1	1	8	1	7	4	-A
I	4514478	T	*/-AA	9	4	14.81%	2	1	42	43	0.98	1	1	8	1	4	0	-A
I	4514478	T	*/-AAA	9	3	11.11%	2	1	42	53	0.98	1	1	8	1	3	0	-A
I	4524584	G	*/-T	11	3	21.43%	2	2	49	61	0.98	1	1	3	8	1	2	-T
I	4561329	A	*/-T	26	2	6.9%	2	2	42	37	0.98	1	1	13	13	1	1	-T
I	4604649	C	*/-T	15	2	10%	2	1	35	37	0.98	1	1	14	1	2	0	-T
I	4604649	C	*/+T	15	2	10%	2	2	35	42	0.98	1	1	14	1	1	1	-T
I	4648144	T	*/-G	31	3	8.82%	2	2	41	37	0.98	1	1	24	7	2	1	-G
I	4648159	T	*/-G	11	19	55.88%	2	2	44	40	0.98	1	1	6	5	15	4	-G
I	4648159	T	*/-GG	11	4	11.76%	2	2	44	49	0.98	1	1	6	5	1	3	-G
I	4658978	C	*/-A	22	2	8.33%	2	2	46	31	0.98	1	1	11	11	1	1	-A
I	4721875	G	+A/+A	0	17	100%	0	2	0	52	0.98	0	1	0	0	12	5	+A
I	4740290	C	*/-T	37	2	5.13%	2	2	46	74	0.98	1	1	16	21	1	1	-T
I	4760698	T	*/-A	18	2	10%	2	1	52	37	0.98	1	1	12	6	2	0	-A
I	4764253	G	*/+A	7	18	66.67%	2	2	43	44	0.98	1	1	6	1	10	8	+A
I	4781861	G	*/-T	24	3	10.71%	2	2	42	33	0.98	1	1	14	10	1	2	-T
I	4911431	G	*/+T	14	2	11.76%	1	1	37	42	0.98	1	1	14	0	2	0	+T
I	4912259	A	*/-T	32	2	5.88%	2	2	47	68	0.98	1	1	18	14	1	1	-T
I	4916623	C	*/-A	12	4	20%	2	2	49	37	0.98	1	1	6	6	3	1	-A
I	4916623	C	*/+A	12	2	10%	2	2	49	55	0.98	1	1	6	6	1	1	-A
I	4926046	C	*/+T	1	7	70%	1	2	37	37	0.98	1	1	1	0	6	1	+T
I	4984784	A	*/-TT	9	6	33.33%	1	1	43	37	0.98	1	1	9	0	6	0	-TT
I	4984784	A	*/+T	9	2	11.11%	1	1	43	37	0.98	1	1	9	0	2	0	-TT
I	5002717	C	*/-A	18	2	8.33%	2	2	42	37	0.98	1	1	10	8	1	1	-A
I	5002717	C	*/+A	18	4	16.67%	2	2	42	52	0.98	1	1	10	8	3	1	+A
I	5058829	C	*/-T	26	2	7.14%	2	2	54	55	0.98	1	1	16	10	1	1	-T
I	5060109	A	*/+T	23	2	8%	2	1	54	74	0.98	1	1	9	14	0	2	+T
I	5096442	G	*/-T	4	3	42.86%	1	2	37	35	0.98	1	1	4	0	1	2	-T
I	5123299	C	*/-A	13	2	13.33%	2	2	46	42	0.98	1	1	11	2	1	1	-A
I	5142627	A	+G/+G	2	21	91.3%	2	2	49	47	0.98	1	1	1	1	9	12	+G
I	5148414	T	-A/-A	1	39	97.5%	1	2	37	50	0.98	1	1	1	0	17	22	-A
I	5155608	C	*/-AA	3	2	33.33%	2	2	33	37	0.98	1	1	1	2	1	1	-AA
I	5159554	C	*/-T	31	3	8.82%	2	1	43	37	0.98	1	1	15	16	0	3	-T
I	5173086	G	*/+A	23	2	8%	2	1	46	49	0.98	1	1	9	14	0	2	+A
I	5173087	C	+T/+T	4	18	75%	2	2	46	47	0.98	1	1	3	1	6	12	+T
I	5173430	G	*/+T	16	18	47.37%	2	2	45	43	0.98	1	1	11	5	11	7	+T
I	5173430	G	*/+TT	16	3	7.89%	2	2	45	29	0.98	1	1	11	5	1	2	+T
I	5176926	T	*/+A	6	7	53.85%	2	2	41	42	0.98	1	1	4	2	2	5	+A
I	5177760	A	*/-T	15	4	16.67%	2	2	44	49	0.98	1	1	12	3	1	3	-T
I	5177760	A	*/-TTT	15	3	12.5%	2	2	44	45	0.98	1	1	12	3	2	1	-T
I	5181376	A	*/-T	18	2	9.52%	2	1	53	31	0.98	1	1	13	5	2	0	-T
I	5181832	G	*/-T	11	2	15.38%	2	1	47	49	0.98	1	1	7	4	0	2	-T
I	5266596	A	*/-T	33	2	5.56%	2	1	43	37	0.98	1	1	21	12	0	2	-T
I	5271793	A	*/-T	21	3	12%	2	2	53	49	0.98	1	1	14	7	2	1	-T
I	5321699	C	*/-T	10	2	16.67%	2	2	37	68	0.98	1	1	8	2	1	1	-T
I	5346129	A	*/-T	19	2	9.52%	2	1	44	55	0.98	1	1	8	11	2	0	-T
I	5368262	T	-C/-C	5	67	93.06%	1	2	66	47	0.98	1	1	5	0	25	42	-C
I	5368273	G	+T/+T	3	69	94.52%	1	2	37	48	0.98	1	1	0	3	25	44	+T
I	5426622	C	+T/+T	3	23	79.31%	1	2	49	44	0.98	1	1	3	0	15	8	+T
I	5426622	C	*/+TT	3	2	6.9%	1	2	49	37	0.98	1	1	3	0	1	1	+T
I	5451734	T	*/-A	29	2	6.45%	2	2	48	31	0.98	1	1	17	12	1	1	-A
I	5509333	T	*/-A	33	2	5.71%	2	2	49	74	0.98	1	1	19	14	1	1	-A
I	5523144	C	*/+A	37	3	7.32%	2	2	52	45	0.98	1	1	13	24	2	1	+A
I	5547223	T	*/+A	11	2	14.29%	2	2	38	42	0.98	1	1	9	2	1	1	+A
I	5559365	C	*/-T	5	2	22.22%	2	1	53	36	0.98	1	1	1	4	2	0	-T
I	5564950	C	*/-T	5	2	28.57%	2	2	39	49	0.98	1	1	3	2	1	1	-T
I	5567937	C	*/-A	24	3	10.71%	2	1	45	37	0.98	1	1	16	8	3	0	-A
I	5572022	A	*/-T	54	4	6.9%	2	1	47	37	0.98	1	1	19	35	0	4	-T
I	5573647	T	*/-C	52	4	7.14%	2	2	44	34	0.98	1	1	29	23	2	2	-C
I	5576850	T	*/-AA	6	5	45.45%	2	2	41	56	0.98	1	1	3	3	2	3	-AA
II	5109	A	*/+C	108	11	9.24%	2	2	47	60	0.98	1	1	29	79	6	5	+C
II	5178	C	*/+A	59	4	6.35%	2	2	52	74	0.98	1	1	31	28	2	2	+A
II	7268	G	*/-T	25	2	7.14%	2	2	40	37	0.98	1	1	13	12	1	1	-T
II	15830	T	*/+A	4	3	37.5%	2	1	52	37	0.98	1	1	2	2	3	0	+A
II	23557	G	*/-A	9	2	15.38%	2	2	31	55	0.98	1	1	8	1	1	1	-A
II	24648	A	*/+T	14	2	12.5%	2	1	41	55	0.98	1	1	8	6	0	2	+T
II	46913	T	*/-A	8	3	18.75%	2	2	41	40	0.98	1	1	7	1	2	1	-A
II	46913	T	*/+A	8	4	25%	2	1	41	39	0.98	1	1	7	1	4	0	+A
II	52800	C	+TT/+TT	1	18	90%	1	2	74	42	0.98	1	1	1	0	13	5	+TT
II	73586	C	*/-T	22	2	8.33%	2	1	44	37	0.98	1	1	13	9	2	0	-T
II	83071	C	*/+TT	4	9	64.29%	1	2	49	43	0.98	1	1	4	0	5	4	+TT
II	113240	T	*/-A	9	5	33.33%	2	2	52	42	0.98	1	1	6	3	3	2	-A
II	128001	T	-A/-A	1	22	95.65%	1	2	37	43	0.98	1	1	0	1	10	12	-A
II	146079	T	-C/-C	2	43	95.56%	1	2	25	45	0.98	1	1	0	2	19	24	-C
II	201022	A	*/+T	7	2	20%	2	1	35	55	0.98	1	1	4	3	0	2	+T
II	206154	T	*/-A	51	3	5.56%	2	1	51	49	0.98	1	1	21	30	0	3	-A
II	229897	A	*/+T	12	17	42.5%	2	2	48	38	0.98	1	1	7	5	10	7	+T
II	229897	A	*/+TT	12	9	22.5%	2	1	48	41	0.98	1	1	7	5	9	0	+T
II	243155	C	*/-A	20	2	8%	2	2	42	42	0.98	1	1	14	6	1	1	A
II	257643	C	*/-T	33	2	5.56%	2	2	41	42	0.98	1	1	23	10	1	1	-T
II	310243	G	*/+T	14	2	11.76%	2	1	42	74	0.98	1	1	12	2	2	0	+T
II	320661	G	*/-A	32	3	7.89%	2	2	39	49	0.98	1	1	18	14	2	1	-A
II	320661	G	*/+A	32	3	7.89%	2	2	39	33	0.98	1	1	18	14	1	2	-A
II	329931	T	*/+G	10	5	33.33%	2	2	51	56	0.98	1	1	4	6	2	3	+G
II	330163	G	*/+A	5	8	61.54%	2	2	37	54	0.98	1	1	1	4	3	5	+A
II	333860	T	+A/+A	2	31	93.94%	1	2	55	48	0.98	1	1	2	0	11	20	+A
II	347845	A	*/-T	16	3	15.79%	2	1	50	57	0.98	1	1	9	7	0	3	-T
II	355454	T	*/+A	15	4	20%	2	2	48	52	0.98	1	1	1	14	1	3	+A
II	376034	C	*/-T	28	3	9.68%	2	1	49	49	0.98	1	1	9	19	0	3	-T
II	410085	C	*/-T	19	7	22.58%	2	2	41	52	0.98	1	1	14	5	6	1	-T
II	410085	C	*/-TT	19	2	6.45%	2	2	41	49	0.98	1	1	14	5	1	1	-T
II	410085	C	*/+T	19	2	6.45%	2	1	41	55	0.98	1	1	14	5	2	0	-T
II	413039	T	*/-A	14	2	12.5%	2	1	37	37	0.98	1	1	8	6	0	2	-A
II	484534	A	*/+T	3	6	54.55%	2	2	33	34	0.98	1	1	2	1	3	3	+T
II	516071	T	*/-A	16	4	18.18%	2	2	45	52	0.98	1	1	11	5	2	2	-A
II	520627	C	*/+T	13	2	11.11%	2	2	35	42	0.98	1	1	12	1	1	1	+T
II	521731	G	*/-T	38	13	23.64%	2	2	43	44	0.98	1	1	26	12	9	4	-T
II	521731	G	*/+T	38	4	7.27%	2	1	43	58	0.98	1	1	26	12	4	0	-T
II	522800	G	*/-A	29	2	6.06%	2	1	48	37	0.98	1	1	23	6	2	0	-A
II	574536	T	*/-A	31	2	5.88%	2	1	46	37	0.98	1	1	7	24	0	2	-A
II	603273	A	-AAAATATAATGAAAATGTTTATTGCACAAACAC/-AAAATATAATGAAAATGTTTATTGCACAAACAC	0	15	100%	0	2	0	46	0.98	0	1	0	0	7	8	-AAAATATAATGAAAATGTTTATTGCACAAACAC
II	603305	A	-C/-C	0	10	100%	0	2	0	35	0.98	0	1	0	0	2	8	-C
II	603544	C	*/-A	25	2	7.41%	2	1	49	74	0.98	1	1	16	9	0	2	-A
II	625765	C	*/+T	35	2	5.41%	2	2	41	55	0.98	1	1	21	14	1	1	+T
II	673086	G	*/-A	6	4	30.77%	2	1	39	37	0.98	1	1	4	2	4	0	-A
II	677175	G	*/-TA	36	4	9.76%	2	2	52	37	0.98	1	1	10	26	1	3	-TA
II	700009	T	-A/-A	3	20	86.96%	1	2	37	40	0.98	1	1	0	3	10	10	-A
II	716295	G	*/-T	14	2	10%	2	2	41	37	0.98	1	1	8	6	1	1	-T
II	716295	G	*/+T	14	2	10%	2	1	41	55	0.98	1	1	8	6	2	0	-T
II	753854	A	*/-T	12	3	16.67%	2	1	36	37	0.98	1	1	7	5	3	0	-T
II	753854	A	*/+T	12	3	16.67%	2	1	36	49	0.98	1	1	7	5	3	0	-T
II	756993	C	*/-T	33	2	5.41%	2	2	45	74	0.98	1	1	17	16	1	1	-T
II	756993	C	*/+T	33	2	5.41%	2	2	45	49	0.98	1	1	17	16	1	1	-T
II	819361	C	*/-A	17	2	10.53%	1	1	38	37	0.98	1	1	17	0	2	0	-A
II	819795	T	*/+C	37	3	7.5%	2	2	42	45	0.98	1	1	25	12	2	1	+C
II	846003	G	*/+T	13	2	13.33%	2	1	38	31	0.98	1	1	9	4	0	2	+T
II	888599	A	-C/-C	0	17	100%	0	2	0	53	0.98	0	1	0	0	7	10	-C
II	889921	C	*/-T	17	5	21.74%	1	1	34	44	0.98	1	1	17	0	5	0	-T
II	890369	T	*/+A	28	2	6.67%	2	1	45	49	0.98	1	1	5	23	0	2	+A
II	890578	C	*/-T	26	3	10%	2	1	39	37	0.98	1	1	24	2	3	0	-T
II	891756	C	*/-A	24	2	7.69%	2	1	42	31	0.98	1	1	15	9	0	2	-A
II	903106	G	+T/+T	1	29	96.67%	1	2	74	46	0.98	1	1	1	0	9	20	+T
II	946548	C	*/-A	29	3	9.38%	2	2	46	37	0.98	1	1	19	10	1	2	-A
II	948303	T	*/-A	17	2	10%	2	1	54	49	0.98	1	1	8	9	2	0	-A
II	948732	A	+T/+T	3	17	85%	2	2	45	47	0.98	1	1	2	1	7	10	+T
II	965517	C	*/-T	20	4	15.38%	2	2	42	36	0.98	1	1	15	5	3	1	-T
II	965534	T	*/-C	24	2	7.69%	2	1	49	49	0.98	1	1	11	13	2	0	-C
II	965536	T	*/+GG	23	2	8%	2	1	43	49	0.98	1	1	10	13	2	0	+GG
II	997671	G	*/-CAACAA	15	2	9.09%	2	2	44	61	0.98	1	1	7	8	1	1	A
II	1019510	T	*/-A	4	7	46.67%	1	2	34	45	0.98	1	1	4	0	5	2	-A
II	1019510	T	*/-AA	4	3	20%	1	2	34	49	0.98	1	1	4	0	1	2	-A
II	1057872	T	-AAAA/-AAAA	1	10	90.91%	1	2	74	44	0.98	1	1	1	0	7	3	-AAAA
II	1069791	C	*/-A	31	2	5.56%	2	2	54	61	0.98	1	1	23	8	1	1	-A
II	1069791	C	*/+A	31	3	8.33%	2	2	54	57	0.98	1	1	23	8	1	2	+A
II	1078264	T	*/-A	31	2	5.88%	2	2	48	37	0.98	1	1	15	16	1	1	-A
II	1079843	T	+A/+A	5	15	75%	2	2	34	39	0.98	1	1	2	3	8	7	+A
II	1092532	G	*/+TC	26	2	7.14%	2	2	44	61	0.98	1	1	13	13	1	1	+TC
II	1104940	T	*/-G	16	2	11.11%	2	1	38	74	0.98	1	1	10	6	0	2	-G
II	1104941	G	*/-T	9	3	23.08%	2	1	38	40	0.98	1	1	8	1	3	0	-T
II	1122580	C	*/-T	61	4	5.97%	2	2	45	64	0.98	1	1	36	25	2	2	-T
II	1141304	C	*/-A	17	2	10%	2	2	44	55	0.98	1	1	9	8	1	1	-A
II	1163154	A	-T/-T	2	25	92.59%	2	2	55	50	0.98	1	1	1	1	7	18	-T
II	1203718	C	*/-T	25	2	7.14%	2	1	54	37	0.98	1	1	10	15	2	0	-T
II	1243365	G	*/-T	27	6	17.65%	2	2	53	55	0.98	1	1	14	13	3	3	-T
II	1266289	T	+A/+A	1	8	80%	1	2	37	44	0.98	1	1	0	1	3	5	+A
II	1277481	G	*/+TT	6	2	18.18%	2	1	43	37	0.98	1	1	5	1	2	0	+TT
II	1288749	T	*/-A	24	2	7.69%	2	1	48	37	0.98	1	1	9	15	2	0	-A
II	1308618	G	-T/-T	2	41	95.35%	1	2	37	50	0.98	1	1	2	0	26	15	-T
II	1323266	A	*/-T	27	3	10%	2	2	37	70	0.98	1	1	17	10	2	1	-T
II	1323267	T	+A/+A	4	22	81.48%	2	2	34	38	0.98	1	1	3	1	13	9	+A
II	1349040	A	*/-T	12	2	11.76%	2	2	46	49	0.98	1	1	10	2	1	1	-T
II	1349040	A	*/+T	12	3	17.65%	2	1	46	49	0.98	1	1	10	2	0	3	+T
II	1365999	G	*/-T	17	8	26.67%	2	2	46	55	0.98	1	1	14	3	4	4	-T
II	1365999	G	*/-TT	17	3	10%	2	1	46	49	0.98	1	1	14	3	0	3	-T
II	1389139	C	*/-T	6	2	14.29%	2	2	43	37	0.98	1	1	3	3	1	1	-T
II	1389139	C	*/+T	6	3	21.43%	2	2	43	49	0.98	1	1	3	3	2	1	+T
II	1389139	C	*/+TT	6	2	14.29%	2	1	43	37	0.98	1	1	3	3	2	0	+T
II	1451705	G	*/+A	23	3	11.11%	2	1	47	49	0.98	1	1	10	13	0	3	+A
II	1467485	C	*/-T	16	10	33.33%	2	2	41	39	0.98	1	1	11	5	4	6	-T
II	1467485	C	*/-TT	16	2	6.67%	2	2	41	37	0.98	1	1	11	5	1	1	-T
II	1467485	C	*/+T	16	2	6.67%	2	2	41	37	0.98	1	1	11	5	1	1	-T
II	1491761	T	*/-A	37	4	9.76%	2	2	45	46	0.98	1	1	23	14	1	3	-A
II	1508313	C	*/+A	25	2	7.41%	2	1	51	55	0.98	1	1	16	9	2	0	+A
II	1531449	G	*/-T	18	3	14.29%	2	1	41	45	0.98	1	1	10	8	0	3	-T
II	1545027	C	*/-A	14	5	23.81%	2	2	40	44	0.98	1	1	9	5	3	2	-A
II	1545027	C	*/+A	14	2	9.52%	2	2	40	35	0.98	1	1	9	5	1	1	-A
II	1555919	A	*/+TTTATT	7	5	38.46%	1	2	38	44	0.98	1	1	7	0	3	2	+TTTATT
II	1574295	C	*/+TT	13	3	18.75%	2	2	45	32	0.98	1	1	6	7	1	2	+TT
II	1600210	T	*/+A	67	9	11.69%	2	2	47	49	0.98	1	1	42	25	3	6	+A
II	1606686	A	*/+TGGAAGTGGTAAG	126	7	5.26%	2	2	48	58	0.98	1	1	62	64	4	3	+TGGAAGTGGTAAG
II	1618417	T	*/+A	54	7	11.48%	2	2	44	51	0.98	1	1	32	22	6	1	+A
II	1622821	A	*/+T	22	2	8.33%	2	2	47	37	0.98	1	1	10	12	1	1	+T
II	1627981	C	*/-T	8	3	23.08%	2	2	40	33	0.98	1	1	6	2	2	1	-T
II	1629986	A	*/+T	54	8	12.7%	2	2	48	63	0.98	1	1	23	31	3	5	+T
II	1634843	T	*/+ATTATC	21	5	17.86%	2	2	51	59	0.98	1	1	14	7	1	4	+ATTATC
II	1645548	T	*/+A	72	8	10%	2	2	46	60	0.98	1	1	57	15	4	4	+A
II	1645549	C	*/+AA	54	4	5%	2	2	46	46	0.98	1	1	45	9	1	3	A
II	1647018	C	*/+T	21	3	12.5%	2	2	48	36	0.98	1	1	8	13	1	2	+T
II	1678205	T	-A/-A	2	11	84.62%	2	2	55	43	0.98	1	1	1	1	9	2	-A
II	1700176	T	*/-A	11	3	21.43%	2	2	49	40	0.98	1	1	9	2	2	1	-A
II	1709150	G	*/-T	22	2	8%	2	2	46	42	0.98	1	1	16	6	1	1	-T
II	1716256	G	*/+T	14	2	11.11%	2	1	40	37	0.98	1	1	12	2	2	0	+T
II	1716287	T	*/-G	18	5	21.74%	2	2	51	56	0.98	1	1	9	9	2	3	-G
II	1748645	T	*/-GA	20	2	9.09%	2	1	45	43	0.98	1	1	13	7	0	2	-GA
II	1748646	G	*/-AA	9	3	16.67%	1	2	32	40	0.98	1	1	9	0	2	1	-AA
II	1748646	G	*/-AAA	9	4	22.22%	1	2	32	49	0.98	1	1	9	0	1	3	-AAA
II	1757193	C	+T/+T	0	37	100%	0	2	0	48	0.98	0	1	0	0	12	25	+T
II	1763419	T	*/-A	17	7	26.92%	2	2	42	42	0.98	1	1	10	7	5	2	-A
II	1763419	T	*/+A	17	2	7.69%	2	2	42	37	0.98	1	1	10	7	1	1	-A
II	1818108	C	*/-T	13	7	31.82%	2	2	41	47	0.98	1	1	7	6	6	1	-T
II	1819295	C	*/-T	14	2	12.5%	2	1	44	37	0.98	1	1	6	8	2	0	-T
II	1861420	T	-G/-G	1	35	97.22%	1	2	37	48	0.98	1	1	0	1	22	13	-G
II	1867795	A	+T/+T	3	14	82.35%	1	2	57	44	0.98	1	1	3	0	4	10	+T
II	1868122	G	*/+T	9	9	50%	2	2	42	38	0.98	1	1	5	4	8	1	+T
II	1873779	T	+A/+A	3	17	80.95%	1	2	49	45	0.98	1	1	0	3	8	9	+A
II	1877294	A	+T/+T	1	23	95.83%	1	2	48	44	0.98	1	1	1	0	17	6	+T
II	1888793	C	*/-A	32	2	5.88%	2	1	42	68	0.98	1	1	21	11	2	0	-A
II	1922510	G	*/+A	20	2	9.09%	2	2	50	49	0.98	1	1	14	6	1	1	+A
II	1938011	G	*/-A	30	2	6.25%	2	1	44	55	0.98	1	1	20	10	2	0	-A
II	1941697	A	*/-T	14	4	19.05%	2	2	46	34	0.98	1	1	8	6	2	2	-T
II	1941697	A	*/+T	14	2	9.52%	2	2	46	31	0.98	1	1	8	6	1	1	-T
II	1941966	A	+T/+T	0	43	100%	0	2	0	56	0.98	0	1	0	0	26	17	+T
II	1941982	A	+T/+T	1	43	97.73%	1	2	37	55	0.98	1	1	1	0	25	18	+T
II	1948953	G	-A/-A	2	46	95.83%	2	2	55	47	0.98	1	1	1	1	20	26	-A
II	1950050	A	+G/+G	2	41	93.18%	2	2	43	52	0.98	1	1	1	1	19	22	+G
II	1953298	C	*/-CT	45	3	6.25%	2	1	48	36	0.98	1	1	26	19	3	0	-CT
II	1953407	T	*/+C	14	4	21.05%	2	1	42	39	0.98	1	1	3	11	0	4	+C
II	1955495	T	+A/+A	1	20	90.91%	1	2	37	42	0.98	1	1	1	0	10	10	+A
II	1960392	A	+G/+G	0	16	100%	0	2	0	40	0.98	0	1	0	0	5	11	+G
II	1987101	C	-G/-G	3	48	92.31%	1	2	33	49	0.98	1	1	0	3	21	27	-G
II	1987117	T	-G/-G	0	45	100%	0	2	0	50	0.98	0	1	0	0	21	24	-G
II	1992841	T	+AA/+AA	1	22	91.67%	1	2	37	54	0.98	1	1	0	1	11	11	+AA
II	2049891	A	-T/-T	3	40	93.02%	2	2	61	56	0.98	1	1	1	2	19	21	-T
II	2053516	G	+C/+C	0	37	100%	0	2	0	54	0.98	0	1	0	0	7	30	+C
II	2105017	A	*/-T	36	2	5.26%	2	2	49	37	0.98	1	1	10	26	1	1	-T
II	2108180	T	+A/+A	3	21	87.5%	2	2	74	45	0.98	1	1	2	1	15	6	+A
II	2115422	T	+A/+A	0	69	95.83%	0	2	0	46	0.98	0	1	0	0	25	44	+A
II	2147726	G	+T/+T	3	26	89.66%	2	2	33	46	0.98	1	1	1	2	10	16	+T
II	2187407	G	+A/+A	0	24	100%	0	2	0	47	0.98	0	1	0	0	13	11	+A
II	2198945	G	*/-CA	53	6	10.17%	2	2	42	43	0.98	1	1	9	44	2	4	-CA
II	2199987	A	*/+TAACC	83	6	6.74%	2	2	48	53	0.98	1	1	33	50	1	5	+TAACC
II	2203175	T	*/-A	11	4	26.67%	2	2	41	55	0.98	1	1	7	4	3	1	-A
II	2219928	A	+T/+T	2	21	87.5%	2	2	31	42	0.98	1	1	1	1	12	9	+T
II	2228776	T	*/-G	27	3	10%	2	1	42	37	0.98	1	1	14	13	3	0	-G
II	2246417	G	*/-A	18	2	9.52%	2	2	55	55	0.98	1	1	10	8	1	1	-A
II	2265291	A	*/+T	34	4	10.26%	2	2	48	55	0.98	1	1	23	11	2	2	+T
II	2268188	T	+A/+A	0	40	97.56%	0	2	0	42	0.98	0	1	0	0	20	20	+A
II	2293297	G	-A/-A	0	22	100%	0	2	0	43	0.98	0	1	0	0	12	10	-A
II	2318772	A	*/-T	4	2	25%	2	1	43	37	0.98	1	1	3	1	2	0	-T
II	2318772	A	*/+T	4	2	25%	2	1	43	55	0.98	1	1	3	1	0	2	-T
II	2443873	T	*/+A	5	4	21.05%	2	2	49	52	0.98	1	1	3	2	3	1	+A
II	2443873	T	*/+AA	5	8	42.11%	2	2	49	41	0.98	1	1	3	2	7	1	+AA
II	2468409	G	*/+T	37	2	5.13%	2	1	47	74	0.98	1	1	25	12	2	0	+T
II	2491256	C	+T/+T	3	17	85%	2	2	57	49	0.98	1	1	2	1	6	11	+T
II	2503819	C	*/+A	37	2	5.13%	2	2	45	37	0.98	1	1	19	18	1	1	+A
II	2527996	C	*/-T	8	3	27.27%	2	2	34	53	0.98	1	1	3	5	1	2	-T
II	2591913	T	*/-A	25	4	13.79%	2	1	41	37	0.98	1	1	21	4	4	0	-A
II	2592423	T	+A/+A	1	22	91.67%	1	2	37	48	0.98	1	1	1	0	11	11	+A
II	2619448	G	*/-TTTTT	11	3	20%	2	1	38	41	0.98	1	1	8	3	0	3	-TTTTT
II	2630607	C	+A/+A	2	9	75%	1	2	49	35	0.98	1	1	2	0	4	5	+A
II	2640785	T	*/+A	9	29	72.5%	2	2	41	46	0.98	1	1	4	5	17	12	+A
II	2640785	T	*/+AA	9	2	5%	2	2	41	55	0.98	1	1	4	5	1	1	+A
II	2647497	C	*/-T	26	9	25%	2	2	41	43	0.98	1	1	10	16	6	3	-T
II	2650243	G	*/-A	46	3	6%	2	2	45	41	0.98	1	1	31	15	1	2	-A
II	2709414	G	+C/+C	0	45	100%	0	2	0	47	0.98	0	1	0	0	16	29	+C
II	2755338	C	*/-AT	14	9	37.5%	2	2	46	45	0.98	1	1	4	10	7	2	-AT
II	2788933	C	+G/+G	1	27	93.1%	1	2	37	46	0.98	1	1	1	0	20	7	+G
II	2798040	C	-T/-T	2	44	95.65%	1	2	48	52	0.98	1	1	2	0	16	28	-T
II	2798514	A	-G/-G	1	17	94.44%	1	2	37	50	0.98	1	1	0	1	10	7	-G
II	2808802	A	-T/-T	1	17	94.44%	1	2	37	37	0.98	1	1	1	0	2	15	-T
II	2811495	C	-A/-A	0	27	100%	0	2	0	49	0.98	0	1	0	0	12	15	-A
II	2825193	A	*/-T	20	5	19.23%	2	2	53	56	0.98	1	1	10	10	3	2	-T
II	2826100	G	*/-A	10	8	42.11%	2	2	45	40	0.98	1	1	9	1	7	1	-A
II	2858383	C	*/-G	37	2	5.13%	2	2	47	37	0.98	1	1	16	21	1	1	-G
II	2894538	T	*/-A	15	5	25%	2	2	42	34	0.98	1	1	7	8	1	4	-A
II	2900889	A	*/-T	20	5	17.86%	2	1	44	42	0.98	1	1	16	4	5	0	-T
II	2900889	A	*/+T	20	2	7.14%	2	2	44	49	0.98	1	1	16	4	1	1	-T
II	2908519	G	*/-A	27	2	6.67%	2	2	50	31	0.98	1	1	13	14	1	1	-A
II	2938956	C	+T/+T	2	21	91.3%	1	2	33	41	0.98	1	1	2	0	9	12	+T
II	2969810	A	*/+T	52	3	5.36%	2	2	42	61	0.98	1	1	34	18	2	1	+T
II	2988149	G	*/-T	13	6	28.57%	2	2	39	43	0.98	1	1	9	4	4	2	-T
II	3010749	G	*/-A	30	4	11.76%	2	2	44	37	0.98	1	1	19	11	1	3	-A
II	3010975	G	*/-T	66	6	8.33%	2	2	50	55	0.98	1	1	23	43	3	3	-T
II	3040332	C	+G/+G	0	57	98.28%	0	2	0	48	0.98	0	1	0	0	35	22	+G
II	3058544	T	*/+GG	6	3	27.27%	2	1	43	37	0.98	1	1	3	3	3	0	+GG
II	3135731	C	*/-A	30	2	6.25%	2	2	46	68	0.98	1	1	17	13	1	1	-A
II	3135802	A	*/+AAAG	26	8	23.53%	2	2	46	50	0.98	1	1	10	16	5	3	+AAAG
II	3154052	G	*/+T	36	3	7.5%	2	2	46	49	0.98	1	1	28	8	2	1	+T
II	3157783	A	*/-T	18	2	10%	2	2	52	55	0.98	1	1	12	6	1	1	-T
II	3171788	G	*/-A	13	3	15%	2	1	44	44	0.98	1	1	10	3	3	0	-A
II	3171788	G	*/+A	13	2	10%	2	1	44	37	0.98	1	1	10	3	2	0	-A
II	3181065	T	*/+AC	31	2	6.06%	2	2	48	37	0.98	1	1	13	18	1	1	+AC
II	3253453	C	*/+T	3	4	57.14%	1	1	40	37	0.98	1	1	3	0	4	0	+T
II	3282373	T	*/-A	23	4	14.29%	2	2	48	52	0.98	1	1	16	7	1	3	-A
II	3337349	T	*/-A	26	2	7.14%	2	2	41	55	0.98	1	1	14	12	1	1	-A
II	3379109	A	*/-G	14	2	12.5%	2	2	55	31	0.98	1	1	8	6	1	1	-G
II	3380128	C	*/-T	8	4	30.77%	2	2	45	42	0.98	1	1	7	1	2	2	-T
II	3410437	G	*/-T	13	2	13.33%	2	2	37	42	0.98	1	1	7	6	1	1	-T
II	3496696	A	*/+T	35	2	5.41%	2	1	43	55	0.98	1	1	19	16	2	0	+T
II	3498917	A	+T/+T	0	13	100%	0	2	0	37	0.98	0	1	0	0	9	4	+T
II	3509251	T	*/-A	10	3	23.08%	2	1	49	49	0.98	1	1	4	6	3	0	-A
II	3514786	C	*/-T	23	2	7.69%	2	2	42	37	0.98	1	1	16	7	1	1	-T
II	3540057	A	*/-T	19	7	22.58%	2	2	50	31	0.98	1	1	11	8	6	1	-T
II	3540057	A	*/-TT	19	2	6.45%	2	1	50	55	0.98	1	1	11	8	2	0	-T
II	3540057	A	*/+T	19	3	9.68%	2	1	50	37	0.98	1	1	11	8	3	0	+T
II	3573211	G	*/+T	29	2	6.45%	2	1	47	55	0.98	1	1	11	18	2	0	+T
II	3583632	G	+A/+A	3	25	86.21%	1	2	37	43	0.98	1	1	0	3	10	15	+A
II	3605463	G	-T/-T	1	4	80%	1	2	74	64	0.98	1	1	1	0	2	2	-T
II	3606583	C	*/-A	24	2	7.69%	2	2	42	55	0.98	1	1	16	8	1	1	-A
II	3619003	A	+G/+G	3	33	91.67%	1	2	49	44	0.98	1	1	0	3	14	19	+G
II	3621704	A	*/-T	22	2	8%	2	1	47	55	0.98	1	1	16	6	2	0	-T
II	3625896	G	*/+TA	29	34	52.31%	2	2	54	56	0.98	1	1	6	23	17	17	+TA
II	3714805	C	*/+T	26	2	7.14%	2	2	48	37	0.98	1	1	10	16	1	1	+T
II	3715149	G	*/-A	11	3	18.75%	2	1	41	46	0.98	1	1	7	4	3	0	-A
II	3715149	G	*/+A	11	2	12.5%	2	1	41	55	0.98	1	1	7	4	2	0	-A
II	3777548	C	*/-T	25	3	10.34%	2	1	38	40	0.98	1	1	24	1	3	0	-T
II	3799350	G	*/+A	4	8	53.33%	1	1	32	41	0.98	1	1	4	0	8	0	+A
II	3815025	C	*/-T	13	2	12.5%	2	1	37	49	0.98	1	1	9	4	0	2	-T
II	3838101	C	-A/-A	0	12	100%	0	2	0	41	0.98	0	1	0	0	6	6	-A
II	3838912	T	*/-A	12	8	36.36%	2	2	44	40	0.98	1	1	8	4	2	6	-A
II	3856896	A	*/-T	27	7	17.5%	2	2	46	49	0.98	1	1	18	9	3	4	-T
II	3856896	A	*/-TT	27	3	7.5%	2	2	46	29	0.98	1	1	18	9	1	2	-T
II	3856896	A	*/+T	27	3	7.5%	2	1	46	53	0.98	1	1	18	9	0	3	-T
II	3859319	G	*/+T	50	3	5.56%	2	2	47	45	0.98	1	1	32	18	2	1	+T
II	3860185	C	*/-TAGTA	30	26	44.07%	2	2	48	45	0.98	1	1	5	25	20	6	-TAGTA
II	3861514	C	*/-T	6	3	30%	2	1	41	36	0.98	1	1	4	2	0	3	-T
II	3869342	A	*/-AT	36	4	10%	2	2	52	43	0.98	1	1	13	23	1	3	-AT
II	3883700	A	*/+AT	7	2	22.22%	2	2	47	74	0.98	1	1	2	5	1	1	+AT
II	3954039	C	*/-T	25	14	32.56%	2	2	43	36	0.98	1	1	18	7	7	7	-T
II	3954039	C	*/+T	25	4	9.3%	2	2	43	39	0.98	1	1	18	7	2	2	-T
II	3975235	C	*/-A	16	9	29.03%	2	2	40	47	0.98	1	1	12	4	5	4	-A
II	3975235	C	*/-AA	16	4	12.9%	2	2	40	49	0.98	1	1	12	4	2	2	-A
II	4006982	C	*/-A	12	4	23.53%	2	1	39	37	0.98	1	1	7	5	4	0	-A
II	4031460	A	*/+T	3	3	23.08%	1	2	40	61	0.98	1	1	3	0	2	1	+T
II	4031460	A	*/+TT	3	3	23.08%	1	2	40	41	0.98	1	1	3	0	1	2	+T
II	4031460	A	*/+TTT	3	3	23.08%	1	2	40	49	0.98	1	1	3	0	2	1	+T
II	4076405	A	*/-T	30	2	6.25%	2	2	50	49	0.98	1	1	12	18	1	1	-T
II	4083223	A	*/-T	36	2	5.26%	2	2	47	31	0.98	1	1	17	19	1	1	-T
II	4099977	T	*/-A	21	2	8.7%	2	2	53	37	0.98	1	1	14	7	1	1	-A
II	4107253	G	*/+TTT	3	4	44.44%	1	2	36	39	0.98	1	1	3	0	2	2	+TTT
II	4172522	T	*/+A	14	2	12.5%	2	1	46	37	0.98	1	1	7	7	2	0	+A
II	4254960	G	-A/-A	0	32	100%	0	2	0	55	0.98	0	1	0	0	13	19	-A
II	4264124	C	*/+TGA	36	2	5.26%	2	2	49	37	0.98	1	1	16	20	1	1	+TGA
II	4308414	C	*/-A	6	2	8.33%	2	2	41	55	0.98	1	1	5	1	1	1	A
II	4308414	C	*/+A	6	12	50%	2	2	41	45	0.98	1	1	5	1	5	7	+A
II	4308414	C	*/+AA	6	2	8.33%	2	1	41	37	0.98	1	1	5	1	2	0	+A
II	4315564	C	*/-T	35	2	5%	2	2	48	37	0.98	1	1	18	17	1	1	-T
II	4315564	C	*/+T	35	3	7.5%	2	1	48	37	0.98	1	1	18	17	3	0	+T
II	4419921	T	+A/+A	2	8	80%	2	2	33	35	0.98	1	1	1	1	7	1	+A
II	4497110	G	*/-T	12	2	11.76%	2	2	40	42	0.98	1	1	10	2	1	1	-T
II	4507742	G	*/+T	55	3	5.17%	2	2	47	61	0.98	1	1	29	26	1	2	+T
II	4507813	A	*/+G	96	8	7.69%	2	2	47	69	0.98	1	1	70	26	4	4	+G
II	4515621	C	*/+A	15	4	19.05%	2	2	41	37	0.98	1	1	10	5	3	1	+A
II	4517047	T	*/+TACTCATC	84	13	13.13%	2	2	50	42	0.98	1	1	43	41	10	3	+TACTCATC
II	4518476	T	*/-C	109	6	5.22%	2	2	49	49	0.98	1	1	55	54	4	2	-C
II	4521677	T	*/-AA	8	14	63.64%	2	2	36	49	0.98	1	1	3	5	12	2	-AA
II	4525340	G	*/-T	83	6	5.71%	2	2	40	43	0.98	1	1	67	16	5	1	-T
II	4525340	G	*/+T	83	14	13.33%	2	2	40	47	0.98	1	1	67	16	7	7	+T
II	4526174	A	*/-T	31	8	20.51%	2	2	42	49	0.98	1	1	18	13	2	6	-T
II	4526843	C	*/-T	12	3	13.64%	2	2	39	33	0.98	1	1	10	2	2	1	-T
II	4526843	C	*/-TT	12	5	22.73%	2	2	39	36	0.98	1	1	10	2	3	2	-TT
II	4528465	C	*/+GACAAT	81	16	16.49%	2	2	48	45	0.98	1	1	35	46	8	8	+GACAAT
II	4529375	T	*/+ACAACGACAACGACAACG	66	9	9.47%	2	2	45	33	0.98	1	1	37	29	2	7	+ACAACGACAACGACAACG
II	4529375	T	*/+ACAACGACAACGACAACGACAACG	66	15	15.79%	2	2	45	41	0.98	1	1	37	29	10	5	+ACAACGACAACGACAACGACAACG
II	4533588	C	*/-T	69	20	22.47%	2	2	43	43	0.98	1	1	38	31	10	10	-T
II	4534880	A	*/-T	105	49	31.82%	2	2	47	51	0.98	1	1	49	56	24	25	-T
II	4535523	T	*/+GTTACG	263	52	16.46%	2	2	44	46	0.98	1	1	74	189	16	36	+GTTACG
II	4535548	A	*/-TATGTG	254	56	18.06%	2	2	45	46	0.98	1	1	91	163	31	25	-TATGTG
II	4535645	G	*/-T	176	69	27.71%	2	2	51	52	0.98	1	1	83	93	39	30	-T
II	4536089	C	*/+AAAAGAAAAGTAAATT	37	2	5.13%	2	1	40	37	0.98	1	1	21	16	2	0	+AAAAGAAAAGTAAATT
II	4536728	A	*/+GAGAGTAGG	235	28	10.04%	2	2	51	50	0.98	1	1	100	135	11	17	+GAGAGTAGG
II	4537213	G	*/+T	277	80	22.41%	2	2	53	48	0.98	1	1	162	115	52	28	+T
II	4537387	A	*/-AATAAGAG	173	84	32.68%	2	2	47	45	0.98	1	1	92	81	50	34	-AATAAGAG
II	4537665	G	*/+AAATA	70	7	9.09%	2	1	44	46	0.98	1	1	51	19	7	0	+AAATA
III	1558	G	*/-A	136	22	11.76%	2	2	41	40	0.98	1	1	59	77	10	12	-A
III	1558	G	*/+A	136	19	10.16%	2	2	41	44	0.98	1	1	59	77	10	9	-A
III	4729	A	*/-T	808	252	21.45%	2	2	46	51	0.98	1	1	519	289	116	136	-T
III	4729	A	*/+T	808	72	6.13%	2	2	46	49	0.98	1	1	519	289	34	38	-T
III	4952	C	*/+T	688	64	8.41%	2	2	42	50	0.98	1	1	424	264	27	37	+T
III	5403	C	*/-T	887	253	19.45%	2	2	43	44	0.98	1	1	622	265	122	131	-T
III	5403	C	*/-TT	887	75	5.76%	2	2	43	45	0.98	1	1	622	265	38	37	-T
III	12428	G	*/-A	121	12	7.79%	2	2	41	50	0.98	1	1	54	67	5	7	-A
III	12428	G	*/+A	121	13	8.44%	2	2	41	41	0.98	1	1	54	67	7	6	+A
III	15599	A	*/-T	710	263	23.48%	2	2	48	49	0.98	1	1	442	268	133	130	-T
III	15599	A	*/+T	710	89	7.95%	2	2	48	51	0.98	1	1	442	268	38	51	-T
III	15822	C	*/+T	687	66	8.66%	2	2	42	46	0.98	1	1	418	269	32	34	+T
III	16273	C	*/-T	925	292	21.02%	2	2	42	44	0.98	1	1	661	264	158	134	-T
III	16273	C	*/-TT	925	87	6.26%	2	2	42	45	0.98	1	1	661	264	43	44	-T
III	23298	G	*/-A	125	23	12.57%	2	2	42	41	0.98	1	1	49	76	7	16	-A
III	23298	G	*/+A	125	26	14.21%	2	2	42	44	0.98	1	1	49	76	10	16	+A
III	63397	G	*/-T	27	2	6.9%	2	1	43	74	0.98	1	1	15	12	0	2	-T
III	69589	T	*/-A	23	2	7.69%	2	2	43	37	0.98	1	1	13	10	1	1	-A
III	123319	T	*/-A	11	6	31.58%	2	2	48	45	0.98	1	1	9	2	3	3	-A
III	207168	T	*/-A	7	5	27.78%	2	2	36	46	0.98	1	1	5	2	3	2	-A
III	207168	T	*/-AA	7	4	22.22%	2	1	36	46	0.98	1	1	5	2	4	0	-A
III	207482	T	*/-A	21	2	8.33%	2	2	49	37	0.98	1	1	14	7	1	1	-A
III	208140	C	*/-A	14	4	16.67%	1	1	41	46	0.98	1	1	14	0	4	0	-A
III	208140	C	*/-AA	14	2	8.33%	1	1	41	37	0.98	1	1	14	0	2	0	-A
III	208140	C	*/+A	14	3	12.5%	1	2	41	61	0.98	1	1	14	0	1	2	+A
III	211094	G	*/-TC	89	5	5.26%	2	2	52	59	0.98	1	1	47	42	2	3	-TC
III	231502	G	*/-A	25	2	6.67%	2	1	42	37	0.98	1	1	14	11	2	0	-A
III	231502	G	*/+A	25	2	6.67%	2	2	42	68	0.98	1	1	14	11	1	1	-A
III	232115	A	*/+T	14	3	17.65%	2	1	46	70	0.98	1	1	5	9	0	3	+T
III	245692	C	*/-T	24	2	7.69%	2	1	45	55	0.98	1	1	16	8	2	0	-T
III	253907	A	*/-T	5	3	21.43%	2	2	36	45	0.98	1	1	3	2	2	1	-T
III	253907	A	*/+T	5	5	35.71%	2	2	36	37	0.98	1	1	3	2	3	2	+T
III	286478	C	-TT/-TT	0	17	100%	0	2	0	40	0.98	0	1	0	0	10	7	-TT
III	286594	T	*/+A	5	12	60%	2	2	44	37	0.98	1	1	3	2	6	6	+A
III	286594	T	*/+AA	5	2	10%	2	1	44	74	0.98	1	1	3	2	2	0	+A
III	293096	G	*/-T	26	5	14.29%	2	2	45	44	0.98	1	1	13	13	3	2	-T
III	293096	G	*/+T	26	2	5.71%	2	2	45	55	0.98	1	1	13	13	1	1	-T
III	319079	A	*/+T	22	2	8.33%	2	1	47	37	0.98	1	1	16	6	2	0	+T
III	365747	C	-A/-A	1	19	95%	1	2	48	44	0.98	1	1	0	1	13	6	-A
III	445016	G	*/+A	17	2	10.53%	2	2	42	37	0.98	1	1	11	6	1	1	+A
III	467904	C	*/-A	13	3	16.67%	2	1	49	49	0.98	1	1	8	5	3	0	-A
III	467904	C	*/+A	13	2	11.11%	2	2	49	55	0.98	1	1	8	5	1	1	-A
III	558709	C	*/-T	31	2	5.88%	2	1	48	37	0.98	1	1	12	19	0	2	-T
III	568658	C	*/-T	18	5	18.52%	2	2	33	49	0.98	1	1	14	4	3	2	-T
III	568658	C	*/-TT	18	2	7.41%	2	2	33	55	0.98	1	1	14	4	1	1	-T
III	657594	G	*/+T	24	2	7.69%	2	1	47	37	0.98	1	1	15	9	2	0	+T
III	672089	A	*/-T	18	2	10%	2	2	44	37	0.98	1	1	12	6	1	1	-T
III	675253	C	*/-T	27	2	6.67%	2	1	42	49	0.98	1	1	14	13	0	2	-T
III	717677	A	*/-T	4	16	72.73%	2	2	33	46	0.98	1	1	3	1	10	6	-T
III	717677	A	*/-TT	4	2	9.09%	2	2	33	68	0.98	1	1	3	1	1	1	-T
III	719955	A	-C/-C	0	11	100%	0	2	0	57	0.98	0	1	0	0	5	6	-C
III	719973	C	-G/-G	0	6	100%	0	2	0	37	0.98	0	1	0	0	1	5	-G
III	720559	C	*/-T	20	2	8.33%	2	2	40	55	0.98	1	1	17	3	1	1	-T
III	720683	A	+T/+T	0	17	94.44%	0	2	0	42	0.98	0	1	0	0	5	12	+T
III	762516	T	*/-A	32	3	8.57%	2	2	50	53	0.98	1	1	16	16	1	2	-A
III	764762	A	*/-CT	26	2	7.14%	2	1	46	37	0.98	1	1	12	14	2	0	-CT
III	821077	T	*/+A	17	2	10.53%	2	1	42	37	0.98	1	1	9	8	0	2	+A
III	822701	G	*/-T	25	2	7.14%	2	2	46	36	0.98	1	1	13	12	1	1	-T
III	853293	C	*/-A	41	3	6.82%	2	2	46	61	0.98	1	1	20	21	2	1	-A
III	867865	C	-T/-T	0	15	100%	0	2	0	47	0.98	0	1	0	0	6	9	-T
III	897531	C	*/+A	6	15	71.43%	1	2	49	42	0.98	1	1	6	0	10	5	+A
III	898665	T	*/-A	19	2	9.09%	2	2	43	37	0.98	1	1	8	11	1	1	-A
III	903309	C	*/+T	31	2	5.88%	2	2	50	55	0.98	1	1	16	15	1	1	+T
III	947349	T	+G/+G	0	28	100%	0	2	0	48	0.98	0	1	0	0	14	14	+G
III	954028	G	*/-A	14	2	11.11%	2	1	39	37	0.98	1	1	7	7	2	0	-A
III	954028	G	*/+A	14	2	11.11%	2	2	39	49	0.98	1	1	7	7	1	1	-A
III	958241	C	*/-T	14	2	10.53%	2	2	39	42	0.98	1	1	9	5	1	1	-T
III	958241	C	*/-TTT	14	2	10.53%	2	2	39	61	0.98	1	1	9	5	1	1	-T
III	958262	T	*/-G	24	2	7.69%	2	1	50	42	0.98	1	1	7	17	2	0	-G
III	966124	G	*/-T	22	11	28.21%	2	2	38	36	0.98	1	1	21	1	10	1	-T
III	966124	G	*/+T	22	4	10.26%	2	1	38	37	0.98	1	1	21	1	4	0	-T
III	968622	C	*/-T	30	3	9.09%	2	2	46	61	0.98	1	1	15	15	1	2	-T
III	970548	C	*/-T	9	5	29.41%	2	2	41	36	0.98	1	1	5	4	1	4	-T
III	970548	C	*/-TT	9	2	11.76%	2	2	41	49	0.98	1	1	5	4	1	1	-T
III	970892	C	*/-T	15	3	16.67%	2	2	40	40	0.98	1	1	9	6	2	1	-T
III	985871	C	*/-T	21	2	7.41%	2	1	35	48	0.98	1	1	19	2	0	2	-T
III	985871	C	*/-TT	21	2	7.41%	2	1	35	37	0.98	1	1	19	2	2	0	-T
III	988227	G	*/-A	27	2	6.9%	2	1	50	55	0.98	1	1	11	16	2	0	-A
III	988719	G	*/+T	20	3	13.04%	2	1	45	37	0.98	1	1	12	8	3	0	+T
III	989073	T	*/-G	28	2	6.67%	2	2	50	37	0.98	1	1	14	14	1	1	-G
III	996949	A	*/-T	30	2	6.25%	2	1	44	55	0.98	1	1	15	15	2	0	-T
III	1016311	G	+C/+C	4	35	89.74%	2	2	49	47	0.98	1	1	3	1	12	23	+C
III	1032352	A	*/-CTT	33	2	5.71%	2	2	44	37	0.98	1	1	16	17	1	1	-CTT
III	1044612	C	*/+T	20	4	16%	2	2	43	49	0.98	1	1	9	11	2	2	+T
III	1047060	C	*/-T	26	2	7.14%	2	2	45	42	0.98	1	1	12	14	1	1	-T
III	1073505	T	*/+ATATAGAG	178	13	6.74%	2	2	53	49	0.98	1	1	104	74	9	4	+ATATAGAG
III	1079346	A	*/+G	160	9	5.33%	2	2	44	50	0.98	1	1	126	34	8	1	+G
III	1080146	T	*/+ATATAGAG	276	24	7.87%	2	2	48	46	0.98	1	1	102	174	15	9	+ATATAGAG
III	1084026	A	*/+AGTGGTGATGGTT	82	7	7.78%	2	2	42	35	0.98	1	1	26	56	2	5	+AGTGGTGATGGTT
III	1084160	T	*/-AAGTGGA	58	5	7.94%	2	2	45	49	0.98	1	1	29	29	1	4	-AAGTGGA
III	1087979	A	*/+G	93	5	5.1%	2	2	46	44	0.98	1	1	67	26	4	1	+G
III	1095550	G	*/-T	15	10	30.3%	2	2	38	46	0.98	1	1	13	2	7	3	-T
III	1095550	G	*/-TT	15	6	18.18%	2	2	38	36	0.98	1	1	13	2	4	2	-T
III	1103423	T	*/-A	11	9	33.33%	2	2	46	44	0.98	1	1	8	3	5	4	-A
III	1103423	T	*/-AA	11	5	18.52%	2	2	46	41	0.98	1	1	8	3	3	2	-A
III	1103423	T	*/+A	11	2	7.41%	2	1	46	43	0.98	1	1	8	3	0	2	-A
III	1114778	C	*/-TTCCACT	47	6	11.32%	2	2	55	43	0.98	1	1	26	21	4	2	-TTCCACT
III	1114914	T	*/+ACCACTAACCATC	54	13	19.4%	2	2	48	42	0.98	1	1	37	17	6	7	+ACCACTAACCATC
III	1121538	C	*/-TTCCACT	48	11	18.64%	2	2	52	53	0.98	1	1	23	25	7	4	-TTCCACT
III	1121674	T	*/+ACCACTAACCATC	55	4	6.78%	2	1	46	46	0.98	1	1	39	16	4	0	+ACCACTAACCATC
III	1124483	T	*/+C	69	11	13.75%	2	2	43	43	0.98	1	1	25	44	4	7	+C
III	1128298	C	*/-TTCCACT	64	8	11.11%	2	2	54	69	0.98	1	1	30	34	7	1	-TTCCACT
III	1128434	T	*/+ACCACTAACCATC	51	7	11.86%	2	2	45	47	0.98	1	1	36	15	3	4	+ACCACTAACCATC
III	1135058	C	*/-TTCCACT	67	13	16.25%	2	2	51	56	0.98	1	1	38	29	6	7	-TTCCACT
III	1135194	T	*/+ACCACTAACCATC	69	8	10.26%	2	2	47	41	0.98	1	1	43	26	2	6	+ACCACTAACCATC
III	1168360	T	*/-G	11	2	15.38%	2	1	39	37	0.98	1	1	8	3	2	0	-G
III	1168362	G	*/+A	9	2	16.67%	1	2	37	42	0.98	1	1	9	0	1	1	+A
III	1193734	G	*/+T	21	2	8.7%	2	2	43	37	0.98	1	1	16	5	1	1	+T
III	1244495	G	*/-T	19	4	17.39%	2	2	41	37	0.98	1	1	10	9	2	2	-T
III	1252505	G	*/-T	13	2	8%	1	1	37	61	0.98	1	1	13	0	2	0	-T
III	1252505	G	*/+T	13	2	8%	1	2	37	55	0.98	1	1	13	0	1	1	-T
III	1341094	C	*/-T	20	2	9.09%	2	1	45	49	0.98	1	1	11	9	2	0	-T
III	1395394	G	*/-T	3	2	25%	1	2	34	48	0.98	1	1	3	0	1	1	-T
III	1395671	C	*/-A	19	2	9.52%	2	1	47	55	0.98	1	1	17	2	0	2	-A
III	1421567	T	*/-G	12	5	20%	2	2	41	29	0.98	1	1	9	3	3	2	-G
III	1421567	T	*/-GG	12	6	24%	2	2	41	33	0.98	1	1	9	3	4	2	-GG
III	1421567	T	*/+G	12	2	8%	2	1	41	37	0.98	1	1	9	3	2	0	-GG
III	1510629	T	*/-A	12	3	12%	2	2	48	37	0.98	1	1	6	6	2	1	-A
III	1510629	T	*/+A	12	8	32%	2	2	48	44	0.98	1	1	6	6	4	4	+A
III	1547169	C	*/-A	9	4	22.22%	2	2	47	55	0.98	1	1	6	3	3	1	-A
III	1547169	C	*/+A	9	5	27.78%	2	2	47	34	0.98	1	1	6	3	4	1	+A
III	1575951	G	*/+T	8	5	35.71%	2	2	40	44	0.98	1	1	7	1	3	2	+T
III	1594933	T	*/-A	16	6	24%	2	2	37	49	0.98	1	1	9	7	3	3	-A
III	1660168	T	+A/+A	1	21	95.45%	1	2	37	45	0.98	1	1	0	1	15	6	+A
III	1674618	C	*/-T	5	6	37.5%	1	2	27	42	0.98	1	1	5	0	4	2	-T
III	1674618	C	*/-TT	5	2	12.5%	1	2	27	42	0.98	1	1	5	0	1	1	-T
III	1684246	A	*/+T	18	3	14.29%	2	2	47	37	0.98	1	1	13	5	2	1	+T
III	1685487	G	+A/+A	1	18	94.74%	1	2	74	41	0.98	1	1	1	0	10	8	+A
III	1691065	C	-T/-T	0	40	100%	0	2	0	50	0.98	0	1	0	0	26	14	-T
III	1702276	A	*/-T	50	5	8.2%	2	2	47	49	0.98	1	1	22	28	1	4	-T
III	1702276	A	*/+T	50	5	8.2%	2	2	47	44	0.98	1	1	22	28	2	3	-T
III	1712983	G	*/-A	10	7	36.84%	2	2	38	40	0.98	1	1	6	4	6	1	-A
III	1756400	T	-A/-A	0	47	100%	0	2	0	46	0.98	0	1	0	0	17	30	-A
III	1758846	C	*/+A	14	3	16.67%	2	1	51	37	0.98	1	1	9	5	3	0	+A
III	1774235	T	+GATC/+GATC	2	29	93.55%	2	2	37	43	0.98	1	1	1	1	16	13	+GATC
III	1781620	C	*/+A	29	2	6.25%	2	1	52	37	0.98	1	1	12	17	0	2	+A
III	1802522	G	*/-T	22	2	8%	2	1	46	37	0.98	1	1	18	4	2	0	-T
III	1804562	T	*/-A	25	2	7.41%	2	2	43	37	0.98	1	1	14	11	1	1	-A
III	1821911	C	*/+A	8	2	16.67%	2	2	43	37	0.98	1	1	6	2	1	1	+A
III	1834016	G	*/+T	28	2	6.67%	2	1	42	37	0.98	1	1	8	20	0	2	+T
III	1925626	C	*/-A	15	3	15%	2	1	45	57	0.98	1	1	7	8	0	3	-A
III	1925626	C	*/+A	15	2	10%	2	1	45	37	0.98	1	1	7	8	2	0	-A
III	1962131	G	*/-A	16	2	11.11%	2	2	54	37	0.98	1	1	11	5	1	1	-A
III	1979604	A	*/-T	13	3	18.75%	2	2	40	49	0.98	1	1	4	9	2	1	-T
III	1985119	G	*/-T	20	3	13.04%	2	2	46	41	0.98	1	1	10	10	1	2	-T
III	2028192	T	*/+A	27	2	6.67%	2	1	42	37	0.98	1	1	23	4	2	0	+A
III	2043165	G	*/-A	11	2	15.38%	2	2	39	49	0.98	1	1	9	2	1	1	-A
III	2074510	C	*/-T	15	2	10.53%	2	2	38	36	0.98	1	1	12	3	1	1	-T
III	2074510	C	*/+T	15	2	10.53%	2	2	38	31	0.98	1	1	12	3	1	1	-T
III	2076412	G	*/-T	11	5	26.32%	2	1	48	37	0.98	1	1	8	3	5	0	-T
III	2076412	G	*/+T	11	2	10.53%	2	2	48	37	0.98	1	1	8	3	1	1	-T
III	2076980	A	*/-T	8	3	25%	2	2	44	37	0.98	1	1	6	2	2	1	-T
III	2113205	C	*/-T	13	2	11.76%	2	1	38	37	0.98	1	1	7	6	2	0	-T
III	2113205	C	*/-TT	13	2	11.76%	2	2	38	37	0.98	1	1	7	6	1	1	-T
III	2157938	C	*/-T	31	2	6.06%	2	1	50	37	0.98	1	1	14	17	2	0	-T
III	2178240	T	*/-A	17	4	19.05%	2	2	43	33	0.98	1	1	14	3	2	2	-A
III	2270576	T	*/+A	28	2	6.67%	2	2	49	55	0.98	1	1	17	11	1	1	+A
III	2281940	C	*/-T	17	4	19.05%	2	1	50	37	0.98	1	1	9	8	4	0	-T
III	2284394	C	*/-T	27	2	6.45%	2	1	43	43	0.98	1	1	12	15	2	0	-T
III	2284394	C	*/+T	27	2	6.45%	2	1	43	55	0.98	1	1	12	15	0	2	-T
III	2348394	G	*/-T	25	2	7.41%	2	1	52	37	0.98	1	1	10	15	2	0	-T
III	2352293	A	*/+GG	4	3	23.08%	2	1	46	33	0.98	1	1	2	2	3	0	+GG
III	2352293	A	*/+GGG	4	3	23.08%	2	1	46	37	0.98	1	1	2	2	3	0	+GG
III	2352293	A	*/+GGGG	4	2	15.38%	2	1	46	37	0.98	1	1	2	2	2	0	+GG
III	2373166	G	*/-A	27	2	6.67%	2	1	45	37	0.98	1	1	16	11	2	0	-A
III	2382018	A	*/-T	5	4	40%	2	2	44	64	0.98	1	1	4	1	2	2	-T
III	2420241	T	*/-A	18	3	13.04%	2	2	41	40	0.98	1	1	8	10	2	1	-A
III	2443562	A	*/+T	23	23	48.94%	2	1	40	35	0.98	1	1	10	13	0	23	+T
III	2447848	T	*/-A	826	226	16.74%	2	2	44	41	0.98	1	1	607	219	176	50	-A
III	2447848	T	*/-AA	826	156	11.56%	2	2	44	48	0.98	1	1	607	219	118	38	-A
III	2447848	T	*/+A	826	102	7.56%	2	2	44	47	0.98	1	1	607	219	63	39	-A
III	2448309	T	-AA/-AA	46	495	90%	2	2	45	42	0.98	1	1	31	15	204	291	-AA
III	2448518	T	*/-A	813	227	19.12%	2	2	46	45	0.98	1	1	576	237	157	70	-A
III	2448518	T	*/-AA	813	66	5.56%	2	2	46	47	0.98	1	1	576	237	41	25	-A
III	2448518	T	*/+A	813	62	5.22%	2	2	46	45	0.98	1	1	576	237	38	24	-A
mating_type_region	19656	T	*/+A	33	2	5.71%	2	2	48	55	0.98	1	1	12	21	1	1	+A
