Chrom	Position	Ref	Cons	Reads1	Reads2	VarFreq	Strands1	Strands2	Qual1	Qual2	Pvalue	MapQual1	MapQual2	Reads1Plus	Reads1Minus	Reads2Plus	Reads2Minus	VarAllele
chr_II_telomeric_gap	6088	A	*/-T	9	2	16.67%	2	2	42	37	0.98	1	1	6	3	1	1	-T
I	2623	T	*/+C	64	4	5.88%	2	2	45	46	0.98	1	1	35	29	2	2	+C
I	3160	A	*/+GTTGTCGTTGTCGTTGTC	61	7	8.97%	2	2	48	42	0.98	1	1	35	26	6	1	+GTTGTCGTTGTCGTTGTC
I	3160	A	*/+GTTGTCGTTGTCGTTGTCGTTGTC	61	10	12.82%	2	2	48	53	0.98	1	1	35	26	5	5	+GTTGTCGTTGTCGTTGTCGTTGTC
I	4053	C	*/+TGTCAT	52	8	13.11%	2	2	43	40	0.98	1	1	27	25	4	4	+TGTCAT
I	5677	G	*/-A	26	5	10.64%	2	2	38	36	0.98	1	1	24	2	3	2	-A
I	5677	G	*/-AA	26	9	19.15%	2	2	38	38	0.98	1	1	24	2	7	2	-AA
I	6357	T	*/-A	46	4	5.97%	2	2	46	43	0.98	1	1	25	21	1	3	-A
I	6357	T	*/-AA	46	12	17.91%	2	2	46	37	0.98	1	1	25	21	4	8	-AA
I	7192	C	*/-A	38	4	7.69%	2	2	35	36	0.98	1	1	31	7	2	2	-A
I	7192	C	*/+A	38	5	9.62%	2	2	35	45	0.98	1	1	31	7	4	1	+A
I	7192	C	*/+AA	38	4	7.69%	2	1	35	37	0.98	1	1	31	7	4	0	+A
I	10859	G	*/-TT	10	5	31.25%	2	2	42	44	0.98	1	1	4	6	2	3	-TT
I	15734	C	*/-A	19	7	25.93%	2	2	47	38	0.98	1	1	12	7	5	2	-A
I	19694	T	*/+A	46	8	14.81%	2	1	54	37	0.98	1	1	21	25	8	0	+A
I	20148	A	*/-G	23	2	8%	2	1	46	37	0.98	1	1	9	14	0	2	-G
I	27402	A	*/-C	23	4	12.9%	2	2	40	37	0.98	1	1	3	20	1	3	-C
I	27402	A	*/+C	23	2	6.45%	2	1	40	33	0.98	1	1	3	20	0	2	-C
I	28398	A	*/+C	79	6	7.06%	2	2	46	55	0.98	1	1	15	64	3	3	+C
I	28467	C	*/+A	51	3	5.45%	2	1	51	49	0.98	1	1	32	19	3	0	+A
I	55244	T	*/-A	10	7	31.82%	2	2	41	45	0.98	1	1	9	1	5	2	-A
I	55244	T	*/-AAA	10	2	9.09%	2	1	41	55	0.98	1	1	9	1	0	2	-A
I	55244	T	*/+A	10	2	9.09%	2	1	41	37	0.98	1	1	9	1	2	0	-A
I	98884	C	*/+A	178	11	5.82%	2	2	48	62	0.98	1	1	97	81	3	8	+A
I	98965	G	*/-T	156	9	5.45%	2	2	44	33	0.98	1	1	62	94	5	4	-T
I	99474	C	*/+A	28	2	6.06%	2	2	43	37	0.98	1	1	21	7	1	1	+A
I	101871	A	+G/+G	0	28	96.55%	0	2	0	42	0.98	0	1	0	0	14	14	+G
I	144046	A	*/-T	29	2	6.45%	2	2	50	37	0.98	1	1	16	13	1	1	-T
I	216147	C	*/-T	16	2	11.11%	2	2	38	36	0.98	1	1	9	7	1	1	-T
I	232688	T	*/-A	9	3	21.43%	2	1	45	49	0.98	1	1	3	6	0	3	-A
I	303068	C	*/-AT	50	3	5.66%	2	2	47	49	0.98	1	1	23	27	1	2	-AT
I	365132	T	*/+A	27	2	6.9%	2	2	41	37	0.98	1	1	13	14	1	1	+A
I	381181	G	*/+GTTTAGA	19	2	9.52%	2	1	46	37	0.98	1	1	5	14	2	0	+GTTTAGA
I	383639	T	*/-A	32	2	5.88%	2	2	43	49	0.98	1	1	14	18	1	1	-A
I	409601	C	+T/+T	3	16	76.19%	1	2	45	43	0.98	1	1	3	0	11	5	+T
I	414079	C	*/-T	12	2	12.5%	2	2	39	43	0.98	1	1	9	3	1	1	-T
I	440084	T	*/+A	5	10	55.56%	2	2	42	39	0.98	1	1	4	1	6	4	+A
I	440084	T	*/+AA	5	3	16.67%	2	2	42	37	0.98	1	1	4	1	2	1	+A
I	441614	C	*/-T	13	5	18.52%	2	2	36	32	0.98	1	1	11	2	4	1	-T
I	441614	C	*/-TT	13	3	11.11%	2	1	36	33	0.98	1	1	11	2	3	0	-T
I	441614	C	*/-TTT	13	2	7.41%	2	1	36	37	0.98	1	1	11	2	2	0	-T
I	441614	C	*/+T	13	3	11.11%	2	1	36	37	0.98	1	1	11	2	3	0	+T
I	453369	G	*/+A	5	7	53.85%	1	1	37	37	0.98	1	1	5	0	7	0	+A
I	456726	G	*/-T	15	3	15.79%	2	2	44	57	0.98	1	1	10	5	1	2	-T
I	464017	C	+A/+A	0	13	100%	0	2	0	44	0.98	0	1	0	0	10	3	+A
I	470378	A	-C/-C	1	25	96.15%	1	2	62	39	0.98	1	1	1	0	19	6	-C
I	470390	A	-C/-C	0	29	100%	0	2	0	44	0.98	0	1	0	0	23	6	-C
I	482737	A	+G/+G	2	28	87.5%	1	2	55	41	0.98	1	1	0	2	16	12	+G
I	521845	T	*/-A	17	2	10.53%	2	2	47	37	0.98	1	1	12	5	1	1	-A
I	528541	C	*/-A	31	2	5.88%	2	1	38	55	0.98	1	1	20	11	0	2	-A
I	554527	A	+T/+T	2	20	90.91%	2	2	74	41	0.98	1	1	1	1	11	9	+T
I	562745	A	*/+T	5	8	53.33%	1	2	51	40	0.98	1	1	5	0	4	4	+T
I	577995	A	*/-TG	34	2	5.56%	2	1	47	31	0.98	1	1	11	23	0	2	-TG
I	635440	T	*/-AACTTGTTTTGTATGGGTATTTGTGGGTTTATGAA	25	2	7.41%	2	2	49	37	0.98	1	1	15	10	1	1	-AACTTGTTTTGTATGGGTATTTGTGGGTTTATGAA
I	650099	C	*/+A	1	2	20%	1	1	37	37	0.98	1	1	1	0	2	0	A
I	650099	C	*/+AA	1	4	40%	1	2	37	34	0.98	1	1	1	0	3	1	+AA
I	660056	T	*/+GGGG	2	4	36.36%	1	1	25	34	0.98	1	1	2	0	4	0	+GGGG
I	660056	T	*/+GGGGG	2	2	18.18%	1	1	25	37	0.98	1	1	2	0	2	0	+GGGG
I	670032	C	+A/+A	1	49	98%	1	2	37	49	0.98	1	1	1	0	18	31	+A
I	682993	T	-C/-C	0	35	100%	0	2	0	48	0.98	0	1	0	0	12	23	-C
I	765477	A	*/-T	5	2	25%	2	1	51	31	0.98	1	1	4	1	0	2	-T
I	807903	A	*/-T	19	2	8.33%	2	1	40	37	0.98	1	1	3	16	0	2	-T
I	807903	A	*/+T	19	3	12.5%	2	2	40	49	0.98	1	1	3	16	2	1	+T
I	862962	C	+T/+T	1	10	90.91%	1	2	37	58	0.98	1	1	1	0	8	2	+T
I	932995	G	*/-A	23	4	14.81%	2	2	55	43	0.98	1	1	12	11	2	2	-A
I	934908	T	*/+AA	11	2	12.5%	2	1	35	37	0.98	1	1	10	1	0	2	+AA
I	960025	G	*/+T	4	7	58.33%	2	2	37	47	0.98	1	1	3	1	4	3	+T
I	995070	G	*/-T	7	3	30%	2	2	40	33	0.98	1	1	5	2	2	1	-T
I	1048635	G	+A/+A	3	15	83.33%	2	2	37	46	0.98	1	1	2	1	9	6	+A
I	1052704	A	*/-T	20	2	8.7%	2	1	43	37	0.98	1	1	7	13	2	0	-T
I	1079583	T	+AAAAAAA/+AAAAAAA	1	3	75%	1	1	48	40	0.98	1	1	1	0	0	3	+AAAAAAA
I	1083962	G	*/+T	12	2	14.29%	2	1	45	55	0.98	1	1	5	7	0	2	+T
I	1148104	A	+T/+T	2	7	77.78%	1	2	37	38	0.98	1	1	2	0	2	5	+T
I	1185797	G	*/-A	9	5	29.41%	2	2	39	42	0.98	1	1	7	2	2	3	-A
I	1185797	G	*/+A	9	2	11.76%	2	2	39	31	0.98	1	1	7	2	1	1	-A
I	1206603	G	*/-T	41	4	8.89%	2	2	46	64	0.98	1	1	22	19	1	3	-T
I	1274803	T	+A/+A	2	18	81.82%	1	2	31	46	0.98	1	1	2	0	6	12	+A
I	1290605	A	*/-T	17	3	13.04%	2	2	45	37	0.98	1	1	14	3	1	2	-T
I	1290605	A	*/+T	17	3	13.04%	2	2	45	37	0.98	1	1	14	3	2	1	-T
I	1358794	C	*/+A	3	2	33.33%	1	1	33	37	0.98	1	1	3	0	2	0	+A
I	1421034	T	*/-A	6	2	25%	2	1	41	55	0.98	1	1	1	5	2	0	-A
I	1424708	C	-A/-A	1	14	93.33%	1	2	37	44	0.98	1	1	1	0	4	10	-A
I	1496317	C	-A/-A	3	17	77.27%	2	2	57	55	0.98	1	1	2	1	8	9	-A
I	1496317	C	*/-AA	3	2	9.09%	2	1	57	37	0.98	1	1	2	1	0	2	-A
I	1507933	G	*/-A	20	2	9.09%	2	1	48	37	0.98	1	1	7	13	0	2	-A
I	1509277	C	*/+T	3	8	72.73%	1	2	41	43	0.98	1	1	3	0	4	4	+T
I	1541472	G	*/-T	15	2	10.53%	1	1	35	37	0.98	1	1	15	0	2	0	-T
I	1595056	C	*/+T	9	3	23.08%	2	1	38	49	0.98	1	1	7	2	0	3	+T
I	1599291	T	*/-A	6	3	33.33%	2	2	36	37	0.98	1	1	3	3	1	2	-A
I	1625092	T	+C/+C	0	17	100%	0	2	0	45	0.98	0	1	0	0	11	6	+C
I	1666841	G	*/-T	16	2	11.11%	2	1	40	37	0.98	1	1	12	4	2	0	-T
I	1695112	A	*/-T	18	2	10%	2	1	47	55	0.98	1	1	11	7	2	0	-T
I	1765306	C	*/+A	8	2	18.18%	2	1	38	37	0.98	1	1	7	1	2	0	+A
I	1771585	C	*/-A	18	2	9.09%	2	2	42	49	0.98	1	1	9	9	1	1	-A
I	1771585	C	*/+A	18	2	9.09%	2	2	42	37	0.98	1	1	9	9	1	1	-A
I	1777634	A	*/-T	7	5	35.71%	2	2	51	42	0.98	1	1	2	5	4	1	-T
I	1837916	G	*/-T	10	2	11.76%	2	1	33	48	0.98	1	1	8	2	0	2	-T
I	1837916	G	*/-TTTTT	10	2	11.76%	2	1	33	42	0.98	1	1	8	2	0	2	-T
I	1848384	C	*/-A	9	3	20%	2	2	48	40	0.98	1	1	7	2	2	1	-A
I	1848384	C	*/+A	9	2	13.33%	2	1	48	37	0.98	1	1	7	2	2	0	-A
I	1849285	C	*/-T	36	7	14.58%	2	2	43	61	0.98	1	1	18	18	4	3	-T
I	1849285	C	*/+T	36	5	10.42%	2	1	43	49	0.98	1	1	18	18	0	5	-T
I	1890183	A	*/-C	16	2	11.11%	2	1	47	37	0.98	1	1	11	5	0	2	-C
I	1890184	C	*/-A	8	4	26.67%	2	2	46	46	0.98	1	1	6	2	3	1	-A
I	1890184	C	*/+A	8	3	20%	2	2	46	40	0.98	1	1	6	2	2	1	-A
I	1891186	T	*/-ACCGATTC	7	20	74.07%	2	2	58	41	0.98	1	1	3	4	8	12	-ACCGATTC
I	1936294	G	+A/+A	0	16	100%	0	2	0	52	0.98	0	1	0	0	4	12	+A
I	1952313	A	+T/+T	0	33	100%	0	2	0	52	0.98	0	1	0	0	23	10	+T
I	1954162	C	*/-A	15	13	38.24%	2	2	50	44	0.98	1	1	11	4	4	9	-A
I	1954162	C	*/-AA	15	5	14.71%	2	2	50	42	0.98	1	1	11	4	2	3	-A
I	1955853	T	*/+A	4	5	55.56%	2	2	34	36	0.98	1	1	3	1	4	1	+A
I	1982251	G	*/-T	27	2	6.9%	2	2	48	25	0.98	1	1	9	18	1	1	-T
I	2004012	T	*/+C	38	2	5%	2	1	57	55	0.98	1	1	19	19	0	2	+C
I	2016958	G	*/-T	16	2	10.53%	2	1	50	55	0.98	1	1	9	7	2	0	-T
I	2025000	C	*/+T	7	9	47.37%	1	2	38	34	0.98	1	1	7	0	7	2	+T
I	2041948	T	*/-A	27	2	6.9%	2	1	38	55	0.98	1	1	26	1	2	0	-A
I	2052488	A	*/-T	12	11	37.93%	2	2	52	41	0.98	1	1	7	5	9	2	-T
I	2052488	A	*/-TT	12	5	17.24%	2	1	52	37	0.98	1	1	7	5	5	0	-T
I	2071188	G	*/-T	12	2	12.5%	2	1	46	55	0.98	1	1	7	5	2	0	-T
I	2071188	G	*/+T	12	2	12.5%	2	2	46	61	0.98	1	1	7	5	1	1	-T
I	2096013	T	*/-A	18	2	10%	2	1	45	68	0.98	1	1	10	8	2	0	-A
I	2110988	C	*/-AT	17	4	19.05%	2	2	42	46	0.98	1	1	6	11	2	2	-AT
I	2136675	A	*/+GAAGAGGAAGCAGTC	4	7	63.64%	2	2	46	47	0.98	1	1	1	3	2	5	+GAAGAGGAAGCAGTC
I	2139856	G	*/+T	2	3	60%	2	2	37	49	0.98	1	1	1	1	2	1	+T
I	2152548	T	*/-A	17	2	10.53%	2	1	45	49	0.98	1	1	9	8	2	0	-A
I	2154491	T	+A/+A	1	18	94.74%	1	2	74	44	0.98	1	1	1	0	5	13	+A
I	2174555	C	*/-A	7	2	16.67%	2	1	36	36	0.98	1	1	2	5	0	2	-A
I	2227936	T	*/+AAA	1	5	62.5%	1	1	50	29	0.98	1	1	1	0	0	5	+AAA
I	2231735	C	*/-A	10	3	20%	2	2	50	45	0.98	1	1	6	4	2	1	-A
I	2245479	T	*/+C	17	3	13.04%	2	2	42	45	0.98	1	1	7	10	1	2	+C
I	2245479	T	*/+CC	17	3	13.04%	2	2	42	37	0.98	1	1	7	10	2	1	+C
I	2259353	C	*/-T	32	2	5.88%	2	1	50	49	0.98	1	1	17	15	2	0	-T
I	2273201	T	*/-A	12	6	27.27%	2	2	46	36	0.98	1	1	7	5	3	3	-A
I	2273201	T	*/-AA	12	2	9.09%	2	1	46	37	0.98	1	1	7	5	2	0	-A
I	2273201	T	*/+A	12	2	9.09%	2	1	46	37	0.98	1	1	7	5	2	0	-A
I	2288240	C	-G/-G	0	20	100%	0	2	0	53	0.98	0	1	0	0	13	7	-G
I	2288318	C	*/-T	21	2	8.7%	2	2	48	37	0.98	1	1	16	5	1	1	-T
I	2322636	C	*/-A	20	6	19.35%	2	1	36	37	0.98	1	1	19	1	6	0	-A
I	2322636	C	*/-AA	20	3	9.68%	2	1	36	49	0.98	1	1	19	1	3	0	-A
I	2327021	C	*/-A	15	3	15%	2	2	40	46	0.98	1	1	8	7	1	2	-A
I	2343703	G	+A/+A	0	15	100%	0	2	0	49	0.98	0	1	0	0	8	7	+A
I	2421576	A	-C/-C	2	16	88.89%	2	2	55	48	0.98	1	1	1	1	10	6	-C
I	2424539	G	*/+A	16	3	15%	2	2	42	61	0.98	1	1	12	4	1	2	+A
I	2431043	C	*/-TCT	26	2	7.14%	2	1	44	31	0.98	1	1	8	18	0	2	-TCT
I	2443651	C	*/-A	23	3	11.54%	2	2	46	49	0.98	1	1	13	10	1	2	-A
I	2452410	A	*/-T	33	2	5.71%	2	1	48	37	0.98	1	1	18	15	2	0	-T
I	2499149	A	-T/-T	3	17	85%	1	2	61	49	0.98	1	1	3	0	8	9	-T
I	2507462	T	+A/+A	2	18	90%	2	2	55	48	0.98	1	1	1	1	8	10	+A
I	2510060	T	+A/+A	1	12	92.31%	1	2	37	49	0.98	1	1	0	1	10	2	+A
I	2516707	T	*/+A	18	2	10%	2	2	44	55	0.98	1	1	9	9	1	1	+A
I	2520612	G	*/-T	16	2	9.52%	2	1	52	74	0.98	1	1	7	9	2	0	-T
I	2520612	G	*/+T	16	3	14.29%	2	2	52	45	0.98	1	1	7	9	1	2	+T
I	2525713	C	*/-T	15	7	31.82%	2	2	45	49	0.98	1	1	9	6	6	1	-T
I	2545110	C	*/-T	25	2	7.41%	2	1	48	74	0.98	1	1	18	7	2	0	-T
I	2556743	G	*/-A	3	2	33.33%	2	1	46	37	0.98	1	1	2	1	2	0	-A
I	2578262	T	*/-A	14	6	28.57%	2	2	49	49	0.98	1	1	4	10	2	4	-A
I	2588021	C	+A/+A	1	6	75%	1	2	37	43	0.98	1	1	0	1	4	2	+A
I	2588066	C	+A/+A	1	7	87.5%	1	2	37	42	0.98	1	1	1	0	4	3	+A
I	2594263	C	+T/+T	0	9	100%	0	2	0	46	0.98	0	1	0	0	7	2	+T
I	2594324	T	+A/+A	1	17	94.44%	1	2	37	53	0.98	1	1	1	0	13	4	+A
I	2594351	T	+A/+A	1	13	92.86%	1	2	37	56	0.98	1	1	0	1	11	2	+A
I	2594391	A	+T/+T	2	10	83.33%	2	1	55	49	0.98	1	1	1	1	10	0	+T
I	2605860	G	-T/-T	0	20	100%	0	2	0	47	0.98	0	1	0	0	9	11	-T
I	2607669	A	+T/+T	2	28	93.33%	1	2	49	50	0.98	1	1	2	0	13	15	+T
I	2641994	T	*/+A	9	2	18.18%	2	1	36	37	0.98	1	1	6	3	0	2	+A
I	2641998	C	*/+T	1	3	50%	1	2	29	40	0.98	1	1	1	0	2	1	+T
I	2663334	A	*/-T	17	2	10.53%	2	2	45	37	0.98	1	1	9	8	1	1	-T
I	2675735	A	*/+T	22	2	8.33%	2	1	40	37	0.98	1	1	12	10	0	2	+T
I	2683902	T	-C/-C	4	17	80.95%	2	2	37	45	0.98	1	1	2	2	7	10	-C
I	2747027	T	*/-A	15	7	29.17%	2	2	41	47	0.98	1	1	8	7	2	5	-A
I	2751236	T	*/-A	7	22	61.11%	2	2	51	41	0.98	1	1	5	2	6	16	-A
I	2751236	T	*/-AA	7	7	19.44%	2	2	51	42	0.98	1	1	5	2	2	5	-A
I	2759871	T	+C/+C	1	15	93.75%	1	2	37	44	0.98	1	1	1	0	7	8	+C
I	2812835	C	*/-T	36	2	5.26%	2	2	47	37	0.98	1	1	14	22	1	1	-T
I	2868432	A	*/+T	15	2	11.76%	2	1	46	55	0.98	1	1	10	5	0	2	+T
I	2958937	G	*/-A	22	2	8%	2	1	44	55	0.98	1	1	14	8	2	0	-A
I	2959752	A	*/-T	3	2	33.33%	2	2	53	61	0.98	1	1	2	1	1	1	-T
I	2960791	T	*/-A	23	2	7.69%	2	2	42	31	0.98	1	1	11	12	1	1	-A
I	2979908	A	*/+T	20	2	9.09%	2	2	45	37	0.98	1	1	13	7	1	1	+T
I	2997450	A	*/-C	24	2	7.69%	2	2	46	37	0.98	1	1	13	11	1	1	-C
I	3033347	C	*/-T	20	3	10.34%	2	2	46	33	0.98	1	1	12	8	2	1	-T
I	3033347	C	*/-TT	20	3	10.34%	2	2	46	37	0.98	1	1	12	8	2	1	-T
I	3033347	C	*/+T	20	2	6.9%	2	1	46	55	0.98	1	1	12	8	2	0	-T
I	3077346	T	*/-AAAGC	18	2	10%	2	1	44	37	0.98	1	1	10	8	0	2	-AAAGC
I	3084527	A	*/+AGT	37	4	9.76%	2	2	47	74	0.98	1	1	22	15	1	3	+AGT
I	3125118	A	+T/+T	0	15	100%	0	2	0	38	0.98	0	1	0	0	8	7	+T
I	3159187	C	*/-CA	51	5	8.93%	2	2	49	44	0.98	1	1	30	21	3	2	-CA
I	3166776	G	*/+TT	2	6	27.27%	2	2	31	42	0.98	1	1	1	1	4	2	+TT
I	3166776	G	*/+TTT	2	12	54.55%	2	2	31	42	0.98	1	1	1	1	5	7	+TTT
I	3178494	C	+T/+T	1	21	95.45%	1	2	37	48	0.98	1	1	0	1	11	10	+T
I	3184255	T	*/-A	9	7	41.18%	2	2	42	42	0.98	1	1	4	5	3	4	-A
I	3197528	A	+G/+G	0	37	94.87%	0	2	0	42	0.98	0	1	0	0	18	19	+G
I	3299997	G	*/-A	33	4	10.81%	2	2	43	49	0.98	1	1	22	11	2	2	-A
I	3301537	T	*/+A	27	2	6.9%	2	1	44	37	0.98	1	1	11	16	0	2	+A
I	3301538	C	+T/+T	1	20	86.96%	1	2	37	39	0.98	1	1	0	1	11	9	+T
I	3380404	C	*/+A	15	2	11.76%	2	2	47	37	0.98	1	1	10	5	1	1	+A
I	3404991	C	*/-T	5	2	15.38%	1	1	37	37	0.98	1	1	5	0	2	0	-T
I	3404991	C	*/+T	5	6	46.15%	1	1	37	37	0.98	1	1	5	0	6	0	+T
I	3408209	T	+G/+G	0	42	95.45%	0	2	0	46	0.98	0	1	0	0	27	15	+G
I	3450130	G	-T/-T	1	17	94.44%	1	2	25	40	0.98	1	1	1	0	6	11	-T
I	3460318	T	+C/+C	0	14	100%	0	2	0	57	0.98	0	1	0	0	5	9	+C
I	3462650	A	*/-T	8	2	13.33%	2	2	54	55	0.98	1	1	5	3	1	1	-T
I	3462650	A	*/+T	8	5	33.33%	2	2	54	51	0.98	1	1	5	3	2	3	+T
I	3538413	A	+T/+T	1	24	92.31%	1	2	37	46	0.98	1	1	0	1	12	12	+T
I	3538428	G	+T/+T	4	22	84.62%	1	2	37	47	0.98	1	1	0	4	12	10	+T
I	3538436	T	+A/+A	3	20	86.96%	2	2	49	48	0.98	1	1	1	2	11	9	+A
I	3538449	T	+TA/+TA	0	23	100%	0	2	0	46	0.98	0	1	0	0	12	11	+TA
I	3538456	A	+AT/+AT	0	23	100%	0	2	0	44	0.98	0	1	0	0	12	11	+AT
I	3568232	G	*/+T	13	2	13.33%	2	2	47	61	0.98	1	1	10	3	1	1	+T
I	3576756	T	*/+TCTTCTC	0	5	71.43%	0	2	0	49	0.98	0	1	0	0	2	3	+TCTTCTC
I	3576929	C	+T/+T	1	14	93.33%	1	2	37	48	0.98	1	1	0	1	8	6	+T
I	3578638	A	*/-T	2	5	71.43%	1	2	37	34	0.98	1	1	2	0	1	4	-T
I	3580034	C	*/+T	6	9	56.25%	2	2	38	44	0.98	1	1	4	2	5	4	+T
I	3609896	T	*/-A	2	3	60%	1	1	37	37	0.98	1	1	2	0	0	3	-A
I	3610395	T	*/+A	16	2	11.11%	2	1	43	55	0.98	1	1	8	8	0	2	+A
I	3610396	C	*/-T	11	3	20%	2	2	32	49	0.98	1	1	8	3	1	2	-T
I	3634643	A	*/-TT	6	3	30%	2	2	40	40	0.98	1	1	5	1	1	2	-TT
I	3649532	C	*/+T	30	2	6.06%	2	2	53	55	0.98	1	1	14	16	1	1	+T
I	3659724	C	*/-T	17	2	9.09%	2	2	35	49	0.98	1	1	16	1	1	1	-T
I	3659724	C	*/+T	17	3	13.64%	2	1	35	57	0.98	1	1	16	1	3	0	+T
I	3665610	G	+C/+C	0	46	100%	0	2	0	52	0.98	0	1	0	0	24	22	+C
I	3700385	T	*/+A	6	3	18.75%	1	2	49	37	0.98	1	1	6	0	2	1	+A
I	3700385	T	*/+AA	6	7	43.75%	1	2	49	35	0.98	1	1	6	0	2	5	+AA
I	3730369	A	+T/+T	1	11	91.67%	1	2	37	43	0.98	1	1	1	0	5	6	+T
I	3746471	C	*/-A	22	2	8.33%	2	1	43	74	0.98	1	1	11	11	2	0	-A
I	3760449	G	*/-C	13	2	13.33%	2	1	41	55	0.98	1	1	10	3	0	2	-C
I	3765328	C	+T/+T	0	13	100%	0	2	0	37	0.98	0	1	0	0	12	1	+T
I	3776933	G	*/+A	3	7	70%	2	2	37	47	0.98	1	1	1	2	5	2	+A
I	3850523	C	*/-T	22	3	11.54%	2	1	44	57	0.98	1	1	13	9	3	0	-T
I	3855790	G	-T/-T	0	18	100%	0	2	0	43	0.98	0	1	0	0	13	5	-T
I	3879465	T	*/-A	23	5	16.13%	2	2	48	51	0.98	1	1	8	15	1	4	-A
I	3879465	T	*/+A	23	2	6.45%	2	1	48	37	0.98	1	1	8	15	0	2	-A
I	3881325	T	*/+A	24	2	7.69%	2	2	44	37	0.98	1	1	11	13	1	1	+A
I	3940025	G	+T/+T	2	21	87.5%	2	2	55	47	0.98	1	1	1	1	11	10	+T
I	3984736	A	*/-GGT	124	9	6.77%	2	1	45	37	0.98	1	1	29	95	0	9	-GGT
I	3993810	T	*/-A	7	2	22.22%	2	1	42	49	0.98	1	1	5	2	2	0	-A
I	3995023	C	*/-T	8	3	23.08%	2	2	33	49	0.98	1	1	7	1	2	1	-T
I	3996048	G	*/-A	99	7	6.6%	2	2	46	61	0.98	1	1	39	60	1	6	-A
I	4004016	G	*/+T	12	5	25%	2	2	53	47	0.98	1	1	8	4	4	1	+T
I	4004016	G	*/+TT	12	2	10%	2	1	53	37	0.98	1	1	8	4	2	0	+T
I	4005819	C	*/-A	23	3	11.54%	2	2	45	49	0.98	1	1	10	13	2	1	-A
I	4010237	A	*/-G	7	5	35.71%	2	1	33	37	0.98	1	1	6	1	5	0	-G
I	4055052	T	+A/+A	3	14	77.78%	1	2	37	49	0.98	1	1	3	0	10	4	+A
I	4179498	T	*/-C	25	2	7.41%	2	2	47	37	0.98	1	1	12	13	1	1	-C
I	4179641	C	*/-A	10	3	23.08%	1	2	48	40	0.98	1	1	10	0	2	1	-A
I	4179700	T	*/+A	13	2	13.33%	2	1	44	37	0.98	1	1	8	5	0	2	+A
I	4179701	C	*/+T	5	4	28.57%	1	2	39	39	0.98	1	1	5	0	3	1	+T
I	4241118	G	*/+A	9	7	30.43%	2	2	40	40	0.98	1	1	7	2	4	3	+A
I	4241118	G	*/+AA	9	6	26.09%	2	2	40	49	0.98	1	1	7	2	5	1	+A
I	4276890	G	+T/+T	1	13	92.86%	1	2	36	33	0.98	1	1	1	0	8	5	+T
I	4304169	G	+A/+A	1	14	93.33%	1	2	37	40	0.98	1	1	0	1	5	9	+A
I	4338694	G	*/-T	44	3	6.38%	2	2	45	49	0.98	1	1	23	21	2	1	-T
I	4361970	C	*/-T	24	2	7.69%	2	2	40	31	0.98	1	1	19	5	1	1	-T
I	4374342	A	-G/-G	0	42	100%	0	2	0	43	0.98	0	1	0	0	30	12	-G
I	4394766	C	*/-A	9	2	16.67%	2	1	39	37	0.98	1	1	6	3	0	2	-A
I	4407494	T	+G/+G	1	31	96.88%	1	2	37	51	0.98	1	1	0	1	13	18	+G
I	4410191	C	-G/-G	0	26	100%	0	2	0	46	0.98	0	1	0	0	16	10	-G
I	4414201	C	-T/-T	1	6	85.71%	1	2	25	39	0.98	1	1	0	1	3	3	-T
I	4431856	G	+A/+A	4	41	91.11%	2	2	55	46	0.98	1	1	3	1	21	20	+A
I	4431868	C	+A/+A	1	42	97.67%	1	2	37	45	0.98	1	1	0	1	21	21	+A
I	4442621	A	*/-AT	40	6	12.5%	2	2	53	61	0.98	1	1	20	20	3	3	-AT
I	4455149	G	+A/+A	0	7	100%	0	2	0	35	0.98	0	1	0	0	2	5	+A
I	4514478	T	*/-A	7	5	35.71%	2	2	40	47	0.98	1	1	3	4	4	1	-A
I	4629553	C	+A/+A	2	18	90%	1	2	49	50	0.98	1	1	2	0	8	10	+A
I	4648159	T	*/-G	6	18	66.67%	2	2	45	42	0.98	1	1	5	1	12	6	-G
I	4648159	T	*/-GG	6	3	11.11%	2	2	45	37	0.98	1	1	5	1	2	1	-G
I	4675972	C	*/-T	10	2	16.67%	2	2	40	49	0.98	1	1	8	2	1	1	-T
I	4721875	G	+A/+A	0	12	100%	0	2	0	42	0.98	0	1	0	0	3	9	+A
I	4760698	T	*/-A	19	3	13.64%	2	2	44	37	0.98	1	1	8	11	2	1	-A
I	4764248	A	*/+T	32	2	5.71%	2	1	51	25	0.98	1	1	19	13	0	2	+T
I	4764253	G	*/+A	8	17	54.84%	2	2	41	42	0.98	1	1	5	3	7	10	+A
I	4764253	G	*/+AA	8	2	6.45%	2	2	41	49	0.98	1	1	5	3	1	1	+A
I	4882281	C	*/-T	13	2	13.33%	2	2	40	37	0.98	1	1	5	8	1	1	-T
I	4916623	C	*/-A	10	3	17.65%	2	2	32	53	0.98	1	1	7	3	2	1	-A
I	4916623	C	*/+A	10	4	23.53%	2	2	32	46	0.98	1	1	7	3	2	2	+A
I	4926046	C	*/+T	6	6	50%	2	1	37	43	0.98	1	1	5	1	6	0	+T
I	4978355	A	*/-T	14	2	12.5%	2	2	50	55	0.98	1	1	6	8	1	1	-T
I	4984784	A	*/-T	7	6	35.29%	2	2	51	38	0.98	1	1	6	1	5	1	-T
I	4984784	A	*/-TT	7	3	17.65%	2	2	51	45	0.98	1	1	6	1	1	2	-T
I	5002717	C	*/-A	4	2	33.33%	2	1	43	55	0.98	1	1	2	2	2	0	-A
I	5023216	T	*/+A	30	2	6.25%	2	1	44	37	0.98	1	1	19	11	2	0	+A
I	5039623	T	*/-A	25	2	7.41%	2	1	38	37	0.98	1	1	17	8	2	0	-A
I	5078848	G	*/+A	12	2	13.33%	2	1	48	48	0.98	1	1	9	3	2	0	+A
I	5096442	G	*/-T	9	2	15.38%	2	2	49	42	0.98	1	1	5	4	1	1	-T
I	5117187	C	*/+T	20	3	13.04%	2	1	38	57	0.98	1	1	8	12	0	3	+T
I	5142627	A	+G/+G	1	15	93.75%	1	2	25	44	0.98	1	1	1	0	4	11	+G
I	5148414	T	-A/-A	0	29	100%	0	2	0	52	0.98	0	1	0	0	13	16	-A
I	5159554	C	*/+T	30	2	6.06%	2	1	46	31	0.98	1	1	11	19	0	2	+T
I	5173087	C	+T/+T	1	18	94.74%	1	2	37	43	0.98	1	1	0	1	8	10	+T
I	5173430	G	*/+T	5	23	74.19%	2	2	42	47	0.98	1	1	4	1	11	12	+T
I	5173430	G	*/+TT	5	2	6.45%	2	2	42	37	0.98	1	1	4	1	1	1	+T
I	5176926	T	*/+A	2	7	70%	1	2	37	40	0.98	1	1	0	2	5	2	+A
I	5177760	A	*/-T	18	2	10%	2	1	41	31	0.98	1	1	13	5	2	0	-T
I	5181832	G	*/+T	16	4	19.05%	2	2	50	55	0.98	1	1	9	7	2	2	+T
I	5266596	A	*/-T	30	5	13.51%	2	1	45	39	0.98	1	1	18	12	5	0	-T
I	5352025	G	*/-T	26	2	6.9%	2	2	48	37	0.98	1	1	10	16	1	1	-T
I	5363995	C	*/-A	21	2	8.33%	2	2	46	55	0.98	1	1	12	9	1	1	-A
I	5368262	T	-C/-C	6	55	90.16%	2	2	43	46	0.98	1	1	4	2	26	29	-C
I	5368273	G	+T/+T	3	57	93.44%	2	2	49	45	0.98	1	1	2	1	24	33	+T
I	5385377	T	*/-A	28	2	6.67%	2	2	43	55	0.98	1	1	22	6	1	1	-A
I	5426622	C	+T/+T	4	23	85.19%	2	2	61	46	0.98	1	1	3	1	15	8	+T
I	5509333	T	*/+A	17	2	10.53%	2	2	53	74	0.98	1	1	8	9	1	1	+A
I	5537573	G	*/+T	22	2	8%	2	1	49	74	0.98	1	1	7	15	0	2	+T
I	5547223	T	*/-A	22	3	12%	2	2	44	33	0.98	1	1	15	7	2	1	-A
I	5548073	A	*/-T	8	2	20%	2	1	43	42	0.98	1	1	5	3	2	0	-T
I	5567937	C	*/-A	15	4	21.05%	2	1	40	37	0.98	1	1	8	7	4	0	-A
I	5568055	C	*/-T	23	2	7.69%	2	1	36	31	0.98	1	1	15	8	0	2	-T
I	5570823	C	*/-A	10	2	16.67%	2	1	38	37	0.98	1	1	7	3	2	0	-A
I	5572022	A	*/-T	48	5	9.43%	2	1	47	37	0.98	1	1	18	30	0	5	-T
I	5576850	T	*/-AA	9	6	37.5%	2	2	42	41	0.98	1	1	4	5	3	3	-AA
II	5178	C	*/+A	44	3	6.38%	2	2	54	61	0.98	1	1	23	21	2	1	+A
II	7268	G	*/-T	20	2	9.09%	2	2	42	62	0.98	1	1	12	8	1	1	-T
II	26376	G	*/+A	28	2	6.45%	2	2	49	74	0.98	1	1	11	17	1	1	+A
II	46913	T	*/-A	7	2	18.18%	2	1	35	37	0.98	1	1	6	1	2	0	A
II	49988	T	*/+A	28	2	6.67%	2	1	45	37	0.98	1	1	11	17	0	2	+A
II	121588	G	*/+T	13	2	13.33%	2	2	50	68	0.98	1	1	7	6	1	1	+T
II	128001	T	-A/-A	0	16	100%	0	2	0	40	0.98	0	1	0	0	11	5	-A
II	146079	T	-C/-C	2	26	92.86%	2	2	55	48	0.98	1	1	1	1	12	14	-C
II	174764	G	*/-A	23	2	8%	2	2	45	37	0.98	1	1	14	9	1	1	-A
II	201022	A	*/-T	8	3	27.27%	2	2	36	37	0.98	1	1	2	6	2	1	-T
II	229897	A	*/-T	32	8	17.39%	2	2	45	47	0.98	1	1	22	10	5	3	-T
II	229897	A	*/+T	32	3	6.52%	2	2	45	31	0.98	1	1	22	10	2	1	-T
II	320661	G	*/-A	30	2	5.71%	2	1	41	49	0.98	1	1	17	13	2	0	-A
II	320661	G	*/+A	30	3	8.57%	2	1	41	74	0.98	1	1	17	13	3	0	+A
II	330648	A	*/+AAGGTGT	19	14	42.42%	2	2	43	44	0.98	1	1	4	15	6	8	+AAGGTGT
II	365357	C	*/-T	9	2	15.38%	2	2	38	49	0.98	1	1	5	4	1	1	-T
II	365357	C	*/+T	9	2	15.38%	2	1	38	36	0.98	1	1	5	4	2	0	-T
II	376034	C	*/-T	27	4	12.12%	2	1	44	55	0.98	1	1	10	17	0	4	-T
II	410085	C	*/-T	14	4	20%	1	2	38	48	0.98	1	1	14	0	2	2	-T
II	413039	T	*/+A	18	2	9.52%	2	2	49	49	0.98	1	1	8	10	1	1	+A
II	484534	A	*/+T	5	11	68.75%	1	2	54	42	0.98	1	1	5	0	2	9	+T
II	488911	A	*/-T	22	2	8%	2	2	50	31	0.98	1	1	14	8	1	1	-T
II	516071	T	*/-A	14	4	22.22%	2	2	41	37	0.98	1	1	7	7	1	3	-A
II	520627	C	*/-T	9	3	23.08%	1	2	37	40	0.98	1	1	9	0	1	2	-T
II	521731	G	*/-T	27	4	12.5%	2	2	47	52	0.98	1	1	17	10	2	2	-T
II	526883	G	*/+T	31	2	5.56%	2	1	48	37	0.98	1	1	17	14	0	2	+T
II	526955	T	*/-AC	51	6	10.53%	2	2	54	61	0.98	1	1	19	32	5	1	-AC
II	526959	T	*/+TTAG	57	6	9.52%	2	2	52	61	0.98	1	1	23	34	5	1	+TTAG
II	526985	C	*/+GTGTGTGTGTGTGT	42	4	7.14%	2	1	56	37	0.98	1	1	16	26	4	0	+GTGTGTGTGTGTGT
II	561064	T	*/-A	7	2	20%	2	2	33	37	0.98	1	1	4	3	1	1	-A
II	574536	T	*/+A	27	2	6.9%	2	2	40	42	0.98	1	1	7	20	1	1	+A
II	603279	A	-T/-T	0	12	100%	0	2	0	49	0.98	0	1	0	0	7	5	-T
II	603305	A	-C/-C	0	17	100%	0	2	0	50	0.98	0	1	0	0	7	10	-C
II	673086	G	*/-A	2	5	35.71%	2	2	37	44	0.98	1	1	1	1	4	1	-A
II	673086	G	*/+A	2	3	21.43%	2	2	37	40	0.98	1	1	1	1	2	1	-A
II	677175	G	*/-TA	19	3	13.04%	2	1	44	57	0.98	1	1	6	13	3	0	-TA
II	700009	T	-A/-A	4	15	78.95%	1	2	37	41	0.98	1	1	0	4	3	12	-A
II	716295	G	*/-T	7	5	38.46%	2	2	51	42	0.98	1	1	1	6	4	1	-T
II	756993	C	*/-T	13	2	11.11%	2	1	49	48	0.98	1	1	9	4	0	2	-T
II	819355	A	*/-C	16	2	11.11%	2	1	39	43	0.98	1	1	13	3	0	2	-C
II	819361	C	*/-AA	13	2	12.5%	2	2	37	37	0.98	1	1	12	1	1	1	-AA
II	888599	A	-C/-C	0	11	100%	0	2	0	46	0.98	0	1	0	0	4	7	-C
II	889921	C	*/-T	13	3	15.79%	2	1	39	37	0.98	1	1	11	2	3	0	-T
II	889921	C	*/+T	13	3	15.79%	2	1	39	37	0.98	1	1	11	2	3	0	-T
II	890578	C	*/-T	20	2	8.33%	2	2	34	36	0.98	1	1	17	3	1	1	-T
II	890578	C	*/+T	20	2	8.33%	2	1	34	37	0.98	1	1	17	3	2	0	-T
II	903106	G	+T/+T	1	19	95%	1	2	37	53	0.98	1	1	0	1	7	12	+T
II	903992	T	*/+G	21	2	8.7%	2	2	44	37	0.98	1	1	12	9	1	1	+G
II	948303	T	*/-A	19	3	12.5%	2	1	49	61	0.98	1	1	12	7	3	0	-A
II	948303	T	*/+A	19	2	8.33%	2	2	49	37	0.98	1	1	12	7	1	1	-A
II	965517	C	*/-T	11	8	40%	2	2	41	50	0.98	1	1	9	2	6	2	-T
II	997671	G	*/+CAA	11	5	27.78%	2	2	43	44	0.98	1	1	6	5	2	3	+CAA
II	1012970	C	*/+A	15	2	11.11%	2	2	37	55	0.98	1	1	10	5	1	1	+A
II	1019510	T	*/-A	5	8	42.11%	2	2	39	35	0.98	1	1	4	1	5	3	-A
II	1019510	T	*/-AA	5	6	31.58%	2	2	39	35	0.98	1	1	4	1	5	1	-A
II	1059118	T	*/-A	25	6	18.75%	2	2	42	37	0.98	1	1	7	18	4	2	-A
II	1069791	C	*/-A	21	2	8.7%	2	2	42	37	0.98	1	1	15	6	1	1	-A
II	1078264	T	*/-A	18	5	20.83%	2	2	39	61	0.98	1	1	8	10	2	3	-A
II	1079843	T	+A/+A	1	19	95%	1	2	37	42	0.98	1	1	0	1	8	11	+A
II	1122580	C	*/-T	33	4	10.81%	2	2	48	46	0.98	1	1	20	13	1	3	-T
II	1151387	C	*/-T	37	2	5.13%	2	2	46	49	0.98	1	1	11	26	1	1	-T
II	1156029	A	*/-AT	15	2	11.76%	2	2	48	37	0.98	1	1	9	6	1	1	-AT
II	1163154	A	-T/-T	0	14	100%	0	2	0	50	0.98	0	1	0	0	3	11	-T
II	1171363	T	*/+A	18	2	9.52%	2	2	45	55	0.98	1	1	12	6	1	1	+A
II	1178484	T	*/-G	20	2	9.09%	2	2	46	37	0.98	1	1	11	9	1	1	-G
II	1187785	G	*/+T	20	2	9.09%	2	1	40	55	0.98	1	1	10	10	0	2	+T
II	1266289	T	*/+A	3	4	57.14%	1	2	33	52	0.98	1	1	3	0	2	2	+A
II	1266955	G	*/-GA	59	5	7.81%	2	2	49	42	0.98	1	1	38	21	4	1	-GA
II	1277481	G	*/+T	2	2	22.22%	1	1	37	37	0.98	1	1	0	2	2	0	+T
II	1277481	G	*/+TT	2	2	22.22%	1	2	37	42	0.98	1	1	0	2	1	1	+T
II	1308618	G	-T/-T	6	28	82.35%	2	2	43	45	0.98	1	1	4	2	19	9	-T
II	1312254	C	*/+T	5	2	25%	2	1	34	61	0.98	1	1	4	1	0	2	+T
II	1365999	G	*/-T	16	2	10%	2	2	47	49	0.98	1	1	7	9	1	1	-T
II	1389139	C	*/-T	5	2	13.33%	1	1	46	37	0.98	1	1	5	0	2	0	-T
II	1389139	C	*/+T	5	6	40%	1	2	46	36	0.98	1	1	5	0	4	2	+T
II	1389139	C	*/+TT	5	2	13.33%	1	2	46	49	0.98	1	1	5	0	1	1	+T
II	1467485	C	*/-T	16	4	18.18%	2	1	45	37	0.98	1	1	8	8	0	4	-T
II	1467485	C	*/+T	16	2	9.09%	2	2	45	36	0.98	1	1	8	8	1	1	-T
II	1554361	C	*/-T	21	3	12%	2	2	41	33	0.98	1	1	7	14	2	1	-T
II	1555919	A	*/+TTTATT	4	3	37.5%	2	1	49	37	0.98	1	1	3	1	0	3	+TTTATT
II	1602263	C	*/+T	19	4	17.39%	2	2	48	46	0.98	1	1	10	9	2	2	+T
II	1627981	C	*/-T	8	2	16.67%	2	2	44	31	0.98	1	1	5	3	1	1	-T
II	1627981	C	*/-TT	8	2	16.67%	2	2	44	37	0.98	1	1	5	3	1	1	-T
II	1634728	G	*/-TA	24	2	7.69%	2	1	49	37	0.98	1	1	14	10	2	0	-TA
II	1637375	T	*/+C	43	6	12.24%	2	2	46	59	0.98	1	1	22	21	1	5	+C
II	1678205	T	*/-A	3	8	72.73%	1	2	37	35	0.98	1	1	3	0	4	4	-A
II	1700176	T	*/-A	8	3	27.27%	2	2	40	37	0.98	1	1	6	2	2	1	-A
II	1716287	T	*/-G	17	5	22.73%	2	1	40	44	0.98	1	1	8	9	0	5	-G
II	1722036	C	+A/+A	3	22	88%	2	2	49	45	0.98	1	1	2	1	15	7	+A
II	1748646	G	*/-AA	3	3	37.5%	1	2	37	52	0.98	1	1	3	0	2	1	-AA
II	1763419	T	*/-A	15	4	20%	2	2	44	43	0.98	1	1	10	5	3	1	-A
II	1818108	C	*/-T	9	2	16.67%	2	2	48	49	0.98	1	1	4	5	1	1	-T
II	1861420	T	-G/-G	0	28	100%	0	2	0	45	0.98	0	1	0	0	13	15	-G
II	1867795	A	+T/+T	0	6	100%	0	2	0	47	0.98	0	1	0	0	1	5	+T
II	1868122	G	*/+T	10	13	54.17%	2	2	39	37	0.98	1	1	8	2	10	3	+T
II	1873779	T	+A/+A	1	16	94.12%	1	2	37	43	0.98	1	1	0	1	9	7	+A
II	1877294	A	+T/+T	1	15	93.75%	1	2	25	46	0.98	1	1	1	0	8	7	+T
II	1941966	A	+T/+T	0	30	100%	0	2	0	50	0.98	0	1	0	0	19	11	+T
II	1941982	A	+T/+T	0	32	100%	0	2	0	49	0.98	0	1	0	0	18	14	+T
II	1948953	G	-A/-A	0	31	100%	0	2	0	49	0.98	0	1	0	0	13	18	-A
II	1950050	A	+G/+G	3	27	90%	2	2	61	53	0.98	1	1	2	1	8	19	+G
II	1953298	C	*/-CT	28	2	6.67%	2	1	44	37	0.98	1	1	14	14	0	2	-CT
II	1955495	T	*/+A	3	14	73.68%	2	2	57	42	0.98	1	1	1	2	7	7	+A
II	1960392	A	+G/+G	0	11	100%	0	2	0	43	0.98	0	1	0	0	3	8	+G
II	1987101	C	-G/-G	1	39	97.5%	1	2	37	43	0.98	1	1	1	0	22	17	-G
II	1987117	T	-G/-G	1	34	97.14%	1	2	37	41	0.98	1	1	0	1	18	16	-G
II	2012625	T	*/+C	57	6	9.52%	2	2	42	43	0.98	1	1	17	40	4	2	+C
II	2022967	A	*/-AG	9	2	18.18%	2	1	39	42	0.98	1	1	2	7	0	2	-AG
II	2023193	G	*/+T	0	3	60%	0	2	0	49	0.98	0	1	0	0	2	1	+T
II	2023193	G	*/+TT	0	2	40%	0	2	0	42	0.98	0	1	0	0	1	1	+T
II	2049891	A	-T/-T	0	25	100%	0	2	0	49	0.98	0	1	0	0	12	13	-T
II	2053516	G	+C/+C	0	22	100%	0	2	0	52	0.98	0	1	0	0	9	13	+C
II	2081241	A	*/+C	70	4	5.41%	2	1	43	46	0.98	1	1	30	40	0	4	+C
II	2108180	T	+A/+A	0	25	100%	0	2	0	44	0.98	0	1	0	0	17	8	+A
II	2147726	G	+T/+T	3	23	88.46%	2	2	49	47	0.98	1	1	1	2	13	10	+T
II	2187407	G	+A/+A	0	16	100%	0	2	0	43	0.98	0	1	0	0	7	9	+A
II	2198945	G	*/-CA	36	4	10%	2	1	47	34	0.98	1	1	12	24	0	4	-CA
II	2199987	A	*/+TAACC	28	20	40.82%	2	2	46	50	0.98	1	1	9	19	7	13	+TAACC
II	2203072	C	*/-A	22	2	8.33%	2	1	44	37	0.98	1	1	14	8	2	0	-A
II	2203175	T	*/-A	20	2	8.7%	2	2	40	49	0.98	1	1	12	8	1	1	-A
II	2219928	A	+T/+T	0	24	92.31%	0	2	0	46	0.98	0	1	0	0	9	15	+T
II	2293297	G	-A/-A	1	12	92.31%	1	2	37	35	0.98	1	1	0	1	10	2	-A
II	2327013	C	*/-T	33	2	5.41%	2	1	44	37	0.98	1	1	15	18	0	2	-T
II	2327013	C	*/+T	33	2	5.41%	2	2	44	74	0.98	1	1	15	18	1	1	-T
II	2338528	G	*/-A	9	6	40%	2	2	42	43	0.98	1	1	8	1	4	2	-A
II	2443873	T	*/+A	2	4	40%	1	2	55	34	0.98	1	1	2	0	3	1	+A
II	2443873	T	*/+AA	2	3	30%	1	1	55	34	0.98	1	1	2	0	3	0	+A
II	2504242	C	*/+A	14	3	16.67%	2	2	45	49	0.98	1	1	9	5	2	1	+A
II	2523624	C	*/+A	13	2	13.33%	2	1	37	37	0.98	1	1	11	2	2	0	+A
II	2527996	C	*/+T	4	2	28.57%	2	1	52	31	0.98	1	1	3	1	0	2	+T
II	2579458	C	*/-A	3	2	40%	2	2	40	37	0.98	1	1	2	1	1	1	-A
II	2591913	T	*/+A	15	3	15%	2	2	42	29	0.98	1	1	10	5	1	2	+A
II	2592423	T	+A/+A	4	19	82.61%	2	2	40	52	0.98	1	1	1	3	13	6	+A
II	2630607	C	*/+A	2	10	71.43%	1	2	55	48	0.98	1	1	2	0	6	4	+A
II	2630607	C	*/+AA	2	2	14.29%	1	2	55	37	0.98	1	1	2	0	1	1	+A
II	2637584	T	*/-A	10	2	16.67%	2	1	55	37	0.98	1	1	7	3	2	0	-A
II	2640785	T	*/+A	10	28	66.67%	2	2	40	49	0.98	1	1	9	1	17	11	+A
II	2647497	C	*/-T	17	2	8.7%	2	1	37	31	0.98	1	1	8	9	0	2	-T
II	2647497	C	*/+T	17	3	13.04%	2	2	37	49	0.98	1	1	8	9	1	2	+T
II	2671614	G	*/-A	10	2	15.38%	2	2	38	37	0.98	1	1	7	3	1	1	-A
II	2702173	G	*/-TA	21	4	15.38%	2	2	45	68	0.98	1	1	10	11	1	3	-TA
II	2709414	G	+C/+C	0	29	100%	0	2	0	50	0.98	0	1	0	0	17	12	+C
II	2720152	T	*/+A	38	2	5%	2	2	47	43	0.98	1	1	20	18	1	1	+A
II	2755338	C	*/-AT	11	12	48%	1	2	42	52	0.98	1	1	0	11	8	4	-AT
II	2755338	C	*/-ATAT	11	2	8%	1	1	42	55	0.98	1	1	0	11	0	2	-AT
II	2788933	C	+G/+G	0	17	94.44%	0	2	0	52	0.98	0	1	0	0	6	11	+G
II	2798040	C	-T/-T	0	25	100%	0	2	0	48	0.98	0	1	0	0	11	14	-T
II	2798514	A	-G/-G	2	12	85.71%	2	2	55	47	0.98	1	1	1	1	5	7	-G
II	2811495	C	-A/-A	0	18	100%	0	2	0	45	0.98	0	1	0	0	9	9	-A
II	2825193	A	*/-T	21	2	8.33%	2	2	46	37	0.98	1	1	8	13	1	1	-T
II	2826100	G	*/-A	12	2	10.53%	2	2	41	37	0.98	1	1	5	7	1	1	A
II	2826100	G	*/+A	12	2	10.53%	2	1	41	49	0.98	1	1	5	7	0	2	A
II	2900889	A	*/-T	8	6	37.5%	2	2	46	47	0.98	1	1	6	2	4	2	-T
II	2900889	A	*/+T	8	2	12.5%	2	1	46	74	0.98	1	1	6	2	2	0	-T
II	2938956	C	+T/+T	2	13	76.47%	1	2	37	37	0.98	1	1	2	0	2	11	+T
II	2941587	T	*/+A	16	2	11.11%	2	2	44	55	0.98	1	1	8	8	1	1	+A
II	2988149	G	*/-T	11	5	31.25%	2	2	42	46	0.98	1	1	7	4	3	2	-T
II	3040332	C	+G/+G	1	30	96.77%	1	2	37	41	0.98	1	1	1	0	16	14	+G
II	3058544	T	*/-G	5	2	20%	1	2	37	55	0.98	1	1	5	0	1	1	-G
II	3058544	T	*/+G	5	3	30%	1	2	37	33	0.98	1	1	5	0	2	1	+G
II	3069119	C	*/+A	35	2	5.41%	2	1	44	37	0.98	1	1	17	18	2	0	+A
II	3171788	G	*/-A	11	3	17.65%	2	1	41	37	0.98	1	1	7	4	3	0	-A
II	3248870	G	*/+A	40	3	6.98%	2	2	45	37	0.98	1	1	16	24	2	1	+A
II	3253453	C	*/+T	1	4	44.44%	1	2	48	37	0.98	1	1	0	1	3	1	+T
II	3253453	C	*/+TT	1	2	22.22%	1	1	48	31	0.98	1	1	0	1	0	2	+T
II	3282373	T	*/-A	24	5	17.24%	2	1	48	49	0.98	1	1	16	8	5	0	-A
II	3380128	C	*/-T	7	3	30%	2	2	34	40	0.98	1	1	6	1	1	2	-T
II	3410437	G	*/-T	9	4	28.57%	2	2	39	40	0.98	1	1	6	3	2	2	-T
II	3429091	C	*/+TGTTGAGTA	10	30	66.67%	2	2	55	50	0.98	1	1	5	5	16	14	+TGTTGAGTA
II	3514786	C	*/-T	14	4	22.22%	2	2	38	37	0.98	1	1	9	5	3	1	-T
II	3540057	A	*/-T	18	4	18.18%	2	1	42	46	0.98	1	1	15	3	4	0	-T
II	3619003	A	+G/+G	1	24	96%	1	2	37	50	0.98	1	1	0	1	13	11	+G
II	3621704	A	*/-T	11	5	29.41%	2	1	43	51	0.98	1	1	6	5	5	0	-T
II	3682871	A	*/+T	25	2	7.41%	2	2	46	68	0.98	1	1	12	13	1	1	+T
II	3700889	G	*/+A	16	2	11.11%	2	1	46	42	0.98	1	1	7	9	2	0	+A
II	3715149	G	*/-A	9	3	25%	1	1	35	40	0.98	1	1	9	0	3	0	-A
II	3762367	C	*/+A	20	2	9.09%	2	2	48	55	0.98	1	1	13	7	1	1	+A
II	3777548	C	*/-T	19	2	9.09%	2	2	39	42	0.98	1	1	18	1	1	1	-T
II	3799350	G	*/+A	3	3	50%	1	1	34	45	0.98	1	1	3	0	3	0	+A
II	3838101	C	-A/-A	2	6	75%	1	2	37	41	0.98	1	1	2	0	3	3	-A
II	3838912	T	*/-A	20	5	20%	2	2	47	44	0.98	1	1	10	10	2	3	-A
II	3856896	A	*/-T	14	8	24.24%	2	2	43	38	0.98	1	1	7	7	5	3	-T
II	3856896	A	*/-TT	14	4	12.12%	2	2	43	43	0.98	1	1	7	7	3	1	-T
II	3856896	A	*/-TTT	14	2	6.06%	2	2	43	49	0.98	1	1	7	7	1	1	-T
II	3856896	A	*/+T	14	4	12.12%	2	1	43	37	0.98	1	1	7	7	0	4	+T
II	3860185	C	*/-TAGTA	21	30	54.55%	2	2	47	43	0.98	1	1	4	17	24	6	-TAGTA
II	3869342	A	*/-AT	21	2	8.7%	2	2	43	55	0.98	1	1	9	12	1	1	-AT
II	3933716	C	*/+A	15	18	54.55%	2	2	50	48	0.98	1	1	8	7	14	4	+A
II	3942476	T	*/+A	32	2	5.88%	2	2	44	37	0.98	1	1	13	19	1	1	+A
II	3954039	C	*/-T	24	7	20.59%	2	2	45	47	0.98	1	1	12	12	6	1	-T
II	3954039	C	*/+T	24	3	8.82%	2	1	45	36	0.98	1	1	12	12	3	0	-T
II	3975235	C	*/-A	20	6	17.14%	2	2	40	40	0.98	1	1	17	3	5	1	-A
II	3975235	C	*/-AA	20	2	5.71%	2	2	40	55	0.98	1	1	17	3	1	1	-A
II	3975235	C	*/+A	20	4	11.43%	2	2	40	34	0.98	1	1	17	3	3	1	+A
II	4006982	C	*/-A	4	3	42.86%	1	2	37	29	0.98	1	1	4	0	1	2	-A
II	4031460	A	*/+T	2	2	22.22%	1	1	42	61	0.98	1	1	2	0	0	2	+T
II	4031460	A	*/+TT	2	4	44.44%	1	2	42	37	0.98	1	1	2	0	3	1	+TT
II	4061096	C	*/-T	16	2	10.53%	2	1	48	55	0.98	1	1	4	12	2	0	-T
II	4108814	G	*/-TA	47	3	6%	2	2	45	45	0.98	1	1	20	27	1	2	-TA
II	4249637	A	*/-AT	35	4	10.26%	2	1	51	46	0.98	1	1	13	22	0	4	-AT
II	4254960	G	-A/-A	1	31	96.88%	1	2	37	46	0.98	1	1	0	1	13	18	-A
II	4290954	G	*/+A	27	3	10%	2	2	47	49	0.98	1	1	17	10	2	1	+A
II	4308414	C	*/+A	7	16	64%	2	2	38	42	0.98	1	1	6	1	10	6	+A
II	4419921	T	*/+A	2	4	66.67%	1	2	37	32	0.98	1	1	2	0	2	2	+A
II	4423650	T	*/-GTTGG	9	26	72.22%	2	2	46	42	0.98	1	1	6	3	16	10	-GTTGG
II	4423656	A	+AAACT/+AAACT	4	28	87.5%	1	2	51	40	0.98	1	1	4	0	17	11	+AAACT
II	4481876	G	*/+T	88	5	5.38%	2	2	46	66	0.98	1	1	42	46	4	1	+T
II	4505641	C	*/-A	18	3	14.29%	2	2	46	37	0.98	1	1	8	10	1	2	-A
II	4507813	A	*/+G	73	8	9.88%	2	2	46	63	0.98	1	1	48	25	5	3	+G
II	4515621	C	*/+A	10	5	31.25%	2	2	42	33	0.98	1	1	8	2	4	1	+A
II	4516522	A	*/+T	51	3	5.56%	2	1	51	37	0.98	1	1	31	20	0	3	+T
II	4517047	T	*/+TACTCATC	49	17	24.29%	2	2	46	39	0.98	1	1	29	20	9	8	+TACTCATC
II	4521677	T	*/-A	11	2	11.76%	2	1	49	37	0.98	1	1	10	1	2	0	-A
II	4521677	T	*/-AA	11	4	23.53%	2	2	49	46	0.98	1	1	10	1	2	2	-AA
II	4525340	G	*/-T	44	5	7.94%	2	2	42	51	0.98	1	1	30	14	3	2	-T
II	4525340	G	*/+T	44	13	20.63%	2	2	42	41	0.98	1	1	30	14	6	7	+T
II	4526174	A	*/-T	20	4	16.67%	2	2	48	34	0.98	1	1	16	4	3	1	-T
II	4526843	C	*/-T	6	2	15.38%	1	1	37	49	0.98	1	1	6	0	0	2	-T
II	4526843	C	*/-TTTT	6	2	15.38%	1	2	37	61	0.98	1	1	6	0	1	1	-T
II	4528465	C	*/+GACAAT	47	10	17.54%	2	2	49	43	0.98	1	1	23	24	7	3	+GACAAT
II	4529375	T	*/+ACAACGACAACGACAACG	47	12	16.22%	2	2	50	47	0.98	1	1	25	22	6	6	+ACAACGACAACGACAACG
II	4529375	T	*/+ACAACGACAACGACAACGACAACG	47	13	17.57%	2	2	50	41	0.98	1	1	25	22	8	5	+ACAACGACAACGACAACGACAACG
II	4533588	C	*/-T	38	10	20.83%	2	2	45	40	0.98	1	1	29	9	6	4	-T
II	4534880	A	*/-T	70	43	38.05%	2	2	47	51	0.98	1	1	28	42	24	19	-T
II	4535523	T	*/+GTTACG	137	49	26.34%	2	2	44	44	0.98	1	1	39	98	12	37	+GTTACG
II	4535548	A	*/-TATGTG	143	43	23.12%	2	2	45	40	0.98	1	1	53	90	18	25	-TATGTG
II	4535645	G	*/-T	105	54	33.96%	2	2	49	46	0.98	1	1	57	48	30	24	-T
II	4536728	A	*/+GAGAGTAGG	177	22	10.43%	2	2	47	49	0.98	1	1	67	110	12	10	+GAGAGTAGG
II	4537213	G	*/+T	69	180	72.29%	2	2	53	50	0.98	1	1	42	27	120	60	+T
II	4537387	A	-AATAAGAG/-AATAAGAG	23	181	88.73%	2	2	46	44	0.98	1	1	7	16	114	67	-AATAAGAG
II	4537665	G	*/+AAATA	52	9	14.52%	2	2	44	38	0.98	1	1	32	20	5	4	+AAATA
II	4537712	T	*/-AAATAAAATTAATG	38	5	11.63%	2	2	38	37	0.98	1	1	23	15	2	3	-AAATAAAATTAATG
III	1558	G	*/-AA	30	4	10%	2	2	39	55	0.98	1	1	15	15	2	2	-AA
III	1558	G	*/+A	30	4	10%	2	2	39	43	0.98	1	1	15	15	2	2	-AA
III	4729	A	*/-T	203	67	22.11%	2	2	45	50	0.98	1	1	142	61	25	42	-T
III	4729	A	*/+T	203	22	7.26%	2	2	45	48	0.98	1	1	142	61	10	12	-T
III	4952	C	*/+T	161	82	32.41%	2	2	41	52	0.98	1	1	98	63	28	54	+T
III	5403	C	*/-T	247	49	14.98%	2	2	42	45	0.98	1	1	177	70	20	29	-T
III	9812	T	*/+A	78	34	29.82%	2	1	47	43	0.98	1	1	35	43	0	34	+A
III	10094	A	*/-T	52	4	7.14%	2	1	45	34	0.98	1	1	19	33	0	4	-T
III	12428	G	*/-AA	32	6	12%	2	2	41	45	0.98	1	1	11	21	4	2	-AA
III	12428	G	*/+A	32	5	10%	2	1	41	36	0.98	1	1	11	21	0	5	-AA
III	15599	A	*/-T	208	64	20.51%	2	2	46	49	0.98	1	1	154	54	23	41	-T
III	15599	A	*/+T	208	24	7.69%	2	2	46	42	0.98	1	1	154	54	7	17	-T
III	15822	C	*/+T	171	81	31.27%	2	2	41	49	0.98	1	1	108	63	33	48	+T
III	16273	C	*/-T	225	52	16.56%	2	2	43	43	0.98	1	1	157	68	26	26	-T
III	16273	C	*/-TT	225	19	6.05%	2	2	43	41	0.98	1	1	157	68	10	9	-T
III	20682	T	*/+A	80	23	21.7%	2	2	47	39	0.98	1	1	28	52	1	22	+A
III	23298	G	*/-AA	30	6	13.33%	2	2	42	47	0.98	1	1	13	17	2	4	-AA
III	23298	G	*/+A	30	4	8.89%	2	2	42	40	0.98	1	1	13	17	1	3	-AA
III	120832	C	*/-A	5	2	25%	2	2	64	37	0.98	1	1	3	2	1	1	-A
III	123319	T	*/-A	12	3	18.75%	2	2	48	37	0.98	1	1	9	3	1	2	-A
III	207168	T	*/-A	7	4	26.67%	2	2	45	46	0.98	1	1	4	3	2	2	-A
III	207168	T	*/-AA	7	2	13.33%	2	1	45	37	0.98	1	1	4	3	2	0	-A
III	207168	T	*/+A	7	2	13.33%	2	2	45	31	0.98	1	1	4	3	1	1	-A
III	208140	C	*/-A	8	2	14.29%	2	1	50	37	0.98	1	1	7	1	2	0	-A
III	208140	C	*/+A	8	2	14.29%	2	1	50	36	0.98	1	1	7	1	0	2	-A
III	231502	G	*/-A	19	2	9.09%	2	2	40	55	0.98	1	1	9	10	1	1	-A
III	234763	A	-TTGTTTTGTT/-TTGTTTTGTT	2	8	80%	2	2	49	40	0.98	1	1	1	1	3	5	-TTGTTTTGTT
III	234982	C	*/-A	32	2	5.56%	2	1	48	37	0.98	1	1	15	17	2	0	-A
III	234982	C	*/+A	32	2	5.56%	2	1	48	42	0.98	1	1	15	17	2	0	-A
III	237048	G	*/+A	13	2	12.5%	1	2	40	42	0.98	1	1	13	0	1	1	+A
III	286478	C	-TT/-TT	0	7	100%	0	2	0	33	0.98	0	1	0	0	5	2	-TT
III	286594	T	*/+AA	3	6	46.15%	2	2	40	35	0.98	1	1	2	1	3	3	+AA
III	286594	T	*/+AAA	3	3	23.08%	2	1	40	37	0.98	1	1	2	1	3	0	+AA
III	293096	G	*/-T	14	4	18.18%	2	2	48	36	0.98	1	1	7	7	2	2	-T
III	293096	G	*/+T	14	4	18.18%	2	2	48	43	0.98	1	1	7	7	1	3	-T
III	365747	C	-A/-A	1	20	83.33%	1	2	25	44	0.98	1	1	1	0	15	5	-A
III	365747	C	*/+A	1	2	8.33%	1	2	25	37	0.98	1	1	1	0	1	1	-A
III	406022	C	*/-T	22	2	8.33%	2	1	49	55	0.98	1	1	13	9	2	0	-T
III	415596	T	*/+A	9	4	30.77%	2	2	39	52	0.98	1	1	6	3	3	1	+A
III	425303	A	*/+AGC	19	2	9.52%	2	2	51	37	0.98	1	1	9	10	1	1	+AGC
III	431910	C	*/-T	19	4	17.39%	2	2	44	43	0.98	1	1	9	10	3	1	-T
III	558709	C	*/-T	33	2	5.71%	2	1	46	37	0.98	1	1	10	23	2	0	-T
III	563214	T	*/-A	14	2	12.5%	2	1	47	42	0.98	1	1	8	6	2	0	-A
III	565288	C	*/+T	10	4	28.57%	1	1	46	34	0.98	1	1	0	10	0	4	+T
III	568658	C	*/-T	14	7	31.82%	2	2	44	40	0.98	1	1	7	7	4	3	-T
III	623537	C	*/-A	2	2	33.33%	2	1	49	49	0.98	1	1	1	1	2	0	A
III	688748	A	*/-T	11	2	15.38%	2	2	39	37	0.98	1	1	8	3	1	1	-T
III	701093	G	*/-T	37	3	7.5%	2	2	47	49	0.98	1	1	19	18	2	1	-T
III	717677	A	*/-T	2	8	61.54%	1	2	31	44	0.98	1	1	2	0	5	3	-T
III	717677	A	*/-TT	2	3	23.08%	1	1	31	49	0.98	1	1	2	0	0	3	-T
III	719955	A	-C/-C	0	8	100%	0	2	0	47	0.98	0	1	0	0	2	6	-C
III	720559	C	*/+T	4	5	55.56%	2	2	36	44	0.98	1	1	3	1	4	1	+T
III	720683	A	*/+T	1	4	66.67%	1	2	74	37	0.98	1	1	1	0	3	1	+T
III	822701	G	*/-T	17	2	10%	2	1	46	37	0.98	1	1	8	9	2	0	-T
III	853262	T	+A/+A	1	25	96.15%	1	2	37	43	0.98	1	1	0	1	20	5	+A
III	853293	C	+A/+A	3	20	83.33%	2	2	33	48	0.98	1	1	1	2	14	6	+A
III	867865	C	-T/-T	1	15	93.75%	1	2	37	49	0.98	1	1	1	0	5	10	-T
III	897531	C	*/+A	21	2	8.33%	2	1	42	55	0.98	1	1	14	7	2	0	+A
III	898665	T	*/-A	24	2	7.41%	2	2	42	37	0.98	1	1	9	15	1	1	-A
III	936705	G	*/-T	5	2	28.57%	2	2	36	37	0.98	1	1	4	1	1	1	-T
III	958241	C	*/-T	12	3	14.29%	2	2	47	45	0.98	1	1	8	4	1	2	-T
III	958241	C	*/-TT	12	2	9.52%	2	1	47	42	0.98	1	1	8	4	2	0	-T
III	958241	C	*/+T	12	4	19.05%	2	2	47	40	0.98	1	1	8	4	2	2	+T
III	966124	G	*/-T	21	6	18.18%	2	1	35	35	0.98	1	1	19	2	6	0	-T
III	966124	G	*/-TT	21	3	9.09%	2	1	35	37	0.98	1	1	19	2	3	0	-T
III	966124	G	*/+T	21	2	6.06%	2	1	35	37	0.98	1	1	19	2	2	0	-T
III	970548	C	*/-T	3	2	28.57%	2	1	37	37	0.98	1	1	2	1	0	2	-T
III	970892	C	*/-T	16	4	18.18%	2	2	41	33	0.98	1	1	11	5	1	3	-T
III	970892	C	*/+T	16	2	9.09%	2	1	41	48	0.98	1	1	11	5	2	0	-T
III	985871	C	*/-T	11	2	11.76%	2	1	32	37	0.98	1	1	10	1	2	0	-T
III	996949	A	*/+T	8	2	20%	2	2	49	55	0.98	1	1	4	4	1	1	+T
III	1016311	G	+C/+C	0	31	100%	0	2	0	49	0.98	0	1	0	0	18	13	+C
III	1075530	A	*/+TGGAAGTGGTAAG	130	7	5.11%	2	2	47	37	0.98	1	1	62	68	4	3	+TGGAAGTGGTAAG
III	1079346	A	*/+G	96	6	5.88%	2	2	42	43	0.98	1	1	65	31	3	3	+G
III	1079881	T	*/+TACAAC	195	13	6.22%	2	2	43	40	0.98	1	1	92	103	7	6	+TACAAC
III	1082171	A	*/+TGGAAGTGGTAAG	104	8	7.14%	2	2	44	46	0.98	1	1	43	61	3	5	+TGGAAGTGGTAAG
III	1084026	A	*/+AGTGGTGATGGTT	63	6	8.57%	2	2	43	37	0.98	1	1	22	41	3	3	+AGTGGTGATGGTT
III	1087979	A	*/+G	76	5	6.17%	2	2	47	66	0.98	1	1	45	31	2	3	+G
III	1095550	G	*/-T	17	10	32.26%	2	2	42	50	0.98	1	1	14	3	5	5	-T
III	1095550	G	*/-TT	17	3	9.68%	2	2	42	45	0.98	1	1	14	3	1	2	-T
III	1103423	T	*/-A	13	10	37.04%	2	2	46	43	0.98	1	1	9	4	6	4	-A
III	1103423	T	*/-AA	13	4	14.81%	2	2	46	52	0.98	1	1	9	4	2	2	-A
III	1110416	A	*/+TAGTTG	149	8	5%	2	2	45	50	0.98	1	1	64	85	3	5	+TAGTTG
III	1110963	T	*/+C	66	5	7.04%	2	2	45	44	0.98	1	1	33	33	2	3	+C
III	1114822	A	*/-C	18	4	18.18%	2	2	45	43	0.98	1	1	9	9	2	2	-C
III	1114914	T	*/+ACCACTAACCATC	31	6	16.22%	2	2	47	49	0.98	1	1	22	9	3	3	+ACCACTAACCATC
III	1121674	T	*/+ACCACTAACCATC	41	3	6.82%	2	2	42	29	0.98	1	1	26	15	2	1	+ACCACTAACCATC
III	1123936	A	*/+TAGTTG	50	3	5.66%	2	1	53	31	0.98	1	1	32	18	3	0	+TAGTTG
III	1124483	T	*/+C	46	6	11.54%	2	2	47	49	0.98	1	1	18	28	1	5	+C
III	1128248	C	*/-TTCCACT	52	3	5.45%	2	2	50	61	0.98	1	1	26	26	2	1	-TTCCACT
III	1128342	A	*/-C	22	2	8.33%	2	1	48	55	0.98	1	1	13	9	0	2	-C
III	1131243	T	*/+C	46	4	8%	2	2	49	52	0.98	1	1	23	23	1	3	+C
III	1168362	G	*/-GA	3	2	40%	1	1	34	37	0.98	1	1	3	0	2	0	-GA
III	1252505	G	*/+T	12	4	15.38%	2	2	37	45	0.98	1	1	10	2	3	1	+T
III	1252505	G	*/+TT	12	3	11.54%	2	1	37	45	0.98	1	1	10	2	3	0	+T
III	1287662	G	*/+T	8	20	71.43%	2	2	41	46	0.98	1	1	5	3	6	14	+T
III	1338638	T	*/-A	19	2	9.52%	2	2	42	31	0.98	1	1	6	13	1	1	-A
III	1395671	C	*/-A	19	2	9.52%	2	2	40	31	0.98	1	1	9	10	1	1	-A
III	1411422	C	+A/+A	1	20	95.24%	1	2	25	50	0.98	1	1	1	0	11	9	+A
III	1421567	T	*/-G	5	11	64.71%	2	2	51	34	0.98	1	1	4	1	9	2	-G
III	1471894	T	*/-G	22	2	8.33%	2	1	43	55	0.98	1	1	16	6	2	0	-G
III	1510629	T	*/-A	11	2	14.29%	2	1	45	55	0.98	1	1	8	3	2	0	-A
III	1535109	G	*/+A	36	2	5.13%	2	1	45	37	0.98	1	1	20	16	0	2	+A
III	1547169	C	*/+A	8	2	18.18%	2	2	51	31	0.98	1	1	4	4	1	1	+A
III	1556350	G	*/-T	12	2	13.33%	2	2	44	31	0.98	1	1	8	4	1	1	-T
III	1594933	T	*/+A	12	11	42.31%	2	2	39	42	0.98	1	1	6	6	3	8	+A
III	1674618	C	*/-T	7	2	20%	1	1	36	31	0.98	1	1	7	0	2	0	-T
III	1685487	G	+A/+A	2	16	88.89%	1	2	49	49	0.98	1	1	0	2	6	10	+A
III	1691558	G	*/+T	17	4	19.05%	2	2	57	37	0.98	1	1	11	6	2	2	+T
III	1702276	A	*/-T	32	4	10.81%	2	1	45	49	0.98	1	1	19	13	0	4	-T
III	1712983	G	*/-A	6	4	26.67%	2	1	43	37	0.98	1	1	5	1	4	0	-A
III	1712983	G	*/+A	6	4	26.67%	2	1	43	39	0.98	1	1	5	1	4	0	-A
III	1731012	A	*/+T	17	2	10.53%	2	2	45	31	0.98	1	1	4	13	1	1	+T
III	1740769	T	+A/+A	0	13	100%	0	2	0	44	0.98	0	1	0	0	8	5	+A
III	1756400	T	-A/-A	0	25	100%	0	2	0	50	0.98	0	1	0	0	10	15	-A
III	1761390	A	*/+T	22	2	8.33%	2	2	51	55	0.98	1	1	16	6	1	1	+T
III	1774235	T	+GATC/+GATC	3	15	75%	2	2	49	46	0.98	1	1	1	2	10	5	+GATC
III	1802071	G	*/+T	16	2	11.11%	2	1	47	55	0.98	1	1	11	5	0	2	+T
III	1802522	G	*/-T	15	2	11.76%	2	2	38	55	0.98	1	1	13	2	1	1	-T
III	1821911	C	*/-A	5	2	18.18%	2	1	49	31	0.98	1	1	3	2	0	2	-A
III	1821911	C	*/-AAA	5	2	18.18%	2	2	49	31	0.98	1	1	3	2	1	1	-A
III	1844909	G	*/-T	32	2	5.88%	2	2	43	37	0.98	1	1	17	15	1	1	-T
III	1928744	G	*/+T	20	2	9.09%	2	2	52	36	0.98	1	1	5	15	1	1	+T
III	1947823	A	*/-T	20	2	9.09%	2	1	45	37	0.98	1	1	10	10	2	0	-T
III	1985119	G	*/-T	15	4	19.05%	2	2	41	49	0.98	1	1	6	9	1	3	-T
III	2010864	G	*/-TA	31	3	8.82%	2	2	53	49	0.98	1	1	14	17	2	1	-TA
III	2042636	A	*/+G	20	2	9.09%	2	2	38	37	0.98	1	1	4	16	1	1	+G
III	2067838	T	*/-A	6	3	25%	1	1	37	37	0.98	1	1	6	0	3	0	-A
III	2067838	T	*/-AA	6	2	16.67%	1	2	37	55	0.98	1	1	6	0	1	1	-A
III	2076412	G	*/-T	10	6	33.33%	2	2	45	41	0.98	1	1	4	6	3	3	-T
III	2076412	G	*/+T	10	2	11.11%	2	2	45	31	0.98	1	1	4	6	1	1	-T
III	2076980	A	*/-T	8	2	20%	2	1	44	61	0.98	1	1	4	4	2	0	-T
III	2113205	C	*/-T	11	2	12.5%	2	1	40	37	0.98	1	1	6	5	2	0	-T
III	2113205	C	*/+T	11	2	12.5%	2	2	40	37	0.98	1	1	6	5	1	1	-T
III	2270459	C	*/-A	15	3	15.79%	2	2	39	40	0.98	1	1	14	1	2	1	-A
III	2281940	C	*/-T	17	4	19.05%	2	2	45	37	0.98	1	1	14	3	3	1	-T
III	2382018	A	*/-TTT	7	3	27.27%	2	1	51	37	0.98	1	1	4	3	3	0	-TTT
III	2420241	T	*/-A	6	7	41.18%	2	2	43	35	0.98	1	1	4	2	5	2	-A
III	2420241	T	*/-AA	6	2	11.76%	2	1	43	37	0.98	1	1	4	2	0	2	-A
III	2420241	T	*/+A	6	2	11.76%	2	2	43	49	0.98	1	1	4	2	1	1	-A
III	2423197	T	*/-A	22	2	8.33%	2	2	45	37	0.98	1	1	9	13	1	1	-A
III	2443562	A	+T/+T	14	47	75.81%	2	2	39	36	0.98	1	1	4	10	1	46	+T
III	2447848	T	*/-A	788	247	18.91%	2	2	43	41	0.98	1	1	587	201	183	64	-A
III	2447848	T	*/-AA	788	127	9.72%	2	2	43	46	0.98	1	1	587	201	85	42	-A
III	2447848	T	*/+A	788	98	7.5%	2	2	43	43	0.98	1	1	587	201	71	27	-A
III	2448309	T	-AA/-AA	49	605	90.03%	2	2	43	43	0.98	1	1	32	17	261	344	-AA
III	2448518	T	*/-A	689	268	23.78%	2	2	45	45	0.98	1	1	466	223	192	76	-A
III	2448518	T	*/-AA	689	69	6.12%	2	2	45	46	0.98	1	1	466	223	44	25	-A
III	2448518	T	*/+A	689	79	7.01%	2	2	45	42	0.98	1	1	466	223	51	28	+A
mitochondrial	317	T	+A/+A	95	1804	93.28%	2	2	45	47	0.98	1	1	77	18	1073	731	+A
