Chrom	Position	Ref	Cons	Reads1	Reads2	VarFreq	Strands1	Strands2	Qual1	Qual2	Pvalue	MapQual1	MapQual2	Reads1Plus	Reads1Minus	Reads2Plus	Reads2Minus	VarAllele
chr_II_telomeric_gap	6301	C	*/-AT	8	2	20%	2	2	47	37	0.98	1	1	3	5	1	1	-AT
I	475	C	*/+ACCAAT	55	10	14.08%	2	2	46	50	0.98	1	1	24	31	3	7	+ACCAAT
I	3160	A	*/+GTTGTCGTTGTCGTTGTCGTTGTC	40	5	10.2%	2	2	48	46	0.98	1	1	23	17	2	3	+GTTGTCGTTGTCGTTGTCGTTGTC
I	4053	C	*/+TGTCAT	33	6	15.38%	2	1	47	37	0.98	1	1	17	16	6	0	+TGTCAT
I	5677	G	*/-A	15	7	26.92%	2	1	38	42	0.98	1	1	13	2	7	0	-A
I	5677	G	*/-AA	15	2	7.69%	2	2	38	55	0.98	1	1	13	2	1	1	-A
I	6357	T	*/-AA	29	7	18.92%	2	1	42	45	0.98	1	1	15	14	0	7	-AA
I	7192	C	*/+A	18	3	11.54%	2	2	38	41	0.98	1	1	10	8	1	2	A
I	10859	G	*/-TT	6	4	36.36%	2	2	43	37	0.98	1	1	5	1	2	2	-TT
I	15734	C	*/-A	11	2	12.5%	2	2	51	49	0.98	1	1	7	4	1	1	-A
I	15734	C	*/+A	11	2	12.5%	2	1	51	31	0.98	1	1	7	4	0	2	-A
I	17331	C	*/-AT	42	3	6.67%	2	2	50	49	0.98	1	1	21	21	2	1	-AT
I	19694	T	*/-A	22	2	7.69%	2	2	60	74	0.98	1	1	7	15	1	1	-A
I	19694	T	*/+A	22	2	7.69%	2	1	60	37	0.98	1	1	7	15	2	0	-A
I	27402	A	*/+C	1	3	42.86%	1	1	37	37	0.98	1	1	0	1	0	3	+C
I	27402	A	*/+CCC	1	2	28.57%	1	1	37	31	0.98	1	1	0	1	0	2	+C
I	55244	T	*/-A	8	4	30.77%	2	2	36	42	0.98	1	1	7	1	3	1	-A
I	101871	A	+G/+G	0	20	90.91%	0	2	0	49	0.98	0	1	0	0	6	14	+G
I	214061	A	*/-T	25	2	7.41%	2	2	57	49	0.98	1	1	13	12	1	1	-T
I	216147	C	*/-T	11	2	14.29%	2	2	46	31	0.98	1	1	2	9	1	1	-T
I	364746	C	*/-TTTTTTTATT	12	8	40%	2	2	53	46	0.98	1	1	7	5	3	5	-TTTTTTTATT
I	414079	C	*/-T	6	2	22.22%	2	2	42	55	0.98	1	1	4	2	1	1	-T
I	453369	G	*/+A	4	2	22.22%	1	1	35	74	0.98	1	1	4	0	2	0	+A
I	456726	G	*/+T	10	2	15.38%	2	1	35	74	0.98	1	1	7	3	0	2	+T
I	470378	A	-C/-C	0	16	100%	0	2	0	41	0.98	0	1	0	0	9	7	-C
I	470390	A	-C/-C	0	17	100%	0	2	0	47	0.98	0	1	0	0	9	8	-C
I	482737	A	+G/+G	0	23	100%	0	2	0	44	0.98	0	1	0	0	11	12	+G
I	521845	T	*/-A	13	4	22.22%	2	2	42	43	0.98	1	1	6	7	3	1	-A
I	528541	C	*/+A	13	2	11.76%	2	1	46	37	0.98	1	1	11	2	2	0	+A
I	554527	A	+T/+T	0	7	100%	0	2	0	40	0.98	0	1	0	0	4	3	+T
I	562745	A	*/-T	1	3	42.86%	1	2	25	36	0.98	1	1	1	0	2	1	-T
I	670032	C	+A/+A	1	41	95.35%	1	2	74	52	0.98	1	1	1	0	22	19	+A
I	682993	T	-C/-C	0	32	100%	0	2	0	48	0.98	0	1	0	0	19	13	-C
I	765473	T	*/-C	11	2	15.38%	2	1	35	49	0.98	1	1	4	7	0	2	-C
I	765477	A	*/-T	7	4	33.33%	2	1	38	34	0.98	1	1	2	5	0	4	-T
I	783919	T	*/+G	35	2	5.41%	2	2	45	74	0.98	1	1	19	16	1	1	+G
I	837381	A	*/-T	34	2	5.56%	2	2	47	37	0.98	1	1	23	11	1	1	-T
I	851935	C	*/+T	42	3	6.67%	2	1	44	37	0.98	1	1	19	23	0	3	+T
I	862962	C	+T/+T	0	12	100%	0	2	0	47	0.98	0	1	0	0	7	5	+T
I	934607	T	*/-A	11	2	15.38%	2	2	43	55	0.98	1	1	4	7	1	1	-A
I	934908	T	*/+A	8	2	16.67%	1	2	33	31	0.98	1	1	8	0	1	1	+A
I	960025	G	*/+T	4	5	50%	1	2	46	37	0.98	1	1	4	0	3	2	+T
I	965438	C	*/+A	6	2	22.22%	2	2	36	51	0.98	1	1	5	1	1	1	+A
I	976406	C	*/+G	24	3	11.11%	2	2	46	61	0.98	1	1	10	14	2	1	+G
I	997233	G	*/-T	9	2	18.18%	2	2	42	31	0.98	1	1	6	3	1	1	-T
I	1014428	C	*/+AT	18	2	10%	2	1	43	37	0.98	1	1	9	9	2	0	+AT
I	1048635	G	+A/+A	2	11	84.62%	1	2	37	43	0.98	1	1	2	0	7	4	+A
I	1148104	A	+T/+T	1	5	83.33%	1	2	37	44	0.98	1	1	1	0	4	1	+T
I	1149938	G	*/+A	10	2	15.38%	2	1	35	37	0.98	1	1	4	6	0	2	+A
I	1150640	T	*/+A	18	2	9.52%	2	1	40	55	0.98	1	1	5	13	0	2	+A
I	1185797	G	*/-A	11	5	26.32%	2	2	38	41	0.98	1	1	9	2	3	2	-A
I	1185797	G	*/+A	11	2	10.53%	2	2	38	42	0.98	1	1	9	2	1	1	-A
I	1205930	C	*/-T	16	2	11.11%	2	1	37	49	0.98	1	1	8	8	0	2	-T
I	1206603	G	*/-T	28	4	12.5%	2	2	44	37	0.98	1	1	11	17	1	3	-T
I	1254655	T	*/-A	14	2	10.53%	2	1	44	42	0.98	1	1	10	4	2	0	-A
I	1254655	T	*/+A	14	3	15.79%	2	2	44	36	0.98	1	1	10	4	1	2	+A
I	1274803	T	+A/+A	0	11	100%	0	2	0	47	0.98	0	1	0	0	5	6	+A
I	1333654	T	*/+GG	3	2	33.33%	2	1	33	36	0.98	1	1	2	1	2	0	+GG
I	1360608	T	*/+C	10	6	35.29%	2	1	40	35	0.98	1	1	5	5	0	6	+C
I	1424708	C	-A/-A	2	12	85.71%	2	2	37	36	0.98	1	1	1	1	7	5	-A
I	1453266	C	*/-A	19	2	9.52%	2	1	53	37	0.98	1	1	6	13	2	0	-A
I	1496317	C	*/-A	7	9	47.37%	2	2	45	39	0.98	1	1	3	4	5	4	-A
I	1496317	C	*/-AA	7	3	15.79%	2	2	45	37	0.98	1	1	3	4	2	1	-A
I	1541472	G	*/-T	11	2	12.5%	2	2	44	42	0.98	1	1	9	2	1	1	-T
I	1595056	C	*/+T	6	4	33.33%	2	2	38	31	0.98	1	1	5	1	3	1	+T
I	1625092	T	+C/+C	0	12	100%	0	2	0	45	0.98	0	1	0	0	7	5	+C
I	1734477	A	*/+T	11	2	15.38%	2	1	48	31	0.98	1	1	6	5	0	2	+T
I	1765306	C	*/+A	4	2	33.33%	1	1	39	42	0.98	1	1	4	0	2	0	+A
I	1777634	A	*/-T	8	3	27.27%	2	2	32	45	0.98	1	1	6	2	1	2	-T
I	1829371	A	*/+T	8	2	20%	2	2	41	31	0.98	1	1	4	4	1	1	+T
I	1837916	G	*/-TT	4	2	25%	1	2	37	49	0.98	1	1	4	0	1	1	-TT
I	1849285	C	*/-T	19	7	24.14%	2	2	42	45	0.98	1	1	11	8	4	3	-T
I	1849285	C	*/-TT	19	2	6.9%	2	2	42	37	0.98	1	1	11	8	1	1	-T
I	1936294	G	+A/+A	0	10	100%	0	2	0	50	0.98	0	1	0	0	6	4	+A
I	1952313	A	+T/+T	1	18	94.74%	1	2	37	49	0.98	1	1	0	1	12	6	+T
I	1954162	C	*/-A	12	3	18.75%	2	2	43	53	0.98	1	1	8	4	2	1	-A
I	1955853	T	*/+A	7	3	30%	2	2	43	57	0.98	1	1	4	3	2	1	+A
I	2025000	C	*/+T	2	5	71.43%	1	1	36	51	0.98	1	1	2	0	5	0	+T
I	2052488	A	*/-T	7	9	47.37%	1	2	44	46	0.98	1	1	7	0	7	2	-T
I	2052488	A	*/-TT	7	2	10.53%	1	1	44	37	0.98	1	1	7	0	2	0	-T
I	2107362	T	*/+GTTTTGTAAGTA	11	2	15.38%	2	1	47	49	0.98	1	1	7	4	2	0	+GTTTTGTAAGTA
I	2154491	T	+A/+A	0	14	100%	0	2	0	52	0.98	0	1	0	0	6	8	+A
I	2174555	C	*/-A	4	4	44.44%	2	2	36	34	0.98	1	1	1	3	2	2	-A
I	2178948	C	*/-A	16	4	20%	2	2	43	34	0.98	1	1	11	5	3	1	-A
I	2208160	T	*/+A	29	2	6.45%	2	2	50	68	0.98	1	1	15	14	1	1	+A
I	2231735	C	*/-A	7	2	16.67%	2	2	43	37	0.98	1	1	5	2	1	1	-A
I	2231735	C	*/+A	7	2	16.67%	2	2	43	42	0.98	1	1	5	2	1	1	-A
I	2245479	T	*/+CCCCCCCC	4	2	28.57%	1	1	46	43	0.98	1	1	4	0	0	2	+CCCCCCCC
I	2273201	T	*/-A	6	2	16.67%	2	1	37	42	0.98	1	1	2	4	2	0	-A
I	2273201	T	*/-AA	6	2	16.67%	2	2	37	37	0.98	1	1	2	4	1	1	-A
I	2288240	C	-G/-G	0	25	100%	0	2	0	58	0.98	0	1	0	0	17	8	-G
I	2322636	C	*/-A	9	8	42.11%	1	1	38	36	0.98	1	1	9	0	8	0	-A
I	2322636	C	*/-AA	9	2	10.53%	1	1	38	37	0.98	1	1	9	0	2	0	-A
I	2327021	C	*/+A	9	2	16.67%	2	1	39	55	0.98	1	1	5	4	0	2	+A
I	2343703	G	+A/+A	0	5	100%	0	2	0	37	0.98	0	1	0	0	1	4	+A
I	2401096	C	*/+A	10	2	16.67%	2	1	53	42	0.98	1	1	7	3	0	2	+A
I	2416908	A	*/+G	12	2	14.29%	2	2	48	37	0.98	1	1	9	3	1	1	+G
I	2421576	A	-C/-C	1	15	93.75%	1	2	37	45	0.98	1	1	1	0	11	4	-C
I	2443651	C	*/-A	14	2	12.5%	2	2	48	55	0.98	1	1	8	6	1	1	-A
I	2499149	A	-T/-T	4	14	77.78%	1	2	43	55	0.98	1	1	4	0	7	7	-T
I	2507462	T	+A/+A	0	19	100%	0	2	0	39	0.98	0	1	0	0	15	4	+A
I	2510060	T	+A/+A	2	15	88.24%	1	2	37	48	0.98	1	1	0	2	6	9	+A
I	2520612	G	*/-T	24	4	14.29%	2	2	52	55	0.98	1	1	11	13	3	1	-T
I	2525713	C	*/-T	16	3	14.29%	2	2	43	66	0.98	1	1	12	4	1	2	-T
I	2525713	C	*/+T	16	2	9.52%	2	1	43	42	0.98	1	1	12	4	2	0	-T
I	2578262	T	*/-A	9	4	28.57%	2	2	45	64	0.98	1	1	6	3	1	3	-A
I	2588021	C	+A/+A	1	5	83.33%	1	2	37	51	0.98	1	1	0	1	2	3	+A
I	2588066	C	+A/+A	0	7	100%	0	2	0	56	0.98	0	1	0	0	4	3	+A
I	2594263	C	+T/+T	0	6	100%	0	2	0	37	0.98	0	1	0	0	2	4	+T
I	2594324	T	+A/+A	0	10	100%	0	2	0	42	0.98	0	1	0	0	5	5	+A
I	2594351	T	+A/+A	0	12	100%	0	2	0	42	0.98	0	1	0	0	7	5	+A
I	2594391	A	+T/+T	0	11	100%	0	2	0	50	0.98	0	1	0	0	7	4	+T
I	2605860	G	-T/-T	1	17	94.44%	1	2	37	41	0.98	1	1	0	1	6	11	-T
I	2607669	A	+T/+T	2	15	88.24%	2	2	37	46	0.98	1	1	1	1	7	8	+T
I	2624384	T	*/+A	18	2	10%	2	2	48	37	0.98	1	1	10	8	1	1	+A
I	2683902	T	-C/-C	0	16	100%	0	2	0	50	0.98	0	1	0	0	7	9	-C
I	2689254	A	*/-T	17	3	15%	2	2	44	61	0.98	1	1	8	9	1	2	-T
I	2747027	T	*/-A	9	7	43.75%	2	2	41	51	0.98	1	1	3	6	3	4	-A
I	2751236	T	-A/-A	2	20	83.33%	1	2	55	43	0.98	1	1	2	0	9	11	-A
I	2751236	T	*/-AA	2	2	8.33%	1	1	55	37	0.98	1	1	2	0	2	0	-A
I	2759871	T	+C/+C	1	9	75%	1	2	37	45	0.98	1	1	0	1	2	7	+C
I	2812650	C	*/+T	6	2	22.22%	2	1	51	42	0.98	1	1	5	1	2	0	+T
I	2876870	C	*/+T	11	2	14.29%	2	2	37	55	0.98	1	1	4	7	1	1	+T
I	2897634	G	*/-TA	26	2	7.14%	2	2	49	55	0.98	1	1	12	14	1	1	-TA
I	2949974	G	*/-AT	36	2	5.13%	2	2	44	55	0.98	1	1	18	18	1	1	-AT
I	3033347	C	*/-T	21	2	8%	2	1	42	62	0.98	1	1	16	5	0	2	-T
I	3033347	C	*/+T	21	2	8%	2	2	42	49	0.98	1	1	16	5	1	1	-T
I	3125118	A	+T/+T	0	8	88.89%	0	2	0	44	0.98	0	1	0	0	1	7	+T
I	3159994	C	*/-T	48	8	13.56%	2	2	42	38	0.98	1	1	39	9	5	3	-T
I	3166776	G	*/+T	2	2	14.29%	1	1	31	37	0.98	1	1	2	0	2	0	+T
I	3166776	G	*/+TT	2	4	28.57%	1	2	31	46	0.98	1	1	2	0	1	3	+TT
I	3166776	G	*/+TTT	2	5	35.71%	1	2	31	56	0.98	1	1	2	0	2	3	+TTT
I	3178494	C	+T/+T	1	20	95.24%	1	2	37	42	0.98	1	1	1	0	7	13	+T
I	3184255	T	*/-A	10	2	15.38%	2	2	40	37	0.98	1	1	2	8	1	1	-A
I	3197528	A	+G/+G	0	24	96%	0	2	0	47	0.98	0	1	0	0	17	7	+G
I	3299997	G	*/-A	21	4	14.81%	2	1	43	46	0.98	1	1	19	2	4	0	-A
I	3404990	T	*/-C	10	2	16.67%	2	1	44	55	0.98	1	1	8	2	0	2	-C
I	3404991	C	*/-T	8	2	20%	2	1	34	36	0.98	1	1	7	1	2	0	-T
I	3410124	A	*/-T	10	2	15.38%	2	2	44	37	0.98	1	1	4	6	1	1	-T
I	3450130	G	-T/-T	2	12	85.71%	2	2	55	52	0.98	1	1	1	1	6	6	-T
I	3460318	T	+C/+C	2	14	87.5%	1	2	37	46	0.98	1	1	0	2	5	9	+C
I	3477396	C	*/+A	8	2	18.18%	2	1	46	37	0.98	1	1	5	3	2	0	+A
I	3538413	A	+T/+T	1	13	92.86%	1	2	37	38	0.98	1	1	0	1	5	8	+T
I	3538428	G	+T/+T	0	16	100%	0	2	0	38	0.98	0	1	0	0	5	11	+T
I	3538436	T	+A/+A	1	15	93.75%	1	2	37	40	0.98	1	1	1	0	4	11	+A
I	3538449	T	+TA/+TA	1	16	94.12%	1	2	37	38	0.98	1	1	0	1	5	11	+TA
I	3538456	A	+AT/+AT	0	16	94.12%	0	2	0	36	0.98	0	1	0	0	5	11	+AT
I	3574271	G	*/-A	9	2	18.18%	2	1	50	55	0.98	1	1	5	4	2	0	-A
I	3576929	C	+T/+T	0	12	100%	0	2	0	41	0.98	0	1	0	0	7	5	+T
I	3609896	T	*/-A	6	4	36.36%	2	2	39	43	0.98	1	1	2	4	1	3	-A
I	3610406	T	*/+AA	4	2	33.33%	2	2	46	37	0.98	1	1	1	3	1	1	+AA
I	3665610	G	+C/+C	2	42	95.45%	2	2	37	51	0.98	1	1	1	1	18	24	+C
I	3700385	T	*/+A	1	2	18.18%	1	1	37	55	0.98	1	1	1	0	2	0	A
I	3700385	T	*/+AA	1	6	54.55%	1	2	37	41	0.98	1	1	1	0	1	5	+AA
I	3730369	A	+T/+T	2	18	90%	2	2	37	41	0.98	1	1	1	1	10	8	+T
I	3748983	T	+A/+A	1	4	80%	1	2	37	61	0.98	1	1	0	1	3	1	+A
I	3765328	C	+T/+T	1	6	85.71%	1	2	37	43	0.98	1	1	0	1	4	2	+T
I	3776933	G	*/+A	2	7	70%	2	2	42	39	0.98	1	1	1	1	1	6	+A
I	3785908	G	*/-TA	19	2	9.52%	2	1	42	37	0.98	1	1	11	8	2	0	-TA
I	3787080	C	*/-CATATTCATGTT	27	3	9.68%	2	2	50	57	0.98	1	1	11	16	2	1	-CATATTCATGTT
I	3850523	C	*/-T	15	2	10.53%	2	2	40	37	0.98	1	1	12	3	1	1	-T
I	3855790	G	-T/-T	2	16	88.89%	1	2	37	47	0.98	1	1	0	2	10	6	-T
I	3870142	A	*/-C	4	3	30%	2	1	46	70	0.98	1	1	1	3	0	3	-C
I	3870142	A	*/+C	4	2	20%	2	1	46	31	0.98	1	1	1	3	2	0	-C
I	3898271	C	*/+A	20	2	8.7%	2	2	56	55	0.98	1	1	9	11	1	1	+A
I	3940025	G	+T/+T	0	16	94.12%	0	2	0	55	0.98	0	1	0	0	5	11	+T
I	3984736	A	*/-GGT	89	7	7.29%	2	1	47	37	0.98	1	1	25	64	0	7	-GGT
I	3992212	A	*/-AC	9	3	25%	2	1	36	45	0.98	1	1	1	8	0	3	-AC
I	3992213	A	*/-C	6	2	25%	1	1	36	37	0.98	1	1	0	6	0	2	-C
I	3992546	C	*/+T	13	3	18.75%	2	2	50	49	0.98	1	1	6	7	2	1	+T
I	4004016	G	*/-T	7	4	28.57%	2	2	47	37	0.98	1	1	4	3	2	2	-T
I	4004016	G	*/-TT	7	2	14.29%	2	2	47	74	0.98	1	1	4	3	1	1	-T
I	4005819	C	*/-A	14	3	16.67%	2	2	46	45	0.98	1	1	8	6	1	2	-A
I	4009704	C	*/+GTTGGTGGTACCAGTGGA	14	11	44%	2	2	44	40	0.98	1	1	8	6	7	4	+GTTGGTGGTACCAGTGGA
I	4010237	A	*/-G	6	3	30%	2	1	53	37	0.98	1	1	3	3	3	0	-G
I	4055052	T	*/+A	3	11	73.33%	2	2	37	46	0.98	1	1	1	2	7	4	+A
I	4098272	C	*/-T	18	2	9.52%	2	2	41	55	0.98	1	1	13	5	1	1	-T
I	4137001	T	*/-A	22	2	8.33%	2	2	43	37	0.98	1	1	17	5	1	1	-A
I	4153651	C	*/-T	4	2	25%	2	2	37	61	0.98	1	1	3	1	1	1	-T
I	4153651	C	*/+T	4	2	25%	2	1	37	37	0.98	1	1	3	1	2	0	-T
I	4241118	G	*/+A	15	2	10.53%	2	1	38	37	0.98	1	1	10	5	2	0	+A
I	4276890	G	+T/+T	2	9	75%	1	2	74	41	0.98	1	1	2	0	4	5	+T
I	4294954	T	*/+G	11	21	60%	2	2	49	43	0.98	1	1	4	7	6	15	+G
I	4304169	G	+A/+A	0	11	100%	0	2	0	37	0.98	0	1	0	0	4	7	+A
I	4374342	A	-G/-G	1	27	96.43%	1	2	37	49	0.98	1	1	1	0	19	8	-G
I	4386268	G	*/-A	2	2	40%	2	1	51	42	0.98	1	1	1	1	2	0	-A
I	4407494	T	+G/+G	0	28	100%	0	2	0	49	0.98	0	1	0	0	13	15	+G
I	4410191	C	-G/-G	1	7	87.5%	1	2	25	47	0.98	1	1	1	0	5	2	-G
I	4414201	C	*/-T	1	5	55.56%	1	2	48	32	0.98	1	1	1	0	4	1	-T
I	4414201	C	*/-TT	1	2	22.22%	1	1	48	36	0.98	1	1	1	0	0	2	-T
I	4431856	G	+A/+A	1	32	96.97%	1	2	74	45	0.98	1	1	1	0	16	16	+A
I	4431868	C	+A/+A	0	30	96.77%	0	2	0	44	0.98	0	1	0	0	16	14	+A
I	4442621	A	*/-AT	22	2	8%	2	1	53	55	0.98	1	1	14	8	0	2	-AT
I	4455149	G	*/+A	4	3	42.86%	2	1	32	37	0.98	1	1	2	2	3	0	+A
I	4458392	A	*/-T	12	2	14.29%	2	1	45	74	0.98	1	1	5	7	0	2	-T
I	4502467	A	*/-C	17	2	10.53%	2	2	41	37	0.98	1	1	11	6	1	1	-C
I	4507370	C	*/+A	11	4	26.67%	2	1	47	43	0.98	1	1	5	6	0	4	+A
I	4514478	T	*/-AA	3	3	33.33%	2	1	49	49	0.98	1	1	2	1	3	0	-AA
I	4514478	T	*/+A	3	2	22.22%	2	1	49	37	0.98	1	1	2	1	2	0	-AA
I	4527621	G	*/-T	6	2	25%	2	2	35	37	0.98	1	1	2	4	1	1	-T
I	4533252	C	*/-T	8	2	18.18%	2	1	46	55	0.98	1	1	3	5	0	2	-T
I	4648159	T	*/-G	11	11	45.83%	2	2	42	38	0.98	1	1	6	5	5	6	-G
I	4648159	T	*/-GG	11	2	8.33%	2	2	42	55	0.98	1	1	6	5	1	1	-G
I	4721875	G	+A/+A	0	9	100%	0	2	0	57	0.98	0	1	0	0	5	4	+A
I	4764253	G	+A/+A	3	12	80%	2	2	53	46	0.98	1	1	2	1	10	2	+A
I	4768547	T	*/+C	25	4	13.79%	2	2	54	46	0.98	1	1	12	13	2	2	+C
I	4786701	G	+A/+A	1	7	87.5%	1	2	74	42	0.98	1	1	0	1	3	4	+A
I	4882281	C	*/+T	3	7	70%	1	2	61	42	0.98	1	1	3	0	2	5	+T
I	4916623	C	*/-A	6	3	25%	2	1	43	57	0.98	1	1	1	5	0	3	-A
I	4926046	C	*/+T	7	5	41.67%	1	1	34	37	0.98	1	1	7	0	5	0	+T
I	4934297	C	*/-TA	18	3	14.29%	2	2	48	37	0.98	1	1	9	9	2	1	-TA
I	4972287	C	*/-A	22	7	24.14%	2	2	43	42	0.98	1	1	12	10	3	4	-A
I	4984784	A	*/-T	5	4	36.36%	2	1	34	39	0.98	1	1	3	2	4	0	-T
I	5002717	C	*/+A	10	2	15.38%	2	1	44	55	0.98	1	1	7	3	2	0	+A
I	5008438	C	*/+A	13	2	13.33%	2	1	45	55	0.98	1	1	7	6	0	2	+A
I	5013464	A	*/+GT	18	2	10%	2	2	49	37	0.98	1	1	12	6	1	1	+GT
I	5037093	C	*/+A	27	3	9.68%	2	2	42	33	0.98	1	1	13	14	2	1	+A
I	5055030	G	*/-A	21	2	8.7%	2	2	44	37	0.98	1	1	6	15	1	1	-A
I	5060109	A	*/-T	8	2	14.29%	2	1	49	55	0.98	1	1	5	3	2	0	-T
I	5060109	A	*/+T	8	4	28.57%	2	2	49	34	0.98	1	1	5	3	2	2	+T
I	5142627	A	+G/+G	1	15	93.75%	1	2	37	51	0.98	1	1	1	0	3	12	+G
I	5148414	T	-A/-A	0	20	100%	0	2	0	41	0.98	0	1	0	0	9	11	-A
I	5155608	C	*/-AA	3	2	28.57%	2	2	37	37	0.98	1	1	1	2	1	1	-AA
I	5159554	C	*/-T	24	2	7.41%	2	2	42	49	0.98	1	1	8	16	1	1	-T
I	5173087	C	+T/+T	2	14	87.5%	2	2	55	43	0.98	1	1	1	1	5	9	+T
I	5173430	G	*/+T	4	10	58.82%	2	2	49	45	0.98	1	1	2	2	8	2	+T
I	5173430	G	*/+TT	4	3	17.65%	2	2	49	49	0.98	1	1	2	2	2	1	+T
I	5176926	T	+A/+A	2	9	81.82%	1	2	31	41	0.98	1	1	0	2	7	2	+A
I	5177760	A	*/+T	11	3	17.65%	2	2	48	53	0.98	1	1	6	5	2	1	+T
I	5201984	A	*/-AT	24	2	7.69%	2	2	43	37	0.98	1	1	8	16	1	1	-AT
I	5352025	G	*/-T	18	2	10%	2	1	43	37	0.98	1	1	15	3	0	2	-T
I	5360243	A	*/+T	28	3	9.68%	2	2	52	37	0.98	1	1	10	18	1	2	+T
I	5368262	T	-C/-C	2	39	95.12%	1	2	55	47	0.98	1	1	0	2	21	18	-C
I	5368273	G	+T/+T	1	39	95.12%	1	2	37	47	0.98	1	1	0	1	17	22	+T
I	5426622	C	+T/+T	1	10	90.91%	1	2	36	34	0.98	1	1	1	0	7	3	+T
I	5435210	C	*/-T	14	2	12.5%	2	1	46	55	0.98	1	1	5	9	0	2	-T
I	5509333	T	*/-A	12	2	14.29%	2	2	61	74	0.98	1	1	7	5	1	1	-A
I	5547223	T	*/-A	8	5	35.71%	2	2	43	42	0.98	1	1	6	2	3	2	-A
I	5567937	C	*/-A	14	4	20%	2	1	51	37	0.98	1	1	5	9	4	0	-A
I	5569273	C	*/+A	19	2	9.52%	2	2	46	37	0.98	1	1	12	7	1	1	+A
I	5572022	A	*/-T	23	2	8%	2	1	49	37	0.98	1	1	6	17	0	2	-T
I	5573140	A	*/-ACAC	8	2	20%	2	1	49	37	0.98	1	1	2	6	2	0	-ACAC
I	5576850	T	*/-AA	6	4	40%	2	2	37	37	0.98	1	1	5	1	3	1	-AA
II	4117	A	*/+C	29	2	6.45%	2	2	47	36	0.98	1	1	17	12	1	1	+C
II	5109	A	*/+C	48	3	5.88%	2	2	49	49	0.98	1	1	17	31	1	2	+C
II	23556	T	*/-G	4	2	33.33%	2	1	43	37	0.98	1	1	3	1	0	2	-G
II	46913	T	*/-A	9	2	14.29%	1	1	36	37	0.98	1	1	9	0	2	0	-A
II	92671	T	*/+A	28	2	6.67%	2	1	49	74	0.98	1	1	16	12	0	2	+A
II	112043	C	*/-TG	38	2	5%	2	2	51	74	0.98	1	1	19	19	1	1	-TG
II	112047	T	*/+CG	38	2	5%	2	2	51	74	0.98	1	1	19	19	1	1	+CG
II	128001	T	-A/-A	0	10	100%	0	2	0	45	0.98	0	1	0	0	4	6	-A
II	132700	A	*/+G	6	7	53.85%	2	2	34	42	0.98	1	1	2	4	2	5	+G
II	146079	T	-C/-C	2	16	88.89%	2	2	55	46	0.98	1	1	1	1	9	7	-C
II	201022	A	*/-T	12	3	20%	2	1	49	45	0.98	1	1	3	9	0	3	-T
II	229897	A	*/-T	20	6	20.69%	2	2	39	57	0.98	1	1	14	6	4	2	-T
II	229897	A	*/-TT	20	2	6.9%	2	2	39	49	0.98	1	1	14	6	1	1	-T
II	329931	T	*/+G	9	2	18.18%	2	1	49	55	0.98	1	1	2	7	0	2	+G
II	355467	A	*/-AT	22	2	8.33%	2	2	43	55	0.98	1	1	5	17	1	1	-AT
II	376034	C	*/-T	18	2	9.52%	2	1	53	55	0.98	1	1	9	9	0	2	-T
II	516071	T	*/-A	5	2	18.18%	1	1	44	37	0.98	1	1	5	0	0	2	-A
II	516071	T	*/+A	5	4	36.36%	1	2	44	64	0.98	1	1	5	0	2	2	+A
II	522800	G	*/+A	1	11	73.33%	1	2	37	52	0.98	1	1	1	0	7	4	+A
II	526957	C	*/-GTGTGT	34	2	5.56%	2	2	46	31	0.98	1	1	16	18	1	1	-GTGTGT
II	561064	T	*/-A	4	3	42.86%	2	2	49	37	0.98	1	1	2	2	2	1	-A
II	602525	T	*/+A	6	6	50%	2	2	55	43	0.98	1	1	3	3	3	3	+A
II	603279	A	-T/-T	0	8	100%	0	2	0	41	0.98	0	1	0	0	3	5	-T
II	603305	A	-C/-C	0	8	100%	0	2	0	41	0.98	0	1	0	0	3	5	-C
II	673086	G	*/-A	10	2	12.5%	2	1	44	37	0.98	1	1	8	2	2	0	-A
II	673086	G	*/-AA	10	2	12.5%	2	1	44	37	0.98	1	1	8	2	2	0	-A
II	673086	G	*/+A	10	2	12.5%	2	1	44	37	0.98	1	1	8	2	2	0	-A
II	673772	T	*/-A	9	2	18.18%	2	1	49	37	0.98	1	1	7	2	2	0	-A
II	700009	T	*/-A	4	8	66.67%	2	2	46	55	0.98	1	1	2	2	2	6	-A
II	716295	G	*/-T	13	3	17.65%	2	1	42	40	0.98	1	1	11	2	3	0	-T
II	743971	A	*/+T	28	2	6.67%	2	1	54	55	0.98	1	1	20	8	2	0	+T
II	753854	A	*/-T	5	4	36.36%	2	2	44	36	0.98	1	1	4	1	3	1	-T
II	756993	C	*/-T	9	5	33.33%	2	2	43	42	0.98	1	1	5	4	2	3	-T
II	794278	G	*/-CTT	23	2	8%	2	1	46	37	0.98	1	1	10	13	0	2	-CTT
II	819795	T	*/+C	18	3	13.64%	2	2	46	49	0.98	1	1	13	5	2	1	+C
II	845911	C	+A/+A	0	13	92.86%	0	2	0	46	0.98	0	1	0	0	8	5	+A
II	847457	G	*/-A	5	2	28.57%	2	1	37	37	0.98	1	1	4	1	2	0	-A
II	888599	A	-C/-C	0	5	100%	0	2	0	34	0.98	0	1	0	0	2	3	-C
II	889921	C	*/-T	9	2	16.67%	1	1	35	37	0.98	1	1	9	0	2	0	-T
II	890288	G	*/-A	8	2	18.18%	2	1	41	37	0.98	1	1	5	3	2	0	-A
II	903106	G	+T/+T	0	22	100%	0	2	0	45	0.98	0	1	0	0	10	12	+T
II	948303	T	*/-A	15	3	15%	2	2	58	61	0.98	1	1	6	9	1	2	-A
II	1019510	T	-A/-A	1	5	83.33%	1	2	37	49	0.98	1	1	1	0	1	4	-A
II	1059118	T	*/-A	12	2	12.5%	2	1	49	49	0.98	1	1	3	9	0	2	-A
II	1059118	T	*/+A	12	2	12.5%	2	2	49	55	0.98	1	1	3	9	1	1	-A
II	1069791	C	*/-A	19	2	8.7%	2	1	54	37	0.98	1	1	13	6	2	0	-A
II	1069791	C	*/+A	19	2	8.7%	2	2	54	37	0.98	1	1	13	6	1	1	-A
II	1079843	T	+A/+A	0	10	100%	0	2	0	46	0.98	0	1	0	0	2	8	+A
II	1122580	C	*/-T	23	3	11.54%	2	1	47	45	0.98	1	1	11	12	0	3	-T
II	1151387	C	*/+T	33	2	5.56%	2	1	41	55	0.98	1	1	7	26	2	0	+T
II	1156029	A	*/-AT	9	2	18.18%	2	2	49	37	0.98	1	1	3	6	1	1	-AT
II	1163154	A	-T/-T	0	11	100%	0	2	0	49	0.98	0	1	0	0	3	8	-T
II	1171363	T	*/-A	12	2	14.29%	2	1	52	37	0.98	1	1	8	4	2	0	-A
II	1243365	G	*/-T	14	4	22.22%	2	2	56	43	0.98	1	1	4	10	2	2	-T
II	1266289	T	+A/+A	0	4	100%	0	1	0	61	0.98	0	1	0	0	4	0	+A
II	1266955	G	*/-GA	38	2	5%	2	1	47	74	0.98	1	1	22	16	0	2	-GA
II	1277481	G	*/+TT	3	2	33.33%	1	1	33	42	0.98	1	1	3	0	2	0	+TT
II	1308618	G	-T/-T	1	19	95%	1	2	37	44	0.98	1	1	0	1	10	9	-T
II	1318785	C	*/-T	11	2	15.38%	2	1	52	37	0.98	1	1	8	3	2	0	-T
II	1325549	T	+A/+A	0	6	100%	0	2	0	45	0.98	0	1	0	0	3	3	+A
II	1349040	A	*/+T	6	3	30%	2	2	43	37	0.98	1	1	4	2	2	1	+T
II	1365999	G	*/-T	11	9	45%	2	2	43	49	0.98	1	1	8	3	4	5	-T
II	1389139	C	*/-T	1	2	28.57%	1	1	37	37	0.98	1	1	1	0	2	0	-T
II	1389139	C	*/+T	1	2	28.57%	1	1	37	55	0.98	1	1	1	0	2	0	-T
II	1389139	C	*/+TT	1	2	28.57%	1	2	37	37	0.98	1	1	1	0	1	1	-T
II	1467485	C	*/-T	9	5	29.41%	2	2	48	39	0.98	1	1	2	7	3	2	-T
II	1467485	C	*/+T	9	2	11.76%	2	1	48	49	0.98	1	1	2	7	0	2	-T
II	1520665	T	*/-A	8	2	20%	2	1	44	37	0.98	1	1	3	5	2	0	-A
II	1545027	C	*/-A	6	2	25%	2	2	43	48	0.98	1	1	2	4	1	1	-A
II	1555919	A	*/+TTTATT	3	8	72.73%	2	2	49	46	0.98	1	1	2	1	2	6	+TTTATT
II	1610504	A	*/+G	36	3	7.69%	2	2	43	61	0.98	1	1	21	15	2	1	+G
II	1612985	A	*/+ATAATGATAATG	15	2	11.76%	2	1	43	37	0.98	1	1	8	7	2	0	+ATAATGATAATG
II	1627981	C	*/-T	10	3	20%	2	2	45	45	0.98	1	1	5	5	2	1	-T
II	1627981	C	*/-TT	10	2	13.33%	2	1	45	30	0.98	1	1	5	5	0	2	-T
II	1637375	T	*/+C	42	3	6.67%	2	2	47	49	0.98	1	1	14	28	1	2	+C
II	1678205	T	-A/-A	0	5	100%	0	2	0	42	0.98	0	1	0	0	4	1	-A
II	1716256	G	*/+T	10	4	26.67%	2	2	47	55	0.98	1	1	5	5	3	1	+T
II	1716287	T	*/-G	15	3	16.67%	2	1	49	57	0.98	1	1	6	9	0	3	-G
II	1722036	C	*/-A	16	2	11.11%	2	2	48	55	0.98	1	1	12	4	1	1	-A
II	1747580	T	+A/+A	3	10	76.92%	2	2	49	44	0.98	1	1	1	2	4	6	+A
II	1748646	G	*/-AAA	6	2	22.22%	1	1	36	42	0.98	1	1	6	0	2	0	-AAA
II	1763419	T	*/-A	15	2	10.53%	2	1	40	74	0.98	1	1	10	5	0	2	-A
II	1763419	T	*/+A	15	2	10.53%	2	2	40	37	0.98	1	1	10	5	1	1	-A
II	1861420	T	-G/-G	1	33	97.06%	1	2	37	49	0.98	1	1	0	1	23	10	-G
II	1867795	A	+T/+T	2	11	84.62%	2	2	55	49	0.98	1	1	1	1	4	7	+T
II	1868122	G	*/-T	2	2	20%	1	2	37	42	0.98	1	1	2	0	1	1	-T
II	1868122	G	*/+T	2	5	50%	1	2	37	39	0.98	1	1	2	0	4	1	+T
II	1873779	T	*/+A	3	10	71.43%	1	2	37	39	0.98	1	1	0	3	6	4	+A
II	1877294	A	+T/+T	1	11	91.67%	1	2	37	47	0.98	1	1	0	1	9	2	+T
II	1888793	C	*/-A	18	2	9.52%	2	1	45	37	0.98	1	1	11	7	2	0	-A
II	1941966	A	+T/+T	2	22	91.67%	1	2	49	56	0.98	1	1	2	0	12	10	+T
II	1941982	A	+T/+T	0	24	100%	0	2	0	52	0.98	0	1	0	0	11	13	+T
II	1948953	G	-A/-A	0	22	100%	0	2	0	42	0.98	0	1	0	0	13	9	-A
II	1950050	A	+G/+G	0	19	100%	0	2	0	54	0.98	0	1	0	0	10	9	+G
II	1953298	C	*/-CT	27	2	6.9%	2	1	42	31	0.98	1	1	12	15	0	2	-CT
II	1955495	T	+A/+A	2	12	80%	1	2	55	51	0.98	1	1	2	0	5	7	+A
II	1960392	A	+G/+G	0	11	100%	0	2	0	42	0.98	0	1	0	0	4	7	+G
II	1987101	C	-G/-G	0	13	100%	0	2	0	52	0.98	0	1	0	0	7	6	-G
II	1987117	T	-G/-G	0	13	100%	0	2	0	57	0.98	0	1	0	0	7	6	-G
II	2022968	A	*/+T	4	2	33.33%	2	1	46	43	0.98	1	1	2	2	0	2	+T
II	2049891	A	-T/-T	1	17	94.44%	1	2	48	47	0.98	1	1	0	1	9	8	-T
II	2053516	G	+C/+C	1	18	94.74%	1	2	37	53	0.98	1	1	1	0	7	11	+C
II	2108180	T	+A/+A	2	14	87.5%	2	2	68	42	0.98	1	1	1	1	9	5	+A
II	2115422	T	*/+A	33	5	13.16%	2	2	48	42	0.98	1	1	17	16	1	4	+A
II	2147726	G	+T/+T	1	18	94.74%	1	2	74	47	0.98	1	1	1	0	9	9	+T
II	2150977	A	*/-C	16	2	11.11%	2	2	51	37	0.98	1	1	10	6	1	1	-C
II	2187407	G	+A/+A	2	13	86.67%	2	2	55	46	0.98	1	1	1	1	8	5	+A
II	2197587	C	*/-A	3	2	25%	2	2	37	55	0.98	1	1	2	1	1	1	-A
II	2197587	C	*/-AA	3	2	25%	2	2	37	55	0.98	1	1	2	1	1	1	-A
II	2198945	G	*/-CACA	13	2	12.5%	2	2	50	55	0.98	1	1	4	9	1	1	-CACA
II	2219928	A	+T/+T	1	17	89.47%	1	2	48	41	0.98	1	1	1	0	7	10	+T
II	2265291	A	*/+T	14	2	12.5%	2	2	44	74	0.98	1	1	11	3	1	1	+T
II	2265464	T	*/-TA	17	3	15%	2	2	47	49	0.98	1	1	6	11	1	2	-TA
II	2293297	G	-A/-A	0	11	100%	0	2	0	53	0.98	0	1	0	0	6	5	-A
II	2338528	G	*/+A	10	2	16.67%	2	1	35	37	0.98	1	1	9	1	2	0	+A
II	2443175	A	*/-T	8	2	16.67%	1	1	37	36	0.98	1	1	8	0	2	0	-T
II	2443175	A	*/-TTT	8	2	16.67%	1	1	37	37	0.98	1	1	8	0	2	0	-T
II	2443873	T	*/+AA	8	3	23.08%	2	2	41	40	0.98	1	1	7	1	2	1	+AA
II	2527996	C	*/-T	4	2	28.57%	2	1	34	37	0.98	1	1	1	3	2	0	-T
II	2552673	G	*/+T	6	2	22.22%	2	1	43	42	0.98	1	1	5	1	2	0	+T
II	2591913	T	*/-A	7	2	20%	2	2	43	37	0.98	1	1	5	2	1	1	-A
II	2592423	T	+A/+A	2	16	88.89%	1	2	74	47	0.98	1	1	2	0	7	9	+A
II	2612668	A	*/-T	15	3	16.67%	2	2	46	61	0.98	1	1	10	5	2	1	-T
II	2630607	C	*/+A	3	10	71.43%	2	2	49	41	0.98	1	1	1	2	1	9	+A
II	2640785	T	*/+A	5	10	58.82%	2	2	49	46	0.98	1	1	2	3	6	4	+A
II	2640785	T	*/+AA	5	2	11.76%	2	2	49	49	0.98	1	1	2	3	1	1	+A
II	2647497	C	*/-T	7	2	18.18%	2	2	38	37	0.98	1	1	4	3	1	1	-T
II	2647497	C	*/-TT	7	2	18.18%	2	2	38	31	0.98	1	1	4	3	1	1	-T
II	2650243	G	*/-A	22	3	11.54%	2	2	47	53	0.98	1	1	12	10	1	2	-A
II	2702173	G	*/-TA	15	2	11.76%	2	2	54	37	0.98	1	1	7	8	1	1	-TA
II	2709414	G	+C/+C	2	17	89.47%	2	2	37	58	0.98	1	1	1	1	10	7	+C
II	2720152	T	*/-A	17	3	15%	2	2	47	61	0.98	1	1	5	12	1	2	-A
II	2739968	C	*/+T	5	7	58.33%	2	2	47	45	0.98	1	1	3	2	5	2	+T
II	2755338	C	*/-AT	7	9	50%	2	2	36	45	0.98	1	1	1	6	4	5	-AT
II	2788933	C	+G/+G	0	28	96.55%	0	2	0	46	0.98	0	1	0	0	20	8	+G
II	2798040	C	-T/-T	1	21	95.45%	1	2	37	45	0.98	1	1	1	0	6	15	-T
II	2798514	A	-G/-G	1	15	93.75%	1	2	62	41	0.98	1	1	1	0	6	9	-G
II	2811495	C	-A/-A	0	20	100%	0	2	0	45	0.98	0	1	0	0	9	11	-A
II	2826100	G	*/-A	17	2	10.53%	2	2	37	37	0.98	1	1	14	3	1	1	-A
II	2886189	T	*/+A	16	5	23.81%	2	1	46	49	0.98	1	1	14	2	5	0	+A
II	2894538	T	*/-A	8	2	18.18%	2	1	38	49	0.98	1	1	5	3	0	2	-A
II	2900889	A	*/-T	7	2	20%	2	1	36	55	0.98	1	1	5	2	2	0	-T
II	2938956	C	+T/+T	0	11	91.67%	0	2	0	50	0.98	0	1	0	0	5	6	+T
II	3010975	G	*/+T	10	26	70.27%	2	2	44	51	0.98	1	1	2	8	10	16	+T
II	3040332	C	+G/+G	0	26	96.3%	0	2	0	47	0.98	0	1	0	0	11	15	+G
II	3069119	C	*/+A	28	2	6.45%	2	2	47	31	0.98	1	1	12	16	1	1	+A
II	3154052	G	*/+T	13	2	13.33%	2	2	43	42	0.98	1	1	11	2	1	1	+T
II	3171788	G	*/-A	5	2	15.38%	1	1	35	37	0.98	1	1	5	0	2	0	-A
II	3171788	G	*/+A	5	4	30.77%	1	2	35	46	0.98	1	1	5	0	2	2	+A
II	3235658	T	*/+A	3	8	72.73%	1	2	37	44	0.98	1	1	0	3	5	3	+A
II	3253453	C	*/+T	3	3	33.33%	2	2	41	40	0.98	1	1	1	2	2	1	+T
II	3282373	T	*/-A	14	2	12.5%	2	1	40	49	0.98	1	1	11	3	2	0	-A
II	3364403	C	*/+TATT	16	2	11.11%	2	2	46	37	0.98	1	1	6	10	1	1	+TATT
II	3380128	C	*/-T	5	2	22.22%	2	1	42	37	0.98	1	1	3	2	2	0	-T
II	3487895	G	*/+TATTTTATTT	16	2	10%	2	1	45	37	0.98	1	1	9	7	2	0	+TATTTTATTT
II	3509251	T	*/-A	9	3	25%	2	2	43	57	0.98	1	1	4	5	2	1	-A
II	3512925	C	*/-T	5	2	28.57%	1	1	42	37	0.98	1	1	5	0	2	0	-T
II	3514786	C	*/-T	15	3	16.67%	2	1	41	66	0.98	1	1	7	8	3	0	-T
II	3540057	A	*/-T	14	7	33.33%	2	2	49	54	0.98	1	1	6	8	4	3	-T
II	3619003	A	+G/+G	4	28	84.85%	1	2	46	46	0.98	1	1	0	4	12	16	+G
II	3621704	A	*/-T	12	6	33.33%	2	2	47	51	0.98	1	1	6	6	1	5	-T
II	3715149	G	*/+A	3	3	42.86%	1	1	33	49	0.98	1	1	3	0	3	0	+A
II	3815025	C	*/-T	4	3	42.86%	1	2	36	57	0.98	1	1	4	0	1	2	-T
II	3838101	C	*/-A	4	6	60%	1	2	44	33	0.98	1	1	4	0	3	3	-A
II	3838912	T	*/-A	10	3	21.43%	2	1	39	49	0.98	1	1	2	8	0	3	-A
II	3860185	C	*/-TAGTA	13	15	44.12%	2	2	50	39	0.98	1	1	2	11	11	4	-TAGTA
II	3861514	C	*/+GG	0	2	50%	0	1	0	42	0.98	0	1	0	0	2	0	+GG
II	3869342	A	*/-AT	17	3	15%	2	2	44	37	0.98	1	1	9	8	1	2	-AT
II	3933716	C	*/+A	22	2	8.33%	2	2	49	61	0.98	1	1	12	10	1	1	+A
II	3954039	C	*/-T	17	4	16.67%	2	2	41	52	0.98	1	1	12	5	1	3	-T
II	3975235	C	*/-A	12	5	19.23%	2	2	41	44	0.98	1	1	11	1	3	2	-A
II	3975235	C	*/-AA	12	3	11.54%	2	2	41	53	0.98	1	1	11	1	1	2	-A
II	3975235	C	*/+A	12	4	15.38%	2	2	41	37	0.98	1	1	11	1	3	1	+A
II	4107253	G	*/+TTT	1	2	33.33%	1	2	37	37	0.98	1	1	1	0	1	1	+TTT
II	4108814	G	*/-TA	36	9	20%	2	2	43	57	0.98	1	1	12	24	6	3	-TA
II	4254960	G	-A/-A	0	21	100%	0	2	0	49	0.98	0	1	0	0	10	11	-A
II	4264124	C	*/+TGA	30	2	6.25%	2	2	45	37	0.98	1	1	18	12	1	1	+TGA
II	4308414	C	*/+A	4	12	63.16%	2	2	46	47	0.98	1	1	3	1	7	5	+A
II	4343817	T	*/-A	10	2	15.38%	2	1	50	37	0.98	1	1	4	6	2	0	-A
II	4419921	T	*/+A	5	3	37.5%	1	2	51	45	0.98	1	1	5	0	1	2	+A
II	4423650	T	-GTTGG/-GTTGG	2	11	84.62%	1	2	55	37	0.98	1	1	2	0	8	3	-GTTGG
II	4423656	A	+AAACT/+AAACT	1	10	90.91%	1	2	74	37	0.98	1	1	1	0	7	3	+AAACT
II	4462508	C	*/-A	6	2	22.22%	2	2	55	42	0.98	1	1	5	1	1	1	-A
II	4507813	A	*/+G	33	2	5.56%	2	2	49	74	0.98	1	1	25	8	1	1	+G
II	4516248	T	*/+TCTATCTGTTTC	20	3	12.5%	2	1	44	33	0.98	1	1	17	3	3	0	+TCTATCTGTTTC
II	4517047	T	*/+TACTCATC	43	14	23.73%	2	2	49	50	0.98	1	1	27	16	10	4	+TACTCATC
II	4525340	G	*/-T	26	4	10.26%	2	2	40	46	0.98	1	1	15	11	2	2	-T
II	4525340	G	*/+T	26	8	20.51%	2	2	40	41	0.98	1	1	15	11	5	3	+T
II	4526174	A	*/-T	11	3	21.43%	1	1	55	40	0.98	1	1	11	0	3	0	-T
II	4526843	C	*/-TT	8	3	21.43%	2	2	43	37	0.98	1	1	5	3	1	2	-TT
II	4528465	C	*/+GACAAT	28	4	12.5%	2	2	50	37	0.98	1	1	11	17	1	3	+GACAAT
II	4529375	T	*/+ACAACGACAACGACAACG	40	4	7.84%	2	1	47	37	0.98	1	1	24	16	4	0	+ACAACGACAACGACAACG
II	4529375	T	*/+ACAACGACAACGACAACGACAACG	40	7	13.73%	2	2	47	34	0.98	1	1	24	16	6	1	+ACAACGACAACGACAACGACAACG
II	4532048	G	*/+TTGGTA	60	5	7.69%	2	2	49	37	0.98	1	1	32	28	4	1	+TTGGTA
II	4533588	C	*/-T	51	23	31.08%	2	2	42	44	0.98	1	1	28	23	10	13	-T
II	4534880	A	*/-T	64	16	20%	2	2	48	43	0.98	1	1	27	37	7	9	-T
II	4535523	T	*/+GTTACG	146	30	17.05%	2	2	46	42	0.98	1	1	45	101	6	24	+GTTACG
II	4535548	A	*/-TATGTG	151	21	12.14%	2	2	46	52	0.98	1	1	64	87	6	15	-TATGTG
II	4535645	G	*/-T	101	24	19.05%	2	2	52	56	0.98	1	1	60	41	13	11	-T
II	4536728	A	*/+GAGAGTAGG	136	17	10.3%	2	2	46	51	0.98	1	1	61	75	8	9	+GAGAGTAGG
II	4537213	G	*/+T	76	66	46.48%	2	2	55	53	0.98	1	1	40	36	37	29	+T
II	4537387	A	*/-AATAAGAG	53	61	53.51%	2	2	50	44	0.98	1	1	33	20	39	22	-AATAAGAG
II	4537665	G	*/+AAATA	32	7	17.5%	2	2	48	39	0.98	1	1	20	12	3	4	+AAATA
II	4537712	T	*/-AAATAAAATTAATG	22	7	24.14%	2	2	41	37	0.98	1	1	12	10	3	4	-AAATAAAATTAATG
II	4539204	G	*/-ATAGGTAGAATAAGTAAAGCAGAATAGGTAGA	138	10	6.76%	2	2	45	34	0.98	1	1	58	80	8	2	-ATAGGTAGAATAAGTAAAGCAGAATAGGTAGA
III	4729	A	*/-T	17	2	10%	2	1	41	68	0.98	1	1	11	6	0	2	-T
III	4952	C	*/+T	24	74	71.15%	2	2	48	48	0.98	1	1	17	7	26	48	+T
III	9812	T	*/+A	20	37	62.71%	2	2	42	43	0.98	1	1	18	2	1	36	+A
III	12428	G	*/-AA	2	3	60%	1	1	37	45	0.98	1	1	0	2	0	3	-AA
III	15595	A	*/-C	52	4	7.14%	2	1	49	55	0.98	1	1	33	19	0	4	-C
III	15822	C	+T/+T	18	72	77.42%	2	2	51	47	0.98	1	1	14	4	23	49	+T
III	16273	C	*/-T	110	8	6.67%	2	2	44	54	0.98	1	1	65	45	6	2	-T
III	16355	A	*/+C	8	2	20%	2	1	50	37	0.98	1	1	2	6	0	2	+C
III	20682	T	*/+A	12	26	65%	2	1	49	40	0.98	1	1	10	2	0	26	+A
III	38855	A	*/-AT	22	2	8.33%	2	2	48	55	0.98	1	1	14	8	1	1	-AT
III	69589	T	*/-A	10	2	16.67%	2	1	44	42	0.98	1	1	3	7	2	0	-A
III	116688	T	*/-G	21	2	8.7%	2	2	54	37	0.98	1	1	8	13	1	1	-G
III	138018	C	*/+A	14	4	21.05%	2	2	45	39	0.98	1	1	9	5	2	2	+A
III	207168	T	*/-A	4	2	28.57%	2	1	49	37	0.98	1	1	2	2	2	0	-A
III	208140	C	*/-A	6	4	30.77%	1	1	35	46	0.98	1	1	6	0	4	0	-A
III	209315	A	*/+T	18	2	10%	2	2	35	37	0.98	1	1	14	4	1	1	+T
III	234982	C	*/+A	27	2	6.67%	2	2	53	61	0.98	1	1	14	13	1	1	+A
III	237048	G	*/+A	13	2	13.33%	1	1	39	37	0.98	1	1	13	0	2	0	+A
III	253907	A	*/-T	2	3	37.5%	2	2	49	40	0.98	1	1	1	1	2	1	-T
III	253907	A	*/+T	2	2	25%	2	1	49	55	0.98	1	1	1	1	0	2	-T
III	286478	C	-TT/-TT	0	5	100%	0	2	0	52	0.98	0	1	0	0	4	1	-TT
III	286594	T	*/+A	8	4	30.77%	2	2	37	39	0.98	1	1	7	1	3	1	+A
III	293096	G	*/-T	12	3	15.79%	2	2	38	70	0.98	1	1	10	2	1	2	-T
III	293096	G	*/-TT	12	2	10.53%	2	2	38	37	0.98	1	1	10	2	1	1	-T
III	348685	G	*/+AT	33	2	5.56%	2	2	46	37	0.98	1	1	17	16	1	1	+AT
III	365747	C	-A/-A	0	6	85.71%	0	2	0	39	0.98	0	1	0	0	4	2	-A
III	431910	C	*/-T	18	2	9.09%	2	1	48	42	0.98	1	1	6	12	2	0	-T
III	467904	C	*/+A	9	2	16.67%	2	2	63	49	0.98	1	1	5	4	1	1	+A
III	568658	C	*/+T	11	2	13.33%	2	1	37	37	0.98	1	1	8	3	0	2	+T
III	618932	T	*/+C	15	2	11.76%	2	2	59	74	0.98	1	1	6	9	1	1	+C
III	717677	A	*/-T	2	9	64.29%	2	2	61	45	0.98	1	1	1	1	3	6	-T
III	717677	A	*/-TT	2	3	21.43%	2	1	61	57	0.98	1	1	1	1	0	3	-T
III	720559	C	*/-T	2	7	63.64%	2	2	49	42	0.98	1	1	1	1	4	3	-T
III	720683	A	+T/+T	1	3	75%	1	2	37	49	0.98	1	1	1	0	2	1	+T
III	762516	T	*/+A	3	4	50%	2	1	53	37	0.98	1	1	2	1	4	0	+A
III	867865	C	-T/-T	0	16	100%	0	2	0	43	0.98	0	1	0	0	6	10	-T
III	897531	C	*/+A	11	3	16.67%	2	1	48	40	0.98	1	1	8	3	3	0	+A
III	897531	C	*/+AA	11	3	16.67%	2	2	48	56	0.98	1	1	8	3	1	2	+A
III	936705	G	*/+T	4	2	28.57%	2	1	39	37	0.98	1	1	2	2	2	0	+T
III	954028	G	*/-A	10	2	15.38%	2	2	46	37	0.98	1	1	5	5	1	1	-A
III	966124	G	*/+T	18	2	8.33%	1	1	36	37	0.98	1	1	18	0	2	0	+T
III	966124	G	*/+TT	18	2	8.33%	1	1	36	37	0.98	1	1	18	0	2	0	+T
III	966516	A	*/+GAATATAGACTCAC	9	12	54.55%	2	2	49	40	0.98	1	1	5	4	5	7	+GAATATAGACTCAC
III	970548	C	*/-T	3	2	40%	1	1	31	29	0.98	1	1	0	3	0	2	-T
III	970892	C	*/-T	5	2	28.57%	1	2	47	31	0.98	1	1	5	0	1	1	-T
III	1016311	G	+C/+C	0	22	100%	0	2	0	57	0.98	0	1	0	0	11	11	+C
III	1031199	C	*/+A	6	2	25%	2	1	43	37	0.98	1	1	2	4	0	2	+A
III	1072709	A	*/-C	18	2	10%	2	1	48	37	0.98	1	1	5	13	0	2	-C
III	1073505	T	*/+ATATAGAG	121	9	6.52%	2	2	50	53	0.98	1	1	73	48	6	3	+ATATAGAG
III	1075530	A	*/+TGGAAGTGGTAAG	99	7	6.6%	2	2	47	45	0.98	1	1	37	62	4	3	+TGGAAGTGGTAAG
III	1079346	A	*/+G	81	10	10.87%	2	2	43	39	0.98	1	1	55	26	7	3	+G
III	1080146	T	*/+ATATAGAG	157	15	8.33%	2	2	45	43	0.98	1	1	69	88	7	8	+ATATAGAG
III	1084026	A	*/+AGTGGTGATGGTTAGTGGTGATGGTT	47	3	5.88%	2	2	42	49	0.98	1	1	17	30	2	1	+AGTGGTGATGGTTAGTGGTGATGGTT
III	1087979	A	*/+G	62	5	7.46%	2	2	45	44	0.98	1	1	31	31	3	2	+G
III	1095550	G	*/-T	10	5	26.32%	2	2	49	46	0.98	1	1	7	3	2	3	-T
III	1095550	G	*/-TT	10	3	15.79%	2	1	49	53	0.98	1	1	7	3	3	0	-T
III	1103423	T	*/-A	9	7	36.84%	2	2	38	43	0.98	1	1	8	1	5	2	-A
III	1103423	T	*/-AA	9	3	15.79%	2	2	38	49	0.98	1	1	8	1	2	1	-A
III	1104937	C	*/+T	13	2	13.33%	2	2	41	25	0.98	1	1	3	10	1	1	+T
III	1110963	T	*/+C	54	5	8.47%	2	2	47	64	0.98	1	1	26	28	3	2	+C
III	1117723	T	*/+C	49	13	20.97%	2	2	42	48	0.98	1	1	20	29	7	6	+C
III	1121674	T	*/+ACCACTAACCATCACCACTAACCATC	44	4	8%	2	2	43	43	0.98	1	1	29	15	2	2	+ACCACTAACCATCACCACTAACCATC
III	1124483	T	*/+C	49	4	7.55%	2	2	51	61	0.98	1	1	21	28	2	2	+C
III	1131243	T	*/+C	56	11	16.42%	2	2	46	52	0.98	1	1	26	30	6	5	+C
III	1166702	T	*/+A	19	5	20.83%	2	2	45	51	0.98	1	1	10	9	4	1	+A
III	1168360	T	*/-G	5	2	28.57%	1	2	39	74	0.98	1	1	5	0	1	1	-G
III	1395671	C	*/-A	4	2	28.57%	2	1	43	42	0.98	1	1	3	1	2	0	-A
III	1395701	A	*/+AATGTAATGT	5	3	37.5%	2	2	44	37	0.98	1	1	3	2	1	2	+AATGTAATGT
III	1510629	T	*/-A	5	4	44.44%	2	2	34	46	0.98	1	1	2	3	3	1	-A
III	1529684	C	*/+A	5	2	25%	2	1	34	37	0.98	1	1	2	3	2	0	+A
III	1530161	C	*/+TACACTACGCTATAA	50	10	15.62%	2	2	53	48	0.98	1	1	23	27	2	8	+TACACTACGCTATAA
III	1535109	G	*/+A	25	2	7.41%	2	1	39	37	0.98	1	1	10	15	0	2	+A
III	1547169	C	*/-A	7	2	20%	2	2	41	55	0.98	1	1	3	4	1	1	-A
III	1564168	C	*/+TGG	12	11	45.83%	2	2	55	47	0.98	1	1	6	6	7	4	+TGG
III	1575951	G	*/+T	12	4	23.53%	2	2	48	39	0.98	1	1	7	5	1	3	+T
III	1581366	G	*/+T	8	2	20%	2	2	37	37	0.98	1	1	3	5	1	1	+T
III	1594933	T	*/-A	10	3	18.75%	2	1	54	37	0.98	1	1	6	4	3	0	-A
III	1594933	T	*/-AA	10	2	12.5%	2	1	54	37	0.98	1	1	6	4	2	0	-A
III	1674618	C	*/-T	5	3	27.27%	2	2	32	45	0.98	1	1	4	1	1	2	-T
III	1674618	C	*/-TT	5	2	18.18%	2	2	32	49	0.98	1	1	4	1	1	1	-T
III	1685487	G	+A/+A	1	18	94.74%	1	2	37	48	0.98	1	1	1	0	6	12	+A
III	1702276	A	*/-T	27	2	6.25%	2	1	47	37	0.98	1	1	13	14	2	0	-T
III	1702276	A	*/+T	27	3	9.38%	2	2	47	49	0.98	1	1	13	14	1	2	+T
III	1707997	T	*/-A	27	4	12.9%	2	2	40	37	0.98	1	1	14	13	2	2	-A
III	1711935	A	+T/+T	2	20	86.96%	2	2	55	50	0.98	1	1	1	1	10	10	+T
III	1756400	T	-A/-A	1	24	96%	1	2	37	43	0.98	1	1	1	0	7	17	-A
III	1757242	C	*/+T	24	2	7.69%	2	2	47	68	0.98	1	1	7	17	1	1	+T
III	1758846	C	*/+A	8	3	23.08%	2	1	52	34	0.98	1	1	5	3	3	0	+A
III	1774235	T	+GATC/+GATC	2	8	80%	1	2	55	40	0.98	1	1	0	2	5	3	+GATC
III	1821911	C	*/-A	3	2	28.57%	2	1	45	37	0.98	1	1	2	1	2	0	-A
III	1827670	G	*/+A	17	2	10.53%	2	1	50	37	0.98	1	1	9	8	2	0	+A
III	1834531	G	*/+T	20	2	9.09%	2	2	47	37	0.98	1	1	9	11	1	1	+T
III	1858959	T	*/-C	2	5	71.43%	1	2	37	34	0.98	1	1	0	2	2	3	-C
III	1925626	C	*/-A	7	2	22.22%	2	2	47	42	0.98	1	1	6	1	1	1	-A
III	2032201	T	*/-TA	14	2	12.5%	2	1	41	37	0.98	1	1	5	9	0	2	-TA
III	2074510	C	*/-T	10	2	15.38%	2	2	36	31	0.98	1	1	9	1	1	1	-T
III	2076980	A	*/-T	5	2	28.57%	2	1	36	37	0.98	1	1	3	2	2	0	-T
III	2110887	A	*/+T	33	2	5.71%	2	1	53	55	0.98	1	1	14	19	0	2	+T
III	2113205	C	*/-T	8	4	30.77%	2	2	42	37	0.98	1	1	4	4	3	1	-T
III	2144419	G	*/-A	16	3	15.79%	2	2	45	33	0.98	1	1	9	7	1	2	-A
III	2149308	C	*/+ATAT	12	2	13.33%	2	1	49	42	0.98	1	1	3	9	0	2	+ATAT
III	2157938	C	*/-T	6	2	25%	2	2	48	42	0.98	1	1	1	5	1	1	-T
III	2183012	T	-ATTGTG/-ATTGTG	0	11	100%	0	2	0	52	0.98	0	1	0	0	3	8	-ATTGTG
III	2257353	C	*/+A	18	2	10%	2	2	52	55	0.98	1	1	10	8	1	1	+A
III	2281940	C	*/-T	16	4	20%	2	2	44	40	0.98	1	1	9	7	3	1	-T
III	2284394	C	*/-T	8	2	18.18%	2	1	44	31	0.98	1	1	2	6	0	2	-T
III	2373166	G	*/-A	20	2	8.7%	2	1	44	37	0.98	1	1	13	7	0	2	-A
III	2420241	T	*/-A	1	4	66.67%	1	2	37	46	0.98	1	1	0	1	2	2	-A
III	2443562	A	*/+T	16	46	74.19%	2	2	42	36	0.98	1	1	5	11	1	45	+T
III	2447848	T	*/-A	896	268	18.27%	2	2	44	41	0.98	1	1	667	229	197	71	-A
III	2447848	T	*/-AA	896	113	7.7%	2	2	44	47	0.98	1	1	667	229	76	37	-A
III	2447848	T	*/+A	896	137	9.34%	2	2	44	45	0.98	1	1	667	229	92	45	+A
III	2448309	T	-AA/-AA	59	581	87.9%	2	2	48	41	0.98	1	1	49	10	243	338	-AA
III	2448518	T	*/-A	733	307	24.58%	2	2	45	44	0.98	1	1	510	223	216	91	-A
III	2448518	T	*/-AA	733	98	7.85%	2	2	45	47	0.98	1	1	510	223	60	38	-A
III	2448518	T	*/+A	733	86	6.89%	2	2	45	47	0.98	1	1	510	223	57	29	-A
