Chrom	Position	Ref	Cons	Reads1	Reads2	VarFreq	Strands1	Strands2	Qual1	Qual2	Pvalue	MapQual1	MapQual2	Reads1Plus	Reads1Minus	Reads2Plus	Reads2Minus	VarAllele
chr_II_telomeric_gap	5518	A	+T/+T	0	14	93.33%	0	2	0	50	0.98	0	1	0	0	11	3	+T
chr_II_telomeric_gap	6088	A	*/-T	14	4	20%	2	2	42	37	0.98	1	1	9	5	3	1	-T
chr_II_telomeric_gap	6301	C	*/-AT	12	2	13.33%	2	1	43	37	0.98	1	1	3	9	0	2	-AT
chr_II_telomeric_gap	8538	G	*/-A	5	3	30%	1	1	34	37	0.98	1	1	5	0	3	0	-A
I	3160	A	*/+GTTGTCGTTGTCGTTGTC	61	28	28.57%	2	2	46	42	0.98	1	1	34	27	16	12	+GTTGTCGTTGTCGTTGTC
I	3160	A	*/+GTTGTCGTTGTCGTTGTCGTTGTC	61	8	8.16%	2	2	46	35	0.98	1	1	34	27	6	2	+GTTGTCGTTGTCGTTGTC
I	4047	C	*/-TGTCTCTGTCAT	71	20	21.98%	2	2	44	41	0.98	1	1	29	42	5	15	-TGTCTCTGTCAT
I	4053	C	*/+TGTCAT	57	12	15.79%	2	2	44	43	0.98	1	1	23	34	8	4	+TGTCAT
I	5677	G	*/-A	25	4	7.84%	2	2	38	42	0.98	1	1	24	1	3	1	-A
I	5677	G	*/-AA	25	9	17.65%	2	2	38	42	0.98	1	1	24	1	8	1	-AA
I	5677	G	*/-AAA	25	6	11.76%	2	2	38	43	0.98	1	1	24	1	4	2	-AA
I	5677	G	*/+A	25	3	5.88%	2	1	38	33	0.98	1	1	24	1	3	0	-AA
I	6357	T	*/-AA	26	32	51.61%	2	2	46	40	0.98	1	1	14	12	9	23	-AA
I	7191	T	*/+A	51	3	5.45%	2	1	39	49	0.98	1	1	39	12	0	3	+A
I	7192	C	*/-A	29	3	5.08%	2	2	37	40	0.98	1	1	24	5	2	1	A
I	7192	C	*/+A	29	19	32.2%	2	2	37	40	0.98	1	1	24	5	14	5	+A
I	10859	G	*/-TT	7	7	46.67%	2	2	42	40	0.98	1	1	5	2	3	4	-TT
I	15734	C	*/-A	16	6	25%	2	2	46	37	0.98	1	1	13	3	5	1	-A
I	15734	C	*/+A	16	2	8.33%	2	1	46	68	0.98	1	1	13	3	2	0	-A
I	17331	C	*/-AT	29	2	6.45%	2	2	45	37	0.98	1	1	12	17	1	1	-AT
I	19694	T	*/+A	45	3	6.25%	2	1	54	37	0.98	1	1	22	23	3	0	+A
I	27402	A	*/+C	19	6	20.69%	2	1	37	35	0.98	1	1	1	18	0	6	+C
I	27402	A	*/+CC	19	2	6.9%	2	1	37	37	0.98	1	1	1	18	0	2	+C
I	28467	C	*/+A	28	2	6.67%	2	2	48	62	0.98	1	1	19	9	1	1	+A
I	55244	T	*/+A	11	5	22.73%	2	1	35	35	0.98	1	1	10	1	5	0	+A
I	55244	T	*/+AA	11	4	18.18%	2	1	35	35	0.98	1	1	10	1	4	0	+A
I	101871	A	+G/+G	2	25	86.21%	2	2	37	46	0.98	1	1	1	1	15	10	+G
I	190112	C	*/-A	4	2	25%	2	2	39	31	0.98	1	1	2	2	1	1	-A
I	206448	C	*/+T	12	2	13.33%	1	1	39	55	0.98	1	1	12	0	2	0	+T
I	216147	C	*/-T	15	2	11.11%	2	1	43	31	0.98	1	1	6	9	0	2	-T
I	377488	C	*/-T	6	2	22.22%	2	2	47	55	0.98	1	1	2	4	1	1	-T
I	440084	T	+A/+A	2	10	83.33%	1	2	31	45	0.98	1	1	2	0	8	2	+A
I	441614	C	*/-T	7	2	22.22%	2	1	37	37	0.98	1	1	4	3	2	0	-T
I	453369	G	*/-A	5	3	21.43%	1	1	37	37	0.98	1	1	5	0	3	0	-A
I	453369	G	*/+A	5	4	28.57%	1	1	37	46	0.98	1	1	5	0	4	0	+A
I	456726	G	*/-T	17	3	14.29%	2	2	42	49	0.98	1	1	12	5	1	2	-T
I	464017	C	*/-A	4	3	42.86%	2	1	64	37	0.98	1	1	3	1	0	3	-A
I	470378	A	-C/-C	0	17	100%	0	2	0	35	0.98	0	1	0	0	11	6	-C
I	470390	A	-C/-C	0	20	100%	0	2	0	40	0.98	0	1	0	0	13	7	-C
I	482737	A	+G/+G	1	34	94.44%	1	2	74	46	0.98	1	1	1	0	19	15	+G
I	489584	C	*/+A	15	2	11.76%	2	2	45	37	0.98	1	1	9	6	1	1	+A
I	521845	T	*/+A	13	2	12.5%	2	2	46	61	0.98	1	1	8	5	1	1	+A
I	528541	C	*/-A	22	2	7.69%	2	2	38	36	0.98	1	1	16	6	1	1	-A
I	528541	C	*/+A	22	2	7.69%	2	1	38	37	0.98	1	1	16	6	2	0	-A
I	554527	A	+T/+T	3	14	82.35%	1	2	45	39	0.98	1	1	3	0	9	5	+T
I	562745	A	*/-T	7	2	13.33%	2	1	49	55	0.98	1	1	4	3	2	0	-T
I	562745	A	*/+T	7	5	33.33%	2	2	49	37	0.98	1	1	4	3	3	2	+T
I	584304	A	*/+T	20	2	9.09%	2	2	50	33	0.98	1	1	7	13	1	1	+T
I	609849	C	*/+T	16	2	11.11%	2	1	47	43	0.98	1	1	10	6	2	0	+T
I	650099	C	*/+A	7	2	14.29%	2	1	38	55	0.98	1	1	6	1	2	0	+A
I	650099	C	*/+AA	7	4	28.57%	2	1	38	37	0.98	1	1	6	1	4	0	+AA
I	670032	C	+A/+A	2	79	97.53%	1	2	74	54	0.98	1	1	2	0	35	44	+A
I	682993	T	-C/-C	2	32	94.12%	2	2	49	42	0.98	1	1	1	1	11	21	-C
I	793917	A	*/-T	2	3	37.5%	2	1	49	37	0.98	1	1	1	1	3	0	-T
I	807903	A	*/+T	15	2	11.76%	2	1	47	74	0.98	1	1	4	11	0	2	+T
I	862962	C	+T/+T	0	18	100%	0	2	0	44	0.98	0	1	0	0	13	5	+T
I	934908	T	*/+A	6	2	15.38%	1	2	38	37	0.98	1	1	6	0	1	1	+A
I	934908	T	*/+AA	6	4	30.77%	1	2	38	34	0.98	1	1	6	0	3	1	+AA
I	960025	G	*/+T	3	9	69.23%	1	2	40	45	0.98	1	1	3	0	2	7	+T
I	965438	C	*/+A	6	4	30.77%	1	1	41	34	0.98	1	1	6	0	4	0	+A
I	1027635	T	*/+A	14	3	17.65%	2	1	34	34	0.98	1	1	13	1	3	0	+A
I	1048635	G	+A/+A	0	13	100%	0	2	0	49	0.98	0	1	0	0	7	6	+A
I	1148104	A	+T/+T	1	5	83.33%	1	2	74	51	0.98	1	1	1	0	2	3	+T
I	1185797	G	*/-A	13	2	11.76%	2	2	44	42	0.98	1	1	8	5	1	1	-A
I	1185797	G	*/-AA	13	2	11.76%	2	2	44	42	0.98	1	1	8	5	1	1	-A
I	1206603	G	*/-T	25	5	15.62%	2	2	49	34	0.98	1	1	15	10	3	2	-T
I	1206603	G	*/+T	25	2	6.25%	2	2	49	37	0.98	1	1	15	10	1	1	-T
I	1274803	T	+A/+A	0	14	100%	0	2	0	45	0.98	0	1	0	0	7	7	+A
I	1290605	A	*/-T	14	4	18.18%	2	2	46	46	0.98	1	1	7	7	2	2	-T
I	1290605	A	*/+T	14	3	13.64%	2	2	46	70	0.98	1	1	7	7	1	2	-T
I	1358794	C	*/+A	4	3	30%	2	2	39	36	0.98	1	1	3	1	1	2	+A
I	1424708	C	-A/-A	2	21	91.3%	2	2	37	51	0.98	1	1	1	1	6	15	-A
I	1454446	C	*/-A	9	4	28.57%	2	1	50	43	0.98	1	1	6	3	0	4	-A
I	1496317	C	*/-A	3	9	52.94%	2	2	33	48	0.98	1	1	1	2	3	6	-A
I	1496317	C	*/-AA	3	2	11.76%	2	2	33	49	0.98	1	1	1	2	1	1	-A
I	1496317	C	*/-AAA	3	2	11.76%	2	1	33	49	0.98	1	1	1	2	0	2	-A
I	1509277	C	+T/+T	4	15	75%	2	2	46	38	0.98	1	1	3	1	7	8	+T
I	1541472	G	*/-T	8	5	33.33%	2	2	43	36	0.98	1	1	6	2	3	2	-T
I	1595056	C	*/-T	9	3	20%	2	2	37	29	0.98	1	1	8	1	1	2	-T
I	1625092	T	+C/+C	2	19	90.48%	2	2	37	57	0.98	1	1	1	1	9	10	+C
I	1664720	A	+TT/+TT	2	13	81.25%	2	2	68	44	0.98	1	1	1	1	9	4	+TT
I	1666841	G	*/-T	17	2	9.52%	2	2	39	55	0.98	1	1	13	4	1	1	-T
I	1771585	C	*/-A	16	2	11.11%	2	1	39	74	0.98	1	1	12	4	2	0	-A
I	1777634	A	*/-T	9	2	14.29%	2	1	40	31	0.98	1	1	3	6	0	2	-T
I	1777634	A	*/+T	9	3	21.43%	2	2	40	37	0.98	1	1	3	6	1	2	+T
I	1837916	G	*/-T	11	5	26.32%	2	2	39	32	0.98	1	1	10	1	3	2	-T
I	1849285	C	*/-T	35	9	19.15%	2	2	45	46	0.98	1	1	21	14	3	6	-T
I	1849285	C	*/+T	35	3	6.38%	2	1	45	41	0.98	1	1	21	14	3	0	-T
I	1890184	C	*/-A	6	9	52.94%	2	2	41	50	0.98	1	1	2	4	2	7	-A
I	1890870	A	*/-T	18	2	10%	2	1	51	55	0.98	1	1	13	5	0	2	-T
I	1905525	T	*/+G	2	3	37.5%	2	1	42	34	0.98	1	1	1	1	3	0	+G
I	1905525	T	*/+GG	2	2	25%	2	1	42	37	0.98	1	1	1	1	2	0	+G
I	1936294	G	+A/+A	0	19	100%	0	2	0	47	0.98	0	1	0	0	9	10	+A
I	1952313	A	+T/+T	1	29	96.67%	1	2	37	51	0.98	1	1	1	0	15	14	+T
I	1954162	C	*/-A	11	3	16.67%	2	2	38	33	0.98	1	1	8	3	1	2	-A
I	1954162	C	*/+A	11	3	16.67%	2	1	38	49	0.98	1	1	8	3	3	0	-A
I	1955754	C	*/+T	3	4	40%	2	2	40	33	0.98	1	1	2	1	2	2	+T
I	1955754	C	*/+TT	3	2	20%	2	2	40	31	0.98	1	1	2	1	1	1	+T
I	1955853	T	*/+A	2	5	55.56%	2	2	42	44	0.98	1	1	1	1	4	1	+A
I	2025000	C	*/+T	7	3	21.43%	2	2	35	44	0.98	1	1	6	1	2	1	+T
I	2025000	C	*/+TT	7	2	14.29%	2	1	35	37	0.98	1	1	6	1	2	0	+T
I	2041948	T	*/-A	20	3	12%	1	1	34	49	0.98	1	1	20	0	3	0	-A
I	2052488	A	*/-T	16	4	17.39%	2	2	43	37	0.98	1	1	13	3	3	1	-T
I	2052488	A	*/-TT	16	3	13.04%	2	2	43	61	0.98	1	1	13	3	2	1	-T
I	2139856	G	*/+T	3	6	66.67%	2	2	37	41	0.98	1	1	2	1	4	2	+T
I	2152117	G	*/-A	25	2	7.41%	2	2	46	31	0.98	1	1	14	11	1	1	-A
I	2154491	T	+A/+A	1	22	95.65%	1	2	37	47	0.98	1	1	0	1	11	11	+A
I	2174555	C	*/-A	12	4	22.22%	2	2	45	43	0.98	1	1	5	7	1	3	-A
I	2178948	C	*/-A	20	2	8.7%	2	1	45	37	0.98	1	1	14	6	2	0	-A
I	2227870	C	*/-T	10	3	23.08%	2	1	55	37	0.98	1	1	5	5	3	0	-T
I	2227936	T	*/+AA	2	2	12.5%	1	1	42	30	0.98	1	1	2	0	2	0	A
I	2227936	T	*/+AAA	2	6	37.5%	1	2	42	36	0.98	1	1	2	0	3	3	+AAA
I	2245479	T	*/+C	6	20	62.5%	2	2	55	48	0.98	1	1	4	2	8	12	+C
I	2245479	T	*/+CC	6	3	9.38%	2	2	55	37	0.98	1	1	4	2	2	1	+C
I	2273201	T	*/-A	11	2	14.29%	2	1	41	37	0.98	1	1	8	3	2	0	-A
I	2288240	C	-G/-G	0	30	100%	0	2	0	51	0.98	0	1	0	0	15	15	-G
I	2322636	C	*/-A	12	5	19.23%	2	1	35	37	0.98	1	1	11	1	5	0	-A
I	2322636	C	*/-AA	12	4	15.38%	2	2	35	39	0.98	1	1	11	1	3	1	-A
I	2322636	C	*/+A	12	3	11.54%	2	1	35	37	0.98	1	1	11	1	3	0	-A
I	2325657	G	*/+T	19	2	9.09%	2	1	41	37	0.98	1	1	8	11	2	0	+T
I	2327021	C	*/-A	12	3	18.75%	2	1	39	53	0.98	1	1	9	3	0	3	-A
I	2343703	G	+A/+A	0	10	100%	0	2	0	62	0.98	0	1	0	0	4	6	+A
I	2397149	G	*/+T	24	2	7.69%	2	2	43	37	0.98	1	1	9	15	1	1	+T
I	2413103	A	*/-T	12	2	14.29%	2	1	45	37	0.98	1	1	6	6	2	0	-T
I	2421576	A	-C/-C	1	15	93.75%	1	2	37	50	0.98	1	1	0	1	9	6	-C
I	2443651	C	*/-A	16	2	11.11%	2	2	41	37	0.98	1	1	11	5	1	1	-A
I	2472108	G	+T/+T	5	21	80.77%	2	2	51	45	0.98	1	1	4	1	13	8	+T
I	2499149	A	-T/-T	2	21	91.3%	1	2	74	51	0.98	1	1	2	0	9	12	-T
I	2507462	T	+A/+A	0	20	100%	0	2	0	45	0.98	0	1	0	0	12	8	+A
I	2510060	T	+A/+A	0	9	100%	0	2	0	37	0.98	0	1	0	0	7	2	+A
I	2525713	C	*/-T	15	3	15.79%	2	2	38	37	0.98	1	1	12	3	2	1	-T
I	2578262	T	*/-A	19	4	14.29%	2	1	43	52	0.98	1	1	11	8	0	4	-A
I	2578262	T	*/-AA	19	2	7.14%	2	2	43	55	0.98	1	1	11	8	1	1	-A
I	2578262	T	*/+A	19	2	7.14%	2	1	43	31	0.98	1	1	11	8	0	2	-A
I	2588021	C	+A/+A	1	9	81.82%	1	2	37	49	0.98	1	1	1	0	3	6	+A
I	2588066	C	+A/+A	1	13	92.86%	1	2	37	38	0.98	1	1	0	1	6	7	+A
I	2594263	C	+T/+T	0	13	100%	0	2	0	44	0.98	0	1	0	0	7	6	+T
I	2594324	T	+A/+A	2	12	85.71%	1	2	37	51	0.98	1	1	0	2	7	5	+A
I	2594351	T	+A/+A	0	11	100%	0	2	0	50	0.98	0	1	0	0	7	4	+A
I	2594391	A	+T/+T	0	10	100%	0	2	0	50	0.98	0	1	0	0	8	2	+T
I	2605777	C	*/+A	18	2	10%	2	1	46	25	0.98	1	1	5	13	0	2	+A
I	2605860	G	-T/-T	3	17	85%	1	2	37	42	0.98	1	1	0	3	3	14	-T
I	2607669	A	+T/+T	1	27	96.43%	1	2	25	48	0.98	1	1	1	0	15	12	+T
I	2641998	C	*/+T	2	2	33.33%	1	1	37	33	0.98	1	1	2	0	2	0	+T
I	2662692	G	*/-A	7	2	22.22%	2	1	54	55	0.98	1	1	5	2	2	0	-A
I	2677467	C	*/-A	17	2	10.53%	2	1	46	37	0.98	1	1	10	7	0	2	-A
I	2683902	T	-C/-C	0	15	100%	0	2	0	41	0.98	0	1	0	0	7	8	-C
I	2689254	A	*/+T	11	2	14.29%	2	2	46	49	0.98	1	1	5	6	1	1	+T
I	2691521	C	*/-A	13	2	13.33%	2	1	56	37	0.98	1	1	9	4	2	0	-A
I	2718572	C	*/-A	24	2	7.69%	2	2	48	49	0.98	1	1	8	16	1	1	-A
I	2747027	T	*/-A	13	5	26.32%	2	2	42	51	0.98	1	1	9	4	2	3	-A
I	2751236	T	*/-A	5	16	59.26%	2	2	56	43	0.98	1	1	4	1	3	13	-A
I	2751236	T	*/-AA	5	6	22.22%	2	2	56	57	0.98	1	1	4	1	2	4	-A
I	2759871	T	*/+C	4	9	69.23%	2	2	46	41	0.98	1	1	2	2	2	7	+C
I	2812650	C	*/-T	21	2	7.69%	2	1	44	36	0.98	1	1	9	12	0	2	-T
I	2812650	C	*/+T	21	2	7.69%	2	2	44	37	0.98	1	1	9	12	1	1	-T
I	2881073	G	*/+A	10	3	21.43%	2	2	46	40	0.98	1	1	7	3	1	2	+A
I	2907177	C	*/-A	28	2	6.67%	2	2	47	37	0.98	1	1	13	15	1	1	-A
I	2959752	A	*/+T	2	3	50%	2	1	37	33	0.98	1	1	1	1	3	0	+T
I	2960791	T	*/-A	10	4	26.67%	2	2	41	46	0.98	1	1	5	5	1	3	-A
I	3030977	A	*/+T	10	2	16.67%	2	1	44	37	0.98	1	1	6	4	0	2	+T
I	3033347	C	*/+T	5	3	15%	1	2	34	45	0.98	1	1	5	0	1	2	+T
I	3033347	C	*/+TT	5	10	50%	1	2	34	35	0.98	1	1	5	0	7	3	+TT
I	3125118	A	+T/+T	0	23	100%	0	2	0	44	0.98	0	1	0	0	16	7	+T
I	3134492	A	*/-T	35	3	7.89%	2	1	46	37	0.98	1	1	19	16	0	3	-T
I	3144699	T	*/-A	9	3	18.75%	2	2	41	49	0.98	1	1	7	2	2	1	-A
I	3144699	T	*/-AAA	9	2	12.5%	2	1	41	31	0.98	1	1	7	2	0	2	-A
I	3159187	C	*/-CA	48	6	11.11%	2	2	50	47	0.98	1	1	17	31	4	2	-CA
I	3159994	C	*/-T	67	6	8%	2	2	41	47	0.98	1	1	53	14	4	2	-T
I	3166776	G	*/+TT	1	5	38.46%	1	1	37	37	0.98	1	1	1	0	5	0	+TT
I	3166776	G	*/+TTT	1	7	53.85%	1	2	37	56	0.98	1	1	1	0	5	2	+TTT
I	3178494	C	+T/+T	1	15	93.75%	1	2	37	54	0.98	1	1	0	1	3	12	+T
I	3184255	T	*/-A	5	4	40%	2	1	49	34	0.98	1	1	1	4	0	4	-A
I	3197528	A	+G/+G	3	37	90.24%	1	2	37	43	0.98	1	1	0	3	16	21	+G
I	3206043	G	*/+A	21	3	12.5%	2	2	47	45	0.98	1	1	10	11	2	1	+A
I	3303111	C	*/+T	18	3	14.29%	2	2	41	49	0.98	1	1	15	3	1	2	+T
I	3303394	C	*/-AT	18	2	10%	2	2	43	37	0.98	1	1	5	13	1	1	-AT
I	3380404	C	*/-A	13	4	21.05%	2	2	40	46	0.98	1	1	11	2	3	1	-A
I	3380404	C	*/+A	13	2	10.53%	2	2	40	55	0.98	1	1	11	2	1	1	-A
I	3410124	A	*/+T	10	2	15.38%	2	2	43	37	0.98	1	1	4	6	1	1	+T
I	3450130	G	-T/-T	0	15	100%	0	2	0	39	0.98	0	1	0	0	6	9	-T
I	3460318	T	+C/+C	1	17	85%	1	2	74	58	0.98	1	1	1	0	8	9	+C
I	3462650	A	*/-T	14	3	15.79%	2	2	43	37	0.98	1	1	11	3	2	1	-T
I	3462650	A	*/+T	14	2	10.53%	2	2	43	55	0.98	1	1	11	3	1	1	-T
I	3538413	A	+T/+T	0	18	100%	0	2	0	45	0.98	0	1	0	0	9	9	+T
I	3538428	G	+T/+T	1	17	94.44%	1	2	37	45	0.98	1	1	0	1	9	8	+T
I	3538436	T	+A/+A	3	14	82.35%	2	2	37	47	0.98	1	1	1	2	8	6	+A
I	3538449	T	+TA/+TA	0	12	100%	0	2	0	46	0.98	0	1	0	0	6	6	+TA
I	3538456	A	+AT/+AT	0	13	100%	0	2	0	43	0.98	0	1	0	0	7	6	+AT
I	3576627	C	*/-T	3	3	50%	2	2	70	45	0.98	1	1	2	1	2	1	-T
I	3576756	T	*/+TCTTCTC	3	2	16.67%	1	1	37	55	0.98	1	1	0	3	2	0	C
I	3576929	C	+T/+T	0	16	100%	0	2	0	44	0.98	0	1	0	0	9	7	+T
I	3578638	A	*/-T	7	2	22.22%	2	1	37	31	0.98	1	1	3	4	0	2	-T
I	3580034	C	*/+T	2	4	57.14%	1	2	31	44	0.98	1	1	2	0	3	1	+T
I	3645091	G	*/+T	16	2	11.11%	2	1	47	42	0.98	1	1	10	6	2	0	+T
I	3659724	C	*/-T	12	4	21.05%	2	2	41	40	0.98	1	1	9	3	1	3	-T
I	3659724	C	*/+T	12	2	10.53%	2	1	41	55	0.98	1	1	9	3	2	0	-T
I	3665610	G	+C/+C	1	38	97.44%	1	2	74	47	0.98	1	1	1	0	17	21	+C
I	3700385	T	*/+A	2	3	13.64%	2	2	31	49	0.98	1	1	1	1	2	1	+A
I	3700385	T	*/+AA	2	14	63.64%	2	2	31	46	0.98	1	1	1	1	6	8	+AA
I	3701639	T	*/+C	21	4	16%	2	2	52	46	0.98	1	1	7	14	2	2	+C
I	3730369	A	+T/+T	0	13	100%	0	2	0	39	0.98	0	1	0	0	7	6	+T
I	3752808	C	*/-A	29	2	6.45%	2	2	42	42	0.98	1	1	20	9	1	1	-A
I	3765328	C	+T/+T	1	10	90.91%	1	2	29	40	0.98	1	1	1	0	9	1	+T
I	3776933	G	*/+A	6	11	61.11%	2	2	36	36	0.98	1	1	3	3	4	7	+A
I	3790288	G	*/+T	24	2	7.69%	2	1	47	31	0.98	1	1	14	10	2	0	+T
I	3820599	T	*/+A	21	2	8.7%	2	1	41	37	0.98	1	1	9	12	2	0	+A
I	3850523	C	*/-T	14	2	11.76%	2	2	40	61	0.98	1	1	12	2	1	1	-T
I	3855790	G	-T/-T	0	8	100%	0	1	0	40	0.98	0	1	0	0	8	0	-T
I	3866132	G	*/-TA	9	3	23.08%	2	2	48	49	0.98	1	1	6	3	2	1	-TA
I	3879465	T	*/-A	17	2	10.53%	2	1	49	37	0.98	1	1	9	8	0	2	-A
I	3898271	C	*/-A	22	3	10.71%	2	2	51	49	0.98	1	1	13	9	1	2	-A
I	3898271	C	*/+A	22	3	10.71%	2	2	51	49	0.98	1	1	13	9	2	1	-A
I	3940025	G	+T/+T	1	22	95.65%	1	2	37	47	0.98	1	1	0	1	14	8	+T
I	3984736	A	*/-GGT	114	7	5.79%	2	1	49	37	0.98	1	1	38	76	0	7	-GGT
I	3992188	G	*/+A	7	2	20%	1	2	42	42	0.98	1	1	7	0	1	1	+A
I	3992213	A	*/-C	15	5	25%	2	2	40	32	0.98	1	1	4	11	3	2	-C
I	4004016	G	*/-T	12	4	19.05%	2	1	44	52	0.98	1	1	4	8	0	4	-T
I	4004016	G	*/+T	12	3	14.29%	2	2	44	37	0.98	1	1	4	8	2	1	-T
I	4010237	A	*/+G	12	4	22.22%	2	1	36	37	0.98	1	1	10	2	4	0	+G
I	4055052	T	+A/+A	3	12	80%	1	2	33	51	0.98	1	1	3	0	8	4	+A
I	4088162	G	*/-A	20	2	9.09%	2	1	51	37	0.98	1	1	9	11	2	0	-A
I	4098272	C	*/-T	18	2	10%	2	1	42	37	0.98	1	1	13	5	0	2	-T
I	4153651	C	*/-T	18	3	14.29%	2	2	40	45	0.98	1	1	14	4	2	1	-T
I	4179641	C	*/-A	7	2	20%	2	1	40	37	0.98	1	1	6	1	2	0	-A
I	4179700	T	*/+A	3	2	40%	2	1	40	55	0.98	1	1	1	2	0	2	+A
I	4182754	C	+T/+T	0	21	100%	0	2	0	44	0.98	0	1	0	0	14	7	+T
I	4241118	G	*/-A	10	9	40.91%	2	2	45	41	0.98	1	1	7	3	6	3	-A
I	4304169	G	+A/+A	0	11	100%	0	2	0	38	0.98	0	1	0	0	8	3	+A
I	4338694	G	*/-T	23	2	8%	2	1	48	55	0.98	1	1	15	8	2	0	-T
I	4374342	A	-G/-G	0	38	100%	0	2	0	50	0.98	0	1	0	0	20	18	-G
I	4407494	T	+G/+G	0	28	93.33%	0	2	0	50	0.98	0	1	0	0	11	17	+G
I	4410191	C	-G/-G	1	13	92.86%	1	2	37	47	0.98	1	1	0	1	10	3	-G
I	4414201	C	*/-T	2	8	72.73%	2	2	31	38	0.98	1	1	1	1	6	2	-T
I	4431856	G	+A/+A	3	34	91.89%	1	2	49	51	0.98	1	1	3	0	11	23	+A
I	4431868	C	+A/+A	2	33	94.29%	1	2	55	47	0.98	1	1	2	0	10	23	+A
I	4442621	A	*/-AT	41	4	8.33%	2	1	52	55	0.98	1	1	19	22	4	0	-AT
I	4455149	G	*/+A	3	5	62.5%	1	2	37	39	0.98	1	1	3	0	3	2	+A
I	4524584	G	*/-T	14	2	12.5%	2	2	38	37	0.98	1	1	7	7	1	1	-T
I	4527621	G	*/-T	15	2	11.76%	2	2	46	55	0.98	1	1	5	10	1	1	-T
I	4533252	C	*/-T	10	3	23.08%	2	2	55	49	0.98	1	1	6	4	2	1	-T
I	4604649	C	*/-T	12	3	17.65%	2	1	37	33	0.98	1	1	10	2	3	0	-T
I	4648144	T	*/-G	21	2	8.7%	2	1	38	37	0.98	1	1	18	3	2	0	-G
I	4648145	G	*/+T	16	2	10.53%	2	1	40	37	0.98	1	1	14	2	2	0	+T
I	4648159	T	*/-G	14	5	23.81%	1	2	36	46	0.98	1	1	14	0	2	3	-G
I	4648159	T	*/-GG	14	2	9.52%	1	2	36	49	0.98	1	1	14	0	1	1	-G
I	4658978	C	*/-A	10	3	23.08%	2	2	44	61	0.98	1	1	5	5	2	1	-A
I	4676311	A	*/-T	9	2	18.18%	2	1	45	55	0.98	1	1	7	2	2	0	-T
I	4721875	G	+A/+A	2	8	80%	2	2	49	44	0.98	1	1	1	1	4	4	+A
I	4723298	G	*/+A	13	2	13.33%	2	1	38	31	0.98	1	1	6	7	0	2	+A
I	4733668	G	+A/+A	2	18	81.82%	2	2	31	42	0.98	1	1	1	1	12	6	+A
I	4735409	T	*/+TA	23	2	8%	2	1	47	37	0.98	1	1	9	14	0	2	+TA
I	4760698	T	*/+A	5	8	57.14%	2	2	44	46	0.98	1	1	2	3	4	4	+A
I	4764253	G	*/+A	9	23	65.71%	1	2	49	46	0.98	1	1	9	0	10	13	+A
I	4764253	G	*/+AA	9	2	5.71%	1	2	49	31	0.98	1	1	9	0	1	1	+A
I	4771864	T	*/+A	36	2	5.26%	2	1	47	55	0.98	1	1	18	18	0	2	+A
I	4916623	C	*/-A	7	5	33.33%	2	2	45	37	0.98	1	1	5	2	3	2	-A
I	4916623	C	*/-AA	7	3	20%	2	2	45	45	0.98	1	1	5	2	1	2	-A
I	4926046	C	*/+T	9	4	30.77%	2	2	38	52	0.98	1	1	7	2	2	2	+T
I	4934297	C	*/-TA	25	2	7.41%	2	1	47	37	0.98	1	1	19	6	2	0	-TA
I	4984784	A	*/-T	9	4	26.67%	2	2	47	46	0.98	1	1	8	1	3	1	-T
I	5002717	C	*/-A	13	2	12.5%	2	2	47	55	0.98	1	1	10	3	1	1	-A
I	5039623	T	+A/+A	1	11	91.67%	1	2	37	39	0.98	1	1	1	0	9	2	+A
I	5060109	A	*/-T	14	2	11.76%	2	2	40	37	0.98	1	1	7	7	1	1	-T
I	5069521	T	+AA/+AA	3	33	89.19%	2	2	49	45	0.98	1	1	1	2	22	11	+AA
I	5096442	G	*/-T	12	2	12.5%	2	2	37	55	0.98	1	1	9	3	1	1	-T
I	5096469	T	*/-G	17	2	10.53%	2	1	47	36	0.98	1	1	4	13	2	0	-G
I	5142627	A	+G/+G	0	13	86.67%	0	2	0	42	0.98	0	1	0	0	5	8	+G
I	5148414	T	-A/-A	1	28	96.55%	1	2	74	48	0.98	1	1	0	1	14	14	-A
I	5173087	C	+T/+T	2	9	81.82%	1	2	37	41	0.98	1	1	0	2	4	5	+T
I	5173430	G	*/+T	12	15	48.39%	1	2	39	47	0.98	1	1	12	0	9	6	+T
I	5176926	T	*/+A	2	3	50%	1	2	37	37	0.98	1	1	2	0	2	1	+A
I	5265702	C	*/+A	19	6	24%	2	2	48	47	0.98	1	1	12	7	4	2	+A
I	5266596	A	*/-T	30	3	8.82%	2	1	46	49	0.98	1	1	18	12	3	0	-T
I	5363995	C	*/+A	36	2	5.26%	2	1	51	55	0.98	1	1	9	27	0	2	+A
I	5368262	T	-C/-C	5	50	90.91%	2	2	56	49	0.98	1	1	4	1	20	30	-C
I	5368273	G	+T/+T	2	52	92.86%	1	2	37	47	0.98	1	1	0	2	18	34	+T
I	5385377	T	*/+A	30	2	6.06%	2	2	51	55	0.98	1	1	26	4	1	1	+A
I	5426622	C	+T/+T	1	17	85%	1	2	37	39	0.98	1	1	1	0	13	4	+T
I	5426622	C	*/+TT	1	2	10%	1	1	37	55	0.98	1	1	1	0	2	0	+T
I	5523144	C	*/+A	25	2	7.41%	2	1	48	36	0.98	1	1	8	17	0	2	+A
I	5547223	T	*/-A	14	2	12.5%	2	2	49	31	0.98	1	1	7	7	1	1	-A
I	5559365	C	*/-T	3	2	40%	1	1	33	49	0.98	1	1	3	0	2	0	-T
I	5567937	C	*/-A	17	3	12.5%	2	1	41	37	0.98	1	1	11	6	3	0	-A
I	5567937	C	*/-AA	17	2	8.33%	2	1	41	37	0.98	1	1	11	6	2	0	-A
I	5567937	C	*/+A	17	2	8.33%	2	1	41	37	0.98	1	1	11	6	2	0	-A
I	5568055	C	*/-T	28	3	9.68%	2	1	42	29	0.98	1	1	20	8	0	3	-T
I	5569124	G	*/+GGCTGCTATAATCATTCCCAA	44	3	6.38%	2	1	50	37	0.98	1	1	18	26	0	3	+GGCTGCTATAATCATTCCCAA
I	5570823	C	*/-A	6	3	30%	2	2	33	32	0.98	1	1	5	1	1	2	-A
I	5576850	T	*/-A	13	2	7.69%	2	2	41	55	0.98	1	1	9	4	1	1	-A
I	5576850	T	*/-AA	13	9	34.62%	2	2	41	39	0.98	1	1	9	4	6	3	-AA
II	4117	A	*/+C	38	4	9.52%	2	2	47	37	0.98	1	1	20	18	1	3	+C
II	21982	C	*/+AT	34	2	5.56%	2	2	51	49	0.98	1	1	12	22	1	1	+AT
II	23557	G	*/-A	4	2	28.57%	2	2	52	42	0.98	1	1	3	1	1	1	-A
II	52800	C	*/+T	28	2	6.67%	2	2	47	55	0.98	1	1	16	12	1	1	+T
II	113240	T	*/-A	9	3	23.08%	2	2	37	37	0.98	1	1	3	6	1	2	-A
II	121588	G	*/+T	12	2	14.29%	2	2	52	74	0.98	1	1	8	4	1	1	+T
II	128001	T	-A/-A	1	21	95.45%	1	2	25	48	0.98	1	1	0	1	14	7	-A
II	146079	T	-C/-C	2	33	94.29%	1	2	74	45	0.98	1	1	2	0	13	20	-C
II	201022	A	*/+T	11	2	15.38%	2	1	43	55	0.98	1	1	5	6	2	0	+T
II	229897	A	*/-T	28	8	19.51%	2	2	40	40	0.98	1	1	17	11	6	2	-T
II	243155	C	*/+A	14	2	11.76%	2	1	38	42	0.98	1	1	9	5	2	0	+A
II	246318	A	*/-T	22	3	12%	2	2	49	49	0.98	1	1	8	14	2	1	-T
II	376034	C	*/-T	25	3	10.71%	2	1	40	61	0.98	1	1	6	19	0	3	-T
II	383156	C	*/-T	20	2	8.7%	2	1	48	74	0.98	1	1	15	5	2	0	-T
II	410085	C	*/-T	11	6	26.09%	2	2	42	39	0.98	1	1	10	1	3	3	-T
II	410085	C	*/-TT	11	4	17.39%	2	2	42	49	0.98	1	1	10	1	3	1	-T
II	484534	A	*/+T	7	12	54.55%	2	2	38	43	0.98	1	1	3	4	5	7	+T
II	484534	A	*/+TT	7	2	9.09%	2	1	38	49	0.98	1	1	3	4	0	2	+T
II	516071	T	*/-A	7	3	30%	2	1	40	49	0.98	1	1	3	4	0	3	-A
II	521731	G	*/-T	30	2	6.06%	2	1	47	37	0.98	1	1	16	14	2	0	-T
II	526945	G	*/-GTGTGCGTGTACGT	39	5	11.36%	2	2	50	59	0.98	1	1	15	24	3	2	-GTGTGCGTGTACGT
II	526955	T	*/-AC	15	10	40%	2	2	58	40	0.98	1	1	7	8	4	6	-AC
II	526959	T	*/+TTAG	14	10	40%	2	2	53	39	0.98	1	1	6	8	4	6	+TTAG
II	561064	T	*/-A	9	3	20%	2	2	49	61	0.98	1	1	8	1	1	2	-A
II	561064	T	*/+A	9	2	13.33%	2	1	49	37	0.98	1	1	8	1	0	2	-A
II	565295	C	*/-A	27	2	6.9%	2	2	47	74	0.98	1	1	11	16	1	1	-A
II	603279	A	-T/-T	0	14	100%	0	2	0	42	0.98	0	1	0	0	8	6	-T
II	603305	A	-C/-C	0	21	100%	0	2	0	42	0.98	0	1	0	0	11	10	-C
II	645098	C	*/+A	6	2	22.22%	2	1	39	74	0.98	1	1	3	3	0	2	+A
II	657016	T	+A/+A	3	19	82.61%	2	2	45	48	0.98	1	1	2	1	7	12	+A
II	673086	G	*/-A	8	6	35.29%	2	2	35	46	0.98	1	1	7	1	3	3	-A
II	673086	G	*/+A	8	2	11.76%	2	1	35	37	0.98	1	1	7	1	2	0	-A
II	700009	T	-A/-A	2	9	81.82%	1	2	37	39	0.98	1	1	0	2	1	8	-A
II	716295	G	*/-T	15	6	26.09%	2	2	51	47	0.98	1	1	7	8	4	2	-T
II	753854	A	*/-T	13	3	15.79%	2	2	37	40	0.98	1	1	11	2	1	2	-T
II	753854	A	*/+T	13	3	15.79%	2	1	37	37	0.98	1	1	11	2	3	0	-T
II	756993	C	*/-TT	10	3	17.65%	2	2	52	37	0.98	1	1	3	7	1	2	-TT
II	756993	C	*/+T	10	2	11.76%	2	2	52	31	0.98	1	1	3	7	1	1	-TT
II	818998	C	*/-A	22	3	12%	2	2	45	37	0.98	1	1	8	14	1	2	-A
II	860521	T	*/-A	36	2	5%	2	1	46	37	0.98	1	1	26	10	2	0	-A
II	860521	T	*/+A	36	2	5%	2	2	46	37	0.98	1	1	26	10	1	1	-A
II	888599	A	-C/-C	0	14	100%	0	2	0	51	0.98	0	1	0	0	5	9	-C
II	889921	C	*/-T	22	5	18.52%	2	2	36	37	0.98	1	1	18	4	4	1	-T
II	903106	G	+T/+T	0	29	100%	0	2	0	47	0.98	0	1	0	0	9	20	+T
II	965517	C	*/-T	15	3	15.79%	2	2	44	49	0.98	1	1	13	2	2	1	-T
II	997025	G	*/-A	26	2	7.14%	2	2	44	31	0.98	1	1	9	17	1	1	-A
II	1019510	T	-A/-A	1	10	76.92%	1	2	25	43	0.98	1	1	0	1	3	7	-A
II	1019510	T	*/-AA	1	2	15.38%	1	1	25	37	0.98	1	1	0	1	2	0	-A
II	1059118	T	*/-A	17	2	10.53%	2	1	47	55	0.98	1	1	8	9	2	0	-A
II	1079843	T	+A/+A	1	18	94.74%	1	2	37	42	0.98	1	1	0	1	5	13	+A
II	1104941	G	*/-TT	8	2	13.33%	2	1	38	55	0.98	1	1	6	2	2	0	-TT
II	1104941	G	*/+T	8	2	13.33%	2	1	38	37	0.98	1	1	6	2	2	0	-TT
II	1141304	C	*/-A	23	2	8%	2	2	42	42	0.98	1	1	9	14	1	1	-A
II	1145810	T	*/+A	17	2	10.53%	2	1	50	37	0.98	1	1	8	9	2	0	+A
II	1149960	C	*/+T	11	2	15.38%	2	1	41	36	0.98	1	1	3	8	0	2	+T
II	1163154	A	-T/-T	4	21	84%	2	2	55	42	0.98	1	1	1	3	9	12	-T
II	1171363	T	*/-A	20	5	20%	2	2	45	44	0.98	1	1	16	4	3	2	-A
II	1187785	G	*/-T	22	6	20%	2	2	49	49	0.98	1	1	10	12	3	3	-T
II	1243365	G	*/-T	18	2	10%	2	1	48	37	0.98	1	1	8	10	2	0	-T
II	1266289	T	+A/+A	1	7	77.78%	1	2	62	33	0.98	1	1	0	1	2	5	+A
II	1266955	G	*/-GA	50	4	7.27%	2	1	53	55	0.98	1	1	24	26	0	4	-GA
II	1273354	C	*/-A	38	2	5%	2	2	51	37	0.98	1	1	19	19	1	1	-A
II	1277481	G	*/+TT	6	3	21.43%	2	2	37	44	0.98	1	1	5	1	1	2	+TT
II	1285834	C	*/+T	14	5	26.32%	2	2	55	44	0.98	1	1	5	9	4	1	+T
II	1308618	G	-T/-T	2	36	94.74%	2	2	37	46	0.98	1	1	1	1	24	12	-T
II	1312254	C	*/+T	3	2	33.33%	1	1	36	36	0.98	1	1	3	0	2	0	+T
II	1349040	A	*/-T	19	2	9.52%	2	2	44	37	0.98	1	1	14	5	1	1	-T
II	1365999	G	*/-T	20	7	24.14%	2	2	50	40	0.98	1	1	12	8	4	3	-T
II	1366183	A	*/+AG	30	3	9.09%	2	1	44	37	0.98	1	1	19	11	0	3	+AG
II	1389139	C	*/-T	8	2	9.09%	2	2	40	55	0.98	1	1	6	2	1	1	-T
II	1389139	C	*/-TT	8	2	9.09%	2	2	40	31	0.98	1	1	6	2	1	1	-T
II	1389139	C	*/+T	8	5	22.73%	2	1	40	44	0.98	1	1	6	2	5	0	+T
II	1389139	C	*/+TT	8	4	18.18%	2	2	40	49	0.98	1	1	6	2	1	3	+T
II	1467485	C	*/-T	14	3	15.79%	2	2	41	37	0.98	1	1	4	10	1	2	-T
II	1545027	C	*/+A	6	2	20%	2	2	38	37	0.98	1	1	4	2	1	1	+A
II	1571445	G	*/-TA	17	3	14.29%	2	2	44	49	0.98	1	1	6	11	1	2	-TA
II	1588936	G	*/+A	3	2	33.33%	1	1	30	51	0.98	1	1	3	0	2	0	+A
II	1606686	A	*/+TGGAAGTGGTAAG	79	5	5.81%	2	2	45	44	0.98	1	1	39	40	3	2	+TGGAAGTGGTAAG
II	1610504	A	*/+G	57	4	6.56%	2	2	45	55	0.98	1	1	35	22	3	1	+G
II	1612985	A	*/+ATAATGATAATG	13	2	13.33%	2	2	51	55	0.98	1	1	6	7	1	1	+ATAATGATAATG
II	1627981	C	*/-T	9	5	33.33%	2	2	36	56	0.98	1	1	5	4	1	4	-T
II	1634843	T	*/+ATTATC	12	2	13.33%	2	1	43	74	0.98	1	1	9	3	0	2	+ATTATC
II	1641172	C	*/+ACCACTTCCACTT	67	6	8.22%	2	2	54	61	0.98	1	1	37	30	1	5	+ACCACTTCCACTT
II	1678205	T	-A/-A	1	9	90%	1	2	74	38	0.98	1	1	1	0	5	4	-A
II	1709150	G	*/-T	17	2	10.53%	2	2	47	37	0.98	1	1	12	5	1	1	-T
II	1716256	G	*/+T	13	2	12.5%	2	1	38	37	0.98	1	1	8	5	2	0	+T
II	1716287	T	*/-G	13	6	31.58%	2	2	42	41	0.98	1	1	7	6	1	5	-G
II	1763419	T	*/-A	16	6	26.09%	2	2	45	43	0.98	1	1	8	8	2	4	-A
II	1805315	C	*/-T	2	2	40%	2	2	37	55	0.98	1	1	1	1	1	1	-T
II	1818108	C	*/-T	15	8	32%	2	2	39	38	0.98	1	1	6	9	4	4	-T
II	1861420	T	-G/-G	1	38	97.44%	1	2	74	50	0.98	1	1	1	0	17	21	-G
II	1867795	A	+T/+T	0	10	100%	0	2	0	49	0.98	0	1	0	0	4	6	+T
II	1868122	G	*/+T	3	8	72.73%	1	2	41	41	0.98	1	1	3	0	7	1	+T
II	1873779	T	+A/+A	1	13	86.67%	1	2	37	39	0.98	1	1	0	1	5	8	+A
II	1877294	A	+T/+T	1	11	91.67%	1	2	37	57	0.98	1	1	1	0	5	6	+T
II	1909199	T	*/+A	13	4	23.53%	2	2	35	37	0.98	1	1	10	3	2	2	+A
II	1941697	A	*/+T	9	2	16.67%	2	2	35	37	0.98	1	1	8	1	1	1	+T
II	1941966	A	+T/+T	0	35	100%	0	2	0	50	0.98	0	1	0	0	15	20	+T
II	1941982	A	+T/+T	2	32	94.12%	2	2	55	48	0.98	1	1	1	1	11	21	+T
II	1944778	C	*/-T	33	2	5.56%	2	2	42	37	0.98	1	1	17	16	1	1	-T
II	1948953	G	-A/-A	0	29	100%	0	2	0	45	0.98	0	1	0	0	19	10	-A
II	1950050	A	+G/+G	1	28	96.55%	1	2	37	50	0.98	1	1	1	0	12	16	+G
II	1953298	C	*/-CT	28	2	6.25%	2	1	46	36	0.98	1	1	11	17	0	2	-CT
II	1953407	T	*/+C	13	3	18.75%	2	1	35	45	0.98	1	1	3	10	0	3	+C
II	1955495	T	*/+A	2	13	68.42%	1	2	37	50	0.98	1	1	2	0	5	8	+A
II	1955509	A	*/+T	18	2	10%	2	1	48	37	0.98	1	1	6	12	2	0	+T
II	1960392	A	+G/+G	0	14	100%	0	2	0	42	0.98	0	1	0	0	1	13	+G
II	1987101	C	-G/-G	1	32	96.97%	1	2	37	47	0.98	1	1	1	0	16	16	-G
II	1987117	T	-G/-G	0	32	100%	0	2	0	47	0.98	0	1	0	0	14	18	-G
II	1992841	T	+A/+A	2	17	89.47%	2	2	37	42	0.98	1	1	1	1	12	5	+A
II	2049891	A	-T/-T	1	35	97.22%	1	2	74	53	0.98	1	1	1	0	14	21	-T
II	2053516	G	+C/+C	0	27	100%	0	2	0	52	0.98	0	1	0	0	7	20	+C
II	2108180	T	+A/+A	1	17	94.44%	1	2	37	53	0.98	1	1	0	1	8	9	+A
II	2147726	G	+T/+T	3	28	90.32%	2	2	61	46	0.98	1	1	2	1	12	16	+T
II	2186614	G	*/+A	15	2	11.76%	2	1	61	48	0.98	1	1	8	7	0	2	+A
II	2187407	G	+A/+A	1	22	91.67%	1	2	37	44	0.98	1	1	0	1	10	12	+A
II	2197587	C	*/-A	6	2	22.22%	2	2	43	31	0.98	1	1	5	1	1	1	-A
II	2219928	A	+T/+T	0	21	100%	0	2	0	46	0.98	0	1	0	0	9	12	+T
II	2223853	T	*/-A	11	2	15.38%	2	1	37	37	0.98	1	1	4	7	0	2	-A
II	2228776	T	*/-G	18	2	10%	2	2	39	55	0.98	1	1	12	6	1	1	-G
II	2265291	A	*/-T	16	2	10.53%	2	1	50	37	0.98	1	1	10	6	2	0	-T
II	2293297	G	-A/-A	1	16	94.12%	1	2	37	48	0.98	1	1	1	0	9	7	-A
II	2384381	G	*/-T	12	2	14.29%	2	2	47	37	0.98	1	1	5	7	1	1	-T
II	2438598	T	*/+TA	2	7	70%	1	1	49	51	0.98	1	1	0	2	0	7	+TA
II	2443873	T	*/+A	3	2	14.29%	2	1	49	37	0.98	1	1	2	1	2	0	+A
II	2443873	T	*/+AA	3	7	50%	2	2	49	43	0.98	1	1	2	1	5	2	+AA
II	2523624	C	*/-A	2	6	66.67%	2	2	36	45	0.98	1	1	1	1	3	3	-A
II	2591913	T	*/+A	5	11	64.71%	1	2	44	40	0.98	1	1	5	0	6	5	+A
II	2592423	T	+A/+A	2	16	84.21%	1	2	49	43	0.98	1	1	2	0	6	10	+A
II	2630607	C	*/+A	4	15	68.18%	2	2	44	49	0.98	1	1	3	1	4	11	+A
II	2630607	C	*/+AA	4	2	9.09%	2	2	44	55	0.98	1	1	3	1	1	1	+A
II	2630900	T	*/-AGTAA	24	2	7.69%	2	2	55	61	0.98	1	1	15	9	1	1	-AGTAA
II	2640785	T	*/+A	8	24	68.57%	2	2	50	52	0.98	1	1	3	5	12	12	+A
II	2647497	C	*/-T	17	4	18.18%	2	2	44	40	0.98	1	1	8	9	2	2	-T
II	2661369	A	+T/+T	2	11	84.62%	1	2	37	50	0.98	1	1	2	0	5	6	+T
II	2702173	G	*/-TA	20	4	16.67%	2	2	50	55	0.98	1	1	12	8	3	1	-TA
II	2709414	G	+C/+C	1	28	93.33%	1	2	74	58	0.98	1	1	1	0	10	18	+C
II	2720152	T	*/+A	25	2	7.14%	2	1	46	31	0.98	1	1	13	12	0	2	+A
II	2755338	C	*/-AT	5	11	64.71%	1	2	51	36	0.98	1	1	0	5	5	6	-AT
II	2788933	C	+G/+G	0	21	100%	0	2	0	41	0.98	0	1	0	0	13	8	+G
II	2798040	C	-T/-T	2	19	90.48%	1	2	55	51	0.98	1	1	0	2	8	11	-T
II	2798514	A	-G/-G	0	18	100%	0	2	0	54	0.98	0	1	0	0	11	7	-G
II	2811495	C	-A/-A	0	23	100%	0	2	0	48	0.98	0	1	0	0	12	11	-A
II	2830962	C	*/+T	21	2	8.7%	2	1	47	37	0.98	1	1	15	6	0	2	+T
II	2894538	T	*/-A	13	4	22.22%	2	2	38	46	0.98	1	1	7	6	2	2	-A
II	2900889	A	*/-T	11	4	22.22%	2	1	50	37	0.98	1	1	9	2	4	0	-T
II	2900889	A	*/-TT	11	2	11.11%	2	2	50	42	0.98	1	1	9	2	1	1	-T
II	2908519	G	*/-A	22	3	11.54%	2	2	46	45	0.98	1	1	12	10	1	2	-A
II	2938956	C	*/+T	2	17	70.83%	2	2	74	43	0.98	1	1	1	1	7	10	+T
II	2955362	C	*/-A	19	2	9.52%	2	1	46	37	0.98	1	1	7	12	2	0	-A
II	2986224	T	*/+A	21	12	35.29%	2	2	44	52	0.98	1	1	11	10	6	6	+A
II	2988149	G	*/-T	18	2	10%	2	1	44	55	0.98	1	1	15	3	2	0	-T
II	3010975	G	*/-T	43	3	6.52%	2	2	55	61	0.98	1	1	20	23	2	1	-T
II	3028585	C	*/-AT	15	2	11.76%	2	2	57	42	0.98	1	1	5	10	1	1	-AT
II	3040332	C	+G/+G	0	24	100%	0	2	0	50	0.98	0	1	0	0	10	14	+G
II	3050424	C	*/-T	15	2	10%	2	1	51	37	0.98	1	1	8	7	2	0	-T
II	3050424	C	*/+T	15	3	15%	2	1	51	37	0.98	1	1	8	7	3	0	+T
II	3058544	T	*/+GG	6	3	30%	2	1	37	37	0.98	1	1	2	4	3	0	+GG
II	3154052	G	*/-T	18	2	8.33%	2	1	51	36	0.98	1	1	12	6	0	2	-T
II	3154052	G	*/+T	18	2	8.33%	2	2	51	61	0.98	1	1	12	6	1	1	-T
II	3171788	G	*/-A	8	2	10%	2	1	37	37	0.98	1	1	7	1	2	0	-A
II	3171788	G	*/-AAA	8	2	10%	2	1	37	55	0.98	1	1	7	1	2	0	-A
II	3171788	G	*/+A	8	5	25%	2	2	37	42	0.98	1	1	7	1	4	1	+A
II	3175926	C	*/-T	4	2	25%	1	1	34	37	0.98	1	1	4	0	2	0	-T
II	3253453	C	*/+T	1	2	40%	1	2	25	37	0.98	1	1	1	0	1	1	+T
II	3281681	C	*/-A	29	2	6.45%	2	1	42	37	0.98	1	1	17	12	2	0	-A
II	3374912	C	*/+T	5	2	28.57%	2	2	52	74	0.98	1	1	2	3	1	1	+T
II	3380128	C	*/-T	12	3	17.65%	2	2	34	36	0.98	1	1	11	1	2	1	-T
II	3380128	C	*/+T	12	2	11.76%	2	1	34	38	0.98	1	1	11	1	2	0	-T
II	3422290	G	+TTAT/+TTAT	2	17	85%	2	2	55	40	0.98	1	1	1	1	14	3	+TTAT
II	3474608	C	*/+A	23	2	8%	2	2	54	74	0.98	1	1	10	13	1	1	+A
II	3487895	G	*/+TATTTTATTT	4	9	69.23%	2	2	49	43	0.98	1	1	3	1	4	5	+TATTTTATTT
II	3509251	T	*/-A	20	5	18.52%	2	2	41	44	0.98	1	1	16	4	2	3	-A
II	3509251	T	*/+A	20	2	7.41%	2	1	41	31	0.98	1	1	16	4	0	2	-A
II	3514786	C	*/-T	16	2	10%	2	1	40	37	0.98	1	1	10	6	2	0	-T
II	3514786	C	*/-TT	16	2	10%	2	2	40	37	0.98	1	1	10	6	1	1	-T
II	3540057	A	*/-T	18	6	25%	2	2	48	37	0.98	1	1	9	9	4	2	-T
II	3606583	C	*/-A	21	2	8.7%	2	2	45	55	0.98	1	1	15	6	1	1	-A
II	3606660	C	*/+T	25	2	7.41%	2	1	48	55	0.98	1	1	14	11	2	0	+T
II	3619003	A	+G/+G	1	28	96.55%	1	2	37	47	0.98	1	1	1	0	14	14	+G
II	3621704	A	*/+T	10	2	15.38%	2	1	49	68	0.98	1	1	6	4	0	2	+T
II	3715149	G	*/-A	5	2	20%	1	1	41	42	0.98	1	1	5	0	2	0	-A
II	3715149	G	*/+A	5	2	20%	1	1	41	37	0.98	1	1	5	0	2	0	-A
II	3799350	G	*/+A	1	2	40%	1	1	37	37	0.98	1	1	1	0	2	0	A
II	3804883	A	*/+T	20	2	9.09%	2	1	48	37	0.98	1	1	12	8	0	2	+T
II	3838101	C	-A/-A	2	7	77.78%	1	2	37	40	0.98	1	1	2	0	2	5	-A
II	3838912	T	*/-A	12	2	13.33%	2	1	42	25	0.98	1	1	5	7	0	2	-A
II	3856896	A	*/-T	13	2	9.09%	2	1	41	37	0.98	1	1	7	6	2	0	-T
II	3856896	A	*/+T	13	4	18.18%	2	2	41	55	0.98	1	1	7	6	1	3	+T
II	3860185	C	*/-TAGTA	19	34	61.82%	2	2	51	41	0.98	1	1	6	13	32	2	-TAGTA
II	3861161	C	*/-T	17	4	19.05%	2	2	50	55	0.98	1	1	10	7	1	3	-T
II	3883700	A	*/-AT	11	2	15.38%	2	1	56	55	0.98	1	1	3	8	2	0	-AT
II	3954039	C	*/-T	19	4	12.9%	2	1	47	36	0.98	1	1	13	6	4	0	-T
II	3954039	C	*/+T	19	7	22.58%	2	1	47	42	0.98	1	1	13	6	7	0	+T
II	3975235	C	*/-A	13	4	18.18%	2	2	33	37	0.98	1	1	9	4	3	1	-A
II	3975235	C	*/+A	13	3	13.64%	2	2	33	40	0.98	1	1	9	4	2	1	-A
II	3980468	C	*/-T	15	4	19.05%	2	1	39	45	0.98	1	1	7	8	4	0	-T
II	3980889	G	*/-A	40	5	11.11%	2	2	49	59	0.98	1	1	26	14	3	2	-A
II	4006982	C	*/-A	9	3	21.43%	2	2	50	41	0.98	1	1	5	4	2	1	-A
II	4006982	C	*/-AA	9	2	14.29%	2	1	50	37	0.98	1	1	5	4	2	0	-A
II	4031460	A	*/+T	11	5	29.41%	2	2	51	31	0.98	1	1	8	3	2	3	+T
II	4089225	G	*/-T	31	2	6.06%	2	1	44	74	0.98	1	1	10	21	2	0	-T
II	4107253	G	*/+TTT	5	2	18.18%	2	1	34	37	0.98	1	1	4	1	2	0	+TTT
II	4107253	G	*/+TTTT	5	2	18.18%	2	2	34	37	0.98	1	1	4	1	1	1	+TTT
II	4108814	G	*/-TA	37	3	7.5%	2	2	44	37	0.98	1	1	18	19	1	2	-TA
II	4249637	A	*/-AT	22	2	8.33%	2	2	54	55	0.98	1	1	10	12	1	1	-AT
II	4254960	G	-A/-A	0	14	100%	0	2	0	55	0.98	0	1	0	0	4	10	-A
II	4264124	C	*/+TGA	36	4	10%	2	2	45	37	0.98	1	1	24	12	2	2	+TGA
II	4308414	C	*/+A	5	12	66.67%	2	2	46	48	0.98	1	1	4	1	4	8	+A
II	4315564	C	*/-T	35	3	7.89%	2	2	47	61	0.98	1	1	21	14	2	1	-T
II	4419921	T	*/+A	3	5	55.56%	2	2	37	41	0.98	1	1	2	1	2	3	+A
II	4452613	A	*/-T	26	2	7.14%	2	2	55	37	0.98	1	1	12	14	1	1	-T
II	4475221	G	*/-T	29	2	6.45%	2	1	44	55	0.98	1	1	16	13	2	0	-T
II	4505641	C	*/-A	20	3	13.04%	2	1	40	37	0.98	1	1	14	6	3	0	-A
II	4513922	G	*/+GGCTGCTATAATCATTCCCAA	30	3	9.09%	2	1	48	49	0.98	1	1	12	18	0	3	+GGCTGCTATAATCATTCCCAA
II	4517047	T	*/+TACTCATC	33	41	51.25%	2	2	48	50	0.98	1	1	17	16	25	16	+TACTCATC
II	4521677	T	*/-AA	6	5	41.67%	2	2	41	44	0.98	1	1	3	3	4	1	-AA
II	4525340	G	*/-T	45	7	8.75%	2	2	42	53	0.98	1	1	35	10	4	3	-T
II	4525340	G	*/+T	45	22	27.5%	2	2	42	41	0.98	1	1	35	10	10	12	+T
II	4525340	G	*/+TT	45	4	5%	2	2	42	46	0.98	1	1	35	10	2	2	+T
II	4526174	A	*/-T	25	10	28.57%	2	2	44	50	0.98	1	1	16	9	3	7	-T
II	4526230	A	*/+G	28	2	6.67%	2	2	48	37	0.98	1	1	18	10	1	1	+G
II	4526843	C	*/-T	17	6	23.08%	2	2	32	36	0.98	1	1	12	5	2	4	-T
II	4526843	C	*/-TT	17	3	11.54%	2	2	32	45	0.98	1	1	12	5	2	1	-T
II	4528465	C	*/+GACAAT	82	14	14.58%	2	2	46	38	0.98	1	1	45	37	7	7	+GACAAT
II	4528483	T	*/-GACAATGACAGA	92	14	13.21%	2	2	43	40	0.98	1	1	48	44	12	2	-GACAATGACAGA
II	4529375	T	*/+ACAACGACAACGACAACG	63	17	19.32%	2	2	46	42	0.98	1	1	40	23	11	6	+ACAACGACAACGACAACG
II	4529375	T	*/+ACAACGACAACGACAACGACAACG	63	5	5.68%	2	2	46	42	0.98	1	1	40	23	1	4	+ACAACGACAACGACAACG
II	4533588	C	*/-T	64	40	38.46%	2	2	42	45	0.98	1	1	31	33	22	18	-T
II	4534880	A	*/-T	153	34	18.18%	2	2	44	48	0.98	1	1	73	80	14	20	-T
II	4535321	G	*/-GATAT	252	39	13.4%	2	2	44	43	0.98	1	1	130	122	23	16	-GATAT
II	4535523	T	*/+GTTACG	324	43	11.72%	2	2	47	51	0.98	1	1	93	231	14	29	+GTTACG
II	4535548	A	*/-TATGTG	287	31	8.91%	2	2	47	48	0.98	1	1	108	179	16	15	-TATGTG
II	4535548	A	*/+TATGTG	287	25	7.18%	2	2	47	50	0.98	1	1	108	179	8	17	-TATGTG
II	4535645	G	*/-T	228	42	15.5%	2	2	50	48	0.98	1	1	125	103	23	19	-T
II	4535727	A	*/-G	173	43	19.91%	2	2	45	43	0.98	1	1	64	109	17	26	-G
II	4536089	C	*/+AAAAGAAAAGTAAATT	54	3	5.17%	2	2	41	37	0.98	1	1	30	24	2	1	+AAAAGAAAAGTAAATT
II	4536728	A	*/+GAGAGTAGG	283	27	8.41%	2	2	48	49	0.98	1	1	126	157	14	13	+GAGAGTAGG
II	4537213	G	*/+T	153	248	61.69%	2	2	46	50	0.98	1	1	86	67	148	100	+T
II	4537387	A	*/-AATAAGAG	105	173	62.23%	2	2	48	46	0.98	1	1	41	64	101	72	-AATAAGAG
II	4537655	A	*/+AAATG	75	17	18.28%	2	2	45	41	0.98	1	1	45	30	12	5	+AAATG
II	4537665	G	*/-AAATA	73	8	8.6%	2	2	45	40	0.98	1	1	47	26	4	4	-AAATA
II	4537665	G	*/+AAATA	73	11	11.83%	2	2	45	45	0.98	1	1	47	26	6	5	+AAATA
III	1558	G	*/-A	114	15	9.62%	2	2	41	39	0.98	1	1	51	63	8	7	-A
III	1558	G	*/+A	114	10	6.41%	2	2	41	39	0.98	1	1	51	63	6	4	-A
III	1558	G	*/+AA	114	9	5.77%	2	2	41	46	0.98	1	1	51	63	4	5	-A
III	4729	A	*/-T	625	219	22.51%	2	2	47	51	0.98	1	1	398	227	90	129	-T
III	4729	A	*/+T	625	84	8.63%	2	2	47	48	0.98	1	1	398	227	31	53	-T
III	5403	C	*/-T	619	240	24.42%	2	2	42	44	0.98	1	1	460	159	110	130	-T
III	5403	C	*/-TT	619	64	6.51%	2	2	42	44	0.98	1	1	460	159	33	31	-T
III	10223	A	*/-T	133	38	22.09%	2	2	41	45	0.98	1	1	98	35	26	12	-T
III	12428	G	*/-A	109	16	11.03%	2	2	42	33	0.98	1	1	53	56	4	12	-A
III	15599	A	*/-T	636	246	24.45%	2	2	46	47	0.98	1	1	430	206	89	157	-T
III	15599	A	*/+T	636	79	7.85%	2	2	46	48	0.98	1	1	430	206	37	42	-T
III	15822	C	*/+T	626	37	5.42%	2	2	43	50	0.98	1	1	385	241	16	21	+T
III	16273	C	*/-T	632	204	21.43%	2	2	41	42	0.98	1	1	467	165	108	96	-T
III	16273	C	*/-TT	632	65	6.83%	2	2	41	44	0.98	1	1	467	165	34	31	-T
III	21093	A	*/-T	129	44	25.29%	2	2	40	41	0.98	1	1	88	41	31	13	-T
III	23298	G	*/-A	109	14	9.15%	2	2	42	38	0.98	1	1	57	52	5	9	-A
III	23298	G	*/+A	109	9	5.88%	2	2	42	50	0.98	1	1	57	52	6	3	-A
III	23298	G	*/+AA	109	8	5.23%	2	2	42	40	0.98	1	1	57	52	3	5	-A
III	59772	C	*/-A	27	3	9.68%	2	2	55	33	0.98	1	1	18	9	1	2	-A
III	69589	T	*/-A	9	5	31.25%	2	2	41	44	0.98	1	1	2	7	4	1	-A
III	123319	T	*/-A	10	8	40%	2	2	38	46	0.98	1	1	9	1	1	7	-A
III	172221	C	*/+TACATA	9	11	55%	2	2	41	43	0.98	1	1	1	8	7	4	+TACATA
III	207168	T	*/-A	6	3	33.33%	2	2	43	57	0.98	1	1	5	1	2	1	-A
III	237048	G	*/-A	13	2	12.5%	1	2	34	42	0.98	1	1	13	0	1	1	-A
III	245692	C	*/-T	20	2	9.09%	2	2	40	74	0.98	1	1	15	5	1	1	-T
III	253907	A	*/+T	3	4	44.44%	2	2	37	34	0.98	1	1	2	1	3	1	+T
III	286478	C	-TT/-TT	0	9	100%	0	2	0	37	0.98	0	1	0	0	5	4	-TT
III	286594	T	*/+A	7	5	35.71%	2	1	44	51	0.98	1	1	6	1	5	0	+A
III	293096	G	*/-T	11	3	21.43%	2	2	41	49	0.98	1	1	8	3	2	1	-T
III	348685	G	*/-AT	53	5	8.62%	2	2	46	37	0.98	1	1	33	20	2	3	-AT
III	365747	C	-A/-A	1	15	93.75%	1	2	37	39	0.98	1	1	1	0	8	7	-A
III	467904	C	*/-A	11	2	14.29%	2	2	52	49	0.98	1	1	6	5	1	1	-A
III	530919	C	*/+T	20	2	9.09%	2	1	49	49	0.98	1	1	11	9	0	2	+T
III	568658	C	*/-T	10	3	21.43%	2	2	46	45	0.98	1	1	8	2	2	1	-T
III	675253	C	*/-T	18	3	14.29%	2	2	41	49	0.98	1	1	8	10	2	1	-T
III	717677	A	*/-T	2	9	56.25%	1	2	74	42	0.98	1	1	2	0	4	5	-T
III	717677	A	*/-TT	2	3	18.75%	1	2	74	61	0.98	1	1	2	0	2	1	-T
III	717677	A	*/-TTT	2	2	12.5%	1	2	74	68	0.98	1	1	2	0	1	1	-T
III	719703	T	*/-A	5	3	37.5%	2	2	44	40	0.98	1	1	2	3	2	1	-A
III	719955	A	-C/-C	0	4	100%	0	1	0	46	0.98	0	1	0	0	0	4	-C
III	720559	C	*/-T	5	4	44.44%	2	2	42	55	0.98	1	1	2	3	2	2	-T
III	720683	A	+T/+T	2	11	78.57%	1	2	37	39	0.98	1	1	0	2	9	2	+T
III	762516	T	*/-A	15	5	22.73%	2	1	57	51	0.98	1	1	10	5	5	0	-A
III	867865	C	-T/-T	0	19	100%	0	2	0	40	0.98	0	1	0	0	7	12	-T
III	897531	C	*/+A	27	2	6.9%	2	1	40	42	0.98	1	1	17	10	2	0	+A
III	898665	T	*/-A	19	2	9.09%	2	1	42	37	0.98	1	1	14	5	2	0	-A
III	936705	G	*/-T	4	2	33.33%	1	1	49	55	0.98	1	1	4	0	2	0	-T
III	966124	G	*/-T	8	9	45%	2	1	39	35	0.98	1	1	7	1	9	0	-T
III	970548	C	*/-T	6	2	20%	2	2	36	37	0.98	1	1	3	3	1	1	-T
III	970892	C	*/-T	11	2	14.29%	1	1	35	37	0.98	1	1	11	0	2	0	-T
III	988719	G	*/-T	22	2	8.33%	2	1	52	68	0.98	1	1	11	11	2	0	-T
III	996949	A	*/-T	11	3	20%	2	2	49	37	0.98	1	1	4	7	1	2	-T
III	1016311	G	+C/+C	1	29	96.67%	1	2	25	52	0.98	1	1	1	0	9	20	+C
III	1039212	C	*/-T	20	2	8.7%	2	1	35	37	0.98	1	1	9	11	2	0	-T
III	1046764	T	*/-CC	18	2	10%	2	1	50	55	0.98	1	1	6	12	0	2	-CC
III	1073505	T	*/+ATATAGAG	144	10	6.49%	2	2	52	44	0.98	1	1	81	63	9	1	+ATATAGAG
III	1075530	A	*/+TGGAAGTGGTAAG	111	20	15.15%	2	2	43	41	0.98	1	1	37	74	9	11	+TGGAAGTGGTAAG
III	1079346	A	*/+G	100	9	8.26%	2	2	43	37	0.98	1	1	70	30	8	1	+G
III	1080146	T	*/+ATATAGAG	239	18	6.95%	2	2	45	45	0.98	1	1	95	144	8	10	+ATATAGAG
III	1082171	A	*/+TGGAAGTGGTAAG	120	12	9.09%	2	2	44	42	0.98	1	1	40	80	3	9	+TGGAAGTGGTAAG
III	1084026	A	*/+AGTGGTGATGGTT	62	4	6.06%	2	1	43	46	0.98	1	1	22	40	0	4	+AGTGGTGATGGTT
III	1087979	A	*/+G	50	5	9.09%	2	2	45	49	0.98	1	1	27	23	1	4	+G
III	1095550	G	*/-T	14	12	34.29%	2	2	47	42	0.98	1	1	10	4	6	6	-T
III	1095550	G	*/-TT	14	6	17.14%	2	1	47	43	0.98	1	1	10	4	6	0	-T
III	1095550	G	*/-TTT	14	2	5.71%	2	1	47	55	0.98	1	1	10	4	2	0	-T
III	1103423	T	*/-A	13	12	35.29%	2	2	35	45	0.98	1	1	12	1	6	6	-A
III	1103423	T	*/-AA	13	6	17.65%	2	2	35	32	0.98	1	1	12	1	3	3	-A
III	1103423	T	*/-AAA	13	2	5.88%	2	2	35	49	0.98	1	1	12	1	1	1	-A
III	1104937	C	*/-T	18	2	10%	2	1	41	37	0.98	1	1	15	3	2	0	-T
III	1110132	C	*/+TCTCTATA	74	4	5.13%	2	2	53	55	0.98	1	1	35	39	3	1	+TCTCTATA
III	1114914	T	*/+ACCACTAACCATC	55	6	9.84%	2	2	44	35	0.98	1	1	40	15	3	3	+ACCACTAACCATC
III	1121674	T	*/+ACCACTAACCATC	57	3	5%	2	2	42	37	0.98	1	1	38	19	2	1	+ACCACTAACCATC
III	1128434	T	*/+ACCACTAACCATC	49	5	9.09%	2	2	50	37	0.98	1	1	27	22	4	1	+ACCACTAACCATC
III	1131243	T	*/+C	69	6	8%	2	2	44	37	0.98	1	1	34	35	2	4	+C
III	1135194	T	*/+ACCACTAACCATC	53	4	7.02%	2	1	47	46	0.98	1	1	31	22	4	0	+ACCACTAACCATC
III	1168360	T	*/-G	11	3	21.43%	2	2	34	33	0.98	1	1	7	4	1	2	-G
III	1252505	G	*/+TT	9	3	17.65%	1	2	39	45	0.98	1	1	9	0	2	1	+TT
III	1293954	C	*/-A	13	2	13.33%	2	1	36	37	0.98	1	1	8	5	0	2	-A
III	1310710	G	*/+T	28	2	6.67%	2	2	40	49	0.98	1	1	17	11	1	1	+T
III	1395671	C	*/-A	21	3	11.11%	2	1	45	57	0.98	1	1	12	9	3	0	-A
III	1395671	C	*/+A	21	3	11.11%	2	1	45	40	0.98	1	1	12	9	3	0	-A
III	1395701	A	*/+AATGT	20	8	27.59%	2	2	46	49	0.98	1	1	10	10	5	3	+AATGT
III	1421567	T	*/+GGG	4	3	33.33%	1	1	46	33	0.98	1	1	4	0	3	0	+GGG
III	1431565	G	*/+A	31	2	6.06%	2	2	50	31	0.98	1	1	17	14	1	1	+A
III	1510629	T	*/-A	10	3	23.08%	2	1	57	45	0.98	1	1	4	6	3	0	-A
III	1529684	C	*/+A	4	3	42.86%	1	1	37	49	0.98	1	1	4	0	3	0	+A
III	1547169	C	*/-A	6	2	25%	2	1	36	37	0.98	1	1	5	1	2	0	-A
III	1575951	G	*/+T	2	2	28.57%	2	1	31	37	0.98	1	1	1	1	0	2	+T
III	1575951	G	*/+TT	2	2	28.57%	2	1	31	31	0.98	1	1	1	1	0	2	+T
III	1594933	T	*/-AA	19	2	9.09%	2	1	46	37	0.98	1	1	11	8	0	2	-AA
III	1685487	G	+A/+A	1	23	95.83%	1	2	37	46	0.98	1	1	0	1	8	15	+A
III	1702276	A	*/-T	33	4	10.81%	2	1	40	64	0.98	1	1	17	16	4	0	-T
III	1707997	T	*/-A	27	2	6.9%	2	2	42	55	0.98	1	1	18	9	1	1	-A
III	1712983	G	*/-A	18	4	17.39%	2	1	41	51	0.98	1	1	12	6	4	0	-A
III	1713001	A	*/-C	28	2	6.67%	2	2	48	49	0.98	1	1	12	16	1	1	-C
III	1756400	T	-A/-A	0	41	100%	0	2	0	47	0.98	0	1	0	0	11	30	-A
III	1765612	C	+T/+T	7	25	75.76%	2	2	40	46	0.98	1	1	6	1	8	17	+T
III	1774235	T	+GATC/+GATC	0	18	90%	0	2	0	44	0.98	0	1	0	0	7	11	+GATC
III	1780525	T	*/+A	32	2	5.88%	2	2	48	31	0.98	1	1	9	23	1	1	+A
III	1802522	G	*/-T	25	3	10.71%	2	1	41	49	0.98	1	1	19	6	3	0	-T
III	1812511	C	*/+A	23	2	7.69%	2	2	45	37	0.98	1	1	17	6	1	1	+A
III	1821911	C	*/-A	2	4	57.14%	1	2	25	40	0.98	1	1	2	0	2	2	-A
III	1834016	G	*/-T	27	2	6.67%	2	1	48	37	0.98	1	1	14	13	0	2	-T
III	1928744	G	*/-T	22	2	8.33%	2	2	52	49	0.98	1	1	16	6	1	1	-T
III	1965229	C	*/+A	15	2	11.76%	2	2	41	31	0.98	1	1	12	3	1	1	+A
III	1979604	A	*/-T	15	5	23.81%	2	2	41	44	0.98	1	1	10	5	2	3	-T
III	1985119	G	*/-T	15	2	11.76%	2	2	44	49	0.98	1	1	8	7	1	1	-T
III	2028192	T	*/-A	17	2	10.53%	2	2	42	42	0.98	1	1	15	2	1	1	-A
III	2067838	T	*/-A	7	2	16.67%	2	1	37	42	0.98	1	1	6	1	2	0	-A
III	2067838	T	*/+A	7	2	16.67%	2	1	37	55	0.98	1	1	6	1	0	2	-A
III	2076412	G	*/-T	13	3	17.65%	2	2	46	61	0.98	1	1	7	6	2	1	-T
III	2076980	A	*/-T	8	2	16.67%	2	1	41	74	0.98	1	1	5	3	2	0	-T
III	2113205	C	*/-T	12	3	20%	2	2	42	53	0.98	1	1	10	2	1	2	-T
III	2149308	C	*/-AT	13	2	12.5%	2	2	47	42	0.98	1	1	4	9	1	1	-AT
III	2157938	C	*/-T	29	3	9.09%	2	2	44	49	0.98	1	1	15	14	1	2	-T
III	2183757	T	*/+AA	27	2	6.9%	2	2	42	55	0.98	1	1	5	22	1	1	+AA
III	2190252	G	*/+A	6	2	25%	1	1	43	37	0.98	1	1	6	0	2	0	+A
III	2270459	C	*/-A	21	2	8.33%	2	1	44	37	0.98	1	1	19	2	2	0	-A
III	2281940	C	*/-T	17	2	10%	2	1	42	37	0.98	1	1	13	4	2	0	-T
III	2284394	C	*/+T	10	4	26.67%	2	2	46	55	0.98	1	1	3	7	2	2	+T
III	2309611	T	*/-A	13	4	23.53%	2	2	40	49	0.98	1	1	7	6	1	3	-A
III	2376654	G	*/-A	13	2	11.76%	2	1	42	42	0.98	1	1	10	3	2	0	-A
III	2376654	G	*/+A	13	2	11.76%	2	2	42	55	0.98	1	1	10	3	1	1	-A
III	2382018	A	*/-T	2	4	40%	2	2	33	39	0.98	1	1	1	1	1	3	-T
III	2382018	A	*/-TT	2	3	30%	2	2	33	49	0.98	1	1	1	1	1	2	-T
III	2404761	G	*/+T	17	3	15%	2	2	42	37	0.98	1	1	9	8	1	2	+T
III	2407611	C	*/-A	24	2	7.69%	2	2	44	68	0.98	1	1	8	16	1	1	-A
III	2420241	T	*/-A	9	3	21.43%	2	2	46	33	0.98	1	1	5	4	1	2	-A
III	2423197	T	*/-A	33	2	5.71%	2	2	53	37	0.98	1	1	14	19	1	1	-A
III	2443021	G	*/-A	72	4	5.19%	2	2	45	33	0.98	1	1	19	53	2	2	-A
III	2443562	A	+T/+T	2	20	90.91%	1	1	55	35	0.98	1	1	0	2	0	20	+T
III	2447848	T	*/-A	387	122	19.93%	2	2	45	41	0.98	1	1	278	109	88	34	-A
III	2447848	T	*/-AA	387	45	7.35%	2	2	45	41	0.98	1	1	278	109	32	13	-A
III	2447848	T	*/+A	387	43	7.03%	2	2	45	43	0.98	1	1	278	109	37	6	-A
III	2448309	T	-AA/-AA	25	253	90.36%	2	2	50	42	0.98	1	1	19	6	107	146	-AA
III	2448518	T	*/-A	538	129	17.41%	2	2	46	44	0.98	1	1	369	169	97	32	-A
