Chrom	Position	Ref	Cons	Reads1	Reads2	VarFreq	Strands1	Strands2	Qual1	Qual2	Pvalue	MapQual1	MapQual2	Reads1Plus	Reads1Minus	Reads2Plus	Reads2Minus	VarAllele
chr_II_telomeric_gap	4294	A	*/-T	10	2	16.67%	2	2	48	37	0.98	1	1	5	5	1	1	-T
chr_II_telomeric_gap	6088	A	*/-T	13	2	13.33%	2	2	40	31	0.98	1	1	12	1	1	1	-T
chr_II_telomeric_gap	6301	C	*/-AT	24	2	7.69%	2	1	47	49	0.98	1	1	10	14	0	2	-AT
chr_II_telomeric_gap	8538	G	*/-AA	2	2	40%	1	1	37	37	0.98	1	1	2	0	2	0	-AA
I	3160	A	*/+GTTGTCGTTGTCGTTGTC	56	10	11.11%	2	2	46	37	0.98	1	1	33	23	3	7	+GTTGTCGTTGTCGTTGTC
I	3160	A	*/+GTTGTCGTTGTCGTTGTCGTTGTC	56	20	22.22%	2	2	46	43	0.98	1	1	33	23	16	4	+GTTGTCGTTGTCGTTGTCGTTGTC
I	4053	C	*/+TGTCAT	48	5	9.26%	2	2	42	37	0.98	1	1	17	31	3	2	+TGTCAT
I	5677	G	*/-A	23	7	18.42%	2	2	35	43	0.98	1	1	22	1	5	2	-A
I	5677	G	*/-AA	23	5	13.16%	2	2	35	39	0.98	1	1	22	1	3	2	-A
I	5677	G	*/-AAA	23	2	5.26%	2	1	35	42	0.98	1	1	22	1	2	0	-A
I	6357	T	*/-AA	55	21	25.93%	2	2	48	43	0.98	1	1	27	28	7	14	-AA
I	7192	C	*/-A	39	6	9.23%	2	2	36	38	0.98	1	1	29	10	5	1	A
I	7192	C	*/+A	39	8	12.31%	2	2	36	35	0.98	1	1	29	10	7	1	+A
I	7192	C	*/+AA	39	4	6.15%	2	2	36	49	0.98	1	1	29	10	3	1	+A
I	10859	G	*/-TT	14	19	55.88%	2	2	40	40	0.98	1	1	7	7	10	9	-TT
I	15734	C	*/-A	13	4	18.18%	2	2	39	49	0.98	1	1	10	3	3	1	-A
I	15734	C	*/+A	13	3	13.64%	2	2	39	57	0.98	1	1	10	3	1	2	-A
I	19694	T	*/+A	53	6	10.17%	2	2	50	35	0.98	1	1	20	33	5	1	+A
I	27402	A	*/-C	9	3	20%	2	1	39	49	0.98	1	1	2	7	0	3	-C
I	43335	G	*/-A	1	2	33.33%	1	1	25	37	0.98	1	1	1	0	2	0	-A
I	55244	T	*/-A	8	4	26.67%	2	1	34	34	0.98	1	1	7	1	4	0	-A
I	55244	T	*/-AA	8	2	13.33%	2	1	34	37	0.98	1	1	7	1	2	0	-A
I	98884	C	*/+A	141	13	8.44%	2	2	47	66	0.98	1	1	81	60	4	9	+A
I	101871	A	+G/+G	0	24	96%	0	2	0	44	0.98	0	1	0	0	13	11	+G
I	110482	T	*/-A	7	3	27.27%	2	2	33	40	0.98	1	1	6	1	2	1	-A
I	133915	A	*/+GT	23	2	8%	2	1	51	31	0.98	1	1	12	11	0	2	+GT
I	133918	A	*/-CG	21	2	8.7%	2	1	50	31	0.98	1	1	11	10	0	2	-CG
I	190112	C	*/-A	6	4	36.36%	1	1	33	34	0.98	1	1	6	0	4	0	-A
I	216147	C	*/-T	13	2	13.33%	2	1	36	31	0.98	1	1	5	8	0	2	-T
I	272366	G	*/-A	15	2	11.76%	2	1	39	74	0.98	1	1	10	5	2	0	-A
I	276708	C	*/+TTAT	14	2	12.5%	2	2	42	49	0.98	1	1	7	7	1	1	+TTAT
I	301305	G	*/-T	22	2	8.33%	2	1	41	37	0.98	1	1	6	16	2	0	-T
I	377488	C	*/+TT	2	5	62.5%	1	2	36	39	0.98	1	1	2	0	1	4	+TT
I	440084	T	+A/+A	0	6	85.71%	0	2	0	37	0.98	0	1	0	0	4	2	+A
I	441614	C	*/-T	9	2	14.29%	2	1	40	30	0.98	1	1	8	1	2	0	-T
I	441614	C	*/+T	9	2	14.29%	2	2	40	42	0.98	1	1	8	1	1	1	-T
I	442786	C	*/+T	5	7	58.33%	1	2	51	38	0.98	1	1	5	0	3	4	+T
I	450533	G	*/+A	7	3	30%	2	2	35	49	0.98	1	1	4	3	1	2	+A
I	453369	G	*/-A	5	2	13.33%	1	1	37	37	0.98	1	1	5	0	2	0	-A
I	453369	G	*/+A	5	6	40%	1	1	37	37	0.98	1	1	5	0	6	0	+A
I	460756	T	*/+A	35	3	7.89%	2	2	44	37	0.98	1	1	14	21	1	2	+A
I	468400	C	*/+T	17	2	10%	2	1	44	31	0.98	1	1	9	8	2	0	+T
I	470378	A	-C/-C	0	18	100%	0	2	0	36	0.98	0	1	0	0	9	9	-C
I	470390	A	-C/-C	0	19	100%	0	2	0	38	0.98	0	1	0	0	10	9	-C
I	473427	G	*/+T	2	4	44.44%	1	2	37	41	0.98	1	1	2	0	3	1	+T
I	482737	A	+G/+G	2	28	90.32%	1	2	37	46	0.98	1	1	0	2	13	15	+G
I	521845	T	*/-A	25	6	18.75%	2	2	38	55	0.98	1	1	11	14	3	3	-A
I	554527	A	+T/+T	1	14	87.5%	1	2	37	38	0.98	1	1	1	0	6	8	+T
I	562745	A	*/+T	9	6	31.58%	2	2	43	43	0.98	1	1	4	5	1	5	+T
I	562745	A	*/+TT	9	3	15.79%	2	2	43	49	0.98	1	1	4	5	1	2	+T
I	632452	T	*/-A	14	4	22.22%	2	2	46	46	0.98	1	1	11	3	3	1	-A
I	650099	C	*/+AAA	4	2	25%	1	2	37	31	0.98	1	1	4	0	1	1	+AAA
I	660056	T	*/+GG	6	2	16.67%	2	1	36	37	0.98	1	1	5	1	2	0	G
I	661548	C	*/-TT	7	2	20%	2	1	35	37	0.98	1	1	4	3	0	2	-TT
I	670032	C	+A/+A	2	48	94.12%	1	2	55	52	0.98	1	1	0	2	21	27	+A
I	682993	T	-C/-C	0	47	100%	0	2	0	51	0.98	0	1	0	0	23	24	-C
I	693608	A	*/+T	20	4	16%	2	1	40	46	0.98	1	1	5	15	0	4	+T
I	719597	G	*/-TA	35	2	5.41%	2	1	50	37	0.98	1	1	14	21	2	0	-TA
I	765477	A	*/-TT	7	3	27.27%	2	2	37	49	0.98	1	1	3	4	1	2	-TT
I	793917	A	*/+T	7	2	22.22%	2	1	47	37	0.98	1	1	6	1	2	0	+T
I	815374	A	*/+T	21	2	8.7%	2	1	45	37	0.98	1	1	11	10	0	2	+T
I	862962	C	+T/+T	0	16	100%	0	2	0	44	0.98	0	1	0	0	11	5	+T
I	932995	G	*/-A	20	2	8.7%	2	1	48	37	0.98	1	1	14	6	2	0	-A
I	934908	T	*/+AA	12	3	16.67%	2	2	39	37	0.98	1	1	10	2	2	1	+AA
I	934908	T	*/+AAA	12	2	11.11%	2	2	39	37	0.98	1	1	10	2	1	1	+AA
I	954072	T	-A/-A	1	17	94.44%	1	2	74	47	0.98	1	1	1	0	9	8	-A
I	960025	G	*/+T	6	6	42.86%	2	2	43	41	0.98	1	1	5	1	3	3	+T
I	995070	G	*/-T	9	3	18.75%	2	2	41	29	0.98	1	1	6	3	1	2	-T
I	995070	G	*/-TT	9	2	12.5%	2	1	41	43	0.98	1	1	6	3	0	2	-T
I	1001797	A	*/+CTACAC	76	16	16.84%	2	2	44	53	0.98	1	1	32	44	6	10	+CTACAC
I	1027635	T	*/+AA	6	2	22.22%	1	1	37	37	0.98	1	1	6	0	2	0	+AA
I	1048635	G	+A/+A	2	11	84.62%	1	2	31	37	0.98	1	1	2	0	10	1	+A
I	1051495	T	+A/+A	4	27	81.82%	2	2	34	49	0.98	1	1	3	1	9	18	+A
I	1079583	T	*/+AAAAAAA	1	5	50%	1	2	37	37	0.98	1	1	0	1	4	1	+AAAAAAA
I	1079583	T	*/+AAAAAAAAA	1	2	20%	1	1	37	37	0.98	1	1	0	1	2	0	+AAAAAAA
I	1110676	T	*/+A	9	2	18.18%	2	1	38	37	0.98	1	1	4	5	0	2	+A
I	1185797	G	*/+A	10	2	15.38%	2	1	39	37	0.98	1	1	6	4	2	0	+A
I	1274803	T	+A/+A	1	13	92.86%	1	2	74	41	0.98	1	1	1	0	6	7	+A
I	1290605	A	*/-T	11	5	29.41%	2	2	35	44	0.98	1	1	10	1	4	1	-T
I	1358794	C	*/+A	7	7	46.67%	2	2	34	49	0.98	1	1	5	2	5	2	+A
I	1424708	C	-A/-A	0	12	100%	0	2	0	41	0.98	0	1	0	0	8	4	-A
I	1445661	C	*/-T	19	2	9.52%	2	1	45	55	0.98	1	1	10	9	0	2	-T
I	1454446	C	*/-A	29	2	6.45%	2	1	38	37	0.98	1	1	24	5	0	2	-A
I	1494744	T	*/+TGTTTTTTTCTTTTG	28	2	6.67%	2	1	48	55	0.98	1	1	18	10	0	2	+TGTTTTTTTCTTTTG
I	1496317	C	*/-A	1	5	71.43%	1	2	37	54	0.98	1	1	0	1	2	3	-A
I	1509277	C	*/+T	5	13	65%	2	2	34	50	0.98	1	1	4	1	10	3	+T
I	1509738	G	*/-A	16	2	11.11%	2	1	44	37	0.98	1	1	14	2	2	0	-A
I	1541472	G	*/-T	9	2	14.29%	1	1	39	37	0.98	1	1	9	0	2	0	-T
I	1541472	G	*/+T	9	2	14.29%	1	2	39	61	0.98	1	1	9	0	1	1	-T
I	1595056	C	*/+T	12	3	17.65%	2	2	33	41	0.98	1	1	11	1	2	1	+T
I	1598879	A	*/-T	34	2	5.56%	2	1	50	55	0.98	1	1	15	19	0	2	-T
I	1599291	T	*/-A	7	5	38.46%	2	1	40	39	0.98	1	1	3	4	0	5	-A
I	1625092	T	+C/+C	2	17	89.47%	2	2	37	45	0.98	1	1	1	1	12	5	+C
I	1664720	A	*/+T	19	2	9.52%	2	1	42	37	0.98	1	1	11	8	0	2	+T
I	1667828	C	*/-CT	38	2	5%	2	2	45	37	0.98	1	1	20	18	1	1	-CT
I	1719416	A	*/+T	4	6	60%	2	2	49	37	0.98	1	1	2	2	3	3	+T
I	1777634	A	*/-T	9	7	35%	2	2	35	44	0.98	1	1	7	2	3	4	-T
I	1777634	A	*/-TT	9	2	10%	2	1	35	55	0.98	1	1	7	2	0	2	-T
I	1777634	A	*/+T	9	2	10%	2	1	35	37	0.98	1	1	7	2	0	2	-T
I	1837916	G	*/-TT	4	2	22.22%	2	1	42	31	0.98	1	1	3	1	0	2	-TT
I	1849285	C	*/-T	31	3	7.5%	2	2	39	40	0.98	1	1	18	13	1	2	-T
I	1849285	C	*/+T	31	6	15%	2	2	39	46	0.98	1	1	18	13	3	3	+T
I	1851608	A	+T/+T	2	22	84.62%	2	2	37	44	0.98	1	1	1	1	14	8	+T
I	1851608	A	*/+TT	2	2	7.69%	2	1	37	55	0.98	1	1	1	1	2	0	+T
I	1877723	A	+T/+T	2	14	87.5%	1	2	37	50	0.98	1	1	2	0	10	4	+T
I	1890184	C	*/-A	6	3	20%	2	2	45	49	0.98	1	1	3	3	1	2	-A
I	1890184	C	*/-AA	6	3	20%	2	2	45	40	0.98	1	1	3	3	1	2	-A
I	1890184	C	*/+A	6	2	13.33%	2	2	45	55	0.98	1	1	3	3	1	1	-A
I	1894409	C	*/+A	16	2	11.11%	2	1	41	55	0.98	1	1	7	9	2	0	+A
I	1905214	C	*/-T	14	2	12.5%	2	2	47	62	0.98	1	1	5	9	1	1	-T
I	1936294	G	+A/+A	1	14	93.33%	1	2	37	50	0.98	1	1	1	0	4	10	+A
I	1952313	A	+T/+T	2	33	94.29%	2	2	31	42	0.98	1	1	1	1	24	9	+T
I	1954161	C	*/+A	20	2	9.09%	2	1	48	37	0.98	1	1	14	6	0	2	+A
I	1954162	C	*/-A	5	10	43.48%	2	2	36	43	0.98	1	1	2	3	7	3	-A
I	1954162	C	*/-AAA	5	2	8.7%	2	1	36	42	0.98	1	1	2	3	2	0	-A
I	1954162	C	*/+A	5	3	13.04%	2	2	36	38	0.98	1	1	2	3	2	1	+A
I	1955853	T	*/+A	3	5	62.5%	2	2	49	34	0.98	1	1	2	1	3	2	+A
I	1993888	C	*/-AT	21	3	12.5%	2	1	40	49	0.98	1	1	7	14	3	0	-AT
I	2016958	G	*/+T	27	2	6.9%	2	1	44	55	0.98	1	1	17	10	0	2	+T
I	2025000	C	*/+T	9	7	38.89%	2	2	46	45	0.98	1	1	5	4	5	2	+T
I	2025000	C	*/+TT	9	2	11.11%	2	2	46	48	0.98	1	1	5	4	1	1	+T
I	2041948	T	*/-A	26	2	6.45%	2	1	36	37	0.98	1	1	25	1	2	0	-A
I	2041948	T	*/-AA	26	2	6.45%	2	1	36	37	0.98	1	1	25	1	2	0	-A
I	2052488	A	*/-T	19	7	25%	2	2	46	35	0.98	1	1	13	6	4	3	-T
I	2052488	A	*/-TT	19	2	7.14%	2	1	46	37	0.98	1	1	13	6	2	0	-T
I	2058901	G	*/-A	24	2	7.69%	2	2	43	55	0.98	1	1	14	10	1	1	-A
I	2096013	T	*/-A	11	3	20%	2	2	50	37	0.98	1	1	6	5	1	2	-A
I	2115049	C	*/+A	23	2	8%	2	1	51	37	0.98	1	1	10	13	2	0	+A
I	2139856	G	*/+T	2	5	71.43%	2	1	37	41	0.98	1	1	1	1	5	0	+T
I	2154491	T	+A/+A	0	18	100%	0	2	0	43	0.98	0	1	0	0	8	10	+A
I	2157364	G	*/-TA	24	2	7.69%	2	2	42	55	0.98	1	1	6	18	1	1	-TA
I	2174555	C	*/-A	11	8	36.36%	2	2	40	37	0.98	1	1	8	3	2	6	-A
I	2174555	C	*/-AA	11	2	9.09%	2	2	40	55	0.98	1	1	8	3	1	1	-A
I	2178948	C	*/-A	18	4	17.39%	2	2	39	31	0.98	1	1	16	2	3	1	-A
I	2213954	T	*/-A	18	2	10%	2	2	49	31	0.98	1	1	4	14	1	1	-A
I	2227934	C	*/+AAA	11	2	15.38%	2	1	39	37	0.98	1	1	6	5	0	2	+AAA
I	2227936	T	*/+AAA	2	5	50%	1	2	49	39	0.98	1	1	2	0	4	1	+AAA
I	2231735	C	*/-A	11	3	20%	2	2	49	45	0.98	1	1	7	4	1	2	-A
I	2245479	T	*/+C	1	9	33.33%	1	2	37	41	0.98	1	1	1	0	4	5	+C
I	2245479	T	*/+CC	1	10	37.04%	1	2	37	38	0.98	1	1	1	0	5	5	+CC
I	2245479	T	*/+CCC	1	5	18.52%	1	2	37	49	0.98	1	1	1	0	2	3	+CC
I	2273201	T	*/-A	9	4	28.57%	2	2	43	43	0.98	1	1	5	4	2	2	-A
I	2288240	C	-G/-G	1	35	97.22%	1	2	37	50	0.98	1	1	0	1	19	16	-G
I	2322441	G	*/-A	23	2	8%	2	2	50	74	0.98	1	1	20	3	1	1	-A
I	2322636	C	*/-A	20	11	30.56%	2	1	39	38	0.98	1	1	18	2	11	0	-A
I	2322636	C	*/-AAA	20	2	5.56%	2	2	39	25	0.98	1	1	18	2	1	1	-A
I	2322636	C	*/+A	20	3	8.33%	2	2	39	40	0.98	1	1	18	2	2	1	+A
I	2325657	G	*/+T	25	2	7.14%	2	1	38	42	0.98	1	1	10	15	0	2	+T
I	2327021	C	*/-A	7	2	22.22%	2	2	42	42	0.98	1	1	1	6	1	1	-A
I	2343703	G	+A/+A	0	14	100%	0	2	0	39	0.98	0	1	0	0	7	7	+A
I	2349731	A	*/+T	24	2	7.69%	2	2	41	37	0.98	1	1	9	15	1	1	+T
I	2421576	A	-C/-C	2	30	93.75%	2	2	31	42	0.98	1	1	1	1	19	11	-C
I	2424539	G	*/-A	18	2	9.52%	2	2	44	31	0.98	1	1	9	9	1	1	-A
I	2452410	A	*/-T	29	2	6.45%	2	1	51	37	0.98	1	1	14	15	0	2	-T
I	2482283	T	*/+A	31	4	11.43%	2	1	38	34	0.98	1	1	25	6	4	0	+A
I	2499149	A	-T/-T	2	28	93.33%	1	2	37	47	0.98	1	1	2	0	14	14	-T
I	2507462	T	+A/+A	2	18	90%	1	2	37	37	0.98	1	1	0	2	9	9	+A
I	2510060	T	+A/+A	2	14	87.5%	1	2	37	49	0.98	1	1	0	2	10	4	+A
I	2520612	G	*/-T	17	2	9.52%	2	1	51	49	0.98	1	1	7	10	0	2	-T
I	2520612	G	*/+T	17	2	9.52%	2	1	51	55	0.98	1	1	7	10	0	2	-T
I	2525152	A	-T/-T	1	12	92.31%	1	2	37	50	0.98	1	1	0	1	5	7	-T
I	2525713	C	*/-T	17	4	18.18%	2	2	37	52	0.98	1	1	14	3	2	2	-T
I	2588021	C	+A/+A	0	13	100%	0	2	0	38	0.98	0	1	0	0	8	5	+A
I	2588066	C	+A/+A	0	11	100%	0	2	0	44	0.98	0	1	0	0	7	4	+A
I	2594263	C	+T/+T	1	12	92.31%	1	2	37	55	0.98	1	1	0	1	2	10	+T
I	2594324	T	+A/+A	1	12	92.31%	1	2	37	49	0.98	1	1	0	1	6	6	+A
I	2594351	T	+A/+A	1	10	90.91%	1	2	25	46	0.98	1	1	0	1	7	3	+A
I	2594391	A	+T/+T	0	9	100%	0	2	0	49	0.98	0	1	0	0	7	2	+T
I	2605777	C	*/-A	16	2	10.53%	2	2	42	37	0.98	1	1	5	11	1	1	-A
I	2605860	G	-T/-T	0	17	100%	0	2	0	41	0.98	0	1	0	0	6	11	-T
I	2607669	A	+T/+T	3	21	87.5%	1	2	41	48	0.98	1	1	3	0	8	13	+T
I	2683902	T	-C/-C	0	13	100%	0	2	0	48	0.98	0	1	0	0	3	10	-C
I	2689254	A	*/-T	11	2	15.38%	2	2	42	37	0.98	1	1	5	6	1	1	-T
I	2747027	T	*/-A	19	4	16%	2	2	42	37	0.98	1	1	15	4	2	2	-A
I	2751236	T	-A/-A	3	27	81.82%	1	2	70	46	0.98	1	1	0	3	10	17	-A
I	2751236	T	*/-AA	3	3	9.09%	1	1	70	33	0.98	1	1	0	3	0	3	-A
I	2759871	T	+C/+C	1	4	80%	1	2	37	37	0.98	1	1	1	0	1	3	+C
I	2783131	C	*/+A	21	2	8.7%	2	2	43	49	0.98	1	1	12	9	1	1	+A
I	2876870	C	*/+T	19	2	9.09%	2	1	43	42	0.98	1	1	5	14	0	2	+T
I	2886729	C	*/+TAAAT	15	2	11.76%	2	2	41	55	0.98	1	1	4	11	1	1	+TAAAT
I	2897634	G	*/-TA	34	3	8.11%	2	1	43	45	0.98	1	1	16	18	0	3	-TA
I	2959752	A	*/+T	2	2	28.57%	1	2	31	55	0.98	1	1	2	0	1	1	+T
I	2959752	A	*/+TT	2	3	42.86%	1	2	31	45	0.98	1	1	2	0	1	2	+TT
I	2960791	T	*/-A	18	2	10%	2	1	42	25	0.98	1	1	6	12	0	2	-A
I	2963080	T	*/-A	22	3	11.54%	2	2	41	37	0.98	1	1	9	13	1	2	-A
I	2974682	T	*/-A	16	3	15.79%	2	2	51	37	0.98	1	1	13	3	2	1	-A
I	3004503	C	*/+AAA	9	3	23.08%	2	2	35	45	0.98	1	1	4	5	1	2	+AAA
I	3022371	A	*/+T	12	2	14.29%	2	1	45	37	0.98	1	1	7	5	0	2	+T
I	3033347	C	*/-T	11	4	25%	2	2	38	52	0.98	1	1	9	2	3	1	-T
I	3125118	A	+T/+T	0	20	100%	0	2	0	42	0.98	0	1	0	0	9	11	+T
I	3144699	T	*/-A	6	2	15.38%	2	2	38	49	0.98	1	1	4	2	1	1	-A
I	3144699	T	*/-AA	6	4	30.77%	2	2	38	48	0.98	1	1	4	2	2	2	-AA
I	3159187	C	*/-CA	41	5	10.87%	2	2	47	37	0.98	1	1	20	21	4	1	-CA
I	3159994	C	*/-T	80	6	6.67%	2	1	40	41	0.98	1	1	60	20	6	0	-T
I	3166776	G	*/+TT	3	6	28.57%	1	2	37	51	0.98	1	1	3	0	3	3	+TT
I	3166776	G	*/+TTT	3	8	38.1%	1	2	37	41	0.98	1	1	3	0	5	3	+TTT
I	3166776	G	*/+TTTT	3	2	9.52%	1	2	37	31	0.98	1	1	3	0	1	1	+TTT
I	3178494	C	+T/+T	3	17	85%	2	2	49	45	0.98	1	1	2	1	5	12	+T
I	3184255	T	*/-A	15	4	16.67%	2	2	40	40	0.98	1	1	10	5	3	1	-A
I	3184255	T	*/-AA	15	3	12.5%	2	1	40	40	0.98	1	1	10	5	0	3	-A
I	3197528	A	+G/+G	0	31	91.18%	0	2	0	43	0.98	0	1	0	0	15	16	+G
I	3241971	T	*/+AATA	27	6	17.14%	2	2	48	35	0.98	1	1	15	12	4	2	+AATA
I	3280177	G	+T/+T	1	17	94.44%	1	2	37	51	0.98	1	1	1	0	9	8	+T
I	3299997	G	*/-A	30	2	6.25%	2	1	44	37	0.98	1	1	17	13	2	0	-A
I	3303394	C	*/-AT	12	3	18.75%	2	2	44	45	0.98	1	1	2	10	2	1	-AT
I	3380404	C	*/-A	16	3	15.79%	2	2	43	49	0.98	1	1	13	3	2	1	-A
I	3380449	C	*/-A	16	2	10.53%	2	2	51	55	0.98	1	1	8	8	1	1	-A
I	3404612	C	*/-T	5	2	25%	2	1	34	37	0.98	1	1	2	3	2	0	-T
I	3404991	C	*/-T	12	5	27.78%	2	1	39	36	0.98	1	1	11	1	5	0	-T
I	3408209	T	+G/+G	3	23	85.19%	2	2	61	38	0.98	1	1	2	1	13	10	+G
I	3410124	A	*/-T	17	2	10%	2	2	49	37	0.98	1	1	7	10	1	1	-T
I	3450130	G	-T/-T	1	10	90.91%	1	2	37	46	0.98	1	1	0	1	8	2	-T
I	3460318	T	+C/+C	0	13	100%	0	2	0	48	0.98	0	1	0	0	8	5	+C
I	3460476	G	*/+A	13	2	12.5%	2	1	46	43	0.98	1	1	7	6	0	2	+A
I	3462650	A	*/-T	11	2	15.38%	2	1	38	37	0.98	1	1	5	6	2	0	-T
I	3470530	T	*/+A	32	2	5.88%	2	1	42	37	0.98	1	1	10	22	0	2	+A
I	3538413	A	+T/+T	2	19	90.48%	1	2	37	42	0.98	1	1	0	2	8	11	+T
I	3538428	G	+T/+T	0	18	100%	0	2	0	42	0.98	0	1	0	0	7	11	+T
I	3538436	T	+A/+A	0	18	100%	0	2	0	43	0.98	0	1	0	0	7	11	+A
I	3538449	T	+TA/+TA	3	14	82.35%	2	2	36	43	0.98	1	1	1	2	6	8	+TA
I	3538456	A	+AT/+AT	0	14	93.33%	0	2	0	44	0.98	0	1	0	0	5	9	+AT
I	3569611	T	*/+A	14	2	11.76%	2	1	38	37	0.98	1	1	5	9	0	2	+A
I	3575205	C	*/+A	7	2	16.67%	2	2	42	42	0.98	1	1	5	2	1	1	+A
I	3575205	C	*/+AAA	7	2	16.67%	2	2	42	31	0.98	1	1	5	2	1	1	+A
I	3576756	T	*/+TCTTCTC	0	3	60%	0	1	0	37	0.98	0	1	0	0	0	3	+TCTTCTC
I	3576929	C	+T/+T	0	11	78.57%	0	2	0	38	0.98	0	1	0	0	7	4	+T
I	3576929	C	*/+TT	0	2	14.29%	0	2	0	42	0.98	0	1	0	0	1	1	+T
I	3578504	A	+T/+T	0	6	100%	0	2	0	39	0.98	0	1	0	0	3	3	+T
I	3578638	A	*/-T	7	2	22.22%	2	2	40	31	0.98	1	1	3	4	1	1	-T
I	3580034	C	*/+T	6	4	36.36%	2	2	32	39	0.98	1	1	4	2	3	1	+T
I	3609896	T	*/-A	2	2	40%	1	2	37	42	0.98	1	1	2	0	1	1	-A
I	3610395	T	*/-C	13	2	13.33%	2	1	45	55	0.98	1	1	5	8	0	2	-C
I	3610396	C	*/-T	11	2	13.33%	2	1	38	36	0.98	1	1	6	5	0	2	-T
I	3634643	A	*/+T	4	2	28.57%	2	2	39	31	0.98	1	1	3	1	1	1	+T
I	3659723	T	*/-C	31	2	6.06%	2	1	50	31	0.98	1	1	17	14	0	2	-C
I	3659724	C	*/-T	21	3	11.54%	2	1	45	61	0.98	1	1	13	8	3	0	-T
I	3659724	C	*/+TT	21	2	7.69%	2	1	45	42	0.98	1	1	13	8	0	2	-T
I	3665610	G	+C/+C	2	39	95.12%	1	2	74	43	0.98	1	1	2	0	14	25	+C
I	3700385	T	*/+A	4	2	13.33%	1	1	43	37	0.98	1	1	4	0	0	2	A
I	3700385	T	*/+AA	4	3	20%	1	2	43	37	0.98	1	1	4	0	1	2	+AA
I	3700425	A	*/-T	13	3	18.75%	2	1	36	37	0.98	1	1	4	9	0	3	-T
I	3730369	A	+T/+T	2	18	85.71%	1	2	37	38	0.98	1	1	2	0	8	10	+T
I	3765328	C	+T/+T	1	11	91.67%	1	1	74	37	0.98	1	1	0	1	11	0	+T
I	3776933	G	+A/+A	1	8	80%	1	1	37	47	0.98	1	1	1	0	0	8	+A
I	3825510	G	*/-T	17	2	10.53%	2	1	39	37	0.98	1	1	10	7	2	0	-T
I	3850523	C	*/-T	19	2	9.52%	2	1	41	37	0.98	1	1	13	6	2	0	-T
I	3855790	G	-T/-T	2	15	88.24%	1	2	37	43	0.98	1	1	0	2	5	10	-T
I	3876442	A	*/+G	33	4	10.81%	2	2	45	34	0.98	1	1	20	13	2	2	+G
I	3876451	A	*/+G	42	4	8.7%	2	1	43	37	0.98	1	1	27	15	4	0	+G
I	3880520	T	*/+A	27	3	10%	2	2	55	41	0.98	1	1	11	16	1	2	+A
I	3940025	G	+T/+T	1	19	95%	1	2	37	49	0.98	1	1	0	1	9	10	+T
I	3950409	T	*/+A	16	2	11.11%	2	2	45	55	0.98	1	1	7	9	1	1	+A
I	4004016	G	*/-T	15	12	38.71%	2	2	40	51	0.98	1	1	6	9	7	5	-T
I	4004016	G	*/-TT	15	3	9.68%	2	2	40	49	0.98	1	1	6	9	2	1	-T
I	4010237	A	*/+G	9	2	13.33%	2	1	41	37	0.98	1	1	8	1	2	0	+G
I	4010237	A	*/+GG	9	2	13.33%	2	1	41	31	0.98	1	1	8	1	2	0	+G
I	4055052	T	*/+A	5	20	74.07%	2	2	37	45	0.98	1	1	3	2	13	7	+A
I	4140001	G	*/+T	1	8	72.73%	1	2	37	43	0.98	1	1	1	0	4	4	+T
I	4143587	C	*/+TATA	14	2	11.11%	2	2	49	49	0.98	1	1	4	10	1	1	A
I	4153651	C	*/-T	15	3	15.79%	2	1	36	29	0.98	1	1	12	3	3	0	-T
I	4168589	A	*/+T	15	2	11.76%	2	1	39	37	0.98	1	1	13	2	2	0	+T
I	4179641	C	*/+A	10	2	15.38%	2	1	39	37	0.98	1	1	8	2	2	0	+A
I	4179701	C	*/+T	3	2	28.57%	2	1	33	31	0.98	1	1	1	2	2	0	+T
I	4241118	G	*/-A	7	6	35.29%	2	2	33	59	0.98	1	1	6	1	3	3	-A
I	4241118	G	*/-AA	7	2	11.76%	2	2	33	31	0.98	1	1	6	1	1	1	-A
I	4276890	G	*/+T	3	14	73.68%	1	2	37	44	0.98	1	1	3	0	9	5	+T
I	4276890	G	*/+TT	3	2	10.53%	1	2	37	55	0.98	1	1	3	0	1	1	+T
I	4304169	G	+A/+A	1	16	94.12%	1	2	37	37	0.98	1	1	1	0	10	6	+A
I	4335797	C	*/-T	21	2	8.7%	2	1	42	37	0.98	1	1	14	7	0	2	-T
I	4360508	C	*/+T	17	2	10.53%	2	2	40	55	0.98	1	1	9	8	1	1	+T
I	4374342	A	-G/-G	1	31	96.88%	1	2	74	46	0.98	1	1	1	0	21	10	-G
I	4386267	A	*/-G	13	2	13.33%	2	1	47	49	0.98	1	1	7	6	0	2	-G
I	4386268	G	*/-A	6	4	36.36%	2	2	33	52	0.98	1	1	5	1	1	3	-A
I	4407494	T	+G/+G	0	26	96.3%	0	2	0	46	0.98	0	1	0	0	13	13	+G
I	4410191	C	-G/-G	3	15	83.33%	1	2	37	45	0.98	1	1	3	0	7	8	-G
I	4414201	C	*/-T	3	4	50%	2	2	29	39	0.98	1	1	2	1	3	1	-T
I	4431856	G	+A/+A	2	34	94.44%	1	2	37	41	0.98	1	1	2	0	12	22	+A
I	4431868	C	+A/+A	0	33	100%	0	2	0	41	0.98	0	1	0	0	13	20	+A
I	4442621	A	*/-AT	36	2	5.26%	2	2	47	55	0.98	1	1	23	13	1	1	-AT
I	4455149	G	+A/+A	2	7	77.78%	1	2	42	40	0.98	1	1	2	0	3	4	+A
I	4514478	T	*/-A	14	3	15%	2	2	45	37	0.98	1	1	7	7	1	2	-A
I	4514478	T	*/-AA	14	2	10%	2	2	45	55	0.98	1	1	7	7	1	1	-A
I	4533252	C	*/-T	9	2	18.18%	2	1	44	25	0.98	1	1	3	6	0	2	-T
I	4629085	G	*/+A	36	4	10%	2	2	50	31	0.98	1	1	15	21	2	2	+A
I	4648159	T	*/-G	5	11	52.38%	2	2	37	48	0.98	1	1	4	1	9	2	-G
I	4648159	T	*/-GG	5	5	23.81%	2	2	37	54	0.98	1	1	4	1	3	2	-G
I	4658978	C	*/-A	18	2	9.09%	2	1	39	55	0.98	1	1	10	8	2	0	-A
I	4658978	C	*/+A	18	2	9.09%	2	1	39	37	0.98	1	1	10	8	0	2	-A
I	4721875	G	+A/+A	1	7	77.78%	1	2	25	42	0.98	1	1	1	0	6	1	+A
I	4760698	T	*/-A	16	4	20%	2	2	50	52	0.98	1	1	9	7	3	1	-A
I	4764253	G	*/-A	5	2	6.9%	1	2	34	49	0.98	1	1	5	0	1	1	-A
I	4764253	G	*/+A	5	21	72.41%	1	2	34	43	0.98	1	1	5	0	16	5	+A
I	4781861	G	*/-T	20	2	8%	2	1	44	55	0.98	1	1	12	8	2	0	-T
I	4781861	G	*/+T	20	3	12%	2	2	44	37	0.98	1	1	12	8	2	1	+T
I	4869203	C	*/-A	22	3	11.11%	2	1	40	33	0.98	1	1	8	14	0	3	-A
I	4869203	C	*/+A	22	2	7.41%	2	2	40	49	0.98	1	1	8	14	1	1	-A
I	4911431	G	*/+T	12	3	17.65%	1	2	37	49	0.98	1	1	12	0	2	1	+T
I	4916623	C	*/-A	11	5	22.73%	2	2	37	42	0.98	1	1	7	4	2	3	-A
I	4916623	C	*/-AA	11	4	18.18%	2	2	37	61	0.98	1	1	7	4	2	2	-A
I	4916623	C	*/+A	11	2	9.09%	2	2	37	37	0.98	1	1	7	4	1	1	-A
I	4917359	C	+TT/+TT	0	16	94.12%	0	2	0	43	0.98	0	1	0	0	11	5	+TT
I	4926046	C	*/+T	7	5	35.71%	2	1	38	34	0.98	1	1	6	1	5	0	+T
I	4934297	C	*/-TA	29	2	6.45%	2	1	42	37	0.98	1	1	12	17	2	0	-TA
I	4984784	A	*/-T	5	4	28.57%	1	1	54	52	0.98	1	1	5	0	4	0	-T
I	4984784	A	*/-TT	5	3	21.43%	1	2	54	33	0.98	1	1	5	0	2	1	-T
I	5002717	C	*/+A	15	2	11.11%	2	2	44	55	0.98	1	1	9	6	1	1	+A
I	5055030	G	*/+A	20	3	13.04%	2	1	43	33	0.98	1	1	6	14	0	3	+A
I	5060109	A	*/-T	19	2	8.7%	2	1	41	74	0.98	1	1	7	12	0	2	-T
I	5078848	G	*/-A	12	3	18.75%	2	2	40	49	0.98	1	1	5	7	2	1	-A
I	5123328	A	*/-G	7	2	22.22%	2	1	40	42	0.98	1	1	5	2	0	2	-G
I	5142627	A	+G/+G	0	15	93.75%	0	2	0	50	0.98	0	1	0	0	7	8	+G
I	5148414	T	-A/-A	2	33	94.29%	1	2	31	47	0.98	1	1	2	0	19	14	-A
I	5158148	C	*/+T	13	9	40.91%	2	2	36	48	0.98	1	1	4	9	3	6	+T
I	5173087	C	+T/+T	2	15	88.24%	1	2	37	38	0.98	1	1	2	0	8	7	+T
I	5173430	G	*/+T	3	16	72.73%	2	2	33	43	0.98	1	1	2	1	11	5	+T
I	5173430	G	*/+TT	3	3	13.64%	2	1	33	30	0.98	1	1	2	1	3	0	+T
I	5176926	T	+A/+A	0	6	85.71%	0	2	0	43	0.98	0	1	0	0	3	3	+A
I	5177760	A	*/-T	7	3	27.27%	2	2	38	40	0.98	1	1	6	1	2	1	-T
I	5181376	A	*/-T	18	2	9.52%	2	1	47	37	0.98	1	1	12	6	0	2	-T
I	5181832	G	*/-T	8	3	27.27%	2	1	54	33	0.98	1	1	4	4	0	3	-T
I	5280350	A	*/-T	28	2	6.67%	2	1	37	37	0.98	1	1	13	15	2	0	-T
I	5321235	G	*/+A	33	2	5.71%	2	2	45	55	0.98	1	1	15	18	1	1	+A
I	5359307	A	+T/+T	0	32	100%	0	2	0	50	0.98	0	1	0	0	15	17	+T
I	5363995	C	*/-A	33	2	5.71%	2	1	43	55	0.98	1	1	14	19	0	2	-A
I	5368262	T	-C/-C	3	48	94.12%	2	2	57	46	0.98	1	1	2	1	17	31	-C
I	5368273	G	+T/+T	0	49	100%	0	2	0	46	0.98	0	1	0	0	15	34	+T
I	5385377	T	*/-A	28	2	6.67%	2	2	50	37	0.98	1	1	19	9	1	1	-A
I	5417548	A	*/-T	17	2	9.09%	2	2	41	37	0.98	1	1	13	4	1	1	-T
I	5417548	A	*/+T	17	2	9.09%	2	2	41	31	0.98	1	1	13	4	1	1	-T
I	5426622	C	+T/+T	4	15	78.95%	1	2	37	36	0.98	1	1	4	0	10	5	+T
I	5436574	G	*/+A	18	3	14.29%	2	2	49	37	0.98	1	1	11	7	2	1	+A
I	5516610	T	*/-G	27	2	6.9%	2	2	49	37	0.98	1	1	16	11	1	1	-G
I	5534399	G	*/-A	20	2	8.7%	2	1	43	55	0.98	1	1	7	13	0	2	-A
I	5547223	T	*/-A	8	4	28.57%	2	2	38	28	0.98	1	1	7	1	1	3	-A
I	5547223	T	*/+A	8	2	14.29%	2	2	38	25	0.98	1	1	7	1	1	1	-A
I	5548073	A	*/-T	12	2	14.29%	2	2	41	36	0.98	1	1	5	7	1	1	-T
I	5548232	T	*/+G	16	2	11.11%	2	2	49	74	0.98	1	1	10	6	1	1	+G
I	5555289	T	*/-A	11	2	15.38%	2	1	42	55	0.98	1	1	7	4	0	2	-A
I	5557287	A	*/-T	3	3	42.86%	1	2	49	28	0.98	1	1	3	0	2	1	-T
I	5567937	C	*/-A	21	4	15.38%	2	1	44	37	0.98	1	1	8	13	4	0	-A
I	5570823	C	*/-A	7	2	18.18%	1	1	45	37	0.98	1	1	7	0	2	0	A
I	5572022	A	*/-T	29	3	9.38%	2	1	44	33	0.98	1	1	13	16	0	3	-T
I	5576850	T	*/-AA	11	5	31.25%	2	1	38	39	0.98	1	1	5	6	5	0	-AA
II	3274	C	*/-T	25	2	7.41%	2	1	43	37	0.98	1	1	17	8	2	0	-T
II	5109	A	*/+C	58	4	6.45%	2	2	43	55	0.98	1	1	12	46	1	3	+C
II	10178	T	*/+A	8	2	20%	2	1	50	55	0.98	1	1	6	2	2	0	+A
II	15830	T	*/+A	9	2	16.67%	2	1	45	37	0.98	1	1	5	4	2	0	+A
II	24648	A	*/+T	19	2	9.52%	2	1	40	37	0.98	1	1	10	9	0	2	+T
II	31617	A	*/-T	1	2	40%	1	2	25	37	0.98	1	1	1	0	1	1	-T
II	31617	A	*/-TT	1	2	40%	1	2	25	31	0.98	1	1	1	0	1	1	-T
II	46913	T	*/-A	5	2	18.18%	2	1	35	31	0.98	1	1	4	1	2	0	-A
II	46913	T	*/+A	5	2	18.18%	2	1	35	37	0.98	1	1	4	1	2	0	-A
II	113240	T	*/-A	4	2	28.57%	2	2	34	42	0.98	1	1	1	3	1	1	-A
II	116388	A	*/+T	7	2	22.22%	2	1	47	37	0.98	1	1	5	2	2	0	+T
II	128001	T	-A/-A	2	17	89.47%	1	2	49	41	0.98	1	1	2	0	7	10	-A
II	146079	T	-C/-C	2	22	91.67%	1	2	37	43	0.98	1	1	2	0	8	14	-C
II	162767	A	*/+T	8	14	63.64%	2	2	44	44	0.98	1	1	6	2	10	4	+T
II	162922	C	*/-T	15	2	11.76%	2	2	41	37	0.98	1	1	2	13	1	1	-T
II	201022	A	*/-T	18	3	13.04%	2	2	43	29	0.98	1	1	9	9	1	2	-T
II	229897	A	*/-T	33	7	15.56%	2	2	42	42	0.98	1	1	25	8	3	4	-T
II	229897	A	*/+T	33	3	6.67%	2	2	42	33	0.98	1	1	25	8	2	1	-T
II	243155	C	*/-A	24	2	7.69%	2	2	48	31	0.98	1	1	15	9	1	1	-A
II	243896	T	*/-A	13	2	13.33%	2	1	45	55	0.98	1	1	5	8	0	2	-A
II	246318	A	*/-T	20	2	8.7%	2	1	44	37	0.98	1	1	7	13	2	0	-T
II	310243	G	*/+T	20	2	9.09%	2	1	45	37	0.98	1	1	15	5	2	0	+T
II	320661	G	*/-A	23	3	11.11%	2	1	40	41	0.98	1	1	11	12	3	0	-A
II	331238	G	*/+A	12	2	14.29%	2	2	42	37	0.98	1	1	8	4	1	1	+A
II	331894	C	*/+T	8	3	25%	2	1	47	37	0.98	1	1	5	3	3	0	+T
II	347845	A	*/-T	8	2	20%	2	1	47	31	0.98	1	1	6	2	0	2	-T
II	355454	T	*/-A	23	2	8%	2	2	43	49	0.98	1	1	7	16	1	1	-A
II	357750	T	*/-TTTTG	10	6	37.5%	2	2	46	41	0.98	1	1	5	5	3	3	-TTTTG
II	383156	C	*/-T	29	2	6.45%	2	2	41	49	0.98	1	1	23	6	1	1	-T
II	410085	C	*/-T	10	6	31.58%	1	2	36	45	0.98	1	1	10	0	3	3	-T
II	410085	C	*/-TT	10	2	10.53%	1	2	36	55	0.98	1	1	10	0	1	1	-T
II	484534	A	+T/+T	2	11	78.57%	2	2	37	43	0.98	1	1	1	1	3	8	+T
II	488911	A	*/-T	25	2	7.41%	2	2	44	37	0.98	1	1	11	14	1	1	-T
II	516071	T	*/-A	14	5	22.73%	2	2	41	56	0.98	1	1	7	7	1	4	-A
II	516071	T	*/+A	14	2	9.09%	2	2	41	55	0.98	1	1	7	7	1	1	-A
II	521731	G	*/-T	32	9	20.93%	2	2	44	34	0.98	1	1	24	8	6	3	-T
II	526883	G	*/+GTGCGTTTGTTTAGGT	25	2	7.41%	2	2	42	55	0.98	1	1	7	18	1	1	+GTGCGTTTGTTTAGGT
II	547610	T	*/+A	11	2	15.38%	2	1	47	37	0.98	1	1	4	7	0	2	+A
II	561064	T	*/-A	8	2	13.33%	2	2	52	37	0.98	1	1	4	4	1	1	-A
II	561064	T	*/+A	8	2	13.33%	2	2	52	37	0.98	1	1	4	4	1	1	-A
II	561064	T	*/+AA	8	3	20%	2	2	52	37	0.98	1	1	4	4	2	1	+AA
II	603279	A	-T/-T	0	18	100%	0	2	0	40	0.98	0	1	0	0	10	8	-T
II	603305	A	-C/-C	0	18	100%	0	2	0	42	0.98	0	1	0	0	10	8	-C
II	662406	A	*/-T	48	3	5.77%	2	1	45	37	0.98	1	1	32	16	3	0	-T
II	673086	G	*/-A	8	2	15.38%	2	1	41	37	0.98	1	1	7	1	2	0	-A
II	673086	G	*/+A	8	2	15.38%	2	1	41	31	0.98	1	1	7	1	2	0	-A
II	700009	T	-A/-A	3	17	85%	2	2	37	47	0.98	1	1	2	1	7	10	-A
II	716295	G	*/-T	6	2	18.18%	2	1	45	37	0.98	1	1	5	1	2	0	-T
II	716295	G	*/+T	6	2	18.18%	2	2	45	42	0.98	1	1	5	1	1	1	-T
II	739204	C	*/+A	9	6	40%	2	2	45	43	0.98	1	1	6	3	2	4	+A
II	753854	A	*/-T	12	2	11.11%	2	1	42	37	0.98	1	1	10	2	2	0	-T
II	753854	A	*/+T	12	2	11.11%	2	2	42	31	0.98	1	1	10	2	1	1	-T
II	756993	C	*/-T	21	3	12%	2	2	45	49	0.98	1	1	13	8	2	1	-T
II	758146	G	*/+T	22	2	8.33%	2	2	48	37	0.98	1	1	12	10	1	1	+T
II	819795	T	*/+C	28	2	6.45%	2	2	42	37	0.98	1	1	19	9	1	1	+C
II	861179	C	*/+T	8	2	20%	2	2	49	37	0.98	1	1	5	3	1	1	+T
II	888599	A	-C/-C	0	18	100%	0	2	0	48	0.98	0	1	0	0	12	6	-C
II	889921	C	*/-T	21	3	11.11%	2	1	39	33	0.98	1	1	19	2	3	0	-T
II	890578	C	*/-T	16	2	10.53%	1	1	37	37	0.98	1	1	16	0	2	0	-T
II	903106	G	+T/+T	1	25	96.15%	1	2	74	42	0.98	1	1	0	1	13	12	+T
II	948303	T	*/-A	20	3	12%	2	1	45	45	0.98	1	1	15	5	0	3	-A
II	948303	T	*/+A	20	2	8%	2	1	45	49	0.98	1	1	15	5	0	2	-A
II	965517	C	*/-T	14	3	15%	2	2	39	33	0.98	1	1	11	3	2	1	-T
II	965517	C	*/+T	14	3	15%	2	1	39	40	0.98	1	1	11	3	3	0	-T
II	970204	G	*/+A	17	3	15%	2	2	47	37	0.98	1	1	10	7	2	1	+A
II	1019510	T	*/-A	9	5	27.78%	2	2	37	37	0.98	1	1	7	2	3	2	-A
II	1019510	T	*/-AA	9	3	16.67%	2	2	37	37	0.98	1	1	7	2	1	2	-A
II	1024581	G	*/-GGA	33	2	5.71%	2	2	41	55	0.98	1	1	12	21	1	1	-GGA
II	1078264	T	*/-A	26	2	6.9%	2	2	46	37	0.98	1	1	16	10	1	1	-A
II	1079843	T	+A/+A	1	15	93.75%	1	2	37	45	0.98	1	1	1	0	5	10	+A
II	1104941	G	*/-T	9	5	35.71%	2	2	35	34	0.98	1	1	7	2	3	2	-T
II	1122580	C	*/-T	25	5	16.13%	2	2	44	42	0.98	1	1	12	13	2	3	-T
II	1141304	C	*/-A	19	2	9.09%	2	1	46	68	0.98	1	1	10	9	2	0	-A
II	1149960	C	*/-T	6	2	25%	2	1	35	55	0.98	1	1	1	5	0	2	-T
II	1151335	C	*/-CT	33	2	5.71%	2	1	45	37	0.98	1	1	23	10	0	2	-CT
II	1156029	A	*/-AT	11	2	15.38%	2	2	43	55	0.98	1	1	4	7	1	1	-AT
II	1163154	A	-T/-T	2	20	90.91%	1	2	55	45	0.98	1	1	0	2	13	7	-T
II	1171363	T	*/+A	9	2	16.67%	2	1	37	31	0.98	1	1	5	4	2	0	+A
II	1187785	G	*/-T	21	4	15.38%	2	2	47	46	0.98	1	1	12	9	1	3	-T
II	1243365	G	*/-T	12	2	13.33%	2	2	51	49	0.98	1	1	5	7	1	1	-T
II	1266289	T	*/+A	4	9	64.29%	2	2	31	35	0.98	1	1	3	1	4	5	+A
II	1266955	G	*/-GA	35	5	12.2%	2	2	48	64	0.98	1	1	17	18	4	1	-GA
II	1277481	G	*/+T	2	2	28.57%	1	1	37	37	0.98	1	1	0	2	2	0	+T
II	1277481	G	*/+TT	2	2	28.57%	1	2	37	42	0.98	1	1	0	2	1	1	+T
II	1285834	C	*/+T	11	3	21.43%	2	1	51	33	0.98	1	1	8	3	3	0	+T
II	1300052	A	*/-GAG	34	2	5.41%	2	2	43	49	0.98	1	1	20	14	1	1	-GAG
II	1300127	A	*/-GAC	48	4	7.69%	2	1	53	46	0.98	1	1	21	27	0	4	-GAC
II	1308618	G	-T/-T	2	39	95.12%	1	2	37	49	0.98	1	1	2	0	25	14	-T
II	1349040	A	*/-T	12	2	14.29%	2	1	44	37	0.98	1	1	5	7	2	0	-T
II	1365999	G	*/-T	15	9	37.5%	2	2	41	43	0.98	1	1	6	9	4	5	-T
II	1389139	C	*/-T	6	2	12.5%	1	1	36	49	0.98	1	1	6	0	0	2	-T
II	1389139	C	*/+T	6	5	31.25%	1	2	36	54	0.98	1	1	6	0	3	2	+T
II	1389139	C	*/+TT	6	2	12.5%	1	1	36	36	0.98	1	1	6	0	2	0	+T
II	1407342	G	*/+A	30	2	6.25%	2	1	42	37	0.98	1	1	17	13	0	2	+A
II	1456839	A	*/-T	17	2	10.53%	2	2	36	37	0.98	1	1	10	7	1	1	-T
II	1467485	C	*/-T	19	3	12.5%	2	2	35	33	0.98	1	1	8	11	2	1	-T
II	1554361	C	*/-T	21	2	8%	2	2	38	25	0.98	1	1	13	8	1	1	-T
II	1554361	C	*/+T	21	2	8%	2	1	38	68	0.98	1	1	13	8	0	2	-T
II	1555919	A	*/+TTTATT	6	6	50%	2	2	33	49	0.98	1	1	5	1	3	3	+TTTATT
II	1627981	C	*/-T	8	2	20%	2	2	55	49	0.98	1	1	5	3	1	1	-T
II	1634843	T	*/-ATTATC	15	4	21.05%	2	2	49	37	0.98	1	1	7	8	3	1	-ATTATC
II	1642956	C	*/+T	13	2	13.33%	2	1	44	31	0.98	1	1	10	3	2	0	+T
II	1678205	T	-A/-A	0	10	100%	0	2	0	40	0.98	0	1	0	0	6	4	-A
II	1700176	T	*/-A	7	3	25%	2	2	38	37	0.98	1	1	5	2	2	1	-A
II	1716256	G	*/+T	19	2	9.52%	2	2	40	45	0.98	1	1	16	3	1	1	+T
II	1716287	T	*/-G	17	14	45.16%	2	1	47	47	0.98	1	1	8	9	0	14	-G
II	1748645	T	*/-G	15	2	11.11%	2	1	44	55	0.98	1	1	10	5	0	2	-G
II	1748646	G	*/-AA	7	2	15.38%	2	2	35	31	0.98	1	1	6	1	1	1	-AA
II	1763419	T	*/-A	16	2	10%	2	2	37	55	0.98	1	1	10	6	1	1	-A
II	1763419	T	*/-AA	16	2	10%	2	2	37	37	0.98	1	1	10	6	1	1	-A
II	1764054	A	*/+T	19	2	9.52%	2	1	48	31	0.98	1	1	11	8	0	2	+T
II	1818108	C	*/-T	13	11	40.74%	2	2	38	32	0.98	1	1	5	8	6	5	-T
II	1818108	C	*/+T	13	2	7.41%	2	1	38	74	0.98	1	1	5	8	0	2	-T
II	1861420	T	-G/-G	3	18	85.71%	2	2	49	40	0.98	1	1	1	2	11	7	-G
II	1867795	A	+T/+T	0	11	91.67%	0	2	0	44	0.98	0	1	0	0	5	6	+T
II	1868122	G	*/-T	7	3	14.29%	2	1	36	37	0.98	1	1	5	2	3	0	-T
II	1868122	G	*/+T	7	9	42.86%	2	1	36	39	0.98	1	1	5	2	9	0	+T
II	1868122	G	*/+TT	7	2	9.52%	2	1	36	37	0.98	1	1	5	2	2	0	+T
II	1873779	T	+A/+A	2	19	90.48%	2	2	37	42	0.98	1	1	1	1	10	9	+A
II	1877294	A	+T/+T	0	14	93.33%	0	2	0	44	0.98	0	1	0	0	7	7	+T
II	1938011	G	*/+A	16	6	27.27%	2	2	38	42	0.98	1	1	14	2	3	3	+A
II	1941697	A	*/-T	15	2	10.53%	2	2	37	37	0.98	1	1	13	2	1	1	-T
II	1941966	A	+T/+T	1	35	97.22%	1	2	37	49	0.98	1	1	1	0	23	12	+T
II	1941982	A	+T/+T	0	36	100%	0	2	0	49	0.98	0	1	0	0	23	13	+T
II	1948953	G	-A/-A	1	16	94.12%	1	2	62	43	0.98	1	1	1	0	7	9	-A
II	1950050	A	+G/+G	3	30	85.71%	2	2	61	50	0.98	1	1	2	1	13	17	+G
II	1950818	C	*/+A	30	19	38.78%	2	2	45	40	0.98	1	1	11	19	15	4	+A
II	1952856	C	*/+T	2	4	57.14%	1	2	37	46	0.98	1	1	2	0	1	3	+T
II	1953298	C	*/-CT	24	2	7.69%	2	1	42	31	0.98	1	1	10	14	2	0	-CT
II	1953407	T	*/-C	17	2	9.09%	2	1	37	49	0.98	1	1	1	16	0	2	-C
II	1953407	T	*/+C	17	2	9.09%	2	1	37	37	0.98	1	1	1	16	0	2	-C
II	1955495	T	+A/+A	1	13	92.86%	1	2	37	48	0.98	1	1	1	0	8	5	+A
II	1960392	A	+G/+G	1	8	88.89%	1	2	74	46	0.98	1	1	1	0	1	7	+G
II	1987101	C	-G/-G	0	29	100%	0	2	0	45	0.98	0	1	0	0	17	12	-G
II	1987117	T	-G/-G	0	28	100%	0	2	0	45	0.98	0	1	0	0	16	12	-G
II	2012625	T	*/+C	44	4	8.33%	2	1	43	37	0.98	1	1	19	25	0	4	+C
II	2049891	A	-T/-T	0	32	100%	0	2	0	48	0.98	0	1	0	0	21	11	-T
II	2053516	G	+C/+C	0	26	100%	0	2	0	46	0.98	0	1	0	0	10	16	+C
II	2108180	T	+A/+A	3	28	87.5%	1	2	33	42	0.98	1	1	0	3	20	8	+A
II	2115412	G	*/+T	29	18	38.3%	2	2	44	47	0.98	1	1	11	18	5	13	+T
II	2115422	T	*/+A	21	30	58.82%	2	2	47	43	0.98	1	1	5	16	12	18	+A
II	2132330	T	*/+A	14	3	17.65%	2	2	51	49	0.98	1	1	11	3	2	1	+A
II	2147726	G	+T/+T	2	23	92%	1	2	55	45	0.98	1	1	0	2	9	14	+T
II	2187407	G	+A/+A	0	23	100%	0	2	0	43	0.98	0	1	0	0	9	14	+A
II	2197587	C	*/-A	11	2	13.33%	2	2	39	42	0.98	1	1	10	1	1	1	A
II	2198945	G	*/-CA	20	3	13.04%	2	2	36	49	0.98	1	1	4	16	1	2	-CA
II	2199987	A	*/+TAACCTAACC	26	4	9.76%	2	2	46	55	0.98	1	1	12	14	2	2	+TAACCTAACC
II	2199987	A	*/+TAACC	26	11	26.83%	2	2	46	43	0.98	1	1	12	14	3	8	+TAACC
II	2202748	C	*/-T	16	2	11.11%	2	2	37	37	0.98	1	1	12	4	1	1	-T
II	2203072	C	*/+A	13	2	12.5%	2	2	56	49	0.98	1	1	7	6	1	1	+A
II	2203175	T	*/-A	12	2	13.33%	2	1	40	55	0.98	1	1	9	3	2	0	-A
II	2209818	A	*/+T	21	2	8.7%	2	1	44	37	0.98	1	1	10	11	2	0	+T
II	2219606	C	*/+T	20	2	9.09%	2	2	37	31	0.98	1	1	10	10	1	1	+T
II	2219928	A	+T/+T	0	20	100%	0	2	0	43	0.98	0	1	0	0	10	10	+T
II	2220498	A	*/+T	5	5	50%	2	2	37	51	0.98	1	1	3	2	2	3	+T
II	2293297	G	-A/-A	1	18	94.74%	1	2	74	41	0.98	1	1	1	0	9	9	-A
II	2338528	G	*/-A	20	3	12%	2	2	39	49	0.98	1	1	17	3	2	1	-A
II	2338528	G	*/+A	20	2	8%	2	1	39	37	0.98	1	1	17	3	2	0	-A
II	2443175	A	*/-TT	8	2	20%	2	1	35	25	0.98	1	1	6	2	0	2	-TT
II	2443873	T	*/+AA	3	3	30%	1	1	33	34	0.98	1	1	3	0	3	0	+AA
II	2523624	C	*/-A	1	2	22.22%	1	2	37	42	0.98	1	1	1	0	1	1	A
II	2523624	C	*/-AA	1	2	22.22%	1	1	37	55	0.98	1	1	1	0	2	0	A
II	2527996	C	*/-T	5	2	25%	2	1	39	55	0.98	1	1	3	2	2	0	-T
II	2552673	G	*/-T	4	2	25%	2	2	52	31	0.98	1	1	1	3	1	1	-T
II	2591913	T	*/-A	17	2	10%	2	1	41	31	0.98	1	1	12	5	0	2	-A
II	2592423	T	+A/+A	0	11	100%	0	2	0	52	0.98	0	1	0	0	5	6	+A
II	2612668	A	*/-T	20	2	9.09%	2	2	46	37	0.98	1	1	12	8	1	1	-T
II	2625659	T	*/+AACA	23	2	8%	2	2	42	37	0.98	1	1	17	6	1	1	+AACA
II	2630604	T	*/+A	14	2	11.76%	2	1	46	55	0.98	1	1	5	9	0	2	+A
II	2630607	C	*/+A	4	7	46.67%	2	2	43	42	0.98	1	1	3	1	1	6	+A
II	2630878	C	*/-AT	25	2	7.41%	2	1	43	37	0.98	1	1	6	19	0	2	-AT
II	2640785	T	*/+A	12	19	55.88%	2	2	43	45	0.98	1	1	7	5	10	9	+A
II	2647497	C	*/-T	17	3	13.04%	2	1	38	45	0.98	1	1	13	4	0	3	-T
II	2647497	C	*/+T	17	2	8.7%	2	2	38	37	0.98	1	1	13	4	1	1	-T
II	2650243	G	*/-A	39	4	9.09%	2	1	48	39	0.98	1	1	18	21	4	0	-A
II	2671614	G	*/-A	13	2	12.5%	2	1	43	36	0.98	1	1	11	2	2	0	-A
II	2702173	G	*/-TA	20	2	8.7%	2	2	45	55	0.98	1	1	7	13	1	1	-TA
II	2709414	G	+C/+C	1	24	96%	1	2	74	44	0.98	1	1	1	0	10	14	+C
II	2720152	T	+A/+A	2	26	89.66%	1	2	31	42	0.98	1	1	0	2	13	13	+A
II	2755338	C	*/-AT	5	13	61.9%	2	2	59	44	0.98	1	1	1	4	6	7	-AT
II	2755338	C	*/-ATAT	5	2	9.52%	2	2	59	68	0.98	1	1	1	4	1	1	-AT
II	2788933	C	+G/+G	0	26	96.3%	0	2	0	44	0.98	0	1	0	0	20	6	+G
II	2798040	C	-T/-T	2	21	91.3%	1	2	68	48	0.98	1	1	2	0	8	13	-T
II	2798514	A	-G/-G	1	14	93.33%	1	2	37	47	0.98	1	1	0	1	8	6	-G
II	2811495	C	-A/-A	0	26	100%	0	2	0	46	0.98	0	1	0	0	18	8	-A
II	2830962	C	+TT/+TT	1	14	82.35%	1	2	25	47	0.98	1	1	1	0	7	7	+TT
II	2869630	C	*/-T	16	3	15.79%	2	2	40	37	0.98	1	1	7	9	2	1	-T
II	2889850	G	*/-TCCTA	36	2	5.26%	2	2	48	74	0.98	1	1	21	15	1	1	-TCCTA
II	2894538	T	*/-A	12	3	20%	2	2	46	49	0.98	1	1	8	4	1	2	-A
II	2900889	A	*/-T	12	2	11.11%	2	1	44	62	0.98	1	1	10	2	2	0	-T
II	2900889	A	*/+T	12	3	16.67%	2	1	44	37	0.98	1	1	10	2	3	0	+T
II	2938956	C	*/+T	3	13	72.22%	2	2	61	44	0.98	1	1	1	2	6	7	+T
II	2988149	G	*/-T	13	5	27.78%	2	2	39	51	0.98	1	1	5	8	4	1	-T
II	2988988	G	*/-A	16	2	11.11%	2	1	40	74	0.98	1	1	10	6	2	0	-A
II	3010749	G	*/-A	24	2	7.69%	2	1	38	55	0.98	1	1	14	10	2	0	-A
II	3010975	G	*/+T	36	9	18.75%	2	2	44	39	0.98	1	1	15	21	6	3	+T
II	3028585	C	*/-AT	10	2	16.67%	2	2	37	37	0.98	1	1	3	7	1	1	-AT
II	3040332	C	+G/+G	1	31	93.94%	1	2	25	44	0.98	1	1	1	0	14	17	+G
II	3054128	T	*/-C	25	2	7.41%	2	1	50	37	0.98	1	1	13	12	0	2	-C
II	3139623	A	*/-AT	15	3	16.67%	2	1	47	37	0.98	1	1	3	12	0	3	-AT
II	3145037	T	*/+A	5	8	61.54%	2	2	37	40	0.98	1	1	3	2	3	5	+A
II	3154052	G	*/-T	11	2	14.29%	2	2	46	74	0.98	1	1	6	5	1	1	-T
II	3171788	G	*/-A	8	2	13.33%	2	1	36	37	0.98	1	1	6	2	2	0	-A
II	3171788	G	*/-AA	8	2	13.33%	2	1	36	37	0.98	1	1	6	2	2	0	-A
II	3235658	T	*/+A	8	4	33.33%	2	2	54	37	0.98	1	1	6	2	1	3	+A
II	3253453	C	*/-T	3	2	22.22%	1	1	37	37	0.98	1	1	3	0	0	2	-T
II	3253453	C	*/+T	3	4	44.44%	1	2	37	55	0.98	1	1	3	0	1	3	+T
II	3380128	C	*/-T	9	6	40%	2	2	35	53	0.98	1	1	8	1	4	2	-T
II	3410437	G	*/-T	9	4	28.57%	2	2	41	34	0.98	1	1	3	6	2	2	-T
II	3487895	G	*/+TATTT	6	10	58.82%	2	2	45	37	0.98	1	1	3	3	6	4	+TATTT
II	3509251	T	*/-A	8	4	30.77%	2	2	44	46	0.98	1	1	5	3	3	1	-A
II	3514786	C	*/-T	25	3	10%	2	2	40	29	0.98	1	1	17	8	2	1	-T
II	3536663	G	*/-A	17	2	10.53%	2	2	36	37	0.98	1	1	11	6	1	1	-A
II	3540057	A	*/-T	15	2	11.11%	2	1	47	37	0.98	1	1	10	5	2	0	-T
II	3574362	C	*/-A	30	4	11.76%	2	1	49	46	0.98	1	1	20	10	4	0	-A
II	3605463	G	*/-T	9	2	18.18%	2	2	44	74	0.98	1	1	1	8	1	1	-T
II	3619003	A	+G/+G	2	28	93.33%	1	2	37	44	0.98	1	1	0	2	12	16	+G
II	3621704	A	*/-T	19	4	16.67%	2	1	45	61	0.98	1	1	13	6	0	4	-T
II	3751899	T	*/+A	7	5	41.67%	2	2	37	51	0.98	1	1	6	1	2	3	+A
II	3799349	A	*/+T	7	2	22.22%	2	1	35	49	0.98	1	1	3	4	0	2	+T
II	3799350	G	*/+A	1	4	44.44%	1	2	37	39	0.98	1	1	1	0	2	2	A
II	3838101	C	-A/-A	2	10	76.92%	1	2	49	43	0.98	1	1	2	0	6	4	-A
II	3838912	T	*/-A	14	5	20.83%	2	2	36	46	0.98	1	1	4	10	1	4	-A
II	3838912	T	*/+A	14	2	8.33%	2	2	36	42	0.98	1	1	4	10	1	1	-A
II	3856890	T	*/-A	30	2	6.25%	2	1	42	37	0.98	1	1	20	10	0	2	-A
II	3856896	A	*/-T	22	3	10.34%	2	2	44	33	0.98	1	1	16	6	2	1	-T
II	3856896	A	*/+T	22	3	10.34%	2	2	44	33	0.98	1	1	16	6	1	2	-T
II	3860185	C	*/-TAGTA	36	21	33.87%	2	2	42	42	0.98	1	1	7	29	17	4	-TAGTA
II	3861161	C	*/+T	11	3	20%	2	2	35	49	0.98	1	1	5	6	2	1	+T
II	3861592	C	*/+T	3	4	50%	1	1	37	30	0.98	1	1	0	3	0	4	+T
II	3862860	C	*/-T	12	2	14.29%	2	1	34	37	0.98	1	1	5	7	0	2	-T
II	3869342	A	*/-AT	26	4	12.9%	2	2	47	55	0.98	1	1	11	15	3	1	-AT
II	3954039	C	*/-T	28	4	10.81%	2	2	37	39	0.98	1	1	15	13	3	1	-T
II	3954039	C	*/+T	28	5	13.51%	2	1	37	34	0.98	1	1	15	13	5	0	+T
II	3975235	C	*/-A	25	3	8.57%	2	2	41	33	0.98	1	1	18	7	2	1	-A
II	3975235	C	*/-AA	25	3	8.57%	2	2	41	37	0.98	1	1	18	7	2	1	-A
II	3975235	C	*/+A	25	2	5.71%	2	2	41	42	0.98	1	1	18	7	1	1	-A
II	3980468	C	*/-T	18	3	13.64%	2	2	38	44	0.98	1	1	13	5	1	2	-T
II	3987874	C	*/+A	20	2	9.09%	2	1	37	37	0.98	1	1	14	6	2	0	+A
II	4006982	C	*/-A	11	2	13.33%	2	1	43	36	0.98	1	1	6	5	0	2	-A
II	4031460	A	*/+T	6	4	36.36%	2	2	37	40	0.98	1	1	5	1	2	2	+T
II	4091063	C	+A/+A	0	21	100%	0	2	0	44	0.98	0	1	0	0	17	4	+A
II	4107252	A	*/+TTT	4	2	28.57%	2	1	46	25	0.98	1	1	3	1	0	2	+TTT
II	4107253	G	*/+TTT	3	2	25%	2	1	49	37	0.98	1	1	2	1	2	0	+TTT
II	4108814	G	*/-TA	55	3	5.17%	2	2	41	37	0.98	1	1	17	38	2	1	-TA
II	4130169	C	*/+A	28	2	6.67%	2	2	46	74	0.98	1	1	17	11	1	1	+A
II	4177822	G	*/+T	17	2	10%	2	1	39	37	0.98	1	1	10	7	2	0	+T
II	4242977	T	*/+A	18	2	10%	2	1	47	31	0.98	1	1	12	6	0	2	+A
II	4254960	G	-A/-A	3	25	89.29%	2	2	49	45	0.98	1	1	1	2	7	18	-A
II	4308414	C	*/+A	4	9	69.23%	2	2	37	48	0.98	1	1	3	1	6	3	+A
II	4419921	T	*/+A	8	3	27.27%	2	1	41	37	0.98	1	1	5	3	3	0	+A
II	4455991	A	*/-T	27	4	12.9%	2	2	47	37	0.98	1	1	9	18	3	1	-T
II	4462508	C	*/+A	4	2	25%	2	2	43	37	0.98	1	1	3	1	1	1	A
II	4505641	C	*/-A	30	2	6.25%	2	2	43	55	0.98	1	1	15	15	1	1	-A
II	4513922	G	*/+GGCTGCTATAATCATTCCCAA	54	5	8.47%	2	1	48	37	0.98	1	1	18	36	0	5	+GGCTGCTATAATCATTCCCAA
II	4515621	C	*/+A	9	3	21.43%	2	2	41	50	0.98	1	1	8	1	2	1	+A
II	4516522	A	*/+T	49	4	7.55%	2	1	46	37	0.98	1	1	35	14	0	4	+T
II	4517047	T	*/+TACTCATCTACTCATC	79	7	7.53%	2	2	48	40	0.98	1	1	43	36	5	2	+TACTCATCTACTCATC
II	4518476	T	*/-C	63	6	8.7%	2	2	41	43	0.98	1	1	31	32	3	3	-C
II	4521677	T	*/-AA	12	7	35%	2	2	41	37	0.98	1	1	7	5	4	3	-AA
II	4525340	G	*/+T	47	10	16.39%	2	2	41	38	0.98	1	1	32	15	5	5	+T
II	4526174	A	*/-T	22	6	20.69%	2	2	43	49	0.98	1	1	15	7	4	2	-T
II	4526843	C	*/-T	14	2	9.52%	2	1	34	37	0.98	1	1	8	6	2	0	-T
II	4526843	C	*/-TT	14	2	9.52%	2	2	34	37	0.98	1	1	8	6	1	1	-T
II	4526843	C	*/-TTT	14	2	9.52%	2	1	34	36	0.98	1	1	8	6	2	0	-T
II	4528465	C	*/+GACAAT	72	11	13.25%	2	2	43	40	0.98	1	1	35	37	6	5	+GACAAT
II	4529375	T	*/+ACAACGACAACGACAACG	46	11	15.28%	2	2	44	38	0.98	1	1	23	23	3	8	+ACAACGACAACGACAACG
II	4529375	T	*/+ACAACGACAACGACAACGACAACG	46	12	16.67%	2	2	44	48	0.98	1	1	23	23	5	7	+ACAACGACAACGACAACGACAACG
II	4533588	C	*/-T	48	24	33.33%	2	2	43	45	0.98	1	1	28	20	15	9	-T
II	4534880	A	*/-T	93	31	25%	2	2	47	43	0.98	1	1	42	51	15	16	-T
II	4535321	G	*/-GATAT	210	14	6.25%	2	2	43	39	0.98	1	1	101	109	9	5	-GATAT
II	4535523	T	*/+GTTACG	210	39	15.66%	2	2	43	42	0.98	1	1	48	162	11	28	+GTTACG
II	4535548	A	*/-TATGTG	216	37	14.57%	2	2	44	45	0.98	1	1	70	146	22	15	-TATGTG
II	4535645	G	*/-T	178	42	19%	2	2	49	46	0.98	1	1	98	80	22	20	-T
II	4535727	A	*/-G	138	13	8.61%	2	2	42	48	0.98	1	1	61	77	8	5	-G
II	4536728	A	*/+GAGAGTAGG	185	10	5.03%	2	2	45	46	0.98	1	1	87	98	5	5	+GAGAGTAGG
II	4537213	G	*/+T	130	126	49.03%	2	2	48	47	0.98	1	1	77	53	81	45	+T
II	4537387	A	*/-AATAAGAG	81	112	58.03%	2	2	48	45	0.98	1	1	37	44	67	45	-AATAAGAG
II	4537665	G	*/+AAATA	58	5	7.69%	2	2	41	42	0.98	1	1	34	24	4	1	+AAATA
II	4537712	T	*/-AAATAAAATTAATG	47	9	16.07%	2	2	39	35	0.98	1	1	24	23	6	3	-AAATAAAATTAATG
III	1558	G	*/+A	30	55	49.55%	2	2	42	43	0.98	1	1	18	12	29	26	+A
III	1558	G	*/+AA	30	9	8.11%	2	2	42	39	0.98	1	1	18	12	3	6	+A
III	4729	A	*/-T	487	144	20.69%	2	2	44	47	0.98	1	1	336	151	56	88	-T
III	4729	A	*/+T	487	41	5.89%	2	2	44	50	0.98	1	1	336	151	23	18	-T
III	4952	C	*/+T	441	85	15.77%	2	2	40	49	0.98	1	1	277	164	29	56	+T
III	5403	C	*/-T	466	152	21.78%	2	2	41	41	0.98	1	1	330	136	81	71	-T
III	5403	C	*/-TT	466	41	5.87%	2	2	41	45	0.98	1	1	330	136	21	20	-T
III	9812	T	*/+A	193	19	8.68%	2	1	43	41	0.98	1	1	70	123	0	19	+A
III	12428	G	*/+A	40	46	39.32%	2	2	41	41	0.98	1	1	19	21	24	22	+A
III	12428	G	*/+AA	40	9	7.69%	2	2	41	41	0.98	1	1	19	21	6	3	+A
III	15599	A	*/-T	463	142	21.07%	2	2	45	49	0.98	1	1	294	169	59	83	-T
III	15599	A	*/+T	463	48	7.12%	2	2	45	49	0.98	1	1	294	169	22	26	-T
III	15822	C	*/+T	433	74	14.31%	2	2	40	47	0.98	1	1	288	145	22	52	+T
III	16273	C	*/-T	441	139	21.16%	2	2	41	44	0.98	1	1	323	118	72	67	-T
III	16273	C	*/-TT	441	52	7.91%	2	2	41	42	0.98	1	1	323	118	31	21	-T
III	20682	T	*/+A	193	35	14.96%	2	2	45	40	0.98	1	1	67	126	2	33	+A
III	23298	G	*/+A	33	52	49.06%	2	2	35	43	0.98	1	1	16	17	31	21	+A
III	23298	G	*/+AA	33	9	8.49%	2	2	35	35	0.98	1	1	16	17	4	5	+A
III	29077	T	*/-C	26	2	7.14%	2	1	54	37	0.98	1	1	12	14	0	2	-C
III	46959	A	*/+AT	7	2	18.18%	2	1	44	37	0.98	1	1	2	5	2	0	+AT
III	69589	T	*/-A	18	2	10%	2	2	44	36	0.98	1	1	7	11	1	1	-A
III	73161	G	*/+T	8	3	27.27%	2	2	35	45	0.98	1	1	4	4	1	2	+T
III	123319	T	*/-A	15	2	11.11%	2	1	42	37	0.98	1	1	7	8	0	2	-A
III	131204	A	*/+T	20	2	9.09%	2	2	45	37	0.98	1	1	9	11	1	1	+T
III	155199	A	*/+T	6	6	50%	2	2	43	47	0.98	1	1	1	5	2	4	+T
III	182819	G	*/-A	34	2	5.56%	2	1	47	25	0.98	1	1	16	18	0	2	-A
III	207168	T	*/-A	5	2	22.22%	1	2	42	42	0.98	1	1	5	0	1	1	-A
III	207168	T	*/+A	5	2	22.22%	1	2	42	37	0.98	1	1	5	0	1	1	-A
III	208140	C	*/-A	15	3	13.64%	2	1	35	37	0.98	1	1	13	2	3	0	-A
III	208140	C	*/+A	15	2	9.09%	2	1	35	31	0.98	1	1	13	2	2	0	-A
III	235811	G	*/-A	31	2	6.06%	2	2	49	37	0.98	1	1	19	12	1	1	-A
III	237048	G	*/+A	8	2	18.18%	2	1	41	31	0.98	1	1	7	1	2	0	+A
III	237237	G	*/+A	10	2	16.67%	2	1	46	31	0.98	1	1	3	7	2	0	+A
III	253907	A	*/-T	2	2	25%	1	2	37	37	0.98	1	1	2	0	1	1	-T
III	253907	A	*/+T	2	3	37.5%	1	2	37	37	0.98	1	1	2	0	1	2	+T
III	271094	T	*/+A	27	3	10%	2	1	42	33	0.98	1	1	6	21	0	3	+A
III	284510	C	+A/+A	0	8	100%	0	2	0	41	0.98	0	1	0	0	4	4	+A
III	285212	T	*/+A	18	9	33.33%	2	2	47	49	0.98	1	1	16	2	5	4	+A
III	286478	C	*/-T	1	6	50%	1	2	37	34	0.98	1	1	1	0	4	2	-T
III	286478	C	*/-TT	1	5	41.67%	1	2	37	44	0.98	1	1	1	0	2	3	-T
III	286594	T	*/+A	7	5	41.67%	1	2	37	37	0.98	1	1	7	0	4	1	+A
III	348685	G	*/-AT	51	6	10.53%	2	1	43	49	0.98	1	1	26	25	6	0	-AT
III	348705	C	*/+T	38	4	9.52%	2	2	43	43	0.98	1	1	29	9	3	1	+T
III	360201	A	*/+AC	11	2	14.29%	1	1	40	37	0.98	1	1	11	0	0	2	+AC
III	365746	A	*/-C	21	2	8.7%	2	1	54	31	0.98	1	1	15	6	0	2	-C
III	365747	C	-A/-A	3	16	76.19%	2	2	45	46	0.98	1	1	2	1	13	3	-A
III	365747	C	*/-AA	3	2	9.52%	2	1	45	68	0.98	1	1	2	1	0	2	-A
III	369347	T	*/-A	19	3	13.64%	2	1	39	49	0.98	1	1	13	6	0	3	-A
III	382525	G	*/+A	19	2	9.52%	2	2	40	31	0.98	1	1	10	9	1	1	+A
III	383187	G	*/+T	27	2	6.9%	2	1	42	55	0.98	1	1	15	12	0	2	+T
III	415596	T	*/-A	9	2	15.38%	2	1	46	37	0.98	1	1	4	5	0	2	-A
III	415596	T	*/+A	9	2	15.38%	2	1	46	61	0.98	1	1	4	5	0	2	-A
III	431910	C	*/+T	17	2	10.53%	2	1	43	61	0.98	1	1	11	6	0	2	+T
III	467904	C	*/-A	10	2	15.38%	2	1	43	31	0.98	1	1	7	3	2	0	-A
III	518843	C	*/-T	15	2	10.53%	2	2	49	31	0.98	1	1	6	9	1	1	-T
III	563214	T	*/-A	17	2	6.9%	2	2	37	37	0.98	1	1	10	7	1	1	-A
III	563214	T	*/+A	17	10	34.48%	2	2	37	41	0.98	1	1	10	7	9	1	+A
III	568658	C	*/-T	13	3	15.79%	2	1	44	33	0.98	1	1	5	8	3	0	-T
III	568658	C	*/-TT	13	2	10.53%	2	1	44	49	0.98	1	1	5	8	2	0	-T
III	717677	A	*/-T	4	9	52.94%	2	2	43	49	0.98	1	1	2	2	5	4	-T
III	717677	A	*/-TT	4	4	23.53%	2	2	43	43	0.98	1	1	2	2	2	2	-T
III	719703	T	*/-A	13	6	30%	2	2	41	41	0.98	1	1	10	3	4	2	-A
III	719955	A	-C/-C	0	6	100%	0	1	0	35	0.98	0	1	0	0	0	6	-C
III	719973	C	-G/-G	0	4	100%	0	1	0	37	0.98	0	1	0	0	0	4	-G
III	720559	C	*/-T	10	6	35.29%	2	2	40	33	0.98	1	1	8	2	5	1	-T
III	720683	A	+T/+T	0	14	100%	0	2	0	37	0.98	0	1	0	0	8	6	+T
III	762516	T	*/-A	15	2	11.76%	2	1	48	62	0.98	1	1	7	8	0	2	-A
III	822701	G	*/-T	15	3	13.04%	2	2	47	37	0.98	1	1	7	8	1	2	-T
III	822701	G	*/+T	15	4	17.39%	2	2	47	49	0.98	1	1	7	8	2	2	+T
III	867865	C	-T/-T	0	12	92.31%	0	2	0	40	0.98	0	1	0	0	7	5	-T
III	897300	A	*/-T	37	2	5.13%	2	1	48	37	0.98	1	1	21	16	2	0	-T
III	898665	T	*/-A	23	3	11.54%	2	2	41	37	0.98	1	1	10	13	2	1	-A
III	936705	G	*/-T	5	2	16.67%	2	2	37	37	0.98	1	1	4	1	1	1	-T
III	936705	G	*/-TT	5	3	25%	2	2	37	40	0.98	1	1	4	1	1	2	-TT
III	958241	C	*/-T	8	3	23.08%	2	1	32	45	0.98	1	1	7	1	0	3	-T
III	958241	C	*/-TT	8	2	15.38%	2	1	32	25	0.98	1	1	7	1	0	2	-T
III	966124	G	*/-T	20	9	25%	1	2	37	39	0.98	1	1	20	0	8	1	-T
III	966124	G	*/-TT	20	3	8.33%	1	2	37	33	0.98	1	1	20	0	2	1	-T
III	966124	G	*/+T	20	3	8.33%	1	1	37	37	0.98	1	1	20	0	3	0	-T
III	970548	C	*/-T	2	4	50%	2	1	37	31	0.98	1	1	1	1	0	4	-T
III	970892	C	*/-T	16	4	20%	2	2	45	45	0.98	1	1	14	2	2	2	-T
III	996949	A	*/+T	12	2	13.33%	2	1	47	31	0.98	1	1	7	5	0	2	+T
III	1016311	G	+C/+C	0	39	100%	0	2	0	43	0.98	0	1	0	0	23	16	+C
III	1037573	G	*/-T	11	2	15.38%	2	2	43	31	0.98	1	1	3	8	1	1	-T
III	1073505	T	*/+ATATAGAG	107	15	12.2%	2	2	46	44	0.98	1	1	68	39	12	3	+ATATAGAG
III	1079346	A	*/+G	111	9	7.5%	2	2	42	41	0.98	1	1	80	31	7	2	+G
III	1080146	T	*/+ATATAGAG	185	19	9.13%	2	2	44	39	0.98	1	1	71	114	13	6	+ATATAGAG
III	1084110	A	*/-G	23	2	8%	2	1	41	37	0.98	1	1	15	8	2	0	-G
III	1084192	T	*/-GTGGTAAGTGTAA	43	8	15.69%	2	2	48	36	0.98	1	1	17	26	4	4	-GTGGTAAGTGTAA
III	1088517	C	*/-AACTACAACTATAACTAT	131	7	5.07%	2	2	45	42	0.98	1	1	92	39	5	2	-AACTACAACTATAACTAT
III	1095550	G	*/-T	22	11	27.5%	2	2	41	41	0.98	1	1	17	5	9	2	-T
III	1095550	G	*/-TT	22	4	10%	2	2	41	40	0.98	1	1	17	5	3	1	-T
III	1095550	G	*/+T	22	2	5%	2	1	41	42	0.98	1	1	17	5	2	0	-T
III	1098682	T	*/+A	4	9	69.23%	2	2	34	45	0.98	1	1	1	3	5	4	+A
III	1103423	T	*/-A	12	8	29.63%	2	2	41	41	0.98	1	1	7	5	5	3	-A
III	1103423	T	*/-AA	12	7	25.93%	2	2	41	43	0.98	1	1	7	5	4	3	-A
III	1108378	G	*/-TA	13	3	18.75%	2	1	44	33	0.98	1	1	7	6	3	0	-TA
III	1110392	G	*/-TAGTTATAGTTGTAGTTA	129	10	7.19%	2	2	43	40	0.98	1	1	39	90	6	4	-TAGTTATAGTTGTAGTTA
III	1110963	T	*/+C	66	5	7.04%	2	2	43	37	0.98	1	1	30	36	2	3	+C
III	1114731	C	*/-CACTTACCACTTA	51	3	5.56%	2	2	49	49	0.98	1	1	32	19	2	1	-CACTTACCACTTA
III	1114822	A	*/-C	25	2	7.41%	2	2	51	31	0.98	1	1	15	10	1	1	-C
III	1117152	G	*/-TAGTTATAGTTGTAGTTA	24	2	7.69%	2	1	45	49	0.98	1	1	17	7	2	0	-TAGTTATAGTTGTAGTTA
III	1117723	T	*/+C	75	6	7.41%	2	2	41	47	0.98	1	1	30	45	4	2	+C
III	1121582	A	*/-C	19	2	9.09%	2	1	40	61	0.98	1	1	9	10	2	0	-C
III	1124483	T	*/+C	81	6	6.9%	2	2	47	43	0.98	1	1	30	51	3	3	+C
III	1128355	A	*/-C	21	2	8.7%	2	1	48	37	0.98	1	1	10	11	0	2	-C
III	1130672	G	*/-TAGTTATAGTTGTAGTTA	25	4	13.79%	2	2	43	46	0.98	1	1	20	5	2	2	-TAGTTATAGTTGTAGTTA
III	1140919	T	*/+AA	11	13	52%	2	2	43	44	0.98	1	1	3	8	8	5	+AA
III	1168360	T	*/-G	4	2	33.33%	2	2	34	42	0.98	1	1	3	1	1	1	-G
III	1168362	G	*/-GAAA	2	2	40%	1	1	37	37	0.98	1	1	2	0	2	0	-GAAA
III	1199849	A	*/+T	23	2	8%	2	2	38	31	0.98	1	1	8	15	1	1	+T
III	1252495	T	*/-A	25	2	7.41%	2	1	43	25	0.98	1	1	12	13	0	2	-A
III	1252502	A	*/+TTT	13	3	16.67%	2	1	44	33	0.98	1	1	7	6	0	3	+TTT
III	1252505	G	*/+TT	8	3	16.67%	1	2	34	65	0.98	1	1	8	0	1	2	+TT
III	1373557	C	*/-T	24	2	7.69%	2	2	44	55	0.98	1	1	15	9	1	1	-T
III	1411945	T	*/+A	6	5	45.45%	2	1	43	34	0.98	1	1	4	2	5	0	+A
III	1443446	G	*/+AAATGGCATATGCGACGCGACAACGTCTTA	16	4	20%	2	1	40	37	0.98	1	1	12	4	0	4	+AAATGGCATATGCGACGCGACAACGTCTTA
III	1510629	T	*/-AA	11	2	11.76%	2	1	38	37	0.98	1	1	6	5	2	0	-AA
III	1510629	T	*/+A	11	2	11.76%	2	1	38	33	0.98	1	1	6	5	2	0	-AA
III	1547169	C	*/-A	6	7	50%	1	2	37	43	0.98	1	1	6	0	5	2	-A
III	1575951	G	*/+T	8	5	35.71%	2	2	35	42	0.98	1	1	5	3	2	3	+T
III	1581366	G	*/-T	15	4	21.05%	2	2	37	40	0.98	1	1	9	6	1	3	-T
III	1594933	T	*/-A	13	4	22.22%	2	2	40	49	0.98	1	1	8	5	2	2	-A
III	1601238	A	*/+T	20	2	9.09%	2	1	41	55	0.98	1	1	5	15	0	2	+T
III	1674617	T	*/-C	18	3	14.29%	2	1	45	33	0.98	1	1	6	12	0	3	-C
III	1674618	C	*/-T	3	7	58.33%	2	2	40	45	0.98	1	1	1	2	3	4	-T
III	1685487	G	+A/+A	0	20	100%	0	2	0	41	0.98	0	1	0	0	6	14	+A
III	1707997	T	*/-A	25	3	10.71%	2	1	38	37	0.98	1	1	14	11	0	3	-A
III	1712983	G	*/-A	11	2	13.33%	2	1	37	37	0.98	1	1	10	1	2	0	-A
III	1712983	G	*/-AA	11	2	13.33%	2	2	37	37	0.98	1	1	10	1	1	1	-A
III	1756400	T	-A/-A	0	31	100%	0	2	0	52	0.98	0	1	0	0	15	16	-A
III	1757370	T	*/-A	27	3	10%	2	2	47	37	0.98	1	1	12	15	1	2	-A
III	1774235	T	+GATC/+GATC	2	12	80%	1	2	37	37	0.98	1	1	2	0	5	7	+GATC
III	1785829	C	*/-A	26	2	7.14%	2	2	42	55	0.98	1	1	22	4	1	1	-A
III	1790165	C	*/-T	18	2	10%	2	1	41	25	0.98	1	1	12	6	0	2	-T
III	1821911	C	*/-A	2	4	66.67%	2	2	31	28	0.98	1	1	1	1	1	3	-A
III	1833132	C	*/-T	20	2	9.09%	2	1	53	37	0.98	1	1	14	6	2	0	-T
III	1925626	C	*/-A	7	3	27.27%	2	1	42	45	0.98	1	1	5	2	0	3	-A
III	1947823	A	*/-T	16	2	11.11%	2	1	43	37	0.98	1	1	12	4	2	0	-T
III	1979604	A	*/-T	11	2	15.38%	2	2	42	55	0.98	1	1	5	6	1	1	-T
III	1985119	G	*/-T	10	2	14.29%	2	2	51	31	0.98	1	1	6	4	1	1	-T
III	1985119	G	*/+T	10	2	14.29%	2	2	51	31	0.98	1	1	6	4	1	1	-T
III	2010864	G	*/-TA	35	2	5.41%	2	1	44	37	0.98	1	1	10	25	0	2	-TA
III	2023016	T	*/+A	34	4	10.53%	2	2	46	34	0.98	1	1	18	16	2	2	+A
III	2041768	A	*/+T	9	3	25%	2	2	37	49	0.98	1	1	4	5	1	2	+T
III	2069419	C	*/-T	4	2	33.33%	1	1	43	37	0.98	1	1	0	4	0	2	-T
III	2076412	G	*/-T	8	5	35.71%	2	2	34	34	0.98	1	1	4	4	4	1	-T
III	2087758	C	*/-T	37	2	5%	2	2	45	55	0.98	1	1	9	28	1	1	-T
III	2113205	C	*/-T	9	4	26.67%	2	2	39	40	0.98	1	1	7	2	3	1	-T
III	2113205	C	*/-TT	9	2	13.33%	2	2	39	49	0.98	1	1	7	2	1	1	-T
III	2149308	C	*/-AT	15	2	11.76%	2	1	40	49	0.98	1	1	5	10	0	2	-AT
III	2157938	C	*/-T	13	2	13.33%	2	2	42	55	0.98	1	1	7	6	1	1	-T
III	2178240	T	*/-A	17	4	17.39%	2	2	41	39	0.98	1	1	8	9	3	1	-A
III	2183757	T	+A/+A	1	11	91.67%	1	2	37	40	0.98	1	1	0	1	2	9	+A
III	2205924	T	*/+G	23	2	8%	2	1	41	31	0.98	1	1	12	11	2	0	+G
III	2220935	C	*/+T	28	2	6.67%	2	1	47	37	0.98	1	1	11	17	0	2	+T
III	2256051	T	*/+A	3	7	70%	2	2	49	42	0.98	1	1	1	2	3	4	+A
III	2270459	C	*/-A	19	2	9.52%	2	2	38	55	0.98	1	1	13	6	1	1	-A
III	2281940	C	*/-T	21	3	12.5%	2	2	44	49	0.98	1	1	14	7	2	1	-T
III	2300104	A	*/-T	5	2	28.57%	2	2	36	49	0.98	1	1	4	1	1	1	-T
III	2309611	T	*/-A	7	5	33.33%	2	2	51	44	0.98	1	1	5	2	2	3	-A
III	2309611	T	*/+A	7	3	20%	2	1	51	45	0.98	1	1	5	2	0	3	-A
III	2356258	G	*/+T	11	18	62.07%	2	2	51	46	0.98	1	1	5	6	4	14	+T
III	2373166	G	*/+A	18	2	9.09%	2	1	45	33	0.98	1	1	11	7	2	0	+A
III	2376326	C	*/+ATT	14	3	17.65%	2	2	48	37	0.98	1	1	4	10	2	1	+ATT
III	2382018	A	*/-T	3	7	53.85%	1	2	37	40	0.98	1	1	3	0	4	3	-T
III	2382018	A	*/-TT	3	3	23.08%	1	2	37	49	0.98	1	1	3	0	2	1	-T
III	2420241	T	*/-A	13	6	30%	2	2	41	31	0.98	1	1	5	8	2	4	-A
III	2443433	G	*/+T	262	14	5.07%	2	2	40	39	0.98	1	1	217	45	9	5	+T
III	2443562	A	+T/+T	8	43	82.69%	2	2	35	38	0.98	1	1	4	4	1	42	+T
III	2447848	T	*/-A	855	294	20.15%	2	2	43	40	0.98	1	1	626	229	219	75	-A
III	2447848	T	*/-AA	855	144	9.87%	2	2	43	44	0.98	1	1	626	229	101	43	-A
III	2447848	T	*/+A	855	108	7.4%	2	2	43	42	0.98	1	1	626	229	80	28	-A
III	2448309	T	-AA/-AA	66	668	89.42%	2	2	42	41	0.98	1	1	44	22	269	399	-AA
III	2448518	T	*/-A	857	282	20.83%	2	2	45	44	0.98	1	1	603	254	198	84	-A
III	2448518	T	*/-AA	857	83	6.13%	2	2	45	41	0.98	1	1	603	254	57	26	-A
III	2448518	T	*/+A	857	99	7.31%	2	2	45	43	0.98	1	1	603	254	66	33	+A
III	2451372	G	*/+T	244	14	5.43%	2	2	44	39	0.98	1	1	146	98	9	5	+T
