Chrom	Position	Ref	Cons	Reads1	Reads2	VarFreq	Strands1	Strands2	Qual1	Qual2	Pvalue	MapQual1	MapQual2	Reads1Plus	Reads1Minus	Reads2Plus	Reads2Minus	VarAllele
I	3160	A	*/+GTTGTCGTTGTCGTTGTC	356	164	25.15%	2	2	39	39	0.98	1	1	190	166	87	77	+GTTGTCGTTGTCGTTGTC
I	3160	A	*/+GTTGTCGTTGTCGTTGTCGTTGTC	356	123	18.87%	2	2	39	39	0.98	1	1	190	166	72	51	+GTTGTCGTTGTCGTTGTC
I	4047	C	*/-TGTCTCTGTCAT	571	89	13.48%	2	2	40	40	0.98	1	1	290	281	54	35	-TGTCTCTGTCAT
I	4053	C	*/+TGTCAT	460	80	14.29%	2	2	39	39	0.98	1	1	239	221	40	40	+TGTCAT
I	6357	T	*/-AA	339	99	22.1%	2	2	38	37	0.98	1	1	201	138	60	39	-AA
I	7192	C	*/+A	237	130	34.67%	2	2	38	38	0.98	1	1	141	96	78	52	+A
I	10859	G	*/-TT	208	151	41.71%	2	2	38	39	0.98	1	1	134	74	99	52	-TT
I	11051	T	*/+A	333	101	23.22%	2	2	39	39	0.98	1	1	192	141	56	45	+A
I	19694	T	*/+A	111	69	37.5%	2	2	38	39	0.98	1	1	46	65	64	5	+A
I	20545	C	*/+TTTTTTT	77	38	31.4%	2	2	38	37	0.98	1	1	45	32	17	21	+TTTTTTT
I	27402	A	*/+C	25	12	19.67%	2	1	39	37	0.98	1	1	7	18	0	12	+C
I	27402	A	*/+CC	25	10	16.39%	2	1	39	40	0.98	1	1	7	18	0	10	+C
I	27402	A	*/+CCC	25	6	9.84%	2	1	39	34	0.98	1	1	7	18	0	6	+C
I	43335	G	*/+A	63	36	35.29%	2	2	39	38	0.98	1	1	44	19	19	17	+A
I	101871	A	+G/+G	10	209	94.57%	2	2	44	39	0.98	1	1	6	4	115	94	+G
I	206448	C	*/+T	53	35	37.23%	2	1	39	39	0.98	1	1	34	19	35	0	+T
I	440084	T	*/+A	36	95	65.52%	2	2	40	38	0.98	1	1	23	13	40	55	+A
I	442786	C	+TT/+TT	34	181	80.09%	2	2	39	39	0.98	1	1	13	21	88	93	+TT
I	453367	G	*/+A	91	7	7.07%	2	1	38	40	0.98	1	1	51	40	0	7	+A
I	453369	G	*/+A	43	38	41.3%	2	2	39	36	0.98	1	1	28	15	21	17	+A
I	470378	A	-C/-C	4	197	98.01%	2	2	40	39	0.98	1	1	2	2	75	122	-C
I	470390	A	-C/-C	7	200	96.62%	2	2	45	39	0.98	1	1	5	2	71	129	-C
I	473427	G	*/+T	70	26	24.53%	2	2	38	39	0.98	1	1	43	27	22	4	+T
I	482737	A	+G/+G	3	238	98.35%	2	2	40	40	0.98	1	1	1	2	142	96	+G
I	554527	A	+T/+T	33	199	85.04%	2	2	40	39	0.98	1	1	16	17	112	87	+T
I	562745	A	*/+T	64	67	47.18%	2	2	39	38	0.98	1	1	34	30	50	17	+T
I	650099	C	*/+AA	33	103	72.03%	2	2	38	37	0.98	1	1	19	14	57	46	+AA
I	660056	T	*/+G	32	84	62.22%	2	2	37	38	0.98	1	1	13	19	56	28	+G
I	660056	T	*/+GG	32	9	6.67%	2	2	37	40	0.98	1	1	13	19	6	3	+G
I	670032	C	+A/+A	8	212	95.93%	2	2	36	40	0.98	1	1	6	2	108	104	+A
I	682993	T	-C/-C	9	185	95.36%	2	2	38	39	0.98	1	1	2	7	107	78	-C
I	862962	C	+T/+T	9	209	95.87%	2	2	40	40	0.98	1	1	3	6	98	111	+T
I	934908	T	*/+AA	58	17	19.32%	2	2	39	37	0.98	1	1	43	15	11	6	+AA
I	960025	G	+T/+T	36	163	81.91%	2	2	40	38	0.98	1	1	13	23	99	64	+T
I	965438	C	*/+A	57	58	46.4%	2	2	39	39	0.98	1	1	42	15	55	3	+A
I	1048635	G	+A/+A	20	172	88.66%	2	2	40	39	0.98	1	1	10	10	84	88	+A
I	1079583	T	*/+AAAAAAAA	70	12	13.64%	2	1	39	40	0.98	1	1	54	16	12	0	+AAAAAAAA
I	1148104	A	*/+T	47	83	61.48%	2	2	39	38	0.98	1	1	25	22	56	27	+T
I	1254654	A	*/+G	162	10	5.78%	2	1	39	36	0.98	1	1	83	79	0	10	+G
I	1254655	T	*/+A	41	83	59.29%	2	2	39	37	0.98	1	1	21	20	59	24	+A
I	1274803	T	+A/+A	4	182	93.81%	2	2	40	39	0.98	1	1	1	3	98	84	+A
I	1358794	C	*/+A	36	87	66.92%	2	2	39	38	0.98	1	1	30	6	58	29	+A
I	1424708	C	-A/-A	9	233	96.28%	2	2	44	39	0.98	1	1	5	4	137	96	-A
I	1494938	C	+A/+A	19	145	82.39%	2	2	38	37	0.98	1	1	9	10	91	54	+A
I	1496317	C	-A/-A	34	137	79.19%	2	2	39	38	0.98	1	1	23	11	59	78	-A
I	1509277	C	+T/+T	18	146	85.38%	2	2	38	39	0.98	1	1	9	9	72	74	+T
I	1595056	C	*/+T	50	62	51.24%	2	2	38	38	0.98	1	1	32	18	52	10	+T
I	1625092	T	+C/+C	9	191	94.55%	2	2	40	40	0.98	1	1	6	3	101	90	+C
I	1664720	A	*/+T	193	11	5.34%	2	2	38	41	0.98	1	1	97	96	8	3	+T
I	1765305	C	*/+A	80	5	5.88%	2	1	39	36	0.98	1	1	50	30	0	5	+A
I	1765306	C	*/+A	54	16	20.25%	2	2	39	37	0.98	1	1	36	18	12	4	+A
I	1905525	T	*/+G	46	31	30.39%	2	1	38	40	0.98	1	1	33	13	31	0	+G
I	1905525	T	*/+GG	46	8	7.84%	2	1	38	40	0.98	1	1	33	13	8	0	+G
I	1905525	T	*/+GGG	46	6	5.88%	2	1	38	40	0.98	1	1	33	13	6	0	+G
I	1936294	G	+A/+A	7	179	95.21%	2	2	40	39	0.98	1	1	2	5	101	78	+A
I	1952313	A	+T/+T	6	198	96.59%	2	2	37	40	0.98	1	1	1	5	96	102	+T
I	1955754	C	*/+TT	49	31	34.44%	2	2	39	38	0.98	1	1	35	14	26	5	+TT
I	1955852	A	*/+G	107	9	7.56%	2	1	38	32	0.98	1	1	53	54	0	9	+G
I	1955853	T	+A/+A	5	71	75.53%	2	2	40	37	0.98	1	1	2	3	41	30	+A
I	2025000	C	*/+T	54	44	44%	2	2	37	36	0.98	1	1	29	25	27	17	+T
I	2139856	G	+T/+T	32	145	77.54%	2	2	38	38	0.98	1	1	20	12	93	52	+T
I	2154491	T	+A/+A	6	176	95.14%	2	2	40	40	0.98	1	1	2	4	82	94	+A
I	2206796	C	+A/+A	19	190	90.48%	2	2	40	39	0.98	1	1	11	8	91	99	+A
I	2227936	T	*/+AAA	31	42	50.6%	2	2	37	36	0.98	1	1	18	13	25	17	+AAA
I	2239131	A	+C/+C	11	207	94.52%	2	2	40	40	0.98	1	1	4	7	107	100	+C
I	2245479	T	*/+C	173	27	13.17%	2	2	39	39	0.98	1	1	78	95	10	17	+C
I	2288240	C	-G/-G	5	187	97.4%	2	2	40	39	0.98	1	1	4	1	99	88	-G
I	2299561	G	+A/+A	19	176	89.8%	2	2	40	39	0.98	1	1	9	10	74	102	+A
I	2343703	G	+A/+A	12	224	94.12%	2	2	40	39	0.98	1	1	9	3	112	112	+A
I	2421576	A	-C/-C	13	198	93.84%	2	2	38	39	0.98	1	1	5	8	99	99	-C
I	2499149	A	-T/-T	17	198	92.09%	2	2	40	39	0.98	1	1	10	7	104	94	-T
I	2507462	T	+A/+A	5	230	96.64%	2	2	40	39	0.98	1	1	2	3	107	123	+A
I	2510060	T	+A/+A	14	177	91.71%	2	2	37	40	0.98	1	1	6	8	78	99	+A
I	2588021	C	+A/+A	7	197	93.36%	2	2	40	39	0.98	1	1	1	6	109	88	+A
I	2588066	C	+A/+A	24	184	87.62%	2	2	38	39	0.98	1	1	16	8	102	82	+A
I	2594263	C	+T/+T	8	205	95.79%	2	2	40	39	0.98	1	1	6	2	108	97	+T
I	2594324	T	+A/+A	5	201	93.93%	2	2	48	39	0.98	1	1	4	1	101	100	+A
I	2594351	T	+A/+A	9	203	93.98%	2	2	40	39	0.98	1	1	6	3	106	97	+A
I	2594391	A	+T/+T	9	203	94.42%	2	2	38	39	0.98	1	1	6	3	105	98	+T
I	2605860	G	-T/-T	1	204	99.51%	1	2	40	40	0.98	1	1	1	0	120	84	-T
I	2607669	A	+T/+T	14	186	92.08%	2	2	40	39	0.98	1	1	3	11	98	88	+T
I	2641998	C	*/+T	56	56	49.12%	2	2	37	36	0.98	1	1	32	24	33	23	+T
I	2683902	T	-C/-C	3	171	98.28%	2	2	40	39	0.98	1	1	1	2	81	90	-C
I	2751236	T	-A/-A	30	166	84.26%	2	2	41	39	0.98	1	1	13	17	97	69	-A
I	2759871	T	+C/+C	7	233	95.49%	2	2	40	40	0.98	1	1	3	4	122	111	+C
I	3125118	A	+T/+T	8	213	95.95%	2	2	40	39	0.98	1	1	4	4	110	103	+T
I	3143388	C	+T/+T	29	159	84.13%	2	2	38	39	0.98	1	1	13	16	85	74	+T
I	3166776	G	*/+TTT	60	93	53.45%	2	2	39	37	0.98	1	1	31	29	74	19	+TTT
I	3178494	C	+T/+T	6	200	97.09%	2	2	40	39	0.98	1	1	1	5	117	83	+T
I	3197528	A	+G/+G	9	212	95.07%	2	2	40	39	0.98	1	1	4	5	115	97	+G
I	3300811	C	*/-G	18	3	7.89%	2	1	37	40	0.98	1	1	11	7	3	0	-G
I	3300811	C	*/-GG	18	2	5.26%	2	1	37	40	0.98	1	1	11	7	2	0	-G
I	3300811	C	*/-GGGG	18	2	5.26%	2	1	37	40	0.98	1	1	11	7	2	0	-G
I	3300811	C	*/-GGGGG	18	3	7.89%	2	1	37	40	0.98	1	1	11	7	3	0	-GGGGG
I	3300811	C	*/-GGGGGG	18	2	5.26%	2	1	37	40	0.98	1	1	11	7	2	0	-GGGGG
I	3300811	C	*/-GGGGGGG	18	5	13.16%	2	1	37	40	0.98	1	1	11	7	5	0	-GGGGGGG
I	3300811	C	*/-GGGGGGGG	18	2	5.26%	2	1	37	40	0.98	1	1	11	7	2	0	-GGGGGGG
I	3450130	G	-T/-T	7	207	96.73%	2	2	40	40	0.98	1	1	3	4	104	103	-T
I	3460318	T	+C/+C	5	207	96.73%	2	2	40	40	0.98	1	1	2	3	112	95	+C
I	3538413	A	+T/+T	10	210	95.45%	2	2	38	40	0.98	1	1	1	9	126	84	+T
I	3538428	G	+T/+T	9	200	94.79%	2	2	38	39	0.98	1	1	7	2	122	78	+T
I	3538436	T	+A/+A	11	197	94.71%	2	2	40	39	0.98	1	1	8	3	121	76	+A
I	3538449	T	+TA/+TA	34	151	81.62%	2	2	40	39	0.98	1	1	24	10	92	59	+TA
I	3538456	A	+AT/+AT	0	161	98.17%	0	2	0	39	0.98	0	1	0	0	96	65	+AT
I	3548532	G	*/+T	81	8	8.7%	2	2	39	38	0.98	1	1	39	42	7	1	+T
I	3576929	C	+T/+T	30	171	84.65%	2	2	38	39	0.98	1	1	11	19	89	82	+T
I	3580034	C	*/+T	64	41	36.61%	2	2	37	37	0.98	1	1	33	31	22	19	+T
I	3665610	G	+C/+C	5	183	96.83%	1	2	40	39	0.98	1	1	0	5	79	104	+C
I	3700385	T	*/+AA	55	55	45.45%	2	2	38	38	0.98	1	1	40	15	25	30	+AA
I	3730369	A	+T/+T	24	229	89.11%	2	2	39	39	0.98	1	1	14	10	116	113	+T
I	3765328	C	+T/+T	27	147	84.48%	2	2	38	38	0.98	1	1	10	17	97	50	+T
I	3776933	G	+A/+A	19	134	85.35%	2	2	37	38	0.98	1	1	7	12	49	85	+A
I	3785861	G	*/+TATAATGTATATAATGTATATAATGTA	119	19	13.1%	2	2	39	40	0.98	1	1	53	66	8	11	+TATAATGTATATAATGTATATAATGTA
I	3855790	G	-T/-T	3	194	98.48%	2	2	40	39	0.98	1	1	2	1	83	111	-T
I	3870142	A	*/+C	80	90	47.62%	2	2	39	39	0.98	1	1	35	45	31	59	+C
I	3870142	A	*/+CC	80	15	7.94%	2	2	39	38	0.98	1	1	35	45	8	7	+C
I	3940025	G	+T/+T	19	169	88.02%	2	2	39	39	0.98	1	1	9	10	76	93	+T
I	4004016	G	*/+T	33	102	70.34%	2	2	38	37	0.98	1	1	21	12	69	33	+T
I	4010237	A	*/+GGGGG	24	3	10%	2	1	39	40	0.98	1	1	16	8	3	0	+GGGGG
I	4055052	T	+A/+A	26	147	80.33%	2	2	39	39	0.98	1	1	13	13	79	68	+A
I	4179701	C	*/+T	51	37	38.54%	2	2	37	38	0.98	1	1	26	25	24	13	+T
I	4276888	A	*/+T	172	11	5.88%	2	1	38	33	0.98	1	1	108	64	0	11	+T
I	4276890	G	*/+T	38	118	65.19%	2	2	38	38	0.98	1	1	13	25	92	26	+T
I	4304169	G	+A/+A	7	223	95.3%	2	2	45	39	0.98	1	1	6	1	118	105	+A
I	4374342	A	-G/-G	11	202	94.84%	2	2	40	39	0.98	1	1	6	5	97	105	-G
I	4407494	T	+G/+G	5	218	96.89%	2	2	40	40	0.98	1	1	4	1	112	106	+G
I	4410191	C	-G/-G	6	202	97.12%	2	2	40	39	0.98	1	1	2	4	91	111	-G
I	4414201	C	-T/-T	35	140	79.55%	2	2	38	38	0.98	1	1	14	21	83	57	-T
I	4414723	T	*/+AAAAA	44	7	12.96%	2	2	40	35	0.98	1	1	37	7	4	3	+AAAAA
I	4431856	G	+A/+A	10	211	94.62%	2	2	40	39	0.98	1	1	5	5	102	109	+A
I	4431868	C	+A/+A	6	230	97.05%	2	2	40	39	0.98	1	1	3	3	112	118	+A
I	4455149	G	+A/+A	23	173	87.82%	2	2	42	39	0.98	1	1	17	6	91	82	+A
I	4549188	A	+GAAT/+GAAT	33	186	84.16%	2	2	39	40	0.98	1	1	14	19	107	79	+GAAT
I	4648144	T	*/-G	132	10	7.04%	2	1	39	38	0.98	1	1	87	45	0	10	-G
I	4648159	T	*/-G	45	87	60.84%	2	2	38	39	0.98	1	1	15	30	59	28	-G
I	4648159	T	*/-GG	45	11	7.69%	2	2	38	37	0.98	1	1	15	30	2	9	-G
I	4721875	G	+A/+A	19	175	89.74%	2	2	40	39	0.98	1	1	14	5	72	103	+A
I	4764253	G	+A/+A	29	149	81.42%	2	2	40	39	0.98	1	1	16	13	76	73	+A
I	4882281	C	*/+T	168	42	19.91%	2	2	39	40	0.98	1	1	81	87	21	21	+T
I	4926046	C	*/+T	51	50	45.45%	2	2	38	37	0.98	1	1	23	28	41	9	+T
I	4984784	A	*/+T	100	68	38.42%	2	2	37	36	0.98	1	1	54	46	46	22	+T
I	5142627	A	+G/+G	15	221	92.47%	2	2	38	39	0.98	1	1	6	9	119	102	+G
I	5148414	T	-A/-A	19	192	90.57%	2	2	39	39	0.98	1	1	12	7	100	92	-A
I	5173087	C	+T/+T	20	167	89.3%	2	2	39	39	0.98	1	1	10	10	79	88	+T
I	5173428	C	*/+T	162	16	8.89%	2	1	37	36	0.98	1	1	90	72	0	16	+T
I	5173430	G	*/+T	23	118	73.29%	2	2	40	37	0.98	1	1	9	14	81	37	+T
I	5176924	A	*/+G	123	11	8.21%	2	1	39	38	0.98	1	1	53	70	0	11	+G
I	5176926	T	*/+A	39	67	54.92%	2	2	39	38	0.98	1	1	20	19	29	38	+A
I	5177760	A	*/+T	76	10	11.11%	2	2	38	32	0.98	1	1	42	34	6	4	+T
I	5271432	C	*/+TTTT	98	8	7.48%	2	2	39	38	0.98	1	1	74	24	5	3	+TTTT
I	5368262	T	-C/-C	10	230	95.83%	2	2	40	39	0.98	1	1	4	6	114	116	-C
I	5368273	G	+T/+T	9	225	95.34%	2	2	38	39	0.98	1	1	6	3	108	117	+T
I	5426622	C	+T/+T	41	198	80.82%	2	2	39	39	0.98	1	1	10	31	110	88	+T
I	5555289	T	*/-A	151	10	5.88%	2	2	40	40	0.98	1	1	88	63	8	2	-A
I	5557287	A	*/+T	72	8	9.88%	2	1	39	38	0.98	1	1	46	26	8	0	+T
I	5559279	T	*/-G	20	51	56.04%	2	2	37	37	0.98	1	1	10	10	45	6	-G
I	5559279	T	*/-GG	20	15	16.48%	2	2	37	40	0.98	1	1	10	10	13	2	-G
I	5567937	C	*/-A	195	12	5.71%	2	2	38	37	0.98	1	1	114	81	10	2	-A
I	5572022	A	*/-T	225	40	15.09%	2	1	39	40	0.98	1	1	128	97	0	40	-T
I	5576663	A	*/+T	238	61	20.27%	2	2	39	40	0.98	1	1	132	106	46	15	+T
I	5576850	T	*/-AA	170	114	39.58%	2	2	39	39	0.98	1	1	93	77	57	57	-AA
II	15830	T	*/+A	44	10	16.95%	2	2	40	38	0.98	1	1	28	16	8	2	+A
II	46913	T	*/-A	63	4	5.97%	2	2	38	36	0.98	1	1	44	19	3	1	-A
II	128001	T	-A/-A	17	212	92.58%	2	2	40	39	0.98	1	1	9	8	111	101	-A
II	146079	T	-C/-C	9	197	95.63%	2	2	40	39	0.98	1	1	4	5	97	100	-C
II	355454	T	*/+A	54	149	68.98%	2	2	39	39	0.98	1	1	27	27	82	67	+A
II	355468	A	*/-T	185	21	10.1%	2	2	38	39	0.98	1	1	92	93	7	14	-T
II	484534	A	*/+T	52	119	66.48%	2	2	39	38	0.98	1	1	22	30	69	50	+T
II	526957	C	-GTGTGT/-GTGTGT	19	151	88.82%	2	2	39	39	0.98	1	1	13	6	68	83	-GTGTGT
II	529491	A	*/+T	166	22	11.58%	2	2	39	40	0.98	1	1	99	67	11	11	+T
II	603279	A	-T/-T	3	217	98.64%	2	2	40	39	0.98	1	1	2	1	108	109	-T
II	603305	A	-C/-C	9	223	96.12%	2	2	38	39	0.98	1	1	3	6	113	110	-C
II	700009	T	-A/-A	33	215	86.69%	2	2	40	40	0.98	1	1	20	13	107	108	-A
II	819795	T	+C/+C	20	164	83.25%	2	2	40	40	0.98	1	1	10	10	100	64	+C
II	819795	T	*/+CC	20	10	5.08%	2	2	40	44	0.98	1	1	10	10	6	4	+C
II	888599	A	-C/-C	7	185	96.35%	2	2	37	39	0.98	1	1	4	3	113	72	-C
II	903106	G	+T/+T	5	198	97.54%	2	2	40	39	0.98	1	1	4	1	106	92	+T
II	997671	G	*/+CAACAACAACAACAA	141	20	10.2%	2	2	39	39	0.98	1	1	97	44	10	10	A
II	1019510	T	-A/-A	37	131	77.51%	2	2	41	38	0.98	1	1	22	15	72	59	-A
II	1079843	T	+A/+A	25	192	86.88%	2	2	40	39	0.98	1	1	18	7	104	88	+A
II	1163154	A	-T/-T	16	223	93.31%	2	2	39	40	0.98	1	1	3	13	112	111	-T
II	1266289	T	*/+A	33	135	73.37%	2	2	40	38	0.98	1	1	23	10	82	53	+A
II	1277481	G	*/+TT	59	26	29.55%	2	2	40	39	0.98	1	1	36	23	19	7	+TT
II	1308618	G	-T/-T	14	185	92.96%	2	2	41	39	0.98	1	1	8	6	106	79	-T
II	1389139	C	*/+T	56	106	63.47%	2	2	38	37	0.98	1	1	29	27	42	64	+T
II	1451705	G	+A/+A	29	186	84.16%	2	2	38	40	0.98	1	1	18	11	88	98	+A
II	1467485	C	*/+T	149	10	6.21%	2	2	39	36	0.98	1	1	81	68	5	5	+T
II	1531449	G	*/-T	49	144	74.23%	2	2	38	37	0.98	1	1	16	33	97	47	-T
II	1552815	A	*/+AG	56	142	71.36%	2	2	39	40	0.98	1	1	29	27	63	79	+AG
II	1555919	A	*/+TTTATT	67	149	68.04%	2	2	40	40	0.98	1	1	25	42	88	61	+TTTATT
II	1588936	G	*/+AA	60	60	46.15%	2	2	38	38	0.98	1	1	41	19	41	19	+AA
II	1600211	C	*/+A	202	62	23.4%	2	2	39	39	0.98	1	1	114	88	37	25	+A
II	1606704	A	*/+GTGGTGGTG	342	24	6.56%	2	2	40	40	0.98	1	1	193	149	16	8	+GTGGTGGTG
II	1612985	A	*/+ATAATGATAATG	154	19	9.79%	2	2	39	40	0.98	1	1	72	82	12	7	+ATAATGATAATG
II	1618418	C	*/+A	214	30	12.2%	2	2	39	39	0.98	1	1	107	107	28	2	+A
II	1620412	T	*/-A	36	12	25%	2	1	39	40	0.98	1	1	21	15	12	0	-A
II	1629986	A	*/+T	138	10	6.71%	2	2	38	36	0.98	1	1	109	29	3	7	+T
II	1634843	T	*/+ATTATCATTATC	150	40	17.86%	2	2	39	40	0.98	1	1	75	75	22	18	+ATTATCATTATC
II	1645549	C	*/+A	141	91	37.76%	2	2	39	41	0.98	1	1	101	40	23	68	+A
II	1678205	T	-A/-A	48	156	76.47%	2	2	39	39	0.98	1	1	20	28	86	70	-A
II	1716256	G	*/+T	90	35	25.55%	2	2	38	38	0.98	1	1	65	25	25	10	+T
II	1716287	T	*/-G	137	27	16.46%	2	2	39	39	0.98	1	1	67	70	12	15	-G
II	1748646	G	*/-A	34	66	65.35%	2	2	38	39	0.98	1	1	24	10	35	31	-A
II	1805315	C	*/+T	61	13	17.33%	2	1	39	40	0.98	1	1	40	21	13	0	+T
II	1861420	T	-G/-G	0	225	100%	0	2	0	39	0.98	0	1	0	0	111	114	-G
II	1867795	A	+T/+T	22	144	85.21%	2	2	39	38	0.98	1	1	9	13	66	78	+T
II	1868122	G	*/+T	55	62	48.06%	2	2	38	37	0.98	1	1	29	26	46	16	+T
II	1873779	T	+A/+A	10	181	93.78%	2	2	40	39	0.98	1	1	3	7	95	86	+A
II	1877294	A	+T/+T	20	162	88.04%	2	2	41	39	0.98	1	1	14	6	82	80	+T
II	1941966	A	+T/+T	8	183	94.82%	2	2	40	40	0.98	1	1	5	3	98	85	+T
II	1941982	A	+T/+T	10	193	94.61%	2	2	40	40	0.98	1	1	5	5	102	91	+T
II	1948953	G	-A/-A	3	220	98.65%	2	2	40	39	0.98	1	1	1	2	106	114	-A
II	1950050	A	+G/+G	13	176	92.15%	2	2	38	39	0.98	1	1	8	5	79	97	+G
II	1952046	T	*/+TATTG	110	100	47.62%	2	2	39	40	0.98	1	1	48	62	7	93	+TATTG
II	1955495	T	*/+A	43	146	73.74%	2	2	39	39	0.98	1	1	31	12	71	75	+A
II	1960392	A	+G/+G	6	224	96.97%	2	2	40	39	0.98	1	1	1	5	120	104	+G
II	1987101	C	-G/-G	4	231	98.3%	2	2	40	39	0.98	1	1	3	1	103	128	-G
II	1987117	T	-G/-G	6	238	97.54%	2	2	40	39	0.98	1	1	3	3	110	128	-G
II	2023193	G	*/+TT	72	38	33.93%	2	2	39	37	0.98	1	1	45	27	22	16	+TT
II	2049891	A	-T/-T	5	200	97.56%	2	2	40	40	0.98	1	1	2	3	84	116	-T
II	2053516	G	+C/+C	11	167	91.26%	2	2	40	40	0.98	1	1	6	5	86	81	+C
II	2108180	T	+A/+A	5	180	97.3%	2	2	40	40	0.98	1	1	1	4	87	93	+A
II	2147726	G	+T/+T	8	192	95.52%	2	2	40	40	0.98	1	1	3	5	94	98	+T
II	2187407	G	+A/+A	6	230	96.23%	2	2	40	40	0.98	1	1	5	1	132	98	+A
II	2219928	A	+T/+T	7	190	95.48%	2	2	40	39	0.98	1	1	5	2	88	102	+T
II	2293297	G	-A/-A	8	222	96.52%	2	2	40	39	0.98	1	1	7	1	129	93	-A
II	2443871	A	*/+GG	87	6	6.45%	2	1	38	34	0.98	1	1	52	35	0	6	+GG
II	2443873	T	*/+AA	41	26	32.5%	2	2	39	40	0.98	1	1	26	15	23	3	+AA
II	2504242	C	-A/-A	39	172	81.13%	2	2	39	38	0.98	1	1	28	11	81	91	-A
II	2592423	T	+A/+A	16	163	89.07%	2	2	38	39	0.98	1	1	8	8	92	71	+A
II	2619448	G	*/-TT	69	6	7.89%	2	1	38	40	0.98	1	1	42	27	6	0	-TT
II	2630607	C	+A/+A	29	124	78.48%	2	2	38	38	0.98	1	1	20	9	64	60	+A
II	2640785	T	*/+A	27	69	65.09%	2	2	40	38	0.98	1	1	18	9	38	31	+A
II	2709414	G	+C/+C	4	200	97.56%	2	2	40	39	0.98	1	1	2	2	88	112	+C
II	2755338	C	-AT/-AT	39	176	81.48%	2	2	39	38	0.98	1	1	23	16	95	81	-AT
II	2788933	C	+G/+G	9	189	95.45%	2	2	36	39	0.98	1	1	3	6	113	76	+G
II	2798040	C	-T/-T	3	209	98.58%	1	2	40	39	0.98	1	1	0	3	104	105	-T
II	2798514	A	-G/-G	11	200	94.79%	2	2	38	39	0.98	1	1	8	3	80	120	-G
II	2811495	C	-A/-A	5	210	97.67%	2	2	40	40	0.98	1	1	2	3	112	98	-A
II	2894538	T	-A/-A	47	150	75.38%	2	2	40	38	0.98	1	1	20	27	91	59	-A
II	2937277	T	+A/+A	20	195	90.28%	2	2	40	39	0.98	1	1	7	13	96	99	+A
II	2938956	C	+T/+T	20	183	89.71%	2	2	40	39	0.98	1	1	10	10	99	84	+T
II	3040332	C	+G/+G	8	202	94.39%	2	2	40	39	0.98	1	1	5	3	95	107	+G
II	3053833	T	*/+TCTTCTTGTTCC	94	97	49.49%	2	2	38	39	0.98	1	1	48	46	48	49	+TCTTCTTGTTCC
II	3058544	T	-G/-G	40	153	77.27%	2	2	39	39	0.98	1	1	26	14	81	72	-G
II	3171788	G	*/+A	33	97	70.29%	2	2	38	38	0.98	1	1	19	14	63	34	+A
II	3253453	C	*/+T	42	83	62.88%	2	2	39	37	0.98	1	1	22	20	55	28	+T
II	3380519	T	*/+C	31	121	69.94%	2	2	40	39	0.98	1	1	24	7	68	53	+C
II	3380519	T	*/+CC	31	20	11.56%	2	2	40	39	0.98	1	1	24	7	10	10	+C
II	3619003	A	+G/+G	9	193	95.54%	2	2	40	40	0.98	1	1	5	4	84	109	+G
II	3799350	G	*/+A	46	108	68.79%	2	2	39	38	0.98	1	1	20	26	56	52	+A
II	3838101	C	-A/-A	34	201	85.53%	2	2	40	38	0.98	1	1	16	18	101	100	-A
II	3860185	C	*/-TAGTA	43	149	74.87%	2	2	38	39	0.98	1	1	25	18	68	81	-TAGTA
II	3980468	C	*/-T	38	107	70.39%	2	2	39	38	0.98	1	1	20	18	76	31	-T
II	4031460	A	*/+T	40	55	56.12%	2	2	39	37	0.98	1	1	21	19	50	5	+T
II	4107253	G	*/+TTT	74	33	30%	2	2	38	36	0.98	1	1	45	29	20	13	+TTT
II	4254960	G	-A/-A	6	181	96.79%	2	2	40	39	0.98	1	1	2	4	95	86	-A
II	4308414	C	+A/+A	29	177	85.1%	2	2	39	39	0.98	1	1	19	10	81	96	+A
II	4419921	T	*/+A	46	86	59.31%	2	2	39	37	0.98	1	1	33	13	42	44	+A
II	4513922	G	*/+GGCTGCTATAATCATTCCCAA	297	20	6.21%	2	2	39	40	0.98	1	1	136	161	10	10	+GGCTGCTATAATCATTCCCAA
II	4517047	T	*/+TACTCATC	283	107	24.43%	2	2	39	39	0.98	1	1	132	151	57	50	+TACTCATC
II	4521490	A	*/+T	247	63	20.26%	2	2	39	40	0.98	1	1	135	112	46	17	+T
II	4521677	T	*/-AA	172	116	39.32%	2	2	38	39	0.98	1	1	93	79	68	48	-AA
II	4525340	G	*/+T	145	97	34.15%	2	2	38	38	0.98	1	1	110	35	82	15	+T
II	4526174	A	*/-T	172	24	12.18%	2	2	34	36	0.98	1	1	107	65	16	8	-T
II	4528465	C	*/+GACAAT	570	84	12.82%	2	2	39	39	0.98	1	1	256	314	38	46	+GACAAT
II	4528483	T	*/-GACAATGACAGA	584	63	9.74%	2	2	39	39	0.98	1	1	267	317	21	42	-GACAATGACAGA
II	4529375	T	*/+ACAACGACAACGACAACG	366	149	23.35%	2	2	40	39	0.98	1	1	181	185	72	77	+ACAACGACAACGACAACG
II	4529375	T	*/+ACAACGACAACGACAACGACAACG	366	104	16.3%	2	2	40	40	0.98	1	1	181	185	44	60	+ACAACGACAACGACAACG
II	4533588	C	*/-T	921	488	34.59%	2	2	40	39	0.98	1	1	485	436	261	227	-T
II	4534880	A	*/-T	1091	261	19.3%	2	2	39	40	0.98	1	1	583	508	130	131	-T
II	4535321	G	*/-GATAT	1206	208	14.71%	2	2	40	40	0.98	1	1	565	641	102	106	-GATAT
II	4535523	T	*/+GTTACG	1070	249	18.85%	2	2	39	39	0.98	1	1	512	558	113	136	+GTTACG
II	4535548	A	*/-TATGTG	1051	248	19.06%	2	2	39	39	0.98	1	1	486	565	114	134	-TATGTG
II	4535645	G	*/-T	1062	288	21.27%	2	2	39	38	0.98	1	1	532	530	132	156	-T
II	4535727	A	*/-G	1245	226	15.36%	2	2	39	40	0.98	1	1	657	588	122	104	-G
II	4536089	C	*/+AAAAGAAAAGTAAATT	1381	149	9.63%	2	2	39	40	0.98	1	1	705	676	85	64	+AAAAGAAAAGTAAATT
II	4536728	A	*/+GAGAGTAGG	715	344	30.15%	2	2	39	39	0.98	1	1	290	425	121	223	+GAGAGTAGG
II	4537213	G	*/+T	910	225	19.79%	2	2	39	39	0.98	1	1	421	489	125	100	+T
II	4537387	A	*/-AATAAGAG	430	639	59.78%	2	2	39	39	0.98	1	1	201	229	289	350	-AATAAGAG
II	4537665	G	*/+AAATA	862	164	15.5%	2	2	40	40	0.98	1	1	386	476	56	108	+AAATA
III	1558	G	*/+A	2305	640	20.4%	2	2	39	40	0.98	1	1	1217	1088	333	307	+A
III	4729	A	*/+TT	1382	400	21.41%	2	2	38	35	0.98	1	1	715	667	176	224	+TT
III	4952	C	*/+T	2705	413	13.14%	2	2	39	38	0.98	1	1	1547	1158	28	385	+T
III	9812	T	*/+A	3432	519	12.99%	2	2	39	39	0.98	1	1	1971	1461	42	477	+A
III	10094	A	*/-T	3867	417	9.73%	2	2	39	39	0.98	1	1	2072	1795	2	415	-T
III	12428	G	*/+A	2248	710	22.67%	2	2	39	39	0.98	1	1	1198	1050	355	355	+A
III	15599	A	*/+TT	1449	370	19.39%	2	2	38	36	0.98	1	1	774	675	161	209	+TT
III	15822	C	*/+T	2750	443	13.77%	2	2	39	38	0.98	1	1	1601	1149	26	417	+T
III	20682	T	*/+A	3421	512	12.81%	2	2	39	38	0.98	1	1	1930	1491	40	472	+A
III	20964	A	*/-T	3879	399	9.32%	2	2	39	39	0.98	1	1	2068	1811	5	394	-T
III	23298	G	*/+A	2196	681	22.17%	2	2	39	40	0.98	1	1	1222	974	347	334	+A
III	46959	A	*/+AT	31	16	32%	2	2	39	39	0.98	1	1	17	14	12	4	+AT
III	253907	A	*/+T	50	89	56.33%	2	2	39	36	0.98	1	1	25	25	47	42	+T
III	286478	C	-TT/-TT	22	174	88.78%	2	2	39	39	0.98	1	1	7	15	90	84	-TT
III	286594	T	*/+A	57	76	55.47%	2	2	38	38	0.98	1	1	44	13	35	41	+A
III	350710	G	*/+TATC	211	19	8.26%	2	2	40	40	0.98	1	1	99	112	4	15	+TATC
III	365747	C	-A/-A	24	142	84.02%	2	2	38	38	0.98	1	1	14	10	80	62	-A
III	717677	A	*/-T	61	125	65.79%	2	2	39	38	0.98	1	1	29	32	54	71	-T
III	719955	A	-C/-C	6	193	96.98%	2	2	37	39	0.98	1	1	3	3	104	89	-C
III	719973	C	-G/-G	0	52	100%	0	2	0	40	0.98	0	1	0	0	33	19	-G
III	720683	A	+T/+T	16	161	87.5%	2	2	37	39	0.98	1	1	5	11	97	64	+T
III	792469	C	*/-A	181	10	5.18%	2	2	39	40	0.98	1	1	92	89	6	4	-A
III	867865	C	-T/-T	18	258	93.14%	2	2	39	39	0.98	1	1	8	10	118	140	-T
III	1016311	G	+C/+C	9	197	95.17%	2	2	34	39	0.98	1	1	6	3	83	114	+C
III	1073505	T	*/+ATATAGAG	587	59	9.12%	2	2	40	41	0.98	1	1	472	115	53	6	+ATATAGAG
III	1075530	A	*/+TGGAAGTGGTAAG	510	37	6.76%	2	2	39	40	0.98	1	1	258	252	20	17	+TGGAAGTGGTAAG
III	1075548	A	*/+GTGGTGGTG	523	51	8.89%	2	2	39	40	0.98	1	1	251	272	24	27	+GTGGTGGTG
III	1079346	A	*/+G	715	86	10.72%	2	2	39	39	0.98	1	1	499	216	61	25	+G
III	1080146	T	*/+ATATAGAG	1033	145	12.26%	2	2	39	40	0.98	1	1	435	598	58	87	+ATATAGAG
III	1082171	A	*/+TGGAAGTGGTAAG	502	38	7.04%	2	2	39	39	0.98	1	1	259	243	19	19	+TGGAAGTGGTAAG
III	1082189	A	*/+GTGGTGGTG	532	52	8.89%	2	2	39	40	0.98	1	1	266	266	25	27	+GTGGTGGTG
III	1084026	A	*/+AGTGGTGATGGTT	184	17	7.83%	2	2	39	40	0.98	1	1	80	104	7	10	+AGTGGTGATGGTT
III	1084026	A	*/+AGTGGTGATGGTTAGTGGTGATGGTT	184	16	7.37%	2	2	39	40	0.98	1	1	80	104	8	8	+AGTGGTGATGGTT
III	1087979	A	*/+G	381	23	5.69%	2	2	39	40	0.98	1	1	146	235	6	17	+G
III	1088779	T	*/+ATATAGAG	457	26	5.36%	2	1	39	40	0.98	1	1	112	345	0	26	+ATATAGAG
III	1095549	T	*/-G	156	10	6.02%	2	1	39	36	0.98	1	1	82	74	0	10	-G
III	1095550	G	*/-T	90	36	27.07%	2	2	38	39	0.98	1	1	48	42	35	1	-T
III	1103423	T	*/-A	99	34	25.19%	2	2	39	36	0.98	1	1	79	20	15	19	-A
III	1110132	C	*/+TCTCTATA	351	21	5.61%	2	1	39	40	0.98	1	1	233	118	21	0	+TCTCTATA
III	1110963	T	*/+C	370	37	9.09%	2	2	39	39	0.98	1	1	261	109	30	7	+C
III	1114914	T	*/+ACCACTAACCATC	138	27	15.52%	2	2	39	40	0.98	1	1	76	62	10	17	+ACCACTAACCATC
III	1121674	T	*/+ACCACTAACCATC	144	23	12.37%	2	2	39	40	0.98	1	1	87	57	11	12	+ACCACTAACCATC
III	1121674	T	*/+ACCACTAACCATCACCACTAACCATC	144	18	9.68%	2	2	39	39	0.98	1	1	87	57	9	9	+ACCACTAACCATC
III	1124483	T	*/+C	384	24	5.88%	2	2	39	40	0.98	1	1	235	149	21	3	+C
III	1128434	T	*/+ACCACTAACCATC	144	29	15.93%	2	2	39	39	0.98	1	1	87	57	13	16	+ACCACTAACCATC
III	1131243	T	*/+C	383	30	7.26%	2	2	39	39	0.98	1	1	255	128	25	5	+C
III	1135194	T	*/+ACCACTAACCATC	150	20	10.93%	2	2	39	40	0.98	1	1	95	55	15	5	+ACCACTAACCATC
III	1135194	T	*/+ACCACTAACCATCACCACTAACCATC	150	11	6.01%	2	2	39	40	0.98	1	1	95	55	8	3	+ACCACTAACCATC
III	1239214	T	*/+AA	45	110	67.9%	2	2	39	37	0.98	1	1	23	22	68	42	+AA
III	1252503	G	*/+TT	96	10	9.17%	2	1	39	39	0.98	1	1	45	51	0	10	+TT
III	1252505	G	*/+TT	69	13	13.83%	2	2	38	40	0.98	1	1	34	35	11	2	+TT
III	1395394	G	*/+T	117	8	5.84%	2	1	39	40	0.98	1	1	97	20	8	0	+T
III	1421567	T	*/+GG	31	4	5.48%	2	2	40	36	0.98	1	1	19	12	1	3	+GG
III	1421567	T	*/+GGG	31	15	20.55%	2	2	40	38	0.98	1	1	19	12	10	5	+GGG
III	1421567	T	*/+GGGG	31	11	15.07%	2	2	40	37	0.98	1	1	19	12	10	1	+GGG
III	1421567	T	*/+GGGGG	31	5	6.85%	2	1	40	40	0.98	1	1	19	12	5	0	+GGG
III	1421567	T	*/+GGGGGG	31	5	6.85%	2	1	40	40	0.98	1	1	19	12	5	0	+GGG
III	1564168	C	+TGG/+TGG	33	179	84.04%	2	2	39	38	0.98	1	1	17	16	99	80	+TGG
III	1575951	G	*/+T	68	51	40.8%	2	2	39	37	0.98	1	1	32	36	31	20	+T
III	1604905	T	*/+A	216	14	6.09%	2	2	40	40	0.98	1	1	109	107	9	5	+A
III	1685487	G	+A/+A	20	243	91.35%	2	2	40	39	0.98	1	1	10	10	111	132	+A
III	1718894	T	*/+A	193	12	5.77%	2	2	39	38	0.98	1	1	109	84	8	4	+A
III	1756400	T	-A/-A	6	214	97.27%	1	2	40	39	0.98	1	1	0	6	98	116	-A
III	1774235	T	+GATC/+GATC	6	190	96.45%	2	2	40	40	0.98	1	1	2	4	103	87	+GATC
III	1929127	A	*/-G	37	5	7.81%	2	2	33	36	0.98	1	1	22	15	3	2	-G
III	1929127	A	*/+G	37	13	20.31%	2	1	33	33	0.98	1	1	22	15	13	0	+G
III	2023016	T	*/+A	166	12	6.74%	2	2	38	39	0.98	1	1	87	79	7	5	+A
III	2089058	A	+T/+T	25	161	85.64%	2	2	38	38	0.98	1	1	11	14	80	81	+T
III	2168459	T	+A/+A	10	199	93.87%	2	2	40	39	0.98	1	1	4	6	96	103	+A
III	2352293	A	*/+G	107	8	6.84%	2	1	38	40	0.98	1	1	86	21	8	0	+G
III	2382018	A	*/-T	63	68	51.13%	2	2	39	35	0.98	1	1	29	34	38	30	-T
III	2443562	A	*/+T	835	719	44.36%	2	2	38	39	0.98	1	1	588	247	168	551	+T
III	2448309	T	-AA/-AA	938	5836	85.57%	2	2	38	38	0.98	1	1	515	423	2570	3266	-AA
