Chrom	Position	Ref	Cons	Reads1	Reads2	VarFreq	Strands1	Strands2	Qual1	Qual2	Pvalue	MapQual1	MapQual2	Reads1Plus	Reads1Minus	Reads2Plus	Reads2Minus	VarAllele
I	453	A	*/+CATCACCATCAC	76	5	6.17%	2	2	51	59	0.98	1	1	36	40	3	2	+CATCACCATCAC
I	3160	A	*/+GTTGTCGTTGTCGTTGTC	32	3	7.14%	2	1	45	41	0.98	1	1	22	10	3	0	+GTTGTCGTTGTCGTTGTC
I	3160	A	*/+GTTGTCGTTGTCGTTGTCGTTGTC	32	7	16.67%	2	2	45	45	0.98	1	1	22	10	4	3	+GTTGTCGTTGTCGTTGTCGTTGTC
I	4047	C	*/-TGTCTCTGTCAT	39	3	7.14%	2	2	45	37	0.98	1	1	20	19	2	1	-TGTCTCTGTCAT
I	4053	C	*/+TGTCAT	34	7	16.67%	2	2	44	45	0.98	1	1	18	16	3	4	+TGTCAT
I	5677	G	*/-A	12	5	25%	2	2	36	42	0.98	1	1	11	1	4	1	-A
I	6357	T	*/-A	41	4	7.02%	2	1	40	40	0.98	1	1	25	16	0	4	-A
I	6357	T	*/-AA	41	10	17.54%	2	2	40	45	0.98	1	1	25	16	3	7	-AA
I	7191	T	*/+A	26	2	6.9%	2	1	41	48	0.98	1	1	13	13	0	2	+A
I	7192	C	*/+A	12	2	9.09%	2	2	46	42	0.98	1	1	9	3	1	1	A
I	7192	C	*/+AA	12	2	9.09%	2	1	46	37	0.98	1	1	9	3	2	0	A
I	10859	G	*/-TT	5	6	54.55%	2	2	44	35	0.98	1	1	3	2	3	3	-TT
I	15734	C	*/-A	13	7	29.17%	2	2	42	42	0.98	1	1	7	6	6	1	-A
I	15734	C	*/-AA	13	2	8.33%	2	1	42	37	0.98	1	1	7	6	2	0	-A
I	15734	C	*/+A	13	2	8.33%	2	1	42	37	0.98	1	1	7	6	2	0	-A
I	19694	T	*/+A	26	3	10.34%	2	1	55	37	0.98	1	1	14	12	3	0	+A
I	27402	A	*/-C	6	2	18.18%	2	1	35	37	0.98	1	1	1	5	0	2	-C
I	27402	A	*/-CC	6	2	18.18%	2	2	35	55	0.98	1	1	1	5	1	1	-C
I	101871	A	+G/+G	3	20	86.96%	2	2	49	51	0.98	1	1	2	1	5	15	+G
I	110482	T	*/+A	9	2	16.67%	2	1	35	37	0.98	1	1	7	2	2	0	+A
I	215340	C	*/-T	13	2	13.33%	2	2	46	31	0.98	1	1	7	6	1	1	-T
I	216147	C	*/-T	11	4	23.53%	2	2	41	42	0.98	1	1	5	6	1	3	-T
I	232688	T	*/-A	2	2	50%	2	2	55	55	0.98	1	1	1	1	1	1	-A
I	377488	C	*/+TT	2	2	33.33%	1	1	36	37	0.98	1	1	2	0	0	2	+TT
I	381883	C	*/-A	7	2	20%	2	1	52	42	0.98	1	1	4	3	2	0	-A
I	440084	T	*/+A	1	4	66.67%	1	1	37	39	0.98	1	1	1	0	4	0	+A
I	441614	C	*/-T	4	4	36.36%	2	1	46	37	0.98	1	1	3	1	4	0	-T
I	441614	C	*/-TT	4	2	18.18%	2	1	46	42	0.98	1	1	3	1	2	0	-T
I	442786	C	*/+T	3	2	33.33%	2	1	49	49	0.98	1	1	2	1	2	0	+T
I	450533	G	*/+A	6	10	62.5%	2	2	43	44	0.98	1	1	3	3	4	6	+A
I	453369	G	*/+A	6	2	25%	1	1	41	37	0.98	1	1	6	0	2	0	+A
I	456726	G	*/-T	11	2	14.29%	2	2	47	37	0.98	1	1	5	6	1	1	-T
I	464017	C	*/-A	13	3	18.75%	2	2	47	33	0.98	1	1	8	5	2	1	-A
I	470378	A	-C/-C	0	16	100%	0	2	0	37	0.98	0	1	0	0	12	4	-C
I	470390	A	-C/-C	0	18	100%	0	2	0	42	0.98	0	1	0	0	13	5	-C
I	482737	A	+G/+G	0	25	96.15%	0	2	0	53	0.98	0	1	0	0	12	13	+G
I	519932	G	*/-A	13	2	13.33%	2	2	50	74	0.98	1	1	8	5	1	1	-A
I	521845	T	*/-A	16	5	22.73%	2	2	40	34	0.98	1	1	8	8	2	3	-A
I	554527	A	+T/+T	1	5	83.33%	1	2	74	34	0.98	1	1	1	0	3	2	+T
I	562745	A	*/-T	5	2	11.76%	1	1	46	37	0.98	1	1	5	0	2	0	-T
I	562745	A	*/+T	5	6	35.29%	1	2	46	49	0.98	1	1	5	0	2	4	+T
I	562745	A	*/+TT	5	3	17.65%	1	2	46	57	0.98	1	1	5	0	1	2	+T
I	632452	T	*/-A	7	3	30%	2	2	37	61	0.98	1	1	5	2	2	1	-A
I	639272	C	*/-T	17	2	10.53%	2	2	48	74	0.98	1	1	3	14	1	1	-T
I	653719	C	*/+T	14	2	12.5%	2	2	44	37	0.98	1	1	9	5	1	1	+T
I	660056	T	*/+G	4	4	40%	2	2	37	43	0.98	1	1	2	2	3	1	+G
I	660056	T	*/+GGG	4	2	20%	2	1	37	37	0.98	1	1	2	2	2	0	+G
I	670032	C	+A/+A	2	40	93.02%	1	2	55	55	0.98	1	1	2	0	18	22	+A
I	682993	T	-C/-C	0	31	100%	0	2	0	46	0.98	0	1	0	0	12	19	-C
I	765477	A	*/-T	6	2	22.22%	2	2	39	37	0.98	1	1	1	5	1	1	-T
I	793917	A	*/+T	5	2	22.22%	2	2	51	43	0.98	1	1	4	1	1	1	+T
I	807903	A	*/-T	11	2	15.38%	2	1	38	37	0.98	1	1	2	9	0	2	-T
I	862962	C	+T/+T	0	12	100%	0	2	0	53	0.98	0	1	0	0	4	8	+T
I	934908	T	*/+A	6	3	23.08%	1	2	41	50	0.98	1	1	6	0	2	1	+A
I	934908	T	*/+AAA	6	3	23.08%	1	2	41	45	0.98	1	1	6	0	1	2	+A
I	954072	T	*/-A	2	8	72.73%	1	2	37	55	0.98	1	1	2	0	7	1	-A
I	960025	G	+T/+T	1	7	87.5%	1	2	37	42	0.98	1	1	0	1	3	4	+T
I	965438	C	*/+A	2	3	37.5%	1	2	37	49	0.98	1	1	2	0	2	1	+A
I	965438	C	*/+AA	2	2	25%	1	1	37	37	0.98	1	1	2	0	2	0	+A
I	1001797	A	*/+CTACAC	40	12	22.22%	2	2	50	51	0.98	1	1	14	26	6	6	+CTACAC
I	1027635	T	*/+A	4	2	28.57%	1	1	34	37	0.98	1	1	4	0	2	0	+A
I	1048635	G	+A/+A	2	7	77.78%	1	2	42	52	0.98	1	1	2	0	6	1	+A
I	1051495	T	+A/+A	1	31	96.88%	1	2	74	47	0.98	1	1	1	0	11	20	+A
I	1052704	A	*/-T	14	2	12.5%	2	2	50	37	0.98	1	1	9	5	1	1	-T
I	1079583	T	*/+AAAAAAAA	0	3	60%	0	2	0	37	0.98	0	1	0	0	2	1	+AAAAAAAA
I	1150640	T	*/+A	16	3	15.79%	2	1	49	45	0.98	1	1	3	13	0	3	+A
I	1185797	G	*/-A	7	2	20%	2	1	49	31	0.98	1	1	6	1	0	2	-A
I	1206603	G	*/-T	26	2	7.14%	2	2	43	55	0.98	1	1	12	14	1	1	-T
I	1227180	G	*/+A	11	2	14.29%	2	1	42	42	0.98	1	1	5	6	0	2	+A
I	1254655	T	*/-A	10	2	16.67%	2	1	39	37	0.98	1	1	7	3	2	0	-A
I	1274803	T	+A/+A	1	9	90%	1	2	74	57	0.98	1	1	1	0	5	4	+A
I	1295172	A	*/+T	17	2	10.53%	2	2	51	37	0.98	1	1	9	8	1	1	+T
I	1358794	C	*/+A	5	3	27.27%	2	2	39	45	0.98	1	1	4	1	2	1	+A
I	1421034	T	*/+A	6	2	25%	2	1	51	49	0.98	1	1	1	5	0	2	+A
I	1424708	C	-A/-A	1	15	93.75%	1	2	37	47	0.98	1	1	0	1	7	8	-A
I	1454446	C	*/-A	19	2	9.09%	2	2	43	62	0.98	1	1	11	8	1	1	-A
I	1496317	C	*/-A	2	12	63.16%	2	2	37	42	0.98	1	1	1	1	7	5	-A
I	1496317	C	*/-AA	2	5	26.32%	2	2	37	56	0.98	1	1	1	1	2	3	-A
I	1509277	C	+T/+T	0	5	100%	0	2	0	44	0.98	0	1	0	0	3	2	+T
I	1599291	T	*/-A	6	2	25%	2	2	37	37	0.98	1	1	3	3	1	1	-A
I	1625092	T	+C/+C	1	13	92.86%	1	2	37	45	0.98	1	1	1	0	7	6	+C
I	1719416	A	*/+T	5	2	28.57%	2	2	44	37	0.98	1	1	2	3	1	1	+T
I	1777634	A	*/+T	9	2	18.18%	2	1	52	55	0.98	1	1	6	3	0	2	+T
I	1837916	G	*/+T	8	2	20%	1	1	37	37	0.98	1	1	8	0	2	0	+T
I	1849285	C	*/-T	16	2	11.11%	2	2	50	74	0.98	1	1	9	7	1	1	-T
I	1851608	A	+T/+T	4	15	78.95%	2	2	37	45	0.98	1	1	3	1	9	6	+T
I	1877723	A	+T/+T	2	15	88.24%	2	2	55	45	0.98	1	1	1	1	9	6	+T
I	1890184	C	*/-A	7	4	33.33%	2	2	42	43	0.98	1	1	5	2	1	3	-A
I	1936294	G	+A/+A	0	16	100%	0	2	0	43	0.98	0	1	0	0	7	9	+A
I	1952313	A	+T/+T	0	26	100%	0	2	0	46	0.98	0	1	0	0	19	7	+T
I	1954162	C	*/-A	7	7	36.84%	2	2	41	42	0.98	1	1	4	3	4	3	-A
I	1954162	C	*/-AA	7	2	10.53%	2	2	41	55	0.98	1	1	4	3	1	1	-A
I	1954162	C	*/+A	7	3	15.79%	2	1	41	40	0.98	1	1	4	3	3	0	+A
I	1955754	C	*/+TT	5	2	22.22%	2	1	34	37	0.98	1	1	4	1	2	0	+TT
I	1955853	T	*/+A	3	4	50%	2	1	33	37	0.98	1	1	2	1	4	0	+A
I	2025000	C	*/+T	12	6	30%	2	2	40	38	0.98	1	1	11	1	4	2	+T
I	2041948	T	*/-AAA	7	2	20%	2	2	34	42	0.98	1	1	6	1	1	1	-AAA
I	2052488	A	*/-T	8	7	43.75%	2	1	40	37	0.98	1	1	5	3	7	0	-T
I	2134970	C	*/-A	19	2	9.52%	2	2	44	37	0.98	1	1	10	9	1	1	-A
I	2154491	T	+A/+A	1	20	95.24%	1	2	74	51	0.98	1	1	1	0	9	11	+A
I	2174555	C	*/-A	11	4	21.05%	2	2	33	33	0.98	1	1	7	4	1	3	-A
I	2174555	C	*/-AA	11	3	15.79%	2	2	33	33	0.98	1	1	7	4	1	2	-A
I	2227936	T	*/+AA	1	3	33.33%	1	1	74	36	0.98	1	1	1	0	0	3	+AA
I	2227936	T	*/+AAA	1	3	33.33%	1	2	74	33	0.98	1	1	1	0	2	1	+AA
I	2231735	C	*/-A	7	4	36.36%	2	2	45	36	0.98	1	1	4	3	1	3	-A
I	2245479	T	*/+C	4	7	41.18%	2	2	31	40	0.98	1	1	2	2	4	3	+C
I	2245479	T	*/+CC	4	4	23.53%	2	1	31	34	0.98	1	1	2	2	0	4	+C
I	2273201	T	*/-A	8	2	15.38%	2	1	40	42	0.98	1	1	7	1	2	0	-A
I	2273201	T	*/-AAA	8	2	15.38%	2	2	40	55	0.98	1	1	7	1	1	1	-A
I	2279763	A	*/+T	4	2	33.33%	2	1	34	49	0.98	1	1	2	2	2	0	+T
I	2288240	C	-G/-G	0	22	100%	0	2	0	52	0.98	0	1	0	0	14	8	-G
I	2322636	C	*/-A	14	4	16.67%	2	1	37	39	0.98	1	1	13	1	4	0	-A
I	2322636	C	*/-AA	14	2	8.33%	2	1	37	55	0.98	1	1	13	1	2	0	-A
I	2322636	C	*/+A	14	2	8.33%	2	1	37	37	0.98	1	1	13	1	2	0	-A
I	2343703	G	+A/+A	0	11	100%	0	2	0	53	0.98	0	1	0	0	7	4	+A
I	2421576	A	-C/-C	0	14	100%	0	2	0	51	0.98	0	1	0	0	6	8	-C
I	2482283	T	*/+A	14	2	11.76%	2	2	44	37	0.98	1	1	10	4	1	1	+A
I	2499149	A	-T/-T	2	18	90%	1	2	37	44	0.98	1	1	0	2	8	10	-T
I	2507462	T	+A/+A	0	13	100%	0	2	0	45	0.98	0	1	0	0	7	6	+A
I	2510060	T	+A/+A	0	5	100%	0	2	0	46	0.98	0	1	0	0	4	1	+A
I	2520612	G	*/-T	18	3	14.29%	2	1	51	61	0.98	1	1	12	6	0	3	-T
I	2525152	A	-T/-T	1	10	90.91%	1	2	37	39	0.98	1	1	1	0	7	3	-T
I	2525713	C	*/-T	12	3	17.65%	1	2	43	32	0.98	1	1	12	0	1	2	-T
I	2525713	C	*/+T	12	2	11.76%	1	2	43	42	0.98	1	1	12	0	1	1	-T
I	2556743	G	*/-A	3	2	40%	1	2	37	55	0.98	1	1	3	0	1	1	-A
I	2578262	T	*/-A	12	4	25%	2	1	50	52	0.98	1	1	8	4	0	4	-A
I	2588021	C	+A/+A	0	9	100%	0	2	0	45	0.98	0	1	0	0	7	2	+A
I	2588066	C	+A/+A	0	13	100%	0	2	0	45	0.98	0	1	0	0	11	2	+A
I	2594263	C	+T/+T	0	4	100%	0	2	0	43	0.98	0	1	0	0	1	3	+T
I	2594391	A	+T/+T	0	5	100%	0	2	0	59	0.98	0	1	0	0	2	3	+T
I	2605860	G	-T/-T	2	13	86.67%	1	2	37	38	0.98	1	1	0	2	4	9	-T
I	2607669	A	+T/+T	1	17	94.44%	1	2	25	42	0.98	1	1	1	0	9	8	+T
I	2641998	C	*/+T	3	2	33.33%	1	1	33	33	0.98	1	1	3	0	2	0	+T
I	2683902	T	-C/-C	0	7	100%	0	2	0	47	0.98	0	1	0	0	3	4	-C
I	2733748	A	*/+T	19	2	9.52%	2	2	49	49	0.98	1	1	8	11	1	1	+T
I	2747027	T	*/-A	8	2	20%	2	1	49	37	0.98	1	1	6	2	2	0	-A
I	2751236	T	-A/-A	3	15	75%	1	2	49	46	0.98	1	1	3	0	5	10	-A
I	2751236	T	*/-AA	3	2	10%	1	1	49	37	0.98	1	1	3	0	0	2	-A
I	2759871	T	+C/+C	0	7	100%	0	2	0	42	0.98	0	1	0	0	2	5	+C
I	2850189	C	*/-G	25	2	7.41%	2	1	51	31	0.98	1	1	11	14	0	2	-G
I	2959752	A	*/+T	3	2	40%	1	1	45	37	0.98	1	1	3	0	2	0	+T
I	2979908	A	*/+T	11	2	15.38%	2	1	52	25	0.98	1	1	4	7	0	2	+T
I	3003276	C	*/-A	18	2	10%	2	2	52	37	0.98	1	1	4	14	1	1	-A
I	3033347	C	*/-T	11	3	17.65%	2	2	48	40	0.98	1	1	6	5	2	1	-T
I	3033347	C	*/+T	11	3	17.65%	2	1	48	49	0.98	1	1	6	5	3	0	-T
I	3125118	A	+T/+T	0	13	100%	0	2	0	38	0.98	0	1	0	0	5	8	+T
I	3134492	A	*/-T	14	2	11.76%	2	2	40	37	0.98	1	1	8	6	1	1	-T
I	3144699	T	*/-AA	3	2	25%	1	2	40	49	0.98	1	1	3	0	1	1	-AA
I	3159187	C	*/-CA	35	4	10%	2	2	47	37	0.98	1	1	13	22	2	2	-CA
I	3159994	C	*/-T	74	8	9.3%	2	1	42	38	0.98	1	1	59	15	8	0	-T
I	3166776	G	*/+TT	5	8	40%	1	2	34	46	0.98	1	1	5	0	4	4	+TT
I	3166776	G	*/+TTT	5	6	30%	1	2	34	39	0.98	1	1	5	0	4	2	+TT
I	3178494	C	+T/+T	2	9	81.82%	1	2	37	64	0.98	1	1	2	0	4	5	+T
I	3184255	T	*/-A	12	6	33.33%	2	2	43	49	0.98	1	1	7	5	4	2	-A
I	3197528	A	+G/+G	1	18	90%	1	2	37	43	0.98	1	1	0	1	9	9	+G
I	3241971	T	*/+AATA	11	4	26.67%	2	2	47	37	0.98	1	1	4	7	2	2	+AATA
I	3280177	G	+T/+T	2	7	77.78%	1	2	31	47	0.98	1	1	2	0	3	4	+T
I	3380071	C	*/+T	13	2	13.33%	2	1	50	37	0.98	1	1	9	4	2	0	+T
I	3380404	C	*/-A	16	2	10.53%	2	1	42	37	0.98	1	1	13	3	2	0	-A
I	3380449	C	*/+A	17	2	10%	2	1	37	55	0.98	1	1	12	5	2	0	+A
I	3403917	A	*/+T	26	2	7.14%	2	1	46	37	0.98	1	1	11	15	0	2	+T
I	3408209	T	+G/+G	0	31	96.88%	0	2	0	55	0.98	0	1	0	0	13	18	+G
I	3450130	G	-T/-T	0	12	100%	0	2	0	52	0.98	0	1	0	0	7	5	-T
I	3460318	T	+C/+C	1	5	83.33%	1	2	37	44	0.98	1	1	0	1	1	4	+C
I	3538413	A	+T/+T	1	11	91.67%	1	2	37	43	0.98	1	1	1	0	6	5	+T
I	3538428	G	+T/+T	1	10	90.91%	1	2	25	44	0.98	1	1	1	0	5	5	+T
I	3538436	T	+A/+A	1	8	88.89%	1	2	37	46	0.98	1	1	0	1	4	4	+A
I	3538449	T	+TA/+TA	0	9	100%	0	2	0	43	0.98	0	1	0	0	4	5	+TA
I	3538456	A	+AT/+AT	0	8	100%	0	2	0	44	0.98	0	1	0	0	4	4	+AT
I	3574271	G	*/-A	12	2	14.29%	2	1	41	37	0.98	1	1	6	6	2	0	-A
I	3576627	C	*/-T	2	3	42.86%	1	2	31	33	0.98	1	1	0	2	2	1	-T
I	3576627	C	*/+T	2	2	28.57%	1	1	31	49	0.98	1	1	0	2	2	0	-T
I	3576756	T	*/+TCTTCTC	2	3	42.86%	1	2	37	45	0.98	1	1	0	2	1	2	+TCTTCTC
I	3576929	C	+T/+T	1	10	90.91%	1	2	37	51	0.98	1	1	0	1	5	5	+T
I	3578504	A	+T/+T	1	3	75%	1	1	37	37	0.98	1	1	1	0	3	0	+T
I	3580034	C	*/+T	2	4	57.14%	1	2	42	36	0.98	1	1	2	0	3	1	+T
I	3659724	C	*/-T	9	4	26.67%	2	2	46	49	0.98	1	1	7	2	2	2	-T
I	3665610	G	+C/+C	0	29	100%	0	2	0	45	0.98	0	1	0	0	12	17	+C
I	3700385	T	*/+A	2	5	33.33%	2	2	37	37	0.98	1	1	1	1	1	4	+A
I	3700385	T	*/+AA	2	6	40%	2	2	37	43	0.98	1	1	1	1	4	2	+AA
I	3700425	A	*/-T	9	6	40%	2	2	45	35	0.98	1	1	3	6	1	5	-T
I	3730369	A	+T/+T	0	10	100%	0	2	0	43	0.98	0	1	0	0	8	2	+T
I	3746471	C	*/-A	17	2	10.53%	2	2	53	55	0.98	1	1	14	3	1	1	-A
I	3756352	A	*/-AAAT	5	3	37.5%	2	2	74	70	0.98	1	1	3	2	2	1	-AAAT
I	3765328	C	+T/+T	2	12	85.71%	1	2	37	39	0.98	1	1	2	0	10	2	+T
I	3776933	G	*/+A	2	4	66.67%	1	2	36	46	0.98	1	1	2	0	1	3	+A
I	3855790	G	-T/-T	0	9	100%	0	2	0	39	0.98	0	1	0	0	7	2	-T
I	3880520	T	*/+AA	33	2	5.56%	2	2	49	55	0.98	1	1	13	20	1	1	+AA
I	3898271	C	*/-A	10	2	16.67%	2	2	48	55	0.98	1	1	7	3	1	1	-A
I	3913533	A	*/+T	14	2	12.5%	2	1	49	37	0.98	1	1	6	8	2	0	+T
I	3940025	G	+T/+T	0	19	100%	0	2	0	49	0.98	0	1	0	0	9	10	+T
I	3984736	A	*/-GGT	88	5	5.38%	2	1	43	37	0.98	1	1	31	57	0	5	-GGT
I	3995023	C	*/-TT	3	3	42.86%	2	1	49	36	0.98	1	1	2	1	3	0	-TT
I	3995862	A	*/+T	67	5	6.76%	2	1	47	44	0.98	1	1	37	30	5	0	+T
I	4004016	G	*/-T	7	3	27.27%	2	2	42	40	0.98	1	1	4	3	2	1	-T
I	4005819	C	*/-A	17	2	10.53%	2	2	47	31	0.98	1	1	8	9	1	1	-A
I	4010237	A	*/+G	4	5	55.56%	2	1	34	37	0.98	1	1	3	1	5	0	+G
I	4055052	T	+A/+A	2	10	76.92%	1	2	37	38	0.98	1	1	2	0	8	2	+A
I	4140001	G	*/+T	3	3	37.5%	2	1	45	40	0.98	1	1	2	1	0	3	+T
I	4140090	A	*/+T	17	3	14.29%	2	2	44	37	0.98	1	1	12	5	2	1	+T
I	4143587	C	*/+TATA	2	5	62.5%	2	2	33	36	0.98	1	1	1	1	3	2	+TATA
I	4179641	C	*/-A	10	2	15.38%	1	1	38	37	0.98	1	1	10	0	0	2	-A
I	4241118	G	*/-A	8	3	25%	2	2	50	49	0.98	1	1	5	3	2	1	-A
I	4276890	G	+T/+T	1	9	81.82%	1	2	74	46	0.98	1	1	0	1	3	6	+T
I	4304169	G	+A/+A	0	10	100%	0	2	0	41	0.98	0	1	0	0	4	6	+A
I	4338694	G	*/-T	27	2	6.9%	2	1	46	37	0.98	1	1	16	11	2	0	-T
I	4374342	A	-G/-G	0	30	100%	0	2	0	49	0.98	0	1	0	0	17	13	-G
I	4386267	A	*/+T	3	2	40%	1	1	49	31	0.98	1	1	0	3	0	2	+T
I	4394766	C	*/-A	10	3	23.08%	2	2	43	45	0.98	1	1	4	6	1	2	-A
I	4407494	T	+G/+G	1	22	95.65%	1	2	37	48	0.98	1	1	1	0	6	16	+G
I	4410191	C	-G/-G	0	12	100%	0	2	0	50	0.98	0	1	0	0	6	6	-G
I	4414201	C	-T/-T	0	4	100%	0	2	0	40	0.98	0	1	0	0	1	3	-T
I	4431856	G	+A/+A	2	25	92.59%	2	2	55	51	0.98	1	1	1	1	7	18	+A
I	4431868	C	+A/+A	1	26	96.3%	1	2	37	47	0.98	1	1	0	1	8	18	+A
I	4442621	A	*/-AT	38	3	7.32%	2	1	55	49	0.98	1	1	21	17	3	0	-AT
I	4455149	G	+A/+A	0	4	100%	0	2	0	48	0.98	0	1	0	0	2	2	+A
I	4648159	T	*/-G	5	9	50%	2	2	51	38	0.98	1	1	2	3	7	2	-G
I	4648159	T	*/-GG	5	4	22.22%	2	2	51	55	0.98	1	1	2	3	2	2	-G
I	4760698	T	*/-A	13	2	11.76%	2	1	43	55	0.98	1	1	8	5	2	0	-A
I	4760698	T	*/+A	13	2	11.76%	2	1	43	37	0.98	1	1	8	5	0	2	-A
I	4764253	G	*/+A	7	5	33.33%	2	1	57	54	0.98	1	1	4	3	5	0	+A
I	4916623	C	*/-A	7	3	25%	2	1	43	45	0.98	1	1	5	2	0	3	-A
I	4917359	C	+TT/+TT	1	12	92.31%	1	2	37	42	0.98	1	1	1	0	10	2	+TT
I	4926046	C	+T/+T	2	6	75%	1	2	37	43	0.98	1	1	2	0	5	1	+T
I	4984784	A	*/-TT	5	2	25%	2	1	54	37	0.98	1	1	2	3	2	0	-TT
I	5002717	C	*/-A	12	2	14.29%	2	1	47	49	0.98	1	1	7	5	2	0	-A
I	5060109	A	*/-T	14	2	12.5%	2	1	57	37	0.98	1	1	10	4	0	2	-T
I	5064221	G	*/+T	13	2	13.33%	2	1	41	62	0.98	1	1	7	6	2	0	+T
I	5142627	A	+G/+G	1	9	75%	1	2	37	41	0.98	1	1	0	1	3	6	+G
I	5148414	T	-A/-A	0	22	100%	0	2	0	49	0.98	0	1	0	0	15	7	-A
I	5158148	C	*/+T	11	3	21.43%	2	2	36	33	0.98	1	1	4	7	1	2	+T
I	5173087	C	+T/+T	2	19	86.36%	1	2	37	49	0.98	1	1	2	0	9	10	+T
I	5173430	G	*/+T	5	13	68.42%	2	2	49	42	0.98	1	1	4	1	9	4	+T
I	5177760	A	*/-T	12	4	23.53%	2	1	42	52	0.98	1	1	9	3	4	0	-T
I	5359307	A	+T/+T	3	26	89.66%	2	2	32	44	0.98	1	1	1	2	11	15	+T
I	5363995	C	*/+A	18	2	9.52%	2	1	57	74	0.98	1	1	10	8	2	0	+A
I	5368262	T	-C/-C	5	21	80.77%	2	2	49	51	0.98	1	1	3	2	11	10	-C
I	5368273	G	+T/+T	0	24	92.31%	0	2	0	49	0.98	0	1	0	0	10	14	+T
I	5426622	C	+T/+T	2	12	80%	1	2	55	43	0.98	1	1	2	0	7	5	+T
I	5547223	T	*/-A	12	4	25%	2	2	45	40	0.98	1	1	9	3	2	2	-A
I	5557983	A	*/+T	8	2	20%	2	1	50	55	0.98	1	1	3	5	0	2	+T
I	5567937	C	*/-A	14	6	27.27%	2	1	44	37	0.98	1	1	8	6	6	0	-A
I	5568055	C	*/-T	30	3	9.09%	2	2	38	45	0.98	1	1	16	14	2	1	-T
I	5569124	G	*/+GGCTGCTATAATCATTCCCAA	31	2	6.06%	2	1	50	55	0.98	1	1	15	16	0	2	+GGCTGCTATAATCATTCCCAA
I	5576850	T	*/-AA	5	9	60%	2	2	44	42	0.98	1	1	2	3	5	4	-AA
II	5109	A	*/+C	30	2	6.25%	2	1	49	74	0.98	1	1	9	21	2	0	+C
II	15830	T	*/+A	4	3	37.5%	2	1	43	37	0.98	1	1	3	1	3	0	+A
II	46913	T	*/+A	8	2	14.29%	1	2	43	42	0.98	1	1	8	0	1	1	+A
II	113240	T	*/-A	7	3	30%	2	2	37	33	0.98	1	1	1	6	2	1	-A
II	116388	A	*/+T	11	3	21.43%	2	1	43	37	0.98	1	1	9	2	3	0	+T
II	128001	T	-A/-A	0	9	100%	0	2	0	48	0.98	0	1	0	0	6	3	-A
II	146079	T	-C/-C	3	23	88.46%	1	2	49	50	0.98	1	1	0	3	10	13	-C
II	162767	A	*/+T	14	8	36.36%	2	2	52	41	0.98	1	1	10	4	5	3	+T
II	229897	A	*/-T	7	6	37.5%	2	2	38	39	0.98	1	1	6	1	4	2	-T
II	229897	A	*/+T	7	2	12.5%	2	1	38	37	0.98	1	1	6	1	2	0	-T
II	331894	C	*/+T	5	2	28.57%	2	1	46	42	0.98	1	1	2	3	2	0	+T
II	357750	T	*/-TTTTG	5	3	37.5%	2	1	44	37	0.98	1	1	4	1	0	3	-TTTTG
II	410085	C	*/-T	8	2	13.33%	2	1	37	42	0.98	1	1	6	2	0	2	-T
II	410085	C	*/-TT	8	3	20%	2	1	37	45	0.98	1	1	6	2	3	0	-TT
II	484534	A	*/+T	4	4	44.44%	2	1	46	37	0.98	1	1	1	3	0	4	+T
II	521731	G	*/-T	21	2	8.33%	2	1	43	74	0.98	1	1	11	10	2	0	-T
II	522800	G	*/+A	16	2	11.11%	2	1	42	55	0.98	1	1	12	4	2	0	+A
II	526883	G	*/+GTGCGTTTGTTTAGGT	17	2	10.53%	2	1	41	55	0.98	1	1	5	12	0	2	+GTGCGTTTGTTTAGGT
II	526955	T	*/-AC	53	3	5.36%	2	2	57	49	0.98	1	1	20	33	1	2	-AC
II	526959	T	*/+TTAG	52	3	5.45%	2	2	57	49	0.98	1	1	19	33	1	2	+TTAG
II	561064	T	*/-A	4	3	37.5%	1	2	43	37	0.98	1	1	0	4	1	2	-A
II	603279	A	-T/-T	0	12	100%	0	2	0	37	0.98	0	1	0	0	4	8	-T
II	603305	A	-C/-C	0	13	100%	0	2	0	38	0.98	0	1	0	0	3	10	-C
II	673086	G	*/-A	4	2	18.18%	1	1	39	42	0.98	1	1	4	0	2	0	-A
II	673086	G	*/+A	4	2	18.18%	1	1	39	37	0.98	1	1	4	0	2	0	-A
II	677175	G	*/-TA	26	2	7.14%	2	2	46	31	0.98	1	1	13	13	1	1	-TA
II	700009	T	-A/-A	2	10	83.33%	2	2	55	42	0.98	1	1	1	1	3	7	-A
II	716295	G	*/-T	8	2	16.67%	2	2	38	36	0.98	1	1	4	4	1	1	-T
II	739204	C	*/+A	2	2	40%	1	1	55	55	0.98	1	1	0	2	0	2	+A
II	753854	A	*/-T	2	2	28.57%	2	1	37	37	0.98	1	1	1	1	2	0	-T
II	753854	A	*/+T	2	2	28.57%	2	1	37	37	0.98	1	1	1	1	2	0	-T
II	756993	C	*/-T	10	2	14.29%	2	2	37	42	0.98	1	1	9	1	1	1	-T
II	779623	C	*/+G	23	2	8%	2	1	49	49	0.98	1	1	10	13	0	2	+G
II	861179	C	*/+T	12	2	14.29%	2	1	45	37	0.98	1	1	8	4	2	0	+T
II	888599	A	-C/-C	0	6	100%	0	2	0	53	0.98	0	1	0	0	3	3	-C
II	889921	C	*/-T	13	2	11.76%	2	1	39	37	0.98	1	1	11	2	2	0	-T
II	889921	C	*/+T	13	2	11.76%	2	1	39	31	0.98	1	1	11	2	2	0	-T
II	903106	G	+T/+T	1	11	91.67%	1	2	37	43	0.98	1	1	0	1	1	10	+T
II	948303	T	*/-A	7	2	20%	2	1	45	49	0.98	1	1	5	2	2	0	-A
II	965517	C	*/-T	12	4	22.22%	2	2	43	39	0.98	1	1	8	4	3	1	-T
II	965517	C	*/+T	12	2	11.11%	2	2	43	61	0.98	1	1	8	4	1	1	-T
II	1019510	T	*/-A	4	6	50%	1	2	31	43	0.98	1	1	4	0	3	3	-A
II	1059118	T	*/-A	19	2	9.52%	2	1	45	55	0.98	1	1	10	9	0	2	-A
II	1069791	C	*/-A	15	2	11.76%	2	1	49	37	0.98	1	1	9	6	2	0	-A
II	1079843	T	+A/+A	2	12	85.71%	2	2	31	35	0.98	1	1	1	1	3	9	+A
II	1163154	A	-T/-T	0	10	100%	0	2	0	39	0.98	0	1	0	0	9	1	-T
II	1171363	T	*/-A	12	2	13.33%	2	2	38	55	0.98	1	1	7	5	1	1	-A
II	1243365	G	*/+T	13	3	17.65%	2	2	46	37	0.98	1	1	10	3	1	2	+T
II	1266955	G	*/-GA	51	5	8.93%	2	1	50	51	0.98	1	1	27	24	5	0	-GA
II	1308618	G	-T/-T	2	21	91.3%	1	2	55	52	0.98	1	1	2	0	15	6	-T
II	1308763	C	*/-T	23	2	8%	2	2	48	55	0.98	1	1	10	13	1	1	-T
II	1349040	A	*/+T	7	2	20%	2	1	35	37	0.98	1	1	5	2	2	0	+T
II	1389139	C	*/+T	5	10	55.56%	2	2	46	36	0.98	1	1	3	2	7	3	+T
II	1389139	C	*/+TT	5	2	11.11%	2	1	46	31	0.98	1	1	3	2	0	2	+T
II	1418938	C	*/+T	22	2	8.33%	2	1	51	37	0.98	1	1	12	10	2	0	+T
II	1467485	C	*/-T	5	5	41.67%	2	2	42	39	0.98	1	1	4	1	3	2	-T
II	1531449	G	*/-T	15	2	11.11%	2	1	45	55	0.98	1	1	7	8	2	0	-T
II	1540855	G	*/-TA	18	2	10%	2	2	40	55	0.98	1	1	9	9	1	1	-TA
II	1555919	A	*/+TTTATT	2	2	40%	1	2	37	37	0.98	1	1	2	0	1	1	+TTTATT
II	1571445	G	*/-TA	23	3	11.54%	2	1	48	49	0.98	1	1	9	14	3	0	-TA
II	1602263	C	*/+T	18	2	10%	2	1	49	74	0.98	1	1	10	8	2	0	+T
II	1612985	A	*/-ATAATG	9	3	23.08%	2	2	48	49	0.98	1	1	2	7	2	1	-ATAATG
II	1634728	G	*/+TATATA	19	2	9.52%	2	1	45	37	0.98	1	1	10	9	2	0	+TATATA
II	1634843	T	*/-ATTATC	14	2	11.76%	2	1	54	55	0.98	1	1	8	6	0	2	-ATTATC
II	1637375	T	*/+C	35	2	5.41%	2	2	46	49	0.98	1	1	8	27	1	1	+C
II	1678205	T	-A/-A	1	5	83.33%	1	2	37	42	0.98	1	1	1	0	2	3	-A
II	1684040	A	*/+T	25	2	7.41%	2	2	48	68	0.98	1	1	15	10	1	1	+T
II	1716287	T	*/-G	15	6	28.57%	2	2	45	43	0.98	1	1	5	10	1	5	-G
II	1763419	T	*/-A	10	3	21.43%	2	1	35	49	0.98	1	1	9	1	3	0	-A
II	1818108	C	*/-T	7	2	22.22%	2	1	43	49	0.98	1	1	5	2	2	0	-T
II	1861420	T	-G/-G	2	28	93.33%	2	2	74	45	0.98	1	1	1	1	18	10	-G
II	1867795	A	+T/+T	0	5	100%	0	2	0	44	0.98	0	1	0	0	3	2	+T
II	1868122	G	*/+T	2	4	44.44%	1	2	33	38	0.98	1	1	2	0	2	2	+T
II	1873779	T	*/+A	3	6	66.67%	1	2	33	35	0.98	1	1	0	3	2	4	+A
II	1877294	A	+T/+T	1	7	77.78%	1	2	37	38	0.98	1	1	1	0	6	1	+T
II	1938011	G	*/+A	7	7	50%	2	2	40	41	0.98	1	1	6	1	3	4	+A
II	1941966	A	+T/+T	0	22	100%	0	2	0	48	0.98	0	1	0	0	10	12	+T
II	1941982	A	+T/+T	1	21	95.45%	1	2	37	50	0.98	1	1	1	0	9	12	+T
II	1948953	G	-A/-A	0	17	100%	0	2	0	39	0.98	0	1	0	0	8	9	-A
II	1950050	A	+G/+G	0	15	100%	0	2	0	52	0.98	0	1	0	0	3	12	+G
II	1950818	C	*/+A	21	10	32.26%	2	2	41	46	0.98	1	1	8	13	6	4	+A
II	1950823	A	*/+C	30	2	6.25%	2	1	41	37	0.98	1	1	15	15	0	2	+C
II	1953298	C	*/-CT	22	2	7.69%	2	2	44	37	0.98	1	1	16	6	1	1	-CT
II	1955495	T	+A/+A	0	9	90%	0	2	0	50	0.98	0	1	0	0	5	4	+A
II	1960392	A	+G/+G	0	13	100%	0	2	0	42	0.98	0	1	0	0	4	9	+G
II	1987101	C	-G/-G	0	22	100%	0	2	0	45	0.98	0	1	0	0	16	6	-G
II	1987117	T	-G/-G	1	18	94.74%	1	2	37	44	0.98	1	1	0	1	14	4	-G
II	2049891	A	-T/-T	0	28	100%	0	2	0	44	0.98	0	1	0	0	12	16	-T
II	2053516	G	+C/+C	0	22	100%	0	2	0	47	0.98	0	1	0	0	11	11	+C
II	2103523	G	*/+A	14	2	12.5%	2	1	41	55	0.98	1	1	13	1	2	0	+A
II	2108180	T	+A/+A	0	14	100%	0	2	0	52	0.98	0	1	0	0	9	5	+A
II	2115412	G	*/+T	15	19	55.88%	2	2	46	53	0.98	1	1	7	8	10	9	+T
II	2115422	T	*/+A	21	17	43.59%	2	2	50	48	0.98	1	1	11	10	7	10	+A
II	2147726	G	+T/+T	2	12	85.71%	1	2	68	45	0.98	1	1	2	0	7	5	+T
II	2187407	G	+A/+A	1	12	92.31%	1	2	37	43	0.98	1	1	0	1	9	3	+A
II	2197587	C	*/-A	4	2	28.57%	2	1	46	42	0.98	1	1	2	2	2	0	-A
II	2198945	G	*/-CA	16	2	10.53%	2	1	39	55	0.98	1	1	1	15	0	2	-CA
II	2199987	A	*/+TAACC	11	5	31.25%	2	2	50	44	0.98	1	1	4	7	3	2	+TAACC
II	2203175	T	*/-A	8	2	18.18%	2	2	35	49	0.98	1	1	5	3	1	1	-A
II	2219928	A	+T/+T	0	14	87.5%	0	2	0	41	0.98	0	1	0	0	7	7	+T
II	2220498	A	*/+T	11	4	26.67%	2	2	57	37	0.98	1	1	6	5	2	2	+T
II	2293297	G	-A/-A	1	12	92.31%	1	2	74	45	0.98	1	1	1	0	7	5	-A
II	2443873	T	*/+AA	2	3	42.86%	1	2	62	49	0.98	1	1	2	0	1	2	+AA
II	2523624	C	*/-A	4	2	25%	2	2	42	55	0.98	1	1	3	1	1	1	-A
II	2591913	T	*/-A	12	3	17.65%	2	2	49	33	0.98	1	1	6	6	2	1	-A
II	2592423	T	+A/+A	1	12	85.71%	1	2	37	40	0.98	1	1	1	0	7	5	+A
II	2625659	T	*/+AACA	11	3	21.43%	2	2	43	61	0.98	1	1	6	5	1	2	+AACA
II	2630604	T	*/+A	23	2	8%	2	1	51	43	0.98	1	1	14	9	0	2	+A
II	2630607	C	*/+A	6	15	57.69%	2	2	49	45	0.98	1	1	4	2	7	8	+A
II	2630607	C	*/+AA	6	2	7.69%	2	2	49	55	0.98	1	1	4	2	1	1	+A
II	2640785	T	+A/+A	3	20	83.33%	2	2	57	39	0.98	1	1	1	2	9	11	+A
II	2647497	C	*/-T	9	3	25%	2	2	31	49	0.98	1	1	2	7	1	2	-T
II	2702173	G	*/-TA	12	2	14.29%	2	2	60	55	0.98	1	1	6	6	1	1	-TA
II	2709414	G	+C/+C	0	7	100%	0	2	0	58	0.98	0	1	0	0	3	4	+C
II	2720152	T	*/+A	5	15	68.18%	2	2	59	49	0.98	1	1	4	1	11	4	+A
II	2720152	T	*/+AA	5	2	9.09%	2	2	59	37	0.98	1	1	4	1	1	1	+A
II	2755338	C	*/-AT	10	10	45.45%	2	2	46	46	0.98	1	1	2	8	5	5	-AT
II	2755338	C	*/-ATAT	10	2	9.09%	2	2	46	31	0.98	1	1	2	8	1	1	-AT
II	2788933	C	+G/+G	0	16	100%	0	2	0	50	0.98	0	1	0	0	11	5	+G
II	2798040	C	-T/-T	0	18	100%	0	2	0	43	0.98	0	1	0	0	8	10	-T
II	2798514	A	-G/-G	2	6	75%	1	2	49	37	0.98	1	1	2	0	4	2	-G
II	2811495	C	-A/-A	0	15	100%	0	2	0	42	0.98	0	1	0	0	8	7	-A
II	2826100	G	*/-A	4	2	28.57%	2	2	46	43	0.98	1	1	1	3	1	1	-A
II	2830962	C	+TT/+TT	0	13	92.86%	0	2	0	45	0.98	0	1	0	0	7	6	+TT
II	2869630	C	*/-T	6	4	40%	2	1	35	43	0.98	1	1	3	3	4	0	-T
II	2873779	T	*/-A	14	2	11.76%	2	2	48	55	0.98	1	1	9	5	1	1	-A
II	2900889	A	*/-T	6	4	30.77%	2	2	41	46	0.98	1	1	4	2	3	1	-T
II	2908519	G	*/+A	20	2	9.09%	2	1	49	33	0.98	1	1	15	5	2	0	+A
II	2938956	C	+T/+T	0	9	100%	0	2	0	48	0.98	0	1	0	0	6	3	+T
II	2963959	A	*/-AT	14	2	12.5%	2	2	49	37	0.98	1	1	3	11	1	1	-AT
II	2988149	G	*/-T	10	2	13.33%	2	1	46	55	0.98	1	1	8	2	2	0	-T
II	2988149	G	*/+T	10	3	20%	2	1	46	61	0.98	1	1	8	2	3	0	+T
II	3010975	G	*/+T	28	7	19.44%	2	2	48	45	0.98	1	1	11	17	2	5	+T
II	3040332	C	+G/+G	0	24	100%	0	2	0	49	0.98	0	1	0	0	10	14	+G
II	3145037	T	*/+A	5	3	37.5%	2	2	47	37	0.98	1	1	3	2	1	2	+A
II	3154052	G	*/-T	9	3	20%	2	2	49	56	0.98	1	1	7	2	1	2	-T
II	3154052	G	*/+T	9	2	13.33%	2	2	49	42	0.98	1	1	7	2	1	1	-T
II	3171788	G	*/+A	2	4	66.67%	2	1	55	37	0.98	1	1	1	1	4	0	+A
II	3235658	T	*/+A	8	3	27.27%	2	1	44	45	0.98	1	1	4	4	3	0	+A
II	3253453	C	*/+T	2	3	50%	2	2	42	40	0.98	1	1	1	1	2	1	+T
II	3380128	C	*/+T	5	2	28.57%	2	1	37	55	0.98	1	1	4	1	0	2	+T
II	3410437	G	*/-T	5	4	40%	2	2	39	31	0.98	1	1	2	3	1	3	-T
II	3487895	G	*/+TATTT	7	4	33.33%	2	2	52	46	0.98	1	1	4	3	1	3	+TATTT
II	3540057	A	*/-T	12	2	13.33%	2	1	42	68	0.98	1	1	9	3	0	2	-T
II	3573454	C	*/-A	6	2	25%	2	1	55	55	0.98	1	1	4	2	0	2	-A
II	3619003	A	+G/+G	3	16	84.21%	2	2	61	43	0.98	1	1	2	1	10	6	+G
II	3661773	T	*/-A	5	2	25%	2	2	66	43	0.98	1	1	3	2	1	1	-A
II	3751899	T	*/+A	10	7	41.18%	2	2	40	47	0.98	1	1	3	7	5	2	+A
II	3799350	G	*/+A	0	2	28.57%	0	1	0	37	0.98	0	1	0	0	2	0	A
II	3799350	G	*/+AA	0	3	42.86%	0	1	0	37	0.98	0	1	0	0	3	0	+AA
II	3804883	A	*/+T	23	2	8%	2	1	47	37	0.98	1	1	16	7	0	2	+T
II	3815025	C	*/-T	5	3	37.5%	1	2	42	41	0.98	1	1	5	0	1	2	-T
II	3856896	A	*/-T	6	4	28.57%	2	2	43	52	0.98	1	1	4	2	2	2	-T
II	3856896	A	*/+T	6	4	28.57%	2	1	43	43	0.98	1	1	4	2	0	4	-T
II	3860185	C	*/-TAGTA	16	6	22.22%	2	2	43	43	0.98	1	1	4	12	5	1	-TAGTA
II	3861514	C	*/+GG	5	2	25%	2	1	37	37	0.98	1	1	3	2	2	0	+GG
II	3861592	C	*/+T	4	2	33.33%	1	1	31	37	0.98	1	1	0	4	0	2	+T
II	3954039	C	*/-T	13	2	13.33%	2	2	45	48	0.98	1	1	10	3	1	1	-T
II	3975235	C	*/-A	21	10	25%	2	2	38	48	0.98	1	1	17	4	8	2	-A
II	3975235	C	*/-AA	21	2	5%	2	1	38	37	0.98	1	1	17	4	2	0	-A
II	3975235	C	*/-AAAA	21	2	5%	2	2	38	37	0.98	1	1	17	4	1	1	-A
II	3975235	C	*/+A	21	4	10%	2	2	38	37	0.98	1	1	17	4	3	1	+A
II	3983331	G	*/-TA	27	5	15.62%	2	2	49	44	0.98	1	1	10	17	2	3	-TA
II	4031460	A	*/+T	3	3	42.86%	2	2	44	49	0.98	1	1	1	2	2	1	+T
II	4091063	C	+A/+A	0	10	100%	0	2	0	43	0.98	0	1	0	0	3	7	+A
II	4249637	A	*/-AT	18	2	9.52%	2	1	48	37	0.98	1	1	7	11	0	2	-AT
II	4254960	G	-A/-A	0	21	100%	0	2	0	44	0.98	0	1	0	0	9	12	-A
II	4308414	C	*/+A	5	6	54.55%	2	2	34	49	0.98	1	1	3	2	3	3	+A
II	4343817	T	*/-A	8	3	27.27%	2	2	55	33	0.98	1	1	6	2	2	1	-A
II	4462508	C	*/-A	9	2	13.33%	2	1	37	42	0.98	1	1	7	2	0	2	-A
II	4462508	C	*/+A	9	2	13.33%	2	1	37	37	0.98	1	1	7	2	2	0	-A
II	4475109	T	*/-A	8	2	20%	2	1	46	37	0.98	1	1	5	3	2	0	-A
II	4475221	G	*/-T	18	2	10%	2	1	43	37	0.98	1	1	9	9	2	0	-T
II	4507813	A	*/+G	35	4	10.26%	2	2	45	74	0.98	1	1	27	8	2	2	+G
II	4513922	G	*/+GGCTGCTATAATCATTCCCAA	37	3	7.5%	2	1	50	37	0.98	1	1	11	26	0	3	+GGCTGCTATAATCATTCCCAA
II	4516522	A	*/+T	29	2	6.45%	2	1	57	37	0.98	1	1	15	14	0	2	+T
II	4517047	T	*/+TACTCATCTACTCATC	40	6	11.54%	2	2	47	41	0.98	1	1	20	20	4	2	+TACTCATCTACTCATC
II	4521677	T	*/-AA	4	5	45.45%	2	2	37	44	0.98	1	1	3	1	3	2	-AA
II	4525340	G	*/+T	39	7	14.29%	2	2	40	60	0.98	1	1	36	3	5	2	+T
II	4526174	A	*/-T	21	7	25%	2	2	49	42	0.98	1	1	15	6	4	3	-T
II	4526843	C	*/-T	8	4	30.77%	2	1	32	28	0.98	1	1	6	2	0	4	-T
II	4528465	C	*/+GACAAT	42	9	17.65%	2	2	46	41	0.98	1	1	18	24	5	4	+GACAAT
II	4528483	T	*/-GACAATGACAGA	51	3	5.56%	2	2	46	49	0.98	1	1	22	29	2	1	-GACAATGACAGA
II	4529375	T	*/+ACAACGACAACGACAACG	32	4	7.69%	2	2	47	46	0.98	1	1	16	16	2	2	+ACAACGACAACGACAACG
II	4529375	T	*/+ACAACGACAACGACAACGACAACG	32	12	23.08%	2	2	47	40	0.98	1	1	16	16	5	7	+ACAACGACAACGACAACGACAACG
II	4533588	C	*/-T	34	22	39.29%	2	2	45	38	0.98	1	1	18	16	16	6	-T
II	4534880	A	*/-T	88	24	21.43%	2	2	45	44	0.98	1	1	43	45	10	14	-T
II	4535321	G	*/-GATAT	142	8	5.33%	2	2	44	37	0.98	1	1	78	64	3	5	-GATAT
II	4535523	T	*/+GTTACG	165	36	17.82%	2	2	47	41	0.98	1	1	48	117	14	22	+GTTACG
II	4535548	A	*/-TATGTG	185	31	14.35%	2	2	47	44	0.98	1	1	65	120	17	14	-TATGTG
II	4535645	G	*/-T	127	31	19.5%	2	2	52	47	0.98	1	1	62	65	17	14	-T
II	4535727	A	*/-G	106	10	8.62%	2	2	47	51	0.98	1	1	46	60	5	5	-G
II	4536089	C	*/+AAAAGAAAAGTAAATT	29	2	6.45%	2	2	37	55	0.98	1	1	17	12	1	1	+AAAAGAAAAGTAAATT
II	4536728	A	*/+GAGAGTAGG	169	10	5.32%	2	2	47	47	0.98	1	1	60	109	4	6	+GAGAGTAGG
II	4537213	G	*/+T	101	111	52.11%	2	2	51	54	0.98	1	1	52	49	68	43	+T
II	4537387	A	*/-AATAAGAG	71	91	56.17%	2	2	50	47	0.98	1	1	34	37	66	25	-AATAAGAG
II	4537712	T	*/-AAATAAAATTAATG	37	9	19.57%	2	2	38	39	0.98	1	1	21	16	3	6	-AAATAAAATTAATG
III	1558	G	*/-AA	29	4	5.06%	2	2	39	49	0.98	1	1	15	14	2	2	A
III	1558	G	*/+A	29	36	45.57%	2	2	39	39	0.98	1	1	15	14	20	16	+A
III	4729	A	*/-T	327	114	22.22%	2	2	46	45	0.98	1	1	215	112	50	64	-T
III	4729	A	*/+T	327	47	9.16%	2	2	46	49	0.98	1	1	215	112	19	28	-T
III	4952	C	*/+T	349	56	13.63%	2	2	42	49	0.98	1	1	213	136	20	36	+T
III	5403	C	*/-T	363	104	19.89%	2	2	42	44	0.98	1	1	258	105	53	51	-T
III	5403	C	*/-TT	363	28	5.35%	2	2	42	45	0.98	1	1	258	105	15	13	-T
III	9812	T	*/+A	135	14	9.21%	2	1	44	44	0.98	1	1	46	89	0	14	+A
III	12428	G	*/-A	34	4	5%	2	1	39	46	0.98	1	1	17	17	0	4	A
III	12428	G	*/+A	34	27	33.75%	2	2	39	44	0.98	1	1	17	17	12	15	+A
III	12428	G	*/+AA	34	7	8.75%	2	2	39	44	0.98	1	1	17	17	5	2	+A
III	15599	A	*/-T	363	118	22.06%	2	2	46	48	0.98	1	1	259	104	54	64	-T
III	15599	A	*/+T	363	32	5.98%	2	2	46	46	0.98	1	1	259	104	10	22	-T
III	15822	C	*/+T	338	59	14.79%	2	2	42	50	0.98	1	1	187	151	20	39	+T
III	16273	C	*/-T	334	116	22.35%	2	2	43	45	0.98	1	1	237	97	64	52	-T
III	16273	C	*/-TT	334	35	6.74%	2	2	43	46	0.98	1	1	237	97	16	19	-T
III	20682	T	*/+A	134	17	11.11%	2	2	43	44	0.98	1	1	40	94	1	16	+A
III	23298	G	*/+A	22	30	46.88%	2	2	36	43	0.98	1	1	8	14	19	11	+A
III	24315	C	*/+A	57	4	6.56%	2	2	49	49	0.98	1	1	32	25	2	2	+A
III	69589	T	*/-A	5	3	33.33%	2	2	59	37	0.98	1	1	2	3	2	1	-A
III	123319	T	*/-A	2	7	70%	1	2	37	42	0.98	1	1	0	2	1	6	-A
III	155199	A	*/+T	3	5	62.5%	1	2	49	54	0.98	1	1	0	3	3	2	+T
III	182819	G	*/+A	31	2	6.06%	2	2	45	55	0.98	1	1	10	21	1	1	+A
III	207168	T	*/-A	6	2	20%	2	2	37	55	0.98	1	1	5	1	1	1	-A
III	211140	C	*/+TCTTG	29	3	9.38%	2	2	53	49	0.98	1	1	15	14	1	2	+TCTTG
III	231502	G	*/-A	9	2	18.18%	2	1	39	55	0.98	1	1	3	6	0	2	-A
III	253907	A	*/+T	3	7	70%	1	2	37	40	0.98	1	1	0	3	4	3	+T
III	260921	T	*/-C	36	2	5.26%	2	2	48	55	0.98	1	1	16	20	1	1	-C
III	284510	C	+A/+A	1	11	91.67%	1	2	37	42	0.98	1	1	0	1	8	3	+A
III	285212	T	*/+A	16	4	20%	2	2	61	46	0.98	1	1	8	8	2	2	+A
III	286478	C	*/-T	0	5	62.5%	0	2	0	39	0.98	0	1	0	0	4	1	-T
III	286478	C	*/-TT	0	3	37.5%	0	2	0	57	0.98	0	1	0	0	1	2	-T
III	286594	T	*/+A	5	9	60%	2	2	29	42	0.98	1	1	3	2	7	2	+A
III	293096	G	*/-T	9	2	16.67%	2	1	37	55	0.98	1	1	4	5	2	0	-T
III	347926	G	*/-TC	29	2	6.45%	2	1	50	55	0.98	1	1	7	22	0	2	-TC
III	348685	G	*/-AT	31	3	8.57%	2	2	44	57	0.98	1	1	17	14	1	2	-AT
III	348705	C	*/-T	25	2	7.41%	2	1	43	31	0.98	1	1	16	9	2	0	-T
III	365747	C	-A/-A	2	16	80%	1	2	55	42	0.98	1	1	0	2	8	8	-A
III	365747	C	*/-AA	2	2	10%	1	1	55	49	0.98	1	1	0	2	0	2	-A
III	383187	G	*/+T	12	2	14.29%	2	1	49	49	0.98	1	1	5	7	0	2	+T
III	431910	C	*/-T	8	3	27.27%	2	2	42	36	0.98	1	1	5	3	1	2	-T
III	530919	C	*/+T	17	2	10.53%	2	2	45	55	0.98	1	1	11	6	1	1	+T
III	563214	T	*/-A	13	2	10%	2	1	38	61	0.98	1	1	10	3	2	0	-A
III	563214	T	*/+A	13	5	25%	2	2	38	37	0.98	1	1	10	3	3	2	+A
III	568658	C	*/-T	10	4	23.53%	2	2	48	46	0.98	1	1	4	6	3	1	-T
III	568658	C	*/-TT	10	2	11.76%	2	2	48	31	0.98	1	1	4	6	1	1	-T
III	672827	G	*/-A	6	3	33.33%	2	2	43	49	0.98	1	1	3	3	2	1	-A
III	717677	A	-T/-T	1	7	87.5%	1	1	37	47	0.98	1	1	1	0	0	7	-T
III	719955	A	-C/-C	0	9	100%	0	2	0	45	0.98	0	1	0	0	4	5	-C
III	720559	C	*/-T	7	4	28.57%	1	1	42	36	0.98	1	1	7	0	4	0	-T
III	720559	C	*/-TT	7	3	21.43%	1	1	42	45	0.98	1	1	7	0	3	0	-T
III	720683	A	+T/+T	1	7	87.5%	1	2	25	37	0.98	1	1	1	0	3	4	+T
III	762516	T	*/-A	10	2	16.67%	2	2	53	74	0.98	1	1	5	5	1	1	-A
III	822701	G	*/-T	6	2	25%	2	2	59	37	0.98	1	1	3	3	1	1	-T
III	867865	C	-T/-T	0	10	100%	0	2	0	45	0.98	0	1	0	0	5	5	-T
III	897531	C	*/+A	15	3	16.67%	2	2	45	44	0.98	1	1	12	3	2	1	+A
III	921189	C	*/-A	11	2	15.38%	2	1	40	31	0.98	1	1	3	8	0	2	-A
III	966124	G	*/-T	11	2	12.5%	1	1	37	37	0.98	1	1	11	0	2	0	-T
III	970548	C	*/-T	5	3	27.27%	2	1	32	32	0.98	1	1	1	4	0	3	-T
III	970548	C	*/+T	5	2	18.18%	2	2	32	37	0.98	1	1	1	4	1	1	-T
III	975052	A	*/-C	18	2	10%	2	1	41	61	0.98	1	1	6	12	0	2	-C
III	1002436	C	*/+A	4	2	33.33%	2	2	46	42	0.98	1	1	2	2	1	1	+A
III	1016311	G	+C/+C	0	16	100%	0	2	0	37	0.98	0	1	0	0	5	11	+C
III	1073505	T	*/+ATATAGAG	69	13	15.48%	2	2	50	51	0.98	1	1	38	31	9	4	+ATATAGAG
III	1079346	A	*/+G	76	18	18.95%	2	2	43	36	0.98	1	1	60	16	16	2	+G
III	1080146	T	*/+ATATAGAG	122	21	14.69%	2	2	45	44	0.98	1	1	43	79	15	6	+ATATAGAG
III	1084192	T	*/-GTGGTAAGTGTAA	27	4	12.9%	2	1	47	37	0.98	1	1	12	15	0	4	-GTGGTAAGTGTAA
III	1087979	A	*/+G	45	4	8.16%	2	2	50	46	0.98	1	1	25	20	2	2	+G
III	1088779	T	*/+ATATAGAG	89	5	5.32%	2	2	48	44	0.98	1	1	27	62	1	4	+ATATAGAG
III	1095550	G	*/-T	9	4	19.05%	2	2	41	33	0.98	1	1	8	1	2	2	-T
III	1095550	G	*/-TT	9	5	23.81%	2	2	41	36	0.98	1	1	8	1	1	4	-TT
III	1098682	T	*/+A	6	4	40%	2	2	41	46	0.98	1	1	5	1	2	2	+A
III	1103423	T	*/-A	4	8	47.06%	2	2	36	39	0.98	1	1	3	1	5	3	-A
III	1103423	T	*/-AA	4	3	17.65%	2	2	36	32	0.98	1	1	3	1	2	1	-A
III	1103423	T	*/-AAA	4	2	11.76%	2	1	36	55	0.98	1	1	3	1	0	2	-A
III	1110132	C	*/+TCTCTATA	48	3	5.88%	2	1	46	37	0.98	1	1	26	22	3	0	+TCTCTATA
III	1110392	G	*/-TAGTTATAGTTGTAGTTA	93	6	6.06%	2	2	44	43	0.98	1	1	30	63	2	4	-TAGTTATAGTTGTAGTTA
III	1110963	T	*/+C	49	4	7.55%	2	2	49	43	0.98	1	1	20	29	2	2	+C
III	1114731	C	*/-CACTTACCACTTA	28	3	9.68%	2	1	53	37	0.98	1	1	12	16	3	0	-CACTTACCACTTA
III	1117723	T	*/+C	46	5	9.8%	2	2	48	49	0.98	1	1	26	20	1	4	+C
III	1123652	C	*/+TCTCTATA	34	2	5.56%	2	1	51	37	0.98	1	1	9	25	2	0	+TCTCTATA
III	1128251	C	*/-CACTTACCACTTA	24	3	11.11%	2	2	49	37	0.98	1	1	13	11	2	1	-CACTTACCACTTA
III	1128342	A	*/-C	19	2	9.52%	2	1	51	37	0.98	1	1	10	9	2	0	-C
III	1135011	C	*/-CACTTACCACTTA	34	2	5.56%	2	1	53	37	0.98	1	1	17	17	2	0	-CACTTACCACTTA
III	1140919	T	*/+AA	8	4	30.77%	2	2	46	46	0.98	1	1	6	2	2	2	+AA
III	1168360	T	*/-G	7	3	30%	2	2	37	53	0.98	1	1	3	4	2	1	-G
III	1193734	G	*/-T	12	3	20%	2	2	52	49	0.98	1	1	8	4	2	1	-T
III	1244495	G	*/-T	8	3	27.27%	2	2	46	49	0.98	1	1	6	2	1	2	-T
III	1252505	G	*/+TT	7	2	14.29%	2	2	35	61	0.98	1	1	6	1	1	1	+TT
III	1352117	A	*/+T	31	2	6.06%	2	1	50	37	0.98	1	1	15	16	0	2	+T
III	1373557	C	*/-T	15	2	11.76%	2	1	54	49	0.98	1	1	11	4	0	2	-T
III	1411945	T	*/+A	6	4	40%	1	1	41	37	0.98	1	1	6	0	4	0	+A
III	1547169	C	*/-A	4	2	33.33%	2	1	37	49	0.98	1	1	1	3	2	0	-A
III	1575951	G	*/+T	2	2	40%	1	2	55	55	0.98	1	1	2	0	1	1	+T
III	1594933	T	*/-A	11	5	27.78%	2	1	41	44	0.98	1	1	7	4	5	0	-A
III	1594933	T	*/+A	11	2	11.11%	2	2	41	37	0.98	1	1	7	4	1	1	-A
III	1673420	A	*/+T	14	2	12.5%	2	2	39	55	0.98	1	1	6	8	1	1	+T
III	1685487	G	+A/+A	0	15	100%	0	2	0	42	0.98	0	1	0	0	9	6	+A
III	1702276	A	*/-T	25	5	16.67%	2	2	50	51	0.98	1	1	16	9	4	1	-T
III	1712983	G	*/-A	5	3	33.33%	1	2	39	45	0.98	1	1	5	0	2	1	-A
III	1756400	T	-A/-A	2	28	93.33%	2	2	31	47	0.98	1	1	1	1	12	16	-A
III	1774235	T	+GATC/+GATC	0	17	100%	0	2	0	45	0.98	0	1	0	0	8	9	+GATC
III	1833132	C	*/-T	15	2	11.76%	2	1	45	31	0.98	1	1	9	6	0	2	-T
III	1925626	C	*/+A	3	2	28.57%	1	2	49	31	0.98	1	1	3	0	1	1	+A
III	2041936	C	*/+T	3	3	50%	2	2	65	53	0.98	1	1	2	1	1	2	+T
III	2059105	C	*/-GCTCCTGGTGCT	17	2	10.53%	2	2	43	37	0.98	1	1	6	11	1	1	-GCTCCTGGTGCT
III	2076412	G	*/-T	7	2	20%	2	1	40	68	0.98	1	1	6	1	0	2	-T
III	2113205	C	*/-T	4	4	28.57%	2	2	49	39	0.98	1	1	3	1	3	1	-T
III	2113205	C	*/-TT	4	2	14.29%	2	1	49	37	0.98	1	1	3	1	2	0	-T
III	2113205	C	*/+T	4	2	14.29%	2	2	49	49	0.98	1	1	3	1	1	1	-T
III	2157938	C	*/-T	8	2	20%	2	2	48	55	0.98	1	1	7	1	1	1	-T
III	2183757	T	+A/+A	0	12	100%	0	2	0	52	0.98	0	1	0	0	6	6	+A
III	2256051	T	*/+A	3	5	62.5%	1	2	57	37	0.98	1	1	3	0	1	4	+A
III	2257353	C	*/+A	15	2	11.76%	2	2	46	55	0.98	1	1	12	3	1	1	+A
III	2270459	C	*/-A	15	3	16.67%	2	2	47	40	0.98	1	1	10	5	2	1	-A
III	2284394	C	*/-T	12	2	14.29%	2	2	45	55	0.98	1	1	4	8	1	1	-T
III	2356258	G	*/+T	19	16	45.71%	2	2	57	55	0.98	1	1	9	10	9	7	+T
III	2382018	A	*/-T	2	3	42.86%	1	2	49	49	0.98	1	1	2	0	2	1	-T
III	2420241	T	*/-A	8	3	23.08%	2	2	40	45	0.98	1	1	3	5	1	2	-A
III	2420241	T	*/-AA	8	2	15.38%	2	1	40	31	0.98	1	1	3	5	0	2	-A
III	2443433	G	*/+T	141	12	7.84%	2	2	41	38	0.98	1	1	110	31	9	3	+T
III	2443562	A	+T/+T	1	30	93.75%	1	1	37	36	0.98	1	1	1	0	0	30	+T
III	2447848	T	*/-A	555	195	20.9%	2	2	44	42	0.98	1	1	402	153	141	54	-A
III	2447848	T	*/-AA	555	78	8.36%	2	2	44	40	0.98	1	1	402	153	55	23	-A
III	2447848	T	*/+A	555	78	8.36%	2	2	44	46	0.98	1	1	402	153	56	22	-A
III	2448309	T	-AA/-AA	22	411	94.05%	2	2	47	42	0.98	1	1	12	10	174	237	-AA
III	2448518	T	*/-A	639	191	19.59%	2	2	45	44	0.98	1	1	419	220	142	49	-A
III	2448518	T	*/-AA	639	66	6.77%	2	2	45	45	0.98	1	1	419	220	43	23	-A
III	2448518	T	*/+A	639	62	6.36%	2	2	45	47	0.98	1	1	419	220	36	26	-A
III	2451372	G	*/+T	147	10	6.25%	2	2	50	53	0.98	1	1	76	71	6	4	+T
