Chrom	Position	Ref	Cons	Reads1	Reads2	VarFreq	Strands1	Strands2	Qual1	Qual2	Pvalue	MapQual1	MapQual2	Reads1Plus	Reads1Minus	Reads2Plus	Reads2Minus	VarAllele
chr_II_telomeric_gap	6301	C	*/-AT	11	3	21.43%	2	2	48	61	0.98	1	1	4	7	2	1	-AT
chr_II_telomeric_gap	8538	G	*/-A	3	2	33.33%	1	1	33	37	0.98	1	1	3	0	2	0	-A
I	3160	A	*/+GTTGTCGTTGTCGTTGTC	43	16	24.24%	2	2	45	44	0.98	1	1	20	23	9	7	+GTTGTCGTTGTCGTTGTC
I	3160	A	*/+GTTGTCGTTGTCGTTGTCGTTGTC	43	7	10.61%	2	2	45	40	0.98	1	1	20	23	5	2	+GTTGTCGTTGTCGTTGTC
I	4053	C	*/+TGTCAT	56	7	10.94%	2	2	41	37	0.98	1	1	31	25	3	4	+TGTCAT
I	5676	T	*/-G	35	2	5.26%	2	1	41	31	0.98	1	1	26	9	0	2	-G
I	5677	G	*/-A	14	6	20%	2	2	37	49	0.98	1	1	13	1	4	2	-A
I	5677	G	*/-AA	14	5	16.67%	2	2	37	39	0.98	1	1	13	1	4	1	-A
I	6357	T	*/-A	28	3	6.38%	2	2	43	49	0.98	1	1	20	8	1	2	-A
I	6357	T	*/-AA	28	15	31.91%	2	2	43	47	0.98	1	1	20	8	7	8	-AA
I	7192	C	*/+A	9	12	46.15%	2	2	35	41	0.98	1	1	7	2	9	3	+A
I	10859	G	*/-TT	5	9	64.29%	2	2	39	41	0.98	1	1	2	3	5	4	-TT
I	11051	T	*/+A	8	4	33.33%	2	2	44	46	0.98	1	1	2	6	3	1	+A
I	15734	C	*/-A	13	8	38.1%	2	2	40	43	0.98	1	1	7	6	6	2	-A
I	18126	G	*/+TA	50	3	5.66%	2	1	43	37	0.98	1	1	36	14	3	0	+TA
I	19185	G	*/+AGTAAATA	31	2	5.88%	2	2	50	37	0.98	1	1	10	21	1	1	+AGTAAATA
I	27402	A	*/-C	6	2	11.11%	2	2	35	31	0.98	1	1	1	5	1	1	-C
I	27402	A	*/+C	6	3	16.67%	2	1	35	29	0.98	1	1	1	5	0	3	+C
I	27402	A	*/+CC	6	5	27.78%	2	1	35	37	0.98	1	1	1	5	0	5	+CC
I	28398	A	*/+C	47	3	6%	2	2	43	74	0.98	1	1	8	39	1	2	+C
I	101871	A	+G/+G	0	19	100%	0	2	0	48	0.98	0	1	0	0	7	12	+G
I	190112	C	*/-A	1	2	40%	1	2	62	31	0.98	1	1	0	1	1	1	-A
I	206448	C	*/-T	7	2	22.22%	2	1	34	37	0.98	1	1	6	1	2	0	-T
I	211085	T	*/-A	14	2	12.5%	2	2	42	37	0.98	1	1	9	5	1	1	-A
I	216147	C	*/-T	5	2	28.57%	2	2	42	30	0.98	1	1	3	2	1	1	-T
I	232688	T	*/-A	9	2	16.67%	2	1	33	31	0.98	1	1	5	4	0	2	-A
I	272366	G	*/-A	16	3	15.79%	2	1	47	66	0.98	1	1	8	8	3	0	-A
I	315375	G	*/-T	14	2	11.11%	2	1	39	55	0.98	1	1	10	4	0	2	-T
I	315375	G	*/+T	14	2	11.11%	2	2	39	55	0.98	1	1	10	4	1	1	-T
I	414079	C	*/-T	8	3	25%	2	2	39	45	0.98	1	1	4	4	1	2	-T
I	440084	T	*/+A	2	5	71.43%	1	2	31	37	0.98	1	1	2	0	2	3	+A
I	441614	C	*/-T	5	4	40%	2	1	33	34	0.98	1	1	4	1	4	0	-T
I	442786	C	+TT/+TT	1	9	81.82%	1	2	37	45	0.98	1	1	1	0	4	5	+TT
I	453369	G	*/+A	2	4	50%	2	1	55	37	0.98	1	1	1	1	4	0	+A
I	456726	G	*/-T	10	2	14.29%	2	2	45	61	0.98	1	1	8	2	1	1	-T
I	456726	G	*/+T	10	2	14.29%	2	2	45	37	0.98	1	1	8	2	1	1	-T
I	470378	A	-C/-C	0	15	100%	0	2	0	37	0.98	0	1	0	0	10	5	-C
I	470390	A	-C/-C	0	19	100%	0	2	0	44	0.98	0	1	0	0	10	9	-C
I	473427	G	*/+TT	4	2	28.57%	2	1	31	55	0.98	1	1	3	1	0	2	+TT
I	482737	A	+G/+G	2	16	80%	2	2	37	47	0.98	1	1	1	1	9	7	+G
I	502890	A	*/+G	18	2	10%	2	1	47	55	0.98	1	1	8	10	0	2	+G
I	521845	T	*/-A	13	3	16.67%	2	2	35	37	0.98	1	1	4	9	2	1	-A
I	528541	C	*/-A	8	2	20%	2	1	44	37	0.98	1	1	6	2	2	0	-A
I	554527	A	+T/+T	1	4	80%	1	2	37	37	0.98	1	1	1	0	3	1	+T
I	562745	A	*/+T	6	2	22.22%	2	2	45	68	0.98	1	1	2	4	1	1	+T
I	631100	C	*/+TGT	14	6	30%	2	2	43	37	0.98	1	1	8	6	3	3	+TGT
I	650099	C	*/+AA	5	2	25%	2	1	32	37	0.98	1	1	3	2	2	0	+AA
I	660056	T	*/+G	5	2	20%	2	1	32	31	0.98	1	1	4	1	2	0	+G
I	660056	T	*/+GG	5	2	20%	2	1	32	37	0.98	1	1	4	1	2	0	+G
I	661548	C	*/+T	11	2	14.29%	2	1	40	37	0.98	1	1	5	6	0	2	+T
I	670032	C	+A/+A	2	30	90.91%	2	2	49	46	0.98	1	1	1	1	9	21	+A
I	682993	T	-C/-C	0	29	100%	0	2	0	43	0.98	0	1	0	0	8	21	-C
I	862962	C	+T/+T	1	21	95.45%	1	2	74	45	0.98	1	1	0	1	8	13	+T
I	934908	T	*/+A	8	2	18.18%	1	2	37	31	0.98	1	1	8	0	1	1	+A
I	960025	G	*/+T	2	3	42.86%	1	2	37	37	0.98	1	1	2	0	1	2	+T
I	960025	G	*/+TT	2	2	28.57%	1	1	37	49	0.98	1	1	2	0	2	0	+T
I	1045209	C	*/+A	7	2	22.22%	2	1	49	37	0.98	1	1	5	2	0	2	+A
I	1048635	G	+A/+A	2	10	83.33%	2	2	31	50	0.98	1	1	1	1	5	5	+A
I	1148104	A	*/+T	2	4	57.14%	1	2	37	52	0.98	1	1	2	0	2	2	+T
I	1185797	G	*/-A	6	3	30%	2	1	41	40	0.98	1	1	4	2	3	0	-A
I	1200526	C	*/-T	10	2	15.38%	1	1	38	74	0.98	1	1	10	0	2	0	-T
I	1254655	T	+A/+A	1	4	80%	1	2	37	46	0.98	1	1	1	0	3	1	+A
I	1274803	T	+A/+A	0	15	100%	0	2	0	37	0.98	0	1	0	0	6	9	+A
I	1290605	A	*/+T	9	3	25%	2	2	34	33	0.98	1	1	7	2	1	2	+T
I	1358794	C	*/+A	4	2	33.33%	2	2	49	31	0.98	1	1	3	1	1	1	+A
I	1424708	C	-A/-A	3	19	86.36%	1	2	41	44	0.98	1	1	3	0	12	7	-A
I	1494938	C	*/+A	6	6	46.15%	2	2	35	36	0.98	1	1	3	3	4	2	+A
I	1496317	C	*/-A	1	4	44.44%	1	2	37	46	0.98	1	1	1	0	1	3	-A
I	1496317	C	*/-AA	1	3	33.33%	1	2	37	45	0.98	1	1	1	0	1	2	-A
I	1509277	C	+T/+T	1	9	81.82%	1	2	25	38	0.98	1	1	1	0	4	5	+T
I	1595056	C	*/-T	7	2	15.38%	2	1	31	31	0.98	1	1	6	1	2	0	-T
I	1595056	C	*/+T	7	3	23.08%	2	2	31	49	0.98	1	1	6	1	2	1	+T
I	1625092	T	+C/+C	0	12	100%	0	2	0	55	0.98	0	1	0	0	5	7	+C
I	1666646	C	*/-A	12	2	13.33%	2	2	44	37	0.98	1	1	8	4	1	1	-A
I	1725055	A	*/-T	9	2	18.18%	2	2	37	49	0.98	1	1	3	6	1	1	-T
I	1777634	A	*/-T	5	5	41.67%	2	2	39	44	0.98	1	1	4	1	4	1	-T
I	1849285	C	*/-T	27	4	12.5%	2	2	45	49	0.98	1	1	10	17	3	1	-T
I	1850294	T	*/-GA	40	3	6.98%	2	2	48	49	0.98	1	1	24	16	1	2	-GA
I	1868067	A	*/-T	11	2	15.38%	2	1	50	55	0.98	1	1	6	5	0	2	-T
I	1890184	C	*/-A	11	5	31.25%	2	2	42	39	0.98	1	1	7	4	4	1	-A
I	1936294	G	+A/+A	1	10	90.91%	1	2	37	48	0.98	1	1	1	0	5	5	+A
I	1952313	A	+T/+T	0	24	100%	0	2	0	48	0.98	0	1	0	0	14	10	+T
I	1955853	T	*/+A	2	4	50%	1	2	31	34	0.98	1	1	0	2	3	1	+A
I	1958932	T	*/-C	8	2	20%	2	1	46	37	0.98	1	1	2	6	0	2	-C
I	1966687	A	*/+T	13	2	13.33%	2	1	51	55	0.98	1	1	2	11	0	2	+T
I	2016958	G	*/-T	12	3	18.75%	2	1	42	37	0.98	1	1	8	4	3	0	-T
I	2025000	C	*/-TT	9	2	14.29%	2	1	37	37	0.98	1	1	7	2	2	0	-TT
I	2025000	C	*/+T	9	2	14.29%	2	2	37	55	0.98	1	1	7	2	1	1	-TT
I	2041948	T	*/-A	6	3	27.27%	2	1	39	40	0.98	1	1	5	1	3	0	-A
I	2041948	T	*/-AA	6	2	18.18%	2	1	39	37	0.98	1	1	5	1	2	0	-A
I	2052488	A	*/-T	10	8	38.1%	2	2	38	43	0.98	1	1	6	4	3	5	-T
I	2052488	A	*/+T	10	2	9.52%	2	1	38	43	0.98	1	1	6	4	2	0	-T
I	2096013	T	*/-A	6	3	30%	2	2	41	45	0.98	1	1	4	2	2	1	-A
I	2139856	G	+T/+T	1	8	88.89%	1	2	37	38	0.98	1	1	0	1	5	3	+T
I	2154491	T	+A/+A	0	16	100%	0	2	0	42	0.98	0	1	0	0	7	9	+A
I	2174555	C	*/-A	7	4	23.53%	2	1	37	28	0.98	1	1	4	3	0	4	-A
I	2174555	C	*/-AA	7	4	23.53%	2	2	37	49	0.98	1	1	4	3	2	2	-A
I	2178948	C	*/-A	12	2	14.29%	1	1	38	55	0.98	1	1	12	0	2	0	-A
I	2206796	C	+A/+A	1	26	96.3%	1	2	74	44	0.98	1	1	1	0	17	9	+A
I	2231735	C	*/-A	14	2	11.76%	2	2	38	37	0.98	1	1	7	7	1	1	-A
I	2245479	T	*/-C	10	2	14.29%	2	1	42	31	0.98	1	1	3	7	0	2	-C
I	2273201	T	*/-A	2	4	57.14%	2	2	31	34	0.98	1	1	1	1	3	1	-A
I	2288240	C	-G/-G	0	15	100%	0	2	0	49	0.98	0	1	0	0	7	8	-G
I	2299561	G	+A/+A	1	3	75%	1	2	37	37	0.98	1	1	0	1	1	2	+A
I	2322636	C	*/-AA	5	3	30%	2	1	44	37	0.98	1	1	4	1	3	0	-AA
I	2343703	G	+A/+A	0	6	100%	0	2	0	43	0.98	0	1	0	0	1	5	+A
I	2401096	C	*/-A	20	2	8.33%	2	2	51	49	0.98	1	1	12	8	1	1	-A
I	2401096	C	*/+A	20	2	8.33%	2	1	51	61	0.98	1	1	12	8	2	0	-A
I	2421576	A	-C/-C	0	9	100%	0	2	0	37	0.98	0	1	0	0	5	4	-C
I	2424539	G	*/-A	3	2	40%	2	1	40	37	0.98	1	1	2	1	2	0	-A
I	2429952	T	*/+G	15	4	21.05%	2	2	42	34	0.98	1	1	11	4	2	2	+G
I	2499149	A	-T/-T	3	12	80%	2	2	33	47	0.98	1	1	2	1	4	8	-T
I	2507462	T	+A/+A	0	22	100%	0	2	0	45	0.98	0	1	0	0	11	11	+A
I	2510060	T	+A/+A	0	8	100%	0	2	0	44	0.98	0	1	0	0	6	2	+A
I	2520612	G	*/-T	16	2	10.53%	2	1	48	31	0.98	1	1	10	6	0	2	-T
I	2525300	T	*/-A	11	3	21.43%	2	2	43	37	0.98	1	1	5	6	2	1	-A
I	2525713	C	*/+T	12	2	13.33%	2	1	42	49	0.98	1	1	9	3	0	2	+T
I	2588021	C	+A/+A	0	5	100%	0	2	0	44	0.98	0	1	0	0	3	2	+A
I	2588066	C	+A/+A	0	4	100%	0	2	0	46	0.98	0	1	0	0	3	1	+A
I	2594263	C	+T/+T	0	7	100%	0	2	0	42	0.98	0	1	0	0	3	4	+T
I	2594324	T	+A/+A	0	6	100%	0	2	0	53	0.98	0	1	0	0	2	4	+A
I	2594351	T	+A/+A	0	9	100%	0	2	0	50	0.98	0	1	0	0	4	5	+A
I	2594391	A	+T/+T	1	8	88.89%	1	2	37	54	0.98	1	1	1	0	3	5	+T
I	2605860	G	-T/-T	0	18	100%	0	2	0	41	0.98	0	1	0	0	8	10	-T
I	2607669	A	+T/+T	2	15	88.24%	2	2	37	41	0.98	1	1	1	1	8	7	+T
I	2675740	C	*/-T	16	2	11.11%	2	2	36	37	0.98	1	1	9	7	1	1	-T
I	2683902	T	-C/-C	0	16	100%	0	2	0	38	0.98	0	1	0	0	6	10	-C
I	2747027	T	*/-AA	5	3	27.27%	2	2	34	37	0.98	1	1	4	1	2	1	-AA
I	2747027	T	*/+A	5	2	18.18%	2	2	34	49	0.98	1	1	4	1	1	1	-AA
I	2751236	T	-A/-A	0	18	94.74%	0	2	0	36	0.98	0	1	0	0	8	10	-A
I	2759871	T	+C/+C	0	5	100%	0	2	0	37	0.98	0	1	0	0	1	4	+C
I	2868432	A	*/-T	9	2	18.18%	2	2	48	37	0.98	1	1	6	3	1	1	-T
I	2897634	G	*/-TA	23	2	8%	2	1	49	37	0.98	1	1	13	10	2	0	-TA
I	2973185	G	*/-A	21	14	40%	2	2	43	37	0.98	1	1	10	11	7	7	-A
I	3010124	T	*/+A	12	2	14.29%	2	2	45	55	0.98	1	1	8	4	1	1	+A
I	3033347	C	*/-T	13	4	20%	2	2	42	34	0.98	1	1	8	5	2	2	-T
I	3033347	C	*/+T	13	3	15%	2	2	42	41	0.98	1	1	8	5	2	1	-T
I	3084527	A	*/+AGT	25	3	10.71%	2	2	48	74	0.98	1	1	12	13	1	2	+AGT
I	3125118	A	+T/+T	0	12	100%	0	2	0	42	0.98	0	1	0	0	7	5	+T
I	3143388	C	+T/+T	0	12	100%	0	2	0	43	0.98	0	1	0	0	8	4	+T
I	3159187	C	*/-CA	41	8	16%	2	2	46	47	0.98	1	1	20	21	5	3	-CA
I	3159994	C	*/-T	44	5	9.43%	2	2	43	36	0.98	1	1	37	7	3	2	-T
I	3159994	C	*/+T	44	3	5.66%	2	2	43	37	0.98	1	1	37	7	2	1	-T
I	3166776	G	*/+TT	5	4	23.53%	1	2	39	33	0.98	1	1	5	0	2	2	+TT
I	3166776	G	*/+TTT	5	4	23.53%	1	2	39	39	0.98	1	1	5	0	2	2	+TT
I	3166776	G	*/+TTTT	5	2	11.76%	1	2	39	49	0.98	1	1	5	0	1	1	+TT
I	3178494	C	+T/+T	1	16	94.12%	1	2	74	39	0.98	1	1	1	0	6	10	+T
I	3197528	A	+G/+G	2	25	89.29%	2	2	37	47	0.98	1	1	1	1	10	15	+G
I	3299997	G	*/-A	17	2	10%	2	2	44	37	0.98	1	1	12	5	1	1	-A
I	3303394	C	*/-AT	11	2	12.5%	2	2	37	42	0.98	1	1	3	8	1	1	-AT
I	3303394	C	*/-ATAT	11	2	12.5%	2	1	37	55	0.98	1	1	3	8	0	2	-AT
I	3354617	G	*/-T	10	2	16.67%	2	1	35	37	0.98	1	1	6	4	0	2	-T
I	3404612	C	*/-TT	3	2	33.33%	1	2	37	37	0.98	1	1	3	0	1	1	-TT
I	3450130	G	-T/-T	0	17	100%	0	2	0	40	0.98	0	1	0	0	9	8	-T
I	3460318	T	+C/+C	0	12	100%	0	2	0	42	0.98	0	1	0	0	5	7	+C
I	3462650	A	*/-T	4	3	37.5%	2	2	49	33	0.98	1	1	2	2	2	1	-T
I	3478592	A	*/-T	16	2	11.11%	2	1	37	31	0.98	1	1	11	5	2	0	-T
I	3538413	A	+T/+T	1	11	91.67%	1	2	74	44	0.98	1	1	1	0	3	8	+T
I	3538428	G	+T/+T	1	10	90.91%	1	2	37	46	0.98	1	1	0	1	2	8	+T
I	3538436	T	+A/+A	0	10	100%	0	2	0	48	0.98	0	1	0	0	2	8	+A
I	3538448	C	*/+T	9	2	18.18%	2	2	39	49	0.98	1	1	1	8	1	1	+T
I	3538449	T	+TA/+TA	2	8	80%	2	2	55	41	0.98	1	1	1	1	1	7	+TA
I	3538456	A	+AT/+AT	1	8	80%	1	2	25	41	0.98	1	1	0	1	1	7	+AT
I	3572643	C	*/-A	4	2	33.33%	2	1	34	37	0.98	1	1	3	1	2	0	-A
I	3574812	C	*/-A	11	2	14.29%	2	1	49	37	0.98	1	1	6	5	0	2	-A
I	3576929	C	+T/+T	2	6	75%	2	2	31	47	0.98	1	1	1	1	3	3	+T
I	3580032	T	*/+A	6	2	25%	2	1	37	37	0.98	1	1	4	2	0	2	+A
I	3580034	C	*/+T	2	2	50%	1	1	31	31	0.98	1	1	2	0	2	0	+T
I	3634643	A	*/-T	5	2	28.57%	2	2	33	55	0.98	1	1	4	1	1	1	-T
I	3659473	G	*/+A	21	2	8.33%	2	2	41	55	0.98	1	1	14	7	1	1	+A
I	3659724	C	*/-T	9	4	26.67%	2	2	41	31	0.98	1	1	6	3	3	1	-T
I	3665610	G	+C/+C	0	20	100%	0	2	0	45	0.98	0	1	0	0	11	9	+C
I	3700385	T	*/+AA	3	4	50%	1	2	45	37	0.98	1	1	3	0	1	3	+AA
I	3730369	A	+T/+T	1	6	85.71%	1	2	37	37	0.98	1	1	1	0	4	2	+T
I	3745734	A	*/-AT	10	2	16.67%	2	1	59	55	0.98	1	1	6	4	2	0	-AT
I	3765328	C	*/+T	2	7	70%	1	2	42	42	0.98	1	1	2	0	4	3	+T
I	3776888	C	*/-T	13	2	12.5%	2	2	45	55	0.98	1	1	10	3	1	1	-T
I	3776933	G	+A/+A	2	10	76.92%	1	2	25	43	0.98	1	1	2	0	2	8	+A
I	3785861	G	*/+TATAATGTATATAATGTATATAATGTA	32	2	5.71%	2	2	42	55	0.98	1	1	7	25	1	1	+TATAATGTATATAATGTATATAATGTA
I	3820599	T	*/+A	19	2	9.09%	2	2	45	37	0.98	1	1	9	10	1	1	+A
I	3825510	G	*/-T	17	2	10.53%	2	1	37	37	0.98	1	1	10	7	2	0	-T
I	3834805	A	*/-G	28	2	6.67%	2	2	41	74	0.98	1	1	14	14	1	1	-G
I	3840929	C	*/-T	20	2	9.09%	2	1	48	37	0.98	1	1	8	12	0	2	-T
I	3848002	C	*/-A	12	2	13.33%	2	1	43	61	0.98	1	1	9	3	0	2	-A
I	3855790	G	-T/-T	2	11	84.62%	2	2	37	40	0.98	1	1	1	1	7	4	-T
I	3866132	G	*/-TA	9	2	15.38%	2	1	46	74	0.98	1	1	3	6	0	2	-TA
I	3870142	A	*/+C	2	2	33.33%	1	1	42	37	0.98	1	1	0	2	0	2	+C
I	3887136	T	*/-A	9	2	18.18%	2	1	37	37	0.98	1	1	8	1	2	0	-A
I	3898271	C	*/-A	10	2	16.67%	2	1	42	55	0.98	1	1	4	6	0	2	-A
I	3940025	G	+T/+T	2	11	84.62%	2	2	55	38	0.98	1	1	1	1	7	4	+T
I	3984736	A	*/-GGT	101	7	6.48%	2	1	43	37	0.98	1	1	25	76	0	7	-GGT
I	3992188	G	*/+A	4	2	33.33%	2	2	32	49	0.98	1	1	3	1	1	1	+A
I	3992212	A	*/-AC	11	2	15.38%	2	1	41	37	0.98	1	1	3	8	0	2	-AC
I	3992213	A	*/-C	6	4	36.36%	1	2	41	34	0.98	1	1	0	6	1	3	-C
I	3996048	G	*/-A	68	7	9.33%	2	2	46	58	0.98	1	1	39	29	3	4	-A
I	4004016	G	*/-T	5	2	13.33%	2	2	34	42	0.98	1	1	4	1	1	1	-T
I	4004016	G	*/+T	5	6	40%	2	2	34	39	0.98	1	1	4	1	2	4	+T
I	4014850	A	*/-AT	9	2	18.18%	2	1	46	49	0.98	1	1	3	6	2	0	-AT
I	4055052	T	*/+A	3	9	69.23%	1	2	33	45	0.98	1	1	3	0	7	2	+A
I	4098272	C	*/-T	17	2	9.52%	2	2	44	37	0.98	1	1	13	4	1	1	-T
I	4140001	G	*/-T	7	2	22.22%	1	2	33	31	0.98	1	1	0	7	1	1	-T
I	4179641	C	*/-A	10	2	15.38%	2	2	41	55	0.98	1	1	8	2	1	1	-A
I	4179701	C	*/+T	3	2	28.57%	2	1	37	37	0.98	1	1	1	2	2	0	+T
I	4241118	G	*/-A	5	3	27.27%	2	2	44	33	0.98	1	1	2	3	2	1	-A
I	4241118	G	*/-AA	5	2	18.18%	2	1	44	37	0.98	1	1	2	3	2	0	-A
I	4276890	G	*/+T	4	13	68.42%	2	2	48	48	0.98	1	1	2	2	8	5	+T
I	4276890	G	*/+TT	4	2	10.53%	2	2	48	37	0.98	1	1	2	2	1	1	+T
I	4304169	G	+A/+A	0	9	100%	0	2	0	41	0.98	0	1	0	0	4	5	+A
I	4374342	A	-G/-G	0	19	100%	0	2	0	38	0.98	0	1	0	0	14	5	-G
I	4407494	T	+G/+G	0	11	100%	0	2	0	49	0.98	0	1	0	0	6	5	+G
I	4410191	C	-G/-G	1	14	93.33%	1	2	37	41	0.98	1	1	0	1	9	5	-G
I	4414201	C	*/-T	5	3	30%	2	1	36	33	0.98	1	1	4	1	0	3	-T
I	4414201	C	*/-TT	5	2	20%	2	2	36	31	0.98	1	1	4	1	1	1	-T
I	4414723	T	*/+AAAA	6	2	22.22%	2	1	37	37	0.98	1	1	5	1	2	0	+AAAA
I	4431856	G	+A/+A	4	26	86.67%	1	2	55	44	0.98	1	1	4	0	10	16	+A
I	4431868	C	+A/+A	0	29	100%	0	2	0	41	0.98	0	1	0	0	12	17	+A
I	4442621	A	*/-AT	13	4	22.22%	2	2	42	46	0.98	1	1	6	7	2	2	-AT
I	4455149	G	*/+A	13	4	21.05%	2	2	33	31	0.98	1	1	11	2	1	3	+A
I	4514478	T	*/-A	3	4	40%	2	2	49	31	0.98	1	1	2	1	2	2	-A
I	4533252	C	*/-T	4	2	25%	2	1	31	37	0.98	1	1	1	3	2	0	-T
I	4533252	C	*/+T	4	2	25%	2	1	31	42	0.98	1	1	1	3	2	0	-T
I	4549188	A	*/+GAAT	4	3	42.86%	1	2	34	49	0.98	1	1	0	4	2	1	+GAAT
I	4648159	T	*/-G	10	6	33.33%	2	2	41	36	0.98	1	1	7	3	4	2	-G
I	4648159	T	*/-GG	10	2	11.11%	2	1	41	37	0.98	1	1	7	3	2	0	-G
I	4764253	G	*/+A	6	10	58.82%	2	2	49	45	0.98	1	1	4	2	7	3	+A
I	4916623	C	*/-A	10	6	33.33%	2	2	42	35	0.98	1	1	7	3	1	5	-A
I	4926045	T	*/+A	8	3	27.27%	2	1	37	36	0.98	1	1	6	2	0	3	+A
I	4934297	C	*/-TA	10	4	28.57%	2	2	43	55	0.98	1	1	5	5	2	2	-TA
I	4972287	C	*/-A	25	2	7.41%	2	2	43	37	0.98	1	1	8	17	1	1	-A
I	4978355	A	*/-T	8	2	18.18%	2	2	41	61	0.98	1	1	6	2	1	1	-T
I	4984784	A	*/-T	4	5	45.45%	1	1	46	34	0.98	1	1	4	0	5	0	-T
I	5058829	C	*/-T	16	2	10%	2	2	45	37	0.98	1	1	1	15	1	1	-T
I	5058829	C	*/+T	16	2	10%	2	2	45	55	0.98	1	1	1	15	1	1	-T
I	5060109	A	*/-T	16	3	15.79%	2	2	34	45	0.98	1	1	3	13	1	2	-T
I	5142627	A	+G/+G	2	11	84.62%	1	2	37	40	0.98	1	1	2	0	6	5	+G
I	5148414	T	-A/-A	0	22	100%	0	2	0	44	0.98	0	1	0	0	12	10	-A
I	5159554	C	*/+T	15	2	11.76%	2	1	43	31	0.98	1	1	11	4	0	2	+T
I	5173087	C	+T/+T	3	12	80%	1	2	33	45	0.98	1	1	3	0	2	10	+T
I	5173430	G	*/+T	2	10	71.43%	1	2	37	40	0.98	1	1	2	0	4	6	+T
I	5173430	G	*/+TT	2	2	14.29%	1	1	37	37	0.98	1	1	2	0	2	0	+T
I	5176926	T	*/+A	0	2	40%	0	1	0	55	0.98	0	1	0	0	0	2	A
I	5187723	C	*/-T	8	2	20%	2	2	35	31	0.98	1	1	4	4	1	1	-T
I	5266596	A	*/-T	12	2	14.29%	2	1	50	74	0.98	1	1	4	8	0	2	-T
I	5368262	T	-C/-C	2	20	90.91%	2	2	37	46	0.98	1	1	1	1	11	9	-C
I	5368273	G	+T/+T	1	25	96.15%	1	2	37	45	0.98	1	1	0	1	10	15	+T
I	5417548	A	*/+T	19	2	9.52%	2	2	35	37	0.98	1	1	12	7	1	1	+T
I	5419443	C	*/-TA	19	2	9.52%	2	1	45	37	0.98	1	1	9	10	2	0	-TA
I	5426622	C	+T/+T	4	15	75%	2	2	43	46	0.98	1	1	2	2	7	8	+T
I	5435210	C	*/+T	12	2	14.29%	2	1	38	42	0.98	1	1	8	4	0	2	+T
I	5473532	G	*/-T	23	2	8%	2	1	47	37	0.98	1	1	12	11	2	0	-T
I	5547223	T	*/-A	9	4	28.57%	2	1	50	34	0.98	1	1	7	2	4	0	-A
I	5570823	C	*/-A	7	2	18.18%	2	1	35	37	0.98	1	1	6	1	2	0	-A
I	5570823	C	*/-AA	7	2	18.18%	2	1	35	36	0.98	1	1	6	1	2	0	-A
I	5573140	A	*/-ACAC	66	4	5.71%	2	1	48	46	0.98	1	1	40	26	4	0	-ACAC
I	5576663	A	*/+T	8	2	20%	2	1	43	55	0.98	1	1	6	2	2	0	+T
I	5576850	T	*/-AA	6	6	50%	2	1	47	37	0.98	1	1	3	3	6	0	-AA
II	5109	A	*/+C	69	5	6.76%	2	2	45	56	0.98	1	1	21	48	3	2	+C
II	16652	G	*/+T	16	2	10.53%	2	1	43	37	0.98	1	1	11	5	2	0	+T
II	21982	C	*/-AT	17	2	10.53%	2	1	50	31	0.98	1	1	8	9	0	2	-AT
II	85818	C	*/+T	8	2	20%	2	2	37	31	0.98	1	1	6	2	1	1	+T
II	121588	G	*/+T	11	2	15.38%	2	2	50	74	0.98	1	1	5	6	1	1	+T
II	128001	T	-A/-A	1	13	92.86%	1	2	37	52	0.98	1	1	1	0	6	7	-A
II	146079	T	-C/-C	3	17	85%	1	2	37	47	0.98	1	1	0	3	11	6	-C
II	201022	A	*/-T	13	2	13.33%	2	2	44	37	0.98	1	1	3	10	1	1	-T
II	229897	A	*/-T	22	10	29.41%	2	2	40	40	0.98	1	1	18	4	6	4	-T
II	243155	C	*/-A	5	2	25%	2	1	35	25	0.98	1	1	4	1	0	2	-A
II	355454	T	+A/+A	3	10	76.92%	1	2	57	44	0.98	1	1	0	3	3	7	+A
II	355467	A	*/+AAT	11	2	15.38%	2	1	42	55	0.98	1	1	3	8	0	2	+AAT
II	410085	C	*/-T	9	2	15.38%	2	2	33	42	0.98	1	1	8	1	1	1	-T
II	484534	A	+T/+T	2	8	80%	2	1	37	43	0.98	1	1	1	1	0	8	+T
II	516071	T	*/-A	9	2	18.18%	2	2	48	37	0.98	1	1	6	3	1	1	-A
II	521517	A	*/-T	18	2	10%	2	1	41	37	0.98	1	1	11	7	2	0	-T
II	521731	G	*/-T	19	2	8.7%	2	2	44	37	0.98	1	1	13	6	1	1	-T
II	521731	G	*/+T	19	2	8.7%	2	1	44	37	0.98	1	1	13	6	2	0	-T
II	522800	G	*/-A	16	2	11.11%	2	2	49	37	0.98	1	1	12	4	1	1	-A
II	526951	C	*/+GTTTGTTTAG	23	2	8%	2	1	49	55	0.98	1	1	9	14	0	2	+GTTTGTTTAG
II	526957	C	*/-GTGTGT	7	17	70.83%	2	2	51	52	0.98	1	1	3	4	7	10	-GTGTGT
II	529491	A	*/+T	30	3	9.09%	2	2	42	61	0.98	1	1	19	11	1	2	+T
II	561064	T	*/-A	7	3	27.27%	2	2	37	49	0.98	1	1	5	2	2	1	-A
II	565295	C	*/-A	7	2	22.22%	2	1	49	55	0.98	1	1	5	2	2	0	-A
II	583536	T	*/+A	15	4	21.05%	2	2	42	58	0.98	1	1	8	7	1	3	+A
II	603279	A	-T/-T	0	12	100%	0	2	0	36	0.98	0	1	0	0	7	5	-T
II	603305	A	-C/-C	1	14	93.33%	1	2	37	37	0.98	1	1	1	0	6	8	-C
II	645098	C	*/-A	7	2	18.18%	2	2	49	37	0.98	1	1	3	4	1	1	-A
II	662406	A	*/-T	23	2	8%	2	1	42	37	0.98	1	1	12	11	2	0	-T
II	673086	G	*/-A	2	2	22.22%	1	1	37	37	0.98	1	1	2	0	2	0	-A
II	673086	G	*/-AA	2	2	22.22%	1	1	37	31	0.98	1	1	2	0	2	0	-A
II	673086	G	*/+A	2	3	33.33%	1	1	37	37	0.98	1	1	2	0	3	0	+A
II	677175	G	*/-TA	12	2	14.29%	2	1	50	55	0.98	1	1	5	7	2	0	-TA
II	700009	T	-A/-A	2	10	83.33%	2	2	37	44	0.98	1	1	1	1	2	8	-A
II	753854	A	*/-T	5	4	40%	1	2	39	43	0.98	1	1	5	0	1	3	-T
II	756993	C	*/-T	7	3	21.43%	2	2	44	57	0.98	1	1	6	1	1	2	-T
II	756993	C	*/+T	7	2	14.29%	2	1	44	49	0.98	1	1	6	1	0	2	-T
II	819795	T	*/+C	5	10	55.56%	2	2	46	40	0.98	1	1	4	1	6	4	+C
II	847457	G	*/+A	4	4	50%	1	1	44	46	0.98	1	1	4	0	4	0	+A
II	888599	A	-C/-C	0	22	100%	0	2	0	42	0.98	0	1	0	0	12	10	-C
II	889921	C	*/-T	9	3	21.43%	1	1	35	37	0.98	1	1	9	0	3	0	-T
II	890288	G	*/+A	8	2	20%	1	1	38	31	0.98	1	1	8	0	2	0	+A
II	903106	G	+T/+T	1	15	93.75%	1	2	37	37	0.98	1	1	0	1	6	9	+T
II	1019510	T	*/-A	6	4	36.36%	2	2	35	46	0.98	1	1	4	2	2	2	-A
II	1059118	T	*/-A	22	2	8%	2	1	39	37	0.98	1	1	14	8	0	2	-A
II	1069791	C	*/-A	13	2	13.33%	2	2	37	37	0.98	1	1	7	6	1	1	-A
II	1078264	T	*/-A	22	2	8%	2	1	47	55	0.98	1	1	16	6	2	0	-A
II	1079843	T	+A/+A	1	6	85.71%	1	2	37	41	0.98	1	1	0	1	2	4	+A
II	1156029	A	*/+AT	8	2	20%	2	2	64	42	0.98	1	1	5	3	1	1	+AT
II	1163154	A	-T/-T	0	13	100%	0	2	0	43	0.98	0	1	0	0	8	5	-T
II	1171363	T	*/-A	4	2	33.33%	2	2	37	37	0.98	1	1	2	2	1	1	-A
II	1203718	C	*/+T	9	2	18.18%	2	1	53	55	0.98	1	1	5	4	2	0	+T
II	1243365	G	*/-T	19	5	20%	2	2	51	34	0.98	1	1	8	11	3	2	-T
II	1266289	T	*/+A	2	4	66.67%	1	2	55	52	0.98	1	1	2	0	1	3	+A
II	1266955	G	*/-GA	31	2	6.06%	2	2	45	37	0.98	1	1	17	14	1	1	-GA
II	1308618	G	-T/-T	6	22	78.57%	1	2	41	51	0.98	1	1	6	0	13	9	-T
II	1365999	G	*/-T	10	5	31.25%	2	2	53	51	0.98	1	1	8	2	3	2	-T
II	1389139	C	*/-T	4	2	22.22%	2	1	34	37	0.98	1	1	3	1	2	0	-T
II	1451705	G	+A/+A	2	8	80%	2	1	55	40	0.98	1	1	1	1	0	8	+A
II	1467485	C	*/-T	9	4	26.67%	2	2	41	46	0.98	1	1	3	6	1	3	-T
II	1467485	C	*/-TT	9	2	13.33%	2	2	41	37	0.98	1	1	3	6	1	1	-T
II	1531449	G	*/-T	3	11	68.75%	2	2	49	45	0.98	1	1	2	1	5	6	-T
II	1531449	G	*/-TT	3	2	12.5%	2	1	49	37	0.98	1	1	2	1	2	0	-T
II	1552815	A	*/+AG	14	11	44%	2	2	37	39	0.98	1	1	8	6	9	2	+AG
II	1554361	C	*/+T	11	2	14.29%	2	1	34	23	0.98	1	1	4	7	2	0	+T
II	1571445	G	*/-TA	14	2	12.5%	2	1	53	37	0.98	1	1	8	6	2	0	-TA
II	1600211	C	*/+A	34	6	15%	2	2	45	51	0.98	1	1	21	13	4	2	+A
II	1606686	A	*/+TGGAAGTGGTAAG	76	11	12.5%	2	2	45	41	0.98	1	1	39	37	8	3	+TGGAAGTGGTAAG
II	1610504	A	*/+G	37	5	11.9%	2	2	44	59	0.98	1	1	22	15	3	2	+G
II	1612985	A	*/-ATAATG	10	2	16.67%	2	1	37	37	0.98	1	1	3	7	2	0	-ATAATG
II	1618418	C	*/+A	29	6	17.14%	2	2	39	49	0.98	1	1	19	10	5	1	+A
II	1627981	C	*/-T	7	2	20%	2	1	37	55	0.98	1	1	1	6	0	2	-T
II	1629986	A	*/+T	25	6	18.75%	2	2	49	45	0.98	1	1	14	11	2	4	+T
II	1634728	G	*/-TA	13	3	18.75%	2	2	43	37	0.98	1	1	3	10	2	1	-TA
II	1637375	T	*/+C	47	3	6%	2	2	47	61	0.98	1	1	16	31	2	1	+C
II	1641160	T	*/+ACCACCACC	78	5	5.95%	2	2	52	64	0.98	1	1	35	43	2	3	+ACCACCACC
II	1641172	C	*/+ACCACTTCCACTT	66	4	5.71%	2	2	54	46	0.98	1	1	30	36	1	3	+ACCACTTCCACTT
II	1645549	C	*/+A	30	12	27.27%	2	2	46	42	0.98	1	1	20	10	7	5	+A
II	1678205	T	-A/-A	1	7	87.5%	1	2	74	37	0.98	1	1	1	0	5	2	-A
II	1716256	G	*/+T	8	2	18.18%	2	1	40	37	0.98	1	1	5	3	2	0	+T
II	1716287	T	*/-G	11	4	26.67%	2	1	40	64	0.98	1	1	3	8	0	4	-G
II	1748646	G	*/-A	4	2	25%	1	2	30	42	0.98	1	1	4	0	1	1	-A
II	1748646	G	*/-AA	4	2	25%	1	2	30	29	0.98	1	1	4	0	1	1	-A
II	1763419	T	*/-A	14	5	25%	2	2	40	29	0.98	1	1	8	6	3	2	-A
II	1818108	C	*/-T	5	4	44.44%	2	1	39	43	0.98	1	1	3	2	4	0	-T
II	1861420	T	-G/-G	0	22	100%	0	2	0	41	0.98	0	1	0	0	17	5	-G
II	1867795	A	+T/+T	1	11	91.67%	1	2	37	34	0.98	1	1	0	1	3	8	+T
II	1868122	G	*/+T	4	3	37.5%	1	2	37	44	0.98	1	1	4	0	2	1	+T
II	1873779	T	*/+A	3	7	70%	2	2	49	45	0.98	1	1	2	1	6	1	+A
II	1877294	A	+T/+T	1	7	87.5%	1	2	37	42	0.98	1	1	1	0	6	1	+T
II	1941966	A	+T/+T	0	12	100%	0	2	0	48	0.98	0	1	0	0	6	6	+T
II	1941982	A	+T/+T	0	13	100%	0	2	0	48	0.98	0	1	0	0	7	6	+T
II	1948953	G	-A/-A	2	18	90%	1	2	37	43	0.98	1	1	0	2	8	10	-A
II	1950050	A	+G/+G	0	26	92.86%	0	2	0	44	0.98	0	1	0	0	8	18	+G
II	1952046	T	*/+TATTG	11	9	42.86%	2	2	44	56	0.98	1	1	4	7	6	3	+TATTG
II	1955495	T	+A/+A	2	7	77.78%	2	2	31	40	0.98	1	1	1	1	6	1	+A
II	1960392	A	+G/+G	1	16	94.12%	1	2	74	40	0.98	1	1	0	1	8	8	+G
II	1987101	C	-G/-G	2	19	90.48%	1	2	37	43	0.98	1	1	0	2	9	10	-G
II	1987117	T	-G/-G	0	17	100%	0	2	0	41	0.98	0	1	0	0	9	8	-G
II	2012625	T	*/+C	34	2	5.56%	2	1	43	37	0.98	1	1	14	20	0	2	+C
II	2049891	A	-T/-T	0	23	100%	0	2	0	51	0.98	0	1	0	0	11	12	-T
II	2053516	G	+C/+C	0	15	100%	0	2	0	48	0.98	0	1	0	0	5	10	+C
II	2091448	C	*/-G	32	2	5.88%	2	1	47	37	0.98	1	1	22	10	2	0	-G
II	2108180	T	+A/+A	3	10	76.92%	1	2	37	38	0.98	1	1	0	3	8	2	+A
II	2122881	A	*/+T	19	2	9.52%	2	2	48	55	0.98	1	1	18	1	1	1	+T
II	2147726	G	+T/+T	2	16	88.89%	1	2	37	45	0.98	1	1	0	2	9	7	+T
II	2187407	G	+A/+A	0	10	90.91%	0	2	0	48	0.98	0	1	0	0	6	4	+A
II	2203175	T	*/-A	7	2	22.22%	2	1	36	55	0.98	1	1	5	2	2	0	-A
II	2219097	G	*/-T	5	2	28.57%	2	1	44	37	0.98	1	1	3	2	2	0	-T
II	2219928	A	+T/+T	0	13	92.86%	0	2	0	41	0.98	0	1	0	0	5	8	+T
II	2293297	G	-A/-A	1	3	75%	1	1	37	37	0.98	1	1	1	0	3	0	-A
II	2414394	C	*/+A	14	4	22.22%	2	2	50	37	0.98	1	1	7	7	2	2	+A
II	2443873	T	*/+AA	3	3	33.33%	1	1	37	34	0.98	1	1	3	0	3	0	+AA
II	2504242	C	-A/-A	2	9	81.82%	1	2	31	43	0.98	1	1	0	2	3	6	-A
II	2579458	C	*/+A	6	2	20%	2	2	47	49	0.98	1	1	3	3	1	1	+A
II	2591913	T	*/-A	10	3	21.43%	2	2	38	49	0.98	1	1	7	3	2	1	-A
II	2592423	T	+A/+A	3	13	81.25%	1	2	37	38	0.98	1	1	3	0	7	6	+A
II	2630607	C	*/+A	2	5	62.5%	2	2	49	46	0.98	1	1	1	1	3	2	+A
II	2632000	A	*/-G	12	2	14.29%	2	1	45	37	0.98	1	1	6	6	2	0	-G
II	2640785	T	*/-A	4	2	10.53%	2	1	40	55	0.98	1	1	3	1	2	0	-A
II	2640785	T	*/+A	4	11	57.89%	2	2	40	47	0.98	1	1	3	1	5	6	+A
II	2647497	C	*/-T	6	3	25%	2	1	39	33	0.98	1	1	2	4	0	3	-T
II	2647497	C	*/+T	6	3	25%	2	2	39	25	0.98	1	1	2	4	1	2	-T
II	2709414	G	+C/+C	1	18	90%	1	2	37	49	0.98	1	1	0	1	8	10	+C
II	2755338	C	*/-AT	5	4	30.77%	2	2	51	46	0.98	1	1	2	3	3	1	-AT
II	2755338	C	*/-ATAT	5	4	30.77%	2	2	51	37	0.98	1	1	2	3	2	2	-AT
II	2788933	C	+G/+G	0	21	100%	0	2	0	46	0.98	0	1	0	0	14	7	+G
II	2798040	C	-T/-T	1	19	95%	1	2	37	44	0.98	1	1	1	0	7	12	-T
II	2798514	A	-G/-G	0	18	100%	0	2	0	47	0.98	0	1	0	0	7	11	-G
II	2811495	C	-A/-A	0	16	100%	0	2	0	39	0.98	0	1	0	0	11	5	-A
II	2826100	G	*/-A	5	2	25%	2	2	41	55	0.98	1	1	2	3	1	1	-A
II	2894538	T	-A/-A	1	6	85.71%	1	2	37	43	0.98	1	1	1	0	2	4	-A
II	2900889	A	*/-T	6	4	40%	2	2	37	34	0.98	1	1	5	1	3	1	-T
II	2937277	T	+A/+A	0	9	100%	0	2	0	49	0.98	0	1	0	0	4	5	+A
II	2938956	C	+T/+T	1	5	83.33%	1	2	25	42	0.98	1	1	1	0	2	3	+T
II	2988149	G	*/-T	4	2	33.33%	2	2	61	37	0.98	1	1	2	2	1	1	-T
II	3040332	C	+G/+G	0	22	95.65%	0	2	0	55	0.98	0	1	0	0	10	12	+G
II	3053833	T	*/+TCTTCTTGTTCC	8	5	35.71%	2	2	55	51	0.98	1	1	6	2	4	1	+TCTTCTTGTTCC
II	3053859	C	*/+TTCTTG	17	2	10.53%	2	1	45	55	0.98	1	1	11	6	2	0	+TTCTTG
II	3058544	T	*/-G	3	5	55.56%	2	2	33	36	0.98	1	1	2	1	4	1	-G
II	3268814	G	*/-AT	15	2	11.76%	2	1	46	55	0.98	1	1	6	9	0	2	-AT
II	3357605	T	*/-A	17	2	10.53%	2	2	51	55	0.98	1	1	10	7	1	1	-A
II	3380519	T	*/+C	6	9	47.37%	1	2	53	45	0.98	1	1	6	0	4	5	+C
II	3380519	T	*/+CC	6	2	10.53%	1	1	53	37	0.98	1	1	6	0	0	2	+C
II	3410437	G	*/-T	7	3	23.08%	2	2	38	29	0.98	1	1	4	3	1	2	-T
II	3540057	A	*/-T	15	5	22.73%	2	2	45	51	0.98	1	1	5	10	2	3	-T
II	3540057	A	*/+T	15	2	9.09%	2	1	45	37	0.98	1	1	5	10	2	0	-T
II	3619003	A	+G/+G	0	10	100%	0	2	0	44	0.98	0	1	0	0	5	5	+G
II	3621704	A	*/-T	7	2	20%	2	1	31	55	0.98	1	1	5	2	0	2	-T
II	3715149	G	*/-A	8	3	21.43%	2	2	37	49	0.98	1	1	7	1	2	1	-A
II	3715149	G	*/+A	8	2	14.29%	2	1	37	49	0.98	1	1	7	1	0	2	-A
II	3799350	G	+A/+A	1	3	75%	1	1	37	30	0.98	1	1	1	0	3	0	+A
II	3806909	A	*/+C	19	6	24%	2	2	40	35	0.98	1	1	7	12	3	3	+C
II	3815025	C	*/-T	2	2	40%	1	1	37	37	0.98	1	1	2	0	2	0	-T
II	3838101	C	-A/-A	1	4	80%	1	2	25	40	0.98	1	1	1	0	2	2	-A
II	3856896	A	*/-T	14	2	11.11%	2	2	41	37	0.98	1	1	8	6	1	1	-T
II	3856896	A	*/+T	14	2	11.11%	2	2	41	37	0.98	1	1	8	6	1	1	-T
II	3860185	C	*/-TAGTA	20	9	29.03%	2	2	39	37	0.98	1	1	2	18	8	1	-TAGTA
II	3904627	A	*/-G	21	4	16%	2	1	50	34	0.98	1	1	8	13	4	0	-G
II	3954039	C	*/-T	15	4	16.67%	2	2	41	52	0.98	1	1	8	7	2	2	-T
II	3954039	C	*/+T	15	2	8.33%	2	2	41	31	0.98	1	1	8	7	1	1	-T
II	3975235	C	*/-A	11	2	12.5%	2	1	38	37	0.98	1	1	8	3	2	0	-A
II	3975235	C	*/+A	11	2	12.5%	2	2	38	31	0.98	1	1	8	3	1	1	-A
II	3980468	C	*/-T	3	5	55.56%	1	2	33	29	0.98	1	1	3	0	3	2	-T
II	4006982	C	*/-A	9	6	37.5%	2	2	38	49	0.98	1	1	5	4	3	3	-A
II	4031460	A	*/+T	4	3	42.86%	1	1	31	37	0.98	1	1	4	0	3	0	+T
II	4096632	T	*/-A	6	2	25%	2	2	61	55	0.98	1	1	3	3	1	1	-A
II	4108814	G	*/-TA	30	3	9.09%	2	2	41	45	0.98	1	1	19	11	1	2	-TA
II	4254960	G	-A/-A	0	15	100%	0	2	0	50	0.98	0	1	0	0	4	11	-A
II	4264124	C	*/+TGA	37	6	13.95%	2	2	41	37	0.98	1	1	26	11	3	3	+TGA
II	4308414	C	*/+A	4	7	63.64%	1	2	39	35	0.98	1	1	4	0	5	2	+A
II	4343817	T	*/-A	9	2	18.18%	2	1	45	37	0.98	1	1	6	3	2	0	-A
II	4419921	T	*/+A	2	5	71.43%	2	2	37	34	0.98	1	1	1	1	3	2	+A
II	4481876	G	*/+T	54	3	5.26%	2	1	45	37	0.98	1	1	27	27	3	0	+T
II	4496300	G	*/-A	11	2	12.5%	2	2	46	55	0.98	1	1	6	5	1	1	-A
II	4496300	G	*/+A	11	3	18.75%	2	2	46	29	0.98	1	1	6	5	1	2	+A
II	4505641	C	*/-A	16	3	15.79%	2	2	43	49	0.98	1	1	10	6	1	2	-A
II	4507813	A	*/+G	49	4	7.55%	2	2	48	49	0.98	1	1	33	16	3	1	+G
II	4509639	T	*/-A	16	3	15.79%	2	2	43	41	0.98	1	1	10	6	1	2	-A
II	4517047	T	*/+TACTCATC	46	8	13.33%	2	2	44	34	0.98	1	1	28	18	4	4	+TACTCATC
II	4518476	T	*/-C	46	4	8%	2	1	46	37	0.98	1	1	26	20	0	4	-C
II	4521677	T	*/-AA	4	7	63.64%	2	2	37	35	0.98	1	1	3	1	5	2	-AA
II	4525340	G	*/+T	37	9	18.37%	2	2	38	42	0.98	1	1	29	8	2	7	+T
II	4526174	A	*/-T	14	4	22.22%	2	2	55	34	0.98	1	1	7	7	1	3	-T
II	4526230	A	*/+G	13	2	13.33%	2	1	50	55	0.98	1	1	6	7	0	2	+G
II	4526843	C	*/-T	8	3	20%	2	2	29	32	0.98	1	1	6	2	1	2	-T
II	4526843	C	*/+T	8	2	13.33%	2	2	29	31	0.98	1	1	6	2	1	1	-T
II	4528465	C	*/+GACAAT	61	8	11.59%	2	2	42	47	0.98	1	1	19	42	3	5	+GACAAT
II	4528483	T	*/-GACAATGACAGA	65	7	9.72%	2	2	42	42	0.98	1	1	24	41	1	6	-GACAATGACAGA
II	4529375	T	*/+ACAACGACAACGACAACG	48	18	23.68%	2	2	41	45	0.98	1	1	17	31	8	10	+ACAACGACAACGACAACG
II	4529375	T	*/+ACAACGACAACGACAACGACAACG	48	7	9.21%	2	2	41	40	0.98	1	1	17	31	3	4	+ACAACGACAACGACAACG
II	4533588	C	*/-T	32	27	45.76%	2	2	43	43	0.98	1	1	15	17	18	9	-T
II	4534880	A	*/-T	71	20	21.98%	2	2	45	42	0.98	1	1	34	37	7	13	-T
II	4535321	G	*/-GATAT	153	18	10.53%	2	2	39	41	0.98	1	1	76	77	6	12	-GATAT
II	4535523	T	*/+GTTACG	122	26	17.57%	2	2	43	39	0.98	1	1	30	92	5	21	+GTTACG
II	4535548	A	*/-TATGTG	118	33	21.85%	2	2	43	41	0.98	1	1	38	80	17	16	-TATGTG
II	4535645	G	*/-T	101	38	27.14%	2	2	45	49	0.98	1	1	62	39	23	15	-T
II	4535727	A	*/-G	92	25	21.37%	2	2	44	46	0.98	1	1	38	54	16	9	-G
II	4536089	C	*/+AAAAGAAAAGTAAATT	29	2	6.45%	2	1	44	37	0.98	1	1	19	10	0	2	+AAAAGAAAAGTAAATT
II	4536728	A	*/+GAGAGTAGG	112	31	18.67%	2	2	45	40	0.98	1	1	55	57	11	20	+GAGAGTAGG
II	4537213	G	*/+T	131	26	16.35%	2	2	48	48	0.98	1	1	65	66	15	11	+T
II	4537387	A	*/-AATAAGAG	41	53	56.38%	2	2	44	44	0.98	1	1	21	20	31	22	-AATAAGAG
II	4537665	G	*/+AAATA	43	6	12%	2	2	39	41	0.98	1	1	29	14	3	3	+AAATA
II	4538054	T	*/+G	492	36	6.81%	2	2	52	54	0.98	1	1	350	142	28	8	+G
III	1558	G	*/-A	54	6	7.59%	2	2	38	39	0.98	1	1	29	25	1	5	-A
III	1558	G	*/-AA	54	4	5.06%	2	2	38	34	0.98	1	1	29	25	2	2	-A
III	1558	G	*/+A	54	10	12.66%	2	2	38	44	0.98	1	1	29	25	4	6	+A
III	4729	A	*/-T	272	28	6.05%	2	2	43	44	0.98	1	1	195	77	11	17	-T
III	4729	A	*/+T	272	66	14.25%	2	2	43	51	0.98	1	1	195	77	27	39	+T
III	4729	A	*/+TT	272	58	12.53%	2	2	43	49	0.98	1	1	195	77	21	37	+T
III	4952	C	*/+T	269	80	22.54%	2	2	41	49	0.98	1	1	176	93	22	58	+T
III	5403	C	*/-T	372	80	15.69%	2	2	41	41	0.98	1	1	256	116	36	44	-T
III	5403	C	*/-TT	372	27	5.29%	2	2	41	41	0.98	1	1	256	116	10	17	-T
III	9812	T	*/+A	108	25	18.38%	2	1	47	42	0.98	1	1	35	73	0	25	+A
III	12428	G	*/-A	43	8	10.67%	2	2	42	47	0.98	1	1	21	22	4	4	-A
III	12428	G	*/-AA	43	5	6.67%	2	1	42	34	0.98	1	1	21	22	0	5	-A
III	12428	G	*/+A	43	15	20%	2	2	42	39	0.98	1	1	21	22	10	5	+A
III	15599	A	*/-T	221	38	9.11%	2	2	45	51	0.98	1	1	167	54	12	26	-T
III	15599	A	*/+T	221	59	14.15%	2	2	45	47	0.98	1	1	167	54	21	38	+T
III	15599	A	*/+TT	221	63	15.11%	2	2	45	46	0.98	1	1	167	54	21	42	+TT
III	15822	C	*/+T	275	71	20.29%	2	2	42	50	0.98	1	1	170	105	22	49	+T
III	16273	C	*/-T	352	95	18.34%	2	2	43	41	0.98	1	1	248	104	43	52	-T
III	16273	C	*/-TT	352	36	6.95%	2	2	43	44	0.98	1	1	248	104	16	20	-T
III	20682	T	*/+A	101	24	18.9%	2	1	46	39	0.98	1	1	35	66	0	24	+A
III	23298	G	*/-A	49	9	11.84%	2	2	41	39	0.98	1	1	21	28	7	2	-A
III	23298	G	*/+A	49	11	14.47%	2	2	41	42	0.98	1	1	21	28	7	4	+A
III	29077	T	*/-C	20	2	9.09%	2	2	55	55	0.98	1	1	9	11	1	1	-C
III	46959	A	*/+AT	10	2	16.67%	2	2	38	42	0.98	1	1	5	5	1	1	+AT
III	58640	G	*/-A	15	2	11.76%	2	2	46	37	0.98	1	1	6	9	1	1	-A
III	69589	T	*/-A	4	3	37.5%	2	2	36	33	0.98	1	1	1	3	1	2	-A
III	123319	T	*/-A	5	4	40%	2	2	54	37	0.98	1	1	4	1	2	2	-A
III	207168	T	*/+A	5	2	28.57%	2	1	49	55	0.98	1	1	4	1	2	0	+A
III	208140	C	*/-A	7	2	22.22%	1	2	37	49	0.98	1	1	7	0	1	1	-A
III	232115	A	*/+T	8	3	25%	2	1	41	36	0.98	1	1	4	4	3	0	+T
III	237048	G	*/-A	14	2	11.11%	2	2	36	37	0.98	1	1	12	2	1	1	-A
III	253907	A	*/+T	5	4	44.44%	2	2	32	31	0.98	1	1	1	4	1	3	+T
III	286478	C	-TT/-TT	2	8	80%	1	2	36	35	0.98	1	1	2	0	4	4	-TT
III	286594	T	*/+A	3	4	57.14%	2	1	33	37	0.98	1	1	1	2	4	0	+A
III	293096	G	*/-T	8	4	28.57%	2	1	38	37	0.98	1	1	5	3	4	0	-T
III	293096	G	*/+T	8	2	14.29%	2	2	38	55	0.98	1	1	5	3	1	1	-T
III	348685	G	*/-AT	26	3	10.34%	2	2	44	37	0.98	1	1	17	9	2	1	-AT
III	349008	C	*/+T	31	5	13.51%	2	2	42	51	0.98	1	1	19	12	2	3	+T
III	365747	C	-A/-A	1	12	85.71%	1	2	37	40	0.98	1	1	1	0	7	5	-A
III	568658	C	*/-TT	17	2	9.52%	2	2	41	31	0.98	1	1	12	5	1	1	-TT
III	695094	C	*/-TT	17	4	19.05%	2	2	39	37	0.98	1	1	13	4	2	2	-TT
III	711178	T	*/+C	27	2	6.9%	2	2	48	37	0.98	1	1	10	17	1	1	+C
III	717677	A	*/-T	1	4	40%	1	2	25	37	0.98	1	1	1	0	3	1	-T
III	717677	A	*/-TT	1	3	30%	1	1	25	37	0.98	1	1	1	0	3	0	-T
III	717677	A	*/-TTT	1	2	20%	1	1	25	49	0.98	1	1	1	0	0	2	-T
III	719703	T	*/-A	7	2	20%	2	1	35	31	0.98	1	1	5	2	2	0	-A
III	719955	A	-C/-C	0	4	100%	0	2	0	37	0.98	0	1	0	0	2	2	-C
III	720559	C	*/-T	6	2	25%	2	2	35	42	0.98	1	1	3	3	1	1	-T
III	720683	A	+T/+T	1	4	80%	1	2	48	46	0.98	1	1	0	1	2	2	+T
III	762516	T	*/-A	9	3	25%	2	2	39	49	0.98	1	1	5	4	2	1	-A
III	767626	T	*/+A	16	2	11.11%	2	1	43	43	0.98	1	1	10	6	0	2	+A
III	867865	C	-T/-T	1	11	91.67%	1	2	25	38	0.98	1	1	1	0	8	3	-T
III	897531	C	*/-A	13	2	11.76%	2	2	38	37	0.98	1	1	10	3	1	1	-A
III	903309	C	*/-T	11	2	15.38%	2	1	34	68	0.98	1	1	9	2	2	0	-T
III	927757	C	*/+A	31	2	6.06%	2	1	42	37	0.98	1	1	21	10	2	0	+A
III	958241	C	*/-T	6	3	30%	2	2	34	40	0.98	1	1	4	2	1	2	-T
III	966124	G	*/-T	11	4	25%	2	2	43	46	0.98	1	1	10	1	3	1	-T
III	970548	C	*/-T	0	2	50%	0	1	0	37	0.98	0	1	0	0	0	2	-T
III	985871	C	*/-T	9	2	16.67%	2	1	39	49	0.98	1	1	7	2	0	2	-T
III	996949	A	*/-T	12	4	22.22%	2	2	46	39	0.98	1	1	6	6	2	2	-T
III	996949	A	*/+T	12	2	11.11%	2	1	46	42	0.98	1	1	6	6	0	2	-T
III	1016311	G	+C/+C	1	18	94.74%	1	2	74	50	0.98	1	1	1	0	5	13	+C
III	1072713	C	*/+A	22	2	8.33%	2	1	39	55	0.98	1	1	10	12	0	2	+A
III	1073505	T	*/+ATATAGAG	109	15	12%	2	2	51	46	0.98	1	1	65	44	12	3	+ATATAGAG
III	1075530	A	*/+TGGAAGTGGTAAG	102	8	7.21%	2	2	43	46	0.98	1	1	40	62	3	5	+TGGAAGTGGTAAG
III	1075548	A	*/+GTGGTGGTG	104	9	7.83%	2	2	43	49	0.98	1	1	30	74	5	4	+GTGGTGGTG
III	1079346	A	*/+G	72	16	18.18%	2	2	41	40	0.98	1	1	58	14	15	1	+G
III	1080146	T	*/+ATATAGAG	189	14	6.83%	2	2	46	42	0.98	1	1	72	117	7	7	+ATATAGAG
III	1082189	A	*/+GTGGTGGTG	120	10	7.46%	2	2	42	35	0.98	1	1	42	78	5	5	+GTGGTGGTG
III	1084026	A	*/+AGTGGTGATGGTT	41	7	14.29%	2	2	43	28	0.98	1	1	12	29	3	4	+AGTGGTGATGGTT
III	1087979	A	*/+G	61	6	8.96%	2	2	46	61	0.98	1	1	35	26	3	3	+G
III	1095550	G	*/-T	7	7	41.18%	1	2	44	42	0.98	1	1	7	0	6	1	-T
III	1095550	G	*/-TT	7	2	11.76%	1	1	44	37	0.98	1	1	7	0	2	0	-T
III	1103423	T	*/-A	5	3	30%	2	2	38	61	0.98	1	1	4	1	2	1	-A
III	1103423	T	*/-AA	5	2	20%	2	1	38	29	0.98	1	1	4	1	2	0	-A
III	1108378	G	*/-TA	10	2	15.38%	2	2	40	55	0.98	1	1	4	6	1	1	-TA
III	1110132	C	*/+TCTCTATA	57	4	6.56%	2	1	50	34	0.98	1	1	35	22	4	0	+TCTCTATA
III	1117723	T	*/+C	61	6	8.96%	2	2	47	61	0.98	1	1	20	41	2	4	+C
III	1124483	T	*/+C	54	3	5.26%	2	2	48	37	0.98	1	1	20	34	1	2	+C
III	1128434	T	*/+ACCACTAACCATC	46	6	11.11%	2	2	46	45	0.98	1	1	29	17	3	3	+ACCACTAACCATC
III	1131243	T	*/+C	64	4	5.88%	2	1	46	49	0.98	1	1	29	35	0	4	+C
III	1135194	T	*/+ACCACTAACCATC	40	5	10.2%	2	2	48	37	0.98	1	1	20	20	2	3	+ACCACTAACCATC
III	1135194	T	*/+ACCACTAACCATCACCACTAACCATC	40	4	8.16%	2	2	48	37	0.98	1	1	20	20	3	1	+ACCACTAACCATC
III	1168360	T	*/-G	5	3	37.5%	2	2	42	33	0.98	1	1	4	1	2	1	-G
III	1168362	G	*/-GA	5	2	25%	2	1	37	49	0.98	1	1	4	1	2	0	-GA
III	1193734	G	*/+T	14	2	11.76%	2	2	44	49	0.98	1	1	7	7	1	1	+T
III	1239214	T	*/+AA	1	7	63.64%	1	2	37	42	0.98	1	1	0	1	5	2	+AA
III	1239214	T	*/+AAA	1	2	18.18%	1	1	37	37	0.98	1	1	0	1	2	0	+AA
III	1395671	C	*/-A	11	3	20%	2	1	39	33	0.98	1	1	5	6	0	3	-A
III	1510629	T	*/-A	9	2	16.67%	2	1	41	37	0.98	1	1	3	6	2	0	-A
III	1564168	C	+TGG/+TGG	6	26	78.79%	2	2	49	47	0.98	1	1	4	2	20	6	+TGG
III	1581366	G	*/-T	16	4	20%	2	2	38	37	0.98	1	1	8	8	2	2	-T
III	1604905	T	*/+A	13	2	13.33%	2	2	39	55	0.98	1	1	6	7	1	1	+A
III	1647279	G	*/-T	18	2	10%	2	1	43	37	0.98	1	1	10	8	0	2	-T
III	1674618	C	*/-T	6	3	20%	2	1	33	33	0.98	1	1	3	3	3	0	-T
III	1674618	C	*/-TT	6	3	20%	2	2	33	45	0.98	1	1	3	3	2	1	-T
III	1674618	C	*/+T	6	2	13.33%	2	2	33	42	0.98	1	1	3	3	1	1	-T
III	1685487	G	+A/+A	1	8	88.89%	1	2	37	38	0.98	1	1	0	1	4	4	+A
III	1702276	A	*/-T	29	4	11.76%	2	2	41	37	0.98	1	1	12	17	1	3	-T
III	1706068	A	*/-T	8	2	20%	2	1	35	68	0.98	1	1	4	4	2	0	-T
III	1707997	T	*/-A	16	2	11.11%	2	1	35	55	0.98	1	1	7	9	0	2	-A
III	1712983	G	*/-A	12	6	30%	2	1	40	35	0.98	1	1	11	1	6	0	-A
III	1753294	T	*/+A	18	2	10%	2	1	43	37	0.98	1	1	10	8	0	2	+A
III	1756400	T	-A/-A	1	17	94.44%	1	2	74	48	0.98	1	1	1	0	10	7	-A
III	1758846	C	*/-A	7	2	18.18%	2	2	45	37	0.98	1	1	3	4	1	1	-A
III	1774235	T	+GATC/+GATC	0	15	83.33%	0	2	0	41	0.98	0	1	0	0	11	4	+GATC
III	1802522	G	*/-T	9	2	15.38%	2	2	43	31	0.98	1	1	7	2	1	1	-T
III	1802522	G	*/+T	9	2	15.38%	2	1	43	37	0.98	1	1	7	2	2	0	-T
III	1890498	G	*/+C	9	2	18.18%	2	1	39	25	0.98	1	1	6	3	0	2	+C
III	1890527	T	*/-A	30	3	9.09%	2	1	42	37	0.98	1	1	17	13	3	0	-A
III	1956552	A	*/-C	16	4	20%	2	2	39	31	0.98	1	1	6	10	2	2	-C
III	1979604	A	*/-T	7	2	22.22%	2	1	45	49	0.98	1	1	6	1	0	2	-T
III	1985119	G	*/-T	14	5	26.32%	2	2	43	51	0.98	1	1	6	8	4	1	-T
III	2076412	G	*/-T	6	2	25%	2	2	51	31	0.98	1	1	5	1	1	1	-T
III	2076980	A	*/-T	3	2	40%	1	1	33	55	0.98	1	1	3	0	2	0	-T
III	2089058	A	+T/+T	2	16	88.89%	1	2	37	47	0.98	1	1	2	0	7	9	+T
III	2098230	T	*/+TGA	15	2	11.76%	2	1	44	68	0.98	1	1	6	9	0	2	+TGA
III	2168459	T	+A/+A	0	17	100%	0	2	0	45	0.98	0	1	0	0	8	9	+A
III	2178240	T	*/-A	8	2	20%	2	1	33	55	0.98	1	1	5	3	2	0	-A
III	2281940	C	*/-T	8	3	27.27%	2	2	40	33	0.98	1	1	6	2	2	1	-T
III	2309611	T	*/-A	6	2	25%	2	1	35	68	0.98	1	1	2	4	0	2	-A
III	2310960	G	*/-A	13	3	18.75%	2	2	37	74	0.98	1	1	2	11	1	2	-A
III	2310968	A	*/+GGT	14	3	17.65%	2	2	36	65	0.98	1	1	4	10	1	2	+GGT
III	2330409	G	*/+T	12	8	40%	2	2	43	35	0.98	1	1	5	7	4	4	+T
III	2382018	A	*/-TT	1	3	60%	1	1	37	36	0.98	1	1	1	0	0	3	-TT
III	2443562	A	*/+T	16	38	70.37%	2	1	37	35	0.98	1	1	5	11	0	38	+T
III	2447848	T	*/-A	728	225	18.89%	2	2	42	40	0.98	1	1	546	182	164	61	-A
III	2447848	T	*/-AA	728	105	8.82%	2	2	42	43	0.98	1	1	546	182	77	28	-A
III	2447848	T	*/+A	728	96	8.06%	2	2	42	42	0.98	1	1	546	182	59	37	-A
III	2448309	T	-AA/-AA	42	537	91.33%	2	2	45	41	0.98	1	1	31	11	229	308	-AA
III	2448518	T	*/-A	598	253	25.5%	2	2	44	45	0.98	1	1	407	191	181	72	-A
III	2448518	T	*/-AA	598	64	6.45%	2	2	44	41	0.98	1	1	407	191	45	19	-A
III	2448518	T	*/+A	598	57	5.75%	2	2	44	49	0.98	1	1	407	191	40	17	-A
mating_type_region	462	G	*/-T	14	2	12.5%	2	1	48	55	0.98	1	1	8	6	2	0	-T
