Chrom	Position	Ref	Cons	Reads1	Reads2	VarFreq	Strands1	Strands2	Qual1	Qual2	Pvalue	MapQual1	MapQual2	Reads1Plus	Reads1Minus	Reads2Plus	Reads2Minus	VarAllele
chr_II_telomeric_gap	6088	A	*/-T	16	5	21.74%	2	2	43	34	0.98	1	1	10	6	2	3	-T
chr_II_telomeric_gap	6088	A	*/+T	16	2	8.7%	2	1	43	25	0.98	1	1	10	6	0	2	-T
chr_II_telomeric_gap	8537	T	*/-G	11	2	15.38%	2	1	44	36	0.98	1	1	10	1	0	2	-G
chr_II_telomeric_gap	8538	G	*/-A	3	4	36.36%	1	2	34	36	0.98	1	1	3	0	3	1	-A
chr_II_telomeric_gap	8538	G	*/-AA	3	2	18.18%	1	1	34	37	0.98	1	1	3	0	2	0	-A
I	3160	A	*/+GTTGTCGTTGTCGTTGTC	49	10	13.33%	2	2	49	43	0.98	1	1	32	17	9	1	+GTTGTCGTTGTCGTTGTC
I	3160	A	*/+GTTGTCGTTGTCGTTGTCGTTGTC	49	15	20%	2	2	49	42	0.98	1	1	32	17	8	7	+GTTGTCGTTGTCGTTGTCGTTGTC
I	4047	C	*/-TGTCTCTGTCAT	86	6	6.45%	2	2	45	35	0.98	1	1	36	50	2	4	-TGTCTCTGTCAT
I	4053	C	*/+TGTCAT	70	15	17.05%	2	2	43	47	0.98	1	1	31	39	7	8	+TGTCAT
I	5676	T	*/-GA	53	3	5.17%	2	1	41	49	0.98	1	1	37	16	0	3	-GA
I	5677	G	*/-A	29	5	9.43%	2	2	37	49	0.98	1	1	26	3	2	3	-A
I	5677	G	*/-AA	29	9	16.98%	2	2	37	41	0.98	1	1	26	3	8	1	-AA
I	5677	G	*/-AAA	29	3	5.66%	2	1	37	40	0.98	1	1	26	3	3	0	-AA
I	5677	G	*/+A	29	3	5.66%	2	2	37	49	0.98	1	1	26	3	2	1	-AA
I	6357	T	*/-A	52	5	6.76%	2	2	48	37	0.98	1	1	31	21	3	2	-A
I	6357	T	*/-AA	52	15	20.27%	2	2	48	45	0.98	1	1	31	21	4	11	-AA
I	7192	C	*/-A	28	6	11.54%	2	2	37	43	0.98	1	1	21	7	5	1	-A
I	7192	C	*/+A	28	6	11.54%	2	1	37	37	0.98	1	1	21	7	6	0	-A
I	7192	C	*/+AA	28	6	11.54%	2	2	37	49	0.98	1	1	21	7	3	3	-A
I	10859	G	*/-TT	17	8	30.77%	2	2	49	49	0.98	1	1	11	6	4	4	-TT
I	15734	C	*/-A	29	5	13.89%	2	2	48	44	0.98	1	1	17	12	4	1	-A
I	15734	C	*/+A	29	2	5.56%	2	1	48	37	0.98	1	1	17	12	2	0	-A
I	19694	T	*/+A	45	5	9.62%	2	1	61	37	0.98	1	1	29	16	5	0	+A
I	27402	A	*/-C	16	10	27.78%	2	2	38	34	0.98	1	1	1	15	1	9	-C
I	27402	A	*/+C	16	5	13.89%	2	1	38	32	0.98	1	1	1	15	0	5	-C
I	27402	A	*/+CC	16	4	11.11%	2	1	38	34	0.98	1	1	1	15	0	4	-C
I	55244	T	*/-A	14	3	13.64%	2	1	33	37	0.98	1	1	13	1	3	0	-A
I	55244	T	*/-AA	14	2	9.09%	2	1	33	55	0.98	1	1	13	1	2	0	-A
I	55244	T	*/+A	14	3	13.64%	2	1	33	49	0.98	1	1	13	1	3	0	+A
I	99474	C	*/-A	19	2	8%	2	2	38	49	0.98	1	1	14	5	1	1	-A
I	99474	C	*/+A	19	3	12%	2	2	38	49	0.98	1	1	14	5	2	1	+A
I	101871	A	+G/+G	0	24	96%	0	2	0	48	0.98	0	1	0	0	12	12	+G
I	110482	T	*/+A	13	2	12.5%	2	1	40	37	0.98	1	1	10	3	2	0	+A
I	149049	G	*/-AT	44	3	6.25%	2	2	48	45	0.98	1	1	19	25	2	1	-AT
I	190112	C	*/-A	3	2	33.33%	2	2	34	31	0.98	1	1	2	1	1	1	-A
I	216147	C	*/-T	14	2	11.11%	2	2	40	37	0.98	1	1	3	11	1	1	-T
I	216147	C	*/+T	14	2	11.11%	2	1	40	42	0.98	1	1	3	11	0	2	-T
I	232688	T	*/-A	9	5	33.33%	2	2	44	42	0.98	1	1	6	3	1	4	-A
I	240121	G	*/+T	4	14	73.68%	1	2	49	47	0.98	1	1	4	0	10	4	+T
I	377488	C	*/-T	9	3	25%	2	2	54	57	0.98	1	1	5	4	2	1	-T
I	414079	C	*/-T	16	4	18.18%	2	2	46	46	0.98	1	1	7	9	2	2	-T
I	440084	T	+AA/+AA	3	12	80%	2	2	33	44	0.98	1	1	2	1	7	5	+AA
I	441614	C	*/-T	8	10	41.67%	2	2	33	39	0.98	1	1	6	2	7	3	-T
I	441614	C	*/-TT	8	2	8.33%	2	1	33	36	0.98	1	1	6	2	2	0	-T
I	441614	C	*/-TTT	8	2	8.33%	2	1	33	31	0.98	1	1	6	2	2	0	-T
I	441614	C	*/+T	8	2	8.33%	2	1	33	31	0.98	1	1	6	2	2	0	-T
I	453369	G	*/-A	9	2	8%	1	1	37	37	0.98	1	1	9	0	2	0	-A
I	453369	G	*/+A	9	10	40%	1	1	37	36	0.98	1	1	9	0	10	0	+A
I	453369	G	*/+AA	9	3	12%	1	2	37	49	0.98	1	1	9	0	2	1	+A
I	454339	G	*/+GAAA	6	7	53.85%	1	2	49	42	0.98	1	1	0	6	4	3	+GAAA
I	456726	G	*/-T	29	2	6.45%	2	2	44	31	0.98	1	1	19	10	1	1	-T
I	460756	T	*/-A	33	2	5.71%	2	2	45	55	0.98	1	1	15	18	1	1	-A
I	464017	C	*/-A	15	4	20%	2	2	46	49	0.98	1	1	7	8	3	1	-A
I	468400	C	*/+T	14	2	11.76%	2	2	35	48	0.98	1	1	13	1	1	1	+T
I	470378	A	-C/-C	0	23	100%	0	2	0	37	0.98	0	1	0	0	13	10	-C
I	470390	A	-C/-C	0	26	100%	0	2	0	43	0.98	0	1	0	0	12	14	-C
I	473427	G	*/+T	4	2	20%	1	1	33	33	0.98	1	1	4	0	2	0	+T
I	482737	A	+G/+G	1	51	98.08%	1	2	74	45	0.98	1	1	1	0	24	27	+G
I	521845	T	*/-A	27	7	20.59%	2	2	43	51	0.98	1	1	13	14	3	4	-A
I	528541	C	*/-A	19	2	8%	2	2	47	31	0.98	1	1	12	7	1	1	-A
I	528541	C	*/+A	19	3	12%	2	1	47	45	0.98	1	1	12	7	3	0	+A
I	554527	A	+T/+T	1	24	96%	1	2	74	40	0.98	1	1	1	0	12	12	+T
I	562745	A	*/+T	6	11	47.83%	1	2	35	44	0.98	1	1	6	0	5	6	+T
I	562745	A	*/+TT	6	3	13.04%	1	2	35	40	0.98	1	1	6	0	1	2	+T
I	609849	C	*/-T	30	2	6.06%	2	2	42	43	0.98	1	1	21	9	1	1	-T
I	650099	C	*/+A	6	2	14.29%	1	1	37	37	0.98	1	1	6	0	2	0	+A
I	650099	C	*/+AA	6	4	28.57%	1	1	37	37	0.98	1	1	6	0	4	0	+AA
I	660056	T	*/+G	13	2	11.76%	2	1	35	31	0.98	1	1	8	5	2	0	+G
I	661548	C	*/+T	7	3	25%	2	2	38	33	0.98	1	1	5	2	2	1	+T
I	670032	C	+A/+A	0	72	100%	0	2	0	47	0.98	0	1	0	0	29	43	+A
I	682993	T	-C/-C	1	33	97.06%	1	2	74	45	0.98	1	1	1	0	10	23	-C
I	710699	T	*/-G	37	2	5.13%	2	2	45	37	0.98	1	1	27	10	1	1	-G
I	719597	G	*/-TA	38	4	9.52%	2	1	50	64	0.98	1	1	22	16	0	4	-TA
I	764946	C	*/+T	17	2	10.53%	2	2	42	31	0.98	1	1	3	14	1	1	+T
I	793917	A	*/-T	7	2	20%	2	1	43	55	0.98	1	1	5	2	0	2	-T
I	807903	A	*/-T	9	3	23.08%	2	1	48	61	0.98	1	1	1	8	0	3	-T
I	817822	C	*/+A	32	2	5.88%	2	2	51	55	0.98	1	1	21	11	1	1	+A
I	862962	C	+T/+T	0	13	100%	0	2	0	41	0.98	0	1	0	0	10	3	+T
I	932995	G	*/-A	26	3	10.34%	2	2	48	49	0.98	1	1	19	7	1	2	-A
I	934908	T	*/+AA	10	6	35.29%	2	2	35	43	0.98	1	1	9	1	2	4	+AA
I	946314	G	*/-TA	10	2	16.67%	2	1	49	55	0.98	1	1	3	7	2	0	-TA
I	960025	G	*/+T	9	6	37.5%	2	2	37	45	0.98	1	1	8	1	3	3	+T
I	995016	G	*/+T	27	2	6.67%	2	1	48	37	0.98	1	1	15	12	0	2	+T
I	995069	A	*/-G	29	2	6.45%	2	1	42	30	0.98	1	1	11	18	0	2	-G
I	995070	G	*/-T	23	3	10.34%	2	2	36	45	0.98	1	1	10	13	1	2	-T
I	995070	G	*/+T	23	2	6.9%	2	1	36	43	0.98	1	1	10	13	0	2	-T
I	1027635	T	*/+A	17	2	10%	1	1	34	37	0.98	1	1	17	0	2	0	+A
I	1048635	G	+A/+A	1	19	95%	1	2	74	46	0.98	1	1	1	0	10	9	+A
I	1079583	T	*/+AAAAAAA	5	3	30%	1	2	39	33	0.98	1	1	5	0	2	1	+AAAAAAA
I	1148104	A	*/+T	2	4	66.67%	2	1	48	39	0.98	1	1	1	1	0	4	+T
I	1185797	G	*/-A	17	2	8.33%	2	2	48	61	0.98	1	1	14	3	1	1	-A
I	1185797	G	*/-AA	17	2	8.33%	2	2	48	31	0.98	1	1	14	3	1	1	-A
I	1185797	G	*/+A	17	2	8.33%	2	1	48	55	0.98	1	1	14	3	2	0	-A
I	1186457	G	*/-A	36	2	5.26%	2	2	49	55	0.98	1	1	15	21	1	1	-A
I	1206603	G	*/-T	56	3	5%	2	1	49	49	0.98	1	1	23	33	0	3	-T
I	1254655	T	*/+A	19	4	16.67%	2	2	39	45	0.98	1	1	11	8	1	3	+A
I	1255138	C	+T/+T	0	4	100%	0	2	0	37	0.98	0	1	0	0	3	1	+T
I	1274803	T	+A/+A	2	25	92.59%	2	2	55	48	0.98	1	1	1	1	14	11	+A
I	1290605	A	*/-T	15	4	20%	2	2	49	34	0.98	1	1	10	5	3	1	-T
I	1294704	G	*/-A	6	3	33.33%	2	1	49	32	0.98	1	1	5	1	3	0	-A
I	1358794	C	*/+A	2	2	33.33%	1	2	37	49	0.98	1	1	2	0	1	1	+A
I	1359503	T	*/+A	14	2	12.5%	2	1	38	37	0.98	1	1	8	6	0	2	+A
I	1424708	C	-A/-A	4	29	87.88%	2	2	37	43	0.98	1	1	3	1	16	13	-A
I	1496317	C	*/-A	6	8	47.06%	2	2	51	49	0.98	1	1	5	1	6	2	-A
I	1496317	C	*/-AA	6	2	11.76%	2	2	51	55	0.98	1	1	5	1	1	1	-A
I	1509277	C	*/+T	5	12	66.67%	1	2	36	44	0.98	1	1	5	0	10	2	+T
I	1509738	G	*/+A	25	2	7.14%	2	1	43	43	0.98	1	1	15	10	0	2	+A
I	1541472	G	*/-T	14	5	18.52%	2	1	41	37	0.98	1	1	11	3	5	0	-T
I	1541472	G	*/-TT	14	2	7.41%	2	2	41	42	0.98	1	1	11	3	1	1	-T
I	1541472	G	*/+T	14	4	14.81%	2	2	41	36	0.98	1	1	11	3	2	2	+T
I	1573611	C	+A/+A	0	12	92.31%	0	2	0	40	0.98	0	1	0	0	5	7	+A
I	1595056	C	*/-T	9	3	16.67%	1	2	34	33	0.98	1	1	9	0	2	1	-T
I	1595056	C	*/+T	9	4	22.22%	1	1	34	36	0.98	1	1	9	0	4	0	+T
I	1599291	T	*/-A	6	2	25%	2	1	35	37	0.98	1	1	1	5	0	2	-A
I	1625092	T	+C/+C	1	24	96%	1	2	74	49	0.98	1	1	1	0	14	10	+C
I	1719454	G	*/+T	16	3	15.79%	2	1	43	57	0.98	1	1	9	7	3	0	+T
I	1777634	A	*/-T	12	4	21.05%	2	1	43	31	0.98	1	1	8	4	0	4	-T
I	1777634	A	*/+T	12	2	10.53%	2	1	43	36	0.98	1	1	8	4	0	2	-T
I	1837916	G	*/-T	9	2	13.33%	2	1	39	37	0.98	1	1	8	1	2	0	-T
I	1837916	G	*/-TT	9	2	13.33%	2	1	39	37	0.98	1	1	8	1	2	0	-T
I	1848384	C	*/-A	16	3	15.79%	2	2	40	74	0.98	1	1	10	6	1	2	-A
I	1849285	C	*/-T	27	4	11.11%	2	2	42	31	0.98	1	1	16	11	3	1	-T
I	1849285	C	*/+T	27	4	11.11%	2	2	42	55	0.98	1	1	16	11	2	2	-T
I	1877723	A	*/-T	21	2	8.7%	2	1	44	68	0.98	1	1	16	5	2	0	-T
I	1890184	C	*/-A	9	7	41.18%	2	2	54	36	0.98	1	1	5	4	4	3	-A
I	1905525	T	*/+GG	3	3	42.86%	1	1	37	37	0.98	1	1	3	0	3	0	+GG
I	1936294	G	+A/+A	0	20	100%	0	2	0	52	0.98	0	1	0	0	10	10	+A
I	1943774	G	*/+A	34	3	7.89%	2	1	36	37	0.98	1	1	33	1	3	0	+A
I	1952313	A	+T/+T	2	28	93.33%	1	2	37	44	0.98	1	1	0	2	21	7	+T
I	1954162	C	*/-A	13	5	20%	2	2	39	46	0.98	1	1	8	5	1	4	-A
I	1954162	C	*/-AA	13	3	12%	2	2	39	37	0.98	1	1	8	5	1	2	-A
I	1954162	C	*/-AAA	13	3	12%	2	2	39	49	0.98	1	1	8	5	2	1	-A
I	1955754	C	*/+T	10	3	18.75%	1	2	35	33	0.98	1	1	10	0	2	1	+T
I	1955754	C	*/+TT	10	3	18.75%	1	2	35	33	0.98	1	1	10	0	2	1	+T
I	1955853	T	*/+A	6	8	53.33%	2	2	38	36	0.98	1	1	3	3	5	3	+A
I	2025000	C	*/+T	8	8	40%	2	2	41	36	0.98	1	1	5	3	5	3	+T
I	2041948	T	*/-A	23	2	7.14%	1	2	35	55	0.98	1	1	23	0	1	1	-A
I	2052488	A	*/-T	29	10	22.73%	2	2	42	55	0.98	1	1	21	8	3	7	-T
I	2052488	A	*/+T	29	3	6.82%	2	2	42	37	0.98	1	1	21	8	2	1	-T
I	2122246	G	*/-A	21	3	12.5%	2	2	49	45	0.98	1	1	15	6	2	1	-A
I	2139856	G	+T/+T	0	8	88.89%	0	2	0	41	0.98	0	1	0	0	6	2	+T
I	2154491	T	+A/+A	0	24	96%	0	2	0	43	0.98	0	1	0	0	9	15	+A
I	2174554	G	*/-C	25	2	7.41%	2	1	36	25	0.98	1	1	8	17	0	2	-C
I	2174555	C	*/-A	11	5	27.78%	2	2	41	34	0.98	1	1	6	5	1	4	-A
I	2174555	C	*/+A	11	2	11.11%	2	2	41	55	0.98	1	1	6	5	1	1	-A
I	2178948	C	*/-A	25	2	6.9%	2	1	37	37	0.98	1	1	22	3	2	0	-A
I	2178948	C	*/+A	25	2	6.9%	2	1	37	37	0.98	1	1	22	3	2	0	-A
I	2227936	T	*/+AAA	0	3	50%	0	2	0	29	0.98	0	1	0	0	1	2	+AAA
I	2231735	C	*/-A	10	2	15.38%	2	1	44	37	0.98	1	1	6	4	0	2	-A
I	2245479	T	*/+C	9	6	26.09%	2	2	45	43	0.98	1	1	5	4	2	4	+C
I	2245479	T	*/+CC	9	4	17.39%	2	1	45	49	0.98	1	1	5	4	0	4	+C
I	2245479	T	*/+CCC	9	2	8.7%	2	2	45	62	0.98	1	1	5	4	1	1	+C
I	2273201	T	*/-A	16	6	24%	2	2	39	39	0.98	1	1	11	5	2	4	-A
I	2288240	C	-G/-G	1	33	97.06%	1	2	74	47	0.98	1	1	0	1	13	20	-G
I	2288318	C	*/-T	27	3	9.68%	2	2	47	53	0.98	1	1	8	19	1	2	-T
I	2322241	G	*/+A	12	2	13.33%	2	2	42	55	0.98	1	1	5	7	1	1	+A
I	2322636	C	*/-A	19	12	32.43%	1	2	37	40	0.98	1	1	19	0	11	1	-A
I	2322636	C	*/-AA	19	2	5.41%	1	2	37	37	0.98	1	1	19	0	1	1	-A
I	2322636	C	*/+A	19	4	10.81%	1	1	37	37	0.98	1	1	19	0	4	0	+A
I	2327021	C	*/-A	16	2	10%	2	1	44	61	0.98	1	1	9	7	2	0	-A
I	2343703	G	+A/+A	0	17	100%	0	2	0	46	0.98	0	1	0	0	5	12	+A
I	2397149	G	*/-T	30	2	6.06%	2	2	42	37	0.98	1	1	17	13	1	1	-T
I	2401096	C	*/-A	18	2	9.52%	2	1	52	43	0.98	1	1	10	8	0	2	-A
I	2421576	A	-C/-C	0	22	100%	0	2	0	47	0.98	0	1	0	0	12	10	-C
I	2443651	C	*/-A	16	4	19.05%	2	2	47	34	0.98	1	1	8	8	3	1	-A
I	2482283	T	*/+A	37	2	5.13%	2	1	46	55	0.98	1	1	22	15	2	0	+A
I	2499149	A	-T/-T	4	40	90.91%	1	2	46	45	0.98	1	1	4	0	13	27	-T
I	2502628	T	*/-A	28	2	6.45%	2	1	44	49	0.98	1	1	19	9	0	2	-A
I	2507462	T	+A/+A	3	19	86.36%	2	2	45	46	0.98	1	1	2	1	9	10	+A
I	2510060	T	+A/+A	2	19	90.48%	1	2	37	39	0.98	1	1	0	2	11	8	+A
I	2520612	G	*/+T	26	3	10%	2	1	49	49	0.98	1	1	14	12	0	3	+T
I	2525300	T	*/-A	21	4	14.81%	2	2	42	52	0.98	1	1	12	9	1	3	-A
I	2525713	C	*/-T	37	8	15.09%	2	2	44	50	0.98	1	1	27	10	6	2	-T
I	2525713	C	*/+T	37	7	13.21%	2	2	44	49	0.98	1	1	27	10	3	4	-T
I	2553821	A	*/+T	38	2	5%	2	1	44	74	0.98	1	1	22	16	2	0	+T
I	2556743	G	*/+A	12	4	23.53%	1	1	34	37	0.98	1	1	12	0	4	0	+A
I	2578262	T	*/-A	21	6	21.43%	2	2	46	41	0.98	1	1	13	8	3	3	-A
I	2588021	C	+A/+A	1	12	92.31%	1	2	37	45	0.98	1	1	0	1	6	6	+A
I	2588066	C	+A/+A	0	13	100%	0	2	0	50	0.98	0	1	0	0	7	6	+A
I	2594263	C	+T/+T	1	11	91.67%	1	2	37	43	0.98	1	1	0	1	4	7	+T
I	2594324	T	+A/+A	0	15	100%	0	2	0	41	0.98	0	1	0	0	8	7	+A
I	2594351	T	+A/+A	0	16	94.12%	0	2	0	42	0.98	0	1	0	0	11	5	+A
I	2594391	A	+T/+T	1	15	93.75%	1	2	74	50	0.98	1	1	1	0	9	6	+T
I	2605777	C	*/+A	22	2	8%	2	2	40	55	0.98	1	1	9	13	1	1	+A
I	2605860	G	-T/-T	3	33	91.67%	1	2	49	43	0.98	1	1	0	3	12	21	-T
I	2607669	A	+T/+T	5	24	82.76%	2	2	44	45	0.98	1	1	1	4	14	10	+T
I	2637656	C	*/+A	28	2	6.25%	2	2	52	74	0.98	1	1	16	12	1	1	+A
I	2641998	C	*/+T	4	5	41.67%	2	1	39	49	0.98	1	1	1	3	5	0	+T
I	2663334	A	*/+T	19	2	9.09%	2	2	40	37	0.98	1	1	8	11	1	1	+T
I	2683902	T	-C/-C	2	23	92%	1	2	37	49	0.98	1	1	0	2	10	13	-C
I	2689254	A	*/-T	25	3	10.34%	2	2	54	37	0.98	1	1	12	13	1	2	-T
I	2747027	T	*/-A	12	6	28.57%	2	2	47	35	0.98	1	1	7	5	5	1	-A
I	2747027	T	*/-AA	12	3	14.29%	2	2	47	49	0.98	1	1	7	5	1	2	-A
I	2751236	T	-A/-A	4	35	85.37%	1	2	55	45	0.98	1	1	4	0	20	15	-A
I	2759871	T	+C/+C	2	11	84.62%	1	2	55	43	0.98	1	1	2	0	3	8	+C
I	2799844	C	*/-A	18	2	10%	2	1	47	55	0.98	1	1	11	7	2	0	-A
I	2897634	G	*/-TA	53	4	7.02%	2	2	50	37	0.98	1	1	25	28	2	2	-TA
I	2958937	G	*/+A	22	2	7.69%	2	1	40	37	0.98	1	1	16	6	2	0	+A
I	2959752	A	*/-T	6	2	25%	2	1	36	37	0.98	1	1	5	1	2	0	-T
I	2960782	C	*/+A	5	2	14.29%	2	1	49	55	0.98	1	1	2	3	0	2	+A
I	2960782	C	*/+T	5	7	50%	2	2	49	38	0.98	1	1	2	3	1	6	+T
I	2960791	T	*/+TA	11	2	15.38%	2	1	40	68	0.98	1	1	3	8	0	2	+TA
I	2963080	T	*/-A	33	3	8.33%	2	2	41	37	0.98	1	1	14	19	2	1	-A
I	2973174	C	*/-A	35	2	5.41%	2	2	46	55	0.98	1	1	17	18	1	1	-A
I	3004503	C	*/+A	32	2	5.88%	2	1	43	55	0.98	1	1	15	17	0	2	+A
I	3033347	C	*/-T	16	5	19.23%	2	2	42	61	0.98	1	1	10	6	3	2	-T
I	3033347	C	*/+T	16	3	11.54%	2	2	42	33	0.98	1	1	10	6	2	1	-T
I	3118192	G	*/-T	22	2	8.33%	2	2	43	42	0.98	1	1	15	7	1	1	-T
I	3125118	A	+T/+T	0	26	100%	0	2	0	40	0.98	0	1	0	0	15	11	+T
I	3134492	A	*/-T	28	2	6.67%	2	1	42	55	0.98	1	1	11	17	0	2	-T
I	3144699	T	*/-A	5	9	47.37%	1	2	47	50	0.98	1	1	5	0	5	4	-A
I	3144699	T	*/+A	5	2	10.53%	1	1	47	55	0.98	1	1	5	0	2	0	-A
I	3159187	C	*/-CA	49	5	8.47%	2	2	46	56	0.98	1	1	21	28	3	2	-CA
I	3159187	C	*/-CACA	49	4	6.78%	2	2	46	37	0.98	1	1	21	28	2	2	-CA
I	3159994	C	*/-T	62	8	10%	2	2	41	44	0.98	1	1	45	17	7	1	-T
I	3159994	C	*/+T	62	9	11.25%	2	2	41	39	0.98	1	1	45	17	8	1	+T
I	3166776	G	*/+TT	7	6	28.57%	1	2	43	42	0.98	1	1	7	0	3	3	+TT
I	3166776	G	*/+TTT	7	6	28.57%	1	2	43	48	0.98	1	1	7	0	2	4	+TT
I	3178494	C	+T/+T	3	19	86.36%	1	2	37	48	0.98	1	1	3	0	9	10	+T
I	3184255	T	*/-A	17	5	20.83%	2	2	46	44	0.98	1	1	6	11	4	1	-A
I	3197528	A	+G/+G	1	26	96.3%	1	2	37	44	0.98	1	1	0	1	17	9	+G
I	3299997	G	*/-A	33	3	8.11%	2	2	44	44	0.98	1	1	19	14	2	1	-A
I	3301538	C	*/-T	10	2	15.38%	2	1	39	37	0.98	1	1	6	4	2	0	-T
I	3303394	C	*/-ATAT	13	2	12.5%	2	2	55	61	0.98	1	1	6	7	1	1	-ATAT
I	3322659	C	*/-T	36	2	5%	2	1	44	37	0.98	1	1	24	12	2	0	-T
I	3322659	C	*/+T	36	2	5%	2	2	44	55	0.98	1	1	24	12	1	1	-T
I	3380404	C	*/-A	19	2	8.33%	2	1	45	55	0.98	1	1	16	3	2	0	-A
I	3380404	C	*/+A	19	3	12.5%	2	2	45	53	0.98	1	1	16	3	2	1	+A
I	3404612	C	*/-T	9	3	23.08%	2	1	35	33	0.98	1	1	3	6	3	0	-T
I	3404991	C	*/-T	11	3	20%	1	2	35	40	0.98	1	1	11	0	2	1	-T
I	3410124	A	*/-T	17	2	9.09%	2	2	39	37	0.98	1	1	3	14	1	1	-T
I	3410124	A	*/+T	17	3	13.64%	2	1	39	37	0.98	1	1	3	14	0	3	+T
I	3450130	G	-T/-T	0	23	100%	0	2	0	42	0.98	0	1	0	0	11	12	-T
I	3460318	T	+C/+C	0	19	100%	0	2	0	55	0.98	0	1	0	0	11	8	+C
I	3460476	G	*/-A	14	2	11.11%	2	1	38	37	0.98	1	1	9	5	2	0	-A
I	3460476	G	*/+A	14	2	11.11%	2	1	38	38	0.98	1	1	9	5	2	0	-A
I	3462650	A	*/-T	9	3	23.08%	2	2	42	61	0.98	1	1	7	2	1	2	-T
I	3523941	T	*/+A	16	2	11.11%	2	2	42	37	0.98	1	1	5	11	1	1	+A
I	3538413	A	+T/+T	1	14	93.33%	1	2	37	54	0.98	1	1	0	1	7	7	+T
I	3538428	G	+T/+T	0	17	100%	0	2	0	48	0.98	0	1	0	0	8	9	+T
I	3538436	T	+A/+A	0	17	100%	0	2	0	51	0.98	0	1	0	0	8	9	+A
I	3538449	T	+TA/+TA	3	14	82.35%	2	2	37	51	0.98	1	1	1	2	7	7	+TA
I	3538456	A	+AT/+AT	0	13	100%	0	2	0	53	0.98	0	1	0	0	7	6	+AT
I	3574271	G	*/+A	27	2	6.9%	2	2	45	49	0.98	1	1	18	9	1	1	+A
I	3576627	C	*/-T	2	2	50%	2	2	49	36	0.98	1	1	1	1	1	1	-T
I	3576756	T	*/+TCTTCTC	1	2	33.33%	1	2	37	49	0.98	1	1	0	1	1	1	C
I	3576929	C	+T/+T	0	5	100%	0	2	0	51	0.98	0	1	0	0	3	2	+T
I	3578504	A	+T/+T	0	4	100%	0	1	0	46	0.98	0	1	0	0	4	0	+T
I	3580034	C	*/+T	2	7	70%	1	2	31	38	0.98	1	1	2	0	4	3	+T
I	3609894	A	*/-G	6	2	25%	2	1	49	25	0.98	1	1	3	3	0	2	-G
I	3634643	A	*/-TT	10	3	23.08%	2	1	37	44	0.98	1	1	9	1	0	3	-TT
I	3645117	C	*/+T	18	2	10%	2	1	45	37	0.98	1	1	11	7	2	0	+T
I	3649532	C	*/+T	48	3	5.77%	2	1	50	61	0.98	1	1	34	14	3	0	+T
I	3659724	C	*/-T	31	2	5.26%	2	2	40	48	0.98	1	1	26	5	1	1	-T
I	3659724	C	*/+T	31	2	5.26%	2	1	40	37	0.98	1	1	26	5	2	0	-T
I	3665610	G	+C/+C	1	42	97.67%	1	2	37	46	0.98	1	1	1	0	17	25	+C
I	3700385	T	*/+A	7	4	16.67%	2	2	54	58	0.98	1	1	6	1	2	2	+A
I	3700385	T	*/+AA	7	11	45.83%	2	2	54	41	0.98	1	1	6	1	3	8	+AA
I	3700385	T	*/+AAA	7	2	8.33%	2	2	54	37	0.98	1	1	6	1	1	1	+AA
I	3730369	A	+T/+T	1	19	90.48%	1	2	25	38	0.98	1	1	1	0	13	6	+T
I	3765328	C	+T/+T	2	25	89.29%	2	2	37	44	0.98	1	1	1	1	23	2	+T
I	3765366	T	*/-A	26	3	10.34%	2	1	46	40	0.98	1	1	16	10	3	0	-A
I	3776933	G	+A/+A	1	12	85.71%	1	2	37	44	0.98	1	1	0	1	3	9	+A
I	3785886	G	*/-TATAT	22	9	29.03%	2	2	43	43	0.98	1	1	8	14	2	7	-TATAT
I	3785908	G	*/-TA	23	2	8%	2	1	47	37	0.98	1	1	8	15	2	0	-TA
I	3825510	G	*/-T	18	5	20%	2	2	45	61	0.98	1	1	11	7	2	3	-T
I	3830510	A	+T/+T	2	37	92.5%	1	2	49	51	0.98	1	1	2	0	19	18	+T
I	3846638	G	-C/-C	0	46	100%	0	2	0	48	0.98	0	1	0	0	21	25	-C
I	3848002	C	*/-A	28	3	9.09%	2	2	48	45	0.98	1	1	14	14	1	2	-A
I	3848002	C	*/+A	28	2	6.06%	2	2	48	42	0.98	1	1	14	14	1	1	-A
I	3850523	C	*/-T	17	3	13.04%	2	2	43	41	0.98	1	1	10	7	2	1	-T
I	3850523	C	*/+T	17	3	13.04%	2	2	43	33	0.98	1	1	10	7	2	1	-T
I	3855790	G	-T/-T	1	21	95.45%	1	2	37	43	0.98	1	1	1	0	11	10	-T
I	3870142	A	*/+C	9	7	41.18%	2	2	35	31	0.98	1	1	6	3	1	6	+C
I	3878306	T	*/-A	13	3	17.65%	2	2	41	49	0.98	1	1	8	5	2	1	-A
I	3879465	T	*/-A	33	3	8.11%	2	1	47	46	0.98	1	1	15	18	0	3	-A
I	3898271	C	*/-A	21	5	18.52%	2	2	44	34	0.98	1	1	15	6	2	3	-A
I	3940025	G	+T/+T	1	17	89.47%	1	2	74	49	0.98	1	1	1	0	6	11	+T
I	3984736	A	*/-GGT	152	10	6.17%	2	1	47	37	0.98	1	1	49	103	0	10	-GGT
I	3992188	G	*/+A	6	2	16.67%	2	1	42	55	0.98	1	1	5	1	2	0	A
I	3992212	A	*/-AC	18	2	10%	2	1	42	37	0.98	1	1	5	13	0	2	-AC
I	3992213	A	*/-C	16	2	11.11%	2	1	40	55	0.98	1	1	5	11	0	2	-C
I	3993810	T	*/+A	7	2	20%	2	1	38	37	0.98	1	1	4	3	2	0	+A
I	3995023	C	*/+T	6	4	36.36%	2	2	47	33	0.98	1	1	3	3	3	1	+T
I	4004016	G	*/-T	21	6	20%	2	2	43	49	0.98	1	1	12	9	5	1	-T
I	4004016	G	*/+T	21	2	6.67%	2	2	43	37	0.98	1	1	12	9	1	1	-T
I	4004204	T	*/-A	36	2	5.13%	2	2	40	37	0.98	1	1	25	11	1	1	-A
I	4010237	A	*/+G	5	2	22.22%	2	1	37	37	0.98	1	1	4	1	2	0	+G
I	4010237	A	*/+GG	5	2	22.22%	2	1	37	37	0.98	1	1	4	1	2	0	+G
I	4055052	T	+A/+A	4	19	79.17%	2	2	37	50	0.98	1	1	3	1	17	2	+A
I	4098272	C	*/-T	27	4	12.9%	2	1	42	39	0.98	1	1	18	9	4	0	-T
I	4121749	T	*/+A	18	2	10%	2	1	51	49	0.98	1	1	12	6	0	2	+A
I	4140001	G	*/-T	8	2	16.67%	1	2	47	61	0.98	1	1	8	0	1	1	-T
I	4140001	G	*/+T	8	2	16.67%	1	2	47	37	0.98	1	1	8	0	1	1	-T
I	4140090	A	*/+T	17	2	10.53%	2	2	48	49	0.98	1	1	8	9	1	1	+T
I	4153650	T	*/+A	25	4	13.79%	2	1	37	39	0.98	1	1	21	4	0	4	+A
I	4153651	C	*/-T	6	2	8.7%	1	1	37	37	0.98	1	1	6	0	2	0	-T
I	4153651	C	*/+T	6	12	52.17%	1	2	37	40	0.98	1	1	6	0	10	2	+T
I	4177950	T	*/-A	12	2	13.33%	2	1	38	37	0.98	1	1	9	3	2	0	-A
I	4179641	C	*/-A	15	3	16.67%	2	2	47	45	0.98	1	1	10	5	2	1	-A
I	4179700	T	*/+A	16	2	11.11%	2	1	41	31	0.98	1	1	13	3	0	2	+A
I	4179701	C	*/+T	8	4	26.67%	1	1	34	31	0.98	1	1	8	0	4	0	+T
I	4182497	G	*/-A	11	2	14.29%	2	1	39	37	0.98	1	1	5	6	2	0	-A
I	4232991	G	*/+GATA	13	36	64.29%	2	2	42	46	0.98	1	1	2	11	27	9	+GATA
I	4241118	G	*/-A	15	8	33.33%	2	2	47	43	0.98	1	1	8	7	4	4	-A
I	4261340	C	*/+T	23	2	7.41%	2	2	48	42	0.98	1	1	14	9	1	1	+T
I	4276890	G	+T/+T	2	18	85.71%	1	2	42	46	0.98	1	1	2	0	11	7	+T
I	4304169	G	+A/+A	2	18	90%	2	2	31	42	0.98	1	1	1	1	8	10	+A
I	4360508	C	*/-T	29	2	6.45%	2	1	49	55	0.98	1	1	19	10	0	2	-T
I	4374342	A	-G/-G	0	48	100%	0	2	0	49	0.98	0	1	0	0	30	18	-G
I	4386267	A	*/-G	12	2	14.29%	2	2	41	37	0.98	1	1	6	6	1	1	-G
I	4386268	G	*/-AA	3	2	25%	1	2	33	36	0.98	1	1	3	0	1	1	-AA
I	4407494	T	+G/+G	1	21	95.45%	1	2	74	47	0.98	1	1	1	0	12	9	+G
I	4410191	C	-G/-G	0	34	100%	0	2	0	46	0.98	0	1	0	0	23	11	-G
I	4414201	C	*/-T	2	8	66.67%	1	2	37	49	0.98	1	1	2	0	3	5	-T
I	4414201	C	*/-TT	2	2	16.67%	1	2	37	31	0.98	1	1	2	0	1	1	-T
I	4414723	T	*/+AAAAA	9	2	14.29%	1	1	37	37	0.98	1	1	9	0	2	0	+AAAAA
I	4414723	T	*/+AAAAAA	9	3	21.43%	1	2	37	40	0.98	1	1	9	0	2	1	+AAAAAA
I	4431856	G	+A/+A	7	37	84.09%	2	2	40	50	0.98	1	1	6	1	17	20	+A
I	4431868	C	+A/+A	4	35	89.74%	2	2	49	44	0.98	1	1	3	1	15	20	+A
I	4455149	G	*/+A	2	7	63.64%	1	2	37	49	0.98	1	1	2	0	5	2	+A
I	4458392	A	*/-T	24	3	11.11%	2	2	52	49	0.98	1	1	11	13	2	1	-T
I	4507370	C	*/+A	19	4	16.67%	2	2	46	46	0.98	1	1	8	11	1	3	+A
I	4514478	T	*/-A	12	4	18.18%	2	1	40	39	0.98	1	1	9	3	4	0	-A
I	4514478	T	*/-AA	12	3	13.64%	2	2	40	61	0.98	1	1	9	3	1	2	-A
I	4514478	T	*/-AAA	12	2	9.09%	2	2	40	37	0.98	1	1	9	3	1	1	-A
I	4606489	C	*/-T	25	2	7.14%	2	1	45	49	0.98	1	1	13	12	0	2	-T
I	4648144	T	*/-G	34	4	10.53%	2	2	41	31	0.98	1	1	25	9	1	3	-G
I	4648145	G	*/+T	26	2	6.45%	2	2	39	31	0.98	1	1	23	3	1	1	+T
I	4648159	T	*/-G	18	13	35.14%	2	2	39	42	0.98	1	1	13	5	9	4	-G
I	4648159	T	*/-GG	18	6	16.22%	2	2	39	37	0.98	1	1	13	5	5	1	-G
I	4658978	C	*/-A	13	2	11.76%	2	2	40	55	0.98	1	1	7	6	1	1	-A
I	4658978	C	*/+A	13	2	11.76%	2	1	40	37	0.98	1	1	7	6	2	0	-A
I	4664030	C	*/-T	34	2	5.56%	2	2	44	55	0.98	1	1	26	8	1	1	-T
I	4721875	G	+A/+A	1	12	92.31%	1	2	25	41	0.98	1	1	1	0	8	4	+A
I	4733668	G	*/-A	18	2	10%	2	2	45	42	0.98	1	1	11	7	1	1	-A
I	4760698	T	*/-A	18	2	9.52%	2	1	52	55	0.98	1	1	12	6	2	0	-A
I	4764253	G	*/+A	12	21	55.26%	2	2	41	52	0.98	1	1	10	2	12	9	+A
I	4764253	G	*/+AA	12	4	10.53%	2	1	41	36	0.98	1	1	10	2	4	0	+A
I	4781861	G	*/-T	17	3	15%	2	2	43	45	0.98	1	1	8	9	1	2	-T
I	4810631	T	*/-A	21	2	8.7%	2	2	49	55	0.98	1	1	11	10	1	1	-A
I	4882281	C	*/-T	18	3	13.64%	2	2	45	37	0.98	1	1	8	10	2	1	-T
I	4901397	C	*/+T	52	3	5.45%	2	2	46	41	0.98	1	1	22	30	1	2	+T
I	4911431	G	*/+T	22	2	7.69%	2	1	35	31	0.98	1	1	20	2	2	0	+T
I	4916623	C	*/-A	18	7	25.93%	2	2	47	54	0.98	1	1	10	8	3	4	-A
I	4926046	C	*/+T	7	7	50%	2	2	34	40	0.98	1	1	6	1	4	3	+T
I	4983718	A	*/+G	25	2	7.41%	2	1	42	37	0.98	1	1	20	5	2	0	+G
I	4984784	A	*/-T	8	6	31.58%	2	2	50	38	0.98	1	1	5	3	4	2	-T
I	4984784	A	*/+T	8	2	10.53%	2	2	50	55	0.98	1	1	5	3	1	1	-T
I	5002717	C	*/+A	21	3	12%	2	2	46	49	0.98	1	1	11	10	2	1	+A
I	5011904	A	*/-T	38	3	7.32%	2	1	49	53	0.98	1	1	19	19	0	3	-T
I	5037093	C	*/-A	33	3	8.33%	2	2	45	37	0.98	1	1	16	17	1	2	-A
I	5060109	A	*/+T	27	2	6.9%	2	2	48	55	0.98	1	1	12	15	1	1	+T
I	5078848	G	*/-A	23	4	13.33%	2	2	46	55	0.98	1	1	12	11	1	3	-A
I	5078848	G	*/+A	23	2	6.67%	2	1	46	27	0.98	1	1	12	11	2	0	-A
I	5117187	C	*/-T	22	2	7.69%	2	2	46	31	0.98	1	1	11	11	1	1	-T
I	5117187	C	*/+T	22	2	7.69%	2	1	46	37	0.98	1	1	11	11	0	2	-T
I	5123329	G	*/-A	11	2	14.29%	2	2	36	42	0.98	1	1	5	6	1	1	-A
I	5125241	G	*/+T	35	2	5.41%	2	2	43	42	0.98	1	1	19	16	1	1	+T
I	5142627	A	+G/+G	0	16	100%	0	2	0	47	0.98	0	1	0	0	7	9	+G
I	5148414	T	-A/-A	2	40	95.24%	1	2	31	51	0.98	1	1	2	0	19	21	-A
I	5159554	C	*/-T	31	2	5.71%	2	2	50	61	0.98	1	1	11	20	1	1	-T
I	5159554	C	*/+T	31	2	5.71%	2	1	50	31	0.98	1	1	11	20	0	2	-T
I	5160247	C	+TT/+TT	1	9	81.82%	1	2	37	43	0.98	1	1	0	1	6	3	+TT
I	5173087	C	+T/+T	3	24	85.71%	1	2	53	42	0.98	1	1	3	0	7	17	+T
I	5173430	G	*/+T	10	20	57.14%	2	2	46	44	0.98	1	1	6	4	11	9	+T
I	5173430	G	*/+TT	10	4	11.43%	2	2	46	49	0.98	1	1	6	4	2	2	+T
I	5176926	T	*/+A	4	10	71.43%	2	2	34	48	0.98	1	1	3	1	6	4	+A
I	5177760	A	*/-T	23	2	6.9%	2	1	38	36	0.98	1	1	21	2	0	2	-T
I	5177760	A	*/+T	23	2	6.9%	2	1	38	55	0.98	1	1	21	2	0	2	-T
I	5181376	A	*/+T	31	3	8.57%	2	1	44	37	0.98	1	1	24	7	3	0	+T
I	5181832	G	*/-T	14	2	9.52%	2	2	44	37	0.98	1	1	6	8	1	1	-T
I	5181832	G	*/+T	14	4	19.05%	2	2	44	49	0.98	1	1	6	8	1	3	+T
I	5266596	A	*/-T	22	6	20%	2	2	45	45	0.98	1	1	14	8	4	2	-T
I	5266596	A	*/+T	22	2	6.67%	2	2	45	49	0.98	1	1	14	8	1	1	-T
I	5302679	C	*/+G	15	2	11.76%	2	2	48	31	0.98	1	1	10	5	1	1	+G
I	5322005	G	+T/+T	0	7	100%	0	2	0	43	0.98	0	1	0	0	6	1	+T
I	5363995	C	*/-A	42	4	8.7%	2	2	47	46	0.98	1	1	15	27	2	2	-A
I	5368262	T	-C/-C	4	61	93.85%	2	2	55	49	0.98	1	1	3	1	33	28	-C
I	5368273	G	+T/+T	1	74	98.67%	1	2	74	47	0.98	1	1	1	0	33	41	+T
I	5385377	T	*/+A	35	3	7.69%	2	1	46	49	0.98	1	1	28	7	3	0	+A
I	5426622	C	+T/+T	2	34	89.47%	1	2	37	45	0.98	1	1	2	0	20	14	+T
I	5547223	T	*/-A	13	2	13.33%	2	1	45	55	0.98	1	1	8	5	2	0	-A
I	5559279	T	-G/-G	0	4	100%	0	1	0	31	0.98	0	1	0	0	4	0	-G
I	5567937	C	*/-A	18	2	9.09%	2	1	35	37	0.98	1	1	13	5	2	0	-A
I	5567987	G	*/-T	25	2	7.41%	2	1	38	37	0.98	1	1	17	8	2	0	-T
I	5576850	T	*/-AA	15	7	31.82%	2	2	43	37	0.98	1	1	10	5	6	1	-AA
II	7149	T	*/-A	23	3	11.11%	2	1	41	37	0.98	1	1	14	9	3	0	-A
II	23557	G	*/-A	7	2	16.67%	2	1	36	37	0.98	1	1	4	3	2	0	-A
II	52476	T	*/+A	28	2	6.67%	2	1	45	37	0.98	1	1	8	20	0	2	+A
II	52800	C	*/+T	36	3	7.69%	2	2	43	49	0.98	1	1	17	19	2	1	+T
II	121588	G	*/+T	17	2	10.53%	2	2	45	74	0.98	1	1	12	5	1	1	+T
II	128001	T	-A/-A	1	19	95%	1	2	37	43	0.98	1	1	0	1	13	6	-A
II	146079	T	-C/-C	1	27	96.43%	1	2	74	38	0.98	1	1	1	0	9	18	-C
II	201022	A	*/-T	15	3	15.79%	2	1	43	49	0.98	1	1	9	6	3	0	-T
II	228629	C	*/+A	32	2	5.88%	2	2	52	31	0.98	1	1	16	16	1	1	+A
II	229897	A	*/-T	25	8	21.05%	2	2	43	46	0.98	1	1	15	10	6	2	-T
II	229897	A	*/+T	25	4	10.53%	2	2	43	34	0.98	1	1	15	10	3	1	-T
II	243155	C	*/+A	20	2	8.33%	2	1	42	55	0.98	1	1	12	8	2	0	+A
II	246318	A	*/-T	23	2	7.69%	2	2	39	37	0.98	1	1	9	14	1	1	-T
II	331894	C	*/-T	8	2	16.67%	2	2	36	48	0.98	1	1	7	1	1	1	-T
II	376034	C	*/-T	32	2	5.88%	2	1	40	49	0.98	1	1	9	23	0	2	-T
II	383156	C	*/+T	39	3	6.98%	2	1	46	45	0.98	1	1	23	16	3	0	+T
II	383635	G	*/+A	28	2	6.67%	2	1	40	37	0.98	1	1	19	9	2	0	+A
II	410085	C	*/-T	18	6	22.22%	2	2	38	38	0.98	1	1	15	3	4	2	-T
II	413039	T	*/+A	18	2	9.52%	2	2	44	49	0.98	1	1	7	11	1	1	+A
II	460244	G	*/+A	14	2	12.5%	2	2	46	37	0.98	1	1	8	6	1	1	+A
II	484534	A	*/+T	7	7	46.67%	2	2	40	45	0.98	1	1	2	5	1	6	+T
II	488911	A	*/-T	30	2	6.06%	2	2	46	55	0.98	1	1	12	18	1	1	-T
II	516071	T	*/-A	24	8	24.24%	2	2	44	41	0.98	1	1	11	13	3	5	-A
II	520193	C	*/-T	15	2	11.76%	2	2	45	74	0.98	1	1	7	8	1	1	-T
II	520627	C	*/-TT	17	2	9.52%	2	1	34	37	0.98	1	1	16	1	2	0	-TT
II	521731	G	*/-T	27	4	12.5%	2	2	47	43	0.98	1	1	14	13	3	1	-T
II	561061	T	*/-G	16	3	15.79%	2	1	47	36	0.98	1	1	8	8	0	3	-G
II	561064	T	*/-A	12	4	20%	2	2	44	52	0.98	1	1	5	7	1	3	-A
II	561064	T	*/-AA	12	2	10%	2	2	44	37	0.98	1	1	5	7	1	1	-A
II	565295	C	*/-A	27	2	6.9%	2	1	46	42	0.98	1	1	15	12	2	0	-A
II	577759	A	*/+CTATG	38	18	32.14%	2	2	44	45	0.98	1	1	16	22	7	11	+CTATG
II	603279	A	-T/-T	1	21	95.45%	1	2	37	51	0.98	1	1	0	1	9	12	-T
II	603305	A	-C/-C	0	25	100%	0	2	0	51	0.98	0	1	0	0	8	17	-C
II	673086	G	*/-A	10	3	17.65%	2	1	36	40	0.98	1	1	9	1	3	0	-A
II	673086	G	*/+A	10	2	11.76%	2	2	36	55	0.98	1	1	9	1	1	1	-A
II	674090	T	*/-A	6	2	25%	2	2	43	48	0.98	1	1	5	1	1	1	-A
II	700009	T	-A/-A	6	19	76%	2	2	59	50	0.98	1	1	2	4	9	10	-A
II	716295	G	*/-T	11	7	31.82%	2	2	45	40	0.98	1	1	6	5	6	1	-T
II	716295	G	*/+T	11	3	13.64%	2	1	45	49	0.98	1	1	6	5	3	0	-T
II	753854	A	*/-T	9	6	35.29%	2	2	42	37	0.98	1	1	6	3	4	2	-T
II	753854	A	*/+T	9	2	11.76%	2	1	42	37	0.98	1	1	6	3	2	0	-T
II	756993	C	*/-T	25	5	14.71%	2	2	42	51	0.98	1	1	18	7	2	3	-T
II	756993	C	*/+T	25	3	8.82%	2	2	42	44	0.98	1	1	18	7	2	1	-T
II	775752	A	*/-GC	36	2	5.26%	2	2	38	49	0.98	1	1	19	17	1	1	-GC
II	888599	A	-C/-C	0	18	100%	0	2	0	45	0.98	0	1	0	0	12	6	-C
II	889921	C	*/-T	15	3	14.29%	2	2	41	49	0.98	1	1	12	3	2	1	-T
II	889921	C	*/+T	15	3	14.29%	2	1	41	36	0.98	1	1	12	3	3	0	-T
II	890578	C	*/-T	20	3	12.5%	2	1	39	37	0.98	1	1	19	1	3	0	-T
II	903106	G	+T/+T	0	33	100%	0	2	0	41	0.98	0	1	0	0	14	19	+T
II	948303	T	*/-A	21	3	11.11%	2	2	50	33	0.98	1	1	12	9	2	1	-A
II	948303	T	*/+A	21	2	7.41%	2	1	50	55	0.98	1	1	12	9	0	2	-A
II	965517	C	*/-T	16	2	10.53%	2	2	45	37	0.98	1	1	10	6	1	1	-T
II	997671	G	*/-CAA	17	2	8%	2	1	55	31	0.98	1	1	9	8	0	2	A
II	997671	G	*/-CAACAA	17	2	8%	2	1	55	42	0.98	1	1	9	8	2	0	A
II	1019510	T	*/-A	5	6	33.33%	1	2	42	47	0.98	1	1	5	0	4	2	-A
II	1019510	T	*/-AA	5	6	33.33%	1	2	42	37	0.98	1	1	5	0	1	5	-A
II	1059118	T	*/-A	21	5	17.86%	2	2	44	37	0.98	1	1	10	11	1	4	-A
II	1069791	C	*/-A	27	2	6.9%	2	1	46	37	0.98	1	1	17	10	2	0	-A
II	1078264	T	*/-A	35	4	9.52%	2	2	47	43	0.98	1	1	23	12	3	1	-A
II	1078264	T	*/+A	35	3	7.14%	2	2	47	37	0.98	1	1	23	12	2	1	-A
II	1079843	T	+A/+A	4	17	80.95%	2	2	46	45	0.98	1	1	1	3	10	7	+A
II	1104941	G	*/-T	18	2	7.69%	2	2	40	42	0.98	1	1	14	4	1	1	-T
II	1104941	G	*/+T	18	2	7.69%	2	1	40	37	0.98	1	1	14	4	2	0	-T
II	1141304	C	*/-A	19	3	13.04%	2	1	46	57	0.98	1	1	10	9	0	3	-A
II	1163154	A	-T/-T	0	23	100%	0	2	0	49	0.98	0	1	0	0	11	12	-T
II	1171363	T	*/-A	13	4	22.22%	2	2	55	37	0.98	1	1	11	2	2	2	-A
II	1187785	G	*/-T	23	6	18.75%	2	2	42	43	0.98	1	1	10	13	3	3	-T
II	1187785	G	*/+T	23	2	6.25%	2	1	42	37	0.98	1	1	10	13	0	2	-T
II	1243365	G	*/-T	23	4	13.33%	2	2	48	40	0.98	1	1	5	18	1	3	-T
II	1264791	C	*/-T	12	3	15.79%	2	1	38	25	0.98	1	1	8	4	0	3	-T
II	1264791	C	*/-TT	12	2	10.53%	2	2	38	55	0.98	1	1	8	4	1	1	-T
II	1264791	C	*/+T	12	2	10.53%	2	1	38	37	0.98	1	1	8	4	2	0	-T
II	1266289	T	+A/+A	1	8	88.89%	1	2	37	37	0.98	1	1	1	0	1	7	+A
II	1266955	G	*/-GA	75	5	6.17%	2	2	50	51	0.98	1	1	41	34	3	2	-GA
II	1267043	G	*/-AC	65	4	5.63%	2	2	44	61	0.98	1	1	34	31	2	2	-AC
II	1277480	A	*/+T	9	2	15.38%	2	1	45	25	0.98	1	1	6	3	0	2	+T
II	1277481	G	*/+TT	4	3	25%	2	1	39	40	0.98	1	1	2	2	3	0	+TT
II	1308618	G	-T/-T	3	35	92.11%	2	2	33	41	0.98	1	1	2	1	22	13	-T
II	1312254	C	*/-T	5	2	28.57%	1	2	30	42	0.98	1	1	5	0	1	1	-T
II	1349040	A	*/-T	8	2	18.18%	2	1	54	37	0.98	1	1	4	4	2	0	-T
II	1365999	G	*/-T	15	7	25.93%	2	2	40	45	0.98	1	1	7	8	5	2	-T
II	1365999	G	*/-TT	15	4	14.81%	2	1	40	58	0.98	1	1	7	8	4	0	-T
II	1389139	C	*/+T	8	4	26.67%	2	2	36	48	0.98	1	1	5	3	3	1	+T
II	1389139	C	*/+TT	8	2	13.33%	2	1	36	37	0.98	1	1	5	3	0	2	+T
II	1456839	A	*/-T	11	3	21.43%	2	2	48	45	0.98	1	1	7	4	2	1	-T
II	1467485	C	*/-T	19	7	25.93%	2	2	41	44	0.98	1	1	10	9	3	4	-T
II	1520665	T	*/-A	19	2	9.52%	2	1	46	55	0.98	1	1	10	9	0	2	-A
II	1545027	C	*/-A	13	4	20%	2	2	43	46	0.98	1	1	7	6	2	2	-A
II	1545027	C	*/+A	13	2	10%	2	1	43	37	0.98	1	1	7	6	0	2	-A
II	1555919	A	*/+TTTATT	6	6	50%	1	2	45	43	0.98	1	1	6	0	1	5	+TTTATT
II	1555955	T	*/-TTA	11	2	15.38%	2	1	43	36	0.98	1	1	5	6	2	0	-TTA
II	1571445	G	*/-TA	30	2	6.06%	2	2	46	37	0.98	1	1	11	19	1	1	-TA
II	1588936	G	*/+A	2	3	23.08%	1	2	37	53	0.98	1	1	2	0	1	2	A
II	1613166	A	*/+CATT	16	2	11.11%	2	1	41	37	0.98	1	1	13	3	0	2	+CATT
II	1627981	C	*/-T	20	5	18.52%	2	2	39	42	0.98	1	1	11	9	3	2	-T
II	1627981	C	*/-TT	20	2	7.41%	2	2	39	37	0.98	1	1	11	9	1	1	-T
II	1644854	C	*/+T	38	2	5%	2	2	45	61	0.98	1	1	26	12	1	1	+T
II	1678205	T	*/-A	5	5	45.45%	2	2	37	44	0.98	1	1	2	3	1	4	-A
II	1682725	G	+T/+T	3	15	83.33%	2	2	41	46	0.98	1	1	2	1	7	8	+T
II	1700176	T	*/+A	10	2	16.67%	2	1	43	37	0.98	1	1	7	3	2	0	+A
II	1709150	G	*/+T	27	2	6.9%	2	2	50	31	0.98	1	1	15	12	1	1	+T
II	1716256	G	*/+T	18	6	21.43%	2	1	35	36	0.98	1	1	14	4	6	0	+T
II	1716287	T	*/-G	25	6	19.35%	2	1	43	49	0.98	1	1	13	12	0	6	-G
II	1722036	C	*/+A	34	3	8.11%	2	2	45	61	0.98	1	1	23	11	2	1	+A
II	1747580	T	+A/+A	2	14	87.5%	1	2	37	42	0.98	1	1	0	2	4	10	+A
II	1748646	G	*/-A	6	2	14.29%	1	1	33	37	0.98	1	1	6	0	2	0	-A
II	1748646	G	*/-AA	6	2	14.29%	1	1	33	48	0.98	1	1	6	0	0	2	-A
II	1748646	G	*/-AAA	6	3	21.43%	1	2	33	44	0.98	1	1	6	0	1	2	-AAA
II	1755439	C	+T/+T	2	28	87.5%	1	2	68	45	0.98	1	1	2	0	13	15	+T
II	1763419	T	*/-A	13	5	22.73%	2	2	44	44	0.98	1	1	8	5	2	3	-A
II	1763419	T	*/+A	13	2	9.09%	2	2	44	37	0.98	1	1	8	5	1	1	-A
II	1800345	C	*/+A	29	2	6.25%	2	1	41	37	0.98	1	1	15	14	2	0	+A
II	1818108	C	*/-T	7	5	33.33%	2	2	40	44	0.98	1	1	3	4	3	2	-T
II	1818108	C	*/-TT	7	2	13.33%	2	2	40	55	0.98	1	1	3	4	1	1	-T
II	1856141	T	*/+G	25	2	7.41%	2	2	45	37	0.98	1	1	12	13	1	1	+G
II	1861420	T	-G/-G	1	35	97.22%	1	2	37	56	0.98	1	1	1	0	20	15	-G
II	1867795	A	*/+T	4	11	68.75%	1	2	31	49	0.98	1	1	4	0	8	3	+T
II	1868122	G	*/-T	11	2	10%	2	2	36	55	0.98	1	1	9	2	1	1	-T
II	1868122	G	*/+T	11	6	30%	2	2	36	43	0.98	1	1	9	2	5	1	+T
II	1873779	T	+A/+A	2	15	83.33%	2	2	55	39	0.98	1	1	1	1	9	6	+A
II	1877294	A	+T/+T	2	12	80%	2	2	33	41	0.98	1	1	1	1	8	4	+T
II	1941697	A	*/-T	12	2	11.76%	2	1	48	37	0.98	1	1	5	7	0	2	-T
II	1941697	A	*/+T	12	3	17.65%	2	2	48	49	0.98	1	1	5	7	2	1	+T
II	1941966	A	+T/+T	0	42	100%	0	2	0	50	0.98	0	1	0	0	21	21	+T
II	1941982	A	+T/+T	1	40	97.56%	1	2	37	48	0.98	1	1	1	0	19	21	+T
II	1948953	G	-A/-A	1	33	97.06%	1	2	37	42	0.98	1	1	0	1	12	21	-A
II	1950050	A	+G/+G	4	27	81.82%	2	2	43	45	0.98	1	1	2	2	9	18	+G
II	1955495	T	*/+A	2	19	73.08%	1	2	61	55	0.98	1	1	2	0	11	8	+A
II	1960392	A	+G/+G	0	29	100%	0	2	0	42	0.98	0	1	0	0	8	21	+G
II	1987101	C	-G/-G	1	35	97.22%	1	2	37	51	0.98	1	1	1	0	19	16	-G
II	1987117	T	-G/-G	0	35	100%	0	2	0	47	0.98	0	1	0	0	19	16	-G
II	2023193	G	*/+TT	3	2	28.57%	1	2	30	55	0.98	1	1	3	0	1	1	+TT
II	2049891	A	-T/-T	2	42	95.45%	1	2	55	49	0.98	1	1	2	0	17	25	-T
II	2053516	G	+C/+C	1	31	93.94%	1	2	37	50	0.98	1	1	1	0	11	20	+C
II	2108180	T	+A/+A	3	25	89.29%	1	2	40	42	0.98	1	1	0	3	17	8	+A
II	2147726	G	+T/+T	4	20	83.33%	1	2	55	46	0.98	1	1	0	4	11	9	+T
II	2187407	G	+A/+A	1	20	95.24%	1	2	37	43	0.98	1	1	0	1	13	7	+A
II	2197587	C	*/-A	4	3	33.33%	2	1	28	37	0.98	1	1	3	1	3	0	-A
II	2200809	C	*/+A	43	3	6.52%	2	2	51	33	0.98	1	1	16	27	1	2	+A
II	2202748	C	*/+T	30	4	11.76%	2	1	38	34	0.98	1	1	14	16	4	0	+T
II	2202791	G	*/+T	38	2	5%	2	2	39	37	0.98	1	1	17	21	1	1	+T
II	2203175	T	*/-A	22	6	20.69%	2	2	47	37	0.98	1	1	18	4	5	1	-A
II	2219928	A	+T/+T	1	26	96.3%	1	2	37	46	0.98	1	1	0	1	12	14	+T
II	2225417	T	*/-A	15	2	11.76%	2	1	50	37	0.98	1	1	10	5	2	0	-A
II	2238446	T	*/+A	20	2	9.09%	2	2	51	37	0.98	1	1	9	11	1	1	+A
II	2293297	G	-A/-A	1	14	93.33%	1	2	37	44	0.98	1	1	1	0	9	5	-A
II	2318772	A	*/-T	6	2	22.22%	2	2	41	37	0.98	1	1	3	3	1	1	-T
II	2338528	G	*/+A	10	2	16.67%	2	1	40	37	0.98	1	1	6	4	2	0	+A
II	2443873	T	*/+A	6	6	37.5%	1	2	37	44	0.98	1	1	6	0	3	3	+A
II	2443873	T	*/+AA	6	2	12.5%	1	2	37	49	0.98	1	1	6	0	1	1	+A
II	2504242	C	*/-A	19	2	9.52%	2	2	46	55	0.98	1	1	10	9	1	1	-A
II	2523624	C	*/-A	5	4	36.36%	1	2	43	46	0.98	1	1	5	0	3	1	-A
II	2530542	G	*/+CTACTA	18	5	20.83%	2	2	63	49	0.98	1	1	9	9	3	2	+CTACTA
II	2552672	A	*/-G	18	2	10%	2	1	47	31	0.98	1	1	12	6	0	2	-G
II	2552673	G	*/-T	16	2	10%	2	1	48	35	0.98	1	1	14	2	0	2	-T
II	2579458	C	*/-A	4	2	28.57%	2	2	34	37	0.98	1	1	3	1	1	1	-A
II	2592423	T	+A/+A	0	23	95.83%	0	2	0	52	0.98	0	1	0	0	13	10	+A
II	2612668	A	*/-T	22	2	8.33%	2	1	43	31	0.98	1	1	13	9	2	0	-T
II	2619448	G	*/-TT	16	2	10%	2	1	35	55	0.98	1	1	15	1	0	2	-TT
II	2630607	C	*/+A	7	21	63.64%	2	2	44	39	0.98	1	1	6	1	10	11	+A
II	2630607	C	*/+AA	7	2	6.06%	2	1	44	42	0.98	1	1	6	1	0	2	+A
II	2640785	T	*/-A	4	3	11.54%	2	2	58	37	0.98	1	1	1	3	1	2	-A
II	2640785	T	*/+A	4	15	57.69%	2	2	58	48	0.98	1	1	1	3	6	9	+A
II	2640785	T	*/+AA	4	2	7.69%	2	1	58	55	0.98	1	1	1	3	2	0	+A
II	2647497	C	*/-T	22	4	14.81%	2	2	40	43	0.98	1	1	8	14	2	2	-T
II	2650243	G	*/-A	51	3	5.45%	2	2	46	45	0.98	1	1	28	23	1	2	-A
II	2701957	A	+T/+T	0	13	100%	0	2	0	38	0.98	0	1	0	0	5	8	+T
II	2709414	G	+C/+C	0	27	100%	0	2	0	43	0.98	0	1	0	0	12	15	+C
II	2720152	T	*/-A	30	2	6.25%	2	1	48	37	0.98	1	1	15	15	2	0	-A
II	2755338	C	*/-AT	10	15	55.56%	2	2	44	43	0.98	1	1	1	9	10	5	-AT
II	2755338	C	*/-ATAT	10	2	7.41%	2	1	44	37	0.98	1	1	1	9	0	2	-AT
II	2788933	C	+G/+G	1	31	96.88%	1	2	37	52	0.98	1	1	1	0	24	7	+G
II	2798040	C	-T/-T	2	24	92.31%	1	2	74	47	0.98	1	1	2	0	10	14	-T
II	2798514	A	-G/-G	0	23	100%	0	2	0	41	0.98	0	1	0	0	9	14	-G
II	2811495	C	-A/-A	0	30	100%	0	2	0	46	0.98	0	1	0	0	20	10	-A
II	2825193	A	*/-T	17	3	14.29%	2	1	55	61	0.98	1	1	12	5	0	3	-T
II	2826100	G	*/-A	11	2	8%	1	2	36	36	0.98	1	1	11	0	1	1	-A
II	2826100	G	*/+A	11	12	48%	1	2	36	38	0.98	1	1	11	0	7	5	+A
II	2873779	T	*/+A	13	11	45.83%	2	2	51	34	0.98	1	1	7	6	7	4	+A
II	2894538	T	*/-A	21	3	12.5%	2	2	37	57	0.98	1	1	11	10	1	2	-A
II	2900889	A	*/-T	12	3	17.65%	2	2	37	49	0.98	1	1	11	1	2	1	-T
II	2937277	T	+A/+A	1	28	96.55%	1	2	37	42	0.98	1	1	1	0	16	12	+A
II	2938956	C	+T/+T	1	11	78.57%	1	2	74	41	0.98	1	1	1	0	5	6	+T
II	2965030	T	+A/+A	4	37	90.24%	1	2	34	46	0.98	1	1	4	0	26	11	+A
II	2988149	G	*/-T	18	5	21.74%	2	2	46	39	0.98	1	1	14	4	2	3	-T
II	3010749	G	*/+A	24	2	7.41%	2	1	44	37	0.98	1	1	13	11	2	0	+A
II	3040332	C	+G/+G	0	48	96%	0	2	0	51	0.98	0	1	0	0	25	23	+G
II	3053387	C	*/-A	31	2	6.06%	2	1	51	55	0.98	1	1	15	16	0	2	-A
II	3058544	T	*/-G	2	7	58.33%	1	2	37	31	0.98	1	1	2	0	6	1	-G
II	3058544	T	*/+G	2	2	16.67%	1	1	37	37	0.98	1	1	2	0	2	0	-G
II	3154052	G	*/-T	19	2	8%	2	2	43	61	0.98	1	1	15	4	1	1	-T
II	3154052	G	*/+T	19	3	12%	2	2	43	49	0.98	1	1	15	4	2	1	+T
II	3171788	G	*/-AA	5	2	20%	1	1	35	37	0.98	1	1	5	0	2	0	-AA
II	3174348	T	+A/+A	0	17	100%	0	2	0	40	0.98	0	1	0	0	6	11	+A
II	3253453	C	*/+T	8	5	35.71%	1	2	41	44	0.98	1	1	8	0	2	3	+T
II	3282373	T	*/-A	24	3	10.71%	2	2	44	45	0.98	1	1	17	7	2	1	-A
II	3329982	G	*/-T	4	3	42.86%	2	2	37	33	0.98	1	1	3	1	1	2	-T
II	3380128	C	*/-T	10	5	26.32%	2	2	43	39	0.98	1	1	8	2	4	1	-T
II	3380128	C	*/+T	10	2	10.53%	2	1	43	37	0.98	1	1	8	2	2	0	-T
II	3388566	A	*/+GATGAT	37	2	5.13%	2	2	50	51	0.98	1	1	15	22	1	1	+GATGAT
II	3410437	G	*/-T	11	3	17.65%	2	1	42	33	0.98	1	1	5	6	0	3	-T
II	3487895	G	*/+TATTT	34	5	12.82%	2	2	42	42	0.98	1	1	25	9	3	2	+TATTT
II	3509251	T	*/-A	14	2	10%	2	2	43	31	0.98	1	1	9	5	1	1	-A
II	3509251	T	*/+A	14	3	15%	2	1	43	74	0.98	1	1	9	5	0	3	+A
II	3512925	C	*/-T	12	2	14.29%	2	1	37	31	0.98	1	1	11	1	0	2	-T
II	3514786	C	*/-T	23	4	13.79%	2	2	45	39	0.98	1	1	10	13	3	1	-T
II	3540057	A	*/-T	28	10	24.39%	2	2	50	50	0.98	1	1	17	11	5	5	-T
II	3619003	A	+G/+G	1	27	96.43%	1	2	37	50	0.98	1	1	0	1	16	11	+G
II	3621704	A	*/-T	18	5	20%	2	2	43	56	0.98	1	1	8	10	1	4	-T
II	3622754	T	*/-A	26	2	7.14%	2	2	51	31	0.98	1	1	14	12	1	1	-A
II	3715149	G	*/-A	19	4	16%	2	2	42	36	0.98	1	1	17	2	3	1	-A
II	3799350	G	*/+A	2	6	60%	1	2	33	43	0.98	1	1	2	0	5	1	+A
II	3815025	C	*/-T	7	2	14.29%	2	1	45	55	0.98	1	1	5	2	0	2	-T
II	3815025	C	*/-TT	7	3	21.43%	2	2	45	66	0.98	1	1	5	2	1	2	-TT
II	3815025	C	*/-TTTT	7	2	14.29%	2	1	45	37	0.98	1	1	5	2	0	2	-TT
II	3838101	C	-A/-A	3	10	76.92%	2	2	37	39	0.98	1	1	2	1	6	4	-A
II	3838912	T	*/-A	15	2	11.11%	2	2	45	74	0.98	1	1	5	10	1	1	-A
II	3856896	A	*/-T	13	6	31.58%	2	2	43	45	0.98	1	1	9	4	4	2	-T
II	3860185	C	*/-TAGTA	26	26	44.83%	2	2	47	41	0.98	1	1	3	23	20	6	-TAGTA
II	3954039	C	*/-T	35	7	14.89%	2	2	43	38	0.98	1	1	24	11	5	2	-T
II	3954039	C	*/+T	35	3	6.38%	2	2	43	40	0.98	1	1	24	11	1	2	-T
II	3975235	C	*/-A	18	9	27.27%	2	2	39	41	0.98	1	1	12	6	5	4	-A
II	3975235	C	*/-AA	18	3	9.09%	2	2	39	45	0.98	1	1	12	6	2	1	-A
II	3975235	C	*/+A	18	2	6.06%	2	2	39	31	0.98	1	1	12	6	1	1	-A
II	3980889	G	*/-A	50	3	5.56%	2	1	51	37	0.98	1	1	25	25	3	0	-A
II	4006982	C	*/-A	13	2	13.33%	2	1	37	37	0.98	1	1	11	2	2	0	-A
II	4031460	A	*/+T	10	5	31.25%	2	2	35	44	0.98	1	1	9	1	2	3	+T
II	4076405	A	*/-T	28	2	6.67%	2	2	47	37	0.98	1	1	17	11	1	1	-T
II	4100280	C	*/+A	25	2	7.14%	2	1	47	68	0.98	1	1	16	9	2	0	+A
II	4108814	G	*/-TA	66	4	5.63%	2	2	44	46	0.98	1	1	26	40	2	2	-TA
II	4156942	A	*/-T	20	2	9.09%	2	2	41	55	0.98	1	1	14	6	1	1	-T
II	4157058	C	*/+A	15	2	11.76%	2	1	44	37	0.98	1	1	7	8	0	2	+A
II	4162297	C	*/+A	33	2	5.41%	2	1	43	55	0.98	1	1	17	16	0	2	A
II	4254960	G	-A/-A	2	32	94.12%	1	2	49	49	0.98	1	1	2	0	10	22	-A
II	4290954	G	*/-A	36	2	5%	2	1	52	74	0.98	1	1	20	16	2	0	-A
II	4290954	G	*/+A	36	2	5%	2	1	52	37	0.98	1	1	20	16	2	0	-A
II	4308414	C	+A/+A	6	19	76%	1	2	43	49	0.98	1	1	6	0	10	9	+A
II	4419921	T	*/+A	2	6	54.55%	1	2	55	51	0.98	1	1	0	2	4	2	+A
II	4475221	G	*/-T	25	3	10.34%	2	1	43	37	0.98	1	1	16	9	3	0	-T
II	4497110	G	*/-T	17	2	8.7%	2	1	43	55	0.98	1	1	10	7	0	2	-T
II	4497110	G	*/+T	17	2	8.7%	2	1	43	42	0.98	1	1	10	7	2	0	-T
II	4505641	C	*/-A	27	3	10%	2	1	36	49	0.98	1	1	16	11	3	0	-A
II	4516280	G	*/-TTTCTC	38	2	5%	2	2	48	55	0.98	1	1	24	14	1	1	-TTTCTC
II	4516522	A	*/+T	56	3	5.08%	2	2	52	37	0.98	1	1	28	28	1	2	+T
II	4517047	T	*/+TACTCATC	85	23	19.83%	2	2	49	46	0.98	1	1	36	49	13	10	+TACTCATC
II	4521677	T	*/-AA	13	9	39.13%	2	2	41	49	0.98	1	1	5	8	5	4	-AA
II	4525340	G	*/+TT	53	7	10.61%	2	2	39	44	0.98	1	1	38	15	3	4	+TT
II	4526174	A	*/-T	27	8	22.86%	2	2	42	44	0.98	1	1	20	7	4	4	-T
II	4526843	C	*/-TT	11	3	17.65%	1	2	33	29	0.98	1	1	11	0	1	2	-TT
II	4528465	C	*/+GACAAT	89	11	10.89%	2	2	44	42	0.98	1	1	42	47	5	6	+GACAAT
II	4528483	T	*/-GACAATGACAGA	79	15	15.96%	2	2	44	41	0.98	1	1	36	43	6	9	-GACAATGACAGA
II	4529375	T	*/+ACAACGACAACGACAACG	66	8	9.41%	2	2	46	37	0.98	1	1	40	26	6	2	+ACAACGACAACGACAACG
II	4529375	T	*/+ACAACGACAACGACAACGACAACG	66	8	9.41%	2	2	46	46	0.98	1	1	40	26	2	6	+ACAACGACAACGACAACG
II	4533588	C	*/-T	87	36	29.27%	2	2	45	43	0.98	1	1	59	28	19	17	-T
II	4534880	A	*/-T	113	26	18.71%	2	2	48	47	0.98	1	1	51	62	10	16	-T
II	4535321	G	*/-GATAT	255	33	11.46%	2	2	43	43	0.98	1	1	126	129	14	19	-GATAT
II	4535460	T	*/+GAGTAAAGA	327	30	8.36%	2	2	54	54	0.98	1	1	156	171	11	19	+GAGTAAAGA
II	4535523	T	*/+GTTACG	298	42	12.35%	2	2	47	47	0.98	1	1	94	204	14	28	+GTTACG
II	4535548	A	*/-TATGTG	295	34	10.3%	2	2	47	48	0.98	1	1	120	175	17	17	-TATGTG
II	4535645	G	*/-T	200	31	13.42%	2	2	50	47	0.98	1	1	124	76	17	14	-T
II	4535727	A	*/-G	148	39	20.86%	2	2	45	50	0.98	1	1	59	89	22	17	-G
II	4537213	G	*/+T	136	166	54.79%	2	2	49	53	0.98	1	1	66	70	91	75	+T
II	4537387	A	*/-AATAAGAG	96	130	57.52%	2	2	46	48	0.98	1	1	36	60	76	54	-AATAAGAG
II	4537655	A	*/+AAATG	64	22	25.29%	2	2	47	42	0.98	1	1	42	22	15	7	+AAATG
II	4537712	T	*/-AAATAAAATTAATG	47	7	12.96%	2	2	43	42	0.98	1	1	23	24	3	4	-AAATAAAATTAATG
II	4539204	G	*/-ATAGGTAGAATAAGTAAAGCAGAATAGGTAGA	270	17	5.92%	2	2	44	39	0.98	1	1	109	161	8	9	-ATAGGTAGAATAAGTAAAGCAGAATAGGTAGA
III	1558	G	*/+A	120	15	10.27%	2	2	40	40	0.98	1	1	55	65	9	6	+A
III	1893	T	*/-A	161	17	9.55%	2	2	49	48	0.98	1	1	76	85	5	12	-A
III	4729	A	*/-T	501	168	21.96%	2	2	45	49	0.98	1	1	347	154	73	95	-T
III	4729	A	*/+T	501	61	7.97%	2	2	45	47	0.98	1	1	347	154	32	29	-T
III	4952	C	*/+T	489	91	15.4%	2	2	42	52	0.98	1	1	307	182	30	61	+T
III	5403	C	*/-T	497	158	21.44%	2	2	41	42	0.98	1	1	353	144	92	66	-T
III	5403	C	*/-TT	497	37	5.02%	2	2	41	47	0.98	1	1	353	144	15	22	-T
III	9812	T	*/+A	191	13	6.28%	2	1	46	48	0.98	1	1	70	121	0	13	+A
III	12428	G	*/-A	98	8	6.02%	2	1	43	43	0.98	1	1	48	50	0	8	-A
III	12428	G	*/+A	98	17	12.78%	2	2	43	42	0.98	1	1	48	50	6	11	+A
III	12763	T	*/-A	160	29	15.34%	2	2	45	52	0.98	1	1	73	87	11	18	-A
III	15599	A	*/-T	539	136	17.66%	2	2	45	49	0.98	1	1	364	175	61	75	-T
III	15599	A	*/+T	539	53	6.88%	2	2	45	50	0.98	1	1	364	175	24	29	-T
III	15822	C	*/+T	473	112	18.89%	2	2	41	51	0.98	1	1	300	173	33	79	+T
III	16273	C	*/-T	445	157	22.79%	2	2	42	42	0.98	1	1	316	129	79	78	-T
III	16273	C	*/-TT	445	46	6.68%	2	2	42	47	0.98	1	1	316	129	24	22	-T
III	20682	T	*/+A	178	20	10.1%	2	2	44	44	0.98	1	1	66	112	1	19	+A
III	23298	G	*/-A	89	11	8.73%	2	2	43	37	0.98	1	1	42	47	5	6	-A
III	23298	G	*/+A	89	18	14.29%	2	2	43	41	0.98	1	1	42	47	9	9	+A
III	23633	T	*/-A	138	20	12.66%	2	2	48	41	0.98	1	1	64	74	7	13	-A
III	69589	T	*/-A	11	5	29.41%	2	2	40	37	0.98	1	1	3	8	3	2	-A
III	73161	G	*/-T	5	2	28.57%	2	2	39	37	0.98	1	1	2	3	1	1	-T
III	91644	T	*/+AAC	18	2	10%	2	2	45	37	0.98	1	1	12	6	1	1	+AAC
III	120832	C	*/-A	27	2	6.9%	2	1	44	37	0.98	1	1	19	8	0	2	-A
III	123319	T	*/-A	9	4	23.53%	2	1	50	49	0.98	1	1	5	4	0	4	-A
III	123319	T	*/-AA	9	3	17.65%	2	2	50	37	0.98	1	1	5	4	1	2	-A
III	171115	A	+C/+C	0	40	97.56%	0	2	0	43	0.98	0	1	0	0	27	13	+C
III	207168	T	*/-A	11	2	12.5%	2	1	42	49	0.98	1	1	8	3	2	0	-A
III	207482	T	*/-A	23	2	7.69%	2	2	38	37	0.98	1	1	15	8	1	1	-A
III	208140	C	*/-A	10	2	12.5%	2	1	36	37	0.98	1	1	8	2	2	0	-A
III	208140	C	*/+A	10	2	12.5%	2	1	36	37	0.98	1	1	8	2	2	0	-A
III	210057	G	-TTGTGGATC/-TTGTGGATC	2	61	96.83%	1	2	55	46	0.98	1	1	0	2	44	17	-TTGTGGATC
III	219995	T	*/-G	31	2	6.06%	2	1	48	37	0.98	1	1	16	15	0	2	-G
III	232115	A	*/+T	20	2	9.09%	2	2	42	42	0.98	1	1	11	9	1	1	+T
III	235683	G	*/-A	37	2	5.13%	2	1	43	55	0.98	1	1	21	16	2	0	-A
III	245692	C	*/+T	32	2	5.56%	2	2	45	49	0.98	1	1	24	8	1	1	+T
III	253907	A	*/-TT	9	2	11.76%	2	2	37	31	0.98	1	1	5	4	1	1	-TT
III	253907	A	*/+T	9	5	29.41%	2	2	37	34	0.98	1	1	5	4	3	2	+T
III	253996	T	*/+A	22	2	8.33%	2	1	46	55	0.98	1	1	13	9	2	0	+A
III	286410	G	*/+T	10	3	21.43%	2	2	39	45	0.98	1	1	7	3	2	1	+T
III	286478	C	-TT/-TT	0	10	100%	0	2	0	47	0.98	0	1	0	0	5	5	-TT
III	286594	T	*/+A	5	9	52.94%	2	2	37	33	0.98	1	1	3	2	7	2	+A
III	293096	G	*/-T	15	8	26.67%	2	2	43	46	0.98	1	1	10	5	7	1	-T
III	293096	G	*/-TT	15	2	6.67%	2	1	43	31	0.98	1	1	10	5	2	0	-T
III	293096	G	*/+T	15	4	13.33%	2	2	43	49	0.98	1	1	10	5	3	1	+T
III	365747	C	-A/-A	2	17	85%	2	2	55	43	0.98	1	1	1	1	13	4	-A
III	415596	T	*/-A	20	2	8.7%	2	2	46	49	0.98	1	1	13	7	1	1	-A
III	431910	C	*/-T	31	3	8.57%	2	2	41	49	0.98	1	1	17	14	2	1	-T
III	467904	C	*/-A	20	3	11.54%	2	2	46	61	0.98	1	1	15	5	2	1	-A
III	467904	C	*/+A	20	3	11.54%	2	2	46	49	0.98	1	1	15	5	1	2	-A
III	486411	T	*/+A	19	2	9.52%	2	2	54	49	0.98	1	1	11	8	1	1	+A
III	563214	T	*/+A	27	3	9.68%	2	2	40	65	0.98	1	1	17	10	2	1	+A
III	568658	C	*/-T	16	7	28%	2	2	39	45	0.98	1	1	9	7	5	2	-T
III	664660	T	*/+A	25	2	7.41%	2	2	41	31	0.98	1	1	12	13	1	1	+A
III	672089	A	*/-T	17	2	10.53%	2	2	39	37	0.98	1	1	12	5	1	1	-T
III	717677	A	*/-T	3	16	61.54%	2	2	37	50	0.98	1	1	2	1	10	6	-T
III	717677	A	*/-TT	3	7	26.92%	2	2	37	52	0.98	1	1	2	1	2	5	-T
III	719955	A	-C/-C	0	11	100%	0	2	0	46	0.98	0	1	0	0	9	2	-C
III	720559	C	*/-T	14	2	11.76%	2	1	39	25	0.98	1	1	13	1	2	0	-T
III	720683	A	*/+T	5	10	66.67%	2	2	44	44	0.98	1	1	4	1	4	6	+T
III	720684	T	*/+A	15	2	11.76%	2	1	46	31	0.98	1	1	7	8	2	0	+A
III	725030	C	+T/+T	1	10	90.91%	1	2	37	44	0.98	1	1	1	0	7	3	+T
III	762516	T	*/-A	16	3	15%	2	2	44	61	0.98	1	1	11	5	2	1	-A
III	822701	G	*/-T	17	4	17.39%	2	2	45	49	0.98	1	1	12	5	2	2	-T
III	822701	G	*/+T	17	2	8.7%	2	2	45	42	0.98	1	1	12	5	1	1	-T
III	867865	C	-T/-T	0	24	100%	0	2	0	45	0.98	0	1	0	0	7	17	-T
III	897531	C	*/-A	19	2	8.33%	2	2	49	49	0.98	1	1	14	5	1	1	-A
III	898665	T	*/-A	32	2	5.56%	2	2	43	37	0.98	1	1	18	14	1	1	-A
III	898665	T	*/+A	32	2	5.56%	2	2	43	42	0.98	1	1	18	14	1	1	-A
III	954028	G	*/-A	20	2	8.7%	2	2	40	31	0.98	1	1	9	11	1	1	-A
III	966124	G	*/-T	26	9	24.32%	2	2	41	39	0.98	1	1	23	3	8	1	-T
III	966124	G	*/+T	26	2	5.41%	2	1	41	68	0.98	1	1	23	3	2	0	-T
III	970548	C	*/-T	5	5	41.67%	2	1	36	42	0.98	1	1	3	2	0	5	-T
III	970548	C	*/-TT	5	2	16.67%	2	1	36	37	0.98	1	1	3	2	0	2	-T
III	970891	T	*/+A	20	2	9.09%	2	1	53	55	0.98	1	1	10	10	0	2	+A
III	970892	C	*/-T	13	2	10%	2	2	44	61	0.98	1	1	6	7	1	1	-T
III	970892	C	*/+T	13	2	10%	2	1	44	49	0.98	1	1	6	7	2	0	-T
III	978229	C	*/+T	21	2	8.7%	2	2	50	55	0.98	1	1	9	12	1	1	+T
III	996949	A	*/-T	19	2	8%	2	2	57	37	0.98	1	1	8	11	1	1	-T
III	996949	A	*/+T	19	3	12%	2	1	57	41	0.98	1	1	8	11	0	3	+T
III	1016311	G	+C/+C	0	51	100%	0	2	0	45	0.98	0	1	0	0	23	28	+C
III	1031006	C	*/+A	31	6	16.22%	2	2	48	43	0.98	1	1	19	12	5	1	+A
III	1068111	G	*/-T	26	5	16.13%	2	2	45	56	0.98	1	1	17	9	4	1	-T
III	1073505	T	*/+ATATAGAG	161	11	6.21%	2	2	52	43	0.98	1	1	97	64	9	2	+ATATAGAG
III	1075530	A	*/+TGGAAGTGGTAAG	155	10	6.06%	2	2	47	49	0.98	1	1	47	108	1	9	+TGGAAGTGGTAAG
III	1079346	A	*/+G	98	16	14.04%	2	2	41	40	0.98	1	1	64	34	15	1	+G
III	1080146	T	*/+ATATAGAG	276	20	6.64%	2	2	44	38	0.98	1	1	97	179	15	5	+ATATAGAG
III	1082171	A	*/+TGGAAGTGGTAAG	132	10	7.04%	2	2	44	44	0.98	1	1	63	69	4	6	+TGGAAGTGGTAAG
III	1084026	A	*/+AGTGGTGATGGTT	60	9	13.04%	2	2	45	42	0.98	1	1	33	27	3	6	+AGTGGTGATGGTT
III	1084121	T	*/-A	29	2	6.45%	2	1	48	55	0.98	1	1	15	14	2	0	-A
III	1087979	A	*/+G	75	10	11.76%	2	2	49	37	0.98	1	1	41	34	4	6	+G
III	1095550	G	*/-T	20	10	22.73%	2	2	43	39	0.98	1	1	15	5	9	1	-T
III	1095550	G	*/-TT	20	7	15.91%	2	2	43	38	0.98	1	1	15	5	6	1	-T
III	1103423	T	*/-A	9	8	32%	2	2	45	44	0.98	1	1	8	1	5	3	-A
III	1103423	T	*/-AA	9	4	16%	2	1	45	55	0.98	1	1	8	1	4	0	-A
III	1103423	T	*/-AAA	9	2	8%	2	1	45	37	0.98	1	1	8	1	2	0	-A
III	1110132	C	*/+TCTCTATA	70	4	5.33%	2	2	46	61	0.98	1	1	42	28	2	2	+TCTCTATA
III	1110963	T	*/+C	79	7	8.14%	2	2	46	47	0.98	1	1	38	41	5	2	+C
III	1114822	A	*/-C	32	2	5.88%	2	2	52	37	0.98	1	1	12	20	1	1	-C
III	1114914	T	*/+ACCACTAACCATC	56	6	9.68%	2	2	48	35	0.98	1	1	31	25	2	4	+ACCACTAACCATC
III	1117723	T	*/+C	81	9	10%	2	2	49	43	0.98	1	1	43	38	7	2	+C
III	1121582	A	*/-C	31	4	11.43%	2	2	52	37	0.98	1	1	16	15	2	2	-C
III	1121674	T	*/+ACCACTAACCATC	50	3	5.66%	2	1	43	49	0.98	1	1	32	18	3	0	+ACCACTAACCATC
III	1128434	T	*/+ACCACTAACCATC	70	5	6.67%	2	2	41	47	0.98	1	1	38	32	1	4	+ACCACTAACCATC
III	1131243	T	*/+C	86	6	6.52%	2	2	46	37	0.98	1	1	34	52	4	2	+C
III	1135194	T	*/+ACCACTAACCATC	58	10	14.29%	2	2	49	51	0.98	1	1	40	18	6	4	+ACCACTAACCATC
III	1168360	T	*/-G	8	4	30.77%	2	2	49	37	0.98	1	1	4	4	3	1	-G
III	1168362	G	*/+A	9	2	16.67%	2	2	41	42	0.98	1	1	6	3	1	1	+A
III	1252505	G	*/+T	18	2	7.41%	2	2	42	42	0.98	1	1	16	2	1	1	+T
III	1338638	T	+AA/+AA	1	16	94.12%	1	2	37	46	0.98	1	1	1	0	7	9	+AA
III	1373557	C	*/+T	25	2	7.41%	2	1	49	37	0.98	1	1	18	7	2	0	+T
III	1395458	G	*/+T	11	2	15.38%	1	1	35	37	0.98	1	1	0	11	0	2	+T
III	1396420	A	*/+TTCATTTCTTTTTCTTTTCT	9	5	35.71%	2	2	42	44	0.98	1	1	6	3	2	3	+TTCATTTCTTTTTCTTTTCT
III	1410521	G	*/+A	9	2	18.18%	2	2	43	48	0.98	1	1	3	6	1	1	+A
III	1421567	T	*/+G	7	4	30.77%	2	1	34	34	0.98	1	1	5	2	4	0	+G
III	1421567	T	*/+GG	7	2	15.38%	2	1	34	37	0.98	1	1	5	2	2	0	+G
III	1444413	G	*/+T	25	2	7.41%	2	2	48	55	0.98	1	1	15	10	1	1	+T
III	1510629	T	*/-A	16	4	18.18%	2	2	39	46	0.98	1	1	10	6	3	1	-A
III	1510629	T	*/+A	16	2	9.09%	2	2	39	74	0.98	1	1	10	6	1	1	-A
III	1547169	C	*/-A	13	2	13.33%	2	1	40	37	0.98	1	1	8	5	2	0	-A
III	1575951	G	*/+T	3	4	57.14%	2	1	40	37	0.98	1	1	2	1	0	4	+T
III	1581366	G	*/-T	12	5	26.32%	2	2	43	34	0.98	1	1	2	10	2	3	-T
III	1581366	G	*/+T	12	2	10.53%	2	2	43	37	0.98	1	1	2	10	1	1	-T
III	1594933	T	*/-A	17	4	16%	2	2	46	52	0.98	1	1	9	8	1	3	-A
III	1594933	T	*/-AA	17	2	8%	2	2	46	37	0.98	1	1	9	8	1	1	-A
III	1674618	C	*/-T	8	4	26.67%	2	2	36	37	0.98	1	1	5	3	1	3	-T
III	1674618	C	*/-TT	8	2	13.33%	2	2	36	36	0.98	1	1	5	3	1	1	-T
III	1684246	A	*/-T	18	2	10%	2	2	42	31	0.98	1	1	11	7	1	1	-T
III	1685487	G	+A/+A	2	32	94.12%	1	2	37	41	0.98	1	1	0	2	16	16	+A
III	1702276	A	*/-T	32	6	15%	2	2	42	53	0.98	1	1	18	14	4	2	-T
III	1712983	G	*/-A	8	7	41.18%	2	2	42	36	0.98	1	1	7	1	5	2	-A
III	1712983	G	*/-AA	8	2	11.76%	2	1	42	49	0.98	1	1	7	1	2	0	-A
III	1753803	C	*/-T	15	2	11.76%	2	2	38	37	0.98	1	1	9	6	1	1	-T
III	1756400	T	-A/-A	0	37	100%	0	2	0	50	0.98	0	1	0	0	13	24	-A
III	1758846	C	*/-A	19	4	15.38%	2	2	46	34	0.98	1	1	15	4	3	1	-A
III	1758846	C	*/+A	19	3	11.54%	2	2	46	49	0.98	1	1	15	4	2	1	-A
III	1759057	C	*/-T	23	2	7.41%	2	1	47	49	0.98	1	1	12	11	0	2	-T
III	1759057	C	*/+T	23	2	7.41%	2	2	47	33	0.98	1	1	12	11	1	1	-T
III	1774235	T	+GATC/+GATC	2	21	87.5%	1	2	49	40	0.98	1	1	2	0	14	7	+GATC
III	1785829	C	*/-A	35	3	7.69%	2	2	51	45	0.98	1	1	24	11	2	1	-A
III	1802522	G	*/-T	19	3	13.64%	2	2	40	49	0.98	1	1	16	3	2	1	-T
III	1810577	G	*/-A	43	4	8.51%	2	2	47	37	0.98	1	1	22	21	2	2	-A
III	1821911	C	*/-A	7	5	26.32%	2	2	34	37	0.98	1	1	6	1	4	1	-A
III	1821911	C	*/-AA	7	4	21.05%	2	2	34	43	0.98	1	1	6	1	3	1	-A
III	1821911	C	*/+A	7	2	10.53%	2	2	34	37	0.98	1	1	6	1	1	1	-A
III	1925626	C	*/-A	9	3	21.43%	2	2	36	45	0.98	1	1	6	3	1	2	-A
III	1929127	A	*/-GG	3	2	33.33%	1	1	33	31	0.98	1	1	3	0	2	0	-GG
III	1947823	A	*/-T	18	3	14.29%	2	1	47	49	0.98	1	1	9	9	3	0	-T
III	1979604	A	*/-T	10	4	26.67%	2	2	46	46	0.98	1	1	8	2	3	1	-T
III	1985119	G	*/-T	14	3	14.29%	2	2	45	37	0.98	1	1	4	10	1	2	-T
III	1985119	G	*/+T	14	3	14.29%	2	2	45	53	0.98	1	1	4	10	1	2	-T
III	2010864	G	*/-TA	46	5	9.8%	2	2	47	37	0.98	1	1	13	33	3	2	-TA
III	2074510	C	*/+T	11	2	15.38%	2	1	43	37	0.98	1	1	9	2	2	0	+T
III	2076412	G	*/-T	9	2	16.67%	2	1	46	55	0.98	1	1	5	4	0	2	-T
III	2076980	A	*/-T	13	3	17.65%	2	2	38	45	0.98	1	1	8	5	1	2	-T
III	2113205	C	*/-T	8	5	29.41%	2	2	40	39	0.98	1	1	5	3	3	2	-T
III	2113205	C	*/-TT	8	2	11.76%	2	2	40	31	0.98	1	1	5	3	1	1	-T
III	2113205	C	*/+T	8	2	11.76%	2	2	40	31	0.98	1	1	5	3	1	1	-T
III	2146041	A	*/-G	30	2	6.25%	2	1	46	31	0.98	1	1	12	18	2	0	-G
III	2157938	C	*/+T	20	2	8.7%	2	2	41	55	0.98	1	1	12	8	1	1	+T
III	2178240	T	*/-A	18	3	13.04%	2	1	38	49	0.98	1	1	10	8	0	3	-A
III	2183757	T	*/+A	24	4	13.79%	2	2	45	52	0.98	1	1	10	14	3	1	+A
III	2219235	A	*/+T	30	2	6.25%	2	1	51	55	0.98	1	1	13	17	0	2	+T
III	2259892	G	*/+T	27	2	6.67%	2	2	46	61	0.98	1	1	14	13	1	1	+T
III	2270459	C	*/-A	19	2	8.7%	2	1	41	37	0.98	1	1	15	4	2	0	-A
III	2270459	C	*/+A	19	2	8.7%	2	1	41	49	0.98	1	1	15	4	2	0	-A
III	2281940	C	*/-T	24	4	14.29%	2	1	49	37	0.98	1	1	15	9	4	0	-T
III	2284394	C	*/-TT	21	2	8.33%	2	1	42	42	0.98	1	1	8	13	0	2	-TT
III	2300104	A	*/-T	9	4	30.77%	2	1	52	37	0.98	1	1	5	4	4	0	-T
III	2309611	T	*/-A	5	3	37.5%	2	2	34	37	0.98	1	1	4	1	1	2	-A
III	2310960	G	*/-A	13	3	18.75%	2	2	44	53	0.98	1	1	4	9	1	2	-A
III	2310968	A	*/+GGT	13	3	18.75%	2	2	44	61	0.98	1	1	4	9	1	2	+GGT
III	2318178	A	*/-T	21	2	8.7%	2	1	48	49	0.98	1	1	8	13	0	2	-T
III	2382013	A	*/-T	15	2	11.76%	2	1	50	37	0.98	1	1	8	7	0	2	-T
III	2382018	A	*/-T	6	5	35.71%	2	2	41	44	0.98	1	1	3	3	4	1	-T
III	2382018	A	*/-TT	6	3	21.43%	2	2	41	49	0.98	1	1	3	3	1	2	-T
III	2410032	C	*/-A	8	3	25%	2	2	35	37	0.98	1	1	5	3	2	1	-A
III	2420241	T	*/-A	14	4	22.22%	2	2	42	58	0.98	1	1	10	4	2	2	-A
III	2443562	A	*/+T	209	12	5.43%	2	1	40	37	0.98	1	1	67	142	0	12	+T
III	2447848	T	*/-A	793	197	11.56%	2	2	43	42	0.98	1	1	597	196	137	60	-A
III	2447848	T	*/+A	793	499	29.28%	2	2	43	43	0.98	1	1	597	196	360	139	+A
III	2447848	T	*/+AA	793	94	5.52%	2	2	43	43	0.98	1	1	597	196	64	30	+A
III	2448309	T	-AA/-AA	66	792	90.41%	2	2	44	43	0.98	1	1	43	23	312	480	-AA
III	2448518	T	*/-A	1038	327	20.51%	2	2	45	45	0.98	1	1	711	327	237	90	-A
III	2448518	T	*/-AA	1038	92	5.77%	2	2	45	44	0.98	1	1	711	327	67	25	-A
III	2448518	T	*/+A	1038	108	6.78%	2	2	45	46	0.98	1	1	711	327	68	40	+A
