Chrom	Position	Ref	Cons	Reads1	Reads2	VarFreq	Strands1	Strands2	Qual1	Qual2	Pvalue	MapQual1	MapQual2	Reads1Plus	Reads1Minus	Reads2Plus	Reads2Minus	VarAllele
chr_II_telomeric_gap	6088	A	*/-T	11	3	20%	2	1	50	37	0.98	1	1	8	3	3	0	-T
chr_II_telomeric_gap	6301	C	*/-AT	22	4	15.38%	2	2	49	46	0.98	1	1	9	13	2	2	-AT
chr_II_telomeric_gap	8538	G	*/-A	4	3	30%	1	1	33	37	0.98	1	1	4	0	3	0	-A
chr_II_telomeric_gap	8538	G	*/+A	4	2	20%	1	1	33	37	0.98	1	1	4	0	2	0	-A
I	3160	A	*/+GTTGTCGTTGTCGTTGTC	65	16	17.58%	2	2	48	45	0.98	1	1	32	33	9	7	+GTTGTCGTTGTCGTTGTC
I	3160	A	*/+GTTGTCGTTGTCGTTGTCGTTGTC	65	8	8.79%	2	2	48	41	0.98	1	1	32	33	5	3	+GTTGTCGTTGTCGTTGTC
I	4047	C	*/-TGTCTCTGTCAT	77	11	12.5%	2	2	42	47	0.98	1	1	40	37	5	6	-TGTCTCTGTCAT
I	4053	C	*/+TGTCAT	59	11	15.07%	2	2	43	46	0.98	1	1	33	26	7	4	+TGTCAT
I	5677	G	*/-A	18	9	20.93%	2	2	39	39	0.98	1	1	15	3	6	3	-A
I	5677	G	*/-AA	18	6	13.95%	2	1	39	37	0.98	1	1	15	3	6	0	-A
I	5677	G	*/+A	18	4	9.3%	2	2	39	39	0.98	1	1	15	3	3	1	-A
I	6357	T	*/-AA	50	15	21.43%	2	2	44	51	0.98	1	1	25	25	5	10	-AA
I	7192	C	*/+A	37	3	5.45%	2	1	45	37	0.98	1	1	28	9	3	0	A
I	7192	C	*/+AA	37	6	10.91%	2	2	45	45	0.98	1	1	28	9	4	2	+AA
I	10859	G	*/-TT	20	10	33.33%	2	2	45	45	0.98	1	1	11	9	3	7	-TT
I	15734	C	*/-A	26	14	31.11%	2	2	40	52	0.98	1	1	23	3	7	7	-A
I	15734	C	*/+A	26	3	6.67%	2	1	40	57	0.98	1	1	23	3	0	3	-A
I	19694	T	*/+A	34	5	12.82%	2	1	53	34	0.98	1	1	15	19	5	0	+A
I	27402	A	*/-C	18	3	12.5%	2	1	35	37	0.98	1	1	6	12	0	3	-C
I	27402	A	*/+CC	18	2	8.33%	2	1	35	31	0.98	1	1	6	12	0	2	-C
I	46164	G	*/-A	25	2	7.41%	2	2	52	37	0.98	1	1	14	11	1	1	-A
I	55244	T	*/-A	14	9	33.33%	2	1	41	34	0.98	1	1	11	3	9	0	-A
I	55244	T	*/-AA	14	4	14.81%	2	1	41	37	0.98	1	1	11	3	4	0	-A
I	99474	C	*/-A	27	2	6.9%	2	2	44	55	0.98	1	1	20	7	1	1	-A
I	101871	A	+G/+G	0	37	94.87%	0	2	0	45	0.98	0	1	0	0	15	22	+G
I	190000	A	*/+T	13	2	13.33%	2	2	45	37	0.98	1	1	9	4	1	1	+T
I	190112	C	*/-A	7	3	21.43%	2	2	38	33	0.98	1	1	6	1	2	1	A
I	206448	C	*/+T	19	2	9.09%	2	2	38	42	0.98	1	1	15	4	1	1	+T
I	216147	C	*/-T	20	5	17.24%	2	2	36	42	0.98	1	1	5	15	4	1	-T
I	216147	C	*/+T	20	3	10.34%	2	2	36	37	0.98	1	1	5	15	1	2	-T
I	232688	T	*/-A	11	4	25%	2	2	50	43	0.98	1	1	10	1	1	3	-A
I	240121	G	+T/+T	3	14	77.78%	2	2	37	52	0.98	1	1	1	2	10	4	+T
I	301305	G	*/-T	23	2	8%	2	1	47	55	0.98	1	1	8	15	0	2	-T
I	315375	G	*/-T	29	2	6.25%	2	2	44	55	0.98	1	1	15	14	1	1	-T
I	440084	T	*/+AA	3	8	66.67%	2	2	37	41	0.98	1	1	2	1	4	4	+AA
I	441614	C	*/-T	10	8	29.63%	2	2	34	44	0.98	1	1	9	1	6	2	-T
I	441614	C	*/-TT	10	2	7.41%	2	2	34	61	0.98	1	1	9	1	1	1	-T
I	441614	C	*/+T	10	7	25.93%	2	2	34	37	0.98	1	1	9	1	6	1	+T
I	453369	G	*/+A	6	2	18.18%	1	1	37	37	0.98	1	1	6	0	2	0	+A
I	453369	G	*/+AA	6	2	18.18%	1	2	37	55	0.98	1	1	6	0	1	1	+A
I	456726	G	*/-T	18	3	12.5%	2	2	41	37	0.98	1	1	15	3	2	1	-T
I	456726	G	*/+T	18	2	8.33%	2	2	41	31	0.98	1	1	15	3	1	1	-T
I	456969	T	*/-A	31	2	6.06%	2	1	46	74	0.98	1	1	12	19	0	2	-A
I	464017	C	*/-A	9	2	16.67%	2	1	39	37	0.98	1	1	3	6	0	2	-A
I	470378	A	-C/-C	0	25	100%	0	2	0	41	0.98	0	1	0	0	13	12	-C
I	470390	A	-C/-C	0	30	100%	0	2	0	46	0.98	0	1	0	0	13	17	-C
I	473427	G	*/+T	6	4	28.57%	2	2	39	58	0.98	1	1	5	1	2	2	+T
I	482737	A	+G/+G	1	35	94.59%	1	2	37	46	0.98	1	1	1	0	19	16	+G
I	486159	G	*/+A	33	2	5.71%	2	2	43	49	0.98	1	1	16	17	1	1	+A
I	521845	T	*/-A	21	6	20.69%	2	2	47	41	0.98	1	1	12	9	1	5	-A
I	521845	T	*/+A	21	2	6.9%	2	1	47	37	0.98	1	1	12	9	0	2	-A
I	528541	C	*/+A	24	2	7.14%	2	2	43	31	0.98	1	1	15	9	1	1	+A
I	554527	A	*/+T	3	8	72.73%	2	2	37	47	0.98	1	1	2	1	4	4	+T
I	562745	A	*/+T	7	3	21.43%	2	2	38	37	0.98	1	1	5	2	1	2	+T
I	562745	A	*/+TT	7	3	21.43%	2	2	38	33	0.98	1	1	5	2	2	1	+T
I	650099	C	*/+A	2	4	57.14%	1	1	37	37	0.98	1	1	2	0	4	0	+A
I	661548	C	*/+T	11	6	31.58%	2	2	43	45	0.98	1	1	6	5	1	5	+T
I	670032	C	+A/+A	1	63	98.44%	1	2	37	52	0.98	1	1	0	1	36	27	+A
I	682993	T	-C/-C	3	40	93.02%	1	2	37	49	0.98	1	1	0	3	15	25	-C
I	765477	A	*/-T	8	3	25%	2	2	40	37	0.98	1	1	3	5	1	2	-T
I	793917	A	*/-T	7	2	20%	1	1	37	37	0.98	1	1	7	0	2	0	-T
I	807903	A	*/-T	14	2	11.76%	2	1	42	37	0.98	1	1	5	9	0	2	-T
I	862962	C	+T/+T	0	18	100%	0	2	0	48	0.98	0	1	0	0	11	7	+T
I	934908	T	*/+AA	14	3	16.67%	2	2	37	33	0.98	1	1	12	2	2	1	+AA
I	960025	G	*/+T	7	10	55.56%	2	2	37	34	0.98	1	1	6	1	4	6	+T
I	965438	C	*/-A	7	3	23.08%	1	2	37	49	0.98	1	1	7	0	2	1	-A
I	965438	C	*/+A	7	3	23.08%	1	1	37	37	0.98	1	1	7	0	3	0	-A
I	1048635	G	*/+A	7	8	53.33%	2	2	47	43	0.98	1	1	4	3	3	5	+A
I	1079583	T	*/+AAAAAAA	1	2	28.57%	1	1	37	37	0.98	1	1	1	0	2	0	+AAAAAAA
I	1079583	T	*/+AAAAAAAA	1	2	28.57%	1	2	37	55	0.98	1	1	1	0	1	1	+AAAAAAA
I	1148104	A	*/+T	3	7	70%	2	2	49	42	0.98	1	1	2	1	5	2	+T
I	1149923	C	*/-A	19	2	8.7%	2	2	46	49	0.98	1	1	10	9	1	1	-A
I	1150640	T	*/+A	33	2	5.71%	2	2	44	37	0.98	1	1	13	20	1	1	+A
I	1152144	C	*/+T	38	3	7.32%	2	2	44	61	0.98	1	1	17	21	2	1	+T
I	1185797	G	*/-A	17	2	8%	2	1	44	42	0.98	1	1	10	7	2	0	-A
I	1185797	G	*/-AA	17	2	8%	2	1	44	31	0.98	1	1	10	7	0	2	-A
I	1185797	G	*/+A	17	2	8%	2	1	44	49	0.98	1	1	10	7	2	0	-A
I	1206603	G	*/-T	49	6	10.71%	2	2	46	49	0.98	1	1	25	24	3	3	-T
I	1236030	G	*/+A	21	2	8.7%	2	2	45	37	0.98	1	1	10	11	1	1	+A
I	1254655	T	*/-A	23	7	20.59%	2	2	39	45	0.98	1	1	18	5	5	2	-A
I	1254655	T	*/+A	23	4	11.76%	2	2	39	43	0.98	1	1	18	5	2	2	-A
I	1255138	C	+T/+T	2	16	88.89%	1	2	55	40	0.98	1	1	2	0	13	3	+T
I	1274803	T	+A/+A	0	23	100%	0	2	0	47	0.98	0	1	0	0	10	13	+A
I	1290605	A	*/-T	18	3	13.04%	2	1	43	49	0.98	1	1	15	3	3	0	-T
I	1290605	A	*/+T	18	2	8.7%	2	1	43	37	0.98	1	1	15	3	2	0	-T
I	1358794	C	*/+A	4	4	50%	2	1	46	34	0.98	1	1	2	2	4	0	+A
I	1399667	T	*/+A	23	2	8%	2	2	51	49	0.98	1	1	9	14	1	1	+A
I	1424708	C	-A/-A	3	21	87.5%	2	2	37	55	0.98	1	1	2	1	13	8	-A
I	1445661	C	*/-T	26	2	7.14%	2	2	49	37	0.98	1	1	17	9	1	1	-T
I	1478066	G	*/-A	25	4	13.33%	2	2	38	43	0.98	1	1	22	3	2	2	-A
I	1496317	C	*/-A	5	13	50%	2	2	44	48	0.98	1	1	1	4	7	6	-A
I	1496317	C	*/-AA	5	6	23.08%	2	2	44	43	0.98	1	1	1	4	2	4	-A
I	1496317	C	*/-AAA	5	2	7.69%	2	2	44	49	0.98	1	1	1	4	1	1	-A
I	1509277	C	*/+T	7	12	60%	2	2	40	48	0.98	1	1	6	1	8	4	+T
I	1541472	G	*/-T	17	5	19.23%	2	2	41	54	0.98	1	1	11	6	2	3	-T
I	1541472	G	*/-TT	17	3	11.54%	2	1	41	49	0.98	1	1	11	6	3	0	-T
I	1551719	A	*/+C	29	2	6.45%	2	1	45	37	0.98	1	1	17	12	2	0	+C
I	1573611	C	+A/+A	2	21	91.3%	1	2	55	44	0.98	1	1	2	0	13	8	+A
I	1595056	C	*/-T	13	4	20%	2	2	35	39	0.98	1	1	11	2	3	1	-T
I	1625092	T	+C/+C	0	24	96%	0	2	0	48	0.98	0	1	0	0	15	9	+C
I	1637927	G	*/-T	14	2	12.5%	2	2	52	31	0.98	1	1	11	3	1	1	-T
I	1702186	T	*/-A	16	2	11.11%	2	2	37	37	0.98	1	1	7	9	1	1	-A
I	1765306	C	*/+A	10	2	14.29%	1	1	35	37	0.98	1	1	10	0	2	0	+A
I	1777634	A	*/-T	11	4	22.22%	2	2	42	39	0.98	1	1	7	4	2	2	-T
I	1777634	A	*/+T	11	3	16.67%	2	1	42	45	0.98	1	1	7	4	3	0	-T
I	1811651	G	*/+A	30	2	6.25%	2	2	45	37	0.98	1	1	19	11	1	1	+A
I	1829371	A	*/-T	13	2	13.33%	2	1	46	42	0.98	1	1	8	5	2	0	-T
I	1848384	C	*/-A	18	2	9.09%	2	2	42	55	0.98	1	1	14	4	1	1	-A
I	1849285	C	*/+T	35	4	9.76%	2	2	47	37	0.98	1	1	16	19	1	3	+T
I	1890184	C	*/-A	15	4	18.18%	2	1	50	58	0.98	1	1	7	8	0	4	-A
I	1890184	C	*/-AA	15	2	9.09%	2	2	50	42	0.98	1	1	7	8	1	1	-A
I	1925428	T	*/-A	22	2	8%	2	2	52	55	0.98	1	1	9	13	1	1	-A
I	1936294	G	+A/+A	1	20	95.24%	1	2	74	44	0.98	1	1	1	0	6	14	+A
I	1943784	A	*/+C	29	2	5.88%	2	1	36	31	0.98	1	1	28	1	0	2	C
I	1952313	A	+T/+T	2	39	95.12%	2	2	55	46	0.98	1	1	1	1	22	17	+T
I	1954162	C	*/-A	10	6	33.33%	2	2	41	57	0.98	1	1	5	5	1	5	-A
I	1955754	C	*/+TT	4	2	22.22%	2	2	36	31	0.98	1	1	3	1	1	1	+TT
I	1955853	T	*/+A	6	6	50%	2	2	31	46	0.98	1	1	3	3	5	1	+A
I	2016958	G	*/-T	18	4	18.18%	2	2	41	37	0.98	1	1	13	5	3	1	-T
I	2025000	C	*/+T	13	7	30.43%	1	2	36	46	0.98	1	1	13	0	5	2	+T
I	2041948	T	*/-A	20	3	10%	2	1	34	37	0.98	1	1	19	1	3	0	-A
I	2041948	T	*/-AA	20	4	13.33%	2	1	34	37	0.98	1	1	19	1	4	0	-AA
I	2041948	T	*/+A	20	2	6.67%	2	2	34	31	0.98	1	1	19	1	1	1	-AA
I	2052488	A	*/-T	19	10	30.3%	2	2	45	42	0.98	1	1	10	9	7	3	-T
I	2052488	A	*/+T	19	2	6.06%	2	2	45	55	0.98	1	1	10	9	1	1	-T
I	2096013	T	*/-A	15	2	11.11%	2	1	54	55	0.98	1	1	11	4	2	0	-A
I	2110988	C	*/-AT	18	2	9.52%	2	1	43	37	0.98	1	1	8	10	0	2	-AT
I	2139856	G	+T/+T	0	10	83.33%	0	2	0	35	0.98	0	1	0	0	7	3	+T
I	2154491	T	+A/+A	0	32	100%	0	2	0	48	0.98	0	1	0	0	12	20	+A
I	2174555	C	*/-A	16	4	17.39%	2	2	42	49	0.98	1	1	11	5	2	2	-A
I	2174555	C	*/+A	16	2	8.7%	2	2	42	42	0.98	1	1	11	5	1	1	-A
I	2178948	C	*/+A	30	3	8.82%	2	2	42	41	0.98	1	1	24	6	2	1	+A
I	2186332	C	*/+T	16	2	11.11%	2	1	39	55	0.98	1	1	5	11	0	2	+T
I	2227870	C	*/-T	9	3	25%	2	1	39	37	0.98	1	1	6	3	3	0	-T
I	2227936	T	*/+AA	2	4	26.67%	1	1	42	43	0.98	1	1	2	0	0	4	+AA
I	2227936	T	*/+AAA	2	5	33.33%	1	2	42	36	0.98	1	1	2	0	1	4	+AAA
I	2227936	T	*/+AAAA	2	2	13.33%	1	2	42	42	0.98	1	1	2	0	1	1	+AAA
I	2231735	C	*/-A	19	2	9.09%	2	2	45	36	0.98	1	1	10	9	1	1	-A
I	2245479	T	*/+C	11	17	41.46%	2	2	51	38	0.98	1	1	7	4	5	12	+C
I	2245479	T	*/+CC	11	9	21.95%	2	2	51	38	0.98	1	1	7	4	4	5	+C
I	2245479	T	*/+CCC	11	3	7.32%	2	1	51	49	0.98	1	1	7	4	0	3	+C
I	2273201	T	*/-A	20	2	7.41%	2	2	38	43	0.98	1	1	10	10	1	1	-A
I	2273201	T	*/-AA	20	2	7.41%	2	2	38	36	0.98	1	1	10	10	1	1	-A
I	2273201	T	*/+A	20	3	11.11%	2	1	38	37	0.98	1	1	10	10	3	0	+A
I	2288240	C	-G/-G	1	24	96%	1	2	74	55	0.98	1	1	1	0	12	12	-G
I	2322636	C	*/-A	28	5	11.36%	1	2	37	42	0.98	1	1	28	0	3	2	-A
I	2322636	C	*/-AA	28	6	13.64%	1	2	37	35	0.98	1	1	28	0	5	1	-AA
I	2322636	C	*/+A	28	3	6.82%	1	1	37	37	0.98	1	1	28	0	3	0	-AA
I	2325657	G	*/+T	37	2	5.13%	2	1	42	37	0.98	1	1	14	23	0	2	+T
I	2327021	C	*/-A	18	3	13.64%	2	2	44	33	0.98	1	1	12	6	1	2	-A
I	2343703	G	+A/+A	1	20	95.24%	1	2	37	42	0.98	1	1	0	1	10	10	+A
I	2413103	A	*/+T	22	2	8.33%	2	2	44	49	0.98	1	1	14	8	1	1	+T
I	2421576	A	-C/-C	2	17	89.47%	2	2	55	52	0.98	1	1	1	1	12	5	-C
I	2443651	C	*/-A	26	2	7.14%	2	1	44	37	0.98	1	1	18	8	2	0	-A
I	2499149	A	-T/-T	1	24	96%	1	2	37	47	0.98	1	1	1	0	9	15	-T
I	2507462	T	+A/+A	2	33	94.29%	2	2	55	41	0.98	1	1	1	1	21	12	+A
I	2510060	T	*/+A	3	8	66.67%	1	2	49	41	0.98	1	1	0	3	4	4	+A
I	2520612	G	*/+T	33	3	8.11%	2	2	50	36	0.98	1	1	19	14	1	2	+T
I	2525300	T	*/-A	20	3	11.11%	2	2	48	37	0.98	1	1	10	10	2	1	-A
I	2525300	T	*/+A	20	4	14.81%	2	2	48	55	0.98	1	1	10	10	1	3	+A
I	2525713	C	*/-T	32	6	13.95%	2	2	42	36	0.98	1	1	23	9	4	2	-T
I	2556743	G	*/-A	15	2	11.76%	1	1	36	74	0.98	1	1	15	0	2	0	-A
I	2578262	T	*/-A	15	7	31.82%	2	2	54	47	0.98	1	1	9	6	3	4	-A
I	2588021	C	+A/+A	1	13	92.86%	1	2	37	41	0.98	1	1	0	1	6	7	+A
I	2588066	C	+A/+A	0	11	100%	0	2	0	50	0.98	0	1	0	0	6	5	+A
I	2594263	C	+T/+T	1	14	87.5%	1	2	74	50	0.98	1	1	0	1	6	8	+T
I	2594324	T	+A/+A	0	14	100%	0	2	0	52	0.98	0	1	0	0	11	3	+A
I	2594351	T	+A/+A	0	12	100%	0	2	0	51	0.98	0	1	0	0	10	2	+A
I	2594391	A	+T/+T	0	11	100%	0	2	0	57	0.98	0	1	0	0	8	3	+T
I	2601487	T	*/-A	40	3	6.98%	2	2	43	37	0.98	1	1	11	29	1	2	-A
I	2605860	G	-T/-T	3	47	94%	1	2	37	43	0.98	1	1	0	3	10	37	-T
I	2607669	A	+T/+T	1	36	97.3%	1	2	74	42	0.98	1	1	1	0	26	10	+T
I	2641994	T	*/+A	11	2	15.38%	2	1	42	25	0.98	1	1	5	6	0	2	+A
I	2641998	C	*/+T	3	2	28.57%	1	1	27	37	0.98	1	1	3	0	2	0	+T
I	2683902	T	-C/-C	1	20	95.24%	1	2	25	48	0.98	1	1	0	1	6	14	-C
I	2689254	A	*/+T	10	2	15.38%	2	1	49	49	0.98	1	1	7	3	0	2	+T
I	2747027	T	*/-A	10	6	33.33%	2	2	37	45	0.98	1	1	4	6	1	5	-A
I	2747027	T	*/+A	10	2	11.11%	2	1	37	42	0.98	1	1	4	6	2	0	-A
I	2751236	T	-A/-A	2	31	77.5%	2	2	37	45	0.98	1	1	1	1	11	20	-A
I	2751236	T	*/-AA	2	5	12.5%	2	2	37	49	0.98	1	1	1	1	2	3	-A
I	2751236	T	*/-AAA	2	2	5%	2	1	37	37	0.98	1	1	1	1	0	2	-A
I	2759871	T	+C/+C	1	12	80%	1	2	25	52	0.98	1	1	1	0	6	6	+C
I	2812650	C	*/-T	25	3	10.71%	2	2	41	37	0.98	1	1	14	11	2	1	-T
I	2897634	G	*/-TA	46	4	8%	2	1	56	46	0.98	1	1	17	29	4	0	-TA
I	2902171	G	*/-T	32	2	5.88%	2	2	44	74	0.98	1	1	18	14	1	1	-T
I	2907177	C	*/-A	30	2	6.06%	2	1	45	55	0.98	1	1	10	20	2	0	-A
I	2959752	A	*/-T	8	3	20%	2	1	38	37	0.98	1	1	6	2	3	0	-T
I	2959752	A	*/+T	8	2	13.33%	2	2	38	37	0.98	1	1	6	2	1	1	-T
I	2960782	C	*/+T	6	14	63.64%	2	2	43	51	0.98	1	1	2	4	10	4	+T
I	3008973	C	*/+A	30	2	6.25%	2	2	45	55	0.98	1	1	21	9	1	1	+A
I	3033347	C	*/-T	24	3	9.09%	2	2	40	33	0.98	1	1	19	5	2	1	-T
I	3033347	C	*/+T	24	3	9.09%	2	2	40	37	0.98	1	1	19	5	1	2	-T
I	3033347	C	*/+TT	24	2	6.06%	2	2	40	29	0.98	1	1	19	5	1	1	-T
I	3125118	A	+T/+T	1	16	94.12%	1	2	37	43	0.98	1	1	0	1	11	5	+T
I	3144699	T	*/-A	15	6	18.75%	2	2	50	45	0.98	1	1	10	5	3	3	-A
I	3144699	T	*/-AA	15	3	9.38%	2	1	50	57	0.98	1	1	10	5	0	3	-A
I	3144699	T	*/-AAA	15	2	6.25%	2	1	50	42	0.98	1	1	10	5	2	0	-A
I	3144699	T	*/+A	15	5	15.62%	2	2	50	36	0.98	1	1	10	5	2	3	+A
I	3159187	C	*/-CA	56	5	8.06%	2	2	51	42	0.98	1	1	22	34	3	2	-CA
I	3166776	G	*/+TT	2	5	20%	1	2	37	36	0.98	1	1	2	0	4	1	+TT
I	3166776	G	*/+TTT	2	14	56%	1	2	37	35	0.98	1	1	2	0	12	2	+TTT
I	3166776	G	*/+TTTT	2	2	8%	1	1	37	49	0.98	1	1	2	0	2	0	+TTT
I	3178494	C	+T/+T	2	26	92.86%	1	2	74	42	0.98	1	1	2	0	20	6	+T
I	3184255	T	*/-A	17	2	9.09%	2	1	43	74	0.98	1	1	4	13	0	2	-A
I	3184255	T	*/+A	17	2	9.09%	2	2	43	55	0.98	1	1	4	13	1	1	-A
I	3197528	A	+G/+G	0	40	100%	0	2	0	41	0.98	0	1	0	0	17	23	+G
I	3303394	C	*/-AT	18	3	12.5%	2	1	46	61	0.98	1	1	6	12	0	3	-AT
I	3303394	C	*/-ATAT	18	2	8.33%	2	2	46	37	0.98	1	1	6	12	1	1	-AT
I	3322659	C	*/+T	36	2	5.26%	2	2	42	42	0.98	1	1	25	11	1	1	+T
I	3383423	C	*/+A	20	2	9.09%	2	2	41	55	0.98	1	1	7	13	1	1	+A
I	3404612	C	*/-T	4	4	40%	2	2	43	39	0.98	1	1	3	1	2	2	-T
I	3410124	A	*/-T	14	2	12.5%	2	1	40	55	0.98	1	1	3	11	0	2	-T
I	3450130	G	-T/-T	2	24	92.31%	1	2	37	43	0.98	1	1	0	2	13	11	-T
I	3460318	T	+C/+C	1	17	94.44%	1	2	37	49	0.98	1	1	0	1	9	8	+C
I	3462650	A	*/-T	16	2	10%	2	1	43	37	0.98	1	1	9	7	0	2	-T
I	3477396	C	*/-A	17	2	10%	2	2	44	37	0.98	1	1	11	6	1	1	-A
I	3478592	A	*/-T	28	2	6.45%	2	1	44	37	0.98	1	1	21	7	2	0	-T
I	3538413	A	+T/+T	1	27	93.1%	1	2	37	46	0.98	1	1	0	1	10	17	+T
I	3538428	G	+T/+T	4	23	85.19%	2	2	37	49	0.98	1	1	2	2	7	16	+T
I	3538436	T	+A/+A	1	22	95.65%	1	2	37	50	0.98	1	1	0	1	7	15	+A
I	3538449	T	+TA/+TA	2	16	88.89%	1	2	55	48	0.98	1	1	0	2	6	10	+TA
I	3538456	A	+AT/+AT	0	17	100%	0	2	0	47	0.98	0	1	0	0	6	11	+AT
I	3548532	G	*/+T	6	2	25%	2	1	40	49	0.98	1	1	4	2	2	0	+T
I	3574812	C	*/+A	18	2	9.52%	2	1	48	42	0.98	1	1	8	10	0	2	+A
I	3575205	C	*/-A	10	3	20%	2	1	40	37	0.98	1	1	8	2	3	0	-A
I	3576627	C	-T/-T	1	3	75%	1	2	37	37	0.98	1	1	1	0	1	2	-T
I	3576756	T	*/+TCTTCTC	0	5	62.5%	0	1	0	37	0.98	0	1	0	0	0	5	+TCTTCTC
I	3576929	C	+T/+T	2	12	85.71%	2	2	31	44	0.98	1	1	1	1	6	6	+T
I	3578504	A	+T/+T	2	6	75%	1	2	37	37	0.98	1	1	2	0	4	2	+T
I	3580034	C	*/+T	8	8	38.1%	2	2	34	35	0.98	1	1	5	3	7	1	+T
I	3580034	C	*/+TT	8	3	14.29%	2	2	34	57	0.98	1	1	5	3	1	2	+T
I	3609896	T	*/-A	5	2	20%	2	1	34	37	0.98	1	1	3	2	2	0	-A
I	3609896	T	*/+A	5	2	20%	2	2	34	37	0.98	1	1	3	2	1	1	-A
I	3610396	C	*/+T	7	2	18.18%	2	1	32	31	0.98	1	1	5	2	2	0	+T
I	3620274	G	*/-T	34	2	5.56%	2	2	46	37	0.98	1	1	21	13	1	1	-T
I	3659724	C	*/-T	21	4	13.33%	2	2	45	49	0.98	1	1	14	7	1	3	-T
I	3659724	C	*/+T	21	5	16.67%	2	2	45	41	0.98	1	1	14	7	3	2	+T
I	3665610	G	+C/+C	0	63	100%	0	2	0	44	0.98	0	1	0	0	33	30	+C
I	3696326	G	*/+T	19	2	9.09%	2	2	46	55	0.98	1	1	10	9	1	1	+T
I	3700385	T	*/+A	4	5	17.86%	1	2	49	39	0.98	1	1	4	0	3	2	+A
I	3700385	T	*/+AA	4	12	42.86%	1	2	49	52	0.98	1	1	4	0	4	8	+AA
I	3700385	T	*/+AAA	4	3	10.71%	1	1	49	37	0.98	1	1	4	0	3	0	+AA
I	3730369	A	+T/+T	0	18	100%	0	2	0	43	0.98	0	1	0	0	13	5	+T
I	3745734	A	*/-AT	11	2	15.38%	2	2	53	37	0.98	1	1	4	7	1	1	-AT
I	3747502	T	*/-AG	28	2	6.67%	2	2	46	37	0.98	1	1	16	12	1	1	-AG
I	3765328	C	*/+T	4	6	54.55%	2	2	46	47	0.98	1	1	2	2	4	2	+T
I	3776888	C	*/-T	16	3	15.79%	2	2	42	49	0.98	1	1	13	3	2	1	-T
I	3776933	G	+A/+A	2	14	82.35%	1	2	31	45	0.98	1	1	2	0	4	10	+A
I	3785886	G	*/-TATAT	39	21	35%	2	2	45	50	0.98	1	1	12	27	10	11	-TATAT
I	3825510	G	*/-T	29	2	6.06%	2	2	42	42	0.98	1	1	18	11	1	1	-T
I	3830510	A	+T/+T	1	27	93.1%	1	2	74	45	0.98	1	1	1	0	14	13	+T
I	3846638	G	-C/-C	2	41	95.35%	2	2	37	52	0.98	1	1	1	1	20	21	-C
I	3850523	C	*/-T	23	4	14.29%	2	2	44	46	0.98	1	1	13	10	2	2	-T
I	3855790	G	-T/-T	2	18	90%	2	2	55	43	0.98	1	1	1	1	8	10	-T
I	3866132	G	*/-TA	21	2	8.33%	2	2	42	42	0.98	1	1	5	16	1	1	-TA
I	3870142	A	*/+C	21	2	8.33%	2	1	41	31	0.98	1	1	8	13	0	2	+C
I	3877380	G	*/+AA	25	3	10.71%	2	1	45	53	0.98	1	1	9	16	3	0	+AA
I	3878306	T	*/+A	15	2	11.76%	2	2	47	49	0.98	1	1	10	5	1	1	+A
I	3879465	T	*/-A	22	2	7.69%	2	1	50	68	0.98	1	1	9	13	2	0	-A
I	3879465	T	*/+A	22	2	7.69%	2	1	50	55	0.98	1	1	9	13	0	2	-A
I	3910600	T	*/-A	29	2	6.25%	2	2	38	42	0.98	1	1	23	6	1	1	-A
I	3934357	T	*/+A	40	3	6.98%	2	2	46	45	0.98	1	1	21	19	1	2	+A
I	3940025	G	+T/+T	0	21	91.3%	0	2	0	51	0.98	0	1	0	0	4	17	+T
I	3984736	A	*/-GGT	145	16	9.94%	2	1	45	37	0.98	1	1	40	105	0	16	-GGT
I	3992045	G	*/+A	22	3	12%	2	1	44	37	0.98	1	1	18	4	3	0	+A
I	3992211	A	*/-AAC	19	2	9.52%	2	2	48	55	0.98	1	1	8	11	1	1	-AAC
I	3992212	A	*/-AC	20	3	13.04%	2	1	43	37	0.98	1	1	10	10	0	3	-AC
I	3992213	A	*/-C	15	3	16.67%	2	2	43	45	0.98	1	1	5	10	2	1	-C
I	3995023	C	*/-T	6	2	15.38%	2	1	36	43	0.98	1	1	4	2	2	0	-T
I	3995023	C	*/+T	6	2	15.38%	2	1	36	37	0.98	1	1	4	2	2	0	-T
I	4004016	G	*/-T	7	10	50%	2	2	42	55	0.98	1	1	2	5	2	8	-T
I	4004016	G	*/-TT	7	2	10%	2	2	42	37	0.98	1	1	2	5	1	1	-T
I	4010237	A	*/+G	8	3	20%	1	1	32	37	0.98	1	1	8	0	3	0	+G
I	4010237	A	*/+GG	8	3	20%	1	1	32	37	0.98	1	1	8	0	3	0	+G
I	4055052	T	+A/+A	4	27	84.38%	1	2	37	45	0.98	1	1	4	0	18	9	+A
I	4098272	C	*/-T	36	3	7.5%	2	1	44	45	0.98	1	1	21	15	3	0	-T
I	4140001	G	*/-T	13	6	31.58%	2	2	36	51	0.98	1	1	4	9	2	4	-T
I	4153651	C	*/+T	3	9	69.23%	2	2	49	38	0.98	1	1	2	1	8	1	+T
I	4179641	C	*/+A	9	3	23.08%	1	1	41	37	0.98	1	1	9	0	3	0	+A
I	4179701	C	*/+T	4	4	50%	1	2	40	31	0.98	1	1	4	0	3	1	+T
I	4232991	G	*/+GATA	13	36	64.29%	2	2	48	37	0.98	1	1	5	8	31	5	+GATA
I	4235292	C	*/+ATCGT	30	2	6.06%	2	1	48	37	0.98	1	1	13	17	0	2	+ATCGT
I	4241118	G	*/-A	16	12	30.77%	2	2	42	45	0.98	1	1	14	2	7	5	-A
I	4241118	G	*/-AA	16	7	17.95%	2	2	42	37	0.98	1	1	14	2	3	4	-A
I	4241118	G	*/+A	16	2	5.13%	2	1	42	31	0.98	1	1	14	2	0	2	-A
I	4276890	G	+T/+T	2	15	88.24%	2	2	49	42	0.98	1	1	1	1	8	7	+T
I	4297973	G	*/-T	17	2	10%	2	1	42	37	0.98	1	1	6	11	0	2	-T
I	4304169	G	+A/+A	0	15	100%	0	2	0	45	0.98	0	1	0	0	8	7	+A
I	4343652	T	*/-A	21	2	8.7%	2	1	39	31	0.98	1	1	9	12	2	0	-A
I	4374342	A	-G/-G	0	55	100%	0	2	0	48	0.98	0	1	0	0	35	20	-G
I	4386268	G	*/-AA	5	2	20%	1	1	51	55	0.98	1	1	5	0	2	0	-AA
I	4407494	T	+G/+G	0	31	100%	0	2	0	48	0.98	0	1	0	0	15	16	+G
I	4410191	C	-G/-G	0	28	100%	0	2	0	40	0.98	0	1	0	0	17	11	-G
I	4414201	C	*/-T	5	3	30%	1	2	41	53	0.98	1	1	5	0	1	2	-T
I	4414201	C	*/-TT	5	2	20%	1	2	41	61	0.98	1	1	5	0	1	1	-T
I	4431856	G	+A/+A	6	42	87.5%	2	2	61	44	0.98	1	1	5	1	14	28	+A
I	4431868	C	+A/+A	0	45	100%	0	2	0	42	0.98	0	1	0	0	15	30	+A
I	4442621	A	*/-AT	49	8	13.56%	2	2	50	49	0.98	1	1	33	16	4	4	-AT
I	4455149	G	+A/+A	1	8	88.89%	1	2	37	50	0.98	1	1	0	1	6	2	+A
I	4514478	T	*/-A	7	4	33.33%	1	1	45	37	0.98	1	1	7	0	4	0	-A
I	4604649	C	*/-T	12	2	11.76%	2	1	36	37	0.98	1	1	11	1	2	0	-T
I	4604649	C	*/-TT	12	2	11.76%	2	2	36	42	0.98	1	1	11	1	1	1	-T
I	4606489	C	*/-T	25	2	7.41%	2	1	42	74	0.98	1	1	12	13	0	2	-T
I	4648158	T	*/-TGG	27	2	6.9%	2	2	46	37	0.98	1	1	18	9	1	1	-TGG
I	4648159	T	*/-G	9	14	53.85%	2	2	47	50	0.98	1	1	7	2	8	6	-G
I	4648159	T	*/-GG	9	3	11.54%	2	2	47	41	0.98	1	1	7	2	1	2	-G
I	4652678	A	*/-T	25	2	7.41%	2	2	47	55	0.98	1	1	20	5	1	1	-T
I	4672950	A	*/-T	18	2	10%	2	1	43	49	0.98	1	1	12	6	0	2	-T
I	4721875	G	+A/+A	2	11	84.62%	1	2	55	46	0.98	1	1	0	2	5	6	+A
I	4760698	T	*/-A	15	5	25%	2	2	44	37	0.98	1	1	11	4	2	3	-A
I	4764248	A	*/+T	28	4	12.5%	2	1	51	39	0.98	1	1	18	10	0	4	+T
I	4764253	G	*/+A	7	20	62.5%	2	2	44	49	0.98	1	1	4	3	12	8	+A
I	4764253	G	*/+AA	7	2	6.25%	2	1	44	37	0.98	1	1	4	3	2	0	+A
I	4781861	G	*/-T	30	4	11.11%	2	2	45	55	0.98	1	1	18	12	2	2	-T
I	4781861	G	*/+T	30	2	5.56%	2	2	45	37	0.98	1	1	18	12	1	1	-T
I	4782054	C	*/-T	23	2	8%	2	2	49	31	0.98	1	1	11	12	1	1	-T
I	4869203	C	*/+A	20	2	9.09%	2	1	41	42	0.98	1	1	6	14	0	2	+A
I	4911431	G	*/+T	15	2	11.76%	1	2	37	31	0.98	1	1	15	0	1	1	+T
I	4916623	C	*/-AA	14	3	15.79%	2	2	40	36	0.98	1	1	9	5	1	2	-AA
I	4926045	T	*/+A	25	3	10.71%	2	1	43	37	0.98	1	1	18	7	0	3	+A
I	4926046	C	*/+T	8	12	50%	2	1	38	39	0.98	1	1	6	2	12	0	+T
I	4926046	C	*/+TT	8	2	8.33%	2	2	38	42	0.98	1	1	6	2	1	1	+T
I	4977831	A	*/+TT	34	2	5.56%	2	1	50	37	0.98	1	1	17	17	0	2	+TT
I	4984784	A	*/-T	15	3	14.29%	2	2	38	49	0.98	1	1	10	5	2	1	-T
I	4984784	A	*/-TT	15	2	9.52%	2	1	38	37	0.98	1	1	10	5	2	0	-T
I	5002717	C	*/-A	20	2	7.14%	2	2	43	31	0.98	1	1	11	9	1	1	-A
I	5002717	C	*/+A	20	6	21.43%	2	2	43	49	0.98	1	1	11	9	4	2	+A
I	5060109	A	*/-T	23	3	11.11%	2	1	47	49	0.98	1	1	12	11	0	3	-T
I	5073240	G	*/+A	11	2	15.38%	2	2	51	74	0.98	1	1	4	7	1	1	+A
I	5078846	C	*/+T	22	2	8.33%	2	1	43	36	0.98	1	1	10	12	0	2	+T
I	5078848	G	*/-A	20	2	7.69%	2	1	43	37	0.98	1	1	9	11	0	2	-A
I	5078848	G	*/+A	20	2	7.69%	2	1	43	33	0.98	1	1	9	11	2	0	-A
I	5096441	A	*/-G	8	2	18.18%	2	1	40	31	0.98	1	1	5	3	0	2	-G
I	5117187	C	*/-T	32	2	5.88%	2	1	40	55	0.98	1	1	18	14	0	2	-T
I	5142627	A	+G/+G	3	26	89.66%	2	2	37	46	0.98	1	1	2	1	10	16	+G
I	5148414	T	-A/-A	1	34	97.14%	1	2	37	48	0.98	1	1	1	0	13	21	-A
I	5155608	C	*/-A	5	3	37.5%	1	1	37	40	0.98	1	1	5	0	0	3	-A
I	5159554	C	*/-T	36	4	9.76%	2	2	45	49	0.98	1	1	13	23	2	2	-T
I	5160247	C	*/+TT	3	10	71.43%	2	2	49	44	0.98	1	1	2	1	3	7	+TT
I	5173087	C	+T/+T	4	27	81.82%	2	2	37	43	0.98	1	1	2	2	9	18	+T
I	5173430	G	*/+T	5	16	64%	2	2	49	45	0.98	1	1	4	1	9	7	+T
I	5173430	G	*/+TT	5	4	16%	2	2	49	46	0.98	1	1	4	1	1	3	+T
I	5176926	T	*/+A	2	9	69.23%	1	2	37	45	0.98	1	1	0	2	3	6	+A
I	5177760	A	*/-T	12	3	14.29%	2	1	39	53	0.98	1	1	11	1	0	3	-T
I	5177760	A	*/-TT	12	2	9.52%	2	2	39	55	0.98	1	1	11	1	1	1	-T
I	5177760	A	*/+T	12	2	9.52%	2	2	39	42	0.98	1	1	11	1	1	1	-T
I	5181376	A	*/-T	25	2	6.9%	2	2	50	55	0.98	1	1	14	11	1	1	-T
I	5181376	A	*/+T	25	2	6.9%	2	1	50	55	0.98	1	1	14	11	2	0	-T
I	5181832	G	*/-T	9	2	18.18%	2	2	49	37	0.98	1	1	4	5	1	1	-T
I	5266596	A	*/-T	33	5	12.82%	2	2	46	44	0.98	1	1	20	13	4	1	-T
I	5322005	G	+T/+T	1	10	90.91%	1	2	37	49	0.98	1	1	1	0	9	1	+T
I	5363995	C	*/+A	31	3	8.82%	2	2	55	49	0.98	1	1	18	13	1	2	+A
I	5368262	T	-C/-C	6	52	89.66%	2	2	53	51	0.98	1	1	4	2	21	31	-C
I	5368273	G	+T/+T	1	52	96.3%	1	2	37	51	0.98	1	1	1	0	22	30	+T
I	5426622	C	+T/+T	5	21	80.77%	1	2	36	52	0.98	1	1	5	0	13	8	+T
I	5435210	C	*/-T	29	2	6.25%	2	1	40	55	0.98	1	1	18	11	2	0	-T
I	5547223	T	*/-A	15	6	28.57%	2	1	42	43	0.98	1	1	8	7	6	0	-A
I	5557287	A	*/-TT	12	2	11.76%	2	1	39	55	0.98	1	1	9	3	0	2	-TT
I	5557287	A	*/+T	12	2	11.76%	2	2	39	37	0.98	1	1	9	3	1	1	-TT
I	5557983	A	*/-T	15	2	11.76%	2	1	39	49	0.98	1	1	6	9	2	0	-T
I	5559279	T	*/-G	2	2	50%	2	2	37	37	0.98	1	1	1	1	1	1	-G
I	5559365	C	*/-T	6	3	33.33%	2	2	41	49	0.98	1	1	4	2	2	1	-T
I	5564950	C	*/-T	4	2	33.33%	2	2	34	31	0.98	1	1	3	1	1	1	-T
I	5567937	C	*/-A	22	2	7.69%	2	1	39	37	0.98	1	1	12	10	2	0	-A
I	5567937	C	*/+A	22	2	7.69%	2	1	39	37	0.98	1	1	12	10	2	0	-A
I	5568055	C	*/-T	25	2	7.41%	2	1	43	31	0.98	1	1	16	9	2	0	-T
I	5570823	C	*/-A	9	2	16.67%	2	2	36	37	0.98	1	1	6	3	1	1	-A
I	5572022	A	*/-T	35	3	7.89%	2	1	44	33	0.98	1	1	10	25	0	3	-T
I	5576850	T	*/-AA	21	10	32.26%	2	2	39	53	0.98	1	1	15	6	5	5	-AA
II	5299	G	*/-T	15	3	15.79%	2	2	43	61	0.98	1	1	10	5	1	2	-T
II	7268	G	*/-T	25	2	7.41%	2	1	41	37	0.98	1	1	16	9	2	0	-T
II	10254	T	*/-A	13	2	13.33%	2	2	43	37	0.98	1	1	11	2	1	1	-A
II	15830	T	*/+A	9	3	23.08%	2	1	38	37	0.98	1	1	2	7	3	0	+A
II	23557	G	*/-A	12	5	29.41%	2	2	34	39	0.98	1	1	8	4	4	1	-A
II	113240	T	*/+A	10	2	15.38%	2	1	44	31	0.98	1	1	8	2	0	2	+A
II	128001	T	-A/-A	3	24	88.89%	2	2	45	42	0.98	1	1	1	2	19	5	-A
II	146079	T	-C/-C	2	28	93.33%	1	2	31	43	0.98	1	1	0	2	13	15	-C
II	201022	A	*/-T	17	4	16.67%	2	2	50	43	0.98	1	1	5	12	1	3	-T
II	201022	A	*/+T	17	2	8.33%	2	2	50	42	0.98	1	1	5	12	1	1	-T
II	229897	A	*/-T	23	7	18.42%	2	2	38	53	0.98	1	1	20	3	4	3	-T
II	229897	A	*/-TT	23	4	10.53%	2	1	38	40	0.98	1	1	20	3	4	0	-T
II	229897	A	*/+T	23	4	10.53%	2	2	38	27	0.98	1	1	20	3	2	2	-T
II	320661	G	*/-A	40	3	6.67%	2	2	50	31	0.98	1	1	22	18	1	2	-A
II	365357	C	*/-T	16	3	15%	2	2	38	37	0.98	1	1	10	6	2	1	-T
II	410085	C	*/-T	14	4	20%	2	2	41	46	0.98	1	1	12	2	2	2	-T
II	484534	A	*/+T	4	10	66.67%	2	2	43	39	0.98	1	1	2	2	5	5	+T
II	488911	A	*/-T	30	3	9.09%	2	1	48	53	0.98	1	1	12	18	3	0	-T
II	516071	T	*/-A	18	4	16.67%	2	2	48	37	0.98	1	1	12	6	2	2	-A
II	516071	T	*/+A	18	2	8.33%	2	1	48	37	0.98	1	1	12	6	2	0	-A
II	521731	G	*/-T	30	2	6.06%	2	2	49	55	0.98	1	1	17	13	1	1	-T
II	577759	A	*/+CTATG	29	9	23.68%	2	2	50	37	0.98	1	1	11	18	5	4	+CTATG
II	603279	A	-T/-T	0	22	100%	0	2	0	43	0.98	0	1	0	0	12	10	-T
II	603305	A	-C/-C	2	24	92.31%	2	2	37	47	0.98	1	1	1	1	10	14	-C
II	603544	C	*/-A	29	2	6.45%	2	2	50	49	0.98	1	1	20	9	1	1	-A
II	673086	G	*/-A	6	5	31.25%	2	2	37	51	0.98	1	1	5	1	3	2	-A
II	673086	G	*/-AA	6	2	12.5%	2	1	37	42	0.98	1	1	5	1	2	0	-A
II	673086	G	*/+A	6	2	12.5%	2	2	37	55	0.98	1	1	5	1	1	1	-A
II	674090	T	*/+A	13	2	13.33%	2	1	43	37	0.98	1	1	9	4	2	0	+A
II	677175	G	*/-TA	36	3	7.69%	2	2	48	45	0.98	1	1	16	20	2	1	-TA
II	700009	T	-A/-A	4	16	80%	2	2	46	37	0.98	1	1	3	1	3	13	-A
II	716295	G	*/-T	18	7	25%	2	2	40	49	0.98	1	1	13	5	3	4	-T
II	753854	A	*/-T	14	5	20%	2	2	39	34	0.98	1	1	12	2	4	1	-T
II	753854	A	*/+T	14	5	20%	2	2	39	39	0.98	1	1	12	2	3	2	-T
II	756993	C	*/-T	16	3	13.04%	2	2	39	53	0.98	1	1	10	6	2	1	-T
II	756993	C	*/+T	16	3	13.04%	2	2	39	53	0.98	1	1	10	6	2	1	-T
II	819361	C	*/-A	21	2	8.33%	1	1	37	37	0.98	1	1	21	0	2	0	-A
II	837446	C	*/+T	3	2	33.33%	1	1	45	31	0.98	1	1	3	0	2	0	+T
II	842330	G	*/-A	28	3	9.38%	2	2	44	37	0.98	1	1	16	12	1	2	-A
II	847457	G	*/-A	14	2	12.5%	2	1	37	37	0.98	1	1	13	1	2	0	-A
II	888599	A	-C/-C	0	18	100%	0	2	0	45	0.98	0	1	0	0	10	8	-C
II	889921	C	*/-T	21	2	8.33%	2	1	37	31	0.98	1	1	20	1	2	0	-T
II	890578	C	*/-T	18	3	14.29%	2	2	38	37	0.98	1	1	15	3	2	1	-T
II	891833	C	*/+T	16	2	11.11%	2	2	50	37	0.98	1	1	12	4	1	1	+T
II	903106	G	+T/+T	1	29	96.67%	1	2	37	36	0.98	1	1	0	1	9	20	+T
II	948303	T	*/-A	24	4	13.79%	2	2	46	43	0.98	1	1	15	9	2	2	-A
II	965517	C	*/-T	16	3	13.04%	2	2	40	49	0.98	1	1	13	3	2	1	-T
II	965517	C	*/+T	16	4	17.39%	2	2	40	43	0.98	1	1	13	3	3	1	+T
II	970204	G	*/+A	36	2	5.26%	2	2	49	74	0.98	1	1	21	15	1	1	+A
II	1012970	C	*/+A	16	2	11.11%	2	2	47	49	0.98	1	1	7	9	1	1	+A
II	1019510	T	*/-A	6	9	45%	2	2	39	43	0.98	1	1	4	2	4	5	-A
II	1019510	T	*/-AA	6	5	25%	2	2	39	42	0.98	1	1	4	2	3	2	-A
II	1059118	T	*/-A	27	3	10%	2	2	46	37	0.98	1	1	6	21	1	2	-A
II	1069791	C	*/-A	31	4	10.53%	2	2	44	37	0.98	1	1	20	11	3	1	-A
II	1069791	C	*/+A	31	3	7.89%	2	2	44	55	0.98	1	1	20	11	2	1	-A
II	1078264	T	*/-A	28	4	12.12%	2	2	42	37	0.98	1	1	17	11	3	1	-A
II	1079843	T	+A/+A	1	11	84.62%	1	2	37	41	0.98	1	1	0	1	8	3	+A
II	1104941	G	*/-T	14	2	11.11%	2	1	42	42	0.98	1	1	11	3	2	0	-T
II	1122580	C	*/-T	51	3	5.45%	2	2	45	61	0.98	1	1	28	23	1	2	-T
II	1123301	C	*/+T	31	2	6.06%	2	2	48	55	0.98	1	1	19	12	1	1	+T
II	1140902	C	*/-T	27	2	6.9%	2	1	51	49	0.98	1	1	16	11	0	2	-T
II	1141304	C	*/+A	22	2	8%	2	1	49	55	0.98	1	1	8	14	2	0	+A
II	1147442	A	*/-T	22	2	8%	2	2	47	37	0.98	1	1	17	5	1	1	-T
II	1163154	A	-T/-T	3	23	88.46%	2	2	49	42	0.98	1	1	1	2	14	9	-T
II	1171363	T	*/-A	23	3	11.11%	2	2	45	61	0.98	1	1	18	5	1	2	-A
II	1187785	G	*/-T	23	5	17.86%	2	2	43	39	0.98	1	1	10	13	2	3	-T
II	1225665	T	*/-A	23	2	7.69%	2	1	41	37	0.98	1	1	14	9	2	0	-A
II	1243365	G	*/-T	30	6	16.67%	2	2	40	45	0.98	1	1	12	18	2	4	-T
II	1266289	T	+A/+A	2	14	82.35%	1	2	49	51	0.98	1	1	2	0	3	11	+A
II	1266955	G	*/-GA	61	7	10.29%	2	2	47	47	0.98	1	1	29	32	4	3	-GA
II	1269360	G	*/+T	26	2	7.14%	2	1	43	37	0.98	1	1	19	7	2	0	+T
II	1277481	G	*/+T	5	2	14.29%	1	1	37	37	0.98	1	1	5	0	2	0	+T
II	1277481	G	*/+TT	5	4	28.57%	1	2	37	44	0.98	1	1	5	0	3	1	+TT
II	1308618	G	-T/-T	5	42	89.36%	1	2	32	43	0.98	1	1	5	0	26	16	-T
II	1349040	A	*/-T	12	5	25%	2	2	42	54	0.98	1	1	8	4	4	1	-T
II	1349040	A	*/+T	12	2	10%	2	2	42	55	0.98	1	1	8	4	1	1	-T
II	1365999	G	*/-T	13	8	32%	2	2	53	44	0.98	1	1	9	4	4	4	-T
II	1365999	G	*/-TT	13	2	8%	2	1	53	55	0.98	1	1	9	4	2	0	-T
II	1365999	G	*/+T	13	2	8%	2	1	53	55	0.98	1	1	9	4	2	0	-T
II	1389139	C	*/-T	15	2	5.71%	2	1	43	49	0.98	1	1	11	4	2	0	-T
II	1389139	C	*/+T	15	15	42.86%	2	2	43	42	0.98	1	1	11	4	12	3	+T
II	1451705	G	*/-A	17	3	15%	2	2	41	36	0.98	1	1	6	11	1	2	-A
II	1456839	A	*/+T	15	2	11.11%	2	1	43	55	0.98	1	1	7	8	0	2	+T
II	1467485	C	*/-T	22	7	23.33%	2	1	40	35	0.98	1	1	6	16	0	7	-T
II	1506840	T	*/-A	20	3	13.04%	2	2	45	45	0.98	1	1	3	17	1	2	-A
II	1508313	C	*/-A	27	2	6.67%	2	1	48	37	0.98	1	1	16	11	2	0	-A
II	1531449	G	*/-T	29	2	6.06%	2	1	45	74	0.98	1	1	17	12	0	2	-T
II	1531449	G	*/+T	29	2	6.06%	2	2	45	37	0.98	1	1	17	12	1	1	-T
II	1545026	A	*/-C	24	2	7.69%	2	1	46	31	0.98	1	1	9	15	0	2	-C
II	1545027	C	*/-A	15	4	20%	2	2	40	46	0.98	1	1	8	7	1	3	-A
II	1555919	A	*/+TTTATT	4	4	50%	1	1	40	37	0.98	1	1	4	0	4	0	+TTTATT
II	1588936	G	*/+A	4	2	13.33%	2	1	33	37	0.98	1	1	3	1	2	0	A
II	1588936	G	*/+AA	4	2	13.33%	2	1	33	37	0.98	1	1	3	1	2	0	A
II	1600211	C	*/+A	53	3	5.36%	2	2	43	49	0.98	1	1	31	22	2	1	+A
II	1606686	A	*/+TGGAAGTGGTAAG	99	8	7.41%	2	2	52	41	0.98	1	1	55	44	7	1	+TGGAAGTGGTAAG
II	1612985	A	*/+ATAATG	18	4	16.67%	2	2	41	46	0.98	1	1	6	12	2	2	+ATAATG
II	1613166	A	*/+CATT	29	3	9.38%	2	1	49	37	0.98	1	1	21	8	0	3	+CATT
II	1618418	C	*/+A	51	3	5.56%	2	2	46	49	0.98	1	1	31	20	2	1	+A
II	1619028	T	*/-A	10	2	16.67%	2	1	48	37	0.98	1	1	8	2	2	0	-A
II	1627981	C	*/-T	13	3	17.65%	2	2	41	61	0.98	1	1	9	4	2	1	-T
II	1634728	G	*/-TA	17	2	10.53%	2	1	44	55	0.98	1	1	9	8	2	0	-TA
II	1634843	T	*/+ATTATC	16	4	17.39%	2	2	48	46	0.98	1	1	13	3	1	3	+ATTATC
II	1678205	T	*/-A	2	5	71.43%	2	2	55	51	0.98	1	1	1	1	4	1	-A
II	1682725	G	+T/+T	1	11	84.62%	1	2	37	40	0.98	1	1	1	0	9	2	+T
II	1709150	G	*/-T	29	2	6.45%	2	2	48	55	0.98	1	1	22	7	1	1	-T
II	1716256	G	*/+T	14	8	30.77%	2	2	44	40	0.98	1	1	9	5	7	1	+T
II	1716256	G	*/+TT	14	4	15.38%	2	2	44	46	0.98	1	1	9	5	3	1	+T
II	1716286	T	*/-TG	32	2	5.88%	2	1	44	37	0.98	1	1	12	20	0	2	-TG
II	1716287	T	*/-G	17	13	43.33%	2	2	52	38	0.98	1	1	7	10	3	10	-G
II	1747580	T	+A/+A	0	11	100%	0	2	0	49	0.98	0	1	0	0	6	5	+A
II	1748646	G	*/-AA	11	2	14.29%	1	1	34	31	0.98	1	1	11	0	2	0	-AA
II	1751287	C	*/-GA	20	2	9.09%	2	2	38	37	0.98	1	1	9	11	1	1	-GA
II	1755439	C	+T/+T	4	30	81.08%	2	2	46	44	0.98	1	1	2	2	17	13	+T
II	1755439	C	*/+TT	4	2	5.41%	2	2	46	37	0.98	1	1	2	2	1	1	+T
II	1763419	T	*/-A	26	7	20%	2	2	42	40	0.98	1	1	17	9	3	4	-A
II	1805315	C	*/+T	6	2	25%	1	2	35	42	0.98	1	1	6	0	1	1	+T
II	1816760	T	*/+C	2	2	50%	1	1	55	37	0.98	1	1	0	2	2	0	+C
II	1818108	C	*/-T	19	8	27.59%	2	2	44	41	0.98	1	1	9	10	4	4	-T
II	1818108	C	*/-TT	19	2	6.9%	2	1	44	31	0.98	1	1	9	10	0	2	-T
II	1861420	T	-G/-G	3	51	94.44%	2	2	49	52	0.98	1	1	2	1	29	22	-G
II	1867795	A	+T/+T	0	10	100%	0	2	0	39	0.98	0	1	0	0	5	5	+T
II	1868122	G	*/-T	8	3	12.5%	2	1	41	33	0.98	1	1	7	1	3	0	-T
II	1868122	G	*/+T	8	6	25%	2	2	41	35	0.98	1	1	7	1	5	1	+T
II	1868122	G	*/+TT	8	3	12.5%	2	2	41	44	0.98	1	1	7	1	1	2	+T
II	1873779	T	+A/+A	2	15	88.24%	1	2	37	48	0.98	1	1	0	2	9	6	+A
II	1877294	A	+T/+T	2	13	86.67%	1	2	37	50	0.98	1	1	2	0	7	6	+T
II	1916753	T	*/+G	32	2	5.88%	2	2	41	55	0.98	1	1	12	20	1	1	+G
II	1941697	A	*/-T	17	6	24%	2	2	37	51	0.98	1	1	8	9	2	4	-T
II	1941966	A	+T/+T	0	43	100%	0	2	0	52	0.98	0	1	0	0	22	21	+T
II	1941982	A	+T/+T	1	41	97.62%	1	2	74	52	0.98	1	1	1	0	21	20	+T
II	1948953	G	-A/-A	4	15	78.95%	2	2	46	43	0.98	1	1	2	2	12	3	-A
II	1950050	A	+G/+G	0	27	93.1%	0	2	0	51	0.98	0	1	0	0	11	16	+G
II	1953298	C	*/-CT	28	3	9.68%	2	2	39	45	0.98	1	1	14	14	2	1	-CT
II	1953407	T	*/-C	18	2	8.7%	2	1	41	42	0.98	1	1	3	15	0	2	-C
II	1953407	T	*/+C	18	3	13.04%	2	1	41	34	0.98	1	1	3	15	0	3	+C
II	1955495	T	+A/+A	2	17	77.27%	1	2	31	49	0.98	1	1	2	0	9	8	+A
II	1960392	A	+G/+G	1	18	94.74%	1	2	74	43	0.98	1	1	1	0	3	15	+G
II	1987101	C	-G/-G	1	28	96.55%	1	2	74	47	0.98	1	1	0	1	16	12	-G
II	1987117	T	-G/-G	0	30	100%	0	2	0	45	0.98	0	1	0	0	16	14	-G
II	2022968	A	*/-G	15	2	11.76%	2	1	49	37	0.98	1	1	11	4	0	2	-G
II	2022969	G	*/-AA	10	2	12.5%	2	1	42	42	0.98	1	1	7	3	2	0	-AA
II	2022969	G	*/+A	10	2	12.5%	2	1	42	49	0.98	1	1	7	3	2	0	-AA
II	2049891	A	-T/-T	2	54	96.43%	1	2	37	50	0.98	1	1	2	0	31	23	-T
II	2053516	G	+C/+C	1	41	95.35%	1	2	37	47	0.98	1	1	1	0	15	26	+C
II	2104600	G	*/+A	26	3	10.34%	2	2	46	45	0.98	1	1	17	9	2	1	+A
II	2108180	T	+A/+A	3	25	89.29%	1	2	37	38	0.98	1	1	0	3	19	6	+A
II	2147726	G	+T/+T	1	26	92.86%	1	2	37	43	0.98	1	1	0	1	13	13	+T
II	2187407	G	+A/+A	0	19	100%	0	2	0	44	0.98	0	1	0	0	10	9	+A
II	2197587	C	*/-A	7	2	18.18%	2	1	42	37	0.98	1	1	5	2	2	0	-A
II	2198945	G	*/-CA	29	3	8.82%	2	2	43	45	0.98	1	1	13	16	1	2	-CA
II	2199987	A	*/+TAACC	42	3	6.52%	2	2	47	37	0.98	1	1	13	29	1	2	+TAACC
II	2203175	T	*/-A	18	2	9.52%	2	1	48	37	0.98	1	1	10	8	2	0	-A
II	2209818	A	*/+T	27	4	12.9%	2	1	45	46	0.98	1	1	16	11	4	0	+T
II	2219928	A	+T/+T	1	36	97.3%	1	2	37	43	0.98	1	1	0	1	15	21	+T
II	2246417	G	*/-A	24	2	7.69%	2	2	47	55	0.98	1	1	13	11	1	1	-A
II	2265291	A	*/-T	30	3	8.82%	2	2	44	61	0.98	1	1	21	9	1	2	-T
II	2265449	T	*/-A	25	2	7.41%	2	2	40	49	0.98	1	1	8	17	1	1	-A
II	2272666	G	*/-GA	27	2	6.9%	2	1	47	37	0.98	1	1	12	15	0	2	-GA
II	2293297	G	-A/-A	1	21	95.45%	1	2	37	47	0.98	1	1	0	1	11	10	-A
II	2318772	A	*/-T	6	3	33.33%	2	2	37	37	0.98	1	1	3	3	2	1	-T
II	2338528	G	*/-A	19	2	9.09%	2	1	42	37	0.98	1	1	14	5	2	0	-A
II	2384381	G	*/+T	21	2	8.7%	2	1	54	68	0.98	1	1	10	11	2	0	+T
II	2443873	T	*/+A	13	4	16%	2	2	43	39	0.98	1	1	12	1	3	1	+A
II	2443873	T	*/+AA	13	5	20%	2	2	43	44	0.98	1	1	12	1	2	3	+AA
II	2480912	A	*/-T	23	4	14.81%	2	2	47	37	0.98	1	1	8	15	2	2	-T
II	2504242	C	*/-A	15	2	11.11%	2	2	41	37	0.98	1	1	10	5	1	1	-A
II	2523624	C	*/-A	6	4	23.53%	1	2	41	42	0.98	1	1	6	0	3	1	-A
II	2523624	C	*/-AA	6	3	17.65%	1	2	41	56	0.98	1	1	6	0	1	2	-A
II	2527996	C	*/-T	5	3	37.5%	2	1	44	37	0.98	1	1	4	1	3	0	-T
II	2530542	G	*/+CTACTA	29	3	9.38%	2	2	56	49	0.98	1	1	10	19	2	1	+CTACTA
II	2552673	G	*/-T	8	4	28.57%	2	2	41	39	0.98	1	1	6	2	1	3	-T
II	2552673	G	*/+T	8	2	14.29%	2	2	41	49	0.98	1	1	6	2	1	1	-T
II	2591913	T	*/-A	15	3	13.64%	2	1	43	37	0.98	1	1	10	5	0	3	-A
II	2591913	T	*/+A	15	4	18.18%	2	2	43	34	0.98	1	1	10	5	3	1	+A
II	2592423	T	+A/+A	4	37	88.1%	2	2	46	43	0.98	1	1	2	2	27	10	+A
II	2612668	A	*/+T	18	2	9.52%	2	2	45	49	0.98	1	1	7	11	1	1	+T
II	2630607	C	+A/+A	3	26	83.87%	1	2	46	39	0.98	1	1	3	0	14	12	+A
II	2630878	C	*/-AT	40	3	6.98%	2	2	45	53	0.98	1	1	10	30	2	1	-AT
II	2640785	T	*/+A	7	27	72.97%	2	2	40	43	0.98	1	1	4	3	14	13	+A
II	2640785	T	*/+AA	7	2	5.41%	2	1	40	42	0.98	1	1	4	3	2	0	+A
II	2647497	C	*/-T	17	4	19.05%	2	2	38	49	0.98	1	1	7	10	1	3	-T
II	2701957	A	+T/+T	1	11	91.67%	1	2	37	44	0.98	1	1	1	0	7	4	+T
II	2709414	G	+C/+C	1	34	97.14%	1	2	74	50	0.98	1	1	1	0	23	11	+C
II	2720152	T	*/-A	24	3	10%	2	2	45	49	0.98	1	1	8	16	2	1	-A
II	2720152	T	*/+A	24	3	10%	2	2	45	37	0.98	1	1	8	16	2	1	-A
II	2755338	C	*/-AT	8	11	57.89%	2	2	41	53	0.98	1	1	1	7	7	4	-AT
II	2788933	C	+G/+G	0	29	100%	0	2	0	44	0.98	0	1	0	0	21	8	+G
II	2798040	C	-T/-T	1	19	95%	1	2	74	52	0.98	1	1	0	1	6	13	-T
II	2798514	A	-G/-G	0	19	100%	0	2	0	48	0.98	0	1	0	0	13	6	-G
II	2811495	C	-A/-A	1	33	97.06%	1	2	74	42	0.98	1	1	1	0	22	11	-A
II	2825193	A	*/-T	21	2	8.33%	2	1	49	37	0.98	1	1	13	8	0	2	-T
II	2826100	G	*/-A	7	2	10.53%	2	2	42	37	0.98	1	1	4	3	1	1	-A
II	2826100	G	*/+A	7	6	31.58%	2	2	42	47	0.98	1	1	4	3	3	3	+A
II	2826100	G	*/+AA	7	3	15.79%	2	1	42	40	0.98	1	1	4	3	3	0	+A
II	2873779	T	*/+A	19	10	33.33%	2	2	42	39	0.98	1	1	14	5	7	3	+A
II	2894538	T	*/-A	19	6	23.08%	2	2	43	47	0.98	1	1	11	8	2	4	-A
II	2900889	A	*/-T	19	6	23.08%	2	2	40	47	0.98	1	1	18	1	2	4	-T
II	2908519	G	*/+A	35	2	5.26%	2	1	47	31	0.98	1	1	19	16	0	2	+A
II	2937277	T	+A/+A	3	16	84.21%	2	2	57	42	0.98	1	1	2	1	9	7	+A
II	2938956	C	+T/+T	1	21	87.5%	1	2	37	43	0.98	1	1	0	1	6	15	+T
II	2965030	T	+A/+A	2	21	91.3%	2	2	37	52	0.98	1	1	1	1	10	11	+A
II	2988149	G	*/-T	15	2	11.11%	2	1	40	37	0.98	1	1	9	6	0	2	-T
II	3010749	G	*/-A	26	2	6.9%	2	2	44	68	0.98	1	1	15	11	1	1	-A
II	3028585	C	*/-AT	24	2	7.69%	2	2	43	55	0.98	1	1	11	13	1	1	-AT
II	3040332	C	+G/+G	1	48	97.96%	1	2	37	49	0.98	1	1	0	1	21	27	+G
II	3058544	T	*/-G	8	4	22.22%	2	1	36	46	0.98	1	1	6	2	4	0	-G
II	3058544	T	*/+G	8	4	22.22%	2	2	36	31	0.98	1	1	6	2	3	1	-G
II	3154052	G	*/-T	26	8	20.51%	2	2	45	46	0.98	1	1	16	10	6	2	-T
II	3154052	G	*/+T	26	5	12.82%	2	2	45	36	0.98	1	1	16	10	3	2	-T
II	3171788	G	*/+A	10	5	27.78%	2	1	34	37	0.98	1	1	9	1	5	0	+A
II	3174348	T	+A/+A	0	18	100%	0	2	0	51	0.98	0	1	0	0	7	11	+A
II	3175926	C	*/-T	5	3	30%	1	1	37	37	0.98	1	1	5	0	3	0	-T
II	3253453	C	*/-T	7	2	12.5%	2	2	38	35	0.98	1	1	5	2	1	1	-T
II	3253453	C	*/+T	7	5	31.25%	2	2	38	39	0.98	1	1	5	2	2	3	+T
II	3268664	T	*/+A	16	2	11.11%	2	2	40	37	0.98	1	1	10	6	1	1	+A
II	3329982	G	*/+T	12	3	20%	2	2	42	37	0.98	1	1	4	8	2	1	+T
II	3380128	C	*/-T	15	5	23.81%	2	2	39	54	0.98	1	1	11	4	2	3	-T
II	3410437	G	*/-T	5	2	18.18%	2	1	44	55	0.98	1	1	1	4	0	2	-T
II	3410437	G	*/-TT	5	2	18.18%	2	1	44	37	0.98	1	1	1	4	2	0	-T
II	3410437	G	*/+T	5	2	18.18%	2	1	44	31	0.98	1	1	1	4	0	2	-T
II	3509251	T	*/-A	22	2	6.25%	2	2	46	37	0.98	1	1	13	9	1	1	-A
II	3509251	T	*/+A	22	7	21.88%	2	2	46	39	0.98	1	1	13	9	5	2	+A
II	3512925	C	*/-T	13	2	12.5%	2	1	37	31	0.98	1	1	11	2	2	0	-T
II	3514786	C	*/-T	27	2	6.45%	2	1	41	37	0.98	1	1	12	15	0	2	-T
II	3540057	A	*/-T	27	9	25%	2	2	44	49	0.98	1	1	24	3	6	3	-T
II	3556736	A	*/-T	28	2	6.67%	2	1	51	37	0.98	1	1	21	7	2	0	-T
II	3619003	A	+G/+G	1	35	97.22%	1	2	37	46	0.98	1	1	1	0	21	14	+G
II	3621704	A	*/-T	16	3	13.64%	2	2	48	53	0.98	1	1	9	7	2	1	-T
II	3621704	A	*/+T	16	2	9.09%	2	2	48	31	0.98	1	1	9	7	1	1	-T
II	3715149	G	*/-A	10	4	23.53%	2	2	34	42	0.98	1	1	7	3	3	1	-A
II	3715149	G	*/+A	10	3	17.65%	2	2	34	37	0.98	1	1	7	3	2	1	-A
II	3722967	C	*/-A	21	2	8.7%	2	2	41	55	0.98	1	1	7	14	1	1	-A
II	3762367	C	*/+A	31	2	6.06%	2	1	53	55	0.98	1	1	20	11	2	0	+A
II	3799349	A	*/+T	11	3	21.43%	2	1	42	25	0.98	1	1	8	3	0	3	+T
II	3799350	G	*/+A	4	6	46.15%	2	2	43	38	0.98	1	1	3	1	5	1	+A
II	3815025	C	*/-T	12	5	22.73%	2	2	51	39	0.98	1	1	9	3	4	1	-T
II	3815025	C	*/-TT	12	2	9.09%	2	2	51	49	0.98	1	1	9	3	1	1	-T
II	3815025	C	*/+T	12	3	13.64%	2	2	51	70	0.98	1	1	9	3	1	2	+T
II	3838101	C	*/-A	1	5	62.5%	1	2	25	32	0.98	1	1	0	1	2	3	-A
II	3838912	T	*/-A	23	3	11.11%	2	1	41	53	0.98	1	1	12	11	0	3	-A
II	3856896	A	*/-T	24	7	17.95%	2	2	46	42	0.98	1	1	16	8	3	4	-T
II	3856896	A	*/-TT	24	5	12.82%	2	2	46	51	0.98	1	1	16	8	1	4	-T
II	3856896	A	*/+T	24	3	7.69%	2	2	46	33	0.98	1	1	16	8	1	2	-T
II	3859319	G	*/+T	32	2	5.71%	2	1	42	55	0.98	1	1	20	12	2	0	+T
II	3860185	C	*/-TAGTA	28	23	42.59%	2	2	48	49	0.98	1	1	6	22	14	9	-TAGTA
II	3869342	A	*/-AT	32	5	13.51%	2	1	48	51	0.98	1	1	13	19	5	0	-AT
II	3954039	C	*/-T	33	3	6.82%	2	2	42	49	0.98	1	1	21	12	1	2	-T
II	3954039	C	*/+T	33	6	13.64%	2	2	42	42	0.98	1	1	21	12	2	4	+T
II	3975235	C	*/-A	21	4	10.81%	2	2	43	46	0.98	1	1	16	5	3	1	-A
II	3975235	C	*/-AA	21	4	10.81%	2	2	43	55	0.98	1	1	16	5	2	2	-A
II	3975235	C	*/+A	21	7	18.92%	2	2	43	45	0.98	1	1	16	5	3	4	+A
II	3980468	C	*/-T	17	2	9.52%	2	1	40	49	0.98	1	1	12	5	2	0	-T
II	4006982	C	*/-A	7	3	25%	2	1	45	36	0.98	1	1	5	2	3	0	-A
II	4031460	A	+T/+T	0	10	100%	0	2	0	48	0.98	0	1	0	0	4	6	+T
II	4107253	G	*/+TT	6	2	14.29%	2	1	36	37	0.98	1	1	3	3	2	0	+TT
II	4108814	G	*/-TA	66	8	10.67%	2	2	42	49	0.98	1	1	27	39	2	6	-TA
II	4254960	G	-A/-A	0	31	100%	0	2	0	46	0.98	0	1	0	0	13	18	-A
II	4264124	C	*/+TGA	36	4	10%	2	2	48	37	0.98	1	1	20	16	2	2	+TGA
II	4290954	G	*/+A	35	2	5.41%	2	1	44	31	0.98	1	1	24	11	2	0	+A
II	4308414	C	*/+A	6	20	74.07%	2	2	37	45	0.98	1	1	5	1	13	7	+A
II	4343817	T	*/-A	16	2	10%	2	1	40	74	0.98	1	1	10	6	0	2	-A
II	4343817	T	*/+A	16	2	10%	2	1	40	51	0.98	1	1	10	6	2	0	-A
II	4419921	T	*/+A	3	7	58.33%	2	2	57	56	0.98	1	1	2	1	4	3	+A
II	4419921	T	*/+AA	3	2	16.67%	2	2	57	37	0.98	1	1	2	1	1	1	+A
II	4462508	C	*/-A	13	3	17.65%	2	1	48	49	0.98	1	1	7	6	3	0	-A
II	4497110	G	*/+T	25	3	9.68%	2	1	38	33	0.98	1	1	23	2	3	0	+T
II	4505641	C	*/-A	28	4	12.5%	2	2	43	34	0.98	1	1	15	13	1	3	-A
II	4507612	T	*/-A	22	2	8.33%	2	1	49	37	0.98	1	1	12	10	0	2	-A
II	4513922	G	*/+GGCTGCTATAATCATTCCCAA	65	4	5.71%	2	1	47	46	0.98	1	1	26	39	0	4	+GGCTGCTATAATCATTCCCAA
II	4515621	C	*/-AA	20	2	7.69%	2	2	36	37	0.98	1	1	15	5	1	1	-AA
II	4515621	C	*/+A	20	3	11.54%	2	1	36	37	0.98	1	1	15	5	3	0	+A
II	4517047	T	*/+TACTCATC	77	21	20.39%	2	2	48	42	0.98	1	1	38	39	12	9	+TACTCATC
II	4521677	T	*/-AA	12	13	52%	2	2	48	43	0.98	1	1	7	5	4	9	-AA
II	4525340	G	*/+T	46	7	10.61%	2	2	44	58	0.98	1	1	29	17	4	3	+T
II	4525340	G	*/+TT	46	8	12.12%	2	2	44	41	0.98	1	1	29	17	4	4	+TT
II	4526174	A	*/-T	28	3	9.68%	2	1	45	53	0.98	1	1	19	9	3	0	-T
II	4526843	C	*/-T	11	8	36.36%	2	2	35	41	0.98	1	1	10	1	5	3	-T
II	4526843	C	*/+T	11	2	9.09%	2	2	35	37	0.98	1	1	10	1	1	1	-T
II	4528465	C	*/+GACAAT	60	15	19.74%	2	2	44	42	0.98	1	1	32	28	6	9	+GACAAT
II	4528483	T	*/-GACAATGACAGA	64	6	8.57%	2	2	42	41	0.98	1	1	34	30	3	3	-GACAATGACAGA
II	4529375	T	*/+ACAACGACAACGACAACG	75	14	13.86%	2	2	47	42	0.98	1	1	37	38	8	6	+ACAACGACAACGACAACG
II	4533588	C	*/-T	78	40	33.9%	2	2	42	39	0.98	1	1	44	34	23	17	-T
II	4534880	A	*/-T	153	33	17.74%	2	2	46	49	0.98	1	1	79	74	16	17	-T
II	4535321	G	*/-GATAT	271	28	9.36%	2	2	42	41	0.98	1	1	126	145	15	13	-GATAT
II	4535460	T	*/+GAGTAAAGA	300	43	12.43%	2	2	52	50	0.98	1	1	169	131	13	30	+GAGTAAAGA
II	4535523	T	*/+GTTACG	288	38	11.66%	2	2	46	43	0.98	1	1	91	197	13	25	+GTTACG
II	4535548	A	*/-TATGTG	303	35	10.26%	2	2	45	43	0.98	1	1	122	181	20	15	-TATGTG
II	4535645	G	*/-T	255	54	17.42%	2	2	51	47	0.98	1	1	155	100	30	24	-T
II	4535727	A	*/-G	179	35	16.36%	2	2	48	48	0.98	1	1	65	114	17	18	-G
II	4537213	G	*/+T	162	194	54.49%	2	2	49	49	0.98	1	1	106	56	126	68	+T
II	4537387	A	*/-AATAAGAG	111	174	61.05%	2	2	46	45	0.98	1	1	53	58	98	76	-AATAAGAG
II	4537655	A	*/+AAATG	92	16	14.29%	2	2	43	43	0.98	1	1	56	36	8	8	+AAATG
II	4537712	T	*/-AAATAAAATTAATG	74	8	9.52%	2	2	39	37	0.98	1	1	42	32	3	5	-AAATAAAATTAATG
II	4539204	G	*/-ATAGGTAGAATAAGTAAAGCAGAATAGGTAGA	277	15	5.14%	2	2	44	41	0.98	1	1	111	166	10	5	-ATAGGTAGAATAAGTAAAGCAGAATAGGTAGA
III	1558	G	*/+A	90	9	7.44%	2	2	42	35	0.98	1	1	41	49	7	2	+A
III	1893	T	*/-A	116	16	12.12%	2	2	49	47	0.98	1	1	46	70	9	7	-A
III	4729	A	*/-T	490	177	24.31%	2	2	46	50	0.98	1	1	325	165	87	90	-T
III	4952	C	*/+T	428	87	16.6%	2	2	41	56	0.98	1	1	274	154	31	56	+T
III	5403	C	*/-T	444	155	22.69%	2	2	42	42	0.98	1	1	305	139	80	75	-T
III	5403	C	*/-TT	444	44	6.44%	2	2	42	41	0.98	1	1	305	139	24	20	-T
III	9812	T	*/+A	171	12	6.49%	2	1	46	38	0.98	1	1	52	119	0	12	+A
III	12428	G	*/+A	79	16	15.09%	2	2	42	43	0.98	1	1	38	41	7	9	+A
III	12763	T	*/-A	106	22	17.05%	2	2	47	42	0.98	1	1	31	75	6	16	-A
III	15599	A	*/-T	481	149	20.72%	2	2	46	51	0.98	1	1	304	177	62	87	-T
III	15599	A	*/+T	481	51	7.09%	2	2	46	44	0.98	1	1	304	177	28	23	-T
III	15822	C	*/+T	483	85	14.76%	2	2	41	53	0.98	1	1	311	172	31	54	+T
III	16273	C	*/-T	460	151	21.36%	2	2	41	42	0.98	1	1	327	133	82	69	-T
III	16273	C	*/-TT	460	50	7.07%	2	2	41	42	0.98	1	1	327	133	26	24	-T
III	20682	T	*/+A	168	13	7.1%	2	2	48	40	0.98	1	1	54	114	1	12	+A
III	23298	G	*/-A	84	6	5.26%	2	2	39	45	0.98	1	1	39	45	2	4	-A
III	23298	G	*/+A	84	12	10.53%	2	2	39	40	0.98	1	1	39	45	5	7	+A
III	23633	T	*/-A	125	24	16.11%	2	2	45	46	0.98	1	1	50	75	12	12	-A
III	69580	T	*/-A	26	2	7.14%	2	1	46	55	0.98	1	1	17	9	0	2	-A
III	69589	T	*/-A	20	5	19.23%	2	2	49	44	0.98	1	1	12	8	2	3	-A
III	123319	T	*/-A	15	4	16.67%	2	2	52	37	0.98	1	1	9	6	2	2	-A
III	123319	T	*/-AA	15	2	8.33%	2	2	52	37	0.98	1	1	9	6	1	1	-A
III	123319	T	*/-AAA	15	2	8.33%	2	1	52	37	0.98	1	1	9	6	0	2	-A
III	171115	A	+C/+C	4	45	88.24%	1	2	37	46	0.98	1	1	4	0	28	17	+C
III	207168	T	*/-A	14	4	20%	2	2	41	40	0.98	1	1	8	6	1	3	-A
III	208140	C	*/-A	7	4	26.67%	1	2	42	34	0.98	1	1	7	0	3	1	-A
III	208140	C	*/+A	7	3	20%	1	1	42	37	0.98	1	1	7	0	3	0	-A
III	210057	G	-TTGTGGATC/-TTGTGGATC	11	63	85.14%	2	2	44	47	0.98	1	1	6	5	41	22	-TTGTGGATC
III	223916	A	*/-T	32	2	5.88%	2	2	45	74	0.98	1	1	17	15	1	1	-T
III	231502	G	*/-A	24	3	11.11%	2	2	49	45	0.98	1	1	17	7	2	1	-A
III	232115	A	*/+T	14	2	11.76%	2	1	42	37	0.98	1	1	7	7	2	0	+T
III	234982	C	*/+A	53	5	8.47%	2	2	51	59	0.98	1	1	33	20	1	4	+A
III	235683	G	*/+A	27	2	6.9%	2	2	44	37	0.98	1	1	12	15	1	1	+A
III	235811	G	*/-A	31	2	6.06%	2	1	53	37	0.98	1	1	18	13	0	2	-A
III	237048	G	*/+A	14	2	11.76%	2	1	41	33	0.98	1	1	11	3	2	0	+A
III	253907	A	*/+T	8	3	20%	2	2	41	37	0.98	1	1	7	1	1	2	+T
III	253907	A	*/+TT	8	2	13.33%	2	1	41	31	0.98	1	1	7	1	2	0	+T
III	285212	T	*/+A	30	2	6.25%	2	2	49	37	0.98	1	1	21	9	1	1	+A
III	286478	C	-TT/-TT	1	11	91.67%	1	2	74	36	0.98	1	1	1	0	10	1	-TT
III	286594	T	*/+A	9	5	33.33%	2	2	36	49	0.98	1	1	8	1	2	3	+A
III	293096	G	*/-T	14	3	14.29%	2	2	43	37	0.98	1	1	11	3	2	1	-T
III	293096	G	*/+T	14	2	9.52%	2	1	43	55	0.98	1	1	11	3	2	0	-T
III	348685	G	*/-AT	63	5	7.35%	2	2	43	37	0.98	1	1	32	31	3	2	-AT
III	365747	C	*/-A	2	15	71.43%	2	2	37	46	0.98	1	1	1	1	8	7	-A
III	365747	C	*/-AA	2	4	19.05%	2	2	37	43	0.98	1	1	1	1	1	3	-A
III	399200	C	*/+A	22	2	8.33%	2	1	44	37	0.98	1	1	12	10	0	2	+A
III	431910	C	*/-T	18	3	14.29%	2	2	41	49	0.98	1	1	10	8	2	1	-T
III	467904	C	*/-A	20	2	7.41%	2	1	48	55	0.98	1	1	7	13	2	0	-A
III	467904	C	*/+A	20	5	18.52%	2	2	48	51	0.98	1	1	7	13	3	2	+A
III	568658	C	*/-T	9	3	21.43%	2	2	40	45	0.98	1	1	4	5	1	2	-T
III	657594	G	*/+T	27	2	6.67%	2	2	45	74	0.98	1	1	16	11	1	1	+T
III	717677	A	-T/-T	1	13	86.67%	1	2	37	49	0.98	1	1	1	0	3	10	-T
III	719703	T	*/-A	15	4	21.05%	2	2	41	55	0.98	1	1	10	5	2	2	-A
III	719955	A	-C/-C	0	12	100%	0	2	0	42	0.98	0	1	0	0	6	6	-C
III	719973	C	-G/-G	0	5	100%	0	2	0	37	0.98	0	1	0	0	3	2	-G
III	720559	C	*/-T	9	2	16.67%	2	2	43	37	0.98	1	1	6	3	1	1	-T
III	720683	A	+T/+T	2	9	81.82%	2	2	31	46	0.98	1	1	1	1	3	6	+T
III	725030	C	*/+T	3	6	66.67%	1	2	37	41	0.98	1	1	3	0	3	3	+T
III	762516	T	*/-A	14	2	11.11%	2	2	43	61	0.98	1	1	8	6	1	1	-A
III	762516	T	*/+A	14	2	11.11%	2	2	43	49	0.98	1	1	8	6	1	1	-A
III	822701	G	*/-T	23	2	7.69%	2	2	52	37	0.98	1	1	14	9	1	1	-T
III	853262	T	*/+A	39	3	6.98%	2	2	50	36	0.98	1	1	23	16	2	1	+A
III	853293	C	*/+A	35	2	5.26%	2	2	53	55	0.98	1	1	18	17	1	1	+A
III	867865	C	-T/-T	0	22	100%	0	2	0	42	0.98	0	1	0	0	9	13	-T
III	897531	C	*/+A	25	2	7.41%	2	2	50	68	0.98	1	1	19	6	1	1	+A
III	898665	T	*/-A	22	6	20.69%	2	2	41	37	0.98	1	1	13	9	2	4	-A
III	954028	G	*/+A	20	2	8.7%	2	2	41	37	0.98	1	1	11	9	1	1	+A
III	958241	C	*/-T	13	2	11.76%	2	2	39	36	0.98	1	1	8	5	1	1	-T
III	966124	G	*/-T	23	6	16.22%	2	1	36	37	0.98	1	1	22	1	6	0	-T
III	966124	G	*/-TT	23	2	5.41%	2	1	36	37	0.98	1	1	22	1	2	0	-T
III	966124	G	*/+T	23	5	13.51%	2	1	36	37	0.98	1	1	22	1	5	0	+T
III	969023	G	*/-T	24	2	7.41%	2	2	50	37	0.98	1	1	15	9	1	1	-T
III	970548	C	*/-T	5	2	20%	2	2	44	29	0.98	1	1	2	3	1	1	-T
III	970548	C	*/-TT	5	3	30%	2	1	44	29	0.98	1	1	2	3	0	3	-TT
III	970892	C	*/-T	16	2	11.11%	2	1	40	49	0.98	1	1	12	4	0	2	-T
III	985871	C	*/-TT	19	3	13.64%	2	2	36	40	0.98	1	1	17	2	2	1	-TT
III	988227	G	*/-A	29	2	6.45%	2	1	47	74	0.98	1	1	15	14	2	0	-A
III	996949	A	*/+T	17	2	10.53%	2	2	41	37	0.98	1	1	11	6	1	1	+T
III	1016311	G	+C/+C	1	48	97.96%	1	2	37	44	0.98	1	1	1	0	19	29	+C
III	1073505	T	*/+ATATAGAG	169	15	8.15%	2	2	47	44	0.98	1	1	104	65	12	3	+ATATAGAG
III	1079346	A	*/+G	103	14	11.97%	2	2	45	39	0.98	1	1	77	26	13	1	+G
III	1080146	T	*/+ATATAGAG	240	15	5.81%	2	2	43	38	0.98	1	1	86	154	10	5	+ATATAGAG
III	1082171	A	*/+TGGAAGTGGTAAG	165	11	6.21%	2	2	45	38	0.98	1	1	66	99	4	7	+TGGAAGTGGTAAG
III	1084026	A	*/+AGTGGTGATGGTT	67	6	8.22%	2	2	41	45	0.98	1	1	34	33	2	4	+AGTGGTGATGGTT
III	1084123	A	*/-G	24	2	7.69%	2	2	43	37	0.98	1	1	11	13	1	1	-G
III	1087979	A	*/+G	107	7	6.14%	2	2	46	47	0.98	1	1	66	41	3	4	+G
III	1095550	G	*/-T	14	9	24.32%	2	1	43	41	0.98	1	1	13	1	9	0	-T
III	1095550	G	*/-TT	14	8	21.62%	2	2	43	43	0.98	1	1	13	1	6	2	-T
III	1095550	G	*/-TTT	14	2	5.41%	2	2	43	37	0.98	1	1	13	1	1	1	-T
III	1095550	G	*/+T	14	2	5.41%	2	1	43	37	0.98	1	1	13	1	2	0	-T
III	1103423	T	*/-A	16	11	30.56%	2	2	46	43	0.98	1	1	9	7	6	5	-A
III	1103423	T	*/-AA	16	7	19.44%	2	2	46	42	0.98	1	1	9	7	5	2	-A
III	1103423	T	*/+A	16	2	5.56%	2	1	46	49	0.98	1	1	9	7	0	2	-A
III	1104937	C	*/+T	23	2	7.69%	2	2	42	37	0.98	1	1	13	10	1	1	+T
III	1110963	T	*/+C	98	7	6.67%	2	2	47	54	0.98	1	1	40	58	4	3	+C
III	1116892	C	*/+TCTCTATA	53	3	5.36%	2	2	50	37	0.98	1	1	14	39	2	1	+TCTCTATA
III	1117723	T	*/+C	89	6	6.32%	2	2	44	55	0.98	1	1	32	57	3	3	+C
III	1121674	T	*/+ACCACTAACCATC	73	8	9.76%	2	2	47	46	0.98	1	1	43	30	4	4	+ACCACTAACCATC
III	1128342	A	*/-C	28	2	6.67%	2	2	45	37	0.98	1	1	8	20	1	1	-C
III	1128434	T	*/+ACCACTAACCATC	51	7	11.67%	2	2	45	37	0.98	1	1	31	20	5	2	+ACCACTAACCATC
III	1131243	T	*/+C	95	8	7.69%	2	2	47	50	0.98	1	1	47	48	5	3	+C
III	1135116	C	*/-T	18	2	10%	2	2	45	37	0.98	1	1	10	8	1	1	-T
III	1135129	C	*/-T	23	2	8%	2	2	39	37	0.98	1	1	14	9	1	1	-T
III	1135194	T	*/+ACCACTAACCATC	56	7	11.11%	2	2	46	42	0.98	1	1	40	16	5	2	+ACCACTAACCATC
III	1168360	T	*/-G	12	6	33.33%	2	2	39	33	0.98	1	1	9	3	3	3	-G
III	1168362	G	*/-GA	13	2	12.5%	2	1	38	37	0.98	1	1	10	3	2	0	-GA
III	1244495	G	*/-T	34	2	5.56%	2	2	48	55	0.98	1	1	20	14	1	1	-T
III	1252502	A	*/+TT	29	2	6.45%	2	1	43	31	0.98	1	1	14	15	0	2	+TT
III	1252503	G	*/+TT	21	2	8%	2	1	43	61	0.98	1	1	15	6	0	2	+TT
III	1252505	G	*/+T	14	5	15.15%	2	2	41	54	0.98	1	1	13	1	1	4	+T
III	1252505	G	*/+TT	14	4	12.12%	2	2	41	46	0.98	1	1	13	1	2	2	+T
III	1261174	A	*/+T	23	2	8%	2	1	43	37	0.98	1	1	15	8	0	2	+T
III	1338638	T	+AA/+AA	1	22	95.65%	1	2	37	45	0.98	1	1	0	1	8	14	+AA
III	1370279	T	*/+A	22	2	8%	2	2	45	37	0.98	1	1	13	9	1	1	+A
III	1396420	A	*/+TTCATTTCTTTTTCTTTTCT	5	2	28.57%	2	1	34	37	0.98	1	1	3	2	2	0	+TTCATTTCTTTTTCTTTTCT
III	1421567	T	*/-G	6	3	27.27%	1	1	35	37	0.98	1	1	6	0	3	0	-G
III	1421567	T	*/+G	6	2	18.18%	1	1	35	37	0.98	1	1	6	0	2	0	-G
III	1510629	T	*/-A	15	6	27.27%	2	2	44	36	0.98	1	1	12	3	4	2	-A
III	1547169	C	*/-A	13	2	11.11%	2	1	50	74	0.98	1	1	6	7	2	0	-A
III	1547169	C	*/+A	13	3	16.67%	2	2	50	33	0.98	1	1	6	7	2	1	+A
III	1575951	G	*/-T	3	2	20%	2	1	49	31	0.98	1	1	2	1	0	2	-T
III	1575951	G	*/+T	3	4	40%	2	2	49	55	0.98	1	1	2	1	3	1	+T
III	1594933	T	*/-A	13	4	17.39%	2	2	54	34	0.98	1	1	8	5	2	2	-A
III	1594933	T	*/-AA	13	4	17.39%	2	2	54	55	0.98	1	1	8	5	1	3	-A
III	1600641	A	*/-T	33	2	5.71%	2	2	45	74	0.98	1	1	10	23	1	1	-T
III	1631304	T	*/+G	31	2	6.06%	2	1	49	37	0.98	1	1	15	16	2	0	+G
III	1674618	C	*/-T	16	4	14.81%	2	2	34	37	0.98	1	1	12	4	2	2	-T
III	1674618	C	*/-TT	16	3	11.11%	2	2	34	33	0.98	1	1	12	4	2	1	-T
III	1674618	C	*/+T	16	4	14.81%	2	2	34	36	0.98	1	1	12	4	2	2	+T
III	1685487	G	+A/+A	3	25	89.29%	2	2	74	43	0.98	1	1	1	2	12	13	+A
III	1691065	C	*/-T	31	3	8.82%	2	1	41	37	0.98	1	1	23	8	3	0	-T
III	1702276	A	*/-T	36	3	7.5%	2	2	47	74	0.98	1	1	23	13	1	2	-T
III	1702666	C	*/-T	20	3	13.04%	2	2	43	49	0.98	1	1	8	12	1	2	-T
III	1707997	T	*/-A	33	2	5.71%	2	1	41	37	0.98	1	1	19	14	0	2	-A
III	1712983	G	*/-A	20	6	21.43%	2	2	39	39	0.98	1	1	18	2	4	2	-A
III	1756400	T	-A/-A	0	54	100%	0	2	0	45	0.98	0	1	0	0	24	30	-A
III	1774235	T	*/+GATC	4	18	72%	2	2	55	39	0.98	1	1	3	1	10	8	+GATC
III	1802522	G	*/+T	31	2	5.88%	2	1	42	37	0.98	1	1	22	9	2	0	+T
III	1821911	C	*/-A	9	4	23.53%	2	1	40	37	0.98	1	1	7	2	4	0	-A
III	1821911	C	*/-AA	9	3	17.65%	2	2	40	45	0.98	1	1	7	2	2	1	-A
III	1868108	C	*/-T	20	2	8.7%	2	1	42	37	0.98	1	1	8	12	0	2	-T
III	1929127	A	*/-G	2	4	66.67%	1	1	37	34	0.98	1	1	2	0	4	0	-G
III	1947823	A	*/+T	25	2	7.14%	2	2	49	55	0.98	1	1	15	10	1	1	+T
III	1979604	A	*/-T	14	3	16.67%	2	1	37	49	0.98	1	1	6	8	0	3	-T
III	1985119	G	*/-T	10	3	21.43%	2	1	40	45	0.98	1	1	5	5	0	3	-T
III	2010864	G	*/-TA	46	5	9.62%	2	2	45	37	0.98	1	1	16	30	1	4	-TA
III	2043165	G	*/-A	13	2	13.33%	2	2	38	37	0.98	1	1	10	3	1	1	-A
III	2067838	T	*/-A	10	2	12.5%	1	1	33	37	0.98	1	1	10	0	2	0	-A
III	2067838	T	*/-AA	10	2	12.5%	1	1	33	37	0.98	1	1	10	0	2	0	-A
III	2067838	T	*/+A	10	2	12.5%	1	1	33	37	0.98	1	1	10	0	2	0	-A
III	2074510	C	*/-T	13	2	12.5%	2	2	33	37	0.98	1	1	8	5	1	1	-T
III	2076412	G	*/-T	16	9	29.03%	2	2	49	37	0.98	1	1	10	6	4	5	-T
III	2076412	G	*/-TT	16	3	9.68%	2	2	49	49	0.98	1	1	10	6	1	2	-T
III	2076412	G	*/-TTT	16	2	6.45%	2	1	49	37	0.98	1	1	10	6	2	0	-T
III	2076980	A	*/-T	5	3	33.33%	2	1	34	37	0.98	1	1	4	1	3	0	-T
III	2113205	C	*/-T	14	9	34.62%	2	2	43	37	0.98	1	1	7	7	6	3	-T
III	2157938	C	*/+T	11	2	14.29%	2	2	43	37	0.98	1	1	7	4	1	1	+T
III	2178240	T	*/+A	19	2	9.09%	2	2	43	42	0.98	1	1	17	2	1	1	+A
III	2281940	C	*/-T	23	3	11.54%	2	1	48	33	0.98	1	1	16	7	3	0	-T
III	2284394	C	*/-T	25	3	10.34%	2	2	47	49	0.98	1	1	12	13	1	2	-T
III	2285099	G	*/+A	30	2	6.25%	2	2	44	42	0.98	1	1	14	16	1	1	+A
III	2300104	A	*/-T	14	2	12.5%	2	1	40	31	0.98	1	1	12	2	2	0	-T
III	2309611	T	*/-A	9	5	35.71%	2	2	37	34	0.98	1	1	4	5	1	4	-A
III	2352293	A	*/+G	11	2	15.38%	2	1	34	37	0.98	1	1	9	2	2	0	+G
III	2373166	G	*/-A	25	4	13.79%	2	2	44	40	0.98	1	1	14	11	1	3	-A
III	2382018	A	*/-T	4	6	46.15%	2	1	36	39	0.98	1	1	3	1	6	0	-T
III	2382018	A	*/-TT	4	3	23.08%	2	2	36	45	0.98	1	1	3	1	1	2	-T
III	2420241	T	*/-A	11	4	20%	2	2	48	55	0.98	1	1	8	3	2	2	-A
III	2420241	T	*/+A	11	4	20%	2	2	48	34	0.98	1	1	8	3	3	1	-A
III	2443562	A	*/+T	153	25	14.04%	2	1	40	37	0.98	1	1	53	100	0	25	+T
III	2447848	T	*/-A	805	208	12.71%	2	2	43	42	0.98	1	1	594	211	148	60	-A
III	2447848	T	*/-AA	805	85	5.2%	2	2	43	41	0.98	1	1	594	211	61	24	-A
III	2447848	T	*/+A	805	436	26.65%	2	2	43	43	0.98	1	1	594	211	330	106	+A
III	2448309	T	-AA/-AA	55	727	91.33%	2	2	47	42	0.98	1	1	33	22	271	456	-AA
III	2448518	T	*/-A	966	324	21.56%	2	2	45	45	0.98	1	1	667	299	216	108	-A
III	2448518	T	*/-AA	966	98	6.52%	2	2	45	47	0.98	1	1	667	299	60	38	-A
III	2448518	T	*/+A	966	84	5.59%	2	2	45	43	0.98	1	1	667	299	59	25	-A
