Chrom	Position	Ref	Cons	Reads1	Reads2	VarFreq	Strands1	Strands2	Qual1	Qual2	Pvalue	MapQual1	MapQual2	Reads1Plus	Reads1Minus	Reads2Plus	Reads2Minus	VarAllele
chr_II_telomeric_gap	6088	A	*/-T	16	2	9.52%	2	1	39	74	0.98	1	1	11	5	2	0	-T
chr_II_telomeric_gap	6088	A	*/+T	16	3	14.29%	2	2	39	45	0.98	1	1	11	5	2	1	+T
chr_II_telomeric_gap	8538	G	*/-A	6	2	20%	1	1	35	55	0.98	1	1	6	0	2	0	-A
I	3160	A	*/+GTTGTCGTTGTCGTTGTC	74	12	12.9%	2	2	43	43	0.98	1	1	43	31	9	3	+GTTGTCGTTGTCGTTGTC
I	4053	C	*/+TGTCAT	73	11	13.1%	2	2	43	43	0.98	1	1	40	33	5	6	+TGTCAT
I	5677	G	*/-A	32	6	12%	2	1	39	43	0.98	1	1	31	1	6	0	-A
I	5677	G	*/-AA	32	5	10%	2	2	39	34	0.98	1	1	31	1	4	1	-A
I	5677	G	*/-AAA	32	5	10%	2	2	39	46	0.98	1	1	31	1	3	2	-A
I	6357	T	*/-A	52	6	7.06%	2	2	44	57	0.98	1	1	25	27	4	2	-A
I	6357	T	*/-AA	52	24	28.24%	2	2	44	40	0.98	1	1	25	27	7	17	-AA
I	7192	C	*/-A	38	5	7.58%	2	2	40	34	0.98	1	1	29	9	4	1	A
I	7192	C	*/+A	38	9	13.64%	2	2	40	43	0.98	1	1	29	9	7	2	+A
I	10859	G	*/-TT	12	9	40.91%	2	2	46	41	0.98	1	1	8	4	6	3	-TT
I	15734	C	*/-A	19	5	17.24%	2	2	51	44	0.98	1	1	15	4	4	1	-A
I	15734	C	*/-AA	19	2	6.9%	2	2	51	55	0.98	1	1	15	4	1	1	-A
I	19694	T	*/+A	61	6	8.96%	2	1	56	37	0.98	1	1	31	30	6	0	+A
I	27402	A	*/+CC	5	4	28.57%	2	1	39	36	0.98	1	1	2	3	0	4	+CC
I	30989	C	*/-A	9	3	25%	2	2	39	57	0.98	1	1	6	3	1	2	-A
I	55241	A	*/-TC	32	2	5.88%	2	1	47	31	0.98	1	1	22	10	0	2	-TC
I	55244	T	*/-A	14	7	28%	1	2	40	50	0.98	1	1	14	0	5	2	-A
I	55244	T	*/-AA	14	2	8%	1	1	40	37	0.98	1	1	14	0	2	0	-A
I	91838	A	*/+T	15	2	11.76%	2	2	41	31	0.98	1	1	8	7	1	1	+T
I	99474	C	*/-A	26	3	9.38%	2	2	44	49	0.98	1	1	13	13	2	1	-A
I	99474	C	*/+A	26	3	9.38%	2	1	44	37	0.98	1	1	13	13	3	0	-A
I	101871	A	+G/+G	0	40	93.02%	0	2	0	46	0.98	0	1	0	0	13	27	+G
I	110482	T	*/-A	16	3	15.79%	2	2	36	45	0.98	1	1	12	4	2	1	-A
I	206448	C	*/-T	9	2	14.29%	2	1	36	37	0.98	1	1	7	2	2	0	-T
I	206448	C	*/+T	9	2	14.29%	2	1	36	37	0.98	1	1	7	2	2	0	-T
I	216147	C	*/-T	30	2	6.06%	2	2	43	68	0.98	1	1	13	17	1	1	-T
I	232688	T	*/-A	6	4	30.77%	2	2	54	43	0.98	1	1	4	2	1	3	-A
I	232688	T	*/+A	6	2	15.38%	2	1	54	37	0.98	1	1	4	2	0	2	-A
I	365144	A	*/-T	33	2	5.71%	2	2	48	37	0.98	1	1	24	9	1	1	-T
I	381883	C	*/-A	7	2	20%	2	1	47	37	0.98	1	1	3	4	0	2	-A
I	414079	C	*/-T	14	2	11.11%	2	1	40	31	0.98	1	1	13	1	0	2	-T
I	440084	T	+A/+A	2	8	80%	1	2	37	54	0.98	1	1	2	0	5	3	+A
I	441614	C	*/-T	13	8	32%	2	2	41	47	0.98	1	1	11	2	4	4	-T
I	441614	C	*/-TT	13	2	8%	2	1	41	42	0.98	1	1	11	2	2	0	-T
I	453369	G	*/-A	8	4	18.18%	1	1	36	37	0.98	1	1	8	0	4	0	-A
I	453369	G	*/+A	8	9	40.91%	1	1	36	41	0.98	1	1	8	0	9	0	+A
I	470378	A	-C/-C	0	26	100%	0	2	0	35	0.98	0	1	0	0	15	11	-C
I	470390	A	-C/-C	0	39	100%	0	2	0	40	0.98	0	1	0	0	21	18	-C
I	473427	G	*/+T	4	2	15.38%	2	2	39	42	0.98	1	1	3	1	1	1	+T
I	482737	A	+G/+G	4	52	92.86%	1	2	43	45	0.98	1	1	0	4	20	32	+G
I	519932	G	*/+A	22	2	8.33%	2	1	49	55	0.98	1	1	17	5	2	0	+A
I	521845	T	*/-A	27	5	15.62%	2	2	54	59	0.98	1	1	18	9	3	2	-A
I	528541	C	*/+A	30	2	5.88%	2	2	46	49	0.98	1	1	22	8	1	1	+A
I	554527	A	+T/+T	2	18	90%	1	2	49	45	0.98	1	1	2	0	6	12	+T
I	562745	A	*/-T	15	2	6.25%	2	2	39	55	0.98	1	1	7	8	1	1	-T
I	562745	A	*/+T	15	11	34.38%	2	2	39	39	0.98	1	1	7	8	8	3	+T
I	562745	A	*/+TT	15	4	12.5%	2	2	39	49	0.98	1	1	7	8	2	2	+T
I	609849	C	*/-T	20	3	13.04%	2	2	38	36	0.98	1	1	12	8	2	1	-T
I	650099	C	*/+A	4	2	12.5%	1	1	46	37	0.98	1	1	4	0	2	0	+A
I	650099	C	*/+AA	4	6	37.5%	1	2	46	33	0.98	1	1	4	0	4	2	+AA
I	660056	T	*/+G	1	4	25%	1	1	37	35	0.98	1	1	0	1	4	0	+G
I	660056	T	*/+GG	1	5	31.25%	1	1	37	32	0.98	1	1	0	1	5	0	+GG
I	660056	T	*/+GGG	1	2	12.5%	1	1	37	31	0.98	1	1	0	1	2	0	+GG
I	660056	T	*/+GGGG	1	3	18.75%	1	1	37	33	0.98	1	1	0	1	3	0	+GGGG
I	661548	C	*/-T	7	2	22.22%	2	1	35	55	0.98	1	1	1	6	2	0	-T
I	670032	C	+A/+A	2	71	97.26%	2	2	55	55	0.98	1	1	1	1	30	41	+A
I	682993	T	-C/-C	2	51	96.23%	1	2	37	48	0.98	1	1	0	2	17	34	-C
I	719597	G	*/-TA	59	4	6.35%	2	2	54	43	0.98	1	1	30	29	2	2	-TA
I	793917	A	*/+T	5	2	25%	1	1	42	37	0.98	1	1	5	0	2	0	+T
I	807903	A	*/+T	28	2	6.25%	2	1	48	37	0.98	1	1	5	23	0	2	+T
I	862962	C	+T/+T	2	26	92.86%	2	2	55	49	0.98	1	1	1	1	15	11	+T
I	913414	G	*/+T	30	2	6.25%	2	2	42	42	0.98	1	1	13	17	1	1	+T
I	934908	T	*/+A	13	2	9.52%	1	1	40	37	0.98	1	1	13	0	2	0	A
I	934908	T	*/+AA	13	3	14.29%	1	2	40	33	0.98	1	1	13	0	2	1	+AA
I	954072	T	*/-A	23	3	11.54%	2	2	54	37	0.98	1	1	11	12	1	2	-A
I	960025	G	*/+T	6	8	53.33%	2	2	43	40	0.98	1	1	4	2	3	5	+T
I	965438	C	*/-A	2	3	50%	1	2	37	33	0.98	1	1	2	0	2	1	-A
I	995070	G	*/-T	15	8	30.77%	2	2	43	35	0.98	1	1	10	5	3	5	-T
I	1027635	T	*/+A	24	3	11.11%	1	1	36	37	0.98	1	1	24	0	3	0	+A
I	1048635	G	+A/+A	4	19	76%	1	2	61	47	0.98	1	1	4	0	12	7	+A
I	1048635	G	*/+AA	4	2	8%	1	2	61	37	0.98	1	1	4	0	1	1	+A
I	1072131	C	*/-T	26	2	7.14%	2	2	46	55	0.98	1	1	14	12	1	1	-T
I	1079583	T	*/+AAAAAAA	0	2	25%	0	2	0	37	0.98	0	1	0	0	1	1	+AAAAAAA
I	1079583	T	*/+AAAAAAAA	0	4	50%	0	2	0	40	0.98	0	1	0	0	3	1	+AAAAAAAA
I	1148104	A	+T/+T	0	5	83.33%	0	2	0	51	0.98	0	1	0	0	2	3	+T
I	1149923	C	*/-A	15	3	16.67%	2	2	46	45	0.98	1	1	10	5	2	1	-A
I	1152144	C	*/-T	36	2	5.26%	2	1	40	74	0.98	1	1	12	24	2	0	-T
I	1185797	G	*/-A	13	5	21.74%	2	2	39	41	0.98	1	1	9	4	3	2	-A
I	1185797	G	*/-AA	13	2	8.7%	2	1	39	42	0.98	1	1	9	4	2	0	-A
I	1185797	G	*/+A	13	2	8.7%	2	2	39	55	0.98	1	1	9	4	1	1	-A
I	1254655	T	*/-A	29	3	7.89%	2	2	38	40	0.98	1	1	22	7	2	1	-A
I	1254655	T	*/+A	29	6	15.79%	2	2	38	51	0.98	1	1	22	7	4	2	+A
I	1255138	C	*/-T	13	2	13.33%	2	1	47	55	0.98	1	1	5	8	2	0	-T
I	1274803	T	+A/+A	0	28	100%	0	2	0	44	0.98	0	1	0	0	14	14	+A
I	1290605	A	*/-T	38	4	9.09%	2	2	44	37	0.98	1	1	29	9	2	2	-T
I	1333654	T	*/+G	13	3	17.65%	2	1	39	49	0.98	1	1	8	5	3	0	+G
I	1424708	C	-A/-A	1	24	96%	1	2	37	47	0.98	1	1	1	0	12	12	-A
I	1454446	C	*/-A	32	5	13.16%	2	2	45	44	0.98	1	1	16	16	3	2	-A
I	1478066	G	*/-A	30	5	13.89%	2	1	41	44	0.98	1	1	20	10	5	0	-A
I	1482648	C	*/+T	8	2	18.18%	2	1	44	31	0.98	1	1	4	4	2	0	+T
I	1496317	C	*/-A	3	16	55.17%	2	2	45	50	0.98	1	1	2	1	11	5	-A
I	1496317	C	*/-AA	3	6	20.69%	2	2	45	49	0.98	1	1	2	1	5	1	-A
I	1496317	C	*/-AAA	3	2	6.9%	2	1	45	37	0.98	1	1	2	1	2	0	-A
I	1509277	C	+T/+T	2	8	80%	2	2	55	44	0.98	1	1	1	1	3	5	+T
I	1541472	G	*/-T	19	4	16%	2	2	36	52	0.98	1	1	14	5	1	3	-T
I	1595056	C	*/+T	9	3	18.75%	2	2	35	36	0.98	1	1	8	1	2	1	+T
I	1625092	T	+C/+C	2	25	92.59%	1	2	37	42	0.98	1	1	0	2	11	14	+C
I	1632002	G	*/+T	22	2	8.33%	2	2	47	37	0.98	1	1	11	11	1	1	+T
I	1666841	G	*/+T	19	2	9.52%	2	1	49	74	0.98	1	1	11	8	2	0	+T
I	1734477	A	*/+T	33	2	5.71%	2	2	47	55	0.98	1	1	14	19	1	1	+T
I	1755937	C	*/-A	33	2	5.71%	2	2	51	55	0.98	1	1	17	16	1	1	-A
I	1765306	C	*/+A	14	3	17.65%	2	2	37	34	0.98	1	1	13	1	1	2	+A
I	1771585	C	*/-A	24	2	7.41%	2	1	54	49	0.98	1	1	17	7	0	2	-A
I	1777634	A	*/-T	12	4	23.53%	2	2	40	43	0.98	1	1	7	5	1	3	-T
I	1837916	G	*/-T	7	3	25%	2	2	35	49	0.98	1	1	6	1	2	1	-T
I	1837916	G	*/-TTT	7	2	16.67%	2	2	35	48	0.98	1	1	6	1	1	1	-T
I	1845934	T	*/+A	21	2	8.7%	2	2	45	55	0.98	1	1	7	14	1	1	+A
I	1848384	C	*/-A	16	3	14.29%	2	2	46	33	0.98	1	1	12	4	2	1	-A
I	1848384	C	*/+A	16	2	9.52%	2	1	46	49	0.98	1	1	12	4	2	0	-A
I	1849285	C	*/-T	43	9	16.36%	2	2	47	50	0.98	1	1	23	20	5	4	-T
I	1868067	A	*/-T	33	2	5.56%	2	2	45	55	0.98	1	1	20	13	1	1	-T
I	1890184	C	*/-A	9	5	26.32%	2	2	45	59	0.98	1	1	5	4	3	2	-A
I	1890184	C	*/+A	9	2	10.53%	2	1	45	42	0.98	1	1	5	4	2	0	-A
I	1905525	T	*/+GGG	6	2	20%	1	1	35	37	0.98	1	1	6	0	2	0	+GGG
I	1936294	G	+A/+A	1	29	96.67%	1	2	74	44	0.98	1	1	1	0	12	17	+A
I	1952313	A	+T/+T	2	57	96.61%	1	2	31	45	0.98	1	1	2	0	39	18	+T
I	1954162	C	*/-A	13	6	21.43%	2	2	37	43	0.98	1	1	10	3	4	2	-A
I	1954162	C	*/-AA	13	5	17.86%	2	2	37	56	0.98	1	1	10	3	2	3	-A
I	1954162	C	*/+A	13	2	7.14%	2	2	37	31	0.98	1	1	10	3	1	1	-A
I	1955754	C	*/+T	5	4	28.57%	1	2	37	34	0.98	1	1	5	0	3	1	+T
I	1955853	T	*/+A	3	9	64.29%	2	2	49	45	0.98	1	1	1	2	7	2	+A
I	1975079	T	*/-A	33	2	5.71%	2	1	53	74	0.98	1	1	22	11	2	0	-A
I	2024999	T	*/+A	24	2	7.69%	2	1	38	42	0.98	1	1	18	6	0	2	+A
I	2025000	C	*/+T	13	8	32%	2	2	36	32	0.98	1	1	11	2	6	2	+T
I	2041948	T	*/-A	25	7	20.59%	2	2	36	43	0.98	1	1	23	2	5	2	-A
I	2052488	A	*/-T	24	16	36.36%	2	2	49	43	0.98	1	1	18	6	10	6	-T
I	2071188	G	*/-T	22	2	8.33%	2	2	47	55	0.98	1	1	11	11	1	1	-T
I	2122246	G	*/-A	31	2	5.88%	2	2	50	49	0.98	1	1	11	20	1	1	-A
I	2139856	G	+T/+T	2	6	75%	1	2	37	37	0.98	1	1	0	2	3	3	+T
I	2154491	T	+A/+A	1	30	93.75%	1	2	37	42	0.98	1	1	0	1	13	17	+A
I	2174555	C	*/-A	10	6	31.58%	2	2	43	42	0.98	1	1	5	5	3	3	-A
I	2174555	C	*/-AA	10	2	10.53%	2	2	43	31	0.98	1	1	5	5	1	1	-A
I	2178490	G	*/-A	11	2	15.38%	2	2	44	37	0.98	1	1	7	4	1	1	-A
I	2178948	C	*/-A	39	3	6.38%	2	2	43	49	0.98	1	1	29	10	2	1	-A
I	2178948	C	*/+A	39	4	8.51%	2	1	43	46	0.98	1	1	29	10	4	0	+A
I	2186321	G	*/+T	24	2	7.69%	2	2	49	55	0.98	1	1	14	10	1	1	+T
I	2227870	C	*/-T	12	3	20%	2	1	46	37	0.98	1	1	8	4	3	0	-T
I	2227936	T	*/+A	3	2	8%	1	2	45	43	0.98	1	1	3	0	1	1	A
I	2227936	T	*/+AA	3	4	16%	1	2	45	37	0.98	1	1	3	0	1	3	+AA
I	2227936	T	*/+AAA	3	13	52%	1	2	45	38	0.98	1	1	3	0	3	10	+AAA
I	2231735	C	*/+A	18	3	13.64%	2	1	42	49	0.98	1	1	9	9	3	0	+A
I	2245479	T	*/+CC	5	2	11.76%	1	1	39	55	0.98	1	1	5	0	2	0	+CC
I	2245479	T	*/+CCC	5	2	11.76%	1	1	39	74	0.98	1	1	5	0	0	2	+CC
I	2245479	T	*/+CCCC	5	4	23.53%	1	2	39	39	0.98	1	1	5	0	1	3	+CCCC
I	2245479	T	*/+CCCCCC	5	2	11.76%	1	1	39	31	0.98	1	1	5	0	0	2	+CCCC
I	2273201	T	*/-A	12	7	29.17%	2	2	46	38	0.98	1	1	7	5	5	2	-A
I	2273201	T	*/-AA	12	3	12.5%	2	2	46	61	0.98	1	1	7	5	2	1	-A
I	2273201	T	*/+A	12	2	8.33%	2	2	46	49	0.98	1	1	7	5	1	1	-A
I	2288240	C	-G/-G	0	43	100%	0	2	0	52	0.98	0	1	0	0	24	19	-G
I	2322636	C	*/-A	18	7	18.92%	2	2	44	45	0.98	1	1	16	2	5	2	-A
I	2322636	C	*/-AA	18	5	13.51%	2	1	44	42	0.98	1	1	16	2	5	0	-A
I	2322636	C	*/-AAA	18	4	10.81%	2	2	44	46	0.98	1	1	16	2	3	1	-A
I	2322636	C	*/+A	18	2	5.41%	2	1	44	33	0.98	1	1	16	2	2	0	-A
I	2327021	C	*/-A	16	2	8.7%	2	2	39	31	0.98	1	1	9	7	1	1	A
I	2343703	G	+A/+A	0	17	100%	0	2	0	44	0.98	0	1	0	0	9	8	+A
I	2401096	C	*/-A	28	3	9.38%	2	1	45	57	0.98	1	1	15	13	0	3	-A
I	2416908	A	*/+G	33	4	10.53%	2	2	49	37	0.98	1	1	20	13	3	1	+G
I	2421576	A	-C/-C	0	22	100%	0	2	0	43	0.98	0	1	0	0	18	4	-C
I	2443651	C	*/+A	38	2	5%	2	2	44	37	0.98	1	1	21	17	1	1	+A
I	2499149	A	-T/-T	4	34	89.47%	1	2	37	43	0.98	1	1	4	0	15	19	-T
I	2502628	T	*/-A	26	2	7.14%	2	2	46	55	0.98	1	1	18	8	1	1	-A
I	2507462	T	+A/+A	0	28	100%	0	2	0	44	0.98	0	1	0	0	21	7	+A
I	2510060	T	+A/+A	2	23	92%	1	2	37	49	0.98	1	1	0	2	15	8	+A
I	2525300	T	*/-A	21	3	12.5%	2	2	52	49	0.98	1	1	13	8	2	1	-A
I	2525713	C	*/-T	33	9	19.57%	2	2	44	47	0.98	1	1	22	11	4	5	-T
I	2525713	C	*/+T	33	3	6.52%	2	2	44	53	0.98	1	1	22	11	1	2	-T
I	2556743	G	*/-A	10	2	14.29%	1	1	38	37	0.98	1	1	10	0	2	0	-A
I	2578262	T	*/-A	29	6	15.38%	2	2	51	38	0.98	1	1	16	13	2	4	-A
I	2578262	T	*/-AA	29	2	5.13%	2	1	51	74	0.98	1	1	16	13	0	2	-A
I	2578262	T	*/+A	29	2	5.13%	2	2	51	37	0.98	1	1	16	13	1	1	-A
I	2587474	A	*/-T	28	2	6.67%	2	2	47	55	0.98	1	1	12	16	1	1	-T
I	2588021	C	+A/+A	0	18	100%	0	2	0	51	0.98	0	1	0	0	8	10	+A
I	2588066	C	+A/+A	1	17	94.44%	1	2	74	51	0.98	1	1	1	0	9	8	+A
I	2594263	C	+T/+T	1	20	95.24%	1	2	37	50	0.98	1	1	0	1	7	13	+T
I	2594324	T	+A/+A	1	24	96%	1	2	48	43	0.98	1	1	0	1	17	7	+A
I	2594351	T	+A/+A	1	26	92.86%	1	2	74	44	0.98	1	1	0	1	21	5	+A
I	2594391	A	+T/+T	0	25	100%	0	2	0	48	0.98	0	1	0	0	20	5	+T
I	2605777	C	*/+A	27	2	6.67%	2	1	41	49	0.98	1	1	13	14	0	2	+A
I	2605860	G	-T/-T	1	39	97.5%	1	2	37	44	0.98	1	1	0	1	16	23	-T
I	2607669	A	+T/+T	5	35	87.5%	1	2	66	48	0.98	1	1	5	0	20	15	+T
I	2641994	T	*/+A	11	2	15.38%	2	1	48	74	0.98	1	1	6	5	0	2	+A
I	2641998	C	*/+T	5	3	27.27%	2	1	46	49	0.98	1	1	3	2	3	0	+T
I	2683902	T	-C/-C	1	27	96.43%	1	2	37	42	0.98	1	1	0	1	20	7	-C
I	2689254	A	*/-T	18	2	8.33%	2	2	51	49	0.98	1	1	14	4	1	1	-T
I	2689254	A	*/+T	18	4	16.67%	2	2	51	52	0.98	1	1	14	4	1	3	+T
I	2747027	T	*/-A	23	2	7.41%	2	2	37	31	0.98	1	1	11	12	1	1	-A
I	2747027	T	*/-AA	23	2	7.41%	2	2	37	55	0.98	1	1	11	12	1	1	-A
I	2751236	T	-A/-A	4	46	77.97%	2	2	46	45	0.98	1	1	3	1	20	26	-A
I	2751236	T	*/-AA	4	8	13.56%	2	2	46	44	0.98	1	1	3	1	4	4	-A
I	2759871	T	+C/+C	2	17	89.47%	1	2	31	45	0.98	1	1	2	0	9	8	+C
I	2897634	G	*/-TA	62	4	6.06%	2	2	45	46	0.98	1	1	28	34	2	2	-TA
I	2902171	G	*/+T	30	2	6.25%	2	1	47	37	0.98	1	1	22	8	2	0	+T
I	2932642	C	*/-T	18	2	9.52%	2	2	52	55	0.98	1	1	9	9	1	1	-T
I	2959752	A	*/-T	10	2	15.38%	2	1	31	62	0.98	1	1	5	5	0	2	-T
I	2960791	T	*/-A	26	9	25.71%	2	2	48	42	0.98	1	1	11	15	3	6	-A
I	3007932	A	*/+T	29	2	6.45%	2	2	40	37	0.98	1	1	17	12	1	1	+T
I	3014393	G	*/+T	23	3	11.54%	2	1	42	49	0.98	1	1	15	8	3	0	+T
I	3023963	C	*/-T	36	4	9.76%	2	2	41	52	0.98	1	1	14	22	1	3	-T
I	3033347	C	*/-T	36	5	11.11%	2	2	46	46	0.98	1	1	28	8	4	1	-T
I	3033347	C	*/+T	36	4	8.89%	2	1	46	43	0.98	1	1	28	8	4	0	-T
I	3125118	A	+T/+T	0	29	100%	0	2	0	47	0.98	0	1	0	0	13	16	+T
I	3144699	T	*/-A	14	3	14.29%	2	2	43	33	0.98	1	1	11	3	1	2	-A
I	3144699	T	*/-AA	14	3	14.29%	2	1	43	61	0.98	1	1	11	3	3	0	-A
I	3159187	C	*/-CA	74	9	10.71%	2	2	50	42	0.98	1	1	29	45	8	1	-CA
I	3159994	C	*/-T	66	10	12.5%	2	2	46	44	0.98	1	1	49	17	9	1	-T
I	3166776	G	*/+T	4	2	6.45%	2	2	55	42	0.98	1	1	3	1	1	1	+T
I	3166776	G	*/+TT	4	9	29.03%	2	2	55	47	0.98	1	1	3	1	5	4	+TT
I	3166776	G	*/+TTT	4	10	32.26%	2	2	55	44	0.98	1	1	3	1	7	3	+TTT
I	3166776	G	*/+TTTT	4	3	9.68%	2	2	55	45	0.98	1	1	3	1	1	2	+TTT
I	3178494	C	+T/+T	3	25	89.29%	1	2	49	47	0.98	1	1	3	0	19	6	+T
I	3197528	A	+G/+G	2	42	91.3%	2	2	37	45	0.98	1	1	1	1	19	23	+G
I	3237214	A	*/+T	10	2	16.67%	2	1	41	42	0.98	1	1	3	7	0	2	+T
I	3300811	C	*/-GGGGGGG	4	3	37.5%	1	1	34	33	0.98	1	1	4	0	3	0	-GGGGGGG
I	3303111	C	*/-T	21	2	8.7%	2	1	42	37	0.98	1	1	13	8	2	0	-T
I	3303394	C	*/-AT	16	3	15.79%	2	2	51	36	0.98	1	1	5	11	1	2	-AT
I	3380404	C	*/+A	23	3	11.11%	2	2	42	45	0.98	1	1	15	8	1	2	+A
I	3404991	C	*/-T	4	6	54.55%	2	2	45	38	0.98	1	1	3	1	5	1	-T
I	3410124	A	*/-T	20	2	8.7%	2	1	43	55	0.98	1	1	7	13	2	0	-T
I	3450130	G	-T/-T	0	24	100%	0	2	0	41	0.98	0	1	0	0	14	10	-T
I	3460318	T	+C/+C	1	36	97.3%	1	2	37	53	0.98	1	1	0	1	22	14	+C
I	3460476	G	*/-A	25	5	16.13%	2	2	48	37	0.98	1	1	16	9	2	3	-A
I	3462650	A	*/-T	10	4	23.53%	2	2	43	46	0.98	1	1	5	5	1	3	-T
I	3462650	A	*/+T	10	2	11.76%	2	2	43	55	0.98	1	1	5	5	1	1	-T
I	3538413	A	+T/+T	3	24	88.89%	2	2	49	45	0.98	1	1	1	2	9	15	+T
I	3538428	G	+T/+T	0	25	100%	0	2	0	43	0.98	0	1	0	0	10	15	+T
I	3538436	T	+A/+A	1	23	95.83%	1	2	25	45	0.98	1	1	0	1	10	13	+A
I	3538449	T	+TA/+TA	2	21	91.3%	2	2	42	44	0.98	1	1	1	1	8	13	+TA
I	3538456	A	+AT/+AT	0	22	95.65%	0	2	0	42	0.98	0	1	0	0	8	14	+AT
I	3574812	C	*/-A	23	2	7.69%	2	1	43	49	0.98	1	1	7	16	0	2	-A
I	3576756	T	*/+TCTTCTC	2	5	62.5%	1	2	37	44	0.98	1	1	0	2	1	4	+TCTTCTC
I	3576929	C	+T/+T	0	16	100%	0	2	0	40	0.98	0	1	0	0	7	9	+T
I	3580034	C	*/+T	7	5	38.46%	2	2	35	46	0.98	1	1	4	3	2	3	+T
I	3609896	T	*/-A	5	3	25%	2	2	37	37	0.98	1	1	3	2	2	1	-A
I	3609896	T	*/+A	5	3	25%	2	2	37	36	0.98	1	1	3	2	1	2	-A
I	3610406	T	*/+AA	8	4	33.33%	2	2	37	37	0.98	1	1	3	5	2	2	+AA
I	3659724	C	*/+T	38	3	6.82%	2	2	43	57	0.98	1	1	29	9	1	2	+T
I	3665610	G	+C/+C	2	73	97.33%	2	2	37	51	0.98	1	1	1	1	34	39	+C
I	3700385	T	*/+A	4	10	37.04%	1	2	37	44	0.98	1	1	4	0	4	6	+A
I	3700385	T	*/+AA	4	12	44.44%	1	2	37	42	0.98	1	1	4	0	3	9	+AA
I	3730369	A	+T/+T	1	23	95.83%	1	2	37	47	0.98	1	1	0	1	14	9	+T
I	3765328	C	+T/+T	2	15	88.24%	1	2	55	42	0.98	1	1	2	0	12	3	+T
I	3776888	C	*/-T	8	2	18.18%	2	1	50	37	0.98	1	1	4	4	2	0	-T
I	3776933	G	+A/+A	1	10	83.33%	1	2	37	43	0.98	1	1	1	0	1	9	+A
I	3790288	G	*/+T	26	3	10.34%	2	2	50	49	0.98	1	1	12	14	1	2	+T
I	3825510	G	*/-T	20	3	13.04%	2	2	41	57	0.98	1	1	12	8	1	2	-T
I	3850523	C	*/-T	27	2	6.25%	2	2	46	31	0.98	1	1	19	8	1	1	-T
I	3850523	C	*/-TT	27	2	6.25%	2	2	46	68	0.98	1	1	19	8	1	1	-T
I	3855790	G	-T/-T	2	29	93.55%	2	2	37	44	0.98	1	1	1	1	20	9	-T
I	3870142	A	*/+C	6	13	54.17%	2	2	34	45	0.98	1	1	3	3	6	7	+C
I	3870142	A	*/+CCC	6	2	8.33%	2	1	34	29	0.98	1	1	3	3	0	2	+C
I	3879437	C	*/-A	27	2	6.45%	2	2	42	31	0.98	1	1	18	9	1	1	-A
I	3879437	C	*/+A	27	2	6.45%	2	1	42	36	0.98	1	1	18	9	0	2	-A
I	3879465	T	*/-A	31	2	5.71%	2	1	46	55	0.98	1	1	16	15	2	0	-A
I	3898271	C	*/-A	27	3	9.68%	2	2	51	49	0.98	1	1	11	16	2	1	-A
I	3940025	G	+T/+T	2	29	87.88%	1	2	49	47	0.98	1	1	2	0	17	12	+T
I	3940025	G	*/+TT	2	2	6.06%	1	2	49	31	0.98	1	1	2	0	1	1	+T
I	3992213	A	*/-C	16	7	30.43%	2	2	44	38	0.98	1	1	3	13	1	6	-C
I	3992546	C	*/+T	20	9	31.03%	2	2	43	41	0.98	1	1	13	7	8	1	+T
I	3993810	T	*/-A	11	2	15.38%	2	1	36	49	0.98	1	1	4	7	2	0	-A
I	4004016	G	*/-T	28	7	15.56%	2	2	50	42	0.98	1	1	18	10	6	1	-T
I	4004016	G	*/-TT	28	4	8.89%	2	2	50	52	0.98	1	1	18	10	1	3	-T
I	4004016	G	*/+T	28	6	13.33%	2	2	50	49	0.98	1	1	18	10	1	5	+T
I	4009704	C	*/+GTTGGTGGTACCAGTGGA	24	29	54.72%	2	2	48	39	0.98	1	1	12	12	19	10	+GTTGGTGGTACCAGTGGA
I	4010237	A	*/-G	19	6	21.43%	2	1	37	37	0.98	1	1	15	4	6	0	-G
I	4055052	T	+A/+A	6	24	75%	2	2	33	47	0.98	1	1	5	1	16	8	+A
I	4140001	G	*/-T	16	2	11.11%	2	1	44	55	0.98	1	1	5	11	0	2	-T
I	4153651	C	*/-T	20	9	27.27%	2	2	37	45	0.98	1	1	18	2	8	1	-T
I	4153651	C	*/+T	20	3	9.09%	2	1	37	37	0.98	1	1	18	2	3	0	-T
I	4168589	A	*/+T	20	2	9.09%	2	1	46	37	0.98	1	1	14	6	2	0	+T
I	4177950	T	*/-A	29	2	6.25%	2	2	42	55	0.98	1	1	23	6	1	1	-A
I	4179641	C	*/+A	10	2	14.29%	2	1	43	37	0.98	1	1	9	1	2	0	+A
I	4179701	C	*/+T	2	2	33.33%	1	2	31	36	0.98	1	1	2	0	1	1	+T
I	4239381	C	*/-T	23	3	11.54%	2	1	47	37	0.98	1	1	13	10	0	3	-T
I	4241118	G	*/-A	15	9	28.12%	2	2	49	43	0.98	1	1	12	3	6	3	-A
I	4241118	G	*/-AA	15	5	15.62%	2	2	49	42	0.98	1	1	12	3	4	1	-A
I	4241118	G	*/+A	15	3	9.38%	2	2	49	45	0.98	1	1	12	3	1	2	-A
I	4264199	G	*/+A	27	4	12.9%	2	2	42	37	0.98	1	1	18	9	2	2	+A
I	4276890	G	+T/+T	4	26	86.67%	2	2	55	47	0.98	1	1	3	1	18	8	+T
I	4297973	G	*/-T	20	2	8.33%	2	2	43	74	0.98	1	1	8	12	1	1	-T
I	4297973	G	*/+T	20	2	8.33%	2	2	43	55	0.98	1	1	8	12	1	1	-T
I	4304169	G	+A/+A	3	22	88%	2	2	45	40	0.98	1	1	2	1	10	12	+A
I	4360508	C	*/-T	45	3	6.12%	2	2	51	49	0.98	1	1	22	23	1	2	-T
I	4361970	C	*/+T	16	2	11.11%	2	1	35	30	0.98	1	1	10	6	0	2	+T
I	4374342	A	-G/-G	2	54	96.43%	1	2	49	49	0.98	1	1	0	2	35	19	-G
I	4394766	C	*/+A	19	2	9.52%	2	2	46	37	0.98	1	1	11	8	1	1	+A
I	4407494	T	+G/+G	1	41	97.62%	1	2	37	50	0.98	1	1	0	1	20	21	+G
I	4410191	C	-G/-G	1	31	96.88%	1	2	48	44	0.98	1	1	1	0	20	11	-G
I	4414201	C	-T/-T	1	14	77.78%	1	2	62	43	0.98	1	1	1	0	9	5	-T
I	4414201	C	*/-TT	1	2	11.11%	1	1	62	62	0.98	1	1	1	0	0	2	-T
I	4431856	G	+A/+A	5	66	92.96%	1	2	44	47	0.98	1	1	5	0	28	38	+A
I	4431868	C	+A/+A	4	61	93.85%	2	2	49	42	0.98	1	1	2	2	25	36	+A
I	4442621	A	*/-AT	59	8	11.94%	2	2	53	52	0.98	1	1	37	22	4	4	-AT
I	4455149	G	+A/+A	1	6	75%	1	2	37	41	0.98	1	1	1	0	5	1	+A
I	4514478	T	*/-A	20	5	16.67%	2	2	45	41	0.98	1	1	14	6	4	1	-A
I	4514478	T	*/-AA	20	3	10%	2	2	45	37	0.98	1	1	14	6	1	2	-A
I	4533252	C	*/+T	7	2	15.38%	2	2	45	49	0.98	1	1	4	3	1	1	+T
I	4604649	C	*/+T	11	2	14.29%	2	1	36	31	0.98	1	1	8	3	2	0	+T
I	4606489	C	*/-T	26	4	12.5%	2	2	53	64	0.98	1	1	12	14	3	1	-T
I	4606489	C	*/+T	26	2	6.25%	2	1	53	37	0.98	1	1	12	14	2	0	-T
I	4648159	T	*/-G	11	18	52.94%	2	2	47	42	0.98	1	1	8	3	11	7	-G
I	4648159	T	*/-GG	11	5	14.71%	2	2	47	32	0.98	1	1	8	3	4	1	-G
I	4675972	C	*/-T	27	2	6.9%	2	2	39	42	0.98	1	1	19	8	1	1	-T
I	4721875	G	+A/+A	0	16	100%	0	2	0	47	0.98	0	1	0	0	8	8	+A
I	4733668	G	*/+A	23	2	8%	2	1	44	48	0.98	1	1	18	5	0	2	+A
I	4746128	T	*/-G	28	2	6.67%	2	1	45	37	0.98	1	1	15	13	0	2	-G
I	4764253	G	*/+A	15	23	56.1%	2	2	39	41	0.98	1	1	11	4	14	9	+A
I	4781861	G	*/-T	28	2	6.06%	2	1	52	61	0.98	1	1	15	13	2	0	-T
I	4781861	G	*/+T	28	3	9.09%	2	2	52	61	0.98	1	1	15	13	2	1	+T
I	4788192	T	*/-A	38	2	5%	2	1	48	55	0.98	1	1	14	24	2	0	-A
I	4799348	T	*/-A	27	2	6.9%	2	2	44	31	0.98	1	1	16	11	1	1	-A
I	4882281	C	*/+T	23	2	7.69%	2	2	38	61	0.98	1	1	9	14	1	1	+T
I	4911431	G	*/+T	23	2	7.41%	2	1	35	55	0.98	1	1	22	1	2	0	+T
I	4916623	C	*/-A	13	7	21.88%	2	2	43	51	0.98	1	1	3	10	2	5	-A
I	4916623	C	*/-AA	13	4	12.5%	2	2	43	43	0.98	1	1	3	10	3	1	-A
I	4916623	C	*/+A	13	5	15.62%	2	2	43	61	0.98	1	1	3	10	1	4	+A
I	4916623	C	*/+AA	13	2	6.25%	2	2	43	31	0.98	1	1	3	10	1	1	+A
I	4926045	T	*/+A	26	2	7.14%	2	1	39	37	0.98	1	1	20	6	0	2	+A
I	4926046	C	*/+T	7	14	56%	1	2	32	40	0.98	1	1	7	0	12	2	+T
I	4934297	C	*/-TA	50	3	5.66%	2	2	46	53	0.98	1	1	24	26	1	2	-TA
I	4978355	A	*/-T	25	2	7.41%	2	2	53	55	0.98	1	1	9	16	1	1	-T
I	4984784	A	*/-T	12	4	22.22%	2	2	47	46	0.98	1	1	9	3	3	1	-T
I	5037093	C	*/-A	31	2	5.88%	2	2	48	37	0.98	1	1	13	18	1	1	-A
I	5058829	C	*/+T	22	2	8%	2	2	60	55	0.98	1	1	6	16	1	1	+T
I	5060109	A	*/+T	28	2	6.45%	2	2	47	55	0.98	1	1	13	15	1	1	+T
I	5078848	G	*/+A	18	4	17.39%	2	2	45	28	0.98	1	1	11	7	1	3	+A
I	5096442	G	*/-T	16	2	9.52%	2	2	39	42	0.98	1	1	14	2	1	1	-T
I	5096442	G	*/-TT	16	2	9.52%	2	2	39	29	0.98	1	1	14	2	1	1	-T
I	5096468	T	*/-TG	23	2	8%	2	1	54	48	0.98	1	1	9	14	2	0	-TG
I	5117187	C	*/-T	27	2	6.9%	2	1	42	37	0.98	1	1	9	18	0	2	-T
I	5137248	G	*/-A	20	2	9.09%	2	2	39	49	0.98	1	1	4	16	1	1	-A
I	5142627	A	+G/+G	1	19	95%	1	2	25	44	0.98	1	1	1	0	8	11	+G
I	5148414	T	-A/-A	1	43	97.73%	1	2	37	48	0.98	1	1	1	0	22	21	-A
I	5155608	C	*/-A	5	2	22.22%	2	2	28	31	0.98	1	1	3	2	1	1	-A
I	5159554	C	*/+T	38	2	5%	2	2	44	74	0.98	1	1	7	31	1	1	+T
I	5173087	C	+T/+T	4	32	86.49%	2	2	46	41	0.98	1	1	3	1	12	20	+T
I	5173430	G	*/+T	5	23	67.65%	1	2	39	47	0.98	1	1	5	0	18	5	+T
I	5173430	G	*/+TT	5	4	11.76%	1	2	39	39	0.98	1	1	5	0	3	1	+T
I	5176926	T	*/+A	4	6	50%	2	2	52	47	0.98	1	1	3	1	2	4	+A
I	5177760	A	*/+T	23	4	12.9%	2	2	39	39	0.98	1	1	22	1	1	3	+T
I	5177760	A	*/+TT	23	2	6.45%	2	2	39	31	0.98	1	1	22	1	1	1	+T
I	5181832	G	*/-T	19	2	8.7%	2	2	46	55	0.98	1	1	11	8	1	1	-T
I	5266596	A	*/-T	30	2	5.88%	2	1	40	37	0.98	1	1	21	9	2	0	-T
I	5271432	C	*/+TTTT	7	2	20%	1	2	37	36	0.98	1	1	7	0	1	1	+TTTT
I	5311400	A	*/-T	37	2	5.13%	2	1	53	74	0.98	1	1	17	20	2	0	-T
I	5352025	G	*/-T	32	3	8.57%	2	2	47	45	0.98	1	1	20	12	2	1	-T
I	5368262	T	-C/-C	4	99	96.12%	2	2	64	49	0.98	1	1	3	1	37	62	-C
I	5368273	G	+T/+T	3	103	96.26%	1	2	37	49	0.98	1	1	0	3	39	64	+T
I	5426622	C	+T/+T	2	29	87.88%	1	2	37	41	0.98	1	1	2	0	20	9	+T
I	5427304	A	*/+TTATTT	35	3	7.89%	2	1	47	41	0.98	1	1	13	22	3	0	+TTATTT
I	5435423	T	*/-A	36	2	5.26%	2	1	51	55	0.98	1	1	16	20	0	2	-A
I	5436574	G	*/-A	36	2	5.13%	2	1	43	74	0.98	1	1	21	15	0	2	-A
I	5547223	T	*/-A	16	7	30.43%	2	2	39	42	0.98	1	1	14	2	5	2	-A
I	5548073	A	*/-T	18	2	10%	2	1	46	42	0.98	1	1	10	8	2	0	-T
I	5559365	C	*/-T	5	2	25%	1	2	54	49	0.98	1	1	5	0	1	1	-T
I	5567937	C	*/-A	44	3	6%	2	1	40	37	0.98	1	1	23	21	3	0	-A
I	5570823	C	*/-A	14	2	11.76%	2	2	35	61	0.98	1	1	13	1	1	1	-A
I	5572022	A	*/-T	58	4	6.45%	2	1	46	37	0.98	1	1	21	37	0	4	-T
I	5573794	T	*/-GTGC	6	2	25%	2	1	49	37	0.98	1	1	3	3	2	0	-GTGC
I	5576850	T	*/-AA	7	15	65.22%	2	2	45	41	0.98	1	1	3	4	9	6	-AA
II	5299	G	*/-T	25	3	10.34%	2	2	42	37	0.98	1	1	10	15	1	2	-T
II	10254	T	*/+A	13	2	13.33%	2	1	36	49	0.98	1	1	8	5	2	0	+A
II	15830	T	*/-A	9	3	20%	2	1	49	57	0.98	1	1	5	4	3	0	-A
II	15830	T	*/+A	9	2	13.33%	2	2	49	31	0.98	1	1	5	4	1	1	-A
II	16652	G	*/-T	17	2	10.53%	2	2	41	31	0.98	1	1	4	13	1	1	-T
II	21982	C	*/+AT	49	3	5.77%	2	1	46	57	0.98	1	1	16	33	0	3	+AT
II	23557	G	*/-A	6	4	30.77%	2	2	45	43	0.98	1	1	4	2	3	1	-A
II	35685	G	*/+A	24	3	11.11%	2	2	48	45	0.98	1	1	16	8	2	1	+A
II	46913	T	*/-A	15	2	10.53%	2	2	40	42	0.98	1	1	10	5	1	1	-A
II	73586	C	*/-T	18	2	10%	2	1	45	55	0.98	1	1	10	8	2	0	-T
II	113240	T	*/-A	12	6	31.58%	2	2	38	43	0.98	1	1	5	7	4	2	-A
II	121588	G	*/+T	19	4	17.39%	2	1	48	74	0.98	1	1	8	11	0	4	+T
II	128001	T	-A/-A	0	26	100%	0	2	0	42	0.98	0	1	0	0	18	8	-A
II	146079	T	-C/-C	4	36	90%	2	2	43	48	0.98	1	1	1	3	17	19	-C
II	201022	A	*/-T	13	5	26.32%	2	2	38	51	0.98	1	1	9	4	4	1	-T
II	229897	A	*/-T	26	12	27.27%	2	2	45	44	0.98	1	1	11	15	9	3	-T
II	229897	A	*/+T	26	4	9.09%	2	2	45	43	0.98	1	1	11	15	3	1	-T
II	257643	C	*/-T	47	3	5.88%	2	2	43	44	0.98	1	1	40	7	2	1	-T
II	310243	G	*/+T	27	2	6.9%	2	1	43	61	0.98	1	1	23	4	0	2	+T
II	331894	C	*/-T	8	2	20%	2	1	44	37	0.98	1	1	5	3	2	0	-T
II	347845	A	*/-T	14	2	12.5%	2	2	41	31	0.98	1	1	7	7	1	1	-T
II	376034	C	*/-T	48	3	5.88%	2	2	50	61	0.98	1	1	20	28	1	2	-T
II	383156	C	*/-T	34	2	5.41%	2	2	45	37	0.98	1	1	20	14	1	1	-T
II	410085	C	*/-T	12	10	43.48%	2	2	38	44	0.98	1	1	8	4	7	3	-T
II	413039	T	*/-A	18	2	9.09%	2	2	47	55	0.98	1	1	10	8	1	1	-A
II	413039	T	*/+A	18	2	9.09%	2	1	47	31	0.98	1	1	10	8	0	2	-A
II	484534	A	*/+T	4	9	52.94%	2	2	55	43	0.98	1	1	2	2	4	5	+T
II	516071	T	*/-A	23	3	11.11%	2	1	41	70	0.98	1	1	9	14	0	3	-A
II	520626	T	*/-C	21	2	8.7%	2	1	40	49	0.98	1	1	18	3	0	2	-C
II	520627	C	*/-TT	17	2	9.09%	1	2	37	42	0.98	1	1	17	0	1	1	-TT
II	521731	G	*/-T	36	8	17.02%	2	2	46	60	0.98	1	1	19	17	2	6	-T
II	522799	A	*/+T	25	3	10.71%	2	1	44	49	0.98	1	1	20	5	0	3	+T
II	522800	G	+A/+A	0	22	81.48%	0	2	0	45	0.98	0	1	0	0	18	4	+A
II	557130	C	*/-T	19	3	13.04%	2	2	44	74	0.98	1	1	11	8	1	2	-T
II	561064	T	*/-A	10	5	27.78%	2	2	51	44	0.98	1	1	2	8	3	2	-A
II	561064	T	*/+A	10	2	11.11%	2	1	51	31	0.98	1	1	2	8	0	2	-A
II	603279	A	-T/-T	0	15	100%	0	2	0	46	0.98	0	1	0	0	8	7	-T
II	603305	A	-C/-C	0	19	100%	0	2	0	46	0.98	0	1	0	0	9	10	-C
II	631718	T	*/-A	36	2	5.26%	2	1	50	55	0.98	1	1	16	20	2	0	-A
II	662406	A	*/-T	68	4	5.41%	2	2	47	55	0.98	1	1	48	20	3	1	-T
II	673086	G	*/-A	12	2	11.76%	2	1	47	37	0.98	1	1	10	2	2	0	-A
II	673086	G	*/-AAA	12	2	11.76%	2	2	47	49	0.98	1	1	10	2	1	1	-A
II	677175	G	*/-TA	49	4	7.27%	2	1	47	49	0.98	1	1	16	33	0	4	-TA
II	700009	T	-A/-A	1	16	94.12%	1	2	37	43	0.98	1	1	0	1	4	12	-A
II	716295	G	*/-T	21	7	21.88%	2	2	40	36	0.98	1	1	10	11	5	2	-T
II	716295	G	*/+T	21	2	6.25%	2	1	40	37	0.98	1	1	10	11	0	2	-T
II	753854	A	*/-T	5	6	40%	2	2	44	38	0.98	1	1	3	2	5	1	-T
II	753854	A	*/+T	5	3	20%	2	1	44	45	0.98	1	1	3	2	3	0	-T
II	756993	C	*/-T	24	4	12.9%	2	2	49	55	0.98	1	1	12	12	2	2	-T
II	756993	C	*/+T	24	3	9.68%	2	2	49	61	0.98	1	1	12	12	1	2	-T
II	819795	T	*/+C	34	6	15%	2	2	46	47	0.98	1	1	26	8	5	1	+C
II	842330	G	*/-A	36	2	5.13%	2	2	49	37	0.98	1	1	16	20	1	1	-A
II	845911	C	+A/+A	1	23	95.83%	1	2	37	50	0.98	1	1	1	0	13	10	+A
II	862301	C	*/-T	23	2	8%	2	2	47	37	0.98	1	1	15	8	1	1	-T
II	888599	A	-C/-C	0	17	100%	0	2	0	56	0.98	0	1	0	0	8	9	-C
II	889921	C	*/-T	15	3	15.79%	2	2	37	40	0.98	1	1	14	1	2	1	-T
II	890578	C	*/-TT	32	2	5.88%	2	1	36	49	0.98	1	1	29	3	2	0	-TT
II	903106	G	+T/+T	1	35	97.22%	1	2	37	46	0.98	1	1	1	0	13	22	+T
II	948303	T	*/-A	23	6	20%	2	2	55	47	0.98	1	1	12	11	3	3	-A
II	965517	C	*/-T	24	7	21.21%	2	2	43	42	0.98	1	1	17	7	4	3	-T
II	1019510	T	*/-A	1	16	72.73%	1	2	74	45	0.98	1	1	1	0	10	6	-A
II	1019510	T	*/-AA	1	3	13.64%	1	2	74	37	0.98	1	1	1	0	1	2	-A
II	1057872	T	*/+A	17	2	10.53%	2	1	47	49	0.98	1	1	10	7	2	0	+A
II	1059118	T	*/-A	29	6	17.14%	2	2	46	55	0.98	1	1	11	18	1	5	-A
II	1059263	C	*/+T	37	2	5.13%	2	2	51	61	0.98	1	1	19	18	1	1	+T
II	1069791	C	*/+A	25	5	16.13%	2	2	48	51	0.98	1	1	13	12	3	2	+A
II	1078264	T	*/-A	34	5	11.63%	2	1	41	51	0.98	1	1	22	12	5	0	-A
II	1078264	T	*/+A	34	3	6.98%	2	1	41	45	0.98	1	1	22	12	3	0	-A
II	1079843	T	*/+A	5	15	68.18%	2	2	51	42	0.98	1	1	4	1	9	6	+A
II	1079843	T	*/+AA	5	2	9.09%	2	2	51	37	0.98	1	1	4	1	1	1	+A
II	1104941	G	*/-T	10	4	23.53%	2	2	35	37	0.98	1	1	8	2	3	1	-T
II	1104941	G	*/+T	10	2	11.76%	2	1	35	37	0.98	1	1	8	2	2	0	-T
II	1140902	C	*/-T	27	3	10%	2	1	47	37	0.98	1	1	17	10	3	0	-T
II	1141304	C	*/+A	27	2	6.67%	2	1	51	55	0.98	1	1	15	12	2	0	+A
II	1156029	A	*/-AT	22	4	15.38%	2	2	44	46	0.98	1	1	6	16	2	2	-AT
II	1163154	A	-T/-T	3	22	88%	1	2	37	53	0.98	1	1	0	3	9	13	-T
II	1165618	G	*/-T	23	2	8%	2	1	47	37	0.98	1	1	8	15	2	0	-T
II	1187402	C	*/-T	33	2	5.71%	2	1	49	55	0.98	1	1	11	22	0	2	-T
II	1187785	G	*/-T	23	3	11.11%	2	2	46	36	0.98	1	1	11	12	1	2	-T
II	1243365	G	*/-T	22	4	14.81%	2	1	43	46	0.98	1	1	10	12	0	4	-T
II	1266289	T	+A/+A	0	6	85.71%	0	2	0	49	0.98	0	1	0	0	3	3	+A
II	1266955	G	*/-GA	74	5	6.25%	2	2	48	49	0.98	1	1	44	30	3	2	-GA
II	1277481	G	*/+TT	9	3	21.43%	2	2	37	38	0.98	1	1	7	2	2	1	+TT
II	1308618	G	-T/-T	5	56	91.8%	2	2	39	46	0.98	1	1	4	1	30	26	-T
II	1325549	T	+A/+A	0	14	100%	0	2	0	47	0.98	0	1	0	0	2	12	+A
II	1349040	A	*/-T	19	2	9.09%	2	2	50	55	0.98	1	1	12	7	1	1	-T
II	1365999	G	*/-T	22	5	18.52%	2	2	51	51	0.98	1	1	14	8	4	1	-T
II	1389139	C	*/+T	5	11	61.11%	2	2	34	52	0.98	1	1	1	4	6	5	+T
II	1456839	A	*/-T	14	4	21.05%	2	2	41	64	0.98	1	1	7	7	1	3	-T
II	1467485	C	*/-T	17	6	23.08%	2	2	40	37	0.98	1	1	5	12	3	3	-T
II	1467485	C	*/+T	17	3	11.54%	2	2	40	57	0.98	1	1	5	12	1	2	-T
II	1491761	T	*/-A	27	2	6.9%	2	2	47	49	0.98	1	1	13	14	1	1	-A
II	1531449	G	*/-T	24	3	11.11%	2	2	41	37	0.98	1	1	6	18	2	1	-T
II	1555919	A	+TTTATT/+TTTATT	3	10	76.92%	1	2	45	40	0.98	1	1	3	0	6	4	+TTTATT
II	1588936	G	*/+AA	4	5	41.67%	1	1	43	37	0.98	1	1	4	0	5	0	+AA
II	1600713	C	*/+T	14	2	11.76%	2	2	41	37	0.98	1	1	5	9	1	1	+T
II	1606686	A	*/+TGGAAGTGGTAAG	198	11	5.24%	2	2	46	44	0.98	1	1	90	108	8	3	+TGGAAGTGGTAAG
II	1612985	A	*/+ATAATGATAATGATAATG	27	2	5.88%	2	2	45	31	0.98	1	1	10	17	1	1	G
II	1627981	C	*/-T	15	5	25%	2	2	45	54	0.98	1	1	10	5	2	3	-T
II	1634894	T	*/+ATC	33	2	5.71%	2	2	47	37	0.98	1	1	21	12	1	1	+ATC
II	1647018	C	*/-T	30	2	6.25%	2	1	46	31	0.98	1	1	6	24	2	0	-T
II	1677650	G	*/-A	34	2	5.56%	2	2	44	31	0.98	1	1	24	10	1	1	-A
II	1678205	T	-A/-A	0	4	100%	0	2	0	52	0.98	0	1	0	0	2	2	-A
II	1709150	G	*/-T	24	3	11.11%	2	2	41	61	0.98	1	1	17	7	1	2	-T
II	1716256	G	*/+T	20	6	21.43%	2	1	38	34	0.98	1	1	16	4	6	0	+T
II	1716287	T	*/-G	23	17	42.5%	2	2	49	45	0.98	1	1	10	13	2	15	-G
II	1748645	T	*/-G	19	2	9.52%	2	1	42	74	0.98	1	1	13	6	0	2	-G
II	1748646	G	*/-A	12	3	16.67%	1	2	39	45	0.98	1	1	12	0	2	1	-A
II	1748646	G	*/-AAA	12	2	11.11%	1	1	39	37	0.98	1	1	12	0	0	2	-A
II	1750131	C	*/+A	10	2	16.67%	2	2	36	49	0.98	1	1	8	2	1	1	+A
II	1763419	T	*/-A	29	7	17.95%	2	2	39	56	0.98	1	1	15	14	2	5	-A
II	1763419	T	*/-AA	29	2	5.13%	2	2	39	55	0.98	1	1	15	14	1	1	-A
II	1818108	C	*/-T	9	6	40%	2	2	36	65	0.98	1	1	5	4	2	4	-T
II	1861420	T	-G/-G	1	51	98.08%	1	2	74	48	0.98	1	1	1	0	20	31	-G
II	1867795	A	+T/+T	1	15	93.75%	1	2	25	51	0.98	1	1	1	0	8	7	+T
II	1868122	G	*/+T	4	13	65%	2	2	46	41	0.98	1	1	1	3	10	3	+T
II	1873779	T	+A/+A	3	18	85.71%	1	2	37	43	0.98	1	1	0	3	8	10	+A
II	1877294	A	+T/+T	2	19	82.61%	2	2	55	50	0.98	1	1	1	1	14	5	+T
II	1922526	C	*/-T	27	2	6.9%	2	2	46	74	0.98	1	1	21	6	1	1	-T
II	1941575	G	*/-T	8	2	16.67%	2	2	41	37	0.98	1	1	1	7	1	1	-T
II	1941697	A	*/+T	7	2	20%	2	2	43	51	0.98	1	1	3	4	1	1	+T
II	1941966	A	+T/+T	1	38	97.44%	1	2	25	51	0.98	1	1	0	1	28	10	+T
II	1941982	A	+T/+T	0	40	100%	0	2	0	52	0.98	0	1	0	0	29	11	+T
II	1948953	G	-A/-A	1	35	97.22%	1	2	37	47	0.98	1	1	0	1	18	17	-A
II	1950050	A	+G/+G	0	30	100%	0	2	0	48	0.98	0	1	0	0	8	22	+G
II	1953298	C	*/-CT	40	3	6.98%	2	2	42	36	0.98	1	1	18	22	1	2	-CT
II	1953407	T	*/-C	18	4	18.18%	2	1	37	46	0.98	1	1	3	15	0	4	-C
II	1955495	T	+A/+A	1	25	92.59%	1	2	25	50	0.98	1	1	0	1	18	7	+A
II	1960392	A	+G/+G	0	17	100%	0	2	0	41	0.98	0	1	0	0	5	12	+G
II	1987101	C	-G/-G	2	34	94.44%	2	2	55	48	0.98	1	1	1	1	21	13	-G
II	1987117	T	-G/-G	0	33	100%	0	2	0	48	0.98	0	1	0	0	20	13	-G
II	2049891	A	-T/-T	0	54	100%	0	2	0	53	0.98	0	1	0	0	25	29	-T
II	2053516	G	+C/+C	3	44	93.62%	1	2	57	48	0.98	1	1	3	0	21	23	+C
II	2108180	T	+A/+A	1	30	96.77%	1	2	37	51	0.98	1	1	0	1	18	12	+A
II	2125716	A	*/+T	24	7	22.58%	2	2	47	42	0.98	1	1	13	11	3	4	+T
II	2132330	T	*/+A	17	3	15%	2	1	44	37	0.98	1	1	10	7	3	0	+A
II	2147726	G	+T/+T	2	23	88.46%	1	2	55	46	0.98	1	1	0	2	14	9	+T
II	2186983	A	*/-T	25	3	10.71%	2	2	41	37	0.98	1	1	9	16	2	1	-T
II	2187407	G	+A/+A	0	23	100%	0	2	0	47	0.98	0	1	0	0	11	12	+A
II	2197587	C	*/-AA	12	2	14.29%	1	2	35	31	0.98	1	1	12	0	1	1	-AA
II	2203072	C	*/-A	32	3	8.33%	2	2	49	70	0.98	1	1	18	14	1	2	-A
II	2203175	T	*/-A	20	2	8%	2	2	45	55	0.98	1	1	15	5	1	1	-A
II	2203175	T	*/+A	20	3	12%	2	2	45	57	0.98	1	1	15	5	2	1	+A
II	2209818	A	*/-T	26	2	6.9%	2	1	45	49	0.98	1	1	14	12	0	2	-T
II	2219606	C	*/+T	32	4	11.11%	2	2	48	39	0.98	1	1	15	17	1	3	+T
II	2219926	G	*/+T	31	2	6.06%	2	1	44	37	0.98	1	1	12	19	2	0	+T
II	2219928	A	+T/+T	0	28	93.33%	0	2	0	43	0.98	0	1	0	0	10	18	+T
II	2228776	T	*/-G	24	2	7.69%	2	2	49	55	0.98	1	1	16	8	1	1	-G
II	2293297	G	-A/-A	0	24	100%	0	2	0	40	0.98	0	1	0	0	16	8	-A
II	2318772	A	*/-T	8	5	33.33%	2	2	37	36	0.98	1	1	6	2	4	1	-T
II	2338528	G	*/-A	17	2	10%	2	1	37	37	0.98	1	1	12	5	2	0	-A
II	2434290	A	*/+T	30	2	6.25%	2	1	46	55	0.98	1	1	16	14	0	2	+T
II	2443175	A	*/-T	9	2	18.18%	2	1	36	25	0.98	1	1	6	3	0	2	-T
II	2443873	T	*/+A	8	3	10.34%	2	2	41	46	0.98	1	1	5	3	2	1	+A
II	2443873	T	*/+AA	8	15	51.72%	2	2	41	50	0.98	1	1	5	3	4	11	+AA
II	2447678	G	*/+T	33	2	5.71%	2	2	49	48	0.98	1	1	16	17	1	1	+T
II	2523297	A	*/-T	32	2	5.88%	2	2	48	55	0.98	1	1	15	17	1	1	-T
II	2523624	C	*/-A	9	2	14.29%	2	1	40	48	0.98	1	1	7	2	2	0	-A
II	2523624	C	*/-AAA	9	2	14.29%	2	1	40	61	0.98	1	1	7	2	0	2	-A
II	2579458	C	*/-A	4	2	33.33%	2	1	37	61	0.98	1	1	3	1	0	2	-A
II	2591913	T	*/-A	15	3	15.79%	2	2	44	29	0.98	1	1	10	5	2	1	-A
II	2592423	T	+A/+A	5	27	84.38%	2	2	37	44	0.98	1	1	4	1	16	11	+A
II	2619445	A	*/-AGG	15	2	11.76%	2	1	37	25	0.98	1	1	12	3	0	2	-AGG
II	2630607	C	*/+A	5	19	73.08%	2	2	42	40	0.98	1	1	4	1	7	12	+A
II	2640785	T	*/+A	7	26	70.27%	2	2	56	46	0.98	1	1	3	4	13	13	+A
II	2640785	T	*/+AA	7	2	5.41%	2	1	56	42	0.98	1	1	3	4	2	0	+A
II	2647497	C	*/-T	17	4	16%	2	1	41	43	0.98	1	1	10	7	0	4	-T
II	2647497	C	*/-TT	17	2	8%	2	2	41	49	0.98	1	1	10	7	1	1	-T
II	2709414	G	+C/+C	3	36	87.8%	1	2	37	44	0.98	1	1	0	3	22	14	+C
II	2755338	C	*/-AT	15	9	32.14%	2	2	46	38	0.98	1	1	1	14	5	4	-AT
II	2755338	C	*/-ATAT	15	4	14.29%	2	2	46	46	0.98	1	1	1	14	2	2	-AT
II	2788933	C	+G/+G	0	45	100%	0	2	0	40	0.98	0	1	0	0	32	13	+G
II	2798040	C	-T/-T	3	43	93.48%	1	2	74	47	0.98	1	1	3	0	21	22	-T
II	2798514	A	-G/-G	3	29	90.62%	2	2	49	49	0.98	1	1	2	1	10	19	-G
II	2811495	C	-A/-A	1	33	97.06%	1	2	62	48	0.98	1	1	1	0	22	11	-A
II	2825193	A	*/+T	22	2	8.33%	2	2	49	55	0.98	1	1	13	9	1	1	+T
II	2826100	G	*/-A	18	6	24%	2	1	41	36	0.98	1	1	13	5	0	6	-A
II	2886189	T	*/+A	33	6	15.38%	2	2	50	43	0.98	1	1	19	14	4	2	+A
II	2894538	T	*/-A	13	4	22.22%	2	2	43	34	0.98	1	1	6	7	3	1	-A
II	2900889	A	*/-T	14	11	39.29%	2	2	48	52	0.98	1	1	11	3	9	2	-T
II	2900889	A	*/-TT	14	2	7.14%	2	2	48	42	0.98	1	1	11	3	1	1	-T
II	2908519	G	*/-A	34	2	5.56%	2	2	48	55	0.98	1	1	17	17	1	1	-A
II	2938956	C	+T/+T	6	22	75.86%	2	2	45	46	0.98	1	1	5	1	5	17	+T
II	2988149	G	*/-T	25	3	10%	2	2	44	57	0.98	1	1	17	8	1	2	-T
II	2988149	G	*/+T	25	2	6.67%	2	1	44	37	0.98	1	1	17	8	0	2	-T
II	3010975	G	*/+T	61	7	9.86%	2	2	48	44	0.98	1	1	26	35	3	4	+T
II	3028585	C	*/-AT	18	2	10%	2	2	43	55	0.98	1	1	4	14	1	1	-AT
II	3040332	C	+G/+G	2	57	95%	1	2	37	49	0.98	1	1	0	2	35	22	+G
II	3058544	T	*/+G	10	4	21.05%	2	1	35	37	0.98	1	1	7	3	4	0	+G
II	3058544	T	*/+GG	10	4	21.05%	2	1	35	37	0.98	1	1	7	3	4	0	+G
II	3154052	G	*/-T	29	7	18.42%	2	2	47	58	0.98	1	1	18	11	4	3	-T
II	3171788	G	*/-AA	6	2	7.69%	1	1	37	31	0.98	1	1	6	0	0	2	-AA
II	3171788	G	*/+A	6	15	57.69%	1	2	37	47	0.98	1	1	6	0	12	3	+A
II	3175926	C	*/-T	4	2	22.22%	2	1	39	37	0.98	1	1	3	1	2	0	-T
II	3175926	C	*/+T	4	2	22.22%	2	2	39	42	0.98	1	1	3	1	1	1	-T
II	3253453	C	*/-T	7	4	30.77%	1	2	37	55	0.98	1	1	7	0	2	2	-T
II	3253453	C	*/+T	7	2	15.38%	1	2	37	62	0.98	1	1	7	0	1	1	-T
II	3282373	T	*/-A	26	5	15.15%	2	2	39	49	0.98	1	1	20	6	4	1	-A
II	3282373	T	*/+A	26	2	6.06%	2	1	39	55	0.98	1	1	20	6	2	0	-A
II	3380128	C	*/-T	20	3	12%	2	1	35	40	0.98	1	1	17	3	3	0	-T
II	3410437	G	*/-T	16	6	27.27%	2	2	41	37	0.98	1	1	11	5	1	5	-T
II	3421504	T	*/+A	30	2	6.25%	2	1	53	37	0.98	1	1	15	15	2	0	+A
II	3487895	G	*/-TATTT	30	5	13.51%	2	1	44	37	0.98	1	1	23	7	5	0	-TATTT
II	3509251	T	*/-A	18	2	8.7%	2	2	44	31	0.98	1	1	8	10	1	1	-A
II	3509251	T	*/+A	18	3	13.04%	2	2	44	49	0.98	1	1	8	10	1	2	+A
II	3512925	C	*/-T	12	3	20%	2	2	37	29	0.98	1	1	10	2	2	1	-T
II	3532163	A	*/+C	17	2	10%	2	1	41	37	0.98	1	1	15	2	0	2	+C
II	3540057	A	*/-T	26	7	20.59%	2	2	45	40	0.98	1	1	17	9	4	3	-T
II	3607420	C	*/+T	19	2	9.52%	2	1	45	42	0.98	1	1	13	6	0	2	+T
II	3619003	A	+G/+G	3	39	92.86%	1	2	37	43	0.98	1	1	0	3	24	15	+G
II	3621704	A	*/-T	22	3	11.11%	2	2	47	37	0.98	1	1	14	8	2	1	-T
II	3621704	A	*/-TT	22	2	7.41%	2	1	47	55	0.98	1	1	14	8	2	0	-T
II	3692024	G	*/+A	21	2	8.7%	2	1	52	68	0.98	1	1	11	10	2	0	+A
II	3715149	G	*/-A	9	6	35.29%	2	2	33	55	0.98	1	1	7	2	5	1	-A
II	3715149	G	*/+A	9	2	11.76%	2	1	33	37	0.98	1	1	7	2	2	0	-A
II	3777384	T	*/+A	33	3	8.11%	2	2	48	49	0.98	1	1	14	19	1	2	+A
II	3799350	G	*/+A	3	5	55.56%	2	2	37	42	0.98	1	1	2	1	4	1	+A
II	3815025	C	*/-T	11	2	13.33%	2	2	39	36	0.98	1	1	10	1	1	1	-T
II	3838101	C	*/-A	5	11	64.71%	1	2	44	45	0.98	1	1	5	0	6	5	-A
II	3838912	T	*/-A	18	7	28%	2	2	37	40	0.98	1	1	7	11	3	4	-A
II	3856893	T	*/-C	31	3	8.82%	2	1	44	33	0.98	1	1	17	14	0	3	-C
II	3856896	A	*/-T	23	3	10%	2	2	42	45	0.98	1	1	15	8	1	2	-T
II	3856896	A	*/+T	23	3	10%	2	1	42	45	0.98	1	1	15	8	0	3	-T
II	3860185	C	*/-TAGTA	36	30	43.48%	2	2	50	42	0.98	1	1	12	24	20	10	-TAGTA
II	3938066	G	*/-A	27	2	6.9%	2	1	50	37	0.98	1	1	14	13	0	2	-A
II	3954039	C	*/-T	27	9	19.57%	2	2	43	45	0.98	1	1	19	8	5	4	-T
II	3954039	C	*/+T	27	7	15.22%	2	2	43	50	0.98	1	1	19	8	5	2	-T
II	3975235	C	*/-A	28	12	23.53%	2	2	45	43	0.98	1	1	21	7	9	3	-A
II	3975235	C	*/-AA	28	8	15.69%	2	2	45	42	0.98	1	1	21	7	3	5	-A
II	3980889	G	*/-A	37	2	5.13%	2	1	51	55	0.98	1	1	18	19	2	0	-A
II	3983331	G	*/-TA	52	3	5.45%	2	2	52	61	0.98	1	1	12	40	1	2	-TA
II	4006982	C	*/-A	13	7	29.17%	1	2	40	43	0.98	1	1	13	0	6	1	-A
II	4006982	C	*/-AA	13	3	12.5%	1	2	40	37	0.98	1	1	13	0	2	1	-A
II	4031460	A	*/+T	7	3	25%	2	1	45	37	0.98	1	1	6	1	3	0	+T
II	4076405	A	*/-T	38	2	5%	2	2	46	37	0.98	1	1	21	17	1	1	-T
II	4107253	G	*/+TTT	1	2	33.33%	1	1	48	37	0.98	1	1	0	1	2	0	+TTT
II	4221959	T	*/+A	20	2	8.7%	2	2	40	37	0.98	1	1	12	8	1	1	+A
II	4254960	G	-A/-A	3	35	92.11%	2	2	74	50	0.98	1	1	2	1	13	22	-A
II	4308414	C	*/+A	9	21	65.62%	2	2	41	44	0.98	1	1	8	1	9	12	+A
II	4343817	T	*/-A	19	2	9.09%	2	1	45	37	0.98	1	1	10	9	2	0	-A
II	4419921	T	*/+A	6	7	43.75%	2	2	41	44	0.98	1	1	1	5	2	5	+A
II	4423650	T	-GTTGG/-GTTGG	1	18	94.74%	1	2	74	40	0.98	1	1	1	0	14	4	-GTTGG
II	4423656	A	+AAACT/+AAACT	1	18	94.74%	1	2	74	41	0.98	1	1	1	0	14	4	+AAACT
II	4453874	C	*/-A	28	2	6.67%	2	1	42	42	0.98	1	1	16	12	0	2	-A
II	4496300	G	*/-A	9	2	16.67%	2	2	34	42	0.98	1	1	3	6	1	1	-A
II	4502695	C	*/-T	6	3	33.33%	2	2	41	61	0.98	1	1	4	2	1	2	-T
II	4505641	C	*/-A	20	3	10.71%	2	2	47	45	0.98	1	1	8	12	1	2	-A
II	4505641	C	*/+A	20	4	14.29%	2	1	47	37	0.98	1	1	8	12	4	0	+A
II	4507612	T	*/-A	20	2	9.09%	2	2	42	37	0.98	1	1	18	2	1	1	-A
II	4515506	C	*/+T	24	2	7.41%	2	2	44	43	0.98	1	1	9	15	1	1	+T
II	4516627	G	*/+ATCTTACTCTATTCTATCT	73	7	7.69%	2	2	49	38	0.98	1	1	37	36	6	1	+ATCTTACTCTATTCTATCT
II	4517047	T	*/+TACTCATC	88	25	21.74%	2	2	47	41	0.98	1	1	46	42	15	10	+TACTCATC
II	4521677	T	*/-AA	11	12	50%	2	2	46	37	0.98	1	1	3	8	5	7	-AA
II	4525340	G	*/-T	64	7	8.05%	2	2	42	47	0.98	1	1	42	22	3	4	-T
II	4525340	G	*/+T	64	13	14.94%	2	2	42	46	0.98	1	1	42	22	7	6	+T
II	4526174	A	*/-T	23	8	25.81%	2	2	41	50	0.98	1	1	13	10	4	4	-T
II	4526843	C	*/-TT	10	5	25%	2	2	41	54	0.98	1	1	7	3	4	1	-TT
II	4526843	C	*/-TTT	10	3	15%	2	1	41	41	0.98	1	1	7	3	0	3	-TT
II	4528465	C	*/+GACAAT	79	12	13.19%	2	2	45	42	0.98	1	1	37	42	5	7	+GACAAT
II	4529375	T	*/+ACAACGACAACGACAACG	60	9	10.84%	2	2	45	46	0.98	1	1	35	25	2	7	+ACAACGACAACGACAACG
II	4529375	T	*/+ACAACGACAACGACAACGACAACG	60	12	14.46%	2	2	45	37	0.98	1	1	35	25	11	1	+ACAACGACAACGACAACGACAACG
II	4533588	C	*/-T	104	23	18.11%	2	2	46	42	0.98	1	1	72	32	14	9	-T
II	4534880	A	*/-T	151	47	23.74%	2	2	46	43	0.98	1	1	70	81	27	20	-T
II	4535523	T	*/+GTTACG	276	55	16.62%	2	2	44	41	0.98	1	1	78	198	17	38	+GTTACG
II	4535548	A	*/-TATGTG	289	47	13.95%	2	2	45	43	0.98	1	1	101	188	22	25	-TATGTG
II	4535645	G	*/-T	238	54	18.49%	2	2	50	50	0.98	1	1	138	100	33	21	-T
II	4536728	A	*/+GAGAGTAGG	229	34	12.14%	2	2	48	47	0.98	1	1	103	126	15	19	+GAGAGTAGG
II	4537213	G	*/+T	173	190	52.34%	2	2	49	52	0.98	1	1	107	66	121	69	+T
II	4537387	A	*/-AATAAGAG	96	170	63.91%	2	2	49	45	0.98	1	1	42	54	105	65	-AATAAGAG
II	4537665	G	*/+AAATA	84	6	6.52%	2	2	45	45	0.98	1	1	44	40	3	3	+AAATA
II	4537712	T	*/-AAATAAAATTAATG	51	17	25%	2	2	40	40	0.98	1	1	28	23	5	12	-AAATAAAATTAATG
III	1558	G	*/-AA	8	4	33.33%	2	2	40	64	0.98	1	1	3	5	2	2	-AA
III	4729	A	*/-T	49	4	7.41%	2	2	49	31	0.98	1	1	32	17	1	3	-T
III	4952	C	+T/+T	37	148	78.31%	2	2	44	50	0.98	1	1	27	10	50	98	+T
III	5403	C	*/-T	192	13	6.16%	2	2	47	41	0.98	1	1	114	78	7	6	-T
III	5485	A	*/+C	18	3	14.29%	2	1	49	37	0.98	1	1	6	12	0	3	+C
III	5520	C	*/-A	12	4	25%	2	2	51	34	0.98	1	1	8	4	1	3	-A
III	9812	T	*/+A	21	54	67.5%	2	1	45	43	0.98	1	1	20	1	0	54	+A
III	10094	A	*/-T	7	3	30%	2	1	47	37	0.98	1	1	1	6	0	3	-T
III	12428	G	*/-AA	3	6	66.67%	1	2	37	38	0.98	1	1	0	3	4	2	-AA
III	15822	C	+T/+T	21	132	85.16%	2	2	57	47	0.98	1	1	14	7	47	85	+T
III	15914	C	*/+T	28	2	6.67%	2	1	40	37	0.98	1	1	12	16	0	2	+T
III	16273	C	*/-T	174	17	8.72%	2	2	47	48	0.98	1	1	91	83	10	7	-T
III	16390	C	*/-A	8	3	25%	1	2	41	37	0.98	1	1	8	0	1	2	-A
III	20682	T	*/+A	27	53	62.35%	2	2	49	42	0.98	1	1	25	2	1	52	+A
III	20964	A	*/-T	7	4	36.36%	2	1	52	34	0.98	1	1	1	6	0	4	-T
III	69589	T	*/-A	20	3	11.54%	2	1	48	37	0.98	1	1	5	15	0	3	-A
III	69589	T	*/+A	20	3	11.54%	2	2	48	37	0.98	1	1	5	15	1	2	-A
III	123319	T	*/-A	16	12	40%	2	2	41	47	0.98	1	1	8	8	4	8	-A
III	207168	T	*/-A	12	3	16.67%	2	1	42	49	0.98	1	1	10	2	3	0	-A
III	207168	T	*/-AA	12	2	11.11%	2	2	42	42	0.98	1	1	10	2	1	1	-A
III	208140	C	*/-A	20	2	8%	2	1	40	37	0.98	1	1	16	4	2	0	-A
III	208140	C	*/+A	20	2	8%	2	1	40	37	0.98	1	1	16	4	2	0	-A
III	223916	A	*/-T	32	3	8.57%	2	1	42	61	0.98	1	1	17	15	3	0	-T
III	231502	G	*/+A	24	3	10.34%	2	2	46	45	0.98	1	1	17	7	1	2	+A
III	245692	C	*/+T	41	3	6.82%	2	2	43	57	0.98	1	1	28	13	1	2	+T
III	253907	A	*/-T	5	2	15.38%	2	2	47	42	0.98	1	1	2	3	1	1	-T
III	253907	A	*/+T	5	4	30.77%	2	2	47	37	0.98	1	1	2	3	3	1	+T
III	253907	A	*/+TT	5	2	15.38%	2	2	47	31	0.98	1	1	2	3	1	1	+T
III	286410	G	*/-T	24	2	7.41%	2	1	41	42	0.98	1	1	19	5	2	0	-T
III	286478	C	-TT/-TT	2	21	87.5%	1	2	37	42	0.98	1	1	2	0	12	9	-TT
III	286594	T	*/+A	8	11	55%	2	2	40	41	0.98	1	1	5	3	6	5	+A
III	293096	G	*/-T	21	3	11.54%	2	2	41	45	0.98	1	1	14	7	2	1	-T
III	305384	A	*/+T	31	2	6.06%	2	2	48	68	0.98	1	1	21	10	1	1	+T
III	348685	G	*/-AT	58	5	7.94%	2	1	44	37	0.98	1	1	26	32	5	0	-AT
III	365747	C	-A/-A	4	27	87.1%	2	2	46	41	0.98	1	1	3	1	12	15	-A
III	394831	A	*/-G	24	2	7.69%	2	2	37	37	0.98	1	1	19	5	1	1	-G
III	431910	C	*/+T	22	2	8%	2	2	44	49	0.98	1	1	13	9	1	1	+T
III	467904	C	*/-A	19	2	7.69%	2	1	44	55	0.98	1	1	12	7	0	2	-A
III	467904	C	*/+A	19	5	19.23%	2	2	44	41	0.98	1	1	12	7	3	2	+A
III	505794	T	*/-A	14	2	12.5%	2	1	44	74	0.98	1	1	7	7	2	0	-A
III	568658	C	*/-T	15	4	16.67%	2	2	42	34	0.98	1	1	8	7	2	2	-T
III	568658	C	*/-TT	15	4	16.67%	2	2	42	42	0.98	1	1	8	7	2	2	-T
III	675253	C	*/+T	32	2	5.71%	2	1	46	43	0.98	1	1	18	14	0	2	+T
III	717677	A	*/-T	2	10	58.82%	2	2	37	35	0.98	1	1	1	1	6	4	-T
III	717677	A	*/-TT	2	4	23.53%	2	2	37	36	0.98	1	1	1	1	3	1	-T
III	719955	A	-C/-C	0	11	100%	0	2	0	47	0.98	0	1	0	0	6	5	-C
III	719973	C	-G/-G	0	4	100%	0	2	0	46	0.98	0	1	0	0	1	3	-G
III	720559	C	*/-T	9	3	21.43%	2	2	31	53	0.98	1	1	8	1	1	2	-T
III	720683	A	+T/+T	1	17	94.44%	1	2	25	49	0.98	1	1	0	1	5	12	+T
III	762516	T	*/+A	12	19	57.58%	2	2	40	41	0.98	1	1	8	4	9	10	+A
III	822701	G	*/-T	23	2	7.41%	2	2	46	37	0.98	1	1	13	10	1	1	-T
III	822701	G	*/+T	23	2	7.41%	2	2	46	49	0.98	1	1	13	10	1	1	-T
III	853262	T	*/-A	30	2	6.06%	2	2	46	37	0.98	1	1	13	17	1	1	-A
III	867865	C	-T/-T	0	16	100%	0	2	0	47	0.98	0	1	0	0	7	9	-T
III	897531	C	*/+A	47	5	9.26%	2	2	46	56	0.98	1	1	33	14	2	3	+A
III	898665	T	*/-A	45	3	6%	2	2	38	49	0.98	1	1	15	30	1	2	-A
III	903309	C	*/-T	32	2	5.88%	2	2	45	61	0.98	1	1	13	19	1	1	-T
III	954028	G	*/+A	29	2	6.45%	2	2	45	31	0.98	1	1	17	12	1	1	+A
III	958241	C	*/-T	24	4	13.79%	2	1	41	39	0.98	1	1	17	7	0	4	-T
III	966124	G	*/-T	32	6	12%	2	2	38	43	0.98	1	1	30	2	5	1	-T
III	966124	G	*/-TT	32	6	12%	2	1	38	37	0.98	1	1	30	2	6	0	-T
III	966124	G	*/+T	32	5	10%	2	1	38	37	0.98	1	1	30	2	5	0	-T
III	966516	A	*/+GAATATAGACTCAC	16	12	42.86%	2	2	44	49	0.98	1	1	8	8	5	7	+GAATATAGACTCAC
III	970548	C	*/-T	7	2	14.29%	2	2	33	37	0.98	1	1	1	6	1	1	-T
III	970548	C	*/-TT	7	2	14.29%	2	1	33	25	0.98	1	1	1	6	2	0	-T
III	970548	C	*/+T	7	3	21.43%	2	1	33	33	0.98	1	1	1	6	0	3	+T
III	985871	C	*/-T	10	3	21.43%	2	2	36	44	0.98	1	1	9	1	2	1	-T
III	987282	A	*/-T	18	3	14.29%	2	2	42	49	0.98	1	1	11	7	2	1	-T
III	996949	A	*/+T	18	3	14.29%	2	1	45	37	0.98	1	1	6	12	3	0	+T
III	1016311	G	+C/+C	1	48	96%	1	2	37	45	0.98	1	1	1	0	24	24	+C
III	1073505	T	*/+ATATAGAG	200	22	9.32%	2	2	53	41	0.98	1	1	126	74	20	2	+ATATAGAG
III	1079346	A	*/+G	155	22	12.36%	2	2	42	37	0.98	1	1	116	39	19	3	+G
III	1080146	T	*/+ATATAGAG	363	29	7.18%	2	2	45	42	0.98	1	1	152	211	18	11	+ATATAGAG
III	1082171	A	*/+TGGAAGTGGTAAG	179	14	7.25%	2	2	46	41	0.98	1	1	77	102	7	7	+TGGAAGTGGTAAG
III	1084026	A	*/+AGTGGTGATGGTT	98	10	9.26%	2	2	43	43	0.98	1	1	43	55	6	4	+AGTGGTGATGGTT
III	1084121	T	*/-A	27	2	6.9%	2	1	43	37	0.98	1	1	17	10	0	2	-A
III	1095550	G	*/-T	14	11	28.21%	2	2	41	44	0.98	1	1	9	5	8	3	-T
III	1095550	G	*/-TT	14	8	20.51%	2	2	41	46	0.98	1	1	9	5	7	1	-T
III	1095550	G	*/-TTT	14	3	7.69%	2	2	41	36	0.98	1	1	9	5	1	2	-T
III	1103423	T	*/-A	5	10	34.48%	2	2	41	40	0.98	1	1	2	3	8	2	-A
III	1103423	T	*/-AA	5	11	37.93%	2	2	41	49	0.98	1	1	2	3	5	6	-AA
III	1103423	T	*/+A	5	2	6.9%	2	1	41	36	0.98	1	1	2	3	0	2	-AA
III	1104937	C	*/-T	41	3	6.67%	2	2	37	53	0.98	1	1	27	14	2	1	-T
III	1110963	T	*/+C	106	10	8.62%	2	2	47	48	0.98	1	1	46	60	6	4	+C
III	1114822	A	*/-C	37	3	7.5%	2	1	52	49	0.98	1	1	19	18	0	3	-C
III	1121674	T	*/+ACCACTAACCATC	59	5	7.81%	2	2	42	51	0.98	1	1	40	19	4	1	+ACCACTAACCATC
III	1124483	T	*/+C	117	7	5.65%	2	2	46	47	0.98	1	1	45	72	3	4	+C
III	1128434	T	*/+ACCACTAACCATC	71	5	6.58%	2	2	43	42	0.98	1	1	49	22	3	2	+ACCACTAACCATC
III	1131243	T	*/+C	92	8	8%	2	2	49	50	0.98	1	1	45	47	6	2	+C
III	1135116	C	*/-T	17	3	15%	2	2	45	37	0.98	1	1	9	8	2	1	-T
III	1135129	C	*/-T	28	3	9.68%	2	2	51	37	0.98	1	1	17	11	2	1	-T
III	1135194	T	*/+ACCACTAACCATC	70	6	7.79%	2	2	43	43	0.98	1	1	47	23	3	3	+ACCACTAACCATC
III	1168360	T	*/-G	8	3	27.27%	2	2	40	49	0.98	1	1	6	2	1	2	-G
III	1221465	G	*/-T	29	2	6.45%	2	1	39	37	0.98	1	1	10	19	0	2	-T
III	1252505	G	*/+T	10	2	7.41%	1	1	33	42	0.98	1	1	10	0	2	0	+T
III	1252505	G	*/+TT	10	3	11.11%	1	2	33	47	0.98	1	1	10	0	1	2	+TT
III	1395671	C	*/-A	26	3	9.38%	2	2	39	53	0.98	1	1	14	12	1	2	-A
III	1395671	C	*/+A	26	3	9.38%	2	2	39	33	0.98	1	1	14	12	2	1	-A
III	1395701	A	*/+AATGTAATGT	26	3	9.09%	2	1	44	33	0.98	1	1	10	16	3	0	+AATGTAATGT
III	1395701	A	*/+AATGT	26	2	6.06%	2	2	44	37	0.98	1	1	10	16	1	1	+AATGTAATGT
III	1421567	T	*/+GG	5	3	27.27%	2	1	34	37	0.98	1	1	2	3	3	0	+GG
III	1421567	T	*/+GGGGG	5	3	27.27%	2	1	34	33	0.98	1	1	2	3	3	0	+GG
III	1510629	T	*/-A	21	5	17.86%	2	2	48	44	0.98	1	1	11	10	3	2	-A
III	1561586	G	*/+T	34	2	5.41%	2	1	43	74	0.98	1	1	28	6	2	0	+T
III	1575951	G	*/+T	5	5	45.45%	2	1	34	51	0.98	1	1	4	1	0	5	+T
III	1594933	T	*/-A	23	5	16.67%	2	1	43	59	0.98	1	1	16	7	5	0	-A
III	1674618	C	*/-T	8	4	30.77%	2	2	37	31	0.98	1	1	6	2	3	1	-T
III	1684246	A	*/-T	19	2	9.52%	2	1	44	37	0.98	1	1	13	6	2	0	-T
III	1685487	G	+A/+A	2	31	93.94%	1	2	49	45	0.98	1	1	0	2	10	21	+A
III	1711935	A	+T/+T	8	37	80.43%	1	2	56	54	0.98	1	1	8	0	23	14	+T
III	1712983	G	*/-A	10	7	41.18%	1	2	36	42	0.98	1	1	10	0	5	2	-A
III	1718427	G	*/-T	26	2	6.67%	2	1	42	37	0.98	1	1	14	12	2	0	-T
III	1756400	T	-A/-A	2	53	96.36%	2	2	55	42	0.98	1	1	1	1	20	33	-A
III	1759057	C	*/+T	25	2	7.41%	2	1	51	55	0.98	1	1	14	11	2	0	+T
III	1774235	T	+GATC/+GATC	1	25	96.15%	1	2	37	45	0.98	1	1	1	0	13	12	+GATC
III	1802522	G	*/-T	34	2	5.41%	2	1	42	37	0.98	1	1	25	9	2	0	-T
III	1821911	C	*/-A	9	4	25%	2	1	50	34	0.98	1	1	5	4	4	0	-A
III	1821911	C	*/+A	9	2	12.5%	2	2	50	37	0.98	1	1	5	4	1	1	-A
III	1858771	T	*/-A	17	2	10.53%	2	1	44	37	0.98	1	1	10	7	2	0	-A
III	1880707	G	*/+T	34	2	5.26%	2	2	49	49	0.98	1	1	22	12	1	1	+T
III	1925626	C	*/-A	10	5	27.78%	2	2	42	36	0.98	1	1	9	1	3	2	-A
III	1947823	A	*/-T	14	3	16.67%	2	2	46	37	0.98	1	1	8	6	2	1	-T
III	1965229	C	*/-A	15	2	11.76%	2	2	44	55	0.98	1	1	10	5	1	1	-A
III	1979604	A	*/-T	22	3	11.54%	2	2	46	37	0.98	1	1	9	13	2	1	-T
III	2010864	G	*/-TA	44	4	8.33%	2	2	48	37	0.98	1	1	11	33	1	3	-TA
III	2028192	T	*/-A	25	2	7.41%	2	1	43	37	0.98	1	1	20	5	2	0	-A
III	2067571	T	*/-A	5	2	28.57%	2	2	39	55	0.98	1	1	4	1	1	1	-A
III	2067838	T	*/-A	10	2	12.5%	2	2	33	42	0.98	1	1	8	2	1	1	-A
III	2067838	T	*/-AA	10	2	12.5%	2	2	33	31	0.98	1	1	8	2	1	1	-A
III	2074510	C	*/-T	15	3	14.29%	2	2	36	36	0.98	1	1	11	4	2	1	-T
III	2074510	C	*/+T	15	2	9.52%	2	1	36	48	0.98	1	1	11	4	2	0	-T
III	2076412	G	*/-T	21	11	33.33%	2	2	48	46	0.98	1	1	10	11	8	3	-T
III	2076980	A	*/-T	10	4	26.67%	2	2	49	34	0.98	1	1	5	5	3	1	-T
III	2081634	C	*/+T	37	2	5.13%	2	1	45	37	0.98	1	1	20	17	0	2	+T
III	2087758	C	*/-T	51	3	5.56%	2	2	48	37	0.98	1	1	15	36	1	2	-T
III	2113205	C	*/-T	15	2	10.53%	2	2	34	49	0.98	1	1	13	2	1	1	-T
III	2157938	C	*/-T	16	2	10%	2	1	46	36	0.98	1	1	10	6	2	0	-T
III	2157938	C	*/+T	16	2	10%	2	1	46	37	0.98	1	1	10	6	2	0	-T
III	2178240	T	*/-A	30	2	5.88%	2	1	38	37	0.98	1	1	14	16	2	0	-A
III	2183012	T	-ATTGTG/-ATTGTG	2	39	95.12%	2	2	55	44	0.98	1	1	1	1	11	28	-ATTGTG
III	2190252	G	*/+A	7	2	20%	2	1	45	36	0.98	1	1	6	1	0	2	+A
III	2270459	C	*/+A	29	2	6.25%	2	2	45	42	0.98	1	1	23	6	1	1	+A
III	2281940	C	*/+T	24	4	13.79%	2	2	45	34	0.98	1	1	19	5	3	1	+T
III	2284394	C	*/+T	12	2	14.29%	2	2	40	49	0.98	1	1	6	6	1	1	+T
III	2300104	A	*/-T	15	4	21.05%	2	2	41	37	0.98	1	1	8	7	2	2	-T
III	2309611	T	*/-A	10	3	23.08%	2	1	44	45	0.98	1	1	3	7	0	3	-A
III	2311914	T	*/+TG	42	4	8.7%	2	2	52	55	0.98	1	1	22	20	1	3	+TG
III	2376654	G	*/+A	16	2	10.53%	2	2	47	49	0.98	1	1	6	10	1	1	+A
III	2382018	A	*/-T	4	8	57.14%	1	2	37	41	0.98	1	1	4	0	5	3	-T
III	2382018	A	*/-TT	4	2	14.29%	1	1	37	31	0.98	1	1	4	0	0	2	-T
III	2420241	T	*/-A	5	3	27.27%	2	2	42	45	0.98	1	1	3	2	1	2	-A
III	2443562	A	+T/+T	17	80	80%	2	2	42	36	0.98	1	1	9	8	1	79	+T
III	2447848	T	*/-A	1440	504	20.48%	2	2	44	42	0.98	1	1	1074	366	364	140	-A
III	2447848	T	*/-AA	1440	236	9.59%	2	2	44	46	0.98	1	1	1074	366	159	77	-A
III	2447848	T	*/+A	1440	180	7.31%	2	2	44	45	0.98	1	1	1074	366	130	50	-A
III	2448309	T	-AA/-AA	81	1078	89.98%	2	2	48	42	0.98	1	1	53	28	426	652	-AA
III	2448518	T	*/-A	1131	481	25.05%	2	2	45	46	0.98	1	1	762	369	316	165	-A
III	2448518	T	*/-AA	1131	141	7.34%	2	2	45	45	0.98	1	1	762	369	87	54	-A
III	2448518	T	*/+A	1131	134	6.98%	2	2	45	45	0.98	1	1	762	369	79	55	-A
