Chrom	Position	Ref	Cons	Reads1	Reads2	VarFreq	Strands1	Strands2	Qual1	Qual2	Pvalue	MapQual1	MapQual2	Reads1Plus	Reads1Minus	Reads2Plus	Reads2Minus	VarAllele
I	3160	A	*/+GTTGTCGTTGTCGTTGTC	54	8	11.76%	2	2	50	37	0.98	1	1	28	26	4	4	+GTTGTCGTTGTCGTTGTC
I	3160	A	*/+GTTGTCGTTGTCGTTGTCGTTGTC	54	6	8.82%	2	2	50	49	0.98	1	1	28	26	3	3	+GTTGTCGTTGTCGTTGTC
I	4047	C	*/-TGTCTCTGTCAT	55	15	21.43%	2	2	46	54	0.98	1	1	30	25	4	11	-TGTCTCTGTCAT
I	4053	C	*/+TGTCAT	52	5	8.62%	2	2	45	51	0.98	1	1	31	21	2	3	+TGTCAT
I	5409	T	*/+CCTCACTGGTAG	59	9	13.24%	2	2	43	56	0.98	1	1	26	33	3	6	+CCTCACTGGTAG
I	5676	T	*/-GA	36	2	5.13%	2	1	42	49	0.98	1	1	28	8	0	2	-GA
I	5677	G	*/-A	21	5	13.51%	2	1	39	37	0.98	1	1	18	3	5	0	-A
I	5677	G	*/-AAA	21	3	8.11%	2	1	39	37	0.98	1	1	18	3	3	0	-A
I	5677	G	*/+A	21	3	8.11%	2	2	39	44	0.98	1	1	18	3	2	1	-A
I	6357	T	*/-AA	24	9	25.71%	2	2	47	44	0.98	1	1	12	12	3	6	-AA
I	7192	C	*/-A	28	3	7.69%	2	2	41	40	0.98	1	1	22	6	2	1	-A
I	7192	C	*/+A	28	5	12.82%	2	1	41	39	0.98	1	1	22	6	5	0	+A
I	10859	G	*/-TT	3	7	70%	2	1	37	49	0.98	1	1	2	1	7	0	-TT
I	15734	C	*/-A	23	5	15.62%	2	2	48	46	0.98	1	1	20	3	3	2	-A
I	15734	C	*/+A	23	4	12.5%	2	1	48	37	0.98	1	1	20	3	4	0	-A
I	19694	T	*/+A	30	3	9.09%	2	1	60	37	0.98	1	1	16	14	3	0	+A
I	19759	G	*/+TTT	20	2	9.09%	2	1	47	55	0.98	1	1	3	17	0	2	+TTT
I	27402	A	*/-C	18	2	7.41%	2	1	39	37	0.98	1	1	4	14	0	2	-C
I	27402	A	*/+C	18	5	18.52%	2	1	39	37	0.98	1	1	4	14	0	5	+C
I	28398	A	*/+C	65	8	10.81%	2	2	44	50	0.98	1	1	9	56	5	3	+C
I	41770	C	*/-AT	30	3	9.09%	2	2	44	49	0.98	1	1	14	16	2	1	-AT
I	101871	A	+G/+G	0	34	94.44%	0	2	0	49	0.98	0	1	0	0	21	13	+G
I	215340	C	*/-T	23	2	8%	2	1	50	37	0.98	1	1	15	8	2	0	-T
I	232688	T	*/-AA	2	2	40%	1	2	55	49	0.98	1	1	0	2	1	1	-AA
I	414079	C	*/+T	4	2	25%	2	1	49	36	0.98	1	1	2	2	0	2	+T
I	440084	T	+A/+A	2	7	77.78%	1	2	49	51	0.98	1	1	0	2	6	1	+A
I	441614	C	*/-TT	6	2	20%	2	1	33	43	0.98	1	1	5	1	2	0	-TT
I	453369	G	*/+A	3	2	25%	1	1	37	55	0.98	1	1	3	0	2	0	+A
I	453369	G	*/+AA	3	2	25%	1	1	37	37	0.98	1	1	3	0	2	0	+A
I	456726	G	*/-T	10	2	16.67%	2	2	49	37	0.98	1	1	6	4	1	1	-T
I	470378	A	-C/-C	0	10	100%	0	2	0	43	0.98	0	1	0	0	6	4	-C
I	470390	A	-C/-C	0	14	100%	0	2	0	50	0.98	0	1	0	0	10	4	-C
I	482737	A	+G/+G	1	20	95.24%	1	2	37	43	0.98	1	1	0	1	13	7	+G
I	486159	G	*/-A	21	3	12.5%	2	2	43	45	0.98	1	1	5	16	1	2	-A
I	521845	T	*/-A	9	5	33.33%	2	2	49	44	0.98	1	1	4	5	3	2	-A
I	528541	C	*/-A	16	2	10%	2	1	39	25	0.98	1	1	11	5	0	2	-A
I	554527	A	+T/+T	1	4	80%	1	2	37	34	0.98	1	1	1	0	3	1	+T
I	562745	A	*/+T	9	5	31.25%	2	2	46	37	0.98	1	1	7	2	1	4	+T
I	650099	C	*/+A	0	5	55.56%	0	2	0	36	0.98	0	1	0	0	4	1	+A
I	650099	C	*/+AA	0	3	33.33%	0	1	0	37	0.98	0	1	0	0	3	0	+A
I	660056	T	*/+GG	2	4	57.14%	1	1	37	31	0.98	1	1	2	0	4	0	+GG
I	670032	C	+A/+A	0	38	100%	0	2	0	51	0.98	0	1	0	0	18	20	+A
I	682993	T	-C/-C	1	31	96.88%	1	2	74	55	0.98	1	1	0	1	17	14	-C
I	719597	G	*/-TA	34	6	14.63%	2	2	55	49	0.98	1	1	18	16	5	1	-TA
I	765477	A	*/-TT	8	3	27.27%	2	2	49	33	0.98	1	1	4	4	1	2	-TT
I	793917	A	*/+T	2	3	50%	1	2	37	40	0.98	1	1	2	0	2	1	+T
I	807903	A	*/-T	10	2	15.38%	2	1	43	55	0.98	1	1	4	6	0	2	-T
I	862962	C	+T/+T	0	15	100%	0	2	0	44	0.98	0	1	0	0	9	6	+T
I	931057	A	*/-T	22	2	8.33%	2	2	45	55	0.98	1	1	9	13	1	1	-T
I	934908	T	*/+AAA	6	2	22.22%	1	1	35	42	0.98	1	1	6	0	0	2	+AAA
I	1048635	G	+A/+A	2	12	80%	1	2	42	49	0.98	1	1	2	0	8	4	+A
I	1079583	T	*/+AAAAAAAA	1	2	50%	1	2	37	42	0.98	1	1	1	0	1	1	+AAAAAAAA
I	1148104	A	*/+T	3	4	57.14%	2	2	49	37	0.98	1	1	2	1	2	2	+T
I	1185796	A	*/-G	7	2	22.22%	2	2	51	31	0.98	1	1	3	4	1	1	-G
I	1206603	G	*/-T	30	2	6.25%	2	2	47	37	0.98	1	1	17	13	1	1	-T
I	1254655	T	*/+A	10	2	15.38%	2	1	40	37	0.98	1	1	8	2	2	0	+A
I	1274803	T	+A/+A	1	13	92.86%	1	2	48	54	0.98	1	1	0	1	4	9	+A
I	1290605	A	*/-T	6	3	30%	2	1	43	37	0.98	1	1	3	3	3	0	-T
I	1358794	C	*/+A	1	5	50%	1	2	37	42	0.98	1	1	1	0	4	1	+A
I	1358794	C	*/+AA	1	3	30%	1	2	37	49	0.98	1	1	1	0	2	1	+A
I	1421034	T	*/-A	7	2	22.22%	2	1	36	37	0.98	1	1	3	4	0	2	-A
I	1424708	C	-A/-A	1	13	92.86%	1	2	37	54	0.98	1	1	0	1	6	7	-A
I	1478066	G	*/-AA	15	2	10.53%	2	1	49	42	0.98	1	1	12	3	2	0	-AA
I	1478066	G	*/+A	15	2	10.53%	2	1	49	31	0.98	1	1	12	3	2	0	-AA
I	1496317	C	*/-A	3	6	46.15%	2	2	61	37	0.98	1	1	1	2	4	2	-A
I	1496317	C	*/-AA	3	3	23.08%	2	2	61	61	0.98	1	1	1	2	1	2	-A
I	1507668	T	*/+A	13	2	13.33%	2	1	48	42	0.98	1	1	6	7	2	0	+A
I	1509277	C	+T/+T	1	5	83.33%	1	2	37	47	0.98	1	1	1	0	1	4	+T
I	1509738	G	*/-A	7	2	22.22%	2	1	42	55	0.98	1	1	5	2	0	2	-A
I	1541472	G	*/-T	5	3	30%	1	2	34	49	0.98	1	1	5	0	2	1	-T
I	1595056	C	*/+T	6	2	20%	2	2	37	55	0.98	1	1	5	1	1	1	+T
I	1599291	T	*/-A	8	2	18.18%	2	2	34	37	0.98	1	1	4	4	1	1	-A
I	1625092	T	+C/+C	1	14	93.33%	1	2	37	47	0.98	1	1	0	1	7	7	+C
I	1666841	G	*/+T	15	2	11.11%	2	2	49	31	0.98	1	1	10	5	1	1	+T
I	1777634	A	*/-T	7	2	18.18%	2	2	51	55	0.98	1	1	4	3	1	1	-T
I	1837916	G	*/-T	5	2	20%	1	1	34	31	0.98	1	1	5	0	2	0	-T
I	1849285	C	*/-T	22	2	7.69%	2	2	40	31	0.98	1	1	11	11	1	1	-T
I	1849285	C	*/+T	22	2	7.69%	2	2	40	68	0.98	1	1	11	11	1	1	-T
I	1851608	A	*/+T	21	2	8.7%	2	1	49	37	0.98	1	1	16	5	2	0	+T
I	1890184	C	*/-A	9	4	26.67%	2	2	47	39	0.98	1	1	6	3	3	1	-A
I	1905214	C	*/-T	12	2	14.29%	2	2	49	42	0.98	1	1	3	9	1	1	-T
I	1936294	G	+A/+A	0	9	100%	0	2	0	49	0.98	0	1	0	0	2	7	+A
I	1952313	A	+T/+T	1	27	96.43%	1	2	37	42	0.98	1	1	0	1	24	3	+T
I	1954162	C	*/-A	7	5	26.32%	1	2	38	44	0.98	1	1	7	0	3	2	-A
I	1954162	C	*/-AA	7	5	26.32%	1	2	38	44	0.98	1	1	7	0	2	3	-A
I	1955853	T	*/+A	4	5	50%	2	2	46	39	0.98	1	1	3	1	4	1	+A
I	1955953	C	*/-T	14	2	12.5%	2	1	39	55	0.98	1	1	5	9	0	2	-T
I	1975079	T	*/-A	11	2	15.38%	2	2	47	61	0.98	1	1	6	5	1	1	-A
I	2025000	C	*/+T	3	6	66.67%	1	1	36	37	0.98	1	1	3	0	6	0	+T
I	2041948	T	*/-A	7	2	20%	1	1	37	37	0.98	1	1	7	0	2	0	-A
I	2052488	A	*/-T	13	3	17.65%	2	1	45	33	0.98	1	1	8	5	3	0	-T
I	2096013	T	*/-A	6	2	25%	2	2	55	37	0.98	1	1	2	4	1	1	-A
I	2139856	G	+T/+T	1	3	75%	1	2	74	37	0.98	1	1	1	0	2	1	+T
I	2154491	T	*/+A	5	12	70.59%	2	2	34	52	0.98	1	1	2	3	5	7	+A
I	2178948	C	*/-A	19	3	13.04%	2	2	43	45	0.98	1	1	16	3	2	1	-A
I	2227936	T	*/+AAA	2	5	62.5%	1	2	37	39	0.98	1	1	2	0	2	3	+AAA
I	2245479	T	*/+C	15	2	11.76%	2	2	46	37	0.98	1	1	6	9	1	1	+C
I	2273201	T	*/-A	4	3	30%	2	2	46	29	0.98	1	1	3	1	1	2	-A
I	2273201	T	*/-AA	4	2	20%	2	1	46	37	0.98	1	1	3	1	2	0	-A
I	2288240	C	-G/-G	0	24	100%	0	2	0	53	0.98	0	1	0	0	11	13	-G
I	2322636	C	*/+A	15	2	10%	1	1	40	37	0.98	1	1	15	0	2	0	+A
I	2343703	G	+A/+A	0	6	100%	0	2	0	55	0.98	0	1	0	0	4	2	+A
I	2421576	A	-C/-C	0	7	100%	0	2	0	51	0.98	0	1	0	0	4	3	-C
I	2424539	G	*/+A	10	2	16.67%	1	1	37	61	0.98	1	1	10	0	2	0	+A
I	2443651	C	*/-A	11	2	14.29%	2	1	39	55	0.98	1	1	5	6	2	0	-A
I	2499149	A	-T/-T	2	7	77.78%	1	2	55	47	0.98	1	1	2	0	3	4	-T
I	2507462	T	+A/+A	0	17	100%	0	2	0	51	0.98	0	1	0	0	10	7	+A
I	2510060	T	*/+A	3	6	66.67%	1	2	37	53	0.98	1	1	0	3	5	1	+A
I	2525713	C	*/-T	24	2	7.41%	2	2	42	37	0.98	1	1	21	3	1	1	-T
I	2556743	G	*/+A	5	2	28.57%	1	1	37	37	0.98	1	1	5	0	2	0	+A
I	2578262	T	*/-A	4	3	37.5%	1	1	49	61	0.98	1	1	4	0	0	3	-A
I	2588021	C	+A/+A	0	4	100%	0	2	0	37	0.98	0	1	0	0	2	2	+A
I	2594324	T	*/+A	1	4	66.67%	1	1	37	37	0.98	1	1	0	1	4	0	+A
I	2594351	T	+A/+A	0	5	100%	0	1	0	37	0.98	0	1	0	0	5	0	+A
I	2594391	A	+T/+T	0	4	100%	0	1	0	37	0.98	0	1	0	0	4	0	+T
I	2605860	G	-T/-T	2	15	88.24%	2	2	37	37	0.98	1	1	1	1	3	12	-T
I	2607669	A	+T/+T	0	12	100%	0	2	0	53	0.98	0	1	0	0	5	7	+T
I	2641998	C	+T/+T	1	3	75%	1	2	20	29	0.98	1	1	1	0	2	1	+T
I	2683902	T	-C/-C	1	18	94.74%	1	2	37	44	0.98	1	1	0	1	6	12	-C
I	2747027	T	*/-A	5	5	50%	2	2	39	37	0.98	1	1	3	2	2	3	-A
I	2751236	T	*/-A	2	10	66.67%	2	2	31	46	0.98	1	1	1	1	5	5	-A
I	2751236	T	*/-AA	2	2	13.33%	2	2	31	49	0.98	1	1	1	1	1	1	-A
I	2759871	T	+C/+C	0	9	100%	0	2	0	48	0.98	0	1	0	0	5	4	+C
I	2876870	C	*/-T	18	2	9.09%	2	2	48	31	0.98	1	1	9	9	1	1	-T
I	2959752	A	*/-T	3	3	50%	1	2	49	45	0.98	1	1	3	0	1	2	-T
I	2971240	T	*/-TA	18	2	10%	2	2	49	31	0.98	1	1	6	12	1	1	-TA
I	3033347	C	*/-T	13	2	11.76%	2	1	44	37	0.98	1	1	9	4	2	0	-T
I	3084527	A	*/+AGT	27	3	10%	2	2	54	74	0.98	1	1	14	13	1	2	+AGT
I	3125118	A	+T/+T	0	11	100%	0	2	0	40	0.98	0	1	0	0	5	6	+T
I	3166776	G	*/+TT	3	3	25%	2	2	37	40	0.98	1	1	2	1	2	1	+TT
I	3166776	G	*/+TTT	3	5	41.67%	2	2	37	47	0.98	1	1	2	1	4	1	+TTT
I	3178494	C	+T/+T	0	18	100%	0	2	0	42	0.98	0	1	0	0	10	8	+T
I	3184255	T	*/-A	8	3	27.27%	2	2	41	49	0.98	1	1	3	5	2	1	-A
I	3197528	A	+G/+G	1	43	95.56%	1	2	25	51	0.98	1	1	0	1	16	27	+G
I	3236341	G	*/+T	18	2	10%	2	2	40	37	0.98	1	1	10	8	1	1	+T
I	3299997	G	*/-A	28	4	12.5%	2	1	47	58	0.98	1	1	23	5	4	0	-A
I	3303111	C	*/-T	15	2	11.11%	2	1	37	37	0.98	1	1	9	6	2	0	-T
I	3380404	C	*/+A	13	2	12.5%	2	2	43	55	0.98	1	1	5	8	1	1	+A
I	3450130	G	-T/-T	1	16	94.12%	1	2	37	43	0.98	1	1	0	1	7	9	-T
I	3460318	T	+C/+C	0	8	100%	0	2	0	44	0.98	0	1	0	0	2	6	+C
I	3538413	A	+T/+T	1	5	83.33%	1	2	37	42	0.98	1	1	0	1	2	3	+T
I	3538428	G	+T/+T	0	7	100%	0	2	0	49	0.98	0	1	0	0	3	4	+T
I	3538436	T	+A/+A	0	6	100%	0	2	0	53	0.98	0	1	0	0	2	4	+A
I	3538449	T	+TA/+TA	1	6	85.71%	1	2	37	53	0.98	1	1	0	1	3	3	+TA
I	3538456	A	+AT/+AT	0	6	100%	0	2	0	49	0.98	0	1	0	0	3	3	+AT
I	3574271	G	*/+A	13	2	13.33%	2	1	44	74	0.98	1	1	12	1	2	0	+A
I	3576756	T	+TCTTCTC/+TCTTCTC	1	3	75%	1	2	37	61	0.98	1	1	1	0	1	2	+TCTTCTC
I	3576929	C	+T/+T	1	7	77.78%	1	2	37	35	0.98	1	1	0	1	3	4	+T
I	3580034	C	*/-T	4	2	22.22%	1	1	33	31	0.98	1	1	4	0	0	2	-T
I	3580034	C	*/+T	4	2	22.22%	1	1	33	36	0.98	1	1	4	0	2	0	-T
I	3610406	T	*/+AA	7	2	22.22%	2	2	42	37	0.98	1	1	3	4	1	1	+AA
I	3634643	A	*/-TT	3	4	40%	1	2	34	46	0.98	1	1	3	0	2	2	-TT
I	3634643	A	*/+T	3	2	20%	1	2	34	42	0.98	1	1	3	0	1	1	-TT
I	3649532	C	*/-T	24	2	7.69%	2	1	47	55	0.98	1	1	18	6	0	2	-T
I	3665610	G	+C/+C	2	43	91.49%	1	2	55	46	0.98	1	1	2	0	23	20	+C
I	3700385	T	*/+A	2	3	25%	2	2	37	49	0.98	1	1	1	1	1	2	+A
I	3700385	T	*/+AA	2	6	50%	2	2	37	38	0.98	1	1	1	1	4	2	+AA
I	3730369	A	+T/+T	0	8	100%	0	2	0	41	0.98	0	1	0	0	4	4	+T
I	3747341	A	*/+C	14	2	12.5%	2	1	46	74	0.98	1	1	10	4	2	0	+C
I	3765328	C	+T/+T	0	10	100%	0	1	0	37	0.98	0	1	0	0	10	0	+T
I	3776933	G	*/+A	2	7	70%	2	2	38	34	0.98	1	1	1	1	1	6	+A
I	3785908	G	*/-TA	12	2	14.29%	2	1	39	55	0.98	1	1	8	4	2	0	-TA
I	3850523	C	*/-T	13	2	13.33%	2	2	45	31	0.98	1	1	8	5	1	1	-T
I	3855790	G	-T/-T	1	6	85.71%	1	2	37	43	0.98	1	1	1	0	3	3	-T
I	3879465	T	*/-A	18	2	10%	2	1	46	37	0.98	1	1	9	9	0	2	-A
I	3940025	G	+T/+T	0	14	93.33%	0	2	0	45	0.98	0	1	0	0	7	7	+T
I	3984736	A	*/-GGT	107	10	8.47%	2	1	50	44	0.98	1	1	28	79	0	10	-GGT
I	3992212	A	*/-AC	15	3	16.67%	2	2	40	61	0.98	1	1	6	9	2	1	-AC
I	3992213	A	*/-C	10	3	23.08%	2	2	41	37	0.98	1	1	5	5	1	2	-C
I	3995023	C	*/-T	2	2	40%	2	1	37	31	0.98	1	1	1	1	2	0	-T
I	3995862	A	*/+T	73	5	6.41%	2	2	49	44	0.98	1	1	39	34	4	1	+T
I	3996048	G	*/-A	84	5	5.49%	2	2	47	51	0.98	1	1	43	41	2	3	-A
I	4004016	G	*/-T	10	6	35.29%	2	2	55	41	0.98	1	1	8	2	2	4	-T
I	4010237	A	*/+GG	1	3	50%	1	1	37	33	0.98	1	1	1	0	3	0	+GG
I	4010237	A	*/+GGG	1	2	33.33%	1	1	37	37	0.98	1	1	1	0	2	0	+GG
I	4055052	T	+A/+A	2	21	87.5%	1	2	37	39	0.98	1	1	2	0	14	7	+A
I	4098272	C	*/-T	18	2	9.52%	2	1	46	42	0.98	1	1	17	1	0	2	-T
I	4179701	C	*/+T	2	2	50%	2	1	33	37	0.98	1	1	1	1	2	0	+T
I	4241118	G	*/-A	15	2	10.53%	2	1	42	37	0.98	1	1	12	3	2	0	-A
I	4241118	G	*/-AA	15	2	10.53%	2	1	42	37	0.98	1	1	12	3	2	0	-A
I	4276890	G	+T/+T	2	10	83.33%	1	2	37	44	0.98	1	1	2	0	3	7	+T
I	4304169	G	+A/+A	0	5	100%	0	2	0	29	0.98	0	1	0	0	1	4	+A
I	4374342	A	-G/-G	2	18	90%	2	2	37	58	0.98	1	1	1	1	9	9	-G
I	4407494	T	+G/+G	1	20	90.91%	1	2	48	55	0.98	1	1	1	0	9	11	+G
I	4410191	C	-G/-G	1	13	92.86%	1	2	37	44	0.98	1	1	1	0	10	3	-G
I	4414201	C	*/-T	3	2	40%	1	2	53	55	0.98	1	1	3	0	1	1	-T
I	4431856	G	+A/+A	0	20	100%	0	2	0	45	0.98	0	1	0	0	10	10	+A
I	4431868	C	+A/+A	1	19	95%	1	2	37	46	0.98	1	1	0	1	10	9	+A
I	4442621	A	*/-AT	32	2	5.71%	2	1	60	37	0.98	1	1	16	16	2	0	-AT
I	4455149	G	*/+A	2	4	57.14%	1	2	55	31	0.98	1	1	2	0	1	3	+A
I	4604649	C	*/+T	9	2	14.29%	2	1	33	37	0.98	1	1	8	1	2	0	+T
I	4648159	T	*/-G	6	9	56.25%	2	2	47	43	0.98	1	1	4	2	5	4	-G
I	4721875	G	+A/+A	0	8	100%	0	2	0	37	0.98	0	1	0	0	3	5	+A
I	4759944	A	*/-G	11	2	15.38%	2	1	46	55	0.98	1	1	7	4	2	0	-G
I	4764253	G	*/+A	7	5	35.71%	2	2	48	34	0.98	1	1	3	4	3	2	+A
I	4916623	C	*/-A	5	2	22.22%	2	2	59	37	0.98	1	1	3	2	1	1	-A
I	4916623	C	*/+A	5	2	22.22%	2	2	59	49	0.98	1	1	3	2	1	1	-A
I	4926046	C	*/+T	4	3	37.5%	1	1	34	49	0.98	1	1	4	0	3	0	+T
I	4934297	C	*/-TA	18	2	10%	2	1	39	55	0.98	1	1	10	8	2	0	-TA
I	5060109	A	*/-T	10	2	15.38%	2	1	40	37	0.98	1	1	4	6	2	0	-T
I	5142627	A	+G/+G	0	6	100%	0	2	0	37	0.98	0	1	0	0	3	3	+G
I	5148414	T	-A/-A	1	22	91.67%	1	2	37	49	0.98	1	1	0	1	11	11	-A
I	5173087	C	+T/+T	1	11	91.67%	1	2	74	46	0.98	1	1	0	1	6	5	+T
I	5173430	G	*/+T	3	10	58.82%	2	2	37	45	0.98	1	1	2	1	8	2	+T
I	5173430	G	*/+TT	3	4	23.53%	2	1	37	37	0.98	1	1	2	1	4	0	+T
I	5176926	T	*/+A	3	2	40%	1	1	37	37	0.98	1	1	3	0	2	0	+A
I	5181376	A	*/-T	8	3	27.27%	2	2	44	33	0.98	1	1	7	1	2	1	-T
I	5368262	T	-C/-C	4	44	91.67%	2	2	46	47	0.98	1	1	2	2	15	29	-C
I	5368273	G	+T/+T	1	49	94.23%	1	2	74	48	0.98	1	1	0	1	18	31	+T
I	5426622	C	+T/+T	1	13	86.67%	1	2	48	42	0.98	1	1	0	1	7	6	+T
I	5456558	G	*/-T	7	2	22.22%	2	2	45	37	0.98	1	1	3	4	1	1	-T
I	5509333	T	*/+A	16	3	15.79%	2	1	48	53	0.98	1	1	6	10	0	3	+A
I	5547223	T	*/-A	4	5	45.45%	2	2	49	44	0.98	1	1	2	2	2	3	-A
I	5562426	A	*/+T	16	2	11.11%	2	1	41	55	0.98	1	1	11	5	0	2	+T
I	5567937	C	*/-A	16	4	20%	2	1	44	34	0.98	1	1	15	1	4	0	-A
I	5570823	C	*/-A	3	3	50%	1	1	34	37	0.98	1	1	3	0	3	0	-A
I	5571420	T	*/-TCA	17	2	10.53%	2	2	55	55	0.98	1	1	7	10	1	1	-TCA
I	5572022	A	*/-T	28	4	12.5%	2	1	49	37	0.98	1	1	11	17	0	4	-T
I	5574071	G	*/-AT	46	3	6.12%	2	2	45	45	0.98	1	1	25	21	1	2	-AT
I	5576850	T	*/-AA	5	3	37.5%	2	1	44	37	0.98	1	1	3	2	3	0	-AA
II	5109	A	*/+C	49	4	7.55%	2	2	42	61	0.98	1	1	6	43	1	3	+C
II	5178	C	*/+A	33	2	5.71%	2	1	51	55	0.98	1	1	16	17	0	2	+A
II	7149	T	*/+A	20	2	9.09%	2	1	53	37	0.98	1	1	16	4	2	0	+A
II	21982	C	*/-AT	23	2	8%	2	2	46	49	0.98	1	1	12	11	1	1	-AT
II	23557	G	*/-A	1	2	33.33%	1	1	29	55	0.98	1	1	1	0	0	2	-A
II	23557	G	*/-AA	1	2	33.33%	1	2	29	55	0.98	1	1	1	0	1	1	-A
II	31617	A	*/-T	3	2	40%	2	2	61	37	0.98	1	1	1	2	1	1	-T
II	121588	G	*/+T	8	5	38.46%	2	2	50	74	0.98	1	1	4	4	1	4	+T
II	128001	T	-A/-A	0	9	100%	0	2	0	45	0.98	0	1	0	0	6	3	-A
II	146079	T	-C/-C	1	25	96.15%	1	2	74	52	0.98	1	1	1	0	15	10	-C
II	201022	A	*/-T	14	4	21.05%	2	2	43	46	0.98	1	1	7	7	1	3	-T
II	229897	A	*/-T	23	10	27.03%	2	2	42	44	0.98	1	1	18	5	6	4	-T
II	229897	A	*/+T	23	3	8.11%	2	2	42	45	0.98	1	1	18	5	2	1	-T
II	331894	C	*/-T	8	3	25%	2	2	40	33	0.98	1	1	5	3	2	1	-T
II	383156	C	*/-T	17	2	10%	2	1	47	37	0.98	1	1	5	12	2	0	-T
II	410085	C	*/-T	14	3	16.67%	2	1	37	44	0.98	1	1	13	1	3	0	-T
II	484534	A	*/+T	3	7	58.33%	2	2	57	38	0.98	1	1	1	2	1	6	+T
II	484534	A	*/+TT	3	2	16.67%	2	1	57	37	0.98	1	1	1	2	0	2	+T
II	516071	T	*/-A	5	2	25%	2	1	44	37	0.98	1	1	2	3	0	2	-A
II	521731	G	*/-T	21	5	16.67%	2	1	44	44	0.98	1	1	12	9	5	0	-T
II	521731	G	*/+T	21	4	13.33%	2	2	44	40	0.98	1	1	12	9	2	2	-T
II	522800	G	*/-A	22	3	11.54%	2	2	43	57	0.98	1	1	14	8	2	1	-A
II	526883	G	*/+GTGCGTTTGTTTAGGT	18	4	16.67%	2	1	47	43	0.98	1	1	5	13	0	4	+GTGCGTTTGTTTAGGT
II	526955	T	*/-AC	26	6	18.75%	2	2	56	49	0.98	1	1	10	16	2	4	-AC
II	526959	T	*/+TTAG	27	7	20.59%	2	2	57	43	0.98	1	1	10	17	2	5	+TTAG
II	583536	T	*/+A	8	2	20%	2	1	44	74	0.98	1	1	5	3	2	0	+A
II	603279	A	-T/-T	0	6	100%	0	2	0	49	0.98	0	1	0	0	3	3	-T
II	603305	A	-C/-C	0	8	100%	0	2	0	46	0.98	0	1	0	0	4	4	-C
II	673086	G	*/-A	8	2	16.67%	2	2	37	55	0.98	1	1	6	2	1	1	-A
II	673086	G	*/+A	8	2	16.67%	2	1	37	37	0.98	1	1	6	2	2	0	-A
II	677175	G	*/-TA	25	4	13.79%	2	2	44	46	0.98	1	1	10	15	3	1	-TA
II	700009	T	-A/-A	1	10	90.91%	1	2	37	45	0.98	1	1	1	0	4	6	-A
II	753854	A	*/+T	7	2	18.18%	1	1	37	37	0.98	1	1	7	0	2	0	+T
II	888599	A	-C/-C	0	11	100%	0	2	0	40	0.98	0	1	0	0	7	4	-C
II	890578	C	*/-T	9	2	18.18%	1	1	41	37	0.98	1	1	9	0	2	0	-T
II	903106	G	+T/+T	0	19	100%	0	2	0	49	0.98	0	1	0	0	7	12	+T
II	965517	C	*/-T	6	3	30%	2	2	50	36	0.98	1	1	2	4	2	1	-T
II	1019510	T	*/-A	8	4	26.67%	2	2	41	55	0.98	1	1	5	3	2	2	-A
II	1019510	T	*/-AA	8	3	20%	2	1	41	49	0.98	1	1	5	3	3	0	-A
II	1046425	T	+A/+A	0	13	100%	0	2	0	45	0.98	0	1	0	0	3	10	+A
II	1069791	C	*/+A	10	2	15.38%	2	2	57	55	0.98	1	1	7	3	1	1	+A
II	1078264	T	*/-A	14	3	17.65%	2	2	45	53	0.98	1	1	8	6	2	1	-A
II	1079843	T	+A/+A	1	10	90.91%	1	2	74	38	0.98	1	1	1	0	2	8	+A
II	1122580	C	*/-T	30	2	6.25%	2	1	43	55	0.98	1	1	21	9	2	0	-T
II	1156029	A	*/-AT	11	2	15.38%	2	1	52	37	0.98	1	1	6	5	2	0	-AT
II	1163154	A	-T/-T	2	10	83.33%	2	2	74	59	0.98	1	1	1	1	5	5	-T
II	1171363	T	*/+A	9	2	18.18%	2	1	43	55	0.98	1	1	7	2	2	0	+A
II	1266289	T	+A/+A	0	5	100%	0	2	0	42	0.98	0	1	0	0	1	4	+A
II	1266955	G	*/-GA	52	4	7.14%	2	2	48	43	0.98	1	1	36	16	3	1	-GA
II	1277480	A	*/+TT	4	2	33.33%	1	1	49	25	0.98	1	1	4	0	0	2	+TT
II	1277481	G	*/+TT	1	2	33.33%	1	1	25	42	0.98	1	1	1	0	2	0	+TT
II	1307996	G	*/-T	32	2	5.88%	2	1	47	37	0.98	1	1	18	14	2	0	-T
II	1308618	G	-T/-T	0	17	100%	0	2	0	48	0.98	0	1	0	0	7	10	-T
II	1349040	A	*/-T	3	2	40%	2	2	61	37	0.98	1	1	1	2	1	1	-T
II	1389139	C	*/-T	1	2	25%	1	2	37	42	0.98	1	1	1	0	1	1	-T
II	1389139	C	*/+T	1	5	62.5%	1	2	37	46	0.98	1	1	1	0	4	1	+T
II	1416243	C	+AA/+AA	2	12	80%	2	2	55	50	0.98	1	1	1	1	7	5	+AA
II	1445072	G	*/-A	16	2	11.11%	2	2	47	68	0.98	1	1	11	5	1	1	-A
II	1456839	A	*/-T	6	2	25%	2	1	53	37	0.98	1	1	1	5	0	2	-T
II	1465263	C	*/-T	8	3	27.27%	2	2	37	29	0.98	1	1	5	3	1	2	-T
II	1545027	C	*/-A	7	3	30%	2	2	44	36	0.98	1	1	5	2	1	2	-A
II	1555919	A	*/+TTTATT	1	4	66.67%	1	2	25	43	0.98	1	1	1	0	2	2	+TTTATT
II	1588936	G	*/+AAA	0	2	50%	0	1	0	37	0.98	0	1	0	0	2	0	+AAA
II	1610504	A	*/+G	37	3	7.5%	2	2	50	61	0.98	1	1	23	14	2	1	+G
II	1627981	C	*/-T	7	5	41.67%	2	2	40	41	0.98	1	1	3	4	2	3	-T
II	1637375	T	*/+C	42	3	6.67%	2	2	45	57	0.98	1	1	11	31	1	2	+C
II	1679070	C	*/+A	18	2	10%	2	1	52	37	0.98	1	1	11	7	0	2	+A
II	1709150	G	*/-T	14	2	12.5%	2	1	47	37	0.98	1	1	10	4	2	0	-T
II	1716256	G	*/+T	9	2	16.67%	2	1	53	55	0.98	1	1	4	5	2	0	+T
II	1716287	T	*/-G	15	5	25%	2	1	53	37	0.98	1	1	4	11	0	5	-G
II	1763419	T	*/-A	12	5	29.41%	2	2	41	37	0.98	1	1	8	4	3	2	-A
II	1818108	C	*/-T	6	2	16.67%	2	2	38	55	0.98	1	1	4	2	1	1	-T
II	1818108	C	*/+T	6	4	33.33%	2	2	38	37	0.98	1	1	4	2	2	2	+T
II	1861420	T	-G/-G	1	18	94.74%	1	2	74	47	0.98	1	1	1	0	13	5	-G
II	1867795	A	+T/+T	1	5	83.33%	1	2	37	59	0.98	1	1	1	0	3	2	+T
II	1868122	G	*/+T	2	3	50%	1	2	31	45	0.98	1	1	2	0	2	1	+T
II	1873779	T	+A/+A	1	10	90.91%	1	2	37	48	0.98	1	1	0	1	7	3	+A
II	1877294	A	+T/+T	0	13	100%	0	2	0	44	0.98	0	1	0	0	8	5	+T
II	1941966	A	+T/+T	0	20	95.24%	0	2	0	51	0.98	0	1	0	0	13	7	+T
II	1941982	A	+T/+T	0	22	100%	0	2	0	48	0.98	0	1	0	0	12	10	+T
II	1948953	G	-A/-A	1	17	94.44%	1	2	37	40	0.98	1	1	0	1	6	11	-A
II	1950050	A	+G/+G	1	16	94.12%	1	2	37	52	0.98	1	1	0	1	9	7	+G
II	1952046	T	*/+TATTG	8	8	44.44%	2	2	38	38	0.98	1	1	2	6	5	3	+TATTG
II	1955495	T	+A/+A	2	12	85.71%	1	2	55	55	0.98	1	1	2	0	8	4	+A
II	1960392	A	+G/+G	0	9	100%	0	2	0	53	0.98	0	1	0	0	5	4	+G
II	1987101	C	-G/-G	0	23	100%	0	2	0	42	0.98	0	1	0	0	14	9	-G
II	1987117	T	-G/-G	0	22	100%	0	2	0	44	0.98	0	1	0	0	13	9	-G
II	2012625	T	*/+C	34	2	5.56%	2	1	43	37	0.98	1	1	7	27	0	2	+C
II	2023193	G	*/+TT	1	4	57.14%	1	1	37	39	0.98	1	1	1	0	4	0	+TT
II	2049891	A	-T/-T	2	28	93.33%	1	2	37	50	0.98	1	1	0	2	14	14	-T
II	2053516	G	+C/+C	1	32	96.97%	1	2	74	46	0.98	1	1	1	0	15	17	+C
II	2108180	T	+A/+A	1	12	92.31%	1	2	74	52	0.98	1	1	0	1	8	4	+A
II	2136649	T	*/-A	11	2	15.38%	2	1	43	74	0.98	1	1	3	8	0	2	-A
II	2147726	G	+T/+T	4	13	76.47%	2	2	37	45	0.98	1	1	2	2	8	5	+T
II	2187407	G	+A/+A	0	11	100%	0	2	0	47	0.98	0	1	0	0	7	4	+A
II	2203072	C	*/-A	15	2	11.76%	2	1	48	42	0.98	1	1	7	8	0	2	-A
II	2203175	T	*/-A	5	3	37.5%	2	1	37	49	0.98	1	1	4	1	3	0	-A
II	2219928	A	+T/+T	0	15	93.75%	0	2	0	47	0.98	0	1	0	0	6	9	+T
II	2273389	T	*/-TA	18	2	10%	2	2	42	37	0.98	1	1	12	6	1	1	-TA
II	2327057	G	*/-TA	25	3	10.71%	2	1	42	37	0.98	1	1	7	18	3	0	-TA
II	2338528	G	*/+A	12	2	13.33%	2	1	38	37	0.98	1	1	7	5	2	0	+A
II	2373654	C	+T/+T	2	14	87.5%	1	2	31	42	0.98	1	1	2	0	6	8	+T
II	2427326	G	*/-A	13	2	13.33%	2	1	42	55	0.98	1	1	7	6	2	0	-A
II	2443873	T	*/+AA	4	2	18.18%	1	1	34	42	0.98	1	1	4	0	2	0	A
II	2468409	G	*/+T	20	2	9.09%	2	1	46	55	0.98	1	1	13	7	2	0	+T
II	2523624	C	*/-A	6	2	25%	2	2	36	31	0.98	1	1	4	2	1	1	-A
II	2527996	C	*/-T	5	2	25%	2	1	44	37	0.98	1	1	3	2	2	0	-T
II	2591913	T	*/-A	6	2	22.22%	2	2	41	42	0.98	1	1	4	2	1	1	-A
II	2592423	T	+A/+A	0	10	90.91%	0	1	0	50	0.98	0	1	0	0	10	0	+A
II	2630607	C	*/+A	0	5	71.43%	0	2	0	44	0.98	0	1	0	0	3	2	+A
II	2640785	T	*/+A	3	8	66.67%	2	2	37	38	0.98	1	1	1	2	4	4	+A
II	2701810	G	*/+A	12	2	14.29%	2	2	36	31	0.98	1	1	7	5	1	1	+A
II	2709414	G	+C/+C	1	22	91.67%	1	2	37	50	0.98	1	1	0	1	12	10	+C
II	2755338	C	*/-AT	8	3	21.43%	1	1	37	37	0.98	1	1	0	8	0	3	-AT
II	2755338	C	*/-ATAT	8	3	21.43%	1	2	37	37	0.98	1	1	0	8	2	1	-AT
II	2788933	C	+G/+G	0	27	100%	0	2	0	46	0.98	0	1	0	0	22	5	+G
II	2798040	C	-T/-T	1	22	95.65%	1	2	37	46	0.98	1	1	0	1	9	13	-T
II	2798514	A	-G/-G	1	18	94.74%	1	2	37	50	0.98	1	1	1	0	6	12	-G
II	2811495	C	-A/-A	0	13	100%	0	2	0	56	0.98	0	1	0	0	9	4	-A
II	2826100	G	*/-A	10	2	13.33%	2	1	43	61	0.98	1	1	8	2	0	2	-A
II	2826100	G	*/+A	10	2	13.33%	2	1	43	36	0.98	1	1	8	2	0	2	-A
II	2894538	T	*/-A	10	4	26.67%	2	2	47	37	0.98	1	1	6	4	1	3	-A
II	2900889	A	*/-T	8	7	41.18%	1	2	44	45	0.98	1	1	8	0	6	1	-T
II	2938956	C	+T/+T	1	8	88.89%	1	2	37	49	0.98	1	1	1	0	2	6	+T
II	2966290	C	+T/+T	0	6	100%	0	2	0	37	0.98	0	1	0	0	1	5	+T
II	3010975	G	*/-T	38	2	5%	2	2	48	49	0.98	1	1	15	23	1	1	-T
II	3040332	C	+G/+G	1	31	88.57%	1	2	37	44	0.98	1	1	1	0	19	12	+G
II	3058544	T	*/+G	2	4	57.14%	1	1	37	34	0.98	1	1	0	2	4	0	+G
II	3160415	G	*/-T	16	5	23.81%	2	2	61	34	0.98	1	1	7	9	3	2	-T
II	3171788	G	*/-A	1	3	37.5%	1	2	37	40	0.98	1	1	1	0	2	1	-A
II	3171788	G	*/-AA	1	2	25%	1	1	37	55	0.98	1	1	1	0	2	0	-A
II	3179569	T	*/+A	33	2	5.71%	2	2	44	37	0.98	1	1	20	13	1	1	+A
II	3253453	C	*/+T	1	3	37.5%	1	1	62	33	0.98	1	1	0	1	3	0	+T
II	3282373	T	*/-A	9	4	30.77%	2	1	50	37	0.98	1	1	6	3	4	0	-A
II	3380128	C	*/-T	4	2	33.33%	1	1	35	37	0.98	1	1	4	0	2	0	-T
II	3410437	G	*/-T	6	4	33.33%	2	2	43	43	0.98	1	1	3	3	2	2	-T
II	3410437	G	*/+T	6	2	16.67%	2	2	43	43	0.98	1	1	3	3	1	1	-T
II	3422108	T	*/-A	6	2	25%	2	2	47	37	0.98	1	1	5	1	1	1	-A
II	3540057	A	*/-T	14	3	15.79%	2	2	39	53	0.98	1	1	11	3	1	2	-T
II	3540057	A	*/+T	14	2	10.53%	2	2	39	55	0.98	1	1	11	3	1	1	-T
II	3583632	G	*/+A	14	2	12.5%	2	1	47	55	0.98	1	1	8	6	0	2	+A
II	3619003	A	+G/+G	2	22	91.67%	2	2	37	47	0.98	1	1	1	1	11	11	+G
II	3621704	A	*/-T	7	2	18.18%	2	2	54	37	0.98	1	1	4	3	1	1	-T
II	3621704	A	*/+T	7	2	18.18%	2	2	54	55	0.98	1	1	4	3	1	1	-T
II	3838101	C	*/-A	2	4	66.67%	1	2	31	61	0.98	1	1	2	0	2	2	-A
II	3838912	T	*/-A	14	2	11.11%	2	1	46	37	0.98	1	1	5	9	0	2	-A
II	3838912	T	*/-AA	14	2	11.11%	2	1	46	48	0.98	1	1	5	9	2	0	-A
II	3856896	A	*/-TT	17	2	10%	2	2	47	55	0.98	1	1	9	8	1	1	-TT
II	3859319	G	*/+T	25	2	7.14%	2	2	42	37	0.98	1	1	12	13	1	1	+T
II	3860185	C	*/-TAGTA	17	13	39.39%	2	2	51	40	0.98	1	1	6	11	10	3	-TAGTA
II	3861161	C	*/-T	8	2	20%	2	1	57	31	0.98	1	1	5	3	0	2	-T
II	3954039	C	*/-T	20	4	14.81%	2	2	44	42	0.98	1	1	11	9	2	2	-T
II	3954039	C	*/+T	20	3	11.11%	2	2	44	34	0.98	1	1	11	9	1	2	-T
II	3975235	C	*/-A	10	3	17.65%	2	2	41	49	0.98	1	1	7	3	2	1	-A
II	3983331	G	*/+TA	17	15	46.88%	2	2	44	47	0.98	1	1	2	15	6	9	+TA
II	4006982	C	*/-A	11	3	18.75%	2	1	37	37	0.98	1	1	8	3	3	0	-A
II	4108814	G	*/+TA	30	2	6.06%	2	1	41	37	0.98	1	1	9	21	2	0	+TA
II	4177822	G	*/-T	6	3	33.33%	2	2	37	49	0.98	1	1	3	3	1	2	-T
II	4249637	A	*/-AT	15	2	11.11%	2	1	44	37	0.98	1	1	6	9	0	2	-AT
II	4254960	G	-A/-A	2	18	90%	1	2	37	41	0.98	1	1	0	2	8	10	-A
II	4264124	C	*/+TGA	26	2	7.14%	2	2	47	37	0.98	1	1	16	10	1	1	+TGA
II	4290954	G	*/-A	16	2	11.11%	2	2	50	55	0.98	1	1	8	8	1	1	-A
II	4308414	C	*/+A	3	11	73.33%	1	2	57	44	0.98	1	1	3	0	5	6	+A
II	4343817	T	*/-A	9	3	23.08%	2	2	49	33	0.98	1	1	8	1	2	1	-A
II	4357961	C	*/-T	12	2	14.29%	2	2	41	68	0.98	1	1	3	9	1	1	-T
II	4419921	T	*/+A	2	2	40%	1	1	37	37	0.98	1	1	2	0	2	0	+A
II	4452613	A	*/-T	29	2	6.45%	2	2	53	55	0.98	1	1	17	12	1	1	-T
II	4507742	G	*/+T	37	3	7.5%	2	2	50	57	0.98	1	1	12	25	2	1	+T
II	4507813	A	*/+G	58	4	6.45%	2	2	45	64	0.98	1	1	44	14	2	2	+G
II	4513922	G	*/+GGCTGCTATAATCATTCCCAA	35	2	5.26%	2	1	55	37	0.98	1	1	19	16	2	0	+GGCTGCTATAATCATTCCCAA
II	4516248	T	*/-TCTATCTGTTTC	37	5	11.9%	2	2	44	59	0.98	1	1	27	10	2	3	-TCTATCTGTTTC
II	4517047	T	*/+TACTCATC	52	12	17.65%	2	2	48	40	0.98	1	1	31	21	6	6	+TACTCATC
II	4518476	T	*/-C	62	7	10.14%	2	2	44	37	0.98	1	1	33	29	5	2	-C
II	4521677	T	*/-AA	6	5	45.45%	2	2	43	44	0.98	1	1	2	4	3	2	-AA
II	4525340	G	*/+T	41	5	10%	2	2	41	39	0.98	1	1	36	5	3	2	+T
II	4526174	A	*/-T	6	11	57.89%	2	2	35	42	0.98	1	1	5	1	6	5	-T
II	4526843	C	*/-T	8	3	23.08%	2	2	33	45	0.98	1	1	7	1	2	1	-T
II	4527116	G	*/+CCAGTGAGGCTA	55	4	6.78%	2	1	51	46	0.98	1	1	19	36	0	4	+CCAGTGAGGCTA
II	4528465	C	*/+GACAAT	73	6	7.59%	2	2	44	47	0.98	1	1	35	38	2	4	+GACAAT
II	4528483	T	*/-GACAATGACAGA	67	10	12.99%	2	2	45	37	0.98	1	1	29	38	7	3	-GACAATGACAGA
II	4529375	T	*/+ACAACGACAACGACAACG	50	14	18.92%	2	2	46	42	0.98	1	1	27	23	6	8	+ACAACGACAACGACAACG
II	4529375	T	*/+ACAACGACAACGACAACGACAACG	50	5	6.76%	2	2	46	44	0.98	1	1	27	23	4	1	+ACAACGACAACGACAACG
II	4533588	C	*/-T	50	22	30.56%	2	2	41	45	0.98	1	1	28	22	10	12	-T
II	4534880	A	*/-T	91	27	22.88%	2	2	50	46	0.98	1	1	44	47	7	20	-T
II	4535321	G	*/-GATAT	191	20	9.48%	2	2	43	49	0.98	1	1	87	104	8	12	-GATAT
II	4535523	T	*/+GTTACG	177	40	18.35%	2	2	46	46	0.98	1	1	64	113	11	29	+GTTACG
II	4535548	A	*/-TATGTG	203	38	15.77%	2	2	47	50	0.98	1	1	87	116	16	22	-TATGTG
II	4535645	G	*/-T	169	38	17.92%	2	2	53	48	0.98	1	1	91	78	17	21	-T
II	4535727	A	*/-G	107	29	21.32%	2	2	47	46	0.98	1	1	39	68	6	23	-G
II	4536089	C	*/+AAAAGAAAAGTAAATT	34	2	5.56%	2	2	43	55	0.98	1	1	23	11	1	1	+AAAAGAAAAGTAAATT
II	4536728	A	*/+GAGAGTAGG	218	19	7.85%	2	2	49	44	0.98	1	1	97	121	11	8	+GAGAGTAGG
II	4537213	G	*/+T	94	143	60.34%	2	2	53	51	0.98	1	1	42	52	83	60	+T
II	4537387	A	*/-AATAAGAG	62	107	63.31%	2	2	51	49	0.98	1	1	27	35	72	35	-AATAAGAG
II	4537655	A	*/+AAATG	45	9	16.67%	2	2	49	35	0.98	1	1	26	19	7	2	+AAATG
II	4537665	G	*/+AAATA	49	3	5.77%	2	2	47	37	0.98	1	1	30	19	2	1	+AAATA
II	4537712	T	*/-AAATAAAATTAATG	29	3	9.38%	2	2	44	49	0.98	1	1	11	18	1	2	-AAATAAAATTAATG
II	4538312	A	*/-TAGGTATAGGTAGAATAAGTAGAGTAGAG	132	8	5.71%	2	2	46	52	0.98	1	1	46	86	6	2	-TAGGTATAGGTAGAATAAGTAGAGTAGAG
III	1558	G	*/-A	43	13	13.98%	2	2	44	41	0.98	1	1	18	25	7	6	-A
III	1558	G	*/+A	43	27	29.03%	2	2	44	46	0.98	1	1	18	25	17	10	+A
III	4729	A	*/-T	288	104	22.61%	2	2	49	48	0.98	1	1	191	97	48	56	-T
III	4729	A	*/+T	288	44	9.57%	2	2	49	51	0.98	1	1	191	97	12	32	-T
III	4952	C	*/+T	217	37	14.4%	2	2	42	50	0.98	1	1	144	73	13	24	+T
III	5403	C	*/-T	377	112	20.63%	2	2	42	45	0.98	1	1	273	104	58	54	-T
III	5403	C	*/-TT	377	29	5.34%	2	2	42	42	0.98	1	1	273	104	16	13	-T
III	9812	T	*/+A	105	15	12.2%	2	2	45	42	0.98	1	1	29	76	1	14	+A
III	12428	G	*/-A	35	10	14.08%	2	2	43	41	0.98	1	1	16	19	4	6	-A
III	12428	G	*/+A	35	20	28.17%	2	2	43	37	0.98	1	1	16	19	12	8	+A
III	15599	A	*/-T	288	97	22.3%	2	2	45	49	0.98	1	1	183	105	43	54	-T
III	15599	A	*/+T	288	35	8.05%	2	2	45	52	0.98	1	1	183	105	12	23	-T
III	15822	C	*/+T	242	42	14.63%	2	2	42	46	0.98	1	1	151	91	13	29	+T
III	16273	C	*/-T	390	120	21.02%	2	2	43	42	0.98	1	1	277	113	62	58	-T
III	16273	C	*/-TT	390	30	5.25%	2	2	43	47	0.98	1	1	277	113	20	10	-T
III	20682	T	*/+A	96	15	13.16%	2	1	46	43	0.98	1	1	23	73	0	15	+A
III	23298	G	*/-A	31	16	20%	2	2	43	46	0.98	1	1	14	17	5	11	-A
III	23298	G	*/+A	31	25	31.25%	2	2	43	38	0.98	1	1	14	17	11	14	+A
III	207168	T	*/+A	3	2	28.57%	2	1	57	37	0.98	1	1	2	1	2	0	+A
III	208140	C	*/-A	7	4	25%	2	2	38	34	0.98	1	1	6	1	3	1	-A
III	208140	C	*/-AA	7	2	12.5%	2	1	38	37	0.98	1	1	6	1	2	0	-A
III	208140	C	*/+A	7	2	12.5%	2	1	38	37	0.98	1	1	6	1	2	0	-A
III	211787	G	*/+TT	14	2	12.5%	2	1	42	37	0.98	1	1	11	3	2	0	+TT
III	220086	C	*/-T	25	2	7.41%	2	2	48	37	0.98	1	1	13	12	1	1	-T
III	230816	A	*/+T	26	2	7.14%	2	2	48	37	0.98	1	1	10	16	1	1	+T
III	234982	C	*/-A	33	2	5.71%	2	2	47	61	0.98	1	1	14	19	1	1	-A
III	237048	G	*/+A	6	2	22.22%	1	2	35	55	0.98	1	1	6	0	1	1	+A
III	241583	T	*/+G	21	2	8.7%	2	2	51	37	0.98	1	1	6	15	1	1	+G
III	250639	G	*/+A	9	2	18.18%	2	2	43	55	0.98	1	1	6	3	1	1	+A
III	255460	G	*/-A	16	2	11.11%	2	1	44	37	0.98	1	1	7	9	2	0	-A
III	286594	T	*/-A	3	2	20%	2	1	61	55	0.98	1	1	2	1	2	0	-A
III	286594	T	*/+A	3	4	40%	2	1	61	46	0.98	1	1	2	1	4	0	+A
III	293096	G	*/-T	7	4	33.33%	2	2	52	46	0.98	1	1	5	2	3	1	-T
III	348685	G	*/-AT	35	3	7.89%	2	2	41	37	0.98	1	1	18	17	2	1	-AT
III	349008	C	*/+T	27	2	6.9%	2	1	52	68	0.98	1	1	12	15	2	0	+T
III	365747	C	-A/-A	1	14	87.5%	1	2	74	41	0.98	1	1	0	1	12	2	-A
III	427611	A	*/+T	14	2	12.5%	2	2	45	37	0.98	1	1	7	7	1	1	+T
III	431910	C	*/-T	6	3	30%	2	2	38	57	0.98	1	1	2	4	1	2	-T
III	568658	C	*/-T	12	5	27.78%	2	2	38	34	0.98	1	1	8	4	3	2	-T
III	717677	A	*/-T	1	7	63.64%	1	2	74	47	0.98	1	1	0	1	4	3	-T
III	717677	A	*/-TT	1	2	18.18%	1	2	74	37	0.98	1	1	0	1	1	1	-T
III	719703	T	*/+A	10	2	15.38%	2	2	33	31	0.98	1	1	9	1	1	1	+A
III	719955	A	-C/-C	0	8	100%	0	2	0	49	0.98	0	1	0	0	5	3	-C
III	720559	C	*/-T	2	3	50%	2	1	25	33	0.98	1	1	1	1	3	0	-T
III	720683	A	+T/+T	2	6	75%	1	2	37	47	0.98	1	1	2	0	1	5	+T
III	804692	T	*/-C	19	2	9.52%	2	2	46	37	0.98	1	1	9	10	1	1	-C
III	822701	G	*/-T	7	2	20%	2	2	50	42	0.98	1	1	3	4	1	1	-T
III	867865	C	-T/-T	1	3	75%	1	2	37	37	0.98	1	1	1	0	2	1	-T
III	897531	C	*/-A	11	2	15.38%	2	1	42	31	0.98	1	1	7	4	0	2	-A
III	966124	G	*/-T	15	3	12.5%	1	1	37	40	0.98	1	1	15	0	3	0	-T
III	966124	G	*/+T	15	4	16.67%	1	1	37	37	0.98	1	1	15	0	4	0	+T
III	970548	C	*/-T	2	2	28.57%	2	1	42	62	0.98	1	1	1	1	0	2	-T
III	970548	C	*/+T	2	3	42.86%	2	1	42	40	0.98	1	1	1	1	0	3	+T
III	970892	C	*/-T	7	2	20%	2	2	45	31	0.98	1	1	6	1	1	1	-T
III	1016311	G	+C/+C	2	28	93.33%	2	2	74	48	0.98	1	1	1	1	11	17	+C
III	1073505	T	*/+ATATAGAG	117	8	6.35%	2	2	53	41	0.98	1	1	70	47	7	1	+ATATAGAG
III	1079346	A	*/+G	102	13	11.3%	2	2	45	39	0.98	1	1	77	25	9	4	+G
III	1087979	A	*/+G	62	7	10.14%	2	1	44	54	0.98	1	1	41	21	7	0	+G
III	1095550	G	*/-T	10	5	23.81%	2	2	44	46	0.98	1	1	9	1	3	2	-T
III	1095550	G	*/-TT	10	5	23.81%	2	2	44	44	0.98	1	1	9	1	4	1	-T
III	1103423	T	*/-A	16	3	13.64%	2	2	42	40	0.98	1	1	13	3	1	2	-A
III	1104937	C	*/+T	16	2	11.11%	2	2	41	74	0.98	1	1	11	5	1	1	+T
III	1110132	C	*/+TCTCTATA	62	4	6.06%	2	1	51	46	0.98	1	1	30	32	4	0	+TCTCTATA
III	1110963	T	*/+C	59	5	7.81%	2	2	44	42	0.98	1	1	30	29	4	1	+C
III	1114914	T	*/+ACCACTAACCATC	50	5	9.09%	2	2	45	51	0.98	1	1	33	17	3	2	+ACCACTAACCATC
III	1121596	C	*/-T	16	2	10.53%	2	1	52	37	0.98	1	1	5	11	0	2	-T
III	1121609	C	*/-T	28	2	6.67%	2	1	55	31	0.98	1	1	8	20	0	2	-T
III	1121674	T	*/+ACCACTAACCATC	38	5	11.63%	2	2	48	51	0.98	1	1	20	18	4	1	+ACCACTAACCATC
III	1124483	T	*/+C	80	6	6.9%	2	2	48	45	0.98	1	1	32	48	2	4	+C
III	1128342	A	*/-C	29	2	6.45%	2	2	50	55	0.98	1	1	10	19	1	1	-C
III	1128434	T	*/+ACCACTAACCATC	37	2	5.13%	2	2	47	31	0.98	1	1	23	14	1	1	+ACCACTAACCATC
III	1131243	T	*/+C	50	4	7.27%	2	2	54	64	0.98	1	1	24	26	2	2	+C
III	1135102	A	*/-C	21	2	8.7%	2	1	45	74	0.98	1	1	9	12	0	2	-C
III	1135194	T	*/+ACCACTAACCATC	43	5	10.42%	2	2	46	49	0.98	1	1	25	18	1	4	+ACCACTAACCATC
III	1352117	A	*/+T	23	2	8%	2	2	51	37	0.98	1	1	10	13	1	1	+T
III	1395671	C	*/+A	6	2	22.22%	1	2	38	31	0.98	1	1	6	0	1	1	+A
III	1395701	A	*/-AATGTAATGT	9	2	18.18%	2	1	39	37	0.98	1	1	6	3	2	0	-AATGTAATGT
III	1403337	A	*/-T	14	2	12.5%	2	1	47	37	0.98	1	1	9	5	2	0	-T
III	1421567	T	*/+G	3	2	20%	2	1	49	31	0.98	1	1	1	2	2	0	+G
III	1421567	T	*/+GG	3	4	40%	2	2	49	43	0.98	1	1	1	2	3	1	+GG
III	1510629	T	*/-A	13	2	13.33%	2	1	48	37	0.98	1	1	8	5	2	0	-A
III	1556350	G	*/-T	3	2	40%	1	1	61	55	0.98	1	1	3	0	2	0	-T
III	1559425	T	*/-A	14	3	16.67%	2	2	51	37	0.98	1	1	10	4	2	1	-A
III	1561586	G	*/+T	14	2	12.5%	2	2	53	55	0.98	1	1	7	7	1	1	+T
III	1594933	T	*/-A	9	4	28.57%	2	2	41	43	0.98	1	1	3	6	2	2	-A
III	1685487	G	+A/+A	2	20	90.91%	2	2	37	45	0.98	1	1	1	1	6	14	+A
III	1695103	C	+ATTT/+ATTT	1	18	90%	1	2	37	48	0.98	1	1	1	0	7	11	+ATTT
III	1702276	A	*/-T	38	4	9.09%	2	2	41	49	0.98	1	1	20	18	1	3	-T
III	1705576	G	*/-A	25	2	7.41%	2	2	43	37	0.98	1	1	15	10	1	1	-A
III	1712983	G	*/-A	5	2	16.67%	2	1	37	37	0.98	1	1	4	1	2	0	-A
III	1712983	G	*/-AA	5	3	25%	2	2	37	49	0.98	1	1	4	1	1	2	-AA
III	1717327	G	*/-T	12	2	14.29%	2	1	43	37	0.98	1	1	6	6	0	2	-T
III	1756400	T	-A/-A	0	24	100%	0	2	0	48	0.98	0	1	0	0	7	17	-A
III	1758846	C	*/+A	4	2	33.33%	2	1	48	42	0.98	1	1	3	1	2	0	+A
III	1765612	C	*/+T	24	4	14.29%	2	2	55	37	0.98	1	1	18	6	2	2	+T
III	1774235	T	+GATC/+GATC	3	13	81.25%	2	2	37	47	0.98	1	1	2	1	10	3	+GATC
III	1790165	C	*/-T	13	2	13.33%	2	1	45	37	0.98	1	1	9	4	2	0	-T
III	1802522	G	*/-T	17	2	10%	2	1	38	31	0.98	1	1	14	3	2	0	-T
III	1947823	A	*/-T	9	2	16.67%	2	2	52	37	0.98	1	1	4	5	1	1	-T
III	1979604	A	*/-T	7	2	18.18%	2	1	61	37	0.98	1	1	3	4	2	0	-T
III	1979604	A	*/+T	7	2	18.18%	2	2	61	55	0.98	1	1	3	4	1	1	-T
III	1992528	T	*/-A	15	2	11.76%	2	2	51	37	0.98	1	1	7	8	1	1	-A
III	2041936	C	*/+T	9	3	25%	2	2	46	45	0.98	1	1	2	7	1	2	+T
III	2061392	C	*/-A	28	2	6.67%	2	2	55	37	0.98	1	1	10	18	1	1	-A
III	2076412	G	*/-T	7	6	46.15%	2	2	45	45	0.98	1	1	2	5	5	1	-T
III	2076980	A	*/-T	3	2	40%	2	2	61	37	0.98	1	1	1	2	1	1	-T
III	2219235	A	*/+T	14	2	11.76%	2	2	44	55	0.98	1	1	7	7	1	1	+T
III	2221410	T	*/-A	4	2	33.33%	1	2	37	49	0.98	1	1	4	0	1	1	-A
III	2257353	C	*/-A	11	2	15.38%	2	1	48	37	0.98	1	1	6	5	2	0	-A
III	2270459	C	*/-A	11	2	14.29%	2	1	42	55	0.98	1	1	8	3	2	0	-A
III	2309611	T	*/-A	5	3	30%	2	2	51	37	0.98	1	1	1	4	2	1	-A
III	2310960	G	*/-A	9	2	18.18%	2	2	48	74	0.98	1	1	4	5	1	1	-A
III	2310968	A	*/+GGT	9	2	18.18%	2	2	48	74	0.98	1	1	4	5	1	1	+GGT
III	2352293	A	*/+G	7	2	22.22%	1	1	35	37	0.98	1	1	7	0	2	0	+G
III	2353416	T	*/-C	21	2	8.7%	2	2	55	37	0.98	1	1	11	10	1	1	-C
III	2382018	A	*/-T	1	3	60%	1	2	37	36	0.98	1	1	0	1	1	2	-T
III	2420241	T	*/-A	9	2	15.38%	2	1	58	68	0.98	1	1	8	1	2	0	-A
III	2443562	A	+T/+T	6	24	80%	2	2	43	36	0.98	1	1	2	4	1	23	+T
III	2443566	T	*/+A	36	2	5.26%	2	1	36	37	0.98	1	1	5	31	0	2	+A
III	2447848	T	*/-A	664	193	17.58%	2	2	45	41	0.98	1	1	497	167	142	51	-A
III	2447848	T	*/-AA	664	112	10.2%	2	2	45	47	0.98	1	1	497	167	72	40	-A
III	2447848	T	*/+A	664	82	7.47%	2	2	45	48	0.98	1	1	497	167	47	35	-A
III	2448309	T	-AA/-AA	30	359	91.12%	2	2	44	42	0.98	1	1	22	8	156	203	-AA
III	2448518	T	*/-A	508	181	21.99%	2	2	46	47	0.98	1	1	343	165	137	44	-A
III	2448518	T	*/-AA	508	60	7.29%	2	2	46	46	0.98	1	1	343	165	42	18	-A
III	2448518	T	*/+A	508	58	7.05%	2	2	46	45	0.98	1	1	343	165	43	15	-A
