Chrom	Position	Ref	Cons	Reads1	Reads2	VarFreq	Strands1	Strands2	Qual1	Qual2	Pvalue	MapQual1	MapQual2	Reads1Plus	Reads1Minus	Reads2Plus	Reads2Minus	VarAllele
chr_II_telomeric_gap	6301	C	*/-AT	8	4	30.77%	2	2	49	43	0.98	1	1	3	5	1	3	-AT
chr_II_telomeric_gap	8538	G	*/-A	3	2	28.57%	1	1	36	29	0.98	1	1	3	0	2	0	-A
I	475	C	*/-ACCAAT	60	7	8.97%	2	2	45	47	0.98	1	1	31	29	3	4	-ACCAAT
I	475	C	*/+ACCAAT	60	7	8.97%	2	2	45	37	0.98	1	1	31	29	2	5	-ACCAAT
I	3160	A	*/+GTTGTCGTTGTCGTTGTC	40	3	6.12%	2	2	45	33	0.98	1	1	21	19	2	1	+GTTGTCGTTGTCGTTGTC
I	3160	A	*/+GTTGTCGTTGTCGTTGTCGTTGTCGTTGTC	40	4	8.16%	2	1	45	46	0.98	1	1	21	19	4	0	+GTTGTCGTTGTCGTTGTCGTTGTCGTTGTC
I	4047	C	*/-TGTCTCTGTCAT	30	3	9.09%	2	2	41	37	0.98	1	1	17	13	2	1	-TGTCTCTGTCAT
I	4053	C	*/+TGTCAT	26	2	6.9%	2	1	42	37	0.98	1	1	15	11	2	0	+TGTCAT
I	5409	T	*/+CCTCACTGGTAG	29	12	29.27%	2	2	52	46	0.98	1	1	20	9	7	5	+CCTCACTGGTAG
I	5677	G	*/-A	11	5	20.83%	1	2	36	36	0.98	1	1	11	0	4	1	-A
I	5677	G	*/+A	11	4	16.67%	1	1	36	49	0.98	1	1	11	0	4	0	-A
I	6357	T	*/-AA	27	13	30.23%	2	2	43	42	0.98	1	1	17	10	5	8	-AA
I	7192	C	*/-A	18	6	22.22%	2	2	37	33	0.98	1	1	14	4	5	1	-A
I	10859	G	*/-TT	7	6	40%	2	2	37	47	0.98	1	1	2	5	3	3	-TT
I	15734	C	*/-A	13	5	26.32%	2	1	41	46	0.98	1	1	10	3	5	0	-A
I	17331	C	*/-AT	32	3	8.57%	2	2	48	37	0.98	1	1	15	17	2	1	-AT
I	19694	T	*/+A	27	4	12.9%	2	1	53	37	0.98	1	1	15	12	4	0	+A
I	27402	A	*/+C	7	3	25%	2	1	38	34	0.98	1	1	1	6	0	3	+C
I	28398	A	*/+C	48	5	9.43%	2	2	48	59	0.98	1	1	9	39	3	2	+C
I	41770	C	*/-AT	22	2	8.33%	2	1	43	37	0.98	1	1	6	16	0	2	-AT
I	55244	T	*/-A	7	2	13.33%	2	1	35	37	0.98	1	1	6	1	2	0	-A
I	55244	T	*/+A	7	3	20%	2	1	35	37	0.98	1	1	6	1	3	0	+A
I	99474	C	*/-A	22	2	8%	2	2	41	37	0.98	1	1	13	9	1	1	-A
I	101871	A	+G/+G	0	12	100%	0	2	0	44	0.98	0	1	0	0	4	8	+G
I	149049	G	*/-AT	23	2	8%	2	1	45	37	0.98	1	1	9	14	2	0	-AT
I	216147	C	*/-T	16	2	11.11%	2	1	43	68	0.98	1	1	8	8	2	0	-T
I	315375	G	*/-T	13	3	18.75%	2	2	47	61	0.98	1	1	6	7	1	2	-T
I	352418	T	+A/+A	0	17	100%	0	2	0	41	0.98	0	1	0	0	10	7	+A
I	381883	C	*/+A	6	2	25%	2	2	38	55	0.98	1	1	5	1	1	1	+A
I	441614	C	*/-T	8	2	14.29%	1	1	34	61	0.98	1	1	8	0	0	2	-T
I	441614	C	*/+T	8	2	14.29%	1	1	34	36	0.98	1	1	8	0	2	0	-T
I	453369	G	*/-A	4	2	22.22%	1	1	34	55	0.98	1	1	4	0	2	0	-A
I	456726	G	*/-T	9	2	18.18%	2	2	39	37	0.98	1	1	5	4	1	1	-T
I	470378	A	-C/-C	0	13	100%	0	2	0	39	0.98	0	1	0	0	7	6	-C
I	470390	A	-C/-C	1	14	93.33%	1	2	74	39	0.98	1	1	0	1	7	7	-C
I	473427	G	*/+T	5	3	37.5%	1	2	37	32	0.98	1	1	5	0	1	2	+T
I	482737	A	+G/+G	1	19	95%	1	2	37	51	0.98	1	1	0	1	12	7	+G
I	554527	A	+T/+T	1	5	83.33%	1	2	37	42	0.98	1	1	1	0	1	4	+T
I	555713	C	+T/+T	0	9	90%	0	2	0	45	0.98	0	1	0	0	5	4	+T
I	609849	C	*/-T	15	2	11.11%	2	2	49	55	0.98	1	1	10	5	1	1	-T
I	650099	C	*/+A	6	2	20%	2	1	39	37	0.98	1	1	4	2	2	0	+A
I	670032	C	+A/+A	1	51	98.08%	1	2	74	52	0.98	1	1	1	0	17	34	+A
I	682993	T	-C/-C	1	39	97.5%	1	2	25	46	0.98	1	1	0	1	13	26	-C
I	719597	G	*/-TA	30	2	6.25%	2	1	56	37	0.98	1	1	15	15	2	0	-TA
I	739041	A	+AAAT/+AAAT	4	15	78.95%	2	2	61	43	0.98	1	1	3	1	3	12	+AAAT
I	765320	G	*/+TAAATAAA	1	5	71.43%	1	1	37	32	0.98	1	1	1	0	5	0	+TAAATAAA
I	765477	A	*/-TT	2	2	33.33%	1	1	37	37	0.98	1	1	0	2	0	2	-TT
I	851935	C	*/+T	36	2	5.26%	2	1	46	37	0.98	1	1	21	15	0	2	+T
I	862962	C	+T/+T	1	12	92.31%	1	2	74	45	0.98	1	1	1	0	8	4	+T
I	954072	T	*/-A	9	2	18.18%	2	1	57	55	0.98	1	1	4	5	0	2	-A
I	960025	G	+T/+T	1	3	75%	1	2	37	33	0.98	1	1	1	0	2	1	+T
I	995070	G	*/+T	7	2	20%	2	2	45	42	0.98	1	1	2	5	1	1	+T
I	1048635	G	+A/+A	2	10	83.33%	1	2	55	35	0.98	1	1	2	0	7	3	+A
I	1108215	T	*/+A	16	2	11.11%	2	1	42	74	0.98	1	1	10	6	0	2	+A
I	1141978	A	*/+T	14	2	12.5%	2	2	40	37	0.98	1	1	6	8	1	1	+T
I	1150640	T	*/+A	16	3	15.79%	2	2	47	36	0.98	1	1	7	9	2	1	+A
I	1185797	G	*/-A	4	3	42.86%	2	2	31	37	0.98	1	1	2	2	2	1	-A
I	1254655	T	*/+A	8	5	35.71%	2	2	41	46	0.98	1	1	6	2	3	2	+A
I	1274803	T	+A/+A	0	13	100%	0	2	0	42	0.98	0	1	0	0	7	6	+A
I	1290605	A	*/-T	9	2	13.33%	2	2	53	37	0.98	1	1	6	3	1	1	-T
I	1290605	A	*/+T	9	4	26.67%	2	2	53	46	0.98	1	1	6	3	1	3	+T
I	1399667	T	*/-A	14	2	12.5%	2	1	40	37	0.98	1	1	9	5	2	0	-A
I	1424708	C	-A/-A	0	12	100%	0	2	0	48	0.98	0	1	0	0	10	2	-A
I	1454446	C	*/+A	19	2	9.09%	2	1	47	55	0.98	1	1	12	7	0	2	+A
I	1496317	C	*/-A	2	8	53.33%	2	2	37	38	0.98	1	1	1	1	7	1	-A
I	1496317	C	*/-AA	2	5	33.33%	2	2	37	44	0.98	1	1	1	1	2	3	-A
I	1509277	C	*/+T	2	4	66.67%	1	1	36	34	0.98	1	1	2	0	4	0	+T
I	1595056	C	*/-T	3	2	25%	2	2	33	42	0.98	1	1	2	1	1	1	-T
I	1595056	C	*/+T	3	2	25%	2	1	33	36	0.98	1	1	2	1	2	0	-T
I	1599291	T	*/-A	6	5	45.45%	1	2	35	34	0.98	1	1	0	6	1	4	-A
I	1625092	T	+C/+C	1	14	93.33%	1	2	74	46	0.98	1	1	1	0	6	8	+C
I	1719454	G	*/+T	6	4	36.36%	2	2	45	46	0.98	1	1	2	4	1	3	+T
I	1777634	A	*/-T	11	5	29.41%	2	2	38	34	0.98	1	1	6	5	3	2	-T
I	1849285	C	*/-T	24	4	13.79%	2	2	48	40	0.98	1	1	13	11	1	3	-T
I	1936294	G	+A/+A	0	17	100%	0	2	0	54	0.98	0	1	0	0	8	9	+A
I	1952313	A	+T/+T	0	18	100%	0	2	0	46	0.98	0	1	0	0	11	7	+T
I	1954162	C	*/-A	9	3	17.65%	2	2	41	33	0.98	1	1	8	1	1	2	-A
I	1954162	C	*/-AA	9	2	11.76%	2	1	41	25	0.98	1	1	8	1	0	2	-A
I	1954162	C	*/+A	9	2	11.76%	2	2	41	31	0.98	1	1	8	1	1	1	-A
I	1955754	C	*/+T	1	2	33.33%	1	1	37	29	0.98	1	1	1	0	2	0	+T
I	1955754	C	*/+TT	1	2	33.33%	1	1	37	37	0.98	1	1	1	0	2	0	+T
I	1955853	T	*/+A	2	5	62.5%	1	2	37	44	0.98	1	1	2	0	2	3	+A
I	2016958	G	*/-T	11	2	15.38%	2	2	50	55	0.98	1	1	5	6	1	1	-T
I	2041948	T	*/-A	16	2	9.52%	2	1	35	31	0.98	1	1	15	1	2	0	-A
I	2041948	T	*/-AAA	16	2	9.52%	2	1	35	31	0.98	1	1	15	1	2	0	-A
I	2052488	A	*/-T	14	6	28.57%	2	2	37	43	0.98	1	1	10	4	4	2	-T
I	2096013	T	*/-A	15	3	16.67%	2	2	50	37	0.98	1	1	8	7	1	2	-A
I	2139856	G	+T/+T	0	12	100%	0	2	0	40	0.98	0	1	0	0	7	5	+T
I	2154491	T	+A/+A	0	17	100%	0	2	0	43	0.98	0	1	0	0	11	6	+A
I	2174555	C	*/-A	13	2	11.11%	2	1	34	27	0.98	1	1	6	7	2	0	-A
I	2174555	C	*/-AA	13	2	11.11%	2	1	34	37	0.98	1	1	6	7	2	0	-A
I	2178490	G	*/+A	7	2	22.22%	2	2	40	49	0.98	1	1	5	2	1	1	+A
I	2178948	C	*/-A	14	2	11.11%	2	1	37	37	0.98	1	1	13	1	2	0	-A
I	2209028	C	+T/+T	0	6	100%	0	2	0	45	0.98	0	1	0	0	4	2	+T
I	2227936	T	*/+AA	0	2	33.33%	0	1	0	25	0.98	0	1	0	0	0	2	+AA
I	2227936	T	*/+AAA	0	2	33.33%	0	2	0	36	0.98	0	1	0	0	1	1	+AA
I	2288240	C	-G/-G	0	24	100%	0	2	0	47	0.98	0	1	0	0	13	11	-G
I	2322636	C	*/-A	13	5	23.81%	1	2	36	44	0.98	1	1	13	0	4	1	-A
I	2322636	C	*/-AA	13	2	9.52%	1	1	36	37	0.98	1	1	13	0	2	0	-A
I	2343703	G	+A/+A	0	4	100%	0	2	0	52	0.98	0	1	0	0	2	2	+A
I	2397149	G	*/-T	15	2	10.53%	2	2	45	37	0.98	1	1	12	3	1	1	-T
I	2397149	G	*/+T	15	2	10.53%	2	1	45	37	0.98	1	1	12	3	0	2	-T
I	2415411	C	*/+T	16	2	11.11%	2	2	41	55	0.98	1	1	10	6	1	1	+T
I	2421576	A	-C/-C	1	12	92.31%	1	2	37	57	0.98	1	1	0	1	7	5	-C
I	2452410	A	*/-T	30	3	9.09%	2	2	51	74	0.98	1	1	17	13	1	2	-T
I	2499149	A	-T/-T	2	20	90.91%	2	2	37	41	0.98	1	1	1	1	6	14	-T
I	2507462	T	+A/+A	0	17	100%	0	2	0	50	0.98	0	1	0	0	11	6	+A
I	2510060	T	+A/+A	1	10	90.91%	1	2	74	39	0.98	1	1	0	1	8	2	+A
I	2520612	G	*/-T	25	5	16.13%	2	2	45	49	0.98	1	1	18	7	2	3	-T
I	2525713	C	*/-T	10	5	29.41%	2	1	34	32	0.98	1	1	9	1	5	0	-T
I	2525713	C	*/+T	10	2	11.76%	2	2	34	42	0.98	1	1	9	1	1	1	-T
I	2578262	T	*/-AA	15	2	11.76%	2	2	45	49	0.98	1	1	7	8	1	1	-AA
I	2594263	C	+T/+T	0	10	100%	0	2	0	49	0.98	0	1	0	0	6	4	+T
I	2594324	T	+A/+A	1	8	88.89%	1	2	37	50	0.98	1	1	0	1	5	3	+A
I	2594351	T	+A/+A	0	12	100%	0	2	0	48	0.98	0	1	0	0	8	4	+A
I	2594391	A	+T/+T	0	11	100%	0	2	0	47	0.98	0	1	0	0	7	4	+T
I	2605860	G	-T/-T	1	13	92.86%	1	2	37	45	0.98	1	1	0	1	6	7	-T
I	2607669	A	+T/+T	2	20	90.91%	1	2	37	46	0.98	1	1	2	0	11	9	+T
I	2683902	T	-C/-C	0	14	100%	0	2	0	44	0.98	0	1	0	0	8	6	-C
I	2747023	A	*/-G	9	2	18.18%	2	1	43	36	0.98	1	1	6	3	0	2	-G
I	2747027	T	*/-A	8	2	18.18%	2	1	47	37	0.98	1	1	5	3	0	2	-A
I	2751236	T	-A/-A	1	20	90.91%	1	2	37	43	0.98	1	1	0	1	2	18	-A
I	2759871	T	+C/+C	0	7	100%	0	2	0	37	0.98	0	1	0	0	2	5	+C
I	2811244	C	*/+T	17	2	10.53%	2	2	53	74	0.98	1	1	8	9	1	1	+T
I	2897634	G	*/-TA	28	3	9.68%	2	2	52	61	0.98	1	1	16	12	1	2	-TA
I	2974682	T	*/-A	20	2	9.09%	2	1	38	37	0.98	1	1	16	4	2	0	-A
I	2989146	T	+A/+A	2	13	76.47%	2	2	74	51	0.98	1	1	1	1	6	7	+A
I	3014393	G	*/-T	13	2	12.5%	2	1	37	37	0.98	1	1	9	4	2	0	-T
I	3023963	C	*/+T	10	16	59.26%	2	2	39	40	0.98	1	1	7	3	5	11	+T
I	3033347	C	*/-T	14	2	10%	2	2	41	37	0.98	1	1	10	4	1	1	-T
I	3033347	C	*/+T	14	3	15%	2	2	41	40	0.98	1	1	10	4	2	1	+T
I	3084527	A	*/+AGT	32	2	5.88%	2	1	47	74	0.98	1	1	13	19	2	0	+AGT
I	3125118	A	+T/+T	0	9	100%	0	2	0	39	0.98	0	1	0	0	6	3	+T
I	3134492	A	*/-T	18	2	10%	2	1	40	37	0.98	1	1	6	12	2	0	-T
I	3144699	T	*/-A	3	2	28.57%	2	2	49	37	0.98	1	1	2	1	1	1	-A
I	3159187	C	*/-CA	31	2	6.06%	2	2	47	37	0.98	1	1	16	15	1	1	-CA
I	3159994	C	*/-T	44	4	8.33%	2	2	42	34	0.98	1	1	34	10	3	1	-T
I	3166776	G	*/+TTT	1	6	50%	1	2	48	43	0.98	1	1	1	0	4	2	+TTT
I	3178494	C	+T/+T	2	23	92%	1	2	31	44	0.98	1	1	2	0	10	13	+T
I	3184255	T	*/-A	5	2	25%	2	2	49	55	0.98	1	1	2	3	1	1	-A
I	3197528	A	+G/+G	0	22	100%	0	2	0	51	0.98	0	1	0	0	12	10	+G
I	3300811	C	*/-GGGGGGGG	1	2	40%	1	1	37	37	0.98	1	1	1	0	2	0	-GGGGGGGG
I	3380404	C	*/-A	15	5	23.81%	2	2	45	43	0.98	1	1	13	2	1	4	-A
I	3404612	C	*/-T	5	2	28.57%	2	1	39	55	0.98	1	1	2	3	2	0	-T
I	3410124	A	*/+T	8	3	27.27%	2	1	43	37	0.98	1	1	5	3	0	3	+T
I	3450130	G	-T/-T	0	11	100%	0	2	0	50	0.98	0	1	0	0	6	5	-T
I	3460318	T	+C/+C	0	12	92.31%	0	2	0	55	0.98	0	1	0	0	4	8	+C
I	3462650	A	*/-T	5	2	28.57%	2	1	47	37	0.98	1	1	3	2	0	2	-T
I	3538413	A	+T/+T	0	9	100%	0	2	0	52	0.98	0	1	0	0	4	5	+T
I	3538428	G	+T/+T	1	7	87.5%	1	2	37	47	0.98	1	1	1	0	3	4	+T
I	3538436	T	+A/+A	2	6	75%	2	2	55	43	0.98	1	1	1	1	2	4	+A
I	3538449	T	+TA/+TA	0	7	100%	0	2	0	38	0.98	0	1	0	0	2	5	+TA
I	3538456	A	+AT/+AT	0	6	100%	0	2	0	43	0.98	0	1	0	0	2	4	+AT
I	3576929	C	+T/+T	1	8	80%	1	2	37	34	0.98	1	1	1	0	5	3	+T
I	3580034	C	*/+T	1	3	50%	1	2	25	46	0.98	1	1	1	0	2	1	+T
I	3659724	C	*/+T	16	5	21.74%	2	2	43	51	0.98	1	1	10	6	3	2	+T
I	3665610	G	+C/+C	0	24	100%	0	2	0	53	0.98	0	1	0	0	12	12	+C
I	3700385	T	*/+A	3	3	23.08%	2	2	36	40	0.98	1	1	2	1	2	1	+A
I	3700385	T	*/+AA	3	7	53.85%	2	2	36	33	0.98	1	1	2	1	3	4	+AA
I	3730369	A	+T/+T	1	18	94.74%	1	2	37	43	0.98	1	1	1	0	11	7	+T
I	3752808	C	*/-A	18	2	9.52%	2	2	48	55	0.98	1	1	12	6	1	1	-A
I	3765328	C	+T/+T	2	8	80%	2	2	61	35	0.98	1	1	1	1	7	1	+T
I	3776933	G	+A/+A	0	5	100%	0	1	0	33	0.98	0	1	0	0	0	5	+A
I	3785861	G	*/-TATAATGTA	27	5	15.62%	2	2	47	51	0.98	1	1	2	25	3	2	-TATAATGTA
I	3855790	G	-T/-T	1	12	92.31%	1	2	62	43	0.98	1	1	1	0	9	3	-T
I	3877380	G	+A/+A	3	9	75%	2	2	37	56	0.98	1	1	2	1	2	7	+A
I	3898271	C	*/-A	13	2	11.76%	2	2	40	37	0.98	1	1	7	6	1	1	-A
I	3898271	C	*/+A	13	2	11.76%	2	2	40	49	0.98	1	1	7	6	1	1	-A
I	3940025	G	+T/+T	0	19	100%	0	2	0	53	0.98	0	1	0	0	10	9	+T
I	3984736	A	*/-GGT	93	6	6.06%	2	2	44	43	0.98	1	1	33	60	1	5	-GGT
I	3991338	T	*/+A	2	10	66.67%	1	2	37	38	0.98	1	1	2	0	6	4	+A
I	3991338	T	*/+AA	2	2	13.33%	1	2	37	31	0.98	1	1	2	0	1	1	+A
I	3992213	A	*/-C	3	4	57.14%	2	2	37	43	0.98	1	1	1	2	3	1	-C
I	3995023	C	*/-T	4	4	44.44%	1	2	43	36	0.98	1	1	4	0	3	1	-T
I	3995862	A	*/+T	66	4	5.71%	2	1	41	46	0.98	1	1	35	31	4	0	+T
I	4004016	G	*/-T	12	6	25%	2	2	48	51	0.98	1	1	7	5	2	4	-T
I	4004016	G	*/-TT	12	3	12.5%	2	2	48	49	0.98	1	1	7	5	2	1	-T
I	4004016	G	*/+T	12	2	8.33%	2	1	48	37	0.98	1	1	7	5	0	2	-T
I	4055052	T	+A/+A	2	13	86.67%	2	2	31	51	0.98	1	1	1	1	8	5	+A
I	4140090	A	*/-T	15	2	11.76%	2	2	46	29	0.98	1	1	8	7	1	1	-T
I	4153651	C	*/-T	10	3	21.43%	2	2	45	33	0.98	1	1	7	3	2	1	-T
I	4177950	T	*/-A	13	3	18.75%	2	2	42	49	0.98	1	1	9	4	2	1	-A
I	4179641	C	*/-A	7	2	18.18%	2	2	37	37	0.98	1	1	5	2	1	1	-A
I	4179641	C	*/+A	7	2	18.18%	2	2	37	37	0.98	1	1	5	2	1	1	-A
I	4241118	G	*/-A	5	4	40%	2	2	44	46	0.98	1	1	4	1	3	1	-A
I	4276890	G	+T/+T	0	8	80%	0	2	0	41	0.98	0	1	0	0	7	1	+T
I	4304169	G	+A/+A	1	8	80%	1	2	37	44	0.98	1	1	1	0	4	4	+A
I	4353575	T	*/+A	15	2	11.11%	2	2	48	37	0.98	1	1	7	8	1	1	+A
I	4360508	C	-T/-T	0	18	100%	0	2	0	45	0.98	0	1	0	0	8	10	-T
I	4374342	A	-G/-G	0	27	100%	0	2	0	53	0.98	0	1	0	0	18	9	-G
I	4407494	T	+G/+G	0	18	100%	0	2	0	50	0.98	0	1	0	0	12	6	+G
I	4410191	C	-G/-G	0	23	100%	0	2	0	48	0.98	0	1	0	0	14	9	-G
I	4414201	C	*/-T	3	4	57.14%	2	2	29	33	0.98	1	1	1	2	1	3	-T
I	4431856	G	+A/+A	0	24	100%	0	2	0	50	0.98	0	1	0	0	10	14	+A
I	4431868	C	+A/+A	0	24	100%	0	2	0	48	0.98	0	1	0	0	10	14	+A
I	4442621	A	*/-AT	35	2	5.13%	2	2	49	55	0.98	1	1	22	13	1	1	-AT
I	4455149	G	+A/+A	0	4	100%	0	2	0	40	0.98	0	1	0	0	3	1	+A
I	4479008	A	*/+G	36	2	5.26%	2	1	47	37	0.98	1	1	14	22	0	2	+G
I	4507370	C	*/+A	15	2	11.76%	2	1	44	55	0.98	1	1	8	7	0	2	+A
I	4514478	T	*/-A	8	2	12.5%	2	1	35	49	0.98	1	1	4	4	2	0	-A
I	4514478	T	*/-AA	8	4	25%	2	2	35	43	0.98	1	1	4	4	1	3	-AA
I	4648159	T	*/-G	5	9	56.25%	2	2	44	41	0.98	1	1	3	2	6	3	-G
I	4648159	T	*/-GG	5	2	12.5%	2	1	44	25	0.98	1	1	3	2	0	2	-G
I	4721875	G	+A/+A	1	8	88.89%	1	2	37	50	0.98	1	1	1	0	5	3	+A
I	4764253	G	*/+A	9	12	54.55%	2	2	43	48	0.98	1	1	5	4	6	6	+A
I	4781861	G	*/-T	12	2	14.29%	2	2	49	37	0.98	1	1	6	6	1	1	-T
I	4869203	C	*/+A	13	2	13.33%	2	2	49	55	0.98	1	1	5	8	1	1	+A
I	4916623	C	*/-A	5	2	22.22%	2	1	37	37	0.98	1	1	2	3	0	2	-A
I	4926046	C	*/+T	3	5	45.45%	1	2	34	44	0.98	1	1	3	0	4	1	+T
I	4984784	A	*/+T	8	2	18.18%	2	1	40	37	0.98	1	1	7	1	2	0	+T
I	5002717	C	*/+A	11	2	14.29%	2	2	47	31	0.98	1	1	9	2	1	1	+A
I	5020852	A	*/+TT	22	2	8.33%	2	2	44	37	0.98	1	1	10	12	1	1	+TT
I	5060109	A	*/-T	7	2	22.22%	2	1	51	49	0.98	1	1	3	4	2	0	-T
I	5115823	T	*/-G	25	2	7.41%	2	2	46	37	0.98	1	1	14	11	1	1	-G
I	5137248	G	*/-A	9	2	18.18%	2	1	56	37	0.98	1	1	4	5	0	2	-A
I	5142627	A	+G/+G	0	12	92.31%	0	2	0	43	0.98	0	1	0	0	3	9	+G
I	5148414	T	-A/-A	3	33	91.67%	2	2	61	51	0.98	1	1	2	1	16	17	-A
I	5155608	C	*/-A	3	2	33.33%	2	2	33	37	0.98	1	1	1	2	1	1	-A
I	5173087	C	+T/+T	3	13	81.25%	2	2	37	45	0.98	1	1	2	1	6	7	+T
I	5173430	G	*/+T	6	15	62.5%	1	2	43	47	0.98	1	1	6	0	10	5	+T
I	5173430	G	*/+TT	6	2	8.33%	1	2	43	61	0.98	1	1	6	0	1	1	+T
I	5176926	T	+A/+A	0	3	75%	0	2	0	53	0.98	0	1	0	0	2	1	+A
I	5181832	G	*/+T	5	2	28.57%	2	1	59	25	0.98	1	1	2	3	2	0	+T
I	5265702	C	-A/-A	0	12	100%	0	2	0	42	0.98	0	1	0	0	9	3	-A
I	5266596	A	*/-T	18	5	21.74%	2	2	41	49	0.98	1	1	14	4	3	2	-T
I	5299618	C	*/-A	15	2	11.76%	2	2	37	37	0.98	1	1	10	5	1	1	-A
I	5363995	C	*/-A	15	4	19.05%	2	2	57	58	0.98	1	1	4	11	1	3	-A
I	5363995	C	*/+A	15	2	9.52%	2	2	57	74	0.98	1	1	4	11	1	1	-A
I	5368262	T	-C/-C	3	33	91.67%	2	2	49	48	0.98	1	1	2	1	15	18	-C
I	5368273	G	+T/+T	1	39	97.5%	1	2	37	47	0.98	1	1	1	0	16	23	+T
I	5426622	C	+T/+T	2	18	85.71%	2	2	37	44	0.98	1	1	1	1	12	6	+T
I	5509333	T	*/-A	18	2	10%	2	1	46	55	0.98	1	1	9	9	0	2	-A
I	5547223	T	*/-A	2	2	50%	1	1	37	37	0.98	1	1	2	0	2	0	-A
I	5567937	C	*/-A	22	2	7.69%	2	1	35	37	0.98	1	1	15	7	2	0	-A
I	5567937	C	*/+A	22	2	7.69%	2	2	35	31	0.98	1	1	15	7	1	1	-A
I	5572022	A	*/-T	27	2	6.9%	2	1	47	37	0.98	1	1	9	18	0	2	-T
I	5574071	G	*/-AT	37	2	5.13%	2	1	48	37	0.98	1	1	21	16	0	2	-AT
I	5576850	T	*/-AA	3	4	50%	2	2	36	37	0.98	1	1	2	1	1	3	-AA
II	5109	A	*/+C	55	3	5.17%	2	2	42	61	0.98	1	1	15	40	2	1	+C
II	15830	T	*/-A	7	2	22.22%	2	1	40	37	0.98	1	1	5	2	2	0	-A
II	31617	A	*/-T	4	2	33.33%	2	1	46	37	0.98	1	1	1	3	2	0	-T
II	46913	T	*/-A	13	3	18.75%	2	1	36	29	0.98	1	1	10	3	3	0	-A
II	113240	T	+A/+A	1	5	83.33%	1	2	74	36	0.98	1	1	1	0	4	1	+A
II	128001	T	-A/-A	0	17	100%	0	2	0	47	0.98	0	1	0	0	5	12	-A
II	146079	T	-C/-C	1	10	90.91%	1	2	37	45	0.98	1	1	1	0	7	3	-C
II	229897	A	*/-T	20	4	13.33%	2	2	38	43	0.98	1	1	16	4	3	1	-T
II	229897	A	*/-TT	20	3	10%	2	1	38	33	0.98	1	1	16	4	3	0	-T
II	229897	A	*/+T	20	3	10%	2	2	38	37	0.98	1	1	16	4	2	1	-T
II	257643	C	*/+T	17	2	10.53%	2	1	44	42	0.98	1	1	9	8	2	0	+T
II	320661	G	*/-A	15	2	11.76%	2	2	47	31	0.98	1	1	10	5	1	1	-A
II	484534	A	+T/+T	1	4	80%	1	1	74	34	0.98	1	1	0	1	0	4	+T
II	516071	T	*/-A	10	4	25%	2	2	46	46	0.98	1	1	4	6	3	1	-A
II	521731	G	*/-T	12	4	23.53%	2	2	53	67	0.98	1	1	7	5	3	1	-T
II	561064	T	*/-A	5	2	28.57%	1	1	51	37	0.98	1	1	0	5	0	2	-A
II	603279	A	-T/-T	0	16	100%	0	2	0	41	0.98	0	1	0	0	10	6	-T
II	603305	A	-C/-C	0	17	100%	0	2	0	45	0.98	0	1	0	0	7	10	-C
II	662406	A	*/-T	33	2	5.71%	2	2	51	55	0.98	1	1	23	10	1	1	-T
II	673086	G	*/-A	3	3	25%	1	1	37	37	0.98	1	1	3	0	3	0	-A
II	673086	G	*/+A	3	5	41.67%	1	1	37	37	0.98	1	1	3	0	5	0	+A
II	677175	G	*/-TA	13	5	27.78%	2	2	49	44	0.98	1	1	7	6	3	2	-TA
II	700009	T	-A/-A	1	6	85.71%	1	2	74	45	0.98	1	1	1	0	3	3	-A
II	716295	G	*/-T	9	4	25%	2	2	37	40	0.98	1	1	3	6	2	2	-T
II	716295	G	*/-TT	9	3	18.75%	2	1	37	37	0.98	1	1	3	6	3	0	-T
II	753854	A	*/-T	7	4	30.77%	2	2	40	37	0.98	1	1	6	1	2	2	-T
II	756993	C	*/-T	10	3	21.43%	2	1	44	53	0.98	1	1	8	2	0	3	-T
II	792174	T	*/-A	11	2	14.29%	2	2	38	55	0.98	1	1	5	6	1	1	-A
II	888599	A	-C/-C	0	15	100%	0	2	0	58	0.98	0	1	0	0	9	6	-C
II	903106	G	+T/+T	0	19	100%	0	2	0	46	0.98	0	1	0	0	4	15	+T
II	965517	C	*/-T	8	2	20%	2	1	46	43	0.98	1	1	5	3	2	0	-T
II	966138	C	*/+A	3	11	73.33%	2	2	45	44	0.98	1	1	1	2	1	10	+A
II	1019510	T	*/-A	4	4	30.77%	1	2	34	46	0.98	1	1	4	0	3	1	-A
II	1019510	T	*/-AA	4	2	15.38%	1	2	34	55	0.98	1	1	4	0	1	1	-A
II	1019510	T	*/-AAA	4	2	15.38%	1	2	34	37	0.98	1	1	4	0	1	1	-A
II	1046425	T	+A/+A	1	13	92.86%	1	2	37	37	0.98	1	1	0	1	4	9	+A
II	1059118	T	*/-A	11	5	29.41%	2	2	52	44	0.98	1	1	5	6	4	1	-A
II	1069791	C	*/+A	13	3	17.65%	2	1	48	45	0.98	1	1	10	3	3	0	+A
II	1078264	T	*/-A	20	2	8%	2	2	40	55	0.98	1	1	12	8	1	1	-A
II	1078264	T	*/+A	20	3	12%	2	2	40	53	0.98	1	1	12	8	1	2	+A
II	1079843	T	+A/+A	3	11	78.57%	2	2	37	42	0.98	1	1	2	1	6	5	+A
II	1105380	C	*/+T	25	2	7.41%	2	1	40	49	0.98	1	1	20	5	2	0	+T
II	1141304	C	*/-A	11	2	15.38%	2	2	44	55	0.98	1	1	7	4	1	1	-A
II	1163154	A	-T/-T	0	8	100%	0	2	0	40	0.98	0	1	0	0	3	5	-T
II	1187785	G	*/-T	16	3	15.79%	2	2	40	45	0.98	1	1	5	11	1	2	-T
II	1243365	G	*/-T	11	3	20%	2	2	44	53	0.98	1	1	5	6	1	2	-T
II	1266955	G	*/-GA	38	3	7.32%	2	2	54	70	0.98	1	1	18	20	2	1	-GA
II	1277481	G	*/+TT	2	2	33.33%	1	1	37	37	0.98	1	1	2	0	2	0	+TT
II	1288216	A	*/+T	15	3	16.67%	2	1	48	45	0.98	1	1	10	5	0	3	+T
II	1308618	G	-T/-T	2	25	92.59%	1	2	55	47	0.98	1	1	2	0	15	10	-T
II	1365999	G	*/-T	15	7	29.17%	2	2	44	58	0.98	1	1	6	9	2	5	-T
II	1365999	G	*/-TT	15	2	8.33%	2	2	44	74	0.98	1	1	6	9	1	1	-T
II	1389139	C	*/+T	3	2	28.57%	1	2	45	68	0.98	1	1	3	0	1	1	+T
II	1416243	C	+AA/+AA	2	12	85.71%	2	2	49	50	0.98	1	1	1	1	6	6	+AA
II	1477843	C	+AA/+AA	0	18	100%	0	2	0	54	0.98	0	1	0	0	6	12	+AA
II	1545027	C	*/-A	8	2	18.18%	2	1	36	37	0.98	1	1	4	4	2	0	-A
II	1571445	G	*/-TA	22	2	8.33%	2	2	45	49	0.98	1	1	10	12	1	1	-TA
II	1588936	G	*/+AA	1	2	50%	1	1	37	33	0.98	1	1	1	0	2	0	+AA
II	1606686	A	*/+TGGAAGTGGTAAG	74	6	7.5%	2	2	45	47	0.98	1	1	34	40	3	3	+TGGAAGTGGTAAG
II	1622821	A	*/-T	7	3	30%	2	2	42	61	0.98	1	1	2	5	2	1	-T
II	1627981	C	*/-T	9	3	25%	2	1	46	49	0.98	1	1	6	3	0	3	-T
II	1630033	T	*/-A	31	2	6.06%	2	1	45	55	0.98	1	1	12	19	2	0	-A
II	1637375	T	*/+C	40	4	9.09%	2	2	50	71	0.98	1	1	15	25	2	2	+C
II	1645549	C	*/+A	31	3	8.82%	2	1	43	53	0.98	1	1	24	7	0	3	+A
II	1705527	G	+A/+A	0	9	100%	0	2	0	45	0.98	0	1	0	0	6	3	+A
II	1716256	G	*/+T	8	4	28.57%	2	1	42	34	0.98	1	1	7	1	4	0	+T
II	1716287	T	*/-G	9	3	25%	2	1	56	37	0.98	1	1	6	3	0	3	-G
II	1748646	G	*/-AA	6	2	18.18%	1	2	33	55	0.98	1	1	6	0	1	1	-AA
II	1748646	G	*/-AAA	6	2	18.18%	1	2	33	74	0.98	1	1	6	0	1	1	-AA
II	1763419	T	*/-A	7	2	20%	2	1	35	36	0.98	1	1	4	3	0	2	-A
II	1818108	C	*/-T	9	4	26.67%	2	2	35	40	0.98	1	1	6	3	2	2	-T
II	1861420	T	-G/-G	0	21	100%	0	2	0	42	0.98	0	1	0	0	10	11	-G
II	1867795	A	+T/+T	0	4	100%	0	2	0	36	0.98	0	1	0	0	1	3	+T
II	1868122	G	*/-T	7	2	15.38%	2	2	42	74	0.98	1	1	6	1	1	1	-T
II	1868122	G	*/+T	7	3	23.08%	2	1	42	37	0.98	1	1	6	1	3	0	+T
II	1873779	T	*/+A	3	7	70%	1	2	37	45	0.98	1	1	0	3	2	5	+A
II	1877294	A	+T/+T	1	13	92.86%	1	2	37	42	0.98	1	1	0	1	8	5	+T
II	1941966	A	+T/+T	0	26	100%	0	2	0	46	0.98	0	1	0	0	15	11	+T
II	1941982	A	+T/+T	1	24	96%	1	2	37	48	0.98	1	1	1	0	14	10	+T
II	1948953	G	-A/-A	0	18	100%	0	2	0	43	0.98	0	1	0	0	8	10	-A
II	1950050	A	+G/+G	1	17	94.44%	1	2	74	44	0.98	1	1	1	0	7	10	+G
II	1952046	T	*/+TATTG	10	11	50%	2	2	38	50	0.98	1	1	2	8	6	5	+TATTG
II	1953298	C	*/-CT	16	2	10.53%	2	1	42	49	0.98	1	1	8	8	2	0	-CT
II	1953407	T	*/+C	2	2	40%	2	1	42	37	0.98	1	1	1	1	0	2	+C
II	1955495	T	+A/+A	2	9	81.82%	1	2	49	47	0.98	1	1	2	0	7	2	+A
II	1960392	A	+G/+G	2	6	75%	2	2	42	41	0.98	1	1	1	1	2	4	+G
II	1987101	C	-G/-G	1	27	96.43%	1	2	37	46	0.98	1	1	0	1	16	11	-G
II	1987117	T	-G/-G	0	26	100%	0	2	0	47	0.98	0	1	0	0	15	11	-G
II	2022969	G	*/-A	1	2	66.67%	1	2	29	55	0.98	1	1	1	0	1	1	-A
II	2049891	A	-T/-T	1	19	95%	1	2	37	51	0.98	1	1	1	0	7	12	-T
II	2053516	G	+C/+C	0	16	100%	0	2	0	48	0.98	0	1	0	0	7	9	+C
II	2104600	G	*/+A	16	2	11.11%	2	1	47	49	0.98	1	1	10	6	2	0	+A
II	2108180	T	+A/+A	1	11	91.67%	1	2	37	49	0.98	1	1	0	1	5	6	+A
II	2147726	G	+T/+T	3	16	84.21%	1	2	37	42	0.98	1	1	0	3	9	7	+T
II	2186983	A	*/+T	16	2	10.53%	2	2	49	49	0.98	1	1	4	12	1	1	+T
II	2187407	G	+A/+A	0	12	100%	0	2	0	44	0.98	0	1	0	0	5	7	+A
II	2198945	G	*/-CA	20	2	8.7%	2	1	45	37	0.98	1	1	6	14	0	2	-CA
II	2199987	A	*/+TAACC	12	21	61.76%	2	2	49	45	0.98	1	1	4	8	3	18	+TAACC
II	2203175	T	*/-A	9	2	16.67%	2	1	45	55	0.98	1	1	7	2	2	0	-A
II	2219928	A	+T/+T	0	11	100%	0	2	0	43	0.98	0	1	0	0	5	6	+T
II	2265291	A	+T/+T	4	17	80.95%	2	2	52	45	0.98	1	1	2	2	10	7	+T
II	2293297	G	-A/-A	1	12	92.31%	1	2	37	46	0.98	1	1	1	0	9	3	-A
II	2318772	A	*/-T	3	2	33.33%	1	2	56	37	0.98	1	1	3	0	1	1	-T
II	2327057	G	*/-TA	32	4	11.11%	2	2	40	52	0.98	1	1	22	10	3	1	-TA
II	2373654	C	+T/+T	2	21	91.3%	1	2	37	49	0.98	1	1	0	2	8	13	+T
II	2443873	T	*/-AA	2	2	20%	1	2	42	55	0.98	1	1	2	0	1	1	-AA
II	2443873	T	*/+AA	2	4	40%	1	2	42	46	0.98	1	1	2	0	1	3	+AA
II	2523624	C	*/-A	7	3	21.43%	2	1	44	65	0.98	1	1	5	2	0	3	-A
II	2523624	C	*/+A	7	2	14.29%	2	1	44	61	0.98	1	1	5	2	2	0	-A
II	2591913	T	*/+A	6	4	20%	1	2	41	61	0.98	1	1	6	0	2	2	+A
II	2591913	T	*/+AA	6	10	50%	1	2	41	44	0.98	1	1	6	0	5	5	+AA
II	2592423	T	+A/+A	3	15	83.33%	1	2	37	50	0.98	1	1	3	0	7	8	+A
II	2630607	C	*/+A	2	4	57.14%	1	1	55	33	0.98	1	1	2	0	0	4	+A
II	2640785	T	*/+A	4	10	55.56%	2	2	43	43	0.98	1	1	2	2	5	5	+A
II	2640785	T	*/+AA	4	2	11.11%	2	2	43	37	0.98	1	1	2	2	1	1	+A
II	2647497	C	*/-T	9	2	15.38%	2	1	45	25	0.98	1	1	4	5	0	2	-T
II	2647497	C	*/-TT	9	2	15.38%	2	2	45	62	0.98	1	1	4	5	1	1	-T
II	2650243	G	*/-A	31	2	5.88%	2	1	44	74	0.98	1	1	10	21	0	2	-A
II	2665565	T	*/-A	18	2	10%	2	1	40	31	0.98	1	1	14	4	2	0	-A
II	2709414	G	+C/+C	0	26	100%	0	2	0	44	0.98	0	1	0	0	13	13	+C
II	2755338	C	*/-AT	8	6	40%	2	2	44	39	0.98	1	1	2	6	2	4	-AT
II	2788933	C	+G/+G	0	24	100%	0	2	0	48	0.98	0	1	0	0	15	9	+G
II	2798040	C	-T/-T	1	16	94.12%	1	2	37	47	0.98	1	1	1	0	6	10	-T
II	2798514	A	-G/-G	1	17	94.44%	1	2	37	43	0.98	1	1	1	0	3	14	-G
II	2799887	C	*/+T	11	3	20%	2	2	45	29	0.98	1	1	3	8	2	1	+T
II	2811495	C	-A/-A	0	11	100%	0	2	0	40	0.98	0	1	0	0	6	5	-A
II	2826100	G	*/-AA	10	2	15.38%	2	2	37	61	0.98	1	1	6	4	1	1	-AA
II	2873779	T	*/+A	6	9	56.25%	1	2	37	46	0.98	1	1	6	0	4	5	+A
II	2894538	T	*/-A	9	2	18.18%	2	1	48	31	0.98	1	1	4	5	2	0	-A
II	2918170	G	*/+A	24	3	11.11%	2	1	44	37	0.98	1	1	9	15	0	3	+A
II	2938956	C	*/+T	5	12	70.59%	1	2	44	48	0.98	1	1	5	0	6	6	+T
II	2965030	T	+A/+A	1	11	84.62%	1	2	74	43	0.98	1	1	1	0	9	2	+A
II	2966290	C	*/+T	4	8	66.67%	1	2	52	35	0.98	1	1	0	4	2	6	+T
II	2988149	G	*/-T	10	2	16.67%	2	2	50	42	0.98	1	1	6	4	1	1	-T
II	3040332	C	+G/+G	0	18	100%	0	2	0	47	0.98	0	1	0	0	10	8	+G
II	3253453	C	*/+T	4	4	44.44%	2	2	37	33	0.98	1	1	3	1	3	1	+T
II	3282373	T	*/-A	16	5	22.73%	2	2	39	34	0.98	1	1	13	3	4	1	-A
II	3329982	G	*/-T	8	2	20%	2	2	46	31	0.98	1	1	3	5	1	1	-T
II	3487895	G	*/+TATTT	6	13	61.9%	1	2	41	40	0.98	1	1	6	0	7	6	+TATTT
II	3509251	T	*/-A	10	3	20%	2	2	55	37	0.98	1	1	7	3	1	2	-A
II	3509251	T	*/+A	10	2	13.33%	2	1	55	55	0.98	1	1	7	3	2	0	-A
II	3512925	C	*/+T	13	2	12.5%	2	1	36	28	0.98	1	1	10	3	2	0	+T
II	3513854	C	*/+T	17	2	10.53%	2	2	43	62	0.98	1	1	8	9	1	1	+T
II	3514786	C	*/-T	20	2	8.33%	2	1	43	37	0.98	1	1	9	11	2	0	-T
II	3514786	C	*/+T	20	2	8.33%	2	2	43	37	0.98	1	1	9	11	1	1	-T
II	3532147	G	*/-A	6	2	25%	2	1	36	37	0.98	1	1	5	1	2	0	-A
II	3540057	A	*/-T	17	3	15%	2	2	40	61	0.98	1	1	15	2	2	1	-T
II	3580711	C	*/-A	16	4	20%	2	2	43	34	0.98	1	1	10	6	2	2	-A
II	3605463	G	*/+T	6	2	22.22%	2	2	46	37	0.98	1	1	2	4	1	1	+T
II	3619003	A	+G/+G	1	21	95.45%	1	2	74	43	0.98	1	1	0	1	12	9	+G
II	3715149	G	*/-A	6	2	25%	1	2	37	61	0.98	1	1	6	0	1	1	-A
II	3777548	C	*/-TTT	7	2	22.22%	2	1	33	42	0.98	1	1	5	2	2	0	-TTT
II	3799350	G	*/+A	2	2	40%	2	1	27	31	0.98	1	1	1	1	0	2	+A
II	3799420	G	*/-A	6	2	22.22%	2	2	37	43	0.98	1	1	4	2	1	1	-A
II	3815025	C	*/-T	3	3	50%	2	2	29	45	0.98	1	1	2	1	1	2	-T
II	3838101	C	-A/-A	2	7	77.78%	2	2	55	51	0.98	1	1	1	1	6	1	-A
II	3838912	T	*/-A	4	2	28.57%	1	1	31	37	0.98	1	1	4	0	0	2	-A
II	3860185	C	*/-TAGTA	19	14	38.89%	2	2	44	36	0.98	1	1	3	16	12	2	-TAGTA
II	3869342	A	*/-AT	22	3	12%	2	1	44	65	0.98	1	1	8	14	0	3	-AT
II	3904627	A	*/-G	23	2	8%	2	1	48	31	0.98	1	1	9	14	0	2	-G
II	3954039	C	*/-T	13	3	15.79%	2	2	41	33	0.98	1	1	8	5	2	1	-T
II	3954039	C	*/+T	13	2	10.53%	2	1	41	42	0.98	1	1	8	5	2	0	-T
II	3975235	C	*/-A	9	5	31.25%	2	2	40	48	0.98	1	1	7	2	3	2	-A
II	3983331	G	*/+TA	18	19	51.35%	2	2	48	41	0.98	1	1	5	13	5	14	+TA
II	4006982	C	*/-A	3	2	25%	1	2	29	74	0.98	1	1	3	0	1	1	-A
II	4006982	C	*/+A	3	2	25%	1	2	29	31	0.98	1	1	3	0	1	1	-A
II	4031460	A	*/+T	5	2	25%	2	1	39	55	0.98	1	1	2	3	0	2	+T
II	4037197	A	*/+TG	34	3	7.32%	2	1	47	37	0.98	1	1	14	20	3	0	+TG
II	4108814	G	*/-TA	36	2	5.26%	2	1	41	55	0.98	1	1	15	21	2	0	-TA
II	4177822	G	-T/-T	2	6	75%	1	2	37	47	0.98	1	1	2	0	4	2	-T
II	4249637	A	*/-AT	32	2	5.88%	2	1	53	49	0.98	1	1	14	18	2	0	-AT
II	4254960	G	-A/-A	1	10	90.91%	1	2	37	46	0.98	1	1	0	1	6	4	-A
II	4264124	C	*/+TGA	31	2	6.06%	2	2	46	37	0.98	1	1	19	12	1	1	+TGA
II	4308414	C	*/+A	7	11	57.89%	2	2	41	40	0.98	1	1	6	1	8	3	+A
II	4343817	T	*/-A	7	3	30%	2	2	45	33	0.98	1	1	4	3	2	1	-A
II	4419921	T	*/+A	1	7	63.64%	1	2	25	53	0.98	1	1	1	0	3	4	+A
II	4452613	A	*/-T	23	2	8%	2	2	50	74	0.98	1	1	10	13	1	1	-T
II	4475221	G	*/-T	17	3	15%	2	1	45	49	0.98	1	1	12	5	3	0	-T
II	4507813	A	*/+G	44	5	10.2%	2	2	49	49	0.98	1	1	33	11	4	1	+G
II	4515621	C	*/+A	3	2	33.33%	2	2	34	25	0.98	1	1	2	1	1	1	+A
II	4515853	T	*/-TCATTAA	8	3	27.27%	2	2	41	49	0.98	1	1	5	3	2	1	-TCATTAA
II	4516248	T	*/-TCTATCTGTTTC	26	4	13.33%	2	2	43	55	0.98	1	1	21	5	2	2	-TCTATCTGTTTC
II	4517047	T	*/+TACTCATC	39	10	19.23%	2	2	49	50	0.98	1	1	24	15	6	4	+TACTCATC
II	4518476	T	*/-C	37	5	11.9%	2	2	45	44	0.98	1	1	21	16	3	2	-C
II	4518623	T	*/-GTGC	37	2	5.13%	2	1	47	55	0.98	1	1	12	25	2	0	-GTGC
II	4521677	T	*/-AA	4	6	54.55%	2	2	28	41	0.98	1	1	2	2	2	4	-AA
II	4525340	G	*/+T	34	3	7.89%	2	1	39	53	0.98	1	1	23	11	0	3	+T
II	4526174	A	*/-T	10	3	23.08%	2	2	49	37	0.98	1	1	3	7	1	2	-T
II	4527116	G	*/+CCAGTGAGGCTA	28	2	6.67%	2	2	47	74	0.98	1	1	17	11	1	1	+CCAGTGAGGCTA
II	4528465	C	*/+GACAAT	40	7	14.89%	2	2	44	51	0.98	1	1	14	26	2	5	+GACAAT
II	4529375	T	*/+ACAACGACAACGACAACG	40	6	11.11%	2	2	50	47	0.98	1	1	24	16	1	5	+ACAACGACAACGACAACG
II	4529375	T	*/+ACAACGACAACGACAACGACAACG	40	3	5.56%	2	2	50	37	0.98	1	1	24	16	2	1	+ACAACGACAACGACAACG
II	4532048	G	*/-TTGGTA	67	9	11.39%	2	2	45	43	0.98	1	1	30	37	7	2	-TTGGTA
II	4533588	C	*/-T	47	25	34.72%	2	2	43	47	0.98	1	1	29	18	15	10	-T
II	4534880	A	*/-T	79	22	21.78%	2	2	43	44	0.98	1	1	31	48	13	9	-T
II	4535321	G	*/-GATAT	162	14	7.95%	2	2	44	44	0.98	1	1	82	80	7	7	-GATAT
II	4535523	T	*/+GTTACG	157	30	15.96%	2	2	46	48	0.98	1	1	48	109	8	22	+GTTACG
II	4535548	A	*/-TATGTG	137	23	13.45%	2	2	44	44	0.98	1	1	51	86	10	13	-TATGTG
II	4535548	A	*/+TATGTG	137	10	5.85%	2	2	44	49	0.98	1	1	51	86	6	4	-TATGTG
II	4535645	G	*/-T	96	32	24.81%	2	2	51	45	0.98	1	1	59	37	20	12	-T
II	4535727	A	*/-G	97	13	11.82%	2	2	46	45	0.98	1	1	43	54	7	6	-G
II	4536089	C	*/+AAAAGAAAAGTAAATT	30	3	9.09%	2	2	41	37	0.98	1	1	19	11	2	1	+AAAAGAAAAGTAAATT
II	4536728	A	*/+GAGAGTAGG	149	11	6.55%	2	2	50	46	0.98	1	1	67	82	6	5	+GAGAGTAGG
II	4537213	G	*/+T	87	115	56.93%	2	2	53	51	0.98	1	1	60	27	65	50	+T
II	4537387	A	*/-AATAAGAG	74	87	54.04%	2	2	47	47	0.98	1	1	44	30	63	24	-AATAAGAG
II	4537655	A	*/+AAATG	57	7	10.61%	2	2	47	45	0.98	1	1	34	23	1	6	+AAATG
II	4537665	G	*/+AAATA	60	6	8.7%	2	2	45	39	0.98	1	1	33	27	3	3	+AAATA
II	4537712	T	*/-AAATAAAATTAATG	40	4	9.09%	2	2	39	37	0.98	1	1	12	28	1	3	-AAATAAAATTAATG
II	4539524	G	*/+AAATA	33	6	11.11%	2	2	49	49	0.98	1	1	17	16	2	4	A
III	1558	G	*/-A	28	44	52.38%	2	2	43	41	0.98	1	1	11	17	24	20	-A
III	1558	G	*/+A	28	6	7.14%	2	2	43	41	0.98	1	1	11	17	3	3	-A
III	4729	A	*/-T	380	106	19.27%	2	2	45	49	0.98	1	1	252	128	50	56	-T
III	4729	A	*/+T	380	40	7.27%	2	2	45	42	0.98	1	1	252	128	16	24	-T
III	4952	C	*/+T	332	42	11.14%	2	2	41	51	0.98	1	1	210	122	14	28	+T
III	5403	C	*/-T	331	106	21.5%	2	2	42	43	0.98	1	1	232	99	61	45	-T
III	5403	C	*/-TT	331	28	5.68%	2	2	42	42	0.98	1	1	232	99	15	13	-T
III	9768	T	*/+A	151	13	7.88%	2	2	46	48	0.98	1	1	48	103	3	10	+A
III	9812	T	*/+A	124	16	11.35%	2	1	45	40	0.98	1	1	34	90	0	16	+A
III	12428	G	*/-A	28	49	53.85%	2	2	41	40	0.98	1	1	15	13	19	30	-A
III	12428	G	*/+A	28	7	7.69%	2	2	41	38	0.98	1	1	15	13	4	3	-A
III	15599	A	*/-T	365	106	20.11%	2	2	46	47	0.98	1	1	236	129	41	65	-T
III	15599	A	*/+T	365	35	6.64%	2	2	46	44	0.98	1	1	236	129	13	22	-T
III	15822	C	*/+T	335	60	15%	2	2	41	46	0.98	1	1	209	126	17	43	+T
III	16273	C	*/-T	325	104	21.49%	2	2	42	42	0.98	1	1	226	99	65	39	-T
III	16273	C	*/-TT	325	26	5.37%	2	2	42	43	0.98	1	1	226	99	13	13	-T
III	20638	T	*/+A	144	9	5.84%	2	2	46	45	0.98	1	1	60	84	3	6	+A
III	20682	T	*/+A	135	17	11.11%	2	1	44	42	0.98	1	1	35	100	0	17	+A
III	23298	G	*/-A	27	42	53.85%	2	2	45	40	0.98	1	1	17	10	13	29	-A
III	23298	G	*/-AA	27	5	6.41%	2	2	45	49	0.98	1	1	17	10	1	4	-A
III	59772	C	*/-A	19	2	9.52%	2	2	43	37	0.98	1	1	10	9	1	1	-A
III	63397	G	*/+T	22	2	8%	2	1	53	31	0.98	1	1	13	9	0	2	+T
III	69589	T	*/-A	14	3	17.65%	2	1	41	57	0.98	1	1	4	10	3	0	-A
III	123319	T	*/-A	7	3	25%	2	2	45	49	0.98	1	1	4	3	1	2	-A
III	207168	T	*/-A	7	3	30%	1	1	42	36	0.98	1	1	7	0	3	0	-A
III	211803	C	*/-T	10	2	16.67%	2	2	43	55	0.98	1	1	6	4	1	1	-T
III	230098	T	+A/+A	0	20	95.24%	0	2	0	53	0.98	0	1	0	0	10	10	+A
III	231502	G	*/-A	15	2	11.76%	2	2	48	25	0.98	1	1	9	6	1	1	-A
III	232115	A	*/+T	6	2	25%	2	2	51	42	0.98	1	1	3	3	1	1	+T
III	286478	C	-TT/-TT	2	6	75%	2	2	31	37	0.98	1	1	1	1	5	1	-TT
III	286594	T	*/+A	2	6	60%	2	2	37	34	0.98	1	1	1	1	4	2	+A
III	293096	G	*/+T	14	4	20%	2	1	37	37	0.98	1	1	8	6	4	0	+T
III	348685	G	*/-AT	39	5	11.36%	2	2	47	37	0.98	1	1	23	16	3	2	-AT
III	365747	C	-A/-A	2	15	88.24%	1	2	31	48	0.98	1	1	2	0	12	3	-A
III	467904	C	*/-A	19	2	9.52%	2	1	46	49	0.98	1	1	8	11	0	2	-A
III	563214	T	+A/+A	1	14	87.5%	1	2	37	36	0.98	1	1	0	1	11	3	+A
III	568658	C	*/-T	13	3	18.75%	2	2	47	36	0.98	1	1	5	8	1	2	-T
III	717677	A	*/-T	3	6	50%	2	2	37	41	0.98	1	1	1	2	1	5	-T
III	717677	A	*/-TT	3	2	16.67%	2	2	37	31	0.98	1	1	1	2	1	1	-T
III	719955	A	-C/-C	1	5	83.33%	1	2	37	42	0.98	1	1	0	1	3	2	-C
III	720559	C	*/-T	5	3	37.5%	2	2	42	28	0.98	1	1	4	1	1	2	-T
III	720683	A	+T/+T	0	7	100%	0	2	0	47	0.98	0	1	0	0	3	4	+T
III	867865	C	-T/-T	0	8	100%	0	1	0	40	0.98	0	1	0	0	0	8	-T
III	881999	A	*/-T	11	2	15.38%	2	2	49	49	0.98	1	1	2	9	1	1	-T
III	898665	T	*/-A	17	2	9.52%	2	1	45	55	0.98	1	1	6	11	2	0	-A
III	958241	C	*/-T	7	3	23.08%	1	2	40	39	0.98	1	1	7	0	2	1	-T
III	966124	G	*/-T	7	3	23.08%	1	2	33	40	0.98	1	1	7	0	2	1	-T
III	966124	G	*/-TT	7	2	15.38%	1	1	33	42	0.98	1	1	7	0	2	0	-T
III	969023	G	*/+T	18	2	9.52%	2	1	49	55	0.98	1	1	15	3	2	0	+T
III	970548	C	*/+T	2	2	40%	1	2	55	43	0.98	1	1	2	0	1	1	+T
III	970892	C	*/-T	8	3	27.27%	2	2	43	45	0.98	1	1	4	4	2	1	-T
III	996949	A	*/-T	13	2	13.33%	2	1	43	37	0.98	1	1	6	7	2	0	-T
III	1016311	G	+C/+C	0	31	100%	0	2	0	44	0.98	0	1	0	0	14	17	+C
III	1068111	G	-T/-T	1	19	95%	1	2	37	46	0.98	1	1	1	0	8	11	-T
III	1073505	T	*/+ATATAGAG	75	21	20.79%	2	2	50	41	0.98	1	1	47	28	16	5	+ATATAGAG
III	1075530	A	*/+TGGAAGTGGTAAG	91	5	5.21%	2	2	46	51	0.98	1	1	38	53	2	3	+TGGAAGTGGTAAG
III	1079346	A	*/+G	80	6	6.98%	2	2	43	45	0.98	1	1	55	25	4	2	+G
III	1080146	T	*/+ATATAGAG	170	21	10.88%	2	2	46	47	0.98	1	1	69	101	6	15	+ATATAGAG
III	1084026	A	*/+AGTGGTGATGGTT	35	4	10%	2	2	44	46	0.98	1	1	13	22	1	3	+AGTGGTGATGGTT
III	1088779	T	*/+ATATAGAG	106	7	5.93%	2	2	44	52	0.98	1	1	27	79	4	3	+ATATAGAG
III	1089402	G	*/-ATATGAACATGA	25	4	13.79%	2	2	43	46	0.98	1	1	10	15	3	1	-ATATGAACATGA
III	1095550	G	*/-T	14	6	27.27%	2	2	43	49	0.98	1	1	9	5	5	1	-T
III	1095550	G	*/+T	14	2	9.09%	2	1	43	43	0.98	1	1	9	5	0	2	-T
III	1103423	T	*/-A	13	6	28.57%	2	2	43	40	0.98	1	1	10	3	2	4	-A
III	1103423	T	*/-AA	13	2	9.52%	2	2	43	42	0.98	1	1	10	3	1	1	-A
III	1109501	C	*/-CATATTCATGTT	22	3	12%	2	2	53	37	0.98	1	1	12	10	1	2	-CATATTCATGTT
III	1110132	C	*/+TCTCTATA	46	5	9.26%	2	2	49	59	0.98	1	1	25	21	2	3	+TCTCTATA
III	1110963	T	*/+C	55	6	9.84%	2	2	45	57	0.98	1	1	25	30	4	2	+C
III	1117723	T	*/+C	51	5	8.93%	2	1	51	51	0.98	1	1	23	28	5	0	+C
III	1121674	T	*/+ACCACTAACCATC	33	2	5.71%	2	1	47	37	0.98	1	1	18	15	2	0	+ACCACTAACCATC
III	1128434	T	*/+ACCACTAACCATC	49	4	7.55%	2	2	43	37	0.98	1	1	28	21	2	2	+ACCACTAACCATC
III	1130412	C	*/+TCTCTATA	34	2	5.56%	2	1	51	37	0.98	1	1	7	27	0	2	+TCTCTATA
III	1131243	T	*/+C	50	3	5.66%	2	1	42	49	0.98	1	1	26	24	3	0	+C
III	1135115	A	*/-C	19	3	13.64%	2	2	48	40	0.98	1	1	9	10	1	2	-C
III	1135194	T	*/+ACCACTAACCATC	41	6	12.77%	2	2	44	43	0.98	1	1	22	19	4	2	+ACCACTAACCATC
III	1168360	T	*/-G	7	4	36.36%	2	1	38	34	0.98	1	1	6	1	4	0	-G
III	1168362	G	*/+A	10	2	16.67%	1	1	40	37	0.98	1	1	10	0	2	0	+A
III	1421567	T	*/+G	2	2	33.33%	2	1	37	37	0.98	1	1	1	1	2	0	G
III	1471894	T	*/-G	12	2	14.29%	2	2	45	55	0.98	1	1	6	6	1	1	-G
III	1473677	C	*/-T	21	2	8.33%	2	2	46	36	0.98	1	1	15	6	1	1	-T
III	1501758	T	*/+A	15	3	16.67%	2	2	46	49	0.98	1	1	9	6	1	2	+A
III	1547169	C	*/-A	5	2	25%	2	1	41	42	0.98	1	1	3	2	0	2	-A
III	1575951	G	*/+T	5	4	44.44%	2	2	34	37	0.98	1	1	4	1	1	3	+T
III	1594933	T	*/-A	12	4	23.53%	2	2	45	46	0.98	1	1	7	5	2	2	-A
III	1674618	C	*/-T	6	2	22.22%	2	1	43	29	0.98	1	1	5	1	2	0	-T
III	1685487	G	+A/+A	0	14	100%	0	2	0	49	0.98	0	1	0	0	5	9	+A
III	1695103	C	+ATTT/+ATTT	1	15	93.75%	1	2	37	36	0.98	1	1	0	1	6	9	+ATTT
III	1712983	G	*/-A	7	6	40%	2	2	40	33	0.98	1	1	5	2	4	2	-A
III	1715328	C	*/-A	7	2	22.22%	2	2	54	49	0.98	1	1	2	5	1	1	-A
III	1753803	C	*/+T	16	3	15%	2	1	40	37	0.98	1	1	10	6	3	0	+T
III	1756400	T	-A/-A	0	37	100%	0	2	0	49	0.98	0	1	0	0	13	24	-A
III	1774235	T	+GATC/+GATC	2	10	76.92%	2	2	37	43	0.98	1	1	1	1	4	6	+GATC
III	1821911	C	*/-A	5	5	33.33%	1	1	49	37	0.98	1	1	5	0	5	0	-A
III	1821911	C	*/-AA	5	3	20%	1	2	49	40	0.98	1	1	5	0	1	2	-A
III	1896063	T	+A/+A	3	15	83.33%	2	2	40	44	0.98	1	1	1	2	6	9	+A
III	1985119	G	*/-T	10	2	15.38%	2	2	41	49	0.98	1	1	7	3	1	1	-T
III	2067838	T	*/-A	7	2	22.22%	1	1	35	37	0.98	1	1	7	0	2	0	-A
III	2069607	G	*/+T	17	2	10%	2	1	47	43	0.98	1	1	9	8	0	2	+T
III	2076412	G	*/-T	5	3	33.33%	2	1	37	37	0.98	1	1	3	2	3	0	-T
III	2076980	A	*/-T	6	2	20%	2	1	37	55	0.98	1	1	4	2	0	2	-T
III	2113205	C	*/-T	3	2	33.33%	2	2	49	49	0.98	1	1	2	1	1	1	-T
III	2178240	T	*/-A	13	2	12.5%	2	2	35	36	0.98	1	1	11	2	1	1	-A
III	2221410	T	*/+A	19	2	9.09%	2	2	47	37	0.98	1	1	12	7	1	1	+A
III	2257353	C	*/-A	13	2	13.33%	2	1	49	37	0.98	1	1	9	4	2	0	-A
III	2270459	C	*/-A	3	2	40%	2	2	37	31	0.98	1	1	1	2	1	1	-A
III	2284394	C	*/+T	4	9	69.23%	2	2	37	42	0.98	1	1	2	2	4	5	+T
III	2309611	T	*/-A	6	4	40%	2	2	51	37	0.98	1	1	3	3	1	3	-A
III	2310960	G	*/-A	9	3	25%	2	2	48	74	0.98	1	1	2	7	1	2	-A
III	2310968	A	*/+GGT	10	3	23.08%	2	2	46	70	0.98	1	1	2	8	1	2	+GGT
III	2373166	G	*/-A	19	2	9.09%	2	2	45	74	0.98	1	1	11	8	1	1	-A
III	2382018	A	*/-T	3	3	33.33%	1	2	33	40	0.98	1	1	3	0	2	1	-T
III	2382018	A	*/-TT	3	3	33.33%	1	2	33	40	0.98	1	1	3	0	1	2	-T
III	2420241	T	*/-A	3	4	57.14%	1	2	37	43	0.98	1	1	3	0	2	2	-A
III	2443562	A	*/+T	12	30	68.18%	2	2	39	37	0.98	1	1	7	5	1	29	+T
III	2447848	T	*/-A	551	198	21.31%	2	2	43	40	0.98	1	1	394	157	144	54	-A
III	2447848	T	*/-AA	551	79	8.5%	2	2	43	43	0.98	1	1	394	157	57	22	-A
III	2447848	T	*/+A	551	68	7.32%	2	2	43	43	0.98	1	1	394	157	49	19	-A
III	2448309	T	-AA/-AA	40	451	90.02%	2	2	44	42	0.98	1	1	34	6	179	272	-AA
III	2448518	T	*/-A	636	197	19.92%	2	2	45	45	0.98	1	1	452	184	133	64	-A
III	2448518	T	*/+A	636	78	7.89%	2	2	45	43	0.98	1	1	452	184	51	27	-A
