Chrom	Position	Ref	Cons	Reads1	Reads2	VarFreq	Strands1	Strands2	Qual1	Qual2	Pvalue	MapQual1	MapQual2	Reads1Plus	Reads1Minus	Reads2Plus	Reads2Minus	VarAllele
I	3160	A	*/+GTTGTCGTTGTCGTTGTC	316	97	19.09%	2	2	39	39	0.98	1	1	159	157	59	38	+GTTGTCGTTGTCGTTGTC
I	3160	A	*/+GTTGTCGTTGTCGTTGTCGTTGTC	316	93	18.31%	2	2	39	40	0.98	1	1	159	157	61	32	+GTTGTCGTTGTCGTTGTC
I	4047	C	*/-TGTCTCTGTCAT	495	50	9.17%	2	2	40	39	0.98	1	1	290	205	29	21	-TGTCTCTGTCAT
I	4053	C	*/+TGTCAT	382	89	18.54%	2	2	39	39	0.98	1	1	224	158	56	33	+TGTCAT
I	6357	T	*/-AA	315	104	24.24%	2	2	37	37	0.98	1	1	175	140	59	45	-AA
I	7192	C	*/+A	234	107	30.66%	2	2	39	36	0.98	1	1	140	94	62	45	+A
I	10859	G	*/-TT	177	110	37.54%	2	2	38	38	0.98	1	1	104	73	67	43	-TT
I	11051	T	*/+A	276	92	24.93%	2	2	39	39	0.98	1	1	150	126	56	36	+A
I	19694	T	*/+A	97	67	40.61%	2	2	38	40	0.98	1	1	37	60	64	3	+A
I	20545	C	*/+TTTTTTT	65	26	27.96%	2	2	39	35	0.98	1	1	42	23	7	19	+TTTTTTT
I	27402	A	*/+C	30	22	35.48%	2	2	37	36	0.98	1	1	5	25	1	21	+C
I	27402	A	*/+CC	30	6	9.68%	2	1	37	37	0.98	1	1	5	25	0	6	+C
I	43335	G	*/+A	37	24	36.92%	2	2	39	40	0.98	1	1	27	10	13	11	+A
I	101871	A	+G/+G	6	194	96.52%	2	2	46	40	0.98	1	1	4	2	108	86	+G
I	125091	A	*/+TT	213	15	6.55%	2	2	39	38	0.98	1	1	125	88	10	5	+TT
I	206447	G	*/+T	74	6	7.5%	2	1	40	46	0.98	1	1	55	19	0	6	+T
I	206448	C	*/+T	40	23	32.86%	2	1	38	40	0.98	1	1	30	10	23	0	+T
I	440084	T	*/+A	44	93	60%	2	2	39	39	0.98	1	1	28	16	43	50	+A
I	442786	C	*/+T	30	125	61.88%	2	2	41	39	0.98	1	1	12	18	74	51	+T
I	442786	C	*/+TT	30	44	21.78%	2	2	41	38	0.98	1	1	12	18	20	24	+T
I	443299	G	*/+T	159	28	14.58%	2	2	38	37	0.98	1	1	79	80	18	10	+T
I	453367	G	*/+A	86	10	10.1%	2	1	38	35	0.98	1	1	51	35	0	10	+A
I	453369	G	*/+A	42	36	37.5%	2	2	39	35	0.98	1	1	25	17	23	13	+A
I	470378	A	-C/-C	4	173	97.74%	1	2	40	40	0.98	1	1	0	4	79	94	-C
I	470390	A	-C/-C	6	170	96.59%	2	2	46	40	0.98	1	1	4	2	74	96	-C
I	473422	G	*/+T	69	6	7.89%	2	1	38	26	0.98	1	1	39	30	0	6	+T
I	473427	G	*/+T	48	15	19.74%	2	2	37	38	0.98	1	1	28	20	12	3	+T
I	482737	A	+G/+G	11	221	93.25%	2	2	40	39	0.98	1	1	7	4	128	93	+G
I	554527	A	+T/+T	26	162	85.71%	2	2	40	39	0.98	1	1	12	14	86	76	+T
I	562745	A	*/+T	71	64	45.71%	2	2	39	38	0.98	1	1	31	40	48	16	+T
I	650099	C	*/+AA	48	105	66.46%	2	2	39	37	0.98	1	1	23	25	57	48	+AA
I	660056	T	*/+G	22	93	66.91%	2	2	36	38	0.98	1	1	9	13	61	32	+G
I	660056	T	*/+GG	22	14	10.07%	2	2	36	37	0.98	1	1	9	13	12	2	+G
I	670032	C	+A/+A	8	215	95.56%	2	2	40	40	0.98	1	1	6	2	113	102	+A
I	682993	T	-C/-C	12	210	94.59%	2	2	40	40	0.98	1	1	9	3	105	105	-C
I	862962	C	+T/+T	10	198	95.19%	2	2	44	40	0.98	1	1	5	5	100	98	+T
I	934908	T	*/+AA	53	23	26.74%	2	2	39	35	0.98	1	1	41	12	9	14	+AA
I	960025	G	+T/+T	28	157	82.2%	2	2	39	38	0.98	1	1	6	22	94	63	+T
I	965438	C	*/+A	41	50	47.62%	2	2	40	38	0.98	1	1	30	11	48	2	+A
I	1048635	G	+A/+A	18	158	86.81%	2	2	38	40	0.98	1	1	7	11	74	84	+A
I	1079583	T	*/+AAAAAAAA	68	15	16.13%	2	2	39	38	0.98	1	1	52	16	13	2	+AAAAAAAA
I	1148104	A	*/+T	39	102	69.39%	2	2	38	39	0.98	1	1	18	21	68	34	+T
I	1254654	A	*/+G	153	18	10.34%	2	1	39	36	0.98	1	1	81	72	0	18	+G
I	1254655	T	*/+A	35	66	46.15%	2	2	39	36	0.98	1	1	21	14	47	19	+A
I	1254655	T	*/+AA	35	15	10.49%	2	2	39	38	0.98	1	1	21	14	10	5	+A
I	1274803	T	+A/+A	6	183	90.59%	2	2	46	40	0.98	1	1	2	4	102	81	+A
I	1358794	C	*/+A	32	94	71.21%	2	2	39	37	0.98	1	1	23	9	67	27	+A
I	1424708	C	-A/-A	7	190	96.45%	2	2	37	40	0.98	1	1	4	3	102	88	-A
I	1494938	C	+A/+A	24	143	79.44%	2	2	37	38	0.98	1	1	8	16	74	69	+A
I	1496317	C	-A/-A	34	148	80.87%	2	2	40	39	0.98	1	1	20	14	78	70	-A
I	1509277	C	+T/+T	35	136	78.61%	2	2	38	39	0.98	1	1	15	20	65	71	+T
I	1595055	G	*/+T	130	9	6.47%	2	1	39	40	0.98	1	1	80	50	0	9	+T
I	1595056	C	*/+T	48	55	47.01%	2	2	37	37	0.98	1	1	31	17	43	12	+T
I	1625092	T	+C/+C	7	208	95.85%	2	2	40	39	0.98	1	1	2	5	92	116	+C
I	1765305	C	*/+A	99	7	6.6%	2	1	39	37	0.98	1	1	64	35	0	7	+A
I	1765306	C	*/+A	70	10	11.36%	2	2	39	38	0.98	1	1	54	16	9	1	+A
I	1837916	G	*/+T	75	4	5.06%	2	1	38	40	0.98	1	1	57	18	4	0	+T
I	1905525	T	*/+G	28	31	29.52%	2	1	38	40	0.98	1	1	21	7	31	0	+G
I	1905525	T	*/+GG	28	21	20%	2	1	38	40	0.98	1	1	21	7	21	0	+G
I	1905525	T	*/+GGG	28	9	8.57%	2	1	38	40	0.98	1	1	21	7	9	0	+G
I	1936294	G	+A/+A	14	147	91.3%	2	2	40	40	0.98	1	1	5	9	69	78	+A
I	1952313	A	+T/+T	17	172	90.53%	2	2	43	39	0.98	1	1	9	8	88	84	+T
I	1955754	C	*/+TT	39	37	43.02%	2	2	39	37	0.98	1	1	24	15	30	7	+TT
I	1955853	T	*/+A	13	71	71.72%	2	2	37	37	0.98	1	1	6	7	45	26	+A
I	2025000	C	*/+T	43	56	56%	2	2	39	37	0.98	1	1	23	20	43	13	+T
I	2139856	G	+T/+T	27	168	83.17%	2	2	39	38	0.98	1	1	13	14	112	56	+T
I	2154491	T	+A/+A	3	184	97.87%	2	2	40	39	0.98	1	1	1	2	103	81	+A
I	2206796	C	+A/+A	21	184	88.46%	2	2	40	40	0.98	1	1	6	15	96	88	+A
I	2227936	T	*/+AAA	43	43	41.75%	2	2	36	36	0.98	1	1	32	11	34	9	+AAA
I	2239131	A	+C/+C	40	177	81.19%	2	2	40	39	0.98	1	1	17	23	84	93	+C
I	2245479	T	*/+C	142	27	15.88%	2	2	39	39	0.98	1	1	88	54	11	16	+C
I	2288240	C	-G/-G	7	192	96.48%	2	2	37	40	0.98	1	1	3	4	89	103	-G
I	2299561	G	+A/+A	13	188	92.61%	2	2	41	39	0.98	1	1	7	6	92	96	+A
I	2322636	C	*/-A	108	6	5.13%	2	2	38	37	0.98	1	1	64	44	3	3	-A
I	2343703	G	+A/+A	5	210	96.77%	2	2	40	40	0.98	1	1	2	3	83	127	+A
I	2421576	A	-C/-C	16	194	92.38%	2	2	39	39	0.98	1	1	7	9	95	99	-C
I	2499149	A	-T/-T	25	190	88.37%	2	2	40	39	0.98	1	1	12	13	83	107	-T
I	2507462	T	+A/+A	9	206	94.06%	2	2	40	39	0.98	1	1	3	6	103	103	+A
I	2510060	T	+A/+A	8	187	95.9%	2	2	40	39	0.98	1	1	4	4	97	90	+A
I	2588021	C	+A/+A	8	225	95.34%	2	2	45	39	0.98	1	1	1	7	126	99	+A
I	2588066	C	+A/+A	29	204	86.81%	2	2	40	39	0.98	1	1	19	10	108	96	+A
I	2594263	C	+T/+T	6	192	96%	2	2	44	39	0.98	1	1	3	3	98	94	+T
I	2594324	T	+A/+A	7	173	93.01%	2	2	40	39	0.98	1	1	5	2	104	69	+A
I	2594351	T	+A/+A	4	195	97.5%	2	2	36	39	0.98	1	1	2	2	115	80	+A
I	2594391	A	+T/+T	9	205	94.91%	2	2	40	39	0.98	1	1	5	4	115	90	+T
I	2605860	G	-T/-T	2	165	98.8%	2	2	60	38	0.98	1	1	1	1	83	82	-T
I	2607669	A	+T/+T	9	197	94.26%	2	2	40	39	0.98	1	1	6	3	84	113	+T
I	2641998	C	*/+T	54	70	56%	2	2	38	36	0.98	1	1	28	26	37	33	+T
I	2683902	T	-C/-C	5	202	97.58%	2	2	36	40	0.98	1	1	1	4	104	98	-C
I	2751236	T	-A/-A	36	137	76.97%	2	2	40	38	0.98	1	1	21	15	70	67	-A
I	2759871	T	+C/+C	3	191	95.02%	2	2	40	40	0.98	1	1	1	2	114	77	+C
I	3006054	C	*/+T	216	17	7.3%	2	2	39	40	0.98	1	1	123	93	10	7	+T
I	3125118	A	+T/+T	8	195	95.12%	2	2	38	40	0.98	1	1	4	4	99	96	+T
I	3143388	C	+T/+T	30	164	83.67%	2	2	38	39	0.98	1	1	18	12	94	70	+T
I	3166776	G	*/+TTT	49	76	57.58%	2	2	40	37	0.98	1	1	23	26	51	25	+TTT
I	3178494	C	+T/+T	9	221	95.26%	2	2	39	39	0.98	1	1	7	2	110	111	+T
I	3197528	A	+G/+G	10	206	94.5%	2	2	38	39	0.98	1	1	5	5	103	103	+G
I	3300811	C	*/-GGGG	22	5	10.64%	2	1	39	36	0.98	1	1	14	8	5	0	-GGGG
I	3300811	C	*/-GGGGG	22	4	8.51%	2	1	39	36	0.98	1	1	14	8	4	0	-GGGG
I	3300811	C	*/-GGGGGGG	22	6	12.77%	2	1	39	40	0.98	1	1	14	8	6	0	-GGGGGGG
I	3300811	C	*/-GGGGGGGG	22	4	8.51%	2	1	39	40	0.98	1	1	14	8	4	0	-GGGGGGG
I	3450130	G	-T/-T	8	179	95.72%	2	2	45	39	0.98	1	1	2	6	91	88	-T
I	3460318	T	+C/+C	9	210	95.89%	2	2	42	40	0.98	1	1	6	3	115	95	+C
I	3538413	A	+T/+T	12	203	93.55%	2	2	40	40	0.98	1	1	6	6	109	94	+T
I	3538428	G	+T/+T	16	186	91.63%	2	2	40	39	0.98	1	1	7	9	97	89	+T
I	3538436	T	+A/+A	9	184	95.34%	2	2	40	39	0.98	1	1	3	6	99	85	+A
I	3538449	T	+TA/+TA	28	153	84.07%	2	2	39	39	0.98	1	1	15	13	82	71	+TA
I	3538456	A	+AT/+AT	0	158	96.93%	0	2	0	39	0.98	0	1	0	0	83	75	+AT
I	3548532	G	*/+T	65	13	16.05%	2	1	39	40	0.98	1	1	40	25	13	0	+T
I	3576756	T	*/+TCTTCTC	32	76	38.97%	2	2	36	39	0.98	1	1	14	18	30	46	C
I	3576929	C	+T/+T	21	171	87.69%	2	2	39	39	0.98	1	1	10	11	99	72	+T
I	3580034	C	*/+T	71	30	27.52%	2	2	40	37	0.98	1	1	46	25	17	13	+T
I	3665610	G	+C/+C	8	182	94.79%	2	2	40	39	0.98	1	1	5	3	85	97	+C
I	3700385	T	*/+AA	49	54	49.09%	2	2	40	39	0.98	1	1	37	12	31	23	+AA
I	3730369	A	+T/+T	14	184	92.46%	2	2	40	40	0.98	1	1	4	10	90	94	+T
I	3765328	C	+T/+T	29	151	83.43%	2	2	40	39	0.98	1	1	13	16	87	64	+T
I	3776933	G	+A/+A	18	140	85.89%	2	2	32	38	0.98	1	1	13	5	60	80	+A
I	3785861	G	*/+TATAATGTATATAATGTATATAATGTA	142	22	12.15%	2	2	40	38	0.98	1	1	67	75	9	13	+TATAATGTATATAATGTATATAATGTA
I	3785861	G	*/+TATAATGTA	142	17	9.39%	2	2	40	40	0.98	1	1	67	75	10	7	+TATAATGTATATAATGTATATAATGTA
I	3855790	G	-T/-T	9	217	96.02%	2	2	38	39	0.98	1	1	4	5	92	125	-T
I	3870142	A	*/+C	106	54	33.13%	2	2	40	39	0.98	1	1	56	50	19	35	+C
I	3940025	G	+T/+T	14	176	90.26%	2	2	40	39	0.98	1	1	7	7	79	97	+T
I	4004016	G	*/+T	29	85	65.89%	2	2	38	37	0.98	1	1	15	14	57	28	+T
I	4010237	A	*/+GG	16	5	16.13%	2	1	40	40	0.98	1	1	9	7	5	0	+GG
I	4010237	A	*/+GGG	16	3	9.68%	2	1	40	34	0.98	1	1	9	7	3	0	+GG
I	4010237	A	*/+GGGG	16	5	16.13%	2	1	40	40	0.98	1	1	9	7	5	0	+GGGG
I	4055052	T	+A/+A	27	157	81.35%	2	2	38	38	0.98	1	1	15	12	75	82	+A
I	4179701	C	*/+T	44	43	46.74%	2	2	36	38	0.98	1	1	16	28	33	10	+T
I	4241118	G	*/-A	209	12	5.36%	2	2	40	38	0.98	1	1	99	110	5	7	-A
I	4276888	A	*/+T	160	12	6.9%	2	1	38	34	0.98	1	1	97	63	0	12	+T
I	4276890	G	*/+T	37	103	63.19%	2	2	38	38	0.98	1	1	17	20	80	23	+T
I	4304169	G	+A/+A	8	205	95.35%	2	2	40	40	0.98	1	1	6	2	120	85	+A
I	4374342	A	-G/-G	8	199	96.14%	2	2	40	39	0.98	1	1	4	4	102	97	-G
I	4407494	T	+G/+G	11	190	94.06%	2	2	38	40	0.98	1	1	3	8	90	100	+G
I	4410191	C	-G/-G	4	219	98.21%	2	2	40	40	0.98	1	1	3	1	97	122	-G
I	4414201	C	-T/-T	40	130	75.58%	2	2	39	38	0.98	1	1	23	17	73	57	-T
I	4414723	T	*/+AAAAA	59	5	7.35%	2	2	39	36	0.98	1	1	45	14	4	1	+AAAAA
I	4431856	G	+A/+A	9	170	94.97%	2	2	38	39	0.98	1	1	7	2	71	99	+A
I	4431868	C	+A/+A	8	183	94.33%	2	2	40	39	0.98	1	1	5	3	79	104	+A
I	4455149	G	+A/+A	29	164	83.25%	2	2	40	39	0.98	1	1	17	12	99	65	+A
I	4549188	A	+GAAT/+GAAT	34	199	85.04%	2	2	40	39	0.98	1	1	16	18	113	86	+GAAT
I	4648144	T	*/-G	141	19	11.88%	2	1	39	37	0.98	1	1	89	52	0	19	-G
I	4648159	T	*/-G	56	84	56%	2	2	39	40	0.98	1	1	17	39	60	24	-G
I	4648159	T	*/-GG	56	10	6.67%	2	2	39	38	0.98	1	1	17	39	2	8	-G
I	4721875	G	+A/+A	18	181	89.6%	2	2	38	39	0.98	1	1	9	9	86	95	+A
I	4764253	G	+A/+A	35	170	81.73%	2	2	39	39	0.98	1	1	18	17	97	73	+A
I	4882281	C	*/+T	186	10	5%	2	2	39	40	0.98	1	1	90	96	6	4	+T
I	4926046	C	*/+T	48	60	52.63%	2	2	39	38	0.98	1	1	32	16	50	10	+T
I	4984784	A	*/+T	116	9	7.14%	2	2	37	40	0.98	1	1	71	45	7	2	+T
I	5142627	A	+G/+G	4	231	97.47%	2	2	50	39	0.98	1	1	3	1	117	114	+G
I	5148414	T	-A/-A	15	182	92.39%	2	2	40	39	0.98	1	1	10	5	83	99	-A
I	5173087	C	+T/+T	19	185	89.81%	2	2	41	39	0.98	1	1	12	7	95	90	+T
I	5173430	G	*/+T	23	108	74.48%	2	2	37	37	0.98	1	1	9	14	75	33	+T
I	5176924	A	*/+G	117	8	6.35%	2	1	39	41	0.98	1	1	54	63	0	8	+G
I	5176926	T	*/+A	43	58	52.25%	2	2	40	37	0.98	1	1	25	18	29	29	+A
I	5177760	A	*/+T	71	5	6.49%	2	2	38	36	0.98	1	1	39	32	4	1	+T
I	5271432	C	*/+TTTT	93	7	6.93%	2	2	38	35	0.98	1	1	63	30	5	2	+TTTT
I	5368262	T	-C/-C	5	208	97.65%	2	2	36	40	0.98	1	1	3	2	97	111	-C
I	5368273	G	+T/+T	9	211	95.48%	2	2	36	39	0.98	1	1	6	3	96	115	+T
I	5426622	C	+T/+T	35	188	83.19%	2	2	40	39	0.98	1	1	15	20	102	86	+T
I	5545070	A	*/-T	176	21	10.61%	2	2	39	41	0.98	1	1	94	82	12	9	-T
I	5557287	A	*/+T	64	10	13.51%	2	1	38	40	0.98	1	1	38	26	10	0	+T
I	5559279	T	*/-G	21	11	23.4%	2	2	39	37	0.98	1	1	13	8	10	1	-G
I	5559279	T	*/+G	21	6	12.77%	2	1	39	37	0.98	1	1	13	8	6	0	-G
I	5559279	T	*/+GG	21	4	8.51%	2	1	39	40	0.98	1	1	13	8	4	0	-G
I	5559279	T	*/+GGG	21	3	6.38%	2	1	39	40	0.98	1	1	13	8	3	0	-G
I	5567937	C	*/-A	190	16	7.69%	2	2	39	40	0.98	1	1	118	72	10	6	-A
I	5572022	A	*/-T	178	23	11.44%	2	1	39	40	0.98	1	1	97	81	0	23	-T
I	5576663	A	*/+T	192	51	20.9%	2	2	40	40	0.98	1	1	113	79	38	13	+T
I	5576850	T	*/-AA	176	107	37.68%	2	2	39	38	0.98	1	1	91	85	52	55	-AA
II	15830	T	*/+A	31	14	29.79%	2	2	37	38	0.98	1	1	18	13	11	3	+A
II	83071	C	*/+TT	186	10	5.05%	2	2	39	36	0.98	1	1	97	89	5	5	+TT
II	128001	T	-A/-A	11	199	94.76%	2	2	39	39	0.98	1	1	9	2	108	91	-A
II	146079	T	-C/-C	13	207	94.09%	2	2	46	39	0.98	1	1	7	6	99	108	-C
II	201022	A	*/+T	150	11	6.71%	2	2	37	38	0.98	1	1	80	70	7	4	+T
II	355454	T	*/+A	45	108	66.67%	2	2	39	39	0.98	1	1	29	16	65	43	+A
II	355468	A	*/-T	131	18	12%	2	2	37	38	0.98	1	1	74	57	11	7	-T
II	484534	A	*/+T	54	116	67.05%	2	2	38	38	0.98	1	1	28	26	62	54	+T
II	522946	T	*/+TGTGCA	213	14	5.96%	2	2	39	40	0.98	1	1	94	119	8	6	+TGTGCA
II	526957	C	*/-GTGTGT	75	135	64.29%	2	2	39	39	0.98	1	1	38	37	63	72	-GTGTGT
II	526963	T	*/+AC	53	17	22.08%	2	2	40	40	0.98	1	1	25	28	7	10	+AC
II	603279	A	-T/-T	2	239	99.17%	1	2	40	39	0.98	1	1	2	0	107	132	-T
II	603305	A	-C/-C	7	226	97%	2	2	40	40	0.98	1	1	4	3	104	122	-C
II	700009	T	-A/-A	26	181	87.44%	2	2	40	39	0.98	1	1	13	13	91	90	-A
II	819795	T	*/+C	152	55	26.44%	2	2	40	39	0.98	1	1	91	61	29	26	+C
II	888599	A	-C/-C	3	176	98.32%	2	2	40	40	0.98	1	1	2	1	98	78	-C
II	890578	C	*/+T	150	37	19.68%	2	2	39	39	0.98	1	1	77	73	19	18	+T
II	903106	G	+T/+T	3	213	98.61%	2	2	40	39	0.98	1	1	2	1	117	96	+T
II	997671	G	*/+CAACAACAACAACAA	144	13	6.81%	2	2	39	43	0.98	1	1	103	41	7	6	A
II	1019510	T	*/-A	38	109	73.65%	2	2	38	39	0.98	1	1	19	19	62	47	-A
II	1079843	T	+A/+A	19	165	86.84%	2	2	39	38	0.98	1	1	11	8	88	77	+A
II	1163154	A	-T/-T	11	183	94.33%	2	2	38	40	0.98	1	1	4	7	83	100	-T
II	1266289	T	+A/+A	31	165	79.71%	2	2	39	38	0.98	1	1	20	11	94	71	+A
II	1277481	G	*/+TT	54	14	20.29%	2	2	39	40	0.98	1	1	37	17	11	3	+TT
II	1308618	G	-T/-T	15	175	92.11%	2	2	37	38	0.98	1	1	3	12	93	82	-T
II	1389139	C	*/+T	44	115	68.86%	2	2	38	37	0.98	1	1	22	22	57	58	+T
II	1451705	G	+A/+A	22	189	89.57%	2	2	40	40	0.98	1	1	8	14	98	91	+A
II	1453735	T	*/+A	175	14	7.37%	2	2	39	40	0.98	1	1	92	83	9	5	+A
II	1465263	C	*/-T	215	12	5.29%	2	2	39	37	0.98	1	1	104	111	4	8	-T
II	1531449	G	*/-T	121	34	21.52%	2	2	37	37	0.98	1	1	74	47	23	11	-T
II	1552815	A	*/+AG	55	142	71.72%	2	2	39	40	0.98	1	1	34	21	59	83	+AG
II	1555919	A	*/+TTTATT	58	144	70.59%	2	2	38	39	0.98	1	1	24	34	92	52	+TTTATT
II	1579962	T	*/+A	190	14	6.86%	2	2	39	40	0.98	1	1	94	96	7	7	+A
II	1588936	G	*/+AA	63	53	38.69%	2	2	38	36	0.98	1	1	47	16	25	28	+AA
II	1600211	C	*/+A	161	40	19.7%	2	2	40	40	0.98	1	1	87	74	16	24	+A
II	1606704	A	*/+GTGGTGGTG	335	24	6.65%	2	2	40	40	0.98	1	1	199	136	16	8	+GTGGTGGTG
II	1612985	A	*/+ATAATG	167	45	20.09%	2	2	39	40	0.98	1	1	61	106	21	24	+ATAATG
II	1618418	C	*/+A	209	18	7.76%	2	1	40	40	0.98	1	1	111	98	18	0	+A
II	1620412	T	*/-A	44	16	26.67%	2	1	39	40	0.98	1	1	32	12	16	0	-A
II	1634843	T	*/+ATTATC	135	50	23.36%	2	2	39	39	0.98	1	1	75	60	31	19	+ATTATC
II	1641160	T	*/+ACCACCACC	233	15	6.05%	2	2	40	40	0.98	1	1	93	140	1	14	+ACCACCACC
II	1645549	C	*/+A	136	104	42.98%	2	2	39	40	0.98	1	1	96	40	24	80	+A
II	1678205	T	-A/-A	15	145	88.96%	2	2	38	39	0.98	1	1	9	6	88	57	-A
II	1716256	G	*/+T	86	24	19.05%	2	2	37	38	0.98	1	1	61	25	17	7	+T
II	1716287	T	*/-G	123	35	22.15%	2	2	40	40	0.98	1	1	67	56	12	23	-G
II	1748646	G	*/-A	32	53	61.63%	2	2	38	39	0.98	1	1	17	15	34	19	-A
II	1805315	C	*/+T	68	7	8.75%	2	2	39	37	0.98	1	1	43	25	6	1	+T
II	1816760	T	*/+C	4	4	44.44%	2	1	40	40	0.98	1	1	1	3	4	0	+C
II	1861420	T	-G/-G	2	218	99.09%	1	2	40	40	0.98	1	1	2	0	111	107	-G
II	1867795	A	+T/+T	16	161	88.46%	2	2	39	38	0.98	1	1	4	12	69	92	+T
II	1868122	G	*/+T	40	55	52.38%	2	2	38	39	0.98	1	1	22	18	47	8	+T
II	1873779	T	+A/+A	13	187	91.67%	2	2	40	39	0.98	1	1	2	11	114	73	+A
II	1877294	A	+T/+T	18	168	87.96%	2	2	40	39	0.98	1	1	12	6	92	76	+T
II	1941966	A	+T/+T	7	180	94.24%	2	2	40	40	0.98	1	1	3	4	93	87	+T
II	1941982	A	+T/+T	2	194	98.48%	2	2	40	39	0.98	1	1	1	1	100	94	+T
II	1948953	G	-A/-A	11	204	94.88%	2	2	40	40	0.98	1	1	7	4	98	106	-A
II	1950050	A	+G/+G	13	188	91.26%	2	2	40	39	0.98	1	1	7	6	101	87	+G
II	1952046	T	*/+TATTG	99	94	48.45%	2	2	39	38	0.98	1	1	42	57	1	93	+TATTG
II	1955495	T	+A/+A	39	141	77.05%	2	2	40	39	0.98	1	1	24	15	74	67	+A
II	1960392	A	+G/+G	5	206	97.63%	2	2	40	40	0.98	1	1	3	2	117	89	+G
II	1987101	C	-G/-G	7	176	96.17%	2	2	40	39	0.98	1	1	3	4	84	92	-G
II	1987117	T	-G/-G	6	180	96.77%	2	2	40	40	0.98	1	1	2	4	87	93	-G
II	2023193	G	*/+TT	69	25	23.15%	2	2	39	37	0.98	1	1	44	25	17	8	+TT
II	2023193	G	*/+TTT	69	12	11.11%	2	2	39	38	0.98	1	1	44	25	8	4	+TT
II	2049891	A	-T/-T	10	184	94.85%	2	2	40	40	0.98	1	1	5	5	88	96	-T
II	2053516	G	+C/+C	6	192	96%	2	2	40	40	0.98	1	1	3	3	85	107	+C
II	2108180	T	+A/+A	8	208	95.85%	2	2	40	39	0.98	1	1	4	4	105	103	+A
II	2147726	G	+T/+T	6	201	96.17%	2	2	40	39	0.98	1	1	4	2	104	97	+T
II	2187407	G	+A/+A	3	223	97.81%	1	2	40	40	0.98	1	1	0	3	134	89	+A
II	2199987	A	*/-TAACCTAACCTAACCTAACC	192	37	15.95%	2	2	39	39	0.98	1	1	114	78	23	14	-TAACCTAACCTAACCTAACC
II	2219928	A	+T/+T	8	216	96%	2	2	45	39	0.98	1	1	3	5	107	109	+T
II	2293297	G	-A/-A	12	203	94.42%	2	2	40	39	0.98	1	1	9	3	107	96	-A
II	2443873	T	*/+AA	49	30	32.97%	2	2	39	40	0.98	1	1	36	13	28	2	+AA
II	2504242	C	*/-A	69	107	59.78%	2	2	39	38	0.98	1	1	49	20	52	55	-A
II	2592423	T	+A/+A	13	145	91.19%	2	2	40	39	0.98	1	1	8	5	86	59	+A
II	2630607	C	+A/+A	31	103	75.18%	2	2	39	39	0.98	1	1	18	13	52	51	+A
II	2640785	T	*/+A	32	81	66.94%	2	2	40	38	0.98	1	1	22	10	48	33	+A
II	2709414	G	+C/+C	6	215	96.41%	2	2	40	40	0.98	1	1	5	1	127	88	+C
II	2755338	C	-AT/-AT	38	161	80.9%	2	2	39	39	0.98	1	1	15	23	76	85	-AT
II	2788933	C	+G/+G	8	205	94.47%	2	2	45	40	0.98	1	1	4	4	108	97	+G
II	2798040	C	-T/-T	4	182	97.85%	2	2	40	40	0.98	1	1	1	3	92	90	-T
II	2798514	A	-G/-G	13	184	93.4%	2	2	40	39	0.98	1	1	9	4	97	87	-G
II	2811495	C	-A/-A	4	195	97.99%	2	2	40	40	0.98	1	1	2	2	93	102	-A
II	2894538	T	*/-A	48	126	70%	2	2	39	38	0.98	1	1	16	32	67	59	-A
II	2937277	T	*/+A	45	141	74.6%	2	2	39	39	0.98	1	1	21	24	69	72	+A
II	2938956	C	+T/+T	30	154	81.91%	2	2	40	39	0.98	1	1	17	13	76	78	+T
II	3040332	C	+G/+G	8	195	95.12%	2	2	38	40	0.98	1	1	4	4	92	103	+G
II	3053833	T	*/+TCTTCTTGTTCC	200	17	7.76%	2	2	39	38	0.98	1	1	92	108	8	9	+TCTTCTTGTTCC
II	3058544	T	*/-G	56	120	63.83%	2	2	38	38	0.98	1	1	25	31	65	55	-G
II	3171788	G	*/+A	44	92	64.34%	2	2	39	36	0.98	1	1	22	22	50	42	+A
II	3253453	C	*/+T	42	91	65%	2	2	39	37	0.98	1	1	21	21	52	39	+T
II	3380519	T	*/+C	125	31	19.75%	2	2	39	38	0.98	1	1	84	41	18	13	+C
II	3619003	A	+G/+G	6	195	97.01%	2	2	40	39	0.98	1	1	4	2	101	94	+G
II	3799350	G	*/+A	30	100	74.63%	2	2	39	38	0.98	1	1	18	12	62	38	+A
II	3838101	C	-A/-A	16	188	90.82%	2	2	36	39	0.98	1	1	8	8	85	103	-A
II	3860185	C	-TAGTA/-TAGTA	35	136	77.27%	2	2	40	39	0.98	1	1	15	20	58	78	-TAGTA
II	3980468	C	*/-T	41	99	70.21%	2	2	40	37	0.98	1	1	23	18	70	29	-T
II	4031460	A	*/+T	49	46	45.1%	2	2	38	38	0.98	1	1	29	20	43	3	+T
II	4107253	G	*/+TTT	64	27	29.67%	2	2	39	38	0.98	1	1	39	25	14	13	+TTT
II	4254960	G	-A/-A	3	178	98.34%	2	2	40	39	0.98	1	1	2	1	88	90	-A
II	4308414	C	+A/+A	34	145	78.8%	2	2	40	38	0.98	1	1	21	13	74	71	+A
II	4419919	A	*/+G	126	7	5.22%	2	1	39	40	0.98	1	1	61	65	0	7	+G
II	4419921	T	*/+A	31	72	60.5%	2	2	39	37	0.98	1	1	22	9	36	36	+A
II	4513922	G	*/+GGCTGCTATAATCATTCCCAA	288	17	5.43%	2	2	39	40	0.98	1	1	131	157	12	5	+GGCTGCTATAATCATTCCCAA
II	4517047	T	*/+TACTCATC	258	99	24.81%	2	2	39	40	0.98	1	1	131	127	43	56	+TACTCATC
II	4521490	A	*/+T	216	39	15.23%	2	2	39	40	0.98	1	1	118	98	28	11	+T
II	4521677	T	*/-AA	165	111	39.36%	2	2	38	39	0.98	1	1	100	65	57	54	-AA
II	4525340	G	*/+T	156	62	24.6%	2	2	38	37	0.98	1	1	114	42	49	13	+T
II	4526174	A	*/-T	170	22	11.4%	2	2	34	33	0.98	1	1	109	61	18	4	-T
II	4528465	C	*/+GACAAT	475	74	13.38%	2	2	39	40	0.98	1	1	216	259	23	51	+GACAAT
II	4528483	T	*/-GACAATGACAGA	515	47	8.36%	2	2	39	39	0.98	1	1	223	292	21	26	-GACAATGACAGA
II	4529375	T	*/+ACAACGACAACGACAACG	295	107	20.08%	2	2	39	39	0.98	1	1	143	152	38	69	+ACAACGACAACGACAACG
II	4529375	T	*/+ACAACGACAACGACAACGACAACG	295	113	21.2%	2	2	39	39	0.98	1	1	143	152	54	59	+ACAACGACAACGACAACGACAACG
II	4533588	C	*/-T	788	428	35.2%	2	2	39	40	0.98	1	1	406	382	224	204	-T
II	4534880	A	*/-T	900	195	17.81%	2	2	39	40	0.98	1	1	467	433	111	84	-T
II	4535321	G	*/-GATAT	977	174	15.12%	2	2	40	39	0.98	1	1	460	517	84	90	-GATAT
II	4535523	T	*/+GTTACG	949	187	16.42%	2	2	40	39	0.98	1	1	491	458	81	106	+GTTACG
II	4535548	A	*/-TATGTG	949	175	15.56%	2	2	39	39	0.98	1	1	473	476	79	96	-TATGTG
II	4535645	G	*/-T	908	225	19.79%	2	2	39	39	0.98	1	1	464	444	105	120	-T
II	4535727	A	*/-G	1093	184	14.41%	2	2	39	39	0.98	1	1	593	500	95	89	-G
II	4536089	C	*/+AAAAGAAAAGTAAATT	1217	111	8.29%	2	2	39	40	0.98	1	1	597	620	61	50	+AAAAGAAAAGTAAATT
II	4536728	A	*/+GAGAGTAGG	655	251	25.77%	2	2	39	39	0.98	1	1	240	415	72	179	+GAGAGTAGG
II	4537213	G	*/+T	674	369	35.31%	2	2	39	39	0.98	1	1	322	352	204	165	+T
II	4537387	A	*/-AATAAGAG	343	667	65.97%	2	2	39	39	0.98	1	1	170	173	298	369	-AATAAGAG
II	4537655	A	*/+AAATG	901	70	6.99%	2	2	40	40	0.98	1	1	391	510	25	45	+AAATG
II	4537665	G	*/+AAATA	734	210	21.3%	2	2	40	40	0.98	1	1	331	403	69	141	+AAATA
II	4539519	G	*/+AAATA	1005	60	5.58%	2	2	39	39	0.98	1	1	423	582	35	25	+AAATA
III	1558	G	*/+A	2366	398	13.7%	2	2	39	39	0.98	1	1	1246	1120	176	222	+A
III	4729	A	*/+TT	1553	274	14.32%	2	2	38	35	0.98	1	1	780	773	107	167	+TT
III	4952	C	*/+T	2808	351	11.04%	2	2	39	38	0.98	1	1	1643	1165	25	326	+T
III	9812	T	*/+A	3182	404	10.99%	2	2	39	38	0.98	1	1	1869	1313	34	370	+A
III	10094	A	*/-T	3906	327	7.73%	2	2	39	39	0.98	1	1	2122	1784	12	315	-T
III	12428	G	*/+A	2428	438	14.52%	2	2	39	40	0.98	1	1	1266	1162	214	224	+A
III	15599	A	*/+TT	1570	239	12.65%	2	2	38	36	0.98	1	1	814	756	104	135	+TT
III	15822	C	*/+T	2768	355	11.26%	2	2	39	38	0.98	1	1	1614	1154	28	327	+T
III	20682	T	*/+A	3209	401	10.87%	2	2	39	39	0.98	1	1	1840	1369	29	372	+A
III	20964	A	*/-T	3895	369	8.65%	2	2	39	39	0.98	1	1	2141	1754	13	356	-T
III	23298	G	*/+A	2445	408	13.61%	2	2	39	39	0.98	1	1	1300	1145	191	217	+A
III	46959	A	*/+AT	37	15	26.32%	2	2	38	38	0.98	1	1	20	17	12	3	+AT
III	253907	A	*/+T	52	71	48.97%	2	2	40	36	0.98	1	1	27	25	45	26	+T
III	286478	C	-TT/-TT	24	147	85.47%	2	2	40	39	0.98	1	1	12	12	73	74	-TT
III	286594	T	*/+A	57	67	49.63%	2	2	38	37	0.98	1	1	37	20	32	35	+A
III	365747	C	-A/-A	21	153	86.44%	2	2	40	37	0.98	1	1	11	10	76	77	-A
III	717677	A	*/-T	50	125	71.02%	2	2	38	38	0.98	1	1	20	30	70	55	-T
III	719955	A	-C/-C	3	158	98.14%	2	2	40	40	0.98	1	1	1	2	66	92	-C
III	719973	C	-G/-G	1	50	98.04%	1	2	40	40	0.98	1	1	0	1	20	30	-G
III	720683	A	+T/+T	26	149	80.54%	2	2	40	39	0.98	1	1	5	21	90	59	+T
III	816718	G	*/+A	226	12	5.04%	2	2	39	40	0.98	1	1	101	125	7	5	+A
III	867865	C	-T/-T	22	203	90.22%	2	2	41	40	0.98	1	1	9	13	96	107	-T
III	1016311	G	+C/+C	11	186	93.47%	2	2	40	40	0.98	1	1	4	7	90	96	+C
III	1073505	T	*/+ATATAGAG	632	42	6.22%	2	2	40	40	0.98	1	1	489	143	40	2	+ATATAGAG
III	1075548	A	*/+GTGGTGGTG	514	59	10.3%	2	2	40	39	0.98	1	1	246	268	25	34	+GTGGTGGTG
III	1079346	A	*/+G	718	89	11.03%	2	2	39	40	0.98	1	1	489	229	63	26	+G
III	1080146	T	*/+ATATAGAG	1049	133	11.19%	2	2	39	40	0.98	1	1	473	576	61	72	+ATATAGAG
III	1082171	A	*/+TGGAAGTGGTAAG	530	38	6.61%	2	2	39	40	0.98	1	1	273	257	20	18	+TGGAAGTGGTAAG
III	1082189	A	*/+GTGGTGGTG	541	46	7.81%	2	2	39	39	0.98	1	1	271	270	25	21	+GTGGTGGTG
III	1084026	A	*/+AGTGGTGATGGTT	253	28	9.43%	2	2	40	40	0.98	1	1	113	140	15	13	+AGTGGTGATGGTT
III	1084026	A	*/+AGTGGTGATGGTTAGTGGTGATGGTT	253	15	5.05%	2	2	40	40	0.98	1	1	113	140	8	7	+AGTGGTGATGGTT
III	1087979	A	*/+G	387	22	5.38%	2	2	39	40	0.98	1	1	163	224	2	20	+G
III	1088779	T	*/+ATATAGAG	451	31	6.43%	2	1	39	39	0.98	1	1	124	327	0	31	+ATATAGAG
III	1095549	T	*/-G	135	13	8.78%	2	1	39	37	0.98	1	1	76	59	0	13	-G
III	1095550	G	*/-T	80	29	24.37%	2	2	37	38	0.98	1	1	53	27	23	6	-T
III	1103423	T	*/-A	95	38	27.74%	2	2	38	37	0.98	1	1	65	30	22	16	-A
III	1110132	C	*/+TCTCTATA	308	22	6.61%	2	1	39	40	0.98	1	1	182	126	22	0	+TCTCTATA
III	1110963	T	*/+C	364	20	5.21%	2	2	40	40	0.98	1	1	206	158	16	4	+C
III	1114914	T	*/+ACCACTAACCATC	176	23	10.8%	2	2	39	40	0.98	1	1	107	69	13	10	+ACCACTAACCATC
III	1114914	T	*/+ACCACTAACCATCACCACTAACCATC	176	13	6.1%	2	2	39	40	0.98	1	1	107	69	7	6	+ACCACTAACCATC
III	1117723	T	*/+C	339	28	7.61%	2	2	40	39	0.98	1	1	205	134	21	7	+C
III	1121595	A	*/-C	32	2	5.88%	2	1	39	40	0.98	1	1	14	18	0	2	-C
III	1121674	T	*/+ACCACTAACCATC	160	20	10.47%	2	2	40	40	0.98	1	1	100	60	10	10	+ACCACTAACCATC
III	1121674	T	*/+ACCACTAACCATCACCACTAACCATC	160	10	5.24%	2	2	40	40	0.98	1	1	100	60	4	6	+ACCACTAACCATC
III	1124483	T	*/+C	332	32	8.77%	2	2	40	40	0.98	1	1	210	122	26	6	+C
III	1128434	T	*/+ACCACTAACCATC	172	23	10.9%	2	2	39	40	0.98	1	1	101	71	15	8	+ACCACTAACCATC
III	1128434	T	*/+ACCACTAACCATCACCACTAACCATC	172	15	7.11%	2	2	39	40	0.98	1	1	101	71	6	9	+ACCACTAACCATC
III	1131243	T	*/+C	353	28	7.35%	2	2	39	40	0.98	1	1	223	130	23	5	+C
III	1135115	A	*/-C	54	4	6.9%	2	2	38	40	0.98	1	1	29	25	1	3	-C
III	1135194	T	*/+ACCACTAACCATC	152	27	14.14%	2	2	39	40	0.98	1	1	89	63	16	11	+ACCACTAACCATC
III	1135194	T	*/+ACCACTAACCATCACCACTAACCATC	152	10	5.24%	2	2	39	38	0.98	1	1	89	63	5	5	+ACCACTAACCATC
III	1239214	T	+AA/+AA	26	133	77.78%	2	2	39	38	0.98	1	1	12	14	86	47	+AA
III	1252505	G	*/+TT	51	9	13.43%	2	2	38	38	0.98	1	1	30	21	6	3	+TT
III	1395394	G	*/+T	103	9	6.82%	2	1	39	40	0.98	1	1	81	22	9	0	+T
III	1421567	T	*/+GG	20	11	18.33%	2	2	40	40	0.98	1	1	9	11	6	5	+GG
III	1421567	T	*/+GGG	20	12	20%	2	2	40	36	0.98	1	1	9	11	5	7	+GGG
III	1421567	T	*/+GGGG	20	8	13.33%	2	1	40	38	0.98	1	1	9	11	8	0	+GGG
III	1421567	T	*/+GGGGG	20	4	6.67%	2	1	40	40	0.98	1	1	9	11	4	0	+GGG
III	1429860	A	*/+AAGGGGAGAAAGGT	175	22	11.17%	2	2	39	40	0.98	1	1	83	92	11	11	+AAGGGGAGAAAGGT
III	1564168	C	*/+TGG	157	55	25.82%	2	2	39	40	0.98	1	1	86	71	26	29	+TGG
III	1575951	G	*/+T	45	34	36.96%	2	2	38	38	0.98	1	1	33	12	22	12	+T
III	1685487	G	+A/+A	18	203	91.44%	2	2	39	40	0.98	1	1	12	6	96	107	+A
III	1756400	T	-A/-A	11	228	95.4%	2	2	43	39	0.98	1	1	6	5	123	105	-A
III	1774235	T	+GATC/+GATC	15	206	93.21%	2	2	40	39	0.98	1	1	9	6	112	94	+GATC
III	1929127	A	*/-G	45	12	16%	2	2	35	33	0.98	1	1	32	13	9	3	-G
III	1929127	A	*/+G	45	9	12%	2	1	35	34	0.98	1	1	32	13	9	0	+G
III	2089058	A	*/+T	136	48	25.95%	2	2	39	38	0.98	1	1	60	76	18	30	+T
III	2168459	T	+A/+A	17	215	90.34%	2	2	40	40	0.98	1	1	6	11	111	104	+A
III	2270459	C	*/+A	167	32	15.92%	2	2	39	39	0.98	1	1	85	82	15	17	+A
III	2352293	A	*/+G	95	8	7.55%	2	2	38	38	0.98	1	1	83	12	7	1	+G
III	2382018	A	*/-T	58	62	50.82%	2	2	38	37	0.98	1	1	27	31	37	25	-T
III	2443562	A	*/+T	1074	685	38.18%	2	2	39	39	0.98	1	1	515	559	176	509	+T
III	2448309	T	-AA/-AA	788	5345	86.17%	2	2	38	38	0.98	1	1	422	366	2085	3260	-AA
