Chrom	Position	Ref	Cons	Reads1	Reads2	VarFreq	Strands1	Strands2	Qual1	Qual2	Pvalue	MapQual1	MapQual2	Reads1Plus	Reads1Minus	Reads2Plus	Reads2Minus	VarAllele
chr_II_telomeric_gap	6088	A	*/-T	11	2	14.29%	1	1	42	37	0.98	1	1	11	0	2	0	-T
chr_II_telomeric_gap	8538	G	*/+A	5	2	28.57%	1	1	31	37	0.98	1	1	5	0	2	0	+A
I	3160	A	*/+GTTGTCGTTGTCGTTGTC	40	7	12.96%	2	2	45	52	0.98	1	1	27	13	4	3	+GTTGTCGTTGTCGTTGTC
I	3160	A	*/+GTTGTCGTTGTCGTTGTCGTTGTC	40	6	11.11%	2	2	45	37	0.98	1	1	27	13	4	2	+GTTGTCGTTGTCGTTGTC
I	4047	C	*/-TGTCTCTGTCAT	60	6	9.09%	2	2	42	43	0.98	1	1	26	34	5	1	-TGTCTCTGTCAT
I	4053	C	*/+TGTCAT	47	13	21.31%	2	2	43	42	0.98	1	1	18	29	9	4	+TGTCAT
I	5677	G	*/-A	17	6	15.79%	1	2	35	49	0.98	1	1	17	0	4	2	-A
I	5677	G	*/-AA	17	7	18.42%	1	1	35	37	0.98	1	1	17	0	7	0	-AA
I	5677	G	*/-AAA	17	4	10.53%	1	2	35	39	0.98	1	1	17	0	3	1	-AA
I	6357	T	*/-AA	37	12	22.64%	2	2	44	42	0.98	1	1	21	16	4	8	-AA
I	7192	C	*/-A	30	3	6.67%	2	2	37	49	0.98	1	1	29	1	2	1	A
I	7192	C	*/+A	30	5	11.11%	2	1	37	39	0.98	1	1	29	1	5	0	+A
I	10859	G	*/-TT	5	7	53.85%	2	2	39	45	0.98	1	1	3	2	5	2	-TT
I	15734	C	*/+A	12	2	13.33%	2	1	40	42	0.98	1	1	9	3	2	0	+A
I	19694	T	*/+A	30	7	18.92%	2	1	60	37	0.98	1	1	18	12	7	0	+A
I	27402	A	*/-C	16	2	6.25%	2	1	34	33	0.98	1	1	1	15	0	2	-C
I	27402	A	*/+C	16	13	40.62%	2	1	34	32	0.98	1	1	1	15	0	13	+C
I	28398	A	*/+C	69	5	6.67%	2	2	48	66	0.98	1	1	24	45	2	3	+C
I	29373	T	*/+CTTGGGAATGATTATAGCAGC	35	2	5.13%	2	1	51	37	0.98	1	1	19	16	2	0	C
I	55244	T	*/-A	6	5	41.67%	1	2	38	39	0.98	1	1	6	0	4	1	-A
I	98884	C	*/+A	208	17	7.56%	2	2	48	69	0.98	1	1	116	92	10	7	+A
I	101871	A	+G/+G	0	25	100%	0	2	0	52	0.98	0	1	0	0	8	17	+G
I	137556	A	*/+CG	38	2	5%	2	1	44	37	0.98	1	1	23	15	2	0	+CG
I	137559	T	*/-AC	33	2	5.71%	2	1	43	37	0.98	1	1	20	13	2	0	-AC
I	149049	G	*/-AT	25	2	7.14%	2	2	47	49	0.98	1	1	9	16	1	1	-AT
I	215340	C	*/-T	15	2	11.76%	2	2	49	37	0.98	1	1	9	6	1	1	-T
I	216147	C	*/-T	15	4	20%	2	2	42	34	0.98	1	1	5	10	1	3	-T
I	232688	T	*/-A	7	2	22.22%	2	1	38	37	0.98	1	1	3	4	0	2	-A
I	440084	T	*/+A	0	3	60%	0	2	0	33	0.98	0	1	0	0	1	2	+A
I	441614	C	*/-T	6	2	18.18%	2	1	32	31	0.98	1	1	5	1	2	0	-T
I	441614	C	*/+T	6	2	18.18%	2	1	32	31	0.98	1	1	5	1	2	0	-T
I	453369	G	*/+A	5	7	43.75%	1	2	37	42	0.98	1	1	5	0	6	1	+A
I	460756	T	*/-A	26	2	7.14%	2	2	50	55	0.98	1	1	12	14	1	1	-A
I	470378	A	-C/-C	0	16	100%	0	2	0	40	0.98	0	1	0	0	7	9	-C
I	470390	A	-C/-C	0	15	100%	0	2	0	49	0.98	0	1	0	0	6	9	-C
I	473427	G	*/+T	7	4	30.77%	2	2	33	34	0.98	1	1	6	1	2	2	+T
I	479070	A	*/+T	17	2	10.53%	2	2	46	31	0.98	1	1	7	10	1	1	+T
I	482737	A	+G/+G	1	22	91.67%	1	2	37	49	0.98	1	1	0	1	7	15	+G
I	521845	T	*/-A	16	5	20%	2	2	43	49	0.98	1	1	6	10	3	2	-A
I	521845	T	*/-AA	16	3	12%	2	1	43	37	0.98	1	1	6	10	3	0	-A
I	528541	C	*/-A	16	2	11.11%	2	1	44	37	0.98	1	1	13	3	2	0	-A
I	554527	A	+T/+T	1	10	76.92%	1	2	25	43	0.98	1	1	1	0	5	5	+T
I	554527	A	*/+TT	1	2	15.38%	1	1	25	25	0.98	1	1	1	0	2	0	+T
I	562745	A	*/+T	5	6	46.15%	2	2	47	37	0.98	1	1	3	2	2	4	+T
I	649812	A	*/-T	18	2	10%	2	2	54	37	0.98	1	1	9	9	1	1	-T
I	650099	C	*/+A	2	2	25%	1	1	37	37	0.98	1	1	0	2	2	0	+A
I	650099	C	*/+AA	2	2	25%	1	1	37	37	0.98	1	1	0	2	0	2	+A
I	670032	C	+A/+A	1	35	94.59%	1	2	74	55	0.98	1	1	0	1	16	19	+A
I	682993	T	-C/-C	0	35	100%	0	2	0	46	0.98	0	1	0	0	9	26	-C
I	765477	A	*/-T	6	3	33.33%	2	1	46	49	0.98	1	1	4	2	3	0	-T
I	793917	A	*/-T	3	2	40%	1	2	33	25	0.98	1	1	3	0	1	1	-T
I	801065	G	*/+AGTATATATA	30	2	6.25%	2	2	42	37	0.98	1	1	11	19	1	1	+AGTATATATA
I	851935	C	*/+T	32	2	5.88%	2	2	46	37	0.98	1	1	11	21	1	1	+T
I	862962	C	+T/+T	1	22	95.65%	1	2	37	45	0.98	1	1	1	0	13	9	+T
I	934908	T	*/+AA	8	2	16.67%	2	2	40	68	0.98	1	1	7	1	1	1	+AA
I	960025	G	*/+T	6	5	41.67%	2	1	45	42	0.98	1	1	5	1	5	0	+T
I	965438	C	*/-A	6	3	30%	2	1	35	40	0.98	1	1	5	1	3	0	-A
I	993343	A	*/+T	11	2	15.38%	2	2	53	37	0.98	1	1	5	6	1	1	+T
I	1048635	G	+A/+A	0	10	100%	0	2	0	50	0.98	0	1	0	0	6	4	+A
I	1079583	T	*/+AAAAAAA	1	3	60%	1	2	37	49	0.98	1	1	1	0	1	2	+AAAAAAA
I	1090232	A	*/-G	8	4	33.33%	2	2	37	34	0.98	1	1	4	4	2	2	-G
I	1110373	C	*/-T	13	2	13.33%	2	2	47	37	0.98	1	1	9	4	1	1	-T
I	1149477	A	*/-T	21	2	8.7%	2	1	46	37	0.98	1	1	12	9	0	2	-T
I	1149587	T	*/+CCCCC	25	6	19.35%	2	2	39	35	0.98	1	1	10	15	3	3	+CCCCC
I	1149923	C	*/-A	17	2	10.53%	2	2	39	37	0.98	1	1	5	12	1	1	-A
I	1185797	G	*/-A	5	3	27.27%	2	2	32	33	0.98	1	1	2	3	1	2	-A
I	1185797	G	*/+A	5	2	18.18%	2	2	32	42	0.98	1	1	2	3	1	1	-A
I	1206603	G	*/-T	32	3	8.33%	2	2	48	61	0.98	1	1	17	15	1	2	-T
I	1254655	T	*/-A	8	2	20%	1	2	43	31	0.98	1	1	8	0	1	1	-A
I	1274803	T	+A/+A	1	8	88.89%	1	2	74	41	0.98	1	1	1	0	3	5	+A
I	1285947	A	*/-TC	23	2	8%	2	2	42	31	0.98	1	1	16	7	1	1	-TC
I	1290605	A	*/-T	10	4	28.57%	2	2	55	64	0.98	1	1	8	2	2	2	-T
I	1358794	C	*/+A	4	6	60%	2	2	37	44	0.98	1	1	1	3	3	3	+A
I	1424708	C	-A/-A	2	18	90%	1	2	37	46	0.98	1	1	2	0	9	9	-A
I	1454446	C	*/+A	16	2	10.53%	2	1	49	37	0.98	1	1	9	7	2	0	+A
I	1496317	C	*/-A	1	8	66.67%	1	2	37	52	0.98	1	1	1	0	5	3	-A
I	1496317	C	*/-AA	1	2	16.67%	1	2	37	55	0.98	1	1	1	0	1	1	-A
I	1509277	C	*/+T	1	5	71.43%	1	2	25	37	0.98	1	1	1	0	4	1	+T
I	1509738	G	*/-A	8	2	20%	2	1	41	37	0.98	1	1	5	3	2	0	-A
I	1541472	G	*/-T	8	2	16.67%	2	2	41	55	0.98	1	1	5	3	1	1	-T
I	1625092	T	+C/+C	0	10	100%	0	2	0	50	0.98	0	1	0	0	6	4	+C
I	1849285	C	*/-T	26	4	12.9%	2	2	43	58	0.98	1	1	12	14	1	3	-T
I	1890184	C	*/-A	7	4	30.77%	2	2	43	36	0.98	1	1	6	1	2	2	-A
I	1936294	G	+A/+A	1	10	83.33%	1	2	74	49	0.98	1	1	1	0	4	6	+A
I	1939030	A	*/+G	17	2	10.53%	2	1	50	37	0.98	1	1	8	9	0	2	+G
I	1943784	A	*/+C	8	2	18.18%	2	1	38	68	0.98	1	1	7	1	0	2	+C
I	1952313	A	+T/+T	1	21	95.45%	1	2	37	41	0.98	1	1	1	0	15	6	+T
I	1954162	C	*/-A	15	3	12.5%	2	1	45	37	0.98	1	1	11	4	3	0	-A
I	1954162	C	*/-AA	15	4	16.67%	2	2	45	49	0.98	1	1	11	4	3	1	-AA
I	1955754	C	*/+TT	3	4	40%	2	2	31	49	0.98	1	1	2	1	2	2	+TT
I	1955853	T	*/+A	9	5	35.71%	2	1	36	37	0.98	1	1	3	6	5	0	+A
I	2016958	G	*/+T	15	2	11.76%	2	1	40	55	0.98	1	1	10	5	2	0	+T
I	2025000	C	*/+T	2	4	50%	1	2	37	36	0.98	1	1	2	0	3	1	+T
I	2041948	T	*/-A	10	2	13.33%	1	1	35	42	0.98	1	1	10	0	2	0	-A
I	2041948	T	*/+A	10	2	13.33%	1	1	35	37	0.98	1	1	10	0	2	0	-A
I	2052488	A	*/-T	10	6	37.5%	2	2	39	43	0.98	1	1	8	2	5	1	-T
I	2139856	G	+T/+T	0	7	100%	0	2	0	38	0.98	0	1	0	0	3	4	+T
I	2154491	T	+A/+A	0	16	100%	0	2	0	41	0.98	0	1	0	0	3	13	+A
I	2174555	C	*/-A	5	3	30%	2	2	44	45	0.98	1	1	4	1	2	1	-A
I	2178948	C	*/+A	19	3	12.5%	2	1	41	37	0.98	1	1	18	1	3	0	+A
I	2205094	G	*/-A	12	2	14.29%	2	1	44	49	0.98	1	1	8	4	2	0	-A
I	2231735	C	*/+A	9	2	18.18%	2	2	45	31	0.98	1	1	6	3	1	1	+A
I	2245479	T	*/+C	7	2	22.22%	2	2	56	31	0.98	1	1	1	6	1	1	+C
I	2273201	T	*/-A	5	3	33.33%	1	2	37	41	0.98	1	1	5	0	1	2	-A
I	2288240	C	-G/-G	0	21	100%	0	2	0	52	0.98	0	1	0	0	7	14	-G
I	2322441	G	*/+A	24	2	7.41%	2	1	50	37	0.98	1	1	14	10	2	0	+A
I	2322636	C	*/-AA	12	2	12.5%	2	1	38	55	0.98	1	1	11	1	2	0	-AA
I	2343703	G	+A/+A	0	7	100%	0	2	0	58	0.98	0	1	0	0	2	5	+A
I	2421576	A	-C/-C	0	19	100%	0	2	0	43	0.98	0	1	0	0	16	3	-C
I	2499149	A	-T/-T	0	16	100%	0	2	0	39	0.98	0	1	0	0	5	11	-T
I	2502628	T	*/-A	12	2	13.33%	2	1	45	55	0.98	1	1	8	4	2	0	-A
I	2507462	T	+A/+A	0	13	100%	0	2	0	39	0.98	0	1	0	0	10	3	+A
I	2510060	T	+A/+A	1	14	93.33%	1	2	74	43	0.98	1	1	0	1	9	5	+A
I	2520612	G	*/-T	20	2	8.33%	2	2	54	74	0.98	1	1	11	9	1	1	-T
I	2525713	C	*/-T	21	6	21.43%	2	2	37	45	0.98	1	1	19	2	5	1	-T
I	2588021	C	+A/+A	1	10	90.91%	1	2	37	53	0.98	1	1	0	1	4	6	+A
I	2588066	C	+A/+A	0	7	100%	0	2	0	56	0.98	0	1	0	0	4	3	+A
I	2594263	C	+T/+T	0	5	100%	0	2	0	49	0.98	0	1	0	0	1	4	+T
I	2594324	T	+A/+A	1	10	90.91%	1	2	37	44	0.98	1	1	0	1	5	5	+A
I	2594351	T	+A/+A	1	10	83.33%	1	2	37	44	0.98	1	1	0	1	6	4	+A
I	2594391	A	+T/+T	0	9	100%	0	2	0	41	0.98	0	1	0	0	7	2	+T
I	2605860	G	-T/-T	1	14	93.33%	1	2	37	40	0.98	1	1	0	1	7	7	-T
I	2607669	A	+T/+T	2	14	87.5%	2	2	37	49	0.98	1	1	1	1	7	7	+T
I	2641998	C	*/+T	2	4	66.67%	1	2	33	34	0.98	1	1	2	0	2	2	+T
I	2683902	T	-C/-C	2	20	90.91%	1	2	37	45	0.98	1	1	0	2	8	12	-C
I	2747027	T	*/-A	7	2	20%	1	2	47	31	0.98	1	1	7	0	1	1	-A
I	2751236	T	-A/-A	0	10	90.91%	0	2	0	49	0.98	0	1	0	0	3	7	-A
I	2759871	T	+C/+C	0	4	80%	0	2	0	46	0.98	0	1	0	0	1	3	+C
I	2784894	A	*/+CT	15	2	11.76%	2	1	58	37	0.98	1	1	6	9	2	0	+CT
I	2892546	A	*/-G	27	5	15.62%	2	2	46	34	0.98	1	1	16	11	2	3	-G
I	2960791	T	*/-A	13	4	23.53%	2	2	42	46	0.98	1	1	5	8	1	3	-A
I	2969806	T	*/-G	28	2	6.67%	2	2	41	37	0.98	1	1	17	11	1	1	-G
I	3023963	C	*/-T	16	2	11.11%	2	1	43	23	0.98	1	1	10	6	2	0	-T
I	3084527	A	*/+AGT	33	2	5.71%	2	1	53	74	0.98	1	1	11	22	0	2	+AGT
I	3125118	A	+T/+T	0	9	100%	0	2	0	49	0.98	0	1	0	0	6	3	+T
I	3144699	T	*/-A	7	2	20%	2	2	44	55	0.98	1	1	4	3	1	1	-A
I	3159187	C	*/-CA	54	8	12.9%	2	2	46	44	0.98	1	1	24	30	1	7	-CA
I	3159994	C	*/-T	47	3	6%	2	2	39	41	0.98	1	1	42	5	2	1	-T
I	3166776	G	*/+TTT	3	6	54.55%	2	2	45	51	0.98	1	1	2	1	2	4	+TTT
I	3178494	C	+T/+T	1	15	93.75%	1	2	37	51	0.98	1	1	1	0	3	12	+T
I	3184255	T	*/-A	7	2	20%	2	2	45	31	0.98	1	1	4	3	1	1	-A
I	3197528	A	+G/+G	1	22	95.65%	1	2	37	43	0.98	1	1	0	1	12	10	+G
I	3299997	G	*/-A	17	4	19.05%	2	2	40	55	0.98	1	1	14	3	2	2	-A
I	3315671	T	*/-G	25	2	7.41%	2	1	52	31	0.98	1	1	15	10	2	0	-G
I	3325325	T	*/+G	27	2	6.9%	2	2	47	37	0.98	1	1	13	14	1	1	+G
I	3410124	A	*/-T	9	3	25%	2	2	39	61	0.98	1	1	4	5	1	2	-T
I	3450130	G	-T/-T	0	15	100%	0	2	0	44	0.98	0	1	0	0	7	8	-T
I	3460318	T	+C/+C	0	7	100%	0	2	0	47	0.98	0	1	0	0	5	2	+C
I	3538413	A	+T/+T	1	13	92.86%	1	2	37	42	0.98	1	1	0	1	5	8	+T
I	3538428	G	+T/+T	2	11	84.62%	2	2	37	40	0.98	1	1	1	1	3	8	+T
I	3538436	T	+A/+A	0	11	100%	0	2	0	40	0.98	0	1	0	0	3	8	+A
I	3538449	T	+TA/+TA	2	9	81.82%	1	2	37	34	0.98	1	1	0	2	3	6	+TA
I	3538456	A	+AT/+AT	0	10	100%	0	2	0	35	0.98	0	1	0	0	3	7	+AT
I	3576627	C	*/-T	1	3	50%	1	1	37	36	0.98	1	1	1	0	0	3	-T
I	3576756	T	*/+TCTTCTC	1	4	44.44%	1	2	37	40	0.98	1	1	0	1	1	3	C
I	3576929	C	+T/+T	0	14	87.5%	0	2	0	35	0.98	0	1	0	0	5	9	+T
I	3578638	A	*/+T	8	2	20%	2	2	37	37	0.98	1	1	3	5	1	1	+T
I	3580034	C	*/+T	1	3	60%	1	2	37	49	0.98	1	1	1	0	1	2	+T
I	3659724	C	*/+T	14	4	20%	2	2	41	43	0.98	1	1	9	5	2	2	+T
I	3659724	C	*/+TT	14	2	10%	2	2	41	49	0.98	1	1	9	5	1	1	+T
I	3665610	G	+C/+C	0	45	100%	0	2	0	46	0.98	0	1	0	0	20	25	+C
I	3700385	T	*/+A	2	3	15.79%	1	2	37	32	0.98	1	1	2	0	1	2	+A
I	3700385	T	*/+AA	2	13	68.42%	1	2	37	38	0.98	1	1	2	0	7	6	+AA
I	3730369	A	+T/+T	2	9	81.82%	1	2	55	46	0.98	1	1	2	0	5	4	+T
I	3765328	C	+T/+T	3	12	80%	2	2	37	44	0.98	1	1	2	1	10	2	+T
I	3776933	G	+A/+A	1	9	90%	1	2	48	34	0.98	1	1	0	1	1	8	+A
I	3848002	C	*/+A	9	3	23.08%	2	2	44	45	0.98	1	1	5	4	2	1	+A
I	3850523	C	*/-T	10	2	16.67%	2	1	50	68	0.98	1	1	6	4	0	2	-T
I	3851224	A	*/+GTC	25	2	7.41%	2	1	43	68	0.98	1	1	14	11	0	2	+GTC
I	3855790	G	-T/-T	2	10	83.33%	2	2	55	48	0.98	1	1	1	1	7	3	-T
I	3940025	G	+T/+T	0	11	91.67%	0	2	0	48	0.98	0	1	0	0	6	5	+T
I	3984736	A	*/-GGT	137	8	5.52%	2	1	47	50	0.98	1	1	40	97	0	8	-GGT
I	3992213	A	*/-C	7	2	22.22%	1	1	40	31	0.98	1	1	0	7	0	2	-C
I	3995023	C	*/-T	5	2	18.18%	2	1	33	37	0.98	1	1	3	2	2	0	-T
I	3995023	C	*/-TT	5	2	18.18%	2	1	33	36	0.98	1	1	3	2	0	2	-T
I	3995862	A	*/+T	84	8	8.7%	2	2	44	46	0.98	1	1	40	44	7	1	+T
I	3996048	G	*/-A	82	12	12.77%	2	2	49	55	0.98	1	1	43	39	5	7	-A
I	4004016	G	*/-T	7	5	33.33%	2	2	47	42	0.98	1	1	4	3	3	2	-T
I	4010237	A	*/-GG	11	3	17.65%	2	1	40	37	0.98	1	1	6	5	3	0	-GG
I	4019372	T	*/-A	33	2	5.71%	2	2	43	31	0.98	1	1	28	5	1	1	-A
I	4055052	T	*/+A	6	12	66.67%	2	2	43	49	0.98	1	1	4	2	8	4	+A
I	4153651	C	*/+T	9	2	15.38%	2	2	36	42	0.98	1	1	8	1	1	1	+T
I	4179701	C	*/+TT	3	2	33.33%	2	1	32	42	0.98	1	1	2	1	2	0	+TT
I	4239381	C	*/+T	12	3	20%	2	2	46	45	0.98	1	1	6	6	1	2	+T
I	4241118	G	*/-A	10	4	26.67%	2	1	44	37	0.98	1	1	7	3	4	0	-A
I	4276890	G	*/+T	4	14	73.68%	1	2	43	43	0.98	1	1	4	0	5	9	+T
I	4304169	G	+A/+A	0	12	100%	0	2	0	42	0.98	0	1	0	0	5	7	+A
I	4374342	A	-G/-G	0	30	100%	0	2	0	49	0.98	0	1	0	0	21	9	-G
I	4407494	T	+G/+G	0	24	96%	0	2	0	44	0.98	0	1	0	0	15	9	+G
I	4410191	C	-G/-G	2	22	91.67%	2	2	37	39	0.98	1	1	1	1	11	11	-G
I	4429500	G	*/+T	15	2	11.76%	2	1	54	55	0.98	1	1	7	8	0	2	+T
I	4431856	G	+A/+A	2	30	93.75%	1	2	74	44	0.98	1	1	2	0	15	15	+A
I	4431868	C	+A/+A	4	25	86.21%	2	2	37	42	0.98	1	1	3	1	10	15	+A
I	4442621	A	*/-AT	32	3	8.33%	2	1	44	45	0.98	1	1	21	11	3	0	-AT
I	4514478	T	*/-A	7	2	16.67%	2	1	45	37	0.98	1	1	5	2	2	0	-A
I	4514478	T	*/-AAA	7	2	16.67%	2	1	45	49	0.98	1	1	5	2	0	2	-A
I	4648159	T	*/-G	6	5	33.33%	2	2	32	51	0.98	1	1	1	5	4	1	-G
I	4648159	T	*/-GG	6	4	26.67%	2	2	32	34	0.98	1	1	1	5	2	2	-G
I	4721875	G	+A/+A	0	10	100%	0	2	0	48	0.98	0	1	0	0	4	6	+A
I	4742680	C	*/+T	21	4	16%	2	2	46	46	0.98	1	1	12	9	2	2	+T
I	4764253	G	*/+A	10	5	31.25%	1	2	45	49	0.98	1	1	10	0	3	2	+A
I	4926046	C	*/+T	5	9	64.29%	2	2	36	39	0.98	1	1	4	1	6	3	+T
I	4942625	C	*/-T	24	2	7.69%	2	1	49	55	0.98	1	1	13	11	2	0	-T
I	5060109	A	*/+T	12	2	14.29%	2	2	47	55	0.98	1	1	4	8	1	1	+T
I	5117187	C	*/-T	11	2	13.33%	2	2	34	31	0.98	1	1	7	4	1	1	-T
I	5142627	A	+G/+G	0	8	88.89%	0	2	0	55	0.98	0	1	0	0	3	5	+G
I	5148414	T	-A/-A	2	22	91.67%	1	2	37	38	0.98	1	1	2	0	8	14	-A
I	5159554	C	*/-T	19	2	9.09%	2	1	45	37	0.98	1	1	10	9	0	2	-T
I	5173087	C	+T/+T	2	6	75%	1	2	37	49	0.98	1	1	2	0	4	2	+T
I	5173430	G	*/+T	6	15	65.22%	2	2	45	45	0.98	1	1	5	1	11	4	+T
I	5173430	G	*/+TT	6	2	8.7%	2	1	45	55	0.98	1	1	5	1	2	0	+T
I	5176926	T	*/+A	1	3	50%	1	2	74	49	0.98	1	1	1	0	2	1	+A
I	5177760	A	*/-T	12	2	13.33%	1	2	35	49	0.98	1	1	12	0	1	1	-T
I	5247362	C	*/+A	24	2	7.69%	2	2	45	37	0.98	1	1	10	14	1	1	+A
I	5266596	A	*/-T	18	3	14.29%	2	2	41	37	0.98	1	1	11	7	2	1	-T
I	5271106	A	*/+GTT	12	2	14.29%	2	2	48	37	0.98	1	1	3	9	1	1	+GTT
I	5280350	A	*/-T	22	2	8.33%	2	2	43	37	0.98	1	1	19	3	1	1	-T
I	5360243	A	*/+T	35	3	7.89%	2	1	50	37	0.98	1	1	22	13	0	3	+T
I	5368262	T	-C/-C	1	34	97.14%	1	2	37	55	0.98	1	1	1	0	14	20	-C
I	5368273	G	+T/+T	2	34	94.44%	1	2	55	51	0.98	1	1	0	2	14	20	+T
I	5392865	C	*/+T	9	2	18.18%	2	2	45	31	0.98	1	1	3	6	1	1	+T
I	5426622	C	+T/+T	2	9	81.82%	1	2	49	42	0.98	1	1	2	0	7	2	+T
I	5473532	G	*/-T	36	2	5.26%	2	2	47	37	0.98	1	1	18	18	1	1	-T
I	5509333	T	*/+A	28	3	9.38%	2	1	59	37	0.98	1	1	8	20	3	0	+A
I	5567937	C	*/+A	14	2	11.76%	2	1	45	37	0.98	1	1	7	7	2	0	+A
I	5569124	G	*/+GGCTGCTATAATCATTCCCAA	41	4	8.89%	2	1	50	49	0.98	1	1	18	23	0	4	+GGCTGCTATAATCATTCCCAA
I	5576850	T	*/-AA	10	8	44.44%	2	2	44	40	0.98	1	1	7	3	5	3	-AA
II	5109	A	*/+C	80	9	10.11%	2	2	45	53	0.98	1	1	13	67	6	3	+C
II	5178	C	*/+A	37	3	7.5%	2	2	52	74	0.98	1	1	20	17	1	2	+A
II	31617	A	*/-T	2	2	50%	1	2	55	31	0.98	1	1	2	0	1	1	-T
II	43694	C	*/+G	24	2	7.69%	2	2	47	37	0.98	1	1	13	11	1	1	+G
II	121588	G	*/+T	6	4	40%	2	2	37	74	0.98	1	1	3	3	2	2	+T
II	128001	T	-A/-A	1	12	92.31%	1	2	37	52	0.98	1	1	1	0	6	6	-A
II	146079	T	-C/-C	1	15	93.75%	1	2	74	41	0.98	1	1	1	0	8	7	-C
II	201022	A	*/-T	12	2	11.76%	2	2	40	55	0.98	1	1	9	3	1	1	-T
II	201022	A	*/-TT	12	2	11.76%	2	1	40	55	0.98	1	1	9	3	0	2	-T
II	206154	T	*/-A	36	2	5.26%	2	1	46	37	0.98	1	1	17	19	0	2	-A
II	229897	A	*/-T	35	7	14%	2	2	38	42	0.98	1	1	32	3	5	2	-T
II	229897	A	*/-TT	35	5	10%	2	2	38	34	0.98	1	1	32	3	4	1	-T
II	229897	A	*/+T	35	3	6%	2	1	38	37	0.98	1	1	32	3	3	0	-T
II	320661	G	*/-A	15	2	10.53%	2	1	44	50	0.98	1	1	7	8	0	2	-A
II	320661	G	*/+A	15	2	10.53%	2	2	44	31	0.98	1	1	7	8	1	1	-A
II	410085	C	*/-T	12	6	28.57%	2	2	41	40	0.98	1	1	10	2	4	2	-T
II	410085	C	*/+T	12	2	9.52%	2	2	41	36	0.98	1	1	10	2	1	1	-T
II	429743	A	*/+T	5	2	28.57%	2	1	44	37	0.98	1	1	3	2	2	0	+T
II	484534	A	+T/+T	1	11	84.62%	1	2	74	42	0.98	1	1	1	0	2	9	+T
II	516071	T	*/-A	9	4	30.77%	2	2	48	46	0.98	1	1	6	3	2	2	-A
II	521731	G	*/+T	21	2	8%	2	1	47	55	0.98	1	1	10	11	0	2	+T
II	603279	A	-T/-T	0	9	100%	0	2	0	49	0.98	0	1	0	0	6	3	-T
II	603305	A	-C/-C	0	8	100%	0	2	0	50	0.98	0	1	0	0	5	3	-C
II	673086	G	*/-A	2	5	50%	2	1	37	44	0.98	1	1	1	1	5	0	-A
II	673086	G	*/-AA	2	3	30%	2	1	37	49	0.98	1	1	1	1	3	0	-A
II	677175	G	*/-TA	19	2	9.52%	2	1	45	68	0.98	1	1	5	14	2	0	-TA
II	700009	T	-A/-A	1	13	92.86%	1	2	62	39	0.98	1	1	1	0	6	7	-A
II	754458	C	*/-G	12	2	14.29%	2	2	50	37	0.98	1	1	5	7	1	1	-G
II	756294	C	*/+T	18	2	10%	2	2	48	49	0.98	1	1	9	9	1	1	+T
II	756993	C	*/-T	13	4	20%	2	2	41	36	0.98	1	1	8	5	3	1	-T
II	756993	C	*/+T	13	2	10%	2	2	41	37	0.98	1	1	8	5	1	1	-T
II	819361	C	*/-AAAAA	9	2	15.38%	2	2	38	37	0.98	1	1	6	3	1	1	-AAAAA
II	888599	A	-C/-C	0	11	100%	0	2	0	52	0.98	0	1	0	0	3	8	-C
II	889921	C	*/+T	13	2	13.33%	2	2	42	42	0.98	1	1	10	3	1	1	+T
II	890288	G	*/-A	13	2	11.76%	2	2	49	55	0.98	1	1	8	5	1	1	-A
II	903106	G	+T/+T	0	16	100%	0	2	0	44	0.98	0	1	0	0	4	12	+T
II	965517	C	*/-T	11	2	15.38%	2	2	42	36	0.98	1	1	8	3	1	1	-T
II	1019510	T	*/-A	1	7	70%	1	2	37	37	0.98	1	1	1	0	3	4	-A
II	1059118	T	*/-A	15	2	11.11%	2	1	38	55	0.98	1	1	4	11	2	0	-A
II	1069791	C	*/-A	16	2	10%	2	1	45	37	0.98	1	1	9	7	2	0	-A
II	1069791	C	*/+A	16	2	10%	2	1	45	37	0.98	1	1	9	7	2	0	-A
II	1079843	T	*/+A	4	10	71.43%	2	2	55	40	0.98	1	1	1	3	3	7	+A
II	1163154	A	-T/-T	1	11	91.67%	1	2	25	41	0.98	1	1	0	1	6	5	-T
II	1225665	T	*/-A	14	2	12.5%	2	1	37	37	0.98	1	1	7	7	2	0	-A
II	1243365	G	*/-T	18	3	13.64%	2	2	41	53	0.98	1	1	5	13	1	2	-T
II	1264791	C	*/-T	2	3	60%	2	2	36	45	0.98	1	1	1	1	1	2	-T
II	1266289	T	+A/+A	2	14	87.5%	1	2	31	38	0.98	1	1	2	0	8	6	+A
II	1266955	G	*/-GA	58	5	7.94%	2	2	48	46	0.98	1	1	29	29	3	2	-GA
II	1267842	C	*/+A	8	3	27.27%	2	1	34	37	0.98	1	1	3	5	3	0	+A
II	1308618	G	-T/-T	2	25	92.59%	2	2	37	46	0.98	1	1	1	1	17	8	-T
II	1349040	A	*/-T	7	2	22.22%	2	2	37	37	0.98	1	1	5	2	1	1	-T
II	1389139	C	*/+T	3	2	33.33%	1	2	57	55	0.98	1	1	0	3	1	1	+T
II	1467485	C	*/-T	10	5	25%	2	2	35	44	0.98	1	1	2	8	2	3	-T
II	1467485	C	*/-TT	10	2	10%	2	1	35	49	0.98	1	1	2	8	0	2	-T
II	1467485	C	*/+TT	10	2	10%	2	1	35	31	0.98	1	1	2	8	2	0	-T
II	1541834	T	*/-CA	21	2	8.7%	2	1	47	37	0.98	1	1	11	10	0	2	-CA
II	1545027	C	*/-A	5	2	20%	2	2	32	68	0.98	1	1	3	2	1	1	-A
II	1550398	G	*/-A	15	2	11.76%	2	2	48	55	0.98	1	1	10	5	1	1	-A
II	1554361	C	*/-T	17	3	15%	2	2	42	37	0.98	1	1	11	6	1	2	-T
II	1555919	A	*/+TTTATT	3	3	50%	1	1	61	70	0.98	1	1	3	0	0	3	+TTTATT
II	1606686	A	*/+TGGAAGTGGTAAG	69	6	8%	2	2	48	51	0.98	1	1	31	38	3	3	+TGGAAGTGGTAAG
II	1644854	C	*/-T	8	2	20%	2	1	41	36	0.98	1	1	5	3	2	0	-T
II	1709150	G	*/-T	14	2	12.5%	2	1	43	49	0.98	1	1	10	4	2	0	-T
II	1716256	G	*/+T	9	3	25%	2	2	38	49	0.98	1	1	7	2	2	1	+T
II	1716287	T	*/-G	10	7	41.18%	2	2	46	42	0.98	1	1	4	6	1	6	-G
II	1748646	G	*/-AA	5	3	33.33%	1	2	41	44	0.98	1	1	5	0	1	2	-AA
II	1748915	A	*/-AATT	15	2	11.76%	2	2	46	37	0.98	1	1	9	6	1	1	-AATT
II	1763419	T	*/-A	11	2	12.5%	2	1	47	55	0.98	1	1	6	5	0	2	-A
II	1763419	T	*/+A	11	3	18.75%	2	1	47	37	0.98	1	1	6	5	3	0	+A
II	1818108	C	*/-T	7	5	35.71%	2	2	47	37	0.98	1	1	3	4	3	2	-T
II	1818108	C	*/-TT	7	2	14.29%	2	1	47	55	0.98	1	1	3	4	0	2	-T
II	1861420	T	-G/-G	1	19	95%	1	2	37	48	0.98	1	1	0	1	10	9	-G
II	1867795	A	*/+T	3	3	50%	2	2	49	37	0.98	1	1	2	1	1	2	+T
II	1868122	G	*/-T	3	2	12.5%	1	2	37	49	0.98	1	1	3	0	1	1	-T
II	1868122	G	*/+T	3	9	56.25%	1	2	37	46	0.98	1	1	3	0	7	2	+T
II	1868122	G	*/+TT	3	2	12.5%	1	1	37	37	0.98	1	1	3	0	2	0	+T
II	1873779	T	+A/+A	0	13	100%	0	2	0	41	0.98	0	1	0	0	8	5	+A
II	1877294	A	+T/+T	1	14	93.33%	1	2	37	54	0.98	1	1	1	0	10	4	+T
II	1941697	A	*/-T	7	2	22.22%	2	1	45	55	0.98	1	1	5	2	2	0	-T
II	1941966	A	+T/+T	0	18	100%	0	2	0	54	0.98	0	1	0	0	3	15	+T
II	1941982	A	+T/+T	0	20	100%	0	2	0	54	0.98	0	1	0	0	6	14	+T
II	1948953	G	-A/-A	0	23	100%	0	2	0	46	0.98	0	1	0	0	11	12	-A
II	1950050	A	+G/+G	0	33	100%	0	2	0	53	0.98	0	1	0	0	12	21	+G
II	1953298	C	*/-CT	19	2	9.52%	2	2	34	48	0.98	1	1	8	11	1	1	-CT
II	1955495	T	+A/+A	0	10	100%	0	2	0	46	0.98	0	1	0	0	5	5	+A
II	1960392	A	+G/+G	0	16	94.12%	0	2	0	45	0.98	0	1	0	0	5	11	+G
II	1987101	C	-G/-G	0	25	100%	0	2	0	47	0.98	0	1	0	0	16	9	-G
II	1987117	T	-G/-G	1	27	96.43%	1	2	37	46	0.98	1	1	0	1	17	10	-G
II	2012625	T	*/+C	50	3	5.66%	2	2	42	37	0.98	1	1	16	34	1	2	+C
II	2049891	A	-T/-T	0	35	100%	0	2	0	49	0.98	0	1	0	0	22	13	-T
II	2053516	G	+C/+C	2	17	89.47%	2	2	55	52	0.98	1	1	1	1	6	11	+C
II	2104600	G	*/+A	13	2	13.33%	2	1	38	55	0.98	1	1	11	2	2	0	+A
II	2108180	T	+A/+A	2	16	88.89%	1	2	31	49	0.98	1	1	0	2	11	5	+A
II	2147726	G	+T/+T	2	14	87.5%	1	2	55	41	0.98	1	1	2	0	6	8	+T
II	2187407	G	+A/+A	0	16	100%	0	2	0	44	0.98	0	1	0	0	7	9	+A
II	2198945	G	*/-CA	28	4	12.5%	2	2	39	37	0.98	1	1	6	22	1	3	-CA
II	2199987	A	*/+TAACC	43	6	12.24%	2	1	47	53	0.98	1	1	12	31	0	6	+TAACC
II	2203175	T	*/-A	17	3	14.29%	2	2	41	49	0.98	1	1	12	5	2	1	-A
II	2219928	A	+T/+T	0	11	91.67%	0	2	0	49	0.98	0	1	0	0	6	5	+T
II	2293297	G	-A/-A	0	9	100%	0	2	0	49	0.98	0	1	0	0	6	3	-A
II	2315417	A	*/-C	31	2	6.06%	2	2	38	37	0.98	1	1	12	19	1	1	-C
II	2338528	G	*/-A	12	2	13.33%	2	1	41	37	0.98	1	1	8	4	2	0	-A
II	2414394	C	*/+A	23	4	14.81%	2	2	41	37	0.98	1	1	13	10	2	2	+A
II	2443873	T	*/+A	3	3	33.33%	2	2	45	40	0.98	1	1	2	1	2	1	+A
II	2523622	A	*/-AC	11	2	15.38%	2	1	38	31	0.98	1	1	6	5	0	2	-AC
II	2552673	G	*/-T	4	2	33.33%	2	2	31	49	0.98	1	1	2	2	1	1	-T
II	2592423	T	+A/+A	2	9	81.82%	1	2	43	48	0.98	1	1	2	0	5	4	+A
II	2630607	C	+A/+A	0	12	92.31%	0	2	0	41	0.98	0	1	0	0	6	6	+A
II	2630878	C	*/-AT	18	2	10%	2	2	48	31	0.98	1	1	4	14	1	1	-AT
II	2640785	T	+A/+A	2	12	80%	2	2	31	50	0.98	1	1	1	1	6	6	+A
II	2647497	C	*/-T	15	4	21.05%	2	2	39	52	0.98	1	1	6	9	3	1	-T
II	2709414	G	+C/+C	0	17	100%	0	2	0	50	0.98	0	1	0	0	9	8	+C
II	2727162	C	*/-A	17	2	10.53%	2	2	42	37	0.98	1	1	10	7	1	1	-A
II	2755338	C	*/-AT	9	9	50%	1	2	42	45	0.98	1	1	0	9	5	4	-AT
II	2788933	C	+G/+G	0	26	100%	0	2	0	47	0.98	0	1	0	0	19	7	+G
II	2798040	C	-T/-T	0	16	100%	0	2	0	44	0.98	0	1	0	0	9	7	-T
II	2798514	A	-G/-G	1	13	92.86%	1	2	37	53	0.98	1	1	1	0	4	9	-G
II	2811495	C	-A/-A	0	16	100%	0	2	0	41	0.98	0	1	0	0	7	9	-A
II	2826100	G	*/+A	11	2	13.33%	2	2	39	49	0.98	1	1	8	3	1	1	+A
II	2894538	T	*/-A	9	5	35.71%	2	2	35	42	0.98	1	1	5	4	1	4	-A
II	2900889	A	*/+T	3	2	28.57%	2	2	53	55	0.98	1	1	2	1	1	1	+T
II	2938956	C	+T/+T	0	9	81.82%	0	2	0	39	0.98	0	1	0	0	2	7	+T
II	3010975	G	*/-T	35	2	5.41%	2	1	47	61	0.98	1	1	16	19	0	2	-T
II	3028585	C	*/-AT	8	2	20%	2	2	40	55	0.98	1	1	1	7	1	1	-AT
II	3040332	C	+G/+G	0	32	94.12%	0	2	0	45	0.98	0	1	0	0	16	16	+G
II	3069119	C	*/+A	20	2	9.09%	2	1	38	36	0.98	1	1	13	7	0	2	+A
II	3154052	G	*/-T	12	3	18.75%	2	2	39	49	0.98	1	1	7	5	1	2	-T
II	3179569	T	*/+A	21	2	8.7%	2	1	42	37	0.98	1	1	11	10	2	0	+A
II	3253453	C	*/+TT	1	3	60%	1	1	37	40	0.98	1	1	1	0	3	0	+TT
II	3410437	G	*/-T	10	2	13.33%	2	2	38	31	0.98	1	1	4	6	1	1	-T
II	3509251	T	*/-A	9	2	18.18%	2	2	49	55	0.98	1	1	5	4	1	1	-A
II	3512925	C	*/-T	7	2	22.22%	2	2	44	29	0.98	1	1	5	2	1	1	-T
II	3513854	C	*/-T	10	2	16.67%	2	2	39	37	0.98	1	1	3	7	1	1	-T
II	3540057	A	*/-T	14	2	11.76%	2	2	54	31	0.98	1	1	7	7	1	1	-T
II	3619003	A	+G/+G	2	17	89.47%	1	2	31	39	0.98	1	1	0	2	9	8	+G
II	3715149	G	*/+A	4	2	28.57%	1	1	40	51	0.98	1	1	4	0	2	0	+A
II	3799350	G	+A/+A	0	4	80%	0	2	0	55	0.98	0	1	0	0	3	1	+A
II	3815025	C	*/-T	5	4	44.44%	1	2	46	49	0.98	1	1	5	0	2	2	-T
II	3838101	C	-A/-A	0	8	100%	0	2	0	46	0.98	0	1	0	0	3	5	-A
II	3856896	A	*/-T	11	2	13.33%	2	2	40	37	0.98	1	1	5	6	1	1	-T
II	3860185	C	*/-TAGTA	21	20	46.51%	2	2	45	45	0.98	1	1	3	18	12	8	-TAGTA
II	3861161	C	*/-T	17	3	13.64%	2	2	34	36	0.98	1	1	11	6	1	2	-T
II	3861161	C	*/+T	17	2	9.09%	2	2	34	55	0.98	1	1	11	6	1	1	-T
II	3954038	T	*/-C	25	2	7.41%	2	1	50	29	0.98	1	1	16	9	0	2	-C
II	3954039	C	*/-T	15	6	25%	2	2	48	45	0.98	1	1	11	4	5	1	-T
II	3954039	C	*/-TT	15	2	8.33%	2	2	48	74	0.98	1	1	11	4	1	1	-T
II	3975235	C	*/-A	9	5	19.23%	2	1	41	37	0.98	1	1	8	1	5	0	-A
II	3975235	C	*/-AA	9	3	11.54%	2	1	41	36	0.98	1	1	8	1	0	3	-A
II	3975235	C	*/+A	9	4	15.38%	2	1	41	39	0.98	1	1	8	1	4	0	+A
II	3975235	C	*/+AA	9	2	7.69%	2	1	41	37	0.98	1	1	8	1	2	0	+A
II	4006982	C	-A/-A	0	4	100%	0	2	0	55	0.98	0	1	0	0	1	3	-A
II	4031460	A	*/+T	6	2	22.22%	1	1	36	42	0.98	1	1	6	0	2	0	+T
II	4037197	A	*/-TG	45	4	7.69%	2	2	47	40	0.98	1	1	15	30	1	3	-TG
II	4107253	G	*/+TT	1	3	42.86%	1	2	37	33	0.98	1	1	1	0	2	1	+TT
II	4254960	G	-A/-A	0	18	100%	0	2	0	46	0.98	0	1	0	0	4	14	-A
II	4308414	C	*/+A	3	6	60%	1	2	40	49	0.98	1	1	3	0	4	2	+A
II	4343817	T	*/-A	10	2	16.67%	2	2	51	37	0.98	1	1	5	5	1	1	-A
II	4344813	T	*/-TTC	19	2	9.09%	2	2	44	37	0.98	1	1	11	8	1	1	-TTC
II	4419921	T	*/+A	0	3	50%	0	2	0	33	0.98	0	1	0	0	1	2	A
II	4459027	C	*/+A	47	5	9.62%	2	2	56	66	0.98	1	1	27	20	3	2	+A
II	4507742	G	*/+T	45	5	10%	2	2	53	66	0.98	1	1	18	27	4	1	+T
II	4507813	A	*/+G	84	7	7.69%	2	2	51	68	0.98	1	1	49	35	4	3	+G
II	4515621	C	*/+A	6	3	33.33%	2	1	35	33	0.98	1	1	5	1	3	0	+A
II	4517047	T	*/+TACTCATC	61	14	17.28%	2	2	47	44	0.98	1	1	36	25	7	7	+TACTCATC
II	4517074	C	*/+TCA	83	5	5.68%	2	1	44	44	0.98	1	1	53	30	0	5	+TCA
II	4521677	T	*/-AA	10	7	41.18%	2	2	49	52	0.98	1	1	7	3	5	2	-AA
II	4525340	G	*/-T	45	3	5.17%	2	2	41	49	0.98	1	1	32	13	1	2	-T
II	4525340	G	*/+T	45	9	15.52%	2	2	41	44	0.98	1	1	32	13	4	5	+T
II	4526174	A	*/-T	16	5	23.81%	2	2	39	51	0.98	1	1	10	6	2	3	-T
II	4526843	C	*/-T	7	2	18.18%	2	2	36	25	0.98	1	1	5	2	1	1	-T
II	4526843	C	*/-TTT	7	2	18.18%	2	1	36	49	0.98	1	1	5	2	0	2	-T
II	4528465	C	*/+GACAAT	63	8	11.27%	2	2	45	64	0.98	1	1	28	35	5	3	+GACAAT
II	4528483	T	*/-GACAATGACAGA	56	11	16.42%	2	2	49	42	0.98	1	1	25	31	3	8	-GACAATGACAGA
II	4529375	T	*/+ACAACGACAACGACAACG	47	8	12.9%	2	2	46	50	0.98	1	1	21	26	5	3	+ACAACGACAACGACAACG
II	4529375	T	*/+ACAACGACAACGACAACGACAACG	47	6	9.68%	2	2	46	41	0.98	1	1	21	26	4	2	+ACAACGACAACGACAACG
II	4529923	A	*/+G	64	4	5.88%	2	2	45	34	0.98	1	1	25	39	2	2	+G
II	4533588	C	*/-T	40	27	40.3%	2	2	41	40	0.98	1	1	20	20	15	12	-T
II	4534880	A	*/-T	75	18	19.35%	2	2	47	52	0.98	1	1	33	42	9	9	-T
II	4535321	G	*/-GATAT	186	25	11.85%	2	2	41	42	0.98	1	1	101	85	10	15	-GATAT
II	4535523	T	*/+GTTACG	195	30	13.27%	2	2	45	50	0.98	1	1	60	135	10	20	+GTTACG
II	4535548	A	*/-TATGTG	211	27	11.3%	2	2	47	47	0.98	1	1	79	132	15	12	-TATGTG
II	4535645	G	*/-T	168	42	19.63%	2	2	51	47	0.98	1	1	93	75	22	20	-T
II	4535727	A	*/-G	117	14	10.69%	2	2	45	54	0.98	1	1	39	78	6	8	-G
II	4536728	A	*/+GAGAGTAGG	170	18	9.05%	2	2	48	45	0.98	1	1	84	86	10	8	+GAGAGTAGG
II	4537213	G	*/+T	107	150	58.37%	2	2	48	53	0.98	1	1	57	50	81	69	+T
II	4537387	A	*/-AATAAGAG	67	117	63.59%	2	2	46	46	0.98	1	1	36	31	70	47	-AATAAGAG
II	4537665	G	*/+AAATA	54	5	8.33%	2	2	43	49	0.98	1	1	39	15	2	3	+AAATA
II	4537712	T	*/-AAATAAAATTAATG	33	6	15.38%	2	2	42	43	0.98	1	1	19	14	4	2	-AAATAAAATTAATG
III	1558	G	*/-A	47	3	5.08%	2	2	40	57	0.98	1	1	25	22	2	1	-A
III	1558	G	*/+A	47	8	13.56%	2	2	40	41	0.98	1	1	25	22	4	4	+A
III	4729	A	*/-T	264	81	21.04%	2	2	46	45	0.98	1	1	171	93	40	41	-T
III	4729	A	*/+T	264	21	5.45%	2	2	46	49	0.98	1	1	171	93	9	12	-T
III	4952	C	*/+T	191	57	22.44%	2	2	40	48	0.98	1	1	115	76	18	39	+T
III	5403	C	*/-T	335	75	16.38%	2	2	42	44	0.98	1	1	241	94	33	42	-T
III	5403	C	*/-TT	335	29	6.33%	2	2	42	42	0.98	1	1	241	94	15	14	-T
III	9812	T	*/+A	108	20	15.5%	2	1	44	40	0.98	1	1	34	74	0	20	+A
III	12428	G	*/-A	58	5	7.04%	2	2	38	47	0.98	1	1	29	29	3	2	-A
III	12428	G	*/+A	58	5	7.04%	2	2	38	59	0.98	1	1	29	29	4	1	-A
III	15599	A	*/-T	259	83	21.9%	2	2	47	51	0.98	1	1	170	89	33	50	-T
III	15599	A	*/+T	259	22	5.8%	2	2	47	48	0.98	1	1	170	89	9	13	-T
III	15822	C	*/+T	224	62	21.38%	2	2	41	44	0.98	1	1	139	85	14	48	+T
III	16273	C	*/-T	314	62	14.39%	2	2	44	44	0.98	1	1	232	82	37	25	-T
III	16273	C	*/-TT	314	30	6.96%	2	2	44	48	0.98	1	1	232	82	14	16	-T
III	20682	T	*/+A	89	19	17.43%	2	1	48	39	0.98	1	1	34	55	0	19	+A
III	23298	G	*/-A	54	7	10.94%	2	2	39	49	0.98	1	1	27	27	3	4	-A
III	91309	G	*/-TGT	3	2	40%	2	1	74	31	0.98	1	1	1	2	2	0	-TGT
III	208140	C	*/-A	13	2	11.76%	2	1	39	37	0.98	1	1	12	1	2	0	-A
III	232115	A	*/-T	8	3	27.27%	2	2	50	61	0.98	1	1	5	3	2	1	-T
III	234982	C	*/-A	26	2	6.9%	2	2	48	55	0.98	1	1	11	15	1	1	-A
III	235811	G	*/+A	19	3	13.64%	2	2	42	37	0.98	1	1	7	12	1	2	+A
III	237048	G	*/-A	10	2	16.67%	2	1	44	37	0.98	1	1	7	3	2	0	-A
III	245692	C	*/-T	15	2	11.11%	2	1	44	55	0.98	1	1	10	5	2	0	-T
III	277968	A	*/+T	13	2	12.5%	2	1	40	37	0.98	1	1	4	9	0	2	+T
III	286478	C	-TT/-TT	1	3	75%	1	2	74	49	0.98	1	1	1	0	2	1	-TT
III	286594	T	*/+A	5	3	30%	2	1	47	41	0.98	1	1	3	2	3	0	+A
III	286594	T	*/+AA	5	2	20%	2	1	47	37	0.98	1	1	3	2	2	0	+A
III	293096	G	*/-T	9	4	26.67%	2	2	41	43	0.98	1	1	7	2	1	3	-T
III	348685	G	*/-AT	30	2	6.25%	2	1	41	55	0.98	1	1	15	15	2	0	-AT
III	365747	C	-A/-A	3	13	81.25%	1	2	49	44	0.98	1	1	3	0	5	8	-A
III	568658	C	*/-T	14	3	15.79%	2	2	35	32	0.98	1	1	12	2	2	1	-T
III	568658	C	*/-TT	14	2	10.53%	2	1	35	37	0.98	1	1	12	2	2	0	-T
III	717677	A	*/-T	4	15	62.5%	1	2	37	44	0.98	1	1	4	0	10	5	-T
III	717677	A	*/-TT	4	4	16.67%	1	2	37	46	0.98	1	1	4	0	1	3	-T
III	719955	A	-C/-C	0	4	100%	0	2	0	55	0.98	0	1	0	0	2	2	-C
III	720683	A	+T/+T	0	10	90.91%	0	2	0	54	0.98	0	1	0	0	5	5	+T
III	762516	T	*/-A	13	3	18.75%	2	2	38	45	0.98	1	1	10	3	2	1	-A
III	853262	T	*/+A	15	6	27.27%	2	2	47	41	0.98	1	1	5	10	3	3	+A
III	867865	C	-T/-T	1	11	91.67%	1	2	37	38	0.98	1	1	0	1	6	5	-T
III	891799	C	*/-A	25	4	13.79%	2	2	41	37	0.98	1	1	10	15	2	2	-A
III	918835	C	*/-A	25	2	7.41%	2	2	43	31	0.98	1	1	10	15	1	1	-A
III	966124	G	*/-T	13	4	21.05%	1	1	37	39	0.98	1	1	13	0	4	0	-T
III	966124	G	*/+T	13	2	10.53%	1	1	37	37	0.98	1	1	13	0	2	0	-T
III	970892	C	*/+T	8	3	25%	2	2	46	29	0.98	1	1	5	3	1	2	+T
III	996949	A	*/-T	10	2	15.38%	2	1	39	74	0.98	1	1	4	6	0	2	-T
III	1016311	G	+C/+C	0	19	100%	0	2	0	40	0.98	0	1	0	0	10	9	+C
III	1079346	A	*/+G	91	11	10.78%	2	2	44	41	0.98	1	1	61	30	10	1	+G
III	1087979	A	*/+G	44	7	13.73%	2	2	45	40	0.98	1	1	23	21	2	5	+G
III	1095550	G	*/-T	15	6	25%	2	1	42	37	0.98	1	1	13	2	6	0	-T
III	1103423	T	*/-A	14	7	28%	2	2	40	51	0.98	1	1	12	2	3	4	-A
III	1103423	T	*/-AA	14	2	8%	2	1	40	36	0.98	1	1	12	2	0	2	-A
III	1103423	T	*/-AAA	14	2	8%	2	2	40	42	0.98	1	1	12	2	1	1	-A
III	1114914	T	*/+ACCACTAACCATC	42	3	6.67%	2	2	46	49	0.98	1	1	27	15	2	1	+ACCACTAACCATC
III	1117723	T	*/+C	52	6	10.34%	2	2	49	49	0.98	1	1	27	25	5	1	+C
III	1121595	A	*/-C	18	2	10%	2	1	52	37	0.98	1	1	14	4	0	2	-C
III	1121674	T	*/+ACCACTAACCATC	44	3	6.38%	2	2	50	49	0.98	1	1	22	22	1	2	+ACCACTAACCATC
III	1124483	T	*/+C	61	7	10.29%	2	2	49	40	0.98	1	1	25	36	3	4	+C
III	1128434	T	*/+ACCACTAACCATC	42	3	6.67%	2	2	45	45	0.98	1	1	27	15	1	2	+ACCACTAACCATC
III	1131243	T	*/+C	45	4	8.16%	2	2	51	46	0.98	1	1	16	29	2	2	+C
III	1135194	T	*/+ACCACTAACCATC	44	3	6.38%	2	2	42	37	0.98	1	1	30	14	1	2	+ACCACTAACCATC
III	1239214	T	*/+A	12	2	14.29%	2	2	41	61	0.98	1	1	6	6	1	1	+A
III	1352117	A	*/+T	47	3	6%	2	2	50	49	0.98	1	1	23	24	1	2	+T
III	1421567	T	*/+G	6	2	22.22%	2	1	38	37	0.98	1	1	4	2	2	0	+G
III	1471894	T	*/-G	11	2	15.38%	2	2	40	74	0.98	1	1	9	2	1	1	-G
III	1535109	G	*/+A	27	5	15.62%	2	1	37	37	0.98	1	1	9	18	0	5	+A
III	1547169	C	*/-A	5	3	33.33%	2	2	49	33	0.98	1	1	3	2	2	1	-A
III	1609231	T	*/-A	17	2	10%	2	1	52	55	0.98	1	1	11	6	0	2	-A
III	1685487	G	+A/+A	2	18	90%	1	2	37	43	0.98	1	1	2	0	7	11	+A
III	1695103	C	*/+ATTT	6	2	25%	1	2	53	37	0.98	1	1	0	6	1	1	+ATTT
III	1702276	A	*/-T	32	3	8.11%	2	2	48	33	0.98	1	1	17	15	1	2	-T
III	1702276	A	*/+T	32	2	5.41%	2	1	48	49	0.98	1	1	17	15	0	2	-T
III	1712983	G	*/-A	9	6	37.5%	2	2	42	35	0.98	1	1	7	2	5	1	-A
III	1731012	A	*/-T	8	2	20%	2	2	43	37	0.98	1	1	2	6	1	1	-T
III	1756400	T	-A/-A	1	24	96%	1	2	37	50	0.98	1	1	0	1	8	16	-A
III	1774235	T	+GATC/+GATC	1	8	88.89%	1	2	37	37	0.98	1	1	0	1	3	5	+GATC
III	1788624	C	*/+A	11	2	15.38%	2	2	40	55	0.98	1	1	4	7	1	1	+A
III	1802522	G	*/-T	11	3	20%	2	1	36	33	0.98	1	1	9	2	3	0	-T
III	1979604	A	*/-T	7	2	22.22%	1	1	42	37	0.98	1	1	0	7	2	0	-T
III	1985119	G	*/-T	8	4	33.33%	2	2	44	46	0.98	1	1	2	6	2	2	-T
III	2067838	T	*/-AA	8	2	18.18%	2	1	46	37	0.98	1	1	6	2	2	0	-AA
III	2069607	G	*/-T	9	2	15.38%	2	1	39	55	0.98	1	1	6	3	2	0	-T
III	2069607	G	*/+T	9	2	15.38%	2	1	39	37	0.98	1	1	6	3	0	2	-T
III	2076412	G	*/-T	7	2	20%	2	2	49	74	0.98	1	1	6	1	1	1	-T
III	2076980	A	*/-T	3	3	42.86%	1	2	33	37	0.98	1	1	3	0	2	1	-T
III	2113205	C	*/-T	8	4	30.77%	2	2	34	40	0.98	1	1	5	3	3	1	-T
III	2157938	C	*/-T	6	2	22.22%	2	1	41	55	0.98	1	1	4	2	2	0	-T
III	2178240	T	*/-A	6	3	33.33%	2	2	43	48	0.98	1	1	4	2	2	1	-A
III	2184892	T	*/+A	22	2	8.33%	2	1	42	37	0.98	1	1	11	11	2	0	+A
III	2190252	G	*/+A	6	2	22.22%	1	1	41	49	0.98	1	1	6	0	0	2	+A
III	2254755	C	*/+G	42	4	8.7%	2	2	47	37	0.98	1	1	33	9	2	2	+G
III	2310960	G	*/-A	13	5	27.78%	2	2	35	66	0.98	1	1	9	4	3	2	-A
III	2310968	A	*/+GGT	13	5	27.78%	2	2	37	66	0.98	1	1	8	5	3	2	+GGT
III	2378024	T	*/-A	22	2	8.33%	2	2	49	37	0.98	1	1	11	11	1	1	-A
III	2420241	T	*/-A	7	6	46.15%	2	2	38	41	0.98	1	1	5	2	3	3	-A
III	2443562	A	*/+T	15	35	67.31%	2	2	46	37	0.98	1	1	7	8	2	33	+T
III	2447848	T	*/-A	659	249	22.17%	2	2	43	41	0.98	1	1	500	159	187	62	-A
III	2447848	T	*/-AA	659	104	9.26%	2	2	43	44	0.98	1	1	500	159	78	26	-A
III	2447848	T	*/+A	659	74	6.59%	2	2	43	46	0.98	1	1	500	159	50	24	-A
III	2448309	T	-AA/-AA	31	397	90.23%	2	2	41	41	0.98	1	1	23	8	157	240	-AA
III	2448518	T	*/-A	615	216	21.71%	2	2	45	45	0.98	1	1	414	201	158	58	-A
III	2448518	T	*/-AA	615	70	7.04%	2	2	45	45	0.98	1	1	414	201	45	25	-A
III	2448518	T	*/+A	615	77	7.74%	2	2	45	43	0.98	1	1	414	201	60	17	+A
