Chrom	Position	Ref	Cons	Reads1	Reads2	VarFreq	Strands1	Strands2	Qual1	Qual2	Pvalue	MapQual1	MapQual2	Reads1Plus	Reads1Minus	Reads2Plus	Reads2Minus	VarAllele
chr_II_telomeric_gap	6088	A	*/-T	9	4	30.77%	2	2	37	37	0.98	1	1	6	3	1	3	-T
chr_II_telomeric_gap	6301	C	*/-AT	11	3	18.75%	2	2	43	37	0.98	1	1	4	7	1	2	-AT
chr_II_telomeric_gap	17672	G	*/+A	28	2	6.67%	2	2	41	37	0.98	1	1	9	19	1	1	+A
I	3160	A	*/+GTTGTCGTTGTCGTTGTC	53	15	19.48%	2	2	46	52	0.98	1	1	35	18	2	13	+GTTGTCGTTGTCGTTGTC
I	3160	A	*/+GTTGTCGTTGTCGTTGTCGTTGTC	53	9	11.69%	2	2	46	39	0.98	1	1	35	18	7	2	+GTTGTCGTTGTCGTTGTC
I	4047	C	*/-TGTCTCTGTCAT	49	13	20.97%	2	2	44	39	0.98	1	1	22	27	4	9	-TGTCTCTGTCAT
I	4053	C	*/+TGTCAT	39	4	9.09%	2	2	45	37	0.98	1	1	17	22	3	1	+TGTCAT
I	5676	T	*/-GA	37	3	7.32%	2	1	41	33	0.98	1	1	27	10	0	3	-GA
I	5677	G	*/-A	12	10	30.3%	2	1	42	36	0.98	1	1	11	1	10	0	-A
I	5677	G	*/-AA	12	3	9.09%	2	2	42	44	0.98	1	1	11	1	1	2	-A
I	5677	G	*/-AAAA	12	2	6.06%	2	1	42	37	0.98	1	1	11	1	2	0	-A
I	5677	G	*/+A	12	3	9.09%	2	1	42	37	0.98	1	1	11	1	3	0	+A
I	6357	T	*/-A	34	4	7.84%	2	2	41	43	0.98	1	1	14	20	1	3	-A
I	6357	T	*/-AA	34	12	23.53%	2	2	41	42	0.98	1	1	14	20	4	8	-AA
I	7192	C	*/-A	17	2	6.9%	2	1	43	37	0.98	1	1	15	2	2	0	A
I	7192	C	*/+A	17	6	20.69%	2	2	43	51	0.98	1	1	15	2	3	3	+A
I	10859	G	*/-TT	12	8	38.1%	2	2	46	41	0.98	1	1	6	6	6	2	-TT
I	11051	T	*/+A	16	5	23.81%	2	2	41	44	0.98	1	1	7	9	4	1	+A
I	15734	C	*/-A	20	2	8.33%	2	1	43	55	0.98	1	1	12	8	2	0	-A
I	15734	C	*/+A	20	2	8.33%	2	2	43	55	0.98	1	1	12	8	1	1	-A
I	19694	T	*/+A	25	4	13.79%	2	1	54	37	0.98	1	1	12	13	4	0	+A
I	19962	A	*/-GAT	21	2	8.7%	2	1	42	31	0.98	1	1	6	15	0	2	-GAT
I	20545	C	*/+TTTTTTT	1	3	60%	1	1	37	34	0.98	1	1	0	1	3	0	+TTTTTTT
I	27402	A	*/+C	13	2	11.11%	1	1	43	37	0.98	1	1	0	13	0	2	+C
I	28398	A	*/+C	61	7	10.29%	2	2	48	63	0.98	1	1	17	44	5	2	+C
I	28467	C	*/+A	37	2	5.13%	2	2	50	55	0.98	1	1	22	15	1	1	+A
I	43335	G	*/+A	5	2	25%	1	1	33	55	0.98	1	1	5	0	2	0	+A
I	55244	T	*/-A	6	5	33.33%	1	2	33	46	0.98	1	1	6	0	3	2	-A
I	55244	T	*/-AA	6	2	13.33%	1	2	33	42	0.98	1	1	6	0	1	1	-A
I	55244	T	*/+A	6	2	13.33%	1	1	33	37	0.98	1	1	6	0	2	0	-A
I	91561	A	*/-T	8	2	20%	2	2	43	37	0.98	1	1	6	2	1	1	-T
I	98884	C	*/+A	172	19	9.95%	2	2	46	63	0.98	1	1	102	70	7	12	+A
I	101871	A	+G/+G	0	16	100%	0	2	0	46	0.98	0	1	0	0	5	11	+G
I	137556	A	*/+CG	38	2	5%	2	2	42	37	0.98	1	1	22	16	1	1	+CG
I	137559	T	*/-AC	32	2	5.88%	2	2	40	37	0.98	1	1	21	11	1	1	-AC
I	206448	C	*/-T	9	2	16.67%	1	2	38	48	0.98	1	1	9	0	1	1	-T
I	216147	C	*/-T	12	3	17.65%	2	1	44	53	0.98	1	1	5	7	0	3	-T
I	216147	C	*/+T	12	2	11.76%	2	2	44	42	0.98	1	1	5	7	1	1	-T
I	368107	T	*/+C	13	2	13.33%	2	1	51	37	0.98	1	1	6	7	2	0	+C
I	414079	C	*/+T	3	3	50%	2	2	49	40	0.98	1	1	2	1	2	1	+T
I	440084	T	*/+A	0	3	60%	0	1	0	33	0.98	0	1	0	0	3	0	+A
I	441614	C	*/+T	2	2	40%	1	1	31	37	0.98	1	1	2	0	2	0	+T
I	442786	C	+T/+T	0	10	83.33%	0	2	0	41	0.98	0	1	0	0	7	3	+T
I	453369	G	*/-A	10	2	14.29%	2	1	44	37	0.98	1	1	9	1	2	0	-A
I	456726	G	*/-T	12	4	23.53%	2	2	51	46	0.98	1	1	10	2	2	2	-T
I	460756	T	*/+A	26	2	7.14%	2	1	45	31	0.98	1	1	15	11	2	0	+A
I	470378	A	-C/-C	0	15	100%	0	2	0	44	0.98	0	1	0	0	8	7	-C
I	470390	A	-C/-C	0	20	100%	0	2	0	45	0.98	0	1	0	0	10	10	-C
I	473427	G	*/+T	6	4	36.36%	2	1	43	34	0.98	1	1	2	4	4	0	+T
I	482737	A	+G/+G	1	18	94.74%	1	2	74	51	0.98	1	1	1	0	9	9	+G
I	521845	T	*/-A	6	4	40%	2	2	55	43	0.98	1	1	1	5	2	2	-A
I	528541	C	*/-A	12	2	14.29%	2	1	43	42	0.98	1	1	7	5	0	2	-A
I	554527	A	*/+T	2	6	54.55%	2	2	37	41	0.98	1	1	1	1	5	1	+T
I	554527	A	*/+TT	2	3	27.27%	2	1	37	29	0.98	1	1	1	1	0	3	+T
I	562745	A	*/+T	6	5	38.46%	2	2	37	49	0.98	1	1	1	5	2	3	+T
I	660056	T	*/+G	2	5	55.56%	2	1	55	33	0.98	1	1	1	1	5	0	+G
I	670032	C	+A/+A	1	50	98.04%	1	2	74	52	0.98	1	1	0	1	22	28	+A
I	682993	T	-C/-C	1	17	94.44%	1	2	37	43	0.98	1	1	0	1	7	10	-C
I	765477	A	*/-T	3	2	40%	2	2	33	55	0.98	1	1	2	1	1	1	-T
I	807903	A	*/-T	15	2	10.53%	2	2	46	31	0.98	1	1	5	10	1	1	-T
I	807903	A	*/+T	15	2	10.53%	2	1	46	37	0.98	1	1	5	10	0	2	-T
I	851935	C	*/+T	29	3	9.38%	2	2	47	49	0.98	1	1	16	13	1	2	+T
I	859136	G	*/-A	14	2	12.5%	2	1	52	37	0.98	1	1	6	8	2	0	-A
I	862962	C	+T/+T	1	12	92.31%	1	2	74	49	0.98	1	1	1	0	9	3	+T
I	934607	T	*/+A	19	2	9.52%	2	1	44	55	0.98	1	1	13	6	2	0	+A
I	934908	T	*/+AA	3	4	40%	1	2	37	36	0.98	1	1	3	0	2	2	+AA
I	954072	T	*/-A	8	2	20%	2	2	41	31	0.98	1	1	4	4	1	1	-A
I	960025	G	*/+T	3	4	50%	2	2	41	34	0.98	1	1	1	2	1	3	+T
I	965438	C	*/+A	2	2	40%	1	1	37	49	0.98	1	1	2	0	2	0	+A
I	1048635	G	+A/+A	1	7	87.5%	1	2	37	44	0.98	1	1	1	0	3	4	+A
I	1079583	T	*/+AAAAAAA	1	2	40%	1	1	37	42	0.98	1	1	1	0	2	0	+AAAAAAA
I	1079583	T	*/+AAAAAAAA	1	2	40%	1	2	37	31	0.98	1	1	1	0	1	1	+AAAAAAA
I	1185797	G	*/-A	6	5	35.71%	2	1	39	37	0.98	1	1	4	2	5	0	-A
I	1185797	G	*/-AA	6	2	14.29%	2	1	39	61	0.98	1	1	4	2	0	2	-A
I	1206603	G	*/-T	33	3	7.89%	2	1	50	49	0.98	1	1	17	16	0	3	-T
I	1254655	T	*/+A	4	7	50%	1	2	61	42	0.98	1	1	4	0	6	1	+A
I	1254655	T	*/+AA	4	3	21.43%	1	1	61	49	0.98	1	1	4	0	3	0	+A
I	1274803	T	+A/+A	1	12	85.71%	1	2	37	37	0.98	1	1	1	0	1	11	+A
I	1358794	C	*/+A	3	2	33.33%	1	1	45	61	0.98	1	1	3	0	2	0	+A
I	1424708	C	-A/-A	0	28	100%	0	2	0	51	0.98	0	1	0	0	14	14	-A
I	1427366	A	*/+G	24	2	7.69%	2	2	48	37	0.98	1	1	15	9	1	1	+G
I	1454446	C	*/+A	19	2	9.52%	2	2	42	37	0.98	1	1	10	9	1	1	+A
I	1494938	C	*/+A	2	7	63.64%	1	2	37	31	0.98	1	1	0	2	4	3	+A
I	1496317	C	*/-A	3	7	53.85%	2	2	33	54	0.98	1	1	1	2	2	5	-A
I	1496317	C	*/-AA	3	3	23.08%	2	2	33	49	0.98	1	1	1	2	2	1	-A
I	1509277	C	*/+T	6	11	64.71%	2	2	40	44	0.98	1	1	4	2	7	4	+T
I	1509738	G	*/-A	7	2	22.22%	1	2	37	31	0.98	1	1	7	0	1	1	-A
I	1541472	G	*/-T	7	3	27.27%	2	2	47	33	0.98	1	1	6	1	2	1	-T
I	1544966	G	*/+T	10	2	16.67%	2	2	44	55	0.98	1	1	7	3	1	1	+T
I	1595056	C	*/-T	7	2	16.67%	2	1	40	37	0.98	1	1	6	1	2	0	-T
I	1625092	T	+C/+C	1	10	83.33%	1	2	37	40	0.98	1	1	1	0	6	4	+C
I	1772939	T	*/+A	16	2	11.11%	2	2	47	37	0.98	1	1	8	8	1	1	+A
I	1777634	A	*/-T	10	2	14.29%	2	2	38	43	0.98	1	1	3	7	1	1	-T
I	1837059	C	*/+GGA	13	2	13.33%	2	1	39	37	0.98	1	1	6	7	0	2	+GGA
I	1848384	C	*/+A	9	2	18.18%	1	1	38	37	0.98	1	1	9	0	2	0	+A
I	1849285	C	*/-T	24	10	28.57%	2	2	45	38	0.98	1	1	15	9	6	4	-T
I	1890184	C	*/-A	5	2	16.67%	2	2	34	31	0.98	1	1	3	2	1	1	-A
I	1890184	C	*/-AA	5	4	33.33%	2	2	34	34	0.98	1	1	3	2	2	2	-AA
I	1891915	G	*/+T	6	2	25%	2	1	43	31	0.98	1	1	5	1	2	0	+T
I	1936294	G	+A/+A	1	9	90%	1	2	37	45	0.98	1	1	1	0	5	4	+A
I	1952313	A	+T/+T	2	25	92.59%	1	2	31	45	0.98	1	1	0	2	20	5	+T
I	1954162	C	*/-A	7	3	20%	2	2	47	40	0.98	1	1	5	2	1	2	-A
I	1954162	C	*/-AA	7	2	13.33%	2	2	47	42	0.98	1	1	5	2	1	1	-A
I	1954162	C	*/+A	7	2	13.33%	2	2	47	37	0.98	1	1	5	2	1	1	-A
I	1955754	C	*/+TT	2	2	40%	1	1	42	37	0.98	1	1	2	0	2	0	+TT
I	1955853	T	+A/+A	0	4	100%	0	2	0	34	0.98	0	1	0	0	3	1	+A
I	2041946	C	*/-CTA	17	2	10.53%	2	1	41	48	0.98	1	1	13	4	0	2	-CTA
I	2041948	T	*/-A	15	2	10.53%	1	1	34	37	0.98	1	1	15	0	2	0	-A
I	2052488	A	*/-T	5	9	52.94%	2	2	44	52	0.98	1	1	3	2	8	1	-T
I	2052488	A	*/-TT	5	2	11.76%	2	1	44	55	0.98	1	1	3	2	2	0	-T
I	2139856	G	+T/+T	0	5	100%	0	2	0	37	0.98	0	1	0	0	3	2	+T
I	2154491	T	+A/+A	0	19	100%	0	2	0	42	0.98	0	1	0	0	9	10	+A
I	2174555	C	*/-A	10	2	11.11%	2	2	35	37	0.98	1	1	4	6	1	1	-A
I	2174555	C	*/-AA	10	4	22.22%	2	2	35	39	0.98	1	1	4	6	2	2	-AA
I	2178948	C	*/-A	13	6	30%	2	2	47	38	0.98	1	1	7	6	5	1	-A
I	2206796	C	+A/+A	4	15	78.95%	2	2	34	54	0.98	1	1	2	2	7	8	+A
I	2227934	C	*/+AAA	6	2	22.22%	2	1	47	55	0.98	1	1	3	3	0	2	+AAA
I	2227936	T	*/+AAA	1	2	28.57%	1	2	37	48	0.98	1	1	1	0	1	1	A
I	2239131	A	*/+C	4	3	42.86%	2	1	46	37	0.98	1	1	1	3	3	0	+C
I	2273201	T	*/-A	4	5	31.25%	2	2	31	37	0.98	1	1	1	3	3	2	-A
I	2273201	T	*/-AA	4	5	31.25%	2	2	31	29	0.98	1	1	1	3	2	3	-A
I	2273201	T	*/+A	4	2	12.5%	2	1	31	37	0.98	1	1	1	3	2	0	-A
I	2288240	C	-G/-G	0	22	100%	0	2	0	46	0.98	0	1	0	0	10	12	-G
I	2299561	G	+A/+A	3	14	82.35%	1	2	37	47	0.98	1	1	3	0	10	4	+A
I	2322636	C	*/-A	10	7	33.33%	1	1	37	42	0.98	1	1	10	0	7	0	-A
I	2322636	C	*/+A	10	2	9.52%	1	1	37	37	0.98	1	1	10	0	2	0	-A
I	2343703	G	+A/+A	1	11	91.67%	1	2	37	40	0.98	1	1	0	1	7	4	+A
I	2421576	A	-C/-C	1	16	94.12%	1	2	37	43	0.98	1	1	0	1	9	7	-C
I	2424539	G	*/+A	4	2	33.33%	2	2	43	31	0.98	1	1	3	1	1	1	+A
I	2431043	C	*/-TCT	16	3	15.79%	2	2	38	37	0.98	1	1	4	12	1	2	-TCT
I	2499149	A	-T/-T	1	12	92.31%	1	2	37	42	0.98	1	1	1	0	2	10	-T
I	2507462	T	+A/+A	2	18	90%	1	2	37	44	0.98	1	1	0	2	16	2	+A
I	2510060	T	+A/+A	1	10	90.91%	1	2	37	50	0.98	1	1	0	1	5	5	+A
I	2520612	G	*/-T	18	2	10%	2	1	52	55	0.98	1	1	13	5	0	2	-T
I	2525300	T	*/-A	13	3	16.67%	2	2	39	37	0.98	1	1	4	9	1	2	-A
I	2525300	T	*/+A	13	2	11.11%	2	2	39	55	0.98	1	1	4	9	1	1	-A
I	2525713	C	*/-T	14	3	15.79%	2	1	42	40	0.98	1	1	11	3	3	0	-T
I	2578262	T	*/-A	13	3	16.67%	2	2	54	61	0.98	1	1	9	4	2	1	-A
I	2588021	C	+A/+A	1	4	80%	1	2	37	37	0.98	1	1	1	0	3	1	+A
I	2594263	C	+T/+T	0	9	90%	0	2	0	41	0.98	0	1	0	0	3	6	+T
I	2594324	T	+A/+A	2	8	80%	2	2	55	47	0.98	1	1	1	1	3	5	+A
I	2594351	T	+A/+A	1	7	87.5%	1	2	37	47	0.98	1	1	0	1	3	4	+A
I	2594391	A	+T/+T	0	7	100%	0	2	0	42	0.98	0	1	0	0	3	4	+T
I	2605860	G	-T/-T	0	22	100%	0	2	0	42	0.98	0	1	0	0	8	14	-T
I	2607669	A	+T/+T	0	16	100%	0	2	0	42	0.98	0	1	0	0	9	7	+T
I	2683902	T	-C/-C	1	13	92.86%	1	2	37	45	0.98	1	1	1	0	8	5	-C
I	2747027	T	*/-A	4	3	37.5%	2	2	37	37	0.98	1	1	3	1	2	1	-A
I	2751236	T	-A/-A	4	16	76.19%	1	2	55	45	0.98	1	1	4	0	7	9	-A
I	2759871	T	+C/+C	0	6	100%	0	2	0	49	0.98	0	1	0	0	2	4	+C
I	2782148	T	*/-AA	26	2	7.14%	2	2	45	37	0.98	1	1	10	16	1	1	-AA
I	2881073	G	*/-A	7	3	30%	2	2	51	45	0.98	1	1	5	2	1	2	-A
I	2959752	A	*/-T	3	3	42.86%	2	2	37	33	0.98	1	1	2	1	2	1	-T
I	2997246	C	*/-A	25	2	7.41%	2	2	39	37	0.98	1	1	13	12	1	1	-A
I	3033347	C	*/-T	24	3	9.09%	2	2	50	33	0.98	1	1	17	7	2	1	-T
I	3033347	C	*/+T	24	5	15.15%	2	2	50	34	0.98	1	1	17	7	3	2	+T
I	3076257	A	*/+C	28	4	12.5%	2	2	41	37	0.98	1	1	18	10	2	2	+C
I	3084527	A	*/+AGT	32	4	11.11%	2	2	47	71	0.98	1	1	14	18	3	1	+AGT
I	3125118	A	+T/+T	0	12	100%	0	2	0	46	0.98	0	1	0	0	5	7	+T
I	3134492	A	*/-T	17	2	10.53%	2	2	47	55	0.98	1	1	12	5	1	1	-T
I	3143388	C	+T/+T	2	15	88.24%	1	2	55	46	0.98	1	1	0	2	7	8	+T
I	3144699	T	*/-A	4	4	50%	1	2	39	37	0.98	1	1	4	0	3	1	-A
I	3159187	C	*/-CA	48	4	7.55%	2	2	52	46	0.98	1	1	24	24	3	1	-CA
I	3159994	C	*/-T	43	4	8.16%	2	2	38	37	0.98	1	1	34	9	3	1	-T
I	3166776	G	*/+TT	5	3	18.75%	2	2	34	45	0.98	1	1	4	1	1	2	+TT
I	3166776	G	*/+TTT	5	6	37.5%	2	2	34	40	0.98	1	1	4	1	5	1	+TTT
I	3178494	C	+T/+T	0	11	100%	0	2	0	43	0.98	0	1	0	0	5	6	+T
I	3184255	T	*/-A	8	4	30.77%	2	2	43	46	0.98	1	1	2	6	1	3	-A
I	3197528	A	+G/+G	2	36	94.74%	1	2	49	49	0.98	1	1	2	0	18	18	+G
I	3303111	C	*/-T	11	2	15.38%	2	1	45	42	0.98	1	1	7	4	0	2	-T
I	3380404	C	*/-A	17	3	13.64%	2	2	39	53	0.98	1	1	14	3	2	1	-A
I	3380404	C	*/+A	17	2	9.09%	2	1	39	42	0.98	1	1	14	3	2	0	-A
I	3410124	A	*/+T	10	2	16.67%	2	1	44	31	0.98	1	1	3	7	0	2	+T
I	3450130	G	-T/-T	0	19	100%	0	2	0	42	0.98	0	1	0	0	13	6	-T
I	3460318	T	+C/+C	0	8	100%	0	2	0	49	0.98	0	1	0	0	4	4	+C
I	3462650	A	*/-T	6	2	25%	2	2	49	37	0.98	1	1	4	2	1	1	-T
I	3538413	A	+T/+T	0	12	100%	0	2	0	46	0.98	0	1	0	0	7	5	+T
I	3538428	G	+T/+T	3	9	75%	1	2	33	45	0.98	1	1	3	0	3	6	+T
I	3538436	T	+A/+A	0	8	100%	0	2	0	46	0.98	0	1	0	0	2	6	+A
I	3538449	T	+TA/+TA	0	8	100%	0	2	0	46	0.98	0	1	0	0	3	5	+TA
I	3538456	A	+AT/+AT	0	8	100%	0	2	0	46	0.98	0	1	0	0	3	5	+AT
I	3576168	A	*/+T	18	2	10%	2	1	43	55	0.98	1	1	7	11	0	2	+T
I	3576450	T	*/+G	9	2	18.18%	2	1	49	37	0.98	1	1	6	3	2	0	+G
I	3576756	T	+TCTTCTC/+TCTTCTC	1	4	80%	1	1	37	46	0.98	1	1	0	1	0	4	+TCTTCTC
I	3576929	C	+T/+T	1	9	90%	1	2	48	48	0.98	1	1	1	0	2	7	+T
I	3580034	C	*/+T	5	4	44.44%	1	2	34	46	0.98	1	1	5	0	2	2	+T
I	3598771	T	*/-A	17	2	10.53%	2	2	40	37	0.98	1	1	8	9	1	1	-A
I	3609896	T	*/+A	4	2	33.33%	2	2	46	31	0.98	1	1	3	1	1	1	+A
I	3610406	T	*/+AA	11	2	15.38%	2	2	37	37	0.98	1	1	4	7	1	1	+AA
I	3634643	A	*/-TT	4	2	33.33%	2	1	39	37	0.98	1	1	3	1	2	0	-TT
I	3659724	C	*/-T	14	2	10.53%	2	2	39	62	0.98	1	1	9	5	1	1	-T
I	3659724	C	*/+T	14	3	15.79%	2	2	39	45	0.98	1	1	9	5	1	2	+T
I	3665610	G	+C/+C	1	35	97.22%	1	2	74	45	0.98	1	1	1	0	15	20	+C
I	3700385	T	*/+A	5	4	28.57%	2	2	45	36	0.98	1	1	4	1	2	2	+A
I	3700385	T	*/+AA	5	5	35.71%	2	2	45	34	0.98	1	1	4	1	2	3	+AA
I	3730369	A	+T/+T	0	14	100%	0	2	0	44	0.98	0	1	0	0	10	4	+T
I	3756354	A	*/-AT	12	2	14.29%	2	2	55	74	0.98	1	1	7	5	1	1	-AT
I	3765328	C	+T/+T	3	10	76.92%	2	2	33	38	0.98	1	1	2	1	9	1	+T
I	3776933	G	+A/+A	2	12	80%	1	2	49	38	0.98	1	1	2	0	1	11	+A
I	3785904	G	*/+TATAT	23	2	8%	2	1	51	37	0.98	1	1	14	9	0	2	+TATAT
I	3786023	T	*/-ATTATC	12	2	14.29%	2	1	46	37	0.98	1	1	7	5	2	0	-ATTATC
I	3855790	G	-T/-T	2	12	85.71%	1	2	37	46	0.98	1	1	0	2	4	8	-T
I	3870142	A	*/-C	13	3	17.65%	2	2	36	49	0.98	1	1	5	8	2	1	-C
I	3877609	T	*/-A	8	2	20%	2	2	31	37	0.98	1	1	1	7	1	1	-A
I	3878306	T	*/-A	9	2	18.18%	2	1	33	31	0.98	1	1	6	3	2	0	-A
I	3880520	T	*/+A	29	2	6.45%	2	2	49	55	0.98	1	1	19	10	1	1	+A
I	3940025	G	+T/+T	1	21	95.45%	1	2	25	55	0.98	1	1	0	1	12	9	+T
I	3972089	G	*/-T	22	2	8.33%	2	2	41	37	0.98	1	1	9	13	1	1	-T
I	3984736	A	*/-GGT	104	7	6.31%	2	1	47	35	0.98	1	1	37	67	0	7	-GGT
I	3992212	A	*/-AC	14	2	12.5%	2	1	37	31	0.98	1	1	1	13	0	2	-AC
I	4004016	G	*/+T	13	3	17.65%	2	1	39	37	0.98	1	1	7	6	3	0	+T
I	4010237	A	*/+GG	10	2	14.29%	2	1	38	37	0.98	1	1	9	1	2	0	+GG
I	4014850	A	*/-AT	9	3	25%	2	2	53	37	0.98	1	1	4	5	2	1	-AT
I	4055052	T	+A/+A	2	15	78.95%	2	2	49	44	0.98	1	1	1	1	10	5	+A
I	4136331	A	*/-T	16	2	11.11%	2	2	56	37	0.98	1	1	6	10	1	1	-T
I	4153651	C	*/-T	12	2	13.33%	2	2	42	37	0.98	1	1	8	4	1	1	-T
I	4168589	A	*/+T	10	2	16.67%	2	1	48	37	0.98	1	1	7	3	2	0	+T
I	4179700	T	*/+A	13	2	13.33%	2	1	38	37	0.98	1	1	10	3	0	2	+A
I	4179701	C	*/+T	7	3	23.08%	2	2	38	29	0.98	1	1	6	1	2	1	+T
I	4241118	G	*/-A	7	6	46.15%	2	2	40	49	0.98	1	1	3	4	4	2	-A
I	4244736	G	*/-T	18	2	10%	2	2	48	37	0.98	1	1	11	7	1	1	-T
I	4276890	G	+T/+T	3	9	75%	1	2	37	53	0.98	1	1	3	0	4	5	+T
I	4304169	G	+A/+A	0	12	100%	0	2	0	43	0.98	0	1	0	0	4	8	+A
I	4374201	C	*/-T	33	2	5.71%	2	2	47	68	0.98	1	1	7	26	1	1	-T
I	4374342	A	-G/-G	0	18	100%	0	2	0	49	0.98	0	1	0	0	11	7	-G
I	4386267	A	*/-G	9	2	18.18%	2	1	43	37	0.98	1	1	7	2	0	2	-G
I	4407494	T	+G/+G	0	17	100%	0	2	0	47	0.98	0	1	0	0	9	8	+G
I	4410191	C	-G/-G	0	18	100%	0	2	0	40	0.98	0	1	0	0	8	10	-G
I	4414201	C	*/-T	5	3	25%	2	2	37	33	0.98	1	1	3	2	1	2	-T
I	4414201	C	*/-TT	5	4	33.33%	2	1	37	42	0.98	1	1	3	2	0	4	-TT
I	4431856	G	+A/+A	1	28	96.55%	1	2	37	49	0.98	1	1	1	0	12	16	+A
I	4431868	C	+A/+A	4	23	85.19%	2	2	55	46	0.98	1	1	3	1	9	14	+A
I	4431871	A	*/-T	23	2	7.69%	2	2	48	55	0.98	1	1	10	13	1	1	-T
I	4442621	A	*/-AT	25	3	10.71%	2	1	53	37	0.98	1	1	16	9	3	0	-AT
I	4451514	G	*/-A	3	2	40%	2	2	37	31	0.98	1	1	1	2	1	1	-A
I	4455149	G	*/+A	1	3	60%	1	2	37	45	0.98	1	1	1	0	2	1	+A
I	4514478	T	*/-A	9	5	31.25%	2	2	41	34	0.98	1	1	7	2	3	2	-A
I	4549188	A	+GAAT/+GAAT	5	18	78.26%	2	2	44	47	0.98	1	1	3	2	4	14	+GAAT
I	4604649	C	*/+T	5	3	33.33%	1	1	35	34	0.98	1	1	5	0	3	0	+T
I	4648159	T	-G/-G	0	14	87.5%	0	2	0	41	0.98	0	1	0	0	10	4	-G
I	4648159	T	*/-GG	0	2	12.5%	0	2	0	37	0.98	0	1	0	0	1	1	-G
I	4679242	A	*/-C	32	2	5.88%	2	2	46	37	0.98	1	1	11	21	1	1	-C
I	4721875	G	*/+A	3	8	72.73%	2	2	37	40	0.98	1	1	2	1	5	3	+A
I	4759944	A	*/-G	9	2	18.18%	2	1	41	37	0.98	1	1	6	3	2	0	-G
I	4764253	G	*/+A	6	8	47.06%	1	2	43	39	0.98	1	1	6	0	6	2	+A
I	4882281	C	*/-T	9	2	18.18%	2	1	42	49	0.98	1	1	5	4	0	2	-T
I	4889545	T	*/-A	9	2	18.18%	2	2	52	55	0.98	1	1	4	5	1	1	-A
I	4916623	C	*/-AA	6	2	18.18%	2	1	34	55	0.98	1	1	2	4	0	2	-AA
I	4926046	C	*/+T	5	4	40%	2	1	44	35	0.98	1	1	4	1	4	0	+T
I	4984784	A	*/-T	2	6	54.55%	2	2	37	51	0.98	1	1	1	1	5	1	-T
I	4984784	A	*/-TT	2	3	27.27%	2	1	37	37	0.98	1	1	1	1	3	0	-T
I	5002717	C	*/-A	11	2	12.5%	2	1	47	37	0.98	1	1	7	4	2	0	-A
I	5002717	C	*/+A	11	3	18.75%	2	2	47	37	0.98	1	1	7	4	2	1	+A
I	5037093	C	*/+A	10	2	15.38%	2	1	43	55	0.98	1	1	3	7	2	0	+A
I	5060109	A	*/-T	18	3	12.5%	2	2	44	37	0.98	1	1	7	11	2	1	-T
I	5060109	A	*/+T	18	3	12.5%	2	2	44	61	0.98	1	1	7	11	2	1	-T
I	5078848	G	*/-A	13	2	12.5%	2	2	50	55	0.98	1	1	9	4	1	1	-A
I	5096442	G	*/-TT	4	3	42.86%	2	2	49	45	0.98	1	1	3	1	2	1	-TT
I	5115823	T	*/-G	31	4	11.43%	2	2	48	40	0.98	1	1	19	12	2	2	-G
I	5142627	A	+G/+G	0	16	94.12%	0	2	0	52	0.98	0	1	0	0	7	9	+G
I	5148414	T	-A/-A	3	20	86.96%	2	2	49	51	0.98	1	1	2	1	13	7	-A
I	5173087	C	+T/+T	1	17	94.44%	1	2	37	47	0.98	1	1	1	0	7	10	+T
I	5173430	G	*/+T	6	21	72.41%	2	2	33	40	0.98	1	1	5	1	18	3	+T
I	5173430	G	*/+TT	6	2	6.9%	2	2	33	37	0.98	1	1	5	1	1	1	+T
I	5181832	G	*/-T	14	3	17.65%	2	1	40	49	0.98	1	1	6	8	0	3	-T
I	5266596	A	*/-T	13	3	16.67%	2	2	51	45	0.98	1	1	7	6	2	1	-T
I	5352025	G	*/-T	20	2	8.7%	2	1	47	31	0.98	1	1	10	10	0	2	-T
I	5368262	T	-C/-C	5	43	89.58%	2	2	37	44	0.98	1	1	2	3	14	29	-C
I	5368273	G	+T/+T	0	44	97.78%	0	2	0	44	0.98	0	1	0	0	13	31	+T
I	5409846	C	*/-GTCT	35	4	10.26%	2	1	47	46	0.98	1	1	11	24	4	0	-GTCT
I	5419314	G	*/+TA	19	2	9.52%	2	2	48	74	0.98	1	1	11	8	1	1	+TA
I	5426622	C	+T/+T	1	14	77.78%	1	2	37	51	0.98	1	1	1	0	8	6	+T
I	5426622	C	*/+TT	1	3	16.67%	1	2	37	37	0.98	1	1	1	0	2	1	+T
I	5547223	T	*/-A	11	2	15.38%	2	1	47	37	0.98	1	1	7	4	2	0	-A
I	5557287	A	*/-T	5	2	28.57%	2	1	32	42	0.98	1	1	4	1	0	2	-T
I	5567937	C	*/-A	20	5	20%	2	1	33	37	0.98	1	1	10	10	5	0	-A
I	5570823	C	*/-A	5	2	28.57%	2	2	34	37	0.98	1	1	3	2	1	1	-A
I	5572022	A	*/-T	32	3	8.57%	2	1	46	37	0.98	1	1	13	19	0	3	-T
I	5574071	G	*/-AT	38	2	5%	2	2	45	74	0.98	1	1	19	19	1	1	-AT
I	5576663	A	*/+T	10	2	16.67%	2	1	48	37	0.98	1	1	5	5	2	0	+T
I	5576850	T	*/-AA	5	10	66.67%	2	2	49	43	0.98	1	1	1	4	4	6	-AA
II	5109	A	*/+C	73	6	7.59%	2	2	45	65	0.98	1	1	14	59	2	4	+C
II	7149	T	*/-A	9	2	18.18%	2	1	46	37	0.98	1	1	6	3	2	0	-A
II	7268	G	*/-T	15	3	15.79%	2	1	42	49	0.98	1	1	6	9	3	0	-T
II	52800	C	*/+T	18	2	10%	2	1	49	37	0.98	1	1	8	10	2	0	+T
II	121588	G	*/+T	9	8	47.06%	2	2	48	74	0.98	1	1	4	5	4	4	+T
II	128001	T	-A/-A	0	11	100%	0	2	0	39	0.98	0	1	0	0	3	8	-A
II	146079	T	-C/-C	1	11	91.67%	1	2	74	50	0.98	1	1	1	0	7	4	-C
II	229897	A	*/-T	22	11	28.21%	2	2	39	42	0.98	1	1	18	4	9	2	-T
II	229897	A	*/-TT	22	2	5.13%	2	1	39	31	0.98	1	1	18	4	2	0	-T
II	229897	A	*/+T	22	4	10.26%	2	2	39	34	0.98	1	1	18	4	2	2	+T
II	257643	C	*/-T	17	3	15%	2	2	39	36	0.98	1	1	14	3	2	1	-T
II	285751	G	*/+T	30	2	6.25%	2	1	54	37	0.98	1	1	18	12	0	2	+T
II	320661	G	*/-AA	17	2	10.53%	2	2	46	37	0.98	1	1	7	10	1	1	-AA
II	355454	T	*/+A	7	11	61.11%	1	2	40	47	0.98	1	1	0	7	3	8	+A
II	355468	A	*/-T	13	5	27.78%	2	1	42	42	0.98	1	1	3	10	0	5	-T
II	383156	C	*/+T	17	2	10%	2	1	40	37	0.98	1	1	12	5	2	0	+T
II	410085	C	*/-T	8	8	42.11%	2	2	42	50	0.98	1	1	6	2	4	4	-T
II	484534	A	+T/+T	1	7	87.5%	1	1	37	38	0.98	1	1	1	0	0	7	+T
II	516071	T	*/-A	15	3	14.29%	2	1	46	57	0.98	1	1	7	8	0	3	-A
II	516071	T	*/+A	15	2	9.52%	2	1	46	49	0.98	1	1	7	8	2	0	-A
II	521731	G	*/-T	16	5	22.73%	2	2	45	44	0.98	1	1	11	5	2	3	-T
II	526883	G	*/+GTGCGTTTGTTTAGGT	27	2	6.9%	2	2	48	37	0.98	1	1	10	17	1	1	+GTGCGTTTGTTTAGGT
II	526955	T	*/-AC	38	2	5%	2	2	47	37	0.98	1	1	12	26	1	1	-AC
II	526957	C	*/-GTGTGT	35	3	7.89%	2	2	46	33	0.98	1	1	11	24	1	2	-GTGTGT
II	561064	T	*/-A	5	2	28.57%	2	1	52	37	0.98	1	1	1	4	2	0	-A
II	603279	A	-T/-T	0	9	100%	0	2	0	43	0.98	0	1	0	0	6	3	-T
II	603305	A	-C/-C	0	11	100%	0	2	0	50	0.98	0	1	0	0	4	7	-C
II	605724	T	*/+A	20	2	9.09%	2	1	42	55	0.98	1	1	9	11	2	0	+A
II	662406	A	*/-T	28	2	6.67%	2	2	44	55	0.98	1	1	18	10	1	1	-T
II	700009	T	-A/-A	1	9	90%	1	2	37	34	0.98	1	1	1	0	6	3	-A
II	716295	G	*/-T	3	3	42.86%	2	2	29	33	0.98	1	1	1	2	2	1	-T
II	753854	A	*/-T	3	2	33.33%	1	1	37	31	0.98	1	1	3	0	2	0	-T
II	756993	C	*/-T	12	2	11.76%	1	2	50	61	0.98	1	1	12	0	1	1	-T
II	756993	C	*/+T	12	2	11.76%	1	1	50	37	0.98	1	1	12	0	0	2	-T
II	837446	C	*/-T	3	2	40%	1	1	33	42	0.98	1	1	3	0	2	0	-T
II	888599	A	-C/-C	0	11	100%	0	2	0	34	0.98	0	1	0	0	7	4	-C
II	889921	C	*/-T	18	2	9.52%	2	1	37	37	0.98	1	1	17	1	2	0	-T
II	903106	G	+T/+T	0	15	100%	0	2	0	46	0.98	0	1	0	0	5	10	+T
II	948303	T	*/-A	24	3	11.11%	2	2	44	37	0.98	1	1	17	7	2	1	-A
II	965517	C	*/-T	9	2	12.5%	1	2	36	55	0.98	1	1	9	0	1	1	-T
II	965517	C	*/+T	9	3	18.75%	1	2	36	33	0.98	1	1	9	0	2	1	+T
II	997671	G	*/+CAACAACAACAACAA	10	3	16.67%	2	1	33	37	0.98	1	1	4	6	3	0	+CAACAACAACAACAA
II	997671	G	*/+CAACAA	10	2	11.11%	2	1	33	37	0.98	1	1	4	6	2	0	+CAACAACAACAACAA
II	1019510	T	*/-A	3	4	57.14%	2	2	49	55	0.98	1	1	2	1	2	2	-A
II	1059118	T	*/-A	10	2	16.67%	2	1	45	49	0.98	1	1	2	8	2	0	-A
II	1078264	T	*/+A	20	3	12.5%	2	2	41	37	0.98	1	1	11	9	1	2	+A
II	1079843	T	+A/+A	3	10	76.92%	2	2	37	39	0.98	1	1	2	1	6	4	+A
II	1122580	C	*/-T	31	4	11.11%	2	2	45	55	0.98	1	1	18	13	3	1	-T
II	1163154	A	-T/-T	3	11	78.57%	1	2	37	50	0.98	1	1	0	3	5	6	-T
II	1171363	T	*/-A	9	2	18.18%	2	1	38	31	0.98	1	1	6	3	2	0	-A
II	1225665	T	*/-A	14	2	12.5%	2	1	50	55	0.98	1	1	9	5	2	0	-A
II	1243365	G	*/+T	15	3	16.67%	2	2	46	61	0.98	1	1	6	9	1	2	+T
II	1264791	C	*/-T	3	3	37.5%	2	1	29	52	0.98	1	1	1	2	0	3	-T
II	1266289	T	+A/+A	1	8	88.89%	1	2	74	36	0.98	1	1	0	1	1	7	+A
II	1266955	G	*/-GA	38	4	9.3%	2	2	48	43	0.98	1	1	23	15	2	2	-GA
II	1300076	A	*/-GAT	54	3	5.08%	2	2	52	57	0.98	1	1	25	29	2	1	-GAT
II	1308618	G	-T/-T	5	15	75%	2	2	44	51	0.98	1	1	3	2	6	9	-T
II	1349040	A	*/-T	10	2	15.38%	2	1	43	55	0.98	1	1	6	4	0	2	-T
II	1365999	G	*/-T	9	4	26.67%	2	2	54	43	0.98	1	1	5	4	2	2	-T
II	1365999	G	*/+T	9	2	13.33%	2	1	54	49	0.98	1	1	5	4	0	2	-T
II	1389139	C	*/+T	3	4	50%	2	1	49	43	0.98	1	1	1	2	4	0	+T
II	1451705	G	+A/+A	2	13	81.25%	2	2	49	45	0.98	1	1	1	1	4	9	+A
II	1456839	A	*/-T	8	2	20%	2	1	41	31	0.98	1	1	3	5	0	2	-T
II	1506840	T	*/-A	7	3	30%	2	1	40	74	0.98	1	1	4	3	3	0	-A
II	1545027	C	*/-A	12	5	29.41%	2	2	38	42	0.98	1	1	9	3	2	3	-A
II	1552815	A	*/+AG	7	9	56.25%	2	2	42	43	0.98	1	1	3	4	7	2	+AG
II	1555919	A	*/+TTTATT	2	6	66.67%	2	2	49	47	0.98	1	1	1	1	1	5	+TTTATT
II	1567898	A	*/-C	22	2	8.33%	2	2	48	37	0.98	1	1	8	14	1	1	-C
II	1600211	C	*/+A	38	6	13.64%	2	2	49	49	0.98	1	1	23	15	4	2	+A
II	1606704	A	*/+GTGGTGGTG	65	6	8.45%	2	2	50	57	0.98	1	1	33	32	3	3	+GTGGTGGTG
II	1618418	C	*/+A	35	9	20.45%	2	2	46	49	0.98	1	1	23	12	7	2	+A
II	1629986	A	*/+T	25	7	21.21%	2	2	49	47	0.98	1	1	13	12	2	5	+T
II	1634728	G	*/-TA	11	3	21.43%	2	2	42	37	0.98	1	1	5	6	2	1	-TA
II	1637375	T	*/+C	36	3	7.69%	2	1	44	37	0.98	1	1	15	21	0	3	+C
II	1645549	C	*/+A	27	9	23.68%	2	2	49	48	0.98	1	1	18	9	5	4	+A
II	1678205	T	-A/-A	0	9	100%	0	2	0	44	0.98	0	1	0	0	6	3	-A
II	1700176	T	*/-A	3	2	40%	2	2	33	42	0.98	1	1	1	2	1	1	-A
II	1709150	G	*/-T	13	2	13.33%	2	2	46	55	0.98	1	1	8	5	1	1	-T
II	1716287	T	*/-G	7	3	30%	2	1	42	49	0.98	1	1	5	2	0	3	-G
II	1722036	C	*/+A	19	2	9.52%	2	1	44	37	0.98	1	1	15	4	2	0	+A
II	1748645	T	*/-GA	7	2	20%	1	1	49	48	0.98	1	1	7	0	0	2	-GA
II	1748646	G	*/-AAA	5	2	22.22%	1	1	39	55	0.98	1	1	5	0	2	0	-AAA
II	1763419	T	*/-A	13	7	30.43%	2	2	43	35	0.98	1	1	7	6	2	5	-A
II	1818108	C	*/-T	4	4	33.33%	2	2	40	37	0.98	1	1	1	3	2	2	-T
II	1818108	C	*/+T	4	3	25%	2	2	40	48	0.98	1	1	1	3	1	2	-T
II	1861420	T	-G/-G	1	21	95.45%	1	2	74	49	0.98	1	1	1	0	9	12	-G
II	1867739	T	*/+A	6	2	25%	2	1	47	55	0.98	1	1	5	1	0	2	+A
II	1867795	A	*/+T	3	4	57.14%	1	1	37	37	0.98	1	1	3	0	0	4	+T
II	1868122	G	*/-T	5	3	30%	2	1	39	37	0.98	1	1	2	3	3	0	-T
II	1868122	G	*/+T	5	2	20%	2	2	39	55	0.98	1	1	2	3	1	1	-T
II	1873779	T	+A/+A	1	9	81.82%	1	2	37	43	0.98	1	1	0	1	3	6	+A
II	1877294	A	+T/+T	2	11	84.62%	2	2	55	48	0.98	1	1	1	1	7	4	+T
II	1879998	T	*/-C	24	2	7.69%	2	1	49	37	0.98	1	1	8	16	0	2	-C
II	1941697	A	*/-T	11	2	14.29%	2	1	41	37	0.98	1	1	7	4	2	0	-T
II	1941966	A	+T/+T	0	20	95.24%	0	2	0	53	0.98	0	1	0	0	9	11	+T
II	1941982	A	+T/+T	0	21	100%	0	2	0	50	0.98	0	1	0	0	9	12	+T
II	1948953	G	-A/-A	0	26	100%	0	2	0	44	0.98	0	1	0	0	12	14	-A
II	1950050	A	+G/+G	1	17	94.44%	1	2	62	50	0.98	1	1	1	0	5	12	+G
II	1952046	T	*/+TATTG	8	10	45.45%	2	2	43	39	0.98	1	1	3	5	5	5	+TATTG
II	1955495	T	+A/+A	0	15	100%	0	2	0	51	0.98	0	1	0	0	7	8	+A
II	1960392	A	+G/+G	0	10	90.91%	0	2	0	37	0.98	0	1	0	0	3	7	+G
II	1987101	C	-G/-G	1	21	95.45%	1	2	37	42	0.98	1	1	0	1	6	15	-G
II	1987117	T	-G/-G	0	23	100%	0	2	0	44	0.98	0	1	0	0	7	16	-G
II	2012625	T	*/+C	37	2	5.13%	2	1	47	55	0.98	1	1	12	25	0	2	+C
II	2049891	A	-T/-T	1	28	96.55%	1	2	37	43	0.98	1	1	0	1	20	8	-T
II	2053516	G	+C/+C	2	21	91.3%	1	2	55	42	0.98	1	1	2	0	5	16	+C
II	2108180	T	+A/+A	0	12	100%	0	2	0	44	0.98	0	1	0	0	7	5	+A
II	2147726	G	+T/+T	2	15	88.24%	2	2	55	48	0.98	1	1	1	1	10	5	+T
II	2187407	G	+A/+A	0	17	100%	0	2	0	48	0.98	0	1	0	0	12	5	+A
II	2198945	G	*/-CA	28	2	6.67%	2	2	44	37	0.98	1	1	7	21	1	1	-CA
II	2203175	T	*/-A	8	3	27.27%	2	2	47	33	0.98	1	1	5	3	2	1	-A
II	2209818	A	*/-T	13	2	13.33%	2	2	41	37	0.98	1	1	9	4	1	1	-T
II	2219928	A	+T/+T	0	18	94.74%	0	2	0	45	0.98	0	1	0	0	10	8	+T
II	2293297	G	-A/-A	0	11	100%	0	2	0	43	0.98	0	1	0	0	7	4	-A
II	2318772	A	*/-T	4	2	28.57%	2	1	43	37	0.98	1	1	2	2	0	2	-T
II	2327057	G	*/-TA	28	3	9.38%	2	1	43	45	0.98	1	1	14	14	3	0	-TA
II	2338528	G	*/+A	8	2	18.18%	2	1	38	37	0.98	1	1	7	1	2	0	+A
II	2414394	C	*/+A	24	2	7.69%	2	2	46	37	0.98	1	1	9	15	1	1	+A
II	2443873	T	*/+AA	6	2	22.22%	2	1	37	33	0.98	1	1	4	2	2	0	+AA
II	2513188	C	*/-A	25	2	7.41%	2	1	49	37	0.98	1	1	15	10	2	0	-A
II	2527996	C	*/-T	9	2	15.38%	2	1	39	37	0.98	1	1	6	3	2	0	-T
II	2591913	T	*/-A	11	3	20%	2	2	48	33	0.98	1	1	7	4	2	1	-A
II	2592423	T	+A/+A	0	16	100%	0	2	0	38	0.98	0	1	0	0	12	4	+A
II	2630607	C	+A/+A	0	14	93.33%	0	2	0	42	0.98	0	1	0	0	6	8	+A
II	2630878	C	*/-AT	17	3	15%	2	2	40	49	0.98	1	1	4	13	1	2	-AT
II	2640785	T	*/+A	10	25	69.44%	2	2	43	50	0.98	1	1	9	1	13	12	+A
II	2647497	C	*/-T	18	3	14.29%	2	2	37	61	0.98	1	1	7	11	2	1	-T
II	2709414	G	+C/+C	1	17	89.47%	1	2	37	60	0.98	1	1	1	0	9	8	+C
II	2755338	C	*/-AT	8	11	52.38%	2	2	54	48	0.98	1	1	3	5	4	7	-AT
II	2755338	C	*/-ATAT	8	2	9.52%	2	2	54	42	0.98	1	1	3	5	1	1	-AT
II	2788933	C	+G/+G	0	20	100%	0	2	0	43	0.98	0	1	0	0	14	6	+G
II	2798040	C	-T/-T	1	17	94.44%	1	2	74	42	0.98	1	1	1	0	9	8	-T
II	2798514	A	-G/-G	0	13	100%	0	2	0	42	0.98	0	1	0	0	9	4	-G
II	2811495	C	-A/-A	0	17	100%	0	2	0	40	0.98	0	1	0	0	13	4	-A
II	2826100	G	*/-A	12	3	15.79%	2	2	44	52	0.98	1	1	7	5	2	1	-A
II	2826100	G	*/+AA	12	2	10.53%	2	1	44	55	0.98	1	1	7	5	2	0	-A
II	2894538	T	*/-A	0	6	60%	0	2	0	39	0.98	0	1	0	0	3	3	-A
II	2894538	T	*/-AA	0	3	30%	0	1	0	37	0.98	0	1	0	0	0	3	-A
II	2900889	A	*/-T	7	5	41.67%	2	2	42	46	0.98	1	1	6	1	4	1	-T
II	2908519	G	*/+A	18	2	10%	2	2	47	55	0.98	1	1	10	8	1	1	+A
II	2937277	T	*/+A	11	2	15.38%	2	1	40	55	0.98	1	1	7	4	0	2	+A
II	2938956	C	+T/+T	0	12	100%	0	2	0	39	0.98	0	1	0	0	5	7	+T
II	3005774	C	*/-T	21	2	8.7%	2	2	47	55	0.98	1	1	8	13	1	1	-T
II	3040332	C	+G/+G	1	24	96%	1	2	74	47	0.98	1	1	1	0	8	16	+G
II	3050424	C	*/-T	11	2	15.38%	2	2	43	43	0.98	1	1	6	5	1	1	-T
II	3058544	T	-G/-G	1	13	86.67%	1	2	37	40	0.98	1	1	1	0	10	3	-G
II	3171788	G	*/-A	4	4	40%	1	2	37	39	0.98	1	1	4	0	3	1	-A
II	3171788	G	*/+A	4	2	20%	1	1	37	37	0.98	1	1	4	0	2	0	-A
II	3175926	C	*/-T	2	2	50%	2	1	37	42	0.98	1	1	1	1	2	0	-T
II	3179569	T	*/+A	19	5	20.83%	2	2	38	37	0.98	1	1	10	9	4	1	+A
II	3253453	C	*/+T	2	5	62.5%	1	2	37	41	0.98	1	1	0	2	2	3	+T
II	3282373	T	*/-A	16	2	10.53%	2	1	44	55	0.98	1	1	8	8	2	0	-A
II	3380128	C	*/-T	9	4	30.77%	2	1	34	39	0.98	1	1	8	1	4	0	-T
II	3410437	G	*/-T	6	4	36.36%	2	2	55	40	0.98	1	1	5	1	3	1	-T
II	3540057	A	*/-T	10	2	15.38%	2	1	39	37	0.98	1	1	8	2	0	2	-T
II	3619003	A	+G/+G	2	22	91.67%	2	2	49	43	0.98	1	1	1	1	9	13	+G
II	3621704	A	*/-T	12	3	18.75%	2	1	48	49	0.98	1	1	9	3	0	3	-T
II	3700889	G	*/+A	13	2	13.33%	2	1	46	37	0.98	1	1	7	6	2	0	+A
II	3799350	G	*/+A	2	3	50%	1	1	37	37	0.98	1	1	2	0	3	0	+A
II	3799420	G	*/-A	8	2	20%	2	1	40	61	0.98	1	1	5	3	0	2	-A
II	3804883	A	*/+T	16	2	11.11%	2	1	42	37	0.98	1	1	11	5	0	2	+T
II	3815025	C	*/+T	11	2	14.29%	2	2	39	68	0.98	1	1	5	6	1	1	+T
II	3828351	A	*/-CC	5	2	28.57%	1	1	37	37	0.98	1	1	0	5	2	0	-CC
II	3828524	C	*/+A	10	2	15.38%	2	1	51	42	0.98	1	1	7	3	2	0	+A
II	3838101	C	-A/-A	1	7	87.5%	1	2	37	38	0.98	1	1	1	0	2	5	-A
II	3838912	T	*/-A	10	4	28.57%	2	2	37	43	0.98	1	1	4	6	2	2	-A
II	3856896	A	*/-T	11	3	13.64%	2	2	38	53	0.98	1	1	6	5	1	2	-T
II	3856896	A	*/-TT	11	3	13.64%	2	2	38	49	0.98	1	1	6	5	1	2	-T
II	3856896	A	*/-TTT	11	2	9.09%	2	2	38	49	0.98	1	1	6	5	1	1	-T
II	3856896	A	*/+T	11	3	13.64%	2	1	38	37	0.98	1	1	6	5	3	0	+T
II	3860185	C	*/-TAGTA	13	6	28.57%	2	2	42	34	0.98	1	1	1	12	3	3	-TAGTA
II	3904627	A	*/-G	29	3	9.38%	2	1	45	37	0.98	1	1	15	14	0	3	-G
II	3954039	C	*/-T	16	5	21.74%	2	2	42	44	0.98	1	1	11	5	4	1	-T
II	3975235	C	*/-A	19	2	7.41%	2	2	39	55	0.98	1	1	16	3	1	1	-A
II	3975235	C	*/-AA	19	2	7.41%	2	2	39	42	0.98	1	1	16	3	1	1	-A
II	3975235	C	*/+A	19	4	14.81%	2	2	39	46	0.98	1	1	16	3	3	1	+A
II	3980468	C	-T/-T	1	7	77.78%	1	2	37	33	0.98	1	1	1	0	5	2	-T
II	4006982	C	*/-A	2	4	44.44%	1	1	37	37	0.98	1	1	2	0	4	0	-A
II	4006982	C	*/+A	2	3	33.33%	1	2	37	45	0.98	1	1	2	0	1	2	-A
II	4031460	A	*/+T	2	3	60%	2	2	55	33	0.98	1	1	1	1	1	2	+T
II	4108814	G	*/-TA	38	3	7.14%	2	2	46	49	0.98	1	1	18	20	1	2	-TA
II	4249637	A	*/-AT	25	2	7.14%	2	1	49	37	0.98	1	1	9	16	0	2	-AT
II	4254960	G	-A/-A	0	15	100%	0	2	0	48	0.98	0	1	0	0	6	9	-A
II	4308414	C	*/+A	3	7	70%	1	2	61	42	0.98	1	1	3	0	6	1	+A
II	4419921	T	+A/+A	1	4	80%	1	1	37	39	0.98	1	1	0	1	4	0	+A
II	4452613	A	*/-T	34	2	5.56%	2	2	54	49	0.98	1	1	17	17	1	1	-T
II	4459027	C	*/+A	41	5	10.87%	2	2	48	66	0.98	1	1	23	18	4	1	+A
II	4462508	C	*/-A	7	3	30%	2	1	50	45	0.98	1	1	6	1	3	0	-A
II	4478212	A	*/-T	9	2	18.18%	2	1	45	31	0.98	1	1	5	4	2	0	-T
II	4481876	G	*/+T	88	7	7.37%	2	2	46	58	0.98	1	1	42	46	6	1	+T
II	4513922	G	*/+GGCTGCTATAATCATTCCCAA	42	4	8.7%	2	2	50	55	0.98	1	1	19	23	1	3	+GGCTGCTATAATCATTCCCAA
II	4515506	C	*/+T	19	2	9.52%	2	1	44	55	0.98	1	1	4	15	0	2	+T
II	4517047	T	*/+TACTCATC	55	11	15.71%	2	2	46	39	0.98	1	1	34	21	7	4	+TACTCATC
II	4521490	A	*/+T	17	7	29.17%	2	2	45	45	0.98	1	1	14	3	3	4	+T
II	4521677	T	*/-AA	7	8	50%	2	2	42	41	0.98	1	1	3	4	2	6	-AA
II	4525340	G	*/-T	42	4	6.9%	2	2	39	46	0.98	1	1	31	11	2	2	-T
II	4525340	G	*/+T	42	11	18.97%	2	2	39	39	0.98	1	1	31	11	4	7	+T
II	4526174	A	*/-T	15	3	15%	2	1	34	37	0.98	1	1	8	7	3	0	-T
II	4526174	A	*/-TT	15	2	10%	2	1	34	37	0.98	1	1	8	7	0	2	-T
II	4526843	C	*/-TTT	3	2	28.57%	2	2	29	31	0.98	1	1	2	1	1	1	-TTT
II	4528465	C	*/+GACAAT	67	8	10.67%	2	2	47	37	0.98	1	1	31	36	4	4	+GACAAT
II	4528483	T	*/-GACAATGACAGA	66	7	9.59%	2	2	44	52	0.98	1	1	32	34	2	5	-GACAATGACAGA
II	4529375	T	*/+ACAACGACAACGACAACG	38	9	15%	2	2	44	34	0.98	1	1	20	18	7	2	+ACAACGACAACGACAACG
II	4529375	T	*/+ACAACGACAACGACAACGACAACG	38	11	18.33%	2	2	44	49	0.98	1	1	20	18	6	5	+ACAACGACAACGACAACGACAACG
II	4529923	A	*/+G	73	4	5.13%	2	2	46	37	0.98	1	1	32	41	2	2	+G
II	4531400	G	*/+TA	145	8	5.23%	2	2	47	55	0.98	1	1	97	48	4	4	+TA
II	4533588	C	*/-T	47	22	31.88%	2	2	43	48	0.98	1	1	28	19	11	11	-T
II	4534880	A	*/-T	95	17	15.18%	2	2	42	45	0.98	1	1	39	56	7	10	-T
II	4535321	G	*/-GATAT	168	23	12.04%	2	2	44	44	0.98	1	1	73	95	11	12	-GATAT
II	4535523	T	*/+GTTACG	157	31	16.4%	2	2	43	48	0.98	1	1	56	101	14	17	+GTTACG
II	4535548	A	*/-TATGTG	180	31	14.55%	2	2	44	46	0.98	1	1	81	99	19	12	-TATGTG
II	4535645	G	*/-T	144	31	17.51%	2	2	51	47	0.98	1	1	76	68	19	12	-T
II	4535727	A	*/-G	105	17	13.93%	2	2	44	40	0.98	1	1	41	64	8	9	-G
II	4535985	A	*/+G	42	3	6.67%	2	1	39	37	0.98	1	1	25	17	0	3	+G
II	4536089	C	*/+AAAAGAAAAGTAAATT	33	2	5.71%	2	2	41	37	0.98	1	1	23	10	1	1	+AAAAGAAAAGTAAATT
II	4536728	A	*/+GAGAGTAGG	134	31	16.4%	2	2	49	46	0.98	1	1	53	81	16	15	+GAGAGTAGG
II	4537213	G	*/+T	135	96	41.56%	2	2	48	46	0.98	1	1	79	56	54	42	+T
II	4537387	A	*/-AATAAGAG	45	95	67.38%	2	2	46	45	0.98	1	1	22	23	49	46	-AATAAGAG
II	4537655	A	*/+AAATG	52	4	7.14%	2	2	39	46	0.98	1	1	29	23	3	1	+AAATG
II	4537665	G	*/+AAATA	38	15	27.27%	2	2	41	35	0.98	1	1	23	15	7	8	+AAATA
II	4538054	T	*/+G	385	30	7.21%	2	2	56	60	0.98	1	1	266	119	17	13	+G
II	4539519	G	*/+AAATA	47	6	11.32%	2	2	41	41	0.98	1	1	24	23	5	1	+AAATA
III	1558	G	*/-A	59	11	14.47%	2	2	40	39	0.98	1	1	27	32	3	8	-A
III	4729	A	*/-T	292	89	18.9%	2	2	46	48	0.98	1	1	197	95	43	46	-T
III	4729	A	*/+T	292	42	8.92%	2	2	46	46	0.98	1	1	197	95	20	22	-T
III	4729	A	*/+TT	292	29	6.16%	2	2	46	50	0.98	1	1	197	95	11	18	-T
III	4952	C	*/+T	275	80	22.16%	2	2	38	50	0.98	1	1	183	92	25	55	+T
III	5403	C	*/-T	343	87	17.79%	2	2	43	41	0.98	1	1	235	108	42	45	-T
III	5403	C	*/-TT	343	29	5.93%	2	2	43	43	0.98	1	1	235	108	17	12	-T
III	9812	T	*/+A	100	30	21.58%	2	2	44	41	0.98	1	1	35	65	1	29	+A
III	12428	G	*/-A	46	5	8.62%	2	2	39	44	0.98	1	1	18	28	3	2	-A
III	12428	G	*/+A	46	4	6.9%	2	1	39	40	0.98	1	1	18	28	0	4	-A
III	15599	A	*/-T	301	80	16.84%	2	2	47	48	0.98	1	1	210	91	43	37	-T
III	15599	A	*/+T	301	41	8.63%	2	2	47	43	0.98	1	1	210	91	20	21	-T
III	15599	A	*/+TT	301	31	6.53%	2	2	47	48	0.98	1	1	210	91	15	16	-T
III	15822	C	*/+T	262	75	21.99%	2	2	41	47	0.98	1	1	164	98	25	50	+T
III	16273	C	*/-T	378	91	17.23%	2	2	43	42	0.98	1	1	262	116	42	49	-T
III	16273	C	*/-TT	378	32	6.06%	2	2	43	47	0.98	1	1	262	116	17	15	-T
III	20682	T	*/+A	117	39	24.22%	2	2	43	41	0.98	1	1	34	83	2	37	+A
III	23298	G	*/-A	65	7	8.86%	2	2	39	47	0.98	1	1	31	34	4	3	-A
III	23298	G	*/-AA	65	4	5.06%	2	2	39	39	0.98	1	1	31	34	3	1	-A
III	46959	A	*/-AT	12	2	12.5%	2	2	43	37	0.98	1	1	7	5	1	1	-AT
III	46959	A	*/+AT	12	2	12.5%	2	2	43	31	0.98	1	1	7	5	1	1	-AT
III	48457	C	*/-T	17	2	10.53%	2	2	39	37	0.98	1	1	8	9	1	1	-T
III	69589	T	*/-A	15	2	11.11%	2	2	43	49	0.98	1	1	9	6	1	1	-A
III	123319	T	*/-A	11	4	21.05%	2	2	44	39	0.98	1	1	7	4	1	3	-A
III	123319	T	*/-AA	11	4	21.05%	2	2	44	43	0.98	1	1	7	4	2	2	-A
III	208140	C	*/-A	7	2	14.29%	1	1	35	49	0.98	1	1	7	0	2	0	-A
III	208140	C	*/+A	7	4	28.57%	1	2	35	43	0.98	1	1	7	0	3	1	+A
III	234982	C	*/+A	33	2	5.71%	2	1	49	74	0.98	1	1	14	19	2	0	+A
III	245692	C	*/-T	21	3	12.5%	2	1	48	57	0.98	1	1	16	5	0	3	-T
III	286594	T	*/+A	2	8	72.73%	1	2	37	40	0.98	1	1	2	0	5	3	+A
III	293096	G	*/-T	10	3	23.08%	2	1	34	49	0.98	1	1	4	6	3	0	-T
III	347926	G	*/-TC	47	3	5.88%	2	1	47	57	0.98	1	1	12	35	3	0	-TC
III	348685	G	*/-AT	34	6	15%	2	2	41	43	0.98	1	1	19	15	5	1	-AT
III	365747	C	-A/-A	0	10	90.91%	0	1	0	40	0.98	0	1	0	0	10	0	-A
III	406022	C	*/+T	12	2	14.29%	2	1	46	55	0.98	1	1	7	5	2	0	+T
III	415596	T	*/-A	13	2	13.33%	2	2	39	55	0.98	1	1	8	5	1	1	-A
III	426608	C	*/-A	21	2	8.7%	2	2	43	55	0.98	1	1	10	11	1	1	-A
III	431910	C	*/-T	10	2	16.67%	2	2	42	37	0.98	1	1	5	5	1	1	-T
III	467904	C	*/+A	12	2	14.29%	2	2	54	55	0.98	1	1	3	9	1	1	+A
III	518843	C	*/-T	13	2	12.5%	2	1	38	37	0.98	1	1	5	8	0	2	-T
III	568658	C	*/-T	14	2	10%	2	2	42	55	0.98	1	1	12	2	1	1	-T
III	568658	C	*/+T	14	3	15%	2	2	42	33	0.98	1	1	12	2	1	2	+T
III	717677	A	*/-T	3	4	36.36%	1	2	37	43	0.98	1	1	3	0	2	2	-T
III	717677	A	*/-TT	3	4	36.36%	1	2	37	52	0.98	1	1	3	0	3	1	-T
III	719955	A	-C/-C	0	5	100%	0	2	0	44	0.98	0	1	0	0	3	2	-C
III	720559	C	*/-T	5	2	20%	2	1	42	37	0.98	1	1	4	1	2	0	-T
III	720683	A	+T/+T	2	8	80%	1	2	55	44	0.98	1	1	2	0	3	5	+T
III	728052	C	*/+A	8	2	20%	2	2	47	31	0.98	1	1	4	4	1	1	+A
III	762516	T	*/-A	8	2	20%	2	2	36	55	0.98	1	1	3	5	1	1	-A
III	822701	G	*/-T	12	4	23.53%	2	2	47	31	0.98	1	1	6	6	1	3	-T
III	827251	C	*/+T	3	3	50%	2	2	40	28	0.98	1	1	2	1	2	1	+T
III	853262	T	*/-A	21	2	8.33%	2	2	47	37	0.98	1	1	15	6	1	1	-A
III	867865	C	-T/-T	1	14	93.33%	1	2	37	41	0.98	1	1	1	0	8	6	-T
III	898665	T	*/-A	14	2	12.5%	2	2	41	37	0.98	1	1	6	8	1	1	-A
III	922559	A	*/-AAATT	9	2	18.18%	2	2	43	37	0.98	1	1	5	4	1	1	-AAATT
III	936705	G	*/-TTTT	1	2	50%	1	2	37	37	0.98	1	1	0	1	1	1	-TTTT
III	954028	G	*/+A	12	2	14.29%	2	2	49	49	0.98	1	1	10	2	1	1	+A
III	966124	G	*/-T	13	2	10%	2	1	42	37	0.98	1	1	9	4	2	0	-T
III	966124	G	*/-TT	13	2	10%	2	1	42	37	0.98	1	1	9	4	2	0	-T
III	966124	G	*/+T	13	2	10%	2	1	42	37	0.98	1	1	9	4	2	0	-T
III	970892	C	*/+T	4	2	28.57%	2	2	40	43	0.98	1	1	2	2	1	1	+T
III	996949	A	*/-T	10	3	21.43%	2	2	43	57	0.98	1	1	7	3	1	2	-T
III	1016311	G	+C/+C	0	31	100%	0	2	0	44	0.98	0	1	0	0	15	16	+C
III	1047060	C	*/-T	14	2	11.76%	2	1	50	68	0.98	1	1	7	7	0	2	-T
III	1073505	T	*/+ATATAGAG	80	8	9.09%	2	2	49	50	0.98	1	1	49	31	7	1	+ATATAGAG
III	1075548	A	*/+GTGGTGGTG	110	8	6.67%	2	2	48	37	0.98	1	1	42	68	4	4	+GTGGTGGTG
III	1079346	A	*/+G	89	13	12.75%	2	2	41	39	0.98	1	1	62	27	9	4	+G
III	1080146	T	*/+ATATAGAG	183	12	6.12%	2	2	44	36	0.98	1	1	69	114	5	7	+ATATAGAG
III	1082171	A	*/+TGGAAGTGGTAAG	99	9	8.33%	2	2	44	38	0.98	1	1	39	60	1	8	+TGGAAGTGGTAAG
III	1082189	A	*/+GTGGTGGTG	111	7	5.83%	2	2	44	43	0.98	1	1	32	79	4	3	+GTGGTGGTG
III	1084026	A	*/+AGTGGTGATGGTT	49	4	7.55%	2	2	47	46	0.98	1	1	18	31	2	2	+AGTGGTGATGGTT
III	1095549	T	*/-G	27	3	10%	2	1	48	41	0.98	1	1	13	14	0	3	-G
III	1095550	G	*/-T	10	10	37.04%	1	2	43	39	0.98	1	1	10	0	3	7	-T
III	1095550	G	*/-TT	10	3	11.11%	1	2	43	53	0.98	1	1	10	0	2	1	-T
III	1103423	T	*/-A	12	10	37.04%	2	2	42	38	0.98	1	1	8	4	5	5	-A
III	1103423	T	*/-AA	12	3	11.11%	2	2	42	45	0.98	1	1	8	4	1	2	-A
III	1110963	T	*/+C	67	8	10.67%	2	2	44	40	0.98	1	1	28	39	3	5	+C
III	1114914	T	*/+ACCACTAACCATC	32	3	8.57%	2	2	43	49	0.98	1	1	18	14	1	2	+ACCACTAACCATC
III	1117723	T	*/+C	56	7	11.11%	2	2	46	45	0.98	1	1	20	36	4	3	+C
III	1121674	T	*/+ACCACTAACCATC	43	9	16.98%	2	2	46	45	0.98	1	1	29	14	2	7	+ACCACTAACCATC
III	1124483	T	*/+C	48	9	15.79%	2	2	45	43	0.98	1	1	16	32	5	4	+C
III	1128434	T	*/+ACCACTAACCATC	37	7	15.56%	2	2	45	40	0.98	1	1	21	16	3	4	+ACCACTAACCATC
III	1131243	T	*/+C	51	8	13.56%	2	2	45	41	0.98	1	1	16	35	2	6	+C
III	1135011	C	*/-CACTTACCACTTA	38	2	5%	2	1	47	37	0.98	1	1	17	21	2	0	-CACTTACCACTTA
III	1135194	T	*/+ACCACTAACCATC	35	3	7.5%	2	1	44	37	0.98	1	1	20	15	0	3	+ACCACTAACCATC
III	1239214	T	*/+AA	2	8	72.73%	1	2	37	43	0.98	1	1	2	0	4	4	+AA
III	1244495	G	*/-T	10	3	23.08%	2	2	40	57	0.98	1	1	8	2	2	1	-T
III	1252498	T	*/-C	17	2	10.53%	2	1	52	31	0.98	1	1	8	9	0	2	-C
III	1252503	G	*/+TTT	13	2	11.11%	2	1	48	55	0.98	1	1	8	5	0	2	+TTT
III	1252505	G	*/+T	7	2	10.53%	2	1	49	48	0.98	1	1	6	1	0	2	+T
III	1252505	G	*/+TTT	7	2	10.53%	2	1	49	61	0.98	1	1	6	1	0	2	+T
III	1282960	C	*/+A	13	2	13.33%	2	2	40	61	0.98	1	1	4	9	1	1	+A
III	1403337	A	*/-T	14	2	11.76%	2	1	53	55	0.98	1	1	11	3	2	0	-T
III	1510629	T	*/-A	5	4	33.33%	2	2	32	46	0.98	1	1	3	2	3	1	-A
III	1510629	T	*/+A	5	2	16.67%	2	1	32	37	0.98	1	1	3	2	2	0	-A
III	1535109	G	*/+A	19	2	9.52%	2	1	38	37	0.98	1	1	12	7	0	2	+A
III	1594933	T	*/-A	4	6	60%	2	2	34	43	0.98	1	1	3	1	3	3	-A
III	1674618	C	*/-T	9	2	15.38%	2	2	36	25	0.98	1	1	8	1	1	1	-T
III	1685487	G	+A/+A	0	16	100%	0	2	0	40	0.98	0	1	0	0	5	11	+A
III	1712983	G	*/-A	7	5	31.25%	1	1	38	37	0.98	1	1	7	0	5	0	-A
III	1712983	G	*/+A	7	2	12.5%	1	1	38	37	0.98	1	1	7	0	2	0	-A
III	1756400	T	-A/-A	0	22	100%	0	2	0	49	0.98	0	1	0	0	11	11	-A
III	1774235	T	+GATC/+GATC	1	10	90.91%	1	2	37	43	0.98	1	1	0	1	8	2	+GATC
III	1790165	C	*/-T	9	2	18.18%	2	2	39	74	0.98	1	1	4	5	1	1	-T
III	1802522	G	*/-T	7	3	23.08%	2	1	35	37	0.98	1	1	4	3	3	0	-T
III	1802522	G	*/+T	7	3	23.08%	2	2	35	57	0.98	1	1	4	3	2	1	-T
III	1815178	C	*/+AT	13	2	13.33%	2	2	46	37	0.98	1	1	5	8	1	1	+AT
III	1821911	C	*/-AAA	2	2	33.33%	1	2	49	37	0.98	1	1	0	2	1	1	-AAA
III	1947823	A	*/-T	11	2	15.38%	2	1	39	55	0.98	1	1	10	1	2	0	-T
III	1979604	A	*/-T	4	2	28.57%	1	1	43	37	0.98	1	1	0	4	2	0	-T
III	1985119	G	*/-T	9	2	15.38%	2	1	43	55	0.98	1	1	6	3	2	0	-T
III	2113205	C	*/-TT	11	2	13.33%	2	2	40	31	0.98	1	1	6	5	1	1	-TT
III	2145136	G	*/-T	33	2	5.71%	2	1	49	55	0.98	1	1	19	14	0	2	-T
III	2149308	C	*/-AT	5	2	28.57%	2	2	37	55	0.98	1	1	3	2	1	1	-AT
III	2168459	T	+A/+A	0	22	100%	0	2	0	41	0.98	0	1	0	0	13	9	+A
III	2221410	T	*/-A	8	2	20%	2	1	44	37	0.98	1	1	7	1	2	0	-A
III	2240594	C	*/+A	8	2	20%	2	2	46	37	0.98	1	1	3	5	1	1	+A
III	2263634	T	*/+TTAGG	15	4	21.05%	2	2	43	37	0.98	1	1	11	4	2	2	+TTAGG
III	2270459	C	*/-A	15	2	11.11%	2	2	39	37	0.98	1	1	12	3	1	1	-A
III	2284394	C	*/+T	11	2	15.38%	2	1	40	31	0.98	1	1	3	8	0	2	+T
III	2310960	G	*/-A	11	2	15.38%	2	1	36	55	0.98	1	1	5	6	2	0	-A
III	2310968	A	*/+GGT	12	2	14.29%	2	1	40	55	0.98	1	1	5	7	2	0	+GGT
III	2382018	A	*/-T	5	3	33.33%	2	2	32	37	0.98	1	1	3	2	1	2	-T
III	2420241	T	*/-A	4	2	25%	2	1	37	61	0.98	1	1	2	2	0	2	-A
III	2443562	A	*/+T	17	41	65.08%	2	2	41	36	0.98	1	1	7	10	1	40	+T
III	2447848	T	*/-A	834	270	19.24%	2	2	43	40	0.98	1	1	604	230	201	69	-A
III	2447848	T	*/-AA	834	146	10.41%	2	2	43	44	0.98	1	1	604	230	100	46	-A
III	2447848	T	*/+A	834	105	7.48%	2	2	43	44	0.98	1	1	604	230	79	26	-A
III	2448309	T	-AA/-AA	50	598	91.02%	2	2	42	41	0.98	1	1	35	15	229	369	-AA
III	2448518	T	*/-A	700	257	22.82%	2	2	45	44	0.98	1	1	490	210	182	75	-A
III	2448518	T	*/-AA	700	74	6.57%	2	2	45	47	0.98	1	1	490	210	51	23	-A
III	2448518	T	*/+A	700	71	6.31%	2	2	45	47	0.98	1	1	490	210	39	32	-A
