Chrom	Position	Ref	Cons	Reads1	Reads2	VarFreq	Strands1	Strands2	Qual1	Qual2	Pvalue	MapQual1	MapQual2	Reads1Plus	Reads1Minus	Reads2Plus	Reads2Minus	VarAllele
chr_II_telomeric_gap	4294	A	*/-T	10	3	23.08%	2	1	42	61	0.98	1	1	4	6	0	3	-T
chr_II_telomeric_gap	5210	G	*/+T	20	2	9.09%	2	1	45	37	0.98	1	1	14	6	2	0	+T
chr_II_telomeric_gap	6301	C	*/-AT	24	3	11.11%	2	2	50	37	0.98	1	1	10	14	2	1	-AT
chr_II_telomeric_gap	8538	G	*/-A	5	3	27.27%	2	2	36	40	0.98	1	1	4	1	2	1	-A
I	3160	A	*/+GTTGTCGTTGTCGTTGTC	64	18	19.35%	2	2	47	55	0.98	1	1	36	28	8	10	+GTTGTCGTTGTCGTTGTC
I	3160	A	*/+GTTGTCGTTGTCGTTGTCGTTGTC	64	10	10.75%	2	2	47	44	0.98	1	1	36	28	6	4	+GTTGTCGTTGTCGTTGTC
I	4047	C	*/-TGTCTCTGTCAT	61	12	16.44%	2	2	45	37	0.98	1	1	26	35	7	5	-TGTCTCTGTCAT
I	4053	C	*/+TGTCATTGTCAT	49	9	15.25%	2	2	46	45	0.98	1	1	25	24	4	5	+TGTCATTGTCAT
I	5677	G	*/-A	29	6	11.76%	2	1	36	37	0.98	1	1	27	2	6	0	-A
I	5677	G	*/-AA	29	8	15.69%	2	2	36	43	0.98	1	1	27	2	6	2	-AA
I	5677	G	*/+A	29	3	5.88%	2	2	36	40	0.98	1	1	27	2	2	1	-AA
I	6357	T	*/-AA	48	16	24.24%	2	2	42	44	0.98	1	1	30	18	9	7	-AA
I	7191	T	*/-C	46	3	6%	2	1	41	36	0.98	1	1	38	8	0	3	-C
I	7192	C	*/+A	32	15	28.3%	2	2	43	43	0.98	1	1	27	5	12	3	+A
I	10859	G	*/-TT	13	6	30%	2	2	37	53	0.98	1	1	11	2	2	4	-TT
I	15734	C	*/-A	18	4	16.67%	2	1	39	37	0.98	1	1	15	3	4	0	-A
I	19694	T	*/+A	49	3	5.77%	2	1	52	37	0.98	1	1	26	23	3	0	+A
I	27402	A	*/+C	21	3	12%	2	1	38	37	0.98	1	1	4	17	0	3	+C
I	41770	C	*/-AT	42	3	6.67%	2	1	50	33	0.98	1	1	16	26	0	3	-AT
I	55244	T	*/-A	7	3	25%	2	2	42	40	0.98	1	1	6	1	2	1	-A
I	101871	A	+G/+G	2	30	83.33%	1	2	55	47	0.98	1	1	2	0	12	18	+G
I	137556	A	*/+CG	36	2	5.26%	2	1	43	37	0.98	1	1	19	17	2	0	+CG
I	137559	T	*/-AC	32	2	5.88%	2	1	43	31	0.98	1	1	18	14	2	0	-AC
I	206448	C	*/+T	15	2	10.53%	1	1	34	37	0.98	1	1	15	0	2	0	+T
I	216147	C	*/-T	17	2	10%	2	1	36	37	0.98	1	1	12	5	2	0	-T
I	232688	T	*/+A	8	3	27.27%	2	2	44	33	0.98	1	1	5	3	2	1	+A
I	381883	C	*/+A	4	2	28.57%	2	2	55	37	0.98	1	1	1	3	1	1	+A
I	414079	C	*/-T	19	2	9.52%	2	2	43	55	0.98	1	1	11	8	1	1	-T
I	440084	T	*/+A	2	8	72.73%	2	2	25	47	0.98	1	1	1	1	4	4	+A
I	441614	C	*/-T	10	4	20%	2	2	37	42	0.98	1	1	9	1	2	2	-T
I	441614	C	*/+T	10	5	25%	2	2	37	41	0.98	1	1	9	1	3	2	+T
I	453369	G	*/-A	7	3	20%	1	1	35	33	0.98	1	1	7	0	3	0	-A
I	453369	G	*/+A	7	3	20%	1	1	35	37	0.98	1	1	7	0	3	0	-A
I	460756	T	*/+A	30	2	5.71%	2	2	46	37	0.98	1	1	15	15	1	1	+A
I	460756	T	*/+AA	30	2	5.71%	2	1	46	55	0.98	1	1	15	15	2	0	+A
I	464017	C	*/-A	17	2	10%	2	1	42	55	0.98	1	1	7	10	2	0	-A
I	470378	A	-C/-C	3	23	88.46%	2	2	70	35	0.98	1	1	2	1	11	12	-C
I	470390	A	-C/-C	0	23	100%	0	2	0	40	0.98	0	1	0	0	13	10	-C
I	482737	A	+G/+G	4	24	80%	2	2	55	43	0.98	1	1	3	1	12	12	+G
I	521845	T	*/-A	22	3	11.11%	2	1	42	49	0.98	1	1	16	6	0	3	-A
I	528541	C	*/+A	24	2	7.41%	2	2	43	37	0.98	1	1	18	6	1	1	+A
I	554527	A	+T/+T	2	14	82.35%	1	2	37	45	0.98	1	1	2	0	7	7	+T
I	562745	A	*/+T	4	12	70.59%	2	2	46	49	0.98	1	1	2	2	6	6	+T
I	609849	C	*/+T	26	2	7.14%	2	1	46	36	0.98	1	1	18	8	2	0	+T
I	650099	C	*/+AA	11	4	25%	2	1	55	37	0.98	1	1	9	2	4	0	+AA
I	660056	T	*/-G	19	2	9.52%	2	2	42	61	0.98	1	1	16	3	1	1	-G
I	670032	C	+A/+A	2	51	94.44%	2	2	55	50	0.98	1	1	1	1	15	36	+A
I	682993	T	-C/-C	0	40	100%	0	2	0	46	0.98	0	1	0	0	17	23	-C
I	711551	G	*/+C	24	2	7.69%	2	2	45	37	0.98	1	1	9	15	1	1	+C
I	719597	G	*/-TA	39	3	7.14%	2	2	47	37	0.98	1	1	15	24	2	1	-TA
I	765477	A	*/-T	10	4	26.67%	2	2	37	37	0.98	1	1	5	5	1	3	-T
I	793917	A	*/-T	5	6	50%	2	2	37	37	0.98	1	1	4	1	4	2	-T
I	803563	T	*/+A	37	2	5.13%	2	2	44	37	0.98	1	1	15	22	1	1	+A
I	862962	C	+T/+T	2	29	93.55%	1	2	55	42	0.98	1	1	2	0	23	6	+T
I	934908	T	*/+AA	13	3	18.75%	2	1	37	37	0.98	1	1	10	3	3	0	+AA
I	960025	G	*/+T	4	8	61.54%	1	2	37	35	0.98	1	1	4	0	5	3	+T
I	965438	C	*/+A	3	2	40%	1	2	37	31	0.98	1	1	3	0	1	1	+A
I	966383	C	*/+T	13	2	13.33%	2	1	43	37	0.98	1	1	8	5	2	0	+T
I	995070	G	*/-T	6	3	25%	1	2	42	33	0.98	1	1	6	0	1	2	-T
I	995070	G	*/+T	6	2	16.67%	1	1	42	42	0.98	1	1	6	0	0	2	-T
I	1027635	T	*/+A	8	3	20%	2	1	35	37	0.98	1	1	7	1	3	0	+A
I	1027635	T	*/+AA	8	2	13.33%	2	2	35	42	0.98	1	1	7	1	1	1	+A
I	1048634	A	*/+T	16	2	11.11%	2	1	44	37	0.98	1	1	12	4	0	2	+T
I	1048635	G	+A/+A	1	15	88.24%	1	2	37	44	0.98	1	1	1	0	11	4	+A
I	1083962	G	*/+TT	19	5	20%	2	1	34	46	0.98	1	1	10	9	0	5	+TT
I	1149094	A	*/+G	27	2	6.9%	2	1	36	37	0.98	1	1	23	4	2	0	+G
I	1185797	G	*/-AA	15	4	19.05%	2	1	42	39	0.98	1	1	13	2	4	0	-AA
I	1206603	G	*/-T	36	2	5.26%	2	2	52	74	0.98	1	1	17	19	1	1	-T
I	1254655	T	*/+A	11	2	14.29%	2	2	42	42	0.98	1	1	8	3	1	1	+A
I	1274803	T	+A/+A	0	9	100%	0	2	0	41	0.98	0	1	0	0	3	6	+A
I	1290605	A	*/-T	18	7	25.93%	2	2	44	37	0.98	1	1	12	6	6	1	-T
I	1290605	A	*/+T	18	2	7.41%	2	2	44	61	0.98	1	1	12	6	1	1	-T
I	1358794	C	*/+A	2	3	42.86%	1	2	37	44	0.98	1	1	2	0	1	2	+A
I	1421034	T	*/+A	9	2	16.67%	2	1	43	36	0.98	1	1	4	5	0	2	+A
I	1424708	C	-A/-A	1	17	94.44%	1	2	37	40	0.98	1	1	1	0	8	9	-A
I	1454446	C	*/+A	33	6	15.38%	2	2	42	43	0.98	1	1	24	9	5	1	+A
I	1478066	G	*/-A	15	7	31.82%	2	2	34	35	0.98	1	1	10	5	5	2	-A
I	1496317	C	-A/-A	1	17	77.27%	1	2	37	44	0.98	1	1	1	0	11	6	-A
I	1496317	C	*/-AA	1	3	13.64%	1	1	37	37	0.98	1	1	1	0	3	0	-A
I	1509277	C	*/+T	4	8	66.67%	1	2	40	40	0.98	1	1	4	0	2	6	+T
I	1529295	A	*/-AGGAGG	26	11	29.73%	2	2	46	46	0.98	1	1	15	11	5	6	-AGGAGG
I	1541472	G	*/-T	12	5	26.32%	2	2	40	44	0.98	1	1	10	2	4	1	-T
I	1599291	T	*/-A	6	2	15.38%	2	1	37	37	0.98	1	1	2	4	0	2	-A
I	1599291	T	*/-AA	6	2	15.38%	2	1	37	31	0.98	1	1	2	4	0	2	-A
I	1599291	T	*/+A	6	3	23.08%	2	2	37	37	0.98	1	1	2	4	1	2	+A
I	1625092	T	+C/+C	0	20	100%	0	2	0	50	0.98	0	1	0	0	7	13	+C
I	1777634	A	*/-T	8	2	16.67%	2	2	40	55	0.98	1	1	5	3	1	1	-T
I	1830464	C	*/-T	32	2	5.88%	2	1	52	37	0.98	1	1	14	18	0	2	-T
I	1837916	G	*/-T	13	3	15.79%	2	2	36	49	0.98	1	1	10	3	2	1	-T
I	1837916	G	*/-TT	13	3	15.79%	2	1	36	33	0.98	1	1	10	3	0	3	-T
I	1845934	T	*/-A	17	2	10.53%	2	2	42	55	0.98	1	1	9	8	1	1	-A
I	1848384	C	*/-A	13	2	11.76%	2	2	36	37	0.98	1	1	12	1	1	1	-A
I	1849285	C	*/+T	44	3	6.12%	2	2	50	49	0.98	1	1	20	24	2	1	+T
I	1890184	C	*/-A	11	9	42.86%	2	2	35	47	0.98	1	1	10	1	7	2	-A
I	1890895	C	*/-T	19	2	9.09%	2	1	46	55	0.98	1	1	5	14	0	2	-T
I	1905214	C	*/-T	19	2	9.52%	2	1	45	37	0.98	1	1	7	12	0	2	-T
I	1936294	G	+A/+A	0	15	100%	0	2	0	49	0.98	0	1	0	0	8	7	+A
I	1952313	A	+T/+T	2	20	90.91%	1	2	37	50	0.98	1	1	0	2	16	4	+T
I	1954162	C	*/-A	13	5	20.83%	2	2	39	44	0.98	1	1	8	5	3	2	-A
I	1954162	C	*/-AA	13	2	8.33%	2	1	39	42	0.98	1	1	8	5	2	0	-A
I	1954162	C	*/-AAA	13	2	8.33%	2	1	39	37	0.98	1	1	8	5	2	0	-A
I	1954162	C	*/+A	13	2	8.33%	2	2	39	37	0.98	1	1	8	5	1	1	-A
I	1955853	T	*/+A	3	9	69.23%	1	2	37	37	0.98	1	1	3	0	6	3	+A
I	2025000	C	*/+T	3	5	45.45%	1	2	37	44	0.98	1	1	3	0	3	2	+T
I	2041948	T	*/-A	17	4	15.38%	2	1	34	34	0.98	1	1	15	2	4	0	-A
I	2041948	T	*/-AA	17	4	15.38%	2	1	34	46	0.98	1	1	15	2	4	0	-A
I	2052488	A	*/-T	11	9	45%	2	2	51	52	0.98	1	1	5	6	5	4	-T
I	2096013	T	*/-A	13	3	18.75%	2	2	46	45	0.98	1	1	9	4	2	1	-A
I	2110988	C	*/-AT	12	4	25%	2	2	45	37	0.98	1	1	7	5	3	1	-AT
I	2122246	G	*/-A	33	2	5.56%	2	2	41	42	0.98	1	1	17	16	1	1	-A
I	2139856	G	*/+T	3	2	40%	2	2	33	37	0.98	1	1	1	2	1	1	+T
I	2154491	T	+A/+A	0	24	100%	0	2	0	38	0.98	0	1	0	0	9	15	+A
I	2174555	C	*/-A	5	4	36.36%	2	2	61	36	0.98	1	1	2	3	3	1	-A
I	2178948	C	*/-A	24	4	14.29%	2	2	45	46	0.98	1	1	20	4	3	1	-A
I	2227936	T	*/+AAA	3	2	18.18%	2	2	46	31	0.98	1	1	2	1	1	1	A
I	2227936	T	*/+AAAA	3	4	36.36%	2	2	46	36	0.98	1	1	2	1	1	3	+AAAA
I	2273201	T	*/-A	9	2	15.38%	2	2	39	37	0.98	1	1	7	2	1	1	-A
I	2288240	C	-G/-G	1	40	97.56%	1	2	37	50	0.98	1	1	0	1	12	28	-G
I	2288318	C	*/-T	28	2	6.67%	2	1	56	37	0.98	1	1	10	18	2	0	-T
I	2322241	G	*/-A	15	2	11.76%	2	2	40	55	0.98	1	1	9	6	1	1	-A
I	2322636	C	*/-A	20	11	28.95%	2	2	37	44	0.98	1	1	18	2	9	2	-A
I	2322636	C	*/-AA	20	4	10.53%	2	1	37	37	0.98	1	1	18	2	4	0	-A
I	2322636	C	*/+A	20	3	7.89%	2	1	37	37	0.98	1	1	18	2	3	0	-A
I	2325657	G	*/+T	26	3	10.34%	2	1	43	40	0.98	1	1	9	17	3	0	+T
I	2343703	G	+A/+A	0	9	100%	0	2	0	49	0.98	0	1	0	0	4	5	+A
I	2401096	C	*/+A	22	2	8%	2	2	48	55	0.98	1	1	15	7	1	1	+A
I	2405719	C	*/+A	16	2	11.11%	2	1	41	31	0.98	1	1	13	3	2	0	+A
I	2421576	A	-C/-C	1	18	94.74%	1	2	74	45	0.98	1	1	1	0	15	3	-C
I	2424539	G	*/+A	14	2	11.76%	2	2	42	74	0.98	1	1	8	6	1	1	+A
I	2443651	C	*/-A	16	2	9.52%	2	1	44	37	0.98	1	1	11	5	2	0	-A
I	2443651	C	*/+A	16	3	14.29%	2	2	44	45	0.98	1	1	11	5	2	1	+A
I	2472108	G	*/-T	25	2	7.41%	2	2	49	74	0.98	1	1	11	14	1	1	-T
I	2499149	A	-T/-T	3	23	85.19%	1	2	61	50	0.98	1	1	3	0	8	15	-T
I	2507462	T	+A/+A	2	27	93.1%	1	2	37	40	0.98	1	1	2	0	17	10	+A
I	2510060	T	+A/+A	0	13	100%	0	2	0	42	0.98	0	1	0	0	7	6	+A
I	2525300	T	*/-A	22	3	12%	2	2	45	49	0.98	1	1	7	15	1	2	-A
I	2525713	C	*/-T	26	6	17.65%	2	2	36	44	0.98	1	1	19	7	2	4	-T
I	2578262	T	*/-A	15	2	10.53%	2	1	51	36	0.98	1	1	5	10	0	2	-A
I	2578262	T	*/+A	15	2	10.53%	2	2	51	25	0.98	1	1	5	10	1	1	-A
I	2588021	C	+A/+A	1	9	90%	1	2	37	43	0.98	1	1	1	0	6	3	+A
I	2588066	C	+A/+A	0	9	100%	0	2	0	49	0.98	0	1	0	0	6	3	+A
I	2591880	T	*/-G	35	3	7.89%	2	2	48	65	0.98	1	1	23	12	2	1	-G
I	2594262	T	*/+A	9	2	18.18%	2	1	46	37	0.98	1	1	1	8	0	2	+A
I	2594263	C	+T/+T	0	9	81.82%	0	2	0	49	0.98	0	1	0	0	1	8	+T
I	2594324	T	+A/+A	0	7	100%	0	2	0	47	0.98	0	1	0	0	5	2	+A
I	2594351	T	+A/+A	0	7	100%	0	2	0	58	0.98	0	1	0	0	5	2	+A
I	2594391	A	+T/+T	0	8	100%	0	2	0	60	0.98	0	1	0	0	4	4	+T
I	2605860	G	-T/-T	2	18	90%	1	2	31	39	0.98	1	1	0	2	3	15	-T
I	2607669	A	+T/+T	0	24	100%	0	2	0	56	0.98	0	1	0	0	7	17	+T
I	2624384	T	*/-A	15	2	11.76%	2	1	42	55	0.98	1	1	5	10	0	2	-A
I	2641998	C	*/+T	6	3	30%	2	2	38	41	0.98	1	1	5	1	1	2	+T
I	2683902	T	-C/-C	0	16	100%	0	2	0	48	0.98	0	1	0	0	5	11	-C
I	2689254	A	*/-T	11	3	18.75%	2	2	41	37	0.98	1	1	9	2	2	1	-T
I	2689254	A	*/+T	11	2	12.5%	2	1	41	49	0.98	1	1	9	2	2	0	-T
I	2710391	G	*/-A	20	2	9.09%	2	1	41	37	0.98	1	1	11	9	2	0	-A
I	2747027	T	*/-A	10	8	40%	2	2	36	44	0.98	1	1	6	4	6	2	-A
I	2751236	T	*/-A	3	15	68.18%	2	2	49	46	0.98	1	1	2	1	9	6	-A
I	2751236	T	*/-AA	3	4	18.18%	2	1	49	55	0.98	1	1	2	1	0	4	-A
I	2759871	T	+C/+C	1	14	87.5%	1	2	37	38	0.98	1	1	0	1	4	10	+C
I	2868432	A	*/-T	10	2	16.67%	2	2	44	74	0.98	1	1	5	5	1	1	-T
I	2897634	G	*/-TA	40	3	6.98%	2	2	47	45	0.98	1	1	17	23	2	1	-TA
I	2928973	C	*/-T	30	2	6.25%	2	1	50	37	0.98	1	1	17	13	0	2	-T
I	2932642	C	*/-T	14	2	12.5%	2	1	45	37	0.98	1	1	5	9	0	2	-T
I	2939060	T	*/-A	8	2	20%	2	1	38	55	0.98	1	1	4	4	0	2	-A
I	2969806	T	*/-G	26	2	7.14%	2	2	43	55	0.98	1	1	14	12	1	1	-G
I	3033347	C	*/-T	18	6	20%	2	1	50	49	0.98	1	1	10	8	6	0	-T
I	3033347	C	*/+T	18	5	16.67%	2	2	50	39	0.98	1	1	10	8	3	2	-T
I	3125118	A	+T/+T	1	18	94.74%	1	2	37	47	0.98	1	1	0	1	13	5	+T
I	3144699	T	*/-AA	8	3	27.27%	2	1	43	53	0.98	1	1	5	3	0	3	-AA
I	3159187	C	*/-CA	55	8	12.31%	2	2	48	50	0.98	1	1	27	28	2	6	-CA
I	3159994	C	*/-T	58	4	5.97%	2	2	43	42	0.98	1	1	42	16	3	1	-T
I	3159994	C	*/+T	58	5	7.46%	2	2	43	39	0.98	1	1	42	16	3	2	+T
I	3162918	G	*/+T	18	2	10%	2	1	46	49	0.98	1	1	9	9	0	2	+T
I	3166776	G	*/+TT	3	7	35%	1	2	37	38	0.98	1	1	3	0	4	3	+TT
I	3166776	G	*/+TTT	3	9	45%	1	2	37	45	0.98	1	1	3	0	7	2	+TTT
I	3178494	C	+T/+T	1	30	96.77%	1	2	37	48	0.98	1	1	1	0	18	12	+T
I	3184255	T	*/-A	9	4	26.67%	2	2	46	34	0.98	1	1	2	7	2	2	-A
I	3184255	T	*/+A	9	2	13.33%	2	1	46	55	0.98	1	1	2	7	0	2	-A
I	3197528	A	+G/+G	0	48	100%	0	2	0	46	0.98	0	1	0	0	29	19	+G
I	3303394	C	*/-AT	22	5	17.86%	2	2	44	51	0.98	1	1	5	17	1	4	-AT
I	3380449	C	*/-A	26	5	16.13%	2	1	44	47	0.98	1	1	16	10	0	5	-A
I	3404612	C	*/-T	5	2	28.57%	2	1	29	37	0.98	1	1	1	4	2	0	-T
I	3404991	C	*/-T	11	2	15.38%	2	1	43	37	0.98	1	1	8	3	2	0	-T
I	3450130	G	-T/-T	0	22	100%	0	2	0	42	0.98	0	1	0	0	11	11	-T
I	3460318	T	+C/+C	2	16	88.89%	1	2	37	46	0.98	1	1	0	2	5	11	+C
I	3460476	G	*/-A	9	2	18.18%	2	2	46	49	0.98	1	1	5	4	1	1	-A
I	3462650	A	*/-T	11	4	25%	2	2	49	43	0.98	1	1	8	3	1	3	-T
I	3492992	T	*/-A	22	2	8.33%	2	1	47	37	0.98	1	1	15	7	2	0	-A
I	3497114	G	*/-A	27	2	6.9%	2	2	45	37	0.98	1	1	18	9	1	1	-A
I	3538413	A	+T/+T	1	24	96%	1	2	74	50	0.98	1	1	0	1	12	12	+T
I	3538428	G	+T/+T	1	22	95.65%	1	2	37	46	0.98	1	1	0	1	10	12	+T
I	3538436	T	+A/+A	3	19	86.36%	2	2	45	46	0.98	1	1	2	1	8	11	+A
I	3538449	T	+TA/+TA	0	15	100%	0	2	0	46	0.98	0	1	0	0	7	8	+TA
I	3538456	A	+AT/+AT	0	15	100%	0	2	0	46	0.98	0	1	0	0	7	8	+AT
I	3575205	C	*/+A	6	2	25%	2	1	44	42	0.98	1	1	3	3	2	0	+A
I	3576756	T	*/+TCTTCTC	3	3	27.27%	2	1	40	49	0.98	1	1	2	1	0	3	C
I	3576929	C	+T/+T	2	11	84.62%	2	2	31	43	0.98	1	1	1	1	4	7	+T
I	3578638	A	*/+T	6	2	25%	2	1	41	49	0.98	1	1	1	5	0	2	+T
I	3580032	T	*/+A	13	2	13.33%	2	1	37	55	0.98	1	1	10	3	0	2	+A
I	3580034	C	*/+T	8	2	16.67%	2	2	33	25	0.98	1	1	7	1	1	1	+T
I	3609896	T	*/-A	4	2	25%	1	2	37	37	0.98	1	1	4	0	1	1	-A
I	3610395	T	*/+A	9	2	18.18%	2	1	43	31	0.98	1	1	3	6	0	2	+A
I	3634643	A	*/-T	6	2	18.18%	2	2	39	31	0.98	1	1	4	2	1	1	-T
I	3659724	C	*/-T	21	5	17.86%	2	2	42	44	0.98	1	1	20	1	3	2	-T
I	3665610	G	+C/+C	1	59	96.72%	1	2	74	52	0.98	1	1	1	0	31	28	+C
I	3700385	T	*/+A	5	2	11.11%	1	2	39	31	0.98	1	1	5	0	1	1	+A
I	3700385	T	*/+AA	5	11	61.11%	1	2	39	43	0.98	1	1	5	0	5	6	+AA
I	3730369	A	+T/+T	1	14	93.33%	1	2	37	43	0.98	1	1	0	1	4	10	+T
I	3765328	C	+T/+T	0	17	100%	0	2	0	37	0.98	0	1	0	0	16	1	+T
I	3765366	T	*/+A	22	2	8.33%	2	2	36	36	0.98	1	1	13	9	1	1	+A
I	3776933	G	+A/+A	3	13	76.47%	2	2	49	38	0.98	1	1	2	1	1	12	+A
I	3848002	C	*/-A	19	2	8.33%	2	1	50	31	0.98	1	1	16	3	0	2	-A
I	3848002	C	*/+A	19	3	12.5%	2	2	50	37	0.98	1	1	16	3	2	1	+A
I	3855790	G	-T/-T	2	18	90%	1	2	37	52	0.98	1	1	0	2	7	11	-T
I	3866132	G	*/-TA	12	2	14.29%	2	1	44	68	0.98	1	1	5	7	0	2	-TA
I	3879465	T	*/-A	22	2	8%	2	1	43	31	0.98	1	1	8	14	0	2	-A
I	3898271	C	*/-A	11	2	14.29%	2	2	57	74	0.98	1	1	10	1	1	1	-A
I	3940025	G	+T/+T	1	21	95.45%	1	2	74	55	0.98	1	1	1	0	12	9	+T
I	3984736	A	*/-GGT	181	13	6.7%	2	1	47	39	0.98	1	1	56	125	0	13	-GGT
I	3989824	C	-AGAGCTAGTAGG/-AGAGCTAGTAGG	1	3	75%	1	1	37	33	0.98	1	1	0	1	3	0	-AGAGCTAGTAGG
I	3991338	T	+AA/+AA	3	12	80%	2	2	49	48	0.98	1	1	2	1	7	5	+AA
I	3992208	A	*/-AAAAAC	22	2	8.33%	2	1	46	37	0.98	1	1	9	13	0	2	-AAAAAC
I	3992213	A	*/-C	16	4	19.05%	2	2	43	36	0.98	1	1	4	12	3	1	-C
I	3993810	T	*/-A	6	2	22.22%	2	2	37	37	0.98	1	1	5	1	1	1	-A
I	3995862	A	*/+T	102	8	7.27%	2	2	43	35	0.98	1	1	57	45	6	2	+T
I	3996048	G	*/-A	122	14	10.29%	2	2	46	56	0.98	1	1	61	61	3	11	-A
I	4004016	G	*/-T	12	5	25%	2	2	45	44	0.98	1	1	7	5	2	3	-T
I	4004016	G	*/+T	12	2	10%	2	1	45	42	0.98	1	1	7	5	2	0	-T
I	4007128	C	*/+A	37	2	5.13%	2	2	45	31	0.98	1	1	9	28	1	1	+A
I	4010237	A	*/-G	11	6	30%	2	1	35	35	0.98	1	1	9	2	6	0	-G
I	4010237	A	*/-GG	11	3	15%	2	1	35	37	0.98	1	1	9	2	3	0	-G
I	4055052	T	+A/+A	2	16	80%	2	2	37	44	0.98	1	1	1	1	12	4	+A
I	4055052	T	*/+AA	2	2	10%	2	2	37	55	0.98	1	1	1	1	1	1	+A
I	4071566	A	*/-AT	11	2	15.38%	2	1	39	74	0.98	1	1	6	5	0	2	-AT
I	4098272	C	*/-T	25	4	12.5%	2	2	44	49	0.98	1	1	20	5	3	1	-T
I	4098272	C	*/+T	25	3	9.38%	2	2	44	48	0.98	1	1	20	5	1	2	-T
I	4131384	A	*/-T	21	2	8.7%	2	1	41	37	0.98	1	1	7	14	2	0	-T
I	4153651	C	*/-T	7	2	18.18%	2	1	51	31	0.98	1	1	4	3	2	0	-T
I	4153651	C	*/+T	7	2	18.18%	2	1	51	49	0.98	1	1	4	3	2	0	-T
I	4179701	C	*/+T	5	2	25%	1	1	36	31	0.98	1	1	5	0	2	0	+T
I	4232151	A	*/+T	17	2	10%	2	1	47	37	0.98	1	1	6	11	0	2	+T
I	4241118	G	*/-A	13	6	30%	2	2	43	37	0.98	1	1	8	5	4	2	-A
I	4259649	A	*/-T	14	2	12.5%	2	2	38	49	0.98	1	1	10	4	1	1	-T
I	4276890	G	*/+T	3	10	71.43%	2	2	37	44	0.98	1	1	1	2	5	5	+T
I	4278251	G	*/+A	34	2	5.56%	2	1	52	33	0.98	1	1	15	19	2	0	+A
I	4304169	G	*/+A	1	6	66.67%	1	2	37	43	0.98	1	1	0	1	4	2	+A
I	4338694	G	*/+T	44	3	6.12%	2	1	44	57	0.98	1	1	27	17	3	0	+T
I	4361970	C	*/+T	15	2	11.76%	2	1	37	55	0.98	1	1	11	4	2	0	+T
I	4374342	A	-G/-G	0	41	100%	0	2	0	51	0.98	0	1	0	0	29	12	-G
I	4407494	T	+G/+G	2	23	92%	1	2	37	49	0.98	1	1	0	2	9	14	+G
I	4410191	C	-G/-G	2	17	89.47%	2	2	37	48	0.98	1	1	1	1	8	9	-G
I	4414201	C	*/-T	2	3	33.33%	1	2	48	40	0.98	1	1	2	0	2	1	-T
I	4414201	C	*/-TT	2	3	33.33%	1	2	48	37	0.98	1	1	2	0	1	2	-T
I	4414723	T	*/+AAAAA	6	3	30%	1	1	35	37	0.98	1	1	6	0	3	0	+AAAAA
I	4431856	G	+A/+A	4	30	88.24%	1	2	46	50	0.98	1	1	4	0	14	16	+A
I	4431868	C	+A/+A	2	25	92.59%	2	2	49	47	0.98	1	1	1	1	11	14	+A
I	4442621	A	*/-AT	42	9	17.65%	2	2	53	56	0.98	1	1	21	21	4	5	-AT
I	4455149	G	+A/+A	1	9	90%	1	2	37	33	0.98	1	1	1	0	2	7	+A
I	4507370	C	*/+A	19	2	9.09%	2	1	51	55	0.98	1	1	10	9	2	0	+A
I	4514478	T	*/-A	9	5	33.33%	2	2	47	39	0.98	1	1	8	1	4	1	-A
I	4533252	C	*/-T	8	2	20%	2	2	42	37	0.98	1	1	5	3	1	1	-T
I	4604648	T	*/-C	16	2	11.11%	2	1	44	31	0.98	1	1	13	3	0	2	-C
I	4648159	T	*/-G	9	24	68.57%	2	2	49	46	0.98	1	1	1	8	14	10	-G
I	4648159	T	*/-GG	9	2	5.71%	2	2	49	49	0.98	1	1	1	8	1	1	-G
I	4721875	G	+A/+A	1	5	83.33%	1	2	37	44	0.98	1	1	1	0	2	3	+A
I	4723298	G	*/-A	13	2	13.33%	2	2	37	36	0.98	1	1	4	9	1	1	-A
I	4760698	T	*/-A	12	3	20%	2	2	51	57	0.98	1	1	6	6	1	2	-A
I	4764253	G	*/+A	9	12	48%	2	2	46	44	0.98	1	1	6	3	9	3	+A
I	4781861	G	*/-T	10	2	15.38%	2	2	42	37	0.98	1	1	7	3	1	1	-T
I	4916623	C	*/-A	6	4	25%	2	2	47	46	0.98	1	1	3	3	1	3	-A
I	4916623	C	*/-AA	6	3	18.75%	2	2	47	57	0.98	1	1	3	3	2	1	-A
I	4916623	C	*/+A	6	2	12.5%	2	1	47	37	0.98	1	1	3	3	0	2	-A
I	4917359	C	*/+T	19	2	9.52%	2	2	48	42	0.98	1	1	10	9	1	1	+T
I	4926046	C	*/+T	5	10	62.5%	2	2	44	42	0.98	1	1	4	1	7	3	+T
I	4934872	T	*/-A	20	2	9.09%	2	2	42	37	0.98	1	1	4	16	1	1	-A
I	4977831	A	*/+TT	22	3	12%	2	1	49	37	0.98	1	1	6	16	0	3	+TT
I	5060109	A	*/-T	15	4	19.05%	2	1	42	46	0.98	1	1	5	10	0	4	-T
I	5060109	A	*/+T	15	2	9.52%	2	2	42	55	0.98	1	1	5	10	1	1	-T
I	5073240	G	*/-A	13	3	18.75%	2	2	48	49	0.98	1	1	8	5	2	1	-A
I	5078848	G	*/+A	16	2	11.11%	2	1	44	61	0.98	1	1	9	7	0	2	+A
I	5096442	G	*/-T	6	2	22.22%	2	1	43	42	0.98	1	1	5	1	0	2	-T
I	5142627	A	*/+G	4	9	69.23%	2	2	37	43	0.98	1	1	1	3	6	3	+G
I	5148414	T	-A/-A	0	32	100%	0	2	0	52	0.98	0	1	0	0	22	10	-A
I	5173087	C	+T/+T	3	18	85.71%	1	2	49	45	0.98	1	1	3	0	9	9	+T
I	5173430	G	*/+T	6	22	70.97%	2	2	47	38	0.98	1	1	4	2	10	12	+T
I	5173430	G	*/+TT	6	2	6.45%	2	2	47	36	0.98	1	1	4	2	1	1	+T
I	5176926	T	*/+A	5	4	40%	2	2	39	34	0.98	1	1	3	2	1	3	+A
I	5177760	A	*/-T	12	2	11.11%	2	1	41	74	0.98	1	1	9	3	0	2	-T
I	5177760	A	*/+T	12	2	11.11%	2	2	41	37	0.98	1	1	9	3	1	1	-T
I	5181832	G	*/-T	12	2	12.5%	2	1	48	55	0.98	1	1	6	6	0	2	-T
I	5181832	G	*/+T	12	2	12.5%	2	2	48	55	0.98	1	1	6	6	1	1	-T
I	5200876	C	*/-A	22	2	8.33%	2	2	44	55	0.98	1	1	11	11	1	1	-A
I	5266596	A	*/-T	24	2	7.69%	2	1	49	37	0.98	1	1	18	6	2	0	-T
I	5334923	C	*/-TTTTTTCCTCTAAAAA	19	4	17.39%	2	2	58	37	0.98	1	1	6	13	2	2	-TTTTTTCCTCTAAAAA
I	5363995	C	*/+A	23	2	7.69%	2	1	61	74	0.98	1	1	11	12	0	2	+A
I	5368262	T	-C/-C	3	57	95%	1	2	49	49	0.98	1	1	3	0	25	32	-C
I	5368273	G	+T/+T	3	59	93.65%	1	2	37	51	0.98	1	1	0	3	26	33	+T
I	5413497	A	*/+T	16	2	11.11%	2	2	51	55	0.98	1	1	5	11	1	1	+T
I	5426622	C	*/+T	2	11	44%	2	2	37	53	0.98	1	1	1	1	6	5	+T
I	5426622	C	*/+TT	2	10	40%	2	2	37	50	0.98	1	1	1	1	6	4	+T
I	5426622	C	*/+TTT	2	2	8%	2	1	37	37	0.98	1	1	1	1	2	0	+T
I	5465886	T	*/-A	32	2	5.88%	2	2	45	37	0.98	1	1	12	20	1	1	-A
I	5486193	G	*/-T	30	2	6.25%	2	1	46	55	0.98	1	1	14	16	0	2	-T
I	5557287	A	*/+T	9	2	16.67%	2	2	36	31	0.98	1	1	8	1	1	1	+T
I	5559365	C	*/-T	5	2	25%	1	1	37	49	0.98	1	1	5	0	2	0	-T
I	5567937	C	*/-A	7	4	22.22%	2	1	35	37	0.98	1	1	5	2	4	0	-A
I	5567937	C	*/-AA	7	5	27.78%	2	1	35	37	0.98	1	1	5	2	5	0	-AA
I	5567937	C	*/-AAA	7	2	11.11%	2	1	35	55	0.98	1	1	5	2	2	0	-AA
I	5570823	C	*/-A	6	2	22.22%	2	1	36	37	0.98	1	1	4	2	2	0	-A
I	5571241	A	*/-C	9	2	18.18%	2	1	53	37	0.98	1	1	5	4	2	0	-C
I	5576850	T	*/-AA	9	7	41.18%	2	2	52	40	0.98	1	1	5	4	4	3	-AA
II	7149	T	*/+A	23	2	7.69%	2	2	41	42	0.98	1	1	16	7	1	1	+A
II	15830	T	*/+A	12	2	12.5%	2	1	39	37	0.98	1	1	6	6	2	0	+A
II	43513	A	*/+T	19	3	13.64%	2	2	44	57	0.98	1	1	15	4	1	2	+T
II	46913	T	*/-A	18	3	12%	2	1	36	40	0.98	1	1	14	4	3	0	A
II	113232	A	*/-C	8	2	20%	2	1	46	37	0.98	1	1	4	4	0	2	-C
II	113240	T	*/-AA	3	2	33.33%	2	2	49	43	0.98	1	1	2	1	1	1	-AA
II	121588	G	*/+T	12	3	20%	2	2	46	74	0.98	1	1	10	2	2	1	+T
II	128001	T	-A/-A	0	17	100%	0	2	0	45	0.98	0	1	0	0	7	10	-A
II	131638	A	*/-T	12	2	14.29%	2	2	41	55	0.98	1	1	4	8	1	1	-T
II	146079	T	-C/-C	1	20	95.24%	1	2	37	45	0.98	1	1	0	1	13	7	-C
II	201022	A	*/+T	14	2	11.76%	2	2	51	37	0.98	1	1	7	7	1	1	+T
II	229897	A	*/-T	28	8	19.05%	2	2	43	47	0.98	1	1	19	9	6	2	-T
II	229897	A	*/+T	28	4	9.52%	2	2	43	36	0.98	1	1	19	9	3	1	-T
II	257643	C	*/-T	26	2	6.45%	2	2	38	37	0.98	1	1	18	8	1	1	-T
II	320661	G	*/+A	38	3	6.67%	2	2	43	37	0.98	1	1	25	13	2	1	+A
II	331417	G	*/-A	15	2	11.76%	2	1	56	37	0.98	1	1	7	8	2	0	-A
II	331894	C	*/+T	6	7	50%	2	2	41	43	0.98	1	1	4	2	6	1	+T
II	347845	A	*/+T	16	2	11.11%	2	1	43	37	0.98	1	1	5	11	2	0	+T
II	376034	C	*/-T	27	2	6.9%	2	1	41	37	0.98	1	1	7	20	2	0	-T
II	383156	C	*/-T	31	2	6.06%	2	2	42	37	0.98	1	1	19	12	1	1	-T
II	410085	C	*/-T	19	9	29.03%	2	2	40	44	0.98	1	1	11	8	7	2	-T
II	410085	C	*/-TT	19	2	6.45%	2	1	40	31	0.98	1	1	11	8	2	0	-T
II	484534	A	*/+T	4	6	54.55%	2	2	43	47	0.98	1	1	2	2	2	4	+T
II	516071	T	*/-A	13	3	16.67%	2	2	38	45	0.98	1	1	7	6	1	2	-A
II	521731	G	*/-T	31	2	5.56%	2	1	44	49	0.98	1	1	19	12	2	0	-T
II	521731	G	*/+T	31	3	8.33%	2	1	44	40	0.98	1	1	19	12	3	0	+T
II	522800	G	*/-A	19	2	9.09%	2	1	40	37	0.98	1	1	16	3	2	0	-A
II	528099	C	*/+T	22	3	12%	2	2	48	57	0.98	1	1	16	6	1	2	+T
II	561064	T	*/-A	7	3	27.27%	2	2	35	49	0.98	1	1	4	3	2	1	-A
II	576111	C	*/+A	36	3	7.69%	2	2	45	49	0.98	1	1	18	18	2	1	+A
II	603279	A	-T/-T	0	15	100%	0	2	0	46	0.98	0	1	0	0	3	12	-T
II	603305	A	-C/-C	0	19	100%	0	2	0	44	0.98	0	1	0	0	2	17	-C
II	673086	G	*/-A	6	3	30%	2	1	38	53	0.98	1	1	5	1	3	0	-A
II	677175	G	*/-TA	22	3	12%	2	2	43	61	0.98	1	1	7	15	2	1	-TA
II	700009	T	-A/-A	4	14	77.78%	2	2	52	44	0.98	1	1	3	1	4	10	-A
II	716295	G	*/-T	11	7	36.84%	2	2	45	35	0.98	1	1	8	3	3	4	-T
II	753854	A	*/-T	10	2	13.33%	2	2	39	25	0.98	1	1	8	2	1	1	-T
II	753854	A	*/+T	10	3	20%	2	2	39	37	0.98	1	1	8	2	2	1	+T
II	756993	C	*/-T	18	3	12%	2	1	43	61	0.98	1	1	10	8	0	3	-T
II	756993	C	*/+T	18	3	12%	2	1	43	53	0.98	1	1	10	8	0	3	-T
II	819361	C	*/+A	17	2	9.52%	2	1	38	49	0.98	1	1	11	6	2	0	+A
II	819795	T	*/+C	28	4	12.5%	2	2	44	46	0.98	1	1	18	10	3	1	+C
II	888599	A	-C/-C	0	13	100%	0	2	0	54	0.98	0	1	0	0	4	9	-C
II	890578	C	*/-T	19	3	13.64%	2	1	39	33	0.98	1	1	18	1	3	0	-T
II	903106	G	+T/+T	1	27	93.1%	1	2	37	45	0.98	1	1	0	1	9	18	+T
II	948303	T	*/-A	16	5	22.73%	2	2	52	56	0.98	1	1	12	4	1	4	-A
II	965517	C	*/-T	17	3	13.64%	2	2	49	53	0.98	1	1	11	6	2	1	-T
II	1019510	T	*/-A	3	10	62.5%	1	2	37	40	0.98	1	1	3	0	4	6	-A
II	1059118	T	*/+A	11	2	14.29%	2	1	47	49	0.98	1	1	4	7	0	2	+A
II	1069791	C	*/+A	26	3	10.34%	2	2	44	53	0.98	1	1	16	10	2	1	+A
II	1078264	T	*/-A	28	5	14.71%	2	2	48	44	0.98	1	1	16	12	4	1	-A
II	1079843	T	+A/+A	1	14	82.35%	1	2	37	45	0.98	1	1	0	1	7	7	+A
II	1140902	C	*/-T	18	2	10%	2	2	53	55	0.98	1	1	11	7	1	1	-T
II	1141304	C	*/+A	23	2	8%	2	1	41	61	0.98	1	1	13	10	0	2	+A
II	1156029	A	*/-AT	14	2	12.5%	2	2	47	42	0.98	1	1	3	11	1	1	-AT
II	1163154	A	-T/-T	0	13	100%	0	2	0	53	0.98	0	1	0	0	2	11	-T
II	1171363	T	*/-A	24	2	7.14%	2	2	44	55	0.98	1	1	13	11	1	1	-A
II	1171363	T	*/+A	24	2	7.14%	2	1	44	37	0.98	1	1	13	11	2	0	-A
II	1243365	G	*/+T	12	2	13.33%	2	1	46	49	0.98	1	1	6	6	0	2	+T
II	1266289	T	+A/+A	1	4	80%	1	2	37	37	0.98	1	1	1	0	3	1	+A
II	1266955	G	*/-GA	69	6	7.89%	2	1	46	43	0.98	1	1	37	32	6	0	-GA
II	1277481	G	*/+TTTT	1	3	33.33%	1	1	37	37	0.98	1	1	1	0	3	0	+TTTT
II	1308618	G	-T/-T	2	34	94.44%	1	2	37	45	0.98	1	1	2	0	18	16	-T
II	1349040	A	*/-T	17	2	10.53%	2	1	41	49	0.98	1	1	12	5	0	2	-T
II	1365999	G	*/-T	21	3	10.71%	2	2	47	41	0.98	1	1	14	7	1	2	-T
II	1365999	G	*/+T	21	3	10.71%	2	2	47	53	0.98	1	1	14	7	2	1	-T
II	1389008	T	+A/+A	2	17	89.47%	1	2	55	43	0.98	1	1	0	2	6	11	+A
II	1389139	C	*/+T	6	4	30.77%	2	2	41	46	0.98	1	1	4	2	2	2	+T
II	1414047	A	*/+T	23	2	8%	2	1	48	37	0.98	1	1	8	15	0	2	+T
II	1420866	A	*/+T	34	2	5.56%	2	2	48	55	0.98	1	1	18	16	1	1	+T
II	1467485	C	*/-T	10	6	33.33%	2	2	37	41	0.98	1	1	4	6	1	5	-T
II	1491761	T	*/+A	18	2	10%	2	1	47	37	0.98	1	1	10	8	2	0	+A
II	1520665	T	*/+A	3	10	71.43%	1	2	37	55	0.98	1	1	0	3	2	8	+A
II	1531449	G	*/+T	16	2	11.11%	2	2	54	42	0.98	1	1	7	9	1	1	+T
II	1545027	C	*/-A	9	2	18.18%	2	2	49	55	0.98	1	1	5	4	1	1	-A
II	1545046	A	*/+T	17	2	10.53%	2	1	43	31	0.98	1	1	3	14	2	0	+T
II	1555919	A	*/+TTTATT	4	5	55.56%	2	2	55	44	0.98	1	1	1	3	3	2	+TTTATT
II	1613132	A	*/-AT	11	2	15.38%	2	1	50	74	0.98	1	1	2	9	0	2	-AT
II	1627981	C	*/-T	11	5	31.25%	2	2	38	54	0.98	1	1	8	3	4	1	-T
II	1678205	T	-A/-A	1	7	87.5%	1	2	37	37	0.98	1	1	1	0	5	2	-A
II	1709150	G	*/-T	20	3	13.04%	2	2	44	49	0.98	1	1	15	5	2	1	-T
II	1716287	T	*/-G	16	5	23.81%	2	1	37	37	0.98	1	1	7	9	0	5	-G
II	1748645	T	*/-G	15	2	11.76%	2	1	43	61	0.98	1	1	8	7	0	2	-G
II	1748646	G	*/-A	8	3	20%	1	2	35	36	0.98	1	1	8	0	2	1	-A
II	1748646	G	*/-AA	8	3	20%	1	2	35	49	0.98	1	1	8	0	1	2	-A
II	1763419	T	*/-A	16	4	16.67%	2	2	43	55	0.98	1	1	10	6	3	1	-A
II	1763419	T	*/+A	16	3	12.5%	2	2	43	37	0.98	1	1	10	6	2	1	-A
II	1818108	C	*/-T	6	7	50%	2	2	42	49	0.98	1	1	3	3	4	3	-T
II	1861420	T	-G/-G	1	24	96%	1	2	74	42	0.98	1	1	1	0	15	9	-G
II	1867795	A	+T/+T	1	12	92.31%	1	2	37	37	0.98	1	1	1	0	7	5	+T
II	1868122	G	*/+T	9	5	29.41%	2	2	34	41	0.98	1	1	6	3	4	1	+T
II	1868122	G	*/+TT	9	2	11.76%	2	1	34	37	0.98	1	1	6	3	2	0	+T
II	1873779	T	+A/+A	0	16	100%	0	2	0	50	0.98	0	1	0	0	7	9	+A
II	1875974	T	*/-G	20	2	9.09%	2	1	46	37	0.98	1	1	12	8	0	2	-G
II	1877294	A	+T/+T	1	15	93.75%	1	2	37	49	0.98	1	1	1	0	7	8	+T
II	1888793	C	*/-A	16	2	9.52%	2	1	49	42	0.98	1	1	12	4	2	0	-A
II	1931341	G	*/+CA	16	2	11.11%	2	1	44	68	0.98	1	1	6	10	0	2	+CA
II	1938011	G	*/+A	18	2	10%	2	1	52	31	0.98	1	1	10	8	2	0	+A
II	1941697	A	*/-T	4	4	50%	1	2	37	43	0.98	1	1	4	0	3	1	-T
II	1941966	A	+T/+T	1	28	96.55%	1	2	74	59	0.98	1	1	1	0	16	12	+T
II	1941982	A	+T/+T	0	34	100%	0	2	0	54	0.98	0	1	0	0	18	16	+T
II	1944778	C	*/-T	35	2	5.41%	2	2	41	31	0.98	1	1	18	17	1	1	-T
II	1948953	G	-A/-A	1	31	96.88%	1	2	74	46	0.98	1	1	0	1	16	15	-A
II	1950050	A	+G/+G	3	35	92.11%	2	2	61	47	0.98	1	1	2	1	18	17	+G
II	1953407	T	*/-C	20	3	13.04%	2	1	36	37	0.98	1	1	4	16	0	3	-C
II	1955495	T	+A/+A	3	21	80.77%	1	2	45	39	0.98	1	1	3	0	15	6	+A
II	1955502	A	*/+T	24	2	7.69%	2	1	43	37	0.98	1	1	16	8	2	0	+T
II	1960392	A	+G/+G	0	8	100%	0	2	0	47	0.98	0	1	0	0	2	6	+G
II	1987101	C	-G/-G	1	25	96.15%	1	2	37	48	0.98	1	1	0	1	14	11	-G
II	1987117	T	-G/-G	0	25	100%	0	2	0	44	0.98	0	1	0	0	14	11	-G
II	2012625	T	*/+C	56	4	6.67%	2	1	46	37	0.98	1	1	19	37	0	4	+C
II	2022968	A	*/-G	7	2	16.67%	2	1	47	42	0.98	1	1	1	6	0	2	-G
II	2022968	A	*/+T	7	3	25%	2	1	47	37	0.98	1	1	1	6	0	3	+T
II	2023193	G	*/+TT	1	2	33.33%	1	1	37	37	0.98	1	1	0	1	2	0	+TT
II	2049891	A	-T/-T	3	38	92.68%	2	2	45	45	0.98	1	1	2	1	16	22	-T
II	2053516	G	+C/+C	0	30	96.77%	0	2	0	50	0.98	0	1	0	0	15	15	+C
II	2094600	G	*/+T	34	2	5.56%	2	2	45	55	0.98	1	1	13	21	1	1	+T
II	2104600	G	*/+A	17	2	10.53%	2	2	45	74	0.98	1	1	10	7	1	1	+A
II	2108180	T	+A/+A	0	24	100%	0	2	0	43	0.98	0	1	0	0	14	10	+A
II	2109984	T	*/+A	28	2	6.67%	2	2	55	37	0.98	1	1	10	18	1	1	+A
II	2128973	G	*/+T	12	2	14.29%	2	1	39	43	0.98	1	1	9	3	2	0	+T
II	2147726	G	+T/+T	1	21	95.45%	1	2	74	44	0.98	1	1	1	0	8	13	+T
II	2187407	G	+A/+A	1	17	94.44%	1	2	37	49	0.98	1	1	0	1	7	10	+A
II	2197587	C	*/-A	4	2	20%	1	2	35	37	0.98	1	1	4	0	1	1	-A
II	2197587	C	*/+A	4	2	20%	1	1	35	37	0.98	1	1	4	0	2	0	-A
II	2203072	C	*/+A	13	2	12.5%	2	2	52	37	0.98	1	1	6	7	1	1	+A
II	2203175	T	*/-A	13	3	17.65%	2	1	41	49	0.98	1	1	9	4	3	0	-A
II	2219928	A	+T/+T	1	23	95.83%	1	2	25	42	0.98	1	1	1	0	11	12	+T
II	2265291	A	*/-T	28	3	9.38%	2	2	41	61	0.98	1	1	20	8	2	1	-T
II	2265464	T	*/-TA	26	2	6.9%	2	1	41	37	0.98	1	1	9	17	0	2	-TA
II	2293297	G	-A/-A	0	16	100%	0	2	0	44	0.98	0	1	0	0	11	5	-A
II	2318772	A	*/-T	8	2	16.67%	2	2	42	42	0.98	1	1	4	4	1	1	-T
II	2443873	T	*/+A	4	4	33.33%	2	2	46	55	0.98	1	1	3	1	1	3	+A
II	2443873	T	*/+AA	4	3	25%	2	2	46	49	0.98	1	1	3	1	2	1	+A
II	2480912	A	*/-T	26	2	7.14%	2	1	42	37	0.98	1	1	13	13	0	2	-T
II	2523624	C	*/-AA	13	2	13.33%	2	1	45	55	0.98	1	1	11	2	0	2	-AA
II	2527996	C	*/+T	8	2	18.18%	2	1	38	49	0.98	1	1	5	3	0	2	+T
II	2591913	T	*/-A	14	3	16.67%	2	2	39	36	0.98	1	1	12	2	2	1	-A
II	2592423	T	+A/+A	0	12	100%	0	2	0	48	0.98	0	1	0	0	7	5	+A
II	2630607	C	*/+A	1	10	71.43%	1	2	62	43	0.98	1	1	1	0	2	8	+A
II	2640785	T	*/+A	13	21	60%	2	2	45	49	0.98	1	1	5	8	10	11	+A
II	2647497	C	*/-T	17	7	29.17%	2	2	39	38	0.98	1	1	8	9	1	6	-T
II	2709414	G	+C/+C	5	22	81.48%	2	2	59	40	0.98	1	1	3	2	4	18	+C
II	2755338	C	*/-AT	12	10	41.67%	2	2	46	40	0.98	1	1	1	11	6	4	-AT
II	2755338	C	*/-ATAT	12	2	8.33%	2	1	46	31	0.98	1	1	1	11	0	2	-AT
II	2768051	A	+T/+T	0	26	100%	0	2	0	44	0.98	0	1	0	0	9	17	+T
II	2788933	C	+G/+G	1	33	97.06%	1	2	74	46	0.98	1	1	1	0	25	8	+G
II	2798040	C	-T/-T	1	23	95.83%	1	2	74	48	0.98	1	1	1	0	14	9	-T
II	2798514	A	-G/-G	1	18	94.74%	1	2	37	49	0.98	1	1	1	0	6	12	-G
II	2811495	C	-A/-A	0	32	100%	0	2	0	43	0.98	0	1	0	0	14	18	-A
II	2826100	G	*/-A	11	3	18.75%	2	1	35	37	0.98	1	1	7	4	3	0	-A
II	2894538	T	*/-A	7	6	46.15%	2	2	52	49	0.98	1	1	3	4	2	4	-A
II	2900889	A	*/-T	8	3	25%	2	2	52	37	0.98	1	1	6	2	2	1	-T
II	2908519	G	*/+A	12	2	14.29%	2	2	42	37	0.98	1	1	6	6	1	1	+A
II	2938956	C	+T/+T	1	11	84.62%	1	2	37	43	0.98	1	1	1	0	3	8	+T
II	2966290	C	+T/+T	0	13	100%	0	2	0	44	0.98	0	1	0	0	3	10	+T
II	2988149	G	*/-T	15	2	10.53%	2	2	46	37	0.98	1	1	10	5	1	1	-T
II	2988149	G	*/+T	15	2	10.53%	2	1	46	37	0.98	1	1	10	5	2	0	-T
II	3040332	C	+G/+G	0	40	100%	0	2	0	50	0.98	0	1	0	0	18	22	+G
II	3050424	C	*/-T	24	2	7.14%	2	1	44	31	0.98	1	1	12	12	2	0	-T
II	3050424	C	*/+T	24	2	7.14%	2	1	44	37	0.98	1	1	12	12	0	2	-T
II	3058544	T	*/-G	14	2	9.09%	2	1	33	31	0.98	1	1	9	5	2	0	-G
II	3058544	T	*/+G	14	6	27.27%	2	2	33	31	0.98	1	1	9	5	5	1	+G
II	3096517	A	*/+G	22	3	12%	2	1	47	37	0.98	1	1	11	11	3	0	+G
II	3154052	G	*/-T	11	6	31.58%	2	2	50	43	0.98	1	1	8	3	5	1	-T
II	3171788	G	*/-AA	8	3	17.65%	1	2	37	45	0.98	1	1	8	0	2	1	-AA
II	3171788	G	*/+A	8	4	23.53%	1	1	37	39	0.98	1	1	8	0	4	0	+A
II	3253453	C	*/-T	5	2	16.67%	2	1	41	42	0.98	1	1	4	1	0	2	-T
II	3253453	C	*/+T	5	4	33.33%	2	1	41	37	0.98	1	1	4	1	4	0	+T
II	3374912	C	*/-T	22	3	12%	2	2	47	32	0.98	1	1	9	13	2	1	-T
II	3380128	C	*/-T	12	3	16.67%	2	2	35	41	0.98	1	1	11	1	2	1	-T
II	3380128	C	*/+T	12	2	11.11%	2	2	35	43	0.98	1	1	11	1	1	1	-T
II	3410437	G	*/-T	8	5	33.33%	2	2	46	37	0.98	1	1	4	4	2	3	-T
II	3410437	G	*/+T	8	2	13.33%	2	2	46	55	0.98	1	1	4	4	1	1	-T
II	3415192	C	*/+A	20	2	9.09%	2	1	44	55	0.98	1	1	15	5	0	2	+A
II	3487895	G	*/-TATTT	25	3	10.71%	2	1	46	33	0.98	1	1	13	12	3	0	-TATTT
II	3497015	A	*/-AT	26	2	7.14%	2	2	50	55	0.98	1	1	10	16	1	1	-AT
II	3509251	T	*/-A	8	3	25%	2	1	41	45	0.98	1	1	5	3	3	0	-A
II	3512925	C	*/-T	3	2	33.33%	2	1	32	37	0.98	1	1	2	1	2	0	-T
II	3514786	C	*/-T	13	2	11.11%	2	2	38	37	0.98	1	1	5	8	1	1	-T
II	3514786	C	*/+TT	13	2	11.11%	2	1	38	37	0.98	1	1	5	8	2	0	-T
II	3540057	A	*/-T	22	5	17.24%	2	2	45	37	0.98	1	1	16	6	4	1	-T
II	3561779	T	*/-A	14	2	12.5%	2	1	48	55	0.98	1	1	10	4	0	2	-A
II	3606583	C	*/-A	21	3	12.5%	2	2	51	61	0.98	1	1	13	8	1	2	-A
II	3619003	A	+G/+G	1	25	92.59%	1	2	37	44	0.98	1	1	0	1	17	8	+G
II	3621704	A	*/-T	15	3	15.79%	2	2	49	61	0.98	1	1	8	7	2	1	-T
II	3715149	G	*/-A	6	5	45.45%	1	1	35	44	0.98	1	1	6	0	5	0	-A
II	3762367	C	*/-A	21	2	8.33%	2	1	42	37	0.98	1	1	17	4	2	0	-A
II	3799350	G	*/+A	1	6	60%	1	1	37	43	0.98	1	1	1	0	6	0	+A
II	3838101	C	-A/-A	2	8	80%	1	2	37	44	0.98	1	1	2	0	3	5	-A
II	3838912	T	*/-A	8	3	27.27%	2	2	44	49	0.98	1	1	5	3	1	2	-A
II	3856896	A	*/-T	12	6	23.08%	2	2	46	55	0.98	1	1	9	3	4	2	-T
II	3856896	A	*/-TT	12	5	19.23%	2	2	46	34	0.98	1	1	9	3	2	3	-T
II	3856896	A	*/+T	12	3	11.54%	2	2	46	37	0.98	1	1	9	3	2	1	-T
II	3860185	C	*/-TAGTA	27	16	34.04%	2	2	43	42	0.98	1	1	3	24	9	7	-TAGTA
II	3861161	C	*/-T	13	3	17.65%	2	2	36	45	0.98	1	1	8	5	2	1	-T
II	3883700	A	*/-AT	12	2	14.29%	2	2	48	49	0.98	1	1	2	10	1	1	-AT
II	3954039	C	*/-T	24	6	16.22%	2	2	38	36	0.98	1	1	15	9	4	2	-T
II	3954039	C	*/+T	24	4	10.81%	2	2	38	48	0.98	1	1	15	9	1	3	-T
II	3954039	C	*/+TT	24	2	5.41%	2	2	38	42	0.98	1	1	15	9	1	1	-T
II	3975235	C	*/-A	18	6	18.18%	2	2	39	36	0.98	1	1	13	5	4	2	-A
II	3975235	C	*/-AA	18	3	9.09%	2	1	39	45	0.98	1	1	13	5	3	0	-A
II	3975235	C	*/+A	18	6	18.18%	2	2	39	37	0.98	1	1	13	5	5	1	+A
II	3980468	C	*/-T	11	2	15.38%	2	1	36	29	0.98	1	1	9	2	2	0	-T
II	3983331	G	*/-TA	35	2	5.41%	2	1	47	37	0.98	1	1	16	19	2	0	-TA
II	4006982	C	*/-A	13	5	23.81%	2	2	47	54	0.98	1	1	9	4	3	2	-A
II	4006982	C	*/+A	13	2	9.52%	2	1	47	55	0.98	1	1	9	4	2	0	-A
II	4031460	A	*/+T	6	2	10.53%	2	2	35	49	0.98	1	1	5	1	1	1	+T
II	4031460	A	*/+TT	6	5	26.32%	2	2	35	46	0.98	1	1	5	1	3	2	+TT
II	4031460	A	*/+TTT	6	5	26.32%	2	2	35	29	0.98	1	1	5	1	2	3	+TT
II	4037197	A	*/+TGTGTGTGTGTGTG	63	8	10.39%	2	2	43	41	0.98	1	1	23	40	7	1	+TGTGTGTGTGTGTG
II	4107253	G	*/+TT	2	2	28.57%	1	1	37	31	0.98	1	1	2	0	0	2	+TT
II	4108814	G	*/-TA	50	3	5.66%	2	1	48	49	0.98	1	1	24	26	3	0	-TA
II	4249637	A	*/-AT	27	4	12.9%	2	1	47	55	0.98	1	1	14	13	4	0	-AT
II	4254960	G	-A/-A	0	24	100%	0	2	0	49	0.98	0	1	0	0	9	15	-A
II	4264124	C	*/+TGA	38	4	9.52%	2	2	50	37	0.98	1	1	23	15	2	2	+TGA
II	4290954	G	*/+A	24	4	13.79%	2	2	45	28	0.98	1	1	12	12	2	2	+A
II	4308414	C	*/+A	4	10	58.82%	2	2	43	48	0.98	1	1	3	1	6	4	+A
II	4308414	C	*/+AA	4	2	11.76%	2	1	43	61	0.98	1	1	3	1	0	2	+A
II	4419921	T	*/+A	2	4	57.14%	2	2	49	46	0.98	1	1	1	1	2	2	+A
II	4453874	C	*/+A	15	2	11.76%	2	1	42	49	0.98	1	1	8	7	2	0	+A
II	4457690	T	*/+G	26	2	7.14%	2	1	50	37	0.98	1	1	14	12	2	0	+G
II	4462508	C	*/-A	12	3	17.65%	2	1	39	37	0.98	1	1	6	6	3	0	-A
II	4464350	A	*/+C	29	2	6.45%	2	1	48	37	0.98	1	1	12	17	0	2	+C
II	4505641	C	*/-A	34	3	8.11%	2	1	47	49	0.98	1	1	16	18	0	3	-A
II	4515621	C	*/+A	7	2	18.18%	2	2	38	37	0.98	1	1	6	1	1	1	+A
II	4515621	C	*/+AA	7	2	18.18%	2	1	38	37	0.98	1	1	6	1	2	0	+A
II	4517047	T	*/+TACTCATC	73	13	14.44%	2	2	48	42	0.98	1	1	40	33	7	6	+TACTCATC
II	4517074	C	*/+TCA	89	6	6.32%	2	2	42	67	0.98	1	1	58	31	3	3	+TCA
II	4518476	T	*/-C	70	4	5.41%	2	2	46	46	0.98	1	1	28	42	2	2	-C
II	4521677	T	*/-AA	10	3	23.08%	2	2	44	57	0.98	1	1	6	4	1	2	-AA
II	4525340	G	*/+T	55	10	14.49%	2	2	40	48	0.98	1	1	46	9	8	2	+T
II	4526174	A	*/-T	21	10	32.26%	2	2	42	42	0.98	1	1	11	10	3	7	-T
II	4526843	C	*/-T	13	3	12.5%	2	1	37	44	0.98	1	1	9	4	0	3	-T
II	4526843	C	*/-TT	13	4	16.67%	2	2	37	40	0.98	1	1	9	4	1	3	-TT
II	4526843	C	*/+TT	13	2	8.33%	2	2	37	37	0.98	1	1	9	4	1	1	-TT
II	4528465	C	*/+GACAATGACAAT	91	12	11.43%	2	2	47	47	0.98	1	1	34	57	6	6	+GACAATGACAAT
II	4528483	T	*/-GACAATGACAGA	84	12	12.5%	2	2	47	49	0.98	1	1	37	47	7	5	-GACAATGACAGA
II	4529375	T	*/+ACAACGACAACGACAACG	62	10	11.49%	2	2	45	37	0.98	1	1	32	30	6	4	+ACAACGACAACGACAACG
II	4529375	T	*/+ACAACGACAACGACAACGACAACG	62	12	13.79%	2	2	45	41	0.98	1	1	32	30	7	5	+ACAACGACAACGACAACGACAACG
II	4533588	C	*/-T	72	42	36.84%	2	2	42	44	0.98	1	1	38	34	29	13	-T
II	4534880	A	*/-T	136	34	20%	2	2	47	44	0.98	1	1	61	75	22	12	-T
II	4535321	G	*/-GATAT	233	27	10.38%	2	2	43	47	0.98	1	1	109	124	12	15	-GATAT
II	4535727	A	*/-G	148	30	16.85%	2	2	45	41	0.98	1	1	56	92	14	16	-G
II	4537213	G	*/+T	146	180	54.88%	2	2	49	51	0.98	1	1	85	61	101	79	+T
II	4537387	A	*/-AATAAGAG	212	37	14.86%	2	2	49	47	0.98	1	1	118	94	22	15	-AATAAGAG
II	4537655	A	*/+AAATG	75	6	7.32%	2	2	43	37	0.98	1	1	56	19	3	3	+AAATG
II	4537712	T	*/-AAATAAAATTAATG	49	6	10.91%	2	2	38	35	0.98	1	1	31	18	3	3	-AAATAAAATTAATG
III	1558	G	*/-A	82	7	7.14%	2	2	41	33	0.98	1	1	45	37	1	6	-A
III	1558	G	*/+A	82	7	7.14%	2	2	41	36	0.98	1	1	45	37	3	4	-A
III	4729	A	*/-T	489	176	23.13%	2	2	48	49	0.98	1	1	324	165	76	100	-T
III	4729	A	*/+T	489	57	7.49%	2	2	48	49	0.98	1	1	324	165	24	33	-T
III	4952	C	*/+T	437	71	13.89%	2	2	40	48	0.98	1	1	284	153	23	48	+T
III	5403	C	*/-T	553	157	19.53%	2	2	43	44	0.98	1	1	375	178	77	80	-T
III	5403	C	*/-TT	553	50	6.22%	2	2	43	45	0.98	1	1	375	178	26	24	-T
III	9812	T	*/+A	180	30	14.15%	2	1	45	39	0.98	1	1	56	124	0	30	+A
III	12428	G	*/-A	74	7	7.37%	2	2	42	38	0.98	1	1	37	37	5	2	-A
III	12428	G	*/+A	74	13	13.68%	2	2	42	46	0.98	1	1	37	37	7	6	+A
III	15599	A	*/-T	472	168	22.73%	2	2	48	49	0.98	1	1	308	164	84	84	-T
III	15599	A	*/+T	472	50	6.77%	2	2	48	46	0.98	1	1	308	164	22	28	-T
III	15822	C	*/+T	410	71	14.61%	2	2	40	47	0.98	1	1	265	145	29	42	+T
III	16273	C	*/-T	604	166	19.81%	2	2	43	43	0.98	1	1	427	177	90	76	-T
III	20682	T	*/+A	181	46	20.26%	2	2	45	42	0.98	1	1	62	119	1	45	+A
III	23298	G	*/-A	73	11	10.89%	2	2	41	48	0.98	1	1	30	43	5	6	-A
III	23298	G	*/+A	73	14	13.86%	2	2	41	35	0.98	1	1	30	43	10	4	+A
III	59772	C	*/-A	41	3	6.67%	2	2	48	49	0.98	1	1	19	22	2	1	-A
III	63397	G	*/+T	37	3	7.32%	2	2	47	45	0.98	1	1	23	14	1	2	+T
III	69589	T	*/-A	17	6	25%	2	2	44	34	0.98	1	1	5	12	1	5	-A
III	120832	C	*/-A	14	2	12.5%	2	1	42	37	0.98	1	1	7	7	2	0	-A
III	123319	T	*/-A	9	3	25%	2	2	35	61	0.98	1	1	7	2	1	2	-A
III	207168	T	*/+A	3	3	50%	1	2	36	61	0.98	1	1	3	0	2	1	+A
III	208140	C	*/-A	9	3	17.65%	1	2	38	33	0.98	1	1	9	0	2	1	-A
III	208140	C	*/+A	9	3	17.65%	1	1	38	37	0.98	1	1	9	0	3	0	-A
III	208140	C	*/+AA	9	2	11.76%	1	2	38	55	0.98	1	1	9	0	1	1	-A
III	234982	C	*/+A	37	2	5.13%	2	2	46	31	0.98	1	1	21	16	1	1	+A
III	237048	G	*/+A	9	2	16.67%	1	2	42	55	0.98	1	1	9	0	1	1	+A
III	286478	C	-TT/-TT	1	7	77.78%	1	2	37	45	0.98	1	1	1	0	2	5	-TT
III	293096	G	*/-T	10	6	30%	2	2	44	53	0.98	1	1	6	4	3	3	-T
III	293096	G	*/+T	10	3	15%	2	2	44	40	0.98	1	1	6	4	2	1	-T
III	348705	C	*/-T	34	2	5.26%	2	2	42	36	0.98	1	1	24	10	1	1	-T
III	348705	C	*/+T	34	2	5.26%	2	2	42	49	0.98	1	1	24	10	1	1	-T
III	365747	C	-A/-A	3	21	84%	2	2	49	39	0.98	1	1	2	1	16	5	-A
III	431910	C	*/-T	24	3	10.71%	2	2	46	61	0.98	1	1	13	11	2	1	-T
III	445016	G	*/-A	27	2	6.9%	2	2	46	37	0.98	1	1	18	9	1	1	-A
III	467904	C	*/-A	12	4	16.67%	2	2	53	43	0.98	1	1	7	5	3	1	-A
III	467904	C	*/+A	12	7	29.17%	2	2	53	43	0.98	1	1	7	5	5	2	+A
III	568658	C	*/-T	11	3	14.29%	2	1	34	61	0.98	1	1	6	5	3	0	-T
III	568658	C	*/-TT	11	4	19.05%	2	2	34	55	0.98	1	1	6	5	1	3	-TT
III	672827	G	*/-A	5	2	25%	2	2	32	37	0.98	1	1	2	3	1	1	-A
III	717677	A	*/-T	5	13	59.09%	2	2	49	42	0.98	1	1	3	2	1	12	-T
III	717677	A	*/-TT	5	4	18.18%	2	2	49	46	0.98	1	1	3	2	1	3	-T
III	719703	T	*/-A	7	3	30%	1	2	47	37	0.98	1	1	7	0	2	1	-A
III	719955	A	-C/-C	0	8	100%	0	2	0	34	0.98	0	1	0	0	4	4	-C
III	720559	C	*/-T	12	2	12.5%	2	1	48	56	0.98	1	1	4	8	0	2	-T
III	720559	C	*/-TT	12	2	12.5%	2	1	48	31	0.98	1	1	4	8	2	0	-T
III	720683	A	+T/+T	0	9	90%	0	2	0	45	0.98	0	1	0	0	8	1	+T
III	762516	T	*/-A	17	2	9.09%	2	2	49	55	0.98	1	1	14	3	1	1	-A
III	762516	T	*/-AA	17	3	13.64%	2	2	49	37	0.98	1	1	14	3	2	1	-AA
III	822701	G	*/+T	19	4	16.67%	2	2	48	55	0.98	1	1	7	12	3	1	+T
III	867865	C	-T/-T	2	12	85.71%	2	2	37	37	0.98	1	1	1	1	5	7	-T
III	897531	C	*/+A	11	16	51.61%	2	2	41	56	0.98	1	1	4	7	8	8	+A
III	897531	C	*/+AA	11	2	6.45%	2	2	41	49	0.98	1	1	4	7	1	1	+A
III	898665	T	*/-A	29	4	11.43%	2	2	39	74	0.98	1	1	15	14	1	3	-A
III	898665	T	*/+A	29	2	5.71%	2	1	39	37	0.98	1	1	15	14	0	2	-A
III	954028	G	*/+A	14	2	12.5%	2	1	43	37	0.98	1	1	6	8	2	0	+A
III	958241	C	*/-T	16	2	10%	2	1	40	55	0.98	1	1	9	7	2	0	-T
III	966124	G	*/-T	22	6	17.14%	2	2	35	35	0.98	1	1	21	1	5	1	-T
III	966124	G	*/-TT	22	4	11.43%	2	2	35	46	0.98	1	1	21	1	3	1	-T
III	966124	G	*/+T	22	3	8.57%	2	1	35	37	0.98	1	1	21	1	3	0	-T
III	970548	C	*/-T	7	4	36.36%	2	1	41	49	0.98	1	1	3	4	0	4	-T
III	970892	C	*/-T	13	4	20%	2	2	35	43	0.98	1	1	9	4	3	1	-T
III	970892	C	*/+T	13	2	10%	2	2	35	42	0.98	1	1	9	4	1	1	-T
III	1016311	G	+C/+C	2	39	95.12%	1	2	37	48	0.98	1	1	2	0	23	16	+C
III	1073505	T	*/+ATATAGAG	133	11	7.64%	2	2	53	50	0.98	1	1	89	44	8	3	+ATATAGAG
III	1079346	A	*/+G	121	9	6.92%	2	2	45	43	0.98	1	1	75	46	6	3	+G
III	1080146	T	*/+ATATAGAG	209	15	6.64%	2	2	47	38	0.98	1	1	80	129	8	7	+ATATAGAG
III	1084026	A	*/+AGTGGTGATGGTT	61	5	7.58%	2	2	44	49	0.98	1	1	26	35	4	1	+AGTGGTGATGGTT
III	1090483	G	*/-ATA	14	2	12.5%	2	1	50	37	0.98	1	1	6	8	2	0	-ATA
III	1090594	A	*/-AT	10	2	16.67%	2	2	44	31	0.98	1	1	3	7	1	1	-AT
III	1095549	T	*/-G	34	2	5.56%	2	1	48	62	0.98	1	1	21	13	0	2	-G
III	1095550	G	*/-T	13	10	31.25%	2	1	38	41	0.98	1	1	9	4	10	0	-T
III	1095550	G	*/-TT	13	4	12.5%	2	2	38	48	0.98	1	1	9	4	3	1	-T
III	1095550	G	*/-TTT	13	3	9.38%	2	2	38	45	0.98	1	1	9	4	2	1	-T
III	1103423	T	*/-A	6	10	43.48%	2	2	44	45	0.98	1	1	5	1	5	5	-A
III	1103423	T	*/-AA	6	4	17.39%	2	1	44	58	0.98	1	1	5	1	0	4	-A
III	1103423	T	*/-AAA	6	2	8.7%	2	2	44	55	0.98	1	1	5	1	1	1	-A
III	1110132	C	*/+TCTCTATA	80	5	5.88%	2	1	50	34	0.98	1	1	41	39	5	0	+TCTCTATA
III	1114731	C	*/-CACTTACCACTTA	75	6	7.41%	2	1	51	37	0.98	1	1	41	34	6	0	-CACTTACCACTTA
III	1114761	T	*/-ACCACCACC	63	6	8.7%	2	1	50	37	0.98	1	1	34	29	6	0	-ACCACCACC
III	1114914	T	*/+ACCACTAACCATC	58	5	7.81%	2	2	46	44	0.98	1	1	27	31	2	3	+ACCACTAACCATC
III	1121595	A	*/-C	31	2	6.06%	2	1	44	37	0.98	1	1	17	14	0	2	-C
III	1121610	T	*/+AC	23	2	8%	2	1	41	37	0.98	1	1	14	9	2	0	+AC
III	1121674	T	*/+ACCACTAACCATC	45	5	10%	2	2	45	37	0.98	1	1	29	16	3	2	+ACCACTAACCATC
III	1128251	C	*/-CACTTACCACTTA	61	4	6.15%	2	1	48	37	0.98	1	1	34	27	4	0	-CACTTACCACTTA
III	1128281	T	*/-ACCACCACC	53	4	7.02%	2	1	48	37	0.98	1	1	32	21	4	0	-ACCACCACC
III	1128370	T	*/+AC	28	2	6.67%	2	1	48	31	0.98	1	1	14	14	2	0	+AC
III	1128434	T	*/+ACCACTAACCATC	54	5	8.33%	2	2	47	46	0.98	1	1	30	24	2	3	+ACCACTAACCATC
III	1135011	C	*/-CACTTACCACTTA	63	4	5.97%	2	1	47	34	0.98	1	1	31	32	4	0	-CACTTACCACTTA
III	1135041	T	*/-ACCACCACC	54	3	5.26%	2	1	47	37	0.98	1	1	29	25	3	0	-ACCACCACC
III	1135194	T	*/+ACCACTAACCATC	48	5	9.43%	2	2	47	42	0.98	1	1	18	30	3	2	+ACCACTAACCATC
III	1168360	T	*/-G	8	5	38.46%	2	2	34	44	0.98	1	1	7	1	4	1	-G
III	1395671	C	*/-A	16	2	10.53%	2	2	48	37	0.98	1	1	6	10	1	1	-A
III	1395701	A	*/+AATGTAATGT	12	6	28.57%	2	2	49	47	0.98	1	1	4	8	3	3	+AATGTAATGT
III	1395701	A	*/+AATGTAATGTAATGT	12	2	9.52%	2	2	49	42	0.98	1	1	4	8	1	1	+AATGTAATGT
III	1473677	C	*/-T	22	3	12%	2	2	44	45	0.98	1	1	15	7	2	1	-T
III	1510629	T	*/-A	8	5	35.71%	2	2	42	51	0.98	1	1	4	4	2	3	-A
III	1529684	C	*/-A	1	2	50%	1	2	25	37	0.98	1	1	0	1	1	1	-A
III	1547169	C	*/-A	13	3	18.75%	2	1	40	45	0.98	1	1	11	2	3	0	-A
III	1575951	G	*/-TT	9	2	11.11%	2	1	37	31	0.98	1	1	6	3	0	2	-TT
III	1575951	G	*/+T	9	4	22.22%	2	2	37	52	0.98	1	1	6	3	1	3	+T
III	1581366	G	*/+T	14	2	12.5%	2	1	41	37	0.98	1	1	5	9	2	0	+T
III	1594933	T	*/-A	17	7	26.92%	2	2	42	40	0.98	1	1	7	10	3	4	-A
III	1594933	T	*/-AA	17	2	7.69%	2	1	42	37	0.98	1	1	7	10	2	0	-A
III	1674618	C	*/-T	3	2	33.33%	2	2	33	55	0.98	1	1	2	1	1	1	-T
III	1685487	G	+A/+A	0	21	100%	0	2	0	39	0.98	0	1	0	0	6	15	+A
III	1707997	T	*/-A	23	3	11.54%	2	2	45	49	0.98	1	1	17	6	2	1	-A
III	1712983	G	*/-A	4	6	54.55%	2	2	36	41	0.98	1	1	2	2	3	3	-A
III	1718894	T	+A/+A	0	6	100%	0	2	0	41	0.98	0	1	0	0	5	1	+A
III	1744661	A	+T/+T	1	14	87.5%	1	2	37	39	0.98	1	1	1	0	8	6	+T
III	1756400	T	-A/-A	2	37	94.87%	2	2	55	48	0.98	1	1	1	1	18	19	-A
III	1758846	C	*/-A	11	3	18.75%	2	2	43	37	0.98	1	1	9	2	2	1	-A
III	1774235	T	+GATC/+GATC	2	25	89.29%	2	2	55	41	0.98	1	1	1	1	15	10	+GATC
III	1802522	G	*/-T	16	3	15%	2	2	40	37	0.98	1	1	10	6	2	1	-T
III	1821911	C	*/-A	6	3	27.27%	1	2	41	33	0.98	1	1	6	0	2	1	-A
III	1857256	C	*/+A	37	3	7.5%	2	1	47	40	0.98	1	1	22	15	3	0	+A
III	1925626	C	*/-A	5	3	27.27%	1	1	47	49	0.98	1	1	5	0	3	0	-A
III	1925626	C	*/+A	5	2	18.18%	1	1	47	42	0.98	1	1	5	0	2	0	-A
III	1929127	A	*/-G	2	2	50%	1	1	31	25	0.98	1	1	2	0	2	0	-G
III	2009535	C	*/-T	9	2	18.18%	2	2	42	55	0.98	1	1	4	5	1	1	-T
III	2010864	G	*/-TA	37	2	5.13%	2	2	50	49	0.98	1	1	16	21	1	1	-TA
III	2067838	T	*/-A	10	4	25%	1	1	40	37	0.98	1	1	10	0	4	0	-A
III	2076412	G	*/-T	15	9	33.33%	2	2	43	39	0.98	1	1	5	10	4	5	-T
III	2113205	C	*/-T	11	3	21.43%	2	2	49	49	0.98	1	1	4	7	1	2	-T
III	2120384	A	*/+T	33	2	5.71%	2	1	44	31	0.98	1	1	20	13	2	0	+T
III	2178240	T	*/-A	23	2	8%	2	2	39	49	0.98	1	1	13	10	1	1	-A
III	2205924	T	*/+G	18	2	10%	2	1	50	31	0.98	1	1	9	9	2	0	+G
III	2221410	T	*/-A	17	2	10.53%	2	2	47	55	0.98	1	1	8	9	1	1	-A
III	2270459	C	*/-A	24	2	7.14%	2	2	46	37	0.98	1	1	17	7	1	1	-A
III	2270459	C	*/+A	24	2	7.14%	2	1	46	37	0.98	1	1	17	7	2	0	-A
III	2281940	C	*/-T	22	5	18.52%	2	2	51	41	0.98	1	1	15	7	3	2	-T
III	2309611	T	*/-A	7	3	27.27%	2	1	38	37	0.98	1	1	2	5	0	3	-A
III	2310960	G	*/-A	13	2	12.5%	2	1	47	74	0.98	1	1	8	5	2	0	-A
III	2310968	A	*/+GGT	14	2	12.5%	2	1	47	74	0.98	1	1	9	5	2	0	+GGT
III	2382018	A	*/-T	3	2	25%	2	2	49	31	0.98	1	1	1	2	1	1	-T
III	2382018	A	*/-TT	3	2	25%	2	2	49	31	0.98	1	1	1	2	1	1	-T
III	2420241	T	*/-A	10	4	25%	2	2	46	46	0.98	1	1	7	3	3	1	-A
III	2420241	T	*/-AA	10	2	12.5%	2	2	46	42	0.98	1	1	7	3	1	1	-A
III	2423197	T	*/-A	34	2	5.56%	2	2	55	37	0.98	1	1	16	18	1	1	-A
III	2443562	A	+T/+T	8	52	81.25%	2	1	50	37	0.98	1	1	2	6	0	52	+T
III	2447848	T	*/-A	953	298	18.88%	2	2	44	41	0.98	1	1	676	277	212	86	-A
III	2447848	T	*/-AA	953	137	8.68%	2	2	44	42	0.98	1	1	676	277	95	42	-A
III	2447848	T	*/+A	953	117	7.41%	2	2	44	47	0.98	1	1	676	277	82	35	-A
III	2448309	T	-AA/-AA	39	563	90.95%	2	2	45	41	0.98	1	1	26	13	235	328	-AA
III	2448518	T	*/-A	840	285	21.4%	2	2	46	45	0.98	1	1	579	261	209	76	-A
III	2448518	T	*/-AA	840	75	5.63%	2	2	46	44	0.98	1	1	579	261	55	20	-A
III	2448518	T	*/+A	840	103	7.73%	2	2	46	46	0.98	1	1	579	261	63	40	+A
