Chrom	Position	Ref	Cons	Reads1	Reads2	VarFreq	Strands1	Strands2	Qual1	Qual2	Pvalue	MapQual1	MapQual2	Reads1Plus	Reads1Minus	Reads2Plus	Reads2Minus	VarAllele
I	3160	A	*/+GTTGTCGTTGTCGTTGTC	280	159	29.72%	2	2	40	40	0.98	1	1	130	150	82	77	+GTTGTCGTTGTCGTTGTC
I	3160	A	*/+GTTGTCGTTGTCGTTGTCGTTGTC	280	89	16.64%	2	2	40	39	0.98	1	1	130	150	43	46	+GTTGTCGTTGTCGTTGTC
I	4047	C	*/-TGTCTCTGTCAT	478	102	17.59%	2	2	40	40	0.98	1	1	247	231	55	47	-TGTCTCTGTCAT
I	4053	C	*/+TGTCAT	383	70	14.71%	2	2	39	39	0.98	1	1	205	178	30	40	+TGTCAT
I	6357	T	*/-AA	275	95	25.33%	2	2	37	37	0.98	1	1	147	128	54	41	-AA
I	7192	C	*/+A	288	51	14.74%	2	2	38	38	0.98	1	1	147	141	39	12	+A
I	10859	G	*/-TT	157	128	44.14%	2	2	38	38	0.98	1	1	96	61	77	51	-TT
I	19694	T	*/+A	87	63	41.72%	2	2	39	40	0.98	1	1	35	52	61	2	+A
I	20545	C	*/+TTTTTT	66	6	5.71%	2	2	39	40	0.98	1	1	39	27	5	1	+TTTTTT
I	20545	C	*/+TTTTTTT	66	32	30.48%	2	2	39	36	0.98	1	1	39	27	19	13	+TTTTTTT
I	27402	A	*/-C	49	8	12.7%	2	2	37	40	0.98	1	1	5	44	1	7	-C
I	27402	A	*/+C	49	5	7.94%	2	1	37	27	0.98	1	1	5	44	0	5	-C
I	43335	G	*/+A	44	30	40%	2	2	39	38	0.98	1	1	30	14	15	15	+A
I	101871	A	+G/+G	8	200	95.69%	2	2	40	39	0.98	1	1	7	1	109	91	+G
I	206448	C	*/+T	44	35	43.75%	2	1	38	40	0.98	1	1	28	16	35	0	+T
I	440084	T	*/+A	43	93	63.7%	2	2	40	38	0.98	1	1	27	16	34	59	+A
I	453367	G	*/+A	95	9	8.65%	2	1	38	36	0.98	1	1	55	40	0	9	+A
I	453369	G	*/+A	43	41	41%	2	2	39	38	0.98	1	1	27	16	26	15	+A
I	470378	A	-C/-C	5	199	97.55%	2	2	40	39	0.98	1	1	3	2	96	103	-C
I	470390	A	-C/-C	8	198	96.12%	2	2	40	39	0.98	1	1	3	5	89	109	-C
I	473427	G	*/+T	62	22	23.91%	2	2	38	35	0.98	1	1	37	25	15	7	+T
I	482737	A	+G/+G	6	229	97.03%	2	2	40	39	0.98	1	1	2	4	112	117	+G
I	554527	A	+T/+T	30	161	82.56%	2	2	39	39	0.98	1	1	14	16	89	72	+T
I	562745	A	*/+T	65	74	51.39%	2	2	39	38	0.98	1	1	29	36	51	23	+T
I	650099	C	*/+AA	46	88	61.11%	2	2	40	37	0.98	1	1	31	15	54	34	+AA
I	660056	T	*/+G	158	11	6.4%	2	2	38	37	0.98	1	1	73	85	6	5	+G
I	670032	C	+A/+A	5	190	96.94%	2	2	40	40	0.98	1	1	3	2	111	79	+A
I	682993	T	-C/-C	13	193	93.69%	2	2	40	39	0.98	1	1	8	5	97	96	-C
I	862962	C	+T/+T	7	196	96.55%	2	2	37	40	0.98	1	1	3	4	79	117	+T
I	934908	T	*/+AA	59	20	23.81%	2	2	39	34	0.98	1	1	45	14	11	9	+AA
I	960025	G	+T/+T	40	156	76.47%	2	2	39	38	0.98	1	1	13	27	100	56	+T
I	965438	C	*/+A	41	47	46.08%	2	2	39	39	0.98	1	1	32	9	46	1	+A
I	1048635	G	+A/+A	19	194	91.08%	2	2	38	40	0.98	1	1	13	6	106	88	+A
I	1079583	T	*/+AAAAAAAA	74	9	10%	2	1	38	40	0.98	1	1	55	19	9	0	+AAAAAAAA
I	1148104	A	*/+T	40	98	68.53%	2	2	38	38	0.98	1	1	21	19	67	31	+T
I	1274803	T	+A/+A	10	188	90.38%	2	2	40	39	0.98	1	1	5	5	90	98	+A
I	1358794	C	*/+A	49	92	62.59%	2	2	39	38	0.98	1	1	36	13	70	22	+A
I	1424708	C	-A/-A	6	231	97.47%	2	2	40	39	0.98	1	1	3	3	117	114	-A
I	1496317	C	-A/-A	40	127	76.05%	2	2	39	40	0.98	1	1	23	17	62	65	-A
I	1509277	C	+T/+T	32	159	81.96%	2	2	39	39	0.98	1	1	13	19	79	80	+T
I	1595055	G	*/+T	140	8	5.41%	2	1	40	40	0.98	1	1	84	56	0	8	+T
I	1595056	C	*/+T	50	60	50.42%	2	2	38	36	0.98	1	1	33	17	45	15	+T
I	1625092	T	+C/+C	4	165	96.49%	2	2	40	39	0.98	1	1	2	2	79	86	+C
I	1765305	C	*/+A	64	7	9.86%	2	1	40	33	0.98	1	1	38	26	0	7	+A
I	1765306	C	*/+A	47	8	12.31%	2	2	39	36	0.98	1	1	34	13	4	4	A
I	1905525	T	*/+G	122	8	6.15%	2	1	38	40	0.98	1	1	104	18	8	0	+G
I	1936294	G	+A/+A	11	174	92.55%	2	2	40	39	0.98	1	1	5	6	99	75	+A
I	1952313	A	+T/+T	15	179	91.79%	2	2	44	40	0.98	1	1	7	8	83	96	+T
I	1955754	C	*/+TT	49	41	40.2%	2	2	37	38	0.98	1	1	35	14	34	7	+TT
I	1955852	A	*/+G	145	10	6.29%	2	1	38	38	0.98	1	1	80	65	0	10	+G
I	1955853	T	+A/+A	9	98	80.99%	2	2	34	36	0.98	1	1	5	4	66	32	+A
I	2025000	C	*/+T	49	46	47.92%	2	2	39	37	0.98	1	1	29	20	35	11	+T
I	2139856	G	+T/+T	29	170	82.52%	2	2	38	37	0.98	1	1	20	9	111	59	+T
I	2154491	T	+A/+A	7	232	96.67%	2	2	45	39	0.98	1	1	3	4	106	126	+A
I	2227936	T	*/+AAA	44	49	46.67%	2	2	37	35	0.98	1	1	30	14	30	19	+AAA
I	2245479	T	*/+C	151	14	8.43%	2	2	40	40	0.98	1	1	76	75	7	7	+C
I	2288240	C	-G/-G	5	216	97.74%	2	2	40	40	0.98	1	1	4	1	118	98	-G
I	2343703	G	+A/+A	3	208	97.2%	2	2	40	39	0.98	1	1	1	2	98	110	+A
I	2421576	A	-C/-C	11	200	94.79%	2	2	40	40	0.98	1	1	8	3	96	104	-C
I	2499149	A	-T/-T	22	184	88.89%	2	2	39	39	0.98	1	1	8	14	87	97	-T
I	2507462	T	+A/+A	5	216	96.43%	2	2	40	40	0.98	1	1	2	3	101	115	+A
I	2510060	T	+A/+A	6	195	95.59%	2	2	40	39	0.98	1	1	3	3	89	106	+A
I	2588021	C	+A/+A	12	211	93.36%	2	2	38	39	0.98	1	1	2	10	110	101	+A
I	2588066	C	+A/+A	27	172	85.15%	2	2	40	38	0.98	1	1	13	14	88	84	+A
I	2594263	C	+T/+T	4	170	96.59%	2	2	40	39	0.98	1	1	2	2	88	82	+T
I	2594324	T	+A/+A	7	181	94.27%	2	2	40	39	0.98	1	1	3	4	101	80	+A
I	2594351	T	+A/+A	8	192	95.05%	2	2	38	39	0.98	1	1	4	4	106	86	+A
I	2594391	A	+T/+T	3	214	97.72%	2	2	40	39	0.98	1	1	2	1	110	104	+T
I	2605860	G	-T/-T	5	210	97.67%	2	2	36	39	0.98	1	1	3	2	123	87	-T
I	2607669	A	+T/+T	10	191	93.17%	2	2	40	39	0.98	1	1	3	7	94	97	+T
I	2641998	C	*/+T	56	70	54.69%	2	2	37	36	0.98	1	1	25	31	36	34	+T
I	2683902	T	-C/-C	4	204	98.08%	1	2	50	39	0.98	1	1	4	0	121	83	-C
I	2751236	T	-A/-A	32	123	78.85%	2	2	41	39	0.98	1	1	21	11	67	56	-A
I	2759871	T	+C/+C	4	221	96.93%	2	2	40	40	0.98	1	1	3	1	112	109	+C
I	3125118	A	+T/+T	13	218	94.37%	2	2	37	39	0.98	1	1	7	6	117	101	+T
I	3159955	C	*/-ATACT	116	37	23.87%	2	2	39	38	0.98	1	1	64	52	30	7	-ATACT
I	3159990	T	*/-ATAC	131	17	11.49%	2	2	39	38	0.98	1	1	84	47	15	2	-ATAC
I	3166776	G	*/+TTT	67	80	51.61%	2	2	39	37	0.98	1	1	29	38	56	24	+TTT
I	3178494	C	+T/+T	10	208	95.41%	2	2	40	40	0.98	1	1	6	4	109	99	+T
I	3197528	A	+G/+G	16	192	91%	2	2	39	39	0.98	1	1	5	11	101	91	+G
I	3450130	G	-T/-T	4	205	98.09%	2	2	40	40	0.98	1	1	2	2	101	104	-T
I	3460318	T	+C/+C	15	199	92.56%	2	2	40	39	0.98	1	1	7	8	110	89	+C
I	3538413	A	+T/+T	7	205	96.24%	2	2	37	39	0.98	1	1	4	3	121	84	+T
I	3538428	G	+T/+T	17	196	92.02%	2	2	40	39	0.98	1	1	9	8	112	84	+T
I	3538436	T	+A/+A	11	195	94.66%	2	2	40	40	0.98	1	1	7	4	110	85	+A
I	3538449	T	+TA/+TA	34	152	81.72%	2	2	41	39	0.98	1	1	16	18	92	60	+TA
I	3538456	A	+AT/+AT	0	153	99.35%	0	2	0	40	0.98	0	1	0	0	92	61	+AT
I	3548532	G	*/+T	69	9	11.11%	2	2	39	38	0.98	1	1	44	25	7	2	+T
I	3572591	T	*/+A	160	10	5.75%	2	2	38	35	0.98	1	1	98	62	3	7	+A
I	3576756	T	*/+TCTTCTC	36	100	46.51%	2	2	38	39	0.98	1	1	17	19	48	52	+TCTTCTC
I	3576929	C	+T/+T	28	158	82.72%	2	2	38	40	0.98	1	1	4	24	85	73	+T
I	3580034	C	*/+T	68	25	25.25%	2	2	37	37	0.98	1	1	39	29	14	11	+T
I	3665610	G	+C/+C	2	213	99.07%	2	2	40	39	0.98	1	1	1	1	98	115	+C
I	3700385	T	*/+AA	48	49	47.57%	2	2	39	38	0.98	1	1	27	21	26	23	+AA
I	3730369	A	+T/+T	19	209	91.27%	2	2	40	39	0.98	1	1	7	12	108	101	+T
I	3765328	C	+T/+T	32	119	78.81%	2	2	38	38	0.98	1	1	10	22	78	41	+T
I	3776933	G	+A/+A	13	128	90.14%	2	2	35	39	0.98	1	1	9	4	52	76	+A
I	3855790	G	-T/-T	3	215	98.62%	2	2	40	40	0.98	1	1	2	1	94	121	-T
I	3940025	G	+T/+T	14	176	88.89%	2	2	40	39	0.98	1	1	3	11	73	103	+T
I	4010237	A	*/+G	42	3	6.25%	2	1	39	40	0.98	1	1	34	8	3	0	+G
I	4055052	T	+A/+A	30	150	78.95%	2	2	39	38	0.98	1	1	15	15	73	77	+A
I	4179701	C	*/+T	36	43	52.44%	2	2	36	36	0.98	1	1	21	15	28	15	+T
I	4276888	A	*/+T	157	12	7.06%	2	1	37	30	0.98	1	1	98	59	0	12	+T
I	4276890	G	*/+T	33	111	68.52%	2	2	39	38	0.98	1	1	12	21	85	26	+T
I	4304169	G	+A/+A	20	214	90.3%	2	2	42	39	0.98	1	1	13	7	106	108	+A
I	4374342	A	-G/-G	9	195	95.59%	2	2	44	39	0.98	1	1	4	5	95	100	-G
I	4407494	T	+G/+G	10	207	94.09%	2	2	36	39	0.98	1	1	4	6	101	106	+G
I	4410191	C	-G/-G	4	225	98.25%	2	2	40	39	0.98	1	1	1	3	105	120	-G
I	4414201	C	-T/-T	42	146	77.25%	2	2	38	38	0.98	1	1	17	25	94	52	-T
I	4414723	T	*/+AAAAA	49	6	10.17%	2	2	40	37	0.98	1	1	33	16	4	2	+AAAAA
I	4431856	G	+A/+A	14	177	91.24%	2	2	45	39	0.98	1	1	7	7	84	93	+A
I	4431868	C	+A/+A	12	190	92.23%	2	2	40	39	0.98	1	1	5	7	87	103	+A
I	4455149	G	+A/+A	24	165	83.76%	2	2	38	39	0.98	1	1	14	10	76	89	+A
I	4648144	T	*/-G	154	20	11.49%	2	1	39	36	0.98	1	1	99	55	0	20	-G
I	4648159	T	*/-G	58	92	56.44%	2	2	38	39	0.98	1	1	17	41	68	24	-G
I	4648159	T	*/-GG	58	13	7.98%	2	2	38	38	0.98	1	1	17	41	1	12	-G
I	4721875	G	+A/+A	20	203	90.62%	2	2	41	39	0.98	1	1	10	10	106	97	+A
I	4764253	G	+A/+A	36	170	80.19%	2	2	40	39	0.98	1	1	22	14	82	88	+A
I	4911431	G	*/+T	59	7	10.61%	2	2	39	40	0.98	1	1	33	26	4	3	+T
I	4926046	C	*/+T	46	46	46.46%	2	2	38	37	0.98	1	1	28	18	38	8	+T
I	5142627	A	+G/+G	5	217	96.88%	2	2	40	40	0.98	1	1	2	3	113	104	+G
I	5148414	T	-A/-A	17	198	91.67%	2	2	44	39	0.98	1	1	4	13	99	99	-A
I	5173087	C	+T/+T	20	180	89.11%	2	2	38	39	0.98	1	1	7	13	90	90	+T
I	5173428	C	*/+T	165	16	8.79%	2	1	38	36	0.98	1	1	96	69	0	16	+T
I	5173430	G	*/+T	38	109	64.88%	2	2	37	37	0.98	1	1	17	21	80	29	+T
I	5176926	T	*/+A	37	84	67.2%	2	2	40	38	0.98	1	1	21	16	45	39	+A
I	5271432	C	*/+TTTT	68	6	8.11%	2	2	38	40	0.98	1	1	49	19	3	3	+TTTT
I	5368262	T	-C/-C	12	192	94.12%	2	2	40	39	0.98	1	1	6	6	89	103	-C
I	5368273	G	+T/+T	12	186	93.47%	2	2	43	40	0.98	1	1	8	4	84	102	+T
I	5426622	C	+T/+T	33	173	81.99%	2	2	39	39	0.98	1	1	7	26	99	74	+T
I	5559279	T	*/+G	17	9	20%	2	1	38	38	0.98	1	1	7	10	9	0	+G
I	5559279	T	*/+GG	17	12	26.67%	2	1	38	40	0.98	1	1	7	10	12	0	+GG
I	5559279	T	*/+GGG	17	6	13.33%	2	1	38	37	0.98	1	1	7	10	6	0	+GG
I	5567937	C	*/-A	185	27	12.62%	2	2	38	40	0.98	1	1	99	86	23	4	-A
I	5572022	A	*/-T	205	26	11.26%	2	1	39	40	0.98	1	1	105	100	0	26	-T
I	5576850	T	*/-AA	135	110	44%	2	2	39	39	0.98	1	1	82	53	52	58	-AA
II	15830	T	*/+A	36	13	23.64%	2	2	39	40	0.98	1	1	25	11	10	3	+A
II	80026	C	*/+A	41	4	8.89%	2	1	39	40	0.98	1	1	2	39	0	4	+A
II	128001	T	-A/-A	15	207	93.24%	2	2	40	39	0.98	1	1	8	7	110	97	-A
II	146079	T	-C/-C	12	216	94.74%	2	2	38	39	0.98	1	1	6	6	105	111	-C
II	326284	G	*/+A	153	55	26.44%	2	2	40	39	0.98	1	1	69	84	26	29	+A
II	484534	A	*/+T	46	102	66.23%	2	2	38	37	0.98	1	1	24	22	56	46	+T
II	603279	A	-T/-T	2	231	99.14%	2	2	40	39	0.98	1	1	1	1	103	128	-T
II	603305	A	-C/-C	10	218	95.61%	2	2	40	40	0.98	1	1	3	7	99	119	-C
II	700009	T	-A/-A	36	187	83.86%	2	2	40	39	0.98	1	1	20	16	75	112	-A
II	888599	A	-C/-C	3	185	98.4%	1	2	40	39	0.98	1	1	0	3	100	85	-C
II	903106	G	+T/+T	5	220	97.78%	2	2	36	39	0.98	1	1	4	1	111	109	+T
II	997671	G	*/+CAACAACAACAACAA	132	13	6.95%	2	2	39	39	0.98	1	1	90	42	6	7	A
II	1019510	T	-A/-A	30	116	79.45%	2	2	39	38	0.98	1	1	17	13	65	51	-A
II	1079843	T	+A/+A	16	158	88.76%	2	2	42	38	0.98	1	1	10	6	84	74	+A
II	1163154	A	-T/-T	9	211	95.91%	2	2	40	40	0.98	1	1	6	3	113	98	-T
II	1266289	T	*/+A	38	131	72.38%	2	2	39	38	0.98	1	1	31	7	66	65	+A
II	1277481	G	*/+TT	50	19	26.76%	2	2	40	40	0.98	1	1	31	19	14	5	+TT
II	1308618	G	-T/-T	18	178	90.82%	2	2	39	39	0.98	1	1	11	7	109	69	-T
II	1389139	C	*/+T	73	80	50.31%	2	2	38	38	0.98	1	1	41	32	38	42	+T
II	1454466	T	*/+CACA	124	7	5.34%	2	2	39	40	0.98	1	1	44	80	1	6	+CACA
II	1555919	A	*/+TTTATT	63	145	69.38%	2	2	39	39	0.98	1	1	25	38	88	57	+TTTATT
II	1588936	G	*/+AA	54	46	40%	2	2	39	34	0.98	1	1	28	26	22	24	+AA
II	1620412	T	*/-A	33	8	19.05%	2	1	40	40	0.98	1	1	21	12	8	0	-A
II	1678205	T	-A/-A	29	142	81.61%	2	2	38	38	0.98	1	1	16	13	79	63	-A
II	1716256	G	*/+T	101	21	15.11%	2	2	38	37	0.98	1	1	69	32	10	11	+T
II	1716287	T	*/-G	125	36	22.36%	2	2	39	40	0.98	1	1	68	57	11	25	-G
II	1748646	G	*/-A	29	58	65.91%	2	2	40	38	0.98	1	1	13	16	35	23	-A
II	1805315	C	*/+T	54	13	18.31%	2	2	39	40	0.98	1	1	29	25	12	1	+T
II	1816760	T	*/+C	7	3	30%	2	1	40	40	0.98	1	1	3	4	3	0	+C
II	1861420	T	-G/-G	4	198	98.02%	2	2	40	39	0.98	1	1	2	2	81	117	-G
II	1867795	A	+T/+T	15	165	89.19%	2	2	36	38	0.98	1	1	9	6	76	89	+T
II	1868122	G	*/+T	43	58	52.73%	2	2	37	37	0.98	1	1	22	21	42	16	+T
II	1873779	T	+A/+A	5	205	97.62%	2	2	40	40	0.98	1	1	2	3	102	103	+A
II	1877294	A	+T/+T	21	162	87.1%	2	2	40	39	0.98	1	1	10	11	86	76	+T
II	1941966	A	+T/+T	7	202	94.39%	2	2	40	40	0.98	1	1	3	4	116	86	+T
II	1941982	A	+T/+T	8	204	95.77%	2	2	40	39	0.98	1	1	4	4	120	84	+T
II	1948953	G	-A/-A	4	219	98.21%	2	2	40	39	0.98	1	1	3	1	111	108	-A
II	1950050	A	+G/+G	9	188	90.82%	2	2	45	39	0.98	1	1	5	4	101	87	+G
II	1955495	T	+A/+A	49	160	75.83%	2	2	40	39	0.98	1	1	34	15	80	80	+A
II	1960392	A	+G/+G	11	196	94.23%	2	2	40	40	0.98	1	1	7	4	106	90	+G
II	1987101	C	-G/-G	4	208	98.11%	2	2	40	40	0.98	1	1	2	2	95	113	-G
II	1987117	T	-G/-G	7	205	96.7%	2	2	35	39	0.98	1	1	5	2	92	113	-G
II	2023193	G	*/+TT	73	26	25.74%	2	2	38	35	0.98	1	1	43	30	19	7	+TT
II	2049891	A	-T/-T	6	193	96.98%	2	2	40	39	0.98	1	1	3	3	77	116	-T
II	2053516	G	+C/+C	4	196	96.55%	2	2	36	40	0.98	1	1	1	3	97	99	+C
II	2108180	T	+A/+A	9	195	95.59%	2	2	40	40	0.98	1	1	2	7	97	98	+A
II	2147726	G	+T/+T	6	197	96.57%	2	2	40	39	0.98	1	1	5	1	99	98	+T
II	2187407	G	+A/+A	3	214	97.72%	1	2	40	40	0.98	1	1	0	3	127	87	+A
II	2219928	A	+T/+T	7	220	96.92%	2	2	40	39	0.98	1	1	1	6	107	113	+T
II	2293297	G	-A/-A	16	200	92.59%	2	2	40	40	0.98	1	1	10	6	114	86	-A
II	2443873	T	*/+AA	39	29	34.12%	2	2	40	39	0.98	1	1	27	12	26	3	+AA
II	2592423	T	+A/+A	12	179	91.79%	2	2	36	39	0.98	1	1	8	4	96	83	+A
II	2619448	G	*/-TT	71	5	6.1%	2	2	38	36	0.98	1	1	50	21	4	1	-TT
II	2630607	C	*/+A	33	116	74.84%	2	2	39	38	0.98	1	1	21	12	52	64	+A
II	2640785	T	*/+A	51	77	57.46%	2	2	38	37	0.98	1	1	35	16	38	39	+A
II	2709414	G	+C/+C	8	209	94.14%	2	2	38	39	0.98	1	1	4	4	101	108	+C
II	2755338	C	-AT/-AT	36	169	82.44%	2	2	39	39	0.98	1	1	19	17	81	88	-AT
II	2788933	C	+G/+G	8	232	95.47%	2	2	38	39	0.98	1	1	4	4	117	115	+G
II	2798040	C	-T/-T	9	182	95.29%	2	2	40	39	0.98	1	1	4	5	91	91	-T
II	2798514	A	-G/-G	8	204	96.23%	2	2	40	39	0.98	1	1	3	5	113	91	-G
II	2811495	C	-A/-A	6	188	96.91%	2	2	40	39	0.98	1	1	2	4	112	76	-A
II	2938956	C	+T/+T	26	168	85.71%	2	2	39	39	0.98	1	1	11	15	80	88	+T
II	3040332	C	+G/+G	10	201	94.37%	2	2	40	39	0.98	1	1	2	8	87	114	+G
II	3058544	T	*/+G	121	17	11.89%	2	2	39	39	0.98	1	1	74	47	10	7	+G
II	3171788	G	*/+A	37	112	70%	2	2	39	38	0.98	1	1	17	20	72	40	+A
II	3253452	G	*/+T	150	9	5.66%	2	1	39	32	0.98	1	1	86	64	0	9	+T
II	3253453	C	*/+T	35	89	66.42%	2	2	38	37	0.98	1	1	17	18	68	21	+T
II	3619003	A	+G/+G	6	201	96.63%	2	2	40	40	0.98	1	1	3	3	97	104	+G
II	3799350	G	*/+A	42	104	68.87%	2	2	39	39	0.98	1	1	25	17	68	36	+A
II	3838101	C	-A/-A	24	189	88.73%	2	2	36	38	0.98	1	1	14	10	86	103	-A
II	3860185	C	-TAGTA/-TAGTA	40	164	79.23%	2	2	39	39	0.98	1	1	20	20	78	86	-TAGTA
II	4031460	A	*/+T	46	41	45.05%	2	2	38	39	0.98	1	1	22	24	39	2	+T
II	4107253	G	*/+TTT	74	26	25.24%	2	2	38	38	0.98	1	1	44	30	17	9	+TTT
II	4254960	G	-A/-A	5	198	97.06%	2	2	40	39	0.98	1	1	3	2	77	121	-A
II	4308414	C	+A/+A	29	146	82.49%	2	2	40	38	0.98	1	1	15	14	70	76	+A
II	4419921	T	*/+A	45	81	59.12%	2	2	40	37	0.98	1	1	31	14	46	35	+A
II	4513922	G	*/+GGCTGCTATAATCATTCCCAA	320	18	5.19%	2	2	39	38	0.98	1	1	143	177	9	9	+GGCTGCTATAATCATTCCCAA
II	4517047	T	*/+TACTCATC	264	85	21.36%	2	2	39	39	0.98	1	1	121	143	51	34	+TACTCATC
II	4521677	T	*/-AA	153	108	40.91%	2	2	39	39	0.98	1	1	90	63	57	51	-AA
II	4525340	G	*/+T	156	61	24.5%	2	2	37	37	0.98	1	1	114	42	51	10	+T
II	4526174	A	*/-T	164	17	9.39%	2	2	34	36	0.98	1	1	113	51	14	3	-T
II	4528465	C	*/+GACAAT	541	79	12.66%	2	2	39	40	0.98	1	1	256	285	31	48	+GACAAT
II	4528483	T	*/-GACAATGACAGA	495	115	18.85%	2	2	39	40	0.98	1	1	228	267	52	63	-GACAATGACAGA
II	4529375	T	*/+ACAACGACAACGACAACG	285	136	24.82%	2	2	39	39	0.98	1	1	150	135	70	66	+ACAACGACAACGACAACG
II	4529375	T	*/+ACAACGACAACGACAACGACAACG	285	106	19.34%	2	2	39	39	0.98	1	1	150	135	51	55	+ACAACGACAACGACAACG
II	4533588	C	*/-T	797	483	37.73%	2	2	39	40	0.98	1	1	396	401	272	211	-T
II	4534880	A	*/-T	1005	220	17.96%	2	2	39	39	0.98	1	1	533	472	109	111	-T
II	4535321	G	*/-GATAT	942	288	23.41%	2	2	39	40	0.98	1	1	459	483	142	146	-GATAT
II	4535523	T	*/+GTTACG	1035	180	14.77%	2	2	40	39	0.98	1	1	508	527	82	98	+GTTACG
II	4535548	A	*/-TATGTG	1016	183	15.24%	2	2	39	39	0.98	1	1	516	500	76	107	-TATGTG
II	4535645	G	*/-T	1042	216	17.09%	2	2	39	39	0.98	1	1	529	513	115	101	-T
II	4535727	A	*/-G	1012	294	22.51%	2	2	39	39	0.98	1	1	534	478	149	145	-G
II	4536089	C	*/+AAAAGAAAAGTAAATT	1279	123	8.69%	2	2	39	39	0.98	1	1	614	665	64	59	+AAAAGAAAAGTAAATT
II	4536728	A	*/+GAGAGTAGG	887	116	11.23%	2	2	39	39	0.98	1	1	302	585	42	74	+GAGAGTAGG
II	4537213	G	*/+T	487	694	58.52%	2	2	39	39	0.98	1	1	237	250	362	332	+T
II	4537387	A	*/-AATAAGAG	437	849	66.02%	2	2	39	39	0.98	1	1	201	236	415	434	-AATAAGAG
II	4537655	A	*/+AAATG	1024	173	14.16%	2	2	40	40	0.98	1	1	424	600	45	128	+AAATG
II	4537665	G	*/+AAATA	1047	125	10.51%	2	2	40	40	0.98	1	1	406	641	41	84	+AAATA
II	4537712	T	*/-AAATAAAATTAATG	881	116	11.63%	2	2	40	39	0.98	1	1	345	536	28	88	-AAATAAAATTAATG
II	4538312	A	*/-TAGGTATAGGTAGAATAAGTAGAGTAGAG	411	54	11.61%	2	2	39	39	0.98	1	1	202	209	38	16	-TAGGTATAGGTAGAATAAGTAGAGTAGAG
II	4539204	G	*/-ATAGGTAGAATAAGTAAAGCAGAATAGGTAGA	917	113	10.97%	2	2	39	39	0.98	1	1	496	421	55	58	-ATAGGTAGAATAAGTAAAGCAGAATAGGTAGA
III	1558	G	*/+A	2476	370	12.66%	2	2	39	40	0.98	1	1	1300	1176	185	185	+A
III	4952	C	*/+T	2902	278	8.65%	2	2	39	38	0.98	1	1	1656	1246	23	255	+T
III	9812	T	*/+A	3567	424	10.54%	2	2	39	39	0.98	1	1	1870	1697	25	399	+A
III	10094	A	*/-T	3836	247	6.05%	2	2	39	39	0.98	1	1	2016	1820	3	244	-T
III	12428	G	*/+A	2556	380	12.67%	2	2	39	39	0.98	1	1	1361	1195	188	192	+A
III	15822	C	*/+T	2809	290	9.32%	2	2	39	38	0.98	1	1	1646	1163	12	278	+T
III	20682	T	*/+A	3520	358	9.14%	2	2	39	39	0.98	1	1	1921	1599	27	331	+A
III	20964	A	*/-T	3902	283	6.76%	2	1	39	38	0.98	1	1	2110	1792	0	283	-T
III	23298	G	*/+A	2415	367	12.86%	2	2	39	39	0.98	1	1	1307	1108	171	196	+A
III	253907	A	*/+T	57	78	51.32%	2	2	38	36	0.98	1	1	30	27	48	30	+T
III	286478	C	-TT/-TT	22	146	85.88%	2	2	40	39	0.98	1	1	9	13	89	57	-TT
III	286594	T	*/+A	43	74	57.36%	2	2	38	36	0.98	1	1	29	14	33	41	+A
III	365747	C	-A/-A	23	135	84.38%	2	2	38	38	0.98	1	1	14	9	75	60	-A
III	717677	A	*/-T	50	126	70.39%	2	2	40	37	0.98	1	1	26	24	65	61	-T
III	719955	A	-C/-C	10	193	95.07%	2	2	40	39	0.98	1	1	5	5	89	104	-C
III	719973	C	-G/-G	2	78	97.5%	1	2	40	39	0.98	1	1	0	2	30	48	-G
III	720683	A	+T/+T	21	172	86.87%	2	2	36	39	0.98	1	1	4	17	93	79	+T
III	867865	C	-T/-T	22	219	90.5%	2	2	40	40	0.98	1	1	8	14	104	115	-T
III	1016311	G	+C/+C	6	190	95.96%	2	2	37	39	0.98	1	1	3	3	108	82	+C
III	1073505	T	*/+ATATAGAG	627	63	9.08%	2	2	40	40	0.98	1	1	505	122	58	5	+ATATAGAG
III	1075530	A	*/+TGGAAGTGGTAAG	567	38	6.24%	2	2	39	39	0.98	1	1	270	297	21	17	+TGGAAGTGGTAAG
III	1079346	A	*/+G	727	78	9.68%	2	2	39	40	0.98	1	1	504	223	66	12	+G
III	1080146	T	*/+ATATAGAG	1121	134	10.6%	2	2	39	40	0.98	1	1	499	622	46	88	+ATATAGAG
III	1082171	A	*/+TGGAAGTGGTAAG	585	34	5.48%	2	2	39	39	0.98	1	1	306	279	18	16	+TGGAAGTGGTAAG
III	1084026	A	*/+AGTGGTGATGGTT	245	23	8.58%	2	2	39	40	0.98	1	1	118	127	14	9	+AGTGGTGATGGTT
III	1087979	A	*/+G	328	32	8.89%	2	2	40	39	0.98	1	1	126	202	6	26	+G
III	1095549	T	*/-G	151	10	6.21%	2	1	38	35	0.98	1	1	101	50	0	10	-G
III	1095550	G	*/-T	84	44	33.08%	2	2	37	39	0.98	1	1	62	22	39	5	-T
III	1103423	T	*/-A	107	28	20.74%	2	2	37	37	0.98	1	1	72	35	17	11	-A
III	1110963	T	*/+C	370	23	5.84%	2	2	39	40	0.98	1	1	235	135	18	5	+C
III	1114914	T	*/+ACCACTAACCATC	168	22	11.58%	2	2	40	40	0.98	1	1	109	59	16	6	+ACCACTAACCATC
III	1117723	T	*/+C	320	24	6.98%	2	2	39	40	0.98	1	1	218	102	19	5	+C
III	1121674	T	*/+ACCACTAACCATC	186	24	11.37%	2	2	39	39	0.98	1	1	110	76	18	6	+ACCACTAACCATC
III	1124483	T	*/+C	319	33	9.38%	2	2	39	39	0.98	1	1	186	133	25	8	+C
III	1128434	T	*/+ACCACTAACCATC	208	24	10.34%	2	2	40	40	0.98	1	1	125	83	13	11	+ACCACTAACCATC
III	1135194	T	*/+ACCACTAACCATC	175	22	11.11%	2	2	39	40	0.98	1	1	110	65	15	7	+ACCACTAACCATC
III	1252505	G	*/+TT	39	8	14.81%	2	2	38	36	0.98	1	1	19	20	6	2	+TT
III	1395394	G	*/+T	83	7	6.54%	2	1	38	40	0.98	1	1	67	16	7	0	+T
III	1421567	T	*/+G	175	18	8.65%	2	2	39	39	0.98	1	1	79	96	8	10	+G
III	1575951	G	*/+T	60	48	42.11%	2	2	38	38	0.98	1	1	31	29	32	16	+T
III	1685487	G	+A/+A	12	220	94.02%	2	2	40	40	0.98	1	1	9	3	95	125	+A
III	1756400	T	-A/-A	1	205	99.51%	1	2	40	39	0.98	1	1	0	1	108	97	-A
III	1774235	T	+GATC/+GATC	17	201	92.2%	2	2	44	40	0.98	1	1	11	6	107	94	+GATC
III	1929127	A	*/-G	46	8	12.7%	2	2	34	34	0.98	1	1	40	6	7	1	-G
III	1929127	A	*/+G	46	5	7.94%	2	1	34	36	0.98	1	1	40	6	5	0	+G
III	2382018	A	*/-T	59	60	49.18%	2	2	39	36	0.98	1	1	28	31	37	23	-T
III	2443562	A	*/+T	1024	572	34.98%	2	2	39	38	0.98	1	1	524	500	129	443	+T
III	2448309	T	-AA/-AA	643	4263	86.21%	2	2	39	38	0.98	1	1	363	280	1773	2490	-AA
