Chrom	Position	Ref	Cons	Reads1	Reads2	VarFreq	Strands1	Strands2	Qual1	Qual2	Pvalue	MapQual1	MapQual2	Reads1Plus	Reads1Minus	Reads2Plus	Reads2Minus	VarAllele
chr_II_telomeric_gap	5210	G	*/+T	21	3	12.5%	2	1	45	61	0.98	1	1	15	6	0	3	+T
chr_II_telomeric_gap	6301	C	*/-AT	16	2	11.11%	2	2	43	49	0.98	1	1	6	10	1	1	-AT
chr_II_telomeric_gap	17641	T	*/+G	29	2	6.45%	2	2	49	37	0.98	1	1	13	16	1	1	+G
I	3160	A	*/+GTTGTCGTTGTCGTTGTC	50	9	12.33%	2	2	45	39	0.98	1	1	28	22	6	3	+GTTGTCGTTGTCGTTGTC
I	3160	A	*/+GTTGTCGTTGTCGTTGTCGTTGTC	50	14	19.18%	2	2	45	47	0.98	1	1	28	22	8	6	+GTTGTCGTTGTCGTTGTCGTTGTC
I	4047	C	*/-TGTCTCTGTCAT	69	4	5.48%	2	2	45	46	0.98	1	1	33	36	1	3	-TGTCTCTGTCAT
I	4053	C	*/+TGTCAT	57	12	17.39%	2	2	48	41	0.98	1	1	29	28	5	7	+TGTCAT
I	5677	G	*/-A	13	12	30.77%	1	2	35	42	0.98	1	1	13	0	10	2	-A
I	5677	G	*/-AA	13	7	17.95%	1	1	35	37	0.98	1	1	13	0	7	0	-A
I	5677	G	*/-AAA	13	3	7.69%	1	2	35	45	0.98	1	1	13	0	1	2	-A
I	5677	G	*/+A	13	2	5.13%	1	1	35	37	0.98	1	1	13	0	2	0	-A
I	6357	T	*/-A	37	5	8.93%	2	2	43	34	0.98	1	1	18	19	2	3	-A
I	6357	T	*/-AA	37	7	12.5%	2	2	43	49	0.98	1	1	18	19	5	2	-AA
I	6357	T	*/+A	37	3	5.36%	2	2	43	49	0.98	1	1	18	19	1	2	-AA
I	7192	C	*/-A	36	4	6.9%	2	2	40	36	0.98	1	1	28	8	3	1	A
I	7192	C	*/+A	36	10	17.24%	2	2	40	41	0.98	1	1	28	8	7	3	+A
I	7192	C	*/+AA	36	3	5.17%	2	2	40	37	0.98	1	1	28	8	2	1	+A
I	10859	G	*/-TT	8	8	50%	2	2	41	37	0.98	1	1	6	2	4	4	-TT
I	15734	C	*/-A	15	11	34.38%	2	2	40	35	0.98	1	1	12	3	7	4	-A
I	15734	C	*/+A	15	4	12.5%	2	1	40	55	0.98	1	1	12	3	0	4	-A
I	27402	A	*/-C	25	2	6.45%	2	1	35	31	0.98	1	1	2	23	0	2	-C
I	27402	A	*/+C	25	2	6.45%	2	1	35	37	0.98	1	1	2	23	0	2	-C
I	41770	C	*/-AT	37	2	5.13%	2	1	48	37	0.98	1	1	18	19	2	0	-AT
I	55244	T	*/-A	10	4	22.22%	2	2	36	46	0.98	1	1	9	1	3	1	-A
I	55244	T	*/-AAA	10	2	11.11%	2	1	36	55	0.98	1	1	9	1	2	0	-A
I	74490	C	*/-T	23	2	8%	2	2	46	55	0.98	1	1	12	11	1	1	-T
I	96956	C	*/-T	32	2	5.88%	2	1	55	61	0.98	1	1	14	18	0	2	-T
I	99922	C	*/-TAGACA	25	2	7.41%	2	1	48	37	0.98	1	1	10	15	0	2	-TAGACA
I	101871	A	+G/+G	0	25	96.15%	0	2	0	49	0.98	0	1	0	0	11	14	+G
I	112206	A	*/-T	31	2	6.06%	2	2	50	49	0.98	1	1	19	12	1	1	-T
I	176648	G	*/+T	32	2	5.88%	2	1	51	37	0.98	1	1	16	16	2	0	+T
I	206448	C	*/+T	6	2	25%	2	1	38	37	0.98	1	1	5	1	2	0	+T
I	216147	C	*/-T	14	3	14.29%	2	1	40	70	0.98	1	1	7	7	0	3	-T
I	216147	C	*/+T	14	2	9.52%	2	1	40	31	0.98	1	1	7	7	2	0	-T
I	232688	T	*/-A	4	2	25%	1	1	40	37	0.98	1	1	0	4	0	2	-A
I	301305	G	*/-T	19	2	9.09%	2	2	46	37	0.98	1	1	6	13	1	1	-T
I	315375	G	*/-T	17	2	10.53%	2	1	39	37	0.98	1	1	9	8	0	2	-T
I	366848	A	*/+G	29	2	6.45%	2	2	38	37	0.98	1	1	12	17	1	1	+G
I	381883	C	*/-A	6	2	25%	2	2	38	49	0.98	1	1	5	1	1	1	-A
I	414079	C	*/-T	12	4	22.22%	2	2	42	31	0.98	1	1	6	6	2	2	-T
I	414079	C	*/+T	12	2	11.11%	2	1	42	42	0.98	1	1	6	6	2	0	-T
I	421150	C	*/+A	22	2	8%	2	1	48	68	0.98	1	1	11	11	0	2	+A
I	440084	T	*/+A	4	3	42.86%	2	1	39	49	0.98	1	1	2	2	0	3	+A
I	441614	C	*/-T	11	5	23.81%	2	2	27	44	0.98	1	1	9	2	3	2	-T
I	441614	C	*/-TT	11	4	19.05%	2	2	27	30	0.98	1	1	9	2	3	1	-T
I	453369	G	*/+A	8	5	33.33%	2	1	43	37	0.98	1	1	7	1	5	0	+A
I	455981	A	*/+T	7	2	22.22%	2	1	51	37	0.98	1	1	5	2	2	0	+T
I	464017	C	*/-A	14	5	23.81%	2	2	47	51	0.98	1	1	10	4	1	4	-A
I	470378	A	-C/-C	0	15	100%	0	2	0	40	0.98	0	1	0	0	10	5	-C
I	470390	A	-C/-C	0	16	100%	0	2	0	48	0.98	0	1	0	0	10	6	-C
I	482737	A	+G/+G	2	24	92.31%	1	2	37	53	0.98	1	1	0	2	16	8	+G
I	486159	G	*/-A	28	2	5.88%	2	1	45	49	0.98	1	1	18	10	2	0	-A
I	486159	G	*/+A	28	4	11.76%	2	2	45	58	0.98	1	1	18	10	2	2	+A
I	521845	T	*/-A	22	3	11.11%	2	2	47	61	0.98	1	1	12	10	1	2	-A
I	528541	C	*/-A	17	3	12%	2	2	47	33	0.98	1	1	9	8	1	2	-A
I	528541	C	*/+A	17	4	16%	2	1	47	37	0.98	1	1	9	8	4	0	+A
I	554527	A	+T/+T	5	18	78.26%	2	2	51	32	0.98	1	1	2	3	9	9	+T
I	562745	A	*/+T	3	3	33.33%	1	2	45	66	0.98	1	1	3	0	2	1	+T
I	562745	A	*/+TTT	3	2	22.22%	1	2	45	74	0.98	1	1	3	0	1	1	+T
I	616898	C	*/+T	27	2	6.9%	2	1	48	49	0.98	1	1	19	8	0	2	+T
I	670032	C	+A/+A	0	50	100%	0	2	0	50	0.98	0	1	0	0	14	36	+A
I	682993	T	-C/-C	0	36	100%	0	2	0	51	0.98	0	1	0	0	14	22	-C
I	719597	G	*/-TA	42	3	6.52%	2	1	49	74	0.98	1	1	22	20	0	3	-TA
I	765477	A	*/+T	6	2	20%	2	2	43	49	0.98	1	1	1	5	1	1	+T
I	793917	A	*/-T	5	2	20%	1	1	36	37	0.98	1	1	5	0	2	0	-T
I	793917	A	*/-TTT	5	2	20%	1	1	36	31	0.98	1	1	5	0	2	0	-T
I	862962	C	+T/+T	0	8	100%	0	1	0	40	0.98	0	1	0	0	8	0	+T
I	932995	G	*/-A	23	2	8%	2	1	49	55	0.98	1	1	16	7	0	2	-A
I	934607	T	*/-A	29	2	6.06%	2	2	51	55	0.98	1	1	17	12	1	1	-A
I	934607	T	*/+A	29	2	6.06%	2	2	51	74	0.98	1	1	17	12	1	1	-A
I	934908	T	*/+AA	7	3	27.27%	2	2	37	57	0.98	1	1	6	1	1	2	+AA
I	954072	T	*/-A	12	3	17.65%	2	2	58	49	0.98	1	1	9	3	1	2	-A
I	954072	T	*/+A	12	2	11.76%	2	2	58	37	0.98	1	1	9	3	1	1	-A
I	960025	G	*/+T	6	3	27.27%	2	2	47	40	0.98	1	1	5	1	2	1	+T
I	965438	C	*/+A	3	4	57.14%	1	2	49	37	0.98	1	1	3	0	2	2	+A
I	997233	G	*/-T	8	2	16.67%	2	1	49	31	0.98	1	1	7	1	2	0	-T
I	997233	G	*/+T	8	2	16.67%	2	2	49	37	0.98	1	1	7	1	1	1	-T
I	1048635	G	*/+A	3	5	55.56%	2	2	45	42	0.98	1	1	2	1	3	2	+A
I	1079583	T	*/+AAAAAAA	2	2	40%	1	1	42	37	0.98	1	1	2	0	2	0	+AAAAAAA
I	1148104	A	*/+TT	2	2	50%	2	2	31	31	0.98	1	1	1	1	1	1	+TT
I	1149923	C	*/-A	11	2	14.29%	2	2	43	61	0.98	1	1	4	7	1	1	-A
I	1149938	G	*/+A	16	2	11.11%	2	1	42	25	0.98	1	1	3	13	0	2	+A
I	1152144	C	*/-T	30	2	6.06%	2	1	48	31	0.98	1	1	8	22	0	2	-T
I	1185797	G	*/-A	7	3	25%	2	2	36	40	0.98	1	1	4	3	2	1	-A
I	1193789	T	*/-A	11	2	15.38%	1	1	48	55	0.98	1	1	11	0	0	2	-A
I	1200526	C	*/+T	31	2	6.06%	2	2	50	49	0.98	1	1	18	13	1	1	+T
I	1254655	T	*/-A	10	6	30%	2	2	39	35	0.98	1	1	8	2	4	2	-A
I	1254655	T	*/+A	10	3	15%	2	2	39	36	0.98	1	1	8	2	1	2	-A
I	1274803	T	+A/+A	1	16	94.12%	1	2	37	48	0.98	1	1	0	1	7	9	+A
I	1290605	A	*/-T	15	3	15%	2	2	33	57	0.98	1	1	13	2	1	2	-T
I	1290605	A	*/+T	15	2	10%	2	2	33	49	0.98	1	1	13	2	1	1	-T
I	1358794	C	*/+A	3	5	55.56%	2	2	33	51	0.98	1	1	1	2	3	2	+A
I	1424708	C	-A/-A	0	15	100%	0	2	0	39	0.98	0	1	0	0	6	9	-A
I	1443340	A	*/-T	7	2	22.22%	2	2	51	55	0.98	1	1	2	5	1	1	-T
I	1454446	C	*/-A	16	3	13.64%	2	1	46	49	0.98	1	1	9	7	3	0	-A
I	1454446	C	*/+A	16	2	9.09%	2	2	46	42	0.98	1	1	9	7	1	1	-A
I	1478066	G	*/-AA	10	2	15.38%	2	1	41	55	0.98	1	1	8	2	2	0	-AA
I	1496317	C	*/-A	3	13	59.09%	1	2	61	46	0.98	1	1	0	3	6	7	-A
I	1496317	C	*/-AA	3	5	22.73%	1	2	61	36	0.98	1	1	0	3	1	4	-A
I	1509277	C	*/+T	5	12	66.67%	1	2	39	48	0.98	1	1	5	0	5	7	+T
I	1540386	T	*/-A	13	2	13.33%	2	1	45	36	0.98	1	1	5	8	0	2	-A
I	1541472	G	*/-T	14	6	25%	2	2	45	43	0.98	1	1	12	2	5	1	-T
I	1595056	C	*/+T	7	2	14.29%	2	1	33	31	0.98	1	1	6	1	0	2	+T
I	1598879	A	*/+T	33	3	8.33%	2	2	53	49	0.98	1	1	12	21	2	1	+T
I	1599291	T	*/-A	1	3	60%	1	1	37	33	0.98	1	1	1	0	0	3	-A
I	1621519	G	*/-T	16	2	11.11%	2	2	48	37	0.98	1	1	10	6	1	1	-T
I	1625092	T	+C/+C	1	20	95.24%	1	2	37	58	0.98	1	1	0	1	14	6	+C
I	1632002	G	*/+T	14	2	11.76%	2	1	49	74	0.98	1	1	6	8	2	0	+T
I	1665245	G	*/-A	4	3	42.86%	2	2	37	41	0.98	1	1	3	1	1	2	-A
I	1666841	G	*/+T	10	2	15.38%	2	2	53	37	0.98	1	1	7	3	1	1	+T
I	1771585	C	*/-A	23	3	10.71%	2	2	49	49	0.98	1	1	16	7	2	1	-A
I	1771585	C	*/+A	23	2	7.14%	2	2	49	55	0.98	1	1	16	7	1	1	-A
I	1777634	A	*/-T	3	4	50%	2	2	33	61	0.98	1	1	2	1	1	3	-T
I	1837916	G	*/-TTT	4	2	15.38%	2	1	37	37	0.98	1	1	2	2	2	0	-TTT
I	1849285	C	*/-T	30	6	13.64%	2	2	45	43	0.98	1	1	15	15	2	4	-T
I	1849285	C	*/+T	30	4	9.09%	2	2	45	48	0.98	1	1	15	15	1	3	-T
I	1868067	A	*/-T	17	2	10%	2	1	42	37	0.98	1	1	10	7	2	0	-T
I	1890183	A	*/-C	19	2	9.52%	2	2	44	37	0.98	1	1	11	8	1	1	-C
I	1890184	C	*/-A	14	2	11.76%	2	2	39	55	0.98	1	1	10	4	1	1	-A
I	1905214	C	*/-T	16	2	11.11%	2	1	43	55	0.98	1	1	4	12	0	2	-T
I	1936294	G	+A/+A	1	19	95%	1	2	37	48	0.98	1	1	0	1	7	12	+A
I	1952313	A	+T/+T	3	27	90%	2	2	37	50	0.98	1	1	2	1	19	8	+T
I	1954162	C	*/-AA	5	5	38.46%	1	2	46	51	0.98	1	1	5	0	4	1	-AA
I	1954162	C	*/-AAA	5	2	15.38%	1	2	46	37	0.98	1	1	5	0	1	1	-AA
I	1955853	T	*/+A	3	6	60%	2	2	49	44	0.98	1	1	2	1	4	2	+A
I	2016958	G	*/-T	21	3	12.5%	2	2	49	53	0.98	1	1	11	10	2	1	-T
I	2025000	C	*/+T	9	6	33.33%	2	2	35	36	0.98	1	1	6	3	3	3	+T
I	2041948	T	*/-A	10	2	11.76%	1	1	35	31	0.98	1	1	10	0	2	0	A
I	2041948	T	*/-AA	10	2	11.76%	1	1	35	49	0.98	1	1	10	0	0	2	A
I	2052488	A	*/-T	14	4	19.05%	2	2	49	52	0.98	1	1	11	3	2	2	-T
I	2052488	A	*/+T	14	2	9.52%	2	2	49	37	0.98	1	1	11	3	1	1	-T
I	2096013	T	*/-A	7	3	30%	2	2	38	61	0.98	1	1	5	2	1	2	-A
I	2122246	G	*/+A	18	2	10%	2	2	48	55	0.98	1	1	5	13	1	1	+A
I	2131514	G	*/+T	31	2	6.06%	2	2	46	31	0.98	1	1	21	10	1	1	+T
I	2154491	T	+A/+A	0	16	100%	0	2	0	43	0.98	0	1	0	0	5	11	+A
I	2174555	C	*/-A	7	2	16.67%	2	1	31	31	0.98	1	1	4	3	0	2	-A
I	2178948	C	*/-A	22	4	13.79%	2	2	42	34	0.98	1	1	19	3	3	1	-A
I	2178948	C	*/+A	22	2	6.9%	2	1	42	37	0.98	1	1	19	3	2	0	-A
I	2227870	C	*/-T	6	2	25%	2	2	49	37	0.98	1	1	1	5	1	1	-T
I	2227936	T	*/+AAA	1	3	50%	1	2	37	33	0.98	1	1	1	0	2	1	+AAA
I	2232167	C	*/-A	12	2	14.29%	2	2	45	31	0.98	1	1	5	7	1	1	-A
I	2245479	T	*/-C	20	4	13.79%	2	2	43	46	0.98	1	1	11	9	1	3	-C
I	2245479	T	*/+C	20	3	10.34%	2	2	43	37	0.98	1	1	11	9	2	1	-C
I	2250213	T	*/-A	11	2	15.38%	2	2	56	37	0.98	1	1	7	4	1	1	-A
I	2273201	T	*/-A	4	2	25%	2	1	43	49	0.98	1	1	3	1	0	2	-A
I	2288240	C	-G/-G	0	25	100%	0	2	0	52	0.98	0	1	0	0	12	13	-G
I	2292331	C	*/-T	12	2	13.33%	2	1	41	49	0.98	1	1	10	2	2	0	-T
I	2322636	C	*/-A	13	5	20%	1	1	37	37	0.98	1	1	13	0	5	0	-A
I	2322636	C	*/-AA	13	4	16%	1	2	37	39	0.98	1	1	13	0	3	1	-A
I	2325657	G	*/-T	18	2	9.52%	2	1	43	37	0.98	1	1	6	12	0	2	-T
I	2327021	C	*/-A	11	2	15.38%	2	1	37	55	0.98	1	1	4	7	0	2	-A
I	2343703	G	+A/+A	0	11	100%	0	2	0	35	0.98	0	1	0	0	2	9	+A
I	2401096	C	*/-A	14	2	11.76%	2	2	46	68	0.98	1	1	8	6	1	1	-A
I	2414998	C	*/-T	11	2	15.38%	2	2	54	37	0.98	1	1	5	6	1	1	-T
I	2416348	C	*/-T	10	2	16.67%	2	2	46	55	0.98	1	1	5	5	1	1	-T
I	2421576	A	-C/-C	0	19	100%	0	2	0	46	0.98	0	1	0	0	12	7	-C
I	2424539	G	*/-A	13	3	15.79%	2	1	40	36	0.98	1	1	11	2	3	0	-A
I	2424539	G	*/+A	13	2	10.53%	2	1	40	37	0.98	1	1	11	2	2	0	-A
I	2499149	A	-T/-T	2	28	93.33%	1	2	42	44	0.98	1	1	2	0	16	12	-T
I	2507462	T	+A/+A	0	17	100%	0	2	0	53	0.98	0	1	0	0	10	7	+A
I	2510060	T	+A/+A	2	13	86.67%	2	2	55	45	0.98	1	1	1	1	9	4	+A
I	2520612	G	*/-T	24	2	7.41%	2	2	54	37	0.98	1	1	13	11	1	1	-T
I	2525300	T	*/-A	13	3	15.79%	2	2	53	37	0.98	1	1	6	7	1	2	-A
I	2525300	T	*/+A	13	3	15.79%	2	2	53	49	0.98	1	1	6	7	2	1	-A
I	2525713	C	*/-T	16	3	12.5%	2	2	41	40	0.98	1	1	11	5	2	1	-T
I	2525713	C	*/+T	16	3	12.5%	2	2	41	45	0.98	1	1	11	5	2	1	-T
I	2578262	T	*/-A	21	5	19.23%	2	2	48	51	0.98	1	1	12	9	3	2	-A
I	2588021	C	*/+A	2	5	71.43%	1	2	31	36	0.98	1	1	0	2	4	1	+A
I	2588066	C	+A/+A	0	6	100%	0	1	0	36	0.98	0	1	0	0	6	0	+A
I	2594263	C	+T/+T	0	4	100%	0	2	0	37	0.98	0	1	0	0	3	1	+T
I	2594324	T	+A/+A	0	8	100%	0	2	0	50	0.98	0	1	0	0	5	3	+A
I	2594351	T	+A/+A	1	9	90%	1	2	37	61	0.98	1	1	1	0	6	3	+A
I	2594391	A	+T/+T	1	8	88.89%	1	2	37	55	0.98	1	1	0	1	5	3	+T
I	2605777	C	*/-A	24	2	7.41%	2	1	41	37	0.98	1	1	8	16	0	2	-A
I	2605860	G	-T/-T	6	23	79.31%	2	2	37	42	0.98	1	1	1	5	4	19	-T
I	2607669	A	+T/+T	1	29	96.67%	1	2	37	51	0.98	1	1	1	0	18	11	+T
I	2683902	T	-C/-C	0	22	100%	0	2	0	44	0.98	0	1	0	0	10	12	-C
I	2689254	A	*/+T	13	4	22.22%	2	2	45	46	0.98	1	1	6	7	2	2	+T
I	2747027	T	*/-A	12	5	27.78%	2	2	39	37	0.98	1	1	4	8	4	1	-A
I	2751236	T	-A/-A	2	21	80.77%	2	2	37	42	0.98	1	1	1	1	10	11	-A
I	2751236	T	*/-AA	2	3	11.54%	2	1	37	33	0.98	1	1	1	1	0	3	-A
I	2759871	T	+C/+C	0	7	100%	0	2	0	47	0.98	0	1	0	0	3	4	+C
I	2783131	C	*/+A	31	2	6.06%	2	1	46	55	0.98	1	1	8	23	0	2	+A
I	2812650	C	*/-T	13	2	11.11%	2	1	39	37	0.98	1	1	6	7	2	0	-T
I	2812650	C	*/+T	13	2	11.11%	2	2	39	37	0.98	1	1	6	7	1	1	-T
I	2845012	A	*/-T	27	2	6.9%	2	2	37	55	0.98	1	1	16	11	1	1	-T
I	2876870	C	*/-T	25	2	6.9%	2	1	46	37	0.98	1	1	9	16	0	2	-T
I	2876870	C	*/+T	25	2	6.9%	2	2	46	29	0.98	1	1	9	16	1	1	-T
I	2881073	G	*/+A	12	2	13.33%	2	1	43	37	0.98	1	1	9	3	2	0	+A
I	2897634	G	*/-TA	31	2	5.71%	2	1	42	55	0.98	1	1	19	12	0	2	-TA
I	2907177	C	*/+A	29	3	9.09%	2	1	46	49	0.98	1	1	12	17	0	3	+A
I	2958937	G	*/-A	20	2	8.7%	2	1	40	42	0.98	1	1	16	4	2	0	-A
I	2959752	A	*/+T	4	2	33.33%	2	2	39	37	0.98	1	1	3	1	1	1	+T
I	2960791	T	*/-A	13	3	16.67%	2	2	37	49	0.98	1	1	7	6	1	2	-A
I	2960791	T	*/+A	13	2	11.11%	2	2	37	55	0.98	1	1	7	6	1	1	-A
I	2963080	T	*/-A	15	3	16.67%	2	2	37	37	0.98	1	1	6	9	1	2	-A
I	3004503	C	*/+A	11	2	14.29%	2	1	47	55	0.98	1	1	5	6	0	2	+A
I	3010124	T	*/+A	16	2	11.11%	2	1	41	55	0.98	1	1	15	1	2	0	+A
I	3033347	C	*/-T	20	9	28.12%	2	2	51	56	0.98	1	1	11	9	6	3	-T
I	3033347	C	*/+T	20	3	9.38%	2	1	51	45	0.98	1	1	11	9	3	0	-T
I	3125118	A	+T/+T	0	11	100%	0	2	0	49	0.98	0	1	0	0	3	8	+T
I	3144699	T	*/-A	6	2	16.67%	2	1	45	37	0.98	1	1	4	2	2	0	-A
I	3144699	T	*/-AA	6	2	16.67%	2	1	45	49	0.98	1	1	4	2	2	0	-A
I	3159187	C	*/-CA	52	5	8.47%	2	2	51	47	0.98	1	1	21	31	2	3	-CA
I	3159994	C	*/-T	48	7	11.11%	2	2	44	36	0.98	1	1	29	19	5	2	-T
I	3159994	C	*/+T	48	7	11.11%	2	2	44	38	0.98	1	1	29	19	6	1	-T
I	3166776	G	*/+TT	5	5	15.62%	2	2	39	42	0.98	1	1	4	1	4	1	+TT
I	3166776	G	*/+TTT	5	20	62.5%	2	2	39	43	0.98	1	1	4	1	18	2	+TTT
I	3178304	G	*/+A	20	2	9.09%	2	2	49	55	0.98	1	1	7	13	1	1	+A
I	3178494	C	+T/+T	1	22	95.65%	1	2	37	46	0.98	1	1	1	0	11	11	+T
I	3184255	T	*/-A	10	4	19.05%	2	2	45	46	0.98	1	1	3	7	2	2	-A
I	3184255	T	*/-AA	10	3	14.29%	2	2	45	49	0.98	1	1	3	7	1	2	-A
I	3184255	T	*/+A	10	2	9.52%	2	1	45	37	0.98	1	1	3	7	0	2	-A
I	3184255	T	*/+AA	10	2	9.52%	2	2	45	42	0.98	1	1	3	7	1	1	-A
I	3197528	A	+G/+G	2	41	95.35%	2	2	55	49	0.98	1	1	1	1	12	29	+G
I	3299997	G	*/-A	25	2	6.9%	2	1	53	68	0.98	1	1	14	11	0	2	-A
I	3299997	G	*/+A	25	2	6.9%	2	2	53	42	0.98	1	1	14	11	1	1	-A
I	3303394	C	*/-AT	25	2	7.41%	2	1	49	55	0.98	1	1	14	11	2	0	-AT
I	3380404	C	*/-A	13	2	10.53%	2	1	46	37	0.98	1	1	11	2	2	0	-A
I	3380404	C	*/+A	13	2	10.53%	2	1	46	55	0.98	1	1	11	2	2	0	-A
I	3385666	C	*/-T	27	3	10%	2	2	49	49	0.98	1	1	8	19	1	2	-T
I	3404612	C	*/-T	3	2	33.33%	2	2	41	49	0.98	1	1	1	2	1	1	-T
I	3450130	G	-T/-T	1	19	95%	1	2	37	48	0.98	1	1	0	1	11	8	-T
I	3460318	T	+C/+C	1	17	94.44%	1	2	37	50	0.98	1	1	0	1	11	6	+C
I	3492992	T	*/-A	22	2	8.33%	2	1	51	37	0.98	1	1	7	15	2	0	-A
I	3538413	A	+T/+T	1	12	92.31%	1	2	37	44	0.98	1	1	0	1	6	6	+T
I	3538428	G	+T/+T	0	14	100%	0	2	0	41	0.98	0	1	0	0	5	9	+T
I	3538436	T	+A/+A	1	12	92.31%	1	2	37	42	0.98	1	1	1	0	4	8	+A
I	3538449	T	+TA/+TA	0	11	100%	0	2	0	43	0.98	0	1	0	0	4	7	+TA
I	3538456	A	+AT/+AT	0	11	100%	0	2	0	42	0.98	0	1	0	0	4	7	+AT
I	3576929	C	+T/+T	2	6	75%	2	2	33	43	0.98	1	1	1	1	2	4	+T
I	3580034	C	*/-T	4	2	15.38%	2	1	31	31	0.98	1	1	3	1	0	2	-T
I	3580034	C	*/+T	4	4	30.77%	2	1	31	33	0.98	1	1	3	1	4	0	+T
I	3580034	C	*/+TTT	4	2	15.38%	2	1	31	49	0.98	1	1	3	1	2	0	+T
I	3609896	T	*/-A	7	3	27.27%	2	1	45	37	0.98	1	1	4	3	3	0	-A
I	3634643	A	*/-T	3	2	33.33%	1	2	37	48	0.98	1	1	3	0	1	1	-T
I	3645189	G	*/+T	14	2	12.5%	2	1	44	55	0.98	1	1	4	10	0	2	+T
I	3649532	C	*/+T	20	2	9.09%	2	1	49	49	0.98	1	1	17	3	2	0	+T
I	3659473	G	*/+A	22	2	8%	2	2	45	49	0.98	1	1	16	6	1	1	+A
I	3659724	C	*/-T	21	6	18.75%	2	2	45	43	0.98	1	1	16	5	4	2	-T
I	3659724	C	*/+T	21	5	15.62%	2	1	45	56	0.98	1	1	16	5	5	0	-T
I	3665610	G	+C/+C	0	49	100%	0	2	0	48	0.98	0	1	0	0	22	27	+C
I	3700385	T	*/+A	1	3	30%	1	1	37	49	0.98	1	1	1	0	3	0	+A
I	3700385	T	*/+AA	1	3	30%	1	2	37	36	0.98	1	1	1	0	2	1	+A
I	3730369	A	+T/+T	1	11	91.67%	1	2	37	42	0.98	1	1	0	1	7	4	+T
I	3746876	C	*/-A	13	2	13.33%	2	1	44	55	0.98	1	1	10	3	2	0	-A
I	3748885	C	*/-T	7	2	22.22%	2	2	35	37	0.98	1	1	2	5	1	1	-T
I	3756354	A	*/-AT	6	2	25%	2	1	53	55	0.98	1	1	3	3	0	2	-AT
I	3765328	C	+T/+T	0	13	100%	0	1	0	41	0.98	0	1	0	0	13	0	+T
I	3765366	T	*/-A	10	3	23.08%	2	1	42	33	0.98	1	1	8	2	3	0	-A
I	3776888	C	*/+T	10	2	16.67%	2	1	37	31	0.98	1	1	6	4	2	0	+T
I	3776933	G	+A/+A	1	11	91.67%	1	2	25	37	0.98	1	1	1	0	2	9	+A
I	3787080	C	*/-CATATTCATGTT	18	15	45.45%	2	2	52	35	0.98	1	1	10	8	8	7	-CATATTCATGTT
I	3825510	G	*/-T	18	2	9.09%	2	1	47	37	0.98	1	1	12	6	2	0	-T
I	3825510	G	*/+T	18	2	9.09%	2	2	47	55	0.98	1	1	12	6	1	1	-T
I	3848002	C	*/-A	19	2	9.52%	2	2	41	55	0.98	1	1	7	12	1	1	-A
I	3850523	C	*/-T	18	3	12.5%	2	1	45	49	0.98	1	1	14	4	3	0	-T
I	3850523	C	*/+T	18	3	12.5%	2	2	45	29	0.98	1	1	14	4	2	1	-T
I	3855790	G	-T/-T	0	17	100%	0	2	0	46	0.98	0	1	0	0	11	6	-T
I	3878306	T	*/-A	9	2	16.67%	2	1	54	49	0.98	1	1	5	4	2	0	-A
I	3879465	T	*/-A	19	3	13.04%	2	2	48	49	0.98	1	1	8	11	1	2	-A
I	3887136	T	*/-A	14	2	12.5%	2	2	53	37	0.98	1	1	7	7	1	1	-A
I	3898005	C	*/-A	18	2	10%	2	2	53	74	0.98	1	1	10	8	1	1	-A
I	3898271	C	*/-A	28	2	6.67%	2	1	47	55	0.98	1	1	14	14	2	0	-A
I	3940025	G	+T/+T	1	23	95.83%	1	2	74	47	0.98	1	1	1	0	14	9	+T
I	3984736	A	*/-GGT	153	10	6.13%	2	2	46	48	0.98	1	1	47	106	1	9	-GGT
I	3992188	G	*/+A	6	2	22.22%	2	1	43	37	0.98	1	1	5	1	2	0	+A
I	3992212	A	*/-AC	15	2	11.76%	2	1	43	37	0.98	1	1	5	10	0	2	-AC
I	3992213	A	*/-C	9	4	28.57%	2	2	38	49	0.98	1	1	2	7	1	3	-C
I	4004016	G	*/-T	12	5	22.73%	2	2	48	34	0.98	1	1	8	4	2	3	-T
I	4004016	G	*/+T	12	3	13.64%	2	2	48	61	0.98	1	1	8	4	2	1	-T
I	4005819	C	*/-A	18	3	14.29%	2	1	45	57	0.98	1	1	11	7	3	0	-A
I	4010237	A	*/-GG	4	2	25%	2	1	46	37	0.98	1	1	3	1	2	0	-GG
I	4010506	G	*/+A	34	3	8.11%	2	2	54	37	0.98	1	1	17	17	1	2	+A
I	4055052	T	+A/+A	3	13	81.25%	2	2	45	41	0.98	1	1	1	2	9	4	+A
I	4098272	C	*/-T	16	3	15%	2	1	53	45	0.98	1	1	11	5	3	0	-T
I	4140001	G	*/+T	4	3	42.86%	2	1	37	32	0.98	1	1	1	3	0	3	+T
I	4153651	C	*/-T	14	3	15.79%	2	1	44	37	0.98	1	1	10	4	3	0	-T
I	4153651	C	*/+T	14	2	10.53%	2	1	44	74	0.98	1	1	10	4	0	2	-T
I	4177950	T	*/-A	16	2	11.11%	2	1	43	37	0.98	1	1	10	6	2	0	-A
I	4179641	C	*/+A	11	2	14.29%	2	1	35	37	0.98	1	1	7	4	2	0	+A
I	4239381	C	*/-T	18	2	10%	2	1	50	37	0.98	1	1	10	8	0	2	-T
I	4241118	G	*/-A	6	5	33.33%	2	2	37	49	0.98	1	1	3	3	4	1	-A
I	4241118	G	*/-AA	6	2	13.33%	2	1	37	37	0.98	1	1	3	3	2	0	-A
I	4241118	G	*/-AAA	6	2	13.33%	2	2	37	42	0.98	1	1	3	3	1	1	-A
I	4276890	G	*/+T	4	10	62.5%	2	2	46	35	0.98	1	1	3	1	5	5	+T
I	4282051	G	*/+C	11	2	15.38%	2	2	50	31	0.98	1	1	4	7	1	1	+C
I	4304169	G	+A/+A	0	7	100%	0	2	0	51	0.98	0	1	0	0	1	6	+A
I	4360508	C	*/-T	28	6	17.65%	2	2	45	47	0.98	1	1	11	17	3	3	-T
I	4374342	A	-G/-G	0	31	100%	0	2	0	49	0.98	0	1	0	0	18	13	-G
I	4407494	T	+G/+G	1	23	92%	1	2	74	48	0.98	1	1	1	0	10	13	+G
I	4410191	C	-G/-G	0	13	100%	0	2	0	44	0.98	0	1	0	0	7	6	-G
I	4414201	C	*/-T	1	2	40%	1	1	37	61	0.98	1	1	1	0	2	0	-T
I	4414201	C	*/-TT	1	2	40%	1	2	37	42	0.98	1	1	1	0	1	1	-T
I	4431856	G	+A/+A	2	41	95.35%	1	2	37	47	0.98	1	1	2	0	19	22	+A
I	4431868	C	+A/+A	1	38	97.44%	1	2	74	45	0.98	1	1	1	0	16	22	+A
I	4442621	A	*/-AT	28	10	25.64%	2	2	56	66	0.98	1	1	16	12	4	6	-AT
I	4455149	G	*/+A	1	4	66.67%	1	2	37	46	0.98	1	1	1	0	1	3	+A
I	4514478	T	*/-AA	9	2	15.38%	2	1	47	42	0.98	1	1	8	1	2	0	-AA
I	4524584	G	*/-T	12	2	14.29%	2	2	47	42	0.98	1	1	6	6	1	1	-T
I	4533252	C	*/-T	3	2	33.33%	2	2	37	62	0.98	1	1	1	2	1	1	-T
I	4604649	C	*/+T	10	2	16.67%	2	1	36	25	0.98	1	1	9	1	2	0	+T
I	4648144	T	*/-G	24	2	7.69%	2	1	45	37	0.98	1	1	21	3	0	2	-G
I	4648145	G	*/+TT	20	2	9.09%	2	1	48	37	0.98	1	1	19	1	2	0	+TT
I	4648159	T	*/-G	9	12	48%	2	2	42	50	0.98	1	1	6	3	9	3	-G
I	4648159	T	*/-GG	9	4	16%	2	2	42	46	0.98	1	1	6	3	3	1	-G
I	4721875	G	+A/+A	0	8	100%	0	2	0	44	0.98	0	1	0	0	4	4	+A
I	4760698	T	*/-A	16	3	15.79%	2	2	46	45	0.98	1	1	8	8	2	1	-A
I	4764252	T	*/+TAA	26	2	7.14%	2	1	43	55	0.98	1	1	13	13	0	2	+TAA
I	4764253	G	*/+A	9	7	31.82%	2	2	42	42	0.98	1	1	5	4	5	2	+A
I	4764253	G	*/+AA	9	2	9.09%	2	1	42	55	0.98	1	1	5	4	2	0	+A
I	4781861	G	*/+T	12	2	13.33%	2	2	54	55	0.98	1	1	8	4	1	1	+T
I	4849387	A	*/+T	19	2	9.09%	2	1	48	42	0.98	1	1	11	8	2	0	+T
I	4869203	C	*/+A	14	2	12.5%	2	1	50	74	0.98	1	1	3	11	0	2	+A
I	4916623	C	*/-A	6	5	31.25%	2	2	46	44	0.98	1	1	5	1	2	3	-A
I	4916623	C	*/-AA	6	2	12.5%	2	2	46	55	0.98	1	1	5	1	1	1	-A
I	4916623	C	*/+A	6	3	18.75%	2	2	46	33	0.98	1	1	5	1	1	2	+A
I	4926046	C	*/+T	2	3	42.86%	2	1	42	34	0.98	1	1	1	1	3	0	+T
I	4934297	C	*/-TA	24	2	7.69%	2	1	51	37	0.98	1	1	13	11	2	0	-TA
I	4984784	A	*/-TT	4	3	33.33%	2	2	34	53	0.98	1	1	3	1	2	1	-TT
I	5002717	C	*/-A	9	2	15.38%	2	2	41	74	0.98	1	1	4	5	1	1	-A
I	5002717	C	*/+A	9	2	15.38%	2	1	41	74	0.98	1	1	4	5	0	2	-A
I	5037093	C	*/+A	16	2	11.11%	2	2	42	55	0.98	1	1	6	10	1	1	+A
I	5039623	T	*/-A	14	3	16.67%	2	2	38	49	0.98	1	1	12	2	2	1	-A
I	5060109	A	*/-T	12	6	31.58%	2	2	43	47	0.98	1	1	5	7	3	3	-T
I	5078848	G	*/-A	11	3	17.65%	2	2	49	29	0.98	1	1	8	3	1	2	-A
I	5078848	G	*/+A	11	2	11.76%	2	1	49	37	0.98	1	1	8	3	2	0	-A
I	5142627	A	+G/+G	0	12	100%	0	2	0	46	0.98	0	1	0	0	2	10	+G
I	5148414	T	-A/-A	1	21	95.45%	1	2	37	50	0.98	1	1	0	1	8	13	-A
I	5159554	C	*/+T	18	4	17.39%	2	2	47	58	0.98	1	1	5	13	1	3	+T
I	5173087	C	+T/+T	2	15	88.24%	2	2	55	49	0.98	1	1	1	1	9	6	+T
I	5173430	G	*/+T	5	17	68%	2	2	41	43	0.98	1	1	3	2	9	8	+T
I	5173430	G	*/+TT	5	3	12%	2	2	41	33	0.98	1	1	3	2	1	2	+T
I	5176926	T	*/+A	4	4	40%	2	2	61	42	0.98	1	1	2	2	3	1	+A
I	5176926	T	*/+AA	4	2	20%	2	1	61	37	0.98	1	1	2	2	0	2	+A
I	5177760	A	*/-T	13	3	14.29%	1	2	42	45	0.98	1	1	13	0	1	2	-T
I	5177760	A	*/-TT	13	2	9.52%	1	2	42	55	0.98	1	1	13	0	1	1	-T
I	5177760	A	*/-TTT	13	2	9.52%	1	2	42	43	0.98	1	1	13	0	1	1	-T
I	5181376	A	*/+T	17	2	10.53%	2	1	42	68	0.98	1	1	13	4	2	0	+T
I	5181832	G	*/+T	9	2	18.18%	2	2	39	37	0.98	1	1	4	5	1	1	+T
I	5265702	C	*/+A	23	2	8%	2	2	38	37	0.98	1	1	18	5	1	1	+A
I	5266596	A	*/-T	15	4	17.39%	2	2	40	46	0.98	1	1	7	8	3	1	-T
I	5266596	A	*/+T	15	3	13.04%	2	2	40	33	0.98	1	1	7	8	2	1	-T
I	5321235	G	*/+A	25	2	7.41%	2	2	44	55	0.98	1	1	10	15	1	1	+A
I	5363995	C	*/-A	21	4	14.81%	2	2	57	64	0.98	1	1	6	15	3	1	-A
I	5363995	C	*/+A	21	2	7.41%	2	2	57	49	0.98	1	1	6	15	1	1	-A
I	5368262	T	-C/-C	4	55	93.22%	2	2	46	52	0.98	1	1	2	2	25	30	-C
I	5368273	G	+T/+T	2	52	91.23%	2	2	37	52	0.98	1	1	1	1	21	31	+T
I	5426622	C	+T/+T	3	11	78.57%	2	2	49	51	0.98	1	1	2	1	6	5	+T
I	5523144	C	*/+A	37	2	5%	2	1	41	37	0.98	1	1	13	24	0	2	+A
I	5559365	C	*/-T	3	3	50%	1	2	29	49	0.98	1	1	3	0	1	2	-T
I	5567937	C	*/-A	18	6	20%	2	1	40	33	0.98	1	1	14	4	6	0	-A
I	5567937	C	*/-AA	18	2	6.67%	2	2	40	49	0.98	1	1	14	4	1	1	-A
I	5567937	C	*/+A	18	4	13.33%	2	2	40	37	0.98	1	1	14	4	2	2	+A
I	5569124	G	*/+GGCTGCTATAATCATTCCCAA	54	3	5.26%	2	1	52	49	0.98	1	1	25	29	0	3	+GGCTGCTATAATCATTCCCAA
I	5571241	A	*/-C	16	2	11.11%	2	1	50	37	0.98	1	1	7	9	2	0	-C
I	5574071	G	*/-AT	46	3	6.12%	2	2	46	61	0.98	1	1	26	20	2	1	-AT
I	5576850	T	*/-AA	8	8	47.06%	2	2	50	37	0.98	1	1	6	2	6	2	-AA
II	7149	T	*/-A	21	2	7.41%	2	1	48	37	0.98	1	1	10	11	2	0	-A
II	7149	T	*/+A	21	4	14.81%	2	2	48	46	0.98	1	1	10	11	2	2	+A
II	15830	T	*/+A	3	2	40%	2	2	37	33	0.98	1	1	2	1	1	1	+A
II	21982	C	*/+AT	31	2	5.88%	2	1	46	55	0.98	1	1	13	18	2	0	+AT
II	23557	G	*/-A	3	2	28.57%	2	1	33	42	0.98	1	1	2	1	2	0	-A
II	35685	G	*/+A	19	2	9.52%	2	2	44	42	0.98	1	1	12	7	1	1	+A
II	46913	T	*/-A	9	3	18.75%	2	1	44	37	0.98	1	1	6	3	3	0	A
II	73586	C	*/-T	20	2	9.09%	2	2	37	37	0.98	1	1	9	11	1	1	-T
II	113240	T	*/-A	4	2	22.22%	2	1	40	42	0.98	1	1	1	3	2	0	-A
II	113240	T	*/-AA	4	3	33.33%	2	2	40	33	0.98	1	1	1	3	1	2	-AA
II	128001	T	-A/-A	1	11	91.67%	1	2	37	43	0.98	1	1	0	1	5	6	-A
II	131638	A	*/+T	9	2	16.67%	2	2	48	37	0.98	1	1	6	3	1	1	+T
II	146079	T	-C/-C	3	24	88.89%	2	2	37	45	0.98	1	1	1	2	13	11	-C
II	201022	A	*/-T	10	4	23.53%	2	1	49	46	0.98	1	1	3	7	0	4	-T
II	201022	A	*/+T	10	3	17.65%	2	1	49	37	0.98	1	1	3	7	3	0	-T
II	201311	A	*/-T	13	2	12.5%	2	1	42	37	0.98	1	1	9	4	2	0	-T
II	226847	C	*/-A	24	3	11.11%	2	2	42	37	0.98	1	1	3	21	1	2	-A
II	229897	A	*/-T	20	10	30.3%	2	2	43	44	0.98	1	1	11	9	9	1	-T
II	229897	A	*/-TT	20	2	6.06%	2	2	43	42	0.98	1	1	11	9	1	1	-T
II	243896	T	*/+A	9	2	18.18%	2	2	48	31	0.98	1	1	2	7	1	1	+A
II	320661	G	*/+A	23	3	11.54%	2	2	45	45	0.98	1	1	12	11	2	1	+A
II	365357	C	*/+T	6	2	22.22%	2	1	43	62	0.98	1	1	5	1	0	2	+T
II	383156	C	*/+T	21	3	11.54%	2	2	36	57	0.98	1	1	11	10	1	2	+T
II	410085	C	*/-T	8	2	13.33%	2	2	41	48	0.98	1	1	7	1	1	1	-T
II	410085	C	*/-TT	8	3	20%	2	2	41	29	0.98	1	1	7	1	1	2	-TT
II	410085	C	*/+T	8	2	13.33%	2	1	41	55	0.98	1	1	7	1	2	0	-TT
II	465486	C	*/-T	6	2	25%	2	1	36	43	0.98	1	1	5	1	2	0	-T
II	484534	A	*/+T	3	4	50%	2	1	49	43	0.98	1	1	1	2	0	4	+T
II	516071	T	*/-A	8	2	16.67%	2	1	41	37	0.98	1	1	4	4	2	0	-A
II	521731	G	*/-T	27	5	13.51%	2	2	42	44	0.98	1	1	19	8	4	1	-T
II	521731	G	*/+T	27	4	10.81%	2	2	42	40	0.98	1	1	19	8	2	2	-T
II	561064	T	*/-A	8	2	18.18%	2	2	46	55	0.98	1	1	5	3	1	1	-A
II	603279	A	-T/-T	0	7	100%	0	2	0	42	0.98	0	1	0	0	3	4	-T
II	603305	A	-C/-C	0	7	100%	0	2	0	45	0.98	0	1	0	0	1	6	-C
II	645098	C	*/-A	5	2	28.57%	1	1	39	37	0.98	1	1	5	0	2	0	-A
II	673086	G	*/+A	5	3	33.33%	2	1	42	37	0.98	1	1	4	1	3	0	+A
II	674090	T	*/-A	4	3	42.86%	2	1	39	45	0.98	1	1	2	2	3	0	-A
II	677175	G	*/-TA	33	10	22.22%	2	2	52	50	0.98	1	1	10	23	5	5	-TA
II	700009	T	-A/-A	3	11	78.57%	1	2	45	46	0.98	1	1	0	3	2	9	-A
II	716295	G	*/-T	11	3	18.75%	2	2	48	45	0.98	1	1	7	4	2	1	-T
II	753854	A	*/+T	5	2	20%	2	1	37	37	0.98	1	1	4	1	2	0	+T
II	753854	A	*/+TT	5	2	20%	2	1	37	37	0.98	1	1	4	1	2	0	+T
II	756993	C	*/-T	21	4	12.9%	2	2	54	31	0.98	1	1	11	10	3	1	-T
II	756993	C	*/+T	21	5	16.13%	2	2	54	46	0.98	1	1	11	10	4	1	+T
II	775752	A	*/-GC	38	2	5%	2	1	45	25	0.98	1	1	18	20	2	0	-GC
II	775760	T	*/+GC	36	2	5.26%	2	1	46	37	0.98	1	1	18	18	2	0	+GC
II	847457	G	*/-A	2	4	57.14%	1	1	25	37	0.98	1	1	2	0	4	0	-A
II	887151	C	*/+T	12	2	14.29%	2	2	36	55	0.98	1	1	5	7	1	1	+T
II	888199	C	*/+A	16	2	11.11%	2	2	44	74	0.98	1	1	8	8	1	1	+A
II	888599	A	-C/-C	0	24	100%	0	2	0	46	0.98	0	1	0	0	12	12	-C
II	889921	C	*/-T	12	3	15.79%	2	1	36	37	0.98	1	1	11	1	3	0	-T
II	889921	C	*/+T	12	3	15.79%	2	1	36	49	0.98	1	1	11	1	3	0	-T
II	890578	C	*/-T	15	2	11.76%	2	1	38	37	0.98	1	1	14	1	2	0	-T
II	903106	G	+T/+T	0	21	100%	0	2	0	44	0.98	0	1	0	0	10	11	+T
II	948303	T	*/-A	17	2	9.52%	2	1	40	55	0.98	1	1	12	5	2	0	-A
II	948303	T	*/+A	17	2	9.52%	2	1	40	55	0.98	1	1	12	5	2	0	-A
II	965517	C	*/-T	14	2	9.09%	2	1	40	37	0.98	1	1	10	4	2	0	-T
II	965517	C	*/+T	14	4	18.18%	2	2	40	37	0.98	1	1	10	4	3	1	+T
II	1019510	T	*/-A	5	10	58.82%	2	2	42	49	0.98	1	1	4	1	4	6	-A
II	1059118	T	*/-A	10	4	26.67%	2	2	33	46	0.98	1	1	2	8	1	3	-A
II	1069791	C	*/+A	20	3	13.04%	2	1	48	37	0.98	1	1	13	7	3	0	+A
II	1078264	T	*/-A	27	7	19.44%	2	2	46	40	0.98	1	1	14	13	5	2	-A
II	1078264	T	*/+A	27	2	5.56%	2	2	46	49	0.98	1	1	14	13	1	1	-A
II	1079843	T	+A/+A	0	8	88.89%	0	2	0	41	0.98	0	1	0	0	3	5	+A
II	1104941	G	*/-T	8	2	13.33%	1	1	37	37	0.98	1	1	8	0	2	0	-T
II	1122580	C	*/+T	41	3	6.52%	2	1	48	36	0.98	1	1	25	16	3	0	+T
II	1163154	A	-T/-T	0	16	100%	0	2	0	54	0.98	0	1	0	0	10	6	-T
II	1165618	G	*/-T	18	2	10%	2	2	45	37	0.98	1	1	8	10	1	1	-T
II	1187785	G	*/-T	16	3	15.79%	2	1	45	74	0.98	1	1	8	8	3	0	-T
II	1243365	G	*/+T	6	3	30%	2	2	49	49	0.98	1	1	1	5	1	2	+T
II	1266289	T	*/+A	3	2	33.33%	2	1	61	37	0.98	1	1	2	1	0	2	+A
II	1267043	G	*/-AC	65	4	5.8%	2	2	50	46	0.98	1	1	31	34	2	2	-AC
II	1308618	G	-T/-T	4	26	86.67%	2	2	55	45	0.98	1	1	2	2	17	9	-T
II	1312253	T	*/-C	5	2	28.57%	2	1	34	37	0.98	1	1	4	1	0	2	-C
II	1323266	A	*/-T	25	2	6.9%	2	2	47	55	0.98	1	1	14	11	1	1	-T
II	1323266	A	*/+T	25	2	6.9%	2	2	47	49	0.98	1	1	14	11	1	1	-T
II	1349040	A	*/-T	9	2	18.18%	2	2	36	55	0.98	1	1	7	2	1	1	-T
II	1365999	G	*/-T	14	7	30.43%	2	2	49	52	0.98	1	1	8	6	6	1	-T
II	1389139	C	*/+T	6	2	16.67%	2	1	43	25	0.98	1	1	4	2	2	0	+T
II	1389139	C	*/+TT	6	2	16.67%	2	1	43	37	0.98	1	1	4	2	2	0	+T
II	1467485	C	*/-T	8	5	35.71%	2	2	38	34	0.98	1	1	3	5	2	3	-T
II	1508313	C	*/-A	13	2	12.5%	2	1	46	37	0.98	1	1	6	7	0	2	-A
II	1545027	C	*/+A	4	2	28.57%	1	2	43	61	0.98	1	1	0	4	1	1	+A
II	1552815	A	*/-AG	19	2	9.52%	2	1	49	55	0.98	1	1	11	8	2	0	-AG
II	1554361	C	*/-T	18	2	10%	2	1	43	37	0.98	1	1	10	8	2	0	-T
II	1571445	G	*/-TA	20	3	12.5%	2	2	43	45	0.98	1	1	4	16	2	1	-TA
II	1600451	G	*/+TA	37	2	5.13%	2	2	51	37	0.98	1	1	23	14	1	1	+TA
II	1610504	A	*/+G	55	4	6.78%	2	1	52	46	0.98	1	1	35	20	4	0	+G
II	1618418	C	*/+A	38	3	7.14%	2	1	46	49	0.98	1	1	25	13	3	0	+A
II	1627981	C	*/-T	6	4	40%	2	2	41	43	0.98	1	1	2	4	2	2	-T
II	1634728	G	*/-TA	26	5	16.13%	2	2	41	44	0.98	1	1	14	12	2	3	-TA
II	1678205	T	-A/-A	1	8	88.89%	1	2	37	44	0.98	1	1	1	0	5	3	-A
II	1700176	T	*/-A	6	3	33.33%	2	2	47	37	0.98	1	1	4	2	2	1	-A
II	1716287	T	*/-G	11	7	38.89%	2	2	43	47	0.98	1	1	4	7	1	6	-G
II	1748382	G	*/+A	8	2	20%	2	2	55	31	0.98	1	1	4	4	1	1	+A
II	1748646	G	*/-A	3	2	22.22%	1	1	24	37	0.98	1	1	3	0	2	0	-A
II	1748646	G	*/-AA	3	2	22.22%	1	1	24	42	0.98	1	1	3	0	2	0	-A
II	1748646	G	*/-AAAA	3	2	22.22%	1	2	24	29	0.98	1	1	3	0	1	1	-A
II	1751287	C	*/-GA	20	2	9.09%	2	1	40	37	0.98	1	1	14	6	2	0	-GA
II	1763200	A	*/+T	36	2	5.26%	2	2	52	74	0.98	1	1	11	25	1	1	+T
II	1818108	C	*/-T	16	6	22.22%	2	2	45	39	0.98	1	1	11	5	3	3	-T
II	1818108	C	*/-TT	16	2	7.41%	2	2	45	36	0.98	1	1	11	5	1	1	-T
II	1818108	C	*/+T	16	3	11.11%	2	1	45	49	0.98	1	1	11	5	0	3	+T
II	1861420	T	-G/-G	0	28	100%	0	2	0	49	0.98	0	1	0	0	14	14	-G
II	1867795	A	+T/+T	0	8	100%	0	2	0	50	0.98	0	1	0	0	4	4	+T
II	1868122	G	*/+T	5	6	42.86%	1	1	39	37	0.98	1	1	5	0	6	0	+T
II	1873779	T	+A/+A	1	19	95%	1	2	37	39	0.98	1	1	0	1	7	12	+A
II	1877294	A	+T/+T	1	16	84.21%	1	2	37	50	0.98	1	1	1	0	15	1	+T
II	1877294	A	*/+TT	1	2	10.53%	1	1	37	42	0.98	1	1	1	0	2	0	+T
II	1941575	G	*/-T	6	2	25%	2	2	37	55	0.98	1	1	1	5	1	1	-T
II	1941697	A	*/-T	9	2	16.67%	2	2	35	55	0.98	1	1	6	3	1	1	-T
II	1941966	A	+T/+T	0	30	100%	0	2	0	51	0.98	0	1	0	0	15	15	+T
II	1941982	A	+T/+T	0	31	100%	0	2	0	47	0.98	0	1	0	0	14	17	+T
II	1948953	G	-A/-A	2	27	93.1%	1	2	37	46	0.98	1	1	0	2	14	13	-A
II	1950050	A	+G/+G	1	38	97.44%	1	2	74	50	0.98	1	1	1	0	15	23	+G
II	1953298	C	*/-CT	22	2	8.33%	2	2	43	30	0.98	1	1	4	18	1	1	-CT
II	1953407	T	*/-C	15	2	10.53%	2	2	36	55	0.98	1	1	4	11	1	1	-C
II	1953407	T	*/+C	15	2	10.53%	2	1	36	31	0.98	1	1	4	11	0	2	-C
II	1955495	T	+A/+A	1	14	82.35%	1	2	37	46	0.98	1	1	0	1	9	5	+A
II	1960392	A	+G/+G	0	11	100%	0	2	0	50	0.98	0	1	0	0	2	9	+G
II	1961870	G	*/+A	14	2	12.5%	2	1	44	55	0.98	1	1	10	4	2	0	+A
II	1987101	C	-G/-G	2	27	93.1%	1	2	55	47	0.98	1	1	0	2	15	12	-G
II	1987117	T	-G/-G	0	24	100%	0	2	0	42	0.98	0	1	0	0	16	8	-G
II	2023193	G	*/+TT	1	2	50%	1	1	37	37	0.98	1	1	1	0	2	0	+TT
II	2049891	A	-T/-T	0	30	100%	0	2	0	49	0.98	0	1	0	0	17	13	-T
II	2053516	G	+C/+C	0	24	100%	0	2	0	45	0.98	0	1	0	0	6	18	+C
II	2108180	T	+A/+A	0	15	93.75%	0	2	0	44	0.98	0	1	0	0	8	7	+A
II	2125716	A	*/+T	24	2	7.69%	2	2	39	49	0.98	1	1	9	15	1	1	+T
II	2147726	G	+T/+T	2	18	90%	2	2	55	48	0.98	1	1	1	1	10	8	+T
II	2187407	G	+A/+A	0	15	100%	0	2	0	47	0.98	0	1	0	0	5	10	+A
II	2203072	C	*/-A	21	5	19.23%	2	2	43	51	0.98	1	1	10	11	4	1	-A
II	2203175	T	*/-A	19	4	16%	2	2	41	46	0.98	1	1	10	9	2	2	-A
II	2209818	A	*/-T	22	3	11.54%	2	1	46	53	0.98	1	1	13	9	3	0	-T
II	2219928	A	+T/+T	1	18	85.71%	1	2	74	40	0.98	1	1	0	1	10	8	+T
II	2265464	T	*/-TA	19	2	9.09%	2	1	50	37	0.98	1	1	6	13	0	2	-TA
II	2293297	G	-A/-A	1	14	93.33%	1	2	37	45	0.98	1	1	0	1	7	7	-A
II	2327013	C	*/+T	36	4	9.76%	2	2	47	43	0.98	1	1	18	18	2	2	+T
II	2327057	G	*/-TA	34	2	5.56%	2	1	40	37	0.98	1	1	17	17	0	2	-TA
II	2384381	G	*/-T	12	2	14.29%	2	1	43	55	0.98	1	1	7	5	2	0	-T
II	2443873	T	*/-A	7	2	12.5%	1	1	40	43	0.98	1	1	7	0	2	0	-A
II	2443873	T	*/+A	7	3	18.75%	1	2	40	45	0.98	1	1	7	0	1	2	+A
II	2443873	T	*/+AAA	7	2	12.5%	1	1	40	36	0.98	1	1	7	0	2	0	+A
II	2473423	C	*/-T	11	2	15.38%	2	1	44	49	0.98	1	1	7	4	2	0	-T
II	2504242	C	*/-A	10	2	16.67%	2	1	44	37	0.98	1	1	3	7	0	2	-A
II	2523624	C	*/-A	4	2	20%	1	1	37	48	0.98	1	1	4	0	2	0	-A
II	2523624	C	*/+A	4	2	20%	1	1	37	48	0.98	1	1	4	0	0	2	-A
II	2527996	C	*/+T	3	3	42.86%	1	2	37	33	0.98	1	1	3	0	2	1	+T
II	2528625	T	*/-TA	27	2	6.9%	2	2	48	37	0.98	1	1	12	15	1	1	-TA
II	2532932	A	*/+T	27	2	6.9%	2	2	44	55	0.98	1	1	6	21	1	1	+T
II	2552673	G	*/-TT	5	2	25%	2	2	38	55	0.98	1	1	3	2	1	1	-TT
II	2591913	T	*/-A	9	2	15.38%	2	1	42	37	0.98	1	1	5	4	2	0	-A
II	2591913	T	*/+A	9	2	15.38%	2	2	42	55	0.98	1	1	5	4	1	1	-A
II	2592423	T	+A/+A	2	22	91.67%	1	2	33	48	0.98	1	1	2	0	12	10	+A
II	2612668	A	*/+T	15	3	15.79%	2	1	42	49	0.98	1	1	6	9	0	3	+T
II	2626677	C	*/+A	19	2	9.52%	2	2	44	37	0.98	1	1	10	9	1	1	+A
II	2630607	C	*/+A	4	11	61.11%	2	2	35	44	0.98	1	1	2	2	3	8	+A
II	2630878	C	*/-AT	12	2	13.33%	2	1	43	37	0.98	1	1	5	7	0	2	-AT
II	2640785	T	*/+A	12	19	46.34%	2	2	41	47	0.98	1	1	7	5	6	13	+A
II	2640785	T	*/+AA	12	5	12.2%	2	2	41	42	0.98	1	1	7	5	3	2	+A
II	2647497	C	*/-T	8	2	18.18%	2	2	43	31	0.98	1	1	6	2	1	1	-T
II	2686473	G	*/-A	27	3	9.68%	2	2	43	49	0.98	1	1	15	12	1	2	-A
II	2702173	G	*/-TA	25	2	7.41%	2	1	57	74	0.98	1	1	9	16	0	2	-TA
II	2709414	G	+C/+C	4	25	86.21%	2	2	55	46	0.98	1	1	2	2	14	11	+C
II	2755338	C	*/-AT	11	6	28.57%	2	2	52	49	0.98	1	1	3	8	3	3	-AT
II	2755338	C	*/-ATAT	11	4	19.05%	2	2	52	34	0.98	1	1	3	8	2	2	-AT
II	2788933	C	+G/+G	0	30	100%	0	2	0	46	0.98	0	1	0	0	24	6	+G
II	2798040	C	-T/-T	2	25	92.59%	1	2	55	49	0.98	1	1	2	0	12	13	-T
II	2798514	A	-G/-G	0	15	100%	0	2	0	46	0.98	0	1	0	0	5	10	-G
II	2811495	C	-A/-A	0	20	100%	0	2	0	49	0.98	0	1	0	0	5	15	-A
II	2825193	A	*/-T	14	5	26.32%	2	2	41	44	0.98	1	1	5	9	3	2	-T
II	2826100	G	*/-A	14	4	21.05%	2	2	36	49	0.98	1	1	8	6	1	3	-A
II	2894538	T	*/-A	14	2	11.11%	2	2	39	42	0.98	1	1	9	5	1	1	-A
II	2900889	A	*/-T	10	8	40%	2	2	49	41	0.98	1	1	7	3	6	2	-T
II	2900889	A	*/-TT	10	2	10%	2	1	49	37	0.98	1	1	7	3	2	0	-T
II	2938956	C	+T/+T	1	8	80%	1	2	37	49	0.98	1	1	0	1	2	6	+T
II	2941587	T	*/+A	12	2	14.29%	2	1	50	37	0.98	1	1	9	3	2	0	+A
II	2988149	G	*/+T	13	2	12.5%	2	1	44	42	0.98	1	1	8	5	2	0	+T
II	3008432	C	*/-A	16	2	11.11%	2	1	43	55	0.98	1	1	6	10	0	2	-A
II	3010975	G	*/+T	26	3	10%	2	2	47	37	0.98	1	1	13	13	1	2	+T
II	3028585	C	*/-AT	11	2	15.38%	2	2	49	37	0.98	1	1	4	7	1	1	-AT
II	3040332	C	+G/+G	1	29	96.67%	1	2	74	50	0.98	1	1	0	1	17	12	+G
II	3058544	T	*/-G	6	3	30%	1	1	33	37	0.98	1	1	6	0	3	0	-G
II	3154052	G	*/-T	15	3	15.79%	2	2	47	53	0.98	1	1	10	5	2	1	-T
II	3171788	G	*/-A	6	3	21.43%	2	1	38	44	0.98	1	1	5	1	3	0	-A
II	3171788	G	*/+A	6	2	14.29%	2	2	38	42	0.98	1	1	5	1	1	1	-A
II	3175926	C	*/-T	2	3	60%	1	2	33	36	0.98	1	1	2	0	2	1	-T
II	3253453	C	*/+T	3	3	42.86%	2	1	45	28	0.98	1	1	2	1	0	3	+T
II	3282373	T	*/-A	10	3	20%	2	1	45	40	0.98	1	1	8	2	3	0	-A
II	3282373	T	*/+A	10	2	13.33%	2	2	45	49	0.98	1	1	8	2	1	1	-A
II	3337349	T	*/-A	13	2	12.5%	2	2	44	68	0.98	1	1	8	5	1	1	-A
II	3380128	C	*/-T	8	4	33.33%	2	1	38	34	0.98	1	1	7	1	4	0	-T
II	3410437	G	*/-T	5	2	20%	2	1	34	31	0.98	1	1	3	2	0	2	-T
II	3410437	G	*/-TT	5	2	20%	2	2	34	37	0.98	1	1	3	2	1	1	-T
II	3422108	T	*/-A	3	2	40%	2	1	33	55	0.98	1	1	2	1	0	2	-A
II	3486537	G	*/-A	27	2	6.9%	2	2	47	37	0.98	1	1	5	22	1	1	-A
II	3509251	T	*/-A	7	6	42.86%	2	2	45	43	0.98	1	1	3	4	4	2	-A
II	3513854	C	*/-T	19	2	9.52%	2	1	54	68	0.98	1	1	7	12	0	2	-T
II	3514786	C	*/-T	12	2	12.5%	2	2	36	49	0.98	1	1	7	5	1	1	-T
II	3540057	A	*/-T	14	5	25%	2	2	51	37	0.98	1	1	8	6	4	1	-T
II	3574362	C	*/-A	26	3	10.34%	2	1	48	37	0.98	1	1	16	10	0	3	-A
II	3619003	A	+G/+G	2	29	90.62%	2	2	55	46	0.98	1	1	1	1	18	11	+G
II	3621704	A	*/-T	14	3	16.67%	2	2	49	45	0.98	1	1	8	6	2	1	-T
II	3762367	C	*/+A	14	3	16.67%	2	2	49	49	0.98	1	1	10	4	2	1	+A
II	3799350	G	*/+A	1	2	28.57%	1	2	37	48	0.98	1	1	1	0	1	1	A
II	3838101	C	*/-A	3	3	50%	1	2	49	45	0.98	1	1	3	0	2	1	-A
II	3838912	T	*/-A	10	3	20%	2	2	43	37	0.98	1	1	3	7	2	1	-A
II	3856896	A	*/-T	17	2	8%	2	2	37	37	0.98	1	1	12	5	1	1	-T
II	3856896	A	*/-TT	17	3	12%	2	1	37	37	0.98	1	1	12	5	0	3	-TT
II	3856896	A	*/-TTT	17	2	8%	2	2	37	43	0.98	1	1	12	5	1	1	-TT
II	3860185	C	*/-TAGTA	23	14	35%	2	2	51	41	0.98	1	1	9	14	12	2	-TAGTA
II	3861161	C	*/-T	12	3	17.65%	2	2	39	53	0.98	1	1	7	5	2	1	-T
II	3861161	C	*/+T	12	2	11.76%	2	1	39	43	0.98	1	1	7	5	2	0	-T
II	3869342	A	*/-AT	17	2	10.53%	2	1	54	37	0.98	1	1	8	9	0	2	-AT
II	3904627	A	*/-G	28	2	6.67%	2	2	48	37	0.98	1	1	12	16	1	1	-G
II	3954039	C	*/-T	16	8	27.59%	2	2	38	49	0.98	1	1	12	4	4	4	-T
II	3954039	C	*/+T	16	5	17.24%	2	2	38	48	0.98	1	1	12	4	2	3	-T
II	3974259	T	*/-A	10	2	16.67%	2	1	42	55	0.98	1	1	6	4	2	0	-A
II	3975235	C	*/-A	14	9	31.03%	2	2	39	47	0.98	1	1	10	4	5	4	-A
II	3975235	C	*/-AA	14	2	6.9%	2	1	39	37	0.98	1	1	10	4	2	0	-A
II	3975235	C	*/+A	14	2	6.9%	2	1	39	55	0.98	1	1	10	4	2	0	-A
II	3980468	C	*/+T	16	2	10.53%	2	1	39	37	0.98	1	1	14	2	2	0	+T
II	4006982	C	*/-A	5	6	50%	2	2	56	35	0.98	1	1	4	1	4	2	-A
II	4061096	C	*/-T	14	2	12.5%	2	2	47	37	0.98	1	1	6	8	1	1	-T
II	4065105	T	*/-A	30	2	6.25%	2	1	45	37	0.98	1	1	16	14	0	2	-A
II	4100280	C	*/-A	21	2	8.7%	2	2	52	74	0.98	1	1	10	11	1	1	-A
II	4108188	C	*/+CTTGTCCTGT	28	3	9.68%	2	2	51	57	0.98	1	1	12	16	1	2	+CTTGTCCTGT
II	4108814	G	*/-TA	43	5	10.42%	2	1	39	42	0.98	1	1	18	25	5	0	-TA
II	4249637	A	*/-AT	15	2	11.76%	2	1	55	37	0.98	1	1	7	8	0	2	-AT
II	4254960	G	-A/-A	0	14	100%	0	2	0	66	0.98	0	1	0	0	7	7	-A
II	4308414	C	*/+A	5	9	56.25%	2	2	51	52	0.98	1	1	3	2	5	4	+A
II	4315564	C	*/+T	21	2	8.33%	2	2	48	74	0.98	1	1	12	9	1	1	+T
II	4343817	T	*/-A	7	2	22.22%	1	2	37	37	0.98	1	1	7	0	1	1	-A
II	4344813	T	*/-TTC	20	2	9.09%	2	2	46	31	0.98	1	1	10	10	1	1	-TTC
II	4419921	T	+A/+A	2	6	75%	2	2	37	45	0.98	1	1	1	1	4	2	+A
II	4453874	C	*/+A	14	3	16.67%	2	2	47	53	0.98	1	1	7	7	2	1	+A
II	4462508	C	*/+A	7	2	22.22%	2	1	38	31	0.98	1	1	4	3	0	2	+A
II	4502695	C	*/-T	8	2	20%	2	1	46	37	0.98	1	1	5	3	0	2	-T
II	4505641	C	*/-A	21	3	11.54%	2	1	45	61	0.98	1	1	8	13	3	0	-A
II	4515621	C	*/+A	7	2	18.18%	2	1	39	55	0.98	1	1	5	2	2	0	A
II	4517047	T	*/+TACTCATC	97	20	16.95%	2	2	47	48	0.98	1	1	62	35	14	6	+TACTCATC
II	4521677	T	*/-AA	5	6	50%	1	2	44	43	0.98	1	1	5	0	5	1	-AA
II	4525340	G	*/-T	43	7	9.72%	2	2	39	35	0.98	1	1	24	19	2	5	-T
II	4525340	G	*/+T	43	18	25%	2	2	39	44	0.98	1	1	24	19	8	10	+T
II	4526174	A	*/-T	25	10	26.32%	2	2	44	43	0.98	1	1	17	8	4	6	-T
II	4526174	A	*/-TT	25	3	7.89%	2	2	44	49	0.98	1	1	17	8	1	2	-T
II	4526843	C	*/-T	8	4	18.18%	2	2	36	36	0.98	1	1	7	1	2	2	-T
II	4526843	C	*/-TT	8	2	9.09%	2	1	36	31	0.98	1	1	7	1	0	2	-T
II	4526843	C	*/-TTT	8	4	18.18%	2	2	36	49	0.98	1	1	7	1	3	1	-TTT
II	4528465	C	*/+GACAAT	69	8	10.39%	2	2	49	43	0.98	1	1	34	35	2	6	+GACAAT
II	4528483	T	*/-GACAATGACAGA	75	4	5.06%	2	2	48	46	0.98	1	1	33	42	3	1	-GACAATGACAGA
II	4529375	T	*/+ACAACGACAACGACAACG	55	8	10.67%	2	2	49	47	0.98	1	1	32	23	4	4	+ACAACGACAACGACAACG
II	4529375	T	*/+ACAACGACAACGACAACGACAACG	55	10	13.33%	2	2	49	40	0.98	1	1	32	23	8	2	+ACAACGACAACGACAACGACAACG
II	4530572	G	*/-A	48	3	5.88%	2	1	47	37	0.98	1	1	16	32	0	3	-A
II	4533588	C	*/-T	42	19	31.15%	2	2	43	43	0.98	1	1	24	18	8	11	-T
II	4534880	A	*/-T	96	28	22.58%	2	2	47	45	0.98	1	1	47	49	12	16	-T
II	4535523	T	*/+GTTACG	218	48	17.98%	2	2	47	48	0.98	1	1	60	158	15	33	+GTTACG
II	4535548	A	*/-TATGTG	207	43	17.2%	2	2	48	49	0.98	1	1	69	138	19	24	-TATGTG
II	4535645	G	*/-T	145	44	22.92%	2	2	55	52	0.98	1	1	80	65	24	20	-T
II	4536728	A	*/+GAGAGTAGG	196	23	9.91%	2	2	50	51	0.98	1	1	90	106	9	14	+GAGAGTAGG
II	4537213	G	*/+T	143	127	46.86%	2	2	54	51	0.98	1	1	77	66	74	53	+T
II	4537387	A	*/-AATAAGAG	75	111	59.68%	2	2	49	47	0.98	1	1	35	40	62	49	-AATAAGAG
II	4537665	G	*/+AAATA	46	7	12.96%	2	2	44	42	0.98	1	1	27	19	3	4	+AAATA
II	4537712	T	*/-AAATAAAATTAATG	25	7	21.88%	2	2	41	40	0.98	1	1	16	9	3	4	-AAATAAAATTAATG
III	1558	G	*/-A	56	8	10.96%	2	2	42	49	0.98	1	1	25	31	3	5	-A
III	4729	A	*/-T	283	89	20.7%	2	2	47	48	0.98	1	1	178	105	38	51	-T
III	4729	A	*/+T	283	29	6.74%	2	2	47	46	0.98	1	1	178	105	15	14	-T
III	4952	C	*/+T	237	58	19.21%	2	2	42	51	0.98	1	1	140	97	23	35	+T
III	5256	C	*/-GT	441	26	5.54%	2	2	45	45	0.98	1	1	244	197	16	10	-GT
III	5403	C	*/-T	398	118	19.87%	2	2	44	45	0.98	1	1	279	119	54	64	-T
III	5403	C	*/-TT	398	38	6.4%	2	2	44	40	0.98	1	1	279	119	26	12	-T
III	9812	T	*/+A	108	18	14.29%	2	1	47	38	0.98	1	1	34	74	0	18	+A
III	12428	G	*/-A	58	7	9.33%	2	2	40	52	0.98	1	1	32	26	4	3	-A
III	12428	G	*/+A	58	6	8%	2	2	40	47	0.98	1	1	32	26	1	5	-A
III	13445	C	*/-A	57	3	5%	2	2	45	45	0.98	1	1	34	23	2	1	-A
III	15599	A	*/-T	313	108	22.31%	2	2	46	50	0.98	1	1	200	113	40	68	-T
III	15599	A	*/+T	313	36	7.44%	2	2	46	55	0.98	1	1	200	113	15	21	-T
III	15822	C	*/+T	261	71	21.26%	2	2	41	48	0.98	1	1	159	102	23	48	+T
III	16273	C	*/-T	428	118	18.67%	2	2	42	44	0.98	1	1	314	114	58	60	-T
III	16273	C	*/-TT	428	41	6.49%	2	2	42	42	0.98	1	1	314	114	24	17	-T
III	20682	T	*/+A	127	16	11.11%	2	1	46	45	0.98	1	1	36	91	0	16	+A
III	20964	A	*/-T	76	4	5%	2	2	47	39	0.98	1	1	41	35	1	3	-T
III	23298	G	*/-A	51	11	15.94%	2	2	40	43	0.98	1	1	28	23	5	6	-A
III	23298	G	*/+A	51	6	8.7%	2	2	40	45	0.98	1	1	28	23	2	4	-A
III	32961	T	*/+G	25	2	7.41%	2	1	62	37	0.98	1	1	13	12	2	0	+G
III	69589	T	*/-AA	9	2	16.67%	2	2	34	55	0.98	1	1	3	6	1	1	-AA
III	207016	T	*/-A	3	2	40%	2	1	45	37	0.98	1	1	1	2	0	2	-A
III	207168	T	*/-A	5	2	20%	2	1	46	37	0.98	1	1	4	1	2	0	-A
III	207168	T	*/-AA	5	2	20%	2	2	46	42	0.98	1	1	4	1	1	1	-A
III	207482	T	*/-A	12	3	18.75%	2	2	44	45	0.98	1	1	8	4	2	1	-A
III	208140	C	*/-A	8	4	26.67%	2	2	40	55	0.98	1	1	6	2	2	2	-A
III	208140	C	*/+AA	8	2	13.33%	2	2	40	61	0.98	1	1	6	2	1	1	-A
III	211803	C	*/-T	23	2	8%	2	2	40	37	0.98	1	1	16	7	1	1	-T
III	234982	C	*/-A	34	2	5.56%	2	2	46	74	0.98	1	1	19	15	1	1	-A
III	237048	G	*/-A	8	2	20%	2	1	43	55	0.98	1	1	7	1	2	0	-A
III	245692	C	*/+T	15	2	11.11%	2	2	38	37	0.98	1	1	9	6	1	1	+T
III	253907	A	*/-T	3	2	25%	2	1	41	37	0.98	1	1	2	1	0	2	-T
III	253907	A	*/+T	3	2	25%	2	2	41	49	0.98	1	1	2	1	1	1	-T
III	286478	C	*/-TT	2	5	71.43%	1	2	37	41	0.98	1	1	2	0	2	3	-TT
III	286594	T	*/+A	5	4	44.44%	2	2	42	46	0.98	1	1	4	1	1	3	+A
III	293096	G	*/-T	11	5	26.32%	2	2	39	51	0.98	1	1	10	1	3	2	-T
III	293096	G	*/+T	11	2	10.53%	2	2	39	42	0.98	1	1	10	1	1	1	-T
III	348685	G	*/-AT	43	3	6.52%	2	1	44	49	0.98	1	1	17	26	3	0	-AT
III	365747	C	-A/-A	1	12	80%	1	2	37	50	0.98	1	1	0	1	11	1	-A
III	365747	C	*/-AA	1	2	13.33%	1	2	37	68	0.98	1	1	0	1	1	1	-A
III	431910	C	*/-T	15	2	10.53%	2	1	42	42	0.98	1	1	10	5	2	0	-T
III	467904	C	*/-A	19	3	13.64%	2	1	44	29	0.98	1	1	11	8	0	3	-A
III	518843	C	*/-T	10	4	28.57%	2	1	42	49	0.98	1	1	6	4	0	4	-T
III	568658	C	*/-T	8	4	25%	2	2	38	43	0.98	1	1	7	1	1	3	-T
III	568658	C	*/+T	8	3	18.75%	2	2	38	40	0.98	1	1	7	1	2	1	-T
III	672089	A	*/-T	7	2	22.22%	2	2	44	25	0.98	1	1	6	1	1	1	-T
III	717677	A	*/-T	3	7	58.33%	1	2	36	52	0.98	1	1	3	0	4	3	-T
III	717677	A	*/-TT	3	2	16.67%	1	2	36	55	0.98	1	1	3	0	1	1	-T
III	719703	T	*/-A	5	4	44.44%	2	2	44	37	0.98	1	1	4	1	3	1	-A
III	719955	A	-C/-C	0	6	100%	0	2	0	49	0.98	0	1	0	0	2	4	-C
III	720559	C	*/-T	5	2	22.22%	2	2	42	37	0.98	1	1	2	3	1	1	-T
III	720683	A	*/+T	0	5	71.43%	0	2	0	44	0.98	0	1	0	0	4	1	+T
III	720683	A	*/+TT	0	2	28.57%	0	1	0	55	0.98	0	1	0	0	0	2	+T
III	762516	T	*/-A	18	2	10%	2	2	41	55	0.98	1	1	9	9	1	1	-A
III	822701	G	*/-T	13	3	15.79%	2	1	45	61	0.98	1	1	9	4	0	3	-T
III	822701	G	*/+T	13	3	15.79%	2	1	45	49	0.98	1	1	9	4	3	0	-T
III	867865	C	-T/-T	0	8	100%	0	2	0	40	0.98	0	1	0	0	3	5	-T
III	898665	T	*/-A	22	2	8.33%	2	1	46	37	0.98	1	1	11	11	0	2	-A
III	944705	C	*/-A	10	2	15.38%	2	2	39	37	0.98	1	1	3	7	1	1	-A
III	958241	C	*/-T	14	5	25%	2	2	41	29	0.98	1	1	9	5	3	2	-T
III	958261	T	*/-TG	22	2	8.33%	2	1	53	48	0.98	1	1	9	13	2	0	-TG
III	966124	G	*/-T	18	6	20.69%	2	1	38	37	0.98	1	1	15	3	6	0	-T
III	966124	G	*/-TT	18	2	6.9%	2	1	38	49	0.98	1	1	15	3	2	0	-T
III	966124	G	*/+T	18	2	6.9%	2	1	38	37	0.98	1	1	15	3	2	0	-T
III	970548	C	*/-T	5	3	27.27%	2	1	34	29	0.98	1	1	3	2	0	3	-T
III	970548	C	*/-TT	5	2	18.18%	2	2	34	37	0.98	1	1	3	2	1	1	-T
III	988719	G	*/-T	19	3	12%	2	1	46	37	0.98	1	1	13	6	3	0	-T
III	988719	G	*/+T	19	3	12%	2	2	46	40	0.98	1	1	13	6	2	1	-T
III	1016311	G	+C/+C	0	35	100%	0	2	0	44	0.98	0	1	0	0	21	14	+C
III	1068885	A	*/+T	11	2	15.38%	2	2	48	37	0.98	1	1	7	4	1	1	+T
III	1073505	T	*/+ATATAGAG	112	8	6.61%	2	1	55	39	0.98	1	1	73	39	8	0	+ATATAGAG
III	1075530	A	*/+TGGAAGTGGTAAG	146	10	6.41%	2	2	48	48	0.98	1	1	55	91	3	7	+TGGAAGTGGTAAG
III	1079346	A	*/+G	99	12	10.81%	2	2	44	39	0.98	1	1	68	31	7	5	+G
III	1087979	A	*/+G	72	8	10%	2	1	46	35	0.98	1	1	46	26	8	0	+G
III	1090594	A	*/-AT	9	2	18.18%	2	2	46	37	0.98	1	1	1	8	1	1	-AT
III	1094042	C	*/-A	17	3	13.64%	2	2	38	40	0.98	1	1	8	9	2	1	-A
III	1094042	C	*/+A	17	2	9.09%	2	2	38	37	0.98	1	1	8	9	1	1	-A
III	1095550	G	*/-T	10	10	40%	2	2	42	38	0.98	1	1	8	2	5	5	-T
III	1095550	G	*/-TTT	10	3	12%	2	2	42	61	0.98	1	1	8	2	2	1	-T
III	1103423	T	*/-A	8	5	25%	2	2	44	51	0.98	1	1	6	2	3	2	-A
III	1103423	T	*/-AA	8	3	15%	2	2	44	57	0.98	1	1	6	2	2	1	-A
III	1103423	T	*/-AAA	8	2	10%	2	1	44	43	0.98	1	1	6	2	2	0	-A
III	1103423	T	*/+A	8	2	10%	2	1	44	55	0.98	1	1	6	2	0	2	-A
III	1104937	C	*/+T	7	2	20%	2	1	49	37	0.98	1	1	4	3	2	0	+T
III	1110132	C	*/+TCTCTATA	69	5	6.67%	2	1	50	44	0.98	1	1	36	33	5	0	+TCTCTATA
III	1110963	T	*/+C	65	5	7.14%	2	2	45	44	0.98	1	1	38	27	1	4	+C
III	1114914	T	*/+ACCACTAACCATC	45	3	6.12%	2	2	49	37	0.98	1	1	31	14	2	1	+ACCACTAACCATC
III	1121674	T	*/+ACCACTAACCATC	60	7	10.45%	2	2	49	42	0.98	1	1	40	20	4	3	+ACCACTAACCATC
III	1124483	T	*/+C	72	9	11.11%	2	2	46	49	0.98	1	1	31	41	5	4	+C
III	1128434	T	*/+ACCACTAACCATC	66	5	7.04%	2	2	48	34	0.98	1	1	40	26	3	2	+ACCACTAACCATC
III	1131243	T	*/+C	61	5	7.58%	2	2	47	51	0.98	1	1	29	32	3	2	+C
III	1135115	A	*/-C	21	3	12.5%	2	2	51	45	0.98	1	1	7	14	1	2	-C
III	1135194	T	*/+ACCACTAACCATC	51	6	10.53%	2	2	47	43	0.98	1	1	23	28	3	3	+ACCACTAACCATC
III	1168362	G	*/-GA	2	2	40%	2	1	31	55	0.98	1	1	1	1	2	0	-GA
III	1221465	G	*/+T	15	2	11.11%	2	2	36	49	0.98	1	1	10	5	1	1	+T
III	1239214	T	*/+A	8	3	25%	2	2	40	37	0.98	1	1	4	4	1	2	+A
III	1302430	A	*/+T	13	2	13.33%	2	2	42	49	0.98	1	1	4	9	1	1	+T
III	1308513	T	*/+A	16	2	11.11%	2	1	44	55	0.98	1	1	9	7	0	2	+A
III	1394597	C	*/-A	8	2	20%	2	1	41	49	0.98	1	1	4	4	0	2	-A
III	1421567	T	*/+G	9	2	18.18%	2	1	35	37	0.98	1	1	5	4	2	0	+G
III	1444413	G	*/+T	16	3	15%	2	1	48	41	0.98	1	1	9	7	3	0	+T
III	1471894	T	*/-G	18	2	10%	2	2	45	74	0.98	1	1	8	10	1	1	-G
III	1510629	T	*/-A	14	2	11.76%	2	1	46	37	0.98	1	1	10	4	2	0	-A
III	1547169	C	*/-A	5	3	30%	1	1	42	37	0.98	1	1	5	0	3	0	-A
III	1575951	G	*/+T	4	2	33.33%	1	1	37	37	0.98	1	1	4	0	2	0	+T
III	1581366	G	*/-T	12	4	23.53%	2	2	39	31	0.98	1	1	5	7	1	3	-T
III	1594933	T	*/-A	14	4	17.39%	2	2	41	46	0.98	1	1	7	7	2	2	-A
III	1594933	T	*/-AA	14	4	17.39%	2	2	41	43	0.98	1	1	7	7	2	2	-A
III	1609231	T	*/-A	29	2	6.25%	2	1	50	37	0.98	1	1	14	15	0	2	-A
III	1625801	G	*/+T	12	2	14.29%	2	1	46	37	0.98	1	1	6	6	2	0	+T
III	1654957	C	*/+A	14	2	12.5%	2	1	50	37	0.98	1	1	5	9	2	0	+A
III	1674618	C	*/-T	5	2	22.22%	2	2	32	56	0.98	1	1	4	1	1	1	-T
III	1685487	G	+A/+A	1	21	95.45%	1	2	37	37	0.98	1	1	1	0	12	9	+A
III	1691558	G	*/+T	10	2	16.67%	2	1	54	42	0.98	1	1	4	6	2	0	+T
III	1702276	A	*/-T	43	3	6.12%	2	2	51	37	0.98	1	1	17	26	1	2	-T
III	1702276	A	*/+T	43	3	6.12%	2	1	51	40	0.98	1	1	17	26	0	3	-T
III	1712983	G	*/-A	8	4	26.67%	1	2	46	45	0.98	1	1	8	0	3	1	-A
III	1712983	G	*/-AA	8	2	13.33%	1	1	46	37	0.98	1	1	8	0	2	0	-A
III	1756400	T	-A/-A	0	40	100%	0	2	0	46	0.98	0	1	0	0	14	26	-A
III	1758846	C	*/+A	15	2	11.11%	2	2	45	49	0.98	1	1	6	9	1	1	+A
III	1774235	T	+GATC/+GATC	1	17	89.47%	1	2	37	48	0.98	1	1	1	0	6	11	+GATC
III	1810978	T	*/-A	19	2	9.52%	2	1	44	61	0.98	1	1	16	3	0	2	-A
III	1834016	G	*/-T	21	2	8.33%	2	1	42	37	0.98	1	1	8	13	0	2	-T
III	1844909	G	*/-T	18	2	10%	2	2	44	37	0.98	1	1	6	12	1	1	-T
III	1857256	C	*/+A	16	2	10.53%	2	2	43	49	0.98	1	1	12	4	1	1	+A
III	1868108	C	*/+T	15	2	11.76%	2	2	41	49	0.98	1	1	4	11	1	1	+T
III	1875446	G	*/+A	7	2	22.22%	2	2	42	37	0.98	1	1	3	4	1	1	+A
III	1890527	T	*/+A	32	2	5.56%	2	2	55	45	0.98	1	1	18	14	1	1	+A
III	1925626	C	*/+A	4	2	28.57%	2	2	49	49	0.98	1	1	3	1	1	1	+A
III	1928744	G	*/+T	7	3	30%	2	2	57	49	0.98	1	1	2	5	1	2	+T
III	1947823	A	*/-T	11	4	26.67%	2	2	39	43	0.98	1	1	5	6	3	1	-T
III	1965229	C	*/-A	16	2	10.53%	2	1	37	31	0.98	1	1	10	6	0	2	-A
III	1985119	G	*/-T	7	2	20%	2	2	47	37	0.98	1	1	4	3	1	1	-T
III	2010864	G	*/-TA	33	3	8.33%	2	2	43	61	0.98	1	1	14	19	1	2	-TA
III	2028192	T	*/-A	22	2	8.33%	2	1	40	37	0.98	1	1	18	4	2	0	-A
III	2067571	T	*/-A	4	2	28.57%	2	2	46	37	0.98	1	1	2	2	1	1	-A
III	2069607	G	*/-T	3	2	28.57%	2	1	33	37	0.98	1	1	1	2	2	0	-T
III	2069607	G	*/+T	3	2	28.57%	2	1	33	37	0.98	1	1	1	2	2	0	-T
III	2074510	C	*/-T	6	3	30%	2	2	39	45	0.98	1	1	5	1	2	1	-T
III	2076412	G	*/-T	10	4	22.22%	2	1	37	39	0.98	1	1	6	4	4	0	-T
III	2076412	G	*/-TT	10	2	11.11%	2	1	37	29	0.98	1	1	6	4	0	2	-T
III	2076412	G	*/+T	10	2	11.11%	2	1	37	42	0.98	1	1	6	4	2	0	-T
III	2113205	C	*/-T	9	3	20%	2	2	39	45	0.98	1	1	7	2	2	1	-T
III	2113205	C	*/-TT	9	2	13.33%	2	1	39	37	0.98	1	1	7	2	2	0	-T
III	2149308	C	*/-AT	12	2	14.29%	2	1	47	55	0.98	1	1	3	9	2	0	-AT
III	2178240	T	*/+A	11	4	25%	2	2	45	48	0.98	1	1	7	4	1	3	+A
III	2178322	C	*/-T	22	2	8.33%	2	2	43	74	0.98	1	1	13	9	1	1	-T
III	2270459	C	*/-AA	19	2	9.52%	2	2	44	37	0.98	1	1	18	1	1	1	-AA
III	2281940	C	*/-T	16	3	14.29%	2	2	43	53	0.98	1	1	11	5	2	1	-T
III	2300104	A	*/-T	7	3	27.27%	2	1	44	57	0.98	1	1	5	2	3	0	-T
III	2310960	G	*/-A	7	2	22.22%	2	1	51	74	0.98	1	1	3	4	2	0	-A
III	2310968	A	*/+GGT	6	2	25%	2	1	55	74	0.98	1	1	3	3	2	0	+GGT
III	2311203	C	*/+T	4	2	33.33%	2	1	55	37	0.98	1	1	2	2	2	0	+T
III	2376654	G	*/-A	15	3	15%	2	2	47	49	0.98	1	1	11	4	2	1	-A
III	2376654	G	*/+A	15	2	10%	2	2	47	42	0.98	1	1	11	4	1	1	-A
III	2382018	A	*/-T	3	3	42.86%	1	2	49	49	0.98	1	1	3	0	2	1	-T
III	2420241	T	*/-A	12	3	16.67%	2	2	41	37	0.98	1	1	9	3	2	1	-A
III	2420241	T	*/-AA	12	2	11.11%	2	2	41	49	0.98	1	1	9	3	1	1	-A
III	2439741	G	*/+A	127	7	5.15%	2	2	42	40	0.98	1	1	106	21	6	1	+A
III	2443562	A	*/+T	39	38	48.72%	2	2	38	37	0.98	1	1	11	28	1	37	+T
III	2447848	T	*/-A	806	280	18.69%	2	2	44	41	0.98	1	1	593	213	206	74	-A
III	2447848	T	*/-AA	806	170	11.35%	2	2	44	43	0.98	1	1	593	213	114	56	-A
III	2447848	T	*/+A	806	151	10.08%	2	2	44	45	0.98	1	1	593	213	110	41	-A
III	2448309	T	-AA/-AA	33	509	91.55%	2	2	41	41	0.98	1	1	21	12	217	292	-AA
III	2448518	T	*/-A	678	302	24.75%	2	2	46	45	0.98	1	1	452	226	211	91	-A
III	2448518	T	*/-AA	678	112	9.18%	2	2	46	46	0.98	1	1	452	226	73	39	-A
III	2448518	T	*/+A	678	93	7.62%	2	2	46	47	0.98	1	1	452	226	64	29	-A
