Chrom	Position	Ref	Cons	Reads1	Reads2	VarFreq	Strands1	Strands2	Qual1	Qual2	Pvalue	MapQual1	MapQual2	Reads1Plus	Reads1Minus	Reads2Plus	Reads2Minus	VarAllele
chr_II_telomeric_gap	6301	C	*/-AT	17	3	15%	2	2	52	61	0.98	1	1	2	15	1	2	-AT
I	2623	T	*/+C	80	7	8.05%	2	2	42	37	0.98	1	1	45	35	2	5	+C
I	3160	A	*/+GTTGTCGTTGTCGTTGTC	57	17	19.32%	2	2	43	47	0.98	1	1	31	26	7	10	+GTTGTCGTTGTCGTTGTC
I	3160	A	*/+GTTGTCGTTGTCGTTGTCGTTGTC	57	12	13.64%	2	2	43	52	0.98	1	1	31	26	6	6	+GTTGTCGTTGTCGTTGTC
I	4047	C	*/-TGTCTCTGTCAT	56	10	15.15%	2	2	43	48	0.98	1	1	27	29	5	5	-TGTCTCTGTCAT
I	4053	C	*/+TGTCAT	44	12	20.69%	2	2	44	40	0.98	1	1	20	24	7	5	+TGTCAT
I	5677	G	*/-A	24	6	15%	2	2	34	47	0.98	1	1	23	1	5	1	-A
I	5677	G	*/-AA	24	4	10%	2	1	34	37	0.98	1	1	23	1	4	0	-A
I	5677	G	*/-AAA	24	3	7.5%	2	1	34	37	0.98	1	1	23	1	3	0	-A
I	6357	T	*/-AA	43	22	30.99%	2	2	42	41	0.98	1	1	23	20	6	16	-AA
I	7192	C	*/+A	27	8	17.39%	2	2	46	49	0.98	1	1	19	8	5	3	A
I	10859	G	*/-TT	12	2	13.33%	2	1	43	37	0.98	1	1	8	4	2	0	-TT
I	15734	C	*/-A	17	5	20.83%	2	2	42	37	0.98	1	1	11	6	4	1	-A
I	15734	C	*/+A	17	2	8.33%	2	1	42	37	0.98	1	1	11	6	2	0	-A
I	17331	C	*/-AT	51	3	5.56%	2	1	48	49	0.98	1	1	19	32	3	0	-AT
I	19694	T	*/+A	37	6	13.95%	2	2	55	37	0.98	1	1	17	20	5	1	+A
I	27402	A	*/+C	10	4	23.53%	2	1	40	40	0.98	1	1	2	8	0	4	+C
I	27402	A	*/+CC	10	3	17.65%	2	1	40	37	0.98	1	1	2	8	0	3	+C
I	28398	A	*/+C	80	8	9.09%	2	2	45	60	0.98	1	1	15	65	4	4	+C
I	28467	C	*/+A	50	4	7.41%	2	2	53	64	0.98	1	1	25	25	3	1	+A
I	43335	G	*/+A	7	2	20%	2	1	35	37	0.98	1	1	6	1	2	0	+A
I	55244	T	*/-A	6	3	27.27%	1	2	38	38	0.98	1	1	6	0	2	1	-A
I	98884	C	*/+A	203	22	9.78%	2	2	47	71	0.98	1	1	101	102	8	14	+A
I	101871	A	+G/+G	0	32	100%	0	2	0	49	0.98	0	1	0	0	16	16	+G
I	190112	C	*/-A	6	2	20%	2	2	43	37	0.98	1	1	1	5	1	1	-A
I	190112	C	*/+A	6	2	20%	2	2	43	37	0.98	1	1	1	5	1	1	-A
I	216147	C	*/-T	8	5	35.71%	2	2	47	36	0.98	1	1	4	4	3	2	-T
I	272366	G	*/-A	16	2	11.11%	2	1	54	74	0.98	1	1	10	6	2	0	-A
I	414079	C	*/-T	13	2	12.5%	2	1	37	42	0.98	1	1	9	4	0	2	-T
I	440084	T	*/+A	1	5	50%	1	2	74	42	0.98	1	1	1	0	4	1	+A
I	440084	T	*/+AA	1	3	30%	1	1	74	37	0.98	1	1	1	0	0	3	+A
I	441614	C	*/-T	7	3	25%	2	2	30	53	0.98	1	1	6	1	1	2	-T
I	453369	G	*/+A	5	3	30%	1	1	37	33	0.98	1	1	5	0	3	0	+A
I	456726	G	*/-T	18	2	10%	2	1	39	37	0.98	1	1	7	11	2	0	-T
I	456969	T	*/+A	23	4	14.29%	2	2	50	46	0.98	1	1	13	10	2	2	+A
I	460756	T	*/+A	28	2	6.45%	2	1	45	37	0.98	1	1	17	11	2	0	+A
I	470378	A	-C/-C	1	13	92.86%	1	2	62	37	0.98	1	1	1	0	9	4	-C
I	470390	A	-C/-C	0	16	100%	0	2	0	43	0.98	0	1	0	0	12	4	-C
I	473427	G	*/+T	6	5	31.25%	1	2	44	39	0.98	1	1	6	0	3	2	+T
I	482737	A	+G/+G	2	26	86.67%	2	2	37	43	0.98	1	1	1	1	12	14	+G
I	521845	T	*/-A	14	5	26.32%	2	2	41	49	0.98	1	1	3	11	1	4	-A
I	528541	C	*/-A	15	3	14.29%	2	2	41	41	0.98	1	1	11	4	1	2	-A
I	528541	C	*/+A	15	2	9.52%	2	1	41	37	0.98	1	1	11	4	2	0	-A
I	554527	A	+T/+T	1	11	91.67%	1	2	25	42	0.98	1	1	1	0	7	4	+T
I	562745	A	*/+T	7	3	27.27%	2	2	40	45	0.98	1	1	6	1	2	1	+T
I	609849	C	*/-T	9	2	18.18%	2	1	41	55	0.98	1	1	4	5	0	2	-T
I	650099	C	*/+A	6	2	18.18%	2	1	38	37	0.98	1	1	2	4	2	0	+A
I	650099	C	*/+AA	6	3	27.27%	2	2	38	45	0.98	1	1	2	4	2	1	+AA
I	660056	T	*/+G	0	2	50%	0	1	0	49	0.98	0	1	0	0	2	0	+G
I	660056	T	*/+GG	0	2	50%	0	1	0	31	0.98	0	1	0	0	2	0	+G
I	661548	C	*/+T	8	2	18.18%	2	2	39	31	0.98	1	1	3	5	1	1	+T
I	670032	C	+A/+A	0	33	97.06%	0	2	0	51	0.98	0	1	0	0	15	18	+A
I	682993	T	-C/-C	1	29	96.67%	1	2	37	40	0.98	1	1	0	1	6	23	-C
I	710699	T	*/-G	23	3	11.54%	2	2	43	37	0.98	1	1	15	8	1	2	-G
I	719597	G	*/-TA	51	3	5.56%	2	2	53	37	0.98	1	1	18	33	2	1	-TA
I	765477	A	*/-T	12	5	26.32%	2	2	42	49	0.98	1	1	6	6	1	4	-T
I	765477	A	*/+T	12	2	10.53%	2	2	42	37	0.98	1	1	6	6	1	1	-T
I	793917	A	*/-T	1	2	50%	1	1	37	31	0.98	1	1	1	0	2	0	-T
I	807903	A	*/-T	12	2	14.29%	2	1	48	55	0.98	1	1	4	8	0	2	-T
I	862962	C	+T/+T	1	14	93.33%	1	2	37	42	0.98	1	1	0	1	9	5	+T
I	892404	T	*/+A	15	2	11.76%	2	1	41	68	0.98	1	1	11	4	0	2	+A
I	946314	G	*/-TA	24	2	7.69%	2	1	43	31	0.98	1	1	7	17	0	2	-TA
I	960025	G	+T/+T	0	4	100%	0	2	0	34	0.98	0	1	0	0	3	1	+T
I	962911	T	*/+AA	11	2	15.38%	2	1	40	37	0.98	1	1	8	3	2	0	+AA
I	965438	C	*/+A	6	2	25%	1	1	35	33	0.98	1	1	6	0	2	0	+A
I	1048635	G	+A/+A	1	12	92.31%	1	2	74	56	0.98	1	1	1	0	4	8	+A
I	1185797	G	*/-A	8	3	21.43%	2	2	40	33	0.98	1	1	7	1	2	1	-A
I	1185797	G	*/-AA	8	2	14.29%	2	2	40	37	0.98	1	1	7	1	1	1	-A
I	1192486	C	*/-T	7	2	22.22%	2	1	40	31	0.98	1	1	1	6	0	2	-T
I	1199089	T	*/-AA	10	2	16.67%	2	1	50	55	0.98	1	1	4	6	0	2	-AA
I	1254655	T	*/-A	8	2	14.29%	2	1	41	37	0.98	1	1	7	1	2	0	-A
I	1254655	T	*/+A	8	4	28.57%	2	2	41	43	0.98	1	1	7	1	3	1	+A
I	1274803	T	+A/+A	0	14	100%	0	2	0	44	0.98	0	1	0	0	5	9	+A
I	1290605	A	*/+T	12	3	20%	2	1	41	37	0.98	1	1	11	1	3	0	+T
I	1399667	T	*/-A	23	2	8%	2	1	51	55	0.98	1	1	9	14	0	2	-A
I	1424708	C	-A/-A	0	7	100%	0	2	0	44	0.98	0	1	0	0	5	2	-A
I	1454446	C	*/+A	21	2	8%	2	2	39	37	0.98	1	1	15	6	1	1	+A
I	1496317	C	*/-A	3	11	64.71%	1	2	33	43	0.98	1	1	0	3	5	6	-A
I	1496317	C	*/-AA	3	3	17.65%	1	2	33	37	0.98	1	1	0	3	2	1	-A
I	1509277	C	*/+T	2	7	70%	2	2	37	45	0.98	1	1	1	1	2	5	+T
I	1509738	G	*/-A	19	2	9.52%	2	1	36	37	0.98	1	1	10	9	0	2	-A
I	1541472	G	*/+T	8	2	20%	2	1	31	37	0.98	1	1	5	3	2	0	+T
I	1625092	T	+C/+C	1	16	94.12%	1	2	74	52	0.98	1	1	1	0	8	8	+C
I	1765306	C	*/+AA	5	3	33.33%	1	1	37	37	0.98	1	1	5	0	3	0	+AA
I	1777634	A	*/-T	4	5	50%	2	2	46	44	0.98	1	1	2	2	4	1	-T
I	1829371	A	*/+T	11	2	15.38%	2	1	41	31	0.98	1	1	9	2	2	0	+T
I	1830464	C	*/-T	28	2	6.45%	2	1	48	31	0.98	1	1	9	19	0	2	-T
I	1837916	G	*/-T	12	3	18.75%	2	2	43	36	0.98	1	1	10	2	1	2	-T
I	1849285	C	*/-T	36	3	6.82%	2	2	43	61	0.98	1	1	21	15	2	1	-T
I	1849285	C	*/+T	36	3	6.82%	2	2	43	45	0.98	1	1	21	15	1	2	-T
I	1890184	C	*/-A	7	4	36.36%	2	2	40	37	0.98	1	1	5	2	2	2	-A
I	1936294	G	+A/+A	0	17	100%	0	2	0	43	0.98	0	1	0	0	5	12	+A
I	1952313	A	+T/+T	0	18	100%	0	2	0	49	0.98	0	1	0	0	10	8	+T
I	1954162	C	*/-A	9	2	13.33%	2	2	44	55	0.98	1	1	7	2	1	1	-A
I	1954162	C	*/-AA	9	2	13.33%	2	1	44	37	0.98	1	1	7	2	2	0	-A
I	1954162	C	*/+A	9	2	13.33%	2	1	44	37	0.98	1	1	7	2	2	0	-A
I	1955754	C	*/+TT	3	2	25%	2	1	40	42	0.98	1	1	2	1	2	0	+TT
I	1955853	T	*/+A	9	4	26.67%	2	2	36	37	0.98	1	1	6	3	3	1	+A
I	1955853	T	*/+AA	9	2	13.33%	2	1	36	37	0.98	1	1	6	3	2	0	+A
I	2020968	C	*/+GTT	20	2	9.09%	2	1	54	55	0.98	1	1	13	7	2	0	+GTT
I	2025000	C	*/+T	4	4	44.44%	1	2	37	42	0.98	1	1	4	0	2	2	+T
I	2035471	A	*/+G	14	2	12.5%	2	1	41	37	0.98	1	1	9	5	0	2	+G
I	2041948	T	*/-AA	14	2	11.76%	1	1	37	37	0.98	1	1	14	0	2	0	-AA
I	2052488	A	*/-T	13	6	26.09%	2	2	42	37	0.98	1	1	10	3	4	2	-T
I	2052488	A	*/-TT	13	3	13.04%	2	1	42	37	0.98	1	1	10	3	3	0	-T
I	2071188	G	*/-T	13	2	13.33%	2	2	46	37	0.98	1	1	8	5	1	1	-T
I	2136675	A	*/+GAAGAGGAAGCAGTC	8	6	42.86%	2	2	34	45	0.98	1	1	2	6	2	4	+GAAGAGGAAGCAGTC
I	2154491	T	+A/+A	1	21	95.45%	1	2	37	47	0.98	1	1	1	0	8	13	+A
I	2174555	C	*/-A	7	7	43.75%	2	2	45	35	0.98	1	1	4	3	1	6	-A
I	2227936	T	*/+AAA	0	5	71.43%	0	1	0	25	0.98	0	1	0	0	0	5	+AAA
I	2245479	T	*/+C	12	3	20%	2	2	40	40	0.98	1	1	6	6	1	2	+C
I	2273201	T	*/-A	8	3	20%	2	1	50	37	0.98	1	1	3	5	3	0	-A
I	2273201	T	*/-AA	8	2	13.33%	2	2	50	31	0.98	1	1	3	5	1	1	-A
I	2288240	C	-G/-G	0	26	100%	0	2	0	54	0.98	0	1	0	0	14	12	-G
I	2292695	C	*/-T	10	2	16.67%	2	2	49	25	0.98	1	1	6	4	1	1	-T
I	2322636	C	*/-A	11	4	21.05%	1	1	39	37	0.98	1	1	11	0	4	0	-A
I	2327021	C	*/-A	10	2	15.38%	2	1	41	31	0.98	1	1	6	4	0	2	-A
I	2343703	G	+A/+A	1	11	91.67%	1	2	37	40	0.98	1	1	0	1	7	4	+A
I	2421576	A	-C/-C	1	14	93.33%	1	2	37	42	0.98	1	1	1	0	10	4	-C
I	2499149	A	*/-T	4	10	71.43%	1	2	55	39	0.98	1	1	4	0	6	4	-T
I	2502628	T	*/-A	19	3	13.04%	2	2	46	49	0.98	1	1	13	6	1	2	-A
I	2507462	T	+A/+A	1	19	95%	1	2	37	40	0.98	1	1	0	1	13	6	+A
I	2510060	T	+A/+A	1	18	94.74%	1	2	25	41	0.98	1	1	1	0	12	6	+A
I	2525300	T	*/-A	12	3	20%	2	2	45	45	0.98	1	1	8	4	2	1	-A
I	2525713	C	*/-T	15	7	26.92%	2	2	45	42	0.98	1	1	11	4	6	1	-T
I	2525713	C	*/+T	15	4	15.38%	2	1	45	37	0.98	1	1	11	4	4	0	-T
I	2545110	C	*/-T	21	2	8.33%	2	1	43	37	0.98	1	1	16	5	2	0	-T
I	2556743	G	*/-A	3	3	37.5%	1	2	33	49	0.98	1	1	3	0	2	1	-A
I	2556743	G	*/+A	3	2	25%	1	1	33	37	0.98	1	1	3	0	2	0	-A
I	2578262	T	*/-A	14	2	12.5%	2	2	43	49	0.98	1	1	5	9	1	1	-A
I	2588021	C	+A/+A	0	5	100%	0	2	0	51	0.98	0	1	0	0	1	4	+A
I	2588066	C	+A/+A	0	6	100%	0	2	0	49	0.98	0	1	0	0	2	4	+A
I	2594263	C	+T/+T	1	5	83.33%	1	2	37	37	0.98	1	1	0	1	3	2	+T
I	2594324	T	+A/+A	1	10	90.91%	1	2	37	51	0.98	1	1	0	1	9	1	+A
I	2594351	T	+A/+A	1	9	90%	1	2	37	53	0.98	1	1	0	1	8	1	+A
I	2594391	A	+T/+T	0	9	100%	0	2	0	52	0.98	0	1	0	0	6	3	+T
I	2605777	C	*/-A	33	2	5.71%	2	2	41	74	0.98	1	1	15	18	1	1	-A
I	2605860	G	-T/-T	1	22	95.65%	1	2	74	40	0.98	1	1	0	1	9	13	-T
I	2607669	A	+T/+T	0	18	100%	0	2	0	41	0.98	0	1	0	0	10	8	+T
I	2609388	T	*/-A	22	2	8.33%	2	2	51	74	0.98	1	1	12	10	1	1	-A
I	2641998	C	*/-T	5	2	20%	2	1	32	42	0.98	1	1	4	1	2	0	-T
I	2641998	C	*/+T	5	3	30%	2	2	32	41	0.98	1	1	4	1	2	1	+T
I	2683902	T	-C/-C	1	14	93.33%	1	2	37	39	0.98	1	1	1	0	6	8	-C
I	2717667	G	*/-A	7	2	22.22%	2	1	49	37	0.98	1	1	3	4	0	2	-A
I	2747027	T	*/-A	6	2	22.22%	2	2	45	42	0.98	1	1	4	2	1	1	-A
I	2751236	T	*/-A	2	12	66.67%	1	2	37	47	0.98	1	1	2	0	3	9	-A
I	2751236	T	*/-AA	2	4	22.22%	1	2	37	43	0.98	1	1	2	0	2	2	-A
I	2759871	T	*/+C	2	4	66.67%	1	1	37	46	0.98	1	1	2	0	0	4	+C
I	2881073	G	*/+A	14	2	12.5%	2	2	38	37	0.98	1	1	10	4	1	1	+A
I	2958937	G	*/-A	13	2	13.33%	2	1	38	37	0.98	1	1	10	3	2	0	-A
I	2963080	T	*/-A	17	4	19.05%	2	2	43	40	0.98	1	1	5	12	1	3	-A
I	2977242	C	*/-T	9	3	25%	2	2	42	36	0.98	1	1	3	6	1	2	-T
I	3033347	C	*/-T	9	4	28.57%	2	1	41	52	0.98	1	1	3	6	4	0	-T
I	3084527	A	*/+AGT	34	2	5.56%	2	1	50	74	0.98	1	1	22	12	0	2	+AGT
I	3125118	A	+T/+T	0	17	100%	0	2	0	43	0.98	0	1	0	0	11	6	+T
I	3144699	T	*/-A	5	2	25%	2	2	49	42	0.98	1	1	3	2	1	1	-A
I	3159187	C	*/-CA	48	5	9.09%	2	2	50	44	0.98	1	1	18	30	3	2	-CA
I	3159994	C	*/-T	42	8	15.38%	2	2	41	36	0.98	1	1	35	7	7	1	-T
I	3166776	G	*/+TT	0	3	15.79%	0	2	0	37	0.98	0	1	0	0	2	1	+TT
I	3166776	G	*/+TTT	0	11	57.89%	0	2	0	43	0.98	0	1	0	0	8	3	+TTT
I	3178494	C	+T/+T	3	11	78.57%	2	2	37	41	0.98	1	1	2	1	4	7	+T
I	3184255	T	*/-A	3	2	28.57%	2	2	49	37	0.98	1	1	2	1	1	1	-A
I	3197528	A	+G/+G	0	34	100%	0	2	0	47	0.98	0	1	0	0	17	17	+G
I	3237470	A	*/-T	11	2	15.38%	2	2	50	37	0.98	1	1	8	3	1	1	-T
I	3269806	A	*/-T	13	2	13.33%	2	1	43	37	0.98	1	1	8	5	2	0	-T
I	3301538	C	+T/+T	4	12	75%	1	2	46	43	0.98	1	1	0	4	7	5	+T
I	3303111	C	*/-T	14	2	12.5%	2	1	41	37	0.98	1	1	9	5	2	0	-T
I	3367173	T	*/-A	33	2	5.71%	2	2	41	37	0.98	1	1	19	14	1	1	-A
I	3404991	C	*/+T	10	4	25%	2	1	38	36	0.98	1	1	7	3	4	0	+T
I	3408209	T	+G/+G	1	33	97.06%	1	2	37	43	0.98	1	1	1	0	19	14	+G
I	3450130	G	-T/-T	2	17	89.47%	1	2	37	50	0.98	1	1	0	2	11	6	-T
I	3460318	T	+C/+C	0	14	100%	0	2	0	51	0.98	0	1	0	0	6	8	+C
I	3538413	A	+T/+T	2	15	88.24%	1	2	55	41	0.98	1	1	2	0	6	9	+T
I	3538428	G	+T/+T	0	17	100%	0	2	0	41	0.98	0	1	0	0	6	11	+T
I	3538436	T	+A/+A	1	15	93.75%	1	2	37	41	0.98	1	1	1	0	4	11	+A
I	3538449	T	+TA/+TA	0	16	100%	0	2	0	41	0.98	0	1	0	0	5	11	+TA
I	3538456	A	+AT/+AT	0	15	100%	0	2	0	41	0.98	0	1	0	0	5	10	+AT
I	3547852	G	*/+A	17	2	10.53%	2	2	38	42	0.98	1	1	7	10	1	1	+A
I	3574812	C	*/+A	12	2	14.29%	2	2	47	49	0.98	1	1	7	5	1	1	+A
I	3576756	T	*/+TCTTCTC	5	2	15.38%	1	1	37	55	0.98	1	1	0	5	0	2	C
I	3576929	C	*/+T	3	8	72.73%	2	2	49	46	0.98	1	1	1	2	5	3	+T
I	3578638	A	-T/-T	1	4	80%	1	2	37	34	0.98	1	1	0	1	1	3	-T
I	3580034	C	*/+T	2	2	50%	1	1	55	31	0.98	1	1	2	0	2	0	+T
I	3609896	T	*/-A	15	3	15.79%	2	2	37	37	0.98	1	1	10	5	2	1	-A
I	3610395	T	*/+A	11	2	15.38%	2	1	47	37	0.98	1	1	7	4	0	2	+A
I	3659724	C	*/-T	16	5	19.23%	2	2	40	46	0.98	1	1	10	6	4	1	-T
I	3659724	C	*/+T	16	5	19.23%	2	2	40	39	0.98	1	1	10	6	4	1	-T
I	3665610	G	+C/+C	0	40	100%	0	2	0	43	0.98	0	1	0	0	18	22	+C
I	3700385	T	*/+A	3	2	10.53%	1	1	37	31	0.98	1	1	3	0	0	2	+A
I	3700385	T	*/+AA	3	13	68.42%	1	2	37	47	0.98	1	1	3	0	6	7	+AA
I	3728213	T	*/+G	20	4	16.67%	2	2	46	31	0.98	1	1	15	5	2	2	+G
I	3730369	A	+T/+T	1	12	92.31%	1	2	37	36	0.98	1	1	1	0	7	5	+T
I	3745734	A	*/-AT	19	2	9.09%	2	1	53	55	0.98	1	1	6	13	0	2	-AT
I	3747341	A	*/+C	24	4	14.29%	2	2	52	64	0.98	1	1	12	12	3	1	+C
I	3765328	C	+T/+T	4	12	75%	2	2	37	45	0.98	1	1	3	1	10	2	+T
I	3776933	G	+A/+A	3	13	81.25%	1	1	49	39	0.98	1	1	3	0	0	13	+A
I	3785908	G	*/-TA	24	3	10.71%	2	2	39	49	0.98	1	1	16	8	2	1	-TA
I	3850523	C	*/-T	15	3	15.79%	2	2	50	37	0.98	1	1	9	6	2	1	-T
I	3851224	A	*/+GTC	20	3	13.04%	2	1	45	74	0.98	1	1	11	9	0	3	+GTC
I	3855790	G	-T/-T	2	15	88.24%	2	2	37	45	0.98	1	1	1	1	8	7	-T
I	3870142	A	*/-C	13	2	13.33%	2	2	43	31	0.98	1	1	5	8	1	1	-C
I	3879437	C	*/+A	15	2	11.11%	2	2	42	42	0.98	1	1	12	3	1	1	+A
I	3879465	T	*/-A	20	2	9.09%	2	2	44	49	0.98	1	1	8	12	1	1	-A
I	3895595	C	*/-A	19	2	9.52%	2	2	42	37	0.98	1	1	9	10	1	1	-A
I	3940025	G	+T/+T	0	17	89.47%	0	2	0	48	0.98	0	1	0	0	11	6	+T
I	3945877	T	*/-G	24	2	7.69%	2	1	47	37	0.98	1	1	11	13	2	0	-G
I	3992213	A	*/-C	9	5	35.71%	1	2	35	44	0.98	1	1	0	9	3	2	-C
I	3993810	T	*/+A	10	2	16.67%	2	2	38	31	0.98	1	1	7	3	1	1	+A
I	3995862	A	*/+T	79	10	11.11%	2	2	46	40	0.98	1	1	41	38	8	2	+T
I	3996048	G	*/-A	99	8	7.48%	2	2	47	60	0.98	1	1	49	50	5	3	-A
I	4004016	G	*/-T	6	7	43.75%	2	2	53	44	0.98	1	1	5	1	3	4	-T
I	4004016	G	*/-TT	6	2	12.5%	2	2	53	49	0.98	1	1	5	1	1	1	-T
I	4005819	C	*/-A	15	3	15.79%	2	2	41	49	0.98	1	1	6	9	1	2	-A
I	4010237	A	*/-G	14	8	30.77%	2	1	38	34	0.98	1	1	13	1	8	0	-G
I	4010237	A	*/-GG	14	2	7.69%	2	1	38	37	0.98	1	1	13	1	2	0	-G
I	4010237	A	*/-GGG	14	2	7.69%	2	1	38	37	0.98	1	1	13	1	2	0	-G
I	4055052	T	*/+A	7	21	72.41%	2	2	37	45	0.98	1	1	6	1	11	10	+A
I	4140001	G	*/-T	6	2	25%	2	2	43	37	0.98	1	1	1	5	1	1	-T
I	4153651	C	*/-T	13	5	27.78%	2	2	42	34	0.98	1	1	8	5	4	1	-T
I	4179700	T	*/+A	18	2	10%	2	1	39	37	0.98	1	1	12	6	0	2	+A
I	4179701	C	*/+T	5	6	42.86%	1	2	28	34	0.98	1	1	5	0	4	2	+T
I	4231762	C	*/-T	14	2	12.5%	2	1	44	37	0.98	1	1	5	9	0	2	-T
I	4241118	G	*/+A	9	4	25%	2	1	37	36	0.98	1	1	8	1	4	0	+A
I	4276890	G	*/+T	6	9	56.25%	2	2	35	52	0.98	1	1	5	1	6	3	+T
I	4304169	G	+A/+A	1	12	92.31%	1	2	37	43	0.98	1	1	1	0	6	6	+A
I	4374342	A	-G/-G	1	23	95.83%	1	2	37	54	0.98	1	1	1	0	10	13	-G
I	4394766	C	*/+A	10	2	16.67%	2	1	45	55	0.98	1	1	7	3	2	0	+A
I	4407494	T	+G/+G	0	15	100%	0	2	0	49	0.98	0	1	0	0	8	7	+G
I	4410191	C	-G/-G	2	21	91.3%	1	2	37	44	0.98	1	1	2	0	13	8	-G
I	4414201	C	*/-T	1	2	40%	1	1	37	55	0.98	1	1	1	0	2	0	-T
I	4431856	G	+A/+A	3	28	90.32%	1	2	61	51	0.98	1	1	3	0	11	17	+A
I	4431868	C	+A/+A	3	28	90.32%	2	2	57	45	0.98	1	1	2	1	10	18	+A
I	4442621	A	*/-AT	29	6	16.67%	2	2	56	53	0.98	1	1	19	10	3	3	-AT
I	4455149	G	*/+A	1	5	62.5%	1	2	25	31	0.98	1	1	1	0	3	2	+A
I	4514478	T	*/-A	2	5	45.45%	2	1	55	44	0.98	1	1	1	1	5	0	-A
I	4514478	T	*/-AA	2	2	18.18%	2	2	55	55	0.98	1	1	1	1	1	1	-A
I	4629553	C	*/+A	5	9	64.29%	2	2	51	41	0.98	1	1	3	2	4	5	+A
I	4648145	G	*/+T	11	2	15.38%	2	1	38	37	0.98	1	1	7	4	2	0	+T
I	4648159	T	*/-G	5	10	55.56%	2	2	37	35	0.98	1	1	3	2	5	5	-G
I	4648159	T	*/-GG	5	3	16.67%	2	2	37	49	0.98	1	1	3	2	2	1	-G
I	4721875	G	+A/+A	0	10	100%	0	2	0	46	0.98	0	1	0	0	6	4	+A
I	4733668	G	*/-A	9	3	25%	2	1	43	37	0.98	1	1	6	3	3	0	-A
I	4764253	G	*/+A	7	12	52.17%	2	2	45	49	0.98	1	1	5	2	11	1	+A
I	4777869	T	*/+ATTA	16	2	11.11%	2	2	43	37	0.98	1	1	11	5	1	1	+ATTA
I	4810631	T	*/-A	6	2	25%	2	1	39	55	0.98	1	1	1	5	0	2	-A
I	4817581	A	*/+CC	18	3	14.29%	2	1	43	33	0.98	1	1	7	11	3	0	+CC
I	4838525	C	*/-A	11	2	15.38%	2	2	57	37	0.98	1	1	3	8	1	1	-A
I	4916623	C	*/-A	7	2	18.18%	2	2	51	37	0.98	1	1	4	3	1	1	-A
I	4926046	C	*/+T	3	6	66.67%	1	1	37	33	0.98	1	1	3	0	6	0	+T
I	4977831	A	*/+TT	18	2	10%	2	1	40	37	0.98	1	1	7	11	0	2	+TT
I	4978355	A	*/-T	18	2	10%	2	1	62	74	0.98	1	1	10	8	0	2	-T
I	4984784	A	*/-T	4	3	37.5%	2	1	39	37	0.98	1	1	2	2	3	0	-T
I	5045335	G	*/-T	15	2	11.76%	2	2	47	55	0.98	1	1	6	9	1	1	-T
I	5086943	A	*/-T	17	2	10.53%	2	1	48	49	0.98	1	1	10	7	2	0	-T
I	5142627	A	+G/+G	0	10	83.33%	0	2	0	41	0.98	0	1	0	0	5	5	+G
I	5148414	T	-A/-A	1	28	96.55%	1	2	74	45	0.98	1	1	1	0	13	15	-A
I	5173087	C	+T/+T	1	10	90.91%	1	2	37	53	0.98	1	1	1	0	4	6	+T
I	5173430	G	*/+T	7	13	65%	2	2	42	44	0.98	1	1	3	4	8	5	+T
I	5176926	T	*/+A	3	6	66.67%	2	2	49	43	0.98	1	1	2	1	4	2	+A
I	5177760	A	*/-T	14	3	15.79%	2	2	43	53	0.98	1	1	13	1	1	2	-T
I	5181376	A	*/-T	19	2	9.52%	2	1	48	55	0.98	1	1	14	5	0	2	-T
I	5181832	G	*/+T	12	2	14.29%	2	2	45	55	0.98	1	1	8	4	1	1	+T
I	5266596	A	*/-T	10	4	26.67%	2	2	42	55	0.98	1	1	2	8	3	1	-T
I	5360243	A	*/+T	38	2	5%	2	1	45	37	0.98	1	1	16	22	0	2	+T
I	5363995	C	*/-A	24	3	11.11%	2	2	46	49	0.98	1	1	10	14	1	2	-A
I	5368262	T	-C/-C	0	33	100%	0	2	0	49	0.98	0	1	0	0	14	19	-C
I	5368273	G	+T/+T	0	34	94.44%	0	2	0	52	0.98	0	1	0	0	13	21	+T
I	5426622	C	+T/+T	2	12	75%	2	2	55	37	0.98	1	1	1	1	9	3	+T
I	5426622	C	*/+TT	2	2	12.5%	2	1	55	37	0.98	1	1	1	1	2	0	+T
I	5509333	T	*/-A	28	2	6.67%	2	2	56	55	0.98	1	1	12	16	1	1	-A
I	5547223	T	*/+A	14	2	12.5%	2	1	40	37	0.98	1	1	11	3	2	0	+A
I	5559365	C	-T/-T	0	4	100%	0	2	0	46	0.98	0	1	0	0	2	2	-T
I	5562426	A	*/+T	29	3	9.38%	2	2	42	49	0.98	1	1	17	12	1	2	+T
I	5566884	T	*/-A	22	2	8.33%	2	2	45	37	0.98	1	1	8	14	1	1	-A
I	5567937	C	*/+A	25	2	6.9%	2	2	41	37	0.98	1	1	18	7	1	1	+A
I	5572022	A	*/-T	34	3	8.11%	2	1	44	37	0.98	1	1	10	24	0	3	-T
I	5576850	T	*/-A	14	2	10.53%	2	2	42	37	0.98	1	1	10	4	1	1	-A
I	5576850	T	*/-AA	14	3	15.79%	2	1	42	33	0.98	1	1	10	4	3	0	-AA
II	3274	C	*/+T	24	2	7.69%	2	1	39	37	0.98	1	1	16	8	0	2	+T
II	5109	A	*/+C	73	10	12.05%	2	2	48	55	0.98	1	1	17	56	8	2	+C
II	5299	G	*/-T	21	2	8.33%	2	1	40	37	0.98	1	1	8	13	0	2	-T
II	15830	T	*/+A	3	2	33.33%	2	1	53	42	0.98	1	1	2	1	2	0	+A
II	23557	G	*/-A	3	2	33.33%	1	1	37	37	0.98	1	1	3	0	2	0	-A
II	46913	T	*/+A	7	2	20%	2	2	33	49	0.98	1	1	5	2	1	1	+A
II	113240	T	*/-A	4	2	25%	2	1	40	37	0.98	1	1	1	3	2	0	-A
II	121588	G	*/+T	11	6	35.29%	2	2	48	72	0.98	1	1	6	5	2	4	+T
II	128001	T	-A/-A	1	16	94.12%	1	2	25	43	0.98	1	1	0	1	9	7	-A
II	146079	T	-C/-C	0	20	100%	0	2	0	43	0.98	0	1	0	0	11	9	-C
II	201022	A	*/-T	12	4	23.53%	2	2	45	37	0.98	1	1	7	5	1	3	-T
II	229897	A	*/-T	17	4	14.29%	2	2	34	52	0.98	1	1	16	1	2	2	-T
II	229897	A	*/-TT	17	5	17.86%	2	2	34	42	0.98	1	1	16	1	4	1	-TT
II	229897	A	*/+T	17	2	7.14%	2	2	34	49	0.98	1	1	16	1	1	1	-TT
II	257643	C	*/-T	24	2	7.69%	2	2	39	55	0.98	1	1	22	2	1	1	-T
II	271633	G	*/-C	29	2	6.45%	2	2	47	37	0.98	1	1	24	5	1	1	-C
II	402425	T	*/-A	15	2	11.76%	2	2	37	31	0.98	1	1	4	11	1	1	-A
II	410085	C	*/-T	11	3	16.67%	2	2	38	52	0.98	1	1	8	3	1	2	-T
II	410085	C	*/-TT	11	2	11.11%	2	1	38	55	0.98	1	1	8	3	2	0	-T
II	484534	A	*/+T	3	6	66.67%	2	2	40	59	0.98	1	1	2	1	2	4	+T
II	521731	G	*/-T	30	2	6.06%	2	2	46	37	0.98	1	1	15	15	1	1	-T
II	561064	T	*/-A	5	3	33.33%	2	2	42	36	0.98	1	1	2	3	1	2	-A
II	603279	A	-T/-T	0	15	100%	0	2	0	44	0.98	0	1	0	0	11	4	-T
II	603305	A	-C/-C	0	15	100%	0	2	0	44	0.98	0	1	0	0	8	7	-C
II	662406	A	*/+T	32	2	5.88%	2	1	47	74	0.98	1	1	16	16	2	0	+T
II	677175	G	*/-TA	35	2	5.26%	2	2	45	31	0.98	1	1	11	24	1	1	-TA
II	688037	C	*/-T	25	2	7.41%	2	2	50	37	0.98	1	1	13	12	1	1	-T
II	700009	T	-A/-A	2	10	83.33%	1	2	55	37	0.98	1	1	2	0	4	6	-A
II	753854	A	*/-T	11	2	11.76%	2	1	40	37	0.98	1	1	6	5	2	0	-T
II	753854	A	*/+T	11	2	11.76%	2	2	40	37	0.98	1	1	6	5	1	1	-T
II	756993	C	*/-T	13	4	23.53%	2	2	44	43	0.98	1	1	6	7	2	2	-T
II	846003	G	*/+T	15	3	15.79%	2	2	41	61	0.98	1	1	11	4	1	2	+T
II	847457	G	*/-A	4	2	28.57%	1	1	37	37	0.98	1	1	4	0	2	0	-A
II	850498	G	*/+A	17	2	10.53%	2	2	47	37	0.98	1	1	12	5	1	1	+A
II	888599	A	-C/-C	0	14	100%	0	2	0	47	0.98	0	1	0	0	10	4	-C
II	889921	C	*/-T	16	4	18.18%	2	2	38	33	0.98	1	1	15	1	2	2	-T
II	890578	C	*/-T	15	3	15.79%	1	2	37	33	0.98	1	1	15	0	2	1	-T
II	903106	G	+T/+T	0	18	100%	0	2	0	47	0.98	0	1	0	0	10	8	+T
II	948303	T	*/-A	12	2	13.33%	2	2	48	55	0.98	1	1	8	4	1	1	-A
II	1078264	T	*/-A	26	4	12.5%	2	2	44	46	0.98	1	1	19	7	2	2	-A
II	1079843	T	*/+A	2	8	72.73%	2	2	31	40	0.98	1	1	1	1	3	5	+A
II	1122580	C	*/-T	30	3	9.09%	2	1	46	45	0.98	1	1	16	14	3	0	-T
II	1127809	G	*/-GA	18	2	10%	2	2	51	37	0.98	1	1	8	10	1	1	-GA
II	1140902	C	*/-T	21	2	8.7%	2	1	41	37	0.98	1	1	7	14	0	2	-T
II	1163154	A	-T/-T	0	10	100%	0	2	0	39	0.98	0	1	0	0	7	3	-T
II	1187785	G	*/-T	11	5	29.41%	2	2	49	49	0.98	1	1	6	5	3	2	-T
II	1212132	G	*/+T	19	2	9.52%	2	2	44	37	0.98	1	1	12	7	1	1	+T
II	1243365	G	*/-T	13	2	11.76%	2	1	45	49	0.98	1	1	4	9	0	2	-T
II	1243365	G	*/+T	13	2	11.76%	2	1	45	49	0.98	1	1	4	9	0	2	-T
II	1266289	T	*/+A	2	5	62.5%	1	2	31	51	0.98	1	1	2	0	2	3	+A
II	1266955	G	*/-GA	56	3	5.08%	2	2	44	37	0.98	1	1	27	29	1	2	-GA
II	1308618	G	-T/-T	1	25	96.15%	1	2	74	42	0.98	1	1	1	0	19	6	-T
II	1365999	G	*/-T	15	5	22.73%	2	2	45	49	0.98	1	1	10	5	2	3	-T
II	1365999	G	*/+T	15	2	9.09%	2	2	45	37	0.98	1	1	10	5	1	1	-T
II	1389139	C	*/+T	5	4	36.36%	2	1	44	37	0.98	1	1	3	2	4	0	+T
II	1467485	C	*/-T	20	5	19.23%	2	2	36	32	0.98	1	1	5	15	1	4	-T
II	1508313	C	*/+A	19	2	9.52%	2	1	48	37	0.98	1	1	10	9	0	2	+A
II	1545027	C	*/-A	6	3	27.27%	2	1	46	37	0.98	1	1	4	2	3	0	-A
II	1553889	A	*/-G	38	5	11.63%	2	1	41	37	0.98	1	1	21	17	5	0	-G
II	1554365	T	*/+C	28	2	6.67%	2	1	47	31	0.98	1	1	18	10	0	2	+C
II	1554519	G	*/-T	20	2	9.09%	2	1	42	31	0.98	1	1	8	12	0	2	-T
II	1555919	A	*/+TTTATT	6	2	25%	2	2	47	31	0.98	1	1	5	1	1	1	+TTTATT
II	1600211	C	*/+A	38	3	7.32%	2	1	49	37	0.98	1	1	22	16	3	0	+A
II	1610504	A	*/+G	57	3	5%	2	2	47	49	0.98	1	1	34	23	2	1	+G
II	1613132	A	*/-AT	16	2	11.11%	2	1	45	31	0.98	1	1	5	11	0	2	-AT
II	1627981	C	*/-T	16	3	15.79%	2	2	43	45	0.98	1	1	12	4	2	1	-T
II	1629986	A	*/+T	27	2	6.67%	2	2	49	37	0.98	1	1	10	17	1	1	+T
II	1678205	T	*/-A	3	4	57.14%	2	2	37	55	0.98	1	1	2	1	1	3	-A
II	1681660	A	*/+T	7	2	22.22%	2	2	42	37	0.98	1	1	6	1	1	1	+T
II	1700176	T	*/-A	5	3	33.33%	2	2	37	37	0.98	1	1	4	1	1	2	-A
II	1709150	G	*/-T	9	3	25%	2	2	41	61	0.98	1	1	6	3	2	1	-T
II	1722036	C	*/+A	6	15	71.43%	2	2	37	41	0.98	1	1	4	2	12	3	+A
II	1748646	G	*/-A	6	2	13.33%	1	1	34	36	0.98	1	1	6	0	0	2	-A
II	1748646	G	*/-AA	6	2	13.33%	1	2	34	42	0.98	1	1	6	0	1	1	-A
II	1748646	G	*/-AAA	6	4	26.67%	1	2	34	49	0.98	1	1	6	0	2	2	-AAA
II	1763419	T	*/-A	10	7	41.18%	2	2	42	45	0.98	1	1	8	2	5	2	-A
II	1818108	C	*/-T	12	2	11.76%	2	1	36	43	0.98	1	1	6	6	0	2	-T
II	1818108	C	*/-TT	12	2	11.76%	2	1	36	55	0.98	1	1	6	6	2	0	-T
II	1861420	T	-G/-G	2	20	90.91%	1	2	31	48	0.98	1	1	0	2	14	6	-G
II	1867795	A	+T/+T	2	6	75%	1	2	49	59	0.98	1	1	2	0	2	4	+T
II	1868122	G	*/+T	6	6	42.86%	2	1	33	37	0.98	1	1	4	2	6	0	+T
II	1868122	G	*/+TT	6	2	14.29%	2	2	33	42	0.98	1	1	4	2	1	1	+T
II	1873779	T	+A/+A	0	8	100%	0	2	0	41	0.98	0	1	0	0	6	2	+A
II	1877294	A	+T/+T	2	14	82.35%	2	2	37	37	0.98	1	1	1	1	9	5	+T
II	1941966	A	+T/+T	0	11	100%	0	2	0	53	0.98	0	1	0	0	8	3	+T
II	1941982	A	+T/+T	0	12	100%	0	2	0	52	0.98	0	1	0	0	8	4	+T
II	1942496	T	*/-C	21	2	8.7%	2	2	48	37	0.98	1	1	11	10	1	1	-C
II	1948953	G	-A/-A	0	25	100%	0	2	0	43	0.98	0	1	0	0	13	12	-A
II	1950050	A	+G/+G	3	21	87.5%	2	2	37	51	0.98	1	1	2	1	10	11	+G
II	1953298	C	*/-CT	14	2	12.5%	2	1	44	37	0.98	1	1	6	8	2	0	-CT
II	1955495	T	+A/+A	2	14	87.5%	1	2	55	41	0.98	1	1	2	0	13	1	+A
II	1960392	A	+G/+G	0	15	100%	0	2	0	44	0.98	0	1	0	0	5	10	+G
II	1987101	C	-G/-G	2	18	90%	2	2	37	45	0.98	1	1	1	1	10	8	-G
II	1987117	T	-G/-G	0	21	100%	0	2	0	39	0.98	0	1	0	0	11	10	-G
II	1992841	T	*/-A	16	2	11.11%	2	2	41	37	0.98	1	1	5	11	1	1	-A
II	2012625	T	*/+C	49	6	10.71%	2	1	40	37	0.98	1	1	15	34	0	6	+C
II	2049891	A	-T/-T	2	29	93.55%	1	2	37	51	0.98	1	1	0	2	16	13	-T
II	2053516	G	+C/+C	0	26	96.3%	0	2	0	46	0.98	0	1	0	0	6	20	+C
II	2081241	A	*/+C	74	4	5.13%	2	2	44	36	0.98	1	1	29	45	1	3	+C
II	2100335	T	*/+GAA	24	4	14.29%	2	2	41	34	0.98	1	1	11	13	2	2	+GAA
II	2103523	G	*/-A	14	2	12.5%	2	1	41	37	0.98	1	1	10	4	2	0	-A
II	2108180	T	+A/+A	1	13	92.86%	1	2	37	41	0.98	1	1	0	1	8	5	+A
II	2147726	G	+T/+T	1	11	91.67%	1	2	74	40	0.98	1	1	1	0	6	5	+T
II	2187407	G	+A/+A	0	9	90%	0	2	0	35	0.98	0	1	0	0	7	2	+A
II	2197587	C	*/-A	5	2	25%	2	1	42	37	0.98	1	1	4	1	2	0	-A
II	2199987	A	*/+TAACC	24	13	33.33%	2	2	47	43	0.98	1	1	9	15	3	10	+TAACC
II	2203175	T	*/-A	12	3	20%	2	2	46	36	0.98	1	1	7	5	1	2	-A
II	2219928	A	+T/+T	1	17	89.47%	1	2	37	42	0.98	1	1	0	1	6	11	+T
II	2293297	G	-A/-A	1	8	88.89%	1	2	74	55	0.98	1	1	0	1	3	5	-A
II	2338528	G	*/-A	14	2	11.76%	1	2	35	42	0.98	1	1	14	0	1	1	-A
II	2443873	T	*/+A	5	3	27.27%	1	2	42	37	0.98	1	1	5	0	2	1	+A
II	2443873	T	*/+AA	5	3	27.27%	1	1	42	37	0.98	1	1	5	0	3	0	+A
II	2579458	C	*/+A	4	2	33.33%	2	1	37	37	0.98	1	1	3	1	2	0	+A
II	2592423	T	+A/+A	2	11	84.62%	1	2	49	35	0.98	1	1	2	0	5	6	+A
II	2630607	C	*/+A	3	9	69.23%	2	2	49	38	0.98	1	1	2	1	5	4	+A
II	2640785	T	*/+A	7	18	69.23%	1	2	49	44	0.98	1	1	0	7	8	10	+A
II	2647497	C	*/-TT	15	2	11.11%	2	2	41	42	0.98	1	1	5	10	1	1	-TT
II	2650243	G	*/+A	23	2	7.69%	2	2	42	37	0.98	1	1	8	15	1	1	+A
II	2709414	G	+C/+C	1	20	95.24%	1	2	74	45	0.98	1	1	1	0	9	11	+C
II	2755338	C	*/-AT	7	9	52.94%	2	2	47	49	0.98	1	1	2	5	2	7	-AT
II	2788933	C	+G/+G	1	21	95.45%	1	2	37	47	0.98	1	1	1	0	15	6	+G
II	2798040	C	-T/-T	0	17	100%	0	2	0	45	0.98	0	1	0	0	7	10	-T
II	2798514	A	-G/-G	1	8	88.89%	1	2	37	40	0.98	1	1	0	1	4	4	-G
II	2811495	C	-A/-A	0	18	100%	0	2	0	52	0.98	0	1	0	0	10	8	-A
II	2826100	G	*/-A	9	3	25%	2	1	33	33	0.98	1	1	4	5	3	0	-A
II	2828745	T	*/-A	13	2	13.33%	2	1	42	37	0.98	1	1	3	10	2	0	-A
II	2871377	T	*/+A	22	3	12%	2	1	39	57	0.98	1	1	14	8	3	0	+A
II	2894538	T	*/-A	10	3	23.08%	2	1	35	37	0.98	1	1	4	6	0	3	-A
II	2900889	A	*/-T	5	4	33.33%	2	2	44	46	0.98	1	1	4	1	3	1	-T
II	2900889	A	*/-TT	5	2	16.67%	2	2	44	37	0.98	1	1	4	1	1	1	-T
II	2918170	G	*/+A	36	2	5.26%	2	1	51	37	0.98	1	1	12	24	0	2	+A
II	2938956	C	+T/+T	1	11	91.67%	1	2	37	50	0.98	1	1	0	1	5	6	+T
II	2986224	T	*/+A	17	2	10.53%	2	2	47	43	0.98	1	1	11	6	1	1	+A
II	2988149	G	*/-T	13	3	18.75%	2	2	45	40	0.98	1	1	8	5	2	1	-T
II	3040332	C	+G/+G	3	33	91.67%	2	2	37	52	0.98	1	1	1	2	19	14	+G
II	3154052	G	*/-T	16	5	21.74%	2	2	43	39	0.98	1	1	8	8	4	1	-T
II	3160415	G	*/-T	25	2	7.41%	2	1	50	37	0.98	1	1	14	11	2	0	-T
II	3171788	G	*/-A	1	4	44.44%	1	2	37	58	0.98	1	1	1	0	3	1	-A
II	3171788	G	*/+A	1	4	44.44%	1	1	37	42	0.98	1	1	1	0	4	0	-A
II	3179569	T	*/+A	21	3	12.5%	2	2	47	37	0.98	1	1	12	9	2	1	+A
II	3253453	C	*/+T	5	2	22.22%	2	1	34	62	0.98	1	1	3	2	0	2	+T
II	3292527	C	*/-A	18	2	10%	2	1	43	55	0.98	1	1	6	12	2	0	-A
II	3329982	G	*/+T	7	2	22.22%	2	1	42	37	0.98	1	1	4	3	0	2	+T
II	3380128	C	*/-T	5	3	33.33%	2	1	39	33	0.98	1	1	3	2	3	0	-T
II	3410437	G	*/-TT	6	2	25%	2	1	51	42	0.98	1	1	5	1	2	0	-TT
II	3462182	G	*/+T	10	2	16.67%	2	2	51	37	0.98	1	1	3	7	1	1	+T
II	3509251	T	*/-A	3	2	28.57%	1	2	37	31	0.98	1	1	3	0	1	1	-A
II	3509251	T	*/+A	3	2	28.57%	1	1	37	37	0.98	1	1	3	0	0	2	-A
II	3540057	A	*/-T	18	4	16.67%	2	2	43	46	0.98	1	1	12	6	3	1	-T
II	3573454	C	*/+A	12	3	20%	2	2	41	49	0.98	1	1	4	8	2	1	+A
II	3606660	C	*/+T	17	2	10%	2	2	45	37	0.98	1	1	12	5	1	1	+T
II	3619003	A	+G/+G	1	18	90%	1	2	48	41	0.98	1	1	1	0	8	10	+G
II	3621704	A	*/-T	18	4	17.39%	2	2	39	34	0.98	1	1	10	8	2	2	-T
II	3634793	C	*/-T	4	2	33.33%	2	2	37	37	0.98	1	1	3	1	1	1	-T
II	3715149	G	*/-A	6	4	33.33%	2	2	43	55	0.98	1	1	5	1	3	1	-A
II	3799350	G	*/+A	1	5	62.5%	1	2	37	41	0.98	1	1	0	1	3	2	+A
II	3814225	T	*/+A	26	4	13.33%	2	2	57	46	0.98	1	1	15	11	2	2	+A
II	3838101	C	*/-A	1	2	50%	1	2	48	55	0.98	1	1	0	1	1	1	-A
II	3838912	T	*/-A	6	4	36.36%	2	2	41	52	0.98	1	1	2	4	2	2	-A
II	3856896	A	*/-T	10	3	17.65%	2	2	40	49	0.98	1	1	6	4	1	2	-T
II	3856896	A	*/+T	10	2	11.76%	2	2	40	42	0.98	1	1	6	4	1	1	-T
II	3860185	C	*/-TAGTA	14	17	48.57%	2	2	45	38	0.98	1	1	4	10	15	2	-TAGTA
II	3862860	C	*/-T	10	3	23.08%	2	2	32	49	0.98	1	1	4	6	1	2	-T
II	3869342	A	*/-AT	23	2	7.69%	2	2	44	55	0.98	1	1	8	15	1	1	-AT
II	3904627	A	*/-G	22	3	12%	2	1	43	37	0.98	1	1	6	16	0	3	-G
II	3954039	C	*/-T	16	6	21.43%	2	2	47	30	0.98	1	1	8	8	3	3	-T
II	3954039	C	*/+T	16	6	21.43%	2	2	47	47	0.98	1	1	8	8	3	3	-T
II	3975235	C	*/-A	12	4	20%	2	1	41	46	0.98	1	1	9	3	4	0	-A
II	3975235	C	*/-AA	12	2	10%	2	2	41	36	0.98	1	1	9	3	1	1	-A
II	4006982	C	*/-A	6	6	42.86%	2	2	37	39	0.98	1	1	4	2	3	3	-A
II	4031460	A	*/+T	4	2	25%	2	1	43	37	0.98	1	1	2	2	2	0	+T
II	4076272	C	*/+A	19	2	9.52%	2	1	50	55	0.98	1	1	12	7	2	0	+A
II	4100280	C	*/-A	19	2	9.52%	2	2	51	37	0.98	1	1	11	8	1	1	-A
II	4103853	C	*/-AT	38	3	7.32%	2	1	53	37	0.98	1	1	18	20	0	3	-AT
II	4108814	G	*/-TA	28	2	6.67%	2	2	43	74	0.98	1	1	11	17	1	1	-TA
II	4181365	C	*/-G	14	2	12.5%	2	1	47	55	0.98	1	1	9	5	2	0	-G
II	4254960	G	-A/-A	2	19	90.48%	2	2	37	44	0.98	1	1	1	1	5	14	-A
II	4264124	C	*/+TGA	36	5	12.2%	2	2	49	37	0.98	1	1	22	14	2	3	+TGA
II	4308414	C	*/+A	6	11	64.71%	2	2	37	49	0.98	1	1	2	4	3	8	+A
II	4315564	C	*/-T	20	4	16.67%	2	2	44	37	0.98	1	1	9	11	2	2	-T
II	4419921	T	*/+A	2	4	50%	2	1	55	49	0.98	1	1	1	1	0	4	+A
II	4442227	T	*/-A	20	2	9.09%	2	1	45	37	0.98	1	1	13	7	2	0	-A
II	4459027	C	*/+A	69	4	5.48%	2	2	53	55	0.98	1	1	31	38	2	2	+A
II	4481876	G	*/+T	120	8	6.25%	2	2	46	55	0.98	1	1	59	61	5	3	+T
II	4483627	G	*/-A	36	2	5.26%	2	2	51	55	0.98	1	1	21	15	1	1	-A
II	4507612	T	*/-A	21	2	8.7%	2	1	40	37	0.98	1	1	19	2	0	2	-A
II	4507813	A	*/+G	74	13	14.94%	2	2	48	57	0.98	1	1	46	28	7	6	+G
II	4511610	C	*/-A	79	5	5.95%	2	2	52	59	0.98	1	1	48	31	4	1	-A
II	4513922	G	*/+GGCTGCTATAATCATTCCCAA	48	3	5.77%	2	1	50	61	0.98	1	1	15	33	0	3	+GGCTGCTATAATCATTCCCAA
II	4514466	A	*/+TT	18	2	10%	2	1	45	55	0.98	1	1	11	7	2	0	+TT
II	4517047	T	*/+TACTCATC	67	10	12.5%	2	2	47	38	0.98	1	1	37	30	8	2	+TACTCATC
II	4518107	G	*/-TA	142	9	5.96%	2	2	47	39	0.98	1	1	53	89	3	6	-TA
II	4521677	T	*/-A	11	2	11.11%	2	2	43	37	0.98	1	1	8	3	1	1	-A
II	4521677	T	*/-AA	11	5	27.78%	2	2	43	37	0.98	1	1	8	3	4	1	-AA
II	4525340	G	*/-T	39	5	9.09%	2	2	39	44	0.98	1	1	32	7	3	2	-T
II	4525340	G	*/+T	39	11	20%	2	2	39	44	0.98	1	1	32	7	8	3	+T
II	4526174	A	*/-T	32	4	11.11%	2	2	40	37	0.98	1	1	19	13	2	2	-T
II	4526843	C	*/-T	4	4	30.77%	2	2	31	33	0.98	1	1	3	1	2	2	-T
II	4526843	C	*/-TT	4	2	15.38%	2	2	31	37	0.98	1	1	3	1	1	1	-T
II	4528465	C	*/+GACAAT	67	9	11.69%	2	2	46	49	0.98	1	1	31	36	4	5	+GACAAT
II	4528483	T	*/-GACAATGACAGA	70	9	11.25%	2	2	44	45	0.98	1	1	36	34	4	5	-GACAATGACAGA
II	4529375	T	*/+ACAACGACAACGACAACG	66	17	17.71%	2	2	44	45	0.98	1	1	34	32	10	7	+ACAACGACAACGACAACG
II	4529375	T	*/+ACAACGACAACGACAACGACAACG	66	10	10.42%	2	2	44	43	0.98	1	1	34	32	7	3	+ACAACGACAACGACAACG
II	4533588	C	*/-T	63	33	34.38%	2	2	39	43	0.98	1	1	34	29	17	16	-T
II	4534880	A	*/-T	126	29	18.71%	2	2	46	37	0.98	1	1	61	65	11	18	-T
II	4535321	G	*/-GATAT	237	21	8.14%	2	2	43	42	0.98	1	1	109	128	12	9	-GATAT
II	4535523	T	*/+GTTACG	244	36	12.86%	2	2	44	45	0.98	1	1	66	178	13	23	+GTTACG
II	4535548	A	*/-TATGTG	220	34	12.19%	2	2	44	43	0.98	1	1	75	145	24	10	-TATGTG
II	4535548	A	*/+TATGTG	220	20	7.17%	2	2	44	41	0.98	1	1	75	145	8	12	-TATGTG
II	4535645	G	*/-T	193	45	18.75%	2	2	49	54	0.98	1	1	108	85	23	22	-T
II	4535727	A	*/-G	177	26	12.81%	2	2	43	42	0.98	1	1	63	114	12	14	-G
II	4536728	A	*/+GAGAGTAGG	234	26	9.7%	2	2	46	41	0.98	1	1	111	123	10	16	+GAGAGTAGG
II	4537213	G	+T/+T	57	231	80.21%	2	2	48	49	0.98	1	1	36	21	139	92	+T
II	4537387	A	-AATAAGAG/-AATAAGAG	54	178	76.72%	2	2	43	46	0.98	1	1	11	43	107	71	-AATAAGAG
II	4537665	G	*/+AAATA	80	5	5.68%	2	2	43	34	0.98	1	1	48	32	4	1	+AAATA
II	4537712	T	*/-AAATAAAATTAATG	53	6	10.17%	2	2	40	41	0.98	1	1	29	24	2	4	-AAATAAAATTAATG
II	4539204	G	*/-ATAGGTAGAATAAGTAAAGCAGAATAGGTAGA	226	19	7.76%	2	2	44	38	0.98	1	1	90	136	11	8	-ATAGGTAGAATAAGTAAAGCAGAATAGGTAGA
III	1558	G	*/-A	66	7	8.05%	2	2	40	45	0.98	1	1	31	35	3	4	-A
III	1558	G	*/+A	66	9	10.34%	2	2	40	38	0.98	1	1	31	35	5	4	+A
III	4729	A	*/-T	326	111	23.27%	2	2	47	48	0.98	1	1	216	110	54	57	-T
III	4952	C	*/+T	264	78	22.48%	2	2	42	49	0.98	1	1	162	102	30	48	+T
III	5403	C	*/-T	344	91	18.09%	2	2	44	42	0.98	1	1	260	84	49	42	-T
III	5403	C	*/-TT	344	39	7.75%	2	2	44	43	0.98	1	1	260	84	21	18	-T
III	9812	T	*/+A	130	24	15.29%	2	2	45	40	0.98	1	1	34	96	2	22	+A
III	12428	G	*/-A	50	5	7.04%	2	2	41	32	0.98	1	1	21	29	2	3	-A
III	12428	G	*/+A	50	9	12.68%	2	2	41	43	0.98	1	1	21	29	8	1	+A
III	15599	A	*/-T	332	88	19.34%	2	2	48	46	0.98	1	1	218	114	46	42	-T
III	15822	C	*/+T	249	79	23.94%	2	2	41	48	0.98	1	1	158	91	21	58	+T
III	16273	C	*/-T	330	93	19.58%	2	2	43	43	0.98	1	1	232	98	59	34	-T
III	16273	C	*/-TT	330	24	5.05%	2	2	43	39	0.98	1	1	232	98	17	7	-T
III	20682	T	*/+A	111	30	20.98%	2	1	45	39	0.98	1	1	34	77	0	30	+A
III	23298	G	*/-A	52	7	10.29%	2	2	37	49	0.98	1	1	27	25	2	5	-A
III	23298	G	*/+A	52	6	8.82%	2	2	37	55	0.98	1	1	27	25	3	3	-A
III	29077	T	*/-C	58	6	9.38%	2	2	59	61	0.98	1	1	20	38	3	3	-C
III	59772	C	*/-A	25	2	7.14%	2	2	47	37	0.98	1	1	10	15	1	1	-A
III	69589	T	*/-A	10	3	18.75%	2	2	48	49	0.98	1	1	3	7	1	2	-A
III	69589	T	*/-AA	10	2	12.5%	2	1	48	37	0.98	1	1	3	7	0	2	-A
III	120832	C	*/-A	9	2	18.18%	2	1	45	37	0.98	1	1	5	4	2	0	-A
III	123319	T	*/-A	10	4	23.53%	2	1	51	37	0.98	1	1	5	5	0	4	-A
III	123319	T	*/-AA	10	3	17.65%	2	2	51	49	0.98	1	1	5	5	1	2	-A
III	207168	T	*/-A	4	2	25%	2	1	49	37	0.98	1	1	2	2	2	0	-A
III	207168	T	*/+A	4	2	25%	2	1	49	68	0.98	1	1	2	2	0	2	-A
III	208140	C	*/+A	4	3	33.33%	2	1	36	40	0.98	1	1	2	2	3	0	+A
III	211247	C	*/+T	38	2	5%	2	1	42	37	0.98	1	1	27	11	2	0	+T
III	234763	A	-TTGTTTTGTT/-TTGTTTTGTT	3	10	76.92%	2	2	37	42	0.98	1	1	2	1	6	4	-TTGTTTTGTT
III	237048	G	*/-A	12	2	14.29%	2	1	44	42	0.98	1	1	8	4	2	0	-A
III	245692	C	*/-T	19	2	9.52%	2	1	40	55	0.98	1	1	9	10	0	2	-T
III	253907	A	*/+TT	1	2	40%	1	1	37	37	0.98	1	1	1	0	0	2	+TT
III	275098	T	*/-A	23	2	8%	2	2	44	37	0.98	1	1	13	10	1	1	-A
III	279260	C	*/-A	4	2	33.33%	2	2	52	37	0.98	1	1	2	2	1	1	-A
III	286478	C	-TT/-TT	0	9	100%	0	2	0	38	0.98	0	1	0	0	4	5	-TT
III	286594	T	*/+A	6	6	40%	2	2	53	37	0.98	1	1	4	2	3	3	+A
III	286594	T	*/+AA	6	2	13.33%	2	1	53	42	0.98	1	1	4	2	2	0	+A
III	293096	G	*/-T	8	4	30.77%	2	2	40	43	0.98	1	1	5	3	1	3	-T
III	347926	G	*/-TC	38	2	5%	2	1	45	37	0.98	1	1	5	33	0	2	-TC
III	348685	G	*/-AT	33	6	15%	2	2	41	67	0.98	1	1	22	11	2	4	-AT
III	349691	G	*/-T	14	2	12.5%	2	2	52	37	0.98	1	1	7	7	1	1	-T
III	365747	C	-A/-A	0	16	94.12%	0	2	0	43	0.98	0	1	0	0	8	8	-A
III	435303	T	*/+A	22	2	8.33%	2	2	54	37	0.98	1	1	16	6	1	1	+A
III	519895	C	*/-AGATGAAACAAATCCTGTATT	25	2	7.41%	2	1	42	37	0.98	1	1	16	9	0	2	-AGATGAAACAAATCCTGTATT
III	561995	G	*/-A	17	2	10.53%	2	2	38	37	0.98	1	1	9	8	1	1	-A
III	565384	T	*/-A	10	2	16.67%	2	2	37	37	0.98	1	1	8	2	1	1	-A
III	568658	C	*/-T	8	3	20%	2	2	44	49	0.98	1	1	6	2	1	2	-T
III	568658	C	*/+T	8	3	20%	2	2	44	31	0.98	1	1	6	2	2	1	-T
III	701093	G	*/-T	33	2	5.71%	2	2	48	31	0.98	1	1	16	17	1	1	-T
III	716572	G	*/+T	28	2	6.67%	2	2	48	55	0.98	1	1	14	14	1	1	+T
III	717677	A	-T/-T	0	5	83.33%	0	2	0	32	0.98	0	1	0	0	2	3	-T
III	719703	T	*/+A	8	2	20%	2	2	46	31	0.98	1	1	5	3	1	1	+A
III	719955	A	-C/-C	0	4	100%	0	2	0	37	0.98	0	1	0	0	1	3	-C
III	720559	C	*/+T	6	4	36.36%	2	2	41	40	0.98	1	1	5	1	3	1	+T
III	720683	A	+T/+T	1	8	88.89%	1	2	37	50	0.98	1	1	1	0	3	5	+T
III	762516	T	*/-A	11	2	14.29%	2	2	39	36	0.98	1	1	6	5	1	1	-A
III	853262	T	+A/+A	2	28	93.33%	2	2	61	43	0.98	1	1	1	1	12	16	+A
III	867865	C	-T/-T	1	10	90.91%	1	2	37	42	0.98	1	1	1	0	4	6	-T
III	897531	C	*/-A	15	4	19.05%	2	2	44	42	0.98	1	1	9	6	1	3	-A
III	897531	C	*/+A	15	2	9.52%	2	1	44	74	0.98	1	1	9	6	2	0	-A
III	954028	G	*/+A	14	2	12.5%	2	1	42	55	0.98	1	1	7	7	0	2	+A
III	958241	C	*/-T	10	4	25%	2	1	36	36	0.98	1	1	8	2	4	0	-T
III	966124	G	*/-T	17	9	30%	1	2	39	39	0.98	1	1	17	0	8	1	-T
III	966124	G	*/+T	17	2	6.67%	1	1	39	33	0.98	1	1	17	0	2	0	-T
III	970548	C	*/-T	11	2	15.38%	2	2	42	55	0.98	1	1	6	5	1	1	-T
III	970892	C	*/-T	12	4	23.53%	2	1	36	31	0.98	1	1	8	4	0	4	-T
III	1016311	G	+C/+C	2	26	92.86%	2	2	55	43	0.98	1	1	1	1	15	11	+C
III	1073505	T	*/+ATATAGAG	116	8	6.45%	2	2	50	49	0.98	1	1	75	41	7	1	+ATATAGAG
III	1075530	A	*/+TGGAAGTGGTAAG	106	8	7.02%	2	2	45	46	0.98	1	1	46	60	2	6	+TGGAAGTGGTAAG
III	1079346	A	*/+G	96	12	11.11%	2	2	45	43	0.98	1	1	69	27	7	5	+G
III	1084026	A	*/+AGTGGTGATGGTT	37	6	13.64%	2	2	45	37	0.98	1	1	14	23	4	2	+AGTGGTGATGGTT
III	1095550	G	*/-T	8	9	31.03%	2	2	42	42	0.98	1	1	7	1	6	3	-T
III	1095550	G	*/-TT	8	9	31.03%	2	2	42	46	0.98	1	1	7	1	5	4	-T
III	1103423	T	*/-A	14	9	29.03%	2	2	37	40	0.98	1	1	9	5	3	6	-A
III	1103423	T	*/-AA	14	4	12.9%	2	2	37	46	0.98	1	1	9	5	2	2	-A
III	1103423	T	*/-AAA	14	3	9.68%	2	2	37	49	0.98	1	1	9	5	1	2	-A
III	1103443	A	*/-C	30	2	6.25%	2	1	45	25	0.98	1	1	9	21	2	0	-C
III	1110963	T	*/+C	62	5	7.46%	2	2	45	42	0.98	1	1	25	37	2	3	+C
III	1114914	T	*/+ACCACTAACCATC	34	4	10.26%	2	2	44	37	0.98	1	1	17	17	2	2	+ACCACTAACCATC
III	1117723	T	*/+C	57	6	9.52%	2	2	46	43	0.98	1	1	23	34	4	2	+C
III	1121595	A	*/-C	13	2	13.33%	2	1	50	55	0.98	1	1	5	8	2	0	-C
III	1121674	T	*/+ACCACTAACCATC	38	7	15.56%	2	2	47	45	0.98	1	1	19	19	5	2	+ACCACTAACCATC
III	1128356	C	*/-T	16	2	11.11%	2	2	46	37	0.98	1	1	11	5	1	1	-T
III	1128369	C	*/-T	27	2	6.9%	2	2	47	37	0.98	1	1	18	9	1	1	-T
III	1128434	T	*/+ACCACTAACCATC	46	5	9.8%	2	2	48	34	0.98	1	1	33	13	4	1	+ACCACTAACCATC
III	1131243	T	*/+C	75	5	6.25%	2	2	46	44	0.98	1	1	31	44	2	3	+C
III	1135102	A	*/-C	20	3	13.04%	2	2	43	49	0.98	1	1	12	8	1	2	-C
III	1135194	T	*/+ACCACTAACCATC	49	6	10.71%	2	2	45	35	0.98	1	1	24	25	4	2	+ACCACTAACCATC
III	1164011	A	*/+AGC	17	2	10.53%	2	2	37	74	0.98	1	1	11	6	1	1	+AGC
III	1250192	T	*/+G	29	2	6.45%	2	2	49	74	0.98	1	1	17	12	1	1	+G
III	1308513	T	*/+A	16	3	15.79%	2	1	43	33	0.98	1	1	8	8	3	0	+A
III	1411422	C	+A/+A	5	24	77.42%	2	2	44	49	0.98	1	1	2	3	12	12	+A
III	1420722	C	*/+G	28	2	6.67%	2	1	48	31	0.98	1	1	12	16	0	2	+G
III	1421567	T	+G/+G	0	8	80%	0	1	0	40	0.98	0	1	0	0	8	0	+G
III	1421567	T	*/+GG	0	2	20%	0	1	0	37	0.98	0	1	0	0	2	0	+G
III	1471894	T	*/-G	17	4	19.05%	2	2	51	55	0.98	1	1	8	9	2	2	-G
III	1510629	T	*/-A	9	5	31.25%	2	2	39	37	0.98	1	1	7	2	4	1	-A
III	1547169	C	*/-A	7	4	36.36%	2	2	44	52	0.98	1	1	2	5	2	2	-A
III	1575951	G	*/+T	9	4	28.57%	2	2	39	55	0.98	1	1	7	2	3	1	+T
III	1581366	G	*/-T	6	3	30%	2	1	35	45	0.98	1	1	1	5	0	3	-T
III	1594933	T	*/-A	8	4	30.77%	2	2	40	55	0.98	1	1	4	4	3	1	-A
III	1674618	C	*/-T	6	2	20%	2	1	32	48	0.98	1	1	4	2	2	0	-T
III	1684246	A	*/-T	17	2	10.53%	2	1	37	37	0.98	1	1	9	8	2	0	-T
III	1685487	G	+A/+A	0	12	100%	0	2	0	40	0.98	0	1	0	0	6	6	+A
III	1702004	C	*/+T	25	3	10.71%	2	2	49	45	0.98	1	1	13	12	1	2	+T
III	1702276	A	*/-T	28	4	12.12%	2	2	56	46	0.98	1	1	14	14	3	1	-T
III	1712983	G	*/+A	4	2	20%	1	2	39	55	0.98	1	1	4	0	1	1	+A
III	1740769	T	*/+A	5	12	70.59%	2	2	51	39	0.98	1	1	3	2	8	4	+A
III	1756400	T	-A/-A	0	33	100%	0	2	0	46	0.98	0	1	0	0	16	17	-A
III	1757370	T	*/+A	14	2	12.5%	2	1	52	37	0.98	1	1	9	5	2	0	+A
III	1758846	C	*/-A	6	2	22.22%	2	2	47	55	0.98	1	1	3	3	1	1	-A
III	1774235	T	*/+GATC	3	15	71.43%	2	2	49	46	0.98	1	1	2	1	8	7	+GATC
III	1780525	T	*/+A	24	2	7.69%	2	2	46	37	0.98	1	1	11	13	1	1	+A
III	1786695	A	*/-G	26	3	10.34%	2	2	48	37	0.98	1	1	11	15	2	1	-G
III	1834016	G	*/-T	20	2	9.09%	2	1	45	55	0.98	1	1	8	12	0	2	-T
III	1868108	C	*/-T	14	2	11.76%	2	2	41	74	0.98	1	1	5	9	1	1	-T
III	1925626	C	*/-A	5	2	28.57%	2	1	42	42	0.98	1	1	2	3	0	2	-A
III	1928744	G	*/-T	12	2	14.29%	2	2	42	74	0.98	1	1	7	5	1	1	-T
III	1980379	T	*/+TTC	25	2	7.41%	2	2	52	37	0.98	1	1	8	17	1	1	+TTC
III	2001578	C	*/-G	22	2	8.33%	2	2	52	37	0.98	1	1	13	9	1	1	-G
III	2010864	G	*/-TA	21	2	8.7%	2	1	49	37	0.98	1	1	6	15	0	2	-TA
III	2027580	T	*/-A	9	2	18.18%	2	1	37	37	0.98	1	1	2	7	0	2	-A
III	2067571	T	*/-A	7	2	22.22%	2	2	39	55	0.98	1	1	4	3	1	1	-A
III	2076412	G	*/-T	11	3	21.43%	2	2	42	41	0.98	1	1	10	1	1	2	-T
III	2110237	T	*/+G	23	2	8%	2	2	45	55	0.98	1	1	11	12	1	1	+G
III	2145397	T	*/-A	36	3	7.69%	2	1	51	61	0.98	1	1	13	23	0	3	-A
III	2148212	C	*/+T	66	4	5.71%	2	2	43	46	0.98	1	1	30	36	1	3	+T
III	2178240	T	*/-A	12	2	14.29%	2	1	34	37	0.98	1	1	6	6	2	0	-A
III	2270459	C	*/-A	15	2	11.11%	2	1	36	68	0.98	1	1	9	6	0	2	-A
III	2281940	C	*/-T	19	2	9.09%	2	2	46	49	0.98	1	1	14	5	1	1	-T
III	2309611	T	*/-A	6	4	30.77%	2	1	35	46	0.98	1	1	2	4	0	4	-A
III	2309611	T	*/+A	6	2	15.38%	2	1	35	68	0.98	1	1	2	4	2	0	-A
III	2310960	G	*/-A	13	2	13.33%	2	1	40	74	0.98	1	1	4	9	0	2	-A
III	2310968	A	*/+GGT	13	2	13.33%	2	1	39	74	0.98	1	1	4	9	0	2	+GGT
III	2382018	A	*/-T	4	6	50%	1	2	55	41	0.98	1	1	4	0	1	5	-T
III	2443562	A	*/+T	21	42	62.69%	2	2	40	38	0.98	1	1	7	14	2	40	+T
III	2447848	T	*/-A	765	254	19.81%	2	2	43	41	0.98	1	1	571	194	186	68	-A
III	2447848	T	*/-AA	765	122	9.52%	2	2	43	47	0.98	1	1	571	194	79	43	-A
III	2447848	T	*/+A	765	94	7.33%	2	2	43	39	0.98	1	1	571	194	64	30	-A
III	2448309	T	-AA/-AA	46	594	91.24%	2	2	41	41	0.98	1	1	33	13	224	370	-AA
III	2448518	T	*/-A	688	274	24.36%	2	2	45	44	0.98	1	1	459	229	180	94	-A
III	2448518	T	*/-AA	688	76	6.76%	2	2	45	46	0.98	1	1	459	229	46	30	-A
III	2448518	T	*/+A	688	65	5.78%	2	2	45	46	0.98	1	1	459	229	42	23	-A
