Chrom	Position	Ref	Cons	Reads1	Reads2	VarFreq	Strands1	Strands2	Qual1	Qual2	Pvalue	MapQual1	MapQual2	Reads1Plus	Reads1Minus	Reads2Plus	Reads2Minus	VarAllele
chr_II_telomeric_gap	8538	G	*/-A	2	2	40%	1	1	37	37	0.98	1	1	2	0	2	0	-A
I	3160	A	*/+GTTGTCGTTGTCGTTGTC	62	7	8.43%	2	2	43	52	0.98	1	1	36	26	5	2	+GTTGTCGTTGTCGTTGTC
I	3160	A	*/+GTTGTCGTTGTCGTTGTCGTTGTC	62	13	15.66%	2	2	43	42	0.98	1	1	36	26	5	8	+GTTGTCGTTGTCGTTGTCGTTGTC
I	4053	C	*/+TGTCAT	46	9	16.36%	2	2	43	37	0.98	1	1	21	25	8	1	+TGTCAT
I	5676	T	*/-GA	52	3	5.36%	2	1	41	49	0.98	1	1	45	7	0	3	-GA
I	5677	G	*/-A	30	12	23.08%	2	2	38	40	0.98	1	1	28	2	11	1	-A
I	5677	G	*/-AA	30	4	7.69%	2	1	38	37	0.98	1	1	28	2	4	0	-A
I	5677	G	*/-AAA	30	3	5.77%	2	1	38	49	0.98	1	1	28	2	3	0	-A
I	6357	T	*/-A	46	3	5.66%	2	1	42	41	0.98	1	1	23	23	3	0	-A
I	6357	T	*/-AA	46	4	7.55%	2	2	42	37	0.98	1	1	23	23	1	3	-AA
I	7192	C	*/+A	25	11	25.58%	2	2	39	39	0.98	1	1	21	4	10	1	+A
I	10859	G	*/-TT	11	5	31.25%	2	2	39	37	0.98	1	1	5	6	3	2	-TT
I	15734	C	*/-A	18	10	33.33%	2	2	39	43	0.98	1	1	13	5	8	2	-A
I	15734	C	*/+A	18	2	6.67%	2	1	39	37	0.98	1	1	13	5	2	0	-A
I	19694	T	*/+A	51	3	5.56%	2	2	53	37	0.98	1	1	18	33	2	1	+A
I	27402	A	*/+C	5	2	15.38%	2	1	41	37	0.98	1	1	1	4	0	2	+C
I	27402	A	*/+CC	5	3	23.08%	2	1	41	44	0.98	1	1	1	4	0	3	+CC
I	29373	T	*/+CTTGGGAATGATTATAGCAGC	25	3	8.33%	2	1	47	37	0.98	1	1	11	14	3	0	C
I	44436	A	*/-T	14	2	12.5%	2	1	48	68	0.98	1	1	7	7	0	2	-T
I	55244	T	*/-A	9	3	17.65%	2	2	43	49	0.98	1	1	8	1	2	1	-A
I	55244	T	*/-AA	9	4	23.53%	2	2	43	49	0.98	1	1	8	1	2	2	-AA
I	101871	A	+G/+G	2	25	86.21%	2	2	55	42	0.98	1	1	1	1	10	15	+G
I	206448	C	*/+T	11	3	18.75%	1	1	34	34	0.98	1	1	11	0	3	0	+T
I	301710	A	*/+T	20	2	9.09%	2	1	43	74	0.98	1	1	7	13	0	2	+T
I	315375	G	*/-T	14	2	12.5%	2	2	44	55	0.98	1	1	6	8	1	1	-T
I	383639	T	*/-A	24	2	7.41%	2	2	49	55	0.98	1	1	15	9	1	1	-A
I	394870	G	*/+C	15	3	16.67%	2	1	44	37	0.98	1	1	10	5	3	0	+C
I	414079	C	*/-T	4	3	37.5%	2	1	34	44	0.98	1	1	2	2	0	3	-T
I	441614	C	*/-T	7	3	23.08%	1	1	31	36	0.98	1	1	7	0	3	0	-T
I	441614	C	*/+T	7	2	15.38%	1	1	31	36	0.98	1	1	7	0	2	0	-T
I	446313	G	*/+A	34	2	5.56%	2	2	50	37	0.98	1	1	10	24	1	1	+A
I	453369	G	*/-AAA	8	2	16.67%	1	1	41	55	0.98	1	1	8	0	2	0	-AAA
I	456969	T	*/-A	27	2	6.67%	2	2	46	37	0.98	1	1	16	11	1	1	-A
I	470378	A	-C/-C	0	14	100%	0	2	0	41	0.98	0	1	0	0	9	5	-C
I	470390	A	-C/-C	1	15	93.75%	1	2	37	47	0.98	1	1	1	0	9	6	-C
I	482737	A	+G/+G	1	39	97.5%	1	2	37	49	0.98	1	1	0	1	18	21	+G
I	521845	T	*/-A	18	6	24%	2	2	48	47	0.98	1	1	6	12	1	5	-A
I	554527	A	+T/+T	0	11	84.62%	0	2	0	43	0.98	0	1	0	0	4	7	+T
I	562745	A	*/+T	6	3	25%	2	1	43	37	0.98	1	1	4	2	3	0	+T
I	562745	A	*/+TT	6	3	25%	2	2	43	49	0.98	1	1	4	2	2	1	+T
I	650099	C	*/+AA	4	3	27.27%	2	1	34	37	0.98	1	1	3	1	3	0	+AA
I	660056	T	*/+GG	1	4	40%	1	1	37	34	0.98	1	1	1	0	4	0	+GG
I	660056	T	*/+GGG	1	2	20%	1	1	37	37	0.98	1	1	1	0	2	0	+GG
I	660056	T	*/+GGGG	1	2	20%	1	1	37	31	0.98	1	1	1	0	2	0	+GG
I	670032	C	+A/+A	2	62	95.38%	2	2	55	53	0.98	1	1	1	1	23	39	+A
I	682993	T	-C/-C	1	49	98%	1	2	37	47	0.98	1	1	0	1	21	28	-C
I	764946	C	*/+T	8	2	20%	2	1	41	55	0.98	1	1	1	7	0	2	+T
I	765477	A	*/-T	4	3	42.86%	2	2	46	45	0.98	1	1	2	2	2	1	-T
I	862962	C	+T/+T	0	18	100%	0	2	0	45	0.98	0	1	0	0	12	6	+T
I	932995	G	*/-A	19	3	13.64%	2	1	51	49	0.98	1	1	13	6	0	3	-A
I	934908	T	*/+A	5	2	16.67%	1	1	39	49	0.98	1	1	5	0	0	2	+A
I	934908	T	*/+AA	5	4	33.33%	1	2	39	37	0.98	1	1	5	0	3	1	+AA
I	954072	T	*/-A	15	2	11.76%	2	2	54	31	0.98	1	1	9	6	1	1	-A
I	960025	G	+T/+T	4	13	76.47%	1	2	31	39	0.98	1	1	4	0	7	6	+T
I	965438	C	*/+A	3	2	40%	2	1	37	37	0.98	1	1	2	1	2	0	+A
I	1048635	G	+A/+A	0	19	100%	0	2	0	48	0.98	0	1	0	0	14	5	+A
I	1052704	A	*/-T	23	2	8%	2	1	49	37	0.98	1	1	12	11	2	0	-T
I	1079583	T	*/+AAAAAAA	1	3	50%	1	1	29	37	0.98	1	1	1	0	3	0	+AAAAAAA
I	1148104	A	*/+T	5	5	50%	1	2	44	42	0.98	1	1	5	0	4	1	+T
I	1185796	A	*/-G	12	2	14.29%	2	1	44	31	0.98	1	1	5	7	0	2	-G
I	1185797	G	*/+A	4	2	28.57%	1	2	46	42	0.98	1	1	4	0	1	1	+A
I	1206603	G	*/-T	37	3	7.32%	2	2	50	37	0.98	1	1	13	24	2	1	-T
I	1254655	T	*/-A	8	2	20%	2	2	49	37	0.98	1	1	7	1	1	1	-A
I	1274803	T	+A/+A	0	15	100%	0	2	0	41	0.98	0	1	0	0	8	7	+A
I	1290605	A	*/-T	12	6	33.33%	2	1	49	43	0.98	1	1	9	3	6	0	-T
I	1360608	T	*/-C	24	2	7.69%	2	1	44	37	0.98	1	1	5	19	0	2	-C
I	1424708	C	-A/-A	2	15	88.24%	1	2	31	47	0.98	1	1	2	0	11	4	-A
I	1496317	C	*/-A	1	11	64.71%	1	2	37	48	0.98	1	1	1	0	7	4	-A
I	1496317	C	*/-AA	1	3	17.65%	1	2	37	53	0.98	1	1	1	0	2	1	-A
I	1496317	C	*/-AAA	1	2	11.76%	1	1	37	37	0.98	1	1	1	0	0	2	-A
I	1509277	C	+T/+T	3	15	83.33%	1	2	36	50	0.98	1	1	3	0	9	6	+T
I	1541472	G	*/-T	17	3	13.04%	2	2	36	45	0.98	1	1	16	1	2	1	-T
I	1541472	G	*/+T	17	2	8.7%	2	2	36	37	0.98	1	1	16	1	1	1	-T
I	1595056	C	*/+T	6	2	20%	1	2	51	36	0.98	1	1	6	0	1	1	+T
I	1625092	T	+C/+C	0	18	100%	0	2	0	47	0.98	0	1	0	0	11	7	+C
I	1667828	C	*/-CT	39	3	7.14%	2	2	43	61	0.98	1	1	19	20	1	2	-CT
I	1777634	A	*/-T	4	2	28.57%	2	1	46	55	0.98	1	1	3	1	2	0	-T
I	1829371	A	*/+T	11	2	15.38%	2	1	38	37	0.98	1	1	8	3	2	0	+T
I	1834606	G	*/-A	24	2	7.69%	2	1	49	37	0.98	1	1	13	11	2	0	-A
I	1837916	G	*/-T	2	2	25%	1	1	37	37	0.98	1	1	2	0	2	0	-T
I	1837916	G	*/-TT	2	2	25%	1	1	37	37	0.98	1	1	2	0	2	0	-T
I	1849285	C	*/-T	26	5	14.71%	2	1	50	39	0.98	1	1	11	15	5	0	-T
I	1849285	C	*/+T	26	2	5.88%	2	1	50	37	0.98	1	1	11	15	0	2	-T
I	1873374	T	*/+C	30	2	6.25%	2	2	51	31	0.98	1	1	13	17	1	1	+C
I	1874634	T	*/-A	19	2	9.52%	2	1	42	74	0.98	1	1	8	11	2	0	-A
I	1890184	C	*/-A	11	5	25%	2	2	44	49	0.98	1	1	6	5	2	3	-A
I	1890184	C	*/-AA	11	2	10%	2	2	44	37	0.98	1	1	6	5	1	1	-A
I	1890184	C	*/+A	11	2	10%	2	2	44	42	0.98	1	1	6	5	1	1	-A
I	1936294	G	+A/+A	0	20	100%	0	2	0	49	0.98	0	1	0	0	12	8	+A
I	1952313	A	+T/+T	1	33	97.06%	1	2	37	49	0.98	1	1	0	1	17	16	+T
I	1954162	C	*/-A	2	8	57.14%	2	2	36	58	0.98	1	1	1	1	6	2	-A
I	1955754	C	*/+T	5	2	20%	1	1	36	36	0.98	1	1	5	0	2	0	+T
I	1955754	C	*/+TT	5	3	30%	1	1	36	37	0.98	1	1	5	0	3	0	+TT
I	1955853	T	*/+A	5	10	66.67%	2	2	36	39	0.98	1	1	2	3	6	4	+A
I	2052488	A	*/-T	16	5	20%	2	2	46	42	0.98	1	1	11	5	4	1	-T
I	2052488	A	*/-TT	16	2	8%	2	2	46	49	0.98	1	1	11	5	1	1	-T
I	2052488	A	*/+T	16	2	8%	2	2	46	42	0.98	1	1	11	5	1	1	-T
I	2096013	T	*/-A	7	3	30%	2	2	38	49	0.98	1	1	5	2	2	1	-A
I	2139856	G	+T/+T	1	5	83.33%	1	2	37	44	0.98	1	1	1	0	3	2	+T
I	2154491	T	+A/+A	2	13	86.67%	1	2	74	54	0.98	1	1	2	0	5	8	+A
I	2174555	C	*/-A	6	3	30%	2	2	37	33	0.98	1	1	1	5	2	1	-A
I	2178948	C	*/-A	21	2	8.33%	2	2	42	37	0.98	1	1	15	6	1	1	-A
I	2227936	T	*/+AA	0	2	33.33%	0	2	0	36	0.98	0	1	0	0	1	1	+AA
I	2227936	T	*/+AAA	0	3	50%	0	2	0	45	0.98	0	1	0	0	1	2	+AAA
I	2245479	T	*/+CC	2	2	18.18%	1	2	37	37	0.98	1	1	2	0	1	1	+CC
I	2245479	T	*/+CCC	2	5	45.45%	1	2	37	44	0.98	1	1	2	0	2	3	+CCC
I	2273201	T	*/-A	5	3	25%	2	1	37	37	0.98	1	1	3	2	3	0	-A
I	2273201	T	*/-AA	5	3	25%	2	1	37	33	0.98	1	1	3	2	0	3	-A
I	2279763	A	*/-T	11	2	15.38%	2	1	41	49	0.98	1	1	7	4	0	2	-T
I	2288240	C	-G/-G	0	33	100%	0	2	0	54	0.98	0	1	0	0	22	11	-G
I	2322636	C	*/-A	20	6	20.69%	2	1	38	35	0.98	1	1	19	1	6	0	-A
I	2322636	C	*/+A	20	3	10.34%	2	1	38	37	0.98	1	1	19	1	3	0	-A
I	2343703	G	+A/+A	0	17	94.44%	0	2	0	40	0.98	0	1	0	0	3	14	+A
I	2421576	A	-C/-C	2	18	90%	1	2	37	49	0.98	1	1	2	0	10	8	-C
I	2499149	A	-T/-T	3	17	85%	1	2	49	51	0.98	1	1	3	0	6	11	-T
I	2507462	T	+A/+A	1	16	94.12%	1	2	25	50	0.98	1	1	0	1	10	6	+A
I	2510060	T	+A/+A	2	18	90%	1	2	37	45	0.98	1	1	0	2	10	8	+A
I	2520612	G	*/-T	27	2	6.9%	2	2	47	55	0.98	1	1	15	12	1	1	-T
I	2525300	T	*/-A	19	2	9.09%	2	1	46	68	0.98	1	1	8	11	0	2	-A
I	2525713	C	*/-T	21	5	17.24%	2	1	39	48	0.98	1	1	19	2	5	0	-T
I	2525713	C	*/+T	21	2	6.9%	2	1	39	37	0.98	1	1	19	2	2	0	-T
I	2543095	T	*/+C	16	2	11.11%	2	1	40	37	0.98	1	1	10	6	0	2	+C
I	2578262	T	*/-A	9	4	28.57%	2	1	46	64	0.98	1	1	4	5	4	0	-A
I	2588021	C	+A/+A	1	11	91.67%	1	2	25	39	0.98	1	1	0	1	10	1	+A
I	2588066	C	+A/+A	1	9	90%	1	2	37	46	0.98	1	1	1	0	6	3	+A
I	2591880	T	*/-G	27	2	6.9%	2	2	55	37	0.98	1	1	14	13	1	1	-G
I	2594263	C	+T/+T	0	8	88.89%	0	2	0	50	0.98	0	1	0	0	6	2	+T
I	2594324	T	+A/+A	2	13	86.67%	1	2	37	37	0.98	1	1	0	2	11	2	+A
I	2594351	T	+A/+A	0	13	100%	0	2	0	40	0.98	0	1	0	0	11	2	+A
I	2594391	A	+T/+T	1	10	90.91%	1	2	37	46	0.98	1	1	0	1	8	2	+T
I	2605860	G	-T/-T	1	18	94.74%	1	2	74	40	0.98	1	1	1	0	11	7	-T
I	2607669	A	+T/+T	2	15	88.24%	2	2	49	55	0.98	1	1	1	1	6	9	+T
I	2641998	C	*/+T	2	4	44.44%	1	2	37	49	0.98	1	1	2	0	3	1	+T
I	2662692	G	*/-A	6	2	25%	2	2	41	55	0.98	1	1	5	1	1	1	-A
I	2683902	T	-C/-C	1	17	94.44%	1	2	37	47	0.98	1	1	0	1	9	8	-C
I	2751236	T	-A/-A	2	24	82.76%	1	2	49	42	0.98	1	1	2	0	5	19	-A
I	2751236	T	*/-AA	2	3	10.34%	1	1	49	33	0.98	1	1	2	0	0	3	-A
I	2759871	T	+C/+C	0	10	100%	0	2	0	45	0.98	0	1	0	0	3	7	+C
I	2812650	C	*/-T	13	3	18.75%	2	2	44	53	0.98	1	1	7	6	2	1	-T
I	2868432	A	*/+T	10	2	15.38%	2	2	43	55	0.98	1	1	6	4	1	1	+T
I	2932741	C	*/-AT	8	2	20%	2	2	39	55	0.98	1	1	1	7	1	1	-AT
I	2960791	T	*/-A	14	6	30%	2	2	46	47	0.98	1	1	9	5	4	2	-A
I	3033347	C	*/-T	17	2	9.52%	2	2	47	36	0.98	1	1	10	7	1	1	-T
I	3033347	C	*/+T	17	2	9.52%	2	1	47	37	0.98	1	1	10	7	2	0	-T
I	3125118	A	+T/+T	0	17	100%	0	2	0	45	0.98	0	1	0	0	6	11	+T
I	3144699	T	*/-A	13	2	11.76%	2	1	42	42	0.98	1	1	7	6	2	0	-A
I	3144699	T	*/-AA	13	2	11.76%	2	2	42	68	0.98	1	1	7	6	1	1	-A
I	3159187	C	*/-CA	47	5	9.62%	2	2	49	44	0.98	1	1	16	31	2	3	-CA
I	3159994	C	*/-T	51	10	15.62%	2	2	40	39	0.98	1	1	44	7	8	2	-T
I	3166776	G	*/+TTT	4	12	57.14%	1	2	34	42	0.98	1	1	4	0	10	2	+TTT
I	3166776	G	*/+TTTT	4	2	9.52%	1	2	34	55	0.98	1	1	4	0	1	1	+TTT
I	3178494	C	+T/+T	2	17	89.47%	1	2	68	45	0.98	1	1	2	0	7	10	+T
I	3197528	A	+G/+G	1	42	95.45%	1	2	74	43	0.98	1	1	1	0	21	21	+G
I	3300811	C	*/-GGGGGGGG	3	2	40%	1	1	37	37	0.98	1	1	3	0	2	0	-GGGGGGGG
I	3303111	C	*/-T	14	3	17.65%	2	2	36	45	0.98	1	1	10	4	2	1	-T
I	3303394	C	*/-AT	19	3	13.64%	2	2	45	49	0.98	1	1	8	11	1	2	-AT
I	3380404	C	*/-A	14	2	12.5%	2	1	38	37	0.98	1	1	13	1	2	0	-A
I	3404990	T	*/-C	11	2	15.38%	2	1	40	37	0.98	1	1	9	2	0	2	-C
I	3410124	A	*/-T	6	2	22.22%	2	2	47	37	0.98	1	1	1	5	1	1	-T
I	3450130	G	-T/-T	0	13	100%	0	2	0	39	0.98	0	1	0	0	9	4	-T
I	3460318	T	+C/+C	0	19	100%	0	2	0	44	0.98	0	1	0	0	10	9	+C
I	3460476	G	*/+A	8	2	20%	2	2	35	42	0.98	1	1	5	3	1	1	+A
I	3538413	A	+T/+T	0	16	100%	0	2	0	44	0.98	0	1	0	0	8	8	+T
I	3538428	G	+T/+T	1	15	93.75%	1	2	74	43	0.98	1	1	0	1	8	7	+T
I	3538436	T	+A/+A	1	14	93.33%	1	2	37	47	0.98	1	1	0	1	8	6	+A
I	3538449	T	+TA/+TA	0	12	100%	0	2	0	44	0.98	0	1	0	0	7	5	+TA
I	3538456	A	+AT/+AT	0	13	100%	0	2	0	43	0.98	0	1	0	0	8	5	+AT
I	3572643	C	*/+A	9	2	18.18%	2	2	35	55	0.98	1	1	4	5	1	1	+A
I	3576929	C	+T/+T	0	8	88.89%	0	2	0	53	0.98	0	1	0	0	5	3	+T
I	3580034	C	*/+T	3	3	42.86%	2	2	49	42	0.98	1	1	2	1	2	1	+T
I	3609896	T	*/-A	5	2	25%	2	2	42	37	0.98	1	1	2	3	1	1	-A
I	3659473	G	*/-A	33	2	5.71%	2	1	50	31	0.98	1	1	21	12	0	2	-A
I	3659724	C	*/-T	26	3	8.33%	2	2	40	52	0.98	1	1	18	8	1	2	-T
I	3659724	C	*/+T	26	5	13.89%	2	2	40	41	0.98	1	1	18	8	3	2	+T
I	3665610	G	+C/+C	0	53	100%	0	2	0	52	0.98	0	1	0	0	23	30	+C
I	3700385	T	*/+A	5	2	13.33%	1	1	39	42	0.98	1	1	5	0	0	2	+A
I	3700385	T	*/+AA	5	5	33.33%	1	2	39	37	0.98	1	1	5	0	2	3	+AA
I	3700385	T	*/+AAA	5	2	13.33%	1	2	39	37	0.98	1	1	5	0	1	1	+AA
I	3730369	A	+T/+T	0	15	100%	0	2	0	41	0.98	0	1	0	0	8	7	+T
I	3756354	A	*/-AT	5	2	28.57%	2	2	66	74	0.98	1	1	2	3	1	1	-AT
I	3765328	C	*/+T	5	10	62.5%	2	2	39	39	0.98	1	1	3	2	8	2	+T
I	3776933	G	+A/+A	4	18	81.82%	2	2	40	40	0.98	1	1	3	1	4	14	+A
I	3785908	G	*/-TA	15	2	11.76%	2	2	54	55	0.98	1	1	5	10	1	1	-TA
I	3848002	C	*/-A	16	2	11.11%	2	2	47	37	0.98	1	1	8	8	1	1	-A
I	3850523	C	*/-T	24	2	7.14%	2	2	45	43	0.98	1	1	18	6	1	1	-T
I	3850523	C	*/+T	24	2	7.14%	2	2	45	61	0.98	1	1	18	6	1	1	-T
I	3855790	G	-T/-T	0	18	100%	0	2	0	44	0.98	0	1	0	0	7	11	-T
I	3866132	G	*/-TA	7	2	20%	2	2	37	55	0.98	1	1	1	6	1	1	-TA
I	3870141	A	*/+CC	9	2	18.18%	2	1	32	30	0.98	1	1	1	8	0	2	+CC
I	3870142	A	*/+C	2	4	40%	1	1	37	33	0.98	1	1	0	2	0	4	+C
I	3870142	A	*/+CC	2	2	20%	1	1	37	31	0.98	1	1	0	2	0	2	+C
I	3879437	C	*/+A	18	2	9.52%	2	2	41	36	0.98	1	1	13	5	1	1	+A
I	3940025	G	+T/+T	1	17	94.44%	1	2	37	55	0.98	1	1	1	0	8	9	+T
I	3984736	A	*/-GGT	126	8	5.97%	2	1	47	41	0.98	1	1	37	89	0	8	-GGT
I	3992212	A	*/-AC	15	2	11.76%	2	2	44	55	0.98	1	1	5	10	1	1	-AC
I	3992213	A	*/-C	14	2	12.5%	2	2	39	55	0.98	1	1	4	10	1	1	-C
I	3993810	T	*/+A	9	2	18.18%	2	1	49	49	0.98	1	1	8	1	2	0	+A
I	3995023	C	*/-TT	4	2	28.57%	2	2	42	37	0.98	1	1	2	2	1	1	-TT
I	4004016	G	*/-T	10	4	28.57%	2	2	42	61	0.98	1	1	5	5	3	1	-T
I	4009704	C	*/+GTTGGTGGTACCAGTGGA	28	10	26.32%	2	2	49	44	0.98	1	1	15	13	7	3	+GTTGGTGGTACCAGTGGA
I	4010237	A	*/-G	15	4	13.79%	2	1	36	37	0.98	1	1	13	2	4	0	-G
I	4010237	A	*/-GG	15	7	24.14%	2	1	36	37	0.98	1	1	13	2	7	0	-GG
I	4010237	A	*/+G	15	3	10.34%	2	1	36	37	0.98	1	1	13	2	3	0	-GG
I	4055052	T	+A/+A	5	19	79.17%	1	2	39	44	0.98	1	1	5	0	14	5	+A
I	4098272	C	*/-T	27	5	15.62%	2	2	42	42	0.98	1	1	23	4	4	1	-T
I	4140001	G	*/-T	9	3	25%	2	2	42	37	0.98	1	1	5	4	1	2	-T
I	4177950	T	*/-A	13	2	13.33%	2	2	46	37	0.98	1	1	6	7	1	1	-A
I	4179700	T	*/+A	6	2	25%	2	1	49	43	0.98	1	1	3	3	0	2	+A
I	4239381	C	*/-T	18	2	10%	2	2	40	55	0.98	1	1	6	12	1	1	-T
I	4241118	G	*/-A	10	2	14.29%	2	1	40	37	0.98	1	1	6	4	2	0	-A
I	4241118	G	*/+A	10	2	14.29%	2	2	40	42	0.98	1	1	6	4	1	1	-A
I	4261340	C	*/+T	17	2	10.53%	2	1	50	31	0.98	1	1	12	5	2	0	+T
I	4276890	G	+T/+T	1	11	84.62%	1	2	74	42	0.98	1	1	0	1	8	3	+T
I	4294954	T	*/+G	30	3	9.09%	2	1	48	33	0.98	1	1	7	23	0	3	+G
I	4304169	G	+A/+A	0	13	100%	0	2	0	41	0.98	0	1	0	0	4	9	+A
I	4325746	G	*/-T	4	2	33.33%	2	2	43	31	0.98	1	1	3	1	1	1	-T
I	4338694	G	*/-T	24	3	10%	2	1	47	45	0.98	1	1	16	8	3	0	-T
I	4338694	G	*/+T	24	3	10%	2	2	47	40	0.98	1	1	16	8	2	1	-T
I	4360508	C	*/-T	22	2	8.33%	2	1	48	37	0.98	1	1	17	5	2	0	-T
I	4374342	A	-G/-G	0	31	100%	0	2	0	47	0.98	0	1	0	0	19	12	-G
I	4386268	G	*/-A	4	2	28.57%	2	1	34	55	0.98	1	1	3	1	2	0	-A
I	4407494	T	+G/+G	0	40	97.56%	0	2	0	49	0.98	0	1	0	0	17	23	+G
I	4410191	C	-G/-G	0	10	100%	0	2	0	51	0.98	0	1	0	0	4	6	-G
I	4414201	C	-T/-T	1	11	78.57%	1	2	37	36	0.98	1	1	1	0	8	3	-T
I	4414201	C	*/-TT	1	2	14.29%	1	1	37	37	0.98	1	1	1	0	0	2	-T
I	4431856	G	+A/+A	4	30	88.24%	1	2	64	44	0.98	1	1	4	0	16	14	+A
I	4431868	C	+A/+A	1	32	96.97%	1	2	37	47	0.98	1	1	1	0	15	17	+A
I	4442621	A	*/-AT	41	7	14.29%	2	2	54	63	0.98	1	1	21	20	2	5	-AT
I	4455149	G	+A/+A	0	7	100%	0	2	0	31	0.98	0	1	0	0	4	3	+A
I	4507370	C	*/+A	10	2	15.38%	2	1	43	55	0.98	1	1	4	6	2	0	+A
I	4514478	T	*/-A	9	5	29.41%	2	2	39	56	0.98	1	1	6	3	4	1	-A
I	4514478	T	*/-AA	9	3	17.65%	2	2	39	37	0.98	1	1	6	3	2	1	-A
I	4566138	C	*/-T	16	2	11.11%	2	2	51	49	0.98	1	1	6	10	1	1	-T
I	4606489	C	*/+T	22	2	8%	2	2	54	37	0.98	1	1	16	6	1	1	+T
I	4648159	T	*/-G	8	10	47.62%	2	2	38	40	0.98	1	1	4	4	4	6	-G
I	4648159	T	*/-GG	8	3	14.29%	2	2	38	41	0.98	1	1	4	4	2	1	-G
I	4668471	T	*/-A	11	2	15.38%	2	1	44	74	0.98	1	1	8	3	0	2	-A
I	4721875	G	+A/+A	0	14	100%	0	2	0	42	0.98	0	1	0	0	10	4	+A
I	4733668	G	*/+A	12	3	20%	2	2	35	41	0.98	1	1	9	3	1	2	+A
I	4760291	G	*/-T	11	2	15.38%	2	2	42	55	0.98	1	1	4	7	1	1	-T
I	4764253	G	*/+A	8	11	50%	2	2	52	46	0.98	1	1	7	1	5	6	+A
I	4810631	T	*/-A	13	2	11.76%	2	2	46	37	0.98	1	1	8	5	1	1	-A
I	4916623	C	*/-A	16	4	18.18%	2	2	40	43	0.98	1	1	9	7	1	3	-A
I	4926045	T	*/+A	11	2	15.38%	2	1	42	55	0.98	1	1	8	3	0	2	+A
I	4926046	C	*/+T	2	6	54.55%	1	2	43	35	0.98	1	1	2	0	5	1	+T
I	5002717	C	*/-A	15	3	15.79%	2	2	42	41	0.98	1	1	9	6	1	2	-A
I	5045335	G	*/+T	9	2	18.18%	2	2	47	74	0.98	1	1	5	4	1	1	+T
I	5046661	A	*/-C	22	2	8.33%	2	2	61	37	0.98	1	1	9	13	1	1	-C
I	5058829	C	*/+T	17	2	10%	2	2	45	55	0.98	1	1	6	11	1	1	+T
I	5065966	T	*/-A	36	2	5.26%	2	1	49	37	0.98	1	1	8	28	0	2	-A
I	5078848	G	*/+A	8	2	18.18%	2	1	37	61	0.98	1	1	4	4	0	2	+A
I	5123547	C	*/+A	7	2	22.22%	2	2	42	31	0.98	1	1	6	1	1	1	+A
I	5142627	A	+G/+G	0	17	100%	0	2	0	44	0.98	0	1	0	0	7	10	+G
I	5148414	T	-A/-A	2	31	93.94%	2	2	42	48	0.98	1	1	1	1	16	15	-A
I	5173087	C	+T/+T	3	13	81.25%	2	2	37	46	0.98	1	1	1	2	6	7	+T
I	5173430	G	*/+T	9	11	52.38%	2	2	52	44	0.98	1	1	5	4	9	2	+T
I	5176926	T	+A/+A	1	3	75%	1	2	74	49	0.98	1	1	0	1	2	1	+A
I	5181376	A	*/-T	15	3	15.79%	2	2	48	37	0.98	1	1	10	5	2	1	-T
I	5266596	A	*/-T	20	3	12.5%	2	2	45	49	0.98	1	1	13	7	2	1	-T
I	5309679	G	*/+A	34	2	5.56%	2	2	55	55	0.98	1	1	16	18	1	1	+A
I	5352025	G	*/-T	16	3	15%	2	2	41	61	0.98	1	1	10	6	1	2	-T
I	5363995	C	*/-A	27	2	6.67%	2	2	49	55	0.98	1	1	15	12	1	1	-A
I	5368262	T	-C/-C	3	40	93.02%	2	2	61	50	0.98	1	1	2	1	14	26	-C
I	5368273	G	+T/+T	0	42	97.67%	0	2	0	49	0.98	0	1	0	0	14	28	+T
I	5426622	C	+T/+T	1	18	81.82%	1	2	25	48	0.98	1	1	1	0	10	8	+T
I	5426622	C	*/+TT	1	2	9.09%	1	1	25	42	0.98	1	1	1	0	0	2	+T
I	5436574	G	*/+A	24	2	7.41%	2	1	45	74	0.98	1	1	18	6	0	2	+A
I	5509333	T	*/-A	22	2	8.33%	2	2	52	37	0.98	1	1	14	8	1	1	-A
I	5537573	G	*/+T	18	2	9.52%	2	1	53	37	0.98	1	1	6	12	2	0	+T
I	5547223	T	*/-A	10	2	16.67%	2	1	44	37	0.98	1	1	9	1	2	0	-A
I	5557983	A	*/+T	11	3	20%	2	1	53	33	0.98	1	1	7	4	0	3	+T
I	5567937	C	*/-A	16	3	14.29%	2	1	46	37	0.98	1	1	7	9	3	0	-A
I	5568055	C	*/-T	28	4	12.5%	2	2	42	48	0.98	1	1	15	13	1	3	-T
I	5569124	G	*/+GGCTGCTATAATCATTCCCAA	45	4	8.16%	2	1	49	43	0.98	1	1	16	29	0	4	+GGCTGCTATAATCATTCCCAA
I	5570823	C	*/-A	5	2	28.57%	2	1	34	37	0.98	1	1	2	3	2	0	-A
I	5572022	A	*/-T	32	2	5.88%	2	1	51	31	0.98	1	1	12	20	0	2	-T
I	5576850	T	*/-AA	7	3	25%	2	2	45	49	0.98	1	1	3	4	1	2	-AA
II	5109	A	*/+C	59	5	7.81%	2	2	43	64	0.98	1	1	8	51	1	4	+C
II	7149	T	*/-A	16	2	10.53%	2	1	49	37	0.98	1	1	8	8	2	0	-A
II	31617	A	*/-T	2	2	50%	1	1	37	37	0.98	1	1	0	2	0	2	-T
II	113240	T	*/-A	8	3	27.27%	2	2	44	49	0.98	1	1	3	5	2	1	-A
II	121588	G	*/+T	12	4	25%	2	1	49	71	0.98	1	1	5	7	0	4	+T
II	128001	T	-A/-A	0	22	100%	0	2	0	46	0.98	0	1	0	0	12	10	-A
II	146079	T	-C/-C	1	27	96.43%	1	2	74	48	0.98	1	1	1	0	10	17	-C
II	155536	C	*/+A	35	2	5.41%	2	1	42	55	0.98	1	1	27	8	2	0	+A
II	201022	A	*/-T	7	3	25%	2	2	43	33	0.98	1	1	6	1	1	2	-T
II	229897	A	*/-T	22	4	13.79%	2	1	43	49	0.98	1	1	17	5	4	0	-T
II	229897	A	*/+T	22	2	6.9%	2	1	43	49	0.98	1	1	17	5	2	0	-T
II	246318	A	*/-T	12	2	14.29%	2	2	55	37	0.98	1	1	6	6	1	1	-T
II	320661	G	*/-A	19	3	13.04%	2	2	47	49	0.98	1	1	12	7	2	1	-A
II	331417	G	*/-A	19	2	9.52%	2	1	45	49	0.98	1	1	9	10	2	0	-A
II	331894	C	*/-T	7	2	22.22%	2	1	45	37	0.98	1	1	6	1	2	0	-T
II	383156	C	*/+T	27	3	10%	2	2	43	45	0.98	1	1	17	10	1	2	+T
II	410085	C	*/-T	11	4	25%	2	2	35	43	0.98	1	1	10	1	3	1	-T
II	484534	A	+T/+T	1	8	80%	1	2	37	46	0.98	1	1	0	1	1	7	+T
II	516071	T	*/-A	18	4	18.18%	2	1	43	52	0.98	1	1	7	11	0	4	-A
II	520627	C	*/-TT	8	3	25%	1	1	35	37	0.98	1	1	8	0	3	0	-TT
II	521731	G	*/-T	33	4	10%	2	2	49	36	0.98	1	1	21	12	3	1	-T
II	522800	G	+A/+A	4	23	82.14%	2	2	32	39	0.98	1	1	3	1	15	8	+A
II	526883	G	*/-GTGCGTTTGTTTAGGT	28	3	9.38%	2	1	48	37	0.98	1	1	9	19	0	3	-GTGCGTTTGTTTAGGT
II	526955	T	*/-AC	36	2	5.26%	2	1	49	74	0.98	1	1	16	20	2	0	-AC
II	526959	T	*/+TTAG	38	2	5%	2	1	49	74	0.98	1	1	17	21	2	0	+TTAG
II	529872	C	*/+A	12	2	13.33%	2	1	35	27	0.98	1	1	8	4	2	0	+A
II	602525	T	*/+A	12	2	13.33%	2	1	49	37	0.98	1	1	6	6	0	2	+A
II	603279	A	-T/-T	0	8	100%	0	2	0	37	0.98	0	1	0	0	4	4	-T
II	603305	A	-C/-C	0	7	100%	0	2	0	40	0.98	0	1	0	0	3	4	-C
II	673086	G	*/-AA	5	2	20%	2	1	41	37	0.98	1	1	2	3	2	0	-AA
II	673086	G	*/+A	5	2	20%	2	2	41	51	0.98	1	1	2	3	1	1	-AA
II	677175	G	*/-TA	27	4	12.9%	2	2	55	55	0.98	1	1	8	19	2	2	-TA
II	700009	T	-A/-A	3	9	75%	2	2	37	52	0.98	1	1	1	2	4	5	-A
II	716295	G	*/-T	10	4	26.67%	2	2	39	37	0.98	1	1	6	4	3	1	-T
II	753854	A	*/-T	8	4	28.57%	2	2	36	39	0.98	1	1	6	2	3	1	-T
II	756993	C	*/+T	17	3	13.64%	2	2	46	27	0.98	1	1	9	8	1	2	+T
II	775752	A	*/-GC	31	2	6.06%	2	1	44	31	0.98	1	1	15	16	2	0	-GC
II	775760	T	*/+GC	34	2	5.56%	2	1	42	31	0.98	1	1	18	16	2	0	+GC
II	819795	T	*/+C	24	2	7.14%	2	2	44	37	0.98	1	1	16	8	1	1	+C
II	819795	T	*/+CC	24	2	7.14%	2	1	44	55	0.98	1	1	16	8	2	0	+C
II	837446	C	*/-T	3	2	40%	1	1	33	37	0.98	1	1	3	0	2	0	-T
II	845911	C	+A/+A	2	9	81.82%	1	2	49	50	0.98	1	1	0	2	7	2	+A
II	847457	G	*/-A	5	3	33.33%	1	1	37	49	0.98	1	1	5	0	3	0	-A
II	888599	A	-C/-C	0	20	100%	0	2	0	51	0.98	0	1	0	0	8	12	-C
II	889921	C	*/+T	17	2	9.52%	2	1	37	31	0.98	1	1	15	2	2	0	+T
II	903106	G	+T/+T	0	23	100%	0	2	0	45	0.98	0	1	0	0	7	16	+T
II	946548	C	*/-A	27	3	10%	2	2	43	37	0.98	1	1	19	8	1	2	-A
II	948303	T	*/-A	14	2	12.5%	2	1	58	49	0.98	1	1	8	6	2	0	-A
II	965517	C	*/-T	9	4	28.57%	2	2	33	58	0.98	1	1	7	2	2	2	-T
II	985023	C	*/+A	14	2	12.5%	2	1	53	55	0.98	1	1	11	3	2	0	+A
II	1019510	T	*/-A	3	9	60%	2	2	33	48	0.98	1	1	2	1	4	5	-A
II	1019510	T	*/-AA	3	2	13.33%	2	2	33	37	0.98	1	1	2	1	1	1	-A
II	1059118	T	*/+A	23	2	7.41%	2	1	40	31	0.98	1	1	5	18	0	2	+A
II	1079843	T	+A/+A	0	9	100%	0	2	0	48	0.98	0	1	0	0	5	4	+A
II	1104941	G	*/-T	9	3	17.65%	1	1	38	36	0.98	1	1	9	0	0	3	-T
II	1122580	C	*/-T	34	4	10.53%	2	2	46	55	0.98	1	1	16	18	1	3	-T
II	1151335	C	*/-CT	31	2	6.06%	2	1	43	31	0.98	1	1	20	11	2	0	-CT
II	1163154	A	-T/-T	1	8	88.89%	1	2	25	35	0.98	1	1	0	1	4	4	-T
II	1171363	T	*/-A	16	4	19.05%	2	2	46	43	0.98	1	1	10	6	3	1	-A
II	1243365	G	*/-T	14	2	11.76%	2	2	58	49	0.98	1	1	7	7	1	1	-T
II	1266289	T	+A/+A	2	7	77.78%	2	2	55	42	0.98	1	1	1	1	3	4	+A
II	1277481	G	*/+T	2	2	22.22%	2	1	49	37	0.98	1	1	1	1	2	0	+T
II	1277481	G	*/+TT	2	3	33.33%	2	1	49	49	0.98	1	1	1	1	3	0	+TT
II	1308618	G	-T/-T	1	28	96.55%	1	2	37	51	0.98	1	1	1	0	18	10	-T
II	1325549	T	+A/+A	0	10	83.33%	0	2	0	49	0.98	0	1	0	0	6	4	+A
II	1349040	A	*/+T	10	2	15.38%	2	1	35	37	0.98	1	1	8	2	2	0	+T
II	1365999	G	*/-T	14	2	11.11%	2	2	46	55	0.98	1	1	9	5	1	1	-T
II	1389139	C	*/-T	7	2	10%	2	1	40	55	0.98	1	1	6	1	2	0	-T
II	1389139	C	*/+T	7	7	35%	2	2	40	38	0.98	1	1	6	1	6	1	+T
II	1389139	C	*/+TT	7	3	15%	2	1	40	37	0.98	1	1	6	1	3	0	+T
II	1418938	C	*/-T	24	2	7.69%	2	2	49	55	0.98	1	1	10	14	1	1	-T
II	1458981	T	*/-A	14	3	17.65%	2	1	44	37	0.98	1	1	5	9	3	0	-A
II	1467485	C	*/-T	10	6	33.33%	2	2	34	47	0.98	1	1	7	3	2	4	-T
II	1467485	C	*/-TT	10	2	11.11%	2	1	34	55	0.98	1	1	7	3	0	2	-T
II	1499044	G	*/+CTGCTC	28	3	9.68%	2	2	44	45	0.98	1	1	13	15	1	2	+CTGCTC
II	1538043	A	*/+T	18	2	10%	2	1	45	55	0.98	1	1	7	11	0	2	+T
II	1545027	C	*/-A	10	2	15.38%	2	2	39	55	0.98	1	1	8	2	1	1	-A
II	1552839	G	*/-A	10	2	16.67%	2	2	41	55	0.98	1	1	9	1	1	1	-A
II	1588934	A	*/+AC	9	2	18.18%	2	1	39	31	0.98	1	1	8	1	0	2	+AC
II	1588936	G	*/+A	1	2	18.18%	1	1	37	37	0.98	1	1	1	0	2	0	A
II	1588936	G	*/+AA	1	3	27.27%	1	1	37	37	0.98	1	1	1	0	3	0	+AA
II	1588936	G	*/+AAA	1	2	18.18%	1	1	37	55	0.98	1	1	1	0	2	0	+AA
II	1600451	G	*/-TA	38	2	5%	2	2	41	37	0.98	1	1	14	24	1	1	-TA
II	1606686	A	*/+TGGAAGTGGTAAG	111	6	5.13%	2	2	50	55	0.98	1	1	37	74	2	4	+TGGAAGTGGTAAG
II	1627981	C	*/-T	9	3	25%	2	2	38	49	0.98	1	1	7	2	1	2	-T
II	1678205	T	-A/-A	0	4	100%	0	2	0	46	0.98	0	1	0	0	2	2	-A
II	1716256	G	*/+T	25	2	7.14%	2	1	41	37	0.98	1	1	18	7	2	0	+T
II	1716287	T	*/-G	20	9	31.03%	2	2	44	43	0.98	1	1	10	10	1	8	-G
II	1748646	G	*/-AA	7	2	20%	1	2	36	29	0.98	1	1	7	0	1	1	-AA
II	1763419	T	*/-A	10	4	25%	2	2	40	46	0.98	1	1	5	5	3	1	-A
II	1763419	T	*/+A	10	2	12.5%	2	1	40	37	0.98	1	1	5	5	0	2	-A
II	1818108	C	*/-T	6	3	30%	2	1	51	45	0.98	1	1	3	3	3	0	-T
II	1861420	T	-G/-G	1	22	95.65%	1	2	74	48	0.98	1	1	1	0	13	9	-G
II	1867795	A	*/+T	3	6	66.67%	1	2	37	61	0.98	1	1	3	0	3	3	+T
II	1868122	G	*/+T	3	5	50%	2	1	37	35	0.98	1	1	2	1	5	0	+T
II	1873779	T	+A/+A	1	15	93.75%	1	2	37	37	0.98	1	1	0	1	8	7	+A
II	1877294	A	+T/+T	2	8	80%	2	2	74	41	0.98	1	1	1	1	4	4	+T
II	1891802	T	*/-A	17	2	10.53%	2	2	40	55	0.98	1	1	10	7	1	1	-A
II	1941966	A	+T/+T	0	35	100%	0	2	0	48	0.98	0	1	0	0	16	19	+T
II	1941982	A	+T/+T	1	32	96.97%	1	2	74	48	0.98	1	1	1	0	14	18	+T
II	1948953	G	-A/-A	0	27	100%	0	2	0	43	0.98	0	1	0	0	12	15	-A
II	1950050	A	+G/+G	3	17	85%	2	2	37	53	0.98	1	1	1	2	10	7	+G
II	1955495	T	+A/+A	1	15	88.24%	1	2	37	42	0.98	1	1	1	0	12	3	+A
II	1960392	A	+G/+G	1	5	83.33%	1	2	37	37	0.98	1	1	1	0	2	3	+G
II	1987101	C	-G/-G	0	25	100%	0	2	0	48	0.98	0	1	0	0	11	14	-G
II	1987117	T	-G/-G	1	24	96%	1	2	37	49	0.98	1	1	0	1	11	13	-G
II	2049891	A	-T/-T	1	32	96.97%	1	2	37	50	0.98	1	1	0	1	16	16	-T
II	2053516	G	+C/+C	0	15	100%	0	2	0	54	0.98	0	1	0	0	7	8	+C
II	2108180	T	+A/+A	2	18	90%	1	2	55	45	0.98	1	1	0	2	15	3	+A
II	2125716	A	*/+T	19	2	9.52%	2	2	47	49	0.98	1	1	9	10	1	1	+T
II	2147726	G	+T/+T	4	13	76.47%	2	2	37	39	0.98	1	1	1	3	6	7	+T
II	2187407	G	+A/+A	0	14	100%	0	2	0	52	0.98	0	1	0	0	4	10	+A
II	2196463	G	*/+A	16	2	11.11%	2	2	41	55	0.98	1	1	13	3	1	1	+A
II	2197587	C	*/-A	6	3	33.33%	1	2	37	45	0.98	1	1	6	0	2	1	-A
II	2198945	G	*/-CA	31	3	8.82%	2	1	40	45	0.98	1	1	8	23	0	3	-CA
II	2203175	T	*/-A	12	2	12.5%	2	1	46	74	0.98	1	1	8	4	0	2	-A
II	2219928	A	+T/+T	0	17	100%	0	2	0	49	0.98	0	1	0	0	7	10	+T
II	2265464	T	*/-TA	11	2	15.38%	2	2	50	55	0.98	1	1	4	7	1	1	-TA
II	2293297	G	-A/-A	0	20	100%	0	2	0	41	0.98	0	1	0	0	13	7	-A
II	2318772	A	-T/-T	1	3	75%	1	2	74	40	0.98	1	1	1	0	1	2	-T
II	2552673	G	*/-T	9	2	16.67%	2	2	49	55	0.98	1	1	7	2	1	1	-T
II	2591913	T	*/-A	12	4	23.53%	2	1	49	46	0.98	1	1	7	5	4	0	-A
II	2592423	T	+A/+A	0	20	100%	0	2	0	55	0.98	0	1	0	0	14	6	+A
II	2630607	C	*/+A	4	15	71.43%	2	2	55	40	0.98	1	1	2	2	3	12	+A
II	2630607	C	*/+AA	4	2	9.52%	2	1	55	49	0.98	1	1	2	2	0	2	+A
II	2640785	T	+A/+A	2	12	75%	1	2	31	50	0.98	1	1	0	2	9	3	+A
II	2647497	C	*/-T	16	3	15.79%	2	1	41	70	0.98	1	1	5	11	0	3	-T
II	2709414	G	+C/+C	0	21	100%	0	2	0	45	0.98	0	1	0	0	14	7	+C
II	2755338	C	*/-AT	8	6	40%	2	2	46	51	0.98	1	1	1	7	1	5	-AT
II	2788933	C	+G/+G	0	21	100%	0	2	0	49	0.98	0	1	0	0	13	8	+G
II	2798040	C	-T/-T	2	20	90.91%	1	2	55	53	0.98	1	1	0	2	8	12	-T
II	2798514	A	-G/-G	1	18	94.74%	1	2	37	45	0.98	1	1	1	0	7	11	-G
II	2811495	C	-A/-A	0	20	100%	0	2	0	49	0.98	0	1	0	0	6	14	-A
II	2826100	G	*/-A	13	4	22.22%	2	2	41	55	0.98	1	1	8	5	3	1	-A
II	2871377	T	*/-A	28	2	6.45%	2	2	49	49	0.98	1	1	19	9	1	1	-A
II	2886386	C	*/-A	14	2	12.5%	2	1	38	55	0.98	1	1	6	8	2	0	-A
II	2894538	T	*/+A	10	2	15.38%	2	1	44	49	0.98	1	1	6	4	0	2	+A
II	2900889	A	*/-T	9	4	23.53%	2	1	49	37	0.98	1	1	7	2	4	0	-T
II	2900889	A	*/-TT	9	2	11.76%	2	1	49	37	0.98	1	1	7	2	2	0	-T
II	2900889	A	*/+T	9	2	11.76%	2	2	49	55	0.98	1	1	7	2	1	1	-T
II	2938956	C	+T/+T	1	14	87.5%	1	2	37	46	0.98	1	1	1	0	6	8	+T
II	2988149	G	*/-T	13	3	18.75%	2	1	47	40	0.98	1	1	8	5	3	0	-T
II	3010975	G	*/+T	48	3	5.66%	2	2	50	61	0.98	1	1	23	25	1	2	+T
II	3040332	C	+G/+G	1	48	96%	1	2	74	47	0.98	1	1	0	1	24	24	+G
II	3058544	T	*/+G	4	2	22.22%	1	1	34	37	0.98	1	1	4	0	2	0	+G
II	3058544	T	*/+GG	4	2	22.22%	1	1	34	37	0.98	1	1	4	0	2	0	+G
II	3154052	G	*/+T	19	3	12.5%	2	2	42	57	0.98	1	1	14	5	2	1	+T
II	3175926	C	*/-T	3	2	33.33%	1	1	34	37	0.98	1	1	3	0	2	0	-T
II	3253453	C	*/+T	1	3	60%	1	2	48	49	0.98	1	1	1	0	2	1	+T
II	3292136	G	*/-A	22	2	8.33%	2	2	54	37	0.98	1	1	14	8	1	1	-A
II	3329982	G	*/+T	10	2	16.67%	2	1	37	37	0.98	1	1	7	3	2	0	+T
II	3509251	T	*/-A	3	4	44.44%	2	2	49	46	0.98	1	1	2	1	1	3	-A
II	3509251	T	*/-AA	3	2	22.22%	2	1	49	55	0.98	1	1	2	1	2	0	-A
II	3514786	C	*/-T	22	3	10.71%	2	2	45	49	0.98	1	1	12	10	2	1	-T
II	3514786	C	*/+T	22	3	10.71%	2	2	45	53	0.98	1	1	12	10	1	2	-T
II	3540057	A	*/-T	34	8	19.05%	2	2	49	44	0.98	1	1	24	10	5	3	-T
II	3556736	A	*/-T	19	3	13.04%	2	2	48	61	0.98	1	1	15	4	1	2	-T
II	3573454	C	*/+A	11	2	14.29%	2	1	43	55	0.98	1	1	7	4	2	0	+A
II	3619003	A	+G/+G	2	21	91.3%	1	2	37	47	0.98	1	1	0	2	12	9	+G
II	3621704	A	*/-T	11	5	27.78%	2	2	39	56	0.98	1	1	9	2	3	2	-T
II	3621704	A	*/+T	11	2	11.11%	2	1	39	49	0.98	1	1	9	2	2	0	-T
II	3715149	G	*/+A	5	2	25%	2	1	49	42	0.98	1	1	4	1	2	0	+A
II	3799350	G	*/+A	5	2	22.22%	2	1	44	37	0.98	1	1	3	2	2	0	A
II	3838101	C	-A/-A	1	7	87.5%	1	2	74	42	0.98	1	1	1	0	4	3	-A
II	3856896	A	*/-T	10	4	20%	2	2	41	40	0.98	1	1	6	4	2	2	-T
II	3856896	A	*/+T	10	4	20%	2	2	41	52	0.98	1	1	6	4	2	2	-T
II	3859319	G	*/-T	23	4	14.29%	2	1	42	46	0.98	1	1	15	8	4	0	-T
II	3860185	C	*/-TAGTA	27	10	24.39%	2	2	48	41	0.98	1	1	6	21	8	2	-TAGTA
II	3861514	C	*/+GG	4	2	25%	2	1	34	37	0.98	1	1	1	3	2	0	+GG
II	3869342	A	*/-AT	23	2	8%	2	1	51	55	0.98	1	1	7	16	0	2	-AT
II	3954036	T	*/-A	28	2	6.67%	2	1	48	55	0.98	1	1	14	14	0	2	-A
II	3954039	C	*/-T	17	5	18.52%	2	2	44	42	0.98	1	1	9	8	4	1	-T
II	3954039	C	*/+T	17	3	11.11%	2	1	44	49	0.98	1	1	9	8	3	0	-T
II	3975235	C	*/-A	19	2	7.41%	2	1	42	55	0.98	1	1	12	7	0	2	-A
II	3975235	C	*/-AA	19	2	7.41%	2	2	42	42	0.98	1	1	12	7	1	1	-A
II	3980844	G	*/+T	34	2	5.56%	2	2	47	37	0.98	1	1	18	16	1	1	+T
II	3983331	G	*/-TA	20	2	8.33%	2	2	48	55	0.98	1	1	3	17	1	1	-TA
II	4108814	G	*/-TA	32	2	5.56%	2	1	47	61	0.98	1	1	14	18	0	2	-TA
II	4254960	G	-A/-A	1	20	95.24%	1	2	37	54	0.98	1	1	0	1	10	10	-A
II	4264124	C	*/+TGA	26	2	7.14%	2	2	51	37	0.98	1	1	16	10	1	1	+TGA
II	4290954	G	*/-A	27	3	10%	2	1	44	57	0.98	1	1	12	15	0	3	-A
II	4308414	C	*/+A	2	10	71.43%	2	2	61	46	0.98	1	1	1	1	5	5	+A
II	4308414	C	*/+AA	2	2	14.29%	2	2	61	61	0.98	1	1	1	1	1	1	+A
II	4370748	G	*/+T	24	4	14.29%	2	2	41	37	0.98	1	1	8	16	1	3	+T
II	4419921	T	*/+A	2	2	50%	1	1	31	55	0.98	1	1	0	2	2	0	+A
II	4423650	T	-GTTGG/-GTTGG	3	28	90.32%	1	2	37	45	0.98	1	1	3	0	19	9	-GTTGG
II	4423656	A	+AAACT/+AAACT	2	27	87.1%	1	2	37	45	0.98	1	1	2	0	18	9	+AAACT
II	4497110	G	*/+T	6	3	30%	2	1	45	53	0.98	1	1	4	2	3	0	+T
II	4505641	C	*/-A	15	3	15%	2	2	47	45	0.98	1	1	10	5	1	2	-A
II	4505641	C	*/+A	15	2	10%	2	1	47	37	0.98	1	1	10	5	2	0	-A
II	4507742	G	*/+T	27	3	10%	2	2	51	74	0.98	1	1	15	12	1	2	+T
II	4514071	C	*/+A	18	2	10%	2	2	49	49	0.98	1	1	8	10	1	1	+A
II	4517047	T	*/+TACTCATC	66	15	18.07%	2	2	49	37	0.98	1	1	43	23	11	4	+TACTCATC
II	4517074	C	*/+TCA	79	5	5.95%	2	2	41	44	0.98	1	1	58	21	1	4	+TCA
II	4521677	T	*/-AA	7	4	36.36%	2	2	42	43	0.98	1	1	3	4	1	3	-AA
II	4525340	G	*/-T	50	7	11.11%	2	2	45	33	0.98	1	1	34	16	4	3	-T
II	4526174	A	*/-T	11	3	21.43%	2	1	46	57	0.98	1	1	7	4	0	3	-T
II	4526843	C	*/-T	8	4	25%	2	2	41	40	0.98	1	1	4	4	3	1	-T
II	4526843	C	*/-TTT	8	3	18.75%	2	2	41	40	0.98	1	1	4	4	1	2	-T
II	4528465	C	*/+GACAAT	56	14	19.72%	2	2	46	39	0.98	1	1	29	27	7	7	+GACAAT
II	4529375	T	*/+ACAACGACAACGACAACG	58	6	7.89%	2	2	44	43	0.98	1	1	34	24	3	3	+ACAACGACAACGACAACG
II	4529375	T	*/+ACAACGACAACGACAACGACAACG	58	10	13.16%	2	2	44	46	0.98	1	1	34	24	5	5	+ACAACGACAACGACAACGACAACG
II	4529500	C	*/+AT	92	6	6.06%	2	2	46	35	0.98	1	1	42	50	5	1	+AT
II	4533588	C	*/-T	41	12	22.64%	2	2	42	56	0.98	1	1	25	16	5	7	-T
II	4534880	A	*/-T	90	36	28.57%	2	2	47	49	0.98	1	1	44	46	19	17	-T
II	4535523	T	*/+GTTACG	180	38	17.43%	2	2	47	46	0.98	1	1	58	122	16	22	+GTTACG
II	4535548	A	*/-TATGTG	179	40	18.26%	2	2	47	44	0.98	1	1	70	109	23	17	-TATGTG
II	4535645	G	*/-T	139	43	23.24%	2	2	53	53	0.98	1	1	76	63	24	19	-T
II	4536728	A	*/+GAGAGTAGG	169	12	6.19%	2	2	50	58	0.98	1	1	76	93	6	6	+GAGAGTAGG
II	4537213	G	*/+T	110	92	45.54%	2	2	52	55	0.98	1	1	70	40	61	31	+T
II	4537387	A	*/-AATAAGAG	60	108	64.29%	2	2	46	48	0.98	1	1	30	30	68	40	-AATAAGAG
II	4537665	G	*/+AAATA	39	6	12.77%	2	2	51	41	0.98	1	1	22	17	2	4	+AAATA
II	4537712	T	*/-AAATAAAATTAATG	36	3	7.69%	2	2	46	49	0.98	1	1	21	15	1	2	-AAATAAAATTAATG
III	4729	A	*/-T	35	2	5.13%	2	1	45	37	0.98	1	1	21	14	0	2	-T
III	4952	C	+T/+T	25	109	80.15%	2	2	45	51	0.98	1	1	18	7	37	72	+T
III	5485	A	*/+C	15	4	21.05%	2	1	50	37	0.98	1	1	8	7	0	4	+C
III	9812	T	*/+A	23	41	60.29%	2	1	45	44	0.98	1	1	18	5	0	41	+A
III	10094	A	*/-T	4	10	71.43%	1	1	52	34	0.98	1	1	0	4	0	10	-T
III	10223	A	*/-T	16	2	11.11%	2	1	37	74	0.98	1	1	12	4	2	0	-T
III	12428	G	*/-AA	4	3	42.86%	2	2	46	45	0.98	1	1	3	1	2	1	-AA
III	15599	A	*/-T	27	3	9.38%	2	2	52	61	0.98	1	1	17	10	1	2	-T
III	15822	C	+T/+T	22	98	79.67%	2	2	47	49	0.98	1	1	19	3	35	63	+T
III	16273	C	*/-T	141	13	8.28%	2	2	46	49	0.98	1	1	81	60	6	7	-T
III	16348	C	*/-A	27	3	10%	2	1	46	37	0.98	1	1	7	20	3	0	-A
III	16390	C	*/-A	14	2	12.5%	2	1	44	37	0.98	1	1	11	3	0	2	-A
III	20682	T	*/+A	24	35	56.45%	2	1	52	42	0.98	1	1	22	2	0	35	+A
III	20964	A	*/-T	5	6	54.55%	2	1	51	31	0.98	1	1	2	3	0	6	-T
III	23298	G	*/-AA	6	2	25%	2	2	36	61	0.98	1	1	3	3	1	1	-AA
III	32961	T	*/+G	26	2	7.14%	2	1	57	55	0.98	1	1	19	7	2	0	+G
III	46959	A	*/-AT	9	2	18.18%	2	1	42	61	0.98	1	1	3	6	2	0	-AT
III	59772	C	*/-A	22	2	8%	2	1	51	37	0.98	1	1	10	12	2	0	-A
III	63397	G	*/+T	23	3	11.54%	2	2	53	49	0.98	1	1	11	12	1	2	+T
III	69589	T	*/-A	14	2	11.76%	2	2	37	37	0.98	1	1	6	8	1	1	-A
III	123319	T	*/-A	9	4	26.67%	2	2	38	49	0.98	1	1	2	7	2	2	-A
III	208140	C	*/+A	12	2	12.5%	2	1	46	37	0.98	1	1	10	2	2	0	+A
III	232115	A	*/-T	7	2	20%	2	2	45	55	0.98	1	1	3	4	1	1	-T
III	245692	C	*/-T	12	2	13.33%	2	2	53	49	0.98	1	1	6	6	1	1	-T
III	253907	A	*/+T	3	4	50%	1	2	40	34	0.98	1	1	3	0	2	2	+T
III	286478	C	*/-TT	1	5	71.43%	1	2	22	44	0.98	1	1	1	0	2	3	-TT
III	286594	T	*/-A	2	2	15.38%	1	1	49	55	0.98	1	1	2	0	2	0	-A
III	286594	T	*/+A	2	6	46.15%	1	2	49	45	0.98	1	1	2	0	5	1	+A
III	286594	T	*/+AA	2	3	23.08%	1	2	49	36	0.98	1	1	2	0	2	1	+A
III	293096	G	*/+T	10	4	26.67%	2	2	37	40	0.98	1	1	5	5	3	1	+T
III	348685	G	*/-AT	40	4	8.51%	2	2	43	37	0.98	1	1	22	18	2	2	-AT
III	365747	C	-A/-A	2	9	75%	2	2	55	37	0.98	1	1	1	1	6	3	-A
III	429418	C	*/-T	18	2	10%	2	1	41	55	0.98	1	1	13	5	2	0	-T
III	431910	C	*/+T	10	2	15.38%	2	2	38	42	0.98	1	1	4	6	1	1	+T
III	568658	C	*/-T	13	4	21.05%	2	2	49	46	0.98	1	1	12	1	3	1	-T
III	717677	A	-T/-T	2	14	87.5%	2	2	37	45	0.98	1	1	1	1	6	8	-T
III	719703	T	*/-A	7	2	22.22%	1	1	40	37	0.98	1	1	7	0	2	0	-A
III	719955	A	-C/-C	0	7	100%	0	2	0	68	0.98	0	1	0	0	5	2	-C
III	720683	A	+T/+T	0	6	85.71%	0	2	0	51	0.98	0	1	0	0	3	3	+T
III	725746	C	*/+T	25	2	7.41%	2	2	47	37	0.98	1	1	12	13	1	1	+T
III	762516	T	*/+A	4	4	36.36%	1	2	37	46	0.98	1	1	4	0	3	1	+A
III	867865	C	-T/-T	1	9	90%	1	2	37	35	0.98	1	1	1	0	5	4	-T
III	897531	C	*/+A	19	4	17.39%	2	2	46	52	0.98	1	1	15	4	3	1	+A
III	958240	T	*/-C	22	2	8.33%	2	1	46	49	0.98	1	1	13	9	0	2	-C
III	958241	C	*/+T	17	3	14.29%	2	2	41	32	0.98	1	1	15	2	1	2	+T
III	966124	G	*/-T	11	6	27.27%	2	2	40	38	0.98	1	1	10	1	5	1	-T
III	966124	G	*/+T	11	3	13.64%	2	1	40	37	0.98	1	1	10	1	3	0	-T
III	966516	A	*/+GAATATAGACTCAC	13	5	27.78%	2	2	39	49	0.98	1	1	6	7	2	3	+GAATATAGACTCAC
III	970548	C	*/-T	4	3	37.5%	2	1	27	57	0.98	1	1	2	2	0	3	-T
III	970892	C	*/-T	6	3	27.27%	2	2	57	66	0.98	1	1	4	2	2	1	-T
III	996949	A	*/-T	15	3	15.79%	2	2	57	53	0.98	1	1	8	7	2	1	-T
III	1016311	G	+C/+C	0	41	100%	0	2	0	50	0.98	0	1	0	0	22	19	+C
III	1073505	T	*/+ATATAGAG	118	12	8.7%	2	2	49	52	0.98	1	1	69	49	9	3	+ATATAGAG
III	1075530	A	*/+TGGAAGTGGTAAG	134	10	6.94%	2	2	43	44	0.98	1	1	48	86	3	7	+TGGAAGTGGTAAG
III	1079346	A	*/+G	93	6	6.06%	2	2	42	49	0.98	1	1	66	27	3	3	+G
III	1080146	T	*/+ATATAGAG	183	21	10%	2	2	46	43	0.98	1	1	64	119	16	5	+ATATAGAG
III	1084026	A	*/+AGTGGTGATGGTT	41	5	10.64%	2	1	43	44	0.98	1	1	17	24	0	5	+AGTGGTGATGGTT
III	1095550	G	*/-T	10	9	45%	2	2	38	44	0.98	1	1	8	2	5	4	-T
III	1103423	T	*/-A	10	9	34.62%	2	2	41	47	0.98	1	1	7	3	7	2	-A
III	1103423	T	*/-AA	10	5	19.23%	2	2	41	51	0.98	1	1	7	3	4	1	-A
III	1103423	T	*/+A	10	2	7.69%	2	2	41	36	0.98	1	1	7	3	1	1	-A
III	1114822	A	*/-C	35	2	5.41%	2	1	43	55	0.98	1	1	15	20	0	2	-C
III	1114914	T	*/+ACCACTAACCATC	54	5	8.47%	2	2	45	44	0.98	1	1	34	20	3	2	+ACCACTAACCATC
III	1117723	T	*/+C	76	5	6.17%	2	2	46	59	0.98	1	1	36	40	1	4	+C
III	1121582	A	*/-C	29	5	14.71%	2	2	48	44	0.98	1	1	14	15	2	3	-C
III	1121674	T	*/+ACCACTAACCATC	54	8	12.9%	2	2	48	34	0.98	1	1	27	27	6	2	+ACCACTAACCATC
III	1128434	T	*/+ACCACTAACCATC	45	4	7.84%	2	2	47	37	0.98	1	1	24	21	3	1	+ACCACTAACCATC
III	1131243	T	*/+C	64	6	8.57%	2	2	45	49	0.98	1	1	34	30	4	2	+C
III	1135102	A	*/-C	24	2	7.69%	2	2	45	37	0.98	1	1	8	16	1	1	-C
III	1135116	C	*/-T	10	2	16.67%	2	2	48	37	0.98	1	1	5	5	1	1	-T
III	1135129	C	*/-T	14	3	17.65%	2	2	44	37	0.98	1	1	6	8	2	1	-T
III	1135194	T	*/+ACCACTAACCATC	47	6	11.32%	2	2	47	43	0.98	1	1	33	14	4	2	+ACCACTAACCATC
III	1163975	G	*/-C	17	2	10.53%	2	2	50	37	0.98	1	1	12	5	1	1	-C
III	1168360	T	*/-G	10	6	37.5%	2	2	40	39	0.98	1	1	7	3	4	2	-G
III	1168362	G	*/-GA	11	2	14.29%	2	1	41	37	0.98	1	1	8	3	2	0	-GA
III	1193734	G	*/-T	20	2	9.09%	2	2	50	31	0.98	1	1	8	12	1	1	-T
III	1373557	C	*/-T	12	2	14.29%	2	1	61	74	0.98	1	1	6	6	0	2	-T
III	1395701	A	*/+AATGTAATGT	7	5	35.71%	2	2	44	49	0.98	1	1	3	4	3	2	+AATGTAATGT
III	1403337	A	*/-T	17	2	10.53%	2	2	53	37	0.98	1	1	15	2	1	1	-T
III	1421567	T	*/+GGG	0	2	50%	0	1	0	37	0.98	0	1	0	0	2	0	+GGG
III	1510629	T	*/-A	8	3	25%	2	2	35	53	0.98	1	1	5	3	1	2	-A
III	1547169	C	*/-A	9	2	16.67%	2	1	42	74	0.98	1	1	8	1	0	2	-A
III	1575951	G	*/+T	1	2	40%	1	1	37	36	0.98	1	1	0	1	0	2	+T
III	1581366	G	*/-T	13	2	11.76%	2	2	42	37	0.98	1	1	5	8	1	1	-T
III	1594933	T	*/-A	8	3	25%	2	2	44	49	0.98	1	1	1	7	1	2	-A
III	1672738	C	*/-T	15	2	11.76%	2	1	39	37	0.98	1	1	10	5	2	0	-T
III	1674618	C	*/-T	6	2	22.22%	2	1	31	37	0.98	1	1	4	2	2	0	-T
III	1685487	G	+A/+A	1	18	94.74%	1	2	37	44	0.98	1	1	0	1	11	7	+A
III	1702004	C	*/-T	32	2	5.88%	2	1	50	31	0.98	1	1	22	10	2	0	-T
III	1702276	A	*/-T	40	3	6.67%	2	2	47	65	0.98	1	1	19	21	2	1	-T
III	1707997	T	*/-A	28	4	12.5%	2	2	42	46	0.98	1	1	13	15	1	3	-A
III	1711935	A	+T/+T	2	20	90.91%	2	2	42	55	0.98	1	1	1	1	11	9	+T
III	1712983	G	*/-A	2	5	45.45%	1	2	31	34	0.98	1	1	2	0	4	1	-A
III	1712983	G	*/-AA	2	2	18.18%	1	1	31	42	0.98	1	1	2	0	2	0	-A
III	1753803	C	*/+T	6	2	25%	2	1	39	37	0.98	1	1	4	2	2	0	+T
III	1756400	T	-A/-A	1	29	96.67%	1	2	74	45	0.98	1	1	1	0	12	17	-A
III	1758846	C	*/-A	10	2	16.67%	2	2	42	37	0.98	1	1	6	4	1	1	-A
III	1774235	T	+GATC/+GATC	2	12	80%	2	2	68	45	0.98	1	1	1	1	9	3	+GATC
III	1802522	G	*/+T	17	2	10.53%	2	1	39	74	0.98	1	1	14	3	2	0	+T
III	1821911	C	*/-A	9	6	40%	2	2	42	47	0.98	1	1	8	1	5	1	-A
III	1834016	G	*/+T	26	2	7.14%	2	1	42	37	0.98	1	1	6	20	0	2	+T
III	1864883	C	*/-T	24	2	7.69%	2	1	47	37	0.98	1	1	10	14	2	0	-T
III	1880707	G	*/+T	19	2	9.52%	2	2	46	74	0.98	1	1	13	6	1	1	+T
III	1925626	C	*/-A	4	2	33.33%	2	2	46	31	0.98	1	1	2	2	1	1	-A
III	1985119	G	*/-T	9	3	25%	2	2	44	57	0.98	1	1	3	6	2	1	-T
III	2010864	G	*/-TA	29	2	6.45%	2	1	49	37	0.98	1	1	11	18	0	2	-TA
III	2069607	G	*/-T	14	2	11.76%	2	2	43	31	0.98	1	1	9	5	1	1	-T
III	2076412	G	*/-T	5	6	54.55%	2	2	49	45	0.98	1	1	2	3	4	2	-T
III	2076980	A	*/-T	7	2	22.22%	2	1	51	37	0.98	1	1	3	4	2	0	-T
III	2113205	C	*/+T	6	2	25%	2	2	35	37	0.98	1	1	3	3	1	1	+T
III	2157938	C	*/-T	11	2	15.38%	2	1	53	25	0.98	1	1	6	5	0	2	-T
III	2178240	T	*/-A	22	3	11.11%	2	2	41	45	0.98	1	1	15	7	2	1	-A
III	2183012	T	-ATTGTG/-ATTGTG	2	18	90%	1	2	49	49	0.98	1	1	0	2	6	12	-ATTGTG
III	2270459	C	*/-A	12	4	23.53%	2	2	44	43	0.98	1	1	11	1	3	1	-A
III	2281940	C	*/-T	11	5	31.25%	2	2	45	32	0.98	1	1	9	2	4	1	-T
III	2300104	A	*/+T	7	2	22.22%	2	2	40	55	0.98	1	1	6	1	1	1	+T
III	2310960	G	*/-A	6	3	33.33%	2	2	41	61	0.98	1	1	3	3	1	2	-A
III	2310968	A	*/+GGT	6	3	33.33%	2	2	43	61	0.98	1	1	3	3	1	2	+GGT
III	2348394	G	*/-T	5	2	28.57%	2	1	59	55	0.98	1	1	4	1	0	2	-T
III	2373166	G	*/-A	20	2	9.09%	2	1	51	55	0.98	1	1	10	10	2	0	-A
III	2382018	A	*/-T	5	2	25%	2	1	39	55	0.98	1	1	3	2	0	2	-T
III	2420241	T	*/-AA	11	2	15.38%	2	2	44	55	0.98	1	1	3	8	1	1	-AA
III	2443562	A	+T/+T	16	58	76.32%	2	1	36	36	0.98	1	1	8	8	0	58	+T
III	2447848	T	*/-A	1288	417	19.54%	2	2	43	42	0.98	1	1	960	328	311	106	-A
III	2447848	T	*/-AA	1288	195	9.14%	2	2	43	43	0.98	1	1	960	328	137	58	-A
III	2447848	T	*/+A	1288	160	7.5%	2	2	43	44	0.98	1	1	960	328	111	49	-A
III	2448309	T	-AA/-AA	59	832	89.75%	2	2	45	42	0.98	1	1	40	19	329	503	-AA
III	2448518	T	*/-A	1023	392	23.42%	2	2	45	46	0.98	1	1	691	332	269	123	-A
III	2448518	T	*/-AA	1023	124	7.41%	2	2	45	46	0.98	1	1	691	332	79	45	-A
III	2448518	T	*/+A	1023	97	5.79%	2	2	45	45	0.98	1	1	691	332	62	35	-A
