Chrom	Position	Ref	Cons	Reads1	Reads2	VarFreq	Strands1	Strands2	Qual1	Qual2	Pvalue	MapQual1	MapQual2	Reads1Plus	Reads1Minus	Reads2Plus	Reads2Minus	VarAllele
chr_II_telomeric_gap	5210	G	*/+T	33	2	5.71%	2	1	45	49	0.98	1	1	19	14	2	0	+T
chr_II_telomeric_gap	6301	C	*/-AT	20	6	23.08%	2	2	49	37	0.98	1	1	6	14	4	2	-AT
chr_II_telomeric_gap	8537	T	*/-G	16	2	11.11%	2	1	41	43	0.98	1	1	14	2	0	2	-G
chr_II_telomeric_gap	8538	G	*/-A	6	6	40%	1	2	33	51	0.98	1	1	6	0	5	1	-A
chr_II_telomeric_gap	8538	G	*/-AAA	6	2	13.33%	1	1	33	37	0.98	1	1	6	0	2	0	-A
I	3160	A	*/+GTTGTCGTTGTC	83	10	8.93%	2	2	47	43	0.98	1	1	51	32	6	4	+GTTGTCGTTGTC
I	3160	A	*/+GTTGTCGTTGTCGTTGTCGTTGTC	83	11	9.82%	2	2	47	37	0.98	1	1	51	32	8	3	+GTTGTCGTTGTCGTTGTCGTTGTC
I	4053	C	*/+TGTCATTGTCAT	69	19	16.81%	2	2	43	48	0.98	1	1	30	39	13	6	+TGTCATTGTCAT
I	4053	C	*/+TGTCAT	69	25	22.12%	2	2	43	46	0.98	1	1	30	39	14	11	+TGTCAT
I	5677	G	*/-A	33	18	24%	2	2	36	41	0.98	1	1	32	1	16	2	-A
I	5677	G	*/-AA	33	9	12%	2	2	36	43	0.98	1	1	32	1	8	1	-A
I	5677	G	*/-AAA	33	4	5.33%	2	2	36	46	0.98	1	1	32	1	3	1	-A
I	5677	G	*/+A	33	4	5.33%	2	2	36	46	0.98	1	1	32	1	3	1	-A
I	6357	T	*/-A	85	11	8.8%	2	2	47	49	0.98	1	1	38	47	2	9	-A
I	6357	T	*/-AA	85	25	20%	2	2	47	47	0.98	1	1	38	47	10	15	-AA
I	7192	C	*/-A	66	6	6.52%	2	2	39	45	0.98	1	1	58	8	5	1	A
I	7192	C	*/+A	66	9	9.78%	2	1	39	41	0.98	1	1	58	8	9	0	+A
I	10859	G	*/-TT	30	18	36%	2	2	47	47	0.98	1	1	19	11	12	6	-TT
I	15734	C	*/-A	44	12	20%	2	2	47	43	0.98	1	1	28	16	9	3	-A
I	19694	T	*/+A	61	11	15.28%	2	1	57	35	0.98	1	1	26	35	11	0	+A
I	20545	C	*/+TTTTTTT	7	3	21.43%	1	1	38	37	0.98	1	1	7	0	3	0	+TTTTTTT
I	27402	A	*/-C	9	12	35.29%	2	2	46	39	0.98	1	1	2	7	1	11	-C
I	27402	A	*/+C	9	6	17.65%	2	1	46	33	0.98	1	1	2	7	0	6	-C
I	27402	A	*/+CC	9	7	20.59%	2	1	46	37	0.98	1	1	2	7	0	7	+CC
I	29373	T	*/+CTTGGGAATGATTATAGCAGC	44	3	5.66%	2	2	51	49	0.98	1	1	19	25	1	2	C
I	43335	G	*/-AA	7	2	13.33%	1	1	35	55	0.98	1	1	7	0	2	0	-AA
I	43335	G	*/+A	7	4	26.67%	1	2	35	55	0.98	1	1	7	0	3	1	+A
I	55244	T	*/-A	18	9	25.71%	2	2	37	50	0.98	1	1	15	3	5	4	-A
I	55244	T	*/-AA	18	5	14.29%	2	2	37	46	0.98	1	1	15	3	4	1	-A
I	55244	T	*/+A	18	2	5.71%	2	1	37	37	0.98	1	1	15	3	2	0	-A
I	101871	A	+G/+G	2	34	89.47%	1	2	37	47	0.98	1	1	2	0	10	24	+G
I	110482	T	*/-A	18	2	9.09%	2	1	36	42	0.98	1	1	17	1	2	0	-A
I	140583	G	*/+A	34	2	5.41%	2	2	50	55	0.98	1	1	14	20	1	1	+A
I	190112	C	*/-A	6	2	18.18%	1	2	28	37	0.98	1	1	6	0	1	1	A
I	215340	C	*/+T	31	2	5.88%	2	1	47	37	0.98	1	1	17	14	2	0	+T
I	216147	C	*/-T	21	4	14.81%	2	2	41	34	0.98	1	1	10	11	1	3	-T
I	232688	T	*/-A	14	3	16.67%	2	2	43	61	0.98	1	1	8	6	1	2	-A
I	301305	G	*/-T	31	3	8.57%	2	2	44	33	0.98	1	1	15	16	2	1	-T
I	315375	G	*/-T	31	2	6.06%	2	2	49	55	0.98	1	1	13	18	1	1	-T
I	377488	C	*/-T	8	2	20%	2	1	38	55	0.98	1	1	4	4	0	2	-T
I	378132	T	*/-A	31	2	6.06%	2	2	48	37	0.98	1	1	21	10	1	1	-A
I	414079	C	*/-T	16	6	25%	2	2	40	45	0.98	1	1	9	7	2	4	-T
I	427407	A	*/-T	23	2	8%	2	1	46	49	0.98	1	1	10	13	2	0	-T
I	440084	T	*/+A	3	15	68.18%	1	2	37	42	0.98	1	1	3	0	12	3	+A
I	440084	T	*/+AA	3	3	13.64%	1	1	37	37	0.98	1	1	3	0	3	0	+A
I	441614	C	*/-T	8	5	25%	2	1	35	32	0.98	1	1	7	1	5	0	-T
I	441614	C	*/-TT	8	3	15%	2	1	35	29	0.98	1	1	7	1	3	0	-T
I	441614	C	*/+T	8	3	15%	2	1	35	57	0.98	1	1	7	1	3	0	-T
I	453369	G	*/-A	21	2	5.41%	2	1	40	37	0.98	1	1	18	3	2	0	A
I	453369	G	*/+A	21	6	16.22%	2	1	40	38	0.98	1	1	18	3	6	0	+A
I	453369	G	*/+AA	21	5	13.51%	2	1	40	44	0.98	1	1	18	3	5	0	+A
I	456726	G	*/-T	21	4	16%	2	2	48	37	0.98	1	1	13	8	1	3	-T
I	464017	C	*/-A	20	2	8.7%	2	1	48	55	0.98	1	1	11	9	0	2	-A
I	470378	A	-C/-C	0	30	100%	0	2	0	38	0.98	0	1	0	0	19	11	-C
I	470390	A	-C/-C	0	39	100%	0	2	0	44	0.98	0	1	0	0	24	15	-C
I	473427	G	*/+T	9	2	10%	1	1	34	37	0.98	1	1	9	0	2	0	+T
I	473427	G	*/+TT	9	2	10%	1	1	34	37	0.98	1	1	9	0	2	0	+T
I	482737	A	+G/+G	4	46	88.46%	2	2	46	49	0.98	1	1	2	2	20	26	+G
I	520825	G	*/-T	34	2	5.56%	2	2	47	37	0.98	1	1	17	17	1	1	-T
I	521845	T	*/-A	24	6	18.75%	2	1	43	49	0.98	1	1	10	14	0	6	-A
I	528541	C	*/-A	37	4	9.09%	2	2	43	46	0.98	1	1	22	15	2	2	-A
I	554527	A	+T/+T	1	26	96.3%	1	2	37	43	0.98	1	1	0	1	15	11	+T
I	562745	A	*/-T	12	3	8.82%	2	2	50	45	0.98	1	1	6	6	2	1	-T
I	562745	A	*/+T	12	14	41.18%	2	2	50	44	0.98	1	1	6	6	4	10	+T
I	562745	A	*/+TT	12	3	8.82%	2	2	50	37	0.98	1	1	6	6	2	1	+T
I	609849	C	*/-T	29	7	19.44%	2	2	42	40	0.98	1	1	15	14	4	3	-T
I	650099	C	*/-A	7	2	11.11%	1	1	40	42	0.98	1	1	7	0	0	2	-A
I	650099	C	*/+A	7	2	11.11%	1	1	40	37	0.98	1	1	7	0	2	0	-A
I	650099	C	*/+AA	7	5	27.78%	1	2	40	51	0.98	1	1	7	0	4	1	+AA
I	653719	C	+T/+T	2	30	93.75%	2	2	55	44	0.98	1	1	1	1	18	12	+T
I	660056	T	*/-G	9	2	7.69%	2	1	38	37	0.98	1	1	8	1	2	0	-G
I	660056	T	*/+G	9	9	34.62%	2	1	38	34	0.98	1	1	8	1	9	0	+G
I	660056	T	*/+GG	9	3	11.54%	2	1	38	37	0.98	1	1	8	1	3	0	+G
I	660056	T	*/+GGG	9	2	7.69%	2	1	38	31	0.98	1	1	8	1	2	0	+G
I	670032	C	+A/+A	3	95	96.94%	1	2	61	49	0.98	1	1	3	0	41	54	+A
I	682993	T	-C/-C	0	64	100%	0	2	0	47	0.98	0	1	0	0	25	39	-C
I	719597	G	*/-TA	75	12	13.79%	2	2	52	54	0.98	1	1	45	30	6	6	-TA
I	765473	T	*/-C	16	2	11.11%	2	1	43	37	0.98	1	1	8	8	0	2	-C
I	765477	A	*/-T	13	7	35%	2	2	42	37	0.98	1	1	6	7	2	5	-T
I	793917	A	*/-T	5	4	36.36%	2	2	39	34	0.98	1	1	2	3	3	1	-T
I	793917	A	*/-TT	5	2	18.18%	2	1	39	31	0.98	1	1	2	3	0	2	-T
I	807903	A	*/-T	26	4	12.12%	2	2	46	37	0.98	1	1	10	16	2	2	-T
I	862962	C	+T/+T	2	30	93.75%	1	2	37	44	0.98	1	1	0	2	17	13	+T
I	934908	T	*/+A	17	3	10.34%	2	2	37	40	0.98	1	1	16	1	2	1	+A
I	934908	T	*/+AA	17	8	27.59%	2	2	37	40	0.98	1	1	16	1	3	5	+AA
I	954072	T	*/-A	33	2	5.26%	2	2	46	55	0.98	1	1	18	15	1	1	-A
I	954072	T	*/+A	33	3	7.89%	2	2	46	33	0.98	1	1	18	15	1	2	+A
I	954731	A	*/+T	22	2	8.33%	2	1	45	49	0.98	1	1	12	10	0	2	+T
I	960025	G	*/+T	8	11	52.38%	2	2	43	48	0.98	1	1	7	1	8	3	+T
I	960025	G	*/+TT	8	2	9.52%	2	2	43	37	0.98	1	1	7	1	1	1	+T
I	965438	C	*/+A	8	2	14.29%	2	1	36	49	0.98	1	1	7	1	2	0	+A
I	995070	G	*/-T	7	8	44.44%	2	2	37	46	0.98	1	1	6	1	4	4	-T
I	1048635	G	+A/+A	7	26	78.79%	2	2	39	48	0.98	1	1	6	1	16	10	+A
I	1079583	T	*/+AAAAAAA	4	5	33.33%	2	2	43	39	0.98	1	1	3	1	3	2	+AAAAAAA
I	1079583	T	*/+AAAAAAAA	4	5	33.33%	2	2	43	34	0.98	1	1	3	1	2	3	+AAAAAAA
I	1083962	G	*/+T	4	2	5.88%	1	2	43	55	0.98	1	1	4	0	1	1	+T
I	1083962	G	*/+TT	4	25	73.53%	1	2	43	45	0.98	1	1	4	0	9	16	+TT
I	1148104	A	*/+T	1	5	45.45%	1	2	37	44	0.98	1	1	0	1	4	1	+T
I	1148104	A	*/+TT	1	3	27.27%	1	2	37	33	0.98	1	1	0	1	2	1	+T
I	1149923	C	*/-A	19	5	20%	2	2	42	34	0.98	1	1	8	11	2	3	-A
I	1152910	C	*/-T	20	3	12.5%	2	2	40	45	0.98	1	1	8	12	1	2	-T
I	1185796	A	*/-G	25	2	6.9%	2	1	42	37	0.98	1	1	18	7	0	2	-G
I	1185797	G	*/-A	20	4	14.29%	2	1	37	39	0.98	1	1	14	6	4	0	-A
I	1254655	T	*/+A	35	5	11.9%	2	2	41	37	0.98	1	1	27	8	4	1	+A
I	1274803	T	+A/+A	0	27	100%	0	2	0	43	0.98	0	1	0	0	13	14	+A
I	1290605	A	*/-T	30	3	8.82%	2	1	40	49	0.98	1	1	23	7	3	0	-T
I	1358794	C	*/+A	9	6	40%	2	2	40	43	0.98	1	1	5	4	3	3	+A
I	1421034	T	*/-A	11	3	18.75%	2	2	46	33	0.98	1	1	5	6	2	1	-A
I	1421034	T	*/+A	11	2	12.5%	2	1	46	55	0.98	1	1	5	6	0	2	-A
I	1424708	C	-A/-A	1	29	96.67%	1	2	37	41	0.98	1	1	1	0	16	13	-A
I	1454446	C	*/-A	33	3	7.89%	2	2	46	41	0.98	1	1	24	9	1	2	-A
I	1478066	G	*/-A	15	2	10.53%	2	2	44	42	0.98	1	1	12	3	1	1	-A
I	1496317	C	*/-A	7	18	58.06%	2	2	42	41	0.98	1	1	4	3	12	6	-A
I	1496317	C	*/-AA	7	3	9.68%	2	2	42	49	0.98	1	1	4	3	2	1	-A
I	1496317	C	*/-AAA	7	3	9.68%	2	1	42	33	0.98	1	1	4	3	0	3	-A
I	1496632	A	*/-T	14	5	26.32%	2	1	44	44	0.98	1	1	8	6	0	5	-T
I	1509277	C	+T/+T	6	19	76%	2	2	31	44	0.98	1	1	5	1	14	5	+T
I	1529295	A	-AGGAGG/-AGGAGG	5	29	85.29%	2	2	49	48	0.98	1	1	3	2	17	12	-AGGAGG
I	1541270	C	*/-T	32	2	5.56%	2	1	45	49	0.98	1	1	16	16	0	2	-T
I	1541270	C	*/+TT	32	2	5.56%	2	2	45	37	0.98	1	1	16	16	1	1	-T
I	1541472	G	*/-T	13	8	29.63%	2	1	44	37	0.98	1	1	11	2	8	0	-T
I	1541472	G	*/-TT	13	3	11.11%	2	2	44	37	0.98	1	1	11	2	2	1	-T
I	1595056	C	*/-T	9	3	15.79%	2	2	37	33	0.98	1	1	7	2	2	1	-T
I	1595056	C	*/+T	9	3	15.79%	2	1	37	36	0.98	1	1	7	2	3	0	-T
I	1595056	C	*/+TT	9	3	15.79%	2	1	37	37	0.98	1	1	7	2	3	0	-T
I	1599291	T	*/-A	9	3	21.43%	2	2	34	45	0.98	1	1	3	6	1	2	-A
I	1599291	T	*/+A	9	2	14.29%	2	1	34	31	0.98	1	1	3	6	0	2	-A
I	1623129	C	*/-A	30	2	5.88%	2	1	43	37	0.98	1	1	5	25	0	2	-A
I	1623129	C	*/+A	30	2	5.88%	2	1	43	49	0.98	1	1	5	25	0	2	-A
I	1625092	T	+C/+C	2	33	84.62%	1	2	55	43	0.98	1	1	2	0	15	18	+C
I	1637927	G	*/+T	23	2	8%	2	2	44	68	0.98	1	1	17	6	1	1	+T
I	1664720	A	*/-T	24	2	7.41%	2	2	37	55	0.98	1	1	13	11	1	1	-T
I	1724698	C	*/+T	35	6	14.63%	2	2	49	41	0.98	1	1	15	20	3	3	+T
I	1765306	C	*/+A	15	2	10.53%	2	2	39	37	0.98	1	1	12	3	1	1	+A
I	1771585	C	*/-A	33	2	5.56%	2	2	45	37	0.98	1	1	19	14	1	1	-A
I	1777634	A	*/-T	12	3	18.75%	2	1	45	33	0.98	1	1	10	2	3	0	-T
I	1834606	G	*/-A	53	3	5.36%	2	2	46	37	0.98	1	1	29	24	1	2	-A
I	1837916	G	*/-T	12	3	16.67%	1	2	35	45	0.98	1	1	12	0	1	2	-T
I	1837916	G	*/-TT	12	2	11.11%	1	2	35	37	0.98	1	1	12	0	1	1	-T
I	1848384	C	*/-A	21	3	12%	2	1	40	37	0.98	1	1	17	4	3	0	-A
I	1849285	C	*/-T	45	6	10.91%	2	2	45	39	0.98	1	1	24	21	2	4	-T
I	1849285	C	*/+T	45	3	5.45%	2	2	45	70	0.98	1	1	24	21	2	1	-T
I	1890184	C	*/-A	13	4	16%	2	2	40	74	0.98	1	1	4	9	2	2	-A
I	1890184	C	*/-AA	13	2	8%	2	1	40	55	0.98	1	1	4	9	2	0	-A
I	1890184	C	*/+A	13	3	12%	2	2	40	36	0.98	1	1	4	9	1	2	+A
I	1890184	C	*/+AA	13	2	8%	2	2	40	49	0.98	1	1	4	9	1	1	+A
I	1905525	T	*/+GG	8	4	28.57%	2	1	35	37	0.98	1	1	7	1	4	0	+GG
I	1936294	G	+A/+A	0	36	100%	0	2	0	46	0.98	0	1	0	0	17	19	+A
I	1952313	A	+T/+T	1	49	98%	1	2	37	49	0.98	1	1	0	1	27	22	+T
I	1954162	C	*/-A	22	10	25%	2	2	40	40	0.98	1	1	16	6	3	7	-A
I	1954162	C	*/-AA	22	2	5%	2	1	40	55	0.98	1	1	16	6	2	0	-A
I	1954162	C	*/+A	22	5	12.5%	2	2	40	56	0.98	1	1	16	6	2	3	+A
I	1955754	C	*/+T	9	5	22.73%	2	2	38	39	0.98	1	1	8	1	4	1	+T
I	1955754	C	*/+TT	9	7	31.82%	2	2	38	36	0.98	1	1	8	1	6	1	+TT
I	1955853	T	*/+A	3	7	41.18%	2	2	36	38	0.98	1	1	2	1	4	3	+A
I	1955853	T	*/+AA	3	7	41.18%	2	2	36	40	0.98	1	1	2	1	4	3	+A
I	1955953	C	*/+T	26	2	7.14%	2	2	37	31	0.98	1	1	12	14	1	1	+T
I	1993888	C	*/-AT	48	3	5.88%	2	1	45	37	0.98	1	1	20	28	0	3	-AT
I	2024999	T	*/+A	31	2	6.06%	2	1	42	36	0.98	1	1	21	10	0	2	+A
I	2025000	C	*/+T	17	8	25.81%	2	2	37	47	0.98	1	1	15	2	4	4	+T
I	2041948	T	*/-A	39	4	9.09%	2	1	37	37	0.98	1	1	37	2	4	0	-A
I	2052488	A	*/-T	31	18	32.73%	2	2	49	46	0.98	1	1	19	12	9	9	-T
I	2052488	A	*/+T	31	5	9.09%	2	2	49	46	0.98	1	1	19	12	3	2	-T
I	2096013	T	*/-A	27	3	10%	2	2	50	49	0.98	1	1	17	10	2	1	-A
I	2139856	G	+T/+T	2	10	83.33%	1	2	31	40	0.98	1	1	2	0	6	4	+T
I	2154491	T	+A/+A	0	30	93.75%	0	2	0	47	0.98	0	1	0	0	12	18	+A
I	2174555	C	*/-A	14	9	30%	2	2	38	38	0.98	1	1	8	6	5	4	-A
I	2174555	C	*/-AA	14	3	10%	2	2	38	49	0.98	1	1	8	6	1	2	-A
I	2174555	C	*/+A	14	4	13.33%	2	2	38	36	0.98	1	1	8	6	2	2	+A
I	2178948	C	*/-A	43	6	11.76%	2	2	40	59	0.98	1	1	37	6	2	4	-A
I	2214725	G	*/+T	34	3	8.11%	2	2	52	74	0.98	1	1	16	18	1	2	+T
I	2227870	C	*/-T	10	2	16.67%	2	1	38	37	0.98	1	1	9	1	2	0	-T
I	2227936	T	*/+AAA	2	6	40%	1	2	37	45	0.98	1	1	2	0	3	3	+AAA
I	2227936	T	*/+AAAA	2	4	26.67%	1	1	37	39	0.98	1	1	2	0	4	0	+AAA
I	2231735	C	*/-A	22	4	13.33%	2	2	48	43	0.98	1	1	12	10	3	1	-A
I	2231735	C	*/+A	22	3	10%	2	1	48	49	0.98	1	1	12	10	3	0	-A
I	2245479	T	*/-C	28	2	5%	2	1	39	42	0.98	1	1	11	17	0	2	-C
I	2245479	T	*/+C	28	9	22.5%	2	2	39	48	0.98	1	1	11	17	6	3	+C
I	2248535	T	+A/+A	3	25	86.21%	1	2	45	52	0.98	1	1	3	0	12	13	+A
I	2273201	T	*/-A	11	8	34.78%	2	2	38	31	0.98	1	1	7	4	4	4	-A
I	2273201	T	*/-AA	11	2	8.7%	2	2	38	42	0.98	1	1	7	4	1	1	-A
I	2273201	T	*/-AAA	11	2	8.7%	2	1	38	31	0.98	1	1	7	4	0	2	-A
I	2288240	C	-G/-G	0	57	100%	0	2	0	52	0.98	0	1	0	0	30	27	-G
I	2292331	C	*/-T	18	2	10%	2	1	37	55	0.98	1	1	12	6	0	2	-T
I	2322636	C	*/-A	24	8	19.05%	2	2	37	38	0.98	1	1	23	1	7	1	-A
I	2322636	C	*/-AA	24	3	7.14%	2	1	37	37	0.98	1	1	23	1	3	0	-A
I	2322636	C	*/+A	24	3	7.14%	2	1	37	40	0.98	1	1	23	1	3	0	-A
I	2343703	G	+A/+A	1	24	96%	1	2	37	45	0.98	1	1	0	1	9	15	+A
I	2350123	C	*/-T	33	2	5.56%	2	2	41	42	0.98	1	1	18	15	1	1	-T
I	2401096	C	*/+A	32	4	10.81%	2	2	42	31	0.98	1	1	21	11	2	2	+A
I	2421576	A	-C/-C	1	26	96.3%	1	2	37	45	0.98	1	1	0	1	16	10	-C
I	2424539	G	*/-A	16	3	15.79%	2	1	38	49	0.98	1	1	13	3	3	0	-A
I	2499149	A	-T/-T	3	36	92.31%	1	2	57	48	0.98	1	1	3	0	14	22	-T
I	2507462	T	+A/+A	1	43	97.73%	1	2	37	46	0.98	1	1	0	1	28	15	+A
I	2510060	T	+A/+A	2	21	91.3%	1	2	55	41	0.98	1	1	0	2	17	4	+A
I	2520612	G	*/-T	38	4	9.3%	2	1	48	37	0.98	1	1	20	18	0	4	-T
I	2525300	T	*/-A	22	7	24.14%	2	2	40	37	0.98	1	1	9	13	5	2	-A
I	2525713	C	*/-T	34	7	13.73%	2	2	39	40	0.98	1	1	26	8	5	2	-T
I	2525713	C	*/-TT	34	6	11.76%	2	2	39	38	0.98	1	1	26	8	4	2	-T
I	2525713	C	*/+T	34	4	7.84%	2	2	39	46	0.98	1	1	26	8	2	2	-T
I	2556757	A	*/+CC	14	2	11.11%	2	1	40	55	0.98	1	1	10	4	0	2	C
I	2578262	T	*/-A	22	3	11.54%	2	2	51	61	0.98	1	1	12	10	2	1	-A
I	2588021	C	+A/+A	2	15	88.24%	1	2	37	46	0.98	1	1	0	2	8	7	+A
I	2588066	C	+A/+A	0	15	100%	0	2	0	46	0.98	0	1	0	0	8	7	+A
I	2594263	C	+T/+T	1	20	95.24%	1	2	29	44	0.98	1	1	1	0	6	14	+T
I	2594324	T	+A/+A	2	24	92.31%	1	2	37	45	0.98	1	1	0	2	17	7	+A
I	2594351	T	+A/+A	2	22	91.67%	1	2	37	43	0.98	1	1	0	2	16	6	+A
I	2594391	A	+T/+T	0	22	100%	0	2	0	43	0.98	0	1	0	0	18	4	+T
I	2605860	G	-T/-T	2	51	96.23%	2	2	37	40	0.98	1	1	1	1	22	29	-T
I	2607669	A	+T/+T	3	39	92.86%	2	2	49	51	0.98	1	1	1	2	24	15	+T
I	2641998	C	*/+T	8	7	38.89%	2	2	35	46	0.98	1	1	6	2	5	2	+T
I	2683902	T	-C/-C	0	47	100%	0	2	0	41	0.98	0	1	0	0	22	25	-C
I	2689254	A	*/-T	24	3	10.71%	2	2	45	37	0.98	1	1	14	10	2	1	-T
I	2733748	A	*/-T	34	2	5.56%	2	2	47	55	0.98	1	1	19	15	1	1	-T
I	2747027	T	*/-A	23	7	21.21%	2	2	39	47	0.98	1	1	17	6	5	2	-A
I	2747027	T	*/+A	23	2	6.06%	2	2	39	37	0.98	1	1	17	6	1	1	-A
I	2751236	T	-A/-A	5	48	84.21%	2	2	46	39	0.98	1	1	3	2	21	27	-A
I	2751236	T	*/-AA	5	4	7.02%	2	2	46	37	0.98	1	1	3	2	2	2	-A
I	2759871	T	*/+A	1	3	17.65%	1	1	25	49	0.98	1	1	0	1	3	0	+A
I	2759871	T	+C/+C	1	13	76.47%	1	2	25	45	0.98	1	1	0	1	5	8	+C
I	2876870	C	*/-T	29	3	9.09%	2	1	45	37	0.98	1	1	11	18	0	3	-T
I	2881073	G	*/-A	20	2	8.7%	2	2	51	31	0.98	1	1	11	9	1	1	-A
I	2897634	G	*/-TA	84	5	5.62%	2	2	46	59	0.98	1	1	31	53	4	1	-TA
I	2932642	C	*/+T	20	2	9.09%	2	1	48	37	0.98	1	1	6	14	0	2	+T
I	2959752	A	*/-T	8	4	33.33%	2	2	35	31	0.98	1	1	6	2	3	1	-T
I	2963080	T	*/-A	37	3	7.5%	2	2	40	49	0.98	1	1	13	24	1	2	-A
I	2977242	C	*/-T	25	2	6.9%	2	1	38	42	0.98	1	1	14	11	2	0	-T
I	2977242	C	*/+T	25	2	6.9%	2	2	38	49	0.98	1	1	14	11	1	1	-T
I	3004503	C	*/-A	31	2	6.06%	2	1	42	37	0.98	1	1	14	17	0	2	-A
I	3014393	G	*/+T	35	2	5.41%	2	1	42	49	0.98	1	1	29	6	2	0	+T
I	3033347	C	*/-T	34	3	6.82%	2	2	42	33	0.98	1	1	27	7	2	1	-T
I	3033347	C	*/+T	34	6	13.64%	2	1	42	38	0.98	1	1	27	7	6	0	+T
I	3125118	A	+T/+T	0	37	97.37%	0	2	0	43	0.98	0	1	0	0	19	18	+T
I	3144699	T	*/-A	15	4	18.18%	2	2	41	43	0.98	1	1	12	3	3	1	-A
I	3144699	T	*/-AA	15	2	9.09%	2	2	41	36	0.98	1	1	12	3	1	1	-A
I	3159187	C	*/-CA	90	10	9.71%	2	2	48	50	0.98	1	1	38	52	6	4	-CA
I	3159994	C	*/-T	127	15	10.07%	2	2	43	40	0.98	1	1	99	28	11	4	-T
I	3166776	G	*/+T	10	2	6.45%	2	2	38	55	0.98	1	1	8	2	1	1	+T
I	3166776	G	*/+TT	10	3	9.68%	2	2	38	45	0.98	1	1	8	2	2	1	+TT
I	3166776	G	*/+TTT	10	12	38.71%	2	2	38	37	0.98	1	1	8	2	8	4	+TTT
I	3166776	G	*/+TTTT	10	2	6.45%	2	1	38	49	0.98	1	1	8	2	2	0	+TTT
I	3178494	C	+T/+T	3	26	89.66%	1	2	61	43	0.98	1	1	3	0	8	18	+T
I	3184255	T	*/-A	25	9	24.32%	2	2	50	46	0.98	1	1	14	11	3	6	-A
I	3184255	T	*/+A	25	2	5.41%	2	1	50	37	0.98	1	1	14	11	2	0	-A
I	3197528	A	+G/+G	2	53	92.98%	1	2	42	47	0.98	1	1	0	2	31	22	+G
I	3300811	C	*/-GGGGGGG	3	2	40%	1	1	33	31	0.98	1	1	3	0	2	0	-GGGGGGG
I	3301538	C	*/-T	36	2	5.26%	2	2	40	49	0.98	1	1	13	23	1	1	-T
I	3303111	C	*/-T	19	2	9.52%	2	2	50	31	0.98	1	1	11	8	1	1	-T
I	3303394	C	*/-AT	31	3	7.89%	2	1	49	61	0.98	1	1	11	20	0	3	-AT
I	3303394	C	*/-ATAT	31	2	5.26%	2	1	49	55	0.98	1	1	11	20	0	2	-AT
I	3376160	C	*/+A	35	2	5.41%	2	2	43	55	0.98	1	1	23	12	1	1	+A
I	3380404	C	*/-A	33	3	7.69%	2	1	45	61	0.98	1	1	22	11	3	0	-A
I	3380404	C	*/+A	33	3	7.69%	2	2	45	40	0.98	1	1	22	11	2	1	-A
I	3380449	C	*/+A	37	3	7.32%	2	2	48	49	0.98	1	1	20	17	2	1	+A
I	3387972	T	*/+A	40	3	6.98%	2	1	43	49	0.98	1	1	17	23	3	0	+A
I	3404612	C	*/-T	13	3	17.65%	2	2	37	33	0.98	1	1	8	5	1	2	-T
I	3404991	C	*/-T	12	5	26.32%	1	2	35	39	0.98	1	1	12	0	4	1	-T
I	3410124	A	*/-T	33	2	5.56%	2	2	42	49	0.98	1	1	14	19	1	1	-T
I	3450130	G	-T/-T	0	39	100%	0	2	0	43	0.98	0	1	0	0	24	15	-T
I	3460318	T	+C/+C	2	32	91.43%	2	2	55	45	0.98	1	1	1	1	17	15	+C
I	3460476	G	*/-A	27	3	9.38%	2	2	43	53	0.98	1	1	15	12	2	1	-A
I	3462650	A	*/-T	15	2	11.76%	2	2	39	74	0.98	1	1	5	10	1	1	-T
I	3477794	A	*/-T	37	2	5.13%	2	1	43	55	0.98	1	1	19	18	0	2	-T
I	3501055	G	*/+AGAAGGACA	20	15	40.54%	2	2	46	43	0.98	1	1	8	12	8	7	+AGAAGGACA
I	3538413	A	+T/+T	2	22	91.67%	1	2	55	44	0.98	1	1	2	0	11	11	+T
I	3538428	G	+T/+T	0	24	100%	0	2	0	43	0.98	0	1	0	0	11	13	+T
I	3538436	T	+A/+A	3	22	88%	2	2	49	42	0.98	1	1	1	2	10	12	+A
I	3538449	T	+TA/+TA	0	21	100%	0	2	0	44	0.98	0	1	0	0	10	11	+TA
I	3538456	A	+AT/+AT	0	20	100%	0	2	0	43	0.98	0	1	0	0	10	10	+AT
I	3548882	G	*/-A	21	2	8.7%	2	1	39	37	0.98	1	1	20	1	2	0	-A
I	3576627	C	*/-T	4	3	37.5%	1	2	39	49	0.98	1	1	4	0	2	1	-T
I	3576756	T	*/+TCTTCTC	4	5	33.33%	2	2	61	37	0.98	1	1	3	1	3	2	C
I	3576929	C	+T/+T	0	23	95.83%	0	2	0	45	0.98	0	1	0	0	16	7	+T
I	3578638	A	*/+T	13	2	13.33%	2	1	41	37	0.98	1	1	2	11	0	2	+T
I	3580034	C	*/+T	6	7	46.67%	2	2	36	31	0.98	1	1	4	2	6	1	+T
I	3589971	G	*/-A	22	2	8.33%	2	1	44	55	0.98	1	1	12	10	2	0	-A
I	3609896	T	*/+A	9	2	16.67%	2	1	35	37	0.98	1	1	5	4	2	0	+A
I	3610396	C	*/+T	10	3	23.08%	2	1	45	37	0.98	1	1	4	6	3	0	+T
I	3635218	C	*/-T	12	2	14.29%	2	1	44	55	0.98	1	1	5	7	0	2	-T
I	3659724	C	*/-T	50	8	12.31%	2	2	42	49	0.98	1	1	41	9	4	4	-T
I	3659724	C	*/+T	50	5	7.69%	2	1	42	39	0.98	1	1	41	9	5	0	-T
I	3665610	G	+C/+C	1	84	98.82%	1	2	74	48	0.98	1	1	0	1	43	41	+C
I	3700385	T	*/+A	8	5	14.29%	1	2	40	35	0.98	1	1	8	0	4	1	+A
I	3700385	T	*/+AA	8	19	54.29%	1	2	40	46	0.98	1	1	8	0	8	11	+AA
I	3730369	A	+T/+T	1	33	97.06%	1	2	37	38	0.98	1	1	1	0	22	11	+T
I	3745734	A	*/-AT	25	2	7.41%	2	2	50	55	0.98	1	1	13	12	1	1	-AT
I	3746876	C	*/-A	20	2	8.7%	2	1	42	37	0.98	1	1	14	6	2	0	-A
I	3756354	A	*/-AT	35	5	11.63%	2	2	57	49	0.98	1	1	19	16	1	4	-AT
I	3765328	C	+T/+T	5	24	80%	1	2	44	38	0.98	1	1	5	0	18	6	+T
I	3765366	T	*/-A	30	3	8.11%	2	2	40	40	0.98	1	1	13	17	1	2	-A
I	3765366	T	*/+A	30	2	5.41%	2	1	40	37	0.98	1	1	13	17	0	2	-A
I	3776933	G	+A/+A	0	21	100%	0	2	0	35	0.98	0	1	0	0	6	15	+A
I	3790288	G	*/+T	36	2	5.13%	2	2	43	37	0.98	1	1	13	23	1	1	+T
I	3825510	G	*/-T	30	5	13.51%	2	2	41	44	0.98	1	1	21	9	3	2	-T
I	3825510	G	*/+T	30	2	5.41%	2	1	41	49	0.98	1	1	21	9	0	2	-T
I	3850523	C	*/-T	39	4	9.3%	2	2	46	40	0.98	1	1	23	16	2	2	-T
I	3855790	G	-T/-T	3	25	89.29%	1	2	37	48	0.98	1	1	0	3	13	12	-T
I	3866132	G	*/-TA	13	2	12.5%	2	1	45	55	0.98	1	1	8	5	0	2	-TA
I	3870142	A	*/-C	28	2	5.71%	2	2	42	55	0.98	1	1	15	13	1	1	-C
I	3870142	A	*/+C	28	3	8.57%	2	1	42	38	0.98	1	1	15	13	0	3	+C
I	3877609	T	*/-A	16	2	10.53%	2	1	44	37	0.98	1	1	8	8	2	0	-A
I	3879437	C	*/+A	19	2	8.7%	2	2	37	37	0.98	1	1	12	7	1	1	+A
I	3879465	T	*/-A	22	4	13.79%	2	2	47	37	0.98	1	1	10	12	1	3	-A
I	3879465	T	*/+A	22	2	6.9%	2	2	47	37	0.98	1	1	10	12	1	1	-A
I	3940025	G	+T/+T	1	36	97.3%	1	2	37	46	0.98	1	1	1	0	18	18	+T
I	3984736	A	*/-GGT	182	15	7.61%	2	1	47	39	0.98	1	1	53	129	0	15	-GGT
I	3991338	T	+AA/+AA	5	26	76.47%	2	2	44	47	0.98	1	1	4	1	12	14	+AA
I	3991338	T	*/+AAA	5	2	5.88%	2	2	44	37	0.98	1	1	4	1	1	1	+AA
I	3992211	A	*/-AAC	26	2	7.14%	2	1	47	37	0.98	1	1	10	16	0	2	-AAC
I	3992212	A	*/-AC	23	4	14.81%	2	2	47	46	0.98	1	1	8	15	1	3	-AC
I	3992213	A	*/-C	15	6	28.57%	2	2	47	51	0.98	1	1	6	9	3	3	-C
I	3992811	C	*/+T	34	2	5.56%	2	2	41	37	0.98	1	1	20	14	1	1	+T
I	3993810	T	*/-A	5	4	40%	2	2	39	37	0.98	1	1	3	2	2	2	-A
I	3995023	C	*/-T	7	4	26.67%	2	1	35	52	0.98	1	1	6	1	4	0	-T
I	3995023	C	*/-TT	7	3	20%	2	1	35	33	0.98	1	1	6	1	3	0	-T
I	4004016	G	*/-T	20	13	36.11%	2	2	48	57	0.98	1	1	11	9	5	8	-T
I	4004016	G	*/+T	20	2	5.56%	2	2	48	55	0.98	1	1	11	9	1	1	-T
I	4005819	C	*/-A	41	3	6.67%	2	2	41	33	0.98	1	1	21	20	1	2	-A
I	4010237	A	*/-G	11	5	23.81%	2	1	40	32	0.98	1	1	9	2	5	0	-G
I	4010237	A	*/-GG	11	2	9.52%	2	1	40	37	0.98	1	1	9	2	2	0	-G
I	4010237	A	*/+G	11	3	14.29%	2	1	40	37	0.98	1	1	9	2	3	0	+G
I	4055052	T	+A/+A	6	29	82.86%	2	2	35	39	0.98	1	1	4	2	17	12	+A
I	4098272	C	*/+T	35	2	5.41%	2	2	45	42	0.98	1	1	24	11	1	1	+T
I	4140001	G	*/-T	17	3	14.29%	2	2	39	49	0.98	1	1	9	8	1	2	-T
I	4140090	A	*/-T	30	2	5.88%	2	2	49	55	0.98	1	1	17	13	1	1	-T
I	4140090	A	*/+T	30	2	5.88%	2	2	49	37	0.98	1	1	17	13	1	1	-T
I	4153397	A	+T/+T	0	27	100%	0	2	0	49	0.98	0	1	0	0	11	16	+T
I	4153651	C	*/-T	16	8	28.57%	2	1	39	41	0.98	1	1	13	3	8	0	-T
I	4153651	C	*/-TT	16	2	7.14%	2	1	39	37	0.98	1	1	13	3	2	0	-T
I	4153651	C	*/+T	16	2	7.14%	2	1	39	37	0.98	1	1	13	3	2	0	-T
I	4179701	C	*/+T	8	2	16.67%	1	2	27	55	0.98	1	1	8	0	1	1	+T
I	4241118	G	*/-A	23	13	32.5%	2	2	36	40	0.98	1	1	16	7	8	5	-A
I	4241118	G	*/-AA	23	3	7.5%	2	2	36	53	0.98	1	1	16	7	2	1	-A
I	4276890	G	*/+T	3	15	71.43%	2	2	49	48	0.98	1	1	1	2	11	4	+T
I	4294954	T	*/+G	82	5	5.75%	2	2	43	56	0.98	1	1	13	69	2	3	+G
I	4304169	G	+A/+A	0	26	100%	0	2	0	39	0.98	0	1	0	0	15	11	+A
I	4361970	C	*/-T	29	2	6.25%	2	2	42	49	0.98	1	1	17	12	1	1	-T
I	4374342	A	-G/-G	1	62	98.41%	1	2	37	46	0.98	1	1	0	1	43	19	-G
I	4386268	G	*/-A	9	2	18.18%	2	1	36	61	0.98	1	1	7	2	2	0	-A
I	4407494	T	+G/+G	0	45	97.83%	0	2	0	47	0.98	0	1	0	0	24	21	+G
I	4410191	C	-G/-G	2	35	94.59%	1	2	55	45	0.98	1	1	2	0	19	16	-G
I	4414201	C	*/-T	12	7	30.43%	2	2	40	43	0.98	1	1	9	3	5	2	-T
I	4414201	C	*/-TT	12	4	17.39%	2	1	40	37	0.98	1	1	9	3	4	0	-T
I	4414723	T	*/+AAAAA	13	6	31.58%	1	2	39	38	0.98	1	1	13	0	4	2	+AAAAA
I	4431856	G	+A/+A	9	66	88%	1	2	57	48	0.98	1	1	9	0	33	33	+A
I	4431868	C	+A/+A	4	65	94.2%	2	2	52	46	0.98	1	1	2	2	32	33	+A
I	4442621	A	*/-AT	73	9	10.84%	2	2	55	57	0.98	1	1	44	29	4	5	-AT
I	4455149	G	*/+A	3	6	54.55%	1	2	37	37	0.98	1	1	3	0	3	3	+A
I	4486504	C	*/-T	26	2	7.14%	2	1	50	37	0.98	1	1	12	14	2	0	-T
I	4514476	T	*/-G	23	2	8%	2	1	38	31	0.98	1	1	17	6	0	2	-G
I	4514478	T	*/-A	16	4	16.67%	2	2	38	49	0.98	1	1	12	4	2	2	-A
I	4514478	T	*/-AA	16	2	8.33%	2	2	38	37	0.98	1	1	12	4	1	1	-A
I	4518691	A	*/+T	37	7	15.56%	2	2	41	47	0.98	1	1	27	10	3	4	+T
I	4533252	C	*/-T	20	2	8.33%	2	2	35	55	0.98	1	1	9	11	1	1	-T
I	4533252	C	*/+T	20	2	8.33%	2	2	35	31	0.98	1	1	9	11	1	1	-T
I	4564540	C	+G/+G	1	27	96.43%	1	2	37	46	0.98	1	1	0	1	18	9	+G
I	4566138	C	*/-T	32	2	5.88%	2	2	49	55	0.98	1	1	13	19	1	1	-T
I	4597623	T	*/-A	28	2	6.67%	2	2	40	55	0.98	1	1	15	13	1	1	-A
I	4604676	T	*/-G	27	2	6.9%	2	1	43	31	0.98	1	1	13	14	2	0	-G
I	4648159	T	*/-G	8	16	50%	2	2	43	38	0.98	1	1	3	5	11	5	-G
I	4648159	T	*/-GG	8	8	25%	2	2	43	32	0.98	1	1	3	5	2	6	-G
I	4658978	C	*/-A	19	2	8.7%	2	2	40	37	0.98	1	1	5	14	1	1	-A
I	4658978	C	*/+A	19	2	8.7%	2	2	40	45	0.98	1	1	5	14	1	1	-A
I	4721875	G	+A/+A	2	14	82.35%	1	2	37	50	0.98	1	1	2	0	8	6	+A
I	4733668	G	*/-A	27	2	6.9%	2	2	44	55	0.98	1	1	18	9	1	1	-A
I	4760291	G	*/-T	19	3	13.64%	2	1	40	37	0.98	1	1	12	7	3	0	-T
I	4760698	T	*/-A	29	7	19.44%	2	2	42	42	0.98	1	1	18	11	4	3	-A
I	4764253	G	*/+A	17	17	39.53%	2	2	41	42	0.98	1	1	13	4	7	10	+A
I	4781861	G	*/-T	15	4	20%	2	2	36	37	0.98	1	1	7	8	1	3	-T
I	4799348	T	*/+AA	35	2	5.26%	2	2	45	37	0.98	1	1	14	21	1	1	+AA
I	4810631	T	*/-A	24	3	11.11%	2	1	45	37	0.98	1	1	15	9	3	0	-A
I	4835763	T	*/-A	33	2	5.71%	2	2	44	55	0.98	1	1	18	15	1	1	-A
I	4869203	C	*/-A	30	2	6.06%	2	1	43	55	0.98	1	1	14	16	2	0	-A
I	4882281	C	*/-T	23	4	12.9%	2	2	45	64	0.98	1	1	12	11	2	2	-T
I	4882281	C	*/+T	23	3	9.68%	2	2	45	57	0.98	1	1	12	11	2	1	-T
I	4911431	G	*/+T	6	2	16.67%	2	1	41	37	0.98	1	1	5	1	2	0	+T
I	4916623	C	*/-A	17	7	25%	2	2	48	49	0.98	1	1	12	5	1	6	-A
I	4916623	C	*/-AA	17	2	7.14%	2	2	48	31	0.98	1	1	12	5	1	1	-A
I	4926046	C	*/+T	4	12	70.59%	2	2	32	42	0.98	1	1	3	1	9	3	+T
I	4934297	C	*/-TA	44	4	8.33%	2	1	44	37	0.98	1	1	22	22	4	0	-TA
I	4984784	A	*/-T	8	6	37.5%	2	2	41	43	0.98	1	1	6	2	3	3	-T
I	5002717	C	*/-A	29	3	8.57%	2	2	48	49	0.98	1	1	17	12	1	2	-A
I	5002717	C	*/+A	29	2	5.71%	2	1	48	31	0.98	1	1	17	12	0	2	-A
I	5037093	C	*/+A	37	4	9.52%	2	2	47	37	0.98	1	1	19	18	3	1	+A
I	5058829	C	*/-T	33	3	7.69%	2	2	43	41	0.98	1	1	15	18	1	2	-T
I	5058829	C	*/+T	33	3	7.69%	2	2	43	45	0.98	1	1	15	18	1	2	-T
I	5060109	A	*/+T	25	2	7.14%	2	2	49	37	0.98	1	1	8	17	1	1	+T
I	5073240	G	*/-A	18	5	20.83%	2	2	53	44	0.98	1	1	9	9	2	3	-A
I	5078848	G	*/-A	25	5	15.62%	2	2	42	49	0.98	1	1	14	11	3	2	-A
I	5078848	G	*/+A	25	2	6.25%	2	2	42	31	0.98	1	1	14	11	1	1	-A
I	5096442	G	*/-T	13	3	14.29%	2	2	37	45	0.98	1	1	9	4	1	2	-T
I	5096442	G	*/+T	13	3	14.29%	2	1	37	45	0.98	1	1	9	4	3	0	-T
I	5117187	C	*/-T	33	2	5.71%	2	2	44	49	0.98	1	1	17	16	1	1	-T
I	5142627	A	+G/+G	1	33	94.29%	1	2	37	49	0.98	1	1	1	0	11	22	+G
I	5148414	T	-A/-A	3	51	94.44%	1	2	37	47	0.98	1	1	0	3	25	26	-A
I	5155608	C	*/-A	6	2	18.18%	1	2	37	37	0.98	1	1	6	0	1	1	-A
I	5173087	C	+T/+T	3	28	90.32%	2	2	37	48	0.98	1	1	2	1	13	15	+T
I	5173430	G	*/+T	11	29	63.04%	2	2	42	42	0.98	1	1	7	4	20	9	+T
I	5173430	G	*/+TT	11	5	10.87%	2	2	42	34	0.98	1	1	7	4	4	1	+T
I	5176926	T	*/+A	6	10	58.82%	2	2	53	39	0.98	1	1	5	1	7	3	+A
I	5177757	A	*/-C	35	2	5.41%	2	1	41	49	0.98	1	1	27	8	0	2	-C
I	5177760	A	*/-T	23	4	11.76%	2	1	38	39	0.98	1	1	16	7	4	0	-T
I	5177760	A	*/-TT	23	2	5.88%	2	2	38	31	0.98	1	1	16	7	1	1	-T
I	5177760	A	*/-TTT	23	2	5.88%	2	1	38	55	0.98	1	1	16	7	0	2	-T
I	5177760	A	*/+T	23	2	5.88%	2	1	38	42	0.98	1	1	16	7	2	0	-T
I	5181832	G	*/-T	21	2	7.41%	2	1	46	31	0.98	1	1	12	9	0	2	-T
I	5181832	G	*/+T	21	3	11.11%	2	2	46	37	0.98	1	1	12	9	2	1	+T
I	5266596	A	*/-T	31	7	16.67%	2	2	42	61	0.98	1	1	21	10	3	4	-T
I	5266596	A	*/+T	31	4	9.52%	2	2	42	52	0.98	1	1	21	10	1	3	-T
I	5271023	C	*/-T	14	2	12.5%	2	2	41	55	0.98	1	1	8	6	1	1	-T
I	5288333	T	*/-A	35	2	5.26%	2	2	41	36	0.98	1	1	19	16	1	1	-A
I	5321699	C	*/-T	7	2	22.22%	2	1	29	37	0.98	1	1	4	3	2	0	-T
I	5322103	A	*/-T	17	5	22.73%	2	2	37	56	0.98	1	1	9	8	3	2	-T
I	5352025	G	*/-T	33	2	5.71%	2	1	53	74	0.98	1	1	17	16	0	2	-T
I	5368262	T	-C/-C	4	67	94.37%	2	2	55	49	0.98	1	1	2	2	23	44	-C
I	5368273	G	+T/+T	3	78	95.12%	2	2	61	48	0.98	1	1	1	2	27	51	+T
I	5393226	T	*/+A	22	2	8.33%	2	2	49	36	0.98	1	1	18	4	1	1	+A
I	5426622	C	*/+T	12	4	8.51%	2	1	45	37	0.98	1	1	11	1	4	0	+T
I	5426622	C	*/+TT	12	26	55.32%	2	2	45	41	0.98	1	1	11	1	17	9	+TT
I	5426622	C	*/+TTT	12	4	8.51%	2	2	45	71	0.98	1	1	11	1	3	1	+TT
I	5509333	T	*/+A	33	2	5.56%	2	2	46	37	0.98	1	1	16	17	1	1	+A
I	5528999	A	*/-T	27	2	6.9%	2	1	44	31	0.98	1	1	15	12	0	2	-T
I	5534086	G	*/+T	27	4	12.9%	2	2	44	49	0.98	1	1	16	11	3	1	+T
I	5547223	T	*/-A	23	6	20%	2	1	45	43	0.98	1	1	19	4	6	0	-A
I	5559365	C	*/-T	8	2	18.18%	1	1	37	55	0.98	1	1	8	0	2	0	-T
I	5564950	C	*/-T	8	3	27.27%	2	1	37	29	0.98	1	1	2	6	0	3	-T
I	5567937	C	*/-A	12	11	44%	2	2	44	42	0.98	1	1	7	5	8	3	-A
I	5567937	C	*/-AA	12	2	8%	2	2	44	37	0.98	1	1	7	5	1	1	-A
I	5570823	C	*/-A	13	3	17.65%	2	2	32	36	0.98	1	1	12	1	1	2	-A
I	5576850	T	*/-AA	16	16	48.48%	2	2	40	49	0.98	1	1	10	6	8	8	-AA
II	5299	G	*/+T	41	7	14.29%	2	2	41	42	0.98	1	1	19	22	2	5	+T
II	7149	T	*/+A	30	2	6.06%	2	1	43	37	0.98	1	1	17	13	0	2	+A
II	15830	T	*/-A	24	2	6.9%	2	1	41	37	0.98	1	1	12	12	2	0	-A
II	15830	T	*/-AA	24	2	6.9%	2	2	41	37	0.98	1	1	12	12	1	1	-A
II	24648	A	*/-T	31	2	5.71%	2	1	48	37	0.98	1	1	14	17	2	0	-T
II	24648	A	*/+T	31	2	5.71%	2	1	48	42	0.98	1	1	14	17	2	0	-T
II	35685	G	*/+A	29	2	6.25%	2	1	42	55	0.98	1	1	17	12	0	2	+A
II	46913	T	*/-A	21	5	17.24%	2	1	38	34	0.98	1	1	19	2	5	0	-A
II	113240	T	*/-A	15	6	25%	2	2	37	41	0.98	1	1	12	3	3	3	-A
II	113240	T	*/+A	15	3	12.5%	2	2	37	40	0.98	1	1	12	3	2	1	-A
II	128001	T	-A/-A	1	28	96.55%	1	2	37	44	0.98	1	1	0	1	13	15	-A
II	146079	T	-C/-C	5	42	89.36%	2	2	66	41	0.98	1	1	3	2	17	25	-C
II	201022	A	*/-T	19	6	20.69%	2	2	47	53	0.98	1	1	9	10	4	2	-T
II	201022	A	*/+T	19	4	13.79%	2	2	47	34	0.98	1	1	9	10	2	2	-T
II	229897	A	*/-T	34	7	14.29%	2	2	39	52	0.98	1	1	26	8	5	2	-T
II	229897	A	*/-TT	34	3	6.12%	2	2	39	40	0.98	1	1	26	8	2	1	-T
II	229897	A	*/+T	34	5	10.2%	2	1	39	44	0.98	1	1	26	8	5	0	+T
II	239710	G	*/+C	38	2	5%	2	1	52	74	0.98	1	1	13	25	0	2	+C
II	246318	A	*/-T	18	2	9.52%	2	2	47	55	0.98	1	1	7	11	1	1	-T
II	320661	G	*/-A	57	5	7.81%	2	2	43	51	0.98	1	1	31	26	4	1	-A
II	331894	C	*/+T	11	12	52.17%	2	2	40	40	0.98	1	1	8	3	7	5	+T
II	347845	A	*/-T	24	2	7.69%	2	1	46	37	0.98	1	1	15	9	0	2	-T
II	349658	C	-GGCATT/-GGCATT	11	51	82.26%	2	2	46	43	0.98	1	1	4	7	17	34	-GGCATT
II	376034	C	*/-T	41	3	6.67%	2	2	40	49	0.98	1	1	13	28	1	2	-T
II	410085	C	*/-T	12	4	20%	2	2	35	39	0.98	1	1	11	1	2	2	-T
II	410085	C	*/-TT	12	2	10%	2	1	35	49	0.98	1	1	11	1	2	0	-T
II	465500	C	*/+T	13	2	13.33%	2	1	43	56	0.98	1	1	7	6	0	2	+T
II	484534	A	*/+T	7	18	66.67%	2	2	40	39	0.98	1	1	2	5	9	9	+T
II	516071	T	*/-A	25	4	11.11%	2	2	44	55	0.98	1	1	18	7	1	3	-A
II	516071	T	*/+A	25	5	13.89%	2	2	44	46	0.98	1	1	18	7	3	2	+A
II	516071	T	*/+AA	25	2	5.56%	2	1	44	55	0.98	1	1	18	7	0	2	+A
II	520626	T	*/-C	16	2	10.53%	2	1	44	61	0.98	1	1	13	3	0	2	-C
II	521731	G	*/-T	42	9	16.67%	2	2	43	48	0.98	1	1	31	11	6	3	-T
II	521731	G	*/+T	42	3	5.56%	2	2	43	49	0.98	1	1	31	11	2	1	-T
II	522590	A	*/-ATATT	4	7	63.64%	2	2	43	52	0.98	1	1	2	2	4	3	-ATATT
II	526939	T	*/+AC	120	20	14.18%	2	2	52	48	0.98	1	1	45	75	11	9	+AC
II	526941	T	*/-TTAG	120	22	15.38%	2	2	52	49	0.98	1	1	44	76	11	11	-TTAG
II	561064	T	*/-A	15	5	21.74%	2	2	44	44	0.98	1	1	7	8	4	1	-A
II	561064	T	*/-AA	15	2	8.7%	2	1	44	42	0.98	1	1	7	8	0	2	-A
II	603279	A	-T/-T	0	19	100%	0	2	0	41	0.98	0	1	0	0	14	5	-T
II	603305	A	-C/-C	0	22	100%	0	2	0	43	0.98	0	1	0	0	6	16	-C
II	645098	C	*/+A	10	2	16.67%	2	2	43	43	0.98	1	1	7	3	1	1	+A
II	673086	G	*/-A	12	6	28.57%	2	1	37	38	0.98	1	1	10	2	6	0	-A
II	677175	G	*/-TA	43	7	13.46%	2	2	44	43	0.98	1	1	25	18	3	4	-TA
II	700009	T	-A/-A	7	21	75%	2	2	35	43	0.98	1	1	2	5	6	15	-A
II	716295	G	*/-T	27	4	11.76%	2	2	46	31	0.98	1	1	18	9	2	2	-T
II	716295	G	*/+T	27	3	8.82%	2	1	46	45	0.98	1	1	18	9	3	0	-T
II	753854	A	*/-T	14	3	15%	2	2	35	40	0.98	1	1	11	3	2	1	-T
II	753854	A	*/-TT	14	2	10%	2	1	35	37	0.98	1	1	11	3	2	0	-T
II	756993	C	*/-T	24	5	15.62%	2	2	43	39	0.98	1	1	13	11	3	2	-T
II	756993	C	*/-TT	24	2	6.25%	2	1	43	49	0.98	1	1	13	11	0	2	-T
II	819795	T	*/+C	12	33	70.21%	2	2	35	42	0.98	1	1	9	3	25	8	+C
II	837446	C	*/-T	10	2	16.67%	2	1	43	31	0.98	1	1	9	1	2	0	-T
II	842330	G	*/+A	25	2	7.14%	2	2	46	55	0.98	1	1	12	13	1	1	+A
II	846003	G	*/+T	27	3	10%	2	2	41	45	0.98	1	1	14	13	2	1	+T
II	847457	G	*/+A	10	3	21.43%	2	1	35	33	0.98	1	1	9	1	3	0	+A
II	860521	T	*/-A	58	5	7.69%	2	1	45	44	0.98	1	1	38	20	5	0	-A
II	862301	C	*/+T	32	2	5.88%	2	1	46	55	0.98	1	1	18	14	0	2	+T
II	888199	C	*/+A	19	2	9.52%	2	1	48	37	0.98	1	1	5	14	0	2	+A
II	888599	A	-C/-C	0	29	100%	0	2	0	51	0.98	0	1	0	0	14	15	-C
II	889921	C	*/-T	23	2	8%	2	1	36	37	0.98	1	1	20	3	2	0	-T
II	890578	C	*/-T	26	4	13.33%	2	2	37	34	0.98	1	1	22	4	3	1	-T
II	903106	G	+T/+T	1	38	97.44%	1	2	37	45	0.98	1	1	0	1	16	22	+T
II	948303	T	*/-A	30	6	15.38%	2	1	44	43	0.98	1	1	18	12	6	0	-A
II	948303	T	*/+A	30	3	7.69%	2	2	44	49	0.98	1	1	18	12	2	1	-A
II	965517	C	*/-T	20	2	7.14%	2	1	47	37	0.98	1	1	14	6	2	0	-T
II	965517	C	*/+T	20	6	21.43%	2	2	47	38	0.98	1	1	14	6	5	1	+T
II	997671	G	*/-CAACAACAACAA	23	3	8.82%	2	2	53	45	0.98	1	1	13	10	2	1	-CAACAACAACAA
II	997671	G	*/-CAACAACAA	23	7	20.59%	2	2	53	42	0.98	1	1	13	10	6	1	-CAACAACAA
II	1012970	C	*/+A	30	2	6.25%	2	1	39	37	0.98	1	1	16	14	2	0	+A
II	1019510	T	*/-A	11	9	39.13%	2	2	42	39	0.98	1	1	9	2	5	4	-A
II	1019510	T	*/-AA	11	2	8.7%	2	2	42	37	0.98	1	1	9	2	1	1	-A
II	1021243	A	*/+G	29	2	6.45%	2	2	48	74	0.98	1	1	14	15	1	1	+G
II	1059118	T	*/-A	34	5	12.5%	2	2	44	46	0.98	1	1	15	19	2	3	-A
II	1069791	C	*/-A	41	3	6.67%	2	2	52	65	0.98	1	1	28	13	1	2	-A
II	1078264	T	*/-A	46	6	11.11%	2	2	42	51	0.98	1	1	26	20	3	3	-A
II	1079843	T	+A/+A	9	30	76.92%	2	2	53	43	0.98	1	1	6	3	7	23	+A
II	1104941	G	*/-T	14	3	13.64%	1	1	37	37	0.98	1	1	14	0	3	0	-T
II	1104941	G	*/-TT	14	2	9.09%	1	1	37	37	0.98	1	1	14	0	2	0	-T
II	1122580	C	*/-T	64	5	7.14%	2	2	45	56	0.98	1	1	40	24	3	2	-T
II	1141304	C	*/-A	33	2	5.41%	2	1	45	55	0.98	1	1	19	14	2	0	-A
II	1141304	C	*/+A	33	2	5.41%	2	1	45	43	0.98	1	1	19	14	0	2	-A
II	1147442	A	*/-T	36	2	5.13%	2	1	42	37	0.98	1	1	21	15	2	0	-T
II	1151335	C	*/-CT	51	3	5.56%	2	2	44	49	0.98	1	1	26	25	2	1	-CT
II	1163154	A	-T/-T	4	26	86.67%	2	2	55	46	0.98	1	1	1	3	13	13	-T
II	1170553	A	*/-T	36	2	5.26%	2	1	48	37	0.98	1	1	21	15	2	0	-T
II	1171363	T	*/-A	28	7	19.44%	2	2	46	42	0.98	1	1	16	12	5	2	-A
II	1187785	G	*/-T	28	7	18.92%	2	2	41	52	0.98	1	1	8	20	6	1	-T
II	1187785	G	*/+T	28	2	5.41%	2	2	41	36	0.98	1	1	8	20	1	1	-T
II	1243365	G	*/-T	18	2	8.33%	2	1	49	49	0.98	1	1	6	12	0	2	-T
II	1243365	G	*/+T	18	3	12.5%	2	1	49	45	0.98	1	1	6	12	0	3	+T
II	1264791	C	*/-T	4	4	44.44%	1	2	37	39	0.98	1	1	4	0	3	1	-T
II	1266102	A	*/+T	22	4	15.38%	2	2	45	37	0.98	1	1	10	12	2	2	+T
II	1266109	T	*/+A	19	4	17.39%	2	2	46	34	0.98	1	1	10	9	2	2	+A
II	1266289	T	+A/+A	0	12	100%	0	2	0	44	0.98	0	1	0	0	5	7	+A
II	1266955	G	*/-GA	89	8	8.16%	2	2	50	43	0.98	1	1	46	43	3	5	-GA
II	1277481	G	*/+T	6	2	13.33%	2	1	35	74	0.98	1	1	5	1	0	2	+T
II	1277481	G	*/+TTT	6	4	26.67%	2	1	35	39	0.98	1	1	5	1	4	0	+TTT
II	1288749	T	*/-A	32	2	5.88%	2	1	47	37	0.98	1	1	13	19	2	0	-A
II	1308618	G	-T/-T	4	50	90.91%	2	2	46	46	0.98	1	1	2	2	30	20	-T
II	1323266	A	*/-T	35	3	7.69%	2	1	44	37	0.98	1	1	21	14	3	0	-T
II	1349040	A	*/-T	15	2	9.52%	2	2	40	37	0.98	1	1	9	6	1	1	-T
II	1349040	A	*/+T	15	4	19.05%	2	2	40	34	0.98	1	1	9	6	2	2	+T
II	1365999	G	*/-T	19	11	36.67%	2	2	44	50	0.98	1	1	8	11	5	6	-T
II	1389008	T	+A/+A	2	33	94.29%	1	2	55	44	0.98	1	1	2	0	16	17	+A
II	1389139	C	*/+T	14	6	21.43%	2	2	36	47	0.98	1	1	10	4	3	3	+T
II	1389139	C	*/+TT	14	4	14.29%	2	1	36	46	0.98	1	1	10	4	4	0	+T
II	1420866	A	*/+T	36	2	5.13%	2	1	46	55	0.98	1	1	16	20	0	2	+T
II	1454912	T	*/-GA	37	2	5%	2	2	52	49	0.98	1	1	23	14	1	1	-GA
II	1456839	A	*/-T	24	2	7.69%	2	1	50	37	0.98	1	1	13	11	0	2	-T
II	1467485	C	*/-T	20	9	28.12%	2	2	43	45	0.98	1	1	9	11	4	5	-T
II	1467485	C	*/-TT	20	2	6.25%	2	1	43	49	0.98	1	1	9	11	2	0	-T
II	1497733	A	*/+T	38	2	5%	2	2	47	37	0.98	1	1	21	17	1	1	+T
II	1520665	T	+A/+A	2	27	93.1%	1	2	55	43	0.98	1	1	0	2	11	16	+A
II	1531449	G	*/-T	32	3	8.33%	2	2	42	49	0.98	1	1	16	16	2	1	-T
II	1540855	G	*/-TA	32	2	5.88%	2	2	47	74	0.98	1	1	14	18	1	1	-TA
II	1545027	C	*/+A	11	5	23.81%	2	2	37	39	0.98	1	1	7	4	4	1	+A
II	1554361	C	*/-T	22	2	8%	2	2	50	42	0.98	1	1	12	10	1	1	-T
II	1555919	A	*/+TTTATT	6	3	33.33%	2	2	41	49	0.98	1	1	3	3	1	2	+TTTATT
II	1571445	G	*/-TA	46	5	9.43%	2	2	44	34	0.98	1	1	14	32	3	2	-TA
II	1588936	G	*/+A	3	2	22.22%	1	1	37	37	0.98	1	1	3	0	2	0	A
II	1602263	C	*/+T	57	9	13.64%	2	2	54	57	0.98	1	1	34	23	6	3	+T
II	1610504	A	*/+G	102	8	7.27%	2	2	48	54	0.98	1	1	63	39	3	5	+G
II	1612985	A	*/+ATAATG	36	2	5%	2	1	41	37	0.98	1	1	17	19	0	2	+ATAATG
II	1613132	A	*/-AT	31	2	5.88%	2	1	49	31	0.98	1	1	5	26	0	2	-AT
II	1618920	C	*/+T	15	2	11.11%	2	2	41	37	0.98	1	1	5	10	1	1	+T
II	1620412	T	*/-A	2	2	40%	1	1	37	37	0.98	1	1	2	0	2	0	-A
II	1627981	C	*/-T	22	7	23.33%	2	2	42	45	0.98	1	1	15	7	3	4	-T
II	1629986	A	*/+T	43	4	8.51%	2	2	47	43	0.98	1	1	14	29	1	3	+T
II	1666840	T	*/+A	37	3	7.5%	2	2	50	37	0.98	1	1	10	27	1	2	+A
II	1678205	T	-A/-A	1	6	85.71%	1	2	37	41	0.98	1	1	1	0	2	4	-A
II	1700176	T	*/-A	9	2	13.33%	2	2	34	55	0.98	1	1	7	2	1	1	-A
II	1700176	T	*/+A	9	4	26.67%	2	1	34	37	0.98	1	1	7	2	4	0	+A
II	1709150	G	*/-T	36	2	5%	2	2	45	37	0.98	1	1	21	15	1	1	-T
II	1716256	G	*/+T	17	6	22.22%	2	1	42	37	0.98	1	1	11	6	6	0	+T
II	1716287	T	*/-G	30	11	26.83%	2	2	46	43	0.98	1	1	11	19	1	10	-G
II	1748646	G	*/-A	6	2	14.29%	1	2	31	37	0.98	1	1	6	0	1	1	-A
II	1748646	G	*/-AA	6	4	28.57%	1	2	31	33	0.98	1	1	6	0	2	2	-AA
II	1763419	T	*/-A	23	8	23.53%	2	2	46	40	0.98	1	1	14	9	6	2	-A
II	1816760	T	+C/+C	0	4	80%	0	1	0	37	0.98	0	1	0	0	4	0	+C
II	1818108	C	*/-T	15	8	28.57%	2	2	52	55	0.98	1	1	8	7	4	4	-T
II	1818108	C	*/-TT	15	3	10.71%	2	2	52	45	0.98	1	1	8	7	1	2	-T
II	1818108	C	*/+T	15	2	7.14%	2	1	52	25	0.98	1	1	8	7	0	2	-T
II	1861420	T	-G/-G	3	68	95.77%	2	2	61	46	0.98	1	1	2	1	39	29	-G
II	1867795	A	+T/+T	4	19	82.61%	2	2	52	45	0.98	1	1	3	1	7	12	+T
II	1868122	G	*/+T	20	11	35.48%	2	2	40	37	0.98	1	1	12	8	9	2	+T
II	1873779	T	+A/+A	3	26	89.66%	1	2	37	47	0.98	1	1	0	3	12	14	+A
II	1877294	A	+T/+T	1	21	87.5%	1	2	37	49	0.98	1	1	1	0	10	11	+T
II	1877294	A	*/+TT	1	2	8.33%	1	1	37	37	0.98	1	1	1	0	2	0	+T
II	1911107	A	*/+T	25	2	7.41%	2	2	48	74	0.98	1	1	12	13	1	1	+T
II	1938011	G	*/-A	23	2	7.41%	2	2	45	49	0.98	1	1	12	11	1	1	-A
II	1938011	G	*/+A	23	2	7.41%	2	2	45	37	0.98	1	1	12	11	1	1	-A
II	1941575	G	*/-T	18	3	13.04%	2	1	42	49	0.98	1	1	7	11	0	3	-T
II	1941575	G	*/+T	18	2	8.7%	2	2	42	37	0.98	1	1	7	11	1	1	-T
II	1941697	A	*/-T	19	3	12.5%	2	1	44	49	0.98	1	1	9	10	3	0	-T
II	1941966	A	+T/+T	0	64	100%	0	2	0	55	0.98	0	1	0	0	27	37	+T
II	1941982	A	+T/+T	0	63	100%	0	2	0	53	0.98	0	1	0	0	23	40	+T
II	1948953	G	-A/-A	1	37	97.37%	1	2	37	42	0.98	1	1	0	1	18	19	-A
II	1950050	A	+G/+G	1	36	94.74%	1	2	25	52	0.98	1	1	0	1	11	25	+G
II	1952768	T	*/+A	26	4	13.33%	2	1	42	37	0.98	1	1	18	8	4	0	+A
II	1953298	C	*/-CT	43	4	8.33%	2	2	49	36	0.98	1	1	15	28	1	3	-CT
II	1953407	T	*/+C	3	9	52.94%	2	2	28	39	0.98	1	1	2	1	1	8	+C
II	1953407	T	*/+CC	3	2	11.76%	2	1	28	37	0.98	1	1	2	1	0	2	+C
II	1955495	T	+A/+A	3	31	86.11%	2	2	57	49	0.98	1	1	1	2	22	9	+A
II	1960392	A	+G/+G	0	12	100%	0	2	0	44	0.98	0	1	0	0	6	6	+G
II	1987101	C	-G/-G	0	46	100%	0	2	0	43	0.98	0	1	0	0	21	25	-G
II	1987117	T	-G/-G	4	41	91.11%	2	2	37	43	0.98	1	1	1	3	18	23	-G
II	2022969	G	*/-AAAAAAAAA	3	2	25%	2	2	50	61	0.98	1	1	1	2	1	1	-AAAAAAAAA
II	2023192	A	*/+T	15	2	11.76%	2	1	35	49	0.98	1	1	14	1	0	2	+T
II	2023193	G	*/+TT	10	3	17.65%	1	1	35	34	0.98	1	1	10	0	3	0	+TT
II	2049891	A	-T/-T	2	60	96.77%	1	2	42	52	0.98	1	1	0	2	32	28	-T
II	2053516	G	+C/+C	0	38	100%	0	2	0	52	0.98	0	1	0	0	15	23	+C
II	2108180	T	+A/+A	1	32	96.97%	1	2	37	39	0.98	1	1	0	1	19	13	+A
II	2109984	T	*/-A	28	3	9.38%	2	2	51	37	0.98	1	1	14	14	1	2	-A
II	2115422	T	*/+A	52	10	16.13%	2	2	45	42	0.98	1	1	23	29	6	4	+A
II	2147726	G	+T/+T	2	38	95%	1	2	37	46	0.98	1	1	0	2	17	21	+T
II	2187407	G	+A/+A	0	25	100%	0	2	0	45	0.98	0	1	0	0	12	13	+A
II	2197587	C	*/-A	8	3	23.08%	2	1	36	37	0.98	1	1	6	2	3	0	-A
II	2197587	C	*/+A	8	2	15.38%	2	1	36	37	0.98	1	1	6	2	2	0	-A
II	2198945	G	*/+CACACACACACACACA	40	11	20.75%	2	2	39	43	0.98	1	1	13	27	6	5	+CACACACACACACACA
II	2203175	T	*/-A	28	5	13.89%	2	2	44	44	0.98	1	1	18	10	4	1	-A
II	2203175	T	*/+A	28	2	5.56%	2	1	44	37	0.98	1	1	18	10	2	0	-A
II	2204904	T	*/+A	27	2	6.67%	2	1	39	37	0.98	1	1	22	5	2	0	+A
II	2219928	A	+T/+T	0	32	100%	0	2	0	42	0.98	0	1	0	0	18	14	+T
II	2293297	G	-A/-A	0	22	100%	0	2	0	43	0.98	0	1	0	0	16	6	-A
II	2318772	A	*/-T	5	4	36.36%	2	2	44	46	0.98	1	1	2	3	2	2	-T
II	2319875	T	*/-A	32	2	5.88%	2	2	46	55	0.98	1	1	12	20	1	1	-A
II	2322353	G	*/+A	16	2	11.11%	2	1	49	55	0.98	1	1	11	5	2	0	+A
II	2338528	G	*/-A	26	3	10%	2	2	37	37	0.98	1	1	25	1	2	1	-A
II	2443175	A	*/-TT	12	2	12.5%	2	1	37	31	0.98	1	1	8	4	0	2	-TT
II	2443873	T	*/-A	7	3	12.5%	2	2	36	36	0.98	1	1	6	1	1	2	-A
II	2443873	T	*/+A	7	4	16.67%	2	2	36	34	0.98	1	1	6	1	3	1	+A
II	2443873	T	*/+AA	7	8	33.33%	2	2	36	44	0.98	1	1	6	1	7	1	+AA
II	2504242	C	*/-A	25	2	7.41%	2	1	43	37	0.98	1	1	11	14	0	2	-A
II	2523624	C	*/-A	8	2	11.11%	2	1	37	55	0.98	1	1	5	3	2	0	A
II	2523624	C	*/+A	8	2	11.11%	2	2	37	31	0.98	1	1	5	3	1	1	A
II	2552673	G	*/-T	18	4	16.67%	2	2	43	40	0.98	1	1	12	6	3	1	-T
II	2579458	C	*/-A	13	2	11.76%	2	2	42	37	0.98	1	1	11	2	1	1	-A
II	2579458	C	*/+A	13	2	11.76%	2	2	42	37	0.98	1	1	11	2	1	1	-A
II	2591913	T	*/-A	30	9	21.43%	2	2	43	47	0.98	1	1	22	8	6	3	-A
II	2592423	T	+A/+A	4	22	84.62%	2	2	61	46	0.98	1	1	3	1	13	9	+A
II	2612668	A	*/-T	30	2	6.25%	2	1	46	37	0.98	1	1	11	19	0	2	-T
II	2619448	G	*/-TT	14	2	10%	2	1	36	31	0.98	1	1	12	2	0	2	-TT
II	2619448	G	*/-TTT	14	2	10%	2	1	36	42	0.98	1	1	12	2	0	2	-TT
II	2626677	C	*/+A	37	2	5.13%	2	1	43	37	0.98	1	1	22	15	2	0	+A
II	2630607	C	*/+A	8	20	58.82%	2	2	47	43	0.98	1	1	3	5	7	13	+A
II	2630607	C	*/+AA	8	3	8.82%	2	2	47	53	0.98	1	1	3	5	2	1	+A
II	2640785	T	+A/+A	11	42	76.36%	2	2	42	48	0.98	1	1	4	7	19	23	+A
II	2647497	C	*/-T	34	8	17.39%	2	2	40	38	0.98	1	1	13	21	3	5	-T
II	2702173	G	*/-TA	38	3	7.32%	2	2	50	61	0.98	1	1	23	15	2	1	-TA
II	2709414	G	+C/+C	1	45	95.74%	1	2	37	43	0.98	1	1	1	0	16	29	+C
II	2720152	T	*/-A	46	3	5.56%	2	2	47	45	0.98	1	1	26	20	1	2	-A
II	2720152	T	*/+A	46	5	9.26%	2	2	47	47	0.98	1	1	26	20	2	3	+A
II	2755338	C	*/-AT	15	15	46.88%	2	2	46	46	0.98	1	1	3	12	6	9	-AT
II	2755338	C	*/-ATAT	15	2	6.25%	2	1	46	37	0.98	1	1	3	12	0	2	-AT
II	2768051	A	+T/+T	3	31	91.18%	1	2	37	47	0.98	1	1	3	0	13	18	+T
II	2788933	C	+G/+G	0	41	100%	0	2	0	45	0.98	0	1	0	0	21	20	+G
II	2790767	A	*/+T	15	3	16.67%	2	2	38	37	0.98	1	1	11	4	2	1	+T
II	2798040	C	-T/-T	1	43	97.73%	1	2	37	51	0.98	1	1	1	0	16	27	-T
II	2798514	A	-G/-G	4	21	84%	2	2	37	46	0.98	1	1	3	1	9	12	-G
II	2811495	C	-A/-A	0	43	100%	0	2	0	48	0.98	0	1	0	0	19	24	-A
II	2826100	G	*/-A	16	5	22.73%	2	2	39	44	0.98	1	1	13	3	4	1	-A
II	2873779	T	*/-A	28	2	6.67%	2	1	41	37	0.98	1	1	21	7	2	0	-A
II	2894538	T	*/-A	22	2	7.69%	2	1	40	42	0.98	1	1	14	8	0	2	-A
II	2900889	A	*/-T	12	9	39.13%	1	2	43	49	0.98	1	1	12	0	8	1	-T
II	2938956	C	+T/+T	3	23	85.19%	2	2	53	37	0.98	1	1	2	1	10	13	+T
II	2966290	C	+T/+T	1	28	96.55%	1	2	37	42	0.98	1	1	1	0	9	19	+T
II	2988149	G	*/-T	20	2	8%	2	1	43	55	0.98	1	1	11	9	2	0	-T
II	2988149	G	*/+T	20	3	12%	2	2	43	49	0.98	1	1	11	9	1	2	+T
II	3040332	C	+G/+G	2	58	96.67%	2	2	37	46	0.98	1	1	1	1	36	22	+G
II	3050424	C	*/-T	30	2	6.06%	2	2	47	61	0.98	1	1	17	13	1	1	-T
II	3058544	T	*/+G	2	3	33.33%	2	1	37	33	0.98	1	1	1	1	3	0	+G
II	3154052	G	*/-T	28	7	17.5%	2	2	41	47	0.98	1	1	19	9	4	3	-T
II	3154052	G	*/+T	28	4	10%	2	2	41	39	0.98	1	1	19	9	3	1	-T
II	3171788	G	*/-A	6	6	21.43%	2	2	40	45	0.98	1	1	5	1	5	1	-A
II	3171788	G	*/-AA	6	4	14.29%	2	2	40	39	0.98	1	1	5	1	3	1	-A
II	3171788	G	*/+A	6	7	25%	2	2	40	41	0.98	1	1	5	1	5	2	+A
II	3171788	G	*/+AA	6	3	10.71%	2	1	40	37	0.98	1	1	5	1	3	0	+A
II	3175926	C	*/-T	12	2	12.5%	2	1	38	42	0.98	1	1	9	3	2	0	-T
II	3253453	C	*/+T	5	6	50%	2	2	38	41	0.98	1	1	4	1	5	1	+T
II	3282373	T	*/-A	35	4	9.52%	2	1	43	37	0.98	1	1	26	9	4	0	-A
II	3329982	G	*/-T	14	5	25%	2	2	39	42	0.98	1	1	10	4	4	1	-T
II	3337420	T	+A/+A	1	24	96%	1	2	37	49	0.98	1	1	1	0	11	13	+A
II	3380128	C	*/-T	18	2	9.09%	2	1	39	36	0.98	1	1	12	6	2	0	-T
II	3410437	G	*/-T	17	2	9.52%	2	2	38	36	0.98	1	1	10	7	1	1	-T
II	3442989	A	*/+T	39	6	13.33%	2	2	49	55	0.98	1	1	15	24	3	3	+T
II	3474608	C	*/-A	36	2	5.13%	2	1	40	55	0.98	1	1	21	15	2	0	-A
II	3487895	G	*/-TATTT	45	3	5.88%	2	2	43	37	0.98	1	1	24	21	2	1	-TATTT
II	3487895	G	*/+TATTTTATTTTATTT	45	3	5.88%	2	1	43	37	0.98	1	1	24	21	3	0	-TATTT
II	3509251	T	*/-A	13	5	20%	2	2	45	41	0.98	1	1	8	5	3	2	-A
II	3509251	T	*/+A	13	6	24%	2	2	45	36	0.98	1	1	8	5	3	3	+A
II	3514786	C	*/-T	33	2	5.56%	2	2	44	31	0.98	1	1	23	10	1	1	-T
II	3540057	A	*/-T	32	9	20%	2	2	40	45	0.98	1	1	23	9	6	3	-T
II	3540057	A	*/+T	32	3	6.67%	2	2	40	33	0.98	1	1	23	9	1	2	-T
II	3607662	A	*/-T	29	2	6.45%	2	2	44	37	0.98	1	1	21	8	1	1	-T
II	3619003	A	+G/+G	7	52	86.67%	2	2	47	46	0.98	1	1	2	5	21	31	+G
II	3621704	A	*/-T	18	6	21.43%	2	2	43	53	0.98	1	1	13	5	3	3	-T
II	3621704	A	*/+T	18	2	7.14%	2	2	43	37	0.98	1	1	13	5	1	1	-T
II	3622754	T	*/+A	32	2	5.88%	2	1	45	37	0.98	1	1	14	18	0	2	+A
II	3634793	C	*/-T	5	2	25%	2	2	34	29	0.98	1	1	4	1	1	1	-T
II	3715149	G	*/-A	13	2	11.76%	2	1	40	42	0.98	1	1	9	4	2	0	-A
II	3777548	C	*/-T	22	2	8%	2	2	38	31	0.98	1	1	20	2	1	1	-T
II	3799350	G	*/+A	3	10	58.82%	1	2	49	43	0.98	1	1	3	0	9	1	+A
II	3799350	G	*/+AA	3	2	11.76%	1	1	49	51	0.98	1	1	3	0	2	0	+A
II	3799420	G	*/-A	17	3	15%	2	2	44	41	0.98	1	1	8	9	1	2	-A
II	3838101	C	*/-A	3	5	62.5%	1	2	37	36	0.98	1	1	3	0	4	1	-A
II	3838912	T	*/-A	18	8	28.57%	2	2	40	36	0.98	1	1	7	11	4	4	-A
II	3843869	C	*/+T	35	2	5.41%	2	1	47	55	0.98	1	1	19	16	0	2	+T
II	3856896	A	*/-T	32	6	13.04%	2	2	42	35	0.98	1	1	18	14	2	4	-T
II	3856896	A	*/-TT	32	3	6.52%	2	2	42	61	0.98	1	1	18	14	1	2	-T
II	3856896	A	*/+T	32	5	10.87%	2	2	42	39	0.98	1	1	18	14	2	3	+T
II	3860185	C	*/-TAGTA	42	34	42.5%	2	2	44	45	0.98	1	1	9	33	25	9	-TAGTA
II	3861514	C	*/-T	11	3	18.75%	2	1	38	33	0.98	1	1	5	6	0	3	-T
II	3954039	C	*/-T	38	6	10.53%	2	2	47	51	0.98	1	1	24	14	3	3	-T
II	3954039	C	*/+T	38	10	17.54%	2	2	47	45	0.98	1	1	24	14	6	4	+T
II	3975235	C	*/-A	27	13	24.53%	2	2	39	46	0.98	1	1	21	6	10	3	-A
II	3975235	C	*/-AA	27	5	9.43%	2	2	39	51	0.98	1	1	21	6	3	2	-A
II	3975235	C	*/+A	27	4	7.55%	2	2	39	52	0.98	1	1	21	6	3	1	-A
II	4006982	C	*/-A	8	7	36.84%	1	2	43	47	0.98	1	1	8	0	5	2	-A
II	4006982	C	*/+A	8	2	10.53%	1	2	43	55	0.98	1	1	8	0	1	1	-A
II	4031460	A	*/+TT	4	6	31.58%	2	2	40	37	0.98	1	1	3	1	2	4	+TT
II	4031460	A	*/+TTT	4	5	26.32%	2	2	40	49	0.98	1	1	3	1	1	4	+TT
II	4082068	A	*/+T	28	2	6.67%	2	2	46	55	0.98	1	1	14	14	1	1	+T
II	4107253	G	*/+TTT	5	2	22.22%	2	1	36	55	0.98	1	1	4	1	2	0	+TTT
II	4108814	G	*/-TA	97	7	6.73%	2	2	43	47	0.98	1	1	41	56	4	3	-TA
II	4108976	C	*/+T	65	7	9.72%	2	2	41	45	0.98	1	1	26	39	3	4	+T
II	4242977	T	*/-A	37	2	5.13%	2	1	42	55	0.98	1	1	20	17	2	0	-A
II	4254960	G	-A/-A	1	43	97.73%	1	2	37	45	0.98	1	1	1	0	14	29	-A
II	4290954	G	*/+A	55	3	5.17%	2	1	46	49	0.98	1	1	32	23	3	0	+A
II	4308414	C	*/+A	10	20	60.61%	2	2	45	41	0.98	1	1	9	1	13	7	+A
II	4308414	C	*/+AA	10	2	6.06%	2	2	45	37	0.98	1	1	9	1	1	1	+A
II	4410451	C	*/-T	18	2	10%	2	2	41	31	0.98	1	1	5	13	1	1	-T
II	4419921	T	*/+A	9	14	53.85%	2	2	38	41	0.98	1	1	6	3	6	8	+A
II	4462508	C	*/-A	16	6	26.09%	2	2	44	41	0.98	1	1	12	4	3	3	-A
II	4478212	A	*/-T	31	2	5.88%	2	1	47	42	0.98	1	1	20	11	0	2	-T
II	4497110	G	*/-T	24	2	6.67%	2	1	41	37	0.98	1	1	19	5	2	0	-T
II	4497110	G	*/-TT	24	2	6.67%	2	2	41	55	0.98	1	1	19	5	1	1	-T
II	4502695	C	*/-T	22	2	8.33%	2	1	40	31	0.98	1	1	7	15	0	2	-T
II	4505641	C	*/-A	47	3	5.88%	2	2	43	33	0.98	1	1	26	21	1	2	-A
II	4507612	T	*/-A	31	2	5.13%	2	1	39	37	0.98	1	1	18	13	2	0	-A
II	4507612	T	*/+A	31	6	15.38%	2	2	39	51	0.98	1	1	18	13	4	2	+A
II	4515621	C	*/+A	17	8	29.63%	2	1	35	37	0.98	1	1	13	4	8	0	+A
II	4517047	T	*/+TACTCATC	112	21	15.11%	2	2	47	41	0.98	1	1	58	54	14	7	+TACTCATC
II	4521677	T	*/-AA	12	15	55.56%	2	2	47	43	0.98	1	1	9	3	10	5	-AA
II	4525340	G	*/-T	79	6	5.88%	2	2	43	47	0.98	1	1	55	24	2	4	-T
II	4525340	G	*/+T	79	12	11.76%	2	2	43	40	0.98	1	1	55	24	6	6	+T
II	4526174	A	*/-T	55	6	9.68%	2	1	47	37	0.98	1	1	38	17	0	6	-T
II	4526843	C	*/-T	33	7	13.21%	2	2	36	35	0.98	1	1	27	6	4	3	-T
II	4526843	C	*/-TT	33	3	5.66%	2	2	36	45	0.98	1	1	27	6	1	2	-T
II	4526843	C	*/-TTT	33	4	7.55%	2	2	36	37	0.98	1	1	27	6	2	2	-TTT
II	4526843	C	*/+T	33	4	7.55%	2	2	36	32	0.98	1	1	27	6	3	1	-TTT
II	4528465	C	*/+GACAATGACAAT	89	15	12.4%	2	2	45	41	0.98	1	1	35	54	7	8	+GACAATGACAAT
II	4528465	C	*/+GACAAT	89	16	13.22%	2	2	45	46	0.98	1	1	35	54	9	7	+GACAAT
II	4529375	T	*/+ACAACGACAACG	100	12	9.76%	2	2	47	42	0.98	1	1	47	53	7	5	+ACAACGACAACG
II	4529375	T	*/+ACAACGACAACGACAACGACAACG	100	9	7.32%	2	2	47	43	0.98	1	1	47	53	4	5	+ACAACGACAACG
II	4533588	C	*/-T	123	43	25.9%	2	2	45	46	0.98	1	1	87	36	24	19	-T
II	4534880	A	*/-T	186	62	25%	2	2	48	43	0.98	1	1	95	91	27	35	-T
III	4729	A	*/-T	837	301	23.7%	2	2	46	48	0.98	1	1	550	287	138	163	-T
III	4729	A	*/+T	837	88	6.93%	2	2	46	51	0.98	1	1	550	287	35	53	-T
III	4952	C	*/+T	689	215	23.45%	2	2	41	50	0.98	1	1	446	243	65	150	+T
III	5403	C	*/-T	725	227	21.18%	2	2	42	42	0.98	1	1	500	225	119	108	-T
III	5403	C	*/-TT	725	63	5.88%	2	2	42	45	0.98	1	1	500	225	36	27	-T
III	5840	C	*/+G	707	47	5.88%	2	1	38	36	0.98	1	1	664	43	47	0	+G
III	9812	T	*/+A	82	124	57.67%	2	2	44	43	0.98	1	1	64	18	2	122	+A
III	10094	A	*/-T	20	13	39.39%	2	1	51	36	0.98	1	1	6	14	0	13	-T
III	10287	G	*/+A	12	5	29.41%	2	1	43	32	0.98	1	1	9	3	0	5	+A
III	12428	G	*/-AA	10	8	42.11%	2	2	39	51	0.98	1	1	4	6	2	6	-AA
III	15599	A	*/-T	872	292	22.32%	2	2	47	48	0.98	1	1	553	319	124	168	-T
III	15599	A	*/+T	872	90	6.88%	2	2	47	48	0.98	1	1	553	319	46	44	-T
III	15822	C	*/+T	657	235	26.11%	2	2	42	49	0.98	1	1	405	252	74	161	+T
III	16273	C	*/-T	707	207	19.81%	2	2	42	43	0.98	1	1	497	210	100	107	-T
III	16273	C	*/-TT	707	73	6.99%	2	2	42	46	0.98	1	1	497	210	44	29	-T
III	16710	C	*/+G	680	50	6.35%	2	1	37	35	0.98	1	1	644	36	50	0	+G
III	20682	T	*/+A	61	111	59.04%	2	2	46	43	0.98	1	1	48	13	2	109	+A
III	20964	A	*/-T	20	9	31.03%	2	1	56	34	0.98	1	1	6	14	0	9	-T
III	21157	G	*/+A	20	4	16.67%	2	1	40	34	0.98	1	1	16	4	0	4	+A
III	23298	G	*/-A	9	2	12.5%	2	1	37	55	0.98	1	1	2	7	0	2	-A
III	23298	G	*/-AA	9	5	31.25%	2	2	37	51	0.98	1	1	2	7	1	4	-AA
III	46959	A	*/-AT	19	2	9.52%	2	2	46	42	0.98	1	1	13	6	1	1	-AT
III	69589	T	*/-A	26	8	22.86%	2	2	46	50	0.98	1	1	8	18	4	4	-A
III	73161	G	*/-T	13	3	17.65%	2	1	52	37	0.98	1	1	6	7	3	0	-T
III	123319	T	*/-A	26	6	15.79%	2	2	40	38	0.98	1	1	16	10	4	2	-A
III	123319	T	*/-AA	26	3	7.89%	2	1	40	29	0.98	1	1	16	10	0	3	-A
III	207168	T	*/-A	12	2	8.7%	2	2	39	55	0.98	1	1	8	4	1	1	-A
III	207168	T	*/+A	12	6	26.09%	2	2	39	36	0.98	1	1	8	4	4	2	+A
III	207168	T	*/+AA	12	2	8.7%	2	1	39	49	0.98	1	1	8	4	2	0	+A
III	208140	C	*/-A	18	3	10.71%	2	2	35	33	0.98	1	1	17	1	2	1	-A
III	208140	C	*/+A	18	4	14.29%	2	2	35	39	0.98	1	1	17	1	3	1	+A
III	208140	C	*/+AA	18	2	7.14%	2	2	35	49	0.98	1	1	17	1	1	1	+A
III	231502	G	*/+A	33	2	5.71%	2	2	44	42	0.98	1	1	10	23	1	1	+A
III	231915	G	-T/-T	1	14	93.33%	1	2	37	44	0.98	1	1	1	0	5	9	-T
III	232115	A	*/-T	17	2	8.7%	2	2	50	43	0.98	1	1	7	10	1	1	-T
III	232115	A	*/+T	17	3	13.04%	2	2	50	57	0.98	1	1	7	10	2	1	+T
III	237048	G	*/-A	22	2	7.69%	2	1	41	37	0.98	1	1	18	4	2	0	-A
III	245692	C	*/-T	36	3	7.69%	2	2	49	37	0.98	1	1	22	14	2	1	-T
III	253907	A	*/-T	11	4	20%	2	1	53	40	0.98	1	1	7	4	4	0	-T
III	253907	A	*/+T	11	5	25%	2	2	53	37	0.98	1	1	7	4	3	2	+T
III	286443	A	*/+T	26	2	7.14%	2	1	45	61	0.98	1	1	21	5	0	2	+T
III	286478	C	-TT/-TT	3	24	88.89%	1	2	25	39	0.98	1	1	3	0	16	8	-TT
III	286594	T	*/+A	3	5	20%	1	2	49	34	0.98	1	1	3	0	3	2	+A
III	286594	T	*/+AA	3	14	56%	1	2	49	37	0.98	1	1	3	0	10	4	+AA
III	286594	T	*/+AAA	3	2	8%	1	2	49	55	0.98	1	1	3	0	1	1	+AA
III	293096	G	*/-T	21	6	22.22%	2	2	43	36	0.98	1	1	14	7	4	2	-T
III	318150	A	*/+C	27	2	6.67%	2	1	44	37	0.98	1	1	15	12	2	0	+C
III	339773	A	*/+C	16	2	11.11%	2	2	46	37	0.98	1	1	6	10	1	1	+C
III	348685	G	*/-AT	86	8	8.42%	2	2	46	44	0.98	1	1	53	33	6	2	-AT
III	365747	C	-A/-A	1	24	92.31%	1	2	37	45	0.98	1	1	0	1	16	8	-A
III	415596	T	*/-A	17	2	10%	2	2	35	37	0.98	1	1	7	10	1	1	-A
III	431910	C	*/+T	26	3	10%	2	1	40	37	0.98	1	1	19	7	3	0	+T
III	467904	C	+A/+A	4	17	77.27%	2	2	37	49	0.98	1	1	2	2	9	8	+A
III	468399	C	*/+A	30	2	6.25%	2	1	43	55	0.98	1	1	22	8	0	2	+A
III	527710	C	*/-T	37	2	5%	2	2	40	37	0.98	1	1	11	26	1	1	-T
III	563214	T	*/-A	40	3	6.98%	2	1	38	37	0.98	1	1	29	11	3	0	-A
III	565492	T	*/-A	18	2	10%	2	1	41	55	0.98	1	1	6	12	0	2	-A
III	568658	C	*/-T	19	8	21.62%	2	2	48	40	0.98	1	1	13	6	7	1	-T
III	568658	C	*/-TT	19	4	10.81%	2	2	48	36	0.98	1	1	13	6	2	2	-T
III	568658	C	*/+T	19	4	10.81%	2	2	48	37	0.98	1	1	13	6	3	1	-T
III	591086	T	*/+A	52	7	11.86%	2	2	51	51	0.98	1	1	26	26	4	3	+A
III	643133	G	*/+T	14	2	12.5%	2	1	43	31	0.98	1	1	2	12	0	2	+T
III	717677	A	*/-T	4	15	48.39%	2	2	46	42	0.98	1	1	2	2	10	5	-T
III	717677	A	*/-TT	4	10	32.26%	2	2	46	51	0.98	1	1	2	2	6	4	-T
III	717677	A	*/-TTT	4	2	6.45%	2	2	46	31	0.98	1	1	2	2	1	1	-T
III	719703	T	*/-A	21	5	15.62%	2	2	41	49	0.98	1	1	16	5	3	2	-A
III	719703	T	*/+A	21	5	15.62%	2	2	41	34	0.98	1	1	16	5	4	1	-A
III	719955	A	-C/-C	0	19	100%	0	2	0	46	0.98	0	1	0	0	10	9	-C
III	719973	C	-G/-G	0	6	100%	0	2	0	37	0.98	0	1	0	0	1	5	-G
III	720559	C	*/-T	14	4	20%	2	1	36	37	0.98	1	1	12	2	4	0	-T
III	720559	C	*/+T	14	2	10%	2	1	36	37	0.98	1	1	12	2	2	0	-T
III	720683	A	+T/+T	2	21	84%	1	2	49	39	0.98	1	1	2	0	8	13	+T
III	720683	A	*/+TT	2	2	8%	1	1	49	55	0.98	1	1	2	0	2	0	+T
III	762516	T	*/-A	28	4	12.5%	2	2	42	37	0.98	1	1	23	5	3	1	-A
III	797640	A	*/+T	31	2	6.06%	2	2	46	37	0.98	1	1	17	14	1	1	+T
III	811829	A	+T/+T	1	21	95.45%	1	2	37	44	0.98	1	1	0	1	11	10	+T
III	816160	T	*/-A	35	2	5.41%	2	1	44	31	0.98	1	1	18	17	0	2	-A
III	822701	G	*/-T	26	2	5.71%	2	1	41	55	0.98	1	1	16	10	0	2	-T
III	822701	G	*/+T	26	6	17.14%	2	2	41	47	0.98	1	1	16	10	3	3	+T
III	827251	C	*/+T	9	2	15.38%	2	1	36	42	0.98	1	1	8	1	2	0	+T
III	867865	C	-T/-T	0	31	100%	0	2	0	39	0.98	0	1	0	0	17	14	-T
III	897531	C	*/+A	12	21	58.33%	2	2	41	50	0.98	1	1	9	3	8	13	+A
III	897531	C	*/+AA	12	3	8.33%	2	2	41	33	0.98	1	1	9	3	2	1	+A
III	898665	T	*/-A	40	4	8.89%	2	2	39	37	0.98	1	1	22	18	1	3	-A
III	936705	G	*/-T	5	2	28.57%	2	2	42	31	0.98	1	1	2	3	1	1	-T
III	954028	G	*/-A	31	3	8.33%	2	2	41	49	0.98	1	1	14	17	2	1	-A
III	954028	G	*/+A	31	2	5.56%	2	1	41	37	0.98	1	1	14	17	2	0	-A
III	958241	C	*/-T	25	4	12.12%	2	2	41	39	0.98	1	1	17	8	2	2	-T
III	958241	C	*/-TT	25	2	6.06%	2	2	41	42	0.98	1	1	17	8	1	1	-T
III	966124	G	*/-T	34	10	19.61%	1	2	37	37	0.98	1	1	34	0	9	1	-T
III	966124	G	*/+T	34	5	9.8%	1	2	37	39	0.98	1	1	34	0	4	1	-T
III	970548	C	*/-T	2	3	30%	2	1	55	29	0.98	1	1	1	1	0	3	-T
III	970548	C	*/-TT	2	2	20%	2	2	55	37	0.98	1	1	1	1	1	1	-T
III	970548	C	*/-TTT	2	2	20%	2	1	55	49	0.98	1	1	1	1	2	0	-T
III	970892	C	*/-T	20	5	15.15%	2	2	42	49	0.98	1	1	12	8	3	2	-T
III	970892	C	*/+T	20	7	21.21%	2	2	42	50	0.98	1	1	12	8	4	3	+T
III	985871	C	*/-T	14	3	13.04%	2	1	36	32	0.98	1	1	13	1	3	0	-T
III	985871	C	*/+T	14	2	8.7%	2	2	36	55	0.98	1	1	13	1	1	1	-T
III	1016311	G	+C/+C	4	67	94.37%	2	2	43	46	0.98	1	1	2	2	34	33	+C
III	1047060	C	*/-T	31	2	6.06%	2	2	37	55	0.98	1	1	13	18	1	1	-T
III	1072711	A	*/+CCT	36	2	5.26%	2	1	47	31	0.98	1	1	12	24	0	2	+CCT
III	1073505	T	*/+ATATAGAG	210	16	7.02%	2	2	51	48	0.98	1	1	125	85	13	3	+ATATAGAG
III	1079346	A	*/+G	185	18	8.87%	2	2	46	39	0.98	1	1	115	70	16	2	+G
III	1080146	T	*/+ATATAGAG	347	27	7.18%	2	2	44	47	0.98	1	1	123	224	17	10	+ATATAGAG
III	1084026	A	*/+AGTGGTGATGGTT	100	10	9.09%	2	2	44	39	0.98	1	1	47	53	6	4	+AGTGGTGATGGTT
III	1084110	A	*/-G	52	3	5.45%	2	2	43	37	0.98	1	1	24	28	2	1	-G
III	1087979	A	*/+G	125	7	5.3%	2	2	43	40	0.98	1	1	77	48	2	5	+G
III	1095550	G	*/-T	13	17	31.48%	1	2	46	39	0.98	1	1	13	0	11	6	-T
III	1095550	G	*/-TT	13	15	27.78%	1	2	46	45	0.98	1	1	13	0	7	8	-T
III	1095550	G	*/-TTT	13	8	14.81%	1	2	46	49	0.98	1	1	13	0	5	3	-T
III	1103423	T	*/-A	10	24	44.44%	2	2	37	43	0.98	1	1	8	2	18	6	-A
III	1103423	T	*/-AA	10	16	29.63%	2	2	37	43	0.98	1	1	8	2	13	3	-A
III	1103423	T	*/-AAA	10	3	5.56%	2	1	37	37	0.98	1	1	8	2	3	0	-A
III	1104937	C	*/+T	34	2	5.26%	2	1	42	37	0.98	1	1	23	11	2	0	+T
III	1110963	T	*/+C	114	11	8.73%	2	2	46	47	0.98	1	1	43	71	5	6	+C
III	1116892	C	*/+TCTCTATA	80	5	5.88%	2	2	47	51	0.98	1	1	23	57	2	3	+TCTCTATA
III	1117723	T	*/+C	112	7	5.88%	2	2	49	38	0.98	1	1	53	59	4	3	+C
III	1121674	T	*/+ACCACTAACCATC	82	6	6.67%	2	1	45	43	0.98	1	1	44	38	6	0	+ACCACTAACCATC
III	1124483	T	*/+C	116	10	7.94%	2	2	45	48	0.98	1	1	49	67	4	6	+C
III	1131243	T	*/+C	122	11	8.27%	2	2	44	41	0.98	1	1	60	62	6	5	+C
III	1135194	T	*/+ACCACTAACCATC	77	8	9.41%	2	1	46	40	0.98	1	1	54	23	8	0	+ACCACTAACCATC
III	1137997	T	*/+GGA	29	3	9.38%	2	2	45	37	0.98	1	1	25	4	2	1	+GGA
III	1144308	C	*/+T	22	5	18.52%	2	2	50	42	0.98	1	1	10	12	2	3	+T
III	1168360	T	*/-G	7	3	30%	2	2	37	33	0.98	1	1	4	3	1	2	-G
III	1168362	G	*/-GA	9	3	25%	2	1	35	37	0.98	1	1	3	6	3	0	-GA
III	1252502	A	*/+TT	33	2	5.41%	2	1	42	25	0.98	1	1	23	10	0	2	+TT
III	1252505	G	*/+T	22	5	12.5%	1	2	36	33	0.98	1	1	22	0	3	2	+T
III	1252505	G	*/+TT	22	5	12.5%	1	2	36	46	0.98	1	1	22	0	2	3	+T
III	1282960	C	*/-A	21	2	8.7%	2	2	43	31	0.98	1	1	11	10	1	1	-A
III	1308513	T	+A/+A	1	28	87.5%	1	2	74	48	0.98	1	1	1	0	13	15	+A
III	1308513	T	*/+AA	1	3	9.38%	1	1	74	49	0.98	1	1	1	0	0	3	+A
III	1320928	T	*/+A	18	3	14.29%	2	1	44	57	0.98	1	1	12	6	0	3	+A
III	1395394	G	*/-T	4	4	50%	1	2	37	55	0.98	1	1	4	0	2	2	-T
III	1395671	C	*/-A	21	2	8.33%	2	2	39	49	0.98	1	1	12	9	1	1	-A
III	1421567	T	*/+G	5	3	30%	2	1	37	33	0.98	1	1	2	3	3	0	+G
III	1473677	C	*/-T	31	2	6.06%	2	2	42	55	0.98	1	1	14	17	1	1	-T
III	1510629	T	*/-A	25	4	12.5%	2	2	41	40	0.98	1	1	12	13	1	3	-A
III	1510629	T	*/-AA	25	2	6.25%	2	1	41	31	0.98	1	1	12	13	0	2	-A
III	1516123	C	*/+A	25	2	7.41%	2	2	39	37	0.98	1	1	9	16	1	1	+A
III	1544711	C	*/-A	7	19	73.08%	2	2	42	52	0.98	1	1	3	4	7	12	-A
III	1547169	C	*/-A	14	5	20%	2	2	39	44	0.98	1	1	10	4	4	1	-A
III	1547169	C	*/+A	14	6	24%	2	2	39	43	0.98	1	1	10	4	4	2	+A
III	1575951	G	*/+T	9	11	50%	2	2	39	47	0.98	1	1	5	4	3	8	+T
III	1581366	G	*/-T	17	3	15%	2	1	39	37	0.98	1	1	9	8	3	0	-T
III	1594933	T	*/-A	29	9	22.5%	2	2	48	52	0.98	1	1	15	14	4	5	-A
III	1674618	C	*/-T	10	7	29.17%	2	2	35	38	0.98	1	1	7	3	6	1	-T
III	1674618	C	*/-TT	10	4	16.67%	2	2	35	43	0.98	1	1	7	3	3	1	-T
III	1674618	C	*/+T	10	2	8.33%	2	1	35	48	0.98	1	1	7	3	0	2	-T
III	1685487	G	+A/+A	3	37	90.24%	2	2	37	46	0.98	1	1	1	2	17	20	+A
III	1698124	C	*/-T	54	3	5.08%	2	2	46	49	0.98	1	1	28	26	2	1	-T
III	1702004	C	*/-T	106	6	5.36%	2	2	46	45	0.98	1	1	56	50	4	2	-T
III	1702276	A	*/-T	49	4	7.14%	2	2	40	34	0.98	1	1	24	25	2	2	-T
III	1702276	A	*/+T	49	3	5.36%	2	1	40	74	0.98	1	1	24	25	3	0	-T
III	1706068	A	*/+T	33	2	5.71%	2	2	50	37	0.98	1	1	11	22	1	1	+T
III	1712983	G	*/-A	15	8	32%	2	2	35	37	0.98	1	1	11	4	7	1	-A
III	1718894	T	+A/+A	5	28	82.35%	2	2	44	42	0.98	1	1	4	1	17	11	+A
III	1736593	T	*/+A	30	2	6.25%	2	1	51	49	0.98	1	1	13	17	0	2	+A
III	1744661	A	+T/+T	8	32	80%	2	2	50	41	0.98	1	1	6	2	13	19	+T
III	1748308	T	*/+A	45	3	6.25%	2	1	51	49	0.98	1	1	24	21	3	0	+A
III	1753803	C	*/-T	24	2	7.41%	2	1	42	36	0.98	1	1	19	5	0	2	-T
III	1756400	T	-A/-A	1	59	98.33%	1	2	74	47	0.98	1	1	0	1	28	31	-A
III	1758846	C	*/-A	15	3	13.04%	2	2	45	53	0.98	1	1	9	6	2	1	-A
III	1758846	C	*/+A	15	4	17.39%	2	2	45	34	0.98	1	1	9	6	3	1	+A
III	1765612	C	*/+T	47	4	7.84%	2	2	39	46	0.98	1	1	23	24	3	1	+T
III	1774235	T	+GATC/+GATC	3	22	88%	1	2	49	44	0.98	1	1	3	0	11	11	+GATC
III	1790165	C	*/+T	35	2	5%	2	1	43	49	0.98	1	1	23	12	0	2	+T
III	1790165	C	*/+TT	35	2	5%	2	2	43	31	0.98	1	1	23	12	1	1	+T
III	1802522	G	*/-T	31	2	5.71%	2	1	40	55	0.98	1	1	24	7	0	2	-T
III	1802522	G	*/+T	31	2	5.71%	2	1	40	37	0.98	1	1	24	7	2	0	-T
III	1813747	C	*/-T	21	3	12.5%	2	1	43	37	0.98	1	1	7	14	3	0	-T
III	1821911	C	*/-A	13	3	18.75%	2	2	42	37	0.98	1	1	7	6	1	2	-A
III	1878070	T	*/-A	59	5	7.81%	2	1	42	37	0.98	1	1	45	14	5	0	-A
III	1925626	C	*/-A	17	5	19.23%	2	2	40	54	0.98	1	1	4	13	3	2	-A
III	1925626	C	*/+A	17	3	11.54%	2	1	40	49	0.98	1	1	4	13	3	0	-A
III	1929127	A	*/-G	5	4	36.36%	2	1	32	31	0.98	1	1	3	2	4	0	-G
III	1929127	A	*/-GG	5	2	18.18%	2	2	32	37	0.98	1	1	3	2	1	1	-G
III	1979604	A	*/-T	14	5	26.32%	2	2	44	44	0.98	1	1	5	9	4	1	-T
III	1985119	G	*/-T	3	16	72.73%	2	2	37	34	0.98	1	1	2	1	8	8	-T
III	1985119	G	*/-TT	3	3	13.64%	2	2	37	49	0.98	1	1	2	1	2	1	-T
III	2010864	G	*/-TA	65	6	8.45%	2	2	50	41	0.98	1	1	23	42	2	4	-TA
III	2067838	T	*/-A	11	3	17.65%	1	2	36	49	0.98	1	1	11	0	1	2	-A
III	2069419	C	*/-T	13	2	13.33%	2	1	41	55	0.98	1	1	3	10	2	0	-T
III	2069607	G	*/-T	20	2	8.33%	2	1	43	37	0.98	1	1	13	7	2	0	-T
III	2069607	G	*/+T	20	2	8.33%	2	2	43	31	0.98	1	1	13	7	1	1	-T
III	2074510	C	*/-T	23	2	6.67%	2	1	41	37	0.98	1	1	17	6	2	0	-T
III	2074510	C	*/-TT	23	2	6.67%	2	2	41	25	0.98	1	1	17	6	1	1	-T
III	2074510	C	*/+T	23	3	10%	2	2	41	49	0.98	1	1	17	6	2	1	+T
III	2076412	G	*/-T	12	6	31.58%	2	2	45	35	0.98	1	1	9	3	4	2	-T
III	2076980	A	*/-TT	13	2	11.76%	2	2	47	37	0.98	1	1	9	4	1	1	-TT
III	2113205	C	*/-T	11	5	27.78%	2	1	44	46	0.98	1	1	10	1	0	5	-T
III	2113205	C	*/+T	11	2	11.11%	2	1	44	49	0.98	1	1	10	1	2	0	-T
III	2178240	T	*/-A	24	4	14.29%	2	2	39	36	0.98	1	1	17	7	2	2	-A
III	2179745	A	*/+T	74	6	7.41%	2	2	48	33	0.98	1	1	28	46	4	2	+T
III	2219235	A	*/-T	25	2	7.14%	2	2	50	55	0.98	1	1	15	10	1	1	-T
III	2221410	T	*/-A	29	2	6.45%	2	1	48	68	0.98	1	1	15	14	0	2	-A
III	2270459	C	*/-A	28	4	12.5%	2	2	45	46	0.98	1	1	20	8	2	2	-A
III	2270576	T	*/+A	36	2	5.26%	2	2	49	37	0.98	1	1	20	16	1	1	+A
III	2276231	C	*/+T	36	2	5.13%	2	1	42	37	0.98	1	1	21	15	2	0	+T
III	2281940	C	*/-T	37	3	7.5%	2	2	43	45	0.98	1	1	24	13	2	1	-T
III	2310960	G	*/-A	11	2	15.38%	2	1	57	74	0.98	1	1	4	7	0	2	-A
III	2310968	A	*/+GGT	11	2	15.38%	2	1	51	68	0.98	1	1	4	7	0	2	+GGT
III	2311203	C	*/-T	16	2	11.11%	2	2	45	37	0.98	1	1	12	4	1	1	-T
III	2348394	G	*/-T	30	2	6.25%	2	1	47	31	0.98	1	1	17	13	2	0	-T
III	2352293	A	*/+G	12	2	14.29%	2	1	36	37	0.98	1	1	10	2	2	0	+G
III	2377007	T	*/+A	37	3	7.5%	2	2	49	45	0.98	1	1	13	24	1	2	+A
III	2382018	A	*/-T	5	11	40.74%	2	2	37	43	0.98	1	1	4	1	3	8	-T
III	2382018	A	*/-TT	5	7	25.93%	2	2	37	37	0.98	1	1	4	1	5	2	-T
III	2382018	A	*/-TTT	5	2	7.41%	2	1	37	42	0.98	1	1	4	1	0	2	-T
III	2410032	C	*/+A	18	2	9.52%	2	2	46	49	0.98	1	1	5	13	1	1	+A
III	2420241	T	*/-A	19	7	26.92%	2	2	44	51	0.98	1	1	11	8	5	2	-A
III	2423197	T	*/-A	50	4	7.14%	2	2	47	64	0.98	1	1	20	30	3	1	-A
III	2443562	A	+T/+T	30	144	78.26%	2	2	36	36	0.98	1	1	15	15	1	143	+T
III	2447848	T	*/-A	1629	528	19.61%	2	2	43	40	0.98	1	1	1186	443	371	157	-A
III	2447848	T	*/-AA	1629	266	9.88%	2	2	43	43	0.98	1	1	1186	443	186	80	-A
III	2447848	T	*/+A	1629	183	6.8%	2	2	43	46	0.98	1	1	1186	443	119	64	-A
III	2448309	T	-AA/-AA	107	1357	90.29%	2	2	44	42	0.98	1	1	61	46	493	864	-AA
III	2448518	T	*/-A	1411	441	20.22%	2	2	46	44	0.98	1	1	985	426	291	150	-A
III	2448518	T	*/-AA	1411	146	6.69%	2	2	46	44	0.98	1	1	985	426	92	54	-A
III	2448518	T	*/+A	1411	131	6.01%	2	2	46	44	0.98	1	1	985	426	89	42	-A
mating_type_region	462	G	*/-T	21	2	8.7%	2	1	45	37	0.98	1	1	11	10	0	2	-T
