Chrom	Position	Ref	Cons	Reads1	Reads2	VarFreq	Strands1	Strands2	Qual1	Qual2	Pvalue	MapQual1	MapQual2	Reads1Plus	Reads1Minus	Reads2Plus	Reads2Minus	VarAllele
chr_II_telomeric_gap	4294	A	*/-T	13	2	13.33%	2	2	48	55	0.98	1	1	7	6	1	1	-T
chr_II_telomeric_gap	6088	A	*/-T	11	2	12.5%	2	2	44	49	0.98	1	1	8	3	1	1	-T
chr_II_telomeric_gap	6088	A	*/+T	11	3	18.75%	2	2	44	49	0.98	1	1	8	3	2	1	+T
chr_II_telomeric_gap	6301	C	*/-AT	13	5	27.78%	2	2	45	54	0.98	1	1	2	11	2	3	-AT
chr_II_telomeric_gap	8538	G	*/-A	4	2	25%	1	1	37	61	0.98	1	1	4	0	2	0	-A
chr_II_telomeric_gap	8538	G	*/-AA	4	2	25%	1	1	37	37	0.98	1	1	4	0	2	0	-A
I	475	C	*/+ACCAAT	105	8	7.02%	2	2	47	46	0.98	1	1	48	57	3	5	+ACCAAT
I	3160	A	*/+GTTGTCGTTGTCGTTGTC	67	7	7.61%	2	2	50	47	0.98	1	1	39	28	5	2	+GTTGTCGTTGTCGTTGTC
I	3160	A	*/+GTTGTCGTTGTCGTTGTCGTTGTC	67	17	18.48%	2	2	50	47	0.98	1	1	39	28	13	4	+GTTGTCGTTGTCGTTGTCGTTGTC
I	4053	C	*/+TGTCAT	69	18	20.45%	2	2	46	43	0.98	1	1	35	34	14	4	+TGTCAT
I	5677	G	*/-A	30	9	16.98%	2	2	39	36	0.98	1	1	29	1	8	1	-A
I	5677	G	*/-AA	30	6	11.32%	2	1	39	38	0.98	1	1	29	1	6	0	-A
I	5677	G	*/+A	30	3	5.66%	2	1	39	49	0.98	1	1	29	1	3	0	-A
I	6357	T	*/-AA	43	23	32.86%	2	2	44	48	0.98	1	1	25	18	9	14	-AA
I	7192	C	*/-A	41	4	7.27%	2	1	39	37	0.98	1	1	34	7	4	0	A
I	7192	C	*/+A	41	5	9.09%	2	2	39	34	0.98	1	1	34	7	4	1	+A
I	10859	G	*/-TT	12	9	40.91%	2	2	36	50	0.98	1	1	9	3	3	6	-TT
I	15734	C	*/+A	23	2	7.41%	2	1	42	37	0.98	1	1	18	5	2	0	+A
I	17610	T	*/-GCAC	34	4	10.53%	2	1	45	37	0.98	1	1	22	12	0	4	-GCAC
I	19694	T	*/+A	45	3	6.12%	2	1	57	37	0.98	1	1	17	28	3	0	+A
I	27402	A	*/+C	1	4	25%	1	1	74	43	0.98	1	1	1	0	0	4	+C
I	27402	A	*/+CC	1	6	37.5%	1	1	74	43	0.98	1	1	1	0	0	6	+CC
I	28398	A	*/+C	81	5	5.81%	2	1	40	59	0.98	1	1	16	65	5	0	+C
I	29258	C	*/+T	34	2	5.56%	2	2	49	42	0.98	1	1	8	26	1	1	+T
I	55244	T	*/-A	12	4	17.39%	2	2	38	43	0.98	1	1	10	2	3	1	-A
I	55244	T	*/-AA	12	4	17.39%	2	1	38	46	0.98	1	1	10	2	4	0	-A
I	99474	C	*/-A	23	2	7.69%	2	2	46	55	0.98	1	1	13	10	1	1	-A
I	101871	A	+G/+G	2	40	85.11%	1	2	33	50	0.98	1	1	2	0	20	20	+G
I	190112	C	*/-A	4	2	28.57%	2	1	46	31	0.98	1	1	3	1	2	0	-A
I	206448	C	*/-T	10	3	18.75%	2	1	36	48	0.98	1	1	9	1	0	3	-T
I	206448	C	*/+T	10	2	12.5%	2	2	36	49	0.98	1	1	9	1	1	1	-T
I	231161	G	*/+A	17	2	10.53%	2	1	44	37	0.98	1	1	15	2	2	0	+A
I	232688	T	*/-AA	7	2	20%	2	2	38	37	0.98	1	1	5	2	1	1	-AA
I	301305	G	*/-T	29	2	6.45%	2	1	50	37	0.98	1	1	13	16	0	2	-T
I	383639	T	*/-A	34	2	5.56%	2	1	46	55	0.98	1	1	12	22	0	2	-A
I	400895	T	*/-A	22	3	12%	2	1	47	37	0.98	1	1	18	4	3	0	-A
I	414079	C	*/-T	6	4	40%	2	2	43	49	0.98	1	1	4	2	2	2	-T
I	440084	T	*/+A	5	4	40%	2	2	64	39	0.98	1	1	2	3	2	2	+A
I	441614	C	*/-T	7	3	23.08%	2	2	33	57	0.98	1	1	5	2	2	1	-T
I	441614	C	*/-TTT	7	2	15.38%	2	2	33	55	0.98	1	1	5	2	1	1	-T
I	453369	G	*/-AA	12	2	7.69%	1	2	38	55	0.98	1	1	12	0	1	1	-AA
I	453369	G	*/+A	12	10	38.46%	1	1	38	47	0.98	1	1	12	0	10	0	+A
I	456726	G	*/-T	17	3	11.54%	2	2	42	37	0.98	1	1	11	6	2	1	-T
I	456726	G	*/+T	17	6	23.08%	2	2	42	45	0.98	1	1	11	6	2	4	+T
I	460756	T	*/+A	30	2	6.06%	2	2	44	68	0.98	1	1	17	13	1	1	+A
I	464017	C	*/-A	8	2	16.67%	2	1	47	37	0.98	1	1	4	4	0	2	-A
I	464017	C	*/+A	8	2	16.67%	2	1	47	68	0.98	1	1	4	4	2	0	-A
I	470378	A	-C/-C	0	8	100%	0	2	0	34	0.98	0	1	0	0	6	2	-C
I	470390	A	-C/-C	0	10	100%	0	2	0	39	0.98	0	1	0	0	7	3	-C
I	482737	A	+G/+G	3	37	92.5%	2	2	37	47	0.98	1	1	1	2	21	16	+G
I	521845	T	*/-A	21	6	19.35%	2	2	48	37	0.98	1	1	10	11	4	2	-A
I	521845	T	*/+A	21	3	9.68%	2	1	48	74	0.98	1	1	10	11	3	0	-A
I	528541	C	*/-A	24	5	16.67%	2	2	40	44	0.98	1	1	15	9	4	1	-A
I	554527	A	*/+T	3	17	73.91%	2	2	37	40	0.98	1	1	2	1	7	10	+T
I	554527	A	*/+TT	3	2	8.7%	2	2	37	31	0.98	1	1	2	1	1	1	+T
I	562745	A	*/-T	6	3	18.75%	2	1	45	49	0.98	1	1	5	1	3	0	-T
I	562745	A	*/+T	6	6	37.5%	2	2	45	47	0.98	1	1	5	1	3	3	+T
I	650099	C	*/+AA	4	2	16.67%	2	2	37	31	0.98	1	1	2	2	1	1	A
I	660056	T	*/+G	2	6	42.86%	1	1	55	37	0.98	1	1	2	0	6	0	+G
I	660056	T	*/+GG	2	4	28.57%	1	1	55	37	0.98	1	1	2	0	4	0	+G
I	670032	C	+A/+A	1	78	98.73%	1	2	62	53	0.98	1	1	1	0	41	37	+A
I	682993	T	-C/-C	1	36	97.3%	1	2	37	49	0.98	1	1	0	1	9	27	-C
I	765477	A	*/-T	4	3	42.86%	2	1	46	45	0.98	1	1	3	1	0	3	-T
I	793917	A	*/-T	0	4	66.67%	0	2	0	40	0.98	0	1	0	0	1	3	-T
I	807903	A	*/-T	13	2	11.76%	2	2	39	49	0.98	1	1	3	10	1	1	-T
I	807903	A	*/+T	13	2	11.76%	2	1	39	31	0.98	1	1	3	10	0	2	-T
I	862962	C	+T/+T	1	27	96.43%	1	2	74	53	0.98	1	1	1	0	16	11	+T
I	926355	T	*/-A	26	2	7.14%	2	2	54	37	0.98	1	1	13	13	1	1	-A
I	930479	C	*/-T	26	2	7.14%	2	1	45	37	0.98	1	1	16	10	0	2	-T
I	934908	T	*/+AA	4	4	40%	1	2	40	36	0.98	1	1	4	0	2	2	+AA
I	954072	T	*/-A	19	2	9.52%	2	1	48	37	0.98	1	1	12	7	2	0	-A
I	960025	G	*/+T	4	9	60%	1	1	37	56	0.98	1	1	4	0	9	0	+T
I	965438	C	*/+AA	4	3	33.33%	2	1	37	37	0.98	1	1	3	1	3	0	+AA
I	995070	G	*/+T	14	2	11.76%	2	1	35	48	0.98	1	1	10	4	2	0	+T
I	1048635	G	+A/+A	2	17	80.95%	1	2	37	45	0.98	1	1	2	0	14	3	+A
I	1052704	A	*/+T	25	2	6.9%	2	2	56	37	0.98	1	1	12	13	1	1	+T
I	1079583	T	*/+AAAAAAA	2	2	33.33%	1	2	37	37	0.98	1	1	2	0	1	1	+AAAAAAA
I	1083962	G	*/+T	17	2	10.53%	2	1	46	49	0.98	1	1	8	9	2	0	+T
I	1094167	T	*/-A	36	2	5.13%	2	1	45	31	0.98	1	1	19	17	2	0	-A
I	1148104	A	+T/+T	0	4	100%	0	2	0	49	0.98	0	1	0	0	3	1	+T
I	1152144	C	*/-T	32	2	5.88%	2	1	48	68	0.98	1	1	11	21	0	2	-T
I	1185797	G	*/-A	7	7	35%	2	2	41	43	0.98	1	1	5	2	6	1	-A
I	1185797	G	*/-AA	7	2	10%	2	2	41	61	0.98	1	1	5	2	1	1	-A
I	1185797	G	*/+A	7	3	15%	2	1	41	34	0.98	1	1	5	2	3	0	+A
I	1206603	G	*/-T	51	3	5.36%	2	2	45	49	0.98	1	1	23	28	2	1	-T
I	1254655	T	*/-A	29	3	8.11%	2	2	47	45	0.98	1	1	19	10	1	2	-A
I	1254655	T	*/+A	29	4	10.81%	2	1	47	43	0.98	1	1	19	10	4	0	+A
I	1274803	T	+A/+A	0	21	100%	0	2	0	40	0.98	0	1	0	0	9	12	+A
I	1290605	A	*/-T	11	4	22.22%	2	2	52	37	0.98	1	1	6	5	2	2	-T
I	1290605	A	*/+T	11	2	11.11%	2	1	52	37	0.98	1	1	6	5	2	0	-T
I	1333654	T	*/+G	17	4	19.05%	2	1	37	36	0.98	1	1	7	10	4	0	+G
I	1358794	C	*/+A	6	2	22.22%	2	2	42	55	0.98	1	1	3	3	1	1	+A
I	1399667	T	*/-AA	25	2	7.41%	2	1	51	37	0.98	1	1	9	16	2	0	-AA
I	1424708	C	-A/-A	3	23	88.46%	2	2	33	44	0.98	1	1	1	2	12	11	-A
I	1445661	C	*/-T	24	2	7.69%	2	1	44	55	0.98	1	1	12	12	0	2	-T
I	1454446	C	*/-A	28	2	6.67%	2	1	44	31	0.98	1	1	13	15	2	0	-A
I	1496317	C	*/-A	3	15	71.43%	1	2	57	45	0.98	1	1	0	3	6	9	-A
I	1496317	C	*/-AAA	3	2	9.52%	1	1	57	74	0.98	1	1	0	3	0	2	-A
I	1509277	C	*/+T	7	14	66.67%	2	2	45	52	0.98	1	1	6	1	4	10	+T
I	1541472	G	*/-T	9	8	44.44%	2	2	43	39	0.98	1	1	8	1	7	1	-T
I	1595056	C	*/+T	7	2	20%	2	1	36	42	0.98	1	1	6	1	2	0	+T
I	1599291	T	*/-A	14	3	16.67%	2	2	31	37	0.98	1	1	3	11	2	1	-A
I	1625092	T	+C/+C	1	26	96.3%	1	2	37	45	0.98	1	1	1	0	12	14	+C
I	1734477	A	*/+T	13	4	22.22%	2	2	48	37	0.98	1	1	6	7	2	2	+T
I	1777634	A	*/-T	6	2	16.67%	2	2	51	37	0.98	1	1	5	1	1	1	-T
I	1777634	A	*/+T	6	2	16.67%	2	1	51	31	0.98	1	1	5	1	0	2	-T
I	1829371	A	*/+T	18	3	13.64%	2	1	43	44	0.98	1	1	12	6	0	3	+T
I	1837916	G	*/-T	7	2	16.67%	1	1	42	36	0.98	1	1	7	0	0	2	-T
I	1849285	C	*/-T	34	9	19.57%	2	2	44	46	0.98	1	1	19	15	5	4	-T
I	1877723	A	*/-T	34	2	5.56%	2	1	44	55	0.98	1	1	19	15	2	0	-T
I	1890184	C	*/-A	10	4	23.53%	2	2	41	37	0.98	1	1	6	4	3	1	-A
I	1916600	C	*/+T	22	2	8.33%	2	1	46	37	0.98	1	1	9	13	0	2	+T
I	1936294	G	+A/+A	0	19	100%	0	2	0	46	0.98	0	1	0	0	9	10	+A
I	1943784	A	*/+CC	19	2	8.33%	2	1	44	61	0.98	1	1	17	2	0	2	+CC
I	1952313	A	+T/+T	1	42	97.67%	1	2	37	44	0.98	1	1	0	1	33	9	+T
I	1954162	C	*/-A	10	4	22.22%	2	2	38	46	0.98	1	1	4	6	3	1	-A
I	1954162	C	*/-AA	10	3	16.67%	2	2	38	40	0.98	1	1	4	6	2	1	-A
I	1955754	C	*/+T	1	2	33.33%	1	1	37	36	0.98	1	1	1	0	0	2	+T
I	1955853	T	*/+A	1	4	57.14%	1	1	37	37	0.98	1	1	1	0	4	0	+A
I	2024998	C	*/+AA	28	2	6.45%	2	1	41	36	0.98	1	1	21	7	0	2	+AA
I	2025000	C	*/-T	14	2	8.33%	1	1	41	37	0.98	1	1	14	0	2	0	-T
I	2025000	C	*/+T	14	5	20.83%	1	1	41	44	0.98	1	1	14	0	5	0	+T
I	2041948	T	*/-A	17	4	15.38%	2	2	38	46	0.98	1	1	16	1	3	1	-A
I	2041948	T	*/-AA	17	3	11.54%	2	2	38	49	0.98	1	1	16	1	2	1	-A
I	2052488	A	*/-T	29	7	19.44%	2	2	43	56	0.98	1	1	18	11	5	2	-T
I	2096013	T	*/-A	12	4	25%	2	1	51	37	0.98	1	1	8	4	4	0	-A
I	2139856	G	+T/+T	0	8	100%	0	2	0	40	0.98	0	1	0	0	4	4	+T
I	2154491	T	+A/+A	0	31	96.88%	0	2	0	46	0.98	0	1	0	0	14	17	+A
I	2174555	C	*/-A	11	7	35%	2	2	44	49	0.98	1	1	3	8	3	4	-A
I	2174555	C	*/+A	11	2	10%	2	1	44	49	0.98	1	1	3	8	2	0	-A
I	2178948	C	*/+A	36	3	7.32%	2	1	39	37	0.98	1	1	28	8	3	0	+A
I	2227936	T	*/+AA	1	5	41.67%	1	2	37	36	0.98	1	1	1	0	1	4	+AA
I	2231735	C	*/+A	11	2	15.38%	2	1	50	74	0.98	1	1	5	6	0	2	+A
I	2245479	T	*/+CCC	7	3	20%	2	1	37	29	0.98	1	1	6	1	0	3	+CCC
I	2245479	T	*/+CCCCCC	7	2	13.33%	2	1	37	31	0.98	1	1	6	1	0	2	+CCC
I	2255899	G	*/+T	27	2	6.9%	2	1	49	37	0.98	1	1	19	8	0	2	+T
I	2273201	T	*/-A	11	5	25%	2	2	46	27	0.98	1	1	6	5	1	4	-A
I	2288240	C	-G/-G	0	41	100%	0	2	0	48	0.98	0	1	0	0	21	20	-G
I	2288318	C	*/-T	36	2	5.26%	2	1	47	55	0.98	1	1	13	23	0	2	-T
I	2322636	C	*/-A	13	6	23.08%	2	1	40	37	0.98	1	1	12	1	6	0	-A
I	2322636	C	*/-AA	13	5	19.23%	2	1	40	37	0.98	1	1	12	1	5	0	-A
I	2327021	C	*/+A	9	2	15.38%	2	2	41	27	0.98	1	1	3	6	1	1	+A
I	2343703	G	+A/+A	0	16	100%	0	2	0	39	0.98	0	1	0	0	7	9	+A
I	2397149	G	*/-T	22	3	12%	2	2	44	37	0.98	1	1	7	15	2	1	-T
I	2401096	C	*/-A	31	3	8.33%	2	2	47	45	0.98	1	1	19	12	2	1	-A
I	2401096	C	*/+A	31	2	5.56%	2	2	47	49	0.98	1	1	19	12	1	1	-A
I	2416908	A	*/+G	20	4	14.81%	2	2	43	46	0.98	1	1	15	5	3	1	+G
I	2421576	A	-C/-C	0	33	100%	0	2	0	44	0.98	0	1	0	0	21	12	-C
I	2424539	G	*/-A	16	2	9.52%	2	2	39	37	0.98	1	1	10	6	1	1	-A
I	2424539	G	*/+A	16	2	9.52%	2	1	39	36	0.98	1	1	10	6	2	0	-A
I	2443651	C	*/+A	33	2	5.56%	2	1	43	31	0.98	1	1	15	18	2	0	+A
I	2499149	A	-T/-T	4	21	84%	1	2	64	45	0.98	1	1	4	0	5	16	-T
I	2507462	T	+A/+A	0	22	100%	0	2	0	42	0.98	0	1	0	0	13	9	+A
I	2510060	T	+A/+A	1	16	94.12%	1	2	37	46	0.98	1	1	0	1	12	4	+A
I	2525300	T	*/-A	14	3	16.67%	2	2	51	61	0.98	1	1	3	11	1	2	-A
I	2525713	C	*/-T	41	6	12.5%	2	2	39	44	0.98	1	1	30	11	4	2	-T
I	2578262	T	*/-A	15	4	20%	2	2	48	43	0.98	1	1	10	5	1	3	-A
I	2588021	C	+A/+A	1	10	90.91%	1	2	37	48	0.98	1	1	0	1	4	6	+A
I	2588066	C	+A/+A	0	13	100%	0	2	0	43	0.98	0	1	0	0	7	6	+A
I	2594263	C	+T/+T	0	13	100%	0	2	0	51	0.98	0	1	0	0	4	9	+T
I	2594324	T	+A/+A	3	15	83.33%	1	2	49	52	0.98	1	1	0	3	6	9	+A
I	2594351	T	+A/+A	0	13	100%	0	2	0	58	0.98	0	1	0	0	5	8	+A
I	2594391	A	+T/+T	0	12	100%	0	2	0	60	0.98	0	1	0	0	5	7	+T
I	2605777	C	*/-A	28	2	6.45%	2	1	44	55	0.98	1	1	11	17	0	2	-A
I	2605860	G	-T/-T	3	30	90.91%	2	2	49	41	0.98	1	1	2	1	11	19	-T
I	2607669	A	+T/+T	3	24	88.89%	1	2	49	47	0.98	1	1	0	3	15	9	+T
I	2641994	T	*/+A	12	2	14.29%	2	1	46	37	0.98	1	1	6	6	0	2	+A
I	2683902	T	-C/-C	0	22	100%	0	2	0	45	0.98	0	1	0	0	13	9	-C
I	2689254	A	*/-T	14	2	11.76%	2	2	38	37	0.98	1	1	7	7	1	1	-T
I	2747027	T	*/-A	20	3	12.5%	2	2	42	49	0.98	1	1	15	5	2	1	-A
I	2751236	T	-A/-A	2	32	91.43%	1	2	42	47	0.98	1	1	2	0	8	24	-A
I	2759871	T	*/+C	3	9	69.23%	2	1	37	39	0.98	1	1	1	2	0	9	+C
I	2876870	C	*/-T	17	2	9.52%	2	2	49	55	0.98	1	1	4	13	1	1	-T
I	2876870	C	*/+T	17	2	9.52%	2	1	49	36	0.98	1	1	4	13	0	2	-T
I	2958937	G	*/-A	19	2	9.52%	2	1	47	68	0.98	1	1	9	10	0	2	-A
I	2959752	A	*/-T	5	2	25%	2	2	34	36	0.98	1	1	4	1	1	1	-T
I	2963080	T	*/-A	34	4	10.53%	2	1	43	34	0.98	1	1	20	14	0	4	-A
I	3014393	G	*/+T	12	2	13.33%	2	1	44	42	0.98	1	1	10	2	2	0	+T
I	3022371	A	*/+T	9	2	18.18%	2	1	43	55	0.98	1	1	2	7	0	2	+T
I	3033347	C	*/-T	27	6	18.18%	2	2	41	43	0.98	1	1	19	8	3	3	-T
I	3125118	A	+T/+T	1	19	95%	1	2	37	42	0.98	1	1	1	0	8	11	+T
I	3134492	A	*/-T	34	2	5.56%	2	1	47	55	0.98	1	1	13	21	2	0	-T
I	3144699	T	*/-A	3	3	20%	2	1	45	53	0.98	1	1	2	1	3	0	-A
I	3144699	T	*/-AA	3	5	33.33%	2	2	45	39	0.98	1	1	2	1	1	4	-AA
I	3144699	T	*/+A	3	3	20%	2	2	45	33	0.98	1	1	2	1	1	2	-AA
I	3159187	C	*/-CA	58	8	12.12%	2	2	50	51	0.98	1	1	28	30	3	5	-CA
I	3159994	C	*/-T	86	5	5.05%	2	1	44	34	0.98	1	1	65	21	5	0	-T
I	3159994	C	*/+T	86	6	6.06%	2	1	44	41	0.98	1	1	65	21	6	0	+T
I	3166776	G	*/+T	4	2	8.7%	1	2	49	42	0.98	1	1	4	0	1	1	+T
I	3166776	G	*/+TT	4	2	8.7%	1	1	49	55	0.98	1	1	4	0	2	0	+T
I	3166776	G	*/+TTT	4	11	47.83%	1	2	49	42	0.98	1	1	4	0	9	2	+TTT
I	3166776	G	*/+TTTT	4	2	8.7%	1	2	49	42	0.98	1	1	4	0	1	1	+TTT
I	3178494	C	+T/+T	1	17	94.44%	1	2	74	45	0.98	1	1	1	0	7	10	+T
I	3184255	T	*/-A	14	2	12.5%	2	1	41	37	0.98	1	1	6	8	2	0	-A
I	3197528	A	+G/+G	0	44	100%	0	2	0	46	0.98	0	1	0	0	22	22	+G
I	3237214	A	*/+T	15	2	11.11%	2	1	41	36	0.98	1	1	8	7	2	0	+T
I	3299997	G	*/-A	34	2	5.56%	2	2	42	31	0.98	1	1	27	7	1	1	-A
I	3300811	C	*/-GGGGGGGG	1	2	50%	1	1	37	37	0.98	1	1	1	0	2	0	-GGGGGGGG
I	3301538	C	*/-T	20	2	9.09%	2	2	35	31	0.98	1	1	9	11	1	1	-T
I	3303394	C	*/-AT	20	4	16%	2	1	45	40	0.98	1	1	5	15	0	4	-AT
I	3322659	C	*/+T	37	2	5%	2	1	49	37	0.98	1	1	15	22	2	0	+T
I	3404612	C	*/-T	6	2	22.22%	2	2	40	43	0.98	1	1	4	2	1	1	-T
I	3404991	C	*/-T	9	5	31.25%	2	2	41	39	0.98	1	1	7	2	4	1	-T
I	3410124	A	*/+T	17	2	10%	2	1	41	55	0.98	1	1	7	10	0	2	+T
I	3432169	G	*/+T	31	2	6.06%	2	2	46	55	0.98	1	1	18	13	1	1	+T
I	3450130	G	-T/-T	3	13	81.25%	1	2	37	44	0.98	1	1	0	3	6	7	-T
I	3460318	T	+C/+C	0	17	100%	0	2	0	53	0.98	0	1	0	0	9	8	+C
I	3460476	G	*/-A	15	3	15.79%	2	2	50	29	0.98	1	1	9	6	1	2	-A
I	3462650	A	*/-T	11	4	23.53%	1	2	47	34	0.98	1	1	11	0	3	1	-T
I	3462650	A	*/-TT	11	2	11.76%	1	1	47	37	0.98	1	1	11	0	0	2	-T
I	3501055	G	*/+AGAAGGACA	19	2	9.52%	2	1	40	55	0.98	1	1	7	12	2	0	+AGAAGGACA
I	3538413	A	+T/+T	1	19	95%	1	2	37	45	0.98	1	1	0	1	6	13	+T
I	3538428	G	+T/+T	3	19	86.36%	2	2	37	43	0.98	1	1	1	2	6	13	+T
I	3538436	T	+A/+A	1	17	94.44%	1	2	74	45	0.98	1	1	1	0	4	13	+A
I	3538449	T	+TA/+TA	0	16	100%	0	2	0	43	0.98	0	1	0	0	4	12	+TA
I	3538456	A	+AT/+AT	0	18	100%	0	2	0	43	0.98	0	1	0	0	5	13	+AT
I	3548532	G	*/+T	8	2	16.67%	1	1	38	55	0.98	1	1	8	0	2	0	+T
I	3548882	G	*/-A	11	2	15.38%	2	2	43	31	0.98	1	1	9	2	1	1	-A
I	3576627	C	*/-T	3	3	33.33%	2	1	41	37	0.98	1	1	2	1	3	0	-T
I	3576627	C	*/-TT	3	2	22.22%	2	2	41	31	0.98	1	1	2	1	1	1	-T
I	3576756	T	*/+TCTTCTC	1	8	72.73%	1	2	74	35	0.98	1	1	0	1	2	6	+TCTTCTC
I	3576929	C	+T/+T	1	12	85.71%	1	2	25	43	0.98	1	1	1	0	7	5	+T
I	3577424	G	*/+C	19	2	9.52%	2	2	42	37	0.98	1	1	10	9	1	1	+C
I	3580034	C	*/+T	5	5	38.46%	2	2	33	32	0.98	1	1	4	1	3	2	+T
I	3609896	T	*/-A	6	3	21.43%	2	2	41	33	0.98	1	1	3	3	1	2	-A
I	3609896	T	*/+A	6	5	35.71%	2	2	41	42	0.98	1	1	3	3	4	1	+A
I	3610396	C	*/-T	5	4	44.44%	2	1	48	37	0.98	1	1	4	1	4	0	-T
I	3659724	C	*/-T	28	2	6.25%	2	1	36	49	0.98	1	1	22	6	2	0	-T
I	3659724	C	*/+T	28	2	6.25%	2	2	36	55	0.98	1	1	22	6	1	1	-T
I	3665610	G	+C/+C	1	61	98.39%	1	2	37	46	0.98	1	1	1	0	26	35	+C
I	3700385	T	*/+A	2	4	26.67%	1	1	37	55	0.98	1	1	2	0	4	0	+A
I	3700385	T	*/+AA	2	8	53.33%	1	2	37	41	0.98	1	1	2	0	2	6	+AA
I	3730369	A	+T/+T	1	9	90%	1	2	37	42	0.98	1	1	1	0	6	3	+T
I	3745734	A	*/-AT	20	2	9.09%	2	2	56	55	0.98	1	1	9	11	1	1	-AT
I	3746876	C	*/-A	25	2	7.41%	2	2	46	37	0.98	1	1	18	7	1	1	-A
I	3748983	T	*/+A	3	5	62.5%	1	2	37	49	0.98	1	1	0	3	2	3	+A
I	3765328	C	+T/+T	3	19	79.17%	2	2	45	36	0.98	1	1	1	2	15	4	+T
I	3776888	C	*/-T	14	2	12.5%	2	1	41	42	0.98	1	1	10	4	0	2	-T
I	3776931	A	*/+T	18	2	10%	2	2	43	31	0.98	1	1	7	11	1	1	+T
I	3776933	G	*/+A	5	15	71.43%	1	2	46	39	0.98	1	1	5	0	2	13	+A
I	3776944	A	*/+T	20	2	9.09%	2	1	40	37	0.98	1	1	5	15	2	0	+T
I	3787080	C	*/+CATATTCATGTT	38	2	5%	2	1	47	37	0.98	1	1	17	21	2	0	+CATATTCATGTT
I	3798874	A	*/+T	35	2	5.41%	2	1	47	42	0.98	1	1	11	24	0	2	+T
I	3825510	G	*/+T	18	2	10%	2	2	42	37	0.98	1	1	8	10	1	1	+T
I	3850523	C	*/+T	23	3	11.11%	2	2	50	40	0.98	1	1	15	8	2	1	+T
I	3855790	G	-T/-T	0	19	100%	0	2	0	41	0.98	0	1	0	0	12	7	-T
I	3870142	A	*/+C	5	6	35.29%	2	2	48	39	0.98	1	1	3	2	1	5	+C
I	3870142	A	*/+CC	5	4	23.53%	2	2	48	31	0.98	1	1	3	2	1	3	+C
I	3940025	G	+T/+T	0	25	96.15%	0	2	0	54	0.98	0	1	0	0	14	11	+T
I	3975347	G	*/+A	26	2	7.14%	2	1	50	37	0.98	1	1	16	10	2	0	+A
I	3984736	A	*/-GGT	173	12	6.49%	2	1	47	37	0.98	1	1	63	110	0	12	-GGT
I	3992213	A	*/-C	9	2	18.18%	2	2	45	37	0.98	1	1	1	8	1	1	-C
I	3992546	C	*/+T	10	11	52.38%	2	2	38	44	0.98	1	1	6	4	8	3	+T
I	3993810	T	*/-A	2	3	42.86%	2	1	37	37	0.98	1	1	1	1	3	0	-A
I	3995023	C	*/-T	7	2	16.67%	2	2	61	43	0.98	1	1	2	5	1	1	-T
I	3995023	C	*/-TT	7	2	16.67%	2	2	61	42	0.98	1	1	2	5	1	1	-T
I	4004016	G	*/-T	17	10	35.71%	2	2	57	54	0.98	1	1	8	9	5	5	-T
I	4004204	T	*/+A	23	2	8%	2	2	46	37	0.98	1	1	16	7	1	1	+A
I	4005819	C	*/+A	29	2	6.25%	2	2	45	42	0.98	1	1	17	12	1	1	+A
I	4009704	C	*/+GTTGGTGGTACCAGTGGA	13	20	58.82%	2	2	41	40	0.98	1	1	5	8	16	4	+GTTGGTGGTACCAGTGGA
I	4010237	A	*/-G	18	3	10.71%	2	1	42	33	0.98	1	1	15	3	3	0	-G
I	4010237	A	*/-GG	18	2	7.14%	2	1	42	37	0.98	1	1	15	3	2	0	-G
I	4010237	A	*/+G	18	2	7.14%	2	1	42	37	0.98	1	1	15	3	2	0	-G
I	4010237	A	*/+GG	18	2	7.14%	2	1	42	37	0.98	1	1	15	3	2	0	-G
I	4055052	T	+A/+A	3	18	81.82%	1	2	37	47	0.98	1	1	3	0	12	6	+A
I	4098272	C	*/-T	23	4	14.81%	2	2	46	46	0.98	1	1	15	8	3	1	-T
I	4137001	T	*/-A	30	3	8.82%	2	1	41	61	0.98	1	1	22	8	3	0	-A
I	4140090	A	*/-T	24	5	16.67%	2	2	47	44	0.98	1	1	12	12	3	2	-T
I	4153651	C	*/-T	19	3	13.04%	2	2	35	40	0.98	1	1	16	3	1	2	-T
I	4177950	T	*/-A	18	2	9.09%	2	2	38	55	0.98	1	1	13	5	1	1	-A
I	4177950	T	*/+A	18	2	9.09%	2	2	38	49	0.98	1	1	13	5	1	1	-A
I	4179701	C	*/+T	2	3	50%	1	2	28	40	0.98	1	1	2	0	2	1	+T
I	4219570	T	*/-A	26	2	7.14%	2	1	46	37	0.98	1	1	8	18	2	0	-A
I	4241117	T	*/-G	30	2	6.25%	2	1	42	25	0.98	1	1	18	12	0	2	-G
I	4241118	G	*/-A	13	6	24%	2	2	40	47	0.98	1	1	11	2	4	2	-A
I	4241118	G	*/-AA	13	3	12%	2	2	40	40	0.98	1	1	11	2	1	2	-A
I	4264199	G	*/+A	22	2	8.33%	2	2	44	31	0.98	1	1	14	8	1	1	+A
I	4276890	G	+T/+T	2	14	87.5%	2	2	37	50	0.98	1	1	1	1	9	5	+T
I	4294954	T	*/+G	44	7	13.73%	2	2	40	45	0.98	1	1	8	36	3	4	+G
I	4304169	G	+A/+A	1	17	89.47%	1	2	37	47	0.98	1	1	1	0	10	7	+A
I	4374342	A	-G/-G	1	34	97.14%	1	2	37	46	0.98	1	1	1	0	28	6	-G
I	4394766	C	*/-A	15	2	11.11%	2	1	39	49	0.98	1	1	5	10	2	0	-A
I	4407494	T	+G/+G	1	31	93.94%	1	2	74	47	0.98	1	1	1	0	12	19	+G
I	4410191	C	-G/-G	1	23	95.83%	1	2	37	46	0.98	1	1	0	1	13	10	-G
I	4414201	C	*/-T	1	7	70%	1	2	74	45	0.98	1	1	0	1	6	1	-T
I	4414201	C	*/-TT	1	2	20%	1	1	74	36	0.98	1	1	0	1	0	2	-T
I	4414723	T	*/+AAAAA	10	4	28.57%	1	1	37	37	0.98	1	1	10	0	4	0	+AAAAA
I	4431856	G	+A/+A	5	40	88.89%	1	2	66	46	0.98	1	1	5	0	16	24	+A
I	4431868	C	+A/+A	0	43	100%	0	2	0	45	0.98	0	1	0	0	16	27	+A
I	4442621	A	*/-AT	43	7	13.73%	2	2	52	47	0.98	1	1	25	18	5	2	-AT
I	4455149	G	+A/+A	0	4	80%	0	2	0	43	0.98	0	1	0	0	2	2	+A
I	4458392	A	*/+T	24	2	7.69%	2	2	48	37	0.98	1	1	9	15	1	1	+T
I	4507370	C	*/+A	11	3	21.43%	2	2	43	37	0.98	1	1	6	5	2	1	+A
I	4514478	T	*/-A	10	5	26.32%	2	2	46	44	0.98	1	1	7	3	4	1	-A
I	4514478	T	*/-AA	10	2	10.53%	2	1	46	61	0.98	1	1	7	3	2	0	-A
I	4514478	T	*/+A	10	2	10.53%	2	2	46	31	0.98	1	1	7	3	1	1	-A
I	4604648	T	*/-C	12	2	11.76%	2	1	47	49	0.98	1	1	10	2	0	2	-C
I	4604648	T	*/+A	12	3	17.65%	2	1	47	45	0.98	1	1	10	2	0	3	+A
I	4610239	A	*/+T	28	2	6.67%	2	2	45	37	0.98	1	1	22	6	1	1	+T
I	4648144	T	*/-G	20	2	8.7%	2	2	42	37	0.98	1	1	17	3	1	1	-G
I	4648159	T	*/-G	9	11	45.83%	2	2	35	48	0.98	1	1	8	1	8	3	-G
I	4648159	T	*/-GG	9	4	16.67%	2	1	35	40	0.98	1	1	8	1	0	4	-G
I	4721875	G	+A/+A	0	14	100%	0	2	0	44	0.98	0	1	0	0	8	6	+A
I	4723298	G	*/-A	18	2	10%	2	1	38	55	0.98	1	1	4	14	0	2	-A
I	4733668	G	*/+A	20	3	12.5%	2	2	43	29	0.98	1	1	16	4	1	2	+A
I	4742680	C	*/+T	38	2	5%	2	2	46	49	0.98	1	1	22	16	1	1	+T
I	4760698	T	*/-A	19	2	9.09%	2	1	40	55	0.98	1	1	13	6	0	2	-A
I	4764248	A	*/+T	38	2	5%	2	1	45	42	0.98	1	1	29	9	0	2	+T
I	4764253	G	*/+A	12	21	56.76%	2	2	43	45	0.98	1	1	10	2	15	6	+A
I	4768547	T	*/+C	36	7	15.91%	2	2	48	45	0.98	1	1	12	24	3	4	+C
I	4820462	C	*/+T	15	2	11.76%	2	1	50	74	0.98	1	1	9	6	0	2	+T
I	4882281	C	*/+T	13	4	22.22%	2	2	44	55	0.98	1	1	10	3	3	1	+T
I	4916623	C	*/-A	13	5	19.23%	2	2	37	39	0.98	1	1	6	7	2	3	-A
I	4916623	C	*/-AA	13	2	7.69%	2	2	37	49	0.98	1	1	6	7	1	1	-A
I	4916623	C	*/+A	13	4	15.38%	2	2	37	40	0.98	1	1	6	7	2	2	+A
I	4926045	T	*/+A	9	2	18.18%	1	1	37	55	0.98	1	1	9	0	0	2	+A
I	4926046	C	*/+T	5	3	30%	1	1	31	33	0.98	1	1	5	0	3	0	+T
I	4934297	C	*/-TA	29	2	6.25%	2	1	42	55	0.98	1	1	15	14	2	0	-TA
I	4972287	C	*/-A	43	4	8.51%	2	2	43	46	0.98	1	1	17	26	3	1	-A
I	4984784	A	*/-T	6	2	16.67%	2	1	43	55	0.98	1	1	3	3	2	0	-T
I	4984784	A	*/-TT	6	3	25%	2	2	43	49	0.98	1	1	3	3	1	2	-TT
I	5039623	T	*/-A	25	2	7.41%	2	2	41	37	0.98	1	1	19	6	1	1	-A
I	5060109	A	*/-T	14	3	14.29%	2	2	45	49	0.98	1	1	6	8	2	1	-T
I	5060109	A	*/+T	14	4	19.05%	2	2	45	46	0.98	1	1	6	8	2	2	+T
I	5073240	G	*/-A	23	2	7.69%	2	2	48	49	0.98	1	1	11	12	1	1	-A
I	5096442	G	*/-TT	9	2	15.38%	2	2	43	61	0.98	1	1	8	1	1	1	-TT
I	5117187	C	*/-T	21	2	8%	2	2	43	55	0.98	1	1	10	11	1	1	-T
I	5142627	A	+G/+G	1	22	84.62%	1	2	37	48	0.98	1	1	1	0	10	12	+G
I	5148414	T	-A/-A	1	41	97.62%	1	2	37	49	0.98	1	1	0	1	20	21	-A
I	5155608	C	*/-A	2	2	28.57%	1	1	37	37	0.98	1	1	2	0	0	2	-A
I	5155608	C	*/+A	2	2	28.57%	1	1	37	37	0.98	1	1	2	0	2	0	-A
I	5159554	C	*/-T	32	2	5.56%	2	1	43	55	0.98	1	1	10	22	0	2	-T
I	5173087	C	+T/+T	3	14	77.78%	2	2	49	41	0.98	1	1	2	1	5	9	+T
I	5173430	G	+T/+T	3	24	80%	2	2	33	49	0.98	1	1	2	1	17	7	+T
I	5173430	G	*/+TT	3	2	6.67%	2	2	33	49	0.98	1	1	2	1	1	1	+T
I	5176926	T	+A/+A	1	7	87.5%	1	2	37	45	0.98	1	1	1	0	3	4	+A
I	5181376	A	*/-T	20	3	12.5%	2	2	43	33	0.98	1	1	13	7	1	2	-T
I	5266596	A	*/-T	27	6	18.18%	2	2	42	43	0.98	1	1	16	11	5	1	-T
I	5368262	T	-C/-C	6	57	90.48%	2	2	37	44	0.98	1	1	2	4	21	36	-C
I	5368273	G	+T/+T	2	56	93.33%	1	2	37	43	0.98	1	1	0	2	22	34	+T
I	5426622	C	+T/+T	4	15	78.95%	1	2	46	52	0.98	1	1	4	0	12	3	+T
I	5547223	T	*/-A	11	4	22.22%	2	2	45	43	0.98	1	1	9	2	3	1	-A
I	5547223	T	*/+A	11	3	16.67%	2	2	45	40	0.98	1	1	9	2	2	1	-A
I	5559365	C	*/+T	6	4	36.36%	2	2	38	49	0.98	1	1	5	1	3	1	+T
I	5567937	C	*/-A	33	2	5.26%	2	1	41	37	0.98	1	1	18	15	2	0	-A
I	5567937	C	*/+A	33	2	5.26%	2	2	41	74	0.98	1	1	18	15	1	1	-A
I	5568055	C	*/-T	32	2	5.56%	2	2	43	37	0.98	1	1	17	15	1	1	-T
I	5570823	C	*/-A	8	2	18.18%	2	1	43	37	0.98	1	1	3	5	2	0	-A
I	5573794	T	*/-GTGC	11	4	26.67%	2	1	63	34	0.98	1	1	7	4	4	0	-GTGC
I	5574071	G	*/-AT	34	4	10.53%	2	2	45	37	0.98	1	1	23	11	1	3	-AT
I	5576850	T	*/-A	11	2	10%	2	1	47	49	0.98	1	1	9	2	0	2	-A
I	5576850	T	*/-AA	11	7	35%	2	2	47	52	0.98	1	1	9	2	2	5	-AA
II	4117	A	*/+C	53	4	7.02%	2	2	50	46	0.98	1	1	31	22	3	1	+C
II	15830	T	*/+A	17	5	22.73%	2	1	41	37	0.98	1	1	11	6	5	0	+A
II	16652	G	*/+T	13	2	13.33%	2	1	39	42	0.98	1	1	7	6	0	2	+T
II	23557	G	*/+A	9	2	16.67%	2	2	40	55	0.98	1	1	5	4	1	1	+A
II	31617	A	*/-T	2	3	50%	1	2	37	33	0.98	1	1	2	0	1	2	-T
II	46913	T	*/-A	15	4	18.18%	2	1	40	39	0.98	1	1	11	4	4	0	-A
II	46913	T	*/+A	15	2	9.09%	2	1	40	33	0.98	1	1	11	4	2	0	-A
II	121588	G	*/+T	6	3	33.33%	2	2	55	74	0.98	1	1	2	4	2	1	+T
II	128001	T	-A/-A	0	17	100%	0	2	0	45	0.98	0	1	0	0	10	7	-A
II	146079	T	-C/-C	3	22	88%	1	2	33	44	0.98	1	1	0	3	9	13	-C
II	227756	C	*/+A	2	2	50%	1	1	31	37	0.98	1	1	0	2	2	0	+A
II	229897	A	*/-T	21	10	25%	2	2	41	45	0.98	1	1	16	5	5	5	-T
II	229897	A	*/-TT	21	2	5%	2	1	41	49	0.98	1	1	16	5	2	0	-T
II	229897	A	*/+T	21	5	12.5%	2	2	41	36	0.98	1	1	16	5	3	2	+T
II	229897	A	*/+TT	21	2	5%	2	1	41	37	0.98	1	1	16	5	2	0	+T
II	243155	C	*/-A	21	2	8%	2	2	47	55	0.98	1	1	13	8	1	1	-A
II	320661	G	*/-A	23	3	10.71%	2	2	51	33	0.98	1	1	15	8	2	1	-A
II	330538	G	*/+A	34	2	5.56%	2	1	42	55	0.98	1	1	8	26	0	2	+A
II	331894	C	*/-T	14	2	12.5%	2	1	42	37	0.98	1	1	9	5	2	0	-T
II	365357	C	*/-T	16	2	11.11%	2	2	41	37	0.98	1	1	11	5	1	1	-T
II	376034	C	*/-T	31	3	8.82%	2	2	42	37	0.98	1	1	8	23	1	2	-T
II	383156	C	*/-T	27	3	9.38%	2	2	44	31	0.98	1	1	19	8	2	1	-T
II	383156	C	*/+T	27	2	6.25%	2	2	44	37	0.98	1	1	19	8	1	1	-T
II	410085	C	*/-T	15	7	30.43%	2	2	40	40	0.98	1	1	14	1	6	1	-T
II	484534	A	*/+T	10	8	42.11%	2	2	36	40	0.98	1	1	6	4	1	7	+T
II	522800	G	+A/+A	0	16	88.89%	0	2	0	43	0.98	0	1	0	0	13	3	+A
II	561061	T	*/-G	12	3	20%	2	1	45	41	0.98	1	1	6	6	0	3	-G
II	561064	T	*/-A	12	4	25%	2	2	42	43	0.98	1	1	3	9	3	1	-A
II	574536	T	*/+A	23	2	8%	2	1	35	42	0.98	1	1	4	19	0	2	+A
II	603279	A	-T/-T	0	9	100%	0	2	0	45	0.98	0	1	0	0	7	2	-T
II	603305	A	-C/-C	0	13	100%	0	2	0	54	0.98	0	1	0	0	5	8	-C
II	673086	G	*/-A	11	2	12.5%	2	1	43	37	0.98	1	1	9	2	2	0	-A
II	673086	G	*/+A	11	2	12.5%	2	1	43	37	0.98	1	1	9	2	2	0	-A
II	677175	G	*/-TA	32	7	17.95%	2	2	50	56	0.98	1	1	17	15	2	5	-TA
II	700009	T	*/-A	4	10	71.43%	2	2	46	44	0.98	1	1	1	3	3	7	-A
II	716295	G	*/-T	8	3	23.08%	2	2	44	45	0.98	1	1	4	4	1	2	-T
II	753854	A	*/-T	13	4	20%	2	1	42	37	0.98	1	1	12	1	4	0	-T
II	753854	A	*/+T	13	2	10%	2	1	42	37	0.98	1	1	12	1	2	0	-T
II	756993	C	*/-T	11	4	22.22%	2	1	39	52	0.98	1	1	6	5	4	0	-T
II	756993	C	*/+T	11	2	11.11%	2	1	39	31	0.98	1	1	6	5	0	2	-T
II	806774	G	*/+T	23	4	14.81%	2	2	46	55	0.98	1	1	13	10	2	2	+T
II	819795	T	*/+C	26	8	23.53%	2	2	40	40	0.98	1	1	21	5	5	3	+C
II	845911	C	+A/+A	2	17	89.47%	2	2	37	48	0.98	1	1	1	1	13	4	+A
II	847489	A	*/-GT	7	2	22.22%	1	1	45	37	0.98	1	1	7	0	2	0	-GT
II	888599	A	-C/-C	0	18	100%	0	2	0	48	0.98	0	1	0	0	9	9	-C
II	890578	C	*/-T	21	2	8.33%	2	1	36	55	0.98	1	1	18	3	2	0	-T
II	903106	G	+T/+T	0	27	100%	0	2	0	43	0.98	0	1	0	0	14	13	+T
II	947539	C	*/+A	24	2	7.69%	2	2	42	55	0.98	1	1	13	11	1	1	+A
II	948303	T	*/-A	18	2	10%	2	2	48	55	0.98	1	1	11	7	1	1	-A
II	965517	C	*/-T	20	2	8.7%	2	1	42	31	0.98	1	1	16	4	2	0	-T
II	966138	C	*/+A	17	2	10%	2	1	45	74	0.98	1	1	4	13	0	2	+A
II	1019510	T	*/-A	2	12	66.67%	1	2	31	43	0.98	1	1	2	0	7	5	-A
II	1019510	T	*/-AA	2	4	22.22%	1	2	31	55	0.98	1	1	2	0	2	2	-A
II	1059118	T	*/-A	21	2	7.41%	2	2	49	37	0.98	1	1	8	13	1	1	-A
II	1059118	T	*/+A	21	3	11.11%	2	2	49	33	0.98	1	1	8	13	2	1	+A
II	1069791	C	*/-A	20	2	9.09%	2	2	41	55	0.98	1	1	11	9	1	1	-A
II	1078264	T	*/-A	29	3	9.09%	2	2	45	57	0.98	1	1	16	13	2	1	-A
II	1079843	T	+A/+A	1	12	92.31%	1	2	37	39	0.98	1	1	0	1	5	7	+A
II	1104941	G	*/-T	8	3	25%	2	2	41	49	0.98	1	1	7	1	2	1	-T
II	1122580	C	*/-T	57	5	7.81%	2	2	49	46	0.98	1	1	29	28	2	3	-T
II	1163154	A	-T/-T	0	15	100%	0	2	0	46	0.98	0	1	0	0	7	8	-T
II	1171363	T	*/-A	21	2	8.7%	2	2	48	55	0.98	1	1	14	7	1	1	-A
II	1187785	G	*/-T	24	3	10.71%	2	1	42	45	0.98	1	1	11	13	0	3	-T
II	1247446	G	*/+T	13	7	33.33%	2	2	48	37	0.98	1	1	8	5	4	3	+T
II	1264791	C	*/-T	4	3	37.5%	2	2	31	49	0.98	1	1	2	2	2	1	-T
II	1266289	T	+A/+A	0	5	83.33%	0	2	0	47	0.98	0	1	0	0	3	2	+A
II	1277481	G	*/+TT	7	3	21.43%	2	1	37	31	0.98	1	1	6	1	3	0	+TT
II	1308618	G	-T/-T	3	33	91.67%	2	2	37	43	0.98	1	1	2	1	20	13	-T
II	1325549	T	+A/+A	1	10	90.91%	1	2	37	44	0.98	1	1	1	0	3	7	+A
II	1349040	A	*/+T	7	3	30%	2	2	47	57	0.98	1	1	6	1	1	2	+T
II	1365999	G	*/-T	16	9	33.33%	2	2	45	47	0.98	1	1	9	7	6	3	-T
II	1365999	G	*/+T	16	2	7.41%	2	1	45	31	0.98	1	1	9	7	0	2	-T
II	1389139	C	*/-T	10	2	10.53%	2	2	46	55	0.98	1	1	8	2	1	1	-T
II	1389139	C	*/+T	10	5	26.32%	2	1	46	49	0.98	1	1	8	2	5	0	+T
II	1451705	G	*/-A	17	2	10.53%	2	2	46	55	0.98	1	1	9	8	1	1	-A
II	1467485	C	*/-T	13	10	40%	2	2	38	42	0.98	1	1	6	7	4	6	-T
II	1467485	C	*/+T	13	2	8%	2	1	38	37	0.98	1	1	6	7	0	2	-T
II	1545027	C	*/-A	13	2	11.76%	2	1	42	37	0.98	1	1	7	6	0	2	-A
II	1545027	C	*/+A	13	2	11.76%	2	2	42	55	0.98	1	1	7	6	1	1	-A
II	1555919	A	+TTTATT/+TTTATT	0	4	100%	0	2	0	49	0.98	0	1	0	0	2	2	+TTTATT
II	1588936	G	*/+AA	3	6	54.55%	1	2	30	45	0.98	1	1	3	0	5	1	+AA
II	1612985	A	*/+ATAATGATAATG	17	3	15%	2	1	55	49	0.98	1	1	9	8	3	0	+ATAATGATAATG
II	1627052	T	*/-A	21	2	8.7%	2	2	44	37	0.98	1	1	8	13	1	1	-A
II	1627981	C	*/-T	14	7	30.43%	2	2	42	35	0.98	1	1	5	9	3	4	-T
II	1634728	G	*/-TA	22	3	12%	2	1	44	49	0.98	1	1	7	15	3	0	-TA
II	1634843	T	*/+ATTATCATTATC	19	3	11.54%	2	1	48	70	0.98	1	1	15	4	0	3	C
II	1637375	T	*/+C	92	7	7.07%	2	2	48	35	0.98	1	1	38	54	1	6	+C
II	1654065	A	*/+G	38	2	5%	2	1	48	37	0.98	1	1	23	15	0	2	+G
II	1655054	C	*/+A	23	2	8%	2	2	46	55	0.98	1	1	9	14	1	1	+A
II	1678205	T	-A/-A	0	7	100%	0	2	0	47	0.98	0	1	0	0	3	4	-A
II	1716256	G	*/+T	18	2	9.09%	2	1	43	37	0.98	1	1	13	5	2	0	+T
II	1716256	G	*/+TT	18	2	9.09%	2	2	43	42	0.98	1	1	13	5	1	1	+T
II	1716287	T	*/-G	21	7	25%	2	2	40	47	0.98	1	1	9	12	1	6	-G
II	1747580	T	*/+A	14	2	12.5%	2	1	40	55	0.98	1	1	5	9	2	0	+A
II	1748646	G	*/-A	11	2	8.7%	1	2	31	42	0.98	1	1	11	0	1	1	-A
II	1748646	G	*/-AA	11	5	21.74%	1	2	31	43	0.98	1	1	11	0	3	2	-AA
II	1748646	G	*/-AAA	11	2	8.7%	1	1	31	48	0.98	1	1	11	0	0	2	-AA
II	1748646	G	*/-AAAA	11	2	8.7%	1	1	31	42	0.98	1	1	11	0	0	2	-AA
II	1763419	T	*/-A	23	6	20%	2	2	45	35	0.98	1	1	17	6	5	1	-A
II	1861420	T	-G/-G	1	37	97.37%	1	2	37	51	0.98	1	1	1	0	17	20	-G
II	1867795	A	+T/+T	0	10	100%	0	2	0	44	0.98	0	1	0	0	2	8	+T
II	1868122	G	*/+T	10	7	35%	2	2	34	43	0.98	1	1	9	1	5	2	+T
II	1873779	T	*/+A	4	17	73.91%	1	2	46	44	0.98	1	1	0	4	8	9	+A
II	1877294	A	+T/+T	4	18	81.82%	2	2	39	50	0.98	1	1	3	1	13	5	+T
II	1916741	C	*/+A	21	2	8.33%	2	1	41	37	0.98	1	1	8	13	2	0	+A
II	1941697	A	*/-T	11	2	13.33%	2	1	44	37	0.98	1	1	9	2	0	2	-T
II	1941697	A	*/+T	11	2	13.33%	2	2	44	31	0.98	1	1	9	2	1	1	-T
II	1941966	A	+T/+T	0	51	100%	0	2	0	51	0.98	0	1	0	0	30	21	+T
II	1941982	A	+T/+T	0	51	100%	0	2	0	50	0.98	0	1	0	0	30	21	+T
II	1948953	G	-A/-A	1	26	96.3%	1	2	74	42	0.98	1	1	1	0	11	15	-A
II	1950050	A	+G/+G	0	25	100%	0	2	0	49	0.98	0	1	0	0	14	11	+G
II	1955495	T	+A/+A	1	21	95.45%	1	2	37	41	0.98	1	1	1	0	14	7	+A
II	1960392	A	+G/+G	0	17	100%	0	2	0	47	0.98	0	1	0	0	7	10	+G
II	1964110	C	*/+T	17	2	10.53%	2	2	40	37	0.98	1	1	13	4	1	1	+T
II	1987101	C	-G/-G	0	25	100%	0	2	0	39	0.98	0	1	0	0	17	8	-G
II	1987117	T	-G/-G	0	22	100%	0	2	0	38	0.98	0	1	0	0	13	9	-G
II	2049891	A	-T/-T	1	46	97.87%	1	2	37	52	0.98	1	1	0	1	20	26	-T
II	2053516	G	+C/+C	2	30	93.75%	1	2	74	51	0.98	1	1	2	0	12	18	+C
II	2088695	A	*/-T	16	2	11.11%	2	2	54	61	0.98	1	1	9	7	1	1	-T
II	2108180	T	+A/+A	2	31	93.94%	1	2	55	45	0.98	1	1	0	2	20	11	+A
II	2132330	T	*/+A	23	3	11.54%	2	2	52	37	0.98	1	1	17	6	2	1	+A
II	2147726	G	+T/+T	1	30	96.77%	1	2	37	48	0.98	1	1	1	0	15	15	+T
II	2187407	G	+A/+A	0	15	100%	0	2	0	57	0.98	0	1	0	0	8	7	+A
II	2198945	G	*/-CA	35	5	12.2%	2	2	40	32	0.98	1	1	13	22	1	4	-CA
II	2203072	C	*/-A	27	2	6.67%	2	2	47	49	0.98	1	1	16	11	1	1	-A
II	2203175	T	*/-A	14	4	21.05%	2	2	37	34	0.98	1	1	8	6	3	1	-A
II	2211000	T	*/-C	23	2	8%	2	2	49	31	0.98	1	1	10	13	1	1	-C
II	2219928	A	+T/+T	0	27	96.43%	0	2	0	41	0.98	0	1	0	0	16	11	+T
II	2265291	A	*/-T	23	3	11.54%	2	2	45	49	0.98	1	1	16	7	1	2	-T
II	2293297	G	-A/-A	1	16	94.12%	1	2	37	41	0.98	1	1	0	1	10	6	-A
II	2318772	A	*/-T	6	3	30%	1	2	45	40	0.98	1	1	6	0	2	1	-T
II	2443873	T	*/+A	3	3	20%	2	2	45	49	0.98	1	1	2	1	2	1	A
II	2443873	T	*/+AA	3	2	13.33%	2	2	45	37	0.98	1	1	2	1	1	1	A
II	2443873	T	*/+AAA	3	2	13.33%	2	1	45	49	0.98	1	1	2	1	2	0	A
II	2473935	T	*/+GA	32	2	5.88%	2	2	46	74	0.98	1	1	16	16	1	1	+GA
II	2579456	A	*/-G	6	2	25%	2	1	38	42	0.98	1	1	3	3	0	2	-G
II	2591913	T	*/-A	19	5	20%	2	2	45	39	0.98	1	1	13	6	3	2	-A
II	2592423	T	+A/+A	2	18	81.82%	1	2	74	50	0.98	1	1	2	0	13	5	+A
II	2592423	T	*/+AA	2	2	9.09%	1	1	74	37	0.98	1	1	2	0	2	0	+A
II	2630607	C	*/+A	12	14	51.85%	2	2	45	42	0.98	1	1	6	6	7	7	+A
II	2640785	T	*/+A	9	28	70%	2	2	43	41	0.98	1	1	6	3	9	19	+A
II	2640785	T	*/+AA	9	2	5%	2	2	43	49	0.98	1	1	6	3	1	1	+A
II	2647497	C	*/-T	15	3	13.64%	2	1	41	49	0.98	1	1	6	9	0	3	-T
II	2647497	C	*/+T	15	3	13.64%	2	1	41	61	0.98	1	1	6	9	3	0	-T
II	2650243	G	*/-A	32	2	5.88%	2	1	45	55	0.98	1	1	16	16	2	0	-A
II	2709414	G	+C/+C	3	20	83.33%	1	2	49	53	0.98	1	1	0	3	12	8	+C
II	2720152	T	*/-A	29	2	6.25%	2	2	45	37	0.98	1	1	13	16	1	1	-A
II	2755338	C	*/-AT	17	13	39.39%	2	2	48	47	0.98	1	1	4	13	5	8	-AT
II	2755338	C	*/-ATAT	17	2	6.06%	2	1	48	37	0.98	1	1	4	13	0	2	-AT
II	2788933	C	+G/+G	0	21	100%	0	2	0	47	0.98	0	1	0	0	14	7	+G
II	2798040	C	-T/-T	1	24	96%	1	2	37	56	0.98	1	1	0	1	12	12	-T
II	2798514	A	-G/-G	0	14	100%	0	2	0	48	0.98	0	1	0	0	6	8	-G
II	2811495	C	-A/-A	0	39	100%	0	2	0	43	0.98	0	1	0	0	25	14	-A
II	2826100	G	*/-A	9	4	28.57%	2	2	52	61	0.98	1	1	6	3	3	1	-A
II	2886189	T	*/+A	17	9	34.62%	2	2	44	37	0.98	1	1	11	6	6	3	+A
II	2894538	T	*/-A	15	4	21.05%	2	2	42	43	0.98	1	1	8	7	1	3	-A
II	2900889	A	*/-T	14	5	22.73%	1	1	37	44	0.98	1	1	14	0	5	0	-T
II	2900889	A	*/+T	14	2	9.09%	1	2	37	37	0.98	1	1	14	0	1	1	-T
II	2906164	T	*/+AACAAAAAC	17	3	15%	2	2	47	37	0.98	1	1	5	12	2	1	+AACAAAAAC
II	2938956	C	+T/+T	3	13	81.25%	1	2	45	45	0.98	1	1	3	0	7	6	+T
II	2955362	C	*/-A	27	2	6.9%	2	1	46	68	0.98	1	1	8	19	0	2	-A
II	2988149	G	*/-T	13	5	26.32%	2	2	41	41	0.98	1	1	9	4	4	1	-T
II	3010749	G	*/+A	17	2	10.53%	2	1	46	42	0.98	1	1	9	8	0	2	+A
II	3010975	G	*/+T	40	11	20.75%	2	2	51	50	0.98	1	1	18	22	6	5	+T
II	3040332	C	+G/+G	0	54	100%	0	2	0	47	0.98	0	1	0	0	28	26	+G
II	3058544	T	*/+G	4	5	31.25%	1	1	37	37	0.98	1	1	4	0	5	0	+G
II	3058544	T	*/+GG	4	5	31.25%	1	1	37	37	0.98	1	1	4	0	5	0	+G
II	3154052	G	*/-T	32	7	16.28%	2	2	41	40	0.98	1	1	18	14	4	3	-T
II	3154052	G	*/+T	32	3	6.98%	2	2	41	40	0.98	1	1	18	14	1	2	-T
II	3171788	G	*/-AA	10	2	9.09%	2	1	40	49	0.98	1	1	8	2	2	0	-AA
II	3171788	G	*/+A	10	6	27.27%	2	1	40	37	0.98	1	1	8	2	6	0	+A
II	3253453	C	*/+T	4	3	37.5%	2	2	49	36	0.98	1	1	2	2	2	1	+T
II	3282373	T	*/-A	17	2	10%	2	2	37	37	0.98	1	1	13	4	1	1	-A
II	3380128	C	*/-T	12	2	13.33%	1	1	32	31	0.98	1	1	12	0	2	0	-T
II	3410437	G	*/-T	8	3	23.08%	2	2	41	37	0.98	1	1	6	2	2	1	-T
II	3487895	G	*/-TATTT	15	7	31.82%	2	2	41	47	0.98	1	1	9	6	6	1	-TATTT
II	3514786	C	*/-T	19	4	17.39%	2	2	37	46	0.98	1	1	8	11	2	2	-T
II	3583632	G	*/+A	24	2	7.69%	2	2	40	42	0.98	1	1	13	11	1	1	+A
II	3619003	A	+G/+G	2	33	94.29%	1	2	55	44	0.98	1	1	0	2	15	18	+G
II	3621704	A	*/-T	15	5	22.73%	2	2	47	49	0.98	1	1	8	7	4	1	-T
II	3621704	A	*/+T	15	2	9.09%	2	2	47	42	0.98	1	1	8	7	1	1	-T
II	3692024	G	*/+A	19	2	9.52%	2	2	54	37	0.98	1	1	11	8	1	1	+A
II	3715149	G	*/+A	14	2	11.76%	2	1	47	37	0.98	1	1	12	2	2	0	+A
II	3799350	G	+A/+A	1	6	75%	1	2	25	40	0.98	1	1	1	0	5	1	+A
II	3799420	G	*/-A	12	2	13.33%	2	2	44	74	0.98	1	1	3	9	1	1	-A
II	3815025	C	*/-T	12	3	18.75%	2	2	42	49	0.98	1	1	10	2	2	1	-T
II	3838101	C	-A/-A	1	9	90%	1	2	37	45	0.98	1	1	1	0	6	3	-A
II	3838387	A	*/+T	22	4	15.38%	2	2	52	43	0.98	1	1	14	8	3	1	+T
II	3838912	T	*/-A	16	3	15%	2	2	45	33	0.98	1	1	9	7	1	2	-A
II	3856896	A	*/-T	26	5	15.15%	2	2	47	39	0.98	1	1	15	11	2	3	-T
II	3856896	A	*/+T	26	2	6.06%	2	2	47	31	0.98	1	1	15	11	1	1	-T
II	3859319	G	*/+T	21	2	8.33%	2	1	43	42	0.98	1	1	12	9	2	0	+T
II	3860185	C	*/-TAGTA	36	24	36.92%	2	2	45	40	0.98	1	1	7	29	22	2	-TAGTA
II	3926254	C	*/+A	34	2	5.56%	2	2	45	31	0.98	1	1	14	20	1	1	+A
II	3929308	G	*/+T	11	2	15.38%	2	2	36	37	0.98	1	1	7	4	1	1	+T
II	3948929	C	*/+A	22	2	8.33%	2	1	42	55	0.98	1	1	11	11	2	0	+A
II	3954039	C	*/-T	31	6	14.29%	2	2	44	45	0.98	1	1	20	11	4	2	-T
II	3954039	C	*/-TT	31	3	7.14%	2	1	44	37	0.98	1	1	20	11	3	0	-T
II	3975235	C	*/-A	15	7	20.59%	2	2	37	40	0.98	1	1	10	5	5	2	-A
II	3975235	C	*/-AA	15	5	14.71%	2	2	37	44	0.98	1	1	10	5	3	2	-A
II	3975235	C	*/+A	15	3	8.82%	2	2	37	49	0.98	1	1	10	5	1	2	-A
II	4006982	C	*/-A	15	2	10.53%	2	1	40	37	0.98	1	1	11	4	2	0	-A
II	4006982	C	*/+A	15	2	10.53%	2	1	40	42	0.98	1	1	11	4	2	0	-A
II	4031460	A	*/+T	6	5	41.67%	2	2	41	46	0.98	1	1	5	1	3	2	+T
II	4076405	A	*/-T	47	3	6%	2	2	49	61	0.98	1	1	23	24	2	1	-T
II	4107253	G	*/+TT	1	2	28.57%	1	2	37	37	0.98	1	1	1	0	1	1	+TT
II	4131465	G	*/+A	18	2	10%	2	2	42	74	0.98	1	1	7	11	1	1	+A
II	4249637	A	*/-AT	31	3	8.82%	2	1	46	74	0.98	1	1	12	19	3	0	-AT
II	4254960	G	-A/-A	0	18	100%	0	2	0	43	0.98	0	1	0	0	9	9	-A
II	4290954	G	*/-A	25	2	7.14%	2	2	51	36	0.98	1	1	15	10	1	1	-A
II	4308414	C	*/+A	5	19	73.08%	1	2	47	44	0.98	1	1	5	0	9	10	+A
II	4343817	T	*/-A	14	2	12.5%	2	2	50	49	0.98	1	1	8	6	1	1	-A
II	4419921	T	*/+A	4	4	36.36%	2	2	37	49	0.98	1	1	3	1	2	2	+A
II	4423650	T	-GTTGG/-GTTGG	1	18	94.74%	1	2	25	42	0.98	1	1	1	0	11	7	-GTTGG
II	4423656	A	+AAACT/+AAACT	0	18	100%	0	2	0	43	0.98	0	1	0	0	11	7	+AAACT
II	4462508	C	*/-A	14	3	15.79%	2	2	39	37	0.98	1	1	11	3	2	1	-A
II	4505641	C	*/+A	20	2	8.7%	2	1	47	37	0.98	1	1	12	8	2	0	+A
II	4507742	G	*/+T	49	3	5.77%	2	1	49	61	0.98	1	1	24	25	0	3	+T
II	4515621	C	*/+A	14	2	11.76%	2	1	35	37	0.98	1	1	11	3	2	0	+A
II	4516627	G	*/+ATCTTACTCTATTCTATCT	62	8	10.13%	2	2	47	40	0.98	1	1	29	33	5	3	+ATCTTACTCTATTCTATCT
II	4517047	T	*/+TACTCATC	66	17	19.54%	2	2	45	42	0.98	1	1	40	26	9	8	+TACTCATC
II	4517074	C	*/+TCA	91	5	5.21%	2	1	43	37	0.98	1	1	65	26	0	5	+TCA
II	4521677	T	*/-AA	10	12	54.55%	2	2	39	45	0.98	1	1	5	5	5	7	-AA
II	4525340	G	*/+T	64	8	10.39%	2	2	41	44	0.98	1	1	50	14	4	4	+T
II	4526174	A	*/-T	20	8	28.57%	2	2	46	47	0.98	1	1	11	9	4	4	-T
II	4526843	C	*/-T	13	3	13.64%	2	2	32	40	0.98	1	1	9	4	2	1	-T
II	4526843	C	*/-TT	13	5	22.73%	2	2	32	34	0.98	1	1	9	4	2	3	-TT
II	4528465	C	*/+GACAAT	63	13	17.11%	2	2	42	44	0.98	1	1	28	35	5	8	+GACAAT
II	4529375	T	*/+ACAACGACAACGACAACG	43	6	9.68%	2	2	47	53	0.98	1	1	26	17	2	4	+ACAACGACAACGACAACG
II	4529375	T	*/+ACAACGACAACGACAACGACAACG	43	10	16.13%	2	2	47	42	0.98	1	1	26	17	5	5	+ACAACGACAACGACAACGACAACG
II	4532048	G	*/+TTGGTA	124	8	6.06%	2	2	47	49	0.98	1	1	61	63	5	3	+TTGGTA
II	4533588	C	*/-T	63	28	30.77%	2	2	47	47	0.98	1	1	26	37	15	13	-T
II	4534880	A	*/-T	97	36	26.87%	2	2	49	51	0.98	1	1	44	53	18	18	-T
II	4535523	T	*/+GTTACG	215	56	20.59%	2	2	46	45	0.98	1	1	57	158	18	38	+GTTACG
II	4535548	A	*/-TATGTG	224	52	18.84%	2	2	46	48	0.98	1	1	68	156	27	25	-TATGTG
II	4535645	G	*/-T	161	52	24.19%	2	2	52	51	0.98	1	1	83	78	28	24	-T
II	4536089	C	*/+AAAAGAAAAGTAAATT	30	5	13.51%	2	1	37	37	0.98	1	1	16	14	5	0	+AAAAGAAAAGTAAATT
II	4536728	A	*/+GAGAGTAGG	225	22	8.63%	2	2	48	52	0.98	1	1	105	120	17	5	+GAGAGTAGG
II	4537213	G	*/+T	147	159	51.96%	2	2	49	52	0.98	1	1	84	63	95	64	+T
II	4537387	A	*/-AATAAGAG	94	145	60.67%	2	2	49	47	0.98	1	1	39	55	87	58	-AATAAGAG
II	4537665	G	*/+AAATA	70	8	9.88%	2	2	46	41	0.98	1	1	41	29	4	4	+AAATA
II	4537712	T	*/-AAATAAAATTAATG	49	11	18.33%	2	2	39	37	0.98	1	1	30	19	3	8	-AAATAAAATTAATG
III	1558	G	*/-AA	2	3	60%	1	2	55	45	0.98	1	1	0	2	1	2	-AA
III	4729	A	*/-T	46	4	8%	2	1	49	39	0.98	1	1	28	18	0	4	-T
III	4952	C	+T/+T	31	132	80.98%	2	2	48	49	0.98	1	1	20	11	51	81	+T
III	5403	C	*/-T	142	8	5.13%	2	2	46	53	0.98	1	1	78	64	6	2	-T
III	5485	A	*/+C	13	3	18.75%	2	1	48	29	0.98	1	1	8	5	0	3	+C
III	9812	T	*/+A	29	66	64.71%	2	2	52	40	0.98	1	1	26	3	1	65	+A
III	10094	A	*/-T	4	3	42.86%	1	1	43	37	0.98	1	1	0	4	0	3	-T
III	12428	G	*/-AA	2	5	71.43%	2	2	37	44	0.98	1	1	1	1	2	3	-AA
III	15599	A	*/-T	27	3	8.82%	2	2	44	45	0.98	1	1	18	9	1	2	-T
III	15822	C	+T/+T	24	123	79.35%	2	2	45	47	0.98	1	1	15	9	40	83	+T
III	15914	C	*/-T	32	2	5.56%	2	2	46	37	0.98	1	1	11	21	1	1	-T
III	15914	C	*/+T	32	2	5.56%	2	1	46	36	0.98	1	1	11	21	0	2	-T
III	16273	C	*/-T	161	11	6.18%	2	2	45	42	0.98	1	1	90	71	6	5	-T
III	20682	T	*/+A	26	54	62.07%	2	2	54	41	0.98	1	1	25	1	1	53	+A
III	20964	A	*/-T	2	2	50%	1	1	55	37	0.98	1	1	0	2	0	2	-T
III	21157	G	*/+A	2	2	50%	2	1	55	37	0.98	1	1	1	1	0	2	+A
III	23298	G	*/-AA	3	2	40%	1	1	37	55	0.98	1	1	0	3	0	2	-AA
III	59772	C	*/+A	33	2	5.56%	2	2	51	48	0.98	1	1	9	24	1	1	+A
III	69589	T	*/-A	16	3	15.79%	2	2	48	33	0.98	1	1	6	10	1	2	-A
III	123319	T	*/-A	8	4	25%	2	1	40	43	0.98	1	1	5	3	0	4	-A
III	123319	T	*/-AA	8	4	25%	2	1	40	43	0.98	1	1	5	3	0	4	-A
III	138018	C	*/+A	24	9	25.71%	2	2	41	49	0.98	1	1	11	13	8	1	+A
III	207168	T	*/-A	10	4	28.57%	2	2	42	48	0.98	1	1	7	3	1	3	-A
III	208140	C	*/-A	16	3	13.64%	2	1	38	37	0.98	1	1	15	1	3	0	-A
III	208140	C	*/+A	16	2	9.09%	2	2	38	68	0.98	1	1	15	1	1	1	-A
III	245692	C	*/-T	21	5	17.86%	2	2	45	49	0.98	1	1	16	5	3	2	-T
III	245692	C	*/+T	21	2	7.14%	2	2	45	62	0.98	1	1	16	5	1	1	-T
III	253907	A	*/+T	2	4	40%	1	2	37	49	0.98	1	1	2	0	1	3	+T
III	253907	A	*/+TT	2	2	20%	1	2	37	37	0.98	1	1	2	0	1	1	+T
III	286478	C	-TT/-TT	0	11	100%	0	2	0	36	0.98	0	1	0	0	7	4	-TT
III	286594	T	*/+A	5	7	50%	2	2	29	42	0.98	1	1	2	3	6	1	+A
III	293096	G	*/-T	9	6	33.33%	2	2	38	45	0.98	1	1	7	2	2	4	-T
III	293096	G	*/+T	9	3	16.67%	2	1	38	37	0.98	1	1	7	2	3	0	-T
III	347827	C	*/+T	55	6	9.68%	2	1	41	33	0.98	1	1	35	20	6	0	+T
III	348685	G	*/-AT	56	7	11.11%	2	2	47	40	0.98	1	1	26	30	4	3	-AT
III	365747	C	-A/-A	1	20	90.91%	1	2	37	41	0.98	1	1	0	1	16	4	-A
III	518843	C	*/+T	17	2	10%	2	1	52	55	0.98	1	1	5	12	2	0	+T
III	527710	C	*/+T	33	3	8.33%	2	2	44	40	0.98	1	1	11	22	1	2	+T
III	568658	C	*/-T	10	7	38.89%	2	2	46	44	0.98	1	1	6	4	4	3	-T
III	619282	T	*/-A	11	2	15.38%	2	2	50	37	0.98	1	1	5	6	1	1	-A
III	672089	A	*/-T	3	2	40%	2	2	49	55	0.98	1	1	2	1	1	1	-T
III	717677	A	*/-T	2	9	60%	1	2	31	38	0.98	1	1	2	0	3	6	-T
III	717677	A	*/-TT	2	4	26.67%	1	2	31	40	0.98	1	1	2	0	2	2	-T
III	719703	T	*/-A	11	3	21.43%	2	2	38	45	0.98	1	1	10	1	2	1	-A
III	719955	A	-C/-C	0	12	100%	0	2	0	43	0.98	0	1	0	0	7	5	-C
III	720559	C	*/-T	8	3	23.08%	2	2	46	45	0.98	1	1	5	3	2	1	-T
III	720559	C	*/-TT	8	2	15.38%	2	2	46	49	0.98	1	1	5	3	1	1	-T
III	720683	A	+T/+T	3	10	76.92%	2	2	49	44	0.98	1	1	2	1	4	6	+T
III	762516	T	*/-A	3	2	11.11%	2	2	33	55	0.98	1	1	1	2	1	1	-A
III	762516	T	*/+A	3	11	61.11%	2	2	33	44	0.98	1	1	1	2	7	4	+A
III	822701	G	*/-T	13	3	18.75%	2	2	41	57	0.98	1	1	5	8	2	1	-T
III	827251	C	*/-T	8	2	20%	1	1	41	31	0.98	1	1	8	0	2	0	-T
III	867865	C	-T/-T	0	19	100%	0	2	0	41	0.98	0	1	0	0	7	12	-T
III	897531	C	*/+A	21	4	14.81%	2	2	49	34	0.98	1	1	14	7	1	3	+A
III	897531	C	*/+AA	21	2	7.41%	2	1	49	49	0.98	1	1	14	7	0	2	+A
III	958240	T	*/+A	30	2	6.06%	2	1	43	37	0.98	1	1	15	15	0	2	+A
III	958241	C	*/-T	15	3	11.54%	2	2	38	29	0.98	1	1	11	4	1	2	-T
III	958241	C	*/-TT	15	2	7.69%	2	2	38	55	0.98	1	1	11	4	1	1	-T
III	958241	C	*/+TT	15	2	7.69%	2	1	38	37	0.98	1	1	11	4	2	0	-T
III	966124	G	*/-T	27	10	23.26%	1	2	38	43	0.98	1	1	27	0	7	3	-T
III	966124	G	*/+T	27	5	11.63%	1	1	38	37	0.98	1	1	27	0	5	0	-T
III	966516	A	*/+GAATATAGACTCAC	18	25	58.14%	2	2	47	42	0.98	1	1	8	10	10	15	+GAATATAGACTCAC
III	970548	C	*/-T	3	5	50%	1	2	36	37	0.98	1	1	3	0	2	3	-T
III	970892	C	*/-T	16	2	9.52%	2	1	40	61	0.98	1	1	10	6	0	2	-T
III	987282	A	*/-T	27	2	6.9%	2	1	50	55	0.98	1	1	12	15	0	2	-T
III	996949	A	*/-T	25	3	10.34%	2	2	48	57	0.98	1	1	14	11	1	2	-T
III	1016311	G	+C/+C	0	47	97.92%	0	2	0	48	0.98	0	1	0	0	23	24	+C
III	1037072	T	*/-A	15	2	11.76%	2	1	41	49	0.98	1	1	7	8	0	2	-A
III	1073505	T	*/+ATATAGAG	166	19	9.74%	2	2	50	44	0.98	1	1	99	67	15	4	+ATATAGAG
III	1075530	A	*/+TGGAAGTGGTAAG	160	13	7.47%	2	2	45	47	0.98	1	1	59	101	7	6	+TGGAAGTGGTAAG
III	1079346	A	*/+G	128	21	14.09%	2	2	44	37	0.98	1	1	92	36	19	2	+G
III	1080146	T	*/+ATATAGAG	262	16	5.56%	2	2	45	40	0.98	1	1	92	170	9	7	+ATATAGAG
III	1082171	A	*/+TGGAAGTGGTAAG	192	12	5.88%	2	2	47	46	0.98	1	1	87	105	7	5	+TGGAAGTGGTAAG
III	1084026	A	*/+AGTGGTGATGGTT	70	6	7.89%	2	2	42	34	0.98	1	1	28	42	3	3	+AGTGGTGATGGTT
III	1084108	T	*/-A	30	2	6.25%	2	2	43	37	0.98	1	1	15	15	1	1	-A
III	1084121	T	*/-A	16	2	11.11%	2	2	50	37	0.98	1	1	8	8	1	1	-A
III	1090594	A	*/-AT	15	2	11.76%	2	2	46	31	0.98	1	1	3	12	1	1	-AT
III	1095547	A	*/-GT	37	2	5.13%	2	1	43	42	0.98	1	1	30	7	0	2	-GT
III	1095550	G	*/-T	31	5	11.63%	2	2	39	48	0.98	1	1	24	7	4	1	-T
III	1095550	G	*/-TT	31	6	13.95%	2	2	39	41	0.98	1	1	24	7	4	2	-TT
III	1097433	C	*/-T	11	2	15.38%	2	1	36	37	0.98	1	1	8	3	2	0	-T
III	1103423	T	*/-A	16	9	32.14%	2	2	43	52	0.98	1	1	11	5	5	4	-A
III	1103423	T	*/-AA	16	2	7.14%	2	1	43	49	0.98	1	1	11	5	2	0	-A
III	1110963	T	*/+C	84	8	8.7%	2	2	45	44	0.98	1	1	39	45	4	4	+C
III	1114822	A	*/-C	32	2	5.88%	2	1	40	61	0.98	1	1	20	12	0	2	-C
III	1117723	T	*/+C	79	8	9.2%	2	2	46	52	0.98	1	1	39	40	3	5	+C
III	1121674	T	*/+ACCACTAACCATC	45	7	13.21%	2	2	45	54	0.98	1	1	32	13	5	2	+ACCACTAACCATC
III	1124483	T	*/+C	82	5	5.75%	2	2	44	42	0.98	1	1	28	54	2	3	+C
III	1128434	T	*/+ACCACTAACCATC	66	5	6.94%	2	2	48	36	0.98	1	1	41	25	4	1	+ACCACTAACCATC
III	1131243	T	*/+C	95	11	10.38%	2	2	48	53	0.98	1	1	48	47	3	8	+C
III	1135102	A	*/-C	26	2	7.14%	2	1	44	37	0.98	1	1	10	16	0	2	-C
III	1135116	C	*/-T	10	2	16.67%	2	1	43	37	0.98	1	1	3	7	2	0	-T
III	1135129	C	*/-T	15	2	11.76%	2	1	41	37	0.98	1	1	10	5	2	0	-T
III	1135194	T	*/+ACCACTAACCATC	49	3	5.77%	2	2	46	49	0.98	1	1	40	9	1	2	+ACCACTAACCATC
III	1137172	C	*/+TCTCTATA	56	4	6.67%	2	2	48	37	0.98	1	1	8	48	1	3	+TCTCTATA
III	1166702	T	*/+A	21	10	31.25%	2	2	44	35	0.98	1	1	8	13	6	4	+A
III	1168360	T	*/-G	12	5	29.41%	2	2	34	46	0.98	1	1	9	3	3	2	-G
III	1168362	G	*/-GA	11	2	12.5%	2	1	43	37	0.98	1	1	8	3	2	0	-GA
III	1168362	G	*/-GAA	11	2	12.5%	2	1	43	37	0.98	1	1	8	3	2	0	-GA
III	1216624	A	*/-T	14	3	17.65%	2	2	40	37	0.98	1	1	8	6	2	1	-T
III	1252502	A	*/+T	21	2	8.7%	2	1	41	49	0.98	1	1	12	9	0	2	+T
III	1252505	G	*/+T	12	2	8.7%	2	1	39	42	0.98	1	1	11	1	2	0	+T
III	1395671	C	*/+A	20	2	8.7%	2	2	38	68	0.98	1	1	13	7	1	1	+A
III	1395687	G	*/-A	17	2	10.53%	2	1	38	37	0.98	1	1	9	8	2	0	-A
III	1395701	A	*/+AATGTAATGT	13	8	28.57%	2	2	47	38	0.98	1	1	6	7	5	3	+AATGTAATGT
III	1421567	T	*/+GGG	6	2	18.18%	2	1	41	31	0.98	1	1	3	3	2	0	+GGG
III	1421567	T	*/+GGGGG	6	2	18.18%	2	1	41	31	0.98	1	1	3	3	2	0	+GGG
III	1510629	T	*/-A	17	3	13.64%	2	1	41	40	0.98	1	1	11	6	3	0	-A
III	1516015	T	*/-A	8	2	20%	2	1	40	37	0.98	1	1	3	5	0	2	-A
III	1547169	C	*/-A	13	2	10%	2	2	38	37	0.98	1	1	7	6	1	1	-A
III	1547169	C	*/+A	13	4	20%	2	2	38	46	0.98	1	1	7	6	2	2	+A
III	1575951	G	*/-T	3	4	44.44%	1	2	37	46	0.98	1	1	3	0	2	2	-T
III	1594933	T	*/-A	19	5	17.86%	2	2	40	56	0.98	1	1	9	10	3	2	-A
III	1594933	T	*/-AA	19	3	10.71%	2	2	40	37	0.98	1	1	9	10	1	2	-A
III	1674617	T	*/-C	20	2	8.33%	2	1	47	31	0.98	1	1	11	9	0	2	-C
III	1674617	T	*/+A	20	2	8.33%	2	1	47	49	0.98	1	1	11	9	0	2	-C
III	1674618	C	*/-T	9	5	29.41%	2	2	43	41	0.98	1	1	5	4	4	1	-T
III	1685487	G	+A/+A	2	19	90.48%	1	2	37	44	0.98	1	1	0	2	11	8	+A
III	1691558	G	*/+T	15	3	16.67%	2	2	37	49	0.98	1	1	2	13	1	2	+T
III	1702276	A	*/-T	40	5	10.2%	2	2	44	42	0.98	1	1	17	23	2	3	-T
III	1702276	A	*/+T	40	3	6.12%	2	2	44	36	0.98	1	1	17	23	2	1	-T
III	1703542	G	*/+A	21	2	8.7%	2	1	43	37	0.98	1	1	15	6	2	0	+A
III	1704314	A	*/+T	12	3	20%	2	2	43	37	0.98	1	1	4	8	2	1	+T
III	1707997	T	*/-A	30	2	6.25%	2	1	43	31	0.98	1	1	13	17	2	0	-A
III	1711935	A	+T/+T	3	29	85.29%	2	2	45	45	0.98	1	1	1	2	10	19	+T
III	1712983	G	*/-A	8	7	36.84%	2	2	39	40	0.98	1	1	6	2	5	2	-A
III	1712983	G	*/-AA	8	2	10.53%	2	1	39	37	0.98	1	1	6	2	2	0	-A
III	1712983	G	*/+A	8	2	10.53%	2	2	39	27	0.98	1	1	6	2	1	1	-A
III	1721662	C	*/+A	12	2	14.29%	2	1	43	37	0.98	1	1	5	7	0	2	+A
III	1756400	T	-A/-A	2	49	96.08%	1	2	55	43	0.98	1	1	2	0	23	26	-A
III	1758846	C	*/-A	15	2	11.11%	2	2	44	37	0.98	1	1	7	8	1	1	-A
III	1774235	T	+GATC/+GATC	2	20	86.96%	1	2	31	46	0.98	1	1	0	2	15	5	+GATC
III	1785829	C	*/-A	37	2	5.13%	2	2	45	55	0.98	1	1	24	13	1	1	-A
III	1802522	G	*/-T	15	2	11.11%	2	1	38	37	0.98	1	1	13	2	2	0	-T
III	1821911	C	*/+A	12	6	31.58%	1	2	36	44	0.98	1	1	12	0	4	2	+A
III	1834016	G	*/+T	32	2	5.88%	2	1	47	37	0.98	1	1	7	25	0	2	+T
III	1925626	C	*/-A	10	2	12.5%	2	1	38	42	0.98	1	1	8	2	2	0	-A
III	1925626	C	*/+A	10	3	18.75%	2	2	38	53	0.98	1	1	8	2	1	2	+A
III	1947823	A	*/+T	20	3	13.04%	2	2	48	45	0.98	1	1	15	5	1	2	+T
III	1979604	A	*/-T	10	2	16.67%	2	1	42	49	0.98	1	1	7	3	0	2	-T
III	2028192	T	*/-A	16	2	11.11%	2	1	42	42	0.98	1	1	12	4	2	0	-A
III	2067838	T	*/-A	11	2	14.29%	2	1	46	37	0.98	1	1	9	2	2	0	-A
III	2069607	G	*/-T	15	3	16.67%	2	2	46	37	0.98	1	1	10	5	1	2	-T
III	2074510	C	*/-T	9	2	15.38%	2	2	38	31	0.98	1	1	6	3	1	1	-T
III	2074510	C	*/+T	9	2	15.38%	2	1	38	48	0.98	1	1	6	3	0	2	-T
III	2076412	G	*/-T	16	3	14.29%	2	2	41	61	0.98	1	1	12	4	1	2	-T
III	2076980	A	*/+T	4	2	28.57%	2	1	37	49	0.98	1	1	3	1	2	0	+T
III	2113205	C	*/-T	10	2	16.67%	2	2	46	43	0.98	1	1	7	3	1	1	-T
III	2119321	C	*/+A	15	2	11.76%	2	2	46	37	0.98	1	1	5	10	1	1	+A
III	2149308	C	*/+AT	16	2	11.11%	2	2	44	61	0.98	1	1	3	13	1	1	+AT
III	2178240	T	*/-A	22	5	18.52%	2	2	43	32	0.98	1	1	11	11	3	2	-A
III	2183012	T	-ATTGTG/-ATTGTG	1	21	95.45%	1	2	37	41	0.98	1	1	0	1	10	11	-ATTGTG
III	2219235	A	*/-T	27	2	6.25%	2	2	44	55	0.98	1	1	17	10	1	1	-T
III	2219235	A	*/+T	27	3	9.38%	2	1	44	45	0.98	1	1	17	10	0	3	+T
III	2284394	C	*/-T	12	3	18.75%	2	2	40	49	0.98	1	1	6	6	2	1	-T
III	2309611	T	*/-A	7	4	33.33%	2	2	47	46	0.98	1	1	2	5	1	3	-A
III	2364245	G	*/-AT	22	2	8.33%	2	1	39	55	0.98	1	1	14	8	0	2	-AT
III	2382018	A	*/-T	7	6	33.33%	2	2	40	43	0.98	1	1	4	3	2	4	-T
III	2382018	A	*/-TT	7	5	27.78%	2	2	40	32	0.98	1	1	4	3	2	3	-T
III	2410032	C	*/+A	5	2	28.57%	2	2	44	31	0.98	1	1	3	2	1	1	+A
III	2420241	T	*/-A	12	4	21.05%	2	1	49	49	0.98	1	1	5	7	0	4	-A
III	2443562	A	*/+T	18	63	73.26%	2	2	39	36	0.98	1	1	10	8	1	62	+T
III	2447848	T	*/-A	1303	458	19.92%	2	2	44	41	0.98	1	1	947	356	342	116	-A
III	2447848	T	*/-AA	1303	217	9.44%	2	2	44	43	0.98	1	1	947	356	150	67	-A
III	2447848	T	*/+A	1303	238	10.35%	2	2	44	44	0.98	1	1	947	356	174	64	+A
III	2448309	T	-AA/-AA	84	890	87%	2	2	47	42	0.98	1	1	54	30	362	528	-AA
III	2448518	T	*/-A	1127	461	24.6%	2	2	46	46	0.98	1	1	754	373	322	139	-A
III	2448518	T	*/-AA	1127	109	5.82%	2	2	46	48	0.98	1	1	754	373	69	40	-A
III	2448518	T	*/+A	1127	143	7.63%	2	2	46	45	0.98	1	1	754	373	101	42	+A
