Chrom	Position	Ref	Cons	Reads1	Reads2	VarFreq	Strands1	Strands2	Qual1	Qual2	Pvalue	MapQual1	MapQual2	Reads1Plus	Reads1Minus	Reads2Plus	Reads2Minus	VarAllele
chr_II_telomeric_gap	5210	G	*/-T	29	2	5.88%	2	1	45	55	0.98	1	1	18	11	2	0	-T
chr_II_telomeric_gap	5210	G	*/+T	29	3	8.82%	2	2	45	57	0.98	1	1	18	11	1	2	+T
chr_II_telomeric_gap	6301	C	*/-AT	23	2	8%	2	1	50	55	0.98	1	1	12	11	0	2	-AT
chr_II_telomeric_gap	8538	G	*/-A	5	5	38.46%	1	1	36	42	0.98	1	1	5	0	5	0	-A
chr_II_telomeric_gap	8538	G	*/-AA	5	3	23.08%	1	1	36	37	0.98	1	1	5	0	3	0	-A
I	3160	A	*/+GTTGTCGTTGTCGTTGTC	77	18	15.52%	2	2	46	39	0.98	1	1	51	26	8	10	+GTTGTCGTTGTCGTTGTC
I	3160	A	*/+GTTGTCGTTGTCGTTGTCGTTGTC	77	19	16.38%	2	2	46	42	0.98	1	1	51	26	9	10	+GTTGTCGTTGTCGTTGTCGTTGTC
I	4047	C	*/-TGTCTCTGTCAT	90	16	15.09%	2	2	49	46	0.98	1	1	49	41	8	8	-TGTCTCTGTCAT
I	4053	C	*/+TGTCAT	76	17	18.28%	2	2	48	49	0.98	1	1	43	33	8	9	+TGTCAT
I	5676	T	*/-GA	67	4	5.41%	2	1	40	43	0.98	1	1	56	11	0	4	-GA
I	5677	G	*/-A	28	13	20.97%	1	2	36	39	0.98	1	1	28	0	12	1	-A
I	5677	G	*/-AA	28	8	12.9%	1	2	36	43	0.98	1	1	28	0	7	1	-A
I	5677	G	*/+A	28	5	8.06%	1	1	36	37	0.98	1	1	28	0	5	0	-A
I	6357	T	*/-AA	54	18	22.22%	2	2	44	41	0.98	1	1	25	29	5	13	-AA
I	6357	T	*/+A	54	5	6.17%	2	2	44	37	0.98	1	1	25	29	4	1	-AA
I	7192	C	*/-A	31	8	14.55%	2	2	41	46	0.98	1	1	26	5	6	2	-A
I	7192	C	*/+A	31	11	20%	2	2	41	37	0.98	1	1	26	5	10	1	+A
I	10859	G	*/-T	11	2	7.69%	2	2	51	37	0.98	1	1	7	4	1	1	-T
I	10859	G	*/-TT	11	12	46.15%	2	2	51	36	0.98	1	1	7	4	5	7	-TT
I	15734	C	*/-A	20	10	29.41%	2	2	49	39	0.98	1	1	12	8	6	4	-A
I	15734	C	*/+A	20	2	5.88%	2	1	49	61	0.98	1	1	12	8	0	2	-A
I	19694	T	*/+A	35	6	14.63%	2	1	57	37	0.98	1	1	17	18	6	0	+A
I	20148	A	*/-G	31	2	6.06%	2	1	50	37	0.98	1	1	11	20	0	2	-G
I	20545	C	*/+TTTTTT	2	2	40%	2	2	30	49	0.98	1	1	1	1	1	1	+TTTTTT
I	27402	A	*/+C	4	3	15.79%	2	1	55	37	0.98	1	1	2	2	0	3	+C
I	27402	A	*/+CC	4	7	36.84%	2	1	55	42	0.98	1	1	2	2	0	7	+CC
I	27402	A	*/+CCCC	4	3	15.79%	2	1	55	33	0.98	1	1	2	2	0	3	+CC
I	29373	T	*/+CTTGGGAATGATTATAGCAGC	23	2	7.14%	2	1	45	55	0.98	1	1	7	16	2	0	C
I	55244	T	*/-A	2	10	71.43%	1	2	37	41	0.98	1	1	2	0	8	2	-A
I	55244	T	*/+A	2	2	14.29%	1	1	37	37	0.98	1	1	2	0	2	0	-A
I	92133	T	*/-A	21	4	16%	2	2	46	43	0.98	1	1	12	9	3	1	-A
I	99474	C	*/-A	30	3	8.57%	2	1	42	37	0.98	1	1	14	16	3	0	-A
I	99474	C	*/+A	30	2	5.71%	2	2	42	42	0.98	1	1	14	16	1	1	-A
I	101871	A	+G/+G	3	53	86.89%	1	2	59	47	0.98	1	1	3	0	31	22	+G
I	190112	C	*/-A	6	2	20%	2	2	35	55	0.98	1	1	4	2	1	1	-A
I	206448	C	*/-T	12	3	15%	1	1	32	37	0.98	1	1	12	0	3	0	-T
I	206448	C	*/+T	12	2	10%	1	1	32	37	0.98	1	1	12	0	2	0	-T
I	208899	G	*/-A	24	5	17.24%	2	2	50	49	0.98	1	1	11	13	2	3	-A
I	216147	C	*/-T	21	6	20.69%	2	2	42	45	0.98	1	1	8	13	1	5	-T
I	216147	C	*/+T	21	2	6.9%	2	2	42	43	0.98	1	1	8	13	1	1	-T
I	232688	T	*/-A	14	2	11.76%	2	2	42	55	0.98	1	1	7	7	1	1	-A
I	237839	T	*/+A	40	4	8.89%	2	2	50	46	0.98	1	1	18	22	2	2	+A
I	240121	G	+T/+T	2	11	84.62%	1	2	37	40	0.98	1	1	2	0	8	3	+T
I	276708	C	*/+TTAT	25	3	10.71%	2	2	50	37	0.98	1	1	11	14	1	2	+TTAT
I	315375	G	*/-T	24	2	7.41%	2	2	50	55	0.98	1	1	15	9	1	1	-T
I	414079	C	*/-T	16	3	15%	2	2	43	49	0.98	1	1	10	6	2	1	-T
I	440084	T	*/+A	4	9	56.25%	2	2	39	43	0.98	1	1	3	1	8	1	+A
I	440084	T	*/+AA	4	3	18.75%	2	2	39	45	0.98	1	1	3	1	2	1	+A
I	441614	C	*/-T	6	8	33.33%	2	2	39	42	0.98	1	1	3	3	4	4	-T
I	441614	C	*/+T	6	6	25%	2	1	39	38	0.98	1	1	3	3	6	0	-T
I	453369	G	*/-A	13	3	14.29%	1	1	39	37	0.98	1	1	13	0	3	0	-A
I	453369	G	*/+A	13	4	19.05%	1	1	39	37	0.98	1	1	13	0	4	0	+A
I	454339	G	+GAAA/+GAAA	2	12	85.71%	1	2	31	51	0.98	1	1	0	2	10	2	+GAAA
I	456726	G	*/-T	21	2	8%	2	1	42	37	0.98	1	1	14	7	2	0	-T
I	470378	A	-C/-C	0	28	100%	0	2	0	40	0.98	0	1	0	0	14	14	-C
I	470390	A	-C/-C	0	31	100%	0	2	0	47	0.98	0	1	0	0	14	17	-C
I	482737	A	+G/+G	0	47	94%	0	2	0	49	0.98	0	1	0	0	24	23	+G
I	486159	G	*/-A	30	5	14.29%	2	2	46	39	0.98	1	1	16	14	1	4	-A
I	521845	T	*/-A	22	5	17.86%	2	2	49	49	0.98	1	1	10	12	3	2	-A
I	522429	T	*/+C	23	2	8%	2	2	48	37	0.98	1	1	10	13	1	1	+C
I	528541	C	*/+A	28	3	9.38%	2	2	47	53	0.98	1	1	16	12	2	1	+A
I	553888	T	*/+A	31	2	6.06%	2	1	45	42	0.98	1	1	17	14	0	2	+A
I	554527	A	*/+T	3	12	66.67%	2	2	49	37	0.98	1	1	2	1	6	6	+T
I	554527	A	*/+TT	3	2	11.11%	2	1	49	55	0.98	1	1	2	1	0	2	+T
I	562745	A	*/+T	9	5	29.41%	2	2	45	37	0.98	1	1	6	3	1	4	+T
I	562745	A	*/+TT	9	2	11.76%	2	2	45	37	0.98	1	1	6	3	1	1	+T
I	650099	C	*/+A	3	6	37.5%	2	2	45	35	0.98	1	1	2	1	5	1	+A
I	650099	C	*/+AA	3	5	31.25%	2	2	45	37	0.98	1	1	2	1	3	2	+A
I	660056	T	*/-G	19	5	19.23%	2	2	40	31	0.98	1	1	13	6	2	3	-G
I	670032	C	+A/+A	4	51	92.73%	2	2	43	53	0.98	1	1	2	2	28	23	+A
I	682993	T	-C/-C	0	68	100%	0	2	0	46	0.98	0	1	0	0	27	41	-C
I	756027	G	*/+C	48	4	7.69%	2	2	54	37	0.98	1	1	24	24	2	2	+C
I	765477	A	*/-T	8	2	16.67%	2	2	41	37	0.98	1	1	4	4	1	1	-T
I	793917	A	*/-TT	3	2	28.57%	1	1	33	37	0.98	1	1	3	0	2	0	-TT
I	807903	A	*/+T	26	4	12.9%	2	2	42	37	0.98	1	1	8	18	2	2	+T
I	862962	C	+T/+T	2	27	93.1%	1	2	55	48	0.98	1	1	0	2	18	9	+T
I	934607	T	*/-A	22	3	11.54%	2	2	46	37	0.98	1	1	14	8	1	2	-A
I	934908	T	*/+AA	10	2	12.5%	2	2	37	31	0.98	1	1	9	1	1	1	A
I	954072	T	*/-A	15	3	15.79%	2	2	46	61	0.98	1	1	10	5	1	2	-A
I	960025	G	*/+T	5	11	61.11%	2	2	49	39	0.98	1	1	4	1	7	4	+T
I	960025	G	*/+TT	5	2	11.11%	2	1	49	37	0.98	1	1	4	1	2	0	+T
I	965438	C	*/-A	7	5	29.41%	1	2	37	37	0.98	1	1	7	0	4	1	-A
I	965438	C	*/+A	7	2	11.76%	1	1	37	37	0.98	1	1	7	0	2	0	-A
I	995070	G	*/-T	10	2	12.5%	2	1	35	36	0.98	1	1	6	4	0	2	-T
I	995070	G	*/+T	10	2	12.5%	2	1	35	36	0.98	1	1	6	4	0	2	-T
I	1020988	A	*/+T	22	2	8.33%	2	1	45	31	0.98	1	1	17	5	2	0	+T
I	1048635	G	+A/+A	3	21	84%	1	2	61	52	0.98	1	1	3	0	15	6	+A
I	1079583	T	*/+AAAAAAA	3	2	28.57%	2	1	37	37	0.98	1	1	2	1	0	2	+AAAAAAA
I	1148104	A	*/+T	2	3	60%	1	2	55	45	0.98	1	1	2	0	1	2	+T
I	1149094	A	*/-G	23	2	8%	2	1	37	31	0.98	1	1	20	3	2	0	-G
I	1149923	C	*/-A	20	4	15.38%	2	2	40	39	0.98	1	1	15	5	2	2	-A
I	1149923	C	*/+A	20	2	7.69%	2	2	40	37	0.98	1	1	15	5	1	1	-A
I	1160198	G	*/-T	28	2	6.67%	2	1	43	55	0.98	1	1	18	10	0	2	-T
I	1185797	G	*/-A	17	2	8.33%	2	1	39	37	0.98	1	1	10	7	2	0	-A
I	1185797	G	*/+A	17	3	12.5%	2	2	39	40	0.98	1	1	10	7	2	1	+A
I	1254655	T	*/-A	19	7	25.93%	2	2	40	51	0.98	1	1	15	4	4	3	-A
I	1255138	C	*/+T	6	9	52.94%	2	2	47	34	0.98	1	1	5	1	5	4	+T
I	1274803	T	+A/+A	1	28	96.55%	1	2	37	47	0.98	1	1	1	0	12	16	+A
I	1290605	A	*/-T	17	3	13.04%	2	2	44	49	0.98	1	1	14	3	2	1	-T
I	1290605	A	*/+T	17	2	8.7%	2	2	44	55	0.98	1	1	14	3	1	1	-T
I	1300107	T	*/-A	31	2	5.88%	2	1	44	37	0.98	1	1	23	8	2	0	-A
I	1357331	G	*/-T	13	2	13.33%	2	2	50	37	0.98	1	1	6	7	1	1	-T
I	1358794	C	*/-A	5	4	23.53%	2	2	48	39	0.98	1	1	3	2	3	1	-A
I	1358794	C	*/+A	5	4	23.53%	2	2	48	40	0.98	1	1	3	2	2	2	-A
I	1381081	G	*/-A	20	2	8.33%	2	2	50	37	0.98	1	1	13	7	1	1	-A
I	1424708	C	-A/-A	2	23	92%	1	2	37	47	0.98	1	1	2	0	14	9	-A
I	1451777	A	*/+T	26	2	7.14%	2	2	53	55	0.98	1	1	15	11	1	1	+T
I	1478066	G	*/-A	20	3	11.11%	2	2	41	33	0.98	1	1	16	4	1	2	-A
I	1478066	G	*/+A	20	2	7.41%	2	1	41	37	0.98	1	1	16	4	2	0	-A
I	1496317	C	*/-A	5	14	56%	2	2	49	40	0.98	1	1	3	2	10	4	-A
I	1496317	C	*/-AA	5	4	16%	2	2	49	58	0.98	1	1	3	2	1	3	-A
I	1509277	C	*/+T	6	14	70%	1	2	39	49	0.98	1	1	6	0	8	6	+T
I	1509738	G	*/-A	26	3	9.68%	2	2	39	45	0.98	1	1	19	7	1	2	-A
I	1509738	G	*/+A	26	2	6.45%	2	1	39	37	0.98	1	1	19	7	2	0	-A
I	1541472	G	*/-T	10	3	18.75%	2	1	45	37	0.98	1	1	7	3	3	0	-T
I	1541472	G	*/-TTT	10	2	12.5%	2	1	45	55	0.98	1	1	7	3	2	0	-T
I	1549214	G	*/-TGAA	31	2	6.06%	2	2	49	37	0.98	1	1	20	11	1	1	-TGAA
I	1573611	C	*/+A	5	7	53.85%	2	2	51	50	0.98	1	1	3	2	5	2	+A
I	1578738	A	*/+T	20	2	9.09%	2	1	44	55	0.98	1	1	11	9	0	2	+T
I	1595056	C	*/+T	8	5	31.25%	2	1	30	37	0.98	1	1	7	1	5	0	+T
I	1599291	T	*/-A	8	4	28.57%	2	2	51	40	0.98	1	1	3	5	1	3	-A
I	1625092	T	+C/+C	2	17	89.47%	2	2	49	51	0.98	1	1	1	1	8	9	+C
I	1665245	G	*/+A	15	2	11.11%	2	2	41	74	0.98	1	1	10	5	1	1	+A
I	1665744	C	*/+T	19	3	13.04%	2	2	47	45	0.98	1	1	7	12	2	1	+T
I	1666841	G	*/-T	18	3	14.29%	2	2	46	37	0.98	1	1	11	7	2	1	-T
I	1667828	C	*/-CT	51	3	5.56%	2	2	48	37	0.98	1	1	25	26	2	1	-CT
I	1702278	A	*/+T	25	2	7.41%	2	1	46	37	0.98	1	1	12	13	0	2	+T
I	1724698	C	*/+T	31	5	13.89%	2	2	44	54	0.98	1	1	15	16	2	3	+T
I	1746881	C	*/-A	27	2	6.9%	2	1	53	37	0.98	1	1	11	16	2	0	-A
I	1767200	T	*/+A	28	2	6.67%	2	1	54	31	0.98	1	1	12	16	2	0	+A
I	1771585	C	*/+A	27	3	9.68%	2	1	45	37	0.98	1	1	17	10	3	0	+A
I	1777634	A	*/-T	17	3	14.29%	2	2	44	45	0.98	1	1	6	11	2	1	-T
I	1829371	A	*/+T	14	2	11.76%	2	1	37	37	0.98	1	1	7	7	2	0	+T
I	1849285	C	*/-T	32	9	18.75%	2	2	46	54	0.98	1	1	18	14	3	6	-T
I	1849285	C	*/-TT	32	3	6.25%	2	2	46	40	0.98	1	1	18	14	2	1	-T
I	1849285	C	*/+T	32	4	8.33%	2	2	46	68	0.98	1	1	18	14	2	2	+T
I	1890184	C	*/-A	10	7	33.33%	2	2	41	47	0.98	1	1	4	6	2	5	-A
I	1890184	C	*/+A	10	2	9.52%	2	2	41	49	0.98	1	1	4	6	1	1	-A
I	1936294	G	+A/+A	1	19	95%	1	2	37	48	0.98	1	1	1	0	9	10	+A
I	1947036	T	*/-A	29	2	6.45%	2	2	42	55	0.98	1	1	17	12	1	1	-A
I	1952313	A	+T/+T	0	45	100%	0	2	0	44	0.98	0	1	0	0	31	14	+T
I	1954162	C	*/-A	10	9	30%	2	2	39	46	0.98	1	1	6	4	3	6	-A
I	1954162	C	*/-AA	10	6	20%	2	2	39	44	0.98	1	1	6	4	2	4	-A
I	1954162	C	*/-AAA	10	2	6.67%	2	2	39	49	0.98	1	1	6	4	1	1	-A
I	1954162	C	*/+A	10	3	10%	2	2	39	33	0.98	1	1	6	4	2	1	+A
I	1955754	C	*/+T	3	3	33.33%	1	2	36	33	0.98	1	1	3	0	2	1	+T
I	1955853	T	*/+A	3	8	72.73%	1	2	70	38	0.98	1	1	0	3	5	3	+A
I	2016958	G	*/-T	21	5	18.52%	2	2	45	51	0.98	1	1	13	8	3	2	-T
I	2025000	C	*/+T	7	5	27.78%	2	2	35	43	0.98	1	1	6	1	2	3	+T
I	2025000	C	*/+TT	7	3	16.67%	2	2	35	38	0.98	1	1	6	1	2	1	+T
I	2052488	A	*/-T	11	7	26.92%	2	2	50	47	0.98	1	1	7	4	4	3	-T
I	2052488	A	*/+T	11	7	26.92%	2	2	50	38	0.98	1	1	7	4	6	1	-T
I	2071188	G	*/+T	17	2	10.53%	2	1	40	37	0.98	1	1	5	12	2	0	+T
I	2096013	T	*/-A	11	4	22.22%	2	1	44	55	0.98	1	1	6	5	4	0	-A
I	2096013	T	*/+A	11	3	16.67%	2	2	44	57	0.98	1	1	6	5	1	2	-A
I	2125474	C	*/-A	18	3	13.64%	2	2	45	37	0.98	1	1	8	10	1	2	-A
I	2132959	T	*/+A	19	2	9.52%	2	1	46	55	0.98	1	1	9	10	2	0	+A
I	2139856	G	+T/+T	1	13	81.25%	1	2	37	42	0.98	1	1	1	0	8	5	+T
I	2139856	G	*/+TT	1	2	12.5%	1	2	37	55	0.98	1	1	1	0	1	1	+T
I	2143646	C	*/-A	21	2	8.33%	2	2	44	55	0.98	1	1	16	5	1	1	-A
I	2154491	T	+A/+A	1	22	95.65%	1	2	74	39	0.98	1	1	1	0	10	12	+A
I	2172005	T	*/+G	19	2	9.52%	2	2	46	37	0.98	1	1	8	11	1	1	+G
I	2174555	C	*/-A	12	5	26.32%	2	2	41	39	0.98	1	1	7	5	2	3	-A
I	2174555	C	*/+A	12	2	10.53%	2	2	41	68	0.98	1	1	7	5	1	1	-A
I	2178948	C	*/-A	20	5	16.67%	2	1	41	39	0.98	1	1	19	1	5	0	-A
I	2178948	C	*/+A	20	3	10%	2	2	41	61	0.98	1	1	19	1	2	1	-A
I	2227936	T	*/+AA	1	3	30%	1	2	25	38	0.98	1	1	1	0	2	1	+AA
I	2227936	T	*/+AAA	1	2	20%	1	1	25	30	0.98	1	1	1	0	0	2	+AA
I	2227936	T	*/+AAAA	1	2	20%	1	1	25	37	0.98	1	1	1	0	2	0	+AA
I	2231735	C	*/+A	12	3	18.75%	2	2	46	53	0.98	1	1	5	7	1	2	+A
I	2232167	C	*/-A	28	2	6.67%	2	1	51	55	0.98	1	1	12	16	0	2	-A
I	2245479	T	*/+C	11	8	40%	2	2	56	49	0.98	1	1	4	7	2	6	+C
I	2254403	C	*/+T	19	2	9.52%	2	2	34	37	0.98	1	1	8	11	1	1	+T
I	2273201	T	*/-A	15	4	18.18%	2	1	46	55	0.98	1	1	9	6	4	0	-A
I	2273201	T	*/-AA	15	3	13.64%	2	1	46	45	0.98	1	1	9	6	3	0	-A
I	2279763	A	*/-T	26	3	9.68%	2	1	46	57	0.98	1	1	18	8	3	0	-T
I	2279763	A	*/+T	26	2	6.45%	2	1	46	31	0.98	1	1	18	8	0	2	-T
I	2288240	C	-G/-G	0	35	100%	0	2	0	51	0.98	0	1	0	0	19	16	-G
I	2322636	C	*/-A	11	14	41.18%	2	2	40	43	0.98	1	1	9	2	12	2	-A
I	2322636	C	*/-AA	11	5	14.71%	2	2	40	46	0.98	1	1	9	2	2	3	-A
I	2322636	C	*/+A	11	2	5.88%	2	1	40	37	0.98	1	1	9	2	2	0	-A
I	2343703	G	+A/+A	0	18	100%	0	2	0	44	0.98	0	1	0	0	7	11	+A
I	2397149	G	*/-T	23	2	8%	2	1	42	37	0.98	1	1	18	5	2	0	-T
I	2421576	A	-C/-C	2	26	92.86%	2	2	55	49	0.98	1	1	1	1	13	13	-C
I	2443651	C	*/-A	26	2	6.45%	2	1	47	37	0.98	1	1	15	11	2	0	-A
I	2443651	C	*/+A	26	2	6.45%	2	1	47	37	0.98	1	1	15	11	2	0	-A
I	2499149	A	-T/-T	2	27	93.1%	1	2	37	45	0.98	1	1	2	0	9	18	-T
I	2502628	T	*/-A	28	2	6.45%	2	2	43	61	0.98	1	1	17	11	1	1	-A
I	2507462	T	+A/+A	2	20	90.91%	1	2	55	43	0.98	1	1	0	2	12	8	+A
I	2510060	T	+A/+A	3	10	76.92%	1	2	49	39	0.98	1	1	0	3	7	3	+A
I	2520612	G	*/-T	24	3	9.68%	2	2	49	53	0.98	1	1	10	14	2	1	-T
I	2520612	G	*/+T	24	4	12.9%	2	2	49	61	0.98	1	1	10	14	1	3	+T
I	2525713	C	*/-T	26	4	10.26%	2	2	45	55	0.98	1	1	17	9	1	3	-T
I	2525713	C	*/-TT	26	5	12.82%	2	2	45	39	0.98	1	1	17	9	4	1	-TT
I	2525713	C	*/+T	26	3	7.69%	2	1	45	37	0.98	1	1	17	9	3	0	-TT
I	2556757	A	*/+C	7	2	18.18%	2	1	40	55	0.98	1	1	6	1	0	2	+C
I	2578262	T	*/-A	13	4	22.22%	2	1	56	46	0.98	1	1	5	8	0	4	-A
I	2588021	C	+A/+A	0	13	100%	0	2	0	53	0.98	0	1	0	0	5	8	+A
I	2588066	C	+A/+A	0	11	100%	0	2	0	48	0.98	0	1	0	0	7	4	+A
I	2594263	C	+T/+T	1	13	86.67%	1	2	37	46	0.98	1	1	0	1	5	8	+T
I	2594324	T	+A/+A	1	20	95.24%	1	2	37	53	0.98	1	1	0	1	8	12	+A
I	2594351	T	+A/+A	0	18	100%	0	2	0	56	0.98	0	1	0	0	9	9	+A
I	2594391	A	+T/+T	1	15	88.24%	1	2	48	51	0.98	1	1	1	0	9	6	+T
I	2605860	G	-T/-T	2	27	90%	2	2	74	45	0.98	1	1	1	1	9	18	-T
I	2607669	A	+T/+T	0	33	100%	0	2	0	46	0.98	0	1	0	0	18	15	+T
I	2624384	T	*/+A	28	2	6.67%	2	2	43	31	0.98	1	1	15	13	1	1	+A
I	2641998	C	*/+T	4	2	20%	1	2	32	37	0.98	1	1	4	0	1	1	+T
I	2641998	C	*/+TT	4	2	20%	1	2	32	49	0.98	1	1	4	0	1	1	+T
I	2645884	A	*/-ACTG	32	2	5.88%	2	1	50	55	0.98	1	1	18	14	2	0	-ACTG
I	2663334	A	*/-T	18	2	10%	2	1	47	37	0.98	1	1	11	7	0	2	-T
I	2683902	T	-C/-C	0	13	100%	0	2	0	42	0.98	0	1	0	0	4	9	-C
I	2689254	A	*/-T	21	4	14.29%	2	2	47	46	0.98	1	1	10	11	3	1	-T
I	2689254	A	*/+T	21	2	7.14%	2	2	47	31	0.98	1	1	10	11	1	1	-T
I	2747027	T	*/-A	17	11	36.67%	2	2	40	37	0.98	1	1	7	10	7	4	-A
I	2747027	T	*/+A	17	2	6.67%	2	1	40	37	0.98	1	1	7	10	0	2	-A
I	2751236	T	*/-A	6	21	52.5%	2	2	53	47	0.98	1	1	5	1	9	12	-A
I	2751236	T	*/-AA	6	12	30%	2	2	53	40	0.98	1	1	5	1	3	9	-A
I	2759871	T	*/+A	2	2	10%	1	1	37	37	0.98	1	1	2	0	2	0	+A
I	2759871	T	+C/+C	2	15	75%	1	2	37	41	0.98	1	1	2	0	4	11	+C
I	2761429	A	*/-T	11	2	15.38%	2	2	41	37	0.98	1	1	5	6	1	1	-T
I	2801921	G	*/-A	24	2	7.69%	2	1	48	55	0.98	1	1	13	11	2	0	-A
I	2807885	C	*/-T	25	2	6.9%	2	2	41	49	0.98	1	1	15	10	1	1	-T
I	2807885	C	*/+T	25	2	6.9%	2	1	41	29	0.98	1	1	15	10	2	0	-T
I	2812650	C	*/-T	27	3	9.38%	2	2	41	40	0.98	1	1	15	12	1	2	-T
I	2812650	C	*/+T	27	2	6.25%	2	2	41	62	0.98	1	1	15	12	1	1	-T
I	2897634	G	*/-TA	56	3	5.08%	2	1	47	45	0.98	1	1	26	30	0	3	-TA
I	2902171	G	*/-T	34	2	5.56%	2	2	44	74	0.98	1	1	23	11	1	1	-T
I	2907177	C	*/+A	32	2	5.71%	2	1	42	74	0.98	1	1	13	19	0	2	+A
I	2935370	C	*/+A	27	2	6.9%	2	1	42	55	0.98	1	1	14	13	2	0	+A
I	2958937	G	*/-A	21	2	7.41%	2	1	38	37	0.98	1	1	16	5	2	0	-A
I	2960782	C	*/+T	11	13	54.17%	2	2	42	40	0.98	1	1	9	2	7	6	+T
I	2963080	T	*/-A	36	2	5.26%	2	1	41	31	0.98	1	1	14	22	0	2	-A
I	2990545	A	*/-T	25	2	7.41%	2	1	50	37	0.98	1	1	15	10	0	2	-T
I	2994643	A	*/-T	18	3	13.04%	2	2	49	61	0.98	1	1	9	9	1	2	-T
I	3004503	C	*/-A	20	2	8.7%	2	2	39	31	0.98	1	1	8	12	1	1	-A
I	3007932	A	*/-T	20	2	9.09%	2	1	47	49	0.98	1	1	9	11	0	2	-T
I	3023963	C	*/-T	29	2	6.25%	2	1	47	55	0.98	1	1	21	8	0	2	-T
I	3033347	C	*/-T	26	6	15.79%	2	2	43	65	0.98	1	1	19	7	5	1	-T
I	3033347	C	*/+T	26	3	7.89%	2	2	43	40	0.98	1	1	19	7	2	1	-T
I	3033347	C	*/+TT	26	2	5.26%	2	2	43	37	0.98	1	1	19	7	1	1	-T
I	3080377	C	*/-T	45	3	6.25%	2	1	47	33	0.98	1	1	31	14	0	3	-T
I	3118192	G	*/+T	20	2	9.09%	2	1	46	55	0.98	1	1	10	10	2	0	+T
I	3125118	A	+T/+T	3	17	80.95%	2	2	37	43	0.98	1	1	1	2	6	11	+T
I	3126989	A	*/-T	14	2	12.5%	2	2	52	37	0.98	1	1	7	7	1	1	-T
I	3144699	T	*/-A	8	4	23.53%	2	1	41	43	0.98	1	1	4	4	4	0	-A
I	3144699	T	*/+A	8	2	11.76%	2	1	41	42	0.98	1	1	4	4	2	0	-A
I	3159994	C	*/-T	64	5	6.67%	2	2	41	34	0.98	1	1	45	19	4	1	-T
I	3159994	C	*/+T	64	5	6.67%	2	2	41	39	0.98	1	1	45	19	4	1	-T
I	3166776	G	*/+T	1	2	7.69%	1	2	37	42	0.98	1	1	0	1	1	1	+T
I	3166776	G	*/+TT	1	7	26.92%	1	2	37	36	0.98	1	1	0	1	6	1	+TT
I	3166776	G	*/+TTT	1	12	46.15%	1	2	37	51	0.98	1	1	0	1	11	1	+TTT
I	3166776	G	*/+TTTT	1	3	11.54%	1	2	37	45	0.98	1	1	0	1	1	2	+TTT
I	3178494	C	+T/+T	2	29	93.55%	1	2	74	48	0.98	1	1	2	0	17	12	+T
I	3184255	T	*/-A	11	4	23.53%	2	2	34	46	0.98	1	1	4	7	2	2	-A
I	3184255	T	*/-AA	11	2	11.76%	2	1	34	55	0.98	1	1	4	7	2	0	-A
I	3197528	A	+G/+G	2	38	92.68%	2	2	55	49	0.98	1	1	1	1	19	19	+G
I	3299997	G	*/-A	39	3	6.98%	2	2	50	45	0.98	1	1	27	12	1	2	-A
I	3303111	C	*/-T	14	4	21.05%	2	2	50	42	0.98	1	1	11	3	1	3	-T
I	3303394	C	*/-AT	13	3	18.75%	2	2	50	49	0.98	1	1	4	9	2	1	-AT
I	3380404	C	*/-A	24	4	12.9%	2	2	43	61	0.98	1	1	18	6	2	2	-A
I	3380404	C	*/-AA	24	2	6.45%	2	2	43	42	0.98	1	1	18	6	1	1	-A
I	3380449	C	*/+A	22	2	7.69%	2	1	47	37	0.98	1	1	12	10	2	0	+A
I	3383423	C	*/+A	25	2	7.41%	2	1	46	37	0.98	1	1	13	12	2	0	+A
I	3403342	G	*/-A	26	2	7.14%	2	1	48	37	0.98	1	1	12	14	0	2	-A
I	3404612	C	*/-T	7	3	30%	2	2	42	40	0.98	1	1	6	1	1	2	-T
I	3404991	C	*/-T	3	5	41.67%	2	1	29	39	0.98	1	1	2	1	5	0	-T
I	3404991	C	*/-TT	3	2	16.67%	2	1	29	42	0.98	1	1	2	1	2	0	-T
I	3410124	A	*/-T	19	2	8.7%	2	2	45	37	0.98	1	1	8	11	1	1	-T
I	3410124	A	*/+T	19	2	8.7%	2	1	45	31	0.98	1	1	8	11	0	2	-T
I	3432169	G	*/+T	40	4	8.89%	2	1	50	46	0.98	1	1	15	25	4	0	+T
I	3450130	G	-T/-T	0	27	100%	0	2	0	39	0.98	0	1	0	0	10	17	-T
I	3460318	T	+C/+C	0	14	93.33%	0	2	0	51	0.98	0	1	0	0	8	6	+C
I	3460476	G	*/-A	14	3	16.67%	2	2	40	40	0.98	1	1	9	5	2	1	-A
I	3462650	A	*/+T	18	2	9.09%	2	1	45	68	0.98	1	1	6	12	2	0	+T
I	3477396	C	*/+A	16	2	11.11%	2	2	47	37	0.98	1	1	11	5	1	1	+A
I	3478592	A	*/-T	22	3	12%	2	1	35	33	0.98	1	1	18	4	3	0	-T
I	3516284	G	*/-C	37	2	5.13%	2	2	45	55	0.98	1	1	19	18	1	1	-C
I	3538413	A	+T/+T	2	12	85.71%	2	2	55	46	0.98	1	1	1	1	4	8	+T
I	3538428	G	+T/+T	1	13	92.86%	1	2	37	39	0.98	1	1	0	1	4	9	+T
I	3538436	T	+A/+A	0	11	100%	0	2	0	40	0.98	0	1	0	0	4	7	+A
I	3538449	T	+TA/+TA	0	11	100%	0	2	0	39	0.98	0	1	0	0	4	7	+TA
I	3538456	A	+AT/+AT	0	12	100%	0	2	0	40	0.98	0	1	0	0	5	7	+AT
I	3574271	G	*/-A	20	2	9.09%	2	1	45	55	0.98	1	1	16	4	2	0	-A
I	3576756	T	*/+TCTTCTC	3	4	40%	2	2	37	39	0.98	1	1	1	2	2	2	+TCTTCTC
I	3576929	C	+T/+T	3	16	76.19%	2	2	57	43	0.98	1	1	1	2	8	8	+T
I	3578504	A	*/+T	5	3	37.5%	2	2	34	49	0.98	1	1	3	2	2	1	+T
I	3578638	A	*/+T	10	3	23.08%	2	1	35	37	0.98	1	1	4	6	0	3	+T
I	3579919	G	*/+T	18	2	10%	2	2	52	37	0.98	1	1	12	6	1	1	+T
I	3580034	C	*/+T	3	7	50%	1	2	57	35	0.98	1	1	3	0	5	2	+T
I	3580034	C	*/+TT	3	2	14.29%	1	1	57	31	0.98	1	1	3	0	2	0	+T
I	3610396	C	*/-T	2	2	28.57%	1	2	31	31	0.98	1	1	2	0	1	1	-T
I	3610396	C	*/+T	2	2	28.57%	1	1	31	48	0.98	1	1	2	0	0	2	-T
I	3634643	A	*/-T	8	2	16.67%	1	2	38	37	0.98	1	1	8	0	1	1	-T
I	3645189	G	*/+T	21	2	8.7%	2	2	44	55	0.98	1	1	9	12	1	1	+T
I	3659473	G	*/-A	21	3	12.5%	2	1	42	61	0.98	1	1	12	9	3	0	-A
I	3659724	C	*/-T	27	4	10.26%	2	2	41	45	0.98	1	1	20	7	2	2	-T
I	3659724	C	*/-TT	27	2	5.13%	2	1	41	61	0.98	1	1	20	7	2	0	-T
I	3659724	C	*/+T	27	5	12.82%	2	1	41	37	0.98	1	1	20	7	5	0	+T
I	3665610	G	+C/+C	1	69	95.83%	1	2	25	51	0.98	1	1	1	0	42	27	+C
I	3700385	T	*/+A	6	3	20%	2	2	53	49	0.98	1	1	4	2	2	1	+A
I	3700385	T	*/+AA	6	6	40%	2	2	53	57	0.98	1	1	4	2	3	3	+AA
I	3730369	A	+T/+T	2	24	88.89%	1	2	37	40	0.98	1	1	2	0	16	8	+T
I	3745734	A	*/-AT	9	3	25%	2	2	42	70	0.98	1	1	6	3	1	2	-AT
I	3747523	G	*/+A	27	2	6.67%	2	2	49	55	0.98	1	1	17	10	1	1	+A
I	3752808	C	*/-A	28	2	6.06%	2	2	42	49	0.98	1	1	14	14	1	1	-A
I	3752808	C	*/+A	28	3	9.09%	2	2	42	49	0.98	1	1	14	14	2	1	+A
I	3765328	C	*/+T	4	12	63.16%	2	2	34	37	0.98	1	1	1	3	11	1	+T
I	3765328	C	*/+TT	4	2	10.53%	2	1	34	37	0.98	1	1	1	3	2	0	+T
I	3765366	T	*/-A	15	8	33.33%	2	2	40	35	0.98	1	1	11	4	3	5	-A
I	3767367	G	*/+A	15	2	11.76%	2	2	53	31	0.98	1	1	5	10	1	1	+A
I	3776888	C	*/-T	16	2	9.52%	2	1	37	55	0.98	1	1	10	6	2	0	-T
I	3776888	C	*/+T	16	3	14.29%	2	1	37	33	0.98	1	1	10	6	3	0	+T
I	3776933	G	*/+A	3	8	66.67%	2	1	36	35	0.98	1	1	1	2	0	8	+A
I	3785886	G	*/-TATAT	26	11	29.73%	2	2	54	50	0.98	1	1	12	14	3	8	-TATAT
I	3785908	G	*/-TA	25	2	7.41%	2	2	55	74	0.98	1	1	11	14	1	1	-TA
I	3825510	G	*/-T	26	2	6.67%	2	2	41	37	0.98	1	1	14	12	1	1	-T
I	3825510	G	*/+T	26	2	6.67%	2	2	41	61	0.98	1	1	14	12	1	1	-T
I	3830510	A	+T/+T	1	24	88.89%	1	2	37	49	0.98	1	1	0	1	13	11	+T
I	3830510	A	*/+TT	1	2	7.41%	1	2	37	37	0.98	1	1	0	1	1	1	+T
I	3846638	G	-C/-C	2	58	96.67%	1	2	37	49	0.98	1	1	2	0	30	28	-C
I	3848002	C	*/-A	24	6	18.75%	2	2	48	49	0.98	1	1	14	10	4	2	-A
I	3848002	C	*/+A	24	2	6.25%	2	2	48	42	0.98	1	1	14	10	1	1	-A
I	3850523	C	*/-T	28	4	11.43%	2	2	43	36	0.98	1	1	20	8	2	2	-T
I	3855790	G	-T/-T	3	27	90%	2	2	49	40	0.98	1	1	1	2	15	12	-T
I	3870142	A	*/-C	24	3	11.11%	2	2	38	62	0.98	1	1	14	10	2	1	-C
I	3876451	A	*/+G	55	5	8.33%	2	2	45	49	0.98	1	1	35	20	3	2	+G
I	3877380	G	*/+A	20	2	9.09%	2	2	53	49	0.98	1	1	10	10	1	1	+A
I	3940025	G	+T/+T	4	29	87.88%	2	2	61	52	0.98	1	1	2	2	12	17	+T
I	3984736	A	*/-GGT	185	11	5.61%	2	1	46	40	0.98	1	1	61	124	0	11	-GGT
I	3992211	A	*/-AAC	18	3	14.29%	2	1	45	33	0.98	1	1	7	11	0	3	-AAC
I	3992212	A	*/-AC	15	4	21.05%	2	2	42	40	0.98	1	1	6	9	2	2	-AC
I	3992213	A	*/-C	11	3	21.43%	2	2	42	45	0.98	1	1	3	8	2	1	-C
I	3993810	T	*/-A	11	2	15.38%	2	1	40	55	0.98	1	1	7	4	2	0	-A
I	3995023	C	*/-T	5	2	25%	2	2	39	55	0.98	1	1	3	2	1	1	-T
I	3995862	A	*/+T	128	8	5.88%	2	2	48	55	0.98	1	1	58	70	4	4	+T
I	4004016	G	*/-T	10	12	44.44%	2	2	38	48	0.98	1	1	5	5	8	4	-T
I	4004016	G	*/+T	10	3	11.11%	2	2	38	49	0.98	1	1	5	5	2	1	-T
I	4004204	T	*/-A	27	2	6.9%	2	1	44	37	0.98	1	1	18	9	2	0	-A
I	4010237	A	*/+G	22	5	16.13%	2	1	36	34	0.98	1	1	15	7	5	0	+G
I	4010237	A	*/+GG	22	2	6.45%	2	1	36	37	0.98	1	1	15	7	2	0	+G
I	4055052	T	+A/+A	8	24	75%	2	2	46	44	0.98	1	1	5	3	21	3	+A
I	4071566	A	*/-AT	19	2	9.52%	2	1	46	55	0.98	1	1	11	8	2	0	-AT
I	4098272	C	*/+T	26	2	6.67%	2	1	43	37	0.98	1	1	20	6	2	0	+T
I	4140090	A	*/+T	21	2	8.33%	2	1	53	68	0.98	1	1	12	9	0	2	+T
I	4153650	T	*/-C	34	2	5.56%	2	1	42	55	0.98	1	1	22	12	0	2	-C
I	4153651	C	*/-T	20	3	11.54%	2	1	40	44	0.98	1	1	15	5	3	0	-T
I	4179701	C	*/+T	6	3	27.27%	2	1	33	33	0.98	1	1	3	3	3	0	+T
I	4201759	G	*/-A	23	2	8%	2	2	46	37	0.98	1	1	17	6	1	1	-A
I	4219570	T	*/+A	28	6	17.65%	2	2	38	53	0.98	1	1	9	19	3	3	+A
I	4232991	G	*/+GATA	21	16	37.21%	2	2	48	40	0.98	1	1	11	10	11	5	+GATA
I	4241118	G	*/-A	15	7	28%	2	2	42	42	0.98	1	1	9	6	6	1	-A
I	4241118	G	*/-AA	15	2	8%	2	2	42	49	0.98	1	1	9	6	1	1	-A
I	4276890	G	+T/+T	4	15	75%	2	2	37	48	0.98	1	1	2	2	7	8	+T
I	4297973	G	*/-T	20	4	16%	2	2	53	58	0.98	1	1	14	6	1	3	-T
I	4304169	G	+A/+A	0	23	95.83%	0	2	0	44	0.98	0	1	0	0	15	8	+A
I	4318947	C	*/+A	22	3	12%	2	1	43	37	0.98	1	1	14	8	3	0	+A
I	4361970	C	*/+T	16	2	11.11%	2	1	38	31	0.98	1	1	10	6	2	0	+T
I	4374342	A	-G/-G	0	51	100%	0	2	0	51	0.98	0	1	0	0	27	24	-G
I	4386268	G	*/-A	7	2	20%	2	1	37	31	0.98	1	1	6	1	2	0	-A
I	4394766	C	*/+A	10	3	21.43%	2	2	39	33	0.98	1	1	4	6	1	2	+A
I	4407494	T	+G/+G	2	38	95%	1	2	68	49	0.98	1	1	2	0	12	26	+G
I	4410191	C	-G/-G	3	15	83.33%	1	2	61	44	0.98	1	1	3	0	13	2	-G
I	4414201	C	*/-T	3	6	40%	2	1	33	39	0.98	1	1	2	1	6	0	-T
I	4414201	C	*/-TT	3	4	26.67%	2	1	33	40	0.98	1	1	2	1	4	0	-T
I	4414723	T	*/+AAAAA	8	2	18.18%	1	1	37	37	0.98	1	1	8	0	2	0	+AAAAA
I	4431856	G	+A/+A	6	47	88.68%	1	2	49	46	0.98	1	1	6	0	22	25	+A
I	4431868	C	+A/+A	2	45	95.74%	1	2	37	46	0.98	1	1	2	0	20	25	+A
I	4442621	A	*/-AT	61	6	8.7%	2	2	52	53	0.98	1	1	26	35	3	3	-AT
I	4455149	G	*/+A	3	6	60%	1	2	40	41	0.98	1	1	3	0	5	1	+A
I	4507370	C	*/+A	25	2	7.14%	2	1	44	31	0.98	1	1	12	13	0	2	+A
I	4514478	T	*/-AA	8	3	17.65%	2	2	37	49	0.98	1	1	6	2	2	1	-AA
I	4514478	T	*/-AAA	8	2	11.76%	2	1	37	31	0.98	1	1	6	2	2	0	-AA
I	4514478	T	*/+A	8	3	17.65%	2	2	37	33	0.98	1	1	6	2	2	1	+A
I	4533252	C	*/+T	7	2	20%	2	1	41	36	0.98	1	1	4	3	0	2	+T
I	4604649	C	*/-T	16	2	9.52%	2	1	41	42	0.98	1	1	14	2	2	0	-T
I	4604649	C	*/+T	16	2	9.52%	2	2	41	29	0.98	1	1	14	2	1	1	-T
I	4648144	T	*/-G	31	3	8.82%	2	1	44	37	0.98	1	1	25	6	0	3	-G
I	4648159	T	*/-G	13	16	47.06%	2	2	40	41	0.98	1	1	6	7	13	3	-G
I	4648159	T	*/-GG	13	5	14.71%	2	2	40	37	0.98	1	1	6	7	4	1	-G
I	4697200	C	*/-TGTCG	32	2	5.88%	2	2	49	37	0.98	1	1	12	20	1	1	-TGTCG
I	4721875	G	+A/+A	0	16	100%	0	2	0	48	0.98	0	1	0	0	4	12	+A
I	4733668	G	*/+A	24	3	10.71%	2	2	44	33	0.98	1	1	14	10	2	1	+A
I	4760698	T	*/-A	14	2	12.5%	2	2	48	37	0.98	1	1	10	4	1	1	-A
I	4764253	G	*/-A	11	3	8.33%	2	2	55	41	0.98	1	1	6	5	2	1	-A
I	4764253	G	*/+A	11	14	38.89%	2	2	55	42	0.98	1	1	6	5	11	3	+A
I	4764253	G	*/+AA	11	4	11.11%	2	2	55	43	0.98	1	1	6	5	3	1	+A
I	4781861	G	*/-T	23	5	17.24%	2	2	46	39	0.98	1	1	15	8	3	2	-T
I	4810631	T	*/-A	18	2	10%	2	2	48	55	0.98	1	1	9	9	1	1	-A
I	4893936	C	*/-A	24	2	7.41%	2	1	35	37	0.98	1	1	21	3	2	0	-A
I	4911427	G	*/+T	19	2	9.52%	2	1	40	31	0.98	1	1	17	2	0	2	+T
I	4911431	G	*/+T	15	2	8.33%	2	1	38	37	0.98	1	1	14	1	2	0	+T
I	4926045	T	*/+A	24	4	14.29%	2	1	40	46	0.98	1	1	12	12	0	4	+A
I	4926046	C	*/+T	8	8	38.1%	2	2	37	35	0.98	1	1	7	1	7	1	+T
I	4930488	C	*/-T	27	2	6.9%	2	1	38	68	0.98	1	1	15	12	0	2	-T
I	4934297	C	*/-TA	34	2	5.41%	2	2	46	31	0.98	1	1	14	20	1	1	-TA
I	4963870	G	*/-AT	23	3	11.54%	2	2	48	40	0.98	1	1	14	9	2	1	-AT
I	4984784	A	*/-T	5	4	36.36%	2	2	32	46	0.98	1	1	4	1	1	3	-T
I	5002717	C	*/-A	14	6	27.27%	2	2	43	43	0.98	1	1	9	5	3	3	-A
I	5002717	C	*/+A	14	2	9.09%	2	1	43	37	0.98	1	1	9	5	0	2	-A
I	5034112	A	*/-T	34	2	5.56%	2	1	52	37	0.98	1	1	9	25	0	2	-T
I	5045335	G	*/+T	27	6	18.18%	2	2	44	43	0.98	1	1	10	17	4	2	+T
I	5045932	T	*/+A	27	2	6.9%	2	1	47	42	0.98	1	1	14	13	2	0	+A
I	5058829	C	*/-T	18	2	10%	2	2	46	74	0.98	1	1	8	10	1	1	-T
I	5060109	A	*/-T	14	3	17.65%	2	2	49	49	0.98	1	1	8	6	1	2	-T
I	5067783	C	*/-T	21	2	8.33%	2	2	37	37	0.98	1	1	10	11	1	1	-T
I	5117187	C	*/-T	25	2	7.41%	2	2	46	74	0.98	1	1	10	15	1	1	-T
I	5142627	A	+G/+G	1	26	96.3%	1	2	74	54	0.98	1	1	1	0	14	12	+G
I	5148414	T	-A/-A	2	47	95.92%	2	2	74	50	0.98	1	1	1	1	25	22	-A
I	5160247	C	*/+TT	6	8	57.14%	1	2	37	44	0.98	1	1	0	6	4	4	+TT
I	5173087	C	+T/+T	1	27	96.43%	1	2	37	45	0.98	1	1	0	1	15	12	+T
I	5173430	G	*/+T	6	18	72%	2	2	43	45	0.98	1	1	4	2	13	5	+T
I	5176926	T	*/+A	8	11	55%	2	2	37	47	0.98	1	1	4	4	8	3	+A
I	5177760	A	*/-T	18	4	16.67%	2	2	44	43	0.98	1	1	15	3	3	1	-T
I	5181376	A	*/-T	23	2	7.69%	2	2	47	37	0.98	1	1	16	7	1	1	-T
I	5181832	G	*/+T	8	2	16.67%	2	2	36	37	0.98	1	1	6	2	1	1	+T
I	5266596	A	*/-T	29	4	10.81%	2	2	45	43	0.98	1	1	16	13	3	1	-T
I	5266596	A	*/+T	29	4	10.81%	2	2	45	64	0.98	1	1	16	13	2	2	-T
I	5271793	A	*/+T	29	3	9.38%	2	2	50	37	0.98	1	1	20	9	2	1	+T
I	5322005	G	+T/+T	2	10	83.33%	1	2	37	45	0.98	1	1	2	0	7	3	+T
I	5363995	C	*/-A	32	2	5.71%	2	1	49	55	0.98	1	1	10	22	2	0	-A
I	5368262	T	-C/-C	2	54	96.43%	2	2	37	52	0.98	1	1	1	1	23	31	-C
I	5368273	G	+T/+T	3	61	93.85%	2	2	49	52	0.98	1	1	1	2	22	39	+T
I	5426622	C	*/+T	4	19	73.08%	2	2	37	42	0.98	1	1	3	1	11	8	+T
I	5426622	C	*/+TT	4	2	7.69%	2	2	37	55	0.98	1	1	3	1	1	1	+T
I	5427304	A	*/-TTATTT	21	8	26.67%	2	2	43	44	0.98	1	1	5	16	2	6	-TTATTT
I	5495958	C	*/-T	29	2	6.45%	2	1	50	37	0.98	1	1	18	11	2	0	-T
I	5534399	G	*/-A	4	2	33.33%	2	2	46	37	0.98	1	1	1	3	1	1	-A
I	5537573	G	*/-T	29	2	6.45%	2	1	53	49	0.98	1	1	9	20	0	2	-T
I	5547223	T	*/-A	14	5	25%	2	1	49	44	0.98	1	1	11	3	5	0	-A
I	5559279	T	*/-G	4	3	42.86%	2	2	37	45	0.98	1	1	1	3	2	1	-G
I	5559365	C	*/-T	8	4	30.77%	2	2	36	43	0.98	1	1	7	1	1	3	-T
I	5564950	C	*/-T	10	2	16.67%	2	1	45	31	0.98	1	1	8	2	0	2	-T
I	5567937	C	*/-A	18	3	12%	2	1	43	37	0.98	1	1	12	6	3	0	-A
I	5567937	C	*/-AA	18	4	16%	2	1	43	34	0.98	1	1	12	6	4	0	-AA
I	5576850	T	*/-A	11	4	19.05%	2	2	39	55	0.98	1	1	6	5	3	1	-A
I	5576850	T	*/-AA	11	6	28.57%	2	2	39	43	0.98	1	1	6	5	5	1	-AA
II	7268	G	*/-T	25	2	7.41%	2	1	41	37	0.98	1	1	16	9	2	0	-T
II	21982	C	*/-AT	42	4	8.51%	2	1	50	34	0.98	1	1	21	21	4	0	-AT
II	23557	G	*/-A	4	3	30%	1	2	37	40	0.98	1	1	4	0	2	1	-A
II	23557	G	*/+A	4	2	20%	1	1	37	37	0.98	1	1	4	0	2	0	-A
II	46913	T	*/-A	13	2	10%	2	2	40	37	0.98	1	1	9	4	1	1	A
II	113232	A	*/-C	16	2	11.11%	2	1	41	37	0.98	1	1	3	13	0	2	-C
II	113240	T	*/-A	7	3	25%	2	2	37	45	0.98	1	1	1	6	2	1	-A
II	128001	T	-A/-A	1	19	95%	1	2	74	48	0.98	1	1	1	0	7	12	-A
II	146079	T	-C/-C	5	30	85.71%	2	2	51	49	0.98	1	1	2	3	15	15	-C
II	157099	T	*/-A	14	2	12.5%	2	1	45	55	0.98	1	1	8	6	0	2	-A
II	201022	A	*/-T	19	2	8.7%	2	1	43	55	0.98	1	1	11	8	0	2	-T
II	201022	A	*/+T	19	2	8.7%	2	2	43	55	0.98	1	1	11	8	1	1	-T
II	203477	A	*/-T	23	2	8%	2	1	46	37	0.98	1	1	16	7	2	0	-T
II	206823	T	*/-A	12	3	20%	2	1	42	49	0.98	1	1	7	5	0	3	-A
II	227756	C	*/+A	8	2	20%	2	2	44	37	0.98	1	1	3	5	1	1	+A
II	229897	A	*/-T	23	13	30.95%	2	2	37	49	0.98	1	1	16	7	9	4	-T
II	229897	A	*/+T	23	4	9.52%	2	2	37	43	0.98	1	1	16	7	3	1	-T
II	243155	C	*/-A	18	3	13.04%	2	1	43	49	0.98	1	1	11	7	3	0	-A
II	243155	C	*/+A	18	2	8.7%	2	2	43	49	0.98	1	1	11	7	1	1	-A
II	257643	C	*/-T	30	3	8.82%	2	2	42	40	0.98	1	1	22	8	1	2	-T
II	285361	A	*/-T	31	8	20.51%	2	2	44	41	0.98	1	1	17	14	5	3	-T
II	320661	G	*/-A	30	2	5.88%	2	2	46	68	0.98	1	1	18	12	1	1	-A
II	365357	C	*/+T	11	2	15.38%	2	1	48	37	0.98	1	1	7	4	2	0	+T
II	376034	C	*/-T	23	2	8%	2	1	54	55	0.98	1	1	5	18	2	0	-T
II	383156	C	*/-T	25	3	10%	2	1	45	45	0.98	1	1	16	9	3	0	-T
II	383156	C	*/+T	25	2	6.67%	2	2	45	55	0.98	1	1	16	9	1	1	-T
II	410085	C	*/-T	22	7	17.95%	2	2	40	49	0.98	1	1	21	1	4	3	-T
II	410085	C	*/-TT	22	5	12.82%	2	2	40	38	0.98	1	1	21	1	1	4	-T
II	410085	C	*/-TTT	22	2	5.13%	2	2	40	48	0.98	1	1	21	1	1	1	-T
II	410085	C	*/+T	22	2	5.13%	2	1	40	37	0.98	1	1	21	1	2	0	-T
II	413039	T	*/+A	20	2	9.09%	2	1	53	37	0.98	1	1	9	11	2	0	+A
II	484534	A	*/+T	5	9	64.29%	2	2	34	49	0.98	1	1	3	2	1	8	+T
II	516071	T	*/-A	14	2	11.11%	2	2	50	37	0.98	1	1	4	10	1	1	-A
II	520193	C	*/-T	6	2	22.22%	2	1	37	31	0.98	1	1	3	3	2	0	-T
II	521731	G	*/-T	43	8	13.79%	2	2	43	41	0.98	1	1	28	15	3	5	-T
II	521731	G	*/+T	43	7	12.07%	2	2	43	43	0.98	1	1	28	15	6	1	-T
II	561064	T	*/+A	11	4	23.53%	2	2	50	52	0.98	1	1	5	6	1	3	+A
II	574536	T	*/-A	33	2	5.56%	2	1	40	37	0.98	1	1	7	26	0	2	-A
II	577759	A	*/+CTATG	48	19	27.94%	2	2	45	48	0.98	1	1	11	37	9	10	+CTATG
II	603279	A	-T/-T	0	10	100%	0	2	0	37	0.98	0	1	0	0	6	4	-T
II	603305	A	-C/-C	0	13	100%	0	2	0	40	0.98	0	1	0	0	6	7	-C
II	641324	T	*/+A	35	2	5.13%	2	2	45	37	0.98	1	1	20	15	1	1	+A
II	645098	C	*/+A	7	2	22.22%	2	2	40	55	0.98	1	1	2	5	1	1	+A
II	662406	A	*/-T	47	3	5.88%	2	2	54	33	0.98	1	1	32	15	2	1	-T
II	673086	G	*/-A	9	3	20%	2	1	38	45	0.98	1	1	8	1	3	0	-A
II	677175	G	*/-TA	41	6	12.5%	2	2	49	47	0.98	1	1	20	21	1	5	-TA
II	700009	T	*/-A	9	16	64%	2	2	45	43	0.98	1	1	2	7	7	9	-A
II	716295	G	*/-T	20	4	11.43%	2	2	40	34	0.98	1	1	13	7	3	1	-T
II	716295	G	*/-TT	20	2	5.71%	2	1	40	37	0.98	1	1	13	7	2	0	-T
II	716295	G	*/+T	20	9	25.71%	2	2	40	38	0.98	1	1	13	7	7	2	+T
II	743971	A	*/-T	44	3	6.38%	2	2	53	61	0.98	1	1	22	22	2	1	-T
II	753854	A	*/-T	20	4	16%	2	1	39	40	0.98	1	1	16	4	4	0	-T
II	756993	C	*/-T	13	4	20%	2	2	44	36	0.98	1	1	8	5	3	1	-T
II	756993	C	*/+T	13	3	15%	2	2	44	41	0.98	1	1	8	5	1	2	-T
II	819795	T	*/+C	25	8	24.24%	2	2	50	41	0.98	1	1	15	10	5	3	+C
II	837446	C	*/-T	4	2	33.33%	1	2	34	36	0.98	1	1	4	0	1	1	-T
II	842330	G	*/+A	22	2	8.33%	2	2	41	37	0.98	1	1	11	11	1	1	+A
II	888599	A	-C/-C	0	20	100%	0	2	0	49	0.98	0	1	0	0	9	11	-C
II	889921	C	*/-T	14	2	9.52%	2	1	37	37	0.98	1	1	12	2	2	0	-T
II	889921	C	*/+T	14	3	14.29%	2	2	37	49	0.98	1	1	12	2	2	1	+T
II	903106	G	+T/+T	0	30	100%	0	2	0	45	0.98	0	1	0	0	14	16	+T
II	948303	T	*/-A	12	6	27.27%	2	2	53	65	0.98	1	1	11	1	5	1	-A
II	948303	T	*/-AA	12	2	9.09%	2	2	53	49	0.98	1	1	11	1	1	1	-A
II	965517	C	*/-T	16	3	12%	2	2	46	36	0.98	1	1	13	3	2	1	-T
II	965517	C	*/+T	16	3	12%	2	1	46	33	0.98	1	1	13	3	3	0	-T
II	985023	C	*/-A	34	2	5.56%	2	1	46	55	0.98	1	1	22	12	2	0	-A
II	1019510	T	*/-A	8	10	43.48%	2	2	40	45	0.98	1	1	7	1	4	6	-A
II	1019510	T	*/-AA	8	3	13.04%	2	2	40	49	0.98	1	1	7	1	2	1	-A
II	1057872	T	*/+A	14	3	17.65%	2	2	49	57	0.98	1	1	8	6	1	2	+A
II	1059118	T	*/-A	27	2	6.45%	2	2	47	55	0.98	1	1	13	14	1	1	-A
II	1059118	T	*/+A	27	2	6.45%	2	1	47	31	0.98	1	1	13	14	0	2	-A
II	1069791	C	*/-A	28	2	6.45%	2	1	46	55	0.98	1	1	18	10	2	0	-A
II	1078264	T	*/-A	34	3	7.69%	2	2	44	37	0.98	1	1	19	15	1	2	-A
II	1079843	T	+A/+A	2	26	89.66%	1	2	31	40	0.98	1	1	0	2	10	16	+A
II	1104941	G	*/+T	12	2	11.76%	1	1	36	37	0.98	1	1	12	0	2	0	+T
II	1140902	C	*/-T	32	2	5.88%	2	1	50	31	0.98	1	1	20	12	2	0	-T
II	1141304	C	*/-A	20	3	11.54%	2	2	50	37	0.98	1	1	10	10	1	2	-A
II	1141304	C	*/+A	20	3	11.54%	2	2	50	49	0.98	1	1	10	10	2	1	-A
II	1147442	A	*/-T	17	2	10.53%	2	2	53	49	0.98	1	1	14	3	1	1	-T
II	1151387	C	*/-T	38	2	5%	2	2	45	37	0.98	1	1	6	32	1	1	-T
II	1156029	A	*/-AT	20	4	16.67%	2	2	51	49	0.98	1	1	12	8	3	1	-AT
II	1163154	A	-T/-T	0	25	100%	0	2	0	47	0.98	0	1	0	0	14	11	-T
II	1218870	G	*/-T	26	3	10.34%	2	1	45	49	0.98	1	1	14	12	3	0	-T
II	1243365	G	*/-T	19	7	25%	2	2	41	42	0.98	1	1	9	10	1	6	-T
II	1257549	A	*/-T	23	2	7.69%	2	1	42	37	0.98	1	1	15	8	0	2	-T
II	1264791	C	*/-T	4	2	33.33%	2	2	46	61	0.98	1	1	3	1	1	1	-T
II	1266289	T	+A/+A	2	7	77.78%	1	2	37	53	0.98	1	1	2	0	2	5	+A
II	1277481	G	*/+TT	9	4	21.05%	2	2	39	46	0.98	1	1	8	1	3	1	+TT
II	1308618	G	-T/-T	3	45	93.75%	2	2	49	43	0.98	1	1	2	1	29	16	-T
II	1312253	T	*/+A	17	2	10.53%	2	1	42	37	0.98	1	1	11	6	0	2	+A
II	1312254	C	*/-T	9	2	14.29%	2	2	41	55	0.98	1	1	7	2	1	1	-T
II	1349040	A	*/+T	16	2	10%	2	2	42	49	0.98	1	1	11	5	1	1	+T
II	1359429	C	*/-T	23	3	11.11%	2	2	42	49	0.98	1	1	13	10	1	2	-T
II	1365999	G	*/-T	16	6	24%	2	2	52	45	0.98	1	1	11	5	3	3	-T
II	1365999	G	*/-TT	16	2	8%	2	2	52	62	0.98	1	1	11	5	1	1	-T
II	1389139	C	*/-T	7	2	12.5%	1	2	36	55	0.98	1	1	7	0	1	1	-T
II	1389139	C	*/+T	7	3	18.75%	1	2	36	33	0.98	1	1	7	0	2	1	+T
II	1389139	C	*/+TT	7	3	18.75%	1	2	36	40	0.98	1	1	7	0	2	1	+T
II	1456839	A	*/+T	20	2	8.7%	2	1	49	37	0.98	1	1	6	14	0	2	+T
II	1466104	C	*/+T	24	2	7.69%	2	1	45	49	0.98	1	1	13	11	0	2	+T
II	1467485	C	*/-T	25	13	32.5%	2	2	43	38	0.98	1	1	14	11	4	9	-T
II	1467485	C	*/-TT	25	2	5%	2	1	43	37	0.98	1	1	14	11	0	2	-T
II	1508313	C	*/+A	30	2	6.25%	2	1	45	55	0.98	1	1	14	16	2	0	+A
II	1531449	G	*/-T	24	2	6.9%	2	1	41	74	0.98	1	1	12	12	0	2	-T
II	1545024	T	*/+A	21	2	8.7%	2	1	43	37	0.98	1	1	11	10	0	2	+A
II	1545027	C	*/-A	11	6	30%	2	2	41	47	0.98	1	1	8	3	3	3	-A
II	1552815	A	*/-AG	25	2	7.41%	2	1	43	37	0.98	1	1	13	12	2	0	-AG
II	1553879	G	*/+A	18	3	14.29%	2	2	48	45	0.98	1	1	5	13	1	2	+A
II	1554361	C	*/-T	27	3	10%	2	1	47	45	0.98	1	1	6	21	3	0	-T
II	1555919	A	*/+TTTATT	5	3	37.5%	2	1	34	37	0.98	1	1	3	2	0	3	+TTTATT
II	1555955	T	*/-TTA	4	2	33.33%	1	1	37	42	0.98	1	1	0	4	2	0	-TTA
II	1571445	G	*/-TA	30	3	8.57%	2	2	45	49	0.98	1	1	11	19	1	2	-TA
II	1571445	G	*/+TA	30	2	5.71%	2	2	45	55	0.98	1	1	11	19	1	1	-TA
II	1588830	A	*/-T	15	2	11.76%	2	2	46	55	0.98	1	1	12	3	1	1	-T
II	1613166	A	*/+CATT	34	3	8.11%	2	1	52	33	0.98	1	1	20	14	0	3	+CATT
II	1620412	T	*/-A	5	2	25%	2	1	51	37	0.98	1	1	3	2	2	0	-A
II	1627981	C	*/-T	16	4	19.05%	2	1	45	58	0.98	1	1	11	5	0	4	-T
II	1644854	C	*/+T	25	2	7.41%	2	2	49	55	0.98	1	1	10	15	1	1	+T
II	1646051	C	*/+T	14	2	12.5%	2	2	43	55	0.98	1	1	4	10	1	1	+T
II	1678205	T	-A/-A	1	8	88.89%	1	2	74	41	0.98	1	1	1	0	4	4	-A
II	1682725	G	+T/+T	1	7	77.78%	1	2	37	45	0.98	1	1	0	1	6	1	+T
II	1690943	G	*/-A	23	2	8%	2	2	41	55	0.98	1	1	6	17	1	1	-A
II	1700176	T	*/-A	7	3	27.27%	2	2	45	37	0.98	1	1	4	3	1	2	-A
II	1709150	G	*/-T	36	2	5.26%	2	1	46	61	0.98	1	1	17	19	0	2	-T
II	1712972	C	*/+A	32	2	5.71%	2	1	48	49	0.98	1	1	17	15	0	2	+A
II	1716256	G	*/+T	18	2	8.7%	2	1	44	33	0.98	1	1	17	1	2	0	+T
II	1716256	G	*/+TT	18	2	8.7%	2	2	44	61	0.98	1	1	17	1	1	1	+T
II	1716287	T	*/-G	16	8	33.33%	2	2	51	61	0.98	1	1	11	5	3	5	-G
II	1738961	T	*/+G	25	2	7.41%	2	1	42	37	0.98	1	1	12	13	2	0	+G
II	1747580	T	+A/+A	0	14	93.33%	0	2	0	40	0.98	0	1	0	0	5	9	+A
II	1748646	G	*/-A	5	5	29.41%	1	2	32	53	0.98	1	1	5	0	3	2	-A
II	1748646	G	*/-AA	5	4	23.53%	1	2	32	31	0.98	1	1	5	0	1	3	-A
II	1748646	G	*/-AAA	5	2	11.76%	1	1	32	29	0.98	1	1	5	0	0	2	-A
II	1748799	T	*/-TA	40	4	9.09%	2	1	53	46	0.98	1	1	17	23	4	0	-TA
II	1752339	A	*/+T	20	2	9.09%	2	2	43	37	0.98	1	1	9	11	1	1	+T
II	1755439	C	*/+T	14	19	52.78%	2	2	48	41	0.98	1	1	6	8	8	11	+T
II	1755439	C	*/+TT	14	2	5.56%	2	2	48	74	0.98	1	1	6	8	1	1	+T
II	1763419	T	*/-A	14	3	15.79%	2	2	43	33	0.98	1	1	9	5	1	2	-A
II	1818108	C	*/-T	16	9	30%	2	2	49	49	0.98	1	1	10	6	5	4	-T
II	1818108	C	*/-TT	16	2	6.67%	2	2	49	61	0.98	1	1	10	6	1	1	-T
II	1818108	C	*/+T	16	3	10%	2	2	49	49	0.98	1	1	10	6	2	1	+T
II	1861420	T	-G/-G	0	48	100%	0	2	0	50	0.98	0	1	0	0	28	20	-G
II	1867795	A	+T/+T	1	14	93.33%	1	2	74	49	0.98	1	1	1	0	8	6	+T
II	1868120	A	*/+T	32	2	5.41%	2	1	41	55	0.98	1	1	26	6	0	2	+T
II	1868122	G	*/+T	15	13	36.11%	1	2	41	42	0.98	1	1	15	0	11	2	+T
II	1868122	G	*/+TT	15	4	11.11%	1	1	41	43	0.98	1	1	15	0	4	0	+T
II	1873779	T	+A/+A	1	14	87.5%	1	2	37	42	0.98	1	1	0	1	11	3	+A
II	1877294	A	+T/+T	6	27	81.82%	1	2	37	47	0.98	1	1	6	0	18	9	+T
II	1938011	G	*/+A	22	3	11.54%	2	2	42	36	0.98	1	1	14	8	2	1	+A
II	1941697	A	*/+T	18	2	9.52%	2	1	41	37	0.98	1	1	13	5	2	0	+T
II	1941966	A	+T/+T	0	55	100%	0	2	0	53	0.98	0	1	0	0	28	27	+T
II	1941982	A	+T/+T	0	55	100%	0	2	0	54	0.98	0	1	0	0	27	28	+T
II	1944778	C	*/+T	33	2	5.56%	2	1	50	37	0.98	1	1	21	12	2	0	+T
II	1948953	G	-A/-A	2	40	95.24%	2	2	37	46	0.98	1	1	1	1	18	22	-A
II	1950050	A	+G/+G	4	46	92%	2	2	34	46	0.98	1	1	1	3	18	28	+G
II	1953407	T	*/-C	18	5	20.83%	2	1	39	42	0.98	1	1	1	17	0	5	-C
II	1955495	T	+A/+A	3	28	87.5%	2	2	37	49	0.98	1	1	2	1	16	12	+A
II	1960392	A	+G/+G	0	20	100%	0	2	0	47	0.98	0	1	0	0	9	11	+G
II	1963946	C	*/-A	25	2	7.41%	2	2	41	37	0.98	1	1	12	13	1	1	-A
II	1964110	C	*/-T	15	2	11.76%	2	1	42	74	0.98	1	1	7	8	0	2	-T
II	1964259	C	*/+A	21	2	8.7%	2	2	45	31	0.98	1	1	9	12	1	1	+A
II	1987101	C	-G/-G	0	41	100%	0	2	0	42	0.98	0	1	0	0	25	16	-G
II	1987117	T	-G/-G	0	41	100%	0	2	0	40	0.98	0	1	0	0	21	20	-G
II	2012625	T	*/+C	62	4	6.06%	2	1	48	37	0.98	1	1	25	37	0	4	+C
II	2023193	G	*/+T	9	2	15.38%	2	1	38	37	0.98	1	1	8	1	2	0	+T
II	2023193	G	*/+TT	9	2	15.38%	2	1	38	37	0.98	1	1	8	1	2	0	+T
II	2049891	A	-T/-T	0	44	100%	0	2	0	52	0.98	0	1	0	0	18	26	-T
II	2053516	G	+C/+C	1	37	97.37%	1	2	37	51	0.98	1	1	1	0	13	24	+C
II	2103523	G	*/-A	18	3	14.29%	2	1	41	37	0.98	1	1	13	5	3	0	-A
II	2104600	G	*/+A	20	3	12.5%	2	1	46	53	0.98	1	1	15	5	3	0	+A
II	2108180	T	+A/+A	1	27	96.43%	1	2	74	46	0.98	1	1	0	1	19	8	+A
II	2136649	T	*/-A	12	2	14.29%	2	1	45	37	0.98	1	1	4	8	0	2	-A
II	2147726	G	+T/+T	2	21	91.3%	2	2	74	46	0.98	1	1	1	1	9	12	+T
II	2187407	G	+A/+A	0	20	100%	0	2	0	44	0.98	0	1	0	0	10	10	+A
II	2197587	C	*/+A	7	4	36.36%	2	2	39	37	0.98	1	1	5	2	3	1	+A
II	2200869	T	*/-TC	78	6	7.14%	2	2	46	31	0.98	1	1	25	53	1	5	-TC
II	2203072	C	*/+A	27	3	9.68%	2	2	49	57	0.98	1	1	21	6	1	2	+A
II	2209818	A	*/-T	24	5	16.67%	2	1	47	44	0.98	1	1	10	14	5	0	-T
II	2219928	A	+T/+T	3	28	82.35%	2	2	40	46	0.98	1	1	1	2	10	18	+T
II	2265464	T	*/-TA	13	2	13.33%	2	2	49	37	0.98	1	1	4	9	1	1	-TA
II	2268188	T	*/-A	35	2	5.26%	2	1	50	74	0.98	1	1	19	16	2	0	-A
II	2293297	G	-A/-A	2	14	87.5%	1	2	74	45	0.98	1	1	2	0	10	4	-A
II	2318772	A	*/-T	3	9	64.29%	2	2	33	49	0.98	1	1	2	1	4	5	-T
II	2384381	G	*/-T	21	2	8.33%	2	1	36	37	0.98	1	1	10	11	2	0	-T
II	2410657	A	*/+T	20	2	9.09%	2	2	44	55	0.98	1	1	12	8	1	1	+T
II	2443873	T	*/+A	4	5	35.71%	1	2	34	49	0.98	1	1	4	0	3	2	+A
II	2443873	T	*/+AA	4	4	28.57%	1	2	34	46	0.98	1	1	4	0	3	1	+A
II	2491256	C	*/+T	11	3	18.75%	2	2	43	49	0.98	1	1	5	6	1	2	+T
II	2523624	C	*/-A	14	5	22.73%	1	2	37	41	0.98	1	1	14	0	4	1	-A
II	2552673	G	*/-T	11	3	18.75%	2	1	47	36	0.98	1	1	7	4	3	0	-T
II	2579458	C	*/-A	2	5	55.56%	1	1	37	36	0.98	1	1	2	0	0	5	-A
II	2579458	C	*/+A	2	2	22.22%	1	2	37	37	0.98	1	1	2	0	1	1	-A
II	2591913	T	*/-A	17	9	33.33%	2	2	39	40	0.98	1	1	11	6	4	5	-A
II	2592423	T	+A/+A	5	26	83.87%	2	2	36	49	0.98	1	1	4	1	12	14	+A
II	2595464	C	*/+A	21	2	8.7%	2	2	40	55	0.98	1	1	8	13	1	1	+A
II	2630607	C	*/+A	5	11	68.75%	2	2	45	42	0.98	1	1	3	2	4	7	+A
II	2640785	T	*/+A	9	25	60.98%	2	2	43	45	0.98	1	1	4	5	9	16	+A
II	2640785	T	*/+AA	9	4	9.76%	2	2	43	31	0.98	1	1	4	5	3	1	+A
II	2641572	A	*/+T	30	2	6.25%	2	1	44	37	0.98	1	1	17	13	0	2	+T
II	2647497	C	*/-T	16	4	18.18%	2	2	37	39	0.98	1	1	6	10	1	3	-T
II	2671614	G	*/-A	23	2	8%	2	2	47	49	0.98	1	1	14	9	1	1	-A
II	2701957	A	*/+T	5	9	64.29%	2	2	37	42	0.98	1	1	3	2	5	4	+T
II	2702095	G	*/-A	20	2	9.09%	2	2	51	74	0.98	1	1	12	8	1	1	-A
II	2702173	G	*/-TA	27	2	6.9%	2	2	54	55	0.98	1	1	16	11	1	1	-TA
II	2709414	G	+C/+C	2	36	92.31%	2	2	49	42	0.98	1	1	1	1	20	16	+C
II	2739968	C	*/+TT	15	4	20%	2	2	41	37	0.98	1	1	10	5	2	2	+TT
II	2755338	C	*/-AT	14	12	42.86%	2	2	50	36	0.98	1	1	2	12	8	4	-AT
II	2755338	C	*/-ATAT	14	2	7.14%	2	2	50	37	0.98	1	1	2	12	1	1	-AT
II	2788933	C	+G/+G	0	27	100%	0	2	0	49	0.98	0	1	0	0	20	7	+G
II	2798040	C	-T/-T	0	38	100%	0	2	0	53	0.98	0	1	0	0	17	21	-T
II	2798514	A	-G/-G	2	20	90.91%	1	2	55	51	0.98	1	1	2	0	8	12	-G
II	2811495	C	-A/-A	1	27	96.43%	1	2	37	54	0.98	1	1	1	0	13	14	-A
II	2825193	A	*/+T	20	2	8.7%	2	2	50	55	0.98	1	1	13	7	1	1	+T
II	2825470	T	*/+A	16	5	23.81%	2	2	50	44	0.98	1	1	9	7	3	2	+A
II	2826100	G	*/+A	8	15	53.57%	1	2	40	35	0.98	1	1	8	0	11	4	+A
II	2826100	G	*/+AA	8	2	7.14%	1	2	40	31	0.98	1	1	8	0	1	1	+A
II	2884591	T	*/+A	28	2	6.67%	2	1	54	55	0.98	1	1	13	15	0	2	+A
II	2894538	T	*/-A	15	2	8.33%	2	2	40	49	0.98	1	1	10	5	1	1	-A
II	2894538	T	*/-AA	15	2	8.33%	2	2	40	37	0.98	1	1	10	5	1	1	-A
II	2894538	T	*/+A	15	4	16.67%	2	2	40	40	0.98	1	1	10	5	2	2	+A
II	2900889	A	*/-T	9	8	36.36%	2	2	45	49	0.98	1	1	8	1	5	3	-T
II	2900889	A	*/+T	9	4	18.18%	2	2	45	43	0.98	1	1	8	1	3	1	-T
II	2908519	G	*/-A	35	5	11.9%	2	2	47	37	0.98	1	1	16	19	4	1	-A
II	2938956	C	+T/+T	3	22	84.62%	2	2	61	44	0.98	1	1	2	1	9	13	+T
II	2965030	T	+A/+A	9	27	75%	2	2	43	48	0.98	1	1	4	5	13	14	+A
II	2966290	C	*/+T	14	2	12.5%	2	1	37	55	0.98	1	1	4	10	0	2	+T
II	2971001	C	*/+T	29	2	6.45%	2	2	48	55	0.98	1	1	16	13	1	1	+T
II	2988149	G	*/+T	9	2	16.67%	2	2	38	74	0.98	1	1	7	2	1	1	+T
II	3028585	C	*/+AT	24	2	7.41%	2	2	47	37	0.98	1	1	7	17	1	1	+AT
II	3040332	C	+G/+G	1	56	98.25%	1	2	37	47	0.98	1	1	0	1	31	25	+G
II	3050424	C	*/+T	24	3	10.71%	2	1	44	45	0.98	1	1	13	11	3	0	+T
II	3069119	C	*/-A	34	2	5.13%	2	2	45	37	0.98	1	1	19	15	1	1	-A
II	3069119	C	*/+A	34	3	7.69%	2	1	45	45	0.98	1	1	19	15	0	3	+A
II	3154052	G	*/-T	23	5	15.62%	2	2	42	39	0.98	1	1	14	9	3	2	-T
II	3154052	G	*/+T	23	4	12.5%	2	2	42	39	0.98	1	1	14	9	3	1	-T
II	3171788	G	*/-A	7	3	13.04%	2	2	37	40	0.98	1	1	6	1	2	1	-A
II	3171788	G	*/-AA	7	4	17.39%	2	1	37	37	0.98	1	1	6	1	4	0	-AA
II	3171788	G	*/+A	7	6	26.09%	2	1	37	37	0.98	1	1	6	1	6	0	+A
II	3174348	T	*/+A	6	11	64.71%	2	2	43	49	0.98	1	1	3	3	7	4	+A
II	3175926	C	*/-T	3	2	28.57%	1	2	36	36	0.98	1	1	3	0	1	1	-T
II	3179569	T	*/+A	40	3	6.98%	2	2	45	37	0.98	1	1	22	18	2	1	+A
II	3199519	G	*/-T	12	2	13.33%	2	2	47	55	0.98	1	1	4	8	1	1	-T
II	3253453	C	*/+T	6	3	27.27%	2	2	32	33	0.98	1	1	3	3	2	1	+T
II	3282373	T	*/-A	26	2	6.45%	2	1	42	55	0.98	1	1	16	10	0	2	-A
II	3374912	C	*/-T	17	3	15%	2	2	47	41	0.98	1	1	6	11	1	2	-T
II	3379117	G	*/+A	22	2	8.33%	2	1	46	37	0.98	1	1	18	4	2	0	+A
II	3380128	C	*/-T	17	2	9.52%	2	2	41	61	0.98	1	1	16	1	1	1	-T
II	3380128	C	*/+T	17	2	9.52%	2	1	41	25	0.98	1	1	16	1	2	0	-T
II	3410437	G	*/-T	5	2	25%	2	1	44	31	0.98	1	1	3	2	0	2	-T
II	3421504	T	*/-A	29	2	6.25%	2	2	50	68	0.98	1	1	14	15	1	1	-A
II	3509251	T	*/-A	13	7	29.17%	2	2	47	42	0.98	1	1	11	2	4	3	-A
II	3509251	T	*/+A	13	4	16.67%	2	2	47	46	0.98	1	1	11	2	2	2	-A
II	3514786	C	*/+T	24	3	10.71%	2	2	49	45	0.98	1	1	12	12	2	1	+T
II	3540057	A	*/-T	24	7	20.59%	2	2	41	42	0.98	1	1	16	8	5	2	-T
II	3540057	A	*/+T	24	2	5.88%	2	1	41	37	0.98	1	1	16	8	2	0	-T
II	3619003	A	+G/+G	0	44	100%	0	2	0	51	0.98	0	1	0	0	27	17	+G
II	3621704	A	*/-T	18	6	25%	2	1	49	37	0.98	1	1	11	7	6	0	-T
II	3665837	A	*/+T	21	2	8.7%	2	2	51	49	0.98	1	1	11	10	1	1	+T
II	3694277	C	*/-A	27	3	10%	2	2	47	37	0.98	1	1	10	17	1	2	-A
II	3715149	G	*/-A	11	3	16.67%	2	2	44	53	0.98	1	1	8	3	2	1	-A
II	3715149	G	*/-AA	11	2	11.11%	2	2	44	42	0.98	1	1	8	3	1	1	-A
II	3762367	C	*/-A	29	2	6.25%	2	2	48	74	0.98	1	1	21	8	1	1	-A
II	3799350	G	*/-A	3	4	30.77%	1	2	37	58	0.98	1	1	3	0	3	1	-A
II	3799350	G	*/+A	3	3	23.08%	1	1	37	37	0.98	1	1	3	0	3	0	-A
II	3815025	C	*/-T	8	3	20%	2	2	43	45	0.98	1	1	6	2	2	1	-T
II	3815025	C	*/-TTT	8	2	13.33%	2	2	43	74	0.98	1	1	6	2	1	1	-T
II	3838101	C	-A/-A	3	14	77.78%	1	2	40	41	0.98	1	1	3	0	10	4	-A
II	3838912	T	*/-A	11	5	26.32%	2	2	42	42	0.98	1	1	6	5	2	3	-A
II	3838912	T	*/+A	11	2	10.53%	2	1	42	49	0.98	1	1	6	5	0	2	-A
II	3856896	A	*/-T	15	2	9.09%	2	2	42	74	0.98	1	1	9	6	1	1	-T
II	3856896	A	*/-TT	15	2	9.09%	2	1	42	55	0.98	1	1	9	6	2	0	-T
II	3856896	A	*/+T	15	2	9.09%	2	1	42	37	0.98	1	1	9	6	2	0	-T
II	3859319	G	*/-T	35	2	5.26%	2	1	44	49	0.98	1	1	18	17	2	0	-T
II	3860185	C	*/-TAGTA	33	16	30.77%	2	2	44	43	0.98	1	1	6	27	14	2	-TAGTA
II	3897575	A	*/+T	25	2	7.41%	2	2	42	55	0.98	1	1	17	8	1	1	+T
II	3954039	C	*/-T	28	6	15%	2	2	44	34	0.98	1	1	20	8	4	2	-T
II	3954039	C	*/+T	28	3	7.5%	2	1	44	35	0.98	1	1	20	8	3	0	-T
II	3954039	C	*/+TT	28	3	7.5%	2	1	44	44	0.98	1	1	20	8	3	0	-T
II	3975235	C	*/-A	20	6	16.67%	2	2	48	36	0.98	1	1	14	6	3	3	-A
II	3975235	C	*/-AA	20	4	11.11%	2	2	48	52	0.98	1	1	14	6	3	1	-A
II	3975235	C	*/-AAA	20	2	5.56%	2	2	48	49	0.98	1	1	14	6	1	1	-A
II	3975235	C	*/+A	20	4	11.11%	2	2	48	33	0.98	1	1	14	6	3	1	+A
II	3980468	C	*/-T	16	2	10.53%	2	2	40	31	0.98	1	1	13	3	1	1	-T
II	3983331	G	*/-TA	53	3	5.36%	2	1	48	57	0.98	1	1	16	37	0	3	-TA
II	4006982	C	*/-A	12	6	28.57%	2	2	44	49	0.98	1	1	10	2	2	4	-A
II	4006982	C	*/+A	12	3	14.29%	2	2	44	53	0.98	1	1	10	2	2	1	-A
II	4031460	A	*/+TT	7	2	16.67%	2	2	42	42	0.98	1	1	5	2	1	1	+TT
II	4107253	G	*/+TT	0	2	20%	0	1	0	37	0.98	0	1	0	0	2	0	+TT
II	4107253	G	*/+TTTT	0	3	30%	0	1	0	37	0.98	0	1	0	0	3	0	+TTTT
II	4130018	G	*/-A	37	2	5.13%	2	1	44	61	0.98	1	1	12	25	2	0	-A
II	4190022	C	*/-A	10	2	16.67%	2	2	44	37	0.98	1	1	6	4	1	1	-A
II	4249637	A	*/-AT	36	2	5%	2	2	55	55	0.98	1	1	17	19	1	1	-AT
II	4254960	G	-A/-A	1	31	96.88%	1	2	37	49	0.98	1	1	0	1	19	12	-A
II	4264124	C	*/+TGA	35	4	10.26%	2	2	51	37	0.98	1	1	21	14	2	2	+TGA
II	4290954	G	*/-A	28	3	8.57%	2	2	57	45	0.98	1	1	14	14	2	1	-A
II	4290954	G	*/+A	28	4	11.43%	2	1	57	39	0.98	1	1	14	14	4	0	+A
II	4308414	C	*/+A	4	19	70.37%	1	2	55	43	0.98	1	1	4	0	11	8	+A
II	4308414	C	*/+AA	4	2	7.41%	1	1	55	55	0.98	1	1	4	0	0	2	+A
II	4315564	C	*/+T	38	4	9.3%	2	1	47	43	0.98	1	1	24	14	4	0	+T
II	4343817	T	*/-A	9	3	21.43%	2	2	41	37	0.98	1	1	6	3	2	1	-A
II	4343817	T	*/+A	9	2	14.29%	2	1	41	74	0.98	1	1	6	3	0	2	-A
II	4419921	T	*/+A	5	5	45.45%	2	2	42	36	0.98	1	1	2	3	3	2	+A
II	4462508	C	*/-A	24	2	7.14%	2	2	41	37	0.98	1	1	18	6	1	1	-A
II	4496300	G	*/-A	12	2	13.33%	2	2	39	55	0.98	1	1	3	9	1	1	-A
II	4497109	T	*/-G	22	2	8.33%	2	1	43	49	0.98	1	1	13	9	0	2	-G
II	4497110	G	*/+T	15	2	10.53%	2	1	40	36	0.98	1	1	14	1	0	2	+T
II	4502695	C	*/-T	9	2	18.18%	2	2	31	37	0.98	1	1	1	8	1	1	-T
II	4505641	C	*/+A	20	2	8.7%	2	2	43	37	0.98	1	1	10	10	1	1	+A
II	4517047	T	*/+TACTCATC	105	20	15.27%	2	2	48	44	0.98	1	1	60	45	15	5	+TACTCATC
II	4521677	T	*/-A	14	3	11.11%	2	1	45	61	0.98	1	1	10	4	3	0	-A
II	4521677	T	*/-AA	14	10	37.04%	2	2	45	48	0.98	1	1	10	4	4	6	-AA
II	4525340	G	*/-T	61	6	6.82%	2	2	40	43	0.98	1	1	43	18	2	4	-T
II	4525340	G	*/+T	61	17	19.32%	2	2	40	42	0.98	1	1	43	18	10	7	+T
II	4526174	A	*/-T	36	5	11.9%	2	2	44	46	0.98	1	1	23	13	2	3	-T
II	4526230	A	*/+G	33	3	8.33%	2	2	54	37	0.98	1	1	18	15	1	2	+G
II	4526843	C	*/-T	11	2	13.33%	2	2	36	37	0.98	1	1	8	3	1	1	-T
II	4528465	C	*/+GACAAT	84	16	15.84%	2	2	49	53	0.98	1	1	34	50	7	9	+GACAAT
II	4528483	T	*/-GACAATGACAGA	89	12	11.88%	2	2	47	52	0.98	1	1	38	51	7	5	-GACAATGACAGA
II	4529375	T	*/+ACAACGACAACGACAACG	73	23	18.85%	2	2	46	45	0.98	1	1	42	31	7	16	+ACAACGACAACGACAACG
II	4529375	T	*/+ACAACGACAACGACAACGACAACG	73	20	16.39%	2	2	46	45	0.98	1	1	42	31	10	10	+ACAACGACAACGACAACG
II	4533588	C	*/-T	87	42	32.56%	2	2	44	43	0.98	1	1	51	36	22	20	-T
II	4534880	A	*/-T	131	34	20.61%	2	2	46	47	0.98	1	1	56	75	16	18	-T
II	4535321	G	*/-GATAT	278	39	12.3%	2	2	46	45	0.98	1	1	125	153	14	25	-GATAT
II	4535460	T	*/+GAGTAAAGA	304	34	9.97%	2	2	52	55	0.98	1	1	153	151	14	20	+GAGTAAAGA
II	4535523	T	*/+GTTACG	280	46	14.07%	2	2	48	46	0.98	1	1	88	192	17	29	+GTTACG
II	4535548	A	*/-TATGTG	282	52	15.38%	2	2	49	41	0.98	1	1	107	175	33	19	-TATGTG
II	4535645	G	*/-T	207	44	17.53%	2	2	51	50	0.98	1	1	110	97	21	23	-T
II	4535727	A	*/-G	164	32	16.33%	2	2	45	44	0.98	1	1	62	102	17	15	-G
II	4536089	C	*/+AAAAGAAAAGTAAATT	65	4	5.8%	2	2	41	37	0.98	1	1	51	14	1	3	+AAAAGAAAAGTAAATT
II	4537213	G	*/+T	143	185	56.23%	2	2	51	50	0.98	1	1	81	62	97	88	+T
II	4537387	A	*/-AATAAGAG	112	150	57.25%	2	2	47	47	0.98	1	1	54	58	104	46	-AATAAGAG
II	4537655	A	*/+AAATG	79	7	8.14%	2	2	46	40	0.98	1	1	50	29	3	4	+AAATG
II	4537665	G	*/+AAATA	78	9	10.11%	2	2	45	40	0.98	1	1	46	32	7	2	+AAATA
II	4537712	T	*/-AAATAAAATTAATG	52	8	13.33%	2	2	40	38	0.98	1	1	30	22	2	6	-AAATAAAATTAATG
II	4539204	G	*/-ATAGGTAGAATAAGTAAAGCAGAATAGGTAGA	243	18	6.9%	2	2	46	38	0.98	1	1	90	153	8	10	-ATAGGTAGAATAAGTAAAGCAGAATAGGTAGA
III	1558	G	*/-A	74	9	8.82%	2	2	39	42	0.98	1	1	37	37	6	3	-A
III	1558	G	*/+A	74	8	7.84%	2	2	39	35	0.98	1	1	37	37	6	2	-A
III	4729	A	*/-T	430	131	21.1%	2	2	46	50	0.98	1	1	295	135	50	81	-T
III	4729	A	*/+T	430	33	5.31%	2	2	46	43	0.98	1	1	295	135	14	19	-T
III	4952	C	*/+T	379	119	23.38%	2	2	42	50	0.98	1	1	245	134	48	71	+T
III	5403	C	*/-T	454	111	17.21%	2	2	43	45	0.98	1	1	297	157	57	54	-T
III	5403	C	*/-TT	454	42	6.51%	2	2	43	48	0.98	1	1	297	157	15	27	-T
III	9812	T	*/+A	172	17	8.9%	2	1	46	42	0.98	1	1	65	107	0	17	+A
III	12428	G	*/-A	85	8	7.41%	2	2	41	47	0.98	1	1	45	40	4	4	-A
III	12428	G	*/+A	85	9	8.33%	2	2	41	38	0.98	1	1	45	40	3	6	+A
III	12763	T	*/-A	132	7	5.04%	2	2	49	52	0.98	1	1	59	73	3	4	-A
III	15599	A	*/-T	407	151	24.35%	2	2	46	50	0.98	1	1	281	126	71	80	-T
III	15599	A	*/+T	407	35	5.65%	2	2	46	50	0.98	1	1	281	126	12	23	-T
III	15822	C	*/+T	386	115	22.55%	2	2	42	49	0.98	1	1	245	141	38	77	+T
III	16273	C	*/-T	429	123	19.22%	2	2	43	45	0.98	1	1	299	130	61	62	-T
III	16273	C	*/-TT	429	46	7.19%	2	2	43	44	0.98	1	1	299	130	20	26	-T
III	20682	T	*/+A	154	28	15.3%	2	1	46	41	0.98	1	1	51	103	0	28	+A
III	23298	G	*/-A	96	8	7.14%	2	2	39	35	0.98	1	1	44	52	7	1	-A
III	29077	T	*/-C	39	3	7.14%	2	2	58	45	0.98	1	1	18	21	1	2	-C
III	45093	C	*/+T	15	2	11.76%	2	2	44	37	0.98	1	1	5	10	1	1	+T
III	46959	A	*/-AT	13	2	13.33%	2	1	39	37	0.98	1	1	9	4	2	0	-AT
III	59772	C	*/-A	32	2	5.41%	2	2	50	31	0.98	1	1	19	13	1	1	-A
III	59772	C	*/+A	32	3	8.11%	2	2	50	49	0.98	1	1	19	13	2	1	+A
III	69589	T	*/-A	15	5	23.81%	2	2	46	44	0.98	1	1	5	10	3	2	-A
III	120832	C	*/+A	16	2	11.11%	2	2	47	37	0.98	1	1	4	12	1	1	+A
III	123319	T	*/-A	12	4	22.22%	2	2	54	55	0.98	1	1	7	5	3	1	-A
III	123319	T	*/+A	12	2	11.11%	2	1	54	55	0.98	1	1	7	5	2	0	-A
III	207168	T	*/-A	7	6	37.5%	2	2	37	49	0.98	1	1	6	1	3	3	-A
III	207482	T	*/+A	14	2	12.5%	2	2	45	49	0.98	1	1	6	8	1	1	+A
III	208140	C	*/-A	13	4	20%	2	1	40	37	0.98	1	1	12	1	4	0	-A
III	208140	C	*/+A	13	2	10%	2	1	40	31	0.98	1	1	12	1	2	0	-A
III	225620	G	*/+A	18	2	10%	2	2	39	37	0.98	1	1	8	10	1	1	+A
III	231502	G	*/-A	18	3	12%	2	2	40	49	0.98	1	1	12	6	1	2	-A
III	231502	G	*/+A	18	4	16%	2	2	40	40	0.98	1	1	12	6	1	3	+A
III	232115	A	*/-T	11	2	12.5%	2	1	52	37	0.98	1	1	6	5	2	0	-T
III	232115	A	*/+T	11	3	18.75%	2	2	52	49	0.98	1	1	6	5	1	2	+T
III	245692	C	*/-T	31	3	8.33%	2	2	45	37	0.98	1	1	20	11	2	1	-T
III	245692	C	*/+T	31	2	5.56%	2	2	45	31	0.98	1	1	20	11	1	1	-T
III	253907	A	*/+T	2	5	50%	1	2	55	37	0.98	1	1	0	2	3	2	+T
III	286478	C	-TT/-TT	0	14	93.33%	0	2	0	38	0.98	0	1	0	0	8	6	-TT
III	286594	T	*/+A	2	7	63.64%	1	2	37	40	0.98	1	1	2	0	4	3	+A
III	293096	G	*/-T	18	8	21.62%	2	2	42	43	0.98	1	1	13	5	5	3	-T
III	293096	G	*/+T	18	10	27.03%	2	2	42	43	0.98	1	1	13	5	6	4	+T
III	348685	G	*/-AT	61	5	7.58%	2	2	43	44	0.98	1	1	30	31	4	1	-AT
III	365747	C	-A/-A	4	36	83.72%	1	2	46	44	0.98	1	1	4	0	24	12	-A
III	365747	C	*/-AA	4	3	6.98%	1	2	46	33	0.98	1	1	4	0	2	1	-A
III	415596	T	*/-A	15	2	11.11%	2	1	44	31	0.98	1	1	7	8	0	2	-A
III	431664	T	*/-C	34	2	5.56%	2	2	45	37	0.98	1	1	19	15	1	1	-C
III	431910	C	*/-T	16	2	9.52%	2	2	45	35	0.98	1	1	9	7	1	1	-T
III	431910	C	*/+T	16	2	9.52%	2	2	45	74	0.98	1	1	9	7	1	1	-T
III	447208	C	*/-T	34	2	5.56%	2	2	49	37	0.98	1	1	18	16	1	1	-T
III	505586	T	*/+A	17	2	10.53%	2	1	50	31	0.98	1	1	7	10	0	2	+A
III	518843	C	*/-T	20	3	12.5%	2	2	44	45	0.98	1	1	9	11	1	2	-T
III	568658	C	*/-T	14	6	27.27%	2	1	41	51	0.98	1	1	8	6	0	6	-T
III	593823	T	*/-G	27	6	18.18%	2	2	46	37	0.98	1	1	16	11	3	3	-G
III	623537	C	*/+A	5	2	16.67%	2	1	48	37	0.98	1	1	3	2	2	0	A
III	675253	C	*/-T	26	4	12.9%	2	2	49	43	0.98	1	1	12	14	2	2	-T
III	717677	A	*/-T	7	14	63.64%	2	2	35	55	0.98	1	1	4	3	8	6	-T
III	719703	T	*/-A	13	3	17.65%	2	1	38	45	0.98	1	1	11	2	3	0	-A
III	719955	A	-C/-C	0	6	100%	0	2	0	43	0.98	0	1	0	0	3	3	-C
III	720559	C	*/-T	14	3	15%	2	2	40	40	0.98	1	1	10	4	2	1	-T
III	720559	C	*/+T	14	2	10%	2	1	40	36	0.98	1	1	10	4	2	0	-T
III	720683	A	*/+T	4	7	58.33%	1	2	43	35	0.98	1	1	4	0	4	3	+T
III	725030	C	+T/+T	3	15	83.33%	1	2	37	37	0.98	1	1	3	0	11	4	+T
III	762516	T	*/-A	11	3	18.75%	2	1	48	37	0.98	1	1	5	6	3	0	-A
III	762516	T	*/+A	11	2	12.5%	2	1	48	37	0.98	1	1	5	6	2	0	-A
III	822701	G	*/-T	25	6	17.65%	2	2	47	49	0.98	1	1	13	12	5	1	-T
III	822701	G	*/+T	25	2	5.88%	2	2	47	42	0.98	1	1	13	12	1	1	-T
III	827251	C	*/+T	3	2	28.57%	2	1	40	37	0.98	1	1	2	1	2	0	+T
III	827628	G	*/-A	12	2	14.29%	2	1	41	37	0.98	1	1	4	8	0	2	-A
III	848347	A	*/-T	27	2	6.9%	2	1	46	37	0.98	1	1	11	16	2	0	-T
III	853262	T	*/+A	40	3	6.98%	2	2	44	40	0.98	1	1	25	15	2	1	+A
III	867865	C	-T/-T	0	20	100%	0	2	0	39	0.98	0	1	0	0	13	7	-T
III	897531	C	*/-A	26	6	15.38%	2	2	48	43	0.98	1	1	10	16	4	2	-A
III	897531	C	*/+A	26	5	12.82%	2	2	48	46	0.98	1	1	10	16	4	1	-A
III	898665	T	*/-A	32	2	5.88%	2	1	42	37	0.98	1	1	14	18	2	0	-A
III	936705	G	*/-T	5	3	33.33%	2	2	46	40	0.98	1	1	3	2	1	2	-T
III	954028	G	*/-A	30	2	6.06%	2	1	41	55	0.98	1	1	17	13	2	0	-A
III	958241	C	*/-T	14	5	22.73%	1	2	40	39	0.98	1	1	14	0	1	4	-T
III	966124	G	*/-T	19	10	24.39%	1	1	36	38	0.98	1	1	19	0	10	0	-T
III	966124	G	*/-TT	19	3	7.32%	1	1	36	37	0.98	1	1	19	0	3	0	-T
III	966124	G	*/+T	19	6	14.63%	1	1	36	37	0.98	1	1	19	0	6	0	+T
III	970548	C	*/-T	4	3	33.33%	2	2	31	41	0.98	1	1	2	2	1	2	-T
III	970892	C	*/-T	14	2	10.53%	2	2	36	37	0.98	1	1	8	6	1	1	-T
III	970892	C	*/+T	14	3	15.79%	2	1	36	37	0.98	1	1	8	6	3	0	+T
III	973415	T	*/+A	21	2	8.7%	2	2	48	74	0.98	1	1	12	9	1	1	+A
III	985871	C	*/-T	13	2	9.52%	2	1	37	37	0.98	1	1	11	2	2	0	-T
III	985871	C	*/-TT	13	2	9.52%	2	2	37	36	0.98	1	1	11	2	1	1	-T
III	996934	A	*/+T	22	4	15.38%	2	2	43	46	0.98	1	1	12	10	2	2	+T
III	996949	A	*/-T	22	2	8.33%	2	1	46	31	0.98	1	1	13	9	0	2	-T
III	1016311	G	+C/+C	1	49	96.08%	1	2	74	47	0.98	1	1	1	0	24	25	+C
III	1037573	G	*/-T	14	2	12.5%	2	2	51	37	0.98	1	1	4	10	1	1	-T
III	1047060	C	*/-T	15	2	11.76%	2	2	35	36	0.98	1	1	4	11	1	1	-T
III	1073505	T	*/+ATATAGAG	151	22	12.43%	2	2	50	48	0.98	1	1	82	69	17	5	+ATATAGAG
III	1075530	A	*/+TGGAAGTGGTAAG	157	10	5.95%	2	2	48	46	0.98	1	1	64	93	1	9	+TGGAAGTGGTAAG
III	1080146	T	*/+ATATAGAG	256	26	9.12%	2	2	46	42	0.98	1	1	101	155	13	13	+ATATAGAG
III	1084026	A	*/+AGTGGTGATGGTT	63	6	8.45%	2	2	42	37	0.98	1	1	25	38	4	2	+AGTGGTGATGGTT
III	1084123	A	*/-G	30	2	6.25%	2	1	52	55	0.98	1	1	13	17	2	0	-G
III	1087979	A	*/+G	99	7	6.6%	2	1	48	47	0.98	1	1	55	44	7	0	+G
III	1090594	A	*/-AT	32	4	10.81%	2	1	51	46	0.98	1	1	7	25	0	4	-AT
III	1092220	A	*/+T	23	2	7.41%	2	2	40	55	0.98	1	1	13	10	1	1	+T
III	1094042	C	*/-A	23	3	10.34%	2	2	41	45	0.98	1	1	12	11	2	1	-A
III	1094042	C	*/+A	23	3	10.34%	2	2	41	49	0.98	1	1	12	11	1	2	-A
III	1095550	G	*/-T	15	10	27.03%	2	2	37	39	0.98	1	1	11	4	5	5	-T
III	1095550	G	*/-TT	15	6	16.22%	2	2	37	35	0.98	1	1	11	4	3	3	-T
III	1095550	G	*/-TTT	15	3	8.11%	2	2	37	37	0.98	1	1	11	4	2	1	-T
III	1095550	G	*/+T	15	2	5.41%	2	2	37	55	0.98	1	1	11	4	1	1	-T
III	1103423	T	*/-A	16	6	21.43%	2	2	41	41	0.98	1	1	14	2	4	2	-A
III	1103423	T	*/-AA	16	5	17.86%	2	1	41	49	0.98	1	1	14	2	0	5	-A
III	1108378	G	*/-TA	14	3	17.65%	2	1	49	49	0.98	1	1	8	6	3	0	-TA
III	1110132	C	*/+TCTCTATA	86	7	7.53%	2	2	50	58	0.98	1	1	49	37	5	2	+TCTCTATA
III	1114914	T	*/+ACCACTAACCATC	64	8	11.11%	2	2	43	44	0.98	1	1	43	21	2	6	+ACCACTAACCATC
III	1117723	T	*/+C	89	6	6.32%	2	1	47	61	0.98	1	1	37	52	0	6	+C
III	1124483	T	*/+C	98	9	8.41%	2	2	47	43	0.98	1	1	41	57	5	4	+C
III	1128356	C	*/-T	23	2	8%	2	1	40	31	0.98	1	1	9	14	2	0	-T
III	1128434	T	*/+ACCACTAACCATC	64	9	12.33%	2	2	47	45	0.98	1	1	35	29	7	2	+ACCACTAACCATC
III	1131243	T	*/+C	98	6	5.77%	2	2	50	55	0.98	1	1	48	50	2	4	+C
III	1135194	T	*/+ACCACTAACCATC	51	10	16.39%	2	2	45	35	0.98	1	1	36	15	7	3	+ACCACTAACCATC
III	1168362	G	*/-GA	5	2	18.18%	1	1	44	37	0.98	1	1	5	0	2	0	A
III	1168362	G	*/-GAA	5	2	18.18%	1	1	44	37	0.98	1	1	5	0	2	0	A
III	1193734	G	*/-T	26	2	7.14%	2	1	47	37	0.98	1	1	18	8	2	0	-T
III	1239214	T	*/+A	21	2	8.33%	2	1	42	49	0.98	1	1	14	7	2	0	+A
III	1252502	A	*/+TT	24	3	11.11%	2	1	39	53	0.98	1	1	17	7	0	3	+TT
III	1252505	G	*/+T	13	2	7.69%	1	2	36	55	0.98	1	1	13	0	1	1	+T
III	1252505	G	*/+TT	13	2	7.69%	1	2	36	61	0.98	1	1	13	0	1	1	+T
III	1279141	G	*/+A	31	2	6.06%	2	2	45	31	0.98	1	1	12	19	1	1	+A
III	1338638	T	*/+AA	9	17	60.71%	2	2	39	38	0.98	1	1	2	7	7	10	+AA
III	1394597	C	*/+A	16	2	11.11%	2	2	47	36	0.98	1	1	7	9	1	1	+A
III	1395394	G	*/-TT	5	2	16.67%	2	2	35	55	0.98	1	1	4	1	1	1	-TT
III	1396420	A	*/+TTCATTTCTTTTTCTTTTCT	13	3	17.65%	2	2	43	61	0.98	1	1	7	6	2	1	+TTCATTTCTTTTTCTTTTCT
III	1421567	T	*/-G	6	2	20%	2	2	43	37	0.98	1	1	5	1	1	1	-G
III	1421567	T	*/+G	6	2	20%	2	1	43	37	0.98	1	1	5	1	2	0	-G
III	1431149	C	*/-A	30	2	6.06%	2	2	45	49	0.98	1	1	8	22	1	1	-A
III	1444413	G	*/+T	28	2	6.45%	2	2	53	68	0.98	1	1	10	18	1	1	+T
III	1473677	C	*/-T	25	2	7.41%	2	2	50	31	0.98	1	1	14	11	1	1	-T
III	1510629	T	*/-A	17	5	20%	2	2	52	51	0.98	1	1	10	7	2	3	-A
III	1510629	T	*/+A	17	2	8%	2	1	52	37	0.98	1	1	10	7	0	2	-A
III	1547169	C	*/-A	14	3	12.5%	2	1	37	37	0.98	1	1	11	3	0	3	-A
III	1547169	C	*/+A	14	6	25%	2	2	37	43	0.98	1	1	11	3	5	1	+A
III	1575951	G	*/-T	7	2	7.69%	2	2	47	31	0.98	1	1	5	2	1	1	-T
III	1575951	G	*/+T	7	14	53.85%	2	2	47	37	0.98	1	1	5	2	5	9	+T
III	1575951	G	*/+TT	7	2	7.69%	2	1	47	37	0.98	1	1	5	2	2	0	+T
III	1594933	T	*/-A	12	3	13.64%	2	1	52	70	0.98	1	1	5	7	3	0	-A
III	1594933	T	*/-AA	12	2	9.09%	2	1	52	37	0.98	1	1	5	7	0	2	-A
III	1594933	T	*/+A	12	4	18.18%	2	2	52	37	0.98	1	1	5	7	3	1	+A
III	1609231	T	*/-A	25	3	10.71%	2	1	49	49	0.98	1	1	13	12	3	0	-A
III	1642091	C	*/-T	29	2	6.45%	2	1	42	55	0.98	1	1	20	9	2	0	-T
III	1674618	C	*/-T	9	4	25%	2	2	35	43	0.98	1	1	8	1	2	2	-T
III	1684246	A	*/-T	24	2	7.14%	2	2	41	55	0.98	1	1	15	9	1	1	-T
III	1684246	A	*/+T	24	2	7.14%	2	2	41	37	0.98	1	1	15	9	1	1	-T
III	1684393	G	*/+A	21	2	8.7%	2	2	43	48	0.98	1	1	11	10	1	1	+A
III	1685487	G	+A/+A	2	22	91.67%	1	2	37	44	0.98	1	1	0	2	10	12	+A
III	1712983	G	*/-A	17	6	25%	2	2	41	46	0.98	1	1	14	3	4	2	-A
III	1715328	C	*/-A	17	3	14.29%	2	1	50	49	0.98	1	1	10	7	0	3	-A
III	1718427	G	*/+T	26	2	7.14%	2	2	47	36	0.98	1	1	14	12	1	1	+T
III	1756400	T	-A/-A	0	46	100%	0	2	0	45	0.98	0	1	0	0	14	32	-A
III	1758846	C	*/-A	17	3	12%	2	2	41	29	0.98	1	1	12	5	1	2	-A
III	1758846	C	*/+A	17	5	20%	2	2	41	37	0.98	1	1	12	5	4	1	+A
III	1759057	C	*/-T	28	3	9.68%	2	2	52	37	0.98	1	1	13	15	2	1	-T
III	1774235	T	+GATC/+GATC	1	24	96%	1	2	37	48	0.98	1	1	0	1	18	6	+GATC
III	1790165	C	*/-T	27	2	6.67%	2	2	36	37	0.98	1	1	16	11	1	1	-T
III	1802071	G	*/-T	32	2	5.88%	2	1	43	37	0.98	1	1	15	17	2	0	-T
III	1802522	G	*/-T	24	2	7.14%	2	1	47	37	0.98	1	1	21	3	2	0	-T
III	1821911	C	*/-A	8	2	14.29%	2	1	38	37	0.98	1	1	6	2	2	0	-A
III	1834016	G	*/-T	33	2	5.71%	2	1	43	37	0.98	1	1	11	22	0	2	-T
III	1857095	A	*/+T	25	2	7.41%	2	2	50	55	0.98	1	1	7	18	1	1	+T
III	1857256	C	*/+A	29	3	9.09%	2	2	46	70	0.98	1	1	18	11	2	1	+A
III	1880707	G	*/+T	30	5	14.29%	2	2	46	56	0.98	1	1	18	12	3	2	+T
III	1890527	T	*/-A	44	3	6.25%	2	1	47	37	0.98	1	1	26	18	3	0	-A
III	1925626	C	*/-A	7	7	41.18%	2	2	42	47	0.98	1	1	5	2	6	1	-A
III	1925626	C	*/+A	7	2	11.76%	2	1	42	49	0.98	1	1	5	2	2	0	-A
III	1928744	G	*/+T	23	2	8%	2	2	47	49	0.98	1	1	16	7	1	1	+T
III	1929127	A	*/-G	3	6	66.67%	1	1	37	31	0.98	1	1	3	0	6	0	-G
III	1936110	C	*/+A	18	2	10%	2	1	41	31	0.98	1	1	6	12	2	0	+A
III	1947823	A	*/-T	16	3	15.79%	2	2	46	32	0.98	1	1	7	9	2	1	-T
III	1962131	G	*/+A	38	2	5%	2	1	44	55	0.98	1	1	21	17	2	0	+A
III	1965229	C	*/-A	15	2	11.76%	2	1	42	49	0.98	1	1	7	8	2	0	-A
III	1979604	A	*/-T	15	4	20%	2	2	51	37	0.98	1	1	6	9	2	2	-T
III	1985119	G	*/-T	16	5	20.83%	2	2	44	32	0.98	1	1	10	6	1	4	-T
III	1985119	G	*/+T	16	3	12.5%	2	1	44	49	0.98	1	1	10	6	3	0	-T
III	2023016	T	*/+A	32	2	5.71%	2	2	40	49	0.98	1	1	17	15	1	1	+A
III	2035510	C	*/+T	7	2	22.22%	2	2	36	51	0.98	1	1	4	3	1	1	+T
III	2067552	C	*/+A	3	2	33.33%	2	1	37	37	0.98	1	1	2	1	2	0	+A
III	2067838	T	*/-A	19	4	15.38%	2	1	38	37	0.98	1	1	18	1	4	0	-A
III	2067838	T	*/+A	19	2	7.69%	2	2	38	68	0.98	1	1	18	1	1	1	-A
III	2074510	C	*/-T	15	7	31.82%	2	2	39	38	0.98	1	1	13	2	5	2	-T
III	2076412	G	*/-T	11	6	28.57%	2	2	41	43	0.98	1	1	9	2	5	1	-T
III	2076412	G	*/-TT	11	2	9.52%	2	1	41	31	0.98	1	1	9	2	2	0	-T
III	2076412	G	*/+T	11	2	9.52%	2	2	41	49	0.98	1	1	9	2	1	1	-T
III	2076980	A	*/-T	8	2	15.38%	2	1	37	37	0.98	1	1	6	2	2	0	-T
III	2076980	A	*/+T	8	3	23.08%	2	2	37	40	0.98	1	1	6	2	1	2	+T
III	2087758	C	*/+T	37	2	5%	2	1	49	55	0.98	1	1	18	19	2	0	+T
III	2113205	C	*/-T	10	3	17.65%	2	2	42	37	0.98	1	1	8	2	2	1	-T
III	2113205	C	*/-TT	10	2	11.76%	2	2	42	31	0.98	1	1	8	2	1	1	-T
III	2144419	G	*/-A	38	2	5%	2	1	46	55	0.98	1	1	22	16	0	2	-A
III	2145370	C	*/-A	56	3	5.08%	2	2	51	61	0.98	1	1	28	28	2	1	-A
III	2157938	C	*/-T	9	4	30.77%	2	1	50	37	0.98	1	1	7	2	4	0	-T
III	2178240	T	*/-A	15	2	10.53%	2	1	49	61	0.98	1	1	11	4	0	2	-A
III	2178322	C	*/-T	32	2	5.56%	2	1	52	55	0.98	1	1	18	14	2	0	-T
III	2178322	C	*/+T	32	2	5.56%	2	1	52	37	0.98	1	1	18	14	2	0	-T
III	2190252	G	*/+A	15	2	11.76%	2	1	37	37	0.98	1	1	12	3	2	0	+A
III	2221410	T	*/-A	27	2	6.45%	2	1	42	68	0.98	1	1	17	10	2	0	-A
III	2221410	T	*/+A	27	2	6.45%	2	2	42	49	0.98	1	1	17	10	1	1	-A
III	2270459	C	*/-A	28	2	6.45%	2	1	39	37	0.98	1	1	22	6	2	0	-A
III	2281940	C	*/-T	23	4	14.81%	2	2	43	37	0.98	1	1	14	9	3	1	-T
III	2289635	C	*/+T	21	2	8.7%	2	1	48	31	0.98	1	1	5	16	0	2	+T
III	2300104	A	*/-T	11	3	20%	2	1	44	37	0.98	1	1	10	1	3	0	-T
III	2309611	T	*/-A	12	3	18.75%	2	2	49	33	0.98	1	1	7	5	2	1	-A
III	2310960	G	*/-A	18	3	14.29%	2	1	40	74	0.98	1	1	10	8	0	3	-A
III	2310968	A	*/+GGT	18	3	14.29%	2	1	42	74	0.98	1	1	10	8	0	3	+GGT
III	2373166	G	*/-A	32	2	5.56%	2	2	46	31	0.98	1	1	16	16	1	1	-A
III	2376654	G	*/-A	15	4	21.05%	2	2	41	34	0.98	1	1	9	6	2	2	-A
III	2382018	A	*/-T	3	9	60%	2	2	37	47	0.98	1	1	2	1	3	6	-T
III	2382018	A	*/-TT	3	3	20%	2	1	37	29	0.98	1	1	2	1	0	3	-T
III	2420241	T	*/-A	12	7	33.33%	2	2	43	45	0.98	1	1	8	4	4	3	-A
III	2420241	T	*/+A	12	2	9.52%	2	1	43	37	0.98	1	1	8	4	2	0	-A
III	2443562	A	*/+T	264	32	10.7%	2	2	42	39	0.98	1	1	92	172	1	31	+T
III	2447848	T	*/-A	1129	346	15.18%	2	2	44	42	0.98	1	1	846	283	242	104	-A
III	2447848	T	*/-AA	1129	175	7.68%	2	2	44	44	0.98	1	1	846	283	128	47	-A
III	2447848	T	*/+A	1129	474	20.8%	2	2	44	44	0.98	1	1	846	283	340	134	+A
III	2448309	T	-AA/-AA	91	973	88.94%	2	2	47	42	0.98	1	1	66	25	364	609	-AA
III	2448518	T	*/-A	1086	443	23.75%	2	2	46	45	0.98	1	1	714	372	298	145	-A
III	2448518	T	*/-AA	1086	142	7.61%	2	2	46	48	0.98	1	1	714	372	95	47	-A
III	2448518	T	*/+A	1086	142	7.61%	2	2	46	45	0.98	1	1	714	372	103	39	-A
