Chrom	Position	Ref	Cons	Reads1	Reads2	VarFreq	Strands1	Strands2	Qual1	Qual2	Pvalue	MapQual1	MapQual2	Reads1Plus	Reads1Minus	Reads2Plus	Reads2Minus	VarAllele
chr_II_telomeric_gap	4294	A	*/-T	8	2	20%	2	2	49	31	0.98	1	1	5	3	1	1	-T
chr_II_telomeric_gap	6088	A	*/-T	8	2	16.67%	2	2	30	74	0.98	1	1	6	2	1	1	-T
chr_II_telomeric_gap	6088	A	*/+T	8	2	16.67%	2	1	30	55	0.98	1	1	6	2	0	2	-T
I	3160	A	*/+GTTGTCGTTGTCGTTGTC	45	11	17.74%	2	2	44	47	0.98	1	1	28	17	8	3	+GTTGTCGTTGTCGTTGTC
I	3160	A	*/+GTTGTCGTTGTCGTTGTCGTTGTC	45	6	9.68%	2	2	44	37	0.98	1	1	28	17	5	1	+GTTGTCGTTGTCGTTGTC
I	4047	C	*/-TGTCTCTGTCAT	36	10	21.74%	2	2	45	40	0.98	1	1	17	19	5	5	-TGTCTCTGTCAT
I	4053	C	*/+TGTCAT	24	7	21.21%	2	2	43	45	0.98	1	1	12	12	3	4	+TGTCAT
I	5409	T	*/+CCTCACTGGTAG	48	10	17.24%	2	2	47	45	0.98	1	1	15	33	5	5	+CCTCACTGGTAG
I	5674	T	*/-G	33	3	8.33%	2	1	44	57	0.98	1	1	25	8	0	3	-G
I	5676	T	*/-GA	33	2	5.56%	2	1	41	74	0.98	1	1	27	6	0	2	-GA
I	5677	G	*/-A	13	6	18.18%	2	2	37	42	0.98	1	1	12	1	5	1	-A
I	5677	G	*/-AA	13	6	18.18%	2	2	37	43	0.98	1	1	12	1	5	1	-A
I	5677	G	*/-AAAA	13	2	6.06%	2	1	37	37	0.98	1	1	12	1	2	0	-A
I	6357	T	*/-AA	18	5	20%	2	2	44	42	0.98	1	1	10	8	2	3	-AA
I	7192	C	*/+A	18	2	8.33%	2	1	41	36	0.98	1	1	14	4	2	0	A
I	10859	G	*/-TT	6	5	45.45%	2	2	37	44	0.98	1	1	2	4	1	4	-TT
I	15734	C	*/-A	14	6	30%	2	2	41	45	0.98	1	1	5	9	4	2	-A
I	19694	T	*/+A	25	2	7.41%	2	1	57	31	0.98	1	1	10	15	2	0	+A
I	27402	A	*/-C	9	2	16.67%	2	1	34	31	0.98	1	1	1	8	0	2	-C
I	101871	A	+G/+G	1	10	90.91%	1	2	37	59	0.98	1	1	0	1	6	4	+G
I	188353	A	*/-T	32	2	5.88%	2	1	53	37	0.98	1	1	16	16	2	0	-T
I	206448	C	*/-T	7	2	22.22%	1	2	38	42	0.98	1	1	7	0	1	1	-T
I	216147	C	*/-T	13	2	11.76%	2	2	37	74	0.98	1	1	7	6	1	1	-T
I	232688	T	*/-A	5	3	37.5%	2	2	44	37	0.98	1	1	3	2	2	1	-A
I	352418	T	+A/+A	2	7	77.78%	1	2	49	42	0.98	1	1	0	2	4	3	+A
I	440084	T	+A/+A	0	6	100%	0	2	0	43	0.98	0	1	0	0	3	3	+A
I	441614	C	*/-TT	4	2	22.22%	1	1	37	62	0.98	1	1	4	0	2	0	-TT
I	441614	C	*/-TTT	4	2	22.22%	1	1	37	36	0.98	1	1	4	0	2	0	-TT
I	453369	G	*/-A	7	2	14.29%	2	1	36	37	0.98	1	1	5	2	2	0	-A
I	453369	G	*/-AA	7	2	14.29%	2	2	36	42	0.98	1	1	5	2	1	1	-A
I	464017	C	*/-AA	5	2	28.57%	2	2	59	37	0.98	1	1	1	4	1	1	-AA
I	470378	A	-C/-C	1	15	93.75%	1	2	74	41	0.98	1	1	0	1	6	9	-C
I	470390	A	-C/-C	0	15	100%	0	2	0	46	0.98	0	1	0	0	7	8	-C
I	473427	G	*/+T	5	4	44.44%	1	1	42	46	0.98	1	1	5	0	4	0	+T
I	482737	A	+G/+G	2	17	89.47%	2	2	37	43	0.98	1	1	1	1	6	11	+G
I	521845	T	*/-A	7	7	46.67%	2	2	51	44	0.98	1	1	1	6	3	4	-A
I	554527	A	+T/+T	0	11	100%	0	2	0	40	0.98	0	1	0	0	8	3	+T
I	562745	A	+T/+T	2	6	75%	1	2	61	47	0.98	1	1	2	0	4	2	+T
I	650099	C	*/+A	1	3	50%	1	1	37	37	0.98	1	1	1	0	3	0	+A
I	660056	T	+GGGG/+GGGG	1	3	75%	1	1	37	33	0.98	1	1	1	0	3	0	+GGGG
I	670032	C	+A/+A	0	42	97.67%	0	2	0	54	0.98	0	1	0	0	19	23	+A
I	682993	T	-C/-C	0	21	100%	0	2	0	54	0.98	0	1	0	0	7	14	-C
I	699433	G	*/-T	10	2	16.67%	2	2	46	37	0.98	1	1	6	4	1	1	-T
I	739041	A	*/+AAAT	9	6	40%	2	2	42	43	0.98	1	1	6	3	1	5	+AAAT
I	862962	C	+T/+T	0	19	100%	0	2	0	50	0.98	0	1	0	0	11	8	+T
I	932995	G	*/-A	9	3	25%	2	2	54	49	0.98	1	1	5	4	2	1	-A
I	934607	T	*/-A	8	2	20%	2	2	54	31	0.98	1	1	5	3	1	1	-A
I	960025	G	*/+T	2	7	70%	1	2	55	54	0.98	1	1	2	0	4	3	+T
I	995070	G	*/-T	9	2	16.67%	2	1	41	31	0.98	1	1	6	3	0	2	-T
I	1048635	G	+A/+A	1	6	85.71%	1	2	37	53	0.98	1	1	1	0	1	5	+A
I	1079583	T	*/+AAAAAAAA	1	2	50%	1	2	37	55	0.98	1	1	1	0	1	1	+AAAAAAAA
I	1167185	C	*/+A	13	2	13.33%	2	2	51	37	0.98	1	1	6	7	1	1	+A
I	1185796	A	*/+C	3	2	40%	2	1	33	37	0.98	1	1	2	1	0	2	+C
I	1200526	C	*/-T	16	2	10.53%	2	2	48	43	0.98	1	1	9	7	1	1	-T
I	1274803	T	+A/+A	0	4	100%	0	2	0	55	0.98	0	1	0	0	2	2	+A
I	1325452	T	*/+GG	16	2	11.11%	2	1	50	37	0.98	1	1	11	5	0	2	+GG
I	1399667	T	*/-A	10	2	16.67%	2	2	53	37	0.98	1	1	4	6	1	1	-A
I	1424708	C	-A/-A	2	11	84.62%	1	2	37	46	0.98	1	1	2	0	7	4	-A
I	1496317	C	*/-A	2	10	71.43%	1	2	55	45	0.98	1	1	0	2	7	3	-A
I	1507668	T	*/+A	8	4	33.33%	2	2	46	46	0.98	1	1	5	3	2	2	+A
I	1509277	C	+T/+T	1	7	87.5%	1	2	74	37	0.98	1	1	1	0	4	3	+T
I	1541472	G	*/-T	6	5	38.46%	2	2	45	49	0.98	1	1	5	1	3	2	-T
I	1541472	G	*/-TT	6	2	15.38%	2	2	45	31	0.98	1	1	5	1	1	1	-T
I	1595056	C	*/+T	4	4	50%	2	1	40	29	0.98	1	1	2	2	4	0	+T
I	1625092	T	+C/+C	0	13	100%	0	2	0	53	0.98	0	1	0	0	8	5	+C
I	1667828	C	*/-CT	24	2	7.69%	2	2	52	49	0.98	1	1	12	12	1	1	-CT
I	1777634	A	*/-T	5	4	33.33%	2	2	51	37	0.98	1	1	4	1	2	2	-T
I	1777634	A	*/+T	5	2	16.67%	2	2	51	55	0.98	1	1	4	1	1	1	-T
I	1837915	T	*/-G	8	2	20%	2	1	44	55	0.98	1	1	7	1	0	2	-G
I	1837916	G	*/-T	5	2	20%	1	1	51	37	0.98	1	1	5	0	2	0	-T
I	1849285	C	*/-T	22	5	15.62%	2	2	56	54	0.98	1	1	12	10	1	4	-T
I	1849285	C	*/+T	22	3	9.38%	2	2	56	49	0.98	1	1	12	10	2	1	-T
I	1890184	C	*/-A	3	3	30%	2	2	49	49	0.98	1	1	1	2	2	1	-A
I	1936294	G	+A/+A	0	14	100%	0	2	0	47	0.98	0	1	0	0	6	8	+A
I	1952313	A	+T/+T	0	18	100%	0	2	0	47	0.98	0	1	0	0	12	6	+T
I	1954162	C	*/-A	4	5	41.67%	2	2	34	41	0.98	1	1	2	2	3	2	-A
I	1954162	C	*/-AA	4	2	16.67%	2	2	34	49	0.98	1	1	2	2	1	1	-A
I	1955754	C	*/+T	5	2	25%	1	2	36	42	0.98	1	1	5	0	1	1	+T
I	1955853	T	*/+A	3	3	50%	2	1	33	37	0.98	1	1	2	1	0	3	+A
I	2025000	C	*/+T	2	4	44.44%	1	2	37	43	0.98	1	1	2	0	3	1	+T
I	2052488	A	*/-T	6	3	33.33%	1	1	45	37	0.98	1	1	6	0	3	0	-T
I	2110988	C	*/-AT	7	2	22.22%	2	1	35	55	0.98	1	1	4	3	0	2	-AT
I	2122246	G	*/-A	14	2	12.5%	2	2	44	55	0.98	1	1	4	10	1	1	-A
I	2139856	G	+T/+T	0	5	83.33%	0	2	0	42	0.98	0	1	0	0	1	4	+T
I	2154491	T	+A/+A	0	12	100%	0	2	0	45	0.98	0	1	0	0	6	6	+A
I	2158654	C	*/-T	6	2	25%	2	1	38	31	0.98	1	1	3	3	0	2	-T
I	2174555	C	*/-A	5	3	30%	2	2	36	49	0.98	1	1	2	3	2	1	-A
I	2227870	C	*/+T	3	2	33.33%	1	2	37	37	0.98	1	1	3	0	1	1	+T
I	2227936	T	*/+AAA	0	3	60%	0	1	0	40	0.98	0	1	0	0	0	3	+AAA
I	2245479	T	*/+C	12	2	14.29%	2	2	47	37	0.98	1	1	2	10	1	1	+C
I	2273201	T	*/-AA	5	2	20%	2	2	39	49	0.98	1	1	4	1	1	1	-AA
I	2288240	C	-G/-G	0	21	100%	0	2	0	53	0.98	0	1	0	0	14	7	-G
I	2322636	C	*/-AA	8	3	23.08%	2	2	37	44	0.98	1	1	7	1	1	2	-AA
I	2343703	G	+A/+A	0	11	91.67%	0	2	0	47	0.98	0	1	0	0	4	7	+A
I	2397149	G	*/+T	16	4	19.05%	2	2	39	46	0.98	1	1	6	10	2	2	+T
I	2421576	A	-C/-C	1	15	93.75%	1	2	37	48	0.98	1	1	0	1	10	5	-C
I	2452410	A	*/-T	17	2	10.53%	2	2	49	55	0.98	1	1	13	4	1	1	-T
I	2499149	A	*/-T	5	11	68.75%	1	2	56	43	0.98	1	1	5	0	4	7	-T
I	2507462	T	+A/+A	1	12	85.71%	1	2	37	47	0.98	1	1	0	1	4	8	+A
I	2510060	T	+A/+A	2	8	80%	1	2	37	44	0.98	1	1	0	2	5	3	+A
I	2525300	T	*/+A	9	2	15.38%	2	1	52	37	0.98	1	1	6	3	2	0	+A
I	2525713	C	*/-T	16	4	20%	2	1	42	46	0.98	1	1	12	4	4	0	-T
I	2578262	T	*/-A	11	4	25%	2	2	53	55	0.98	1	1	6	5	3	1	-A
I	2588021	C	+A/+A	0	8	100%	0	2	0	50	0.98	0	1	0	0	5	3	+A
I	2588066	C	+A/+A	0	7	100%	0	2	0	52	0.98	0	1	0	0	4	3	+A
I	2594263	C	+T/+T	0	6	100%	0	2	0	41	0.98	0	1	0	0	1	5	+T
I	2594324	T	+A/+A	2	10	83.33%	1	2	55	55	0.98	1	1	0	2	6	4	+A
I	2594351	T	+A/+A	1	9	90%	1	2	74	56	0.98	1	1	1	0	5	4	+A
I	2594391	A	+T/+T	1	8	88.89%	1	2	37	58	0.98	1	1	0	1	6	2	+T
I	2605860	G	-T/-T	2	12	85.71%	1	2	37	40	0.98	1	1	0	2	6	6	-T
I	2607669	A	+T/+T	1	13	92.86%	1	2	37	49	0.98	1	1	1	0	11	2	+T
I	2641994	T	*/+A	10	2	16.67%	2	1	37	55	0.98	1	1	6	4	0	2	+A
I	2663334	A	*/-T	12	2	14.29%	2	1	45	49	0.98	1	1	4	8	0	2	-T
I	2683902	T	-C/-C	0	17	100%	0	2	0	47	0.98	0	1	0	0	10	7	-C
I	2710733	G	*/+T	8	2	18.18%	2	2	46	37	0.98	1	1	5	3	1	1	+T
I	2747027	T	*/-A	10	5	33.33%	2	2	39	49	0.98	1	1	7	3	3	2	-A
I	2751236	T	-A/-A	2	15	83.33%	2	2	31	42	0.98	1	1	1	1	3	12	-A
I	2759871	T	+C/+C	0	10	100%	0	2	0	48	0.98	0	1	0	0	3	7	+C
I	2960791	T	*/-A	18	3	13.64%	2	2	52	45	0.98	1	1	10	8	2	1	-A
I	2963080	T	*/-A	12	2	14.29%	2	1	48	55	0.98	1	1	3	9	0	2	-A
I	2979321	G	*/-T	7	2	22.22%	2	2	46	55	0.98	1	1	4	3	1	1	-T
I	3033347	C	*/-T	17	3	13.04%	2	1	39	53	0.98	1	1	15	2	3	0	-T
I	3033347	C	*/+T	17	3	13.04%	2	2	39	45	0.98	1	1	15	2	2	1	-T
I	3125118	A	+T/+T	0	5	100%	0	2	0	37	0.98	0	1	0	0	4	1	+T
I	3159994	C	*/-T	27	3	10%	2	2	36	41	0.98	1	1	21	6	1	2	-T
I	3166776	G	*/+TT	2	2	28.57%	1	2	42	49	0.98	1	1	2	0	1	1	+TT
I	3166776	G	*/+TTT	2	3	42.86%	1	1	42	40	0.98	1	1	2	0	3	0	+TTT
I	3178494	C	+T/+T	1	11	91.67%	1	2	74	50	0.98	1	1	1	0	8	3	+T
I	3197528	A	+G/+G	1	28	96.55%	1	2	74	45	0.98	1	1	1	0	14	14	+G
I	3380404	C	*/-A	6	3	30%	2	2	41	61	0.98	1	1	5	1	2	1	-A
I	3404612	C	*/-T	6	2	25%	2	1	36	49	0.98	1	1	5	1	2	0	-T
I	3404991	C	*/-T	5	2	28.57%	1	2	46	42	0.98	1	1	5	0	1	1	-T
I	3442928	G	*/+A	7	2	22.22%	2	1	47	42	0.98	1	1	5	2	0	2	+A
I	3450130	G	-T/-T	1	13	92.86%	1	2	74	45	0.98	1	1	0	1	6	7	-T
I	3460318	T	+C/+C	0	8	100%	0	2	0	50	0.98	0	1	0	0	6	2	+C
I	3460476	G	*/-A	6	2	22.22%	2	2	41	31	0.98	1	1	3	3	1	1	-A
I	3462650	A	*/-T	5	3	30%	2	2	44	37	0.98	1	1	3	2	2	1	-T
I	3538413	A	+T/+T	0	8	100%	0	2	0	50	0.98	0	1	0	0	5	3	+T
I	3538428	G	+T/+T	0	9	100%	0	2	0	49	0.98	0	1	0	0	5	4	+T
I	3538436	T	+A/+A	0	9	100%	0	2	0	49	0.98	0	1	0	0	5	4	+A
I	3538449	T	+TA/+TA	0	9	100%	0	2	0	48	0.98	0	1	0	0	5	4	+TA
I	3538456	A	+AT/+AT	0	9	100%	0	2	0	49	0.98	0	1	0	0	5	4	+AT
I	3573781	G	*/+A	19	2	9.52%	2	1	48	37	0.98	1	1	12	7	0	2	+A
I	3576756	T	*/+TCTTCTC	1	2	40%	1	2	37	55	0.98	1	1	0	1	1	1	C
I	3576929	C	+T/+T	0	8	100%	0	2	0	43	0.98	0	1	0	0	5	3	+T
I	3578535	C	*/+T	2	2	50%	2	2	37	37	0.98	1	1	1	1	1	1	+T
I	3609896	T	*/+A	4	2	33.33%	1	1	55	37	0.98	1	1	0	4	2	0	+A
I	3615098	C	*/-T	19	2	9.52%	2	2	49	37	0.98	1	1	6	13	1	1	-T
I	3649532	C	*/-T	27	2	6.9%	2	1	57	37	0.98	1	1	18	9	2	0	-T
I	3659724	C	*/-T	19	2	8%	2	2	42	68	0.98	1	1	14	5	1	1	-T
I	3659724	C	*/+T	19	2	8%	2	1	42	49	0.98	1	1	14	5	2	0	-T
I	3662923	A	*/-T	15	2	11.76%	2	1	43	37	0.98	1	1	9	6	2	0	-T
I	3665610	G	+C/+C	0	28	100%	0	2	0	43	0.98	0	1	0	0	20	8	+C
I	3700385	T	*/+AA	3	6	54.55%	1	2	61	51	0.98	1	1	3	0	4	2	+AA
I	3730369	A	+T/+T	0	11	100%	0	2	0	39	0.98	0	1	0	0	8	3	+T
I	3761616	T	*/+ACCACTAACCATC	43	3	6.52%	2	1	53	49	0.98	1	1	30	13	3	0	+ACCACTAACCATC
I	3765328	C	*/+T	3	5	62.5%	2	2	37	46	0.98	1	1	1	2	3	2	+T
I	3776933	G	+A/+A	0	5	83.33%	0	1	0	34	0.98	0	1	0	0	0	5	+A
I	3843601	G	*/+T	8	3	27.27%	2	2	50	61	0.98	1	1	5	3	1	2	+T
I	3855790	G	-T/-T	1	12	92.31%	1	2	37	52	0.98	1	1	1	0	9	3	-T
I	3877380	G	+A/+A	3	12	80%	1	2	61	44	0.98	1	1	0	3	4	8	+A
I	3878306	T	*/+A	11	2	15.38%	2	1	47	74	0.98	1	1	9	2	2	0	+A
I	3879437	C	*/-A	13	2	12.5%	2	2	39	37	0.98	1	1	8	5	1	1	-A
I	3881325	T	*/+A	9	2	18.18%	2	1	43	37	0.98	1	1	5	4	2	0	+A
I	3891655	G	*/-A	19	3	13.64%	2	2	46	37	0.98	1	1	11	8	2	1	-A
I	3898271	C	*/+A	9	2	18.18%	2	2	49	31	0.98	1	1	7	2	1	1	+A
I	3940025	G	+T/+T	2	22	91.67%	2	2	55	54	0.98	1	1	1	1	12	10	+T
I	3984736	A	*/-GGT	76	6	7.32%	2	1	48	49	0.98	1	1	25	51	0	6	-GGT
I	3996048	G	*/-A	72	4	5.26%	2	1	55	55	0.98	1	1	37	35	0	4	-A
I	4004016	G	*/-T	8	2	18.18%	2	1	50	42	0.98	1	1	6	2	0	2	-T
I	4055052	T	+A/+A	3	11	78.57%	1	2	37	51	0.98	1	1	3	0	8	3	+A
I	4153651	C	*/-T	8	3	25%	2	1	38	40	0.98	1	1	7	1	3	0	-T
I	4177950	T	*/-A	6	2	25%	2	1	43	31	0.98	1	1	3	3	2	0	-A
I	4179701	C	*/+T	4	2	28.57%	2	1	38	31	0.98	1	1	3	1	0	2	+T
I	4241118	G	*/-A	7	2	16.67%	2	2	43	42	0.98	1	1	5	2	1	1	-A
I	4241118	G	*/-AA	7	2	16.67%	2	2	43	37	0.98	1	1	5	2	1	1	-A
I	4276890	G	+T/+T	0	7	100%	0	2	0	36	0.98	0	1	0	0	3	4	+T
I	4304169	G	+A/+A	1	8	88.89%	1	2	74	43	0.98	1	1	1	0	1	7	+A
I	4374342	A	-G/-G	0	19	100%	0	2	0	46	0.98	0	1	0	0	11	8	-G
I	4394766	C	*/+A	8	2	18.18%	2	2	46	37	0.98	1	1	6	2	1	1	+A
I	4407494	T	+G/+G	1	19	95%	1	2	74	50	0.98	1	1	1	0	11	8	+G
I	4410191	C	-G/-G	0	9	100%	0	2	0	49	0.98	0	1	0	0	6	3	-G
I	4414201	C	*/-T	2	6	60%	1	2	49	36	0.98	1	1	2	0	3	3	-T
I	4414723	T	*/+AAAA	2	2	40%	1	2	37	55	0.98	1	1	2	0	1	1	+AAAA
I	4431856	G	+A/+A	4	25	86.21%	1	2	55	53	0.98	1	1	4	0	9	16	+A
I	4431868	C	+A/+A	1	27	96.43%	1	2	74	45	0.98	1	1	1	0	10	17	+A
I	4455148	A	*/+T	4	2	33.33%	2	2	40	55	0.98	1	1	1	3	1	1	+T
I	4455149	G	*/+A	0	3	60%	0	2	0	36	0.98	0	1	0	0	1	2	+A
I	4507370	C	*/+A	7	2	22.22%	2	1	51	37	0.98	1	1	3	4	0	2	+A
I	4514478	T	*/-A	4	2	16.67%	2	2	52	55	0.98	1	1	3	1	1	1	-A
I	4514478	T	*/+A	4	3	25%	2	1	52	49	0.98	1	1	3	1	3	0	+A
I	4648159	T	-G/-G	2	12	80%	1	2	37	39	0.98	1	1	2	0	8	4	-G
I	4721875	G	+A/+A	1	6	85.71%	1	2	74	38	0.98	1	1	1	0	4	2	+A
I	4764253	G	*/+A	4	6	50%	1	2	52	65	0.98	1	1	4	0	3	3	+A
I	4934297	C	*/-TA	18	3	14.29%	2	2	45	49	0.98	1	1	13	5	1	2	-TA
I	4984784	A	*/-T	3	2	33.33%	2	2	49	37	0.98	1	1	2	1	1	1	-T
I	5037093	C	*/-A	22	2	8.33%	2	2	45	31	0.98	1	1	9	13	1	1	-A
I	5060109	A	*/-T	10	2	16.67%	2	1	55	37	0.98	1	1	3	7	0	2	-T
I	5142627	A	+G/+G	0	11	91.67%	0	2	0	57	0.98	0	1	0	0	4	7	+G
I	5148414	T	-A/-A	0	16	100%	0	2	0	52	0.98	0	1	0	0	9	7	-A
I	5173087	C	+T/+T	0	9	90%	0	2	0	43	0.98	0	1	0	0	4	5	+T
I	5173430	G	*/+T	2	10	71.43%	1	2	37	45	0.98	1	1	2	0	7	3	+T
I	5173430	G	*/+TT	2	2	14.29%	1	1	37	37	0.98	1	1	2	0	2	0	+T
I	5176926	T	*/+A	4	3	33.33%	2	1	37	66	0.98	1	1	3	1	0	3	+A
I	5181832	G	*/-T	7	2	18.18%	2	1	47	36	0.98	1	1	3	4	2	0	-T
I	5181832	G	*/+T	7	2	18.18%	2	1	47	37	0.98	1	1	3	4	2	0	-T
I	5266596	A	*/+T	10	2	16.67%	2	1	47	37	0.98	1	1	6	4	2	0	+T
I	5352025	G	*/-T	10	2	15.38%	2	2	50	61	0.98	1	1	8	2	1	1	-T
I	5368262	T	-C/-C	2	32	94.12%	2	2	55	52	0.98	1	1	1	1	11	21	-C
I	5368273	G	+T/+T	0	32	100%	0	2	0	51	0.98	0	1	0	0	11	21	+T
I	5426622	C	+T/+T	3	19	86.36%	1	2	37	49	0.98	1	1	3	0	10	9	+T
I	5435210	C	*/-T	27	2	6.9%	2	2	42	42	0.98	1	1	9	18	1	1	-T
I	5479452	T	*/+A	24	2	7.69%	2	1	44	55	0.98	1	1	13	11	2	0	+A
I	5547223	T	*/-A	11	3	20%	2	1	43	37	0.98	1	1	10	1	3	0	-A
I	5567937	C	*/-A	7	3	27.27%	2	1	43	37	0.98	1	1	4	3	3	0	-A
I	5570823	C	*/-AA	2	2	50%	2	2	31	55	0.98	1	1	1	1	1	1	-AA
I	5576850	T	*/-AA	4	5	55.56%	2	2	58	37	0.98	1	1	3	1	1	4	-AA
II	5109	A	*/+C	41	3	6.82%	2	2	43	49	0.98	1	1	10	31	1	2	+C
II	23557	G	*/-A	1	2	50%	1	2	36	68	0.98	1	1	1	0	1	1	-A
II	113240	T	*/+A	4	4	50%	2	2	51	49	0.98	1	1	2	2	2	2	+A
II	128001	T	-A/-A	0	13	100%	0	2	0	49	0.98	0	1	0	0	4	9	-A
II	146079	T	*/-C	4	7	63.64%	2	2	52	54	0.98	1	1	2	2	4	3	-C
II	201022	A	*/-T	11	3	21.43%	2	2	43	37	0.98	1	1	7	4	2	1	-T
II	229897	A	*/-T	15	2	10.53%	2	1	46	49	0.98	1	1	9	6	2	0	-T
II	410085	C	*/-T	10	4	22.22%	2	2	36	46	0.98	1	1	9	1	2	2	-T
II	410085	C	*/+T	10	3	16.67%	2	2	36	57	0.98	1	1	9	1	2	1	-T
II	484534	A	*/+T	2	4	57.14%	2	2	49	46	0.98	1	1	1	1	2	2	+T
II	516071	T	*/-A	8	3	25%	2	2	49	49	0.98	1	1	7	1	2	1	-A
II	521731	G	*/-T	14	5	25%	2	1	41	37	0.98	1	1	9	5	5	0	-T
II	526883	G	*/+GTGCGTTTGTTTAGGT	19	2	9.52%	2	1	54	55	0.98	1	1	9	10	2	0	+GTGCGTTTGTTTAGGT
II	526955	T	*/-AC	31	4	11.43%	2	2	47	55	0.98	1	1	23	8	2	2	-AC
II	526959	T	*/+TTAG	30	4	11.76%	2	2	48	49	0.98	1	1	22	8	2	2	+TTAG
II	561064	T	*/-A	4	2	22.22%	2	1	64	37	0.98	1	1	3	1	2	0	-A
II	561064	T	*/+A	4	3	33.33%	2	2	64	57	0.98	1	1	3	1	1	2	+A
II	570457	T	*/-A	24	2	7.69%	2	1	44	55	0.98	1	1	16	8	2	0	-A
II	588197	T	*/-A	15	2	11.76%	2	2	42	37	0.98	1	1	7	8	1	1	-A
II	603279	A	-T/-T	0	8	100%	0	2	0	52	0.98	0	1	0	0	2	6	-T
II	603305	A	-C/-C	0	9	100%	0	2	0	57	0.98	0	1	0	0	3	6	-C
II	641324	T	*/-A	19	2	9.52%	2	2	51	49	0.98	1	1	11	8	1	1	-A
II	700009	T	*/-A	5	7	58.33%	2	1	42	47	0.98	1	1	3	2	0	7	-A
II	716295	G	*/-T	12	4	21.05%	2	2	41	37	0.98	1	1	10	2	2	2	-T
II	716295	G	*/+T	12	3	15.79%	2	1	41	65	0.98	1	1	10	2	0	3	-T
II	743971	A	*/-T	14	2	12.5%	2	1	55	74	0.98	1	1	10	4	2	0	-T
II	753854	A	*/-T	6	2	25%	2	1	41	37	0.98	1	1	4	2	2	0	-T
II	756993	C	*/-T	7	4	30.77%	2	2	44	46	0.98	1	1	6	1	3	1	-T
II	756993	C	*/+T	7	2	15.38%	2	1	44	68	0.98	1	1	6	1	2	0	-T
II	846003	G	*/+T	9	2	18.18%	2	2	45	37	0.98	1	1	7	2	1	1	+T
II	888599	A	-C/-C	0	11	100%	0	2	0	50	0.98	0	1	0	0	7	4	-C
II	903106	G	+T/+T	1	17	94.44%	1	2	37	42	0.98	1	1	0	1	7	10	+T
II	948303	T	*/-A	12	6	31.58%	2	2	47	49	0.98	1	1	10	2	5	1	-A
II	965517	C	*/+T	9	4	28.57%	2	2	54	42	0.98	1	1	6	3	2	2	+T
II	1019510	T	*/-A	4	8	53.33%	2	2	55	37	0.98	1	1	3	1	5	3	-A
II	1019510	T	*/-AAA	4	2	13.33%	2	1	55	68	0.98	1	1	3	1	0	2	-A
II	1046425	T	+A/+A	1	12	92.31%	1	2	74	48	0.98	1	1	0	1	4	8	+A
II	1059118	T	*/-A	12	3	18.75%	2	1	52	57	0.98	1	1	6	6	0	3	-A
II	1078264	T	*/+A	16	2	10.53%	2	1	48	74	0.98	1	1	7	9	0	2	+A
II	1079843	T	+A/+A	1	8	80%	1	2	25	46	0.98	1	1	1	0	2	6	+A
II	1122580	C	*/+T	30	2	6.06%	2	2	49	61	0.98	1	1	16	14	1	1	+T
II	1140902	C	*/-T	18	3	14.29%	2	2	46	36	0.98	1	1	11	7	1	2	-T
II	1141304	C	*/-A	8	2	20%	2	2	44	37	0.98	1	1	4	4	1	1	-A
II	1163154	A	-T/-T	0	10	100%	0	2	0	43	0.98	0	1	0	0	6	4	-T
II	1187785	G	*/-T	14	2	12.5%	2	1	47	31	0.98	1	1	5	9	0	2	-T
II	1233181	G	*/-T	19	3	13.64%	2	2	45	49	0.98	1	1	11	8	1	2	-T
II	1266955	G	*/-GA	39	3	7.14%	2	1	50	61	0.98	1	1	28	11	3	0	-GA
II	1308618	G	-T/-T	2	7	77.78%	2	1	37	56	0.98	1	1	1	1	7	0	-T
II	1365999	G	*/-T	11	4	26.67%	2	1	53	48	0.98	1	1	7	4	0	4	-T
II	1389139	C	*/+T	4	4	33.33%	2	2	46	36	0.98	1	1	3	1	2	2	+T
II	1389139	C	*/+TT	4	2	16.67%	2	1	46	31	0.98	1	1	3	1	0	2	+T
II	1416243	C	+AA/+AA	3	15	83.33%	2	2	36	50	0.98	1	1	2	1	7	8	+AA
II	1464953	G	*/-A	3	2	40%	2	2	49	55	0.98	1	1	1	2	1	1	-A
II	1465263	C	*/-T	9	2	18.18%	2	1	42	37	0.98	1	1	3	6	2	0	-T
II	1467485	C	*/-T	6	4	40%	2	2	39	46	0.98	1	1	3	3	1	3	-T
II	1555919	A	+TTTATT/+TTTATT	1	4	80%	1	2	37	37	0.98	1	1	1	0	1	3	+TTTATT
II	1606686	A	*/+TGGAAGTGGTAAG	68	6	8%	2	2	49	43	0.98	1	1	36	32	3	3	+TGGAAGTGGTAAG
II	1678205	T	-A/-A	0	7	100%	0	2	0	42	0.98	0	1	0	0	5	2	-A
II	1705527	G	*/+A	2	4	66.67%	2	2	37	52	0.98	1	1	1	1	3	1	+A
II	1709150	G	*/-T	11	2	15.38%	2	1	41	37	0.98	1	1	7	4	2	0	-T
II	1716287	T	*/-G	8	8	50%	2	2	50	41	0.98	1	1	6	2	2	6	-G
II	1861420	T	-G/-G	2	18	90%	2	2	37	48	0.98	1	1	1	1	8	10	-G
II	1867795	A	+T/+T	1	10	90.91%	1	2	74	44	0.98	1	1	1	0	5	5	+T
II	1868122	G	*/+T	5	7	53.85%	2	1	49	38	0.98	1	1	4	1	7	0	+T
II	1873779	T	+A/+A	1	4	80%	1	2	74	55	0.98	1	1	0	1	1	3	+A
II	1877294	A	+T/+T	1	5	83.33%	1	2	37	44	0.98	1	1	1	0	2	3	+T
II	1941966	A	+T/+T	0	18	100%	0	2	0	54	0.98	0	1	0	0	13	5	+T
II	1941982	A	+T/+T	0	19	100%	0	2	0	53	0.98	0	1	0	0	15	4	+T
II	1948953	G	-A/-A	0	20	100%	0	2	0	48	0.98	0	1	0	0	8	12	-A
II	1950050	A	+G/+G	1	22	91.67%	1	2	37	50	0.98	1	1	1	0	7	15	+G
II	1952046	T	*/+TATTG	8	3	27.27%	2	2	35	57	0.98	1	1	1	7	2	1	+TATTG
II	1955495	T	*/+A	1	5	71.43%	1	1	25	47	0.98	1	1	0	1	5	0	+A
II	1960392	A	+G/+G	0	15	100%	0	2	0	38	0.98	0	1	0	0	6	9	+G
II	1987101	C	-G/-G	0	19	100%	0	2	0	48	0.98	0	1	0	0	10	9	-G
II	1987117	T	-G/-G	0	19	100%	0	2	0	46	0.98	0	1	0	0	7	12	-G
II	2023193	G	*/+TT	3	2	28.57%	1	1	37	55	0.98	1	1	3	0	2	0	+TT
II	2049891	A	-T/-T	0	23	100%	0	2	0	54	0.98	0	1	0	0	12	11	-T
II	2053516	G	+C/+C	0	13	100%	0	2	0	50	0.98	0	1	0	0	8	5	+C
II	2084461	T	*/-A	19	2	9.52%	2	1	48	55	0.98	1	1	9	10	0	2	-A
II	2108180	T	+A/+A	0	11	100%	0	1	0	42	0.98	0	1	0	0	11	0	+A
II	2115422	T	*/+A	28	2	6.67%	2	1	44	74	0.98	1	1	6	22	0	2	+A
II	2147726	G	+T/+T	0	9	100%	0	2	0	53	0.98	0	1	0	0	3	6	+T
II	2187407	G	+A/+A	0	11	100%	0	2	0	42	0.98	0	1	0	0	6	5	+A
II	2198945	G	*/-CA	17	2	10.53%	2	2	51	55	0.98	1	1	3	14	1	1	-CA
II	2199987	A	*/+TAACC	15	12	44.44%	2	2	57	49	0.98	1	1	5	10	4	8	+TAACC
II	2200809	C	*/+A	26	2	6.9%	2	2	55	55	0.98	1	1	11	15	1	1	+A
II	2203175	T	*/+A	8	2	18.18%	2	2	43	37	0.98	1	1	5	3	1	1	+A
II	2219928	A	+T/+T	3	10	76.92%	2	2	37	50	0.98	1	1	2	1	4	6	+T
II	2293297	G	-A/-A	1	10	90.91%	1	2	74	48	0.98	1	1	1	0	9	1	-A
II	2321292	G	*/+T	11	2	15.38%	2	2	47	74	0.98	1	1	3	8	1	1	+T
II	2373654	C	+T/+T	1	9	90%	1	2	48	61	0.98	1	1	1	0	6	3	+T
II	2443873	T	*/+A	5	3	30%	1	2	33	41	0.98	1	1	5	0	1	2	+A
II	2523624	C	*/-A	5	2	25%	1	2	49	55	0.98	1	1	5	0	1	1	-A
II	2591913	T	*/-A	8	3	27.27%	2	2	44	37	0.98	1	1	4	4	2	1	-A
II	2592423	T	+A/+A	2	11	84.62%	2	2	55	50	0.98	1	1	1	1	1	10	+A
II	2612668	A	*/-T	10	2	16.67%	2	1	40	37	0.98	1	1	4	6	2	0	-T
II	2630607	C	*/+A	2	6	66.67%	1	2	38	43	0.98	1	1	2	0	2	4	+A
II	2640785	T	+A/+A	2	10	83.33%	1	2	55	47	0.98	1	1	0	2	3	7	+A
II	2650243	G	*/+A	24	2	7.41%	2	1	49	74	0.98	1	1	13	11	0	2	+A
II	2702173	G	*/-TA	19	2	9.52%	2	1	53	37	0.98	1	1	8	11	2	0	-TA
II	2709414	G	+C/+C	1	18	90%	1	2	37	51	0.98	1	1	0	1	9	9	+C
II	2755338	C	*/-AT	2	6	60%	2	2	31	49	0.98	1	1	1	1	5	1	-AT
II	2755338	C	*/-ATAT	2	2	20%	2	2	31	37	0.98	1	1	1	1	1	1	-AT
II	2788933	C	+G/+G	1	18	94.74%	1	2	37	47	0.98	1	1	1	0	13	5	+G
II	2798040	C	-T/-T	1	13	92.86%	1	2	37	54	0.98	1	1	0	1	4	9	-T
II	2798514	A	-G/-G	2	14	87.5%	1	2	49	60	0.98	1	1	2	0	6	8	-G
II	2811495	C	-A/-A	0	14	100%	0	2	0	46	0.98	0	1	0	0	6	8	-A
II	2873779	T	*/+A	5	6	54.55%	2	2	49	45	0.98	1	1	3	2	2	4	+A
II	2902101	C	*/+TT	21	2	8.7%	2	1	58	55	0.98	1	1	15	6	2	0	+TT
II	2938956	C	*/+T	2	4	66.67%	2	2	61	55	0.98	1	1	1	1	2	2	+T
II	2966290	C	+T/+T	1	5	83.33%	1	2	37	44	0.98	1	1	0	1	2	3	+T
II	2988149	G	*/-T	7	2	20%	2	2	60	37	0.98	1	1	4	3	1	1	-T
II	3010749	G	*/-A	16	2	11.11%	2	2	34	37	0.98	1	1	5	11	1	1	-A
II	3040332	C	+G/+G	1	28	93.33%	1	2	74	50	0.98	1	1	1	0	17	11	+G
II	3052192	A	*/-T	13	2	13.33%	2	2	45	55	0.98	1	1	11	2	1	1	-T
II	3154052	G	*/-T	16	2	9.09%	2	1	50	68	0.98	1	1	6	10	0	2	-T
II	3154052	G	*/-TT	16	2	9.09%	2	1	50	68	0.98	1	1	6	10	0	2	-T
II	3171788	G	*/-A	2	2	40%	1	2	31	42	0.98	1	1	2	0	1	1	-A
II	3253453	C	*/+T	3	3	42.86%	1	1	49	36	0.98	1	1	3	0	0	3	+T
II	3329982	G	*/-T	8	2	18.18%	2	2	40	55	0.98	1	1	4	4	1	1	-T
II	3509251	T	*/-A	5	3	37.5%	2	2	42	37	0.98	1	1	3	2	2	1	-A
II	3514786	C	*/-T	18	3	14.29%	2	2	43	37	0.98	1	1	9	9	2	1	-T
II	3532163	A	*/+C	7	2	16.67%	2	1	50	42	0.98	1	1	5	2	0	2	C
II	3540057	A	*/-T	10	8	42.11%	2	2	46	57	0.98	1	1	7	3	6	2	-T
II	3619003	A	+G/+G	3	16	84.21%	2	2	37	45	0.98	1	1	1	2	5	11	+G
II	3799350	G	*/+A	2	3	50%	2	2	37	37	0.98	1	1	1	1	2	1	+A
II	3818390	T	*/+A	21	7	25%	2	2	54	51	0.98	1	1	9	12	3	4	+A
II	3856896	A	*/-T	8	6	37.5%	2	2	44	35	0.98	1	1	7	1	2	4	-T
II	3856896	A	*/-TT	8	2	12.5%	2	2	44	55	0.98	1	1	7	1	1	1	-T
II	3860185	C	*/-TAGTA	5	12	70.59%	2	2	49	48	0.98	1	1	2	3	10	2	-TAGTA
II	3862860	C	*/-T	7	3	27.27%	2	1	40	33	0.98	1	1	4	3	0	3	-T
II	3954039	C	*/-T	12	4	17.39%	2	2	46	52	0.98	1	1	7	5	1	3	-T
II	3954039	C	*/+T	12	6	26.09%	2	1	46	38	0.98	1	1	7	5	6	0	+T
II	3975235	C	*/-A	6	2	14.29%	2	1	40	37	0.98	1	1	4	2	2	0	-A
II	3975235	C	*/-AAA	6	2	14.29%	2	2	40	55	0.98	1	1	4	2	1	1	-A
II	3975235	C	*/+A	6	2	14.29%	2	1	40	49	0.98	1	1	4	2	2	0	-A
II	3983331	G	*/+TA	5	7	58.33%	1	2	49	37	0.98	1	1	0	5	2	5	+TA
II	3991766	G	*/+T	12	2	14.29%	2	2	46	55	0.98	1	1	6	6	1	1	+T
II	4006982	C	*/-A	11	4	23.53%	2	2	47	52	0.98	1	1	8	3	3	1	-A
II	4078715	T	*/+A	10	2	16.67%	2	2	44	49	0.98	1	1	7	3	1	1	+A
II	4092255	A	*/+T	17	2	10.53%	2	1	53	55	0.98	1	1	10	7	0	2	+T
II	4249637	A	*/-AT	14	2	12.5%	2	2	52	55	0.98	1	1	9	5	1	1	-AT
II	4254960	G	-A/-A	1	14	93.33%	1	2	37	54	0.98	1	1	1	0	7	7	-A
II	4308414	C	*/+A	4	6	60%	1	2	34	49	0.98	1	1	4	0	2	4	+A
II	4346064	G	*/+AA	6	4	40%	2	1	47	39	0.98	1	1	4	2	4	0	+AA
II	4419921	T	*/+A	4	4	44.44%	1	2	43	55	0.98	1	1	4	0	1	3	+A
II	4455991	A	*/-T	14	2	11.11%	2	2	44	37	0.98	1	1	5	9	1	1	-T
II	4513922	G	*/+GGCTGCTATAATCATTCCCAA	29	3	9.38%	2	1	50	61	0.98	1	1	8	21	0	3	+GGCTGCTATAATCATTCCCAA
II	4516248	T	*/-TCTATCTGTTTC	16	7	30.43%	2	2	47	45	0.98	1	1	11	5	6	1	-TCTATCTGTTTC
II	4517047	T	*/+TACTCATC	36	13	25.49%	2	2	52	42	0.98	1	1	14	22	9	4	+TACTCATC
II	4518476	T	*/-C	47	4	7.84%	2	1	47	46	0.98	1	1	20	27	4	0	-C
II	4521677	T	*/-AA	4	3	37.5%	2	2	46	61	0.98	1	1	2	2	1	2	-AA
II	4525340	G	*/-T	37	8	16.33%	2	2	37	34	0.98	1	1	29	8	3	5	-T
II	4525340	G	*/+T	37	4	8.16%	2	2	37	36	0.98	1	1	29	8	3	1	-T
II	4526843	C	*/-TT	10	2	16.67%	1	2	35	31	0.98	1	1	10	0	1	1	-TT
II	4528465	C	*/+GACAAT	48	11	18.64%	2	2	48	47	0.98	1	1	23	25	6	5	+GACAAT
II	4528483	T	*/-GACAATGACAGA	45	11	19.64%	2	2	42	49	0.98	1	1	23	22	4	7	-GACAATGACAGA
II	4529375	T	*/+ACAACGACAACGACAACG	46	8	12.12%	2	2	49	47	0.98	1	1	23	23	5	3	+ACAACGACAACGACAACG
II	4529375	T	*/+ACAACGACAACGACAACGACAACG	46	7	10.61%	2	2	49	42	0.98	1	1	23	23	2	5	+ACAACGACAACGACAACG
II	4533588	C	*/-T	22	18	45%	2	2	45	39	0.98	1	1	15	7	10	8	-T
II	4534880	A	*/-T	97	12	11.01%	2	2	47	47	0.98	1	1	37	60	6	6	-T
II	4535321	G	*/-GATAT	147	36	19.67%	2	2	44	43	0.98	1	1	71	76	20	16	-GATAT
II	4535523	T	*/+GTTACG	192	24	11.11%	2	2	46	47	0.98	1	1	60	132	8	16	+GTTACG
II	4535548	A	*/-TATGTG	162	21	10.61%	2	2	47	46	0.98	1	1	65	97	10	11	-TATGTG
II	4535548	A	*/+TATGTG	162	12	6.06%	2	2	47	50	0.98	1	1	65	97	7	5	-TATGTG
II	4535645	G	*/-T	121	21	14.79%	2	2	50	42	0.98	1	1	61	60	11	10	-T
II	4535727	A	*/-G	78	27	25.71%	2	2	43	46	0.98	1	1	24	54	14	13	-G
II	4536089	C	*/+AAAAGAAAAGTAAATT	19	2	9.52%	2	1	37	37	0.98	1	1	12	7	0	2	+AAAAGAAAAGTAAATT
II	4536728	A	*/+GAGAGTAGG	127	12	8.39%	2	2	50	48	0.98	1	1	50	77	7	5	+GAGAGTAGG
II	4537213	G	*/+T	78	115	59.28%	2	2	49	51	0.98	1	1	47	31	71	44	+T
II	4537387	A	*/-AATAAGAG	62	97	61.01%	2	2	52	48	0.98	1	1	29	33	55	42	-AATAAGAG
II	4538312	A	*/-TAGGTATAGGTAGAATAAGTAGAGTAGAG	78	6	7.14%	2	2	48	53	0.98	1	1	34	44	3	3	-TAGGTATAGGTAGAATAAGTAGAGTAGAG
II	4539204	G	*/-ATAGGTAGAATAAGTAAAGCAGAATAGGTAGA	134	12	8.22%	2	2	46	40	0.98	1	1	55	79	10	2	-ATAGGTAGAATAAGTAAAGCAGAATAGGTAGA
II	4539236	A	*/-ATAG	94	5	5.05%	2	1	43	37	0.98	1	1	42	52	0	5	-ATAG
III	1558	G	*/-A	16	31	50.82%	2	2	40	37	0.98	1	1	8	8	11	20	-A
III	1558	G	*/+A	16	7	11.48%	2	2	40	37	0.98	1	1	8	8	4	3	-A
III	4729	A	*/-T	246	78	21.43%	2	2	49	52	0.98	1	1	153	93	27	51	-T
III	4729	A	*/+T	246	24	6.59%	2	2	49	52	0.98	1	1	153	93	9	15	-T
III	4952	C	*/+T	179	33	15.21%	2	2	42	47	0.98	1	1	98	81	7	26	+T
III	5403	C	*/-T	294	84	18.92%	2	2	44	44	0.98	1	1	202	92	53	31	-T
III	5403	C	*/-TT	294	28	6.31%	2	2	44	44	0.98	1	1	202	92	14	14	-T
III	9812	T	*/+A	96	20	17.24%	2	2	46	40	0.98	1	1	27	69	1	19	+A
III	10094	A	*/-T	65	4	5.8%	2	1	47	34	0.98	1	1	27	38	0	4	-T
III	12428	G	*/-A	22	23	37.7%	2	2	37	42	0.98	1	1	9	13	4	19	-A
III	12428	G	*/+A	22	14	22.95%	2	2	37	38	0.98	1	1	9	13	10	4	-A
III	15599	A	*/-T	237	82	22.34%	2	2	49	51	0.98	1	1	151	86	37	45	-T
III	15599	A	*/+T	237	31	8.45%	2	2	49	58	0.98	1	1	151	86	6	25	-T
III	15822	C	*/+T	185	26	12.09%	2	2	42	45	0.98	1	1	110	75	13	13	+T
III	16273	C	*/-T	298	108	23.43%	2	2	43	44	0.98	1	1	206	92	48	60	-T
III	16273	C	*/-TT	298	24	5.21%	2	2	43	45	0.98	1	1	206	92	12	12	-T
III	20682	T	*/+A	85	19	17.76%	2	2	48	40	0.98	1	1	21	64	1	18	+A
III	23297	T	*/-G	82	5	5.68%	2	1	44	34	0.98	1	1	28	54	0	5	-G
III	23298	G	*/-A	34	26	34.21%	2	2	40	40	0.98	1	1	13	21	7	19	-A
III	23298	G	*/+A	34	11	14.47%	2	2	40	36	0.98	1	1	13	21	5	6	-A
III	69589	T	*/-A	10	4	28.57%	2	2	38	46	0.98	1	1	3	7	1	3	-A
III	71467	G	*/+T	25	7	21.88%	2	2	45	52	0.98	1	1	18	7	4	3	+T
III	123319	T	*/-A	7	2	22.22%	2	1	54	31	0.98	1	1	6	1	2	0	-A
III	211787	G	*/+TT	12	3	20%	2	2	43	40	0.98	1	1	9	3	1	2	+TT
III	250639	G	*/+A	10	2	16.67%	2	1	50	37	0.98	1	1	8	2	2	0	+A
III	253907	A	*/-T	4	2	20%	2	1	34	31	0.98	1	1	2	2	0	2	-T
III	253907	A	*/+T	4	3	30%	2	1	34	37	0.98	1	1	2	2	3	0	+T
III	286478	C	-TT/-TT	0	7	100%	0	2	0	47	0.98	0	1	0	0	4	3	-TT
III	286594	T	*/+A	3	4	57.14%	2	2	29	46	0.98	1	1	1	2	3	1	+A
III	293096	G	*/-T	8	4	28.57%	2	1	41	52	0.98	1	1	6	2	4	0	-T
III	293096	G	*/+T	8	2	14.29%	2	2	41	55	0.98	1	1	6	2	1	1	-T
III	348685	G	*/-AT	14	2	12.5%	2	2	45	37	0.98	1	1	9	5	1	1	-AT
III	365747	C	-A/-A	3	9	75%	1	2	40	34	0.98	1	1	3	0	6	3	-A
III	431910	C	*/+T	18	2	9.52%	2	1	42	37	0.98	1	1	9	9	2	0	+T
III	563214	T	*/+A	6	9	60%	2	2	37	43	0.98	1	1	5	1	7	2	+A
III	568658	C	*/-T	7	3	27.27%	1	2	42	53	0.98	1	1	7	0	1	2	-T
III	694909	G	*/-T	17	2	10.53%	2	2	47	37	0.98	1	1	5	12	1	1	-T
III	717677	A	-T/-T	0	8	80%	0	2	0	44	0.98	0	1	0	0	5	3	-T
III	717677	A	*/-TT	0	2	20%	0	2	0	55	0.98	0	1	0	0	1	1	-T
III	719955	A	-C/-C	0	5	100%	0	2	0	59	0.98	0	1	0	0	4	1	-C
III	720559	C	*/-T	3	2	40%	1	1	33	42	0.98	1	1	3	0	0	2	-T
III	720683	A	*/+T	2	2	50%	2	2	37	49	0.98	1	1	1	1	1	1	+T
III	822701	G	*/+T	12	3	20%	2	2	53	66	0.98	1	1	7	5	1	2	+T
III	848347	A	*/-T	12	5	29.41%	2	2	52	44	0.98	1	1	7	5	3	2	-T
III	867865	C	-T/-T	0	5	100%	0	2	0	32	0.98	0	1	0	0	2	3	-T
III	966124	G	*/-T	17	6	22.22%	2	1	40	37	0.98	1	1	14	3	6	0	-T
III	966124	G	*/+T	17	2	7.41%	2	1	40	37	0.98	1	1	14	3	2	0	-T
III	966880	T	*/+A	10	4	28.57%	2	2	50	37	0.98	1	1	5	5	2	2	+A
III	996949	A	*/-T	8	4	30.77%	2	2	55	55	0.98	1	1	3	5	1	3	-T
III	1016311	G	+C/+C	0	23	100%	0	2	0	47	0.98	0	1	0	0	12	11	+C
III	1073505	T	*/+ATATAGAG	100	10	9.09%	2	2	50	58	0.98	1	1	60	40	7	3	+ATATAGAG
III	1075530	A	*/+TGGAAGTGGTAAG	79	5	5.95%	2	2	48	37	0.98	1	1	35	44	2	3	+TGGAAGTGGTAAG
III	1079346	A	*/+G	73	9	10.98%	2	2	39	50	0.98	1	1	56	17	5	4	+G
III	1080146	T	*/+ATATAGAG	147	12	7.41%	2	2	46	43	0.98	1	1	58	89	7	5	+ATATAGAG
III	1084026	A	*/+AGTGGTGATGGTT	43	3	6.52%	2	2	42	37	0.98	1	1	12	31	1	2	+AGTGGTGATGGTT
III	1087979	A	*/+G	40	4	9.09%	2	2	49	37	0.98	1	1	20	20	2	2	+G
III	1095550	G	*/-T	6	5	33.33%	2	2	45	42	0.98	1	1	4	2	2	3	-T
III	1095550	G	*/-TT	6	3	20%	2	2	45	52	0.98	1	1	4	2	2	1	-T
III	1103423	T	*/-A	4	8	57.14%	1	2	49	41	0.98	1	1	4	0	4	4	-A
III	1103423	T	*/-AA	4	2	14.29%	1	2	49	42	0.98	1	1	4	0	1	1	-A
III	1103443	A	*/-C	19	2	9.52%	2	1	42	55	0.98	1	1	6	13	2	0	-C
III	1109501	C	*/-CATATTCATGTT	29	3	9.38%	2	2	44	49	0.98	1	1	16	13	2	1	-CATATTCATGTT
III	1114914	T	*/+ACCACTAACCATC	34	4	10.53%	2	2	45	37	0.98	1	1	20	14	1	3	+ACCACTAACCATC
III	1117723	T	*/+C	52	4	7.14%	2	1	47	46	0.98	1	1	20	32	4	0	+C
III	1121674	T	*/+ACCACTAACCATC	44	3	6.38%	2	2	49	37	0.98	1	1	28	16	2	1	+ACCACTAACCATC
III	1124483	T	*/+C	59	7	10.61%	2	2	49	56	0.98	1	1	27	32	4	3	+C
III	1128434	T	*/+ACCACTAACCATC	28	2	6.45%	2	1	40	74	0.98	1	1	16	12	2	0	+ACCACTAACCATC
III	1131243	T	*/+C	30	6	16.67%	2	2	49	55	0.98	1	1	15	15	2	4	+C
III	1135194	T	*/+ACCACTAACCATC	29	3	9.38%	2	2	44	45	0.98	1	1	15	14	1	2	+ACCACTAACCATC
III	1168360	T	*/-G	7	3	30%	2	2	38	53	0.98	1	1	5	2	2	1	-G
III	1244495	G	*/-T	16	3	15.79%	2	2	41	49	0.98	1	1	10	6	2	1	-T
III	1395701	A	*/-AATGTAATGT	2	2	50%	1	1	37	49	0.98	1	1	2	0	0	2	-AATGTAATGT
III	1489392	C	*/+T	14	2	12.5%	2	2	44	74	0.98	1	1	6	8	1	1	+T
III	1575951	G	*/+T	1	2	50%	1	2	74	55	0.98	1	1	1	0	1	1	+T
III	1581366	G	*/-T	6	2	22.22%	2	1	43	37	0.98	1	1	1	5	0	2	-T
III	1594933	T	*/-A	8	2	13.33%	2	2	50	55	0.98	1	1	4	4	1	1	-A
III	1594933	T	*/+A	8	5	33.33%	2	2	50	51	0.98	1	1	4	4	3	2	+A
III	1674618	C	*/+T	6	2	20%	2	2	29	42	0.98	1	1	4	2	1	1	+T
III	1685487	G	+A/+A	2	11	84.62%	2	2	55	40	0.98	1	1	1	1	4	7	+A
III	1695103	C	+ATTT/+ATTT	1	16	94.12%	1	2	37	47	0.98	1	1	1	0	5	11	+ATTT
III	1702276	A	*/-T	27	4	12.5%	2	2	46	34	0.98	1	1	18	9	3	1	-T
III	1707997	T	*/-A	26	2	7.14%	2	2	42	31	0.98	1	1	16	10	1	1	-A
III	1712983	G	*/-A	5	3	33.33%	1	2	44	45	0.98	1	1	5	0	2	1	-A
III	1756400	T	-A/-A	1	20	95.24%	1	2	25	45	0.98	1	1	0	1	4	16	-A
III	1774235	T	*/+GATC	3	11	73.33%	2	2	61	40	0.98	1	1	1	2	8	3	+GATC
III	1821911	C	*/-A	5	3	33.33%	1	1	48	37	0.98	1	1	5	0	3	0	-A
III	1925626	C	*/-A	6	3	33.33%	2	2	54	37	0.98	1	1	4	2	2	1	-A
III	1979604	A	*/-T	6	4	40%	2	2	49	55	0.98	1	1	4	2	3	1	-T
III	1985119	G	*/-T	5	2	20%	2	2	37	42	0.98	1	1	4	1	1	1	-T
III	1985119	G	*/+T	5	2	20%	2	1	37	42	0.98	1	1	4	1	2	0	-T
III	2069607	G	*/-T	6	2	25%	2	2	39	37	0.98	1	1	3	3	1	1	-T
III	2076412	G	*/-T	8	5	38.46%	2	2	46	49	0.98	1	1	5	3	3	2	-T
III	2113205	C	*/-T	7	3	30%	2	2	38	29	0.98	1	1	5	2	1	2	-T
III	2219235	A	*/+T	8	2	20%	2	2	51	37	0.98	1	1	4	4	1	1	+T
III	2240594	C	*/+A	7	2	22.22%	2	2	42	37	0.98	1	1	6	1	1	1	+A
III	2284394	C	*/+T	6	7	50%	2	2	35	38	0.98	1	1	3	3	3	4	+T
III	2309611	T	*/-A	5	4	44.44%	2	1	37	46	0.98	1	1	2	3	0	4	-A
III	2410032	C	*/-A	5	2	25%	2	2	49	37	0.98	1	1	3	2	1	1	-A
III	2420241	T	*/-A	5	3	37.5%	2	2	49	40	0.98	1	1	4	1	2	1	-A
III	2443562	A	+T/+T	5	24	82.76%	2	1	49	36	0.98	1	1	4	1	0	24	+T
III	2447848	T	*/-A	548	174	19.29%	2	2	45	42	0.98	1	1	385	163	131	43	-A
III	2447848	T	*/-AA	548	75	8.31%	2	2	45	45	0.98	1	1	385	163	49	26	-A
III	2447848	T	*/+A	548	73	8.09%	2	2	45	44	0.98	1	1	385	163	58	15	-A
III	2448309	T	-AA/-AA	28	253	88.77%	2	2	46	41	0.98	1	1	17	11	122	131	-AA
III	2448518	T	*/-A	482	177	22.78%	2	2	45	47	0.98	1	1	337	145	119	58	-A
III	2448518	T	*/-AA	482	53	6.82%	2	2	45	43	0.98	1	1	337	145	39	14	-A
III	2448518	T	*/+A	482	51	6.56%	2	2	45	46	0.98	1	1	337	145	33	18	-A
