Chrom	Position	Ref	Cons	Reads1	Reads2	VarFreq	Strands1	Strands2	Qual1	Qual2	Pvalue	MapQual1	MapQual2	Reads1Plus	Reads1Minus	Reads2Plus	Reads2Minus	VarAllele
chr_II_telomeric_gap	8538	G	*/-A	4	5	45.45%	2	2	46	51	0.98	1	1	3	1	4	1	-A
chr_II_telomeric_gap	8538	G	*/-AA	4	2	18.18%	2	2	46	55	0.98	1	1	3	1	1	1	-A
I	3160	A	*/+GTTGTCGTTGTCGTTGTC	54	13	16.88%	2	2	46	40	0.98	1	1	40	14	9	4	+GTTGTCGTTGTCGTTGTC
I	3160	A	*/+GTTGTCGTTGTCGTTGTCGTTGTC	54	9	11.69%	2	2	46	45	0.98	1	1	40	14	6	3	+GTTGTCGTTGTCGTTGTC
I	4047	C	*/-TGTCTCTGTCAT	67	12	15.19%	2	2	42	49	0.98	1	1	27	40	8	4	-TGTCTCTGTCAT
I	4053	C	*/+TGTCAT	47	15	23.44%	2	2	44	37	0.98	1	1	19	28	6	9	+TGTCAT
I	5677	G	*/-A	31	8	17.02%	2	1	37	43	0.98	1	1	27	4	8	0	-A
I	5677	G	*/-AAA	31	3	6.38%	2	1	37	33	0.98	1	1	27	4	3	0	-A
I	6357	T	*/-AA	55	16	21.62%	2	2	46	44	0.98	1	1	23	32	10	6	-AA
I	7192	C	*/-A	35	4	6.67%	2	2	41	40	0.98	1	1	28	7	3	1	A
I	7192	C	*/+A	35	9	15%	2	2	41	42	0.98	1	1	28	7	6	3	+A
I	7192	C	*/+AA	35	4	6.67%	2	2	41	46	0.98	1	1	28	7	3	1	+A
I	10859	G	*/-TT	7	6	42.86%	2	2	42	43	0.98	1	1	4	3	1	5	-TT
I	15734	C	*/-A	19	5	17.86%	2	2	42	44	0.98	1	1	17	2	3	2	-A
I	15734	C	*/-AA	19	2	7.14%	2	1	42	37	0.98	1	1	17	2	2	0	-A
I	15734	C	*/+A	19	2	7.14%	2	1	42	37	0.98	1	1	17	2	2	0	-A
I	17331	C	*/-AT	37	3	7.5%	2	1	45	49	0.98	1	1	19	18	3	0	-AT
I	27402	A	*/+C	17	5	21.74%	2	1	35	37	0.98	1	1	3	14	0	5	+C
I	28398	A	*/+C	56	7	11.11%	2	2	45	58	0.98	1	1	14	42	4	3	+C
I	28467	C	*/+A	41	3	6.82%	2	2	52	61	0.98	1	1	27	14	1	2	+A
I	55244	T	*/-A	11	3	14.29%	2	1	38	40	0.98	1	1	10	1	3	0	-A
I	55244	T	*/-AA	11	3	14.29%	2	1	38	37	0.98	1	1	10	1	3	0	-A
I	55244	T	*/+A	11	2	9.52%	2	1	38	37	0.98	1	1	10	1	2	0	-A
I	91838	A	*/+T	9	2	16.67%	2	2	52	55	0.98	1	1	4	5	1	1	+T
I	98884	C	*/+A	134	11	7.59%	2	2	52	62	0.98	1	1	72	62	6	5	+A
I	101871	A	+G/+G	2	33	89.19%	1	2	68	46	0.98	1	1	2	0	15	18	+G
I	107898	G	*/+T	19	2	9.52%	2	1	49	31	0.98	1	1	12	7	0	2	+T
I	112451	A	*/+T	15	2	11.76%	2	1	38	37	0.98	1	1	5	10	0	2	+T
I	190112	C	*/-A	14	3	17.65%	2	2	39	44	0.98	1	1	7	7	1	2	-A
I	206448	C	*/-T	10	2	11.76%	2	2	34	42	0.98	1	1	9	1	1	1	-T
I	206448	C	*/-TT	10	2	11.76%	2	2	34	42	0.98	1	1	9	1	1	1	-T
I	206448	C	*/+T	10	2	11.76%	2	1	34	48	0.98	1	1	9	1	0	2	-T
I	208899	G	*/-A	25	2	7.41%	2	1	51	37	0.98	1	1	8	17	0	2	-A
I	216147	C	*/-T	26	2	6.9%	2	1	44	49	0.98	1	1	12	14	2	0	-T
I	218494	G	*/+A	21	2	8.7%	2	1	44	31	0.98	1	1	5	16	0	2	+A
I	232688	T	*/-A	9	3	23.08%	2	2	42	37	0.98	1	1	4	5	1	2	-A
I	245360	C	*/-G	26	2	7.14%	2	1	44	37	0.98	1	1	12	14	0	2	-G
I	301305	G	*/-T	26	3	10%	2	1	50	45	0.98	1	1	12	14	0	3	-T
I	414079	C	*/-T	11	6	33.33%	2	2	51	47	0.98	1	1	8	3	5	1	-T
I	440084	T	*/+A	3	5	55.56%	2	2	49	47	0.98	1	1	1	2	2	3	+A
I	441614	C	*/-T	12	3	15.79%	2	2	33	44	0.98	1	1	10	2	1	2	-T
I	441614	C	*/-TT	12	2	10.53%	2	1	33	37	0.98	1	1	10	2	2	0	-T
I	441614	C	*/+T	12	2	10.53%	2	2	33	55	0.98	1	1	10	2	1	1	-T
I	441633	T	*/-G	21	2	8.7%	2	1	42	36	0.98	1	1	13	8	2	0	-G
I	453369	G	*/+A	7	2	18.18%	1	1	37	37	0.98	1	1	7	0	2	0	+A
I	456726	G	*/-T	15	2	11.76%	2	2	46	55	0.98	1	1	8	7	1	1	-T
I	470378	A	-C/-C	2	21	91.3%	1	2	37	45	0.98	1	1	0	2	12	9	-C
I	470390	A	-C/-C	0	26	100%	0	2	0	46	0.98	0	1	0	0	16	10	-C
I	482737	A	+G/+G	1	43	97.73%	1	2	62	43	0.98	1	1	0	1	17	26	+G
I	499367	G	*/+A	14	2	12.5%	2	1	44	37	0.98	1	1	11	3	2	0	+A
I	521845	T	*/-A	21	6	22.22%	2	2	52	53	0.98	1	1	12	9	3	3	-A
I	528541	C	*/+A	23	3	11.54%	2	2	41	34	0.98	1	1	18	5	1	2	+A
I	554527	A	+T/+T	1	15	88.24%	1	2	37	38	0.98	1	1	1	0	7	8	+T
I	562745	A	*/+T	8	3	23.08%	2	1	61	40	0.98	1	1	7	1	0	3	+T
I	650099	C	*/+AA	6	3	25%	2	1	38	49	0.98	1	1	4	2	3	0	+AA
I	660056	T	*/+G	14	2	12.5%	2	1	42	31	0.98	1	1	10	4	2	0	+G
I	670032	C	+A/+A	4	80	94.12%	2	2	55	53	0.98	1	1	2	2	24	56	+A
I	682993	T	-C/-C	1	36	97.3%	1	2	37	51	0.98	1	1	1	0	15	21	-C
I	719597	G	*/-TA	40	3	6.98%	2	2	54	57	0.98	1	1	15	25	1	2	-TA
I	765477	A	*/-T	12	5	29.41%	2	2	42	29	0.98	1	1	4	8	3	2	-T
I	793917	A	*/-T	6	3	30%	2	2	47	37	0.98	1	1	4	2	2	1	-T
I	807903	A	*/+T	12	2	12.5%	2	2	45	55	0.98	1	1	6	6	1	1	+T
I	862962	C	+T/+T	1	16	94.12%	1	2	37	50	0.98	1	1	1	0	9	7	+T
I	934908	T	*/+AA	18	5	19.23%	1	2	38	44	0.98	1	1	18	0	2	3	+AA
I	934908	T	*/+AAA	18	2	7.69%	1	1	38	31	0.98	1	1	18	0	2	0	+AA
I	960025	G	+T/+T	2	14	82.35%	2	2	31	43	0.98	1	1	1	1	7	7	+T
I	965438	C	*/+A	6	3	27.27%	1	1	35	37	0.98	1	1	6	0	3	0	+A
I	995070	G	*/+T	9	2	16.67%	2	1	39	37	0.98	1	1	7	2	2	0	+T
I	1048635	G	*/+A	4	8	57.14%	1	2	52	41	0.98	1	1	4	0	6	2	+A
I	1048635	G	*/+AA	4	2	14.29%	1	2	52	61	0.98	1	1	4	0	1	1	+A
I	1079583	T	*/+AAAAAAA	0	3	50%	0	2	0	49	0.98	0	1	0	0	2	1	+AAAAAAA
I	1083962	G	*/+T	16	2	11.11%	2	1	42	37	0.98	1	1	7	9	2	0	+T
I	1110373	C	*/+T	19	2	9.52%	2	1	41	55	0.98	1	1	8	11	2	0	+T
I	1137033	A	*/+T	14	2	12.5%	2	2	42	37	0.98	1	1	5	9	1	1	+T
I	1150640	T	*/+A	27	5	15.62%	2	1	48	44	0.98	1	1	11	16	0	5	+A
I	1185797	G	*/-A	6	3	30%	2	1	40	37	0.98	1	1	3	3	3	0	-A
I	1206603	G	*/-T	38	6	13.33%	2	2	53	49	0.98	1	1	22	16	5	1	-T
I	1227180	G	*/+A	18	2	10%	2	2	39	55	0.98	1	1	9	9	1	1	+A
I	1254655	T	*/-A	13	2	11.76%	2	1	46	31	0.98	1	1	7	6	2	0	-A
I	1274803	T	+A/+A	0	20	100%	0	2	0	44	0.98	0	1	0	0	7	13	+A
I	1290605	A	*/-T	16	5	20.83%	2	2	43	44	0.98	1	1	10	6	2	3	-T
I	1290605	A	*/+T	16	3	12.5%	2	2	43	49	0.98	1	1	10	6	2	1	-T
I	1358794	C	*/+A	7	7	43.75%	2	2	42	37	0.98	1	1	5	2	5	2	+A
I	1398089	C	*/-A	23	2	7.69%	2	2	42	37	0.98	1	1	10	13	1	1	-A
I	1424708	C	-A/-A	0	23	100%	0	2	0	43	0.98	0	1	0	0	13	10	-A
I	1451777	A	*/-T	15	3	16.67%	2	1	49	49	0.98	1	1	5	10	3	0	-T
I	1454446	C	*/+A	31	5	13.51%	2	2	44	59	0.98	1	1	18	13	4	1	+A
I	1496317	C	*/-A	2	13	61.9%	2	2	37	50	0.98	1	1	1	1	3	10	-A
I	1496317	C	*/-AA	2	6	28.57%	2	2	37	39	0.98	1	1	1	1	1	5	-A
I	1509277	C	+T/+T	3	17	85%	1	2	33	41	0.98	1	1	3	0	9	8	+T
I	1509738	G	*/-A	24	4	14.29%	2	2	39	36	0.98	1	1	21	3	3	1	-A
I	1541472	G	*/-T	16	2	9.52%	1	1	36	49	0.98	1	1	16	0	2	0	-T
I	1541472	G	*/+T	16	2	9.52%	1	1	36	37	0.98	1	1	16	0	2	0	-T
I	1595056	C	*/-TTT	7	2	15.38%	2	2	33	55	0.98	1	1	6	1	1	1	-TTT
I	1595056	C	*/+T	7	2	15.38%	2	2	33	37	0.98	1	1	6	1	1	1	-TTT
I	1598879	A	*/-T	28	2	6.67%	2	2	45	55	0.98	1	1	17	11	1	1	-T
I	1599291	T	*/-A	7	3	27.27%	2	1	37	33	0.98	1	1	3	4	0	3	-A
I	1625092	T	+C/+C	1	12	92.31%	1	2	37	52	0.98	1	1	1	0	7	5	+C
I	1666841	G	*/-T	8	2	18.18%	2	2	54	37	0.98	1	1	5	3	1	1	-T
I	1765306	C	*/+A	10	2	14.29%	2	1	35	42	0.98	1	1	9	1	2	0	+A
I	1777634	A	*/-T	8	3	25%	2	2	46	61	0.98	1	1	5	3	2	1	-T
I	1834606	G	*/-A	34	2	5.56%	2	2	51	55	0.98	1	1	17	17	1	1	-A
I	1837916	G	*/-TT	8	2	18.18%	2	1	38	37	0.98	1	1	6	2	2	0	-TT
I	1849285	C	*/-T	29	3	9.09%	2	1	49	61	0.98	1	1	15	14	3	0	-T
I	1852571	C	*/-T	12	3	20%	2	1	40	37	0.98	1	1	5	7	3	0	-T
I	1890184	C	*/-A	9	4	28.57%	2	2	43	55	0.98	1	1	7	2	3	1	-A
I	1905214	C	*/+T	13	3	18.75%	2	1	44	65	0.98	1	1	7	6	3	0	+T
I	1936294	G	+A/+A	0	16	100%	0	2	0	48	0.98	0	1	0	0	11	5	+A
I	1952313	A	+T/+T	1	31	91.18%	1	2	37	50	0.98	1	1	0	1	21	10	+T
I	1954162	C	*/-A	12	5	19.23%	2	2	43	51	0.98	1	1	8	4	3	2	-A
I	1954162	C	*/-AA	12	4	15.38%	2	2	43	36	0.98	1	1	8	4	3	1	-A
I	1954162	C	*/+A	12	2	7.69%	2	1	43	55	0.98	1	1	8	4	2	0	-A
I	1954162	C	*/+AA	12	2	7.69%	2	1	43	42	0.98	1	1	8	4	2	0	-A
I	1955754	C	*/+T	4	2	18.18%	1	2	39	30	0.98	1	1	4	0	1	1	+T
I	1955754	C	*/+TT	4	2	18.18%	1	2	39	31	0.98	1	1	4	0	1	1	+T
I	1955853	T	*/+A	5	2	25%	2	1	34	37	0.98	1	1	2	3	2	0	+A
I	2025000	C	*/+T	12	5	21.74%	2	2	41	41	0.98	1	1	8	4	3	2	+T
I	2025000	C	*/+TT	12	2	8.7%	2	1	41	37	0.98	1	1	8	4	2	0	+T
I	2041947	C	*/-T	23	2	8%	2	1	36	49	0.98	1	1	22	1	0	2	-T
I	2041948	T	*/-A	18	3	13.04%	1	1	37	37	0.98	1	1	18	0	3	0	-A
I	2041948	T	*/-AAA	18	2	8.7%	1	2	37	55	0.98	1	1	18	0	1	1	-A
I	2052488	A	*/-T	22	8	23.53%	2	2	47	50	0.98	1	1	12	10	6	2	-T
I	2052488	A	*/+T	22	3	8.82%	2	2	47	49	0.98	1	1	12	10	2	1	-T
I	2096013	T	*/-A	20	5	20%	2	2	43	49	0.98	1	1	11	9	2	3	-A
I	2139856	G	+T/+T	0	15	100%	0	2	0	43	0.98	0	1	0	0	6	9	+T
I	2154491	T	+A/+A	1	27	96.43%	1	2	37	48	0.98	1	1	0	1	10	17	+A
I	2178948	C	*/+A	24	2	7.69%	2	2	37	49	0.98	1	1	20	4	1	1	+A
I	2227936	T	*/+AAA	1	5	62.5%	1	2	37	41	0.98	1	1	1	0	1	4	+AAA
I	2231735	C	*/-A	11	2	15.38%	2	2	45	31	0.98	1	1	5	6	1	1	-A
I	2255899	G	*/+T	26	2	6.9%	2	2	45	74	0.98	1	1	19	7	1	1	+T
I	2266008	A	*/+T	23	4	14.81%	2	2	48	43	0.98	1	1	13	10	1	3	+T
I	2273201	T	*/-A	9	5	26.32%	2	2	43	42	0.98	1	1	3	6	4	1	-A
I	2273201	T	*/-AA	9	2	10.53%	2	2	43	36	0.98	1	1	3	6	1	1	-A
I	2279763	A	*/+T	15	2	11.76%	2	2	48	36	0.98	1	1	6	9	1	1	+T
I	2288240	C	-G/-G	0	36	100%	0	2	0	56	0.98	0	1	0	0	19	17	-G
I	2292331	C	*/-T	16	2	11.11%	2	2	51	49	0.98	1	1	11	5	1	1	-T
I	2292695	C	*/-T	15	2	11.76%	2	2	45	37	0.98	1	1	9	6	1	1	-T
I	2322636	C	*/-A	17	10	31.25%	2	1	38	39	0.98	1	1	15	2	10	0	-A
I	2322636	C	*/+A	17	3	9.38%	2	1	38	37	0.98	1	1	15	2	3	0	-A
I	2325657	G	*/+TT	22	2	7.41%	2	1	44	37	0.98	1	1	8	14	2	0	+TT
I	2327021	C	*/-A	13	4	21.05%	2	1	37	37	0.98	1	1	4	9	4	0	-A
I	2343703	G	+A/+A	0	15	100%	0	2	0	43	0.98	0	1	0	0	8	7	+A
I	2401096	C	*/-A	20	2	8.33%	2	2	54	55	0.98	1	1	12	8	1	1	-A
I	2401096	C	*/+A	20	2	8.33%	2	2	54	74	0.98	1	1	12	8	1	1	-A
I	2421576	A	-C/-C	1	24	96%	1	2	74	49	0.98	1	1	1	0	15	9	-C
I	2499149	A	-T/-T	3	21	87.5%	1	2	61	41	0.98	1	1	3	0	10	11	-T
I	2507462	T	+A/+A	1	19	95%	1	2	37	40	0.98	1	1	0	1	11	8	+A
I	2510060	T	+A/+A	1	10	90.91%	1	2	74	52	0.98	1	1	1	0	5	5	+A
I	2525300	T	*/-A	20	6	22.22%	2	2	51	55	0.98	1	1	12	8	2	4	-A
I	2525713	C	*/-T	23	4	12.9%	2	1	40	40	0.98	1	1	21	2	4	0	-T
I	2525713	C	*/+T	23	4	12.9%	2	2	40	49	0.98	1	1	21	2	2	2	-T
I	2578262	T	*/-A	17	2	10%	2	1	53	49	0.98	1	1	9	8	0	2	-A
I	2588021	C	+A/+A	0	10	100%	0	2	0	40	0.98	0	1	0	0	7	3	+A
I	2588066	C	+A/+A	0	12	100%	0	2	0	45	0.98	0	1	0	0	6	6	+A
I	2594263	C	+T/+T	1	13	92.86%	1	2	48	51	0.98	1	1	1	0	7	6	+T
I	2594324	T	+A/+A	3	15	83.33%	2	2	49	47	0.98	1	1	1	2	10	5	+A
I	2594351	T	+A/+A	0	16	100%	0	2	0	48	0.98	0	1	0	0	12	4	+A
I	2594391	A	+T/+T	0	18	100%	0	2	0	46	0.98	0	1	0	0	12	6	+T
I	2605860	G	-T/-T	3	30	90.91%	2	2	49	40	0.98	1	1	1	2	11	19	-T
I	2607669	A	+T/+T	2	35	94.59%	2	2	37	46	0.98	1	1	1	1	20	15	+T
I	2641994	T	*/+A	11	2	15.38%	2	1	48	74	0.98	1	1	8	3	0	2	+A
I	2683902	T	-C/-C	1	23	95.83%	1	2	62	44	0.98	1	1	1	0	14	9	-C
I	2734795	G	*/+T	29	2	6.45%	2	2	43	37	0.98	1	1	13	16	1	1	+T
I	2747027	T	*/-A	12	5	27.78%	2	2	39	37	0.98	1	1	9	3	3	2	-A
I	2751236	T	-A/-A	4	33	84.62%	2	2	49	44	0.98	1	1	3	1	16	17	-A
I	2751236	T	*/-AA	4	2	5.13%	2	1	49	37	0.98	1	1	3	1	0	2	-A
I	2759871	T	*/+A	1	4	28.57%	1	1	25	37	0.98	1	1	1	0	4	0	+A
I	2759871	T	*/+C	1	9	64.29%	1	2	25	45	0.98	1	1	1	0	5	4	+C
I	2876870	C	*/-T	18	2	10%	2	2	43	55	0.98	1	1	10	8	1	1	-T
I	2897634	G	*/-TA	45	4	8.16%	2	1	46	55	0.98	1	1	17	28	0	4	-TA
I	2960791	T	*/-A	22	2	7.41%	2	2	48	31	0.98	1	1	12	10	1	1	-A
I	3023963	C	*/+TT	22	2	8.33%	2	2	45	31	0.98	1	1	8	14	1	1	+TT
I	3033347	C	*/-T	25	4	12.12%	2	2	45	34	0.98	1	1	17	8	1	3	-T
I	3033347	C	*/+T	25	3	9.09%	2	1	45	37	0.98	1	1	17	8	3	0	-T
I	3084527	A	*/+AGT	54	3	5.26%	2	2	51	74	0.98	1	1	21	33	2	1	+AGT
I	3125118	A	+T/+T	0	16	100%	0	2	0	50	0.98	0	1	0	0	9	7	+T
I	3134492	A	*/-T	24	4	13.79%	2	2	43	55	0.98	1	1	11	13	3	1	-T
I	3144699	T	*/-A	9	2	15.38%	2	1	38	37	0.98	1	1	8	1	2	0	-A
I	3159994	C	*/-T	77	10	11.36%	2	2	41	43	0.98	1	1	53	24	9	1	-T
I	3166776	G	*/+TT	2	4	23.53%	1	2	31	49	0.98	1	1	2	0	2	2	+TT
I	3166776	G	*/+TTT	2	8	47.06%	1	1	31	38	0.98	1	1	2	0	8	0	+TTT
I	3178494	C	+T/+T	2	16	84.21%	2	2	37	43	0.98	1	1	1	1	9	7	+T
I	3184255	T	*/-A	10	4	25%	2	1	51	46	0.98	1	1	3	7	0	4	-A
I	3197528	A	+G/+G	3	22	81.48%	2	2	49	51	0.98	1	1	1	2	10	12	+G
I	3237470	A	*/-T	19	2	9.52%	2	1	44	55	0.98	1	1	10	9	2	0	-T
I	3272125	C	*/-T	27	2	6.67%	2	2	50	37	0.98	1	1	12	15	1	1	-T
I	3281928	C	*/-A	21	2	8.33%	2	2	43	74	0.98	1	1	14	7	1	1	-A
I	3299997	G	*/-A	36	4	9.52%	2	2	41	42	0.98	1	1	24	12	2	2	-A
I	3303111	C	*/-T	18	3	13.64%	2	2	44	37	0.98	1	1	11	7	2	1	-T
I	3303394	C	*/-AT	17	3	15%	2	2	45	74	0.98	1	1	5	12	1	2	-AT
I	3380449	C	*/-A	24	4	13.79%	2	2	45	64	0.98	1	1	10	14	2	2	-A
I	3404612	C	*/-T	5	2	25%	1	2	37	31	0.98	1	1	5	0	1	1	-T
I	3404991	C	*/-T	11	4	26.67%	1	1	34	34	0.98	1	1	11	0	4	0	-T
I	3450130	G	-T/-T	0	14	100%	0	2	0	42	0.98	0	1	0	0	6	8	-T
I	3460318	T	+C/+C	0	24	100%	0	2	0	53	0.98	0	1	0	0	15	9	+C
I	3460476	G	*/+A	21	4	15.38%	2	2	45	55	0.98	1	1	17	4	2	2	+A
I	3462650	A	*/-T	11	3	18.75%	2	2	47	49	0.98	1	1	7	4	1	2	-T
I	3477396	C	*/+A	13	4	23.53%	2	2	37	52	0.98	1	1	6	7	2	2	+A
I	3478592	A	*/-T	20	3	12.5%	2	1	36	37	0.98	1	1	17	3	3	0	-T
I	3538413	A	+T/+T	2	16	88.89%	2	2	37	44	0.98	1	1	1	1	6	10	+T
I	3538428	G	+T/+T	0	17	100%	0	2	0	46	0.98	0	1	0	0	7	10	+T
I	3538436	T	+A/+A	0	17	100%	0	2	0	47	0.98	0	1	0	0	7	10	+A
I	3538449	T	+TA/+TA	1	16	94.12%	1	2	74	40	0.98	1	1	1	0	6	10	+TA
I	3538456	A	+AT/+AT	0	15	100%	0	2	0	41	0.98	0	1	0	0	5	10	+AT
I	3547852	G	*/-A	31	3	8.82%	2	2	47	45	0.98	1	1	16	15	2	1	-A
I	3574812	C	*/+A	18	2	10%	2	2	44	37	0.98	1	1	7	11	1	1	+A
I	3576627	C	*/-T	2	2	50%	1	2	37	37	0.98	1	1	2	0	1	1	-T
I	3576756	T	*/+TCTTCTC	4	4	30.77%	1	2	37	43	0.98	1	1	0	4	3	1	C
I	3576929	C	+T/+T	1	16	88.89%	1	2	48	47	0.98	1	1	0	1	6	10	+T
I	3580034	C	*/+T	4	5	41.67%	2	2	52	39	0.98	1	1	1	3	1	4	+T
I	3609896	T	*/-A	7	5	41.67%	2	2	49	39	0.98	1	1	5	2	3	2	-A
I	3645091	G	*/-T	26	2	7.14%	2	2	47	55	0.98	1	1	18	8	1	1	-T
I	3659724	C	*/-T	27	5	12.82%	2	2	40	42	0.98	1	1	23	4	4	1	-T
I	3659724	C	*/+T	27	4	10.26%	2	2	40	55	0.98	1	1	23	4	2	2	-T
I	3659724	C	*/+TT	27	2	5.13%	2	1	40	33	0.98	1	1	23	4	2	0	-T
I	3665610	G	+C/+C	0	33	100%	0	2	0	47	0.98	0	1	0	0	18	15	+C
I	3700385	T	*/+A	3	2	10%	1	1	45	45	0.98	1	1	3	0	2	0	+A
I	3700385	T	*/+AA	3	14	70%	1	2	45	49	0.98	1	1	3	0	4	10	+AA
I	3730369	A	+T/+T	1	22	91.67%	1	2	25	42	0.98	1	1	0	1	12	10	+T
I	3745734	A	*/-AT	19	2	9.09%	2	2	51	61	0.98	1	1	6	13	1	1	-AT
I	3756354	A	*/-AT	6	2	25%	2	1	47	55	0.98	1	1	2	4	0	2	-AT
I	3765328	C	*/+T	6	11	64.71%	2	2	36	40	0.98	1	1	5	1	9	2	+T
I	3765366	T	*/-A	17	2	10.53%	2	2	41	37	0.98	1	1	7	10	1	1	-A
I	3776933	G	+A/+A	3	10	76.92%	2	2	45	35	0.98	1	1	1	2	2	8	+A
I	3820599	T	*/+A	33	2	5.71%	2	2	44	37	0.98	1	1	14	19	1	1	+A
I	3855790	G	-T/-T	0	23	100%	0	2	0	44	0.98	0	1	0	0	17	6	-T
I	3879465	T	*/-A	20	2	9.09%	2	2	45	49	0.98	1	1	9	11	1	1	-A
I	3898271	C	*/-A	24	5	17.24%	2	2	49	44	0.98	1	1	14	10	2	3	-A
I	3940025	G	+T/+T	2	19	90.48%	2	2	55	46	0.98	1	1	1	1	4	15	+T
I	3984736	A	*/-GGT	148	9	5.73%	2	1	44	45	0.98	1	1	42	106	0	9	-GGT
I	3992212	A	*/-AC	19	4	17.39%	2	2	41	61	0.98	1	1	3	16	2	2	-AC
I	3993180	C	*/-T	30	2	6.25%	2	1	43	68	0.98	1	1	15	15	2	0	-T
I	3996048	G	*/-A	124	7	5.34%	2	2	50	51	0.98	1	1	56	68	1	6	-A
I	4004016	G	*/-T	11	5	29.41%	2	2	53	49	0.98	1	1	6	5	2	3	-T
I	4010237	A	*/-G	16	3	12.5%	1	1	40	37	0.98	1	1	16	0	3	0	-G
I	4010237	A	*/-GG	16	4	16.67%	1	1	40	34	0.98	1	1	16	0	4	0	-GG
I	4055052	T	*/+A	5	12	70.59%	1	2	56	53	0.98	1	1	5	0	6	6	+A
I	4112106	G	*/+A	37	2	5.13%	2	1	50	37	0.98	1	1	26	11	2	0	+A
I	4119366	T	*/-A	23	2	8%	2	2	45	55	0.98	1	1	15	8	1	1	-A
I	4137001	T	*/-A	31	2	5.88%	2	1	43	37	0.98	1	1	21	10	2	0	-A
I	4140090	A	*/-T	19	2	9.52%	2	2	42	31	0.98	1	1	9	10	1	1	-T
I	4153651	C	*/-T	19	3	13.64%	2	1	36	37	0.98	1	1	14	5	3	0	-T
I	4168589	A	*/+T	13	2	13.33%	2	1	51	37	0.98	1	1	8	5	2	0	+T
I	4179641	C	*/+A	15	3	16.67%	2	1	37	45	0.98	1	1	11	4	3	0	+A
I	4179701	C	*/+T	5	3	30%	2	1	39	37	0.98	1	1	3	2	3	0	+T
I	4241118	G	*/-A	15	7	26.92%	2	2	41	40	0.98	1	1	11	4	5	2	-A
I	4241118	G	*/-AA	15	3	11.54%	2	1	41	49	0.98	1	1	11	4	3	0	-A
I	4254249	T	*/-C	22	2	8.33%	2	1	46	37	0.98	1	1	13	9	2	0	-C
I	4276890	G	+T/+T	1	22	91.67%	1	2	37	44	0.98	1	1	1	0	10	12	+T
I	4297973	G	*/-T	15	2	11.76%	2	1	55	49	0.98	1	1	6	9	0	2	-T
I	4304169	G	+A/+A	1	23	95.83%	1	2	74	39	0.98	1	1	1	0	14	9	+A
I	4338694	G	*/-T	35	4	10%	2	2	46	52	0.98	1	1	24	11	3	1	-T
I	4374342	A	-G/-G	1	36	97.3%	1	2	37	50	0.98	1	1	0	1	25	11	-G
I	4386268	G	*/-A	7	2	20%	2	1	47	55	0.98	1	1	5	2	2	0	-A
I	4394766	C	*/-A	15	2	11.11%	2	1	43	37	0.98	1	1	12	3	2	0	-A
I	4407494	T	+G/+G	0	33	100%	0	2	0	46	0.98	0	1	0	0	16	17	+G
I	4410191	C	-G/-G	0	23	100%	0	2	0	50	0.98	0	1	0	0	15	8	-G
I	4414201	C	*/-T	4	7	53.85%	1	2	43	35	0.98	1	1	4	0	6	1	-T
I	4414201	C	*/-TT	4	2	15.38%	1	1	43	37	0.98	1	1	4	0	2	0	-T
I	4414723	T	*/+AAAA	4	2	22.22%	1	2	37	42	0.98	1	1	4	0	1	1	+AAAA
I	4414723	T	*/+AAAAA	4	3	33.33%	1	2	37	49	0.98	1	1	4	0	2	1	+AAAAA
I	4431856	G	+A/+A	3	42	93.33%	1	2	53	47	0.98	1	1	3	0	20	22	+A
I	4431868	C	+A/+A	2	41	95.35%	2	2	55	44	0.98	1	1	1	1	20	21	+A
I	4442621	A	*/-AT	33	8	19.51%	2	2	49	44	0.98	1	1	17	16	4	4	-AT
I	4455149	G	*/+A	3	7	63.64%	1	2	53	36	0.98	1	1	3	0	5	2	+A
I	4507370	C	*/+A	21	2	8.7%	2	2	42	55	0.98	1	1	11	10	1	1	+A
I	4514478	T	*/-A	15	4	15.38%	2	2	44	43	0.98	1	1	13	2	3	1	-A
I	4514478	T	*/-AA	15	5	19.23%	2	2	44	44	0.98	1	1	13	2	1	4	-AA
I	4514478	T	*/-AAA	15	2	7.69%	2	1	44	37	0.98	1	1	13	2	2	0	-AA
I	4648159	T	*/-G	11	17	53.12%	2	2	42	47	0.98	1	1	6	5	9	8	-G
I	4648159	T	*/-GG	11	3	9.38%	2	2	42	37	0.98	1	1	6	5	2	1	-G
I	4664752	G	*/+T	20	2	9.09%	2	1	47	31	0.98	1	1	11	9	2	0	+T
I	4721875	G	+A/+A	1	9	90%	1	2	25	52	0.98	1	1	1	0	6	3	+A
I	4733668	G	*/-A	13	2	13.33%	2	2	40	55	0.98	1	1	9	4	1	1	-A
I	4746669	C	*/+T	28	3	9.68%	2	2	45	53	0.98	1	1	15	13	2	1	+T
I	4754709	C	*/-T	33	2	5.71%	2	2	43	37	0.98	1	1	8	25	1	1	-T
I	4760698	T	*/-A	20	3	13.04%	2	2	43	49	0.98	1	1	12	8	2	1	-A
I	4764253	G	+A/+A	5	22	75.86%	2	2	54	44	0.98	1	1	4	1	16	6	+A
I	4820462	C	*/-T	19	2	9.52%	2	2	55	37	0.98	1	1	10	9	1	1	-T
I	4911431	G	*/+T	11	2	12.5%	1	1	35	37	0.98	1	1	11	0	2	0	+T
I	4916623	C	*/+A	15	2	9.52%	2	2	38	55	0.98	1	1	11	4	1	1	+A
I	4926046	C	*/+T	5	8	50%	2	2	32	36	0.98	1	1	4	1	7	1	+T
I	4926046	C	*/+TT	5	3	18.75%	2	1	32	35	0.98	1	1	4	1	3	0	+T
I	4962413	C	*/-T	10	2	15.38%	2	2	43	37	0.98	1	1	8	2	1	1	-T
I	4963870	G	*/-AT	13	2	13.33%	2	2	45	37	0.98	1	1	11	2	1	1	-AT
I	4984784	A	*/-T	6	5	38.46%	2	2	49	39	0.98	1	1	4	2	4	1	-T
I	5002717	C	*/-A	15	2	11.11%	2	2	41	37	0.98	1	1	6	9	1	1	-A
I	5037093	C	*/+A	23	2	8%	2	2	38	68	0.98	1	1	11	12	1	1	+A
I	5045335	G	*/-T	18	2	10%	2	1	46	55	0.98	1	1	8	10	2	0	-T
I	5055030	G	*/-A	37	2	5.13%	2	1	41	37	0.98	1	1	3	34	0	2	-A
I	5078848	G	*/+A	12	2	13.33%	2	1	38	43	0.98	1	1	8	4	2	0	+A
I	5142627	A	+G/+G	0	17	100%	0	2	0	45	0.98	0	1	0	0	7	10	+G
I	5148414	T	-A/-A	1	34	97.14%	1	2	37	48	0.98	1	1	1	0	18	16	-A
I	5159554	C	*/+T	19	2	9.09%	2	1	37	36	0.98	1	1	9	10	0	2	+T
I	5173087	C	+T/+T	4	18	81.82%	2	2	49	42	0.98	1	1	1	3	4	14	+T
I	5173430	G	*/+T	7	12	54.55%	1	2	40	42	0.98	1	1	7	0	7	5	+T
I	5173430	G	*/+TT	7	2	9.09%	1	1	40	55	0.98	1	1	7	0	2	0	+T
I	5176926	T	*/+A	3	5	62.5%	2	2	57	44	0.98	1	1	2	1	2	3	+A
I	5177757	A	*/-C	20	2	9.09%	2	1	43	49	0.98	1	1	18	2	0	2	-C
I	5177760	A	*/-T	14	5	21.74%	2	2	42	34	0.98	1	1	11	3	4	1	-T
I	5177760	A	*/+T	14	2	8.7%	2	1	42	42	0.98	1	1	11	3	2	0	-T
I	5266596	A	*/-T	23	2	7.69%	2	1	50	42	0.98	1	1	15	8	2	0	-T
I	5271432	C	*/+TTT	6	4	36.36%	1	2	35	39	0.98	1	1	6	0	1	3	+TTT
I	5271793	A	*/-T	28	2	6.67%	2	2	50	55	0.98	1	1	17	11	1	1	-T
I	5363995	C	*/+A	30	2	6.06%	2	2	50	37	0.98	1	1	10	20	1	1	+A
I	5368262	T	-C/-C	2	50	96.15%	2	2	55	48	0.98	1	1	1	1	16	34	-C
I	5368273	G	+T/+T	2	54	93.1%	1	2	37	48	0.98	1	1	0	2	15	39	+T
I	5426622	C	+T/+T	4	15	78.95%	1	2	46	47	0.98	1	1	4	0	10	5	+T
I	5486193	G	*/-T	32	2	5.88%	2	2	42	37	0.98	1	1	15	17	1	1	-T
I	5515466	A	*/+T	26	2	7.14%	2	2	43	37	0.98	1	1	9	17	1	1	+T
I	5547223	T	*/-A	11	4	26.67%	2	1	50	34	0.98	1	1	6	5	4	0	-A
I	5557287	A	*/-T	7	3	25%	2	2	42	40	0.98	1	1	5	2	1	2	-T
I	5557287	A	*/-TT	7	2	16.67%	2	2	42	42	0.98	1	1	5	2	1	1	-T
I	5559365	C	*/-T	9	3	23.08%	2	1	41	37	0.98	1	1	6	3	3	0	-T
I	5562426	A	*/-T	23	3	11.54%	2	1	49	49	0.98	1	1	17	6	3	0	-T
I	5567937	C	*/-A	8	5	38.46%	2	1	37	37	0.98	1	1	5	3	5	0	-A
I	5568055	C	*/-T	25	2	7.41%	2	2	42	37	0.98	1	1	16	9	1	1	-T
I	5573647	T	*/-C	38	3	7.32%	2	2	45	49	0.98	1	1	18	20	1	2	-C
I	5576850	T	*/-AA	12	10	45.45%	2	2	40	37	0.98	1	1	7	5	8	2	-AA
II	7268	G	*/-T	30	4	11.43%	2	1	43	55	0.98	1	1	20	10	0	4	-T
II	15830	T	*/-A	6	2	20%	2	1	31	49	0.98	1	1	3	3	0	2	-A
II	16652	G	*/-T	17	2	10%	2	1	48	55	0.98	1	1	9	8	0	2	-T
II	23557	G	*/-A	8	2	15.38%	2	2	37	31	0.98	1	1	6	2	1	1	-A
II	23557	G	*/-AA	8	2	15.38%	2	2	37	42	0.98	1	1	6	2	1	1	-A
II	31617	A	*/-T	4	3	37.5%	2	2	43	37	0.98	1	1	2	2	1	2	-T
II	46913	T	*/-A	9	2	16.67%	2	1	36	37	0.98	1	1	7	2	2	0	-A
II	113240	T	*/-A	10	3	23.08%	2	1	41	49	0.98	1	1	4	6	3	0	-A
II	121588	G	*/+T	11	4	26.67%	2	1	47	74	0.98	1	1	5	6	0	4	+T
II	128001	T	-A/-A	2	15	88.24%	1	2	55	43	0.98	1	1	0	2	7	8	-A
II	146079	T	-C/-C	2	22	91.67%	1	2	49	43	0.98	1	1	0	2	10	12	-C
II	201022	A	*/-T	15	6	24%	2	2	60	53	0.98	1	1	8	7	2	4	-T
II	201022	A	*/+T	15	3	12%	2	2	60	37	0.98	1	1	8	7	2	1	-T
II	229897	A	*/-T	22	8	19.51%	2	2	44	41	0.98	1	1	21	1	6	2	-T
II	229897	A	*/+T	22	6	14.63%	2	2	44	49	0.98	1	1	21	1	4	2	-T
II	243155	C	*/-A	15	4	19.05%	2	2	40	43	0.98	1	1	11	4	2	2	-A
II	243155	C	*/+A	15	2	9.52%	2	1	40	55	0.98	1	1	11	4	2	0	-A
II	248764	T	*/+G	32	2	5.88%	2	1	52	55	0.98	1	1	16	16	0	2	+G
II	257643	C	*/-T	28	2	6.45%	2	1	43	36	0.98	1	1	18	10	2	0	-T
II	383156	C	*/-T	25	5	16.67%	2	2	43	42	0.98	1	1	20	5	1	4	-T
II	410085	C	*/-T	18	6	20.69%	2	2	36	43	0.98	1	1	16	2	3	3	-T
II	410085	C	*/-TT	18	2	6.9%	2	2	36	36	0.98	1	1	16	2	1	1	-T
II	410085	C	*/+T	18	2	6.9%	2	1	36	48	0.98	1	1	16	2	2	0	-T
II	413039	T	*/-A	19	2	9.09%	2	1	39	37	0.98	1	1	14	5	0	2	-A
II	484534	A	*/+T	4	5	55.56%	2	2	49	44	0.98	1	1	2	2	1	4	+T
II	516071	T	*/-A	10	2	15.38%	2	1	43	37	0.98	1	1	7	3	0	2	-A
II	521731	G	*/-T	29	5	14.29%	2	2	45	44	0.98	1	1	20	9	4	1	-T
II	522800	G	*/-A	32	2	5.88%	2	1	47	31	0.98	1	1	20	12	2	0	-A
II	557942	G	*/-A	39	3	7.14%	2	2	49	53	0.98	1	1	21	18	1	2	-A
II	561064	T	*/-A	10	4	26.67%	2	2	39	43	0.98	1	1	2	8	2	2	-A
II	574536	T	*/+A	32	2	5.88%	2	1	43	42	0.98	1	1	5	27	2	0	+A
II	583536	T	*/+A	15	2	11.76%	2	2	49	74	0.98	1	1	5	10	1	1	+A
II	603279	A	-T/-T	0	23	100%	0	2	0	44	0.98	0	1	0	0	15	8	-T
II	603305	A	-C/-C	0	19	100%	0	2	0	51	0.98	0	1	0	0	10	9	-C
II	645098	C	*/+A	6	3	33.33%	2	2	43	33	0.98	1	1	3	3	2	1	+A
II	673086	G	*/-A	4	6	54.55%	1	2	34	43	0.98	1	1	4	0	5	1	-A
II	700009	T	-A/-A	1	14	93.33%	1	2	74	38	0.98	1	1	1	0	4	10	-A
II	716295	G	*/-T	13	3	17.65%	2	1	37	33	0.98	1	1	6	7	0	3	-T
II	753854	A	*/-T	12	2	12.5%	2	1	40	29	0.98	1	1	11	1	2	0	-T
II	753854	A	*/+T	12	2	12.5%	2	1	40	37	0.98	1	1	11	1	2	0	-T
II	756993	C	*/-T	23	3	9.68%	2	1	43	41	0.98	1	1	11	12	3	0	-T
II	756993	C	*/+T	23	4	12.9%	2	2	43	58	0.98	1	1	11	12	1	3	+T
II	819361	C	*/+A	16	2	11.11%	2	1	38	37	0.98	1	1	15	1	2	0	+A
II	888599	A	-C/-C	0	16	100%	0	2	0	48	0.98	0	1	0	0	8	8	-C
II	889921	C	*/-T	7	3	27.27%	2	1	38	40	0.98	1	1	6	1	3	0	-T
II	890578	C	*/-T	21	3	12.5%	2	2	38	49	0.98	1	1	20	1	2	1	-T
II	903106	G	+T/+T	1	26	96.3%	1	2	74	38	0.98	1	1	1	0	11	15	+T
II	948303	T	*/+A	22	2	8.33%	2	1	47	62	0.98	1	1	12	10	2	0	+A
II	961992	G	*/+A	23	2	8%	2	2	44	55	0.98	1	1	12	11	1	1	+A
II	1019510	T	*/-A	4	11	57.89%	1	2	46	37	0.98	1	1	4	0	6	5	-A
II	1019510	T	*/-AA	4	2	10.53%	1	1	46	55	0.98	1	1	4	0	2	0	-A
II	1019510	T	*/-AAA	4	2	10.53%	1	1	46	55	0.98	1	1	4	0	0	2	-A
II	1059118	T	*/-A	20	4	16%	2	2	47	55	0.98	1	1	6	14	2	2	-A
II	1078264	T	*/-A	37	4	9.3%	2	1	45	46	0.98	1	1	22	15	0	4	-A
II	1079843	T	+A/+A	2	22	88%	1	2	37	42	0.98	1	1	0	2	10	12	+A
II	1104941	G	*/-TT	9	2	14.29%	2	2	40	42	0.98	1	1	8	1	1	1	-TT
II	1122580	C	*/-T	30	2	6.25%	2	1	49	37	0.98	1	1	19	11	2	0	-T
II	1163154	A	-T/-T	2	20	90.91%	2	2	74	48	0.98	1	1	1	1	10	10	-T
II	1171363	T	*/-A	33	2	5.56%	2	1	46	55	0.98	1	1	21	12	2	0	-A
II	1187785	G	*/-T	23	3	11.54%	2	2	42	37	0.98	1	1	10	13	1	2	-T
II	1225665	T	*/-A	26	2	7.14%	2	2	42	37	0.98	1	1	12	14	1	1	-A
II	1264791	C	*/-T	3	2	33.33%	2	1	37	49	0.98	1	1	1	2	0	2	-T
II	1266289	T	*/+A	2	7	63.64%	1	2	55	51	0.98	1	1	0	2	3	4	+A
II	1266289	T	*/+AA	2	2	18.18%	1	1	55	49	0.98	1	1	0	2	2	0	+A
II	1277481	G	*/+T	8	3	15.79%	2	1	43	40	0.98	1	1	4	4	3	0	+T
II	1277481	G	*/+TT	8	2	10.53%	2	1	43	37	0.98	1	1	4	4	2	0	+T
II	1292456	C	*/-A	15	2	11.76%	2	1	39	37	0.98	1	1	8	7	2	0	-A
II	1308618	G	-T/-T	3	35	92.11%	1	2	37	44	0.98	1	1	3	0	22	13	-T
II	1349040	A	*/-T	14	3	14.29%	2	2	41	37	0.98	1	1	8	6	2	1	-T
II	1349040	A	*/+T	14	4	19.05%	2	1	41	37	0.98	1	1	8	6	4	0	+T
II	1365999	G	*/-T	19	6	23.08%	2	2	48	59	0.98	1	1	10	9	2	4	-T
II	1389008	T	*/-A	16	2	11.11%	2	2	46	37	0.98	1	1	9	7	1	1	-A
II	1389139	C	*/-T	6	2	18.18%	2	1	33	37	0.98	1	1	3	3	2	0	-T
II	1389139	C	*/+T	6	3	27.27%	2	2	33	33	0.98	1	1	3	3	1	2	+T
II	1456839	A	*/-T	14	2	12.5%	2	2	37	55	0.98	1	1	9	5	1	1	-T
II	1460662	C	*/+T	32	3	8.57%	2	2	45	49	0.98	1	1	15	17	2	1	+T
II	1467485	C	*/-T	18	6	25%	2	2	40	43	0.98	1	1	5	13	3	3	-T
II	1506840	T	*/-A	20	2	9.09%	2	1	49	37	0.98	1	1	10	10	0	2	-A
II	1531449	G	*/-T	16	2	11.11%	2	1	47	37	0.98	1	1	5	11	2	0	-T
II	1545027	C	*/-A	9	2	16.67%	2	2	36	55	0.98	1	1	5	4	1	1	-A
II	1552839	G	*/+A	12	2	14.29%	2	1	42	37	0.98	1	1	6	6	2	0	+A
II	1555919	A	*/+TTTATT	3	6	66.67%	2	2	37	37	0.98	1	1	1	2	3	3	+TTTATT
II	1555928	T	*/-A	10	2	16.67%	2	1	35	37	0.98	1	1	6	4	0	2	-A
II	1571445	G	*/-TA	19	2	9.52%	2	2	45	55	0.98	1	1	11	8	1	1	-TA
II	1588936	G	*/+A	0	2	40%	0	2	0	74	0.98	0	1	0	0	1	1	A
II	1610504	A	*/+G	58	4	6.45%	2	2	45	58	0.98	1	1	40	18	3	1	+G
II	1618418	C	*/-A	39	6	13.33%	2	2	46	63	0.98	1	1	25	14	4	2	-A
II	1627981	C	*/-T	10	2	16.67%	2	2	39	37	0.98	1	1	4	6	1	1	-T
II	1629986	A	*/-T	42	3	6.52%	2	2	48	40	0.98	1	1	13	29	1	2	-T
II	1634728	G	*/-TA	20	3	13.04%	2	2	41	44	0.98	1	1	9	11	2	1	-TA
II	1645549	C	*/-A	51	3	5.56%	2	2	44	49	0.98	1	1	33	18	2	1	-A
II	1678205	T	-A/-A	1	13	86.67%	1	2	25	54	0.98	1	1	1	0	7	6	-A
II	1691449	A	*/+T	21	2	8.7%	2	2	48	55	0.98	1	1	15	6	1	1	+T
II	1716256	G	*/+T	12	2	13.33%	2	2	41	49	0.98	1	1	7	5	1	1	+T
II	1716287	T	*/-G	15	5	25%	2	1	49	37	0.98	1	1	5	10	0	5	-G
II	1748645	T	*/-GA	14	2	12.5%	2	1	49	48	0.98	1	1	8	6	0	2	-GA
II	1748646	G	*/-A	5	2	16.67%	1	2	39	42	0.98	1	1	5	0	1	1	-A
II	1748646	G	*/-AA	5	3	25%	1	2	39	44	0.98	1	1	5	0	2	1	-AA
II	1748799	T	*/-TATA	29	2	6.45%	2	1	52	37	0.98	1	1	17	12	2	0	-TATA
II	1763419	T	*/-A	21	7	21.88%	2	2	40	35	0.98	1	1	14	7	3	4	-A
II	1763419	T	*/-AA	21	4	12.5%	2	2	40	43	0.98	1	1	14	7	2	2	-A
II	1818108	C	*/-T	13	5	25%	2	2	40	44	0.98	1	1	6	7	1	4	-T
II	1818108	C	*/+T	13	2	10%	2	2	40	42	0.98	1	1	6	7	1	1	-T
II	1861420	T	-G/-G	1	31	96.88%	1	2	37	48	0.98	1	1	0	1	17	14	-G
II	1867795	A	*/+T	5	12	70.59%	1	2	59	47	0.98	1	1	5	0	5	7	+T
II	1868122	G	*/-T	7	3	16.67%	2	2	35	45	0.98	1	1	5	2	1	2	-T
II	1868122	G	*/+T	7	7	38.89%	2	2	35	33	0.98	1	1	5	2	5	2	+T
II	1873779	T	+A/+A	0	12	100%	0	2	0	57	0.98	0	1	0	0	7	5	+A
II	1877294	A	+T/+T	0	10	100%	0	2	0	44	0.98	0	1	0	0	5	5	+T
II	1941966	A	+T/+T	0	45	100%	0	2	0	56	0.98	0	1	0	0	28	17	+T
II	1941982	A	+T/+T	0	45	100%	0	2	0	56	0.98	0	1	0	0	28	17	+T
II	1944778	C	*/+T	27	2	6.9%	2	2	45	37	0.98	1	1	17	10	1	1	+T
II	1948953	G	-A/-A	1	30	96.77%	1	2	74	44	0.98	1	1	1	0	12	18	-A
II	1950050	A	+G/+G	0	24	96%	0	2	0	53	0.98	0	1	0	0	10	14	+G
II	1955495	T	*/+A	6	15	71.43%	2	2	45	51	0.98	1	1	5	1	10	5	+A
II	1960392	A	+G/+G	0	16	94.12%	0	2	0	40	0.98	0	1	0	0	2	14	+G
II	1987101	C	-G/-G	3	29	90.62%	2	2	37	51	0.98	1	1	1	2	12	17	-G
II	1987117	T	-G/-G	0	27	100%	0	2	0	50	0.98	0	1	0	0	12	15	-G
II	2012625	T	*/+C	50	4	7.41%	2	1	43	37	0.98	1	1	28	22	0	4	+C
II	2049891	A	-T/-T	1	40	97.56%	1	2	74	52	0.98	1	1	0	1	15	25	-T
II	2053516	G	+C/+C	0	29	100%	0	2	0	46	0.98	0	1	0	0	15	14	+C
II	2108180	T	+A/+A	1	19	95%	1	2	37	44	0.98	1	1	0	1	9	10	+A
II	2147726	G	+T/+T	2	24	92.31%	2	2	33	42	0.98	1	1	1	1	12	12	+T
II	2187407	G	+A/+A	0	19	100%	0	2	0	49	0.98	0	1	0	0	10	9	+A
II	2197587	C	*/-A	5	2	28.57%	1	2	37	49	0.98	1	1	5	0	1	1	-A
II	2203175	T	*/-A	26	2	6.67%	2	1	49	49	0.98	1	1	12	14	0	2	-A
II	2219928	A	+T/+T	1	24	92.31%	1	2	37	43	0.98	1	1	0	1	7	17	+T
II	2293297	G	-A/-A	0	17	100%	0	2	0	56	0.98	0	1	0	0	7	10	-A
II	2318772	A	-T/-T	2	6	75%	2	2	31	43	0.98	1	1	1	1	3	3	-T
II	2414394	C	*/+A	28	2	6.67%	2	2	45	37	0.98	1	1	15	13	1	1	+A
II	2443175	A	*/-T	5	2	25%	2	2	39	34	0.98	1	1	3	2	1	1	-T
II	2443872	T	*/+AA	19	2	9.52%	2	1	38	36	0.98	1	1	16	3	0	2	+AA
II	2443873	T	*/+A	9	5	21.74%	2	2	43	37	0.98	1	1	8	1	3	2	+A
II	2443873	T	*/+AA	9	5	21.74%	2	2	43	46	0.98	1	1	8	1	4	1	+A
II	2447678	G	*/-T	27	2	6.9%	2	1	46	31	0.98	1	1	17	10	2	0	-T
II	2523624	C	*/-A	14	3	15.79%	2	2	42	26	0.98	1	1	13	1	2	1	-A
II	2527996	C	*/-T	3	2	40%	2	2	36	61	0.98	1	1	2	1	1	1	-T
II	2552673	G	*/+T	12	2	13.33%	2	1	47	37	0.98	1	1	9	3	2	0	+T
II	2579458	C	*/-A	10	4	28.57%	1	2	38	34	0.98	1	1	10	0	2	2	-A
II	2591913	T	*/-A	21	5	17.86%	2	2	48	46	0.98	1	1	17	4	4	1	-A
II	2591913	T	*/+A	21	2	7.14%	2	1	48	49	0.98	1	1	17	4	2	0	-A
II	2592423	T	+A/+A	3	12	80%	2	2	49	58	0.98	1	1	2	1	8	4	+A
II	2612668	A	*/+T	20	2	9.09%	2	2	40	37	0.98	1	1	10	10	1	1	+T
II	2630607	C	*/+A	3	13	65%	1	2	49	51	0.98	1	1	3	0	5	8	+A
II	2630607	C	*/+AA	3	2	10%	1	1	49	36	0.98	1	1	3	0	0	2	+A
II	2640785	T	*/+A	8	23	63.89%	2	2	46	52	0.98	1	1	5	3	11	12	+A
II	2640785	T	*/+AA	8	3	8.33%	2	2	46	49	0.98	1	1	5	3	1	2	+A
II	2647497	C	*/-T	17	2	9.52%	2	1	41	42	0.98	1	1	6	11	2	0	-T
II	2647497	C	*/+T	17	2	9.52%	2	1	41	25	0.98	1	1	6	11	0	2	-T
II	2671614	G	*/-A	20	2	9.09%	2	2	40	49	0.98	1	1	12	8	1	1	-A
II	2702173	G	*/-TA	24	3	11.11%	2	2	51	37	0.98	1	1	12	12	2	1	-TA
II	2709414	G	+C/+C	0	23	100%	0	2	0	55	0.98	0	1	0	0	13	10	+C
II	2720152	T	*/+A	30	2	6.06%	2	2	47	31	0.98	1	1	14	16	1	1	+A
II	2755338	C	*/-AT	14	17	51.52%	2	2	43	42	0.98	1	1	2	12	7	10	-AT
II	2755338	C	*/-ATAT	14	2	6.06%	2	1	43	31	0.98	1	1	2	12	0	2	-AT
II	2788933	C	+G/+G	1	35	94.59%	1	2	37	46	0.98	1	1	1	0	21	14	+G
II	2798040	C	-T/-T	2	21	91.3%	2	2	55	51	0.98	1	1	1	1	11	10	-T
II	2798514	A	-G/-G	3	19	86.36%	1	2	37	48	0.98	1	1	3	0	12	7	-G
II	2811495	C	-A/-A	0	39	100%	0	2	0	51	0.98	0	1	0	0	24	15	-A
II	2826100	G	*/-A	14	5	26.32%	2	2	47	61	0.98	1	1	10	4	3	2	-A
II	2894538	T	*/-A	12	2	14.29%	2	1	46	37	0.98	1	1	9	3	0	2	-A
II	2900889	A	*/-T	14	7	29.17%	2	2	52	43	0.98	1	1	10	4	4	3	-T
II	2900889	A	*/+T	14	2	8.33%	2	1	52	55	0.98	1	1	10	4	2	0	-T
II	2938956	C	*/+T	4	11	68.75%	2	2	43	49	0.98	1	1	3	1	4	7	+T
II	2988149	G	*/-TT	8	2	14.29%	2	2	41	31	0.98	1	1	7	1	1	1	-TT
II	2988149	G	*/+T	8	3	21.43%	2	2	41	37	0.98	1	1	7	1	2	1	+T
II	3010749	G	*/-A	26	3	10.34%	2	2	43	33	0.98	1	1	12	14	2	1	-A
II	3040332	C	+G/+G	0	36	97.3%	0	2	0	49	0.98	0	1	0	0	16	20	+G
II	3058544	T	*/-G	14	3	15.79%	2	2	39	45	0.98	1	1	12	2	1	2	-G
II	3058544	T	*/+G	14	2	10.53%	2	1	39	37	0.98	1	1	12	2	2	0	-G
II	3154052	G	*/-T	20	3	12%	2	2	48	49	0.98	1	1	13	7	2	1	-T
II	3171788	G	*/-A	5	3	27.27%	2	2	39	36	0.98	1	1	4	1	1	2	-A
II	3171788	G	*/+A	5	2	18.18%	2	1	39	37	0.98	1	1	4	1	2	0	-A
II	3253453	C	*/-T	8	2	16.67%	2	1	37	49	0.98	1	1	5	3	0	2	-T
II	3253453	C	*/+T	8	2	16.67%	2	1	37	25	0.98	1	1	5	3	0	2	-T
II	3282373	T	*/-A	25	4	12.5%	2	2	41	46	0.98	1	1	19	6	3	1	-A
II	3282373	T	*/-AA	25	2	6.25%	2	1	41	37	0.98	1	1	19	6	2	0	-A
II	3362128	C	*/-CGTTACCGACGATG	34	2	5.56%	2	1	47	37	0.98	1	1	22	12	0	2	-CGTTACCGACGATG
II	3410437	G	*/-T	5	2	18.18%	2	1	44	37	0.98	1	1	4	1	2	0	-T
II	3410437	G	*/-TT	5	2	18.18%	2	2	44	55	0.98	1	1	4	1	1	1	-T
II	3501523	C	*/-T	16	2	11.11%	2	1	49	31	0.98	1	1	7	9	2	0	-T
II	3509251	T	*/-A	18	3	13.64%	2	1	45	37	0.98	1	1	7	11	3	0	-A
II	3512925	C	*/-T	9	3	25%	1	2	33	36	0.98	1	1	9	0	2	1	-T
II	3514786	C	*/+T	27	2	6.67%	2	1	41	55	0.98	1	1	15	12	0	2	+T
II	3540057	A	*/-T	14	3	15.79%	2	1	46	37	0.98	1	1	11	3	3	0	-T
II	3606660	C	*/-T	28	2	6.25%	2	2	45	49	0.98	1	1	22	6	1	1	-T
II	3606660	C	*/+T	28	2	6.25%	2	2	45	37	0.98	1	1	22	6	1	1	-T
II	3619003	A	+G/+G	4	34	89.47%	1	2	37	44	0.98	1	1	0	4	16	18	+G
II	3621704	A	*/-T	9	2	16.67%	2	1	53	49	0.98	1	1	5	4	0	2	-T
II	3622754	T	*/+A	15	2	11.11%	2	1	46	37	0.98	1	1	6	9	0	2	+A
II	3662293	G	*/+A	23	2	8%	2	2	50	49	0.98	1	1	14	9	1	1	+A
II	3777847	C	*/-A	18	2	10%	2	2	47	49	0.98	1	1	8	10	1	1	-A
II	3799350	G	*/+A	2	4	40%	1	2	37	46	0.98	1	1	2	0	3	1	+A
II	3799350	G	*/+AA	2	3	30%	1	2	37	40	0.98	1	1	2	0	2	1	+A
II	3815025	C	*/+T	7	2	20%	2	2	31	37	0.98	1	1	5	2	1	1	+T
II	3838101	C	*/-A	3	8	66.67%	1	2	49	43	0.98	1	1	3	0	3	5	-A
II	3838912	T	*/-A	23	3	10%	2	2	43	49	0.98	1	1	10	13	1	2	-A
II	3838912	T	*/-AA	23	3	10%	2	2	43	49	0.98	1	1	10	13	1	2	-A
II	3856896	A	*/-T	16	3	12.5%	2	1	38	49	0.98	1	1	11	5	3	0	-T
II	3856896	A	*/-TT	16	2	8.33%	2	1	38	31	0.98	1	1	11	5	0	2	-T
II	3856896	A	*/+T	16	3	12.5%	2	2	38	33	0.98	1	1	11	5	1	2	+T
II	3859319	G	*/+T	19	2	9.09%	2	2	43	37	0.98	1	1	9	10	1	1	+T
II	3860185	C	*/-TAGTA	28	33	49.25%	2	2	47	42	0.98	1	1	5	23	24	9	-TAGTA
II	3861161	C	*/-T	11	2	12.5%	2	2	40	37	0.98	1	1	5	6	1	1	-T
II	3861161	C	*/+T	11	2	12.5%	2	1	40	55	0.98	1	1	5	6	2	0	-T
II	3869342	A	*/-AT	21	3	12.5%	2	1	53	49	0.98	1	1	5	16	0	3	-AT
II	3954039	C	*/-T	24	9	20.45%	2	2	42	45	0.98	1	1	17	7	4	5	-T
II	3954039	C	*/+T	24	8	18.18%	2	2	42	47	0.98	1	1	17	7	4	4	-T
II	3975232	A	*/-C	25	2	7.41%	2	1	43	42	0.98	1	1	19	6	0	2	-C
II	3975235	C	*/-A	17	4	13.79%	2	2	42	46	0.98	1	1	10	7	3	1	-A
II	3975235	C	*/+A	17	5	17.24%	2	2	42	44	0.98	1	1	10	7	3	2	+A
II	3983331	G	*/-TA	51	5	8.93%	2	1	46	44	0.98	1	1	18	33	0	5	-TA
II	4006982	C	*/-A	5	3	27.27%	2	2	40	57	0.98	1	1	3	2	2	1	-A
II	4006982	C	*/-AA	5	2	18.18%	2	2	40	31	0.98	1	1	3	2	1	1	-A
II	4108814	G	*/-TA	52	6	10.34%	2	2	47	35	0.98	1	1	21	31	4	2	-TA
II	4249637	A	*/-AT	28	4	12.5%	2	2	48	55	0.98	1	1	18	10	1	3	-AT
II	4254960	G	-A/-A	1	29	96.67%	1	2	37	47	0.98	1	1	0	1	11	18	-A
II	4255088	T	*/-A	16	2	11.11%	2	2	43	37	0.98	1	1	10	6	1	1	-A
II	4290954	G	*/+A	19	2	9.09%	2	1	55	49	0.98	1	1	14	5	2	0	+A
II	4308414	C	*/+A	5	13	59.09%	2	2	37	38	0.98	1	1	4	1	10	3	+A
II	4315564	C	*/-T	32	2	5.88%	2	1	47	55	0.98	1	1	16	16	0	2	-T
II	4419921	T	*/+A	6	4	40%	2	2	51	43	0.98	1	1	2	4	1	3	+A
II	4462508	C	*/-A	10	3	21.43%	2	2	38	45	0.98	1	1	9	1	1	2	-A
II	4505758	C	*/-T	14	2	11.76%	2	1	39	31	0.98	1	1	6	8	0	2	-T
II	4515621	C	*/+A	5	3	37.5%	2	1	37	33	0.98	1	1	4	1	3	0	+A
II	4517047	T	*/+TACTCATC	63	6	7.41%	2	2	44	41	0.98	1	1	41	22	4	2	C
II	4517074	C	*/+TCA	78	6	7.14%	2	2	41	49	0.98	1	1	53	25	3	3	+TCA
II	4521677	T	*/-AA	13	8	38.1%	2	2	50	46	0.98	1	1	4	9	5	3	-AA
II	4525340	G	*/+T	58	11	15.49%	2	2	41	42	0.98	1	1	39	19	7	4	+T
II	4526174	A	*/-T	27	8	22.22%	2	2	45	43	0.98	1	1	15	12	5	3	-T
II	4528465	C	*/+GACAAT	91	7	7.14%	2	2	45	42	0.98	1	1	38	53	4	3	+GACAAT
II	4528483	T	*/-GACAATGACAGA	82	19	18.81%	2	2	43	40	0.98	1	1	41	41	7	12	-GACAATGACAGA
II	4529375	T	*/+ACAACGACAACGACAACG	65	18	17.48%	2	2	44	47	0.98	1	1	30	35	9	9	+ACAACGACAACGACAACG
II	4529375	T	*/+ACAACGACAACGACAACGACAACG	65	18	17.48%	2	2	44	46	0.98	1	1	30	35	7	11	+ACAACGACAACGACAACG
II	4533588	C	*/-T	67	40	37.38%	2	2	48	43	0.98	1	1	40	27	25	15	-T
II	4534880	A	*/-T	138	32	18.82%	2	2	47	47	0.98	1	1	62	76	19	13	-T
II	4535321	G	*/-GATAT	272	28	9.33%	2	2	43	43	0.98	1	1	133	139	20	8	-GATAT
II	4535523	T	*/+GTTACG	267	62	18.84%	2	2	46	46	0.98	1	1	84	183	17	45	+GTTACG
II	4535548	A	*/-TATGTG	273	58	17.52%	2	2	47	44	0.98	1	1	105	168	22	36	-TATGTG
II	4535645	G	*/-T	169	62	26.72%	2	2	48	49	0.98	1	1	93	76	27	35	-T
II	4535727	A	*/-G	155	38	19.69%	2	2	45	50	0.98	1	1	67	88	16	22	-G
II	4536728	A	*/+GAGAGTAGG	245	29	9.97%	2	2	49	49	0.98	1	1	107	138	13	16	+GAGAGTAGG
II	4537213	G	*/+T	134	187	58.26%	2	2	53	53	0.98	1	1	81	53	110	77	+T
II	4537387	A	*/-AATAAGAG	89	177	66.54%	2	2	47	45	0.98	1	1	39	50	107	70	-AATAAGAG
II	4537655	A	*/+AAATG	61	6	8.82%	2	2	43	37	0.98	1	1	31	30	5	1	+AAATG
II	4537665	G	*/+AAATA	58	7	10.61%	2	2	43	37	0.98	1	1	32	26	5	2	+AAATA
II	4537712	T	*/-AAATAAAATTAATG	43	7	14%	2	2	39	37	0.98	1	1	22	21	3	4	-AAATAAAATTAATG
III	1558	G	*/-A	87	13	11.82%	2	2	40	49	0.98	1	1	40	47	7	6	-A
III	4729	A	*/-T	445	180	25.46%	2	2	46	50	0.98	1	1	284	161	75	105	-T
III	4729	A	*/+T	445	52	7.36%	2	2	46	50	0.98	1	1	284	161	21	31	-T
III	4952	C	*/+T	440	70	13.62%	2	2	42	51	0.98	1	1	269	171	24	46	+T
III	5403	C	*/-T	464	152	21.14%	2	2	41	43	0.98	1	1	311	153	80	72	-T
III	5403	C	*/-TT	464	45	6.26%	2	2	41	49	0.98	1	1	311	153	25	20	-T
III	9812	T	*/+A	152	27	15%	2	1	47	44	0.98	1	1	52	100	0	27	+A
III	12428	G	*/-A	89	6	5.77%	2	2	40	41	0.98	1	1	36	53	3	3	-A
III	15599	A	*/-T	466	177	24.79%	2	2	46	47	0.98	1	1	303	163	65	112	-T
III	15599	A	*/+T	466	41	5.74%	2	2	46	49	0.98	1	1	303	163	23	18	-T
III	15822	C	*/+T	438	66	12.99%	2	2	41	52	0.98	1	1	262	176	33	33	+T
III	16273	C	*/-T	468	170	23.26%	2	2	42	42	0.98	1	1	341	127	85	85	-T
III	20682	T	*/+A	177	25	12.32%	2	1	45	41	0.98	1	1	53	124	0	25	+A
III	23298	G	*/+A	79	13	13.13%	2	2	42	45	0.98	1	1	38	41	6	7	+A
III	59772	C	*/-A	33	3	7.69%	2	1	49	49	0.98	1	1	15	18	3	0	-A
III	59772	C	*/+A	33	3	7.69%	2	2	49	49	0.98	1	1	15	18	2	1	-A
III	63397	G	*/-T	36	3	7.5%	2	2	55	37	0.98	1	1	17	19	2	1	-T
III	69589	T	*/-A	14	4	20%	2	2	39	37	0.98	1	1	5	9	1	3	-A
III	123319	T	*/-A	15	3	15%	2	2	39	57	0.98	1	1	9	6	1	2	-A
III	123319	T	*/-AA	15	2	10%	2	2	39	37	0.98	1	1	9	6	1	1	-A
III	126113	C	*/-T	51	6	10.53%	2	2	50	37	0.98	1	1	24	27	3	3	-T
III	207168	T	*/-A	6	3	25%	2	1	41	49	0.98	1	1	4	2	0	3	-A
III	207168	T	*/-AA	6	2	16.67%	2	1	41	37	0.98	1	1	4	2	2	0	-A
III	208140	C	*/-A	11	4	23.53%	1	1	38	34	0.98	1	1	11	0	4	0	-A
III	209315	A	*/+T	32	2	5.88%	2	1	37	55	0.98	1	1	31	1	2	0	+T
III	211803	C	*/-T	23	2	8%	2	1	43	55	0.98	1	1	17	6	2	0	-T
III	231502	G	*/-A	23	2	7.69%	2	2	43	37	0.98	1	1	19	4	1	1	-A
III	235811	G	*/-A	29	2	6.45%	2	1	45	74	0.98	1	1	13	16	0	2	-A
III	237048	G	*/-A	8	3	27.27%	2	1	42	37	0.98	1	1	7	1	3	0	-A
III	245692	C	*/-T	21	3	11.11%	2	1	43	37	0.98	1	1	13	8	3	0	-T
III	245692	C	*/+T	21	2	7.41%	2	1	43	42	0.98	1	1	13	8	2	0	-T
III	253907	A	*/+T	4	6	50%	2	2	39	41	0.98	1	1	3	1	2	4	+T
III	253907	A	*/+TT	4	2	16.67%	2	1	39	37	0.98	1	1	3	1	0	2	+T
III	259144	A	*/+T	22	2	8.33%	2	1	45	31	0.98	1	1	11	11	2	0	+T
III	286478	C	-TT/-TT	0	13	86.67%	0	2	0	41	0.98	0	1	0	0	5	8	-TT
III	286594	T	*/-A	10	3	15.79%	2	2	41	36	0.98	1	1	5	5	2	1	-A
III	286594	T	*/+A	10	5	26.32%	2	1	41	39	0.98	1	1	5	5	5	0	+A
III	293096	G	*/-T	13	5	21.74%	2	2	40	37	0.98	1	1	7	6	2	3	-T
III	293096	G	*/+T	13	5	21.74%	2	2	40	41	0.98	1	1	7	6	2	3	-T
III	365747	C	-A/-A	3	19	82.61%	1	2	49	40	0.98	1	1	3	0	12	7	-A
III	415596	T	*/-A	15	2	11.11%	2	2	40	55	0.98	1	1	11	4	1	1	-A
III	467904	C	*/-A	14	2	11.76%	2	1	41	37	0.98	1	1	11	3	2	0	-A
III	527710	C	*/-T	30	3	9.09%	2	2	44	49	0.98	1	1	13	17	1	2	-T
III	568658	C	*/-T	14	3	14.29%	2	2	42	41	0.98	1	1	7	7	2	1	-T
III	568658	C	*/+T	14	3	14.29%	2	1	42	45	0.98	1	1	7	7	3	0	-T
III	717677	A	*/-T	4	13	54.17%	2	2	34	43	0.98	1	1	3	1	8	5	-T
III	717677	A	*/-TT	4	7	29.17%	2	2	34	44	0.98	1	1	3	1	4	3	-T
III	719955	A	-C/-C	0	8	100%	0	2	0	54	0.98	0	1	0	0	4	4	-C
III	719973	C	-G/-G	0	4	100%	0	2	0	37	0.98	0	1	0	0	2	2	-G
III	720559	C	*/-T	10	2	16.67%	2	1	49	42	0.98	1	1	8	2	2	0	-T
III	720683	A	*/+T	3	8	72.73%	2	2	33	37	0.98	1	1	2	1	5	3	+T
III	822701	G	*/-T	29	2	5.88%	2	1	45	37	0.98	1	1	19	10	2	0	-T
III	822701	G	*/+T	29	3	8.82%	2	2	45	53	0.98	1	1	19	10	2	1	+T
III	827251	C	*/-T	10	2	15.38%	2	2	43	31	0.98	1	1	7	3	1	1	-T
III	867865	C	-T/-T	0	27	100%	0	2	0	43	0.98	0	1	0	0	13	14	-T
III	897531	C	*/-A	21	3	11.11%	2	2	46	45	0.98	1	1	17	4	1	2	-A
III	897531	C	*/+A	21	2	7.41%	2	2	46	61	0.98	1	1	17	4	1	1	-A
III	898665	T	*/-A	31	2	6.06%	2	1	44	31	0.98	1	1	9	22	0	2	-A
III	954028	G	*/-A	14	2	12.5%	2	1	48	74	0.98	1	1	6	8	0	2	-A
III	958241	C	*/-T	12	5	27.78%	2	2	43	29	0.98	1	1	8	4	4	1	-T
III	966124	G	*/-T	27	9	21.43%	2	1	39	37	0.98	1	1	24	3	9	0	-T
III	966124	G	*/-TT	27	3	7.14%	2	2	39	36	0.98	1	1	24	3	2	1	-T
III	970548	C	*/-T	5	2	18.18%	2	1	39	49	0.98	1	1	2	3	0	2	-T
III	970548	C	*/+T	5	3	27.27%	2	1	39	32	0.98	1	1	2	3	0	3	+T
III	970892	C	*/-T	10	4	26.67%	2	2	40	36	0.98	1	1	5	5	1	3	-T
III	989073	T	*/-G	26	3	10.34%	2	2	40	37	0.98	1	1	12	14	1	2	-G
III	996949	A	*/+T	17	5	21.74%	2	2	49	51	0.98	1	1	9	8	3	2	+T
III	1000572	G	*/-T	9	2	18.18%	2	1	49	55	0.98	1	1	4	5	0	2	-T
III	1016311	G	+C/+C	1	39	97.5%	1	2	37	44	0.98	1	1	1	0	17	22	+C
III	1073505	T	*/+ATATAGAG	155	17	9.88%	2	2	50	56	0.98	1	1	86	69	10	7	+ATATAGAG
III	1075530	A	*/+TGGAAGTGGTAAG	173	12	6.45%	2	2	43	47	0.98	1	1	73	100	4	8	+TGGAAGTGGTAAG
III	1079346	A	*/+G	121	12	9.02%	2	2	43	43	0.98	1	1	90	31	10	2	+G
III	1080146	T	*/+ATATAGAG	260	19	6.74%	2	2	44	40	0.98	1	1	100	160	11	8	+ATATAGAG
III	1082171	A	*/+TGGAAGTGGTAAG	161	11	6.4%	2	2	46	49	0.98	1	1	63	98	3	8	+TGGAAGTGGTAAG
III	1084026	A	*/+AGTGGTGATGGTT	62	8	11.43%	2	2	43	42	0.98	1	1	23	39	6	2	+AGTGGTGATGGTT
III	1087979	A	*/+G	89	13	12.75%	2	2	46	49	0.98	1	1	51	38	9	4	+G
III	1090594	A	*/-AT	13	2	13.33%	2	2	54	37	0.98	1	1	7	6	1	1	-AT
III	1094042	C	*/+A	23	3	11.54%	2	2	39	33	0.98	1	1	12	11	2	1	+A
III	1095550	G	*/-T	15	11	31.43%	2	2	43	47	0.98	1	1	14	1	5	6	-T
III	1095550	G	*/-TT	15	7	20%	2	2	43	49	0.98	1	1	14	1	4	3	-T
III	1103423	T	*/-A	17	8	24.24%	2	2	42	50	0.98	1	1	16	1	3	5	-A
III	1103423	T	*/-AA	17	4	12.12%	2	2	42	51	0.98	1	1	16	1	2	2	-A
III	1103423	T	*/-AAA	17	2	6.06%	2	1	42	55	0.98	1	1	16	1	0	2	-A
III	1104937	C	*/+T	18	2	9.52%	2	1	37	37	0.98	1	1	7	11	2	0	+T
III	1110963	T	*/+C	85	9	9.57%	2	2	44	41	0.98	1	1	40	45	3	6	+C
III	1114835	A	*/-C	21	3	12.5%	2	2	44	49	0.98	1	1	9	12	1	2	-C
III	1114914	T	*/+ACCACTAACCATC	46	4	8%	2	1	41	37	0.98	1	1	27	19	4	0	+ACCACTAACCATC
III	1121674	T	*/+ACCACTAACCATC	55	7	11.29%	2	2	48	42	0.98	1	1	31	24	5	2	+ACCACTAACCATC
III	1124483	T	*/+C	79	7	8.14%	2	2	46	47	0.98	1	1	33	46	4	3	+C
III	1128434	T	*/+ACCACTAACCATC	52	6	10.34%	2	2	51	47	0.98	1	1	31	21	4	2	+ACCACTAACCATC
III	1131243	T	*/+C	88	6	6.38%	2	2	49	49	0.98	1	1	39	49	2	4	+C
III	1135115	A	*/-C	23	2	8%	2	2	46	74	0.98	1	1	15	8	1	1	-C
III	1135194	T	*/+ACCACTAACCATC	58	5	7.94%	2	2	43	37	0.98	1	1	38	20	4	1	+ACCACTAACCATC
III	1168360	T	*/-G	11	5	31.25%	2	2	37	51	0.98	1	1	6	5	3	2	-G
III	1191819	T	*/-G	26	2	7.14%	2	1	43	37	0.98	1	1	14	12	2	0	-G
III	1244495	G	*/-T	28	2	6.67%	2	2	45	49	0.98	1	1	16	12	1	1	-T
III	1252505	G	*/+T	9	2	10%	1	2	35	42	0.98	1	1	9	0	1	1	+T
III	1252505	G	*/+TT	9	2	10%	1	1	35	42	0.98	1	1	9	0	2	0	+T
III	1301627	T	*/-TC	20	3	13.04%	2	1	48	49	0.98	1	1	14	6	0	3	-TC
III	1421567	T	*/-G	12	2	13.33%	2	1	35	42	0.98	1	1	11	1	2	0	-G
III	1471894	T	*/-G	21	2	8.7%	2	1	47	55	0.98	1	1	17	4	0	2	-G
III	1510629	T	*/-AA	14	2	11.76%	2	2	49	55	0.98	1	1	6	8	1	1	-AA
III	1547169	C	*/-A	13	3	16.67%	2	1	38	49	0.98	1	1	7	6	3	0	-A
III	1547169	C	*/+A	13	2	11.11%	2	2	38	37	0.98	1	1	7	6	1	1	-A
III	1575951	G	*/+T	6	6	42.86%	2	2	48	45	0.98	1	1	3	3	4	2	+T
III	1594933	T	*/-A	24	6	18.75%	2	2	46	43	0.98	1	1	9	15	5	1	-A
III	1625801	G	*/+T	29	2	6.45%	2	1	46	74	0.98	1	1	14	15	0	2	+T
III	1674618	C	*/-T	7	5	31.25%	2	1	34	34	0.98	1	1	6	1	5	0	-T
III	1674618	C	*/-TT	7	3	18.75%	2	2	34	37	0.98	1	1	6	1	1	2	-T
III	1685487	G	+A/+A	1	29	96.67%	1	2	37	46	0.98	1	1	0	1	17	12	+A
III	1702276	A	*/-T	29	3	7.89%	2	2	43	61	0.98	1	1	13	16	1	2	-T
III	1702276	A	*/+T	29	5	13.16%	2	2	43	34	0.98	1	1	13	16	2	3	+T
III	1712983	G	*/-A	8	2	16.67%	2	1	41	37	0.98	1	1	6	2	2	0	-A
III	1712983	G	*/+A	8	2	16.67%	2	2	41	48	0.98	1	1	6	2	1	1	-A
III	1713538	A	*/-GT	30	2	6.25%	2	2	46	37	0.98	1	1	13	17	1	1	-GT
III	1756400	T	-A/-A	1	37	97.37%	1	2	25	47	0.98	1	1	1	0	13	24	-A
III	1758846	C	*/-A	12	2	12.5%	2	2	41	55	0.98	1	1	8	4	1	1	-A
III	1774235	T	*/+GATC	4	13	65%	1	2	46	44	0.98	1	1	4	0	10	3	+GATC
III	1802522	G	*/-T	24	3	10.71%	2	2	46	49	0.98	1	1	18	6	2	1	-T
III	1821911	C	*/+A	7	2	20%	2	1	41	33	0.98	1	1	4	3	2	0	+A
III	1865684	G	*/-T	25	2	7.41%	2	2	45	37	0.98	1	1	13	12	1	1	-T
III	1878070	T	*/+A	34	2	5.56%	2	1	43	31	0.98	1	1	30	4	2	0	+A
III	1925626	C	*/-A	7	3	23.08%	2	2	40	49	0.98	1	1	4	3	1	2	-A
III	1925626	C	*/-AA	7	2	15.38%	2	2	40	31	0.98	1	1	4	3	1	1	-A
III	1936110	C	*/+A	15	2	11.76%	2	1	44	37	0.98	1	1	7	8	2	0	+A
III	1979604	A	*/-T	14	3	17.65%	2	1	49	49	0.98	1	1	6	8	0	3	-T
III	1985119	G	*/-T	13	3	16.67%	2	2	46	37	0.98	1	1	8	5	2	1	-T
III	2041936	C	*/+T	20	2	9.09%	2	1	44	37	0.98	1	1	10	10	2	0	+T
III	2043165	G	*/+A	14	2	12.5%	2	1	38	37	0.98	1	1	9	5	2	0	+A
III	2074510	C	*/-T	9	2	16.67%	2	2	34	31	0.98	1	1	7	2	1	1	-T
III	2076412	G	*/-T	13	5	25%	2	2	42	42	0.98	1	1	7	6	3	2	-T
III	2076412	G	*/+T	13	2	10%	2	1	42	37	0.98	1	1	7	6	2	0	-T
III	2076980	A	*/-T	7	3	25%	2	2	37	45	0.98	1	1	4	3	2	1	-T
III	2113205	C	*/+T	10	3	20%	2	2	44	34	0.98	1	1	8	2	2	1	+T
III	2120384	A	*/+T	28	2	6.67%	2	1	43	55	0.98	1	1	13	15	2	0	+T
III	2157938	C	*/-T	18	3	12.5%	2	2	50	37	0.98	1	1	8	10	2	1	-T
III	2157938	C	*/+T	18	3	12.5%	2	1	50	53	0.98	1	1	8	10	0	3	-T
III	2178240	T	*/-A	16	2	10.53%	2	2	40	31	0.98	1	1	10	6	1	1	-A
III	2198898	A	*/+T	32	2	5.88%	2	1	47	37	0.98	1	1	17	15	2	0	+T
III	2232182	C	*/+AGT	32	2	5.88%	2	1	47	55	0.98	1	1	18	14	0	2	+AGT
III	2257353	C	*/+A	24	2	7.69%	2	1	51	37	0.98	1	1	18	6	2	0	+A
III	2270459	C	*/-A	17	2	10.53%	2	1	41	49	0.98	1	1	13	4	0	2	-A
III	2281940	C	*/-T	22	3	12%	2	2	39	45	0.98	1	1	15	7	2	1	-T
III	2300104	A	*/-T	10	3	23.08%	2	1	40	37	0.98	1	1	4	6	3	0	-T
III	2309611	T	*/-A	13	4	23.53%	2	2	36	37	0.98	1	1	5	8	1	3	-A
III	2310960	G	*/-A	7	2	22.22%	2	1	47	55	0.98	1	1	5	2	2	0	-A
III	2310968	A	*/+GGT	8	2	20%	2	1	49	74	0.98	1	1	6	2	2	0	+GGT
III	2382018	A	*/-T	4	6	54.55%	2	2	52	43	0.98	1	1	3	1	3	3	-T
III	2410032	C	*/+A	7	2	22.22%	2	1	51	37	0.98	1	1	2	5	0	2	+A
III	2420241	T	*/-A	11	5	29.41%	2	2	50	37	0.98	1	1	7	4	4	1	-A
III	2443562	A	*/+T	17	49	73.13%	2	2	43	35	0.98	1	1	8	9	1	48	+T
III	2447848	T	*/-A	845	257	18.8%	2	2	44	41	0.98	1	1	625	220	191	66	-A
III	2447848	T	*/-AA	845	118	8.63%	2	2	44	42	0.98	1	1	625	220	85	33	-A
III	2447848	T	*/+A	845	106	7.75%	2	2	44	43	0.98	1	1	625	220	78	28	-A
III	2448309	T	-AA/-AA	57	602	89.32%	2	2	44	41	0.98	1	1	38	19	232	370	-AA
III	2448518	T	*/-A	809	275	21.22%	2	2	46	44	0.98	1	1	572	237	192	83	-A
III	2448518	T	*/-AA	809	98	7.56%	2	2	46	45	0.98	1	1	572	237	56	42	-A
III	2448518	T	*/+A	809	98	7.56%	2	2	46	46	0.98	1	1	572	237	58	40	-A
