Chrom	Position	Ref	Cons	Reads1	Reads2	VarFreq	Strands1	Strands2	Qual1	Qual2	Pvalue	MapQual1	MapQual2	Reads1Plus	Reads1Minus	Reads2Plus	Reads2Minus	VarAllele
chr_II_telomeric_gap	6088	A	*/-T	14	3	16.67%	2	1	36	37	0.98	1	1	9	5	3	0	-T
chr_II_telomeric_gap	6301	C	*/-AT	22	3	12%	2	2	44	49	0.98	1	1	9	13	1	2	-AT
I	3160	A	*/+GTTGTCGTTGTCGTTGTC	54	17	20%	2	2	50	47	0.98	1	1	27	27	11	6	+GTTGTCGTTGTCGTTGTC
I	3160	A	*/+GTTGTCGTTGTCGTTGTCGTTGTC	54	12	14.12%	2	2	50	46	0.98	1	1	27	27	5	7	+GTTGTCGTTGTCGTTGTC
I	4047	C	*/-TGTCTCTGTCAT	71	15	17.44%	2	2	41	51	0.98	1	1	35	36	5	10	-TGTCTCTGTCAT
I	4053	C	*/+TGTCAT	60	9	12.68%	2	2	43	41	0.98	1	1	29	31	4	5	+TGTCAT
I	5409	T	*/+CCTCACTGGTAG	56	7	10.94%	2	2	48	42	0.98	1	1	22	34	5	2	+CCTCACTGGTAG
I	5677	G	*/-A	23	5	12.82%	2	2	40	34	0.98	1	1	20	3	4	1	-A
I	5677	G	*/-AA	23	9	23.08%	2	2	40	41	0.98	1	1	20	3	8	1	-AA
I	6357	T	*/-A	35	5	9.26%	2	2	42	34	0.98	1	1	23	12	4	1	-A
I	6357	T	*/-AA	35	9	16.67%	2	2	42	38	0.98	1	1	23	12	2	7	-AA
I	6357	T	*/+A	35	4	7.41%	2	2	42	52	0.98	1	1	23	12	2	2	-AA
I	7192	C	*/-A	25	5	11.36%	2	2	41	46	0.98	1	1	19	6	4	1	-A
I	7192	C	*/+A	25	8	18.18%	2	2	41	45	0.98	1	1	19	6	7	1	+A
I	10859	G	*/-TT	8	4	33.33%	2	2	43	40	0.98	1	1	1	7	1	3	-TT
I	15734	C	*/-A	17	10	30.3%	2	2	40	45	0.98	1	1	15	2	6	4	-A
I	15734	C	*/-AA	17	3	9.09%	2	2	40	49	0.98	1	1	15	2	2	1	-A
I	15734	C	*/+A	17	3	9.09%	2	2	40	49	0.98	1	1	15	2	2	1	-A
I	19694	T	*/+A	26	3	10.34%	2	1	53	37	0.98	1	1	13	13	3	0	+A
I	27402	A	*/-C	8	3	20%	2	2	40	33	0.98	1	1	2	6	1	2	-C
I	27402	A	*/+C	8	4	26.67%	2	1	40	40	0.98	1	1	2	6	0	4	+C
I	30989	C	*/-A	11	2	15.38%	2	2	44	37	0.98	1	1	5	6	1	1	-A
I	55244	T	*/-A	11	3	17.65%	2	2	44	36	0.98	1	1	10	1	2	1	-A
I	55244	T	*/+A	11	2	11.76%	2	2	44	55	0.98	1	1	10	1	1	1	-A
I	91561	A	*/-T	12	2	14.29%	2	1	46	55	0.98	1	1	9	3	0	2	-T
I	101871	A	+G/+G	1	27	90%	1	2	37	52	0.98	1	1	0	1	14	13	+G
I	206448	C	*/-TT	12	2	10.53%	2	2	41	42	0.98	1	1	10	2	1	1	-TT
I	206448	C	*/+T	12	2	10.53%	2	1	41	36	0.98	1	1	10	2	2	0	-TT
I	216146	G	*/-C	14	2	12.5%	2	1	49	31	0.98	1	1	5	9	0	2	-C
I	232688	T	*/-A	4	2	33.33%	2	1	37	37	0.98	1	1	3	1	0	2	-A
I	414079	C	*/-T	13	4	23.53%	2	1	48	52	0.98	1	1	5	8	0	4	-T
I	446313	G	*/+A	37	2	5.13%	2	2	47	37	0.98	1	1	20	17	1	1	+A
I	453369	G	*/+A	6	5	33.33%	2	1	43	37	0.98	1	1	5	1	5	0	+A
I	453369	G	*/+AA	6	3	20%	2	1	43	37	0.98	1	1	5	1	3	0	+A
I	456726	G	*/-T	18	3	14.29%	2	1	50	57	0.98	1	1	10	8	3	0	-T
I	470378	A	-C/-C	0	19	100%	0	2	0	42	0.98	0	1	0	0	10	9	-C
I	470390	A	-C/-C	1	20	95.24%	1	2	74	49	0.98	1	1	1	0	10	10	-C
I	473427	G	*/+T	8	2	16.67%	2	1	33	36	0.98	1	1	5	3	0	2	+T
I	482737	A	+G/+G	4	27	84.38%	2	2	46	44	0.98	1	1	2	2	14	13	+G
I	519932	G	*/-A	16	3	15.79%	2	2	45	49	0.98	1	1	14	2	1	2	-A
I	521845	T	*/-A	18	3	13.64%	2	2	41	49	0.98	1	1	8	10	2	1	-A
I	528541	C	*/-A	15	3	16.67%	2	1	46	49	0.98	1	1	12	3	3	0	-A
I	554527	A	+T/+T	2	9	75%	1	2	55	35	0.98	1	1	0	2	6	3	+T
I	562745	A	*/+T	5	3	30%	2	2	48	49	0.98	1	1	3	2	1	2	+T
I	650099	C	*/+A	1	2	33.33%	1	1	37	37	0.98	1	1	0	1	2	0	+A
I	650099	C	*/+AA	1	2	33.33%	1	1	37	31	0.98	1	1	0	1	0	2	+A
I	660056	T	*/+GGGG	1	2	50%	1	1	37	31	0.98	1	1	1	0	2	0	+GGGG
I	662628	C	*/+T	14	2	12.5%	2	1	43	55	0.98	1	1	9	5	2	0	+T
I	670032	C	+A/+A	2	51	96.23%	2	2	49	55	0.98	1	1	1	1	23	28	+A
I	682993	T	-C/-C	0	40	100%	0	2	0	50	0.98	0	1	0	0	18	22	-C
I	719597	G	*/+TA	28	2	6.67%	2	2	53	55	0.98	1	1	12	16	1	1	+TA
I	765477	A	*/-T	4	2	28.57%	2	1	43	43	0.98	1	1	3	1	0	2	-T
I	862447	A	*/-T	19	2	9.52%	2	1	46	55	0.98	1	1	12	7	0	2	-T
I	862962	C	+T/+T	1	23	95.83%	1	2	74	48	0.98	1	1	0	1	12	11	+T
I	932995	G	*/-A	19	2	9.52%	2	1	57	49	0.98	1	1	7	12	0	2	-A
I	934908	T	*/+AA	12	2	11.76%	1	2	36	42	0.98	1	1	12	0	1	1	+AA
I	960025	G	+T/+T	3	9	75%	1	2	37	43	0.98	1	1	3	0	4	5	+T
I	965438	C	*/+A	4	2	25%	1	1	34	37	0.98	1	1	4	0	2	0	+A
I	1048635	G	+A/+A	5	15	75%	2	2	44	50	0.98	1	1	4	1	7	8	+A
I	1185797	G	*/-A	11	4	23.53%	2	2	39	46	0.98	1	1	9	2	2	2	-A
I	1238475	A	*/-T	17	2	10.53%	2	1	41	55	0.98	1	1	10	7	2	0	-T
I	1254655	T	*/-A	13	2	11.76%	2	2	39	37	0.98	1	1	8	5	1	1	-A
I	1274803	T	+A/+A	0	12	100%	0	2	0	46	0.98	0	1	0	0	7	5	+A
I	1288167	G	*/+C	25	2	7.41%	2	2	41	37	0.98	1	1	15	10	1	1	+C
I	1290605	A	*/-T	21	3	11.54%	2	2	49	49	0.98	1	1	12	9	1	2	-T
I	1290605	A	*/+T	21	2	7.69%	2	2	49	37	0.98	1	1	12	9	1	1	-T
I	1358794	C	*/+A	2	3	50%	2	2	49	32	0.98	1	1	1	1	2	1	+A
I	1383723	G	*/+T	21	2	8.7%	2	2	51	68	0.98	1	1	10	11	1	1	+T
I	1424708	C	-A/-A	3	14	82.35%	2	2	61	59	0.98	1	1	1	2	9	5	-A
I	1478066	G	*/-A	21	2	8.7%	2	2	37	36	0.98	1	1	14	7	1	1	-A
I	1496317	C	*/-A	5	14	60.87%	2	2	36	44	0.98	1	1	3	2	9	5	-A
I	1496317	C	*/-AA	5	3	13.04%	2	2	36	45	0.98	1	1	3	2	1	2	-A
I	1509277	C	*/+T	3	9	69.23%	1	2	41	43	0.98	1	1	3	0	6	3	+T
I	1538393	G	*/+CC	23	2	8%	2	1	47	37	0.98	1	1	16	7	0	2	+CC
I	1595056	C	*/-T	8	2	18.18%	1	2	35	42	0.98	1	1	8	0	1	1	-T
I	1625092	T	+C/+C	0	19	100%	0	2	0	50	0.98	0	1	0	0	8	11	+C
I	1771585	C	*/-A	19	2	9.52%	2	2	52	55	0.98	1	1	16	3	1	1	-A
I	1777634	A	*/-T	5	4	40%	2	2	37	46	0.98	1	1	4	1	3	1	-T
I	1837916	G	*/-T	7	5	31.25%	2	1	38	39	0.98	1	1	6	1	5	0	-T
I	1837916	G	*/-TT	7	2	12.5%	2	1	38	37	0.98	1	1	6	1	2	0	-T
I	1849285	C	*/-T	18	4	16%	2	2	47	55	0.98	1	1	9	9	1	3	-T
I	1849285	C	*/+T	18	3	12%	2	2	47	49	0.98	1	1	9	9	2	1	-T
I	1890184	C	*/-A	9	3	21.43%	2	2	46	40	0.98	1	1	5	4	1	2	-A
I	1916600	C	*/-T	12	2	14.29%	2	1	49	37	0.98	1	1	7	5	0	2	-T
I	1936294	G	+A/+A	0	12	100%	0	2	0	56	0.98	0	1	0	0	2	10	+A
I	1952313	A	+T/+T	1	31	96.88%	1	2	74	44	0.98	1	1	0	1	24	7	+T
I	1954162	C	*/-A	13	4	21.05%	2	2	38	40	0.98	1	1	10	3	2	2	-A
I	1955754	C	*/+TT	3	2	33.33%	1	2	37	42	0.98	1	1	3	0	1	1	+TT
I	1955853	T	*/+A	2	2	50%	1	1	48	37	0.98	1	1	2	0	2	0	+A
I	2016958	G	*/+T	21	2	8.7%	2	1	49	37	0.98	1	1	12	9	2	0	+T
I	2025000	C	*/+T	6	2	18.18%	1	2	45	42	0.98	1	1	6	0	1	1	+T
I	2052488	A	*/-T	15	7	26.92%	2	1	48	49	0.98	1	1	12	3	7	0	-T
I	2052488	A	*/-TT	15	2	7.69%	2	2	48	37	0.98	1	1	12	3	1	1	-T
I	2052488	A	*/+T	15	2	7.69%	2	1	48	42	0.98	1	1	12	3	2	0	-T
I	2096013	T	*/-A	8	3	27.27%	2	2	50	37	0.98	1	1	6	2	1	2	-A
I	2139856	G	+T/+T	1	10	90.91%	1	2	37	35	0.98	1	1	0	1	7	3	+T
I	2154491	T	+A/+A	0	15	100%	0	2	0	46	0.98	0	1	0	0	8	7	+A
I	2178948	C	*/-A	26	2	7.14%	2	1	40	37	0.98	1	1	23	3	2	0	-A
I	2227870	C	*/-T	2	2	50%	2	1	49	37	0.98	1	1	1	1	2	0	-T
I	2227936	T	*/+AA	0	2	28.57%	0	1	0	31	0.98	0	1	0	0	0	2	+AA
I	2227936	T	*/+AAA	0	4	57.14%	0	2	0	46	0.98	0	1	0	0	2	2	+AAA
I	2245479	T	*/+C	9	5	27.78%	2	2	48	42	0.98	1	1	3	6	4	1	+C
I	2245479	T	*/+CC	9	3	16.67%	2	2	48	45	0.98	1	1	3	6	1	2	+C
I	2273201	T	*/-A	9	4	26.67%	2	1	33	37	0.98	1	1	7	2	4	0	-A
I	2279763	A	*/-T	12	2	12.5%	2	2	45	49	0.98	1	1	7	5	1	1	-T
I	2288240	C	-G/-G	0	20	100%	0	2	0	53	0.98	0	1	0	0	9	11	-G
I	2322636	C	*/-A	14	9	32.14%	1	2	37	39	0.98	1	1	14	0	7	2	-A
I	2322636	C	*/-AA	14	4	14.29%	1	1	37	46	0.98	1	1	14	0	4	0	-A
I	2327021	C	*/+A	5	2	25%	2	2	34	55	0.98	1	1	3	2	1	1	+A
I	2343703	G	+A/+A	0	13	100%	0	2	0	42	0.98	0	1	0	0	8	5	+A
I	2421576	A	-C/-C	0	15	100%	0	2	0	40	0.98	0	1	0	0	6	9	-C
I	2499149	A	-T/-T	2	11	84.62%	1	2	49	42	0.98	1	1	2	0	5	6	-T
I	2507462	T	+A/+A	1	20	95.24%	1	2	37	42	0.98	1	1	1	0	11	9	+A
I	2510060	T	+A/+A	1	7	87.5%	1	2	25	38	0.98	1	1	1	0	6	1	+A
I	2520612	G	*/-T	22	2	7.41%	2	2	51	43	0.98	1	1	13	9	1	1	-T
I	2520612	G	*/+T	22	3	11.11%	2	1	51	49	0.98	1	1	13	9	3	0	+T
I	2525713	C	*/-T	13	9	36%	2	2	35	39	0.98	1	1	12	1	6	3	-T
I	2525713	C	*/+T	13	3	12%	2	1	35	34	0.98	1	1	12	1	3	0	-T
I	2578262	T	*/-A	16	5	23.81%	2	2	44	49	0.98	1	1	4	12	2	3	-A
I	2587474	A	*/-T	15	2	11.76%	2	2	44	74	0.98	1	1	9	6	1	1	-T
I	2588021	C	+A/+A	0	6	100%	0	2	0	37	0.98	0	1	0	0	4	2	+A
I	2588066	C	+A/+A	0	6	100%	0	2	0	43	0.98	0	1	0	0	4	2	+A
I	2594263	C	+T/+T	0	8	100%	0	2	0	46	0.98	0	1	0	0	2	6	+T
I	2594324	T	+A/+A	3	13	81.25%	2	2	49	56	0.98	1	1	1	2	8	5	+A
I	2594351	T	+A/+A	0	13	100%	0	2	0	59	0.98	0	1	0	0	8	5	+A
I	2594391	A	+T/+T	0	13	100%	0	2	0	61	0.98	0	1	0	0	8	5	+T
I	2605860	G	-T/-T	0	26	100%	0	2	0	42	0.98	0	1	0	0	10	16	-T
I	2607669	A	+T/+T	0	28	100%	0	2	0	47	0.98	0	1	0	0	12	16	+T
I	2637656	C	*/+A	21	2	8.7%	2	1	55	55	0.98	1	1	10	11	2	0	+A
I	2641998	C	*/+T	2	4	57.14%	1	2	42	39	0.98	1	1	2	0	3	1	+T
I	2683902	T	-C/-C	0	15	100%	0	2	0	44	0.98	0	1	0	0	7	8	-C
I	2689254	A	*/-T	12	2	13.33%	2	2	42	55	0.98	1	1	7	5	1	1	-T
I	2747027	T	*/-A	7	4	26.67%	2	2	38	37	0.98	1	1	3	4	3	1	-A
I	2747027	T	*/-AA	7	2	13.33%	2	2	38	37	0.98	1	1	3	4	1	1	-A
I	2747027	T	*/+A	7	2	13.33%	2	2	38	25	0.98	1	1	3	4	1	1	-A
I	2751236	T	-A/-A	3	20	83.33%	2	2	49	49	0.98	1	1	2	1	6	14	-A
I	2759871	T	*/+C	3	6	66.67%	2	2	49	55	0.98	1	1	2	1	1	5	+C
I	2812650	C	*/-T	14	2	11.11%	2	2	43	55	0.98	1	1	9	5	1	1	-T
I	2812650	C	*/+T	14	2	11.11%	2	2	43	49	0.98	1	1	9	5	1	1	-T
I	2833048	A	*/-T	18	2	10%	2	2	44	55	0.98	1	1	16	2	1	1	-T
I	2881073	G	*/+A	8	2	20%	2	2	41	68	0.98	1	1	4	4	1	1	+A
I	2907177	C	*/+A	33	2	5.71%	2	2	48	37	0.98	1	1	12	21	1	1	+A
I	2932741	C	*/-AT	9	2	18.18%	2	1	48	37	0.98	1	1	3	6	0	2	-AT
I	2960791	T	*/-A	8	2	20%	2	2	44	37	0.98	1	1	3	5	1	1	-A
I	2963080	T	*/-A	21	3	12.5%	2	2	40	37	0.98	1	1	7	14	1	2	-A
I	3033347	C	*/-T	21	4	14.29%	2	2	43	37	0.98	1	1	11	10	3	1	-T
I	3033347	C	*/+T	21	3	10.71%	2	2	43	49	0.98	1	1	11	10	1	2	-T
I	3084527	A	*/+AGT	35	2	5.41%	2	2	54	74	0.98	1	1	19	16	1	1	+AGT
I	3125118	A	+T/+T	1	15	93.75%	1	2	74	44	0.98	1	1	0	1	10	5	+T
I	3144699	T	*/-A	2	3	42.86%	2	2	61	49	0.98	1	1	1	1	1	2	-A
I	3159994	C	*/-T	49	3	5.56%	2	1	41	49	0.98	1	1	44	5	3	0	-T
I	3166776	G	*/+TT	6	6	27.27%	1	2	35	45	0.98	1	1	6	0	5	1	+TT
I	3166776	G	*/+TTT	6	8	36.36%	1	2	35	40	0.98	1	1	6	0	5	3	+TTT
I	3178494	C	+T/+T	3	18	85.71%	2	2	57	46	0.98	1	1	2	1	10	8	+T
I	3184255	T	*/+A	6	4	36.36%	2	1	43	55	0.98	1	1	3	3	4	0	+A
I	3197528	A	+G/+G	1	32	94.12%	1	2	74	48	0.98	1	1	1	0	18	14	+G
I	3303111	C	*/-T	7	3	30%	2	2	49	53	0.98	1	1	4	3	2	1	-T
I	3303394	C	*/-AT	5	2	25%	2	2	54	55	0.98	1	1	3	2	1	1	-AT
I	3404612	C	*/-T	5	3	37.5%	2	1	49	49	0.98	1	1	3	2	3	0	-T
I	3404991	C	*/-T	3	2	40%	1	1	33	37	0.98	1	1	3	0	2	0	-T
I	3410124	A	*/-T	6	3	33.33%	2	2	55	61	0.98	1	1	2	4	1	2	-T
I	3450130	G	-T/-T	0	20	100%	0	2	0	41	0.98	0	1	0	0	10	10	-T
I	3460318	T	+C/+C	1	13	92.86%	1	2	74	44	0.98	1	1	1	0	5	8	+C
I	3463705	A	*/+T	12	2	14.29%	2	1	49	55	0.98	1	1	6	6	2	0	+T
I	3477396	C	*/-A	7	2	18.18%	2	1	36	49	0.98	1	1	3	4	2	0	-A
I	3538413	A	+T/+T	2	8	80%	2	2	37	46	0.98	1	1	1	1	3	5	+T
I	3538428	G	+T/+T	0	9	90%	0	2	0	45	0.98	0	1	0	0	2	7	+T
I	3538436	T	+A/+A	1	10	90.91%	1	2	37	44	0.98	1	1	1	0	3	7	+A
I	3538449	T	+TA/+TA	0	9	100%	0	2	0	42	0.98	0	1	0	0	2	7	+TA
I	3538456	A	+AT/+AT	0	6	75%	0	2	0	43	0.98	0	1	0	0	1	5	+AT
I	3548882	G	*/-A	6	2	25%	2	2	43	37	0.98	1	1	5	1	1	1	-A
I	3573781	G	*/+A	17	4	19.05%	2	2	39	55	0.98	1	1	5	12	2	2	+A
I	3576756	T	*/+TCTTCTC	0	2	50%	0	2	0	55	0.98	0	1	0	0	1	1	C
I	3576929	C	+T/+T	1	12	80%	1	2	37	50	0.98	1	1	0	1	8	4	+T
I	3580034	C	*/+T	4	3	42.86%	2	2	40	49	0.98	1	1	3	1	2	1	+T
I	3659724	C	*/-TT	12	2	10.53%	2	1	39	36	0.98	1	1	7	5	0	2	-TT
I	3659724	C	*/+T	12	4	21.05%	2	2	39	39	0.98	1	1	7	5	2	2	+T
I	3665610	G	+C/+C	0	45	100%	0	2	0	47	0.98	0	1	0	0	23	22	+C
I	3667083	A	*/+T	28	2	6.67%	2	2	51	37	0.98	1	1	8	20	1	1	+T
I	3700385	T	*/+AA	1	5	62.5%	1	2	74	44	0.98	1	1	1	0	2	3	+AA
I	3730369	A	+T/+T	1	17	94.44%	1	2	37	42	0.98	1	1	0	1	12	5	+T
I	3747523	G	*/-A	20	2	9.09%	2	1	49	49	0.98	1	1	14	6	2	0	-A
I	3765328	C	+T/+T	0	14	93.33%	0	1	0	38	0.98	0	1	0	0	14	0	+T
I	3765366	T	*/-A	10	5	33.33%	2	2	38	32	0.98	1	1	5	5	4	1	-A
I	3776933	G	+A/+A	1	11	91.67%	1	2	37	42	0.98	1	1	1	0	5	6	+A
I	3850523	C	*/-T	17	3	14.29%	2	2	44	37	0.98	1	1	12	5	2	1	-T
I	3851224	A	*/+GTC	34	2	5.56%	2	1	48	55	0.98	1	1	22	12	0	2	+GTC
I	3855790	G	-T/-T	3	15	83.33%	1	2	33	48	0.98	1	1	0	3	10	5	-T
I	3866132	G	*/-TA	9	2	18.18%	2	1	47	37	0.98	1	1	3	6	2	0	-TA
I	3870142	A	*/+C	18	2	10%	2	1	38	49	0.98	1	1	10	8	0	2	+C
I	3876451	A	*/+G	32	2	5.88%	2	1	45	55	0.98	1	1	26	6	2	0	+G
I	3898356	A	*/+G	10	2	16.67%	2	1	37	37	0.98	1	1	3	7	2	0	+G
I	3939122	T	*/+A	19	2	9.52%	2	2	55	37	0.98	1	1	10	9	1	1	+A
I	3940025	G	+T/+T	0	28	100%	0	2	0	49	0.98	0	1	0	0	13	15	+T
I	3984736	A	*/-GGT	117	9	7.09%	2	1	46	37	0.98	1	1	39	78	0	9	-GGT
I	3992211	A	*/-AAC	14	2	12.5%	2	1	39	31	0.98	1	1	7	7	0	2	-AAC
I	3992213	A	*/-C	9	3	25%	2	2	38	37	0.98	1	1	5	4	2	1	-C
I	3995023	C	*/-T	5	3	30%	1	2	37	36	0.98	1	1	5	0	1	2	-T
I	3995023	C	*/+T	5	2	20%	1	2	37	42	0.98	1	1	5	0	1	1	-T
I	3996048	G	*/-A	84	5	5.62%	2	2	51	59	0.98	1	1	45	39	2	3	-A
I	4004016	G	*/-T	10	7	31.82%	2	2	41	45	0.98	1	1	4	6	2	5	-T
I	4004016	G	*/-TT	10	3	13.64%	2	2	41	53	0.98	1	1	4	6	1	2	-T
I	4004016	G	*/+T	10	2	9.09%	2	2	41	62	0.98	1	1	4	6	1	1	-T
I	4005819	C	*/-A	17	2	10%	2	1	42	37	0.98	1	1	8	9	2	0	-A
I	4010237	A	*/+GG	6	2	20%	2	1	41	37	0.98	1	1	2	4	2	0	+GG
I	4014850	A	*/-AT	6	2	25%	2	1	45	55	0.98	1	1	2	4	2	0	-AT
I	4055052	T	*/+A	6	10	55.56%	2	2	61	44	0.98	1	1	4	2	6	4	+A
I	4098272	C	*/-T	14	2	11.76%	2	1	41	31	0.98	1	1	10	4	0	2	-T
I	4137001	T	*/-A	19	2	9.52%	2	1	45	55	0.98	1	1	15	4	2	0	-A
I	4153651	C	*/-T	17	3	14.29%	2	2	35	33	0.98	1	1	14	3	2	1	-T
I	4177950	T	*/+A	15	2	11.76%	2	2	44	37	0.98	1	1	11	4	1	1	+A
I	4241118	G	*/-A	10	6	37.5%	2	2	42	47	0.98	1	1	7	3	4	2	-A
I	4276890	G	+T/+T	3	16	76.19%	1	2	37	50	0.98	1	1	3	0	4	12	+T
I	4304169	G	+A/+A	1	11	91.67%	1	2	37	53	0.98	1	1	0	1	8	3	+A
I	4374342	A	-G/-G	0	42	100%	0	2	0	50	0.98	0	1	0	0	25	17	-G
I	4386268	G	*/-A	4	2	33.33%	2	2	46	42	0.98	1	1	3	1	1	1	-A
I	4407494	T	+G/+G	0	32	100%	0	2	0	46	0.98	0	1	0	0	12	20	+G
I	4410191	C	-G/-G	1	12	92.31%	1	2	74	39	0.98	1	1	1	0	8	4	-G
I	4414201	C	-T/-T	1	3	75%	1	2	48	40	0.98	1	1	1	0	2	1	-T
I	4431856	G	+A/+A	1	31	96.88%	1	2	74	51	0.98	1	1	1	0	16	15	+A
I	4431868	C	+A/+A	1	30	96.77%	1	2	74	48	0.98	1	1	1	0	15	15	+A
I	4442621	A	*/-AT	25	7	21.21%	2	2	44	42	0.98	1	1	18	7	4	3	-AT
I	4455148	A	*/+C	9	2	18.18%	2	1	43	42	0.98	1	1	5	4	0	2	+C
I	4455149	G	*/+A	1	7	63.64%	1	2	48	36	0.98	1	1	0	1	5	2	+A
I	4648159	T	*/-G	7	5	29.41%	2	2	45	37	0.98	1	1	3	4	3	2	-G
I	4648159	T	*/-GG	7	5	29.41%	2	2	45	36	0.98	1	1	3	4	3	2	-G
I	4721875	G	+A/+A	1	19	95%	1	2	62	42	0.98	1	1	1	0	6	13	+A
I	4760698	T	*/-A	19	4	17.39%	2	2	42	64	0.98	1	1	10	9	1	3	-A
I	4764253	G	*/+A	8	9	52.94%	2	2	37	60	0.98	1	1	6	2	4	5	+A
I	4781861	G	*/+T	12	2	14.29%	2	2	48	55	0.98	1	1	8	4	1	1	+T
I	4916623	C	*/-A	8	3	20%	2	1	39	41	0.98	1	1	5	3	0	3	-A
I	4916623	C	*/-AA	8	3	20%	2	1	39	49	0.98	1	1	5	3	3	0	-A
I	4926046	C	*/+T	2	5	62.5%	1	2	37	51	0.98	1	1	2	0	4	1	+T
I	4934297	C	*/-TA	22	4	14.81%	2	2	44	37	0.98	1	1	11	11	2	2	-TA
I	4984784	A	*/-T	2	4	50%	1	2	61	34	0.98	1	1	0	2	2	2	-T
I	5002717	C	*/-A	6	2	22.22%	2	1	49	37	0.98	1	1	4	2	2	0	-A
I	5117187	C	*/+T	12	2	13.33%	2	1	41	55	0.98	1	1	4	8	0	2	+T
I	5142627	A	+G/+G	0	15	100%	0	2	0	41	0.98	0	1	0	0	7	8	+G
I	5148414	T	-A/-A	0	27	100%	0	2	0	45	0.98	0	1	0	0	14	13	-A
I	5159554	C	*/-T	23	2	7.41%	2	2	50	25	0.98	1	1	12	11	1	1	-T
I	5159554	C	*/+T	23	2	7.41%	2	1	50	42	0.98	1	1	12	11	0	2	-T
I	5173087	C	+T/+T	0	14	93.33%	0	2	0	43	0.98	0	1	0	0	5	9	+T
I	5173430	G	*/+T	6	15	62.5%	2	2	38	41	0.98	1	1	5	1	11	4	+T
I	5176926	T	*/+A	2	2	40%	2	1	55	49	0.98	1	1	1	1	0	2	+A
I	5181832	G	*/+T	12	2	14.29%	2	1	45	31	0.98	1	1	7	5	2	0	+T
I	5266596	A	*/-T	24	4	12.5%	2	2	39	46	0.98	1	1	13	11	3	1	-T
I	5266596	A	*/-TT	24	2	6.25%	2	1	39	55	0.98	1	1	13	11	2	0	-T
I	5266596	A	*/+T	24	2	6.25%	2	1	39	37	0.98	1	1	13	11	0	2	-T
I	5271793	A	*/-T	17	2	10.53%	2	2	49	37	0.98	1	1	12	5	1	1	-T
I	5363995	C	*/-A	23	2	7.41%	2	1	56	61	0.98	1	1	7	16	2	0	-A
I	5363995	C	*/+A	23	2	7.41%	2	1	56	49	0.98	1	1	7	16	2	0	-A
I	5368262	T	-C/-C	3	58	95.08%	1	2	49	50	0.98	1	1	3	0	25	33	-C
I	5368273	G	+T/+T	1	64	96.97%	1	2	37	51	0.98	1	1	0	1	26	38	+T
I	5426622	C	+T/+T	6	20	76.92%	1	2	37	48	0.98	1	1	6	0	13	7	+T
I	5436574	G	*/+A	28	2	6.67%	2	2	41	74	0.98	1	1	14	14	1	1	+A
I	5509333	T	*/-A	17	2	10%	2	1	55	55	0.98	1	1	6	11	2	0	-A
I	5547223	T	*/-A	7	3	30%	2	1	40	37	0.98	1	1	6	1	3	0	-A
I	5548073	A	*/-T	12	2	13.33%	2	1	42	68	0.98	1	1	4	8	0	2	-T
I	5557287	A	*/-TT	7	2	20%	2	2	35	36	0.98	1	1	6	1	1	1	-TT
I	5559365	C	*/-T	2	3	60%	1	1	37	37	0.98	1	1	2	0	3	0	-T
I	5564950	C	*/-T	8	2	20%	2	2	38	37	0.98	1	1	5	3	1	1	-T
I	5567937	C	*/-A	18	2	9.09%	2	1	40	37	0.98	1	1	6	12	2	0	-A
I	5567937	C	*/+A	18	2	9.09%	2	1	40	31	0.98	1	1	6	12	2	0	-A
I	5572022	A	*/-T	49	3	5.77%	2	1	47	37	0.98	1	1	25	24	0	3	-T
I	5573278	G	*/-TA	85	5	5.56%	2	2	47	59	0.98	1	1	41	44	2	3	-TA
I	5574071	G	*/-AT	46	3	6.12%	2	1	49	37	0.98	1	1	21	25	0	3	-AT
I	5576850	T	*/-AA	5	5	45.45%	2	2	37	44	0.98	1	1	3	2	3	2	-AA
II	5178	C	*/+A	35	2	5.41%	2	1	45	74	0.98	1	1	19	16	2	0	+A
II	7268	G	*/-T	20	4	16.67%	2	2	36	46	0.98	1	1	10	10	3	1	-T
II	10254	T	*/-A	5	2	28.57%	2	1	34	55	0.98	1	1	2	3	2	0	-A
II	15830	T	*/+A	6	4	40%	2	2	48	37	0.98	1	1	2	4	3	1	+A
II	23557	G	*/-A	5	2	28.57%	2	2	49	36	0.98	1	1	4	1	1	1	-A
II	46913	T	*/+A	13	2	12.5%	2	1	40	37	0.98	1	1	7	6	2	0	+A
II	55819	T	*/-A	14	2	12.5%	2	1	46	55	0.98	1	1	7	7	2	0	-A
II	121588	G	*/+T	8	4	33.33%	2	2	49	74	0.98	1	1	4	4	2	2	+T
II	128001	T	-A/-A	0	14	100%	0	2	0	52	0.98	0	1	0	0	9	5	-A
II	146079	T	-C/-C	1	25	96.15%	1	2	37	51	0.98	1	1	0	1	12	13	-C
II	155536	C	*/-A	23	2	8%	2	1	48	37	0.98	1	1	12	11	2	0	-A
II	228629	C	*/+A	35	2	5.41%	2	1	50	55	0.98	1	1	21	14	2	0	+A
II	229897	A	*/-T	25	12	27.91%	2	2	41	42	0.98	1	1	20	5	10	2	-T
II	229897	A	*/+T	25	4	9.3%	2	2	41	43	0.98	1	1	20	5	2	2	-T
II	243155	C	*/+A	13	2	12.5%	2	1	42	42	0.98	1	1	11	2	2	0	+A
II	256416	T	*/-A	22	2	8.33%	2	2	39	37	0.98	1	1	9	13	1	1	-A
II	257643	C	*/-T	17	2	10%	2	2	45	55	0.98	1	1	15	2	1	1	-T
II	320661	G	*/-A	19	4	16%	2	2	38	31	0.98	1	1	10	9	2	2	-A
II	410085	C	*/-T	14	6	28.57%	2	2	41	38	0.98	1	1	11	3	3	3	-T
II	484534	A	*/+T	5	6	50%	2	1	42	37	0.98	1	1	2	3	0	6	+T
II	516071	T	*/-A	15	4	19.05%	2	2	45	42	0.98	1	1	4	11	1	3	-A
II	516071	T	*/-AA	15	2	9.52%	2	1	45	37	0.98	1	1	4	11	2	0	-A
II	520627	C	*/+T	7	2	22.22%	1	1	34	74	0.98	1	1	7	0	0	2	+T
II	521731	G	*/-T	25	3	10.34%	2	1	46	40	0.98	1	1	15	10	3	0	-T
II	522800	G	*/+A	28	3	9.38%	2	1	42	45	0.98	1	1	21	7	3	0	+A
II	526883	G	*/+GTGCGTTTGTTTAGGT	20	6	21.43%	2	1	52	57	0.98	1	1	10	10	0	6	+GTGCGTTTGTTTAGGT
II	526955	T	*/-AC	33	6	15.38%	2	2	54	55	0.98	1	1	12	21	2	4	-AC
II	526959	T	*/+TTAG	34	6	15%	2	2	54	53	0.98	1	1	12	22	2	4	+TTAG
II	561061	T	*/-G	10	2	16.67%	2	1	44	31	0.98	1	1	8	2	0	2	-G
II	602525	T	*/-A	19	3	13.04%	2	2	52	37	0.98	1	1	5	14	2	1	-A
II	603279	A	-T/-T	0	6	100%	0	2	0	37	0.98	0	1	0	0	4	2	-T
II	603305	A	-C/-C	0	10	100%	0	2	0	50	0.98	0	1	0	0	6	4	-C
II	645098	C	*/+A	6	2	25%	2	2	38	37	0.98	1	1	4	2	1	1	+A
II	673085	A	*/+T	15	2	11.11%	2	1	51	37	0.98	1	1	10	5	0	2	+T
II	673086	G	*/-A	12	2	11.11%	2	1	40	36	0.98	1	1	9	3	2	0	A
II	677175	G	*/-TA	25	5	16.67%	2	2	53	54	0.98	1	1	12	13	3	2	-TA
II	700009	T	-A/-A	1	9	90%	1	2	37	39	0.98	1	1	0	1	3	6	-A
II	716295	G	*/-T	16	2	9.09%	2	1	37	48	0.98	1	1	8	8	2	0	-T
II	716295	G	*/+T	16	2	9.09%	2	1	37	55	0.98	1	1	8	8	0	2	-T
II	753854	A	*/-T	7	3	27.27%	1	1	40	41	0.98	1	1	7	0	3	0	-T
II	756993	C	*/-T	20	3	11.54%	2	2	44	37	0.98	1	1	11	9	2	1	-T
II	756993	C	*/+T	20	2	7.69%	2	2	44	42	0.98	1	1	11	9	1	1	-T
II	819361	C	*/-A	6	2	22.22%	2	1	37	37	0.98	1	1	5	1	2	0	-A
II	840074	A	*/+T	6	2	25%	2	2	33	55	0.98	1	1	4	2	1	1	+T
II	842330	G	*/-A	17	2	10.53%	2	2	39	37	0.98	1	1	6	11	1	1	-A
II	843434	C	*/+A	10	2	16.67%	2	2	49	37	0.98	1	1	4	6	1	1	+A
II	847457	G	*/-A	4	3	42.86%	1	1	35	33	0.98	1	1	4	0	3	0	-A
II	860521	T	*/-A	33	2	5.41%	2	1	42	37	0.98	1	1	25	8	2	0	-A
II	860521	T	*/+A	33	2	5.41%	2	2	42	43	0.98	1	1	25	8	1	1	-A
II	888599	A	-C/-C	0	18	100%	0	2	0	50	0.98	0	1	0	0	10	8	-C
II	890578	C	*/-T	17	2	10%	2	1	44	43	0.98	1	1	14	3	2	0	-T
II	903106	G	+T/+T	1	25	96.15%	1	2	37	46	0.98	1	1	0	1	7	18	+T
II	948303	T	*/-A	9	3	25%	2	2	56	49	0.98	1	1	7	2	1	2	-A
II	965517	C	*/-T	10	4	25%	2	2	45	37	0.98	1	1	6	4	1	3	-T
II	965517	C	*/+T	10	2	12.5%	2	1	45	49	0.98	1	1	6	4	2	0	-T
II	1019510	T	*/-A	3	9	52.94%	2	2	37	49	0.98	1	1	1	2	5	4	-A
II	1019510	T	*/-AA	3	2	11.76%	2	2	37	55	0.98	1	1	1	2	1	1	-A
II	1019510	T	*/-AAA	3	3	17.65%	2	2	37	37	0.98	1	1	1	2	1	2	-AAA
II	1024581	G	*/-GGA	27	2	6.9%	2	2	48	55	0.98	1	1	11	16	1	1	-GGA
II	1046425	T	+A/+A	0	22	100%	0	2	0	45	0.98	0	1	0	0	10	12	+A
II	1069791	C	*/-A	21	2	8.7%	2	1	49	42	0.98	1	1	15	6	2	0	-A
II	1078264	T	*/-A	24	4	13.79%	2	2	46	61	0.98	1	1	14	10	2	2	-A
II	1079843	T	+A/+A	1	15	93.75%	1	2	37	47	0.98	1	1	0	1	4	11	+A
II	1163154	A	-T/-T	2	18	90%	2	2	37	46	0.98	1	1	1	1	11	7	-T
II	1171363	T	*/-A	18	2	10%	2	1	41	55	0.98	1	1	13	5	2	0	-A
II	1225568	G	*/+A	24	2	7.69%	2	2	46	74	0.98	1	1	17	7	1	1	+A
II	1243365	G	*/-T	16	2	10.53%	2	2	50	61	0.98	1	1	7	9	1	1	-T
II	1264791	C	*/-T	4	2	33.33%	1	1	39	37	0.98	1	1	4	0	2	0	-T
II	1266289	T	+A/+A	2	9	75%	2	2	55	46	0.98	1	1	1	1	4	5	+A
II	1266955	G	*/-GA	37	3	7.32%	2	2	47	36	0.98	1	1	18	19	2	1	-GA
II	1277481	G	*/+TT	7	2	18.18%	1	1	35	37	0.98	1	1	7	0	2	0	+TT
II	1308618	G	-T/-T	4	23	85.19%	1	2	37	47	0.98	1	1	4	0	14	9	-T
II	1365999	G	*/-T	14	5	23.81%	2	2	54	52	0.98	1	1	9	5	3	2	-T
II	1365999	G	*/+T	14	2	9.52%	2	1	54	31	0.98	1	1	9	5	0	2	-T
II	1389139	C	*/+T	4	9	52.94%	2	2	34	47	0.98	1	1	2	2	2	7	+T
II	1389139	C	*/+TT	4	3	17.65%	2	2	34	40	0.98	1	1	2	2	2	1	+T
II	1416243	C	+AA/+AA	1	14	93.33%	1	2	37	42	0.98	1	1	0	1	7	7	+AA
II	1467485	C	*/-T	12	5	27.78%	2	2	38	37	0.98	1	1	6	6	3	2	-T
II	1545024	T	*/+A	15	2	11.76%	2	1	39	31	0.98	1	1	8	7	0	2	+A
II	1545027	C	*/-A	7	3	21.43%	2	1	45	49	0.98	1	1	3	4	3	0	A
II	1610504	A	*/+G	54	4	6.9%	2	1	47	49	0.98	1	1	29	25	4	0	+G
II	1627981	C	*/-T	10	5	33.33%	2	2	43	51	0.98	1	1	7	3	3	2	-T
II	1678205	T	-A/-A	0	9	100%	0	2	0	42	0.98	0	1	0	0	3	6	-A
II	1716287	T	*/-G	14	8	36.36%	2	1	44	40	0.98	1	1	3	11	0	8	-G
II	1748646	G	*/-A	4	3	37.5%	2	2	39	45	0.98	1	1	3	1	1	2	-A
II	1763419	T	*/-A	18	3	13.64%	2	2	37	37	0.98	1	1	12	6	2	1	-A
II	1818108	C	*/-T	8	5	33.33%	2	2	49	51	0.98	1	1	5	3	1	4	-T
II	1861420	T	-G/-G	0	33	100%	0	2	0	50	0.98	0	1	0	0	18	15	-G
II	1867795	A	+T/+T	1	12	85.71%	1	2	37	42	0.98	1	1	1	0	4	8	+T
II	1868122	G	*/+T	10	3	17.65%	2	1	39	37	0.98	1	1	9	1	3	0	+T
II	1868122	G	*/+TT	10	3	17.65%	2	1	39	49	0.98	1	1	9	1	3	0	+T
II	1873779	T	+A/+A	0	15	100%	0	2	0	43	0.98	0	1	0	0	6	9	+A
II	1877293	G	*/+T	23	2	8%	2	1	46	37	0.98	1	1	17	6	0	2	+T
II	1877294	A	+T/+T	1	22	91.67%	1	2	37	47	0.98	1	1	1	0	16	6	+T
II	1941966	A	+T/+T	0	28	100%	0	2	0	51	0.98	0	1	0	0	17	11	+T
II	1941982	A	+T/+T	0	26	100%	0	2	0	49	0.98	0	1	0	0	15	11	+T
II	1948953	G	-A/-A	1	30	96.77%	1	2	37	45	0.98	1	1	0	1	15	15	-A
II	1950050	A	+G/+G	3	22	84.62%	2	2	49	48	0.98	1	1	1	2	9	13	+G
II	1952046	T	*/+TATTG	8	16	64%	2	2	49	44	0.98	1	1	5	3	12	4	+TATTG
II	1953298	C	*/-CT	25	2	7.41%	2	2	46	43	0.98	1	1	13	12	1	1	-CT
II	1955495	T	+A/+A	2	14	87.5%	1	2	37	49	0.98	1	1	2	0	10	4	+A
II	1960392	A	+G/+G	0	17	100%	0	2	0	42	0.98	0	1	0	0	5	12	+G
II	1987101	C	-G/-G	0	24	100%	0	2	0	40	0.98	0	1	0	0	13	11	-G
II	1987117	T	-G/-G	0	24	100%	0	2	0	46	0.98	0	1	0	0	13	11	-G
II	2049891	A	-T/-T	0	29	100%	0	2	0	49	0.98	0	1	0	0	13	16	-T
II	2053516	G	+C/+C	1	24	96%	1	2	37	54	0.98	1	1	1	0	14	10	+C
II	2103523	G	*/-A	16	2	11.11%	2	2	42	68	0.98	1	1	12	4	1	1	-A
II	2108180	T	+A/+A	1	18	94.74%	1	2	74	40	0.98	1	1	0	1	15	3	+A
II	2147726	G	+T/+T	2	16	88.89%	2	2	37	48	0.98	1	1	1	1	9	7	+T
II	2187407	G	+A/+A	1	14	93.33%	1	2	37	44	0.98	1	1	0	1	6	8	+A
II	2198945	G	*/-CA	26	2	7.14%	2	1	48	37	0.98	1	1	2	24	2	0	-CA
II	2203175	T	*/+A	17	2	9.52%	2	1	48	31	0.98	1	1	9	8	0	2	+A
II	2219928	A	+T/+T	0	18	94.74%	0	2	0	44	0.98	0	1	0	0	8	10	+T
II	2293297	G	-A/-A	1	15	93.75%	1	2	74	41	0.98	1	1	0	1	11	4	-A
II	2302838	A	*/+T	30	2	6.25%	2	1	48	55	0.98	1	1	18	12	2	0	+T
II	2327013	C	*/-T	29	2	6.45%	2	1	44	55	0.98	1	1	7	22	2	0	-T
II	2373654	C	+T/+T	3	27	90%	2	2	53	50	0.98	1	1	2	1	14	13	+T
II	2443873	T	*/+A	4	4	36.36%	1	1	30	37	0.98	1	1	4	0	4	0	+A
II	2443873	T	*/+AA	4	3	27.27%	1	2	30	45	0.98	1	1	4	0	2	1	+A
II	2480912	A	*/-T	17	2	10.53%	2	2	42	55	0.98	1	1	9	8	1	1	-T
II	2523624	C	*/-A	7	2	16.67%	2	1	37	74	0.98	1	1	6	1	0	2	A
II	2552673	G	*/-T	3	3	37.5%	2	2	43	40	0.98	1	1	2	1	2	1	-T
II	2579458	C	*/-A	7	2	22.22%	2	1	40	25	0.98	1	1	5	2	0	2	-A
II	2592423	T	*/+A	4	10	71.43%	2	2	37	50	0.98	1	1	3	1	6	4	+A
II	2612668	A	*/-T	13	2	12.5%	2	2	44	31	0.98	1	1	5	8	1	1	-T
II	2630607	C	*/+A	7	8	44.44%	2	2	49	52	0.98	1	1	5	2	3	5	+A
II	2640785	T	+A/+A	7	22	75.86%	2	2	45	42	0.98	1	1	5	2	10	12	+A
II	2647497	C	*/-T	13	8	34.78%	2	2	45	37	0.98	1	1	4	9	2	6	-T
II	2709414	G	+C/+C	0	25	100%	0	2	0	52	0.98	0	1	0	0	12	13	+C
II	2720152	T	*/-A	40	3	6.82%	2	2	48	49	0.98	1	1	14	26	1	2	-A
II	2755338	C	*/-AT	6	13	61.9%	2	2	49	45	0.98	1	1	1	5	8	5	-AT
II	2755338	C	*/-ATAT	6	2	9.52%	2	2	49	31	0.98	1	1	1	5	1	1	-AT
II	2788933	C	+G/+G	0	23	100%	0	2	0	45	0.98	0	1	0	0	19	4	+G
II	2798040	C	-T/-T	0	41	100%	0	2	0	57	0.98	0	1	0	0	15	26	-T
II	2798514	A	-G/-G	1	14	93.33%	1	2	37	42	0.98	1	1	1	0	8	6	-G
II	2811495	C	-A/-A	0	28	100%	0	2	0	44	0.98	0	1	0	0	15	13	-A
II	2825198	T	*/+C	5	4	44.44%	2	2	51	37	0.98	1	1	3	2	2	2	+C
II	2826100	G	*/-A	10	4	26.67%	2	2	41	46	0.98	1	1	6	4	2	2	-A
II	2900889	A	*/+T	5	3	30%	1	2	44	49	0.98	1	1	5	0	2	1	+T
II	2908519	G	*/-A	22	2	8.33%	2	1	52	55	0.98	1	1	14	8	0	2	-A
II	2918170	G	*/+A	29	2	6.45%	2	1	48	55	0.98	1	1	18	11	0	2	+A
II	2938956	C	*/+T	3	6	66.67%	2	2	57	41	0.98	1	1	2	1	2	4	+T
II	2941587	T	*/-A	15	2	11.76%	2	1	48	37	0.98	1	1	10	5	2	0	-A
II	2966290	C	+T/+T	0	8	100%	0	2	0	37	0.98	0	1	0	0	3	5	+T
II	3010749	G	*/-A	26	2	7.14%	2	2	45	37	0.98	1	1	17	9	1	1	-A
II	3010975	G	*/-T	46	6	10.91%	2	2	46	47	0.98	1	1	20	26	3	3	-T
II	3010975	G	*/+T	46	3	5.45%	2	2	46	57	0.98	1	1	20	26	2	1	-T
II	3040332	C	+G/+G	0	49	98%	0	2	0	50	0.98	0	1	0	0	23	26	+G
II	3069119	C	*/+A	27	2	6.9%	2	1	39	55	0.98	1	1	17	10	2	0	+A
II	3154052	G	*/+T	10	3	23.08%	2	2	46	61	0.98	1	1	5	5	1	2	+T
II	3171788	G	*/+A	5	2	20%	1	1	37	37	0.98	1	1	5	0	2	0	+A
II	3253453	C	*/+T	6	2	20%	2	1	41	31	0.98	1	1	5	1	2	0	+T
II	3282373	T	*/-A	17	2	9.52%	2	1	52	37	0.98	1	1	10	7	2	0	-A
II	3282373	T	*/+A	17	2	9.52%	2	1	52	55	0.98	1	1	10	7	2	0	-A
II	3304575	G	*/+T	13	2	13.33%	2	2	44	37	0.98	1	1	4	9	1	1	+T
II	3380128	C	*/-T	8	4	30.77%	2	2	41	31	0.98	1	1	6	2	3	1	-T
II	3410437	G	*/-T	4	2	33.33%	2	1	61	37	0.98	1	1	2	2	0	2	-T
II	3538978	C	*/-A	33	2	5.71%	2	2	48	61	0.98	1	1	19	14	1	1	-A
II	3540057	A	*/-T	13	3	18.75%	2	2	55	37	0.98	1	1	8	5	1	2	-T
II	3573211	G	*/+T	18	2	10%	2	2	45	55	0.98	1	1	4	14	1	1	+T
II	3605463	G	*/-T	5	2	28.57%	2	2	47	55	0.98	1	1	3	2	1	1	-T
II	3606660	C	*/+T	17	2	10%	2	1	49	31	0.98	1	1	12	5	2	0	+T
II	3619003	A	+G/+G	1	22	88%	1	2	74	46	0.98	1	1	0	1	11	11	+G
II	3621704	A	*/-T	10	4	28.57%	2	2	49	52	0.98	1	1	3	7	3	1	-T
II	3622754	T	*/+A	11	3	21.43%	2	1	41	33	0.98	1	1	3	8	0	3	+A
II	3661773	T	*/-A	13	2	13.33%	2	1	45	37	0.98	1	1	8	5	0	2	-A
II	3702248	C	*/+T	21	2	8.7%	2	1	46	55	0.98	1	1	7	14	2	0	+T
II	3799350	G	*/+A	1	5	71.43%	1	2	37	56	0.98	1	1	1	0	4	1	+A
II	3815025	C	*/-TT	5	2	25%	2	1	42	55	0.98	1	1	3	2	0	2	-TT
II	3838101	C	*/-A	1	4	66.67%	1	2	37	52	0.98	1	1	1	0	2	2	-A
II	3838912	T	*/-A	13	6	31.58%	2	2	43	51	0.98	1	1	2	11	1	5	-A
II	3840049	C	*/-A	15	4	21.05%	2	2	60	37	0.98	1	1	6	9	2	2	-A
II	3856896	A	*/-T	15	4	20%	2	2	41	55	0.98	1	1	11	4	3	1	-T
II	3860185	C	*/-TAGTA	20	20	44.44%	2	2	45	41	0.98	1	1	5	15	16	4	-TAGTA
II	3861161	C	*/-T	10	4	28.57%	2	2	36	46	0.98	1	1	7	3	2	2	-T
II	3954039	C	*/-T	10	2	11.76%	2	1	50	62	0.98	1	1	6	4	0	2	-T
II	3954039	C	*/+T	10	4	23.53%	2	2	50	55	0.98	1	1	6	4	2	2	+T
II	3975235	C	*/-AA	18	2	8.7%	2	1	39	55	0.98	1	1	14	4	2	0	-AA
II	3975235	C	*/+A	18	2	8.7%	2	2	39	37	0.98	1	1	14	4	1	1	-AA
II	3983331	G	*/+TA	16	16	48.48%	2	2	47	48	0.98	1	1	5	11	4	12	+TA
II	3983348	T	*/-AC	29	2	6.45%	2	1	47	37	0.98	1	1	10	19	0	2	-AC
II	4006982	C	*/-A	8	2	18.18%	2	2	41	37	0.98	1	1	6	2	1	1	-A
II	4031460	A	*/+T	6	6	46.15%	1	2	47	37	0.98	1	1	6	0	2	4	+T
II	4108814	G	*/-TA	28	5	15.15%	2	2	48	34	0.98	1	1	8	20	2	3	-TA
II	4177822	G	*/-T	6	12	66.67%	2	2	49	43	0.98	1	1	5	1	6	6	-T
II	4254960	G	-A/-A	1	19	95%	1	2	37	48	0.98	1	1	0	1	7	12	-A
II	4264124	C	*/+TGA	34	2	5.56%	2	2	45	37	0.98	1	1	19	15	1	1	+TGA
II	4308414	C	*/+A	7	10	55.56%	2	2	41	45	0.98	1	1	5	2	5	5	+A
II	4315564	C	*/+T	26	2	7.14%	2	1	49	68	0.98	1	1	16	10	0	2	+T
II	4365901	A	*/+T	22	2	8.33%	2	2	51	68	0.98	1	1	11	11	1	1	+T
II	4481876	G	*/+T	77	8	9.41%	2	2	49	55	0.98	1	1	35	42	7	1	+T
II	4507742	G	*/+T	37	2	5.13%	2	1	51	74	0.98	1	1	19	18	2	0	+T
II	4513922	G	*/+GGCTGCTATAATCATTCCCAA	37	2	5.13%	2	1	54	37	0.98	1	1	14	23	0	2	+GGCTGCTATAATCATTCCCAA
II	4516248	T	*/-TCTATCTGTTTC	23	11	32.35%	2	2	41	46	0.98	1	1	15	8	8	3	-TCTATCTGTTTC
II	4517047	T	*/+TACTCATC	70	15	16.48%	2	2	48	46	0.98	1	1	34	36	12	3	+TACTCATC
II	4521677	T	*/-AA	9	4	26.67%	2	2	39	55	0.98	1	1	6	3	2	2	-AA
II	4525340	G	*/-T	59	6	7.79%	2	2	42	36	0.98	1	1	37	22	4	2	-T
II	4525340	G	*/+T	59	10	12.99%	2	2	42	46	0.98	1	1	37	22	5	5	+T
II	4526174	A	*/-T	22	2	8.33%	2	2	42	37	0.98	1	1	11	11	1	1	-T
II	4527116	G	*/+CCAGTGAGGCTA	58	4	6.45%	2	2	48	55	0.98	1	1	30	28	2	2	+CCAGTGAGGCTA
II	4528465	C	*/+GACAAT	70	9	11.39%	2	2	48	38	0.98	1	1	30	40	4	5	+GACAAT
II	4528483	T	*/-GACAATGACAGA	59	12	16.9%	2	2	46	45	0.98	1	1	28	31	7	5	-GACAATGACAGA
II	4529375	T	*/+ACAACGACAACGACAACG	53	28	29.17%	2	2	47	43	0.98	1	1	30	23	19	9	+ACAACGACAACGACAACG
II	4529375	T	*/+ACAACGACAACGACAACGACAACG	53	10	10.42%	2	2	47	36	0.98	1	1	30	23	8	2	+ACAACGACAACGACAACG
II	4533588	C	*/-T	59	32	35.16%	2	2	42	47	0.98	1	1	31	28	15	17	-T
II	4534880	A	*/-T	114	29	20.14%	2	2	49	43	0.98	1	1	57	57	16	13	-T
II	4535321	G	*/-GATAT	209	50	19.31%	2	2	45	44	0.98	1	1	102	107	31	19	-GATAT
II	4535523	T	*/+GTTACG	270	39	12.62%	2	2	46	43	0.98	1	1	93	177	17	22	+GTTACG
II	4535548	A	*/-TATGTG	286	35	10.87%	2	2	47	45	0.98	1	1	119	167	19	16	-TATGTG
II	4535645	G	*/-T	214	46	17.69%	2	2	50	49	0.98	1	1	117	97	18	28	-T
II	4535727	A	*/-G	131	48	26.82%	2	2	43	44	0.98	1	1	45	86	23	25	-G
II	4536089	C	*/+AAAAGAAAAGTAAATT	45	3	6.25%	2	1	40	37	0.98	1	1	28	17	3	0	+AAAAGAAAAGTAAATT
II	4536728	A	*/+GAGAGTAGG	238	21	7.72%	2	2	49	46	0.98	1	1	120	118	9	12	+GAGAGTAGG
II	4537213	G	*/+T	143	201	58.43%	2	2	53	53	0.98	1	1	84	59	124	77	+T
II	4537387	A	*/-AATAAGAG	87	154	63.9%	2	2	44	50	0.98	1	1	40	47	93	61	-AATAAGAG
II	4537655	A	*/+AAATG	52	7	11.67%	2	2	47	51	0.98	1	1	36	16	5	2	+AAATG
II	4537665	G	*/+AAATA	53	3	5.17%	2	2	45	61	0.98	1	1	37	16	1	2	+AAATA
II	4537712	T	*/-AAATAAAATTAATG	42	4	8.7%	2	2	41	37	0.98	1	1	25	17	1	3	-AAATAAAATTAATG
II	4539204	G	*/-ATAGGTAGAATAAGTAAAGCAGAATAGGTAGA	246	14	5.38%	2	2	44	38	0.98	1	1	103	143	4	10	-ATAGGTAGAATAAGTAAAGCAGAATAGGTAGA
III	1558	G	*/-A	42	18	19.57%	2	2	41	39	0.98	1	1	24	18	4	14	-A
III	1558	G	*/+A	42	23	25%	2	2	41	39	0.98	1	1	24	18	13	10	+A
III	4729	A	*/-T	370	119	21.21%	2	2	47	49	0.98	1	1	252	118	50	69	-T
III	4729	A	*/+T	370	42	7.49%	2	2	47	48	0.98	1	1	252	118	18	24	-T
III	4952	C	*/+T	316	70	17.77%	2	2	42	47	0.98	1	1	199	117	18	52	+T
III	5403	C	*/-T	455	146	21.28%	2	2	42	44	0.98	1	1	331	124	79	67	-T
III	5403	C	*/-TT	455	46	6.71%	2	2	42	45	0.98	1	1	331	124	24	22	-T
III	9812	T	*/+A	135	22	13.92%	2	1	46	42	0.98	1	1	38	97	0	22	+A
III	12428	G	*/-A	41	24	24.24%	2	2	46	39	0.98	1	1	21	20	17	7	-A
III	12428	G	*/+A	41	25	25.25%	2	2	46	39	0.98	1	1	21	20	12	13	+A
III	15599	A	*/-T	375	114	21.03%	2	2	49	49	0.98	1	1	233	142	48	66	-T
III	15599	A	*/+T	375	35	6.46%	2	2	49	49	0.98	1	1	233	142	12	23	-T
III	15822	C	*/+T	306	62	16.62%	2	2	41	51	0.98	1	1	192	114	25	37	+T
III	16273	C	*/-T	427	115	18.64%	2	2	42	44	0.98	1	1	312	115	57	58	-T
III	16273	C	*/-TT	427	38	6.16%	2	2	42	42	0.98	1	1	312	115	19	19	-T
III	20682	T	*/+A	123	14	10.07%	2	1	50	44	0.98	1	1	40	83	0	14	+A
III	23298	G	*/-A	50	17	17.35%	2	2	43	38	0.98	1	1	28	22	9	8	-A
III	23298	G	*/+A	50	21	21.43%	2	2	43	38	0.98	1	1	28	22	10	11	+A
III	59772	C	*/-A	33	3	8.33%	2	2	50	40	0.98	1	1	21	12	1	2	-A
III	69589	T	*/-A	8	5	35.71%	2	1	41	51	0.98	1	1	3	5	0	5	-A
III	120832	C	*/+A	6	2	22.22%	2	1	36	37	0.98	1	1	2	4	2	0	+A
III	123319	T	*/-A	13	3	16.67%	2	2	45	37	0.98	1	1	7	6	1	2	-A
III	174670	A	*/-AAC	27	2	6.9%	2	2	47	37	0.98	1	1	14	13	1	1	-AAC
III	207168	T	*/-A	4	3	33.33%	1	2	43	40	0.98	1	1	4	0	2	1	-A
III	208140	C	*/-A	7	5	33.33%	1	2	41	44	0.98	1	1	7	0	2	3	-A
III	208140	C	*/+A	7	2	13.33%	1	1	41	37	0.98	1	1	7	0	2	0	-A
III	211787	G	*/+TT	15	5	25%	2	2	41	47	0.98	1	1	10	5	2	3	+TT
III	234982	C	*/-A	35	2	5.41%	2	2	52	74	0.98	1	1	20	15	1	1	-A
III	250639	G	*/+A	14	2	12.5%	2	1	44	55	0.98	1	1	11	3	2	0	+A
III	286478	C	-TT/-TT	1	6	85.71%	1	2	37	47	0.98	1	1	0	1	2	4	-TT
III	286594	T	*/+A	5	5	41.67%	2	2	47	37	0.98	1	1	4	1	3	2	+A
III	286594	T	*/+AA	5	2	16.67%	2	2	47	49	0.98	1	1	4	1	1	1	+A
III	293096	G	*/-T	12	5	23.81%	2	1	44	46	0.98	1	1	11	1	5	0	-T
III	293096	G	*/+T	12	3	14.29%	2	2	44	49	0.98	1	1	11	1	2	1	-T
III	348685	G	*/-AT	29	2	6.45%	2	1	48	37	0.98	1	1	18	11	2	0	-AT
III	348705	C	*/+T	23	2	7.69%	2	2	38	49	0.98	1	1	16	7	1	1	+T
III	365747	C	-A/-A	2	21	91.3%	1	2	38	48	0.98	1	1	2	0	15	6	-A
III	568658	C	*/-T	8	3	23.08%	2	2	42	36	0.98	1	1	6	2	2	1	-T
III	675253	C	*/-T	19	3	13.64%	2	1	39	53	0.98	1	1	14	5	0	3	-T
III	717677	A	*/-T	2	4	33.33%	1	2	49	46	0.98	1	1	2	0	2	2	-T
III	717677	A	*/-TT	2	5	41.67%	1	2	49	44	0.98	1	1	2	0	2	3	-TT
III	719955	A	-C/-C	0	5	100%	0	2	0	59	0.98	0	1	0	0	2	3	-C
III	720559	C	*/-T	8	4	28.57%	2	2	34	52	0.98	1	1	7	1	3	1	-T
III	720559	C	*/-TT	8	2	14.29%	2	2	34	55	0.98	1	1	7	1	1	1	-T
III	720683	A	+T/+T	1	10	83.33%	1	2	37	48	0.98	1	1	1	0	3	7	+T
III	762516	T	*/-A	11	6	35.29%	2	2	45	35	0.98	1	1	8	3	5	1	-A
III	822701	G	*/+T	15	2	11.11%	2	2	41	51	0.98	1	1	11	4	1	1	+T
III	827251	C	*/-T	8	2	16.67%	2	2	45	36	0.98	1	1	6	2	1	1	-T
III	867865	C	-T/-T	0	16	100%	0	2	0	47	0.98	0	1	0	0	8	8	-T
III	897531	C	*/+A	16	2	10.53%	2	1	41	37	0.98	1	1	11	5	2	0	+A
III	898665	T	*/-A	17	3	15%	2	2	45	37	0.98	1	1	6	11	2	1	-A
III	936705	G	*/-T	3	3	42.86%	2	2	33	61	0.98	1	1	1	2	1	2	-T
III	958241	C	*/-T	8	2	20%	2	1	39	42	0.98	1	1	4	4	2	0	-T
III	966124	G	*/-T	11	4	20%	2	1	35	37	0.98	1	1	10	1	4	0	-T
III	966124	G	*/-TT	11	3	15%	2	1	35	37	0.98	1	1	10	1	3	0	-T
III	966124	G	*/+T	11	2	10%	2	1	35	42	0.98	1	1	10	1	2	0	-T
III	970548	C	*/-T	7	2	22.22%	2	1	42	31	0.98	1	1	3	4	0	2	-T
III	970892	C	*/-T	10	2	13.33%	2	2	44	42	0.98	1	1	9	1	1	1	-T
III	970892	C	*/-TT	10	2	13.33%	2	1	44	55	0.98	1	1	9	1	2	0	-T
III	985869	T	*/-TC	17	2	10.53%	2	1	42	31	0.98	1	1	10	7	0	2	-TC
III	985870	T	*/-C	15	2	11.76%	2	1	41	68	0.98	1	1	10	5	0	2	-C
III	996949	A	*/-T	14	2	12.5%	2	2	43	74	0.98	1	1	5	9	1	1	-T
III	1016311	G	+C/+C	0	40	100%	0	2	0	42	0.98	0	1	0	0	19	21	+C
III	1073505	T	*/+ATATAGAG	137	9	6.08%	2	2	52	45	0.98	1	1	83	54	7	2	+ATATAGAG
III	1079346	A	*/+G	109	10	8.4%	2	2	41	40	0.98	1	1	86	23	8	2	+G
III	1080146	T	*/+ATATAGAG	201	20	8.93%	2	2	45	41	0.98	1	1	79	122	7	13	+ATATAGAG
III	1084026	A	*/+AGTGGTGATGGTT	56	3	5.08%	2	1	46	45	0.98	1	1	24	32	3	0	+AGTGGTGATGGTT
III	1094042	C	*/-A	12	2	14.29%	2	1	51	37	0.98	1	1	4	8	2	0	-A
III	1095550	G	*/-T	12	4	17.39%	2	2	35	43	0.98	1	1	11	1	1	3	-T
III	1095550	G	*/-TT	12	6	26.09%	2	2	35	51	0.98	1	1	11	1	4	2	-TT
III	1103423	T	*/-A	22	6	20.69%	2	2	46	55	0.98	1	1	16	6	3	3	-A
III	1104937	C	*/-T	10	3	23.08%	2	2	48	49	0.98	1	1	5	5	2	1	-T
III	1110132	C	*/+TCTCTATA	72	4	5.19%	2	2	49	37	0.98	1	1	55	17	1	3	+TCTCTATA
III	1110963	T	*/+C	64	4	5.88%	2	2	43	34	0.98	1	1	26	38	3	1	+C
III	1114835	A	*/-C	21	2	8.7%	2	1	52	74	0.98	1	1	10	11	2	0	-C
III	1116892	C	*/+TCTCTATA	34	3	8.11%	2	2	51	61	0.98	1	1	9	25	2	1	+TCTCTATA
III	1117723	T	*/+C	75	8	9.64%	2	2	45	41	0.98	1	1	32	43	4	4	+C
III	1121674	T	*/+ACCACTAACCATC	49	5	9.26%	2	2	45	37	0.98	1	1	33	16	4	1	+ACCACTAACCATC
III	1124483	T	*/+C	81	5	5.81%	2	2	48	37	0.98	1	1	42	39	1	4	+C
III	1128434	T	*/+ACCACTAACCATC	37	5	11.9%	2	2	46	42	0.98	1	1	20	17	3	2	+ACCACTAACCATC
III	1131243	T	*/+C	59	6	9.23%	2	2	47	37	0.98	1	1	27	32	1	5	+C
III	1135194	T	*/+ACCACTAACCATC	54	8	12.9%	2	2	47	46	0.98	1	1	29	25	6	2	+ACCACTAACCATC
III	1168362	G	*/-GA	1	2	40%	1	1	37	37	0.98	1	1	1	0	2	0	-GA
III	1193734	G	*/+T	14	2	12.5%	2	1	41	42	0.98	1	1	8	6	2	0	+T
III	1244495	G	*/-T	14	3	17.65%	2	1	52	37	0.98	1	1	10	4	3	0	-T
III	1252505	G	*/+T	6	2	15.38%	2	2	39	49	0.98	1	1	5	1	1	1	+T
III	1252505	G	*/+TT	6	2	15.38%	2	2	39	68	0.98	1	1	5	1	1	1	+T
III	1308513	T	*/+A	20	2	9.09%	2	2	51	37	0.98	1	1	7	13	1	1	+A
III	1395671	C	*/+A	7	2	22.22%	2	1	44	55	0.98	1	1	5	2	0	2	+A
III	1395701	A	*/-AATGTAATGT	9	3	25%	2	1	45	37	0.98	1	1	1	8	3	0	-AATGTAATGT
III	1421567	T	*/+G	1	3	42.86%	1	1	37	37	0.98	1	1	1	0	3	0	+G
III	1421567	T	*/+GGG	1	2	28.57%	1	1	37	31	0.98	1	1	1	0	2	0	+G
III	1444413	G	*/-T	25	2	7.14%	2	1	47	55	0.98	1	1	9	16	2	0	-T
III	1510629	T	*/+A	6	2	22.22%	2	1	41	42	0.98	1	1	5	1	2	0	+A
III	1575951	G	*/+T	4	4	44.44%	1	2	39	37	0.98	1	1	4	0	2	2	+T
III	1594933	T	*/-A	8	2	16.67%	2	1	41	37	0.98	1	1	3	5	2	0	-A
III	1594933	T	*/+A	8	2	16.67%	2	1	41	49	0.98	1	1	3	5	2	0	-A
III	1674618	C	*/-T	5	3	30%	2	1	30	49	0.98	1	1	1	4	0	3	-T
III	1685487	G	+A/+A	1	14	93.33%	1	2	37	42	0.98	1	1	1	0	6	8	+A
III	1695103	C	+ATTT/+ATTT	3	22	81.48%	2	2	41	45	0.98	1	1	2	1	11	11	+ATTT
III	1702276	A	*/-T	33	2	5.56%	2	2	46	37	0.98	1	1	17	16	1	1	-T
III	1712983	G	*/-AA	10	3	17.65%	2	1	39	37	0.98	1	1	9	1	3	0	-AA
III	1712983	G	*/+A	10	2	11.76%	2	2	39	37	0.98	1	1	9	1	1	1	-AA
III	1756400	T	-A/-A	0	29	100%	0	2	0	45	0.98	0	1	0	0	12	17	-A
III	1758846	C	*/-A	12	5	27.78%	2	2	39	44	0.98	1	1	8	4	4	1	-A
III	1759057	C	*/-T	17	2	10%	2	1	46	68	0.98	1	1	7	10	2	0	-T
III	1774235	T	+GATC/+GATC	0	16	94.12%	0	2	0	44	0.98	0	1	0	0	9	7	+GATC
III	1785829	C	*/-A	22	2	8.33%	2	1	46	37	0.98	1	1	13	9	2	0	-A
III	1821911	C	*/-A	6	4	33.33%	2	2	43	61	0.98	1	1	4	2	2	2	-A
III	1840034	C	*/-A	12	2	14.29%	2	2	37	37	0.98	1	1	2	10	1	1	-A
III	1878070	T	*/+A	19	2	9.52%	2	1	46	37	0.98	1	1	15	4	2	0	+A
III	1925626	C	*/+A	7	2	20%	2	2	47	49	0.98	1	1	5	2	1	1	+A
III	1979604	A	*/-T	8	2	20%	2	1	49	49	0.98	1	1	3	5	0	2	-T
III	2074510	C	*/+T	9	2	16.67%	2	2	41	31	0.98	1	1	6	3	1	1	+T
III	2076412	G	*/-T	9	4	28.57%	2	1	52	36	0.98	1	1	7	2	4	0	-T
III	2076980	A	*/-T	8	3	23.08%	2	2	40	45	0.98	1	1	4	4	1	2	-T
III	2076980	A	*/+T	8	2	15.38%	2	1	40	37	0.98	1	1	4	4	2	0	-T
III	2113205	C	*/-T	3	2	33.33%	2	2	37	42	0.98	1	1	2	1	1	1	-T
III	2178240	T	*/-A	18	3	13.64%	2	2	43	45	0.98	1	1	9	9	2	1	-A
III	2183774	A	*/+C	22	2	8.33%	2	1	40	37	0.98	1	1	8	14	2	0	+C
III	2221410	T	*/+A	7	2	22.22%	2	1	42	49	0.98	1	1	5	2	0	2	+A
III	2312112	T	*/-A	23	2	8%	2	1	44	49	0.98	1	1	16	7	2	0	-A
III	2373166	G	*/+A	13	2	11.76%	2	2	46	42	0.98	1	1	6	7	1	1	+A
III	2420241	T	*/-A	7	3	25%	2	1	35	33	0.98	1	1	4	3	3	0	-A
III	2420241	T	*/-AA	7	2	16.67%	2	1	35	74	0.98	1	1	4	3	0	2	-A
III	2443562	A	*/+T	10	32	74.42%	2	1	40	36	0.98	1	1	5	5	0	32	+T
III	2447848	T	*/-A	769	215	17.32%	2	2	45	42	0.98	1	1	573	196	148	67	-A
III	2447848	T	*/-AA	769	113	9.11%	2	2	45	44	0.98	1	1	573	196	79	34	-A
III	2447848	T	*/+A	769	102	8.22%	2	2	45	48	0.98	1	1	573	196	67	35	-A
III	2448309	T	-AA/-AA	34	473	90.79%	2	2	40	43	0.98	1	1	19	15	191	282	-AA
III	2448518	T	*/-A	691	247	22.87%	2	2	46	47	0.98	1	1	475	216	164	83	-A
III	2448518	T	*/-AA	691	58	5.37%	2	2	46	42	0.98	1	1	475	216	43	15	-A
III	2448518	T	*/+A	691	60	5.56%	2	2	46	45	0.98	1	1	475	216	45	15	+A
