Chrom	Position	Ref	Cons	Reads1	Reads2	VarFreq	Strands1	Strands2	Qual1	Qual2	Pvalue	MapQual1	MapQual2	Reads1Plus	Reads1Minus	Reads2Plus	Reads2Minus	VarAllele
chr_II_telomeric_gap	6088	A	*/-T	11	3	20%	2	2	43	61	0.98	1	1	7	4	1	2	-T
chr_II_telomeric_gap	6301	C	*/-AT	12	2	14.29%	2	1	48	55	0.98	1	1	5	7	2	0	-AT
I	1965	C	*/-T	37	2	5.13%	2	2	44	49	0.98	1	1	22	15	1	1	-T
I	3160	A	*/+GTTGTCGTTGTCGTTGTC	59	8	9.76%	2	2	49	46	0.98	1	1	31	28	4	4	+GTTGTCGTTGTCGTTGTC
I	3160	A	*/+GTTGTCGTTGTCGTTGTCGTTGTC	59	15	18.29%	2	2	49	48	0.98	1	1	31	28	6	9	+GTTGTCGTTGTCGTTGTCGTTGTC
I	4047	C	*/-TGTCTCTGTCAT	66	7	9.59%	2	2	45	47	0.98	1	1	30	36	4	3	-TGTCTCTGTCAT
I	4053	C	*/+TGTCAT	48	13	19.7%	2	2	47	42	0.98	1	1	19	29	9	4	+TGTCAT
I	5677	G	*/-A	17	7	17.07%	2	2	42	42	0.98	1	1	15	2	6	1	-A
I	5677	G	*/-AA	17	6	14.63%	2	1	42	37	0.98	1	1	15	2	6	0	-A
I	5677	G	*/-AAA	17	4	9.76%	2	2	42	46	0.98	1	1	15	2	2	2	-A
I	5677	G	*/+A	17	3	7.32%	2	2	42	49	0.98	1	1	15	2	2	1	-A
I	6357	T	*/-A	27	5	11.9%	2	2	46	42	0.98	1	1	13	14	2	3	-A
I	6357	T	*/-AA	27	7	16.67%	2	2	46	35	0.98	1	1	13	14	3	4	-AA
I	6357	T	*/+A	27	3	7.14%	2	1	46	57	0.98	1	1	13	14	0	3	-AA
I	7191	T	*/+A	52	3	5.08%	2	1	38	37	0.98	1	1	36	16	0	3	A
I	7192	C	*/-A	34	4	7.14%	2	2	38	39	0.98	1	1	28	6	3	1	A
I	7192	C	*/+A	34	8	14.29%	2	2	38	39	0.98	1	1	28	6	6	2	+A
I	10859	G	*/-TT	5	5	50%	2	2	61	42	0.98	1	1	3	2	4	1	-TT
I	15734	C	*/-A	17	7	25%	2	2	44	42	0.98	1	1	12	5	6	1	-A
I	15734	C	*/+A	17	2	7.14%	2	2	44	37	0.98	1	1	12	5	1	1	-A
I	15734	C	*/+AA	17	2	7.14%	2	1	44	49	0.98	1	1	12	5	2	0	-A
I	19694	T	*/+A	25	2	7.41%	2	1	59	37	0.98	1	1	8	17	2	0	+A
I	19962	A	*/-GAT	16	2	10.53%	2	1	48	74	0.98	1	1	6	10	0	2	-GAT
I	27402	A	*/+C	2	4	36.36%	1	1	31	37	0.98	1	1	0	2	0	4	+C
I	27402	A	*/+CC	2	2	18.18%	1	1	31	55	0.98	1	1	0	2	0	2	+C
I	27402	A	*/+CCC	2	2	18.18%	1	1	31	37	0.98	1	1	0	2	0	2	+C
I	28398	A	*/+C	57	3	5%	2	1	48	61	0.98	1	1	10	47	0	3	+C
I	28467	C	*/+A	23	5	17.86%	2	2	54	56	0.98	1	1	10	13	3	2	+A
I	41770	C	*/-AT	23	2	7.69%	2	1	45	55	0.98	1	1	9	14	2	0	-AT
I	55244	T	*/-AA	9	4	28.57%	2	2	38	55	0.98	1	1	8	1	3	1	-AA
I	60786	T	*/+A	12	2	14.29%	2	2	58	55	0.98	1	1	4	8	1	1	+A
I	92133	T	*/-A	7	14	66.67%	2	2	51	63	0.98	1	1	6	1	6	8	-A
I	101871	A	+G/+G	1	26	81.25%	1	2	74	45	0.98	1	1	1	0	11	15	+G
I	237839	T	*/+A	12	14	53.85%	2	2	61	50	0.98	1	1	5	7	4	10	+A
I	276708	C	*/+TTAT	5	5	50%	2	2	39	44	0.98	1	1	3	2	2	3	+TTAT
I	414079	C	*/-T	14	4	22.22%	2	2	43	36	0.98	1	1	8	6	2	2	-T
I	440084	T	*/-A	2	2	22.22%	1	1	37	55	0.98	1	1	2	0	0	2	-A
I	440084	T	*/+A	2	4	44.44%	1	2	37	46	0.98	1	1	2	0	2	2	+A
I	441614	C	*/-T	8	2	14.29%	2	2	35	49	0.98	1	1	7	1	1	1	-T
I	453369	G	*/-A	10	4	17.39%	1	2	34	46	0.98	1	1	10	0	3	1	-A
I	453369	G	*/+A	10	7	30.43%	1	1	34	42	0.98	1	1	10	0	7	0	+A
I	453369	G	*/+AA	10	2	8.7%	1	1	34	55	0.98	1	1	10	0	2	0	+A
I	454339	G	*/+GAAA	2	4	66.67%	1	2	55	37	0.98	1	1	0	2	3	1	+GAAA
I	456726	G	*/-T	18	3	14.29%	2	1	43	49	0.98	1	1	12	6	3	0	-T
I	464477	A	*/-AT	14	2	12.5%	2	2	48	55	0.98	1	1	3	11	1	1	-AT
I	470378	A	-C/-C	0	15	100%	0	2	0	38	0.98	0	1	0	0	7	8	-C
I	470390	A	-C/-C	0	15	100%	0	2	0	45	0.98	0	1	0	0	8	7	-C
I	482737	A	+G/+G	1	24	96%	1	2	74	45	0.98	1	1	1	0	10	14	+G
I	486159	G	*/-A	14	5	25%	2	2	48	51	0.98	1	1	7	7	4	1	-A
I	521845	T	*/-A	14	3	15.79%	2	1	52	57	0.98	1	1	6	8	0	3	-A
I	528541	C	*/+A	22	2	8%	2	2	38	43	0.98	1	1	18	4	1	1	+A
I	544297	A	*/+T	17	2	10.53%	2	2	50	31	0.98	1	1	9	8	1	1	+T
I	554527	A	+T/+T	0	14	100%	0	2	0	39	0.98	0	1	0	0	9	5	+T
I	562745	A	*/-T	4	4	21.05%	2	2	37	34	0.98	1	1	2	2	2	2	-T
I	562745	A	*/+T	4	10	52.63%	2	2	37	45	0.98	1	1	2	2	3	7	+T
I	650099	C	*/+A	3	2	40%	2	1	33	37	0.98	1	1	2	1	2	0	+A
I	660056	T	*/-G	9	12	54.55%	2	2	42	39	0.98	1	1	8	1	4	8	-G
I	670032	C	+A/+A	0	49	100%	0	2	0	51	0.98	0	1	0	0	21	28	+A
I	682993	T	-C/-C	1	29	96.67%	1	2	74	55	0.98	1	1	1	0	15	14	-C
I	807903	A	*/-T	10	3	21.43%	2	1	53	37	0.98	1	1	3	7	0	3	-T
I	862962	C	+T/+T	0	16	100%	0	2	0	59	0.98	0	1	0	0	13	3	+T
I	887480	T	*/+A	31	2	6.06%	2	1	45	55	0.98	1	1	13	18	0	2	+A
I	934607	T	*/-A	16	2	11.11%	2	1	43	74	0.98	1	1	7	9	0	2	-A
I	934908	T	*/+AA	8	4	33.33%	2	2	33	37	0.98	1	1	6	2	3	1	+AA
I	960025	G	*/+T	3	2	33.33%	1	2	37	49	0.98	1	1	3	0	1	1	+T
I	965438	C	*/+A	4	2	28.57%	1	1	46	37	0.98	1	1	4	0	2	0	+A
I	966383	C	*/-T	14	2	12.5%	2	1	55	55	0.98	1	1	6	8	0	2	-T
I	1048635	G	+A/+A	2	9	81.82%	1	2	74	48	0.98	1	1	2	0	7	2	+A
I	1148104	A	+T/+T	1	5	83.33%	1	2	37	34	0.98	1	1	1	0	2	3	+T
I	1152070	G	*/+T	25	3	10.71%	2	2	42	49	0.98	1	1	15	10	2	1	+T
I	1152144	C	*/-T	23	2	7.69%	2	2	43	37	0.98	1	1	9	14	1	1	-T
I	1206603	G	*/+T	34	2	5.56%	2	1	46	49	0.98	1	1	17	17	0	2	+T
I	1274803	T	+A/+A	0	12	100%	0	2	0	55	0.98	0	1	0	0	4	8	+A
I	1290605	A	*/+T	8	2	18.18%	2	1	50	31	0.98	1	1	7	1	0	2	+T
I	1358794	C	*/+A	6	2	22.22%	2	1	36	49	0.98	1	1	4	2	0	2	+A
I	1424708	C	-A/-A	2	15	88.24%	1	2	55	44	0.98	1	1	0	2	10	5	-A
I	1446608	C	*/+A	17	2	10.53%	2	1	49	55	0.98	1	1	9	8	2	0	+A
I	1478066	G	*/-A	17	4	19.05%	2	2	38	37	0.98	1	1	15	2	2	2	-A
I	1496317	C	*/-A	3	6	54.55%	1	2	45	49	0.98	1	1	0	3	1	5	-A
I	1496317	C	*/-AA	3	2	18.18%	1	2	45	55	0.98	1	1	0	3	1	1	-A
I	1509277	C	*/+T	3	10	66.67%	1	2	37	31	0.98	1	1	3	0	8	2	+T
I	1509277	C	*/+TT	3	2	13.33%	1	2	37	37	0.98	1	1	3	0	1	1	+T
I	1573611	C	*/+A	8	4	33.33%	2	2	60	43	0.98	1	1	5	3	1	3	+A
I	1595056	C	*/-T	8	3	18.75%	2	2	34	40	0.98	1	1	7	1	2	1	-T
I	1595056	C	*/+T	8	4	25%	2	1	34	31	0.98	1	1	7	1	4	0	+T
I	1599291	T	*/-A	8	2	20%	2	2	38	49	0.98	1	1	1	7	1	1	-A
I	1625092	T	+C/+C	0	14	100%	0	2	0	58	0.98	0	1	0	0	9	5	+C
I	1666841	G	*/+T	14	2	11.76%	2	1	42	74	0.98	1	1	12	2	2	0	+T
I	1765306	C	*/+A	7	3	25%	2	2	37	49	0.98	1	1	4	3	2	1	+A
I	1837916	G	*/-T	9	3	15.79%	2	2	38	40	0.98	1	1	8	1	2	1	-T
I	1837916	G	*/-TT	9	3	15.79%	2	2	38	53	0.98	1	1	8	1	2	1	-T
I	1837916	G	*/-TTT	9	2	10.53%	2	2	38	31	0.98	1	1	8	1	1	1	-T
I	1837916	G	*/+T	9	2	10.53%	2	1	38	37	0.98	1	1	8	1	2	0	-T
I	1849285	C	*/-T	25	4	13.33%	2	2	47	49	0.98	1	1	11	14	1	3	-T
I	1890184	C	*/-A	9	7	38.89%	2	2	40	38	0.98	1	1	7	2	5	2	-A
I	1890184	C	*/-AA	9	2	11.11%	2	1	40	42	0.98	1	1	7	2	2	0	-A
I	1905214	C	*/-T	13	2	13.33%	2	2	53	31	0.98	1	1	7	6	1	1	-T
I	1936294	G	+A/+A	1	7	87.5%	1	2	62	45	0.98	1	1	1	0	2	5	+A
I	1952313	A	+T/+T	0	31	100%	0	2	0	45	0.98	0	1	0	0	22	9	+T
I	1954162	C	*/-A	12	4	20%	2	1	45	46	0.98	1	1	8	4	4	0	-A
I	1954162	C	*/-AA	12	4	20%	2	1	45	37	0.98	1	1	8	4	4	0	-A
I	1955853	T	*/+A	2	6	66.67%	1	2	37	39	0.98	1	1	2	0	3	3	+A
I	2025000	C	*/+T	7	3	23.08%	2	1	36	37	0.98	1	1	6	1	3	0	+T
I	2041948	T	*/-A	14	4	21.05%	1	2	37	36	0.98	1	1	14	0	3	1	-A
I	2052488	A	*/+T	17	3	13.04%	2	1	39	49	0.98	1	1	9	8	3	0	+T
I	2122246	G	*/-A	20	2	9.09%	2	2	43	55	0.98	1	1	10	10	1	1	-A
I	2139856	G	*/+T	1	2	50%	1	2	37	55	0.98	1	1	1	0	1	1	+T
I	2154491	T	+A/+A	0	15	100%	0	2	0	51	0.98	0	1	0	0	4	11	+A
I	2174555	C	*/-A	8	3	18.75%	2	2	39	45	0.98	1	1	2	6	1	2	-A
I	2174555	C	*/+A	8	2	12.5%	2	2	39	49	0.98	1	1	2	6	1	1	-A
I	2178948	C	*/-A	19	6	20.69%	2	2	46	55	0.98	1	1	14	5	3	3	-A
I	2178948	C	*/-AA	19	2	6.9%	2	1	46	37	0.98	1	1	14	5	2	0	-A
I	2227870	C	*/-T	3	2	40%	1	2	37	37	0.98	1	1	3	0	1	1	-T
I	2227934	C	*/+AAA	4	2	33.33%	1	1	39	31	0.98	1	1	0	4	0	2	+AAA
I	2231735	C	*/-A	5	3	37.5%	2	2	39	37	0.98	1	1	3	2	2	1	-A
I	2245479	T	*/+C	15	3	16.67%	2	2	46	37	0.98	1	1	8	7	2	1	+C
I	2273201	T	*/-AA	7	3	27.27%	2	1	38	33	0.98	1	1	3	4	0	3	-AA
I	2288240	C	-G/-G	1	37	97.37%	1	2	74	50	0.98	1	1	1	0	22	15	-G
I	2318141	T	*/-A	21	2	8.7%	2	1	45	37	0.98	1	1	13	8	2	0	-A
I	2322636	C	*/-A	14	4	17.39%	2	2	40	46	0.98	1	1	13	1	3	1	-A
I	2327021	C	*/-A	12	3	17.65%	2	1	45	49	0.98	1	1	8	4	3	0	-A
I	2335263	A	*/+G	18	2	10%	2	1	53	37	0.98	1	1	11	7	2	0	+G
I	2343703	G	+A/+A	1	7	87.5%	1	2	37	40	0.98	1	1	0	1	1	6	+A
I	2401096	C	*/-A	24	3	10.71%	2	2	51	61	0.98	1	1	15	9	2	1	-A
I	2413103	A	*/+T	9	2	18.18%	2	1	45	37	0.98	1	1	7	2	2	0	+T
I	2421576	A	-C/-C	1	11	91.67%	1	2	37	46	0.98	1	1	0	1	8	3	-C
I	2499149	A	-T/-T	3	19	86.36%	1	2	61	49	0.98	1	1	3	0	7	12	-T
I	2507462	T	+A/+A	2	25	92.59%	2	2	37	48	0.98	1	1	1	1	19	6	+A
I	2510060	T	+A/+A	1	14	93.33%	1	2	74	50	0.98	1	1	1	0	9	5	+A
I	2520612	G	*/-T	16	2	10.53%	2	1	46	55	0.98	1	1	7	9	0	2	-T
I	2525713	C	*/-T	20	2	7.14%	2	1	38	49	0.98	1	1	17	3	2	0	-T
I	2525713	C	*/+T	20	5	17.86%	2	2	38	41	0.98	1	1	17	3	4	1	+T
I	2588021	C	+A/+A	0	7	87.5%	0	2	0	35	0.98	0	1	0	0	1	6	+A
I	2588066	C	+A/+A	0	7	100%	0	2	0	37	0.98	0	1	0	0	2	5	+A
I	2591880	T	*/-G	29	2	6.45%	2	1	50	37	0.98	1	1	19	10	0	2	-G
I	2594263	C	+T/+T	1	11	91.67%	1	2	74	40	0.98	1	1	0	1	5	6	+T
I	2594324	T	+A/+A	2	14	87.5%	1	2	37	38	0.98	1	1	0	2	9	5	+A
I	2594351	T	+A/+A	1	12	92.31%	1	2	37	42	0.98	1	1	0	1	7	5	+A
I	2594391	A	+T/+T	1	10	90.91%	1	2	37	40	0.98	1	1	0	1	6	4	+T
I	2598333	T	*/-A	22	2	8.33%	2	1	42	37	0.98	1	1	17	5	2	0	-A
I	2605860	G	-T/-T	3	23	88.46%	1	2	37	43	0.98	1	1	0	3	13	10	-T
I	2607669	A	+T/+T	3	22	84.62%	2	2	33	50	0.98	1	1	2	1	10	12	+T
I	2641998	C	*/+T	3	4	50%	2	1	32	49	0.98	1	1	1	2	4	0	+T
I	2683902	T	-C/-C	0	19	100%	0	2	0	48	0.98	0	1	0	0	9	10	-C
I	2689254	A	*/-T	11	2	11.76%	2	2	53	37	0.98	1	1	7	4	1	1	-T
I	2689254	A	*/+T	11	3	17.65%	2	2	53	33	0.98	1	1	7	4	2	1	+T
I	2751236	T	-A/-A	1	16	94.12%	1	2	36	50	0.98	1	1	1	0	7	9	-A
I	2759871	T	+C/+C	0	7	100%	0	2	0	47	0.98	0	1	0	0	2	5	+C
I	2897634	G	*/-TA	23	2	8%	2	1	51	37	0.98	1	1	13	10	2	0	-TA
I	2960791	T	*/-A	17	3	15%	2	2	37	45	0.98	1	1	8	9	1	2	-A
I	2973185	G	*/-A	26	2	7.14%	2	2	58	37	0.98	1	1	8	18	1	1	-A
I	3033347	C	*/+T	24	4	13.79%	2	2	42	49	0.98	1	1	20	4	2	2	+T
I	3125118	A	+T/+T	0	18	100%	0	2	0	40	0.98	0	1	0	0	10	8	+T
I	3144699	T	*/-A	3	4	36.36%	1	2	37	34	0.98	1	1	3	0	2	2	-A
I	3159994	C	*/-T	43	10	17.54%	2	2	41	42	0.98	1	1	31	12	9	1	-T
I	3166776	G	*/+TT	2	10	52.63%	1	2	37	46	0.98	1	1	2	0	9	1	+TT
I	3166776	G	*/+TTT	2	4	21.05%	1	2	37	46	0.98	1	1	2	0	3	1	+TT
I	3166776	G	*/+TTTT	2	2	10.53%	1	1	37	37	0.98	1	1	2	0	2	0	+TT
I	3178494	C	+T/+T	1	21	95.45%	1	2	37	47	0.98	1	1	1	0	8	13	+T
I	3197528	A	+G/+G	3	51	91.07%	2	2	61	49	0.98	1	1	2	1	25	26	+G
I	3303394	C	*/-AT	15	2	11.76%	2	2	41	55	0.98	1	1	5	10	1	1	-AT
I	3385666	C	*/-T	27	2	6.9%	2	1	44	55	0.98	1	1	7	20	0	2	-T
I	3404991	C	*/-T	5	4	40%	1	2	37	40	0.98	1	1	5	0	3	1	-T
I	3410124	A	*/+T	14	2	11.11%	2	2	42	55	0.98	1	1	5	9	1	1	+T
I	3450130	G	-T/-T	0	12	100%	0	2	0	51	0.98	0	1	0	0	7	5	-T
I	3460318	T	+C/+C	0	10	100%	0	2	0	51	0.98	0	1	0	0	6	4	+C
I	3462650	A	*/-T	12	3	20%	2	2	47	49	0.98	1	1	4	8	2	1	-T
I	3538413	A	+T/+T	0	14	93.33%	0	2	0	44	0.98	0	1	0	0	9	5	+T
I	3538428	G	+T/+T	1	15	93.75%	1	2	37	42	0.98	1	1	1	0	9	6	+T
I	3538436	T	+A/+A	2	14	87.5%	2	2	55	41	0.98	1	1	1	1	8	6	+A
I	3538449	T	+TA/+TA	1	14	93.33%	1	2	37	42	0.98	1	1	0	1	7	7	+TA
I	3538456	A	+AT/+AT	0	15	100%	0	2	0	41	0.98	0	1	0	0	8	7	+AT
I	3576627	C	*/-T	3	2	40%	2	1	49	37	0.98	1	1	1	2	2	0	-T
I	3576756	T	*/+TCTTCTC	1	2	50%	1	1	37	37	0.98	1	1	0	1	0	2	+TCTTCTC
I	3576929	C	+T/+T	2	11	78.57%	2	2	43	40	0.98	1	1	1	1	6	5	+T
I	3580032	T	*/+A	8	2	20%	2	1	33	55	0.98	1	1	6	2	0	2	+A
I	3580034	C	*/+T	3	4	44.44%	1	2	38	34	0.98	1	1	3	0	3	1	+T
I	3609896	T	*/+A	6	2	25%	2	2	35	42	0.98	1	1	3	3	1	1	+A
I	3659724	C	*/-T	19	4	15.38%	2	2	38	42	0.98	1	1	15	4	3	1	-T
I	3659724	C	*/+T	19	2	7.69%	2	1	38	37	0.98	1	1	15	4	2	0	-T
I	3665610	G	+C/+C	1	69	98.57%	1	2	37	48	0.98	1	1	0	1	42	27	+C
I	3700385	T	*/+A	3	2	9.52%	2	2	53	36	0.98	1	1	2	1	1	1	A
I	3700385	T	*/+AA	3	11	52.38%	2	2	53	41	0.98	1	1	2	1	4	7	+AA
I	3700385	T	*/+AAA	3	2	9.52%	2	1	53	55	0.98	1	1	2	1	0	2	+AA
I	3730369	A	+T/+T	0	13	92.86%	0	2	0	47	0.98	0	1	0	0	6	7	+T
I	3746876	C	*/-A	12	2	14.29%	2	1	52	55	0.98	1	1	6	6	0	2	-A
I	3765328	C	+T/+T	3	11	78.57%	2	1	37	44	0.98	1	1	2	1	11	0	+T
I	3773018	C	*/+A	16	3	15.79%	2	1	43	45	0.98	1	1	8	8	0	3	+A
I	3776933	G	+A/+A	2	13	76.47%	1	2	48	37	0.98	1	1	2	0	3	10	+A
I	3776933	G	*/+T	2	2	11.76%	1	2	48	37	0.98	1	1	2	0	1	1	+A
I	3830510	A	+T/+T	1	14	93.33%	1	2	37	44	0.98	1	1	1	0	7	7	+T
I	3846638	G	-C/-C	0	41	100%	0	2	0	54	0.98	0	1	0	0	17	24	-C
I	3855790	G	-T/-T	2	13	86.67%	1	2	37	38	0.98	1	1	0	2	8	5	-T
I	3857741	C	*/-TCG	20	2	9.09%	2	1	46	37	0.98	1	1	10	10	2	0	-TCG
I	3866132	G	*/-TA	16	2	10.53%	2	2	53	42	0.98	1	1	6	10	1	1	-TA
I	3879465	T	*/-A	20	2	9.09%	2	2	45	36	0.98	1	1	9	11	1	1	-A
I	3940025	G	+T/+T	0	13	100%	0	2	0	44	0.98	0	1	0	0	7	6	+T
I	3984736	A	*/-GGT	148	14	8.64%	2	1	48	42	0.98	1	1	49	99	0	14	-GGT
I	3992212	A	*/-AC	20	4	16.67%	2	2	46	40	0.98	1	1	4	16	2	2	-AC
I	3992213	A	*/-C	15	5	23.81%	2	1	45	37	0.98	1	1	3	12	0	5	-C
I	3993810	T	*/-A	6	2	25%	2	2	35	37	0.98	1	1	5	1	1	1	-A
I	3995023	C	*/-T	9	3	23.08%	2	1	32	33	0.98	1	1	4	5	3	0	-T
I	4004016	G	*/-T	7	9	45%	2	2	47	56	0.98	1	1	4	3	3	6	-T
I	4004016	G	*/+T	7	3	15%	2	2	47	31	0.98	1	1	4	3	2	1	-T
I	4010237	A	*/+G	11	3	18.75%	2	1	40	37	0.98	1	1	10	1	3	0	+G
I	4055052	T	+A/+A	2	20	90.91%	1	2	37	47	0.98	1	1	2	0	16	4	+A
I	4098272	C	*/-T	17	4	17.39%	2	1	45	49	0.98	1	1	15	2	0	4	-T
I	4098272	C	*/+T	17	2	8.7%	2	2	45	37	0.98	1	1	15	2	1	1	-T
I	4143587	C	*/-TA	19	2	9.52%	2	1	44	42	0.98	1	1	7	12	2	0	-TA
I	4153651	C	*/-T	10	2	15.38%	2	1	45	37	0.98	1	1	8	2	2	0	-T
I	4163005	A	*/-T	14	2	12.5%	2	2	41	37	0.98	1	1	8	6	1	1	-T
I	4179641	C	*/+A	10	2	15.38%	2	1	35	55	0.98	1	1	9	1	2	0	+A
I	4179700	T	*/+A	5	2	28.57%	2	1	44	42	0.98	1	1	4	1	0	2	+A
I	4219570	T	*/+A	12	3	20%	2	1	45	61	0.98	1	1	5	7	3	0	+A
I	4241118	G	*/-A	7	5	31.25%	2	2	49	36	0.98	1	1	4	3	3	2	-A
I	4261340	C	*/+T	16	2	11.11%	2	2	41	37	0.98	1	1	12	4	1	1	+T
I	4276890	G	+T/+T	0	10	90.91%	0	2	0	52	0.98	0	1	0	0	4	6	+T
I	4304169	G	+A/+A	0	11	100%	0	2	0	42	0.98	0	1	0	0	9	2	+A
I	4338694	G	*/-T	38	2	5%	2	1	52	31	0.98	1	1	28	10	2	0	-T
I	4374342	A	-G/-G	0	38	100%	0	2	0	48	0.98	0	1	0	0	25	13	-G
I	4407494	T	+G/+G	0	27	96.43%	0	2	0	46	0.98	0	1	0	0	13	14	+G
I	4410191	C	-G/-G	1	13	92.86%	1	2	37	42	0.98	1	1	1	0	9	4	-G
I	4414201	C	*/-T	7	4	36.36%	2	2	46	52	0.98	1	1	6	1	3	1	-T
I	4431856	G	+A/+A	2	21	91.3%	1	2	49	46	0.98	1	1	2	0	11	10	+A
I	4431868	C	+A/+A	2	19	90.48%	2	2	55	47	0.98	1	1	1	1	9	10	+A
I	4442621	A	*/-AT	37	3	7.32%	2	2	53	49	0.98	1	1	21	16	2	1	-AT
I	4455149	G	+A/+A	0	5	83.33%	0	1	0	36	0.98	0	1	0	0	5	0	+A
I	4507370	C	*/+A	12	2	14.29%	2	1	48	37	0.98	1	1	8	4	2	0	+A
I	4514478	T	*/-A	10	2	15.38%	2	1	39	49	0.98	1	1	8	2	2	0	-A
I	4604649	C	*/-TT	5	2	25%	2	1	33	61	0.98	1	1	4	1	0	2	-TT
I	4648159	T	*/-G	4	16	66.67%	2	2	52	41	0.98	1	1	2	2	8	8	-G
I	4648159	T	*/-GG	4	4	16.67%	2	2	52	37	0.98	1	1	2	2	2	2	-G
I	4721875	G	+A/+A	0	6	75%	0	2	0	45	0.98	0	1	0	0	2	4	+A
I	4723298	G	*/+A	5	2	25%	1	1	32	37	0.98	1	1	0	5	0	2	+A
I	4742680	C	*/+T	17	5	22.73%	2	2	47	51	0.98	1	1	16	1	3	2	+T
I	4760698	T	*/-A	9	2	18.18%	2	1	49	55	0.98	1	1	4	5	2	0	-A
I	4764248	A	*/+T	17	2	10.53%	2	1	53	49	0.98	1	1	10	7	0	2	+T
I	4764253	G	*/+A	4	12	66.67%	1	2	37	47	0.98	1	1	4	0	6	6	+A
I	4916623	C	*/-A	5	3	27.27%	2	2	41	33	0.98	1	1	4	1	1	2	-A
I	4916623	C	*/+A	5	3	27.27%	2	2	41	38	0.98	1	1	4	1	2	1	-A
I	4926046	C	+T/+T	0	4	100%	0	1	0	37	0.98	0	1	0	0	4	0	+T
I	4984784	A	*/-T	6	4	40%	2	1	42	42	0.98	1	1	4	2	4	0	-T
I	5060109	A	*/+T	16	2	10.53%	2	2	43	37	0.98	1	1	10	6	1	1	+T
I	5096442	G	*/-T	4	2	22.22%	1	1	36	42	0.98	1	1	4	0	0	2	-T
I	5096442	G	*/-TTT	4	2	22.22%	1	2	36	42	0.98	1	1	4	0	1	1	-T
I	5142627	A	+G/+G	2	10	83.33%	1	2	55	43	0.98	1	1	2	0	3	7	+G
I	5148414	T	-A/-A	2	28	93.33%	2	2	55	48	0.98	1	1	1	1	11	17	-A
I	5155608	C	-A/-A	0	4	80%	0	2	0	37	0.98	0	1	0	0	3	1	-A
I	5159554	C	*/+T	18	2	10%	2	2	50	68	0.98	1	1	5	13	1	1	+T
I	5173087	C	*/+T	4	7	58.33%	2	2	43	38	0.98	1	1	2	2	3	4	+T
I	5173430	G	*/+T	1	11	73.33%	1	2	37	38	0.98	1	1	1	0	8	3	+T
I	5173430	G	*/+TT	1	2	13.33%	1	2	37	37	0.98	1	1	1	0	1	1	+T
I	5200876	C	*/-A	27	2	6.9%	2	2	48	74	0.98	1	1	14	13	1	1	-A
I	5266596	A	*/-T	23	3	10.71%	2	2	44	49	0.98	1	1	11	12	2	1	-T
I	5266596	A	*/+T	23	2	7.14%	2	1	44	31	0.98	1	1	11	12	2	0	-T
I	5368262	T	-C/-C	4	48	92.31%	2	2	46	47	0.98	1	1	2	2	21	27	-C
I	5368273	G	+T/+T	3	46	92%	2	2	61	50	0.98	1	1	1	2	19	27	+T
I	5426622	C	+T/+T	0	14	100%	0	2	0	45	0.98	0	1	0	0	5	9	+T
I	5427304	A	*/-TTATTT	19	5	20.83%	2	2	45	49	0.98	1	1	13	6	2	3	-TTATTT
I	5436574	G	*/-A	24	2	7.14%	2	1	47	55	0.98	1	1	17	7	0	2	-A
I	5436574	G	*/+A	24	2	7.14%	2	1	47	37	0.98	1	1	17	7	2	0	-A
I	5547223	T	*/-A	11	4	26.67%	2	2	49	55	0.98	1	1	8	3	2	2	-A
I	5565030	C	*/+TTT	4	2	33.33%	2	1	46	55	0.98	1	1	1	3	2	0	+TTT
I	5567937	C	*/-A	13	5	26.32%	2	1	45	37	0.98	1	1	9	4	5	0	-A
I	5572022	A	*/-T	34	2	5.56%	2	1	51	37	0.98	1	1	11	23	0	2	-T
I	5573647	T	*/-C	29	2	6.45%	2	1	45	37	0.98	1	1	14	15	0	2	-C
I	5576850	T	*/-AA	4	5	50%	2	2	49	37	0.98	1	1	3	1	3	2	-AA
II	7149	T	*/-A	17	3	15%	2	1	50	37	0.98	1	1	10	7	3	0	-A
II	7268	G	*/-T	18	3	14.29%	2	1	43	37	0.98	1	1	8	10	3	0	-T
II	10178	T	*/+AAA	7	2	22.22%	2	2	38	37	0.98	1	1	4	3	1	1	+AAA
II	16652	G	*/-T	14	2	12.5%	2	1	43	37	0.98	1	1	9	5	2	0	-T
II	98189	T	*/+A	28	2	6.67%	2	1	49	55	0.98	1	1	16	12	0	2	+A
II	128001	T	-A/-A	1	7	87.5%	1	2	74	47	0.98	1	1	1	0	3	4	-A
II	131541	A	*/+T	10	2	16.67%	2	2	39	37	0.98	1	1	5	5	1	1	+T
II	146079	T	-C/-C	4	17	80.95%	2	2	49	52	0.98	1	1	1	3	8	9	-C
II	201022	A	*/-T	12	4	23.53%	2	2	52	46	0.98	1	1	9	3	3	1	-T
II	229897	A	*/-T	29	6	14.29%	2	2	42	53	0.98	1	1	20	9	5	1	-T
II	229897	A	*/+T	29	6	14.29%	2	2	42	55	0.98	1	1	20	9	3	3	-T
II	246318	A	*/-T	10	2	15.38%	2	2	51	74	0.98	1	1	2	8	1	1	-T
II	285361	A	*/-T	18	4	18.18%	2	2	54	39	0.98	1	1	10	8	2	2	-T
II	320661	G	*/-A	29	2	6.06%	2	2	40	55	0.98	1	1	17	12	1	1	-A
II	365357	C	*/-T	9	2	16.67%	2	2	49	37	0.98	1	1	6	3	1	1	-T
II	383156	C	*/-T	13	3	18.75%	2	2	42	37	0.98	1	1	9	4	2	1	-T
II	410085	C	*/-T	11	7	33.33%	2	2	38	50	0.98	1	1	10	1	1	6	-T
II	410085	C	*/+T	11	2	9.52%	2	2	38	55	0.98	1	1	10	1	1	1	-T
II	484534	A	+T/+T	2	9	81.82%	1	2	37	49	0.98	1	1	2	0	6	3	+T
II	516071	T	*/-A	7	4	33.33%	2	2	38	46	0.98	1	1	3	4	1	3	-A
II	520627	C	*/-T	10	2	15.38%	1	1	39	37	0.98	1	1	10	0	2	0	-T
II	521731	G	*/-T	26	3	8.57%	2	2	51	33	0.98	1	1	16	10	2	1	-T
II	521731	G	*/-TT	26	2	5.71%	2	1	51	37	0.98	1	1	16	10	2	0	-T
II	521731	G	*/+T	26	4	11.43%	2	2	51	46	0.98	1	1	16	10	1	3	+T
II	526941	T	*/-TTAG	38	2	5%	2	1	60	37	0.98	1	1	7	31	2	0	-TTAG
II	526955	T	*/-AC	57	4	6.56%	2	1	55	55	0.98	1	1	18	39	0	4	-AC
II	526959	T	*/+TTAG	56	4	6.67%	2	1	53	49	0.98	1	1	19	37	0	4	+TTAG
II	576111	C	*/+A	22	2	8.33%	2	1	42	55	0.98	1	1	12	10	2	0	+A
II	577759	A	*/+CTATG	29	6	17.14%	2	2	48	49	0.98	1	1	10	19	2	4	+CTATG
II	603279	A	-T/-T	1	7	87.5%	1	2	37	42	0.98	1	1	1	0	5	2	-T
II	603305	A	-C/-C	0	9	100%	0	2	0	45	0.98	0	1	0	0	6	3	-C
II	605104	T	*/+A	16	7	29.17%	2	2	48	37	0.98	1	1	6	10	2	5	+A
II	662406	A	*/-T	38	4	9.52%	2	2	53	49	0.98	1	1	22	16	3	1	-T
II	673086	G	*/-A	3	2	40%	1	1	37	37	0.98	1	1	3	0	2	0	-A
II	700009	T	*/-A	4	10	71.43%	1	2	46	44	0.98	1	1	4	0	2	8	-A
II	716295	G	*/-T	5	7	50%	2	2	51	38	0.98	1	1	3	2	5	2	-T
II	716295	G	*/+T	5	2	14.29%	2	1	51	42	0.98	1	1	3	2	2	0	-T
II	753854	A	*/-T	7	2	16.67%	2	1	36	37	0.98	1	1	5	2	2	0	-T
II	756993	C	*/-T	12	2	13.33%	2	2	46	36	0.98	1	1	5	7	1	1	-T
II	819299	G	*/+A	14	2	12.5%	2	1	39	37	0.98	1	1	13	1	2	0	+A
II	819795	T	*/+C	13	6	31.58%	2	2	50	37	0.98	1	1	10	3	5	1	+C
II	842330	G	*/-A	21	2	8.7%	2	2	49	74	0.98	1	1	9	12	1	1	-A
II	888599	A	-C/-C	0	13	100%	0	2	0	56	0.98	0	1	0	0	6	7	-C
II	889921	C	*/+T	14	2	12.5%	2	2	36	42	0.98	1	1	13	1	1	1	+T
II	890578	C	*/-T	13	2	13.33%	2	1	37	31	0.98	1	1	10	3	2	0	-T
II	903106	G	+T/+T	1	22	95.65%	1	2	37	45	0.98	1	1	0	1	11	11	+T
II	965517	C	*/-T	12	4	25%	2	2	51	39	0.98	1	1	10	2	3	1	-T
II	966138	C	*/+A	14	2	12.5%	2	2	39	37	0.98	1	1	2	12	1	1	+A
II	1019510	T	*/-A	3	4	33.33%	2	2	37	37	0.98	1	1	1	2	2	2	-A
II	1019510	T	*/-AA	3	5	41.67%	2	2	37	51	0.98	1	1	1	2	4	1	-AA
II	1059118	T	*/-A	13	5	27.78%	2	1	61	51	0.98	1	1	7	6	5	0	-A
II	1069791	C	*/-A	29	2	5.88%	2	2	42	55	0.98	1	1	19	10	1	1	-A
II	1069791	C	*/+A	29	2	5.88%	2	1	42	37	0.98	1	1	19	10	2	0	-A
II	1078264	T	*/-A	22	3	12%	2	2	43	37	0.98	1	1	19	3	2	1	-A
II	1079843	T	+A/+A	4	16	80%	2	2	46	44	0.98	1	1	2	2	7	9	+A
II	1104941	G	*/-T	7	2	18.18%	1	2	39	49	0.98	1	1	7	0	1	1	-T
II	1122580	C	*/-T	23	2	7.69%	2	1	49	74	0.98	1	1	13	10	2	0	-T
II	1140902	C	*/-T	21	2	8.7%	2	2	58	49	0.98	1	1	14	7	1	1	-T
II	1163154	A	-T/-T	1	15	93.75%	1	2	37	46	0.98	1	1	0	1	7	8	-T
II	1171363	T	*/-A	9	3	17.65%	2	2	45	49	0.98	1	1	7	2	2	1	-A
II	1171363	T	*/+A	9	4	23.53%	2	1	45	37	0.98	1	1	7	2	4	0	+A
II	1243365	G	*/-T	12	2	14.29%	2	1	48	36	0.98	1	1	4	8	0	2	-T
II	1264791	C	*/-T	4	2	25%	1	2	29	43	0.98	1	1	4	0	1	1	-T
II	1266289	T	+A/+A	1	6	85.71%	1	1	37	47	0.98	1	1	1	0	0	6	+A
II	1266955	G	*/-GA	53	4	6.78%	2	2	49	64	0.98	1	1	29	24	2	2	-GA
II	1300118	A	*/-GAC	34	2	5.41%	2	1	49	74	0.98	1	1	18	16	2	0	-GAC
II	1300121	C	*/+GAA	21	2	5.26%	2	1	41	55	0.98	1	1	10	11	2	0	A
II	1308618	G	-T/-T	1	27	96.43%	1	2	37	49	0.98	1	1	1	0	12	15	-T
II	1323266	A	*/-T	17	2	10.53%	2	2	39	74	0.98	1	1	9	8	1	1	-T
II	1365999	G	*/-T	9	2	18.18%	2	1	39	37	0.98	1	1	6	3	2	0	-T
II	1389139	C	*/+T	4	6	42.86%	2	1	46	37	0.98	1	1	2	2	6	0	+T
II	1389139	C	*/+TT	4	3	21.43%	2	2	46	57	0.98	1	1	2	2	2	1	+T
II	1434333	C	*/+A	25	3	10.71%	2	1	50	37	0.98	1	1	12	13	3	0	+A
II	1467485	C	*/-T	19	4	17.39%	2	2	36	43	0.98	1	1	10	9	2	2	-T
II	1545027	C	*/-A	14	4	22.22%	2	2	44	33	0.98	1	1	7	7	1	3	-A
II	1550398	G	*/+A	16	2	11.11%	2	2	48	55	0.98	1	1	9	7	1	1	+A
II	1554361	C	*/-T	9	2	18.18%	2	2	42	42	0.98	1	1	4	5	1	1	-T
II	1555919	A	*/+TTTATT	4	3	42.86%	1	2	52	37	0.98	1	1	4	0	2	1	+TTTATT
II	1606686	A	*/+TGGAAGTGGTAAG	94	7	6.86%	2	2	50	58	0.98	1	1	37	57	2	5	+TGGAAGTGGTAAG
II	1610504	A	*/+G	41	3	6.82%	2	2	44	61	0.98	1	1	32	9	2	1	+G
II	1627981	C	*/-T	8	4	33.33%	2	2	37	46	0.98	1	1	5	3	3	1	-T
II	1637375	T	*/+C	55	7	11.29%	2	2	49	68	0.98	1	1	20	35	3	4	+C
II	1678205	T	-A/-A	0	7	87.5%	0	2	0	38	0.98	0	1	0	0	5	2	-A
II	1682725	G	*/+T	8	7	46.67%	2	2	38	54	0.98	1	1	7	1	4	3	+T
II	1716287	T	*/-G	7	7	50%	2	2	42	37	0.98	1	1	3	4	1	6	-G
II	1747580	T	*/+A	8	4	33.33%	2	2	44	64	0.98	1	1	4	4	2	2	+A
II	1748646	G	*/-A	7	5	31.25%	1	2	35	41	0.98	1	1	7	0	2	3	-A
II	1748646	G	*/-AA	7	2	12.5%	1	1	35	30	0.98	1	1	7	0	0	2	-A
II	1751654	T	*/-CC	34	2	5.56%	2	1	51	37	0.98	1	1	17	17	0	2	-CC
II	1755439	C	*/+T	15	2	11.76%	2	1	47	62	0.98	1	1	8	7	2	0	+T
II	1760452	A	*/+AG	15	2	11.76%	2	1	49	55	0.98	1	1	9	6	0	2	+AG
II	1763419	T	*/-A	20	3	12%	2	2	40	49	0.98	1	1	14	6	1	2	-A
II	1818108	C	*/-T	8	4	28.57%	2	2	41	49	0.98	1	1	5	3	2	2	-T
II	1818108	C	*/-TT	8	2	14.29%	2	1	41	37	0.98	1	1	5	3	2	0	-T
II	1861420	T	-G/-G	0	27	100%	0	2	0	48	0.98	0	1	0	0	9	18	-G
II	1867795	A	*/+T	2	5	55.56%	2	2	37	49	0.98	1	1	1	1	2	3	+T
II	1868122	G	*/+T	8	3	23.08%	2	1	37	37	0.98	1	1	7	1	3	0	+T
II	1873779	T	+A/+A	2	18	90%	1	2	37	47	0.98	1	1	0	2	7	11	+A
II	1877294	A	+T/+T	1	17	94.44%	1	2	37	50	0.98	1	1	1	0	9	8	+T
II	1941966	A	+T/+T	0	31	100%	0	2	0	48	0.98	0	1	0	0	21	10	+T
II	1941982	A	+T/+T	1	27	96.43%	1	2	37	48	0.98	1	1	1	0	19	8	+T
II	1948953	G	-A/-A	2	22	91.67%	1	2	55	48	0.98	1	1	0	2	5	17	-A
II	1950050	A	+G/+G	1	27	96.43%	1	2	37	51	0.98	1	1	0	1	10	17	+G
II	1953298	C	*/-CT	30	2	6.06%	2	2	47	31	0.98	1	1	17	13	1	1	-CT
II	1953407	T	*/-C	18	2	9.52%	2	1	36	42	0.98	1	1	2	16	0	2	-C
II	1955495	T	+A/+A	1	16	88.89%	1	2	62	49	0.98	1	1	1	0	10	6	+A
II	1960392	A	+G/+G	0	8	100%	0	2	0	41	0.98	0	1	0	0	2	6	+G
II	1987101	C	-G/-G	2	25	92.59%	1	2	55	47	0.98	1	1	0	2	12	13	-G
II	1987117	T	-G/-G	1	23	95.83%	1	2	74	46	0.98	1	1	1	0	9	14	-G
II	2022508	T	*/+A	7	2	22.22%	2	1	52	37	0.98	1	1	4	3	0	2	+A
II	2022968	A	*/-G	3	2	40%	2	1	49	37	0.98	1	1	2	1	0	2	-G
II	2023193	G	*/+T	2	2	28.57%	1	1	31	42	0.98	1	1	2	0	2	0	+T
II	2023193	G	*/+TT	2	2	28.57%	1	2	31	37	0.98	1	1	2	0	1	1	+T
II	2049891	A	-T/-T	0	27	100%	0	2	0	53	0.98	0	1	0	0	9	18	-T
II	2053516	G	+C/+C	0	24	100%	0	2	0	60	0.98	0	1	0	0	7	17	+C
II	2108180	T	+A/+A	3	17	85%	2	2	49	40	0.98	1	1	1	2	8	9	+A
II	2147726	G	+T/+T	2	13	86.67%	1	2	37	45	0.98	1	1	0	2	6	7	+T
II	2187407	G	+A/+A	1	13	92.86%	1	2	74	45	0.98	1	1	0	1	4	9	+A
II	2198945	G	*/-CA	25	5	16.67%	2	2	41	44	0.98	1	1	8	17	3	2	-CA
II	2219928	A	+T/+T	4	19	82.61%	2	2	37	51	0.98	1	1	2	2	7	12	+T
II	2265291	A	*/+T	20	2	8.7%	2	2	43	49	0.98	1	1	14	6	1	1	+T
II	2293297	G	-A/-A	0	14	100%	0	2	0	50	0.98	0	1	0	0	7	7	-A
II	2318772	A	*/-T	2	2	50%	1	1	37	49	0.98	1	1	2	0	2	0	-T
II	2338528	G	*/-A	11	2	13.33%	2	1	41	42	0.98	1	1	8	3	2	0	-A
II	2443873	T	*/+AA	4	2	22.22%	2	1	49	31	0.98	1	1	3	1	2	0	+AA
II	2491256	C	*/+T	9	5	35.71%	2	2	46	44	0.98	1	1	5	4	4	1	+T
II	2523624	C	*/-A	11	2	12.5%	1	1	37	48	0.98	1	1	11	0	2	0	-A
II	2579458	C	*/-A	4	2	25%	1	1	37	55	0.98	1	1	4	0	0	2	-A
II	2579458	C	*/+A	4	2	25%	1	1	37	55	0.98	1	1	4	0	2	0	-A
II	2591913	T	*/-A	10	3	21.43%	2	1	51	37	0.98	1	1	7	3	3	0	-A
II	2592423	T	+A/+A	3	10	76.92%	2	2	33	50	0.98	1	1	2	1	7	3	+A
II	2612668	A	*/-T	17	3	15%	2	2	45	61	0.98	1	1	11	6	1	2	-T
II	2619445	A	*/-AGGT	5	2	28.57%	1	1	44	31	0.98	1	1	5	0	0	2	-AGGT
II	2630607	C	*/+A	2	7	58.33%	1	2	37	42	0.98	1	1	0	2	3	4	+A
II	2630607	C	*/+AA	2	2	16.67%	1	2	37	49	0.98	1	1	0	2	1	1	+A
II	2630878	C	*/-AT	14	2	12.5%	2	2	52	68	0.98	1	1	3	11	1	1	-AT
II	2637584	T	*/-A	11	3	21.43%	2	1	50	37	0.98	1	1	7	4	3	0	-A
II	2640785	T	*/+A	5	15	71.43%	2	2	44	49	0.98	1	1	3	2	8	7	+A
II	2647497	C	*/-T	18	2	10%	2	1	44	49	0.98	1	1	8	10	0	2	-T
II	2702173	G	*/-TA	14	3	17.65%	2	2	55	49	0.98	1	1	8	6	2	1	-TA
II	2709414	G	+C/+C	3	21	87.5%	2	2	49	44	0.98	1	1	1	2	7	14	+C
II	2755338	C	*/-AT	5	10	55.56%	2	2	49	43	0.98	1	1	2	3	3	7	-AT
II	2755338	C	*/-ATATAT	5	2	11.11%	2	1	49	37	0.98	1	1	2	3	2	0	-AT
II	2788933	C	+G/+G	0	25	100%	0	2	0	49	0.98	0	1	0	0	17	8	+G
II	2798040	C	-T/-T	3	19	86.36%	2	2	61	47	0.98	1	1	1	2	9	10	-T
II	2798514	A	-G/-G	0	13	100%	0	2	0	42	0.98	0	1	0	0	7	6	-G
II	2811495	C	-A/-A	0	29	100%	0	2	0	45	0.98	0	1	0	0	20	9	-A
II	2825193	A	*/-T	12	3	20%	2	1	44	37	0.98	1	1	7	5	0	3	-T
II	2826100	G	*/+A	11	8	34.78%	2	2	35	50	0.98	1	1	10	1	5	3	+A
II	2826100	G	*/+AA	11	3	13.04%	2	2	35	36	0.98	1	1	10	1	1	2	+A
II	2871377	T	*/-A	22	2	8.33%	2	2	42	55	0.98	1	1	17	5	1	1	-A
II	2894538	T	*/-A	17	5	22.73%	2	2	50	51	0.98	1	1	10	7	2	3	-A
II	2900889	A	*/-T	10	2	14.29%	2	1	43	37	0.98	1	1	9	1	2	0	-T
II	2900889	A	*/-TT	10	2	14.29%	2	2	43	55	0.98	1	1	9	1	1	1	-T
II	2938956	C	+T/+T	0	4	100%	0	2	0	46	0.98	0	1	0	0	3	1	+T
II	2988149	G	*/-T	11	3	21.43%	2	2	43	53	0.98	1	1	6	5	1	2	-T
II	3040332	C	+G/+G	1	34	97.14%	1	2	37	53	0.98	1	1	0	1	13	21	+G
II	3058544	T	*/+G	2	5	55.56%	1	1	42	44	0.98	1	1	2	0	5	0	+G
II	3126213	C	*/-T	17	2	10.53%	2	2	45	37	0.98	1	1	5	12	1	1	-T
II	3154052	G	*/-T	19	2	8.33%	2	1	46	31	0.98	1	1	11	8	0	2	-T
II	3154052	G	*/+T	19	2	8.33%	2	2	46	31	0.98	1	1	11	8	1	1	-T
II	3171788	G	*/-A	4	3	21.43%	2	1	44	37	0.98	1	1	3	1	3	0	-A
II	3171788	G	*/+A	4	4	28.57%	2	2	44	55	0.98	1	1	3	1	3	1	+A
II	3282373	T	*/-A	19	2	8.33%	2	2	42	49	0.98	1	1	12	7	1	1	-A
II	3282373	T	*/+A	19	2	8.33%	2	1	42	37	0.98	1	1	12	7	2	0	-A
II	3331838	A	*/-T	16	2	11.11%	2	2	40	37	0.98	1	1	8	8	1	1	-T
II	3380128	C	*/-T	8	2	18.18%	2	2	33	30	0.98	1	1	7	1	1	1	-T
II	3410437	G	*/-T	6	4	40%	1	2	49	49	0.98	1	1	6	0	2	2	-T
II	3487895	G	*/-TATTT	22	2	8.33%	2	1	43	37	0.98	1	1	12	10	2	0	-TATTT
II	3509251	T	*/-A	3	3	50%	2	2	37	40	0.98	1	1	2	1	2	1	-A
II	3540057	A	*/-T	15	3	14.29%	2	2	46	49	0.98	1	1	12	3	2	1	-T
II	3540057	A	*/+T	15	2	9.52%	2	1	46	74	0.98	1	1	12	3	2	0	-T
II	3619003	A	+G/+G	4	29	87.88%	2	2	49	46	0.98	1	1	2	2	12	17	+G
II	3715149	G	*/-A	5	2	22.22%	2	1	42	55	0.98	1	1	4	1	2	0	-A
II	3799350	G	*/+A	1	4	50%	1	1	25	34	0.98	1	1	1	0	4	0	+A
II	3815025	C	*/-T	8	2	18.18%	2	1	43	36	0.98	1	1	6	2	0	2	-T
II	3838101	C	-A/-A	0	5	83.33%	0	1	0	49	0.98	0	1	0	0	0	5	-A
II	3838912	T	*/-A	11	2	15.38%	2	1	50	43	0.98	1	1	8	3	0	2	-A
II	3856896	A	*/-T	11	3	17.65%	2	2	45	37	0.98	1	1	6	5	1	2	-T
II	3856896	A	*/-TT	11	2	11.76%	2	1	45	37	0.98	1	1	6	5	0	2	-T
II	3860185	C	*/-TAGTA	21	16	41.03%	2	2	50	39	0.98	1	1	5	16	12	4	-TAGTA
II	3860880	C	*/-T	24	2	7.69%	2	2	52	55	0.98	1	1	10	14	1	1	-T
II	3862860	C	*/-T	11	2	15.38%	2	1	42	37	0.98	1	1	2	9	0	2	-T
II	3954039	C	*/-T	21	2	7.14%	2	2	45	48	0.98	1	1	14	7	1	1	-T
II	3954039	C	*/+T	21	3	10.71%	2	2	45	38	0.98	1	1	14	7	2	1	+T
II	3975235	C	*/-A	9	6	23.08%	2	2	37	49	0.98	1	1	8	1	5	1	-A
II	3975235	C	*/-AA	9	4	15.38%	2	2	37	43	0.98	1	1	8	1	2	2	-A
II	3975235	C	*/-AAA	9	2	7.69%	2	2	37	37	0.98	1	1	8	1	1	1	-A
II	3975235	C	*/+A	9	3	11.54%	2	1	37	40	0.98	1	1	8	1	3	0	+A
II	4006982	C	*/-A	5	4	33.33%	2	2	44	43	0.98	1	1	2	3	2	2	-A
II	4006982	C	*/-AA	5	2	16.67%	2	1	44	37	0.98	1	1	2	3	2	0	-A
II	4023296	G	*/-T	15	2	11.76%	2	1	49	74	0.98	1	1	9	6	0	2	-T
II	4031460	A	*/+T	6	4	33.33%	2	2	35	51	0.98	1	1	5	1	3	1	+T
II	4108814	G	*/-TA	39	4	9.3%	2	1	44	43	0.98	1	1	18	21	4	0	-TA
II	4130438	A	*/-TGTGTGCCCCTAG	10	2	15.38%	2	2	48	37	0.98	1	1	4	6	1	1	-TGTGTGCCCCTAG
II	4221959	T	*/+A	19	3	13.64%	2	2	40	49	0.98	1	1	10	9	2	1	+A
II	4254960	G	-A/-A	0	15	100%	0	2	0	50	0.98	0	1	0	0	6	9	-A
II	4264124	C	*/+TGA	33	2	5.71%	2	2	50	37	0.98	1	1	22	11	1	1	+TGA
II	4290954	G	*/+A	18	2	9.52%	2	2	42	49	0.98	1	1	8	10	1	1	+A
II	4308413	T	*/+A	20	2	8.7%	2	1	41	55	0.98	1	1	14	6	0	2	+A
II	4308414	C	*/+A	8	12	52.17%	2	2	46	38	0.98	1	1	5	3	9	3	+A
II	4453874	C	*/+A	19	2	9.52%	2	2	44	31	0.98	1	1	11	8	1	1	+A
II	4475221	G	*/-T	19	2	9.52%	2	2	46	37	0.98	1	1	11	8	1	1	-T
II	4505641	C	*/-A	22	3	11.54%	2	2	41	37	0.98	1	1	13	9	2	1	-A
II	4516522	A	*/+T	44	3	6.38%	2	1	49	37	0.98	1	1	35	9	0	3	+T
II	4517047	T	*/+TACTCATC	67	17	19.1%	2	2	52	46	0.98	1	1	36	31	10	7	+TACTCATC
II	4521677	T	*/-AA	3	7	70%	2	2	49	37	0.98	1	1	1	2	4	3	-AA
II	4525340	G	*/-T	57	7	9.21%	2	2	46	49	0.98	1	1	45	12	5	2	-T
II	4525340	G	*/+T	57	10	13.16%	2	2	46	40	0.98	1	1	45	12	8	2	+T
II	4526174	A	*/-T	14	3	17.65%	2	2	40	33	0.98	1	1	9	5	1	2	-T
II	4526843	C	*/-T	9	3	20%	1	1	35	36	0.98	1	1	9	0	0	3	-T
II	4526843	C	*/-TT	9	2	13.33%	1	2	35	29	0.98	1	1	9	0	1	1	-T
II	4528465	C	*/+GACAAT	70	13	15.66%	2	2	49	55	0.98	1	1	40	30	7	6	+GACAAT
II	4528483	T	*/-GACAATGACAGA	78	5	6.02%	2	2	46	44	0.98	1	1	43	35	4	1	-GACAATGACAGA
II	4529375	T	*/+ACAACGACAACGACAACG	57	14	15.05%	2	2	46	41	0.98	1	1	36	21	7	7	+ACAACGACAACGACAACG
II	4529375	T	*/+ACAACGACAACGACAACGACAACG	57	18	19.35%	2	2	46	42	0.98	1	1	36	21	10	8	+ACAACGACAACGACAACGACAACG
II	4533588	C	*/-T	52	22	29.73%	2	2	46	42	0.98	1	1	27	25	8	14	-T
II	4534880	A	*/-T	93	23	19.83%	2	2	47	53	0.98	1	1	41	52	10	13	-T
II	4535321	G	*/-GATAT	202	15	6.91%	2	2	43	51	0.98	1	1	101	101	7	8	-GATAT
II	4535523	T	*/+GTTACG	217	41	15.83%	2	2	49	46	0.98	1	1	78	139	10	31	+GTTACG
II	4535548	A	*/-TATGTG	214	30	12.2%	2	2	49	44	0.98	1	1	83	131	11	19	-TATGTG
II	4535645	G	*/-T	155	24	13.19%	2	2	51	52	0.98	1	1	88	67	15	9	-T
II	4535727	A	*/-G	136	17	11.11%	2	2	46	50	0.98	1	1	55	81	7	10	-G
II	4536089	C	*/+AAAAGAAAAGTAAATT	17	2	10.53%	2	1	41	37	0.98	1	1	10	7	2	0	+AAAAGAAAAGTAAATT
II	4536728	A	*/+GAGAGTAGG	201	16	6.93%	2	2	50	54	0.98	1	1	93	108	8	8	+GAGAGTAGG
II	4537213	G	*/+T	126	151	54.32%	2	2	51	51	0.98	1	1	71	55	84	67	+T
II	4537387	A	*/-AATAAGAG	72	105	59.32%	2	2	49	46	0.98	1	1	34	38	63	42	-AATAAGAG
II	4537655	A	*/+AAATG	39	4	8.89%	2	2	44	46	0.98	1	1	31	8	3	1	+AAATG
II	4537665	G	*/+AAATA	41	5	10.64%	2	2	43	37	0.98	1	1	31	10	4	1	+AAATA
II	4537712	T	*/-AAATAAAATTAATG	38	8	17.39%	2	2	38	40	0.98	1	1	23	15	3	5	-AAATAAAATTAATG
III	1558	G	*/-A	46	7	11.11%	2	2	45	40	0.98	1	1	22	24	2	5	-A
III	1558	G	*/+A	46	4	6.35%	2	2	45	34	0.98	1	1	22	24	3	1	-A
III	1893	T	*/-A	105	6	5.41%	2	2	47	45	0.98	1	1	34	71	2	4	-A
III	4729	A	*/-T	263	85	21.52%	2	2	50	50	0.98	1	1	151	112	37	48	-T
III	4729	A	*/+T	263	25	6.33%	2	2	50	47	0.98	1	1	151	112	11	14	-T
III	4952	C	*/+T	225	59	20.34%	2	2	43	49	0.98	1	1	132	93	18	41	+T
III	5044	C	*/+T	199	11	5.16%	2	2	43	34	0.98	1	1	103	96	3	8	+T
III	5403	C	*/-T	371	104	19.59%	2	2	44	43	0.98	1	1	263	108	58	46	-T
III	5403	C	*/-TT	371	32	6.03%	2	2	44	42	0.98	1	1	263	108	13	19	-T
III	9812	T	*/+A	108	10	8.33%	2	2	44	36	0.98	1	1	32	76	1	9	+A
III	12428	G	*/-A	41	6	10.34%	2	2	44	47	0.98	1	1	22	19	3	3	-A
III	12428	G	*/+A	41	8	13.79%	2	2	44	44	0.98	1	1	22	19	4	4	+A
III	15599	A	*/-T	263	97	23.15%	2	2	47	52	0.98	1	1	167	96	36	61	-T
III	15599	A	*/+T	263	41	9.79%	2	2	47	52	0.98	1	1	167	96	15	26	-T
III	15822	C	*/+T	215	62	21.83%	2	2	44	46	0.98	1	1	135	80	15	47	+T
III	15914	C	*/+T	193	11	5.31%	2	2	44	38	0.98	1	1	99	94	3	8	+T
III	16273	C	*/-T	401	91	16.79%	2	2	42	42	0.98	1	1	284	117	57	34	-T
III	16273	C	*/-TT	401	28	5.17%	2	2	42	50	0.98	1	1	284	117	13	15	-T
III	20682	T	*/+A	111	11	9.02%	2	1	46	42	0.98	1	1	44	67	0	11	+A
III	23298	G	*/-A	52	5	7.58%	2	2	43	42	0.98	1	1	18	34	1	4	-A
III	23298	G	*/+A	52	5	7.58%	2	2	43	42	0.98	1	1	18	34	2	3	-A
III	23633	T	*/-A	85	9	9.57%	2	2	51	52	0.98	1	1	29	56	3	6	-A
III	69589	T	*/-A	10	5	33.33%	2	1	48	44	0.98	1	1	4	6	0	5	-A
III	73161	G	*/-T	9	2	18.18%	2	1	50	37	0.98	1	1	6	3	2	0	-T
III	123319	T	*/-A	4	4	50%	1	2	37	34	0.98	1	1	4	0	2	2	-A
III	231502	G	*/-A	12	2	13.33%	2	1	45	49	0.98	1	1	8	4	2	0	-A
III	235811	G	*/-A	33	2	5.56%	2	1	43	37	0.98	1	1	15	18	0	2	-A
III	286478	C	-TT/-TT	0	9	100%	0	2	0	37	0.98	0	1	0	0	3	6	-TT
III	286594	T	*/-A	4	2	13.33%	1	2	36	29	0.98	1	1	4	0	1	1	-A
III	286594	T	*/+A	4	7	46.67%	1	2	36	40	0.98	1	1	4	0	6	1	+A
III	286594	T	*/+AA	4	2	13.33%	1	2	36	37	0.98	1	1	4	0	1	1	+A
III	293096	G	*/-T	10	5	31.25%	2	2	41	64	0.98	1	1	7	3	3	2	-T
III	348685	G	*/-AT	33	3	8.33%	2	2	45	49	0.98	1	1	19	14	1	2	-AT
III	365747	C	-A/-A	1	11	91.67%	1	2	37	43	0.98	1	1	1	0	10	1	-A
III	397809	G	*/+T	6	2	25%	2	1	49	37	0.98	1	1	1	5	0	2	+T
III	431910	C	*/-T	19	3	12.5%	2	2	48	40	0.98	1	1	10	9	1	2	-T
III	431910	C	*/+T	19	2	8.33%	2	2	48	55	0.98	1	1	10	9	1	1	-T
III	467904	C	*/+A	10	2	16.67%	2	2	42	49	0.98	1	1	8	2	1	1	+A
III	568658	C	*/-T	12	3	18.75%	2	2	36	37	0.98	1	1	10	2	1	2	-T
III	666907	A	*/+CTATT	32	2	5.88%	2	2	42	55	0.98	1	1	17	15	1	1	+CTATT
III	717677	A	*/-T	1	10	62.5%	1	2	37	45	0.98	1	1	1	0	4	6	-T
III	717677	A	*/-TT	1	5	31.25%	1	2	37	39	0.98	1	1	1	0	3	2	-T
III	719955	A	-C/-C	1	7	87.5%	1	2	25	47	0.98	1	1	1	0	2	5	-C
III	720559	C	*/-T	7	2	20%	2	1	33	55	0.98	1	1	6	1	2	0	-T
III	720683	A	+T/+T	0	14	93.33%	0	2	0	39	0.98	0	1	0	0	8	6	+T
III	725030	C	*/+T	6	8	57.14%	2	2	37	40	0.98	1	1	4	2	2	6	+T
III	762516	T	*/-A	16	4	18.18%	2	2	55	42	0.98	1	1	8	8	3	1	-A
III	822701	G	*/-T	13	2	13.33%	2	2	42	37	0.98	1	1	5	8	1	1	-T
III	827251	C	*/-T	7	2	22.22%	2	1	40	42	0.98	1	1	5	2	2	0	-T
III	867865	C	-T/-T	1	13	92.86%	1	2	48	39	0.98	1	1	1	0	4	9	-T
III	881999	A	*/+T	13	2	13.33%	2	1	52	55	0.98	1	1	6	7	0	2	+T
III	883121	A	*/+T	44	3	6.38%	2	2	47	40	0.98	1	1	14	30	1	2	+T
III	897531	C	*/-A	14	2	10%	2	2	46	55	0.98	1	1	8	6	1	1	-A
III	897531	C	*/+A	14	3	15%	2	2	46	44	0.98	1	1	8	6	1	2	+A
III	966124	G	*/-T	20	6	19.35%	2	2	37	35	0.98	1	1	19	1	5	1	-T
III	966124	G	*/-TT	20	2	6.45%	2	1	37	37	0.98	1	1	19	1	2	0	-T
III	970548	C	*/-T	4	2	28.57%	2	1	37	30	0.98	1	1	2	2	0	2	-T
III	970892	C	*/-T	5	3	27.27%	2	1	34	61	0.98	1	1	1	4	0	3	-T
III	970892	C	*/+T	5	3	27.27%	2	2	34	35	0.98	1	1	1	4	1	2	-T
III	1016311	G	+C/+C	0	34	100%	0	2	0	49	0.98	0	1	0	0	20	14	+C
III	1073505	T	*/+ATATAGAG	101	9	8.11%	2	2	53	53	0.98	1	1	51	50	8	1	+ATATAGAG
III	1075530	A	*/+TGGAAGTGGTAAG	111	7	5.93%	2	2	46	35	0.98	1	1	49	62	2	5	+TGGAAGTGGTAAG
III	1079346	A	*/+G	78	9	10.34%	2	2	41	43	0.98	1	1	63	15	7	2	+G
III	1080146	T	*/+ATATAGAG	150	13	7.88%	2	2	46	44	0.98	1	1	54	96	8	5	+ATATAGAG
III	1082171	A	*/+TGGAAGTGGTAAG	99	7	6.6%	2	2	50	38	0.98	1	1	44	55	2	5	+TGGAAGTGGTAAG
III	1084026	A	*/+AGTGGTGATGGTT	46	8	14.81%	2	2	42	46	0.98	1	1	20	26	2	6	+AGTGGTGATGGTT
III	1087979	A	*/+G	74	4	5.13%	2	2	43	46	0.98	1	1	48	26	2	2	+G
III	1095550	G	*/-T	15	7	25.93%	2	2	44	56	0.98	1	1	11	4	4	3	-T
III	1095550	G	*/-TT	15	2	7.41%	2	1	44	31	0.98	1	1	11	4	2	0	-T
III	1095550	G	*/-TTT	15	3	11.11%	2	2	44	40	0.98	1	1	11	4	2	1	-TTT
III	1097433	C	*/-T	10	2	16.67%	2	2	38	37	0.98	1	1	5	5	1	1	-T
III	1103423	T	*/-A	12	4	21.05%	2	2	34	46	0.98	1	1	10	2	3	1	-A
III	1103423	T	*/-AA	12	3	15.79%	2	1	34	40	0.98	1	1	10	2	3	0	-A
III	1110963	T	*/+C	42	3	6.67%	2	2	43	37	0.98	1	1	13	29	1	2	+C
III	1114822	A	*/-C	27	2	6.9%	2	1	51	55	0.98	1	1	19	8	0	2	-C
III	1114914	T	*/+ACCACTAACCATC	44	8	15.38%	2	2	42	35	0.98	1	1	24	20	5	3	+ACCACTAACCATC
III	1117723	T	*/+C	54	9	14.29%	2	2	42	41	0.98	1	1	20	34	6	3	+C
III	1121582	A	*/-C	34	2	5.56%	2	1	48	37	0.98	1	1	12	22	0	2	-C
III	1121674	T	*/+ACCACTAACCATC	38	5	11.63%	2	2	45	44	0.98	1	1	15	23	2	3	+ACCACTAACCATC
III	1128231	C	*/-ACCACT	57	3	5%	2	2	58	49	0.98	1	1	34	23	2	1	-ACCACT
III	1128342	A	*/-C	34	2	5.56%	2	2	52	74	0.98	1	1	15	19	1	1	-C
III	1128434	T	*/+ACCACTAACCATC	47	5	9.62%	2	2	45	44	0.98	1	1	30	17	2	3	+ACCACTAACCATC
III	1135194	T	*/+ACCACTAACCATC	45	6	11.76%	2	2	47	43	0.98	1	1	34	11	4	2	+ACCACTAACCATC
III	1252505	G	*/-TT	10	2	9.09%	2	2	36	36	0.98	1	1	8	2	1	1	-TT
III	1252505	G	*/+T	10	3	13.64%	2	2	36	53	0.98	1	1	8	2	2	1	+T
III	1308513	T	*/+AA	18	2	10%	2	2	43	37	0.98	1	1	10	8	1	1	+AA
III	1395671	C	*/+A	18	2	9.52%	2	1	45	37	0.98	1	1	12	6	2	0	+A
III	1410521	G	*/+A	4	2	33.33%	2	2	42	49	0.98	1	1	1	3	1	1	+A
III	1421567	T	*/-G	4	2	25%	1	1	37	37	0.98	1	1	4	0	2	0	-G
III	1427360	C	*/+A	14	2	12.5%	2	1	43	37	0.98	1	1	11	3	2	0	+A
III	1510629	T	*/-A	7	2	22.22%	2	1	47	55	0.98	1	1	4	3	0	2	-A
III	1513486	T	*/+A	26	2	7.14%	2	2	43	37	0.98	1	1	15	11	1	1	+A
III	1594933	T	*/-A	12	4	21.05%	2	2	48	37	0.98	1	1	8	4	3	1	-A
III	1594933	T	*/-AA	12	2	10.53%	2	2	48	55	0.98	1	1	8	4	1	1	-A
III	1674618	C	*/-T	6	3	25%	1	2	32	35	0.98	1	1	6	0	2	1	-T
III	1674618	C	*/-TT	6	2	16.67%	1	1	32	36	0.98	1	1	6	0	2	0	-T
III	1685487	G	+A/+A	1	14	93.33%	1	2	37	41	0.98	1	1	0	1	5	9	+A
III	1702276	A	*/-T	31	7	17.07%	2	2	54	56	0.98	1	1	15	16	4	3	-T
III	1702276	A	*/+T	31	3	7.32%	2	2	54	36	0.98	1	1	15	16	1	2	-T
III	1712983	G	*/-A	8	5	38.46%	2	2	40	44	0.98	1	1	7	1	4	1	-A
III	1756400	T	-A/-A	1	37	97.37%	1	2	37	53	0.98	1	1	1	0	14	23	-A
III	1758846	C	*/+A	17	2	10%	2	1	44	37	0.98	1	1	14	3	2	0	+A
III	1774235	T	+GATC/+GATC	4	15	75%	2	2	46	41	0.98	1	1	3	1	9	6	+GATC
III	1802522	G	*/-T	20	5	19.23%	2	1	43	37	0.98	1	1	13	7	5	0	-T
III	1804562	T	*/+A	17	3	14.29%	2	1	52	37	0.98	1	1	10	7	0	3	+A
III	1821911	C	*/-AA	4	2	22.22%	2	1	43	55	0.98	1	1	3	1	2	0	-AA
III	1925626	C	*/-A	8	2	20%	1	1	37	43	0.98	1	1	8	0	0	2	-A
III	1947823	A	*/-T	16	2	11.11%	2	1	53	74	0.98	1	1	9	7	0	2	-T
III	1965229	C	*/-A	9	2	16.67%	2	2	49	74	0.98	1	1	6	3	1	1	-A
III	1979604	A	*/-T	7	6	42.86%	2	2	36	61	0.98	1	1	2	5	3	3	-T
III	1985119	G	*/-T	6	2	18.18%	2	1	43	55	0.98	1	1	4	2	2	0	-T
III	1985119	G	*/+T	6	2	18.18%	2	1	43	55	0.98	1	1	4	2	0	2	-T
III	2010864	G	*/-TA	29	2	6.45%	2	2	49	55	0.98	1	1	9	20	1	1	-TA
III	2074510	C	*/+T	12	2	13.33%	2	1	37	31	0.98	1	1	9	3	2	0	+T
III	2076412	G	*/-T	7	2	20%	2	1	42	55	0.98	1	1	6	1	2	0	-T
III	2076980	A	*/-TT	5	2	25%	2	1	46	55	0.98	1	1	2	3	0	2	-TT
III	2082532	C	*/-T	12	2	14.29%	2	1	49	31	0.98	1	1	4	8	2	0	-T
III	2113205	C	*/-T	3	5	50%	1	2	49	42	0.98	1	1	3	0	3	2	-T
III	2149308	C	*/-AT	14	2	11.11%	2	2	50	49	0.98	1	1	5	9	1	1	-AT
III	2157938	C	*/-T	10	2	16.67%	2	2	49	37	0.98	1	1	7	3	1	1	-T
III	2178240	T	*/-A	9	3	23.08%	2	2	45	49	0.98	1	1	5	4	2	1	-A
III	2221410	T	*/+A	13	2	12.5%	2	1	38	55	0.98	1	1	12	1	0	2	+A
III	2257353	C	*/-A	17	2	10.53%	2	2	47	37	0.98	1	1	12	5	1	1	-A
III	2276231	C	*/-T	8	2	20%	2	2	38	49	0.98	1	1	3	5	1	1	-T
III	2281940	C	*/+T	13	2	13.33%	2	1	44	31	0.98	1	1	10	3	2	0	+T
III	2284394	C	*/-T	9	2	18.18%	2	1	36	55	0.98	1	1	4	5	0	2	-T
III	2303226	A	*/-C	16	2	11.11%	2	2	44	31	0.98	1	1	7	9	1	1	-C
III	2309611	T	*/-A	5	4	40%	2	2	56	55	0.98	1	1	4	1	3	1	-A
III	2352293	A	*/+G	4	2	33.33%	2	1	37	37	0.98	1	1	3	1	2	0	+G
III	2410032	C	*/-A	8	2	20%	2	2	41	55	0.98	1	1	5	3	1	1	-A
III	2443562	A	*/+T	60	20	24.69%	2	1	44	37	0.98	1	1	19	41	0	20	+T
III	2447848	T	*/-A	763	276	19.69%	2	2	44	41	0.98	1	1	562	201	212	64	-A
III	2447848	T	*/-AA	763	130	9.27%	2	2	44	44	0.98	1	1	562	201	86	44	-A
III	2447848	T	*/+A	763	174	12.41%	2	2	44	46	0.98	1	1	562	201	132	42	+A
III	2448309	T	-AA/-AA	30	452	92.43%	2	2	44	43	0.98	1	1	22	8	181	271	-AA
III	2448518	T	*/-A	617	232	22.79%	2	2	47	46	0.98	1	1	428	189	150	82	-A
III	2448518	T	*/-AA	617	66	6.48%	2	2	47	44	0.98	1	1	428	189	42	24	-A
III	2448518	T	*/+A	617	79	7.76%	2	2	47	48	0.98	1	1	428	189	45	34	+A
