Chrom	Position	Ref	Cons	Reads1	Reads2	VarFreq	Strands1	Strands2	Qual1	Qual2	Pvalue	MapQual1	MapQual2	Reads1Plus	Reads1Minus	Reads2Plus	Reads2Minus	VarAllele
chr_II_telomeric_gap	4787	G	A	0	12	100%	0	2	0	55	0.98	0	1	0	0	6	6	A
I	224	G	R	75	10	11.76%	2	2	47	48	0.98	1	1	49	26	7	3	A
I	459	C	M	79	78	49.68%	2	2	50	48	0.98	1	1	38	41	34	44	A
I	783	T	Y	73	77	51.33%	2	2	42	42	0.98	1	1	36	37	39	38	C
I	798	G	R	102	53	34.19%	2	2	44	40	0.98	1	1	56	46	24	29	A
I	955	C	Y	83	55	39.86%	2	2	42	43	0.98	1	1	34	49	36	19	T
I	1055	T	Y	162	22	11.96%	2	2	53	35	0.98	1	1	65	97	7	15	C
I	1133	A	R	91	94	50.81%	2	2	48	47	0.98	1	1	27	64	37	57	G
I	1455	C	Y	63	37	37%	2	2	44	47	0.98	1	1	35	28	18	19	T
I	1514	C	S	59	40	40.4%	2	2	45	43	0.98	1	1	26	33	10	30	G
I	1750	G	R	73	17	18.89%	2	2	46	44	0.98	1	1	38	35	9	8	A
I	2224	C	Y	78	15	16.13%	2	2	46	45	0.98	1	1	46	32	10	5	T
I	2582	T	Y	46	31	40.26%	2	2	45	44	0.98	1	1	34	12	18	13	C
I	3431	A	R	75	55	42.31%	2	2	53	49	0.98	1	1	33	42	27	28	G
I	4666	G	R	28	9	24.32%	2	2	41	37	0.98	1	1	11	17	4	5	A
I	4668	C	S	34	8	19.05%	2	2	43	41	0.98	1	1	17	17	3	5	G
I	6583	G	R	22	14	38.89%	2	2	41	48	0.98	1	1	12	10	10	4	A
I	6727	G	R	17	11	39.29%	2	2	38	49	0.98	1	1	9	8	3	8	A
I	7184	G	K	55	4	6.78%	2	1	40	25	0.98	1	1	46	9	0	4	T
I	7192	C	M	40	3	5.26%	2	1	38	30	0.98	1	1	34	6	0	3	A
I	8666	G	R	35	38	52.05%	2	2	51	47	0.98	1	1	18	17	16	22	A
I	10913	G	R	8	8	50%	2	2	40	41	0.98	1	1	4	4	6	2	A
I	18099	A	R	75	17	18.48%	2	2	47	37	0.98	1	1	45	30	15	2	G
I	18318	G	R	108	39	26.53%	2	2	44	45	0.98	1	1	62	46	32	7	A
I	18475	C	Y	91	60	39.47%	2	2	45	50	0.98	1	1	16	75	18	42	T
I	29359	T	W	30	4	11.76%	2	2	53	53	0.98	1	1	15	15	1	3	A
I	29373	T	Y	24	4	12.9%	2	2	50	44	0.98	1	1	13	11	1	3	C
I	30989	C	M	12	2	14.29%	2	1	44	31	0.98	1	1	6	6	0	2	A
I	30999	A	W	12	2	14.29%	2	1	49	31	0.98	1	1	6	6	0	2	T
I	76027	T	K	30	2	6.25%	2	2	37	37	0.98	1	1	19	11	1	1	G
I	76030	A	M	29	2	6.45%	2	2	37	37	0.98	1	1	19	10	1	1	C
I	94835	A	R	30	2	6.25%	2	2	45	37	0.98	1	1	16	14	1	1	G
I	97176	C	M	23	2	8%	2	2	50	25	0.98	1	1	10	13	1	1	A
I	98629	A	M	51	5	8.93%	2	2	48	44	0.98	1	1	31	20	4	1	C
I	98632	C	Y	52	5	8.77%	2	2	47	42	0.98	1	1	30	22	4	1	T
I	98639	A	W	61	12	16.44%	2	2	50	43	0.98	1	1	36	25	11	1	T
I	98777	T	Y	97	10	9.35%	2	2	54	40	0.98	1	1	49	48	5	5	C
I	99057	T	Y	94	6	6%	2	2	48	43	0.98	1	1	51	43	2	4	C
I	99066	G	R	90	12	11.76%	2	2	52	51	0.98	1	1	46	44	7	5	A
I	99204	A	W	67	10	12.99%	2	2	49	40	0.98	1	1	19	48	1	9	T
I	99211	A	R	48	4	7.55%	2	1	45	37	0.98	1	1	15	33	0	4	G
I	99214	G	K	45	4	8.16%	2	1	45	37	0.98	1	1	13	32	0	4	T
I	99976	A	R	31	2	6.06%	2	1	45	49	0.98	1	1	11	20	2	0	G
I	114814	T	W	37	2	5.13%	2	1	45	33	0.98	1	1	30	7	0	2	A
I	133995	A	W	27	4	12.9%	2	2	56	37	0.98	1	1	11	16	2	2	T
I	145972	C	M	12	2	14.29%	2	1	43	25	0.98	1	1	7	5	0	2	A
I	169737	C	M	22	2	8.33%	2	1	39	31	0.98	1	1	12	10	0	2	A
I	169798	G	K	14	2	12.5%	1	1	37	25	0.98	1	1	14	0	0	2	T
I	169817	A	M	13	2	13.33%	2	1	42	31	0.98	1	1	11	2	0	2	C
I	207306	A	R	23	2	8%	2	1	46	37	0.98	1	1	8	15	0	2	G
I	213988	A	M	33	2	5.71%	2	1	48	31	0.98	1	1	20	13	0	2	C
I	220354	G	R	27	2	6.9%	2	1	46	37	0.98	1	1	9	18	0	2	A
I	228731	T	Y	32	2	5.88%	2	2	49	37	0.98	1	1	21	11	1	1	C
I	242243	T	Y	28	2	6.67%	2	2	48	37	0.98	1	1	16	12	1	1	C
I	243900	G	R	10	2	16.67%	2	2	37	37	0.98	1	1	4	6	1	1	A
I	267732	T	Y	20	2	9.09%	2	2	47	37	0.98	1	1	11	9	1	1	C
I	290256	C	M	25	2	7.41%	2	2	46	37	0.98	1	1	10	15	1	1	A
I	308378	A	W	38	2	5%	2	1	42	55	0.98	1	1	11	27	0	2	T
I	326654	G	K	29	2	6.45%	2	1	50	30	0.98	1	1	12	17	2	0	T
I	335159	T	W	28	2	6.67%	2	1	40	37	0.98	1	1	14	14	0	2	A
I	375038	T	W	33	2	5.71%	2	2	50	37	0.98	1	1	17	16	1	1	A
I	391081	G	R	29	2	6.45%	2	2	53	37	0.98	1	1	16	13	1	1	A
I	411404	C	M	15	2	11.76%	2	1	41	31	0.98	1	1	4	11	2	0	A
I	453405	T	W	12	2	14.29%	2	1	37	25	0.98	1	1	6	6	2	0	A
I	453801	A	M	35	2	5.41%	2	1	43	25	0.98	1	1	16	19	2	0	C
I	467148	A	R	29	2	6.45%	2	2	44	37	0.98	1	1	15	14	1	1	G
I	501160	C	Y	14	2	12.5%	2	2	41	37	0.98	1	1	6	8	1	1	T
I	523603	G	A	0	45	100%	0	2	0	45	0.98	0	1	0	0	28	17	A
I	523883	G	A	0	36	100%	0	2	0	40	0.98	0	1	0	0	22	14	A
I	524210	A	M	32	2	5.88%	2	1	48	25	0.98	1	1	16	16	0	2	C
I	527156	C	A	0	17	100%	0	2	0	41	0.98	0	1	0	0	11	6	A
I	540414	T	W	26	2	7.14%	2	1	48	31	0.98	1	1	13	13	2	0	A
I	553923	T	W	17	4	19.05%	2	2	46	37	0.98	1	1	8	9	2	2	A
I	580267	T	Y	9	2	18.18%	2	2	45	37	0.98	1	1	2	7	1	1	C
I	583212	A	M	25	2	7.41%	2	1	44	31	0.98	1	1	13	12	0	2	C
I	679461	T	W	14	2	12.5%	2	1	43	25	0.98	1	1	12	2	0	2	A
I	691942	T	K	16	2	11.11%	2	1	48	37	0.98	1	1	7	9	2	0	G
I	723144	T	Y	23	4	14.81%	2	2	43	37	0.98	1	1	17	6	2	2	C
I	727804	C	Y	29	2	6.45%	2	2	43	37	0.98	1	1	14	15	1	1	T
I	748848	A	M	14	2	12.5%	2	2	38	31	0.98	1	1	7	7	1	1	C
I	759334	G	T	0	13	100%	0	2	0	48	0.98	0	1	0	0	4	9	T
I	793232	T	W	21	2	8.7%	2	1	51	37	0.98	1	1	11	10	0	2	A
I	813290	T	W	26	2	7.14%	2	1	51	29	0.98	1	1	15	11	2	0	A
I	831920	T	K	7	2	22.22%	2	1	52	24	0.98	1	1	1	6	2	0	G
I	831972	C	M	8	2	20%	2	1	46	25	0.98	1	1	1	7	2	0	A
I	831975	C	M	8	2	20%	2	1	34	27	0.98	1	1	1	7	2	0	A
I	839118	C	M	23	2	8%	2	1	41	27	0.98	1	1	3	20	2	0	A
I	862964	G	T	0	15	100%	0	2	0	46	0.98	0	1	0	0	10	5	T
I	866486	A	W	23	2	7.69%	2	1	47	36	0.98	1	1	12	11	0	2	T
I	880424	C	M	23	2	8%	2	1	45	28	0.98	1	1	12	11	0	2	A
I	897085	A	M	35	2	5.41%	2	1	46	25	0.98	1	1	24	11	2	0	C
I	900300	T	Y	36	2	5.26%	2	1	50	37	0.98	1	1	23	13	0	2	C
I	914997	A	W	23	3	11.54%	2	1	46	26	0.98	1	1	10	13	3	0	T
I	949545	T	K	8	5	38.46%	2	1	39	29	0.98	1	1	3	5	5	0	G
I	949553	G	K	11	2	15.38%	2	1	46	37	0.98	1	1	7	4	2	0	T
I	949558	G	K	10	2	16.67%	2	1	41	31	0.98	1	1	6	4	2	0	T
I	987402	A	W	21	3	12.5%	2	1	49	28	0.98	1	1	11	10	0	3	T
I	987423	A	W	22	2	8.33%	2	1	48	33	0.98	1	1	11	11	0	2	T
I	1026294	G	R	24	2	7.69%	2	1	42	37	0.98	1	1	11	13	0	2	A
I	1038491	G	K	24	2	7.69%	2	1	44	37	0.98	1	1	9	15	2	0	T
I	1096876	T	K	19	2	9.52%	2	1	43	31	0.98	1	1	4	15	2	0	G
I	1150826	C	M	21	2	8.7%	2	1	55	31	0.98	1	1	11	10	2	0	A
I	1157513	T	K	31	2	6.06%	2	1	51	25	0.98	1	1	14	17	2	0	G
I	1174025	T	K	25	2	7.41%	2	1	40	25	0.98	1	1	12	13	2	0	G
I	1176373	A	R	23	2	8%	2	2	41	37	0.98	1	1	18	5	1	1	G
I	1183504	C	M	27	3	10%	2	1	45	37	0.98	1	1	22	5	3	0	A
I	1192378	T	Y	11	2	15.38%	2	2	42	37	0.98	1	1	8	3	1	1	C
I	1197736	A	M	29	2	6.45%	2	1	52	49	0.98	1	1	13	16	0	2	C
I	1213352	A	W	27	2	6.9%	2	1	50	31	0.98	1	1	16	11	0	2	T
I	1216890	G	R	19	2	9.52%	2	2	50	37	0.98	1	1	9	10	1	1	A
I	1238159	A	W	23	2	8%	2	1	40	27	0.98	1	1	10	13	0	2	T
I	1291273	T	K	19	2	9.52%	2	2	53	23	0.98	1	1	12	7	1	1	G
I	1308466	T	K	19	2	9.52%	2	1	42	31	0.98	1	1	4	15	2	0	G
I	1318981	T	K	25	2	7.41%	2	1	53	29	0.98	1	1	17	8	0	2	G
I	1387620	T	Y	20	2	9.09%	2	2	47	37	0.98	1	1	10	10	1	1	C
I	1393827	T	K	8	2	20%	2	1	50	31	0.98	1	1	4	4	2	0	G
I	1393829	A	W	10	2	16.67%	2	1	43	31	0.98	1	1	6	4	2	0	T
I	1393835	G	K	7	3	30%	2	1	46	37	0.98	1	1	2	5	3	0	T
I	1393837	A	W	7	3	30%	2	1	47	27	0.98	1	1	4	3	3	0	T
I	1393841	G	K	7	2	20%	2	1	44	25	0.98	1	1	3	4	2	0	T
I	1393854	G	K	9	2	18.18%	2	1	44	37	0.98	1	1	3	6	2	0	T
I	1402259	G	K	18	2	10%	2	1	54	22	0.98	1	1	8	10	2	0	T
I	1411271	A	R	30	2	6.25%	2	1	46	55	0.98	1	1	15	15	2	0	G
I	1412256	T	Y	23	2	8%	2	2	44	37	0.98	1	1	9	14	1	1	C
I	1459717	G	K	29	2	6.45%	2	2	45	37	0.98	1	1	15	14	1	1	T
I	1497824	G	K	34	2	5.56%	2	1	46	27	0.98	1	1	16	18	2	0	T
I	1523154	G	R	18	2	10%	2	2	52	68	0.98	1	1	10	8	1	1	A
I	1523759	T	K	26	2	7.14%	2	1	48	25	0.98	1	1	11	15	2	0	G
I	1537850	G	S	24	2	7.69%	2	1	43	55	0.98	1	1	11	13	0	2	C
I	1545074	T	K	7	3	30%	1	1	37	30	0.98	1	1	0	7	3	0	G
I	1545171	C	Y	12	2	14.29%	2	1	45	37	0.98	1	1	4	8	2	0	T
I	1555254	G	R	12	2	14.29%	2	2	42	37	0.98	1	1	6	6	1	1	A
I	1576906	A	W	21	2	8.7%	2	1	39	25	0.98	1	1	14	7	0	2	T
I	1578152	T	W	5	2	28.57%	2	1	35	25	0.98	1	1	2	3	2	0	A
I	1590617	G	K	25	2	7.41%	2	2	55	37	0.98	1	1	16	9	1	1	T
I	1596320	A	M	20	2	9.09%	2	2	47	37	0.98	1	1	10	10	1	1	C
I	1596325	T	K	18	2	10%	2	2	49	37	0.98	1	1	9	9	1	1	G
I	1651505	A	W	19	2	9.52%	2	1	43	27	0.98	1	1	14	5	0	2	T
I	1651538	A	M	35	2	5.41%	2	1	46	31	0.98	1	1	18	17	0	2	C
I	1659981	A	R	25	2	7.41%	2	2	43	31	0.98	1	1	8	17	1	1	G
I	1666906	C	M	11	2	15.38%	2	1	36	31	0.98	1	1	6	5	2	0	A
I	1688258	T	Y	32	4	11.11%	2	2	48	37	0.98	1	1	15	17	2	2	C
I	1689437	C	M	33	2	5.71%	2	2	47	37	0.98	1	1	10	23	1	1	A
I	1696899	C	Y	21	2	8.7%	2	1	44	55	0.98	1	1	9	12	2	0	T
I	1760520	C	M	8	2	20%	2	1	44	25	0.98	1	1	5	3	0	2	A
I	1761592	T	W	20	2	9.09%	2	1	40	37	0.98	1	1	13	7	0	2	A
I	1773717	A	R	10	2	16.67%	2	2	43	37	0.98	1	1	7	3	1	1	G
I	1775505	A	M	22	2	8.33%	2	1	46	25	0.98	1	1	17	5	0	2	C
I	1779706	C	Y	14	5	26.32%	2	2	52	37	0.98	1	1	7	7	2	3	T
I	1783458	C	T	0	43	100%	0	2	0	45	0.98	0	1	0	0	22	21	T
I	1789108	G	K	9	7	43.75%	2	2	45	52	0.98	1	1	6	3	3	4	T
I	1798000	T	W	23	2	8%	2	1	43	31	0.98	1	1	7	16	2	0	A
I	1812859	C	M	32	2	5.88%	2	1	50	25	0.98	1	1	12	20	0	2	A
I	1812890	A	W	28	2	6.67%	2	1	46	31	0.98	1	1	9	19	0	2	T
I	1812931	A	M	20	2	9.09%	2	1	38	37	0.98	1	1	7	13	0	2	C
I	1831684	G	K	17	2	10.53%	2	1	39	25	0.98	1	1	12	5	0	2	T
I	1834441	A	W	18	2	10%	2	2	44	31	0.98	1	1	12	6	1	1	T
I	1852128	G	K	12	2	14.29%	2	1	38	27	0.98	1	1	3	9	2	0	T
I	1861310	T	K	12	2	14.29%	2	1	42	37	0.98	1	1	7	5	2	0	G
I	1861314	C	S	11	2	15.38%	2	1	42	37	0.98	1	1	7	4	2	0	G
I	1861318	C	M	13	2	13.33%	2	1	39	25	0.98	1	1	8	5	2	0	A
I	1879615	C	S	37	2	5.13%	2	1	46	37	0.98	1	1	17	20	2	0	G
I	1883512	G	R	19	2	9.52%	2	2	46	37	0.98	1	1	11	8	1	1	A
I	1893575	C	M	13	4	23.53%	2	1	38	26	0.98	1	1	1	12	4	0	A
I	1893582	C	M	13	5	27.78%	2	1	42	31	0.98	1	1	4	9	5	0	A
I	1934882	A	M	34	2	5.56%	2	2	48	55	0.98	1	1	15	19	1	1	C
I	1943774	G	R	8	2	20%	1	1	39	29	0.98	1	1	8	0	0	2	A
I	1943784	A	M	8	4	30.77%	2	1	43	29	0.98	1	1	7	1	0	4	C
I	1995856	A	W	28	4	12.5%	2	2	44	37	0.98	1	1	10	18	2	2	T
I	1999192	G	C	0	30	100%	0	2	0	52	0.98	0	1	0	0	18	12	C
I	2023618	A	M	35	2	5.41%	2	1	48	31	0.98	1	1	19	16	0	2	C
I	2027284	A	R	20	2	9.09%	2	2	47	37	0.98	1	1	6	14	1	1	G
I	2027478	T	W	25	3	10.71%	2	2	48	37	0.98	1	1	15	10	2	1	A
I	2041913	C	M	31	2	6.06%	2	1	40	33	0.98	1	1	26	5	0	2	A
I	2093210	C	M	22	2	8.33%	2	1	45	27	0.98	1	1	17	5	0	2	A
I	2093273	A	M	29	4	12.12%	2	1	39	32	0.98	1	1	26	3	0	4	C
I	2093610	G	S	29	2	6.45%	2	2	48	37	0.98	1	1	15	14	1	1	C
I	2104091	G	T	0	11	100%	0	2	0	39	0.98	0	1	0	0	3	8	T
I	2104097	C	A	0	10	100%	0	2	0	40	0.98	0	1	0	0	3	7	A
I	2107792	G	K	13	2	13.33%	2	1	37	31	0.98	1	1	3	10	2	0	T
I	2174514	C	M	14	3	17.65%	2	1	37	29	0.98	1	1	11	3	0	3	A
I	2174523	C	M	11	2	15.38%	2	1	43	25	0.98	1	1	8	3	0	2	A
I	2224726	C	S	29	2	6.45%	2	2	47	49	0.98	1	1	19	10	1	1	G
I	2226944	T	Y	29	2	6.45%	2	2	45	37	0.98	1	1	14	15	1	1	C
I	2227466	A	W	14	2	12.5%	2	1	44	25	0.98	1	1	12	2	0	2	T
I	2227936	T	W	1	2	22.22%	1	1	36	37	0.98	1	1	1	0	0	2	A
I	2235218	C	S	26	2	7.14%	2	2	48	37	0.98	1	1	10	16	1	1	G
I	2272931	T	Y	24	2	7.69%	2	2	55	37	0.98	1	1	9	15	1	1	C
I	2272938	A	W	24	2	7.69%	2	2	53	37	0.98	1	1	11	13	1	1	T
I	2273789	A	R	20	2	9.09%	2	2	53	55	0.98	1	1	14	6	1	1	G
I	2276474	G	R	35	2	5.41%	2	2	44	37	0.98	1	1	13	22	1	1	A
I	2302404	G	K	34	2	5.56%	2	1	43	25	0.98	1	1	15	19	0	2	T
I	2323320	T	K	17	3	15%	2	1	40	33	0.98	1	1	7	10	3	0	G
I	2330133	T	K	21	2	8.7%	2	1	43	25	0.98	1	1	9	12	2	0	G
I	2355087	C	M	27	2	6.9%	2	1	50	31	0.98	1	1	14	13	0	2	A
I	2378014	A	R	27	3	10%	2	2	43	33	0.98	1	1	8	19	1	2	G
I	2480108	A	M	13	2	13.33%	1	1	38	33	0.98	1	1	13	0	0	2	C
I	2506044	T	A	0	30	100%	0	2	0	42	0.98	0	1	0	0	17	13	A
I	2540359	G	S	30	2	6.25%	2	1	48	31	0.98	1	1	19	11	0	2	C
I	2543887	A	M	37	2	5.13%	2	1	49	25	0.98	1	1	15	22	0	2	C
I	2544949	T	K	26	4	13.33%	2	1	35	30	0.98	1	1	4	22	4	0	G
I	2556757	A	M	11	2	14.29%	2	1	35	25	0.98	1	1	10	1	0	2	C
I	2561632	T	Y	38	2	5%	2	2	46	37	0.98	1	1	15	23	1	1	C
I	2562845	A	R	20	2	9.09%	2	1	46	37	0.98	1	1	11	9	2	0	G
I	2591953	G	K	28	2	6.67%	2	1	43	25	0.98	1	1	7	21	2	0	T
I	2604567	T	Y	10	2	16.67%	2	2	42	49	0.98	1	1	5	5	1	1	C
I	2605764	T	A	0	30	100%	0	2	0	44	0.98	0	1	0	0	8	22	A
I	2620756	T	Y	36	2	5.26%	2	2	47	37	0.98	1	1	18	18	1	1	C
I	2623662	A	W	20	2	9.09%	2	2	48	37	0.98	1	1	8	12	1	1	T
I	2626690	T	W	37	2	5.13%	2	2	48	37	0.98	1	1	13	24	1	1	A
I	2634960	C	M	24	2	7.69%	2	2	45	37	0.98	1	1	15	9	1	1	A
I	2672581	T	W	13	2	13.33%	2	1	45	29	0.98	1	1	9	4	2	0	A
I	2675135	A	W	14	3	17.65%	2	1	43	25	0.98	1	1	8	6	0	3	T
I	2681918	G	K	11	2	15.38%	2	1	38	25	0.98	1	1	6	5	0	2	T
I	2683904	C	M	19	2	9.52%	2	2	40	55	0.98	1	1	8	11	1	1	A
I	2696475	C	M	10	2	16.67%	2	1	40	33	0.98	1	1	5	5	0	2	A
I	2696495	A	M	8	2	20%	2	1	43	27	0.98	1	1	6	2	0	2	C
I	2697678	A	W	20	2	9.09%	2	1	46	33	0.98	1	1	14	6	0	2	T
I	2700362	A	M	31	2	6.06%	2	1	49	37	0.98	1	1	19	12	0	2	C
I	2706463	A	W	38	3	7.32%	2	1	40	28	0.98	1	1	23	15	0	3	T
I	2724282	T	K	23	2	8%	2	1	48	37	0.98	1	1	11	12	2	0	G
I	2734656	C	M	19	2	9.52%	2	1	42	25	0.98	1	1	9	10	2	0	A
I	2746640	T	K	28	2	6.67%	2	1	55	25	0.98	1	1	19	9	2	0	G
I	2747078	A	G	0	27	100%	0	2	0	47	0.98	0	1	0	0	8	19	G
I	2788601	T	K	33	2	5.71%	2	1	53	25	0.98	1	1	17	16	2	0	G
I	2824184	A	M	28	2	6.67%	2	1	39	25	0.98	1	1	27	1	0	2	C
I	2824830	T	K	25	2	7.41%	2	1	47	31	0.98	1	1	6	19	2	0	G
I	2881324	C	M	32	7	17.95%	2	2	50	37	0.98	1	1	17	15	2	5	A
I	2884959	C	M	23	2	8%	2	1	54	31	0.98	1	1	13	10	0	2	A
I	2928276	A	M	34	2	5.56%	2	1	47	37	0.98	1	1	12	22	2	0	C
I	2943738	A	R	113	8	6.61%	2	2	50	38	0.98	1	1	67	46	5	3	G
I	2944248	A	M	140	9	6.04%	2	2	45	44	0.98	1	1	72	68	6	3	C
I	2944257	C	Y	132	8	5.67%	2	2	46	42	0.98	1	1	67	65	4	4	T
I	2945382	T	K	51	3	5.56%	2	1	44	30	0.98	1	1	20	31	3	0	G
I	2969406	C	Y	57	4	6.56%	2	2	48	46	0.98	1	1	28	29	1	3	T
I	2972000	G	K	23	2	8%	2	1	47	68	0.98	1	1	13	10	2	0	T
I	2977293	C	M	9	2	18.18%	2	1	46	25	0.98	1	1	2	7	2	0	A
I	2977860	A	R	34	2	5.56%	2	1	44	74	0.98	1	1	13	21	2	0	G
I	2991358	A	W	25	2	7.41%	2	1	47	49	0.98	1	1	14	11	2	0	T
I	3002543	T	K	26	2	6.9%	2	2	49	49	0.98	1	1	5	21	1	1	G
I	3004549	T	W	25	3	10.71%	2	1	48	37	0.98	1	1	12	13	3	0	A
I	3061579	A	M	20	2	9.09%	2	2	41	37	0.98	1	1	4	16	1	1	C
I	3063574	T	W	35	2	5.41%	2	2	53	31	0.98	1	1	18	17	1	1	A
I	3070648	A	M	37	2	5.13%	2	1	42	37	0.98	1	1	23	14	0	2	C
I	3077547	T	K	6	3	33.33%	2	1	43	33	0.98	1	1	1	5	3	0	G
I	3097106	A	R	26	2	7.14%	2	1	51	49	0.98	1	1	16	10	2	0	G
I	3111508	A	G	0	27	100%	0	2	0	42	0.98	0	1	0	0	24	3	G
I	3115841	C	A	0	29	100%	0	2	0	46	0.98	0	1	0	0	13	16	A
I	3119299	G	A	0	9	100%	0	2	0	43	0.98	0	1	0	0	7	2	A
I	3131925	A	W	24	2	7.69%	2	2	46	74	0.98	1	1	15	9	1	1	T
I	3166776	G	K	0	2	15.38%	0	1	0	27	0.98	0	1	0	0	0	2	+TTT
I	3176016	T	K	35	2	5.41%	2	2	49	37	0.98	1	1	20	15	1	1	G
I	3176732	T	K	35	6	14.63%	2	1	49	55	0.98	1	1	16	19	6	0	G
I	3179238	G	C	0	44	100%	0	2	0	47	0.98	0	1	0	0	26	18	C
I	3184788	C	M	10	2	16.67%	2	1	43	25	0.98	1	1	2	8	2	0	A
I	3197528	A	R	2	3	6.82%	1	2	55	49	0.98	1	1	0	2	1	2	G
I	3200138	G	S	11	2	15.38%	2	2	43	37	0.98	1	1	6	5	1	1	C
I	3202722	A	M	29	2	6.45%	2	1	52	37	0.98	1	1	13	16	0	2	C
I	3215227	A	W	34	2	5.56%	2	2	50	37	0.98	1	1	22	12	1	1	T
I	3218354	A	W	28	2	6.67%	2	2	49	37	0.98	1	1	18	10	1	1	T
I	3230828	A	M	22	2	8.33%	2	1	39	31	0.98	1	1	14	8	2	0	C
I	3244359	G	R	26	2	7.14%	2	1	54	37	0.98	1	1	10	16	2	0	A
I	3257938	A	M	17	2	10.53%	2	1	55	37	0.98	1	1	6	11	2	0	C
I	3267983	C	S	28	2	6.67%	2	2	44	37	0.98	1	1	16	12	1	1	G
I	3290776	A	M	24	2	7.69%	2	1	42	37	0.98	1	1	12	12	0	2	C
I	3295648	A	W	26	2	7.14%	2	1	44	25	0.98	1	1	12	14	0	2	T
I	3295738	G	K	15	3	16.67%	2	1	37	29	0.98	1	1	14	1	0	3	T
I	3295743	A	M	16	3	15.79%	2	1	36	29	0.98	1	1	14	2	0	3	C
I	3302678	A	R	33	2	5.71%	2	1	45	31	0.98	1	1	20	13	2	0	G
I	3304611	T	K	35	2	5.41%	2	1	46	31	0.98	1	1	8	27	2	0	G
I	3331846	G	R	21	2	8.7%	2	2	45	37	0.98	1	1	12	9	1	1	A
I	3335350	A	M	54	6	10%	2	1	43	27	0.98	1	1	40	14	0	6	C
I	3380404	C	M	15	2	10%	2	1	42	29	0.98	1	1	12	3	0	2	A
I	3381390	T	W	31	2	6.06%	2	1	51	31	0.98	1	1	20	11	2	0	A
I	3381846	G	K	23	2	8%	2	1	48	27	0.98	1	1	16	7	2	0	T
I	3405655	A	R	13	2	13.33%	2	2	35	37	0.98	1	1	6	7	1	1	G
I	3425281	T	Y	28	2	6.67%	2	2	53	49	0.98	1	1	22	6	1	1	C
I	3480398	C	M	37	2	5.13%	2	1	40	27	0.98	1	1	12	25	2	0	A
I	3480406	C	M	36	3	7.69%	2	1	39	30	0.98	1	1	14	22	3	0	A
I	3519683	G	K	18	2	10%	2	1	40	25	0.98	1	1	16	2	0	2	T
I	3519693	A	M	16	2	11.11%	2	1	44	31	0.98	1	1	14	2	0	2	C
I	3538450	A	T	0	14	100%	0	2	0	42	0.98	0	1	0	0	7	7	T
I	3548913	T	A	0	14	100%	0	2	0	38	0.98	0	1	0	0	4	10	A
I	3566242	A	W	15	2	11.76%	2	2	54	55	0.98	1	1	6	9	1	1	T
I	3575806	A	W	24	2	7.69%	2	1	45	29	0.98	1	1	15	9	0	2	T
I	3583106	G	A	0	33	100%	0	2	0	50	0.98	0	1	0	0	16	17	A
I	3584536	A	M	38	2	5%	2	2	53	37	0.98	1	1	23	15	1	1	C
I	3618184	T	Y	25	2	7.41%	2	2	43	37	0.98	1	1	13	12	1	1	C
I	3623916	A	W	15	2	11.76%	2	2	46	37	0.98	1	1	8	7	1	1	T
I	3634638	G	K	4	2	33.33%	2	1	35	37	0.98	1	1	3	1	0	2	T
I	3645865	C	M	8	3	27.27%	2	1	45	33	0.98	1	1	6	2	0	3	A
I	3656407	C	M	17	2	10.53%	2	1	42	31	0.98	1	1	12	5	2	0	A
I	3657401	C	M	25	2	7.41%	2	1	41	27	0.98	1	1	20	5	0	2	A
I	3684137	G	K	27	2	6.9%	2	1	49	25	0.98	1	1	14	13	2	0	T
I	3684854	A	W	33	2	5.71%	2	1	48	25	0.98	1	1	19	14	0	2	T
I	3686838	G	K	23	2	8%	2	1	44	49	0.98	1	1	15	8	0	2	T
I	3686909	A	M	21	2	8.7%	2	2	41	31	0.98	1	1	14	7	1	1	C
I	3700378	A	W	15	2	11.76%	2	1	43	33	0.98	1	1	11	4	0	2	T
I	3700385	T	W	3	2	10%	1	2	49	29	0.98	1	1	3	0	1	1	A
I	3724495	G	K	34	2	5.56%	2	1	49	37	0.98	1	1	19	15	2	0	T
I	3747501	A	M	25	2	7.41%	2	2	43	37	0.98	1	1	15	10	1	1	C
I	3754662	G	K	52	3	5.45%	2	1	45	23	0.98	1	1	26	26	0	3	T
I	3761504	C	M	85	8	8.6%	2	2	53	41	0.98	1	1	40	45	6	2	A
I	3761560	T	Y	77	7	8.33%	2	2	49	41	0.98	1	1	41	36	5	2	C
I	3761566	T	Y	70	7	9.09%	2	2	48	38	0.98	1	1	38	32	5	2	C
I	3790897	A	W	15	4	21.05%	2	2	51	37	0.98	1	1	7	8	2	2	T
I	3803809	A	M	25	2	7.41%	2	1	45	37	0.98	1	1	5	20	0	2	C
I	3846755	T	K	18	2	10%	2	1	37	31	0.98	1	1	4	14	2	0	G
I	3846796	T	W	22	2	8.33%	2	1	45	31	0.98	1	1	8	14	2	0	A
I	3846798	C	M	20	3	13.04%	2	1	44	30	0.98	1	1	7	13	3	0	A
I	3877521	G	K	19	3	13.64%	2	1	40	29	0.98	1	1	10	9	0	3	T
I	3882503	C	M	32	2	5.88%	2	1	43	29	0.98	1	1	12	20	2	0	A
I	3882526	G	K	33	2	5.71%	2	1	40	33	0.98	1	1	7	26	2	0	T
I	3888759	T	Y	29	3	9.38%	2	1	44	37	0.98	1	1	15	14	3	0	C
I	3894400	T	K	30	2	6.25%	2	2	42	31	0.98	1	1	15	15	1	1	G
I	3899790	G	K	28	2	6.67%	2	1	50	25	0.98	1	1	12	16	2	0	T
I	3942521	A	R	34	2	5.56%	2	1	51	55	0.98	1	1	14	20	0	2	G
I	3950369	G	R	13	2	13.33%	2	2	45	37	0.98	1	1	8	5	1	1	A
I	3969224	T	W	25	2	7.41%	2	1	44	49	0.98	1	1	7	18	2	0	A
I	3984278	C	Y	158	12	7.06%	2	2	47	38	0.98	1	1	84	74	10	2	T
I	3987791	T	K	32	2	5.88%	2	1	44	25	0.98	1	1	4	28	2	0	G
I	3987811	T	K	37	2	5.13%	2	1	44	25	0.98	1	1	11	26	2	0	G
I	3988940	A	R	91	16	14.95%	2	2	49	47	0.98	1	1	40	51	2	14	G
I	3988943	G	R	90	14	13.46%	2	2	50	48	0.98	1	1	40	50	2	12	A
I	3988952	G	R	93	15	13.89%	2	2	49	48	0.98	1	1	45	48	2	13	A
I	3988970	A	R	85	14	14.14%	2	2	49	46	0.98	1	1	40	45	2	12	G
I	3988971	A	R	88	13	12.87%	2	2	48	47	0.98	1	1	40	48	2	11	G
I	3988981	G	R	85	13	13.27%	2	2	50	44	0.98	1	1	39	46	2	11	A
I	3989282	A	G	8	25	75.76%	2	2	37	38	0.98	1	1	1	7	18	7	G
I	3989285	G	R	8	21	72.41%	2	2	37	36	0.98	1	1	2	6	15	6	A
I	3989294	G	A	6	18	75%	1	2	37	37	0.98	1	1	0	6	14	4	A
I	3989312	A	R	3	3	50%	1	2	37	37	0.98	1	1	0	3	2	1	G
I	3989313	A	R	2	3	60%	1	2	37	37	0.98	1	1	0	2	2	1	G
I	3989384	G	A	0	20	100%	0	2	0	38	0.98	0	1	0	0	10	10	A
I	3989390	G	A	0	24	100%	0	2	0	38	0.98	0	1	0	0	11	13	A
I	3989404	T	C	0	26	100%	0	2	0	38	0.98	0	1	0	0	12	14	C
I	3992214	C	A	0	17	100%	0	2	0	40	0.98	0	1	0	0	4	13	A
I	4006157	T	K	34	2	5.56%	2	2	43	37	0.98	1	1	21	13	1	1	G
I	4006450	G	S	21	2	8.7%	2	2	42	74	0.98	1	1	16	5	1	1	C
I	4010261	T	K	18	2	10%	2	1	35	24	0.98	1	1	9	9	2	0	G
I	4031327	C	M	20	2	9.09%	2	1	48	31	0.98	1	1	9	11	2	0	A
I	4063562	C	Y	105	8	7.02%	2	2	48	40	0.98	1	1	48	57	4	4	T
I	4063568	A	R	108	6	5.26%	2	2	47	41	0.98	1	1	51	57	2	4	G
I	4063601	T	Y	94	6	5.94%	2	1	44	37	0.98	1	1	46	48	0	6	C
I	4063640	T	Y	100	6	5.61%	2	2	44	34	0.98	1	1	51	49	2	4	C
I	4063679	C	Y	107	7	6.14%	2	2	50	30	0.98	1	1	53	54	6	1	T
I	4063685	A	R	113	9	7.32%	2	2	47	31	0.98	1	1	56	57	3	6	G
I	4109586	T	K	46	3	6.12%	2	1	48	33	0.98	1	1	28	18	0	3	G
I	4109589	C	M	46	3	6.12%	2	1	47	37	0.98	1	1	27	19	0	3	A
I	4110230	T	Y	57	3	5%	2	2	44	31	0.98	1	1	22	35	2	1	C
I	4112512	A	R	28	2	6.67%	2	2	50	51	0.98	1	1	12	16	1	1	G
I	4124606	T	K	28	2	6.67%	2	1	54	37	0.98	1	1	16	12	2	0	G
I	4128125	A	M	31	2	6.06%	2	2	47	49	0.98	1	1	15	16	1	1	C
I	4177032	A	R	28	2	6.67%	2	2	48	55	0.98	1	1	13	15	1	1	G
I	4179641	C	M	11	2	12.5%	2	1	42	25	0.98	1	1	7	4	0	2	A
I	4191878	A	W	16	2	11.11%	2	1	49	37	0.98	1	1	9	7	2	0	T
I	4192110	A	M	17	2	10.53%	2	1	47	37	0.98	1	1	8	9	0	2	C
I	4210039	T	W	26	2	7.14%	2	2	47	25	0.98	1	1	15	11	1	1	A
I	4215178	C	M	16	2	11.11%	2	1	41	27	0.98	1	1	12	4	0	2	A
I	4215187	A	M	12	2	14.29%	2	1	48	22	0.98	1	1	9	3	0	2	C
I	4234710	T	W	36	2	5.26%	2	1	44	22	0.98	1	1	18	18	2	0	A
I	4234717	C	M	36	2	5.26%	2	1	46	25	0.98	1	1	20	16	2	0	A
I	4234718	T	W	34	3	8.11%	2	1	45	30	0.98	1	1	18	16	3	0	A
I	4234734	T	W	37	4	9.76%	2	1	44	28	0.98	1	1	20	17	4	0	A
I	4249758	C	M	26	4	13.33%	2	2	41	34	0.98	1	1	14	12	2	2	A
I	4268916	T	K	21	7	25%	2	1	43	30	0.98	1	1	4	17	7	0	G
I	4268933	A	W	27	2	6.9%	2	1	46	25	0.98	1	1	10	17	2	0	T
I	4268975	A	W	26	2	7.14%	2	1	42	27	0.98	1	1	10	16	2	0	T
I	4293237	T	K	36	2	5.26%	2	1	42	37	0.98	1	1	14	22	0	2	G
I	4316443	C	Y	47	3	6%	2	1	51	40	0.98	1	1	24	23	3	0	T
I	4316683	A	R	47	3	6%	2	2	47	37	0.98	1	1	23	24	2	1	G
I	4316956	T	Y	36	2	5.26%	2	1	48	37	0.98	1	1	19	17	2	0	C
I	4332042	T	W	31	3	8.82%	2	1	45	27	0.98	1	1	12	19	3	0	A
I	4333379	C	Y	49	3	5.77%	2	1	50	37	0.98	1	1	23	26	3	0	T
I	4353726	G	K	21	2	8.7%	2	2	43	74	0.98	1	1	11	10	1	1	T
I	4375421	A	T	0	24	100%	0	2	0	45	0.98	0	1	0	0	11	13	T
I	4389103	C	Y	36	2	5.26%	2	1	47	74	0.98	1	1	18	18	0	2	T
I	4395181	C	M	12	2	14.29%	2	1	46	25	0.98	1	1	7	5	0	2	A
I	4395197	A	M	7	2	22.22%	2	1	39	25	0.98	1	1	5	2	0	2	C
I	4420206	T	W	11	2	15.38%	2	1	48	31	0.98	1	1	7	4	2	0	A
I	4426889	G	K	16	2	11.11%	2	1	46	25	0.98	1	1	3	13	2	0	T
I	4442714	G	A	0	31	100%	0	2	0	51	0.98	0	1	0	0	13	18	A
I	4443963	T	W	22	2	8.33%	2	2	43	37	0.98	1	1	8	14	1	1	A
I	4457270	T	W	21	2	8.7%	2	1	44	37	0.98	1	1	8	13	2	0	A
I	4472222	G	K	21	2	8.7%	2	1	43	31	0.98	1	1	12	9	2	0	T
I	4486324	C	M	6	2	25%	2	1	49	31	0.98	1	1	3	3	0	2	A
I	4486333	G	K	6	2	25%	2	1	41	31	0.98	1	1	3	3	0	2	T
I	4494574	A	R	18	3	14.29%	2	1	49	49	0.98	1	1	12	6	3	0	G
I	4510195	A	W	28	2	6.67%	2	1	49	25	0.98	1	1	16	12	0	2	T
I	4531107	A	R	20	2	9.09%	2	1	48	37	0.98	1	1	16	4	0	2	G
I	4531712	A	W	40	3	6.98%	2	1	47	37	0.98	1	1	23	17	0	3	T
I	4561936	C	M	18	2	10%	2	2	41	31	0.98	1	1	6	12	1	1	A
I	4578668	T	Y	33	2	5.71%	2	1	46	37	0.98	1	1	26	7	0	2	C
I	4581394	A	M	21	3	12.5%	2	2	52	74	0.98	1	1	11	10	1	2	C
I	4619179	A	R	36	2	5.26%	2	1	46	37	0.98	1	1	13	23	2	0	G
I	4638563	T	W	24	2	7.69%	2	2	50	37	0.98	1	1	9	15	1	1	A
I	4648160	G	K	3	6	66.67%	2	2	37	43	0.98	1	1	1	2	3	3	T
I	4648161	G	T	5	18	78.26%	2	2	33	40	0.98	1	1	3	2	14	4	T
I	4659444	T	K	12	2	14.29%	2	1	43	31	0.98	1	1	2	10	2	0	G
I	4663233	T	W	32	2	5.88%	2	2	44	37	0.98	1	1	17	15	1	1	A
I	4699849	A	R	29	2	6.45%	2	1	48	55	0.98	1	1	14	15	0	2	G
I	4715054	T	W	19	2	9.52%	2	2	44	49	0.98	1	1	14	5	1	1	A
I	4715060	T	W	19	2	9.52%	2	2	46	55	0.98	1	1	14	5	1	1	A
I	4742844	T	W	37	2	5.13%	2	2	55	37	0.98	1	1	13	24	1	1	A
I	4742845	A	W	38	2	5%	2	2	54	37	0.98	1	1	13	25	1	1	T
I	4755000	T	W	27	2	6.9%	2	2	40	37	0.98	1	1	12	15	1	1	A
I	4764253	G	R	10	3	9.38%	2	1	59	31	0.98	1	1	6	4	0	3	A
I	4771707	G	R	23	6	20.69%	2	2	48	37	0.98	1	1	12	11	3	3	A
I	4772409	G	K	30	2	6.25%	2	2	48	37	0.98	1	1	18	12	1	1	T
I	4823683	A	M	31	3	8.82%	2	2	52	37	0.98	1	1	14	17	1	2	C
I	4881977	G	R	11	2	15.38%	2	2	44	37	0.98	1	1	4	7	1	1	A
I	4881982	T	W	11	2	15.38%	2	2	46	37	0.98	1	1	4	7	1	1	A
I	4882812	T	Y	33	2	5.71%	2	2	50	55	0.98	1	1	20	13	1	1	C
I	4885422	T	K	12	2	14.29%	2	1	46	25	0.98	1	1	4	8	2	0	G
I	4887567	T	Y	33	2	5.71%	2	1	43	37	0.98	1	1	12	21	2	0	C
I	4889587	T	Y	22	3	12%	2	2	46	37	0.98	1	1	9	13	2	1	C
I	4889589	T	K	20	3	13.04%	2	2	46	37	0.98	1	1	9	11	2	1	G
I	4911397	A	W	15	2	11.76%	2	1	44	25	0.98	1	1	8	7	0	2	T
I	4919603	A	G	0	31	100%	0	2	0	44	0.98	0	1	0	0	9	22	G
I	4921433	G	K	31	2	6.06%	2	2	44	25	0.98	1	1	17	14	1	1	T
I	4927976	T	Y	20	2	9.09%	2	2	48	37	0.98	1	1	13	7	1	1	C
I	4959921	G	K	32	2	5.88%	2	1	42	31	0.98	1	1	26	6	0	2	T
I	4965426	T	K	28	2	6.67%	2	1	45	27	0.98	1	1	11	17	2	0	G
I	4974274	T	K	21	2	8.7%	2	1	44	22	0.98	1	1	13	8	0	2	G
I	4975851	T	K	11	2	15.38%	2	1	44	27	0.98	1	1	5	6	2	0	G
I	5001594	G	K	15	2	11.76%	2	2	44	31	0.98	1	1	8	7	1	1	T
I	5003143	A	M	27	2	6.9%	2	1	46	37	0.98	1	1	17	10	0	2	C
I	5008237	C	M	16	2	11.11%	2	1	42	27	0.98	1	1	12	4	0	2	A
I	5008573	G	K	12	2	14.29%	2	2	40	37	0.98	1	1	3	9	1	1	T
I	5036848	G	K	20	3	13.04%	2	1	39	26	0.98	1	1	18	2	0	3	T
I	5036860	T	W	18	2	10%	2	1	45	27	0.98	1	1	16	2	0	2	A
I	5036862	A	M	18	5	21.74%	2	1	42	27	0.98	1	1	16	2	0	5	C
I	5039248	C	M	26	2	7.14%	2	1	44	24	0.98	1	1	10	16	2	0	A
I	5039935	A	R	17	2	10.53%	2	2	51	37	0.98	1	1	9	8	1	1	G
I	5088793	A	M	19	2	9.52%	2	1	37	31	0.98	1	1	12	7	0	2	C
I	5119517	A	W	26	4	13.33%	2	1	51	37	0.98	1	1	15	11	4	0	T
I	5152302	A	M	32	2	5.88%	2	1	50	25	0.98	1	1	13	19	0	2	C
I	5213077	G	K	19	2	9.52%	2	2	59	37	0.98	1	1	9	10	1	1	T
I	5238587	C	M	13	2	13.33%	2	1	39	37	0.98	1	1	7	6	0	2	A
I	5242695	G	S	24	2	7.69%	2	2	44	37	0.98	1	1	12	12	1	1	C
I	5263140	A	R	34	2	5.56%	2	1	44	37	0.98	1	1	17	17	0	2	G
I	5263251	A	R	31	3	8.82%	2	1	47	37	0.98	1	1	12	19	0	3	G
I	5268831	A	R	29	4	12.12%	2	2	45	37	0.98	1	1	18	11	2	2	G
I	5268837	T	Y	29	4	12.12%	2	2	45	37	0.98	1	1	18	11	2	2	C
I	5284107	T	Y	14	2	12.5%	2	2	44	37	0.98	1	1	6	8	1	1	C
I	5310867	T	W	30	2	6.25%	2	2	48	25	0.98	1	1	14	16	1	1	A
I	5311301	A	M	30	2	6.25%	2	2	50	37	0.98	1	1	18	12	1	1	C
I	5324186	A	M	20	2	9.09%	2	1	47	37	0.98	1	1	10	10	0	2	C
I	5400080	C	T	0	18	100%	0	2	0	41	0.98	0	1	0	0	10	8	T
I	5416981	T	W	24	2	7.69%	2	1	45	31	0.98	1	1	11	13	2	0	A
I	5420384	A	W	25	2	7.41%	2	1	42	22	0.98	1	1	15	10	0	2	T
I	5420482	A	M	17	2	10.53%	2	1	40	25	0.98	1	1	10	7	0	2	C
I	5431392	T	K	25	2	7.41%	2	1	42	37	0.98	1	1	14	11	2	0	G
I	5459048	T	Y	31	2	6.06%	2	2	50	37	0.98	1	1	20	11	1	1	C
I	5460496	T	K	36	2	5.26%	2	2	51	37	0.98	1	1	20	16	1	1	G
I	5466938	T	K	31	2	6.06%	2	1	52	31	0.98	1	1	19	12	0	2	G
I	5517179	A	M	12	2	14.29%	2	1	39	37	0.98	1	1	10	2	0	2	C
I	5534392	A	R	11	2	15.38%	2	2	39	37	0.98	1	1	8	3	1	1	G
I	5535297	T	K	17	2	10.53%	2	1	50	25	0.98	1	1	7	10	2	0	G
I	5562193	A	R	31	12	27.91%	2	2	47	42	0.98	1	1	12	19	9	3	G
I	5565320	T	W	20	2	9.09%	2	2	54	37	0.98	1	1	8	12	1	1	A
I	5568014	G	R	19	5	20.83%	2	2	38	44	0.98	1	1	13	6	1	4	A
I	5569168	A	R	42	3	6.67%	2	2	45	33	0.98	1	1	12	30	1	2	G
I	5572635	A	M	23	2	8%	2	1	40	25	0.98	1	1	17	6	0	2	C
I	5573444	T	Y	70	4	5.41%	2	2	49	55	0.98	1	1	28	42	3	1	C
I	5573534	T	Y	58	4	6.45%	2	2	42	37	0.98	1	1	12	46	1	3	C
I	5573897	A	R	32	2	5.88%	2	1	45	37	0.98	1	1	22	10	2	0	G
I	5576809	C	Y	4	5	55.56%	2	1	52	44	0.98	1	1	3	1	0	5	T
I	5579055	C	Y	9	2	18.18%	2	1	54	68	0.98	1	1	4	5	2	0	T
II	5135	C	S	31	2	6.06%	2	1	48	74	0.98	1	1	16	15	2	0	G
II	6060	T	W	35	2	5.41%	2	1	48	37	0.98	1	1	17	18	2	0	A
II	6074	T	Y	34	2	5.56%	2	1	50	37	0.98	1	1	18	16	2	0	C
II	7207	T	Y	12	3	20%	2	2	47	37	0.98	1	1	6	6	2	1	C
II	17235	G	K	18	2	10%	2	1	45	28	0.98	1	1	7	11	0	2	T
II	53249	A	M	13	5	27.78%	2	1	39	29	0.98	1	1	9	4	0	5	C
II	78397	C	M	18	2	10%	2	1	39	29	0.98	1	1	16	2	0	2	A
II	78405	A	M	17	3	15%	2	1	36	29	0.98	1	1	15	2	0	3	C
II	105613	C	Y	29	5	14.71%	2	2	44	61	0.98	1	1	9	20	2	3	T
II	105617	C	Y	28	5	15.15%	2	2	44	59	0.98	1	1	9	19	2	3	T
II	105631	C	Y	31	2	6.06%	2	1	47	74	0.98	1	1	12	19	0	2	T
II	105862	T	Y	46	4	8%	2	2	47	52	0.98	1	1	19	27	2	2	C
II	105874	T	Y	45	5	10%	2	2	47	49	0.98	1	1	21	24	2	3	C
II	105886	T	Y	43	6	12.24%	2	2	46	55	0.98	1	1	18	25	2	4	C
II	105889	C	Y	45	6	11.76%	2	2	46	53	0.98	1	1	18	27	2	4	T
II	105916	C	Y	41	8	16.33%	2	2	48	55	0.98	1	1	17	24	2	6	T
II	105934	T	K	38	3	7.32%	2	2	48	57	0.98	1	1	15	23	1	2	G
II	105973	T	Y	38	2	5%	2	1	52	55	0.98	1	1	16	22	0	2	C
II	106150	T	Y	51	5	8.93%	2	2	52	66	0.98	1	1	28	23	2	3	C
II	106156	A	W	53	5	8.62%	2	2	52	66	0.98	1	1	31	22	1	4	T
II	106174	T	Y	58	5	7.94%	2	1	52	59	0.98	1	1	29	29	0	5	C
II	106414	C	Y	50	3	5.66%	2	2	50	33	0.98	1	1	21	29	2	1	T
II	106638	T	Y	32	3	8.57%	2	1	43	49	0.98	1	1	12	20	0	3	C
II	111414	C	Y	22	2	8.33%	2	1	52	55	0.98	1	1	8	14	2	0	T
II	111538	G	R	33	3	8.33%	2	2	47	49	0.98	1	1	23	10	2	1	A
II	112074	A	M	36	4	10%	2	2	46	55	0.98	1	1	14	22	1	3	C
II	112202	C	Y	37	2	5.13%	2	1	49	55	0.98	1	1	13	24	0	2	T
II	112203	G	R	37	2	5.13%	2	1	49	55	0.98	1	1	13	24	0	2	A
II	112260	A	R	34	2	5.56%	2	2	52	37	0.98	1	1	19	15	1	1	G
II	112287	A	R	38	4	9.52%	2	2	47	46	0.98	1	1	21	17	2	2	G
II	112290	G	R	39	4	9.3%	2	2	43	46	0.98	1	1	24	15	2	2	A
II	112302	G	R	38	3	7.32%	2	2	41	37	0.98	1	1	24	14	2	1	A
II	112347	A	R	37	2	5.13%	2	2	43	55	0.98	1	1	27	10	1	1	G
II	112400	C	Y	35	3	7.89%	2	2	47	37	0.98	1	1	22	13	2	1	T
II	112404	C	Y	35	3	7.89%	2	2	47	37	0.98	1	1	23	12	2	1	T
II	112766	A	R	19	3	13.64%	2	1	39	37	0.98	1	1	10	9	0	3	G
II	171340	T	Y	26	2	7.14%	2	1	47	37	0.98	1	1	9	17	0	2	C
II	176616	A	W	23	2	8%	2	2	39	51	0.98	1	1	12	11	1	1	T
II	200409	G	K	28	2	6.67%	2	1	42	31	0.98	1	1	12	16	0	2	T
II	201644	C	M	8	2	20%	2	1	41	25	0.98	1	1	6	2	2	0	A
II	209212	C	M	20	2	9.09%	2	1	45	25	0.98	1	1	16	4	2	0	A
II	229939	T	W	38	2	5%	2	1	41	29	0.98	1	1	8	30	2	0	A
II	252900	A	W	14	2	12.5%	2	1	49	31	0.98	1	1	7	7	0	2	T
II	253589	A	R	38	2	5%	2	2	52	74	0.98	1	1	19	19	1	1	G
II	257527	C	Y	34	2	5.56%	2	2	46	37	0.98	1	1	25	9	1	1	T
II	257597	C	M	28	2	6.67%	2	1	41	25	0.98	1	1	24	4	0	2	A
II	257946	A	R	40	5	11.11%	2	2	49	59	0.98	1	1	19	21	2	3	G
II	258378	C	S	30	2	6.25%	2	1	50	37	0.98	1	1	12	18	2	0	G
II	266718	A	C	0	39	100%	0	2	0	41	0.98	0	1	0	0	8	31	C
II	266780	T	A	0	23	100%	0	2	0	43	0.98	0	1	0	0	13	10	A
II	276539	A	T	0	48	100%	0	2	0	47	0.98	0	1	0	0	24	24	T
II	288670	T	Y	24	2	7.69%	2	2	52	37	0.98	1	1	15	9	1	1	C
II	305328	T	W	16	2	11.11%	2	2	51	37	0.98	1	1	13	3	1	1	A
II	336287	A	W	19	3	13.64%	2	2	48	33	0.98	1	1	3	16	1	2	T
II	353385	G	K	23	2	8%	2	1	43	31	0.98	1	1	16	7	0	2	T
II	353395	G	K	25	2	7.41%	2	1	42	27	0.98	1	1	15	10	0	2	T
II	382003	G	R	36	2	5.26%	2	1	49	74	0.98	1	1	23	13	2	0	A
II	410050	G	K	36	2	5.26%	2	1	49	31	0.98	1	1	25	11	0	2	T
II	416806	T	W	34	2	5.56%	2	2	52	37	0.98	1	1	10	24	1	1	A
II	430400	T	W	33	2	5.71%	2	2	48	37	0.98	1	1	29	4	1	1	A
II	446456	C	Y	28	2	6.67%	2	2	47	37	0.98	1	1	15	13	1	1	T
II	518380	A	R	36	2	5.26%	2	1	45	37	0.98	1	1	16	20	2	0	G
II	526938	T	K	50	4	7.41%	2	2	53	35	0.98	1	1	17	33	1	3	G
II	526951	C	Y	49	16	24.24%	2	2	52	42	0.98	1	1	15	34	11	5	T
II	527132	G	R	24	2	7.41%	2	1	43	37	0.98	1	1	6	18	0	2	A
II	527133	T	W	27	2	6.9%	2	1	46	37	0.98	1	1	10	17	0	2	A
II	529844	G	K	19	2	9.52%	2	1	37	25	0.98	1	1	10	9	2	0	T
II	529858	G	K	15	2	11.76%	2	1	44	28	0.98	1	1	7	8	2	0	T
II	529872	C	M	15	4	21.05%	2	1	35	28	0.98	1	1	14	1	0	4	A
II	529879	C	Y	17	2	10.53%	2	1	36	37	0.98	1	1	12	5	2	0	T
II	566747	T	K	33	2	5.71%	2	1	41	27	0.98	1	1	21	12	2	0	G
II	572643	G	K	28	2	6.67%	2	1	45	37	0.98	1	1	15	13	0	2	T
II	572654	G	K	29	3	9.38%	2	1	41	26	0.98	1	1	16	13	0	3	T
II	572719	A	M	26	2	7.14%	2	1	44	31	0.98	1	1	19	7	0	2	C
II	603280	T	A	0	2	100%	0	1	0	37	0.98	0	1	0	0	0	2	A
II	610470	T	Y	18	2	10%	2	1	46	37	0.98	1	1	6	12	0	2	C
II	610738	G	K	24	2	7.69%	2	1	47	27	0.98	1	1	6	18	2	0	T
II	651287	A	M	23	2	8%	2	1	44	37	0.98	1	1	11	12	0	2	C
II	655396	G	K	38	2	5%	2	2	47	37	0.98	1	1	21	17	1	1	T
II	668302	A	M	40	3	6.98%	2	1	47	33	0.98	1	1	14	26	0	3	C
II	685728	G	A	0	28	100%	0	2	0	43	0.98	0	1	0	0	14	14	A
II	687617	C	S	35	2	5.41%	2	2	49	31	0.98	1	1	14	21	1	1	G
II	688916	A	R	69	5	6.76%	2	2	47	35	0.98	1	1	34	35	4	1	G
II	689140	T	Y	87	6	6.45%	2	2	48	41	0.98	1	1	40	47	5	1	C
II	689218	T	Y	91	5	5.21%	2	2	45	37	0.98	1	1	43	48	4	1	C
II	689330	T	Y	94	9	8.74%	2	2	47	37	0.98	1	1	53	41	3	6	C
II	689485	A	T	0	72	100%	0	2	0	40	0.98	0	1	0	0	37	35	T
II	689487	A	C	0	70	100%	0	2	0	41	0.98	0	1	0	0	35	35	C
II	689500	T	Y	72	4	5.26%	2	1	41	35	0.98	1	1	39	33	0	4	C
II	689578	T	Y	91	5	5.21%	2	2	44	37	0.98	1	1	47	44	3	2	C
II	689686	T	Y	89	7	7.29%	2	2	42	47	0.98	1	1	43	46	4	3	C
II	689711	T	K	88	5	5.26%	2	2	41	42	0.98	1	1	44	44	3	2	G
II	689794	T	C	2	103	98.1%	1	2	42	47	0.98	1	1	2	0	53	50	C
II	689834	G	S	114	6	5%	2	1	45	35	0.98	1	1	61	53	0	6	C
II	689996	A	R	91	9	8.91%	2	2	45	41	0.98	1	1	41	50	3	6	G
II	690040	T	Y	89	13	12.75%	2	2	46	44	0.98	1	1	37	52	6	7	C
II	690190	T	Y	116	7	5.69%	2	2	46	35	0.98	1	1	66	50	5	2	C
II	690283	C	Y	108	6	5.26%	2	2	47	37	0.98	1	1	61	47	4	2	T
II	690321	C	Y	106	8	7.02%	2	2	47	41	0.98	1	1	59	47	2	6	T
II	690604	A	W	106	6	5.36%	2	2	47	33	0.98	1	1	50	56	2	4	T
II	690685	T	K	88	7	7.37%	2	2	48	37	0.98	1	1	43	45	3	4	G
II	690770	G	S	103	10	8.85%	2	2	46	40	0.98	1	1	51	52	6	4	C
II	690976	T	Y	104	6	5.45%	2	2	46	43	0.98	1	1	56	48	3	3	C
II	691054	T	Y	100	7	6.54%	2	2	46	35	0.98	1	1	52	48	6	1	C
II	691156	C	Y	129	7	5.15%	2	2	44	39	0.98	1	1	68	61	3	4	T
II	691367	C	Y	94	6	6%	2	2	44	47	0.98	1	1	49	45	5	1	T
II	691396	T	W	92	5	5.15%	2	2	43	30	0.98	1	1	53	39	2	3	A
II	691436	A	R	105	7	6.25%	2	2	47	34	0.98	1	1	63	42	3	4	G
II	691560	T	Y	85	13	13.27%	2	2	50	47	0.98	1	1	38	47	6	7	C
II	691634	T	Y	86	13	13.13%	2	2	45	39	0.98	1	1	29	57	7	6	C
II	691660	T	Y	95	8	7.77%	2	2	45	41	0.98	1	1	37	58	5	3	C
II	691774	T	Y	114	9	7.32%	2	2	46	39	0.98	1	1	66	48	6	3	C
II	692020	T	Y	123	9	6.82%	2	2	49	34	0.98	1	1	42	81	2	7	C
II	692164	C	Y	56	3	5.08%	2	2	47	34	0.98	1	1	19	37	2	1	T
II	692170	T	Y	52	3	5.45%	2	2	47	37	0.98	1	1	18	34	1	2	C
II	692193	T	Y	32	10	23.81%	2	1	54	37	0.98	1	1	17	15	0	10	C
II	692195	G	K	29	11	26.83%	2	2	56	36	0.98	1	1	13	16	1	10	T
II	692267	G	S	27	2	6.9%	2	1	48	49	0.98	1	1	11	16	0	2	C
II	692272	C	Y	29	2	6.45%	2	2	50	55	0.98	1	1	11	18	1	1	T
II	692301	T	Y	22	3	12%	2	2	44	34	0.98	1	1	6	16	1	2	C
II	692303	C	S	17	3	12.5%	2	2	48	45	0.98	1	1	7	10	1	2	G
II	692303	C	Y	17	4	16.67%	2	1	48	37	0.98	1	1	7	10	0	4	T
II	692310	C	S	24	2	7.69%	2	2	45	55	0.98	1	1	8	16	1	1	G
II	692311	A	W	23	2	8%	2	1	44	33	0.98	1	1	7	16	2	0	T
II	692344	C	Y	15	2	11.76%	2	1	48	37	0.98	1	1	5	10	0	2	T
II	692553	C	Y	23	3	11.54%	2	1	54	37	0.98	1	1	14	9	0	3	T
II	692555	T	K	21	4	16%	2	2	58	39	0.98	1	1	13	8	1	3	G
II	692570	C	Y	23	3	11.11%	2	2	56	46	0.98	1	1	13	10	1	2	T
II	692596	T	Y	21	2	8.7%	2	2	52	37	0.98	1	1	12	9	1	1	C
II	692710	T	Y	3	5	62.5%	1	2	61	37	0.98	1	1	3	0	4	1	C
II	692805	C	Y	47	3	6%	2	2	47	34	0.98	1	1	31	16	2	1	T
II	693057	C	Y	86	5	5.49%	2	2	49	37	0.98	1	1	40	46	2	3	T
II	693100	C	Y	98	7	6.67%	2	2	43	31	0.98	1	1	45	53	1	6	T
II	693106	T	Y	98	9	8.41%	2	2	44	48	0.98	1	1	47	51	7	2	C
II	693172	C	Y	101	7	6.48%	2	2	45	37	0.98	1	1	56	45	1	6	T
II	693201	T	Y	107	6	5.22%	2	2	47	37	0.98	1	1	54	53	4	2	C
II	693244	T	Y	108	13	10.57%	2	2	48	35	0.98	1	1	56	52	4	9	C
II	693388	T	Y	65	7	9.72%	2	2	47	37	0.98	1	1	17	48	3	4	C
II	693499	C	T	0	27	100%	0	2	0	36	0.98	0	1	0	0	16	11	T
II	693529	T	K	41	3	6.82%	2	2	39	37	0.98	1	1	26	15	1	2	G
II	693595	C	Y	56	5	8.2%	2	2	46	37	0.98	1	1	36	20	2	3	T
II	693610	T	Y	75	5	6.25%	2	2	45	44	0.98	1	1	41	34	3	2	C
II	693754	T	Y	98	8	7.55%	2	2	49	41	0.98	1	1	56	42	5	3	C
II	693820	T	Y	108	6	5.26%	2	2	48	37	0.98	1	1	61	47	5	1	C
II	693921	C	Y	117	7	5.6%	2	2	41	34	0.98	1	1	76	41	4	3	T
II	693964	T	Y	131	18	12%	2	2	46	37	0.98	1	1	78	53	12	6	C
II	694006	C	Y	167	12	6.67%	2	2	47	36	0.98	1	1	97	70	8	4	T
II	694171	C	Y	137	10	6.76%	2	2	47	39	0.98	1	1	69	68	7	3	T
II	694209	C	Y	134	8	5.63%	2	2	45	41	0.98	1	1	68	66	6	2	T
II	694432	C	Y	144	8	5.26%	2	2	46	37	0.98	1	1	66	78	4	4	T
II	694540	T	Y	108	9	7.69%	2	2	46	37	0.98	1	1	57	51	3	6	C
II	694546	T	Y	121	10	7.63%	2	1	45	35	0.98	1	1	65	56	10	0	C
II	694641	C	Y	141	9	5.96%	2	2	44	35	0.98	1	1	63	78	3	6	T
II	694643	T	K	142	13	8.39%	2	2	46	37	0.98	1	1	57	85	8	5	G
II	694684	T	Y	127	13	9.29%	2	2	44	45	0.98	1	1	56	71	6	7	C
II	694720	C	Y	128	7	5.19%	2	2	44	37	0.98	1	1	47	81	1	6	T
II	694756	T	Y	104	9	7.96%	2	2	40	42	0.98	1	1	39	65	3	6	C
II	694821	C	Y	94	7	6.93%	2	2	42	37	0.98	1	1	48	46	4	3	T
II	694982	T	Y	115	16	12.12%	2	2	48	35	0.98	1	1	49	66	6	10	C
II	695041	T	K	122	7	5.38%	2	2	45	40	0.98	1	1	52	70	2	5	G
II	695577	C	Y	86	6	6.52%	2	2	46	49	0.98	1	1	43	43	4	2	T
II	695647	A	W	76	7	8.43%	2	2	49	37	0.98	1	1	36	40	2	5	T
II	695666	T	Y	78	9	10.34%	2	2	47	35	0.98	1	1	29	49	4	5	C
II	695824	A	W	25	2	7.41%	2	1	41	37	0.98	1	1	12	13	0	2	T
II	695827	C	T	0	29	100%	0	2	0	41	0.98	0	1	0	0	12	17	T
II	695867	T	K	33	3	8.33%	2	2	39	37	0.98	1	1	13	20	1	2	G
II	695908	T	Y	43	5	10.42%	2	2	36	44	0.98	1	1	17	26	4	1	C
II	695980	T	Y	54	8	12.9%	2	2	40	43	0.98	1	1	31	23	3	5	C
II	696011	G	S	66	4	5.56%	2	2	40	36	0.98	1	1	40	26	2	2	C
II	696261	C	Y	101	12	10.62%	2	2	43	39	0.98	1	1	49	52	10	2	T
II	696263	T	K	104	9	7.96%	2	2	43	39	0.98	1	1	49	55	7	2	G
II	696638	T	Y	111	9	7.5%	2	2	46	36	0.98	1	1	56	55	8	1	C
II	696922	T	Y	94	7	6.93%	2	2	45	43	0.98	1	1	41	53	4	3	C
II	697105	C	M	86	7	7.53%	2	2	46	45	0.98	1	1	41	45	2	5	A
II	697124	A	R	82	5	5.68%	2	2	46	39	0.98	1	1	42	40	1	4	G
II	697210	T	Y	106	6	5.36%	2	1	46	33	0.98	1	1	50	56	0	6	C
II	697271	G	S	112	7	5.88%	2	2	46	37	0.98	1	1	50	62	6	1	C
II	697420	T	Y	101	7	6.48%	2	2	46	42	0.98	1	1	47	54	4	3	C
II	697628	A	R	88	6	6.38%	2	2	46	35	0.98	1	1	43	45	2	4	G
II	697793	G	R	78	5	6.02%	2	2	46	42	0.98	1	1	43	35	1	4	A
II	697924	C	Y	85	5	5.56%	2	1	48	41	0.98	1	1	38	47	0	5	T
II	699951	T	G	0	18	100%	0	2	0	50	0.98	0	1	0	0	7	11	G
II	699952	G	T	0	18	100%	0	2	0	47	0.98	0	1	0	0	7	11	T
II	699961	A	T	0	18	100%	0	2	0	51	0.98	0	1	0	0	7	11	T
II	700019	T	A	0	18	100%	0	2	0	41	0.98	0	1	0	0	5	13	A
II	700020	C	T	0	18	100%	0	2	0	41	0.98	0	1	0	0	5	13	T
II	700021	A	C	0	18	100%	0	2	0	41	0.98	0	1	0	0	5	13	C
II	700024	T	A	0	16	100%	0	2	0	40	0.98	0	1	0	0	5	11	A
II	700028	A	T	0	18	100%	0	2	0	41	0.98	0	1	0	0	5	13	T
II	700113	A	T	0	14	100%	0	2	0	54	0.98	0	1	0	0	9	5	T
II	742496	T	K	23	4	14.81%	2	2	44	37	0.98	1	1	9	14	2	2	G
II	782375	G	R	11	2	15.38%	2	1	38	37	0.98	1	1	10	1	0	2	A
II	789052	G	K	49	4	7.55%	2	1	43	25	0.98	1	1	16	33	4	0	T
II	794938	T	Y	23	2	8%	2	2	38	74	0.98	1	1	11	12	1	1	C
II	815936	G	R	45	6	11.76%	2	2	47	49	0.98	1	1	21	24	4	2	A
II	824688	T	W	24	2	7.69%	2	1	45	31	0.98	1	1	10	14	2	0	A
II	832034	T	K	31	2	6.06%	2	1	44	37	0.98	1	1	17	14	2	0	G
II	836781	T	Y	11	2	15.38%	2	2	49	31	0.98	1	1	4	7	1	1	C
II	844578	C	Y	31	2	6.06%	2	2	48	37	0.98	1	1	17	14	1	1	T
II	859574	A	M	20	2	9.09%	2	1	44	31	0.98	1	1	11	9	0	2	C
II	869806	G	C	0	41	100%	0	2	0	42	0.98	0	1	0	0	26	15	C
II	879033	T	A	0	6	100%	0	2	0	49	0.98	0	1	0	0	2	4	A
II	899965	T	Y	23	2	8%	2	1	49	37	0.98	1	1	11	12	0	2	C
II	923543	C	A	0	17	100%	0	2	0	58	0.98	0	1	0	0	6	11	A
II	943554	C	A	0	18	100%	0	2	0	45	0.98	0	1	0	0	13	5	A
II	953201	A	G	0	8	100%	0	2	0	35	0.98	0	1	0	0	5	3	G
II	967094	A	G	0	18	100%	0	2	0	47	0.98	0	1	0	0	6	12	G
II	969657	A	W	18	2	10%	2	1	42	27	0.98	1	1	11	7	0	2	T
II	972022	A	R	30	2	6.25%	2	1	41	37	0.98	1	1	7	23	2	0	G
II	997668	G	R	15	2	11.76%	2	1	41	33	0.98	1	1	9	6	0	2	A
II	997671	G	R	13	2	11.76%	2	1	44	33	0.98	1	1	8	5	0	2	A
II	997756	A	M	17	2	10.53%	2	1	40	37	0.98	1	1	10	7	0	2	C
II	1025596	A	W	32	2	5.88%	2	2	48	74	0.98	1	1	16	16	1	1	T
II	1044499	A	R	23	3	11.54%	2	1	48	33	0.98	1	1	10	13	0	3	G
II	1045138	T	W	32	2	5.88%	2	2	54	33	0.98	1	1	18	14	1	1	A
II	1065681	A	M	33	2	5.71%	2	1	41	25	0.98	1	1	13	20	0	2	C
II	1081688	T	K	7	2	22.22%	2	1	45	27	0.98	1	1	3	4	2	0	G
II	1087240	G	R	28	2	6.67%	2	2	50	37	0.98	1	1	14	14	1	1	A
II	1101109	T	Y	23	2	8%	2	1	45	37	0.98	1	1	10	13	0	2	C
II	1104941	G	K	5	2	20%	1	1	39	33	0.98	1	1	5	0	0	2	-T
II	1155903	T	A	0	19	100%	0	2	0	46	0.98	0	1	0	0	5	14	A
II	1159678	G	C	0	14	100%	0	2	0	53	0.98	0	1	0	0	9	5	C
II	1159694	A	T	0	15	100%	0	2	0	59	0.98	0	1	0	0	8	7	T
II	1168968	G	K	22	2	8.33%	2	2	49	37	0.98	1	1	15	7	1	1	T
II	1258091	T	K	37	2	5.13%	2	2	42	37	0.98	1	1	25	12	1	1	G
II	1277474	T	W	9	2	18.18%	2	2	49	37	0.98	1	1	5	4	1	1	A
II	1300034	C	M	22	4	15.38%	2	2	38	58	0.98	1	1	11	11	1	3	A
II	1300043	C	M	24	2	7.69%	2	1	41	61	0.98	1	1	12	12	0	2	A
II	1300049	C	M	25	5	16.67%	2	2	40	49	0.98	1	1	12	13	3	2	A
II	1300055	G	R	25	5	15.62%	2	2	41	51	0.98	1	1	13	12	3	2	A
II	1300055	G	S	25	2	6.25%	2	1	41	37	0.98	1	1	13	12	2	0	A
II	1300061	G	R	24	6	19.35%	2	2	43	53	0.98	1	1	12	12	3	3	A
II	1300067	G	R	26	8	22.86%	2	2	41	50	0.98	1	1	13	13	5	3	A
II	1300073	G	R	27	9	25%	2	2	43	55	0.98	1	1	15	12	5	4	A
II	1300079	T	W	26	9	25.71%	2	2	45	53	0.98	1	1	13	13	5	4	A
II	1300082	G	R	26	8	22.86%	2	2	45	53	0.98	1	1	15	11	5	3	A
II	1300103	C	M	31	8	20.51%	2	2	44	51	0.98	1	1	18	13	5	3	A
II	1300115	G	R	27	11	28.21%	2	2	44	57	0.98	1	1	16	11	5	6	A
II	1300121	C	M	31	11	25%	2	2	43	57	0.98	1	1	19	12	6	5	A
II	1300124	C	M	31	11	25%	2	2	44	66	0.98	1	1	20	11	5	6	A
II	1300130	C	M	30	12	27.27%	2	2	46	63	0.98	1	1	19	11	5	7	A
II	1312343	A	W	10	2	16.67%	2	1	43	31	0.98	1	1	4	6	2	0	T
II	1323821	C	M	10	2	16.67%	2	1	38	25	0.98	1	1	4	6	0	2	A
II	1348010	T	K	27	2	6.9%	2	1	46	55	0.98	1	1	16	11	2	0	G
II	1360536	A	W	18	2	10%	2	2	43	22	0.98	1	1	9	9	1	1	T
II	1365312	T	W	32	2	5.88%	2	1	44	37	0.98	1	1	21	11	0	2	A
II	1370592	T	K	35	2	5.41%	2	1	55	37	0.98	1	1	18	17	2	0	G
II	1383880	G	K	18	2	10%	2	1	45	25	0.98	1	1	11	7	2	0	T
II	1389876	T	K	28	2	6.67%	2	1	44	37	0.98	1	1	14	14	0	2	G
II	1392480	G	K	30	2	6.25%	2	1	41	25	0.98	1	1	12	18	2	0	T
II	1403407	C	M	22	2	8.33%	2	1	48	25	0.98	1	1	10	12	0	2	A
II	1413588	T	C	0	45	100%	0	2	0	48	0.98	0	1	0	0	22	23	C
II	1430070	A	W	32	2	5.88%	2	1	46	37	0.98	1	1	17	15	0	2	T
II	1457638	A	M	37	2	5.13%	2	1	47	37	0.98	1	1	19	18	0	2	C
II	1473212	A	R	23	2	8%	2	2	46	55	0.98	1	1	14	9	1	1	G
II	1478550	T	K	25	2	7.41%	2	1	41	31	0.98	1	1	5	20	0	2	G
II	1484221	C	M	29	2	6.45%	2	2	48	37	0.98	1	1	17	12	1	1	A
II	1504150	C	Y	37	2	5.13%	2	2	48	37	0.98	1	1	15	22	1	1	T
II	1510977	A	R	13	2	13.33%	2	2	47	55	0.98	1	1	6	7	1	1	G
II	1525056	A	W	28	2	6.67%	2	1	45	37	0.98	1	1	8	20	0	2	T
II	1530892	T	Y	23	2	8%	2	1	41	55	0.98	1	1	9	14	0	2	C
II	1554295	A	W	17	2	10.53%	2	1	41	25	0.98	1	1	10	7	0	2	T
II	1554329	A	M	21	2	8.7%	2	1	44	74	0.98	1	1	17	4	2	0	C
II	1555935	C	M	3	3	50%	2	2	37	33	0.98	1	1	1	2	2	1	A
II	1569457	A	M	20	2	9.09%	2	1	45	31	0.98	1	1	14	6	0	2	C
II	1576593	A	R	33	2	5.71%	2	1	46	37	0.98	1	1	18	15	2	0	G
II	1588936	G	R	1	4	57.14%	1	1	25	37	0.98	1	1	1	0	0	4	A
II	1606809	G	K	121	10	7.63%	2	2	52	49	0.98	1	1	61	60	7	3	T
II	1612878	T	K	23	4	14.81%	2	1	43	31	0.98	1	1	5	18	4	0	G
II	1637690	C	Y	19	2	9.52%	2	1	47	31	0.98	1	1	10	9	0	2	T
II	1658119	A	M	37	2	5.13%	2	1	40	37	0.98	1	1	22	15	0	2	C
II	1672859	C	T	0	36	100%	0	2	0	46	0.98	0	1	0	0	19	17	T
II	1673002	G	C	0	32	100%	0	2	0	51	0.98	0	1	0	0	16	16	C
II	1675977	T	K	25	2	7.41%	2	2	52	31	0.98	1	1	14	11	1	1	G
II	1678693	T	A	0	34	100%	0	2	0	51	0.98	0	1	0	0	18	16	A
II	1683324	T	G	0	38	100%	0	2	0	49	0.98	0	1	0	0	18	20	G
II	1697124	C	T	0	21	100%	0	2	0	46	0.98	0	1	0	0	9	12	T
II	1699051	A	R	48	5	9.43%	2	2	46	54	0.98	1	1	26	22	1	4	G
II	1714689	A	M	21	2	8.7%	2	1	43	31	0.98	1	1	18	3	0	2	C
II	1716272	C	Y	9	12	57.14%	2	2	34	35	0.98	1	1	2	7	8	4	T
II	1716273	T	Y	12	3	18.75%	2	2	40	29	0.98	1	1	5	7	2	1	C
II	1716288	G	T	0	11	100%	0	2	0	39	0.98	0	1	0	0	4	7	T
II	1716289	G	K	18	2	10%	2	1	39	31	0.98	1	1	2	16	2	0	T
II	1716318	A	G	0	16	100%	0	2	0	38	0.98	0	1	0	0	3	13	G
II	1716320	T	G	0	16	100%	0	2	0	38	0.98	0	1	0	0	3	13	G
II	1716326	G	T	0	17	100%	0	2	0	39	0.98	0	1	0	0	4	13	T
II	1726738	T	K	38	2	5%	2	1	47	31	0.98	1	1	20	18	2	0	G
II	1731339	C	Y	19	2	9.09%	2	1	53	37	0.98	1	1	11	8	2	0	T
II	1731340	T	Y	21	2	8.7%	2	1	49	37	0.98	1	1	13	8	2	0	C
II	1736419	A	W	36	2	5.26%	2	2	48	25	0.98	1	1	22	14	1	1	T
II	1744264	C	M	28	2	6.67%	2	1	43	74	0.98	1	1	15	13	2	0	A
II	1746372	G	K	36	2	5.13%	2	1	47	27	0.98	1	1	19	17	0	2	T
II	1749117	A	M	16	2	11.11%	2	2	58	25	0.98	1	1	8	8	1	1	C
II	1765526	A	W	16	2	11.11%	2	1	43	68	0.98	1	1	11	5	0	2	T
II	1772704	G	K	33	2	5.71%	2	2	39	37	0.98	1	1	22	11	1	1	T
II	1784826	G	A	0	34	100%	0	2	0	51	0.98	0	1	0	0	17	17	A
II	1837783	T	K	17	2	10.53%	2	2	43	55	0.98	1	1	6	11	1	1	G
II	1838623	A	W	15	2	11.76%	2	1	52	25	0.98	1	1	7	8	0	2	T
II	1849777	G	A	0	14	100%	0	2	0	55	0.98	0	1	0	0	7	7	A
II	1854361	T	K	29	2	6.45%	2	1	42	37	0.98	1	1	11	18	2	0	G
II	1903133	A	W	17	2	10.53%	2	1	42	37	0.98	1	1	10	7	0	2	T
II	1950053	T	K	32	2	5.88%	2	2	44	33	0.98	1	1	12	20	1	1	G
II	1951081	G	K	28	2	6.67%	2	1	45	31	0.98	1	1	6	22	2	0	T
II	1951098	C	M	28	3	9.68%	2	1	45	23	0.98	1	1	8	20	3	0	A
II	1954760	C	M	16	2	11.11%	2	1	44	25	0.98	1	1	2	14	2	0	A
II	1962419	T	A	0	41	100%	0	2	0	45	0.98	0	1	0	0	24	17	A
II	1962439	A	G	0	42	100%	0	2	0	44	0.98	0	1	0	0	26	16	G
II	1962458	T	A	0	37	100%	0	2	0	42	0.98	0	1	0	0	23	14	A
II	1970575	A	M	24	2	7.69%	2	2	43	31	0.98	1	1	14	10	1	1	C
II	1987098	C	A	0	25	100%	0	2	0	50	0.98	0	1	0	0	14	11	A
II	2022952	G	K	3	2	40%	1	1	46	27	0.98	1	1	3	0	0	2	T
II	2023193	G	K	2	2	33.33%	1	1	37	37	0.98	1	1	2	0	0	2	T
II	2023806	T	Y	27	2	6.9%	2	1	46	37	0.98	1	1	17	10	0	2	C
II	2044929	A	T	0	16	100%	0	2	0	47	0.98	0	1	0	0	6	10	T
II	2047023	A	W	28	2	6.67%	2	2	46	31	0.98	1	1	15	13	1	1	T
II	2051264	A	M	13	2	13.33%	2	2	44	31	0.98	1	1	8	5	1	1	C
II	2065346	G	K	26	2	7.14%	2	1	39	29	0.98	1	1	4	22	2	0	T
II	2072226	T	Y	7	2	22.22%	2	2	42	37	0.98	1	1	4	3	1	1	C
II	2090577	C	M	29	3	9.38%	2	1	42	29	0.98	1	1	26	3	0	3	A
II	2090606	A	M	26	2	7.14%	2	1	44	24	0.98	1	1	19	7	0	2	C
II	2106000	C	Y	15	2	11.76%	2	1	40	37	0.98	1	1	8	7	2	0	T
II	2108181	C	M	18	2	10%	2	1	50	31	0.98	1	1	14	4	0	2	A
II	2126022	C	M	13	2	13.33%	2	1	41	29	0.98	1	1	11	2	2	0	A
II	2141777	A	M	20	2	9.09%	2	1	49	37	0.98	1	1	13	7	0	2	C
II	2147728	C	Y	26	2	7.14%	2	1	47	37	0.98	1	1	11	15	0	2	T
II	2175598	G	K	32	2	5.88%	2	1	42	31	0.98	1	1	16	16	2	0	T
II	2191601	A	R	24	2	7.69%	2	2	46	55	0.98	1	1	9	15	1	1	G
II	2191677	C	M	27	2	6.9%	2	1	48	29	0.98	1	1	14	13	2	0	A
II	2195722	T	Y	38	2	5%	2	2	43	37	0.98	1	1	22	16	1	1	C
II	2196984	A	W	24	2	7.69%	2	1	42	25	0.98	1	1	16	8	0	2	T
II	2218101	T	Y	28	3	9.68%	2	2	44	37	0.98	1	1	11	17	2	1	C
II	2219928	A	W	1	2	6.25%	1	1	37	37	0.98	1	1	0	1	0	2	+T
II	2228775	T	G	0	25	100%	0	2	0	41	0.98	0	1	0	0	7	18	G
II	2228777	G	T	0	24	100%	0	2	0	43	0.98	0	1	0	0	7	17	T
II	2248378	A	M	18	2	10%	2	2	49	25	0.98	1	1	8	10	1	1	C
II	2269192	A	W	21	2	8.7%	2	1	38	25	0.98	1	1	7	14	0	2	T
II	2286365	T	Y	24	2	7.69%	2	1	48	55	0.98	1	1	12	12	0	2	C
II	2299955	G	S	30	2	6.25%	2	1	47	31	0.98	1	1	14	16	2	0	C
II	2317172	T	K	15	2	11.76%	2	1	45	31	0.98	1	1	5	10	2	0	G
II	2319670	C	M	8	2	20%	2	1	56	27	0.98	1	1	7	1	0	2	A
II	2325221	T	W	35	4	10.26%	2	2	43	37	0.98	1	1	17	18	2	2	A
II	2331491	T	Y	20	2	9.09%	2	1	51	37	0.98	1	1	11	9	2	0	C
II	2336335	G	K	36	2	5.26%	2	1	48	27	0.98	1	1	24	12	0	2	T
II	2342993	G	S	17	2	10.53%	2	2	41	37	0.98	1	1	8	9	1	1	C
II	2343964	A	R	29	2	6.45%	2	2	49	37	0.98	1	1	19	10	1	1	G
II	2362049	C	M	22	2	8.33%	2	1	41	25	0.98	1	1	10	12	0	2	A
II	2393992	A	R	25	2	7.41%	2	2	47	31	0.98	1	1	10	15	1	1	G
II	2411882	C	M	23	2	8%	2	1	45	27	0.98	1	1	7	16	2	0	A
II	2417762	G	K	25	2	7.41%	2	1	40	25	0.98	1	1	17	8	0	2	T
II	2418427	A	W	34	2	5.56%	2	1	45	31	0.98	1	1	20	14	0	2	T
II	2436580	C	G	0	24	100%	0	2	0	43	0.98	0	1	0	0	6	18	G
II	2437564	A	W	80	8	9.09%	2	2	45	46	0.98	1	1	43	37	2	6	T
II	2437567	T	Y	80	6	6.98%	2	2	46	53	0.98	1	1	42	38	2	4	C
II	2437570	T	W	84	7	7.69%	2	2	46	51	0.98	1	1	42	42	2	5	A
II	2437571	G	S	86	9	9.47%	2	2	47	46	0.98	1	1	43	43	4	5	C
II	2437612	A	W	149	45	23.2%	2	2	47	44	0.98	1	1	76	73	33	12	T
II	2437627	C	Y	104	107	50.71%	2	2	45	48	0.98	1	1	53	51	62	45	T
II	2437629	G	R	164	48	22.64%	2	2	48	43	0.98	1	1	92	72	29	19	A
II	2437646	G	R	172	58	25.11%	2	2	45	47	0.98	1	1	99	73	39	19	A
II	2437651	T	W	209	22	9.52%	2	2	49	39	0.98	1	1	120	89	16	6	A
II	2437655	G	R	212	17	7.42%	2	2	51	35	0.98	1	1	118	94	13	4	A
II	2437661	T	W	216	17	7.3%	2	2	51	33	0.98	1	1	112	104	12	5	A
II	2437666	T	Y	220	22	9.09%	2	2	52	39	0.98	1	1	116	104	13	9	C
II	2437684	T	W	162	82	33.61%	2	2	57	42	0.98	1	1	90	72	45	37	A
II	2437688	A	R	156	78	33.33%	2	2	57	41	0.98	1	1	82	74	40	38	G
II	2437720	A	W	217	23	9.58%	2	2	52	36	0.98	1	1	113	104	13	10	T
II	2437737	A	R	206	26	11.16%	2	2	50	38	0.98	1	1	98	108	13	13	G
II	2437754	G	R	219	18	7.56%	2	2	50	39	0.98	1	1	98	121	7	11	A
II	2437769	A	W	172	41	19.25%	2	2	48	43	0.98	1	1	76	96	14	27	T
II	2437771	A	M	170	36	17.48%	2	2	48	45	0.98	1	1	75	95	12	24	C
II	2437780	A	W	168	23	12.04%	2	2	47	39	0.98	1	1	73	95	5	18	T
II	2437783	T	Y	171	15	8.06%	2	2	49	41	0.98	1	1	69	102	4	11	C
II	2437786	T	W	171	14	7.57%	2	2	47	38	0.98	1	1	70	101	3	11	A
II	2437787	G	S	172	13	7.03%	2	2	48	39	0.98	1	1	69	103	2	11	C
II	2437855	A	M	82	88	51.76%	2	2	45	49	0.98	1	1	41	41	22	66	C
II	2437918	T	Y	88	46	34.33%	2	2	48	54	0.98	1	1	49	39	13	33	C
II	2437936	A	W	93	35	27.34%	2	2	51	53	0.98	1	1	47	46	9	26	T
II	2437942	G	K	88	33	27.27%	2	2	50	53	0.98	1	1	48	40	9	24	T
II	2437951	C	Y	94	29	23.58%	2	2	50	51	0.98	1	1	47	47	7	22	T
II	2437970	G	R	94	27	22.31%	2	2	50	47	0.98	1	1	42	52	4	23	A
II	2437978	T	Y	91	15	14.15%	2	2	50	44	0.98	1	1	42	49	2	13	C
II	2437985	A	W	89	11	11%	2	2	50	43	0.98	1	1	39	50	1	10	T
II	2437987	A	M	89	10	10.1%	2	2	50	40	0.98	1	1	41	48	1	9	C
II	2444543	T	C	0	45	100%	0	2	0	47	0.98	0	1	0	0	26	19	C
II	2445583	G	K	20	2	9.09%	2	2	42	37	0.98	1	1	10	10	1	1	T
II	2482886	T	W	27	2	6.9%	2	1	45	25	0.98	1	1	20	7	2	0	A
II	2488048	T	K	8	2	20%	1	1	36	25	0.98	1	1	0	8	2	0	G
II	2523606	T	W	16	2	11.11%	1	1	40	25	0.98	1	1	16	0	0	2	A
II	2528622	T	Y	21	2	8.33%	2	2	48	37	0.98	1	1	8	13	1	1	C
II	2529403	C	Y	24	2	7.69%	2	2	47	37	0.98	1	1	13	11	1	1	T
II	2536702	A	M	34	7	17.07%	2	1	46	29	0.98	1	1	28	6	0	7	C
II	2545518	A	R	37	2	5.13%	2	1	46	55	0.98	1	1	25	12	2	0	G
II	2588943	C	M	37	2	5.13%	2	1	43	27	0.98	1	1	18	19	2	0	A
II	2607893	A	W	31	2	6.06%	2	1	43	31	0.98	1	1	11	20	0	2	T
II	2619952	T	K	26	6	18.75%	2	2	42	37	0.98	1	1	9	17	3	3	G
II	2630607	C	M	3	2	10%	1	1	49	33	0.98	1	1	3	0	0	2	A
II	2655711	A	M	27	2	6.9%	2	1	44	55	0.98	1	1	16	11	0	2	C
II	2665589	A	R	24	2	7.69%	2	2	48	55	0.98	1	1	13	11	1	1	G
II	2676336	C	T	0	9	100%	0	2	0	41	0.98	0	1	0	0	3	6	T
II	2699940	T	Y	32	2	5.88%	2	2	47	31	0.98	1	1	9	23	1	1	C
II	2722151	A	W	31	2	6.06%	2	2	46	37	0.98	1	1	8	23	1	1	T
II	2739943	G	K	14	2	12.5%	2	1	40	31	0.98	1	1	7	7	2	0	T
II	2739966	C	M	9	2	18.18%	2	2	49	25	0.98	1	1	3	6	1	1	A
II	2739998	C	S	20	2	9.09%	2	2	40	25	0.98	1	1	7	13	1	1	G
II	2755361	A	W	20	2	9.09%	2	2	43	55	0.98	1	1	12	8	1	1	T
II	2755678	T	W	23	2	8%	2	1	48	25	0.98	1	1	12	11	0	2	A
II	2765778	T	W	9	2	18.18%	2	1	43	31	0.98	1	1	7	2	0	2	A
II	2770774	G	K	8	2	20%	1	1	41	25	0.98	1	1	8	0	0	2	T
II	2781273	A	W	19	2	9.52%	2	2	44	37	0.98	1	1	8	11	1	1	T
II	2789195	C	Y	35	2	5.41%	2	2	47	37	0.98	1	1	14	21	1	1	T
II	2791535	T	Y	37	2	5.13%	2	1	43	37	0.98	1	1	25	12	0	2	C
II	2798687	G	K	8	3	27.27%	2	1	38	33	0.98	1	1	6	2	0	3	T
II	2802070	G	K	37	2	5.13%	2	2	46	25	0.98	1	1	21	16	1	1	T
II	2805964	A	M	19	4	17.39%	2	2	43	55	0.98	1	1	11	8	3	1	C
II	2805977	A	M	15	2	11.76%	2	1	45	25	0.98	1	1	6	9	0	2	C
II	2806053	G	A	0	22	100%	0	2	0	40	0.98	0	1	0	0	9	13	A
II	2809024	A	M	15	2	11.76%	2	1	40	31	0.98	1	1	8	7	0	2	C
II	2811114	G	K	29	2	6.45%	2	1	45	31	0.98	1	1	13	16	0	2	T
II	2811180	C	M	29	2	6.45%	2	2	45	37	0.98	1	1	13	16	1	1	A
II	2880326	C	M	18	2	10%	2	1	43	27	0.98	1	1	9	9	2	0	A
II	2889761	T	Y	35	2	5.41%	2	2	49	43	0.98	1	1	12	23	1	1	C
II	2897596	A	M	34	2	5.56%	2	1	49	49	0.98	1	1	14	20	0	2	C
II	2901509	G	T	0	70	100%	0	2	0	44	0.98	0	1	0	0	21	49	T
II	2914799	A	M	31	2	6.06%	2	1	43	27	0.98	1	1	26	5	0	2	C
II	2922163	A	W	13	2	13.33%	2	2	39	37	0.98	1	1	11	2	1	1	T
II	2922166	G	R	14	2	12.5%	2	2	42	37	0.98	1	1	11	3	1	1	A
II	2956088	A	M	18	2	10%	2	1	54	49	0.98	1	1	7	11	0	2	C
II	2985214	A	R	16	2	11.11%	2	1	44	37	0.98	1	1	8	8	2	0	G
II	2994655	A	R	15	2	11.76%	2	2	46	37	0.98	1	1	5	10	1	1	G
II	2996816	C	Y	23	2	8%	2	2	51	37	0.98	1	1	14	9	1	1	T
II	3006137	A	T	0	14	100%	0	2	0	49	0.98	0	1	0	0	8	6	T
II	3010616	A	M	36	2	5.26%	2	1	40	25	0.98	1	1	19	17	2	0	C
II	3017557	T	K	20	2	9.09%	2	1	47	25	0.98	1	1	8	12	2	0	G
II	3033757	G	K	22	2	8.33%	2	2	49	25	0.98	1	1	11	11	1	1	T
II	3036143	T	W	19	2	9.52%	2	2	48	37	0.98	1	1	9	10	1	1	A
II	3067989	A	M	28	2	6.67%	2	2	54	37	0.98	1	1	14	14	1	1	C
II	3073542	C	M	17	2	10.53%	2	1	44	31	0.98	1	1	6	11	2	0	A
II	3104080	G	K	37	2	5.13%	2	2	48	25	0.98	1	1	24	13	1	1	T
II	3130412	G	K	37	2	5.13%	2	1	41	33	0.98	1	1	12	25	2	0	T
II	3152505	C	M	12	2	14.29%	2	1	43	37	0.98	1	1	4	8	0	2	A
II	3152684	G	K	12	2	14.29%	2	2	42	25	0.98	1	1	4	8	1	1	T
II	3192815	T	W	22	2	8.33%	2	2	48	25	0.98	1	1	9	13	1	1	A
II	3242419	T	K	28	2	6.67%	2	1	41	55	0.98	1	1	15	13	2	0	G
II	3281320	T	W	25	2	7.41%	2	2	42	37	0.98	1	1	5	20	1	1	A
II	3288219	C	Y	14	3	17.65%	2	2	51	49	0.98	1	1	6	8	1	2	T
II	3298846	T	W	16	2	11.11%	2	1	40	74	0.98	1	1	8	8	2	0	A
II	3323880	A	W	10	2	16.67%	2	1	46	27	0.98	1	1	4	6	2	0	T
II	3323896	C	M	14	2	12.5%	2	1	38	25	0.98	1	1	5	9	2	0	A
II	3339506	C	M	17	2	10.53%	2	1	47	27	0.98	1	1	5	12	2	0	A
II	3393217	A	W	12	2	14.29%	2	2	38	37	0.98	1	1	4	8	1	1	T
II	3407657	G	S	18	2	10%	2	2	50	37	0.98	1	1	7	11	1	1	C
II	3419903	A	W	31	2	6.06%	2	1	47	37	0.98	1	1	18	13	0	2	T
II	3429292	T	K	28	2	6.67%	2	1	44	55	0.98	1	1	11	17	2	0	G
II	3434761	A	R	32	2	5.88%	2	2	44	37	0.98	1	1	10	22	1	1	G
II	3438548	A	M	24	2	7.69%	2	2	37	31	0.98	1	1	5	19	1	1	C
II	3443634	C	M	26	2	7.14%	2	1	46	25	0.98	1	1	14	12	2	0	A
II	3460600	G	K	17	2	10.53%	2	1	44	31	0.98	1	1	2	15	2	0	T
II	3476168	G	R	12	2	14.29%	2	2	45	37	0.98	1	1	7	5	1	1	A
II	3506882	A	R	24	2	7.69%	2	2	43	37	0.98	1	1	7	17	1	1	G
II	3509461	C	M	20	2	9.09%	2	2	49	37	0.98	1	1	8	12	1	1	A
II	3515940	T	K	28	2	6.67%	2	2	41	25	0.98	1	1	17	11	1	1	G
II	3521655	G	K	27	2	6.9%	2	2	50	23	0.98	1	1	19	8	1	1	T
II	3524722	C	Y	30	2	6.25%	2	1	43	61	0.98	1	1	15	15	0	2	T
II	3529052	A	M	24	2	7.69%	2	1	46	31	0.98	1	1	18	6	0	2	C
II	3532163	A	M	10	2	16.67%	1	1	46	31	0.98	1	1	10	0	0	2	C
II	3539767	T	K	34	2	5.56%	2	1	41	37	0.98	1	1	21	13	2	0	G
II	3545268	G	K	7	3	30%	2	1	37	25	0.98	1	1	2	5	3	0	T
II	3578414	C	Y	27	2	6.9%	2	2	45	37	0.98	1	1	19	8	1	1	T
II	3592154	G	S	30	2	6.25%	2	1	50	61	0.98	1	1	11	19	0	2	C
II	3605899	T	Y	23	2	8%	2	2	53	37	0.98	1	1	10	13	1	1	C
II	3606915	T	K	16	2	11.11%	2	1	39	27	0.98	1	1	2	14	2	0	G
II	3610117	A	M	17	2	10.53%	2	1	43	25	0.98	1	1	6	11	0	2	C
II	3611138	A	R	19	2	9.52%	2	1	40	37	0.98	1	1	11	8	2	0	G
II	3619997	G	K	25	3	10.71%	2	2	54	49	0.98	1	1	17	8	2	1	T
II	3640790	T	K	35	2	5.41%	2	2	45	48	0.98	1	1	22	13	1	1	G
II	3689669	T	K	36	2	5.26%	2	1	50	55	0.98	1	1	28	8	2	0	G
II	3692132	A	R	25	2	7.41%	2	2	40	37	0.98	1	1	11	14	1	1	G
II	3747172	G	R	21	2	8.7%	2	2	48	37	0.98	1	1	5	16	1	1	A
II	3753750	C	M	17	2	10.53%	2	2	50	31	0.98	1	1	6	11	1	1	A
II	3769165	C	M	10	2	16.67%	2	1	38	31	0.98	1	1	5	5	0	2	A
II	3786625	C	M	26	2	7.14%	2	1	47	27	0.98	1	1	9	17	2	0	A
II	3792280	T	K	28	2	6.67%	2	1	47	27	0.98	1	1	8	20	2	0	G
II	3792349	C	M	30	2	6.25%	2	1	46	22	0.98	1	1	13	17	2	0	A
II	3808042	A	M	18	2	10%	2	1	48	31	0.98	1	1	11	7	0	2	C
II	3831262	T	Y	27	2	6.9%	2	1	48	55	0.98	1	1	17	10	0	2	C
II	3843186	C	M	29	2	6.45%	2	1	44	31	0.98	1	1	15	14	0	2	A
II	3843191	T	K	27	2	6.9%	2	1	43	37	0.98	1	1	14	13	0	2	G
II	3845187	C	M	12	2	14.29%	2	1	39	27	0.98	1	1	10	2	0	2	A
II	3856969	G	K	22	2	8.33%	2	1	37	31	0.98	1	1	5	17	2	0	T
II	3859330	T	Y	20	2	9.09%	2	1	47	37	0.98	1	1	12	8	2	0	C
II	3860185	C	M	11	2	7.14%	2	1	51	55	0.98	1	1	3	8	2	0	A
II	3860190	A	M	11	12	52.17%	2	1	48	40	0.98	1	1	4	7	12	0	C
II	3910669	A	M	29	2	6.45%	2	2	45	49	0.98	1	1	15	14	1	1	C
II	3929294	C	M	7	2	22.22%	2	1	47	31	0.98	1	1	2	5	2	0	A
II	3957709	T	K	9	2	18.18%	2	1	39	31	0.98	1	1	2	7	2	0	G
II	3957735	G	K	10	2	16.67%	2	1	40	37	0.98	1	1	6	4	2	0	T
II	3975293	G	K	28	2	6.67%	2	1	43	22	0.98	1	1	6	22	2	0	T
II	4003762	G	S	16	2	11.11%	2	2	39	37	0.98	1	1	6	10	1	1	C
II	4013503	A	W	28	2	6.67%	2	1	47	25	0.98	1	1	18	10	0	2	T
II	4018677	T	K	11	2	15.38%	2	1	40	33	0.98	1	1	3	8	2	0	G
II	4030530	T	K	26	3	10.34%	2	2	44	37	0.98	1	1	15	11	2	1	G
II	4054390	G	S	33	2	5.71%	2	2	42	37	0.98	1	1	22	11	1	1	C
II	4054396	G	S	38	2	5%	2	2	41	37	0.98	1	1	27	11	1	1	C
II	4059146	C	M	23	2	8%	2	1	45	25	0.98	1	1	14	9	0	2	A
II	4076420	A	W	28	2	6.67%	2	1	47	31	0.98	1	1	12	16	2	0	T
II	4102560	C	M	18	2	10%	2	2	44	23	0.98	1	1	10	8	1	1	A
II	4107738	C	M	18	2	10%	2	1	36	36	0.98	1	1	12	6	0	2	A
II	4108816	A	R	35	3	7.89%	2	1	44	33	0.98	1	1	17	18	3	0	G
II	4122326	T	C	0	43	100%	0	2	0	52	0.98	0	1	0	0	11	32	C
II	4128318	A	W	17	2	10.53%	2	2	38	37	0.98	1	1	11	6	1	1	T
II	4135245	T	Y	22	2	8.33%	2	1	49	74	0.98	1	1	8	14	0	2	C
II	4142201	G	K	17	2	10.53%	2	1	43	27	0.98	1	1	4	13	2	0	T
II	4142234	C	M	18	2	10%	2	1	38	29	0.98	1	1	2	16	2	0	A
II	4179088	A	M	16	2	11.11%	2	1	51	25	0.98	1	1	9	7	0	2	C
II	4190678	G	R	45	4	8.16%	2	1	47	37	0.98	1	1	26	19	4	0	A
II	4190683	T	Y	45	4	8.16%	2	1	49	37	0.98	1	1	24	21	4	0	C
II	4194381	T	W	24	2	7.69%	2	2	54	37	0.98	1	1	18	6	1	1	A
II	4209406	C	S	8	2	20%	2	2	39	49	0.98	1	1	1	7	1	1	G
II	4230068	C	S	28	2	6.67%	2	1	43	74	0.98	1	1	14	14	0	2	G
II	4236225	T	K	22	2	8.33%	2	2	48	31	0.98	1	1	12	10	1	1	G
II	4240812	G	S	32	2	5.88%	2	2	45	37	0.98	1	1	11	21	1	1	C
II	4241817	A	M	16	2	11.11%	2	2	50	55	0.98	1	1	5	11	1	1	C
II	4268148	G	R	16	3	15.79%	2	1	47	37	0.98	1	1	6	10	3	0	A
II	4273464	T	Y	40	4	9.09%	2	1	49	37	0.98	1	1	25	15	4	0	C
II	4273780	T	Y	46	7	13.21%	2	2	50	33	0.98	1	1	23	23	2	5	C
II	4273790	A	R	50	3	5.66%	2	1	51	37	0.98	1	1	21	29	0	3	G
II	4274000	A	R	54	3	5.26%	2	1	52	37	0.98	1	1	24	30	0	3	G
II	4274006	G	R	53	3	5.36%	2	2	53	34	0.98	1	1	24	29	1	2	A
II	4274027	A	R	53	3	5.36%	2	1	51	37	0.98	1	1	23	30	0	3	G
II	4337977	A	M	34	2	5.56%	2	1	47	37	0.98	1	1	16	18	0	2	C
II	4345053	C	S	38	2	5%	2	1	50	31	0.98	1	1	21	17	2	0	G
II	4363371	A	W	11	4	26.67%	2	2	47	34	0.98	1	1	4	7	2	2	T
II	4371993	T	Y	33	2	5.71%	2	1	50	55	0.98	1	1	19	14	2	0	C
II	4376313	T	Y	36	2	5.26%	2	1	50	37	0.98	1	1	16	20	0	2	C
II	4397067	G	R	21	5	19.23%	2	1	45	37	0.98	1	1	7	14	5	0	A
II	4397070	T	Y	21	5	19.23%	2	1	44	37	0.98	1	1	7	14	5	0	C
II	4398658	G	K	19	2	9.52%	2	1	40	25	0.98	1	1	3	16	0	2	T
II	4400666	A	C	0	24	100%	0	2	0	43	0.98	0	1	0	0	8	16	C
II	4419903	G	K	10	2	16.67%	2	1	44	25	0.98	1	1	8	2	0	2	T
II	4453578	T	K	28	2	6.67%	2	1	52	25	0.98	1	1	18	10	2	0	G
II	4484945	T	Y	14	2	12.5%	2	1	54	37	0.98	1	1	8	6	0	2	C
II	4505717	A	R	17	3	15%	2	2	40	33	0.98	1	1	8	9	1	2	G
II	4507767	T	W	34	2	5.56%	2	2	49	55	0.98	1	1	13	21	1	1	A
II	4513966	A	R	43	10	18.87%	2	2	46	52	0.98	1	1	15	28	5	5	G
II	4513980	A	W	47	9	16.07%	2	2	47	52	0.98	1	1	17	30	4	5	T
II	4521636	C	Y	5	10	66.67%	2	2	44	35	0.98	1	1	2	3	2	8	T
II	4523882	C	Y	38	29	43.28%	2	2	45	41	0.98	1	1	18	20	22	7	T
II	4525357	G	K	51	4	7.27%	2	1	38	31	0.98	1	1	11	40	4	0	T
II	4525822	C	Y	15	3	16.67%	2	2	41	37	0.98	1	1	6	9	1	2	T
II	4525894	C	Y	12	2	14.29%	2	1	41	37	0.98	1	1	2	10	0	2	T
II	4525966	C	Y	15	6	28.57%	2	2	37	43	0.98	1	1	7	8	3	3	T
II	4527879	G	S	27	13	32.5%	2	2	35	42	0.98	1	1	13	14	6	7	C
II	4527881	C	Y	20	15	42.86%	2	2	36	44	0.98	1	1	13	7	5	10	T
II	4529116	T	Y	76	54	41.54%	2	2	47	48	0.98	1	1	43	33	27	27	C
II	4529965	A	R	66	26	28.26%	2	2	45	49	0.98	1	1	17	49	13	13	G
II	4530323	G	R	61	15	19.74%	2	2	48	43	0.98	1	1	29	32	7	8	A
II	4530797	C	Y	64	17	20.99%	2	2	48	45	0.98	1	1	28	36	13	4	T
II	4531033	G	S	51	56	52.34%	2	2	44	42	0.98	1	1	30	21	34	22	C
II	4531092	G	R	49	49	50%	2	2	49	46	0.98	1	1	21	28	25	24	A
II	4531414	T	Y	95	81	46.02%	2	2	48	47	0.98	1	1	58	37	51	30	C
II	4531492	A	R	158	19	10.73%	2	2	50	37	0.98	1	1	85	73	9	10	G
II	4531592	G	R	81	56	40.88%	2	2	45	45	0.98	1	1	42	39	24	32	A
II	4531749	C	Y	93	51	35.42%	2	2	45	38	0.98	1	1	34	59	30	21	T
II	4531764	A	R	70	67	48.91%	2	2	42	41	0.98	1	1	29	41	41	26	G
II	4532088	G	K	64	83	56.46%	2	2	45	45	0.98	1	1	31	33	55	28	T
II	4532323	C	Y	110	21	16.03%	2	2	45	42	0.98	1	1	65	45	15	6	T
II	4533394	T	Y	54	41	43.16%	2	2	48	46	0.98	1	1	22	32	10	31	C
II	4533451	T	Y	45	36	44.44%	2	2	42	44	0.98	1	1	21	24	15	21	C
II	4533598	G	R	47	29	38.16%	2	2	45	44	0.98	1	1	26	21	16	13	A
II	4533617	A	R	53	35	39.77%	2	2	42	41	0.98	1	1	29	24	19	16	G
II	4533636	C	Y	47	41	46.59%	2	2	43	42	0.98	1	1	25	22	24	17	T
II	4533744	T	Y	95	50	34.48%	2	2	49	46	0.98	1	1	50	45	34	16	C
II	4533922	G	R	122	71	36.79%	2	2	48	46	0.98	1	1	43	79	35	36	A
II	4533994	T	Y	135	100	42.55%	2	2	47	47	0.98	1	1	96	39	62	38	C
II	4534246	C	M	128	75	36.95%	2	2	47	45	0.98	1	1	66	62	31	44	A
II	4534498	A	M	89	63	41.45%	2	2	47	45	0.98	1	1	55	34	36	27	C
II	4536550	C	M	135	52	27.81%	2	2	46	46	0.98	1	1	83	52	32	20	A
II	4537214	T	Y	198	64	24.43%	2	2	53	54	0.98	1	1	91	107	26	38	C
II	4537402	A	R	178	14	7.29%	2	2	50	47	0.98	1	1	104	74	3	11	G
II	4537844	T	Y	37	24	39.34%	2	2	40	40	0.98	1	1	12	25	4	20	C
II	4538027	A	R	153	19	11.05%	2	2	52	51	0.98	1	1	89	64	17	2	G
II	4538036	G	K	162	138	46%	2	2	52	55	0.98	1	1	105	57	102	36	T
II	4538038	A	R	163	192	53.93%	2	2	51	55	0.98	1	1	109	54	146	46	G
II	4538047	G	R	548	82	13.02%	2	2	54	59	0.98	1	1	403	145	54	28	A
II	4538048	C	Y	369	260	41.34%	2	2	54	55	0.98	1	1	267	102	189	71	T
II	4538052	A	R	189	457	70.74%	2	2	51	56	0.98	1	1	134	55	329	128	G
II	4538065	G	R	597	75	11.16%	2	2	57	58	0.98	1	1	408	189	45	30	A
II	4538091	T	Y	299	356	52.98%	2	2	51	60	0.98	1	1	171	128	216	140	C
II	4538100	C	Y	247	13	5%	2	2	50	41	0.98	1	1	137	110	9	4	T
II	4538114	A	R	168	52	23.64%	2	2	48	47	0.98	1	1	101	67	9	43	G
II	4538115	G	K	170	52	23.32%	2	2	48	48	0.98	1	1	104	66	9	43	T
II	4538116	G	R	174	51	22.67%	2	2	48	47	0.98	1	1	107	67	9	42	A
II	4538118	G	R	165	50	23.26%	2	2	46	47	0.98	1	1	103	62	8	42	A
II	4538122	G	S	174	52	23.01%	2	2	47	47	0.98	1	1	107	67	9	43	C
II	4538125	A	W	176	50	22.12%	2	2	46	48	0.98	1	1	110	66	8	42	T
II	4538126	C	S	178	50	21.93%	2	2	47	48	0.98	1	1	111	67	9	41	G
II	4538128	A	R	175	48	21.24%	2	2	46	48	0.98	1	1	110	65	8	40	G
II	4538155	T	K	248	62	20%	2	2	47	41	0.98	1	1	124	124	7	55	G
II	4538164	A	W	161	142	46.86%	2	2	49	42	0.98	1	1	105	56	16	126	T
II	4538203	A	W	170	23	11.92%	2	2	50	52	0.98	1	1	62	108	4	19	T
II	4538216	A	W	170	24	12.37%	2	2	50	52	0.98	1	1	63	107	4	20	T
II	4538238	T	K	176	23	11.56%	2	2	50	51	0.98	1	1	61	115	3	20	G
II	4538244	A	R	171	23	11.86%	2	2	49	49	0.98	1	1	60	111	3	20	G
II	4538591	G	R	35	5	12.5%	2	2	42	42	0.98	1	1	26	9	4	1	A
II	4538770	T	Y	31	5	13.89%	2	1	39	37	0.98	1	1	14	17	5	0	C
II	4538906	C	Y	180	33	15.49%	2	2	51	52	0.98	1	1	120	60	23	10	T
II	4539524	G	R	35	29	45.31%	2	2	50	49	0.98	1	1	28	7	17	12	A
II	4539673	T	W	28	15	34.88%	2	2	39	46	0.98	1	1	9	19	3	12	A
II	4539725	T	Y	26	17	39.53%	2	2	46	45	0.98	1	1	7	19	1	16	C
III	4730	T	W	215	22	9.28%	2	2	47	48	0.98	1	1	126	89	8	14	A
III	5074	G	R	158	10	5.95%	2	2	42	44	0.98	1	1	100	58	6	4	A
III	5276	T	K	339	50	12.82%	2	2	43	36	0.98	1	1	252	87	49	1	G
III	5464	C	S	431	55	11.32%	2	2	43	47	0.98	1	1	166	265	17	38	G
III	5850	A	M	158	36	18.09%	2	1	39	32	0.98	1	1	140	18	0	36	C
III	15600	T	W	203	19	8.56%	2	2	47	44	0.98	1	1	117	86	10	9	A
III	16146	T	K	345	41	10.59%	2	1	44	36	0.98	1	1	258	87	41	0	G
III	16334	C	S	439	73	14.26%	2	2	43	45	0.98	1	1	181	258	15	58	G
III	16720	A	M	162	21	11.11%	2	1	39	32	0.98	1	1	146	16	0	21	C
III	29151	T	Y	11	2	15.38%	2	1	37	37	0.98	1	1	5	6	0	2	C
III	29156	C	M	11	2	15.38%	2	1	37	37	0.98	1	1	5	6	0	2	A
III	32973	G	R	19	2	9.52%	2	1	46	74	0.98	1	1	14	5	0	2	A
III	32989	A	M	18	3	14.29%	2	2	43	74	0.98	1	1	14	4	1	2	C
III	33004	T	Y	23	6	20.69%	2	2	41	74	0.98	1	1	18	5	3	3	C
III	33006	C	S	23	6	20.69%	2	2	44	74	0.98	1	1	18	5	3	3	G
III	76565	T	W	8	2	20%	2	2	50	37	0.98	1	1	5	3	1	1	A
III	88676	C	M	25	2	7.41%	2	1	44	29	0.98	1	1	14	11	0	2	A
III	113028	T	W	33	2	5.71%	2	1	48	37	0.98	1	1	20	13	0	2	A
III	114400	G	R	49	3	5.77%	2	1	49	33	0.98	1	1	23	26	3	0	A
III	121582	T	W	24	2	7.69%	2	2	47	37	0.98	1	1	9	15	1	1	A
III	123340	N	A	0	16	100%	0	2	0	46	0.98	0	1	0	0	7	9	A
III	127819	G	K	19	2	9.52%	2	2	46	31	0.98	1	1	5	14	1	1	T
III	153464	T	Y	31	2	6.06%	2	2	41	37	0.98	1	1	27	4	1	1	C
III	165078	T	K	26	2	7.14%	2	2	45	37	0.98	1	1	10	16	1	1	G
III	169331	A	R	11	2	15.38%	2	1	38	37	0.98	1	1	8	3	2	0	G
III	172077	C	M	20	2	9.09%	2	1	45	37	0.98	1	1	11	9	0	2	A
III	213629	T	Y	33	2	5.71%	2	1	53	55	0.98	1	1	17	16	0	2	C
III	213635	C	Y	33	3	8.33%	2	2	52	61	0.98	1	1	17	16	1	2	T
III	213714	A	M	36	2	5.26%	2	2	51	37	0.98	1	1	19	17	1	1	C
III	213719	T	Y	31	2	6.06%	2	2	48	37	0.98	1	1	18	13	1	1	C
III	213722	T	Y	31	2	6.06%	2	2	53	37	0.98	1	1	17	14	1	1	C
III	221340	A	M	32	2	5.88%	2	2	47	37	0.98	1	1	15	17	1	1	C
III	226802	A	R	23	2	8%	2	2	46	37	0.98	1	1	14	9	1	1	G
III	227397	C	S	32	2	5.88%	2	1	44	37	0.98	1	1	18	14	0	2	G
III	227730	A	T	0	39	100%	0	2	0	43	0.98	0	1	0	0	20	19	T
III	228026	A	R	38	2	5%	2	1	50	55	0.98	1	1	21	17	0	2	G
III	284657	C	A	0	9	100%	0	2	0	41	0.98	0	1	0	0	2	7	A
III	307970	C	S	35	2	5.41%	2	2	44	31	0.98	1	1	12	23	1	1	G
III	343080	A	W	20	2	9.09%	2	1	44	25	0.98	1	1	5	15	2	0	T
III	358029	C	M	33	2	5.71%	2	2	44	25	0.98	1	1	17	16	1	1	A
III	371549	A	W	18	2	10%	2	1	43	31	0.98	1	1	10	8	0	2	T
III	391203	T	W	29	2	6.45%	2	2	50	74	0.98	1	1	16	13	1	1	A
III	402942	G	K	10	2	16.67%	2	2	43	37	0.98	1	1	7	3	1	1	T
III	448854	T	Y	12	2	14.29%	2	1	38	37	0.98	1	1	7	5	2	0	C
III	492020	G	K	20	2	9.09%	2	2	53	37	0.98	1	1	11	9	1	1	T
III	523854	T	K	27	2	6.9%	2	2	47	55	0.98	1	1	18	9	1	1	G
III	535636	C	M	31	2	6.06%	2	1	44	37	0.98	1	1	9	22	2	0	A
III	535689	G	K	23	2	8%	2	1	45	25	0.98	1	1	12	11	2	0	T
III	599933	G	R	15	2	11.76%	2	2	40	37	0.98	1	1	12	3	1	1	A
III	624753	A	W	13	2	13.33%	2	2	43	37	0.98	1	1	8	5	1	1	T
III	673548	A	W	18	2	10%	2	1	40	25	0.98	1	1	9	9	0	2	T
III	681111	T	Y	36	2	5.26%	2	1	48	37	0.98	1	1	21	15	2	0	C
III	686473	G	K	31	2	6.06%	2	2	49	37	0.98	1	1	16	15	1	1	T
III	692285	T	Y	37	2	5.13%	2	1	42	74	0.98	1	1	18	19	2	0	C
III	719971	G	T	0	8	100%	0	2	0	40	0.98	0	1	0	0	2	6	T
III	719976	G	A	0	7	100%	0	2	0	42	0.98	0	1	0	0	2	5	A
III	719978	G	A	0	8	100%	0	2	0	40	0.98	0	1	0	0	2	6	A
III	719979	A	T	0	8	100%	0	2	0	41	0.98	0	1	0	0	2	6	T
III	719981	G	T	0	8	100%	0	2	0	41	0.98	0	1	0	0	2	6	T
III	719985	G	T	0	8	100%	0	2	0	41	0.98	0	1	0	0	2	6	T
III	719987	G	T	0	8	100%	0	2	0	41	0.98	0	1	0	0	2	6	T
III	719988	A	T	0	8	100%	0	2	0	41	0.98	0	1	0	0	2	6	T
III	719990	G	T	0	8	100%	0	2	0	41	0.98	0	1	0	0	2	6	T
III	719991	A	T	0	8	100%	0	2	0	41	0.98	0	1	0	0	2	6	T
III	720001	C	T	0	12	100%	0	2	0	43	0.98	0	1	0	0	3	9	T
III	720655	C	M	9	2	18.18%	2	1	41	22	0.98	1	1	2	7	2	0	A
III	751319	T	W	16	2	11.11%	2	1	47	37	0.98	1	1	8	8	0	2	A
III	769452	A	W	24	2	7.69%	2	1	45	25	0.98	1	1	14	10	0	2	T
III	769547	A	M	16	2	11.11%	2	1	39	31	0.98	1	1	10	6	0	2	C
III	774255	A	M	34	2	5.56%	2	1	42	31	0.98	1	1	11	23	0	2	C
III	784614	C	M	29	2	6.45%	2	1	40	25	0.98	1	1	19	10	0	2	A
III	784718	T	W	34	2	5.56%	2	2	45	37	0.98	1	1	21	13	1	1	A
III	795302	G	K	32	2	5.88%	2	1	44	27	0.98	1	1	5	27	2	0	T
III	807369	A	R	33	2	5.71%	2	1	51	37	0.98	1	1	14	19	2	0	G
III	827275	G	K	5	2	28.57%	2	1	33	31	0.98	1	1	2	3	2	0	T
III	839450	C	M	15	2	11.76%	2	1	45	28	0.98	1	1	9	6	2	0	A
III	842924	C	M	20	2	9.09%	2	1	43	25	0.98	1	1	6	14	2	0	A
III	848539	T	W	20	2	9.09%	2	2	48	74	0.98	1	1	11	9	1	1	A
III	929770	G	K	21	2	8.7%	2	1	44	37	0.98	1	1	7	14	0	2	T
III	932723	C	M	14	2	12.5%	2	1	49	25	0.98	1	1	6	8	2	0	A
III	932743	G	K	18	2	10%	2	1	52	31	0.98	1	1	7	11	2	0	T
III	961333	T	Y	83	5	5.68%	2	2	46	35	0.98	1	1	44	39	4	1	C
III	962376	C	Y	582	55	8.62%	2	2	54	53	0.98	1	1	279	303	28	27	T
III	963322	G	R	114	11	8.73%	2	2	47	50	0.98	1	1	44	70	3	8	A
III	963343	A	G	7	104	93.69%	1	2	37	47	0.98	1	1	0	7	39	65	G
III	965609	T	K	10	2	16.67%	2	1	49	22	0.98	1	1	6	4	2	0	G
III	966218	C	M	33	3	8.33%	2	1	37	27	0.98	1	1	6	27	3	0	A
III	976428	G	S	25	2	7.41%	2	2	49	31	0.98	1	1	15	10	1	1	C
III	976757	T	Y	24	2	7.69%	2	1	50	37	0.98	1	1	13	11	0	2	C
III	986463	A	R	16	2	11.11%	2	1	52	37	0.98	1	1	9	7	0	2	G
III	1036213	A	W	28	2	6.67%	2	1	45	27	0.98	1	1	16	12	0	2	T
III	1047089	C	M	26	2	7.14%	2	1	42	31	0.98	1	1	10	16	2	0	A
III	1071415	A	R	23	2	8%	2	2	47	74	0.98	1	1	8	15	1	1	G
III	1075653	G	K	154	10	6.1%	2	2	48	50	0.98	1	1	71	83	6	4	T
III	1084286	G	K	72	31	30.1%	2	2	47	48	0.98	1	1	39	33	10	21	T
III	1098041	A	W	8	2	20%	2	1	50	37	0.98	1	1	5	3	2	0	T
III	1098042	A	W	10	2	16.67%	2	1	45	37	0.98	1	1	7	3	2	0	T
III	1114661	C	M	72	32	30.77%	2	2	47	46	0.98	1	1	24	48	17	15	A
III	1116200	G	K	27	2	6.9%	2	1	44	25	0.98	1	1	15	12	0	2	T
III	1116216	C	M	28	2	6.67%	2	1	41	31	0.98	1	1	16	12	0	2	A
III	1121421	C	M	77	19	19.79%	2	2	49	48	0.98	1	1	28	49	11	8	A
III	1122964	G	K	32	2	5.88%	2	1	43	25	0.98	1	1	18	14	0	2	T
III	1128181	C	M	67	28	29.47%	2	2	53	44	0.98	1	1	29	38	15	13	A
III	1131081	G	K	55	3	5.17%	2	1	44	25	0.98	1	1	21	34	3	0	T
III	1131097	T	W	54	4	6.9%	2	1	43	26	0.98	1	1	20	34	4	0	A
III	1131108	C	M	53	3	5.36%	2	1	45	25	0.98	1	1	19	34	3	0	A
III	1134941	C	M	77	21	21.43%	2	2	51	48	0.98	1	1	32	45	10	11	A
III	1139296	T	Y	12	2	14.29%	2	2	49	37	0.98	1	1	5	7	1	1	C
III	1145976	T	Y	29	2	6.45%	2	2	57	55	0.98	1	1	13	16	1	1	C
III	1156024	G	R	29	2	6.45%	2	1	45	37	0.98	1	1	10	19	2	0	A
III	1164753	T	K	22	2	8.33%	2	1	43	31	0.98	1	1	10	12	2	0	G
III	1168335	G	K	3	2	40%	2	1	36	37	0.98	1	1	1	2	0	2	T
III	1168363	G	R	3	2	40%	2	1	49	37	0.98	1	1	2	1	0	2	A
III	1172881	A	M	20	2	9.09%	2	1	47	37	0.98	1	1	13	7	0	2	C
III	1200086	A	W	19	2	9.52%	2	2	42	37	0.98	1	1	9	10	1	1	T
III	1202140	T	K	28	2	6.67%	2	2	54	37	0.98	1	1	18	10	1	1	G
III	1216181	G	K	30	2	6.25%	2	1	46	24	0.98	1	1	17	13	0	2	T
III	1222505	A	M	30	2	6.25%	2	2	43	31	0.98	1	1	15	15	1	1	C
III	1225877	T	K	36	2	5.26%	2	1	46	31	0.98	1	1	17	19	2	0	G
III	1225893	G	K	34	2	5.56%	2	1	45	27	0.98	1	1	13	21	2	0	T
III	1232356	A	W	30	2	6.25%	2	1	50	31	0.98	1	1	21	9	0	2	T
III	1252503	G	K	12	2	14.29%	2	1	34	33	0.98	1	1	11	1	0	2	T
III	1252505	G	K	5	6	40%	2	1	33	30	0.98	1	1	4	1	0	6	T
III	1261432	G	R	18	4	18.18%	2	2	48	34	0.98	1	1	8	10	2	2	A
III	1270419	A	W	24	2	7.69%	2	2	50	74	0.98	1	1	10	14	1	1	T
III	1289370	T	K	15	2	11.76%	2	1	47	31	0.98	1	1	8	7	2	0	G
III	1289730	C	S	38	2	5%	2	1	47	55	0.98	1	1	22	16	2	0	G
III	1329383	A	W	20	2	9.09%	2	1	53	55	0.98	1	1	11	9	2	0	T
III	1374938	A	T	0	19	100%	0	2	0	48	0.98	0	1	0	0	11	8	T
III	1392401	G	K	9	2	18.18%	2	1	33	25	0.98	1	1	7	2	0	2	T
III	1413080	A	W	30	2	6.25%	2	2	50	37	0.98	1	1	10	20	1	1	T
III	1422167	C	Y	10	2	16.67%	2	2	42	31	0.98	1	1	4	6	1	1	T
III	1439790	A	M	8	2	20%	1	1	32	27	0.98	1	1	8	0	0	2	C
III	1445514	T	K	33	2	5.71%	2	1	44	25	0.98	1	1	3	30	2	0	G
III	1451605	G	K	30	2	6.25%	2	1	49	25	0.98	1	1	21	9	0	2	T
III	1451631	A	M	26	3	10.34%	2	1	50	33	0.98	1	1	21	5	0	3	C
III	1457137	A	M	9	2	18.18%	2	1	38	31	0.98	1	1	7	2	0	2	C
III	1458430	T	K	27	2	6.9%	2	1	43	31	0.98	1	1	15	12	2	0	G
III	1466432	G	R	71	6	7.79%	2	2	47	37	0.98	1	1	33	38	3	3	A
III	1466437	G	R	75	6	7.41%	2	2	48	37	0.98	1	1	35	40	3	3	A
III	1466439	C	Y	73	6	7.59%	2	2	46	37	0.98	1	1	34	39	3	3	T
III	1493950	A	R	123	37	23.12%	2	2	46	52	0.98	1	1	52	71	18	19	G
III	1494129	T	K	186	53	22.18%	2	2	48	44	0.98	1	1	90	96	18	35	G
III	1494164	A	R	112	53	32.12%	2	2	49	45	0.98	1	1	45	67	16	37	G
III	1494181	A	W	121	43	26.22%	2	2	49	47	0.98	1	1	45	76	14	29	T
III	1494187	T	W	121	34	21.94%	2	2	48	44	0.98	1	1	40	81	11	23	A
III	1494192	G	R	120	22	15.49%	2	2	48	44	0.98	1	1	41	79	6	16	A
III	1494282	G	R	103	119	53.6%	2	2	44	37	0.98	1	1	38	65	50	69	A
III	1494303	G	R	107	71	39.89%	2	2	48	37	0.98	1	1	44	63	22	49	A
III	1494306	A	W	107	68	38.86%	2	2	46	36	0.98	1	1	44	63	21	47	T
III	1494312	A	R	113	66	36.87%	2	2	47	37	0.98	1	1	49	64	18	48	G
III	1494315	A	R	113	66	36.87%	2	2	47	37	0.98	1	1	50	63	19	47	G
III	1494318	A	R	107	65	37.79%	2	2	48	37	0.98	1	1	48	59	20	45	G
III	1494327	T	K	98	57	36.77%	2	2	49	37	0.98	1	1	44	54	16	41	G
III	1499389	C	Y	94	11	10.48%	2	2	47	50	0.98	1	1	49	45	3	8	T
III	1499390	A	W	90	11	10.89%	2	2	47	50	0.98	1	1	48	42	3	8	T
III	1510626	G	K	9	2	18.18%	1	1	41	31	0.98	1	1	9	0	0	2	T
III	1518686	T	K	29	2	6.45%	2	1	45	49	0.98	1	1	17	12	2	0	G
III	1549627	T	W	20	2	9.09%	2	1	40	25	0.98	1	1	10	10	2	0	A
III	1559653	C	M	7	2	22.22%	2	1	35	29	0.98	1	1	1	6	2	0	A
III	1580842	T	K	36	2	5.26%	2	2	51	68	0.98	1	1	22	14	1	1	G
III	1615536	A	W	21	2	8.7%	2	1	42	27	0.98	1	1	9	12	0	2	T
III	1621103	A	R	23	2	8%	2	2	46	37	0.98	1	1	9	14	1	1	G
III	1630442	A	W	27	2	6.9%	2	2	49	37	0.98	1	1	15	12	1	1	T
III	1674576	C	M	10	2	16.67%	2	1	43	25	0.98	1	1	7	3	0	2	A
III	1699119	C	Y	26	2	7.14%	2	2	54	37	0.98	1	1	13	13	1	1	T
III	1703812	C	Y	21	2	8.7%	2	2	54	37	0.98	1	1	14	7	1	1	T
III	1708202	C	Y	51	5	8.93%	2	2	51	49	0.98	1	1	28	23	4	1	T
III	1712123	T	K	11	3	21.43%	2	1	37	30	0.98	1	1	2	9	3	0	G
III	1714178	T	Y	37	2	5.13%	2	1	51	37	0.98	1	1	20	17	0	2	C
III	1714530	C	M	27	2	6.9%	2	1	54	42	0.98	1	1	14	13	0	2	A
III	1717329	T	K	10	2	16.67%	2	1	36	37	0.98	1	1	1	9	2	0	G
III	1721040	G	K	18	2	10%	2	2	51	37	0.98	1	1	6	12	1	1	T
III	1721045	C	M	19	2	9.52%	2	2	46	37	0.98	1	1	7	12	1	1	A
III	1724744	G	R	31	2	6.06%	2	2	49	37	0.98	1	1	18	13	1	1	A
III	1746195	T	W	14	2	12.5%	2	2	50	37	0.98	1	1	13	1	1	1	A
III	1756746	A	M	33	2	5.71%	2	1	44	31	0.98	1	1	14	19	0	2	C
III	1759819	A	M	33	2	5.71%	2	1	39	25	0.98	1	1	16	17	0	2	C
III	1760149	G	S	33	2	5.71%	2	2	48	37	0.98	1	1	19	14	1	1	C
III	1765401	G	T	0	46	100%	0	2	0	49	0.98	0	1	0	0	25	21	T
III	1770299	C	Y	20	2	9.09%	2	2	46	37	0.98	1	1	9	11	1	1	T
III	1771298	G	K	12	2	14.29%	2	1	48	37	0.98	1	1	8	4	2	0	T
III	1774235	T	Y	1	3	18.75%	1	1	37	37	0.98	1	1	1	0	3	0	C
III	1868359	A	W	24	2	7.69%	2	1	38	27	0.98	1	1	2	22	2	0	T
III	1869431	C	M	26	2	7.14%	2	1	40	27	0.98	1	1	11	15	2	0	A
III	1878081	A	W	38	2	5%	2	1	42	25	0.98	1	1	27	11	2	0	T
III	1894020	C	Y	16	2	11.11%	2	1	43	37	0.98	1	1	8	8	2	0	T
III	1909701	G	K	16	2	11.11%	2	2	48	37	0.98	1	1	8	8	1	1	T
III	1925614	C	M	7	2	22.22%	2	1	42	31	0.98	1	1	4	3	0	2	A
III	1936413	T	K	10	2	16.67%	2	1	50	37	0.98	1	1	5	5	2	0	G
III	1953508	T	W	12	2	14.29%	2	2	42	25	0.98	1	1	5	7	1	1	A
III	1953756	T	G	0	25	100%	0	2	0	58	0.98	0	1	0	0	16	9	G
III	1997911	A	R	19	2	9.52%	2	1	53	31	0.98	1	1	8	11	2	0	G
III	2009663	T	W	8	3	27.27%	2	1	44	37	0.98	1	1	6	2	3	0	A
III	2013805	T	K	15	4	21.05%	2	1	46	28	0.98	1	1	5	10	4	0	G
III	2013807	G	K	20	2	9.09%	2	1	41	28	0.98	1	1	9	11	2	0	T
III	2017440	A	R	33	2	5.71%	2	2	46	37	0.98	1	1	15	18	1	1	G
III	2028201	A	M	21	4	15.38%	2	1	38	29	0.98	1	1	17	4	0	4	C
III	2044489	G	K	25	3	10.71%	2	2	47	37	0.98	1	1	13	12	1	2	T
III	2065367	G	R	27	2	6.9%	2	1	54	37	0.98	1	1	11	16	2	0	A
III	2098318	T	K	32	2	5.88%	2	1	41	31	0.98	1	1	22	10	0	2	G
III	2137464	C	M	21	2	8.7%	2	1	45	37	0.98	1	1	5	16	2	0	A
III	2138104	G	K	23	2	8%	2	1	39	23	0.98	1	1	9	14	2	0	T
III	2145361	C	M	36	3	7.69%	2	1	53	53	0.98	1	1	19	17	0	3	A
III	2145366	G	R	35	3	7.89%	2	1	53	53	0.98	1	1	18	17	0	3	A
III	2154953	T	W	17	2	10.53%	2	1	45	28	0.98	1	1	7	10	2	0	A
III	2191630	A	R	8	2	20%	1	2	40	37	0.98	1	1	0	8	1	1	G
III	2196750	T	K	37	2	5.13%	2	1	48	37	0.98	1	1	24	13	2	0	G
III	2201489	G	K	29	3	9.38%	2	2	37	24	0.98	1	1	15	14	1	2	T
III	2201503	C	M	29	2	6.45%	2	1	43	31	0.98	1	1	13	16	2	0	A
III	2202526	G	K	16	3	15.79%	2	1	39	27	0.98	1	1	11	5	0	3	T
III	2202534	A	W	13	2	13.33%	2	1	47	22	0.98	1	1	9	4	0	2	T
III	2202541	C	M	13	2	13.33%	2	1	42	27	0.98	1	1	9	4	0	2	A
III	2220026	T	W	18	2	10%	2	1	49	31	0.98	1	1	7	11	2	0	A
III	2238965	G	K	11	2	15.38%	2	1	47	74	0.98	1	1	6	5	0	2	T
III	2241772	T	W	12	2	14.29%	2	2	46	37	0.98	1	1	7	5	1	1	A
III	2245395	T	K	13	2	13.33%	2	1	39	31	0.98	1	1	3	10	2	0	G
III	2245421	C	M	11	2	15.38%	2	1	47	31	0.98	1	1	2	9	2	0	A
III	2245436	C	M	11	2	15.38%	2	1	50	27	0.98	1	1	4	7	2	0	A
III	2282708	C	M	28	2	6.67%	2	2	55	23	0.98	1	1	14	14	1	1	A
III	2283735	G	K	19	3	13.64%	2	1	44	27	0.98	1	1	7	12	3	0	T
III	2283751	C	M	21	2	8.7%	2	1	43	27	0.98	1	1	7	14	2	0	A
III	2287896	C	M	18	2	10%	2	1	40	27	0.98	1	1	14	4	0	2	A
III	2287903	A	M	18	2	10%	2	1	38	27	0.98	1	1	14	4	0	2	C
III	2359729	A	W	36	2	5.26%	2	1	47	37	0.98	1	1	19	17	0	2	T
III	2381979	G	T	0	13	100%	0	2	0	42	0.98	0	1	0	0	4	9	T
III	2431133	G	K	20	5	20%	2	2	46	42	0.98	1	1	6	14	3	2	T
III	2431152	T	K	21	2	8.7%	2	2	51	37	0.98	1	1	11	10	1	1	G
III	2435082	A	M	19	2	9.52%	2	1	50	37	0.98	1	1	10	9	0	2	C
III	2447413	T	K	540	103	16.02%	2	1	38	31	0.98	1	1	63	477	103	0	G
III	2448311	A	W	59	6	9.23%	2	1	38	35	0.98	1	1	41	18	0	6	T
