Chrom	Position	Ref	Cons	Reads1	Reads2	VarFreq	Strands1	Strands2	Qual1	Qual2	Pvalue	MapQual1	MapQual2	Reads1Plus	Reads1Minus	Reads2Plus	Reads2Minus	VarAllele
chr_II_telomeric_gap	4787	G	A	0	29	100%	0	2	0	39	0.98	0	1	0	0	14	15	A
chr_II_telomeric_gap	17426	T	Y	35	2	5.41%	2	2	45	37	0.98	1	1	13	22	1	1	C
chr_II_telomeric_gap	18601	C	M	24	2	7.69%	2	1	44	37	0.98	1	1	12	12	0	2	A
chr_II_telomeric_gap	18606	A	W	23	2	8%	2	1	48	37	0.98	1	1	10	13	0	2	T
I	224	G	R	66	16	19.51%	2	2	53	51	0.98	1	1	41	25	12	4	A
I	459	C	M	57	75	56.82%	2	2	45	47	0.98	1	1	18	39	32	43	A
I	783	T	Y	41	66	61.68%	2	2	43	40	0.98	1	1	22	19	26	40	C
I	798	G	R	69	32	31.68%	2	2	45	38	0.98	1	1	32	37	16	16	A
I	955	C	Y	65	61	48.41%	2	2	46	46	0.98	1	1	34	31	37	24	T
I	1055	T	Y	140	11	7.28%	2	2	50	40	0.98	1	1	52	88	10	1	C
I	1133	A	R	70	78	52.35%	2	2	50	47	0.98	1	1	26	44	28	50	G
I	1455	C	Y	60	37	38.14%	2	2	44	48	0.98	1	1	26	34	16	21	T
I	1514	C	S	54	29	34.94%	2	2	43	49	0.98	1	1	21	33	13	16	G
I	1750	G	R	70	16	18.6%	2	2	46	47	0.98	1	1	30	40	9	7	A
I	2224	C	Y	47	8	14.55%	2	2	49	52	0.98	1	1	26	21	7	1	T
I	2574	C	Y	73	4	5.19%	2	1	49	52	0.98	1	1	50	23	0	4	T
I	2582	T	Y	42	36	46.15%	2	2	46	47	0.98	1	1	23	19	23	13	C
I	3431	A	R	61	52	46.02%	2	2	48	46	0.98	1	1	29	32	26	26	G
I	4645	C	M	23	2	8%	2	1	46	25	0.98	1	1	6	17	2	0	A
I	4666	G	R	19	9	32.14%	2	2	43	42	0.98	1	1	8	11	5	4	A
I	4668	C	S	26	8	23.53%	2	2	45	46	0.98	1	1	15	11	3	5	G
I	5677	G	K	29	3	5.66%	2	1	37	33	0.98	1	1	26	3	0	3	-AA
I	6583	G	R	30	14	31.82%	2	2	45	41	0.98	1	1	13	17	5	9	A
I	6727	G	R	16	8	33.33%	2	2	48	46	0.98	1	1	8	8	3	5	A
I	6912	A	M	57	3	5%	2	1	53	33	0.98	1	1	25	32	0	3	C
I	7192	C	M	28	4	7.69%	2	1	37	33	0.98	1	1	21	7	0	4	A
I	8666	G	R	28	28	50%	2	2	43	48	0.98	1	1	15	13	13	15	A
I	10913	G	R	14	11	44%	2	2	45	43	0.98	1	1	8	6	7	4	A
I	17297	A	M	41	3	6.82%	2	2	47	61	0.98	1	1	16	25	2	1	C
I	17723	A	R	26	2	7.14%	2	2	48	55	0.98	1	1	11	15	1	1	G
I	17733	A	R	29	3	9.38%	2	2	46	49	0.98	1	1	12	17	1	2	G
I	17929	G	R	54	3	5.26%	2	2	50	49	0.98	1	1	29	25	1	2	A
I	17941	C	Y	57	4	6.56%	2	2	50	52	0.98	1	1	31	26	1	3	T
I	17957	T	Y	57	6	9.52%	2	2	52	43	0.98	1	1	29	28	2	4	C
I	17965	A	R	61	4	6.15%	2	2	51	43	0.98	1	1	32	29	2	2	G
I	18099	A	R	68	20	22.73%	2	2	46	45	0.98	1	1	47	21	16	4	G
I	18104	A	R	74	9	10.84%	2	2	45	52	0.98	1	1	58	16	6	3	G
I	18140	T	Y	98	13	11.71%	2	2	46	58	0.98	1	1	74	24	8	5	C
I	18218	G	R	112	10	8.2%	2	2	52	40	0.98	1	1	70	42	7	3	A
I	18318	G	R	97	41	29.71%	2	2	44	48	0.98	1	1	46	51	34	7	A
I	18475	C	Y	80	56	41.18%	2	2	49	50	0.98	1	1	17	63	12	44	T
I	19801	C	S	37	2	5.13%	2	2	43	37	0.98	1	1	11	26	1	1	G
I	27416	A	M	32	2	5.88%	2	1	35	31	0.98	1	1	4	28	0	2	C
I	28446	A	W	61	6	8.82%	2	2	51	55	0.98	1	1	35	26	2	4	T
I	29359	T	W	50	6	10.71%	2	2	52	39	0.98	1	1	20	30	3	3	A
I	29373	T	Y	43	7	14%	2	2	54	40	0.98	1	1	16	27	3	4	C
I	32115	T	W	33	2	5.71%	2	2	38	37	0.98	1	1	17	16	1	1	A
I	49294	T	Y	25	4	13.79%	2	2	44	37	0.98	1	1	9	16	2	2	C
I	52278	T	W	35	2	5.41%	2	1	43	55	0.98	1	1	12	23	2	0	A
I	78562	T	K	33	2	5.71%	2	1	45	37	0.98	1	1	13	20	2	0	G
I	79879	A	R	29	2	6.45%	2	2	45	37	0.98	1	1	16	13	1	1	G
I	94356	A	W	16	2	11.11%	2	1	37	25	0.98	1	1	9	7	0	2	T
I	94366	A	W	17	4	19.05%	2	1	40	28	0.98	1	1	9	8	0	4	T
I	94712	C	Y	25	3	10.71%	2	2	49	57	0.98	1	1	10	15	1	2	T
I	96227	T	Y	34	2	5.56%	2	1	42	49	0.98	1	1	26	8	2	0	C
I	96521	T	W	29	4	12.12%	2	2	51	37	0.98	1	1	12	17	2	2	A
I	98629	A	M	64	5	7.14%	2	1	47	37	0.98	1	1	34	30	5	0	C
I	98632	C	Y	69	5	6.76%	2	1	46	37	0.98	1	1	37	32	5	0	T
I	98639	A	W	81	11	11.96%	2	1	47	39	0.98	1	1	45	36	11	0	T
I	98777	T	Y	123	24	16.33%	2	2	51	56	0.98	1	1	56	67	9	15	C
I	98786	G	R	128	10	7.25%	2	2	51	43	0.98	1	1	53	75	1	9	A
I	99057	T	Y	112	13	10.4%	2	2	53	39	0.98	1	1	68	44	10	3	C
I	99066	G	R	111	15	11.9%	2	2	58	57	0.98	1	1	57	54	7	8	A
I	99204	A	W	71	21	22.83%	2	2	46	41	0.98	1	1	23	48	4	17	T
I	99211	A	R	65	5	7.14%	2	2	43	37	0.98	1	1	25	40	1	4	G
I	99214	G	K	61	5	7.58%	2	2	46	37	0.98	1	1	23	38	1	4	T
I	137482	A	W	30	2	6.25%	2	2	48	55	0.98	1	1	10	20	1	1	T
I	146005	A	M	21	2	8.7%	2	1	49	33	0.98	1	1	13	8	0	2	C
I	195126	G	S	35	2	5.41%	2	1	45	31	0.98	1	1	10	25	0	2	C
I	197754	T	W	26	2	7.14%	2	1	48	25	0.98	1	1	10	16	2	0	A
I	206153	T	W	14	2	12.5%	2	1	42	74	0.98	1	1	11	3	0	2	A
I	220354	G	R	29	2	6.45%	2	1	46	37	0.98	1	1	9	20	0	2	A
I	229027	T	W	22	2	8.33%	2	2	45	31	0.98	1	1	14	8	1	1	A
I	229375	C	Y	29	2	6.45%	2	2	44	31	0.98	1	1	17	12	1	1	T
I	236207	A	M	22	2	8.33%	2	2	46	37	0.98	1	1	16	6	1	1	C
I	241918	A	W	29	3	9.38%	2	1	42	37	0.98	1	1	16	13	0	3	T
I	243900	G	R	22	2	8.33%	2	2	44	37	0.98	1	1	10	12	1	1	A
I	245426	A	R	48	3	5.88%	2	1	50	33	0.98	1	1	26	22	0	3	G
I	254335	G	K	33	2	5.71%	2	2	56	37	0.98	1	1	14	19	1	1	T
I	259363	T	K	38	2	5%	2	2	50	25	0.98	1	1	23	15	1	1	G
I	288881	T	W	17	2	10.53%	2	2	47	37	0.98	1	1	10	7	1	1	A
I	313530	A	W	25	2	7.41%	2	1	53	31	0.98	1	1	17	8	0	2	T
I	315011	G	K	37	2	5.13%	2	2	43	37	0.98	1	1	10	27	1	1	T
I	351983	T	W	25	6	19.35%	2	2	46	47	0.98	1	1	15	10	4	2	A
I	359567	G	K	19	2	9.52%	2	1	41	25	0.98	1	1	12	7	0	2	T
I	359574	C	M	14	2	12.5%	2	1	43	27	0.98	1	1	11	3	0	2	A
I	392169	A	R	34	2	5.41%	2	1	42	37	0.98	1	1	12	22	2	0	G
I	409512	T	K	12	2	14.29%	2	2	51	37	0.98	1	1	6	6	1	1	G
I	410702	T	K	37	2	5.13%	2	1	44	25	0.98	1	1	23	14	2	0	G
I	411380	C	M	33	3	8.33%	2	1	42	34	0.98	1	1	9	24	3	0	A
I	411391	T	W	28	2	6.67%	2	1	44	31	0.98	1	1	8	20	2	0	A
I	411404	C	M	28	3	9.38%	2	1	42	26	0.98	1	1	5	23	3	0	A
I	422264	T	K	20	2	9.09%	2	1	43	37	0.98	1	1	7	13	2	0	G
I	437749	A	R	23	2	8%	2	1	49	37	0.98	1	1	12	11	2	0	G
I	441665	G	K	18	2	10%	2	1	41	25	0.98	1	1	12	6	2	0	T
I	453393	C	M	21	2	8.7%	2	1	39	27	0.98	1	1	6	15	2	0	A
I	457370	A	M	15	2	11.76%	2	1	49	31	0.98	1	1	10	5	0	2	C
I	470379	C	A	0	2	100%	0	1	0	37	0.98	0	1	0	0	0	2	A
I	473397	G	K	8	2	20%	2	1	36	25	0.98	1	1	5	3	0	2	T
I	473427	G	K	4	4	40%	1	1	33	32	0.98	1	1	4	0	0	4	T
I	477932	T	Y	23	2	8%	2	1	47	37	0.98	1	1	7	16	0	2	C
I	480961	C	Y	28	2	6.67%	2	2	46	55	0.98	1	1	14	14	1	1	T
I	519002	G	K	35	2	5.41%	2	1	51	37	0.98	1	1	26	9	0	2	T
I	522384	A	M	33	2	5.71%	2	2	53	37	0.98	1	1	18	15	1	1	C
I	523603	G	A	0	31	100%	0	2	0	47	0.98	0	1	0	0	16	15	A
I	523883	G	A	0	36	100%	0	2	0	50	0.98	0	1	0	0	23	13	A
I	527156	C	A	0	32	100%	0	2	0	48	0.98	0	1	0	0	18	14	A
I	546256	C	S	27	2	6.9%	2	2	47	55	0.98	1	1	15	12	1	1	G
I	548305	G	K	25	2	7.41%	2	2	40	31	0.98	1	1	17	8	1	1	T
I	555326	A	M	35	2	5.41%	2	1	49	49	0.98	1	1	22	13	2	0	C
I	557506	C	S	33	2	5.71%	2	1	51	37	0.98	1	1	13	20	0	2	G
I	562772	C	M	20	2	9.09%	2	1	43	25	0.98	1	1	6	14	2	0	A
I	569048	T	K	35	2	5.41%	2	1	45	31	0.98	1	1	12	23	2	0	G
I	571211	T	Y	28	2	6.67%	2	2	46	37	0.98	1	1	12	16	1	1	C
I	614964	A	M	19	2	9.52%	2	1	45	37	0.98	1	1	10	9	0	2	C
I	654106	G	K	33	2	5.71%	2	1	48	55	0.98	1	1	19	14	2	0	T
I	666391	T	Y	35	2	5.41%	2	2	48	37	0.98	1	1	18	17	1	1	C
I	683154	T	W	38	2	5%	2	1	48	37	0.98	1	1	23	15	2	0	A
I	684344	G	K	17	2	10.53%	2	1	43	31	0.98	1	1	5	12	2	0	T
I	694215	G	R	12	2	14.29%	2	1	49	37	0.98	1	1	6	6	0	2	A
I	703077	C	S	32	2	5.88%	2	2	51	33	0.98	1	1	14	18	1	1	G
I	716397	A	M	29	2	6.45%	2	2	42	55	0.98	1	1	21	8	1	1	C
I	717370	A	W	24	5	17.24%	2	2	52	56	0.98	1	1	11	13	3	2	T
I	720022	T	Y	24	2	7.69%	2	1	46	55	0.98	1	1	15	9	0	2	C
I	741392	A	R	28	2	6.67%	2	2	45	37	0.98	1	1	15	13	1	1	G
I	759334	G	T	0	18	100%	0	2	0	39	0.98	0	1	0	0	6	12	T
I	773980	T	Y	16	2	11.11%	2	1	45	74	0.98	1	1	11	5	0	2	C
I	799690	T	Y	24	2	7.69%	2	2	49	49	0.98	1	1	9	15	1	1	C
I	801535	T	K	32	2	5.88%	2	1	40	25	0.98	1	1	20	12	2	0	G
I	804925	A	R	43	4	8.51%	2	2	46	43	0.98	1	1	12	31	2	2	G
I	831943	T	W	14	2	12.5%	2	1	47	25	0.98	1	1	5	9	2	0	A
I	831980	C	M	18	2	10%	2	1	42	27	0.98	1	1	6	12	2	0	A
I	851341	G	K	26	2	7.14%	2	1	53	27	0.98	1	1	15	11	0	2	T
I	860740	C	S	26	2	7.14%	2	2	55	37	0.98	1	1	15	11	1	1	G
I	862964	G	T	0	13	100%	0	2	0	42	0.98	0	1	0	0	10	3	T
I	898707	G	K	30	2	6.25%	2	2	44	37	0.98	1	1	15	15	1	1	T
I	924326	A	M	25	2	7.41%	2	1	45	31	0.98	1	1	15	10	0	2	C
I	935529	G	K	44	3	6.38%	2	1	45	33	0.98	1	1	18	26	0	3	T
I	935560	G	K	26	2	7.14%	2	1	46	31	0.98	1	1	7	19	0	2	T
I	949545	T	K	17	7	29.17%	1	1	36	33	0.98	1	1	0	17	7	0	G
I	949548	G	K	23	2	8%	2	1	34	25	0.98	1	1	8	15	2	0	T
I	949558	G	K	17	2	10.53%	2	1	37	31	0.98	1	1	2	15	2	0	T
I	949583	T	W	17	3	15%	2	1	36	29	0.98	1	1	2	15	3	0	A
I	954259	G	K	19	2	9.52%	2	1	44	31	0.98	1	1	9	10	2	0	T
I	965438	C	M	4	3	37.5%	2	1	37	27	0.98	1	1	1	3	0	3	A
I	968506	A	W	33	2	5.71%	2	2	47	27	0.98	1	1	17	16	1	1	T
I	1008723	G	R	24	2	7.69%	2	1	50	37	0.98	1	1	14	10	0	2	A
I	1011190	C	M	32	2	5.88%	2	2	47	23	0.98	1	1	17	15	1	1	A
I	1015752	A	W	32	2	5.88%	2	1	43	37	0.98	1	1	15	17	0	2	T
I	1015757	A	W	33	2	5.71%	2	1	42	37	0.98	1	1	17	16	0	2	T
I	1018532	C	Y	23	2	8%	2	2	51	37	0.98	1	1	12	11	1	1	T
I	1023101	T	Y	33	2	5.71%	2	2	46	37	0.98	1	1	18	15	1	1	C
I	1029744	T	K	11	4	26.67%	2	1	47	28	0.98	1	1	1	10	4	0	G
I	1038491	G	K	27	2	6.9%	2	2	51	37	0.98	1	1	13	14	1	1	T
I	1055007	T	K	34	2	5.56%	2	2	45	55	0.98	1	1	13	21	1	1	G
I	1072906	A	R	32	2	5.88%	2	1	50	55	0.98	1	1	18	14	0	2	G
I	1091325	C	M	16	2	11.11%	2	1	42	25	0.98	1	1	5	11	0	2	A
I	1094998	C	M	15	2	11.76%	2	2	48	74	0.98	1	1	6	9	1	1	A
I	1103946	A	W	30	2	6.25%	2	2	47	43	0.98	1	1	19	11	1	1	T
I	1117242	A	M	17	2	10.53%	2	1	41	25	0.98	1	1	15	2	0	2	C
I	1131621	A	W	35	2	5.41%	2	2	45	37	0.98	1	1	12	23	1	1	T
I	1186549	T	Y	36	2	5.26%	2	1	46	49	0.98	1	1	24	12	0	2	C
I	1190527	G	R	43	4	8.51%	2	2	48	37	0.98	1	1	17	26	3	1	A
I	1192501	G	K	20	2	9.09%	2	1	35	37	0.98	1	1	1	19	2	0	T
I	1192507	G	K	19	2	9.52%	2	1	40	33	0.98	1	1	2	17	2	0	T
I	1192511	G	K	25	2	7.41%	2	1	37	31	0.98	1	1	4	21	2	0	T
I	1216890	G	R	19	2	9.52%	2	2	50	37	0.98	1	1	8	11	1	1	A
I	1263137	C	M	10	2	16.67%	2	2	51	37	0.98	1	1	6	4	1	1	A
I	1276895	A	R	21	2	8.7%	2	2	44	37	0.98	1	1	7	14	1	1	G
I	1306112	G	K	11	3	21.43%	2	1	41	26	0.98	1	1	3	8	3	0	T
I	1306117	C	M	12	2	14.29%	2	1	42	33	0.98	1	1	4	8	2	0	A
I	1317713	T	K	37	2	5.13%	2	1	45	37	0.98	1	1	15	22	2	0	G
I	1352568	T	Y	21	2	8.7%	2	2	43	74	0.98	1	1	6	15	1	1	C
I	1376494	A	M	38	2	5%	2	1	48	29	0.98	1	1	24	14	0	2	C
I	1380060	G	K	27	2	6.9%	2	1	43	22	0.98	1	1	18	9	0	2	T
I	1405887	G	R	23	2	8%	2	1	46	37	0.98	1	1	14	9	2	0	A
I	1416701	T	W	48	4	7.69%	2	2	46	34	0.98	1	1	19	29	2	2	A
I	1417591	A	M	35	2	5.41%	2	1	39	31	0.98	1	1	17	18	0	2	C
I	1422647	T	Y	31	2	6.06%	2	2	44	37	0.98	1	1	14	17	1	1	C
I	1424709	A	C	0	4	100%	0	2	0	37	0.98	0	1	0	0	3	1	C
I	1428177	G	S	24	2	7.69%	2	1	46	37	0.98	1	1	12	12	0	2	C
I	1463775	G	R	34	2	5.56%	2	2	49	37	0.98	1	1	17	17	1	1	A
I	1479746	G	S	33	2	5.71%	2	1	44	49	0.98	1	1	19	14	0	2	C
I	1483305	T	K	24	2	7.69%	2	1	42	33	0.98	1	1	10	14	2	0	G
I	1504688	T	Y	27	2	6.9%	2	1	51	49	0.98	1	1	11	16	0	2	C
I	1523412	A	R	23	2	8%	2	2	45	55	0.98	1	1	5	18	1	1	G
I	1532076	T	Y	9	2	18.18%	2	1	54	68	0.98	1	1	2	7	0	2	C
I	1535053	T	K	21	2	8.7%	2	1	38	25	0.98	1	1	7	14	2	0	G
I	1535065	C	M	21	2	8.7%	2	1	38	25	0.98	1	1	10	11	2	0	A
I	1535089	T	W	21	2	8.7%	2	1	45	25	0.98	1	1	10	11	2	0	A
I	1535332	G	K	33	2	5.71%	2	1	43	25	0.98	1	1	25	8	0	2	T
I	1535334	A	W	32	3	8.57%	2	1	41	24	0.98	1	1	26	6	0	3	T
I	1545074	T	K	10	4	28.57%	2	1	35	26	0.98	1	1	2	8	4	0	G
I	1545171	C	Y	23	2	8%	2	1	49	37	0.98	1	1	12	11	2	0	T
I	1560120	T	Y	28	2	6.67%	2	2	50	37	0.98	1	1	17	11	1	1	C
I	1569811	G	K	24	3	11.11%	2	2	43	25	0.98	1	1	11	13	1	2	T
I	1576920	G	K	25	2	7.41%	2	1	44	25	0.98	1	1	17	8	0	2	T
I	1599745	C	M	21	3	12.5%	2	1	37	25	0.98	1	1	20	1	0	3	A
I	1604867	T	W	30	2	6.25%	2	2	48	37	0.98	1	1	11	19	1	1	A
I	1625386	A	R	21	2	8.7%	2	1	45	37	0.98	1	1	10	11	2	0	G
I	1627570	T	W	20	2	9.09%	2	2	51	37	0.98	1	1	10	10	1	1	A
I	1654350	T	K	13	2	13.33%	2	1	39	37	0.98	1	1	1	12	2	0	G
I	1704911	G	K	27	2	6.9%	2	1	50	37	0.98	1	1	16	11	0	2	T
I	1719521	A	R	18	2	10%	2	1	43	55	0.98	1	1	12	6	2	0	G
I	1721057	A	M	30	2	6.25%	2	1	41	37	0.98	1	1	19	11	0	2	C
I	1732163	T	K	28	2	6.67%	2	1	42	33	0.98	1	1	10	18	2	0	G
I	1732189	G	K	24	2	7.69%	2	1	49	25	0.98	1	1	9	15	2	0	T
I	1737471	A	W	26	2	7.14%	2	1	42	22	0.98	1	1	10	16	0	2	T
I	1740254	T	Y	38	2	5%	2	2	48	43	0.98	1	1	19	19	1	1	C
I	1759145	T	Y	27	2	6.9%	2	1	49	37	0.98	1	1	9	18	2	0	C
I	1776800	C	M	26	2	7.14%	2	1	49	31	0.98	1	1	14	12	0	2	A
I	1777545	T	Y	18	2	10%	2	1	43	61	0.98	1	1	12	6	0	2	C
I	1778192	A	R	35	2	5.41%	2	2	49	37	0.98	1	1	23	12	1	1	G
I	1783458	C	T	0	32	100%	0	2	0	46	0.98	0	1	0	0	19	13	T
I	1789108	G	T	0	21	100%	0	2	0	41	0.98	0	1	0	0	7	14	T
I	1812931	A	M	26	2	7.14%	2	1	42	33	0.98	1	1	15	11	0	2	C
I	1817407	T	Y	33	2	5.71%	2	2	44	55	0.98	1	1	21	12	1	1	C
I	1823113	T	K	38	2	5%	2	1	51	37	0.98	1	1	23	15	2	0	G
I	1830170	C	Y	34	2	5.56%	2	1	45	37	0.98	1	1	24	10	2	0	T
I	1834158	A	W	12	3	20%	2	1	37	30	0.98	1	1	11	1	0	3	T
I	1834160	G	K	11	4	26.67%	2	1	41	35	0.98	1	1	10	1	0	4	T
I	1839864	G	K	26	2	7.14%	2	1	46	37	0.98	1	1	8	18	2	0	T
I	1842401	G	R	38	2	5%	2	1	51	37	0.98	1	1	22	16	2	0	A
I	1842402	G	K	36	2	5.26%	2	1	54	31	0.98	1	1	23	13	2	0	T
I	1857307	G	R	65	5	7.14%	2	2	48	34	0.98	1	1	25	40	2	3	A
I	1860886	A	M	15	3	16.67%	2	1	41	30	0.98	1	1	14	1	0	3	C
I	1885929	T	K	25	3	10.71%	2	2	40	49	0.98	1	1	7	18	1	2	G
I	1887319	T	W	37	2	5.13%	2	1	49	29	0.98	1	1	17	20	2	0	A
I	1893562	T	K	26	2	7.14%	2	1	42	25	0.98	1	1	3	23	2	0	G
I	1893575	C	M	24	2	7.69%	2	1	42	27	0.98	1	1	1	23	2	0	A
I	1893582	C	M	25	2	7.41%	2	2	41	37	0.98	1	1	3	22	1	1	A
I	1951497	A	W	34	2	5.56%	2	2	43	37	0.98	1	1	20	14	1	1	T
I	1971073	A	R	20	2	9.09%	2	1	53	37	0.98	1	1	12	8	0	2	G
I	1977556	A	M	33	2	5.71%	2	2	44	37	0.98	1	1	13	20	1	1	C
I	1998071	G	K	32	2	5.88%	2	2	43	31	0.98	1	1	20	12	1	1	T
I	1999192	G	C	0	27	100%	0	2	0	45	0.98	0	1	0	0	12	15	C
I	2004615	G	K	15	2	11.76%	2	1	44	37	0.98	1	1	9	6	0	2	T
I	2004620	G	R	15	2	11.76%	2	1	48	37	0.98	1	1	8	7	0	2	A
I	2007396	A	R	31	2	6.06%	2	1	40	37	0.98	1	1	19	12	0	2	G
I	2020316	A	R	34	2	5.56%	2	2	46	37	0.98	1	1	17	17	1	1	G
I	2025000	C	Y	8	2	10%	2	1	41	29	0.98	1	1	5	3	0	2	+T
I	2025098	T	K	20	2	9.09%	2	1	45	37	0.98	1	1	10	10	2	0	G
I	2053528	G	K	16	2	11.11%	2	1	37	29	0.98	1	1	4	12	2	0	T
I	2053667	T	K	30	2	6.25%	2	1	46	31	0.98	1	1	14	16	2	0	G
I	2053958	C	Y	17	2	10.53%	2	1	42	74	0.98	1	1	8	9	2	0	T
I	2084854	T	W	29	2	6.45%	2	1	48	37	0.98	1	1	14	15	2	0	A
I	2093232	T	K	25	2	7.41%	2	2	46	34	0.98	1	1	16	9	1	1	G
I	2093273	A	M	21	4	16%	2	1	40	29	0.98	1	1	18	3	0	4	C
I	2094172	A	R	37	2	5.13%	2	1	46	31	0.98	1	1	16	21	0	2	G
I	2094758	A	R	38	6	13.64%	2	2	46	37	0.98	1	1	24	14	3	3	G
I	2104091	G	T	0	13	100%	0	2	0	45	0.98	0	1	0	0	2	11	T
I	2104097	C	A	0	14	100%	0	2	0	44	0.98	0	1	0	0	3	11	A
I	2104259	C	Y	15	3	16.67%	2	2	41	37	0.98	1	1	6	9	2	1	T
I	2108559	A	R	42	4	8.7%	2	1	46	37	0.98	1	1	20	22	0	4	G
I	2173345	A	R	38	2	5%	2	2	45	37	0.98	1	1	11	27	1	1	G
I	2174479	G	K	24	2	7.69%	2	1	44	25	0.98	1	1	17	7	0	2	T
I	2174507	G	K	19	2	9.52%	2	1	43	25	0.98	1	1	14	5	0	2	T
I	2174514	C	M	17	2	10.53%	2	1	44	25	0.98	1	1	14	3	0	2	A
I	2174523	C	M	19	2	9.52%	2	1	42	25	0.98	1	1	15	4	0	2	A
I	2174528	G	K	18	3	14.29%	2	1	39	29	0.98	1	1	14	4	0	3	T
I	2208497	T	W	20	2	9.09%	2	2	45	55	0.98	1	1	12	8	1	1	A
I	2226944	T	Y	25	2	7.41%	2	2	41	37	0.98	1	1	11	14	1	1	C
I	2227936	T	W	0	2	33.33%	0	1	0	37	0.98	0	1	0	0	0	2	A
I	2235210	A	W	32	2	5.88%	2	1	47	27	0.98	1	1	15	17	0	2	T
I	2235218	C	S	29	2	6.25%	2	2	53	37	0.98	1	1	13	16	1	1	G
I	2270223	A	R	34	2	5.56%	2	2	45	37	0.98	1	1	20	14	1	1	G
I	2277989	C	A	0	22	100%	0	2	0	46	0.98	0	1	0	0	14	8	A
I	2283125	A	R	35	2	5.41%	2	2	47	37	0.98	1	1	17	18	1	1	G
I	2300701	C	Y	31	3	8.82%	2	1	52	37	0.98	1	1	17	14	0	3	T
I	2303850	A	R	27	2	6.9%	2	2	44	74	0.98	1	1	12	15	1	1	G
I	2323320	T	K	37	2	5.13%	2	1	44	25	0.98	1	1	12	25	2	0	G
I	2330186	C	M	23	2	8%	2	1	44	20	0.98	1	1	6	17	2	0	A
I	2341278	A	W	27	2	6.9%	2	1	46	31	0.98	1	1	12	15	0	2	T
I	2344476	T	K	23	2	8%	2	1	43	37	0.98	1	1	12	11	2	0	G
I	2360371	G	R	19	2	9.52%	2	2	52	37	0.98	1	1	14	5	1	1	A
I	2438150	T	W	32	2	5.88%	2	2	40	37	0.98	1	1	12	20	1	1	A
I	2444466	T	K	32	2	5.88%	2	2	47	55	0.98	1	1	17	15	1	1	G
I	2446225	C	S	27	2	6.9%	2	2	48	74	0.98	1	1	13	14	1	1	G
I	2464681	G	K	22	2	8.33%	2	1	49	25	0.98	1	1	14	8	0	2	T
I	2503986	A	M	32	2	5.88%	2	1	39	33	0.98	1	1	28	4	0	2	C
I	2506044	T	A	0	67	100%	0	2	0	48	0.98	0	1	0	0	31	36	A
I	2514104	T	K	37	2	5.13%	2	1	47	37	0.98	1	1	20	17	2	0	G
I	2518390	A	M	28	2	6.67%	2	2	47	37	0.98	1	1	14	14	1	1	C
I	2518410	T	K	29	2	6.45%	2	1	47	37	0.98	1	1	13	16	2	0	G
I	2556757	A	M	14	3	16.67%	2	1	33	33	0.98	1	1	13	1	0	3	C
I	2571788	A	M	16	2	11.11%	2	1	42	25	0.98	1	1	12	4	0	2	C
I	2591454	T	Y	26	2	7.14%	2	2	50	37	0.98	1	1	16	10	1	1	C
I	2605764	T	A	0	26	100%	0	2	0	48	0.98	0	1	0	0	12	14	A
I	2640751	T	K	25	2	7.41%	2	1	44	31	0.98	1	1	10	15	2	0	G
I	2641998	C	Y	4	2	16.67%	2	1	39	33	0.98	1	1	1	3	0	2	+T
I	2689271	G	K	23	2	8%	2	1	50	29	0.98	1	1	8	15	2	0	T
I	2695045	A	R	27	2	6.9%	2	1	46	37	0.98	1	1	11	16	2	0	G
I	2696495	A	M	13	2	13.33%	2	1	34	25	0.98	1	1	10	3	0	2	C
I	2699276	A	R	25	2	7.41%	2	2	43	55	0.98	1	1	12	13	1	1	G
I	2729828	G	R	26	2	7.14%	2	2	42	74	0.98	1	1	13	13	1	1	A
I	2732300	T	Y	14	2	12.5%	2	1	40	55	0.98	1	1	11	3	2	0	C
I	2734612	T	K	22	3	12%	2	1	43	26	0.98	1	1	11	11	3	0	G
I	2746146	G	R	28	2	6.67%	2	2	50	37	0.98	1	1	16	12	1	1	A
I	2747078	A	G	0	24	100%	0	2	0	40	0.98	0	1	0	0	8	16	G
I	2761887	C	Y	19	2	9.52%	2	2	42	37	0.98	1	1	8	11	1	1	T
I	2764629	A	R	22	2	8.33%	2	1	44	55	0.98	1	1	11	11	0	2	G
I	2766965	A	M	21	2	8.7%	2	1	47	55	0.98	1	1	12	9	0	2	C
I	2798531	T	Y	23	2	8%	2	1	45	37	0.98	1	1	9	14	0	2	C
I	2824830	T	K	31	3	8.82%	2	1	39	29	0.98	1	1	6	25	3	0	G
I	2832679	G	S	18	2	10%	2	2	46	37	0.98	1	1	10	8	1	1	C
I	2834205	T	K	22	2	8.33%	2	1	48	37	0.98	1	1	9	13	2	0	G
I	2834349	A	M	23	3	11.54%	2	2	43	37	0.98	1	1	12	11	2	1	C
I	2835727	T	K	24	3	11.11%	2	1	37	31	0.98	1	1	5	19	3	0	G
I	2859118	T	K	37	2	5.13%	2	1	56	37	0.98	1	1	22	15	2	0	G
I	2860794	C	M	17	2	10.53%	2	1	45	27	0.98	1	1	15	2	0	2	A
I	2870399	A	M	21	2	8.7%	2	1	44	37	0.98	1	1	12	9	2	0	C
I	2891127	C	M	25	3	10.71%	2	1	45	26	0.98	1	1	16	9	0	3	A
I	2907017	A	R	29	2	6.45%	2	2	47	49	0.98	1	1	16	13	1	1	G
I	2930317	T	W	35	2	5.41%	2	2	52	25	0.98	1	1	11	24	1	1	A
I	2940829	T	K	26	2	7.14%	2	2	45	31	0.98	1	1	11	15	1	1	G
I	2942994	C	Y	83	5	5.68%	2	2	46	44	0.98	1	1	48	35	4	1	T
I	2943858	T	Y	93	6	6.06%	2	2	52	43	0.98	1	1	53	40	1	5	C
I	2944032	C	M	84	5	5.62%	2	2	47	37	0.98	1	1	42	42	3	2	A
I	2944041	T	Y	82	5	5.75%	2	2	46	33	0.98	1	1	43	39	4	1	C
I	2944248	A	M	119	22	15.6%	2	2	48	46	0.98	1	1	54	65	13	9	C
I	2944257	C	Y	107	19	15.08%	2	2	49	47	0.98	1	1	50	57	11	8	T
I	2957855	A	W	35	2	5.41%	2	1	47	25	0.98	1	1	19	16	0	2	T
I	2960792	A	W	14	4	22.22%	2	2	42	37	0.98	1	1	1	13	2	2	T
I	2990376	A	W	34	3	8.11%	2	2	44	33	0.98	1	1	18	16	1	2	T
I	2997780	T	Y	34	2	5.56%	2	2	55	55	0.98	1	1	7	27	1	1	C
I	3000882	A	M	37	2	5.13%	2	1	46	62	0.98	1	1	20	17	0	2	C
I	3012899	C	Y	35	2	5.41%	2	2	45	31	0.98	1	1	19	16	1	1	T
I	3015654	C	M	17	2	10.53%	2	1	42	31	0.98	1	1	11	6	0	2	A
I	3015694	A	W	18	3	14.29%	2	1	39	37	0.98	1	1	8	10	0	3	T
I	3044170	T	Y	25	2	7.41%	2	1	44	37	0.98	1	1	10	15	2	0	C
I	3077567	C	M	31	2	6.06%	2	1	43	33	0.98	1	1	9	22	2	0	A
I	3111508	A	G	0	32	100%	0	2	0	47	0.98	0	1	0	0	22	10	G
I	3113334	T	W	35	2	5.41%	2	2	53	31	0.98	1	1	14	21	1	1	A
I	3115841	C	A	0	36	100%	0	2	0	49	0.98	0	1	0	0	25	11	A
I	3119299	G	A	0	13	100%	0	2	0	38	0.98	0	1	0	0	6	7	A
I	3144676	A	W	21	2	8.7%	2	1	41	27	0.98	1	1	15	6	0	2	T
I	3153191	T	W	46	3	6.12%	2	1	51	37	0.98	1	1	21	25	0	3	A
I	3159514	A	R	38	2	5%	2	1	46	49	0.98	1	1	18	20	2	0	G
I	3168140	A	M	35	3	7.89%	2	1	44	25	0.98	1	1	15	20	0	3	C
I	3178497	C	Y	19	2	9.52%	2	1	48	37	0.98	1	1	9	10	2	0	T
I	3179238	G	C	0	40	100%	0	2	0	43	0.98	0	1	0	0	19	21	C
I	3180972	C	M	32	2	5.88%	2	1	50	25	0.98	1	1	16	16	0	2	A
I	3191419	T	K	27	2	6.9%	2	1	43	27	0.98	1	1	8	19	2	0	G
I	3191429	G	K	26	4	13.33%	2	1	38	29	0.98	1	1	2	24	4	0	T
I	3191434	C	M	28	2	6.67%	2	1	40	29	0.98	1	1	5	23	2	0	A
I	3191451	G	K	33	2	5.71%	2	1	41	27	0.98	1	1	4	29	2	0	T
I	3199697	C	M	33	2	5.71%	2	1	49	22	0.98	1	1	14	19	2	0	A
I	3202512	G	K	28	2	6.67%	2	1	41	31	0.98	1	1	18	10	2	0	T
I	3241516	C	M	40	3	6.98%	2	1	45	25	0.98	1	1	23	17	0	3	A
I	3246957	C	S	35	2	5.41%	2	1	51	37	0.98	1	1	21	14	2	0	G
I	3257938	A	M	25	2	7.41%	2	1	44	37	0.98	1	1	15	10	2	0	C
I	3304611	T	K	31	4	11.43%	2	1	42	26	0.98	1	1	4	27	4	0	G
I	3329334	A	M	23	2	8%	2	2	42	37	0.98	1	1	12	11	1	1	C
I	3335350	A	M	36	2	5.26%	2	1	40	37	0.98	1	1	27	9	0	2	C
I	3338808	T	Y	26	2	7.14%	2	2	49	49	0.98	1	1	9	17	1	1	C
I	3341666	T	W	18	3	14.29%	2	2	43	40	0.98	1	1	6	12	2	1	A
I	3341778	C	Y	30	2	6.25%	2	1	55	37	0.98	1	1	12	18	2	0	T
I	3347461	T	K	32	2	5.88%	2	1	42	31	0.98	1	1	15	17	2	0	G
I	3348619	T	K	17	2	10.53%	2	1	42	33	0.98	1	1	2	15	2	0	G
I	3349180	T	K	26	2	7.14%	2	1	49	37	0.98	1	1	11	15	2	0	G
I	3370734	G	R	31	2	6.06%	2	2	52	37	0.98	1	1	16	15	1	1	A
I	3370957	A	M	33	2	5.71%	2	2	43	55	0.98	1	1	25	8	1	1	C
I	3423684	A	W	15	2	11.76%	2	1	43	31	0.98	1	1	4	11	0	2	T
I	3478592	A	W	21	2	8.33%	2	1	40	25	0.98	1	1	15	6	0	2	T
I	3484043	C	M	19	2	9.52%	2	1	42	27	0.98	1	1	4	15	2	0	A
I	3492892	G	K	18	2	10%	2	1	45	28	0.98	1	1	14	4	0	2	T
I	3496409	C	M	20	2	9.09%	2	1	42	29	0.98	1	1	3	17	2	0	A
I	3496431	C	M	28	2	6.67%	2	1	37	25	0.98	1	1	6	22	2	0	A
I	3538450	A	T	0	14	100%	0	2	0	54	0.98	0	1	0	0	7	7	T
I	3546317	A	R	25	2	7.41%	2	1	45	31	0.98	1	1	7	18	2	0	G
I	3548913	T	A	0	15	100%	0	2	0	46	0.98	0	1	0	0	7	8	A
I	3559641	C	Y	37	2	5.13%	2	1	54	37	0.98	1	1	20	17	0	2	T
I	3576756	T	Y	1	3	50%	1	2	37	61	0.98	1	1	0	1	1	2	C
I	3583106	G	A	0	37	100%	0	2	0	48	0.98	0	1	0	0	21	16	A
I	3584805	T	K	38	2	5%	2	1	48	37	0.98	1	1	21	17	2	0	G
I	3597284	A	R	19	2	9.52%	2	2	46	37	0.98	1	1	11	8	1	1	G
I	3609897	A	W	5	2	28.57%	2	1	42	37	0.98	1	1	3	2	0	2	T
I	3613910	T	K	21	2	8.7%	2	1	40	27	0.98	1	1	4	17	2	0	G
I	3614006	C	M	32	2	5.88%	2	1	43	22	0.98	1	1	11	21	2	0	A
I	3618245	A	W	27	2	6.9%	2	1	44	27	0.98	1	1	18	9	0	2	T
I	3618296	A	M	27	2	6.9%	2	1	45	33	0.98	1	1	20	7	0	2	C
I	3621376	A	R	20	2	9.09%	2	1	54	37	0.98	1	1	7	13	2	0	G
I	3625204	C	M	22	2	8.33%	2	1	44	31	0.98	1	1	8	14	2	0	A
I	3641676	A	M	27	2	6.9%	2	1	48	33	0.98	1	1	17	10	0	2	C
I	3657385	G	K	23	2	8%	2	1	41	27	0.98	1	1	19	4	0	2	T
I	3657392	A	W	22	2	8.33%	2	1	41	33	0.98	1	1	19	3	0	2	T
I	3657401	C	M	24	3	11.11%	2	1	39	31	0.98	1	1	17	7	0	3	A
I	3659724	C	Y	31	2	5.26%	2	1	40	33	0.98	1	1	26	5	0	2	-T
I	3659751	G	K	36	2	5.26%	2	1	44	25	0.98	1	1	16	20	2	0	T
I	3659753	C	M	34	2	5.56%	2	1	45	25	0.98	1	1	14	20	2	0	A
I	3660180	G	K	29	2	6.45%	2	1	45	25	0.98	1	1	19	10	0	2	T
I	3660191	C	M	29	2	6.45%	2	1	41	31	0.98	1	1	22	7	0	2	A
I	3667250	A	R	37	2	5.13%	2	2	46	37	0.98	1	1	24	13	1	1	G
I	3718789	G	K	15	2	11.76%	2	1	40	31	0.98	1	1	13	2	0	2	T
I	3739125	A	R	23	2	8%	2	2	44	37	0.98	1	1	15	8	1	1	G
I	3761504	C	M	66	4	5.71%	2	2	49	37	0.98	1	1	35	31	2	2	A
I	3761560	T	Y	60	6	9.09%	2	2	48	52	0.98	1	1	37	23	3	3	C
I	3761566	T	Y	59	5	7.81%	2	2	46	59	0.98	1	1	36	23	3	2	C
I	3762889	G	K	22	2	8.33%	2	1	46	25	0.98	1	1	6	16	0	2	T
I	3762943	A	M	29	2	6.45%	2	1	45	31	0.98	1	1	11	18	0	2	C
I	3776886	C	M	11	2	15.38%	2	2	43	25	0.98	1	1	7	4	1	1	A
I	3786029	C	Y	3	4	57.14%	1	1	46	37	0.98	1	1	3	0	0	4	T
I	3786035	C	Y	6	5	45.45%	2	1	49	37	0.98	1	1	3	3	0	5	T
I	3795813	A	M	18	3	14.29%	2	1	42	30	0.98	1	1	9	9	0	3	C
I	3807238	C	S	33	2	5.71%	2	2	48	31	0.98	1	1	16	17	1	1	G
I	3807925	A	M	22	2	8.33%	2	2	48	37	0.98	1	1	12	10	1	1	C
I	3813072	A	R	18	2	10%	2	1	39	37	0.98	1	1	9	9	2	0	G
I	3826328	T	W	31	2	6.06%	2	1	44	37	0.98	1	1	19	12	0	2	A
I	3846755	T	K	27	2	6.9%	2	2	42	25	0.98	1	1	6	21	1	1	G
I	3846837	T	K	37	3	7.5%	2	1	41	37	0.98	1	1	9	28	3	0	G
I	3860935	G	K	9	12	57.14%	2	2	45	48	0.98	1	1	6	3	6	6	T
I	3872896	A	R	34	2	5.56%	2	2	47	55	0.98	1	1	19	15	1	1	G
I	3881235	A	R	38	2	5%	2	2	45	37	0.98	1	1	20	18	1	1	G
I	3901131	T	K	26	4	13.33%	2	1	41	31	0.98	1	1	10	16	4	0	G
I	3901151	C	M	29	2	6.45%	2	1	41	25	0.98	1	1	15	14	2	0	A
I	3901166	G	K	23	3	11.54%	2	1	44	29	0.98	1	1	9	14	3	0	T
I	3901198	A	W	34	2	5.56%	2	1	43	31	0.98	1	1	13	21	2	0	T
I	3929878	A	R	18	2	10%	2	1	51	37	0.98	1	1	7	11	2	0	G
I	3934442	T	K	31	2	6.06%	2	1	48	31	0.98	1	1	10	21	2	0	G
I	3940439	T	Y	33	2	5.71%	2	2	47	37	0.98	1	1	22	11	1	1	C
I	3947587	G	S	21	2	8.7%	2	1	48	37	0.98	1	1	12	9	2	0	C
I	3948598	T	W	36	2	5.26%	2	2	49	37	0.98	1	1	12	24	1	1	A
I	3973652	T	W	30	2	6.25%	2	2	46	37	0.98	1	1	10	20	1	1	A
I	3982703	T	W	26	2	7.14%	2	2	43	23	0.98	1	1	13	13	1	1	A
I	3983670	T	Y	181	10	5.24%	2	2	50	35	0.98	1	1	98	83	5	5	C
I	3984278	C	Y	122	8	6.15%	2	2	48	46	0.98	1	1	65	57	7	1	T
I	3987802	T	K	40	4	9.09%	2	1	44	29	0.98	1	1	17	23	4	0	G
I	3988433	T	W	57	7	10.94%	2	2	52	42	0.98	1	1	28	29	4	3	A
I	3988940	A	R	84	10	10.64%	2	2	47	48	0.98	1	1	36	48	1	9	G
I	3988943	G	R	85	10	10.53%	2	2	46	48	0.98	1	1	38	47	1	9	A
I	3988952	G	R	84	10	10.64%	2	2	46	45	0.98	1	1	35	49	1	9	A
I	3988970	A	R	77	10	11.49%	2	1	44	39	0.98	1	1	32	45	0	10	G
I	3988971	A	R	77	9	10.47%	2	1	44	40	0.98	1	1	31	46	0	9	G
I	3988981	G	R	79	7	8.14%	2	1	46	40	0.98	1	1	36	43	0	7	A
I	3989282	A	G	5	23	82.14%	2	2	34	38	0.98	1	1	1	4	20	3	G
I	3989285	G	A	4	21	84%	2	2	37	35	0.98	1	1	1	3	19	2	A
I	3989294	G	A	3	20	86.96%	2	2	37	38	0.98	1	1	1	2	19	1	A
I	3989312	A	G	0	7	100%	0	1	0	37	0.98	0	1	0	0	7	0	G
I	3989313	A	G	0	7	100%	0	1	0	37	0.98	0	1	0	0	7	0	G
I	3989318	A	G	0	7	100%	0	1	0	37	0.98	0	1	0	0	7	0	G
I	3989323	G	A	0	6	100%	0	1	0	37	0.98	0	1	0	0	6	0	A
I	3989384	G	A	0	17	100%	0	2	0	41	0.98	0	1	0	0	6	11	A
I	3989390	G	A	0	18	100%	0	2	0	46	0.98	0	1	0	0	7	11	A
I	3989404	T	C	0	22	100%	0	2	0	44	0.98	0	1	0	0	8	14	C
I	3989438	A	R	36	2	5.26%	2	1	49	37	0.98	1	1	13	23	0	2	G
I	3989771	A	R	46	3	6.12%	2	1	48	37	0.98	1	1	21	25	0	3	G
I	3992188	G	R	6	3	25%	2	1	42	37	0.98	1	1	5	1	0	3	A
I	3992214	C	A	1	13	92.86%	1	2	25	42	0.98	1	1	0	1	4	9	A
I	4012596	T	Y	27	2	6.9%	2	1	46	55	0.98	1	1	18	9	0	2	C
I	4042795	A	W	26	2	7.14%	2	1	48	37	0.98	1	1	9	17	0	2	T
I	4049850	A	R	21	2	8.7%	2	2	49	37	0.98	1	1	12	9	1	1	G
I	4063640	T	Y	92	5	5.15%	2	1	43	33	0.98	1	1	41	51	5	0	C
I	4063874	C	Y	72	4	5.26%	2	1	48	37	0.98	1	1	36	36	0	4	T
I	4107302	C	Y	56	3	5.08%	2	1	49	37	0.98	1	1	40	16	0	3	T
I	4153651	C	Y	6	2	8.7%	1	1	37	27	0.98	1	1	6	0	0	2	+T
I	4156608	A	M	14	2	12.5%	2	2	38	37	0.98	1	1	10	4	1	1	C
I	4156709	T	K	18	2	10%	2	2	48	37	0.98	1	1	9	9	1	1	G
I	4192110	A	M	22	2	8.33%	2	1	38	37	0.98	1	1	11	11	0	2	C
I	4215178	C	M	17	3	15%	2	1	37	27	0.98	1	1	13	4	0	3	A
I	4221515	T	K	31	3	8.82%	2	1	40	30	0.98	1	1	11	20	3	0	G
I	4223108	G	K	28	2	6.67%	2	1	47	25	0.98	1	1	15	13	0	2	T
I	4223373	G	K	26	2	7.14%	2	1	41	29	0.98	1	1	16	10	0	2	T
I	4224962	A	M	28	2	6.67%	2	1	49	31	0.98	1	1	13	15	0	2	C
I	4225249	C	Y	32	2	5.88%	2	2	41	31	0.98	1	1	15	17	1	1	T
I	4231509	T	K	30	2	6.25%	2	2	49	55	0.98	1	1	11	19	1	1	G
I	4232991	G	R	13	7	12.5%	2	2	42	37	0.98	1	1	2	11	3	4	A
I	4237377	A	M	23	2	8%	2	1	42	49	0.98	1	1	7	16	0	2	C
I	4260294	A	R	38	2	5%	2	1	46	37	0.98	1	1	20	18	2	0	G
I	4268134	T	Y	25	2	7.41%	2	1	47	37	0.98	1	1	11	14	0	2	C
I	4268916	T	K	29	4	12.12%	2	1	39	35	0.98	1	1	5	24	4	0	G
I	4285481	T	Y	30	2	6.25%	2	1	44	37	0.98	1	1	13	17	0	2	C
I	4300422	T	Y	29	2	6.45%	2	2	50	37	0.98	1	1	14	15	1	1	C
I	4316443	C	Y	38	2	5%	2	1	46	55	0.98	1	1	25	13	2	0	T
I	4316464	T	Y	32	2	5.88%	2	1	47	37	0.98	1	1	19	13	2	0	C
I	4316683	A	R	33	5	12.82%	2	2	49	37	0.98	1	1	16	17	4	1	G
I	4316686	G	R	35	3	7.89%	2	2	46	37	0.98	1	1	18	17	1	2	A
I	4316710	T	Y	31	5	13.89%	2	2	47	37	0.98	1	1	15	16	2	3	C
I	4316794	C	Y	37	2	5.13%	2	1	47	55	0.98	1	1	18	19	0	2	T
I	4316806	T	Y	37	2	5.13%	2	1	44	37	0.98	1	1	14	23	2	0	C
I	4316809	T	Y	37	2	5.13%	2	1	46	37	0.98	1	1	17	20	0	2	C
I	4336241	C	M	28	2	6.67%	2	1	41	31	0.98	1	1	19	9	2	0	A
I	4353726	G	K	16	3	15.79%	2	1	42	74	0.98	1	1	7	9	0	3	T
I	4365703	G	R	31	2	6.06%	2	2	52	37	0.98	1	1	22	9	1	1	A
I	4375421	A	T	0	33	100%	0	2	0	44	0.98	0	1	0	0	14	19	T
I	4378721	T	Y	21	2	8.7%	2	1	44	37	0.98	1	1	14	7	0	2	C
I	4381407	G	R	36	2	5.26%	2	2	55	37	0.98	1	1	16	20	1	1	A
I	4400894	G	R	37	2	5.13%	2	2	45	37	0.98	1	1	17	20	1	1	A
I	4427777	C	M	25	3	10.71%	2	1	42	27	0.98	1	1	19	6	0	3	A
I	4435206	A	M	23	2	8%	2	1	40	37	0.98	1	1	16	7	0	2	C
I	4442714	G	A	0	51	100%	0	2	0	49	0.98	0	1	0	0	20	31	A
I	4467731	C	M	26	2	7.14%	2	1	46	31	0.98	1	1	14	12	0	2	A
I	4472201	T	W	22	2	8.33%	2	1	40	31	0.98	1	1	4	18	2	0	A
I	4479828	A	R	38	2	5%	2	1	44	37	0.98	1	1	26	12	2	0	G
I	4486617	C	M	34	2	5.56%	2	1	44	31	0.98	1	1	15	19	2	0	A
I	4491436	A	R	35	2	5.41%	2	1	45	42	0.98	1	1	14	21	0	2	G
I	4505687	C	M	32	2	5.88%	2	1	45	25	0.98	1	1	16	16	2	0	A
I	4523486	T	K	23	2	8%	2	1	47	25	0.98	1	1	11	12	0	2	G
I	4526353	G	R	35	2	5.41%	2	2	46	55	0.98	1	1	19	16	1	1	A
I	4531712	A	W	31	3	8.82%	2	1	43	37	0.98	1	1	14	17	0	3	T
I	4561909	C	S	34	2	5.56%	2	2	48	37	0.98	1	1	16	18	1	1	G
I	4562272	A	M	31	2	6.06%	2	2	51	37	0.98	1	1	16	15	1	1	C
I	4564148	T	K	34	2	5.56%	2	1	55	37	0.98	1	1	10	24	2	0	G
I	4569761	T	K	11	2	15.38%	2	1	60	37	0.98	1	1	4	7	2	0	G
I	4633184	C	Y	31	2	6.06%	2	2	41	37	0.98	1	1	17	14	1	1	T
I	4637798	G	S	37	2	5.13%	2	2	43	37	0.98	1	1	18	19	1	1	C
I	4648112	G	K	29	2	6.45%	2	1	41	25	0.98	1	1	6	23	0	2	T
I	4648145	G	K	26	2	6.45%	2	2	39	55	0.98	1	1	23	3	1	1	+T
I	4648160	G	K	3	8	72.73%	2	2	34	35	0.98	1	1	1	2	4	4	T
I	4648161	G	T	4	21	84%	2	2	31	39	0.98	1	1	3	1	11	10	T
I	4659444	T	K	20	2	9.09%	2	1	41	31	0.98	1	1	5	15	2	0	G
I	4665514	G	R	20	3	13.04%	2	1	42	37	0.98	1	1	15	5	3	0	A
I	4716629	G	K	14	2	12.5%	2	1	44	31	0.98	1	1	8	6	0	2	T
I	4716658	C	M	15	2	11.76%	2	1	44	25	0.98	1	1	12	3	0	2	A
I	4723448	G	K	24	2	7.69%	2	1	52	37	0.98	1	1	16	8	0	2	T
I	4726093	C	Y	28	4	12.5%	2	2	55	34	0.98	1	1	14	14	2	2	T
I	4726094	A	R	28	5	15.15%	2	2	56	34	0.98	1	1	14	14	3	2	G
I	4731109	T	W	11	2	15.38%	2	2	39	37	0.98	1	1	6	5	1	1	A
I	4751490	A	M	34	2	5.56%	2	2	43	25	0.98	1	1	22	12	1	1	C
I	4764296	G	K	33	2	5.71%	2	1	47	27	0.98	1	1	13	20	2	0	T
I	4780545	T	Y	15	2	11.76%	2	2	46	37	0.98	1	1	9	6	1	1	C
I	4785057	G	K	22	2	8.33%	2	2	42	23	0.98	1	1	11	11	1	1	T
I	4796893	G	T	0	25	100%	0	2	0	53	0.98	0	1	0	0	13	12	T
I	4803198	A	M	30	2	6.25%	2	1	46	31	0.98	1	1	9	21	2	0	C
I	4846286	T	Y	14	2	12.5%	2	2	47	37	0.98	1	1	4	10	1	1	C
I	4860146	A	G	1	24	96%	1	2	74	44	0.98	1	1	1	0	11	13	G
I	4876964	T	K	20	2	9.09%	2	1	41	31	0.98	1	1	7	13	2	0	G
I	4893935	T	W	19	2	9.52%	2	1	43	33	0.98	1	1	16	3	0	2	A
I	4893936	C	M	19	3	13.64%	2	1	44	27	0.98	1	1	15	4	0	3	A
I	4894297	A	M	21	2	8.7%	2	1	43	27	0.98	1	1	13	8	0	2	C
I	4911467	A	W	20	2	9.09%	2	1	36	37	0.98	1	1	5	15	2	0	T
I	4918973	C	S	56	4	6.67%	2	2	44	37	0.98	1	1	34	22	2	2	G
I	4919603	A	G	0	61	100%	0	2	0	42	0.98	0	1	0	0	14	47	G
I	4920143	A	W	33	2	5.71%	2	2	41	25	0.98	1	1	20	13	1	1	T
I	4926005	C	M	17	2	10.53%	2	1	46	25	0.98	1	1	12	5	0	2	A
I	4930074	T	K	27	2	6.9%	2	2	42	37	0.98	1	1	14	13	1	1	G
I	4937843	C	M	32	2	5.88%	2	2	46	37	0.98	1	1	19	13	1	1	A
I	4964730	A	R	18	2	10%	2	2	43	74	0.98	1	1	4	14	1	1	G
I	4973827	T	W	16	2	11.11%	2	1	44	25	0.98	1	1	4	12	2	0	A
I	4975139	A	M	26	2	7.14%	2	1	45	37	0.98	1	1	16	10	0	2	C
I	5004986	G	K	36	3	7.69%	2	1	44	33	0.98	1	1	22	14	0	3	T
I	5022883	G	R	18	2	10%	2	2	44	37	0.98	1	1	6	12	1	1	A
I	5035096	T	K	49	4	7.55%	2	2	47	37	0.98	1	1	32	17	2	2	G
I	5036849	T	W	27	3	10%	2	1	41	31	0.98	1	1	24	3	0	3	A
I	5036862	A	M	25	4	13.79%	2	1	41	29	0.98	1	1	19	6	0	4	C
I	5046161	A	M	33	2	5.71%	2	2	48	55	0.98	1	1	11	22	1	1	C
I	5051615	T	K	35	2	5.41%	2	1	45	31	0.98	1	1	13	22	2	0	G
I	5066139	G	K	31	2	6.06%	2	2	42	25	0.98	1	1	20	11	1	1	T
I	5068284	G	S	24	2	7.69%	2	1	41	27	0.98	1	1	6	18	2	0	C
I	5069461	T	K	36	2	5.26%	2	2	46	31	0.98	1	1	12	24	1	1	G
I	5087112	G	K	28	2	6.67%	2	1	46	27	0.98	1	1	16	12	2	0	T
I	5135228	G	R	32	2	5.88%	2	2	48	37	0.98	1	1	21	11	1	1	A
I	5165699	A	W	17	2	10.53%	2	1	42	55	0.98	1	1	10	7	2	0	T
I	5171304	T	Y	25	2	7.41%	2	1	40	37	0.98	1	1	13	12	0	2	C
I	5171584	T	Y	34	2	5.56%	2	2	51	68	0.98	1	1	17	17	1	1	C
I	5201918	T	K	30	2	6.25%	2	1	48	49	0.98	1	1	14	16	2	0	G
I	5223816	T	Y	37	2	5.13%	2	1	45	37	0.98	1	1	20	17	0	2	C
I	5223935	A	M	33	2	5.71%	2	2	45	55	0.98	1	1	18	15	1	1	C
I	5259493	T	W	20	2	9.09%	2	1	41	25	0.98	1	1	10	10	2	0	A
I	5263092	A	R	34	2	5.56%	2	1	48	33	0.98	1	1	19	15	2	0	G
I	5287881	T	K	33	2	5.71%	2	2	41	31	0.98	1	1	28	5	1	1	G
I	5300787	G	K	13	2	13.33%	2	1	45	25	0.98	1	1	2	11	2	0	T
I	5302684	C	S	15	2	11.76%	2	2	46	37	0.98	1	1	10	5	1	1	G
I	5303605	A	M	22	2	8.33%	2	1	52	55	0.98	1	1	10	12	0	2	C
I	5336260	T	W	12	2	14.29%	2	1	50	25	0.98	1	1	7	5	2	0	A
I	5360699	G	K	7	2	22.22%	2	1	42	37	0.98	1	1	1	6	2	0	T
I	5368263	C	Y	4	2	33.33%	2	2	37	55	0.98	1	1	3	1	1	1	T
I	5371625	T	W	22	2	8.33%	2	1	42	25	0.98	1	1	11	11	2	0	A
I	5389107	A	M	30	2	6.25%	2	2	44	31	0.98	1	1	12	18	1	1	C
I	5400080	C	T	0	26	100%	0	2	0	39	0.98	0	1	0	0	11	15	T
I	5404383	T	K	24	2	7.69%	2	1	50	74	0.98	1	1	14	10	2	0	G
I	5408310	A	R	37	2	5.13%	2	2	50	37	0.98	1	1	15	22	1	1	G
I	5419379	A	W	37	2	5.13%	2	2	46	31	0.98	1	1	24	13	1	1	T
I	5426622	C	Y	2	2	5.26%	1	1	37	37	0.98	1	1	2	0	0	2	+T
I	5434083	T	K	12	2	14.29%	2	1	43	25	0.98	1	1	2	10	2	0	G
I	5490669	A	M	27	2	6.9%	2	1	41	31	0.98	1	1	16	11	0	2	C
I	5501589	A	W	15	2	11.76%	2	2	51	37	0.98	1	1	7	8	1	1	T
I	5517179	A	M	20	2	9.09%	2	1	49	37	0.98	1	1	11	9	0	2	C
I	5532910	T	K	22	2	8.33%	2	1	38	25	0.98	1	1	16	6	2	0	G
I	5562193	A	R	25	23	47.92%	2	2	54	46	0.98	1	1	16	9	16	7	G
I	5569168	A	R	40	7	14.89%	2	2	44	41	0.98	1	1	17	23	3	4	G
I	5569182	A	W	45	5	10%	2	2	45	35	0.98	1	1	21	24	2	3	T
I	5573112	A	M	57	5	8.06%	2	2	45	39	0.98	1	1	34	23	4	1	C
I	5573123	T	Y	53	5	8.62%	2	2	42	44	0.98	1	1	30	23	4	1	C
I	5573468	G	R	76	4	5%	2	2	48	46	0.98	1	1	21	55	2	2	A
I	5573480	C	Y	69	4	5.48%	2	2	46	43	0.98	1	1	24	45	2	2	T
I	5573633	G	K	27	4	12.9%	2	2	47	37	0.98	1	1	8	19	2	2	T
I	5573638	T	Y	24	3	11.11%	2	2	48	37	0.98	1	1	8	16	2	1	C
I	5573676	T	Y	24	4	14.29%	2	2	46	46	0.98	1	1	13	11	3	1	C
I	5573686	C	Y	24	2	7.69%	2	2	48	55	0.98	1	1	16	8	1	1	T
I	5573770	A	R	26	5	16.13%	2	2	52	59	0.98	1	1	11	15	2	3	G
I	5573851	T	Y	39	4	9.3%	2	2	44	46	0.98	1	1	25	14	2	2	C
I	5576809	C	Y	8	8	50%	2	2	49	41	0.98	1	1	5	3	5	3	T
I	5579055	C	Y	7	5	41.67%	2	2	49	44	0.98	1	1	2	5	1	4	T
II	5135	C	S	50	5	9.09%	2	2	49	59	0.98	1	1	23	27	3	2	G
II	5157	A	W	54	3	5.26%	2	2	49	74	0.98	1	1	27	27	2	1	T
II	7207	T	Y	15	4	21.05%	2	2	40	37	0.98	1	1	8	7	2	2	C
II	9157	T	W	24	2	7.69%	2	1	47	25	0.98	1	1	14	10	2	0	A
II	15937	T	Y	27	3	10%	2	2	51	33	0.98	1	1	14	13	1	2	C
II	27881	A	M	36	2	5.26%	2	1	47	25	0.98	1	1	24	12	0	2	C
II	29716	G	K	33	2	5.71%	2	1	47	25	0.98	1	1	21	12	2	0	T
II	46943	G	R	13	2	13.33%	2	2	30	37	0.98	1	1	2	11	1	1	A
II	84783	T	K	34	2	5.56%	2	2	47	55	0.98	1	1	21	13	1	1	G
II	105544	T	Y	50	5	9.09%	2	1	52	37	0.98	1	1	27	23	5	0	C
II	105709	C	Y	53	7	11.67%	2	1	44	42	0.98	1	1	23	30	7	0	T
II	105772	A	R	58	6	9.38%	2	2	47	35	0.98	1	1	31	27	2	4	G
II	105776	A	R	60	4	6.25%	2	1	49	37	0.98	1	1	31	29	0	4	G
II	105808	T	Y	61	11	15.28%	2	2	54	53	0.98	1	1	29	32	8	3	C
II	105829	C	Y	67	7	9.46%	2	2	56	56	0.98	1	1	31	36	3	4	T
II	105862	T	Y	63	10	13.7%	2	2	52	61	0.98	1	1	33	30	5	5	C
II	105874	T	Y	75	10	11.76%	2	2	53	42	0.98	1	1	41	34	6	4	C
II	105886	T	Y	73	8	9.88%	2	2	51	50	0.98	1	1	40	33	7	1	C
II	105889	C	Y	74	8	9.76%	2	2	49	50	0.98	1	1	40	34	7	1	T
II	105916	C	Y	67	13	16.25%	2	2	48	56	0.98	1	1	35	32	8	5	T
II	105931	A	W	51	8	13.56%	2	2	51	46	0.98	1	1	29	22	5	3	T
II	105934	T	K	55	6	9.84%	2	2	51	49	0.98	1	1	31	24	4	2	G
II	105936	T	W	54	6	10%	2	2	50	49	0.98	1	1	31	23	4	2	A
II	105973	T	Y	50	6	10.71%	2	2	53	57	0.98	1	1	29	21	2	4	C
II	105974	A	R	51	6	10.53%	2	2	52	61	0.98	1	1	30	21	2	4	G
II	106207	C	Y	73	5	6.41%	2	2	53	66	0.98	1	1	37	36	3	2	T
II	106638	T	Y	57	7	10.94%	2	2	48	47	0.98	1	1	23	34	2	5	C
II	106762	A	R	38	2	5%	2	1	43	37	0.98	1	1	15	23	0	2	G
II	111414	C	Y	31	5	13.89%	2	2	43	42	0.98	1	1	13	18	4	1	T
II	111538	G	R	51	6	10.53%	2	1	45	43	0.98	1	1	36	15	6	0	A
II	111762	A	R	55	4	6.78%	2	2	47	55	0.98	1	1	26	29	2	2	G
II	111969	A	R	56	3	5.08%	2	2	50	49	0.98	1	1	29	27	2	1	G
II	112002	G	R	57	7	10.94%	2	2	53	47	0.98	1	1	32	25	5	2	A
II	112026	G	R	61	5	7.58%	2	2	50	44	0.98	1	1	32	29	3	2	A
II	112059	T	Y	57	3	5%	2	1	51	49	0.98	1	1	31	26	0	3	C
II	112065	G	R	57	3	5%	2	1	51	49	0.98	1	1	32	25	0	3	A
II	112202	C	Y	53	3	5.36%	2	2	50	49	0.98	1	1	23	30	2	1	T
II	112203	G	R	52	3	5.45%	2	2	52	49	0.98	1	1	21	31	2	1	A
II	112240	T	W	58	4	6.45%	2	2	50	37	0.98	1	1	27	31	2	2	A
II	112242	C	M	59	4	6.35%	2	2	50	37	0.98	1	1	29	30	2	2	A
II	112245	A	W	52	4	7.14%	2	2	50	37	0.98	1	1	26	26	3	1	T
II	112260	A	R	61	6	8.96%	2	2	49	39	0.98	1	1	31	30	4	2	G
II	112287	A	R	62	5	7.46%	2	2	47	39	0.98	1	1	33	29	4	1	G
II	112290	G	R	62	4	6.06%	2	2	46	46	0.98	1	1	34	28	3	1	A
II	112302	G	R	58	7	10.77%	2	2	46	49	0.98	1	1	36	22	6	1	A
II	112314	G	R	57	6	9.52%	2	2	49	41	0.98	1	1	36	21	5	1	A
II	112347	A	R	56	5	8.2%	2	2	49	59	0.98	1	1	42	14	3	2	G
II	112365	A	M	47	3	6%	2	1	44	31	0.98	1	1	37	10	0	3	C
II	112559	A	R	35	2	5.41%	2	1	48	74	0.98	1	1	14	21	2	0	G
II	112563	A	R	36	2	5.26%	2	1	47	74	0.98	1	1	15	21	2	0	G
II	112632	G	R	27	3	10%	2	2	48	74	0.98	1	1	16	11	2	1	A
II	150702	T	W	33	2	5.71%	2	2	53	37	0.98	1	1	13	20	1	1	A
II	192998	A	R	38	2	5%	2	1	50	37	0.98	1	1	20	18	2	0	G
II	193086	T	Y	34	2	5.56%	2	1	49	55	0.98	1	1	16	18	0	2	C
II	194039	A	M	14	2	12.5%	2	1	45	37	0.98	1	1	8	6	0	2	C
II	196904	A	R	23	2	8%	2	2	43	49	0.98	1	1	12	11	1	1	G
II	198022	T	K	31	2	6.06%	2	1	41	31	0.98	1	1	18	13	2	0	G
II	206835	C	M	19	2	9.52%	2	1	42	25	0.98	1	1	7	12	2	0	A
II	234516	T	K	22	2	8.33%	2	1	47	27	0.98	1	1	7	15	2	0	G
II	237180	A	M	23	2	8%	2	1	45	27	0.98	1	1	18	5	0	2	C
II	246000	C	M	24	2	7.69%	2	2	55	37	0.98	1	1	13	11	1	1	A
II	257487	C	Y	61	4	6.15%	2	2	46	46	0.98	1	1	38	23	3	1	T
II	257602	G	K	54	3	5.26%	2	1	42	29	0.98	1	1	35	19	0	3	T
II	257946	A	R	53	4	7.02%	2	2	51	64	0.98	1	1	19	34	2	2	G
II	266718	A	C	0	50	100%	0	2	0	45	0.98	0	1	0	0	16	34	C
II	266780	T	A	0	33	100%	0	2	0	40	0.98	0	1	0	0	17	16	A
II	269430	G	K	20	2	9.09%	2	1	42	25	0.98	1	1	3	17	2	0	T
II	276539	A	T	0	43	100%	0	2	0	45	0.98	0	1	0	0	21	22	T
II	283919	A	W	34	2	5.56%	2	2	49	31	0.98	1	1	19	15	1	1	T
II	293287	C	M	30	2	6.25%	2	1	47	31	0.98	1	1	16	14	2	0	A
II	301871	C	Y	29	2	6.45%	2	2	51	37	0.98	1	1	15	14	1	1	T
II	318969	C	M	34	2	5.56%	2	2	46	37	0.98	1	1	13	21	1	1	A
II	322000	G	S	23	2	8%	2	1	42	37	0.98	1	1	14	9	2	0	C
II	335350	A	R	33	2	5.71%	2	2	48	37	0.98	1	1	17	16	1	1	G
II	354596	T	W	31	2	6.06%	2	2	46	37	0.98	1	1	7	24	1	1	A
II	382179	T	Y	43	3	6.52%	2	1	51	49	0.98	1	1	20	23	0	3	C
II	383623	T	Y	32	2	5.88%	2	2	38	37	0.98	1	1	21	11	1	1	C
II	391529	G	K	19	3	13.64%	2	1	36	30	0.98	1	1	3	16	3	0	T
II	397296	C	S	33	2	5.71%	2	1	49	31	0.98	1	1	19	14	2	0	G
II	410130	G	K	21	2	8.7%	2	1	36	29	0.98	1	1	5	16	2	0	T
II	410135	C	M	23	2	8%	2	1	42	28	0.98	1	1	6	17	2	0	A
II	424707	T	K	23	2	8%	2	1	41	25	0.98	1	1	13	10	0	2	G
II	431958	T	K	17	2	10.53%	2	2	51	37	0.98	1	1	11	6	1	1	G
II	471163	T	Y	35	2	5.41%	2	1	49	37	0.98	1	1	18	17	2	0	C
II	486428	A	W	33	2	5.71%	2	1	48	37	0.98	1	1	24	9	0	2	T
II	506158	T	Y	34	2	5.56%	2	2	53	37	0.98	1	1	17	17	1	1	C
II	516477	C	M	38	2	5%	2	2	45	37	0.98	1	1	17	21	1	1	A
II	524109	C	Y	69	4	5.48%	2	2	50	37	0.98	1	1	51	18	2	2	T
II	526945	G	K	69	4	5.48%	2	2	50	46	0.98	1	1	25	44	3	1	T
II	526951	C	T	63	313	83.24%	2	2	49	57	0.98	1	1	21	42	132	181	T
II	526998	G	R	96	9	8.57%	2	2	45	36	0.98	1	1	55	41	3	6	A
II	529833	G	K	27	2	6.9%	2	1	44	27	0.98	1	1	19	8	0	2	T
II	529835	T	K	22	2	8.33%	2	1	43	25	0.98	1	1	11	11	2	0	G
II	529879	C	Y	19	2	9.52%	2	1	35	37	0.98	1	1	11	8	2	0	T
II	539785	A	M	31	2	6.06%	2	1	44	25	0.98	1	1	13	18	2	0	C
II	540670	G	K	31	2	6.06%	2	1	42	27	0.98	1	1	9	22	2	0	T
II	561016	G	K	19	2	9.52%	2	1	45	31	0.98	1	1	12	7	0	2	T
II	561065	A	W	9	3	25%	2	1	52	29	0.98	1	1	4	5	0	3	T
II	561883	A	W	37	2	5.13%	2	2	47	37	0.98	1	1	18	19	1	1	T
II	572600	G	K	25	2	7.41%	2	1	42	27	0.98	1	1	11	14	0	2	T
II	572652	A	W	29	2	6.45%	2	1	39	31	0.98	1	1	18	11	0	2	T
II	572654	G	K	32	3	8.57%	2	1	37	29	0.98	1	1	21	11	0	3	T
II	577784	T	K	50	7	12.28%	2	2	41	37	0.98	1	1	31	19	2	5	G
II	577787	C	M	51	7	12.07%	2	2	43	42	0.98	1	1	30	21	1	6	A
II	578896	T	K	17	3	15%	2	1	49	26	0.98	1	1	8	9	3	0	G
II	578951	T	W	28	2	6.67%	2	1	48	33	0.98	1	1	15	13	2	0	A
II	590759	T	W	36	2	5.26%	2	2	43	37	0.98	1	1	17	19	1	1	A
II	611124	T	W	25	2	7.41%	2	2	42	37	0.98	1	1	16	9	1	1	A
II	659091	C	M	14	2	12.5%	2	2	39	31	0.98	1	1	9	5	1	1	A
II	660367	A	R	9	2	18.18%	2	2	39	37	0.98	1	1	6	3	1	1	G
II	671077	C	Y	89	5	5.32%	2	2	49	37	0.98	1	1	44	45	2	3	T
II	685728	G	A	0	40	100%	0	2	0	49	0.98	0	1	0	0	20	20	A
II	689038	T	Y	93	7	7%	2	2	46	35	0.98	1	1	54	39	5	2	C
II	689212	T	Y	93	6	6%	2	2	46	41	0.98	1	1	42	51	2	4	C
II	689330	T	Y	81	17	17.17%	2	2	49	49	0.98	1	1	30	51	11	6	C
II	689356	T	Y	82	8	8.89%	2	2	50	39	0.98	1	1	39	43	6	2	C
II	689459	G	K	56	4	6.56%	2	2	39	37	0.98	1	1	25	31	3	1	T
II	689485	A	T	0	54	100%	0	2	0	39	0.98	0	1	0	0	32	22	T
II	689487	A	C	0	54	100%	0	2	0	38	0.98	0	1	0	0	31	23	C
II	689686	T	Y	83	6	6.74%	2	2	40	41	0.98	1	1	44	39	4	2	C
II	689752	T	Y	85	7	7.61%	2	2	42	37	0.98	1	1	48	37	5	2	C
II	689758	C	Y	93	5	5.1%	2	2	44	37	0.98	1	1	48	45	4	1	T
II	689794	T	C	2	95	97.94%	2	2	31	44	0.98	1	1	1	1	47	48	C
II	689925	C	Y	104	8	7.08%	2	2	43	40	0.98	1	1	50	54	5	3	T
II	690040	T	Y	93	19	16.96%	2	2	44	53	0.98	1	1	46	47	13	6	C
II	690079	A	W	110	7	5.93%	2	2	49	42	0.98	1	1	47	63	5	2	T
II	690190	T	Y	98	9	8.41%	2	2	47	40	0.98	1	1	39	59	3	6	C
II	690213	T	Y	87	5	5.43%	2	1	49	37	0.98	1	1	45	42	0	5	C
II	690215	G	K	88	5	5.38%	2	1	50	37	0.98	1	1	44	44	0	5	T
II	690604	A	W	94	5	5.05%	2	2	49	44	0.98	1	1	50	44	1	4	T
II	690685	T	K	110	9	7.56%	2	2	48	41	0.98	1	1	54	56	4	5	G
II	690770	G	S	104	10	8.77%	2	2	47	36	0.98	1	1	59	45	7	3	C
II	690832	T	Y	112	6	5.08%	2	2	47	32	0.98	1	1	59	53	4	2	C
II	691234	T	Y	56	4	6.67%	2	2	42	37	0.98	1	1	25	31	2	2	C
II	691504	A	T	5	32	86.49%	2	2	42	43	0.98	1	1	1	4	15	17	T
II	691506	C	G	5	32	86.49%	2	2	42	43	0.98	1	1	1	4	15	17	G
II	691511	G	C	4	32	88.89%	2	2	35	43	0.98	1	1	1	3	15	17	C
II	691516	T	C	3	33	91.67%	2	2	30	41	0.98	1	1	1	2	15	18	C
II	691522	T	C	6	28	82.35%	2	2	33	43	0.98	1	1	3	3	13	15	C
II	691560	T	C	1	12	92.31%	1	2	37	43	0.98	1	1	0	1	5	7	C
II	691562	C	Y	11	10	47.62%	2	2	39	40	0.98	1	1	8	3	3	7	T
II	691588	C	Y	27	5	15.62%	2	2	41	34	0.98	1	1	20	7	2	3	T
II	691615	T	W	42	3	6.67%	2	1	46	37	0.98	1	1	26	16	3	0	A
II	691617	C	Y	46	3	6.12%	2	1	43	49	0.98	1	1	33	13	0	3	T
II	691634	T	Y	52	5	8.77%	2	2	47	38	0.98	1	1	32	20	4	1	C
II	691948	C	Y	91	6	6.19%	2	2	45	33	0.98	1	1	40	51	3	3	T
II	692020	T	Y	81	6	6.82%	2	2	47	43	0.98	1	1	30	51	1	5	C
II	692026	T	Y	80	5	5.88%	2	1	50	37	0.98	1	1	30	50	0	5	C
II	692193	T	Y	24	6	20%	2	2	52	37	0.98	1	1	11	13	1	5	C
II	692195	G	S	20	2	6.45%	2	2	54	37	0.98	1	1	7	13	1	1	C
II	692195	G	K	20	9	29.03%	2	2	54	37	0.98	1	1	7	13	3	6	T
II	692272	C	Y	25	2	7.41%	2	1	53	37	0.98	1	1	10	15	2	0	T
II	692278	T	Y	22	2	8.33%	2	2	53	37	0.98	1	1	9	13	1	1	C
II	692301	T	Y	19	2	9.52%	2	2	50	25	0.98	1	1	7	12	1	1	C
II	692303	C	S	17	2	9.52%	2	2	54	37	0.98	1	1	6	11	1	1	G
II	692303	C	Y	17	2	9.52%	2	2	54	31	0.98	1	1	6	11	1	1	G
II	692332	T	W	16	2	11.11%	2	2	54	37	0.98	1	1	7	9	1	1	A
II	692339	C	Y	11	2	15.38%	2	2	55	37	0.98	1	1	5	6	1	1	T
II	692442	G	C	1	4	80%	1	2	37	35	0.98	1	1	0	1	2	2	C
II	692524	C	Y	13	5	27.78%	2	1	52	33	0.98	1	1	7	6	0	5	T
II	692570	C	Y	18	2	10%	2	2	56	33	0.98	1	1	8	10	1	1	T
II	692710	T	C	3	9	75%	1	2	74	32	0.98	1	1	0	3	8	1	C
II	692848	T	Y	68	6	8.11%	2	2	55	34	0.98	1	1	40	28	5	1	C
II	692884	T	Y	68	8	10.53%	2	2	53	36	0.98	1	1	32	36	6	2	C
II	693100	C	Y	70	4	5.41%	2	2	45	37	0.98	1	1	42	28	2	2	T
II	693106	T	Y	74	8	9.76%	2	2	45	43	0.98	1	1	47	27	5	3	C
II	693172	C	Y	99	6	5.71%	2	2	49	43	0.98	1	1	57	42	1	5	T
II	693244	T	Y	114	17	12.98%	2	2	49	39	0.98	1	1	45	69	9	8	C
II	693347	T	K	81	6	6.9%	2	2	47	35	0.98	1	1	33	48	3	3	G
II	693489	T	Y	28	2	6.67%	2	1	36	37	0.98	1	1	17	11	2	0	C
II	693498	G	S	24	2	7.69%	2	1	36	37	0.98	1	1	18	6	2	0	C
II	693499	C	M	0	2	8%	0	2	0	37	0.98	0	1	0	0	1	1	A
II	693499	C	T	0	23	92%	0	2	0	36	0.98	0	1	0	0	18	5	T
II	693595	C	Y	53	6	10.17%	2	2	50	37	0.98	1	1	38	15	2	4	T
II	693754	T	Y	117	11	8.59%	2	2	52	38	0.98	1	1	70	47	10	1	C
II	693826	T	Y	114	6	5%	2	2	48	35	0.98	1	1	63	51	5	1	C
II	693898	C	Y	118	8	6.35%	2	2	42	37	0.98	1	1	68	50	6	2	T
II	693921	C	Y	106	6	5.26%	2	2	43	37	0.98	1	1	62	44	3	3	T
II	693988	A	W	142	9	5.96%	2	2	47	35	0.98	1	1	86	56	4	5	T
II	694168	T	W	128	7	5.19%	2	2	47	37	0.98	1	1	53	75	2	5	A
II	694171	C	Y	119	11	8.4%	2	2	46	37	0.98	1	1	48	71	4	7	T
II	694186	T	Y	123	11	8.21%	2	2	44	40	0.98	1	1	47	76	3	8	C
II	694294	T	Y	94	5	5.05%	2	1	46	42	0.98	1	1	50	44	5	0	C
II	694612	C	Y	104	6	5.45%	2	2	45	35	0.98	1	1	46	58	4	2	T
II	694618	T	Y	106	7	6.19%	2	2	45	35	0.98	1	1	43	63	6	1	C
II	694641	C	Y	84	10	10.64%	2	2	45	35	0.98	1	1	44	40	3	7	T
II	694643	T	K	88	6	6.19%	2	2	47	35	0.98	1	1	42	46	3	3	G
II	694720	C	Y	79	6	7.06%	2	2	43	37	0.98	1	1	33	46	1	5	T
II	694756	T	Y	77	6	7.14%	2	1	45	37	0.98	1	1	44	33	0	6	C
II	694982	T	Y	62	17	21.52%	2	2	45	39	0.98	1	1	24	38	13	4	C
II	695041	T	K	88	6	6.32%	2	2	47	43	0.98	1	1	51	37	2	4	G
II	695188	T	Y	83	7	7.78%	2	2	46	42	0.98	1	1	37	46	5	2	C
II	695283	C	Y	105	6	5.41%	2	2	49	35	0.98	1	1	48	57	5	1	T
II	695404	T	Y	98	49	33.33%	2	2	46	48	0.98	1	1	55	43	34	15	C
II	695548	T	Y	164	13	7.34%	2	2	47	36	0.98	1	1	74	90	12	1	C
II	695666	T	Y	111	10	8.2%	2	2	43	40	0.98	1	1	41	70	5	5	C
II	695803	A	W	56	3	5.08%	2	1	38	37	0.98	1	1	28	28	3	0	T
II	695824	A	W	43	3	6.52%	2	2	38	37	0.98	1	1	22	21	1	2	T
II	695827	C	T	1	47	97.92%	1	2	37	39	0.98	1	1	1	0	23	24	T
II	695842	T	Y	51	3	5.56%	2	1	41	37	0.98	1	1	23	28	0	3	C
II	695908	T	Y	58	6	9.38%	2	2	38	46	0.98	1	1	23	35	2	4	C
II	695980	T	Y	47	3	5.88%	2	2	38	37	0.98	1	1	15	32	1	2	C
II	696166	T	Y	100	6	5.66%	2	2	45	43	0.98	1	1	50	50	5	1	C
II	696184	A	W	105	6	5.41%	2	2	44	43	0.98	1	1	53	52	4	2	T
II	696186	C	S	105	6	5.41%	2	2	44	41	0.98	1	1	52	53	5	1	G
II	696238	C	Y	108	7	6.09%	2	2	42	35	0.98	1	1	64	44	5	2	T
II	696263	T	K	105	6	5.36%	2	2	42	35	0.98	1	1	60	45	2	4	G
II	696331	A	W	132	9	6.38%	2	2	45	37	0.98	1	1	82	50	2	7	T
II	696350	T	Y	130	15	10.34%	2	2	44	35	0.98	1	1	74	56	5	10	C
II	696376	T	Y	134	12	8.22%	2	2	44	42	0.98	1	1	66	68	9	3	C
II	696543	C	Y	197	16	7.51%	2	2	51	42	0.98	1	1	99	98	6	10	T
II	696592	T	Y	171	13	7.07%	2	2	48	41	0.98	1	1	75	96	4	9	C
II	696638	T	Y	99	57	36.54%	2	2	49	43	0.98	1	1	50	49	23	34	C
II	696664	T	Y	98	37	27.41%	2	2	48	39	0.98	1	1	51	47	17	20	C
II	696736	C	Y	97	7	6.73%	2	2	51	37	0.98	1	1	40	57	1	6	T
II	696760	A	W	89	5	5.32%	2	2	50	37	0.98	1	1	28	61	3	2	T
II	696762	C	S	91	5	5.21%	2	2	50	37	0.98	1	1	29	62	3	2	G
II	696767	G	S	88	7	7.22%	2	2	49	37	0.98	1	1	25	63	5	2	C
II	696774	C	S	91	10	9.9%	2	2	48	36	0.98	1	1	25	66	7	3	G
II	696775	A	W	88	11	11.11%	2	2	48	35	0.98	1	1	21	67	8	3	T
II	696808	C	Y	74	41	35.65%	2	2	45	39	0.98	1	1	17	57	27	14	T
II	696831	C	Y	89	11	11%	2	2	43	42	0.98	1	1	41	48	1	10	T
II	696846	C	S	89	5	5.32%	2	1	45	37	0.98	1	1	46	43	0	5	G
II	696847	A	W	89	5	5.32%	2	1	45	37	0.98	1	1	45	44	0	5	T
II	697060	T	Y	85	7	7.61%	2	2	47	37	0.98	1	1	41	44	4	3	C
II	697124	A	R	92	5	5.1%	2	1	46	37	0.98	1	1	46	46	0	5	G
II	697394	G	S	92	5	5.15%	2	2	46	44	0.98	1	1	46	46	3	2	C
II	697420	T	Y	84	5	5.62%	2	2	47	42	0.98	1	1	36	48	2	3	C
II	697456	T	Y	86	5	5.49%	2	2	43	51	0.98	1	1	40	46	4	1	C
II	697628	A	R	99	8	7.48%	2	2	48	38	0.98	1	1	40	59	6	2	G
II	697642	T	Y	105	7	6.25%	2	2	47	38	0.98	1	1	40	65	4	3	C
II	697682	G	S	86	5	5.49%	2	2	49	49	0.98	1	1	35	51	1	4	C
II	697793	G	R	84	6	6.67%	2	2	45	37	0.98	1	1	41	43	2	4	A
II	697816	T	Y	84	10	10.64%	2	2	45	39	0.98	1	1	42	42	6	4	C
II	697840	A	W	89	5	5.32%	2	1	47	35	0.98	1	1	47	42	5	0	T
II	697842	C	S	91	6	6.19%	2	2	47	35	0.98	1	1	46	45	5	1	G
II	697847	G	S	91	9	9%	2	2	47	38	0.98	1	1	47	44	7	2	C
II	697858	T	Y	98	14	12.5%	2	2	47	42	0.98	1	1	51	47	6	8	C
II	697879	T	W	98	14	12.5%	2	2	46	49	0.98	1	1	47	51	8	6	A
II	697924	C	Y	102	6	5.56%	2	2	50	44	0.98	1	1	44	58	2	4	T
II	698027	G	S	76	7	8.43%	2	2	51	35	0.98	1	1	26	50	1	6	C
II	698032	T	Y	73	6	7.59%	2	1	53	37	0.98	1	1	24	49	0	6	C
II	698038	T	Y	76	4	5%	2	1	51	37	0.98	1	1	23	53	0	4	C
II	699951	T	G	0	22	100%	0	2	0	53	0.98	0	1	0	0	9	13	G
II	699952	G	T	0	22	100%	0	2	0	52	0.98	0	1	0	0	9	13	T
II	699961	A	T	0	23	100%	0	2	0	51	0.98	0	1	0	0	11	12	T
II	700019	T	A	0	18	100%	0	2	0	48	0.98	0	1	0	0	9	9	A
II	700020	C	T	0	18	100%	0	2	0	48	0.98	0	1	0	0	9	9	T
II	700021	A	C	0	18	100%	0	2	0	49	0.98	0	1	0	0	9	9	C
II	700024	T	A	0	20	100%	0	2	0	49	0.98	0	1	0	0	10	10	A
II	700028	A	T	0	21	100%	0	2	0	48	0.98	0	1	0	0	10	11	T
II	700113	A	T	0	28	100%	0	2	0	49	0.98	0	1	0	0	13	15	T
II	769822	T	K	36	2	5.26%	2	2	41	68	0.98	1	1	13	23	1	1	G
II	782380	A	M	21	5	19.23%	2	1	34	28	0.98	1	1	20	1	0	5	C
II	789035	T	K	27	2	6.9%	2	1	40	31	0.98	1	1	8	19	2	0	G
II	789045	A	W	28	2	6.67%	2	1	42	25	0.98	1	1	9	19	2	0	T
II	789088	C	M	27	3	10%	2	1	42	25	0.98	1	1	9	18	3	0	A
II	801120	T	K	20	2	9.09%	2	2	47	37	0.98	1	1	12	8	1	1	G
II	843253	A	R	15	2	11.76%	2	1	45	22	0.98	1	1	8	7	2	0	G
II	856638	A	R	33	2	5.71%	2	2	49	37	0.98	1	1	11	22	1	1	G
II	866763	T	K	28	2	6.67%	2	1	46	25	0.98	1	1	14	14	2	0	G
II	869806	G	C	0	26	100%	0	2	0	51	0.98	0	1	0	0	15	11	C
II	879033	T	A	0	18	100%	0	2	0	45	0.98	0	1	0	0	9	9	A
II	887767	C	M	17	2	10.53%	2	1	42	25	0.98	1	1	7	10	2	0	A
II	891421	T	W	21	2	8.7%	2	2	49	37	0.98	1	1	10	11	1	1	A
II	923205	G	K	17	2	10.53%	2	1	44	27	0.98	1	1	7	10	0	2	T
II	923543	C	A	0	21	100%	0	2	0	51	0.98	0	1	0	0	13	8	A
II	943554	C	A	0	25	100%	0	2	0	51	0.98	0	1	0	0	16	9	A
II	944810	T	W	22	2	8.33%	2	1	45	25	0.98	1	1	17	5	0	2	A
II	953201	A	G	0	18	100%	0	2	0	48	0.98	0	1	0	0	8	10	G
II	967094	A	G	0	11	100%	0	2	0	46	0.98	0	1	0	0	6	5	G
II	969657	A	W	27	2	6.9%	2	1	42	25	0.98	1	1	12	15	0	2	T
II	996003	C	M	31	2	6.06%	2	1	42	31	0.98	1	1	13	18	2	0	A
II	997643	C	Y	10	2	16.67%	2	1	41	29	0.98	1	1	6	4	0	2	T
II	997671	G	R	17	2	8%	2	2	55	33	0.98	1	1	9	8	1	1	A
II	999693	T	W	15	2	11.76%	1	1	37	25	0.98	1	1	0	15	2	0	A
II	1010268	C	Y	36	2	5.26%	2	2	46	37	0.98	1	1	24	12	1	1	T
II	1019625	T	K	14	2	12.5%	2	1	40	25	0.98	1	1	1	13	2	0	G
II	1026627	G	K	27	2	6.9%	2	2	43	37	0.98	1	1	12	15	1	1	T
II	1033584	A	R	18	2	10%	2	2	52	37	0.98	1	1	12	6	1	1	G
II	1044679	A	R	30	2	6.25%	2	2	45	37	0.98	1	1	6	24	1	1	G
II	1045411	A	R	33	3	8.33%	2	1	38	45	0.98	1	1	22	11	3	0	G
II	1068799	A	W	35	2	5.41%	2	2	46	37	0.98	1	1	15	20	1	1	T
II	1076263	T	K	22	2	8.33%	2	1	40	25	0.98	1	1	13	9	2	0	G
II	1076320	C	M	32	2	5.88%	2	1	42	25	0.98	1	1	15	17	2	0	A
II	1081737	C	M	18	2	10%	2	1	45	29	0.98	1	1	8	10	2	0	A
II	1085210	C	M	16	2	11.11%	2	1	36	31	0.98	1	1	14	2	0	2	A
II	1099055	T	K	47	5	9.62%	2	2	45	34	0.98	1	1	19	28	3	2	G
II	1099268	T	Y	29	2	6.45%	2	1	45	37	0.98	1	1	19	10	2	0	C
II	1101935	T	W	34	2	5.56%	2	2	47	25	0.98	1	1	18	16	1	1	A
II	1101943	A	M	28	2	6.67%	2	2	48	55	0.98	1	1	19	9	1	1	C
II	1104941	G	K	18	3	11.54%	2	1	40	37	0.98	1	1	14	4	0	3	T
II	1115134	T	K	26	3	10.34%	2	1	39	29	0.98	1	1	3	23	3	0	G
II	1115144	G	K	28	2	6.67%	2	1	40	29	0.98	1	1	4	24	2	0	T
II	1117417	T	W	25	3	10.71%	2	1	37	29	0.98	1	1	9	16	3	0	A
II	1118996	A	R	16	2	11.11%	2	2	48	37	0.98	1	1	8	8	1	1	G
II	1120983	A	M	34	2	5.56%	2	2	43	37	0.98	1	1	14	20	1	1	C
II	1149971	G	K	12	2	14.29%	1	1	36	33	0.98	1	1	0	12	2	0	T
II	1149977	G	K	11	2	15.38%	1	1	40	33	0.98	1	1	0	11	2	0	T
II	1152479	T	K	23	2	8%	2	1	51	31	0.98	1	1	18	5	2	0	G
II	1155170	T	K	28	2	6.67%	2	1	43	49	0.98	1	1	17	11	0	2	G
II	1155903	T	A	0	22	100%	0	2	0	48	0.98	0	1	0	0	4	18	A
II	1159678	G	C	0	12	100%	0	2	0	40	0.98	0	1	0	0	6	6	C
II	1159694	A	T	0	11	100%	0	2	0	37	0.98	0	1	0	0	6	5	T
II	1161235	A	W	31	2	6.06%	2	1	46	29	0.98	1	1	14	17	0	2	T
II	1163155	T	A	0	2	100%	0	1	0	37	0.98	0	1	0	0	2	0	A
II	1173492	T	Y	22	2	8.33%	2	2	49	55	0.98	1	1	10	12	1	1	C
II	1182132	A	M	33	2	5.71%	2	1	47	37	0.98	1	1	11	22	0	2	C
II	1191819	C	M	22	2	8.33%	2	1	46	37	0.98	1	1	13	9	0	2	A
II	1200994	T	K	35	2	5.41%	2	1	44	25	0.98	1	1	10	25	0	2	G
II	1209729	G	K	27	2	6.9%	2	1	39	55	0.98	1	1	15	12	2	0	T
II	1216967	T	W	29	2	6.45%	2	1	44	37	0.98	1	1	4	25	0	2	A
II	1216970	C	M	29	2	6.45%	2	1	44	37	0.98	1	1	5	24	0	2	A
II	1216971	C	M	30	2	6.25%	2	1	43	37	0.98	1	1	5	25	0	2	A
II	1222526	T	W	29	2	6.45%	2	2	45	31	0.98	1	1	14	15	1	1	A
II	1228808	C	Y	14	2	12.5%	2	2	47	37	0.98	1	1	8	6	1	1	T
II	1243099	C	Y	20	2	9.09%	2	2	44	74	0.98	1	1	10	10	1	1	T
II	1251532	G	K	32	2	5.88%	2	1	48	25	0.98	1	1	13	19	2	0	T
II	1261609	A	M	23	2	8%	2	2	55	31	0.98	1	1	15	8	1	1	C
II	1263303	T	Y	26	2	7.14%	2	1	50	37	0.98	1	1	14	12	2	0	C
II	1264741	G	S	15	2	11.76%	2	1	37	37	0.98	1	1	13	2	0	2	C
II	1277481	G	K	4	3	25%	2	1	39	37	0.98	1	1	2	2	0	3	+TT
II	1299737	A	M	24	2	7.69%	2	2	50	31	0.98	1	1	13	11	1	1	C
II	1300034	C	M	16	4	20%	2	2	38	43	0.98	1	1	11	5	2	2	A
II	1300043	C	M	19	4	17.39%	2	2	42	58	0.98	1	1	11	8	1	3	A
II	1300049	C	M	17	5	21.74%	2	2	40	64	0.98	1	1	11	6	1	4	A
II	1300055	G	R	17	8	32%	2	2	41	61	0.98	1	1	11	6	3	5	A
II	1300061	G	R	21	7	25%	2	2	41	61	0.98	1	1	12	9	3	4	A
II	1300067	G	R	21	10	32.26%	2	2	45	57	0.98	1	1	13	8	5	5	A
II	1300073	G	R	21	11	34.38%	2	2	46	54	0.98	1	1	14	7	6	5	A
II	1300079	T	W	16	13	43.33%	2	2	47	59	0.98	1	1	8	8	8	5	A
II	1300082	G	R	21	10	31.25%	2	2	50	60	0.98	1	1	11	10	6	4	A
II	1300103	C	M	24	13	33.33%	2	2	50	59	0.98	1	1	13	11	6	7	A
II	1300115	G	R	22	17	42.5%	2	2	49	56	0.98	1	1	11	11	9	8	A
II	1300121	C	M	22	16	42.11%	2	2	48	64	0.98	1	1	12	10	8	8	A
II	1300124	C	M	23	16	40%	2	2	48	61	0.98	1	1	13	10	8	8	A
II	1300130	C	M	26	14	35%	2	2	49	61	0.98	1	1	14	12	8	6	A
II	1344686	C	M	19	2	9.52%	2	1	50	31	0.98	1	1	8	11	0	2	A
II	1367810	T	W	28	2	6.67%	2	2	51	37	0.98	1	1	10	18	1	1	A
II	1379652	A	M	35	2	5.41%	2	2	44	37	0.98	1	1	22	13	1	1	C
II	1388687	C	S	27	2	6.9%	2	1	48	49	0.98	1	1	22	5	0	2	G
II	1389262	G	K	25	2	7.41%	2	1	43	31	0.98	1	1	15	10	0	2	T
II	1391797	A	R	37	2	5.13%	2	2	48	37	0.98	1	1	18	19	1	1	G
II	1391801	T	W	36	2	5.26%	2	2	49	37	0.98	1	1	17	19	1	1	A
II	1400707	T	K	31	2	6.06%	2	2	44	55	0.98	1	1	18	13	1	1	G
II	1413588	T	C	0	30	100%	0	2	0	51	0.98	0	1	0	0	16	14	C
II	1427044	A	M	35	2	5.41%	2	1	43	23	0.98	1	1	17	18	2	0	C
II	1434497	G	R	32	4	11.11%	2	2	50	31	0.98	1	1	17	15	2	2	A
II	1437647	A	M	25	2	7.41%	2	2	41	25	0.98	1	1	7	18	1	1	C
II	1463932	T	K	36	2	5.26%	2	1	40	31	0.98	1	1	15	21	2	0	G
II	1479442	T	Y	35	2	5.41%	2	1	47	74	0.98	1	1	17	18	2	0	C
II	1480087	T	K	29	4	12.12%	2	2	47	31	0.98	1	1	12	17	2	2	G
II	1509117	G	S	23	2	8%	2	1	42	37	0.98	1	1	14	9	2	0	C
II	1509241	C	M	35	2	5.41%	2	1	43	25	0.98	1	1	16	19	2	0	A
II	1509252	G	K	38	2	5%	2	1	48	24	0.98	1	1	19	19	2	0	T
II	1525050	G	S	34	3	8.11%	2	1	42	37	0.98	1	1	13	21	0	3	C
II	1525056	A	W	30	3	9.09%	2	1	43	37	0.98	1	1	13	17	0	3	T
II	1555069	G	R	33	2	5.71%	2	1	46	37	0.98	1	1	16	17	0	2	A
II	1555935	C	M	8	4	33.33%	2	1	33	35	0.98	1	1	3	5	4	0	A
II	1555967	C	Y	11	2	15.38%	2	1	39	37	0.98	1	1	3	8	0	2	T
II	1568594	A	M	32	2	5.88%	2	2	47	37	0.98	1	1	21	11	1	1	C
II	1588936	G	R	2	6	46.15%	1	1	37	35	0.98	1	1	2	0	0	6	A
II	1595509	C	Y	28	4	12.5%	2	2	48	46	0.98	1	1	14	14	2	2	T
II	1595775	A	M	34	2	5.56%	2	2	42	25	0.98	1	1	16	18	1	1	C
II	1606809	G	K	114	8	6.56%	2	2	47	44	0.98	1	1	63	51	5	3	T
II	1609273	C	M	41	5	10.87%	2	2	50	37	0.98	1	1	19	22	1	4	A
II	1609312	A	R	40	8	16.67%	2	2	49	46	0.98	1	1	15	25	6	2	G
II	1612878	T	K	36	3	7.69%	2	1	41	27	0.98	1	1	6	30	3	0	G
II	1613039	A	R	12	3	20%	2	2	48	37	0.98	1	1	2	10	1	2	G
II	1613045	A	R	14	2	12.5%	2	2	47	37	0.98	1	1	2	12	1	1	G
II	1623168	A	W	14	2	12.5%	2	2	46	37	0.98	1	1	5	9	1	1	T
II	1623174	T	K	16	2	11.11%	2	2	43	37	0.98	1	1	7	9	1	1	G
II	1634956	C	M	33	2	5.71%	2	1	39	29	0.98	1	1	28	5	0	2	A
II	1637690	C	T	0	4	80%	0	1	0	37	0.98	0	1	0	0	0	4	T
II	1638501	A	R	71	4	5.33%	2	2	50	43	0.98	1	1	30	41	3	1	G
II	1638609	G	K	37	8	17.78%	2	1	44	37	0.98	1	1	29	8	8	0	T
II	1641073	C	M	94	6	6%	2	2	52	55	0.98	1	1	38	56	1	5	A
II	1672859	C	T	0	40	100%	0	2	0	47	0.98	0	1	0	0	22	18	T
II	1673002	G	C	0	35	100%	0	2	0	47	0.98	0	1	0	0	17	18	C
II	1677376	G	R	37	2	5.13%	2	2	51	37	0.98	1	1	15	22	1	1	A
II	1678693	T	A	0	21	100%	0	2	0	42	0.98	0	1	0	0	15	6	A
II	1683324	T	G	0	33	100%	0	2	0	41	0.98	0	1	0	0	10	23	G
II	1697124	C	T	0	28	100%	0	2	0	52	0.98	0	1	0	0	15	13	T
II	1716256	G	K	18	3	10.71%	2	2	35	33	0.98	1	1	14	4	1	2	+T
II	1716272	C	Y	7	18	72%	2	2	30	40	0.98	1	1	2	5	11	7	T
II	1716273	T	Y	16	9	36%	2	2	32	36	0.98	1	1	8	8	2	7	C
II	1716288	G	T	0	20	100%	0	2	0	40	0.98	0	1	0	0	6	14	T
II	1716318	A	G	0	27	100%	0	2	0	40	0.98	0	1	0	0	8	19	G
II	1716320	T	G	0	26	100%	0	2	0	40	0.98	0	1	0	0	7	19	G
II	1716326	G	T	0	30	100%	0	2	0	44	0.98	0	1	0	0	10	20	T
II	1726395	A	R	31	2	6.06%	2	1	40	37	0.98	1	1	14	17	2	0	G
II	1745797	A	W	14	2	12.5%	2	2	41	31	0.98	1	1	6	8	1	1	T
II	1751787	T	W	25	2	7.41%	2	1	43	25	0.98	1	1	8	17	2	0	A
II	1760732	A	M	20	2	9.09%	2	1	50	37	0.98	1	1	9	11	0	2	C
II	1783379	A	M	29	2	6.45%	2	1	42	37	0.98	1	1	13	16	0	2	C
II	1784826	G	A	0	47	100%	0	2	0	49	0.98	0	1	0	0	26	21	A
II	1787958	A	R	35	2	5.41%	2	2	49	55	0.98	1	1	11	24	1	1	G
II	1791034	A	R	15	2	11.76%	2	1	43	37	0.98	1	1	4	11	2	0	G
II	1791320	A	W	31	2	6.06%	2	2	45	37	0.98	1	1	19	12	1	1	T
II	1813943	A	M	35	2	5.41%	2	1	46	31	0.98	1	1	16	19	0	2	C
II	1819654	T	Y	40	4	9.09%	2	2	49	37	0.98	1	1	16	24	2	2	C
II	1837360	A	W	11	4	26.67%	2	2	50	37	0.98	1	1	7	4	2	2	T
II	1849777	G	A	0	23	100%	0	2	0	41	0.98	0	1	0	0	12	11	A
II	1852568	T	K	24	2	7.69%	2	1	46	27	0.98	1	1	7	17	2	0	G
II	1854527	C	S	24	2	7.69%	2	2	47	37	0.98	1	1	10	14	1	1	G
II	1899610	T	W	32	4	11.11%	2	2	46	37	0.98	1	1	13	19	2	2	A
II	1934340	A	R	25	2	7.41%	2	2	43	37	0.98	1	1	10	15	1	1	G
II	1939711	A	W	23	2	8%	2	1	43	25	0.98	1	1	14	9	0	2	T
II	1939741	C	M	26	3	10.34%	2	1	43	29	0.98	1	1	15	11	0	3	A
II	1939743	T	W	24	2	7.69%	2	2	43	22	0.98	1	1	13	11	1	1	A
II	1950050	A	R	4	2	6.06%	2	2	43	33	0.98	1	1	2	2	1	1	G
II	1950053	T	K	29	2	6.45%	2	1	46	51	0.98	1	1	10	19	2	0	G
II	1954746	T	K	19	3	13.64%	2	1	49	26	0.98	1	1	7	12	3	0	G
II	1954753	G	K	19	2	9.52%	2	1	44	27	0.98	1	1	5	14	2	0	T
II	1954793	C	M	21	2	8.7%	2	1	39	31	0.98	1	1	10	11	2	0	A
II	1955495	T	W	2	4	15.38%	1	2	61	44	0.98	1	1	2	0	1	3	A
II	1962419	T	A	0	52	100%	0	2	0	48	0.98	0	1	0	0	31	21	A
II	1962439	A	G	0	58	100%	0	2	0	48	0.98	0	1	0	0	37	21	G
II	1962458	T	A	0	61	100%	0	2	0	45	0.98	0	1	0	0	39	22	A
II	1970572	A	R	22	2	8.33%	2	1	45	37	0.98	1	1	10	12	0	2	G
II	1974957	A	R	35	2	5.41%	2	1	44	37	0.98	1	1	13	22	2	0	G
II	1987098	C	A	0	36	100%	0	2	0	51	0.98	0	1	0	0	20	16	A
II	1996922	A	R	30	3	9.09%	2	1	48	45	0.98	1	1	21	9	3	0	G
II	2001638	A	M	26	2	7.14%	2	1	46	49	0.98	1	1	13	13	0	2	C
II	2009374	G	R	38	2	5%	2	1	44	31	0.98	1	1	23	15	0	2	A
II	2012605	T	Y	54	4	6.9%	2	1	51	46	0.98	1	1	16	38	0	4	C
II	2012607	A	R	56	4	6.67%	2	1	50	43	0.98	1	1	17	39	0	4	G
II	2012613	T	Y	53	4	7.02%	2	1	50	46	0.98	1	1	16	37	0	4	C
II	2012619	G	S	53	4	7.02%	2	1	50	46	0.98	1	1	17	36	0	4	C
II	2044929	A	T	0	37	100%	0	2	0	50	0.98	0	1	0	0	17	20	T
II	2065346	G	K	32	2	5.88%	2	1	44	27	0.98	1	1	9	23	2	0	T
II	2070866	T	K	38	2	5%	2	2	40	37	0.98	1	1	13	25	1	1	G
II	2075792	A	M	11	2	15.38%	2	1	39	29	0.98	1	1	10	1	0	2	C
II	2090577	C	M	29	2	6.45%	2	1	39	29	0.98	1	1	22	7	0	2	A
II	2090606	A	M	22	3	12%	2	1	43	27	0.98	1	1	18	4	0	3	C
II	2108181	C	M	26	3	10.34%	2	1	47	49	0.98	1	1	17	9	0	3	A
II	2115845	A	G	1	94	98.95%	1	2	37	48	0.98	1	1	0	1	42	52	G
II	2118133	G	K	48	3	5.88%	2	1	44	26	0.98	1	1	24	24	0	3	T
II	2123905	G	S	31	2	6.06%	2	2	42	37	0.98	1	1	17	14	1	1	C
II	2126080	A	M	10	2	16.67%	2	1	44	29	0.98	1	1	8	2	0	2	C
II	2141857	A	R	29	2	6.45%	2	2	49	37	0.98	1	1	16	13	1	1	G
II	2141911	G	R	33	2	5.71%	2	2	44	37	0.98	1	1	18	15	1	1	A
II	2142188	T	W	34	2	5.56%	2	2	56	37	0.98	1	1	12	22	1	1	A
II	2147728	C	Y	20	2	9.09%	2	1	45	55	0.98	1	1	11	9	0	2	T
II	2151917	G	K	30	2	6.25%	2	2	53	31	0.98	1	1	12	18	1	1	T
II	2159165	T	K	35	2	5.41%	2	1	53	31	0.98	1	1	13	22	0	2	G
II	2162908	A	R	26	2	7.14%	2	1	50	31	0.98	1	1	8	18	2	0	G
II	2194511	A	M	32	2	5.88%	2	2	52	31	0.98	1	1	19	13	1	1	C
II	2197610	G	R	7	2	22.22%	2	1	36	25	0.98	1	1	2	5	2	0	A
II	2197621	T	W	10	2	16.67%	2	1	38	28	0.98	1	1	1	9	2	0	A
II	2199323	T	Y	33	2	5.71%	2	2	46	37	0.98	1	1	16	17	1	1	C
II	2204110	A	R	38	2	5%	2	2	39	49	0.98	1	1	19	19	1	1	G
II	2218101	T	Y	31	7	18.42%	2	2	45	42	0.98	1	1	18	13	5	2	C
II	2221614	C	S	29	2	6.45%	2	2	42	37	0.98	1	1	16	13	1	1	G
II	2228775	T	G	0	28	100%	0	2	0	44	0.98	0	1	0	0	9	19	G
II	2228777	G	T	0	26	100%	0	2	0	48	0.98	0	1	0	0	8	18	T
II	2233368	A	R	28	2	6.67%	2	2	48	37	0.98	1	1	17	11	1	1	G
II	2255132	G	R	28	2	6.67%	2	2	44	37	0.98	1	1	10	18	1	1	A
II	2261948	T	Y	18	2	10%	2	1	47	37	0.98	1	1	7	11	0	2	C
II	2294571	T	W	13	2	13.33%	2	2	47	37	0.98	1	1	10	3	1	1	A
II	2295150	C	M	29	2	6.45%	2	2	45	37	0.98	1	1	18	11	1	1	A
II	2305570	C	M	37	3	7.5%	2	1	42	33	0.98	1	1	16	21	0	3	A
II	2305583	A	M	34	2	5.56%	2	1	45	25	0.98	1	1	13	21	0	2	C
II	2306260	T	Y	66	4	5.71%	2	2	47	34	0.98	1	1	37	29	2	2	C
II	2316723	C	M	23	2	8%	2	2	50	31	0.98	1	1	15	8	1	1	A
II	2317172	T	K	15	2	11.76%	2	1	39	33	0.98	1	1	6	9	2	0	G
II	2317186	C	M	16	2	11.11%	2	1	43	25	0.98	1	1	8	8	2	0	A
II	2317213	C	M	18	2	10%	2	1	35	24	0.98	1	1	4	14	2	0	A
II	2321660	T	K	36	2	5.26%	2	2	52	49	0.98	1	1	19	17	1	1	G
II	2360221	T	K	39	3	7.14%	2	1	40	26	0.98	1	1	13	26	3	0	G
II	2360237	T	W	37	2	5.13%	2	1	45	25	0.98	1	1	12	25	2	0	A
II	2392914	T	Y	37	2	5.13%	2	2	47	37	0.98	1	1	21	16	1	1	C
II	2403176	T	Y	43	3	6.52%	2	2	48	61	0.98	1	1	22	21	1	2	C
II	2404934	A	W	14	2	12.5%	2	1	36	31	0.98	1	1	9	5	2	0	T
II	2424874	A	R	29	4	12.12%	2	2	48	37	0.98	1	1	13	16	2	2	G
II	2424878	T	W	29	4	12.12%	2	2	47	37	0.98	1	1	13	16	2	2	A
II	2432512	C	M	29	2	6.45%	2	2	53	37	0.98	1	1	15	14	1	1	A
II	2436580	C	G	0	54	100%	0	2	0	45	0.98	0	1	0	0	16	38	G
II	2437612	A	W	109	34	23.78%	2	2	48	45	0.98	1	1	68	41	22	12	T
II	2437627	C	Y	83	68	45.03%	2	2	44	49	0.98	1	1	51	32	40	28	T
II	2437629	G	R	120	32	21.05%	2	2	48	46	0.98	1	1	73	47	20	12	A
II	2437646	G	R	135	42	23.73%	2	2	46	43	0.98	1	1	86	49	32	10	A
II	2437651	T	W	165	14	7.82%	2	2	49	35	0.98	1	1	102	63	10	4	A
II	2437655	G	R	171	10	5.52%	2	2	51	33	0.98	1	1	100	71	9	1	A
II	2437661	T	W	167	12	6.7%	2	2	50	30	0.98	1	1	97	70	8	4	A
II	2437666	T	Y	169	15	8.15%	2	2	50	35	0.98	1	1	98	71	9	6	C
II	2437684	T	W	119	65	35.14%	2	2	51	46	0.98	1	1	71	48	34	31	A
II	2437688	A	R	122	56	31.28%	2	2	52	48	0.98	1	1	75	47	32	24	G
II	2437720	A	W	170	15	8.11%	2	2	50	35	0.98	1	1	103	67	9	6	T
II	2437737	A	R	160	12	6.98%	2	2	50	34	0.98	1	1	85	75	5	7	G
II	2437769	A	W	138	25	15.34%	2	2	48	41	0.98	1	1	72	66	10	15	T
II	2437771	A	M	139	23	14.2%	2	2	50	40	0.98	1	1	74	65	11	12	C
II	2437780	A	W	143	9	5.92%	2	2	49	37	0.98	1	1	71	72	1	8	T
II	2437783	T	Y	141	8	5.37%	2	2	49	37	0.98	1	1	70	71	3	5	C
II	2437786	T	W	144	8	5.26%	2	2	48	33	0.98	1	1	72	72	3	5	A
II	2437855	A	M	88	55	38.46%	2	2	46	46	0.98	1	1	44	44	20	35	C
II	2437871	A	R	125	7	5.3%	2	2	47	37	0.98	1	1	59	66	3	4	G
II	2437918	T	Y	90	32	26.23%	2	2	46	49	0.98	1	1	42	48	11	21	C
II	2437936	A	W	86	19	18.1%	2	2	47	51	0.98	1	1	43	43	7	12	T
II	2437942	G	K	80	19	19.19%	2	2	48	49	0.98	1	1	40	40	8	11	T
II	2437951	C	Y	87	14	13.86%	2	2	49	46	0.98	1	1	39	48	5	9	T
II	2437970	G	R	87	9	9.38%	2	2	47	48	0.98	1	1	38	49	3	6	A
II	2437978	T	Y	83	6	6.74%	2	2	44	55	0.98	1	1	35	48	4	2	C
II	2437985	A	W	78	5	6.02%	2	2	47	44	0.98	1	1	31	47	2	3	T
II	2437987	A	M	77	5	6.1%	2	2	47	44	0.98	1	1	30	47	2	3	C
II	2444543	T	C	0	43	100%	0	2	0	46	0.98	0	1	0	0	23	20	C
II	2449788	T	W	36	2	5.26%	2	2	55	37	0.98	1	1	20	16	1	1	A
II	2449789	C	M	38	2	5%	2	2	53	37	0.98	1	1	22	16	1	1	A
II	2457273	T	K	29	2	6.45%	2	1	47	25	0.98	1	1	11	18	2	0	G
II	2479412	G	S	26	2	7.14%	2	1	47	31	0.98	1	1	16	10	0	2	C
II	2488048	T	K	19	5	20.83%	2	1	40	29	0.98	1	1	5	14	5	0	G
II	2488104	T	W	21	2	8.7%	2	1	39	29	0.98	1	1	4	17	2	0	A
II	2512132	C	Y	29	2	6.45%	2	2	43	37	0.98	1	1	7	22	1	1	T
II	2525870	C	S	24	2	7.69%	2	2	42	37	0.98	1	1	15	9	1	1	G
II	2536702	A	M	39	6	13.33%	2	1	43	31	0.98	1	1	30	9	0	6	C
II	2537662	G	R	36	2	5.26%	2	2	45	37	0.98	1	1	19	17	1	1	A
II	2554900	T	W	39	4	9.3%	2	2	46	74	0.98	1	1	23	16	1	3	A
II	2619952	T	K	25	2	7.41%	2	2	43	37	0.98	1	1	12	13	1	1	G
II	2629015	A	R	22	3	12%	2	2	42	49	0.98	1	1	13	9	2	1	G
II	2630607	C	M	7	3	9.09%	2	1	44	34	0.98	1	1	6	1	0	3	A
II	2638189	C	Y	32	3	8.57%	2	2	47	37	0.98	1	1	16	16	1	2	T
II	2640785	T	W	4	2	7.69%	2	1	58	55	0.98	1	1	1	3	0	2	A
II	2648333	G	R	21	2	8.7%	2	1	45	37	0.98	1	1	9	12	0	2	A
II	2664097	T	K	25	2	7.41%	2	1	47	31	0.98	1	1	15	10	2	0	G
II	2676336	C	T	0	12	100%	0	2	0	49	0.98	0	1	0	0	8	4	T
II	2687630	A	W	27	2	6.9%	2	2	50	37	0.98	1	1	17	10	1	1	T
II	2704418	A	R	36	2	5.26%	2	2	47	41	0.98	1	1	15	21	1	1	G
II	2711194	T	K	14	3	17.65%	1	1	37	26	0.98	1	1	0	14	3	0	G
II	2732651	T	K	9	2	18.18%	2	2	41	31	0.98	1	1	5	4	1	1	G
II	2739955	C	M	26	2	7.14%	2	1	41	31	0.98	1	1	12	14	2	0	A
II	2750327	T	Y	36	2	5.26%	2	1	46	37	0.98	1	1	16	20	0	2	C
II	2765770	C	M	20	2	9.09%	2	1	44	33	0.98	1	1	17	3	0	2	A
II	2766641	T	K	19	2	9.52%	2	1	49	24	0.98	1	1	6	13	2	0	G
II	2766662	T	W	23	2	8%	2	1	36	33	0.98	1	1	2	21	2	0	A
II	2793041	C	Y	24	2	7.69%	2	1	52	74	0.98	1	1	12	12	2	0	T
II	2793485	G	R	33	2	5.71%	2	1	52	37	0.98	1	1	15	18	2	0	A
II	2800618	G	R	33	2	5.71%	2	2	44	37	0.98	1	1	18	15	1	1	A
II	2805964	A	M	33	2	5.71%	2	2	38	37	0.98	1	1	16	17	1	1	C
II	2806053	G	A	0	33	97.06%	0	2	0	43	0.98	0	1	0	0	15	18	A
II	2808811	G	K	16	2	11.11%	2	1	41	27	0.98	1	1	2	14	2	0	T
II	2836238	A	M	18	4	18.18%	2	1	38	37	0.98	1	1	14	4	0	4	C
II	2838440	A	W	30	2	6.25%	2	1	50	31	0.98	1	1	13	17	0	2	T
II	2901509	G	T	0	55	100%	0	2	0	46	0.98	0	1	0	0	20	35	T
II	2913837	T	K	37	2	5.13%	2	1	38	37	0.98	1	1	20	17	2	0	G
II	2914699	T	W	56	3	5.08%	2	1	46	23	0.98	1	1	12	44	3	0	A
II	2919137	A	W	21	2	8.7%	2	2	41	25	0.98	1	1	9	12	1	1	T
II	2919631	G	R	35	2	5.41%	2	1	49	37	0.98	1	1	17	18	0	2	A
II	2942985	A	M	17	2	10.53%	2	1	46	31	0.98	1	1	12	5	0	2	C
II	2947050	A	M	33	2	5.71%	2	1	48	37	0.98	1	1	21	12	0	2	C
II	2955092	A	W	25	3	10.71%	2	1	46	33	0.98	1	1	20	5	0	3	T
II	2955098	C	M	25	4	13.79%	2	1	44	26	0.98	1	1	23	2	0	4	A
II	2955111	C	M	24	3	11.11%	2	1	45	33	0.98	1	1	20	4	0	3	A
II	2955127	A	M	25	3	10.71%	2	1	46	33	0.98	1	1	18	7	0	3	C
II	2961094	C	Y	28	2	6.67%	2	2	48	37	0.98	1	1	13	15	1	1	T
II	2973886	C	Y	28	2	6.67%	2	1	44	37	0.98	1	1	13	15	0	2	T
II	2977736	A	W	33	4	10.81%	2	2	47	37	0.98	1	1	19	14	2	2	T
II	3006137	A	T	0	28	100%	0	2	0	43	0.98	0	1	0	0	19	9	T
II	3011523	T	K	26	2	7.14%	2	2	41	25	0.98	1	1	17	9	1	1	G
II	3032061	A	M	23	2	8%	2	2	40	37	0.98	1	1	6	17	1	1	C
II	3038768	A	R	24	2	7.69%	2	2	49	37	0.98	1	1	13	11	1	1	G
II	3062430	T	W	19	2	9.52%	2	1	39	25	0.98	1	1	5	14	2	0	A
II	3076365	T	K	15	2	11.76%	2	2	44	37	0.98	1	1	11	4	1	1	G
II	3095105	A	R	17	2	10.53%	2	1	38	37	0.98	1	1	6	11	2	0	G
II	3096503	A	R	13	2	13.33%	2	2	44	37	0.98	1	1	3	10	1	1	G
II	3096625	C	M	11	4	26.67%	2	2	39	55	0.98	1	1	1	10	3	1	A
II	3112447	G	K	24	2	7.69%	2	1	43	29	0.98	1	1	14	10	2	0	T
II	3112475	G	K	30	2	6.25%	2	1	45	27	0.98	1	1	18	12	2	0	T
II	3139644	G	K	10	2	16.67%	2	1	38	31	0.98	1	1	9	1	0	2	T
II	3139652	G	K	11	2	15.38%	2	1	37	25	0.98	1	1	10	1	0	2	T
II	3143613	C	M	22	2	8.33%	2	2	49	37	0.98	1	1	13	9	1	1	A
II	3164471	T	K	20	2	9.09%	2	1	42	28	0.98	1	1	7	13	2	0	G
II	3170831	T	Y	35	3	7.89%	2	2	50	74	0.98	1	1	13	22	1	2	C
II	3174260	C	M	13	2	13.33%	2	1	52	31	0.98	1	1	4	9	0	2	A
II	3195946	C	M	34	2	5.56%	2	1	39	30	0.98	1	1	14	20	0	2	A
II	3220772	T	Y	37	2	5.13%	2	2	51	37	0.98	1	1	21	16	1	1	C
II	3230697	T	Y	23	2	8%	2	1	50	37	0.98	1	1	13	10	0	2	C
II	3236682	A	M	27	2	6.9%	2	2	42	55	0.98	1	1	10	17	1	1	C
II	3251786	A	R	34	2	5.56%	2	2	46	31	0.98	1	1	20	14	1	1	G
II	3289593	T	K	29	2	6.45%	2	1	48	49	0.98	1	1	13	16	2	0	G
II	3317201	A	R	32	2	5.88%	2	1	53	37	0.98	1	1	22	10	2	0	G
II	3323879	G	K	15	3	16.67%	2	1	49	30	0.98	1	1	4	11	3	0	T
II	3323896	C	M	17	2	10.53%	2	1	45	25	0.98	1	1	4	13	2	0	A
II	3340397	T	W	17	2	10.53%	2	1	47	25	0.98	1	1	7	10	2	0	A
II	3380228	C	M	19	2	9.52%	2	1	41	25	0.98	1	1	9	10	2	0	A
II	3395830	G	K	13	2	13.33%	2	1	47	31	0.98	1	1	9	4	0	2	T
II	3408314	A	M	16	2	11.11%	2	2	43	37	0.98	1	1	7	9	1	1	C
II	3413267	A	M	28	2	6.67%	2	1	42	25	0.98	1	1	13	15	0	2	C
II	3426940	T	K	23	2	8%	2	1	43	22	0.98	1	1	8	15	2	0	G
II	3434234	C	M	38	2	5%	2	2	43	37	0.98	1	1	19	19	1	1	A
II	3440761	T	K	34	2	5.56%	2	1	51	37	0.98	1	1	17	17	2	0	G
II	3443042	G	K	31	2	6.06%	2	2	50	37	0.98	1	1	8	23	1	1	T
II	3464078	G	K	24	2	7.69%	2	1	43	31	0.98	1	1	10	14	2	0	T
II	3474628	C	M	24	2	7.69%	2	2	40	31	0.98	1	1	13	11	1	1	A
II	3484664	A	W	26	2	7.14%	2	1	51	31	0.98	1	1	13	13	2	0	T
II	3505724	C	M	16	2	11.11%	2	1	40	31	0.98	1	1	11	5	0	2	A
II	3512948	A	W	14	2	12.5%	2	1	40	37	0.98	1	1	8	6	2	0	T
II	3514226	A	R	28	2	6.67%	2	1	48	37	0.98	1	1	12	16	2	0	G
II	3525618	A	R	31	2	6.06%	2	1	41	55	0.98	1	1	19	12	2	0	G
II	3526283	A	W	42	4	8.7%	2	2	49	37	0.98	1	1	18	24	2	2	T
II	3532163	A	M	9	2	16.67%	2	1	43	37	0.98	1	1	7	2	0	2	C
II	3535805	A	W	30	2	6.25%	2	2	42	37	0.98	1	1	13	17	1	1	T
II	3547066	C	Y	20	2	9.09%	2	1	49	74	0.98	1	1	10	10	2	0	T
II	3612424	T	K	14	2	12.5%	2	1	49	27	0.98	1	1	5	9	2	0	G
II	3612718	G	S	30	2	6.25%	2	2	46	55	0.98	1	1	14	16	1	1	C
II	3613956	A	M	27	2	6.9%	2	1	46	37	0.98	1	1	13	14	0	2	C
II	3624136	A	R	51	3	5.56%	2	1	44	37	0.98	1	1	15	36	0	3	G
II	3627592	T	Y	34	2	5.56%	2	2	43	37	0.98	1	1	17	17	1	1	C
II	3641289	G	S	24	2	7.69%	2	2	47	37	0.98	1	1	10	14	1	1	C
II	3664412	G	K	31	2	6.06%	2	1	43	27	0.98	1	1	23	8	0	2	T
II	3664435	C	M	34	2	5.56%	2	1	42	27	0.98	1	1	25	9	0	2	A
II	3689907	T	K	20	2	9.09%	2	1	38	31	0.98	1	1	7	13	2	0	G
II	3691177	T	W	31	2	6.06%	2	2	43	37	0.98	1	1	18	13	1	1	A
II	3704829	G	S	13	2	13.33%	2	2	50	55	0.98	1	1	6	7	1	1	C
II	3715581	G	R	25	2	7.41%	2	1	47	37	0.98	1	1	11	14	0	2	A
II	3718625	T	Y	32	2	5.88%	2	1	46	37	0.98	1	1	16	16	0	2	C
II	3769582	T	Y	26	2	7.14%	2	1	45	37	0.98	1	1	12	14	2	0	C
II	3799350	G	R	2	2	20%	1	1	33	31	0.98	1	1	2	0	0	2	A
II	3818386	T	W	35	2	5.41%	2	1	49	33	0.98	1	1	24	11	2	0	A
II	3854050	T	K	37	2	5.13%	2	2	44	37	0.98	1	1	18	19	1	1	G
II	3855687	T	W	23	2	8%	2	2	41	37	0.98	1	1	11	12	1	1	A
II	3860185	C	M	26	6	10.34%	2	1	47	33	0.98	1	1	3	23	6	0	A
II	3860190	A	M	25	13	34.21%	2	2	45	42	0.98	1	1	3	22	9	4	C
II	3861465	T	K	13	2	13.33%	2	1	36	27	0.98	1	1	3	10	2	0	G
II	3861515	T	K	10	3	23.08%	2	1	38	33	0.98	1	1	3	7	3	0	G
II	3866283	A	R	31	2	6.06%	2	1	46	49	0.98	1	1	22	9	2	0	G
II	3866785	A	R	26	2	7.14%	2	2	51	31	0.98	1	1	5	21	1	1	G
II	3874166	A	R	29	2	6.45%	2	2	47	37	0.98	1	1	15	14	1	1	G
II	3875216	G	R	32	2	5.88%	2	2	47	55	0.98	1	1	16	16	1	1	A
II	3876446	A	R	36	2	5.26%	2	2	44	37	0.98	1	1	11	25	1	1	G
II	3893561	A	M	30	2	6.25%	2	2	46	31	0.98	1	1	8	22	1	1	C
II	3898213	G	K	22	3	12%	2	1	45	37	0.98	1	1	5	17	3	0	T
II	3898214	A	M	23	4	14.81%	2	1	46	37	0.98	1	1	5	18	4	0	C
II	3910669	A	M	35	2	5.41%	2	1	44	55	0.98	1	1	19	16	0	2	C
II	3923037	C	Y	16	2	11.11%	2	2	50	37	0.98	1	1	11	5	1	1	T
II	3924319	A	M	21	2	8.7%	2	1	40	25	0.98	1	1	9	12	0	2	C
II	3925652	T	K	31	2	6.06%	2	1	54	31	0.98	1	1	20	11	2	0	G
II	3946781	T	K	27	2	6.9%	2	1	49	37	0.98	1	1	18	9	2	0	G
II	3947304	T	W	38	2	5%	2	1	45	49	0.98	1	1	19	19	0	2	A
II	3951265	G	R	35	2	5.41%	2	2	41	31	0.98	1	1	7	28	1	1	A
II	3952433	C	M	34	2	5.56%	2	1	49	37	0.98	1	1	3	31	0	2	A
II	3957719	C	M	11	2	15.38%	2	1	44	27	0.98	1	1	4	7	2	0	A
II	3974217	C	M	14	2	12.5%	2	1	43	27	0.98	1	1	10	4	0	2	A
II	3980632	T	Y	13	12	48%	2	2	47	45	0.98	1	1	7	6	5	7	C
II	3987092	C	M	20	2	9.09%	2	2	40	37	0.98	1	1	13	7	1	1	A
II	4031439	G	K	17	2	10.53%	2	1	34	25	0.98	1	1	11	6	0	2	T
II	4037197	A	R	67	15	18.07%	2	2	42	45	0.98	1	1	32	35	8	7	G
II	4055307	A	M	32	2	5.88%	2	1	42	55	0.98	1	1	16	16	0	2	C
II	4056658	T	Y	35	2	5.41%	2	1	53	37	0.98	1	1	18	17	2	0	C
II	4076934	T	K	33	2	5.71%	2	1	47	37	0.98	1	1	14	19	0	2	G
II	4081471	G	K	31	2	6.06%	2	1	43	25	0.98	1	1	16	15	2	0	T
II	4081487	G	K	34	2	5.56%	2	1	43	33	0.98	1	1	18	16	2	0	T
II	4081527	T	K	33	2	5.71%	2	1	40	22	0.98	1	1	16	17	2	0	G
II	4086438	T	Y	22	2	8.33%	2	2	48	37	0.98	1	1	9	13	1	1	C
II	4088674	C	M	26	2	7.14%	2	1	40	29	0.98	1	1	20	6	0	2	A
II	4098615	T	K	37	2	5.13%	2	2	42	37	0.98	1	1	23	14	1	1	G
II	4100773	C	Y	33	2	5.71%	2	1	49	68	0.98	1	1	19	14	2	0	T
II	4102725	T	W	19	2	9.52%	2	1	51	27	0.98	1	1	12	7	2	0	A
II	4122326	T	C	0	34	100%	0	2	0	44	0.98	0	1	0	0	17	17	C
II	4130919	C	M	17	2	10.53%	2	2	36	55	0.98	1	1	11	6	1	1	A
II	4134119	G	S	37	5	11.9%	2	2	47	44	0.98	1	1	22	15	2	3	C
II	4142197	T	K	17	2	10.53%	2	1	37	27	0.98	1	1	9	8	2	0	G
II	4153949	T	Y	27	2	6.9%	2	2	47	55	0.98	1	1	14	13	1	1	C
II	4162297	C	M	33	2	5.41%	2	2	43	23	0.98	1	1	17	16	1	1	A
II	4164199	T	Y	24	2	7.69%	2	1	42	37	0.98	1	1	8	16	0	2	C
II	4183985	A	M	29	2	6.45%	2	1	48	25	0.98	1	1	13	16	0	2	C
II	4204902	T	K	50	3	5.66%	2	1	47	33	0.98	1	1	20	30	3	0	G
II	4207033	G	K	29	2	6.45%	2	1	46	31	0.98	1	1	19	10	0	2	T
II	4255789	A	W	34	2	5.56%	2	2	55	74	0.98	1	1	22	12	1	1	T
II	4268148	G	R	24	2	7.69%	2	2	41	37	0.98	1	1	4	20	1	1	A
II	4273694	G	R	34	2	5.56%	2	1	48	37	0.98	1	1	16	18	2	0	A
II	4274027	A	R	41	3	6.82%	2	1	49	37	0.98	1	1	23	18	0	3	G
II	4316808	T	W	32	2	5.88%	2	2	50	37	0.98	1	1	21	11	1	1	A
II	4321161	G	R	38	2	5%	2	2	47	37	0.98	1	1	18	20	1	1	A
II	4325185	G	K	27	2	6.9%	2	1	47	25	0.98	1	1	15	12	2	0	T
II	4329019	G	K	18	2	10%	2	1	40	22	0.98	1	1	15	3	0	2	T
II	4335454	A	M	20	2	9.09%	2	1	43	25	0.98	1	1	9	11	0	2	C
II	4338683	G	K	10	2	16.67%	2	1	39	31	0.98	1	1	9	1	0	2	T
II	4338762	A	M	9	2	18.18%	2	1	35	37	0.98	1	1	8	1	0	2	C
II	4344841	C	Y	28	2	6.67%	2	2	40	68	0.98	1	1	13	15	1	1	T
II	4344847	C	Y	25	2	7.41%	2	2	39	74	0.98	1	1	9	16	1	1	T
II	4345274	T	K	16	2	11.11%	2	1	42	31	0.98	1	1	5	11	2	0	G
II	4351764	A	R	29	2	6.45%	2	2	47	37	0.98	1	1	15	14	1	1	G
II	4371993	T	K	36	2	5.26%	2	1	47	55	0.98	1	1	18	18	2	0	G
II	4373273	T	Y	30	2	6.25%	2	2	48	37	0.98	1	1	17	13	1	1	C
II	4387568	G	K	29	2	6.45%	2	1	40	31	0.98	1	1	4	25	2	0	T
II	4387569	A	W	25	2	7.41%	2	1	40	29	0.98	1	1	3	22	2	0	T
II	4398641	G	K	24	2	7.69%	2	1	41	31	0.98	1	1	16	8	0	2	T
II	4398652	A	W	26	2	7.14%	2	1	39	31	0.98	1	1	18	8	0	2	T
II	4400666	A	C	0	14	100%	0	2	0	38	0.98	0	1	0	0	4	10	C
II	4400803	T	Y	15	2	11.76%	2	2	41	74	0.98	1	1	10	5	1	1	C
II	4422375	T	Y	64	4	5.88%	2	2	46	46	0.98	1	1	30	34	3	1	C
II	4422685	A	R	50	4	7.41%	2	2	46	37	0.98	1	1	29	21	3	1	G
II	4422723	A	R	53	3	5.36%	2	1	46	37	0.98	1	1	22	31	3	0	G
II	4422812	T	W	51	3	5.56%	2	2	44	31	0.98	1	1	28	23	1	2	A
II	4423500	C	Y	68	4	5.56%	2	2	48	37	0.98	1	1	40	28	3	1	T
II	4423525	G	R	73	4	5.19%	2	1	45	31	0.98	1	1	40	33	4	0	A
II	4432795	A	M	21	2	8.7%	2	1	47	25	0.98	1	1	13	8	0	2	C
II	4442077	A	R	36	2	5.26%	2	1	44	29	0.98	1	1	12	24	2	0	G
II	4444769	C	M	32	2	5.88%	2	1	45	31	0.98	1	1	21	11	0	2	A
II	4475533	G	K	18	2	10%	2	1	44	37	0.98	1	1	7	11	2	0	T
II	4475854	A	M	37	2	5.13%	2	2	50	55	0.98	1	1	27	10	1	1	C
II	4484744	A	M	38	2	5%	2	2	48	37	0.98	1	1	23	15	1	1	C
II	4485006	G	R	11	2	15.38%	2	2	47	37	0.98	1	1	4	7	1	1	A
II	4488363	A	M	22	2	8.33%	2	2	56	25	0.98	1	1	12	10	1	1	C
II	4490434	C	Y	24	4	14.29%	2	2	47	37	0.98	1	1	14	10	2	2	T
II	4497010	A	R	21	2	8.7%	2	2	45	37	0.98	1	1	9	12	1	1	G
II	4497028	G	R	19	2	9.52%	2	2	46	31	0.98	1	1	10	9	1	1	A
II	4497050	C	M	22	2	8.33%	2	1	40	33	0.98	1	1	12	10	0	2	A
II	4497110	G	K	17	2	8.7%	2	1	43	31	0.98	1	1	10	7	0	2	-T
II	4499550	T	Y	36	2	5.26%	2	1	51	31	0.98	1	1	13	23	0	2	C
II	4502746	C	S	10	2	16.67%	2	1	43	43	0.98	1	1	5	5	2	0	G
II	4505717	A	R	13	2	13.33%	2	2	38	49	0.98	1	1	6	7	1	1	G
II	4507789	G	S	60	5	7.69%	2	2	49	54	0.98	1	1	40	20	1	4	C
II	4513966	A	R	61	9	12.86%	2	2	48	49	0.98	1	1	26	35	1	8	G
II	4513980	A	W	61	7	10.29%	2	2	45	51	0.98	1	1	29	32	1	6	T
II	4514146	A	M	37	2	5.13%	2	1	40	31	0.98	1	1	15	22	0	2	C
II	4516143	T	Y	35	2	5.41%	2	1	43	37	0.98	1	1	18	17	2	0	C
II	4516145	T	Y	37	2	5.13%	2	1	43	37	0.98	1	1	18	19	2	0	C
II	4517047	T	Y	85	6	5.17%	2	2	49	43	0.98	1	1	36	49	5	1	C
II	4517512	A	M	37	4	9.76%	2	1	42	31	0.98	1	1	22	15	0	4	C
II	4517781	T	W	102	6	5.56%	2	2	47	49	0.98	1	1	72	30	5	1	A
II	4517905	T	Y	132	7	5.04%	2	2	46	52	0.98	1	1	59	73	6	1	C
II	4517914	C	Y	130	7	5.11%	2	2	46	52	0.98	1	1	66	64	5	2	T
II	4518134	C	Y	126	7	5.26%	2	2	46	52	0.98	1	1	43	83	1	6	T
II	4518309	C	Y	73	4	5.19%	2	1	50	64	0.98	1	1	28	45	4	0	T
II	4518427	T	Y	77	6	7.23%	2	2	45	53	0.98	1	1	47	30	4	2	C
II	4521636	C	Y	10	13	56.52%	2	2	46	42	0.98	1	1	4	6	5	8	T
II	4523882	C	Y	44	33	42.86%	2	2	43	44	0.98	1	1	26	18	14	19	T
II	4525357	G	K	49	4	7.55%	2	1	42	28	0.98	1	1	11	38	4	0	T
II	4525822	C	Y	14	8	36.36%	2	2	44	49	0.98	1	1	5	9	2	6	T
II	4525894	C	Y	10	2	16.67%	2	1	44	37	0.98	1	1	2	8	0	2	T
II	4525966	C	Y	16	6	27.27%	2	2	43	49	0.98	1	1	6	10	4	2	T
II	4527856	A	W	38	2	5%	2	1	44	22	0.98	1	1	26	12	0	2	T
II	4527879	G	S	34	4	10.53%	2	1	46	43	0.98	1	1	16	18	0	4	C
II	4527881	C	Y	23	5	17.86%	2	1	45	39	0.98	1	1	16	7	0	5	T
II	4527912	A	M	26	3	10.34%	2	1	36	29	0.98	1	1	13	13	0	3	C
II	4529116	T	Y	66	55	45.45%	2	2	52	47	0.98	1	1	30	36	24	31	C
II	4529911	T	Y	64	4	5.88%	2	2	45	52	0.98	1	1	23	41	1	3	C
II	4529965	A	R	33	33	50%	2	2	47	46	0.98	1	1	12	21	10	23	G
II	4530323	G	R	42	3	6.67%	2	1	48	49	0.98	1	1	13	29	0	3	A
II	4530797	C	Y	59	10	14.49%	2	2	52	48	0.98	1	1	32	27	7	3	T
II	4531033	G	S	52	40	43.48%	2	2	47	45	0.98	1	1	31	21	23	17	C
II	4531092	G	R	61	44	41.9%	2	2	48	46	0.98	1	1	26	35	25	19	A
II	4531414	T	Y	73	83	52.87%	2	2	46	47	0.98	1	1	51	22	57	26	C
II	4531492	A	R	143	14	8.92%	2	2	51	39	0.98	1	1	84	59	11	3	G
II	4531592	G	R	89	60	40.27%	2	2	43	49	0.98	1	1	50	39	25	35	A
II	4531749	C	Y	78	38	32.76%	2	2	45	38	0.98	1	1	30	48	21	17	T
II	4531764	A	R	53	63	54.31%	2	2	42	42	0.98	1	1	19	34	34	29	G
II	4532088	G	K	66	74	52.86%	2	2	51	46	0.98	1	1	38	28	50	24	T
II	4532323	C	Y	83	21	20.19%	2	2	46	49	0.98	1	1	51	32	11	10	T
II	4533394	T	Y	68	41	37.61%	2	2	46	52	0.98	1	1	22	46	19	22	C
II	4533451	T	Y	64	38	37.25%	2	2	42	45	0.98	1	1	28	36	16	22	C
II	4533598	G	R	86	38	30.65%	2	2	44	43	0.98	1	1	55	31	21	17	A
II	4533617	A	R	97	43	30.71%	2	2	44	47	0.98	1	1	58	39	20	23	G
II	4533636	C	Y	86	63	42.28%	2	2	46	47	0.98	1	1	38	48	35	28	T
II	4533744	T	Y	102	58	36.25%	2	2	45	49	0.98	1	1	48	54	30	28	C
II	4533922	G	R	129	79	37.98%	2	2	44	47	0.98	1	1	51	78	33	46	A
II	4533994	T	Y	146	97	39.92%	2	2	46	46	0.98	1	1	93	53	68	29	C
II	4534246	C	M	132	89	40.27%	2	2	43	48	0.98	1	1	66	66	47	42	A
II	4534498	A	M	107	60	35.93%	2	2	46	45	0.98	1	1	58	49	33	27	C
II	4537214	T	Y	240	62	20.46%	2	2	53	49	0.98	1	1	127	113	26	36	C
II	4537402	A	R	191	24	11.16%	2	2	49	41	0.98	1	1	93	98	5	19	G
II	4537670	A	R	82	5	5.75%	2	2	49	37	0.98	1	1	51	31	3	2	G
II	4537844	T	Y	67	25	27.17%	2	2	46	40	0.98	1	1	38	29	15	10	C
II	4537980	C	Y	151	15	9.04%	2	2	46	51	0.98	1	1	89	62	4	11	T
II	4538027	A	R	217	40	15.56%	2	2	48	47	0.98	1	1	147	70	31	9	G
II	4538036	G	K	213	262	55.16%	2	2	46	55	0.98	1	1	161	52	193	69	T
II	4538038	A	R	213	310	59.27%	2	2	46	56	0.98	1	1	166	47	231	79	G
II	4538047	G	R	690	55	7.38%	2	2	54	54	0.98	1	1	518	172	43	12	A
II	4538048	C	Y	312	429	57.89%	2	2	49	56	0.98	1	1	241	71	316	113	T
II	4538052	A	R	237	512	68.36%	2	2	47	57	0.98	1	1	188	49	370	142	G
II	4538065	G	R	744	43	5.46%	2	2	57	57	0.98	1	1	520	224	30	13	A
II	4538091	T	Y	327	440	56.19%	2	2	48	60	0.98	1	1	216	111	265	175	C
II	4538114	A	R	211	72	25.44%	2	2	46	45	0.98	1	1	141	70	12	60	G
II	4538115	G	K	214	75	25.95%	2	2	47	44	0.98	1	1	145	69	12	63	T
II	4538116	G	R	216	75	25.77%	2	2	47	44	0.98	1	1	145	71	12	63	A
II	4538118	G	R	211	73	25.7%	2	2	47	45	0.98	1	1	141	70	12	61	A
II	4538122	G	S	209	74	26.15%	2	2	47	45	0.98	1	1	137	72	12	62	C
II	4538125	A	W	212	75	26.13%	2	2	48	44	0.98	1	1	139	73	12	63	T
II	4538126	C	S	219	75	25.51%	2	2	49	44	0.98	1	1	140	79	12	63	G
II	4538128	A	R	217	73	24.91%	2	2	49	45	0.98	1	1	139	78	12	61	G
II	4538155	T	K	329	53	13.87%	2	2	47	39	0.98	1	1	173	156	4	49	G
II	4538164	A	W	240	143	37.34%	2	2	49	42	0.98	1	1	153	87	17	126	T
II	4538203	A	W	258	21	7.5%	2	2	48	52	0.98	1	1	102	156	7	14	T
II	4538216	A	W	255	21	7.61%	2	2	49	51	0.98	1	1	100	155	7	14	T
II	4538238	T	K	278	21	7.02%	2	2	49	51	0.98	1	1	116	162	7	14	G
II	4538244	A	R	274	21	7.09%	2	2	49	49	0.98	1	1	113	161	7	14	G
II	4538556	T	Y	86	10	10.42%	2	2	44	38	0.98	1	1	61	25	9	1	C
II	4538770	T	Y	83	22	20.95%	2	2	41	44	0.98	1	1	46	37	15	7	C
II	4538906	C	Y	183	63	25.61%	2	2	48	44	0.98	1	1	96	87	40	23	T
II	4539524	G	R	42	40	48.78%	2	2	46	52	0.98	1	1	20	22	16	24	A
II	4539673	T	W	33	22	40%	2	2	46	44	0.98	1	1	14	19	11	11	A
II	4539725	T	Y	29	18	38.3%	2	2	43	49	0.98	1	1	7	22	8	10	C
III	113	T	Y	356	20	5.31%	2	2	52	58	0.98	1	1	274	82	14	6	C
III	115	G	R	360	19	5.01%	2	2	54	57	0.98	1	1	276	84	13	6	A
III	5850	A	M	491	49	8.8%	2	1	38	31	0.98	1	1	445	46	0	49	C
III	16720	A	M	528	60	9.97%	2	1	37	30	0.98	1	1	495	33	0	60	C
III	29109	A	W	17	2	10.53%	2	1	50	55	0.98	1	1	8	9	0	2	T
III	29121	G	R	19	2	9.52%	2	1	53	55	0.98	1	1	10	9	0	2	A
III	29133	A	R	20	2	9.09%	2	1	46	55	0.98	1	1	12	8	0	2	G
III	30292	G	K	32	2	5.88%	2	1	38	33	0.98	1	1	26	6	0	2	T
III	32920	T	Y	20	2	9.09%	2	1	58	37	0.98	1	1	10	10	2	0	C
III	32932	A	W	20	2	9.09%	2	1	59	37	0.98	1	1	10	10	2	0	T
III	32989	A	M	24	4	14.29%	2	2	52	55	0.98	1	1	10	14	2	2	C
III	33004	T	Y	33	4	10.81%	2	2	51	64	0.98	1	1	19	14	2	2	C
III	33006	C	S	32	4	11.11%	2	2	51	64	0.98	1	1	19	13	2	2	G
III	35585	G	K	29	2	6.45%	2	1	40	25	0.98	1	1	16	13	0	2	T
III	50688	A	M	16	2	11.11%	2	1	50	25	0.98	1	1	8	8	0	2	C
III	64497	C	M	26	2	7.14%	2	1	43	31	0.98	1	1	14	12	0	2	A
III	80739	A	W	25	2	7.41%	2	2	49	37	0.98	1	1	14	11	1	1	T
III	81398	C	M	31	2	6.06%	2	2	46	30	0.98	1	1	19	12	1	1	A
III	81410	C	M	30	2	6.25%	2	1	43	31	0.98	1	1	17	13	0	2	A
III	85010	C	Y	22	2	8.33%	2	1	48	37	0.98	1	1	12	10	0	2	T
III	88663	C	M	28	2	6.67%	2	1	39	27	0.98	1	1	19	9	0	2	A
III	99120	T	K	38	2	5%	2	1	45	31	0.98	1	1	21	17	2	0	G
III	116420	A	R	36	2	5.26%	2	1	45	37	0.98	1	1	24	12	2	0	G
III	123340	N	A	0	18	100%	0	2	0	43	0.98	0	1	0	0	5	13	A
III	133366	C	M	29	2	6.45%	2	2	48	74	0.98	1	1	11	18	1	1	A
III	147471	G	R	17	2	10.53%	2	2	47	31	0.98	1	1	7	10	1	1	A
III	154841	A	R	33	4	10.81%	2	2	45	37	0.98	1	1	17	16	2	2	G
III	169835	T	K	25	2	7.41%	2	2	43	37	0.98	1	1	13	12	1	1	G
III	174484	T	Y	32	2	5.88%	2	1	46	31	0.98	1	1	18	14	2	0	C
III	178917	T	K	19	2	9.52%	2	1	36	31	0.98	1	1	1	18	2	0	G
III	178922	G	K	18	2	10%	1	1	38	31	0.98	1	1	0	18	2	0	T
III	178932	G	K	17	2	10.53%	1	1	38	31	0.98	1	1	0	17	2	0	T
III	180589	A	W	32	2	5.88%	2	2	49	37	0.98	1	1	15	17	1	1	T
III	207689	G	K	34	2	5.56%	2	2	48	37	0.98	1	1	15	19	1	1	T
III	210066	C	G	0	2	100%	0	2	0	42	0.98	0	1	0	0	1	1	G
III	212679	T	K	55	4	6.78%	2	2	50	64	0.98	1	1	33	22	2	2	G
III	213003	G	R	38	3	7.32%	2	1	43	37	0.98	1	1	22	16	3	0	A
III	213008	C	Y	36	3	7.69%	2	1	44	37	0.98	1	1	20	16	3	0	T
III	213056	T	Y	38	2	5%	2	2	49	37	0.98	1	1	26	12	1	1	C
III	213668	T	Y	36	2	5.26%	2	1	47	74	0.98	1	1	20	16	2	0	C
III	213777	G	S	36	2	5.26%	2	2	51	55	0.98	1	1	14	22	1	1	C
III	219998	T	W	28	2	6.67%	2	1	48	37	0.98	1	1	15	13	0	2	A
III	220004	G	K	30	2	6.25%	2	1	45	37	0.98	1	1	14	16	0	2	T
III	220013	T	W	30	2	6.25%	2	1	49	37	0.98	1	1	16	14	0	2	A
III	220020	A	R	30	2	6.25%	2	1	47	37	0.98	1	1	14	16	0	2	G
III	222508	C	M	16	2	11.11%	2	2	44	37	0.98	1	1	7	9	1	1	A
III	226991	G	R	46	3	6.12%	2	2	46	61	0.98	1	1	15	31	2	1	A
III	226999	G	K	52	4	7.14%	2	2	47	49	0.98	1	1	17	35	3	1	T
III	227003	C	Y	52	3	5.45%	2	2	48	61	0.98	1	1	15	37	2	1	T
III	227078	A	R	46	4	8%	2	1	46	37	0.98	1	1	16	30	0	4	G
III	227084	G	R	47	3	6%	2	1	45	37	0.98	1	1	15	32	0	3	A
III	227096	A	R	51	4	7.27%	2	1	45	37	0.98	1	1	18	33	0	4	G
III	227730	A	T	0	44	100%	0	2	0	46	0.98	0	1	0	0	20	24	T
III	228230	T	Y	51	3	5.56%	2	2	49	61	0.98	1	1	31	20	2	1	C
III	265909	A	M	26	2	7.14%	2	1	41	31	0.98	1	1	12	14	0	2	C
III	284657	C	A	0	16	100%	0	2	0	52	0.98	0	1	0	0	7	9	A
III	286712	T	K	31	2	6.06%	2	2	47	55	0.98	1	1	13	18	1	1	G
III	320850	T	Y	29	2	6.45%	2	1	45	37	0.98	1	1	17	12	0	2	C
III	321494	G	K	25	2	7.41%	2	1	44	29	0.98	1	1	3	22	2	0	T
III	347099	G	R	36	2	5.26%	2	2	46	37	0.98	1	1	12	24	1	1	A
III	352469	T	K	29	2	6.45%	2	1	41	25	0.98	1	1	10	19	2	0	G
III	353483	G	K	20	2	9.09%	2	1	47	37	0.98	1	1	7	13	0	2	T
III	360201	A	M	9	2	16.67%	2	1	36	25	0.98	1	1	7	2	0	2	C
III	364873	A	M	29	2	6.25%	2	2	40	55	0.98	1	1	25	4	1	1	C
III	370190	A	R	33	2	5.71%	2	1	44	37	0.98	1	1	20	13	2	0	G
III	371549	A	W	22	3	12%	2	1	39	23	0.98	1	1	17	5	0	3	T
III	384531	A	M	31	2	6.06%	2	2	54	37	0.98	1	1	17	14	1	1	C
III	391977	T	K	25	2	7.41%	2	2	43	23	0.98	1	1	12	13	1	1	G
III	402942	G	K	33	4	10.81%	2	2	45	37	0.98	1	1	12	21	2	2	T
III	403405	A	W	36	2	5.26%	2	1	46	23	0.98	1	1	18	18	2	0	T
III	408524	C	Y	25	2	7.41%	2	2	40	37	0.98	1	1	14	11	1	1	T
III	435590	C	M	17	3	15%	2	1	41	30	0.98	1	1	12	5	0	3	A
III	458508	G	K	26	2	7.14%	2	2	43	31	0.98	1	1	9	17	1	1	T
III	484103	C	M	29	2	6.45%	2	1	46	37	0.98	1	1	15	14	2	0	A
III	486419	A	W	18	3	14.29%	2	1	54	61	0.98	1	1	9	9	3	0	T
III	489619	G	R	100	7	6.54%	2	2	50	40	0.98	1	1	56	44	2	5	A
III	489623	C	Y	97	8	7.62%	2	2	49	40	0.98	1	1	56	41	2	6	T
III	503328	G	S	29	2	6.45%	2	1	45	37	0.98	1	1	10	19	0	2	C
III	528126	C	Y	28	2	6.67%	2	1	42	74	0.98	1	1	15	13	2	0	T
III	569680	T	K	24	2	7.69%	2	1	43	25	0.98	1	1	8	16	2	0	G
III	569747	C	M	27	2	6.9%	2	1	42	25	0.98	1	1	9	18	2	0	A
III	577812	G	K	32	2	5.88%	2	1	43	25	0.98	1	1	17	15	0	2	T
III	580458	T	Y	15	2	11.76%	2	2	51	37	0.98	1	1	8	7	1	1	C
III	591774	C	Y	29	5	14.71%	2	2	46	51	0.98	1	1	10	19	1	4	T
III	602527	A	R	32	2	5.88%	2	2	50	55	0.98	1	1	15	17	1	1	G
III	615118	G	K	69	4	5.48%	2	2	42	37	0.98	1	1	23	46	2	2	T
III	619147	T	K	10	4	28.57%	2	1	34	29	0.98	1	1	3	7	4	0	G
III	620814	T	K	38	2	5%	2	2	45	25	0.98	1	1	16	22	1	1	G
III	622543	T	K	29	2	6.45%	2	2	52	37	0.98	1	1	13	16	1	1	G
III	629188	T	Y	35	2	5.41%	2	1	43	55	0.98	1	1	23	12	2	0	C
III	668347	A	W	23	2	8%	2	1	41	25	0.98	1	1	12	11	0	2	T
III	676844	A	W	35	3	7.89%	2	1	49	37	0.98	1	1	14	21	0	3	T
III	680968	A	R	30	4	11.76%	2	2	47	37	0.98	1	1	14	16	2	2	G
III	684266	C	M	10	2	16.67%	2	1	49	28	0.98	1	1	6	4	2	0	A
III	720588	C	M	8	2	20%	2	1	46	25	0.98	1	1	4	4	2	0	A
III	720632	C	M	10	3	23.08%	2	1	35	29	0.98	1	1	5	5	3	0	A
III	743207	A	W	28	2	6.67%	2	2	44	31	0.98	1	1	12	16	1	1	T
III	743802	T	K	37	2	5.13%	2	1	44	37	0.98	1	1	18	19	0	2	G
III	769547	A	M	12	2	14.29%	2	1	43	31	0.98	1	1	11	1	0	2	C
III	789203	T	K	37	2	5.13%	2	1	44	37	0.98	1	1	22	15	2	0	G
III	790585	T	W	36	2	5.26%	2	2	40	31	0.98	1	1	16	20	1	1	A
III	790593	T	W	35	2	5.41%	2	2	41	31	0.98	1	1	19	16	1	1	A
III	792707	A	M	30	2	6.25%	2	1	50	37	0.98	1	1	15	15	0	2	C
III	810906	T	K	14	2	12.5%	2	1	42	25	0.98	1	1	7	7	2	0	G
III	838059	G	K	21	2	8.7%	2	1	43	31	0.98	1	1	12	9	2	0	T
III	842910	T	K	24	2	7.69%	2	1	38	25	0.98	1	1	3	21	2	0	G
III	869005	G	K	38	2	5%	2	1	49	25	0.98	1	1	14	24	2	0	T
III	922973	T	K	22	2	8.33%	2	1	43	37	0.98	1	1	10	12	2	0	G
III	936736	G	K	8	2	20%	2	1	36	31	0.98	1	1	1	7	2	0	T
III	939498	T	K	23	2	8%	2	1	44	25	0.98	1	1	8	15	2	0	G
III	946408	C	S	28	2	6.67%	2	1	41	37	0.98	1	1	15	13	2	0	G
III	962376	C	Y	556	53	8.7%	2	2	52	52	0.98	1	1	263	293	25	28	T
III	963322	G	R	91	11	10.78%	2	2	48	52	0.98	1	1	39	52	3	8	A
III	963343	A	G	9	89	90.82%	2	2	48	47	0.98	1	1	1	8	32	57	G
III	964242	G	R	25	2	7.41%	2	2	49	37	0.98	1	1	7	18	1	1	A
III	966218	C	M	34	3	8.11%	2	1	41	31	0.98	1	1	9	25	3	0	A
III	970892	C	Y	13	2	10%	2	1	44	33	0.98	1	1	6	7	0	2	-T
III	975726	A	M	18	3	14.29%	2	1	40	26	0.98	1	1	12	6	0	3	C
III	985871	C	Y	17	2	9.52%	2	1	36	29	0.98	1	1	16	1	0	2	T
III	985904	C	M	21	2	8.7%	2	1	41	27	0.98	1	1	1	20	2	0	A
III	986331	G	R	19	2	9.52%	2	2	46	37	0.98	1	1	9	10	1	1	A
III	1003599	T	W	18	2	10%	2	1	41	37	0.98	1	1	12	6	2	0	A
III	1004508	A	M	33	2	5.71%	2	1	44	55	0.98	1	1	23	10	0	2	C
III	1008281	A	M	15	2	11.76%	2	1	40	25	0.98	1	1	10	5	0	2	C
III	1025233	T	W	26	2	7.14%	2	2	45	68	0.98	1	1	13	13	1	1	A
III	1026341	T	W	22	2	8.33%	2	2	43	31	0.98	1	1	14	8	1	1	A
III	1036082	A	M	35	2	5.41%	2	1	47	29	0.98	1	1	20	15	2	0	C
III	1040594	G	K	23	2	8%	2	1	52	25	0.98	1	1	12	11	0	2	T
III	1046374	A	M	31	2	6.06%	2	2	48	55	0.98	1	1	15	16	1	1	C
III	1053167	A	M	34	2	5.56%	2	2	48	49	0.98	1	1	14	20	1	1	C
III	1053304	T	W	25	2	7.41%	2	1	42	25	0.98	1	1	16	9	0	2	A
III	1058550	C	M	38	2	5%	2	1	45	27	0.98	1	1	28	10	0	2	A
III	1058566	G	K	36	3	7.69%	2	1	44	28	0.98	1	1	30	6	0	3	T
III	1058588	T	W	30	2	6.06%	2	1	42	33	0.98	1	1	24	6	0	2	A
III	1058594	A	M	31	3	8.57%	2	1	39	37	0.98	1	1	28	3	0	3	C
III	1071415	A	R	22	4	15.38%	2	2	50	74	0.98	1	1	10	12	2	2	G
III	1075653	G	K	137	9	6.16%	2	2	43	56	0.98	1	1	55	82	8	1	T
III	1084110	A	R	26	2	7.14%	2	2	48	55	0.98	1	1	16	10	1	1	G
III	1084128	A	W	30	2	6.25%	2	1	50	55	0.98	1	1	14	16	2	0	T
III	1084286	G	K	67	26	27.96%	2	2	47	43	0.98	1	1	39	28	8	18	T
III	1086750	C	M	44	7	13.73%	2	2	42	35	0.98	1	1	16	28	5	2	A
III	1086789	A	R	48	7	12.73%	2	2	44	42	0.98	1	1	18	30	5	2	G
III	1088863	G	R	71	4	5.33%	2	2	53	55	0.98	1	1	40	31	1	3	A
III	1090345	A	M	32	2	5.88%	2	1	48	27	0.98	1	1	21	11	0	2	C
III	1090364	T	K	26	2	7.14%	2	1	41	29	0.98	1	1	7	19	2	0	G
III	1094061	T	W	22	2	8.33%	2	1	40	20	0.98	1	1	11	11	2	0	A
III	1098041	A	W	24	2	7.69%	2	1	50	37	0.98	1	1	15	9	2	0	T
III	1098042	A	W	24	2	7.69%	2	1	49	37	0.98	1	1	15	9	2	0	T
III	1103352	G	K	32	2	5.88%	2	1	51	25	0.98	1	1	18	14	0	2	T
III	1108581	A	M	20	2	9.09%	2	1	46	31	0.98	1	1	16	4	0	2	C
III	1112089	A	R	80	6	6.98%	2	2	49	45	0.98	1	1	38	42	5	1	G
III	1114661	C	M	57	20	25.97%	2	2	48	45	0.98	1	1	21	36	11	9	A
III	1114851	T	Y	25	2	7.41%	2	1	47	37	0.98	1	1	9	16	0	2	C
III	1121421	C	M	55	21	27.63%	2	2	51	47	0.98	1	1	21	34	5	16	A
III	1123686	A	M	24	3	11.11%	2	2	50	33	0.98	1	1	8	16	1	2	C
III	1125609	A	R	83	5	5.68%	2	2	51	54	0.98	1	1	47	36	4	1	G
III	1128181	C	M	64	21	24.71%	2	2	49	40	0.98	1	1	29	35	11	10	A
III	1134941	C	M	58	19	24.68%	2	2	50	41	0.98	1	1	23	35	11	8	A
III	1137824	T	Y	28	2	6.67%	2	2	42	31	0.98	1	1	12	16	1	1	C
III	1139180	G	R	19	2	9.52%	2	2	38	37	0.98	1	1	11	8	1	1	A
III	1142452	T	K	32	2	5.88%	2	2	48	31	0.98	1	1	15	17	1	1	G
III	1156024	G	R	28	2	6.67%	2	1	49	37	0.98	1	1	11	17	2	0	A
III	1157995	T	W	23	2	8%	2	1	37	37	0.98	1	1	14	9	2	0	A
III	1163902	C	M	22	2	8.33%	2	2	47	37	0.98	1	1	9	13	1	1	A
III	1167177	T	Y	33	2	5.71%	2	1	44	37	0.98	1	1	16	17	0	2	C
III	1168328	T	C	0	15	100%	0	2	0	42	0.98	0	1	0	0	9	6	C
III	1168363	G	R	4	7	63.64%	2	2	37	52	0.98	1	1	3	1	4	3	A
III	1199371	T	W	31	2	6.06%	2	2	46	25	0.98	1	1	16	15	1	1	A
III	1200086	A	W	31	2	6.06%	2	1	49	74	0.98	1	1	18	13	0	2	T
III	1218391	T	W	31	2	6.06%	2	2	42	61	0.98	1	1	13	18	1	1	A
III	1219115	T	W	27	2	6.9%	2	2	48	37	0.98	1	1	13	14	1	1	A
III	1225877	T	K	42	3	6.67%	2	1	44	24	0.98	1	1	11	31	3	0	G
III	1252505	G	K	18	5	18.52%	2	1	42	37	0.98	1	1	16	2	0	5	T
III	1259471	G	K	27	5	15.62%	2	2	43	37	0.98	1	1	19	8	2	3	T
III	1267912	T	W	26	2	7.14%	2	2	42	37	0.98	1	1	12	14	1	1	A
III	1270419	A	W	26	2	7.14%	2	1	42	74	0.98	1	1	6	20	2	0	T
III	1308841	T	K	12	3	20%	2	1	42	34	0.98	1	1	2	10	3	0	G
III	1335279	G	K	24	2	7.69%	2	2	53	37	0.98	1	1	15	9	1	1	T
III	1343641	T	Y	35	2	5.41%	2	1	47	37	0.98	1	1	25	10	0	2	C
III	1344762	C	Y	23	2	8%	2	2	49	37	0.98	1	1	13	10	1	1	T
III	1348625	A	M	34	2	5.56%	2	1	44	25	0.98	1	1	17	17	0	2	C
III	1349309	A	W	37	2	5.13%	2	1	47	37	0.98	1	1	26	11	0	2	T
III	1374938	A	T	0	21	100%	0	2	0	46	0.98	0	1	0	0	12	9	T
III	1377540	T	K	30	2	6.25%	2	1	45	37	0.98	1	1	20	10	2	0	G
III	1383012	C	Y	34	2	5.56%	2	1	49	37	0.98	1	1	22	12	0	2	T
III	1388431	C	M	37	2	5.13%	2	1	47	22	0.98	1	1	17	20	0	2	A
III	1392100	T	Y	30	2	6.25%	2	2	45	37	0.98	1	1	9	21	1	1	C
III	1395394	G	K	6	4	36.36%	2	1	31	28	0.98	1	1	5	1	0	4	T
III	1398676	T	Y	38	2	5%	2	1	49	55	0.98	1	1	16	22	0	2	C
III	1410889	T	K	17	2	10.53%	2	1	39	37	0.98	1	1	12	5	2	0	G
III	1411818	C	S	16	2	11.11%	2	2	50	31	0.98	1	1	7	9	1	1	G
III	1417624	T	K	34	2	5.56%	2	1	50	25	0.98	1	1	18	16	2	0	G
III	1420543	G	S	24	3	11.11%	2	1	45	37	0.98	1	1	10	14	3	0	C
III	1420546	G	S	25	3	10.71%	2	1	45	29	0.98	1	1	11	14	3	0	C
III	1439790	A	M	16	2	11.11%	2	1	36	27	0.98	1	1	15	1	0	2	C
III	1445514	T	K	47	3	6%	2	1	45	29	0.98	1	1	12	35	3	0	G
III	1451609	G	K	40	3	6.98%	2	1	43	25	0.98	1	1	30	10	0	3	T
III	1480640	C	M	30	2	6.25%	2	1	44	31	0.98	1	1	18	12	0	2	A
III	1480677	A	W	28	3	9.68%	2	1	43	37	0.98	1	1	17	11	0	3	T
III	1480751	C	M	36	2	5.26%	2	1	48	31	0.98	1	1	16	20	0	2	A
III	1493950	A	R	71	45	38.46%	2	2	47	49	0.98	1	1	24	47	28	17	G
III	1494129	T	K	136	34	20%	2	2	47	49	0.98	1	1	65	71	12	22	G
III	1494164	A	R	73	36	33.03%	2	2	49	50	0.98	1	1	28	45	11	25	G
III	1494181	A	W	74	33	30.84%	2	2	48	50	0.98	1	1	23	51	11	22	T
III	1494187	T	W	82	31	27.43%	2	2	49	47	0.98	1	1	26	56	9	22	A
III	1494192	G	R	84	20	19.23%	2	2	50	47	0.98	1	1	29	55	8	12	A
III	1494282	G	R	91	77	45.83%	2	2	47	37	0.98	1	1	27	64	28	49	A
III	1494303	G	R	85	46	35.11%	2	2	49	38	0.98	1	1	30	55	11	35	A
III	1494306	A	W	83	43	34.13%	2	2	47	37	0.98	1	1	30	53	10	33	T
III	1494312	A	R	89	42	32.06%	2	2	48	39	0.98	1	1	35	54	10	32	G
III	1494315	A	R	87	44	33.59%	2	2	48	38	0.98	1	1	34	53	10	34	G
III	1494318	A	R	88	45	33.83%	2	2	49	37	0.98	1	1	36	52	10	35	G
III	1494327	T	K	83	38	31.4%	2	2	49	37	0.98	1	1	36	47	7	31	G
III	1496305	A	R	38	2	5%	2	2	48	37	0.98	1	1	15	23	1	1	G
III	1499389	C	Y	71	7	8.97%	2	2	45	42	0.98	1	1	39	32	5	2	T
III	1499390	A	W	71	7	8.97%	2	2	44	40	0.98	1	1	38	33	5	2	T
III	1499855	T	K	61	5	7.58%	2	1	43	25	0.98	1	1	18	43	5	0	G
III	1510665	T	W	15	2	11.76%	2	1	36	25	0.98	1	1	5	10	2	0	A
III	1546929	T	K	12	2	14.29%	2	1	46	31	0.98	1	1	3	9	2	0	G
III	1548576	A	W	19	2	9.52%	2	2	40	31	0.98	1	1	10	9	1	1	T
III	1550206	A	R	24	2	7.69%	2	2	45	37	0.98	1	1	14	10	1	1	G
III	1552330	T	K	33	2	5.71%	2	1	45	37	0.98	1	1	18	15	2	0	G
III	1559653	C	M	14	2	12.5%	2	1	35	29	0.98	1	1	1	13	2	0	A
III	1561221	A	R	11	2	15.38%	2	2	48	37	0.98	1	1	6	5	1	1	G
III	1574798	C	M	136	9	6.21%	2	2	50	41	0.98	1	1	92	44	8	1	A
III	1587365	T	W	32	2	5.88%	2	1	47	25	0.98	1	1	18	14	2	0	A
III	1587824	A	W	22	2	8.33%	2	2	48	37	0.98	1	1	12	10	1	1	T
III	1590717	C	S	35	2	5.41%	2	2	43	37	0.98	1	1	16	19	1	1	G
III	1607525	T	K	32	2	5.88%	2	1	44	37	0.98	1	1	8	24	2	0	G
III	1634318	A	R	31	2	6.06%	2	1	47	37	0.98	1	1	18	13	2	0	G
III	1642966	T	K	37	2	5.13%	2	1	51	37	0.98	1	1	25	12	2	0	G
III	1649192	A	M	20	4	16.67%	2	1	39	31	0.98	1	1	17	3	0	4	C
III	1653964	C	M	36	2	5.26%	2	1	42	25	0.98	1	1	28	8	0	2	A
III	1660934	T	W	35	2	5.41%	2	1	52	37	0.98	1	1	15	20	2	0	A
III	1661529	T	K	29	2	6.45%	2	1	45	37	0.98	1	1	13	16	0	2	G
III	1685492	C	M	33	2	5.71%	2	1	43	37	0.98	1	1	16	17	0	2	A
III	1708202	C	T	0	89	100%	0	2	0	47	0.98	0	1	0	0	40	49	T
III	1712135	C	M	16	2	11.11%	2	1	48	33	0.98	1	1	1	15	2	0	A
III	1717339	G	K	10	3	23.08%	2	1	37	30	0.98	1	1	1	9	3	0	T
III	1744710	A	M	30	2	6.25%	2	2	46	37	0.98	1	1	12	18	1	1	C
III	1760149	G	S	39	3	7.14%	2	2	44	37	0.98	1	1	12	27	2	1	C
III	1765401	G	T	0	59	100%	0	2	0	50	0.98	0	1	0	0	30	29	T
III	1791475	A	M	28	2	6.67%	2	2	43	31	0.98	1	1	18	10	1	1	C
III	1793171	A	M	37	2	5.13%	2	1	48	55	0.98	1	1	15	22	0	2	C
III	1818355	G	K	30	2	6.25%	2	2	48	37	0.98	1	1	13	17	1	1	T
III	1829122	C	S	21	2	8.7%	2	1	45	55	0.98	1	1	11	10	2	0	G
III	1834018	T	K	29	2	6.45%	2	1	41	37	0.98	1	1	6	23	2	0	G
III	1840097	G	K	24	2	7.69%	2	2	46	37	0.98	1	1	17	7	1	1	T
III	1857076	G	K	23	2	8%	2	1	49	31	0.98	1	1	13	10	0	2	T
III	1860634	G	K	26	2	7.14%	2	1	41	49	0.98	1	1	13	13	2	0	T
III	1862986	T	W	33	2	5.71%	2	2	47	37	0.98	1	1	21	12	1	1	A
III	1869495	C	M	30	2	6.25%	2	2	43	25	0.98	1	1	13	17	1	1	A
III	1881218	A	R	22	2	8.33%	2	1	44	68	0.98	1	1	11	11	0	2	G
III	1901512	T	K	26	3	10.34%	2	1	42	33	0.98	1	1	11	15	3	0	G
III	1901532	C	M	28	2	6.67%	2	1	49	25	0.98	1	1	9	19	2	0	A
III	1909801	T	K	36	2	5.26%	2	1	53	31	0.98	1	1	12	24	2	0	G
III	1910694	A	W	34	3	8.11%	2	2	46	33	0.98	1	1	16	18	1	2	T
III	1915286	G	K	34	2	5.56%	2	1	45	25	0.98	1	1	17	17	0	2	T
III	1928396	T	K	38	2	5%	2	1	47	37	0.98	1	1	13	25	2	0	G
III	1933969	T	W	21	2	8.7%	2	1	42	37	0.98	1	1	11	10	0	2	A
III	1933976	G	S	13	2	13.33%	2	2	43	31	0.98	1	1	9	4	1	1	C
III	1942562	G	K	19	3	13.64%	2	1	46	25	0.98	1	1	14	5	0	3	T
III	1953756	T	G	0	32	100%	0	2	0	49	0.98	0	1	0	0	21	11	G
III	1964270	G	S	52	4	7.14%	2	2	50	34	0.98	1	1	27	25	2	2	C
III	1984096	C	M	31	2	6.06%	2	1	47	33	0.98	1	1	15	16	2	0	A
III	2009686	A	M	14	2	12.5%	2	1	40	29	0.98	1	1	11	3	0	2	C
III	2013805	T	K	26	3	10.34%	2	1	42	31	0.98	1	1	5	21	3	0	G
III	2023239	A	M	37	2	5.13%	2	1	39	37	0.98	1	1	18	19	0	2	C
III	2028201	A	M	28	2	6.67%	2	1	47	27	0.98	1	1	15	13	0	2	C
III	2032879	C	M	35	2	5.41%	2	1	49	37	0.98	1	1	18	17	0	2	A
III	2053813	G	R	26	2	7.14%	2	2	43	37	0.98	1	1	10	16	1	1	A
III	2054770	G	K	22	2	8.33%	2	1	43	22	0.98	1	1	11	11	0	2	T
III	2054821	A	W	20	2	9.09%	2	1	47	25	0.98	1	1	11	9	0	2	T
III	2054833	C	M	15	2	11.76%	2	1	38	27	0.98	1	1	8	7	0	2	A
III	2060061	C	Y	28	2	6.67%	2	2	44	37	0.98	1	1	11	17	1	1	T
III	2119250	T	Y	28	5	15.15%	2	2	45	44	0.98	1	1	19	9	2	3	C
III	2132694	C	M	36	4	10%	2	2	47	37	0.98	1	1	17	19	2	2	A
III	2141360	G	K	4	5	55.56%	2	2	37	51	0.98	1	1	2	2	3	2	T
III	2149985	T	K	31	2	6.06%	2	1	53	37	0.98	1	1	17	14	0	2	G
III	2150591	T	K	15	4	21.05%	2	1	38	27	0.98	1	1	1	14	4	0	G
III	2150606	G	K	20	2	9.09%	2	1	38	25	0.98	1	1	2	18	2	0	T
III	2159964	C	S	35	2	5.41%	2	2	52	37	0.98	1	1	16	19	1	1	G
III	2159966	A	M	33	2	5.71%	2	2	51	37	0.98	1	1	16	17	1	1	C
III	2166485	A	R	13	2	13.33%	2	2	44	61	0.98	1	1	3	10	1	1	G
III	2172273	C	Y	31	2	6.06%	2	1	45	37	0.98	1	1	20	11	2	0	T
III	2178192	A	M	26	2	7.14%	2	1	41	27	0.98	1	1	12	14	0	2	C
III	2201482	G	K	24	2	7.69%	2	1	39	22	0.98	1	1	12	12	2	0	T
III	2201501	A	M	26	2	7.14%	2	1	46	33	0.98	1	1	22	4	0	2	C
III	2202526	G	K	23	2	8%	2	1	43	27	0.98	1	1	19	4	0	2	T
III	2202532	G	K	25	2	7.41%	2	1	44	25	0.98	1	1	19	6	0	2	T
III	2214520	T	K	38	2	5%	2	2	49	55	0.98	1	1	22	16	1	1	G
III	2235016	T	K	14	2	12.5%	2	1	41	27	0.98	1	1	4	10	2	0	G
III	2241772	T	W	22	2	8.33%	2	2	47	37	0.98	1	1	6	16	1	1	A
III	2276273	C	M	32	2	5.88%	2	1	39	25	0.98	1	1	20	12	2	0	A
III	2283777	T	W	34	2	5.56%	2	1	38	25	0.98	1	1	10	24	2	0	A
III	2294032	C	M	30	2	6.25%	2	1	36	27	0.98	1	1	6	24	2	0	A
III	2294045	T	K	27	2	6.9%	2	1	40	33	0.98	1	1	7	20	2	0	G
III	2301542	A	M	21	2	8.7%	2	2	42	37	0.98	1	1	8	13	1	1	C
III	2313118	T	K	31	2	6.06%	2	1	44	49	0.98	1	1	11	20	2	0	G
III	2321844	A	R	23	2	8%	2	2	38	37	0.98	1	1	11	12	1	1	G
III	2340838	A	M	29	2	6.45%	2	1	47	37	0.98	1	1	8	21	0	2	C
III	2355894	A	R	37	2	5.13%	2	2	45	55	0.98	1	1	24	13	1	1	G
III	2360624	C	M	30	2	6.25%	2	2	48	37	0.98	1	1	12	18	1	1	A
III	2364247	T	K	24	2	7.69%	2	1	46	31	0.98	1	1	10	14	2	0	G
III	2377820	C	M	43	4	8.51%	2	2	45	37	0.98	1	1	18	25	2	2	A
III	2381979	G	T	0	17	100%	0	2	0	38	0.98	0	1	0	0	10	7	T
III	2397359	G	R	31	2	6.06%	2	1	50	31	0.98	1	1	18	13	0	2	A
III	2403499	T	K	26	2	7.14%	2	2	49	37	0.98	1	1	13	13	1	1	G
III	2416141	A	M	28	2	6.67%	2	1	50	37	0.98	1	1	20	8	2	0	C
III	2430846	C	Y	14	2	12.5%	2	1	45	37	0.98	1	1	7	7	2	0	T
III	2430870	T	Y	12	2	14.29%	2	1	45	37	0.98	1	1	6	6	2	0	C
III	2430996	C	Y	12	3	20%	2	1	40	37	0.98	1	1	4	8	0	3	T
III	2430999	C	Y	11	2	15.38%	2	1	34	37	0.98	1	1	4	7	0	2	T
III	2431133	G	K	20	3	13.04%	2	1	48	37	0.98	1	1	10	10	3	0	T
III	2431152	T	K	26	3	10.34%	2	1	52	33	0.98	1	1	16	10	3	0	G
III	2435063	C	M	21	2	8.7%	2	1	49	37	0.98	1	1	12	9	2	0	A
III	2447413	T	K	970	129	11.73%	2	2	38	31	0.98	1	1	104	866	128	1	G
III	2448311	A	W	102	9	8.11%	2	1	38	35	0.98	1	1	67	35	0	9	T
III	2448544	T	W	1495	100	6.27%	2	2	47	50	0.98	1	1	663	832	61	39	A
mating_type_region	15640	T	K	27	2	6.9%	2	1	51	22	0.98	1	1	16	11	2	0	G
