Chrom	Position	Ref	Cons	Reads1	Reads2	VarFreq	Strands1	Strands2	Qual1	Qual2	Pvalue	MapQual1	MapQual2	Reads1Plus	Reads1Minus	Reads2Plus	Reads2Minus	VarAllele
chr_II_telomeric_gap	4787	G	A	0	239	100%	0	2	0	39	0.98	0	1	0	0	96	143	A
chr_II_telomeric_gap	10519	A	M	143	10	6.54%	2	1	39	25	0.98	1	1	29	114	10	0	C
I	224	G	R	316	57	15.28%	2	2	40	38	0.98	1	1	286	30	52	5	A
I	459	C	M	249	360	59.11%	2	2	39	39	0.98	1	1	128	121	190	170	A
I	783	T	Y	271	343	55.86%	2	2	40	40	0.98	1	1	145	126	155	188	C
I	798	G	R	356	265	42.67%	2	2	40	39	0.98	1	1	179	177	119	146	A
I	955	C	Y	369	268	42.07%	2	2	39	40	0.98	1	1	165	204	128	140	T
I	1055	T	Y	482	121	20.07%	2	2	40	39	0.98	1	1	247	235	72	49	C
I	1133	A	R	350	306	46.65%	2	2	39	40	0.98	1	1	197	153	174	132	G
I	1455	C	Y	379	298	43.95%	2	2	39	40	0.98	1	1	178	201	136	162	T
I	1514	C	S	424	297	41.19%	2	2	40	39	0.98	1	1	220	204	154	143	G
I	1750	G	R	551	176	24.21%	2	2	39	40	0.98	1	1	252	299	93	83	A
I	2224	C	Y	507	90	15.08%	2	2	40	40	0.98	1	1	247	260	44	46	T
I	2582	T	Y	412	258	38.51%	2	2	40	39	0.98	1	1	203	209	125	133	C
I	3431	A	R	360	248	40.79%	2	2	39	39	0.98	1	1	192	168	131	117	G
I	4666	G	R	466	124	20.98%	2	2	40	40	0.98	1	1	248	218	72	52	A
I	4668	C	S	471	123	20.71%	2	2	40	40	0.98	1	1	245	226	72	51	G
I	5676	T	K	294	17	5.47%	2	1	38	30	0.98	1	1	191	103	0	17	G
I	6280	A	R	357	21	5.56%	2	1	37	26	0.98	1	1	60	297	21	0	G
I	6281	A	R	316	67	17.49%	2	1	38	29	0.98	1	1	17	299	67	0	G
I	6398	G	R	288	26	8.2%	2	2	37	25	0.98	1	1	285	3	1	25	A
I	6401	T	Y	367	35	8.68%	2	2	36	29	0.98	1	1	301	66	1	34	C
I	6402	G	R	340	56	14.11%	2	2	37	27	0.98	1	1	310	30	1	55	A
I	6583	G	R	380	166	30.4%	2	2	39	39	0.98	1	1	180	200	58	108	A
I	6727	G	R	447	181	28.82%	2	2	40	40	0.98	1	1	233	214	67	114	A
I	6912	A	M	437	33	7.02%	2	1	40	40	0.98	1	1	211	226	0	33	C
I	7209	C	M	258	19	6.86%	2	2	37	30	0.98	1	1	59	199	18	1	A
I	7323	A	M	247	13	5%	2	1	39	28	0.98	1	1	43	204	13	0	C
I	8666	G	R	272	254	48.29%	2	2	40	39	0.98	1	1	119	153	118	136	A
I	10913	G	R	182	215	54.16%	2	2	40	39	0.98	1	1	92	90	122	93	A
I	18218	G	R	238	19	7.39%	2	1	39	40	0.98	1	1	138	100	19	0	A
I	18318	G	R	244	17	6.51%	2	1	39	39	0.98	1	1	124	120	17	0	A
I	18475	C	Y	219	28	11.34%	2	1	40	40	0.98	1	1	100	119	0	28	T
I	20568	A	W	88	6	6.25%	2	2	39	40	0.98	1	1	16	72	5	1	T
I	29359	T	W	227	14	5.81%	2	2	40	39	0.98	1	1	87	140	4	10	A
I	29373	T	Y	212	16	6.93%	2	2	40	38	0.98	1	1	77	135	4	12	C
I	39824	G	R	38	19	33.33%	2	1	41	40	0.98	1	1	27	11	0	19	A
I	55279	A	M	64	9	12.16%	2	1	39	29	0.98	1	1	18	46	9	0	C
I	71675	A	M	147	9	5.77%	2	1	38	25	0.98	1	1	46	101	9	0	C
I	96878	C	Y	112	14	11.11%	2	1	38	26	0.98	1	1	13	99	14	0	T
I	100329	A	R	148	8	5.13%	2	1	37	26	0.98	1	1	28	120	8	0	G
I	206477	C	Y	74	4	5.13%	2	1	38	36	0.98	1	1	33	41	4	0	T
I	221907	T	K	136	15	9.93%	2	1	39	27	0.98	1	1	113	23	0	15	G
I	239721	C	M	126	8	5.97%	2	1	38	30	0.98	1	1	21	105	8	0	A
I	323721	T	Y	145	19	11.59%	2	1	39	31	0.98	1	1	133	12	0	19	C
I	377479	T	K	171	13	7.07%	2	1	38	25	0.98	1	1	106	65	0	13	G
I	440084	T	W	49	11	6.71%	2	2	39	38	0.98	1	1	33	16	8	3	A
I	441638	A	M	146	8	5.19%	2	1	37	30	0.98	1	1	75	71	8	0	C
I	450162	G	K	62	168	73.04%	2	2	40	39	0.98	1	1	28	34	81	87	T
I	453369	G	R	26	17	19.77%	2	1	38	40	0.98	1	1	18	8	0	17	A
I	456726	G	K	160	13	7.43%	2	1	38	28	0.98	1	1	127	33	0	13	T
I	470391	C	M	4	3	42.86%	2	2	36	40	0.98	1	1	3	1	2	1	A
I	470970	A	R	165	13	7.3%	2	1	39	27	0.98	1	1	75	90	13	0	G
I	473423	C	Y	78	8	9.3%	2	1	39	34	0.98	1	1	55	23	0	8	T
I	473427	G	K	58	13	13.83%	2	1	38	37	0.98	1	1	32	26	0	13	+T
I	481842	T	K	154	10	6.1%	2	1	37	28	0.98	1	1	93	61	0	10	G
I	502136	A	M	111	8	6.72%	2	1	39	28	0.98	1	1	19	92	8	0	C
I	503788	A	M	141	8	5.37%	2	1	39	28	0.98	1	1	25	116	8	0	C
I	503792	A	M	146	11	7.01%	2	1	39	28	0.98	1	1	34	112	11	0	C
I	509911	T	K	111	6	5.13%	2	1	39	29	0.98	1	1	104	7	0	6	G
I	523603	G	A	0	240	100%	0	2	0	39	0.98	0	1	0	0	122	118	A
I	523883	G	A	0	223	100%	0	2	0	39	0.98	0	1	0	0	113	110	A
I	527156	C	A	0	287	100%	0	2	0	39	0.98	0	1	0	0	158	129	A
I	565106	T	Y	150	9	5.66%	2	1	38	31	0.98	1	1	116	34	0	9	C
I	573847	A	R	147	9	5.77%	2	1	38	29	0.98	1	1	16	131	9	0	G
I	574751	A	M	126	10	7.35%	2	1	39	28	0.98	1	1	8	118	10	0	C
I	666513	C	Y	141	10	6.62%	2	1	38	27	0.98	1	1	15	126	10	0	T
I	682994	C	Y	9	7	43.75%	2	1	40	40	0.98	1	1	7	2	7	0	T
I	691576	T	K	106	13	10.92%	2	1	40	26	0.98	1	1	91	15	0	13	G
I	755616	C	Y	120	14	10.45%	2	1	39	28	0.98	1	1	11	109	14	0	T
I	759334	G	T	0	212	100%	0	2	0	39	0.98	0	1	0	0	103	109	T
I	759378	A	M	124	7	5.34%	2	1	38	26	0.98	1	1	29	95	7	0	C
I	809103	G	T	0	220	100%	0	2	0	40	0.98	0	1	0	0	106	114	T
I	862964	G	T	0	225	100%	0	2	0	40	0.98	0	1	0	0	101	124	T
I	922263	A	M	122	7	5.43%	2	1	37	26	0.98	1	1	30	92	7	0	C
I	934908	T	W	67	7	7.07%	2	2	40	37	0.98	1	1	51	16	1	6	A
I	934941	T	Y	75	4	5.06%	2	1	38	28	0.98	1	1	26	49	4	0	C
I	965438	C	M	46	12	11.11%	2	2	39	39	0.98	1	1	35	11	1	11	A
I	965460	C	M	100	10	9.09%	2	1	38	30	0.98	1	1	31	69	10	0	A
I	1027669	G	R	61	6	8.96%	2	2	39	36	0.98	1	1	18	43	5	1	A
I	1048029	T	K	127	9	6.62%	2	1	40	27	0.98	1	1	102	25	0	9	G
I	1053976	T	Y	154	16	9.41%	2	1	38	33	0.98	1	1	118	36	0	16	C
I	1053977	T	Y	147	14	8.7%	2	1	38	30	0.98	1	1	118	29	0	14	C
I	1077211	T	Y	154	23	12.99%	2	1	39	28	0.98	1	1	137	17	0	23	C
I	1110942	A	M	155	11	6.59%	2	1	38	28	0.98	1	1	45	110	11	0	C
I	1110948	A	M	148	10	6.33%	2	1	39	30	0.98	1	1	38	110	10	0	C
I	1118371	A	R	143	8	5.3%	2	1	36	26	0.98	1	1	52	91	8	0	G
I	1118372	A	R	117	20	14.6%	2	1	36	31	0.98	1	1	32	85	20	0	G
I	1148143	A	M	149	8	5.1%	2	1	39	28	0.98	1	1	51	98	8	0	C
I	1149061	T	K	151	16	9.58%	2	1	38	27	0.98	1	1	96	55	0	16	G
I	1152216	A	R	139	9	6.08%	2	1	38	25	0.98	1	1	102	37	0	9	G
I	1181279	C	Y	129	8	5.76%	2	1	39	24	0.98	1	1	4	125	8	0	T
I	1181283	A	R	153	16	9.47%	2	1	38	26	0.98	1	1	29	124	16	0	G
I	1358767	T	K	140	11	7.28%	2	1	38	26	0.98	1	1	89	51	0	11	G
I	1424709	A	T	0	5	83.33%	0	2	0	40	0.98	0	1	0	0	3	2	T
I	1496318	A	M	43	5	10.42%	2	2	39	40	0.98	1	1	19	24	3	2	C
I	1538760	G	R	147	11	6.96%	2	1	37	26	0.98	1	1	110	37	0	11	A
I	1571014	T	Y	207	14	6.33%	2	1	39	32	0.98	1	1	142	65	0	14	C
I	1595046	A	R	132	7	5.04%	2	1	38	30	0.98	1	1	84	48	0	7	G
I	1595053	A	R	124	9	6.77%	2	1	38	27	0.98	1	1	85	39	0	9	G
I	1595056	C	Y	58	15	11.36%	2	1	38	38	0.98	1	1	36	22	0	15	+T
I	1599320	T	Y	149	9	5.7%	2	1	38	24	0.98	1	1	63	86	9	0	C
I	1622936	G	R	167	11	6.18%	2	1	37	26	0.98	1	1	135	32	0	11	A
I	1664031	G	R	132	8	5.71%	2	1	39	26	0.98	1	1	129	3	0	8	A
I	1667031	C	Y	57	4	6.56%	2	1	36	28	0.98	1	1	20	37	4	0	T
I	1765306	C	M	55	4	5.71%	2	2	39	40	0.98	1	1	40	15	1	3	A
I	1765348	T	Y	94	5	5.05%	2	1	38	27	0.98	1	1	44	50	5	0	C
I	1783458	C	T	0	250	100%	0	2	0	40	0.98	0	1	0	0	132	118	T
I	1833806	A	M	173	11	5.98%	2	1	38	26	0.98	1	1	75	98	11	0	C
I	1837945	G	K	77	7	8.33%	2	1	38	30	0.98	1	1	27	50	7	0	T
I	1852148	C	M	163	9	5.23%	2	2	38	29	0.98	1	1	41	122	8	1	A
I	1879376	G	T	0	224	100%	0	2	0	39	0.98	0	1	0	0	119	105	T
I	1905798	G	R	119	7	5.56%	2	1	39	24	0.98	1	1	94	25	0	7	A
I	1955847	C	M	117	7	5.56%	2	1	38	26	0.98	1	1	59	58	7	0	A
I	1955853	T	W	12	15	13.64%	2	2	36	39	0.98	1	1	4	8	3	12	A
I	1955870	C	M	93	6	6.06%	2	1	37	28	0.98	1	1	28	65	6	0	A
I	1956751	C	Y	110	6	5.17%	2	1	38	24	0.98	1	1	14	96	6	0	T
I	1996583	A	R	155	10	6.06%	2	1	38	25	0.98	1	1	47	108	10	0	G
I	1999192	G	C	0	242	100%	0	2	0	39	0.98	0	1	0	0	121	121	C
I	2007112	A	M	127	9	6.62%	2	1	39	27	0.98	1	1	18	109	9	0	C
I	2012908	T	K	129	16	11.03%	2	1	39	28	0.98	1	1	119	10	0	16	G
I	2025027	A	M	83	9	9.57%	2	1	39	24	0.98	1	1	13	70	9	0	C
I	2025031	A	M	93	9	8.74%	2	1	39	29	0.98	1	1	21	72	9	0	C
I	2028412	G	R	137	16	10.46%	2	1	38	25	0.98	1	1	116	21	0	16	A
I	2104091	G	T	0	264	100%	0	2	0	40	0.98	0	1	0	0	137	127	T
I	2104097	C	A	0	267	100%	0	2	0	40	0.98	0	1	0	0	141	126	A
I	2115117	T	Y	135	9	6.25%	2	1	36	31	0.98	1	1	101	34	0	9	C
I	2118318	G	T	0	224	100%	0	2	0	39	0.98	0	1	0	0	113	111	T
I	2227936	T	W	42	13	12.87%	2	2	37	40	0.98	1	1	29	13	1	12	A
I	2231773	C	M	158	12	7.06%	2	1	37	28	0.98	1	1	56	102	12	0	A
I	2310667	A	R	146	9	5.81%	2	1	37	32	0.98	1	1	35	111	9	0	G
I	2320791	T	Y	136	8	5.56%	2	1	38	26	0.98	1	1	109	27	0	8	C
I	2421577	C	A	3	11	78.57%	2	2	40	38	0.98	1	1	1	2	3	8	A
I	2456096	A	T	0	236	100%	0	2	0	40	0.98	0	1	0	0	100	136	T
I	2499150	T	W	19	2	9.52%	2	1	40	40	0.98	1	1	9	10	2	0	A
I	2506044	T	A	0	231	100%	0	2	0	40	0.98	0	1	0	0	120	111	A
I	2525153	T	W	22	7	24.14%	2	2	40	35	0.98	1	1	10	12	3	4	A
I	2525734	A	M	109	6	5.22%	2	1	39	26	0.98	1	1	23	86	6	0	C
I	2597597	T	Y	181	10	5.24%	2	1	38	27	0.98	1	1	134	47	0	10	C
I	2605763	T	K	149	8	5.1%	2	1	39	28	0.98	1	1	101	48	0	8	G
I	2605764	T	A	0	175	100%	0	2	0	40	0.98	0	1	0	0	101	74	A
I	2605861	T	K	5	3	37.5%	2	2	36	40	0.98	1	1	1	4	1	2	G
I	2651395	G	R	136	8	5.56%	2	1	37	32	0.98	1	1	114	22	0	8	A
I	2651398	G	R	114	20	14.93%	2	1	39	26	0.98	1	1	113	1	0	20	A
I	2651400	T	Y	138	11	7.38%	2	1	38	29	0.98	1	1	117	21	0	11	C
I	2683903	C	Y	2	3	60%	2	2	40	40	0.98	1	1	1	1	1	2	T
I	2684616	T	K	166	9	5.14%	2	1	39	25	0.98	1	1	145	21	0	9	G
I	2747078	A	G	0	176	100%	0	2	0	38	0.98	0	1	0	0	109	67	G
I	2751237	A	W	32	5	13.51%	2	2	39	33	0.98	1	1	14	18	3	2	T
I	2810512	G	R	137	12	8.05%	2	1	38	26	0.98	1	1	112	25	0	12	A
I	2846641	C	Y	205	41	16.67%	2	2	39	40	0.98	1	1	109	96	21	20	T
I	2855375	A	R	148	9	5.73%	2	1	38	25	0.98	1	1	22	126	9	0	G
I	2871745	T	K	120	14	10.45%	2	1	39	28	0.98	1	1	94	26	0	14	G
I	2942320	A	M	51	3	5.56%	2	1	38	24	0.98	1	1	40	11	3	0	C
I	2943030	T	K	108	8	6.9%	2	1	39	28	0.98	1	1	40	68	0	8	G
I	2943168	C	M	14	3	17.65%	2	1	41	40	0.98	1	1	5	9	0	3	A
I	2943177	T	Y	14	4	22.22%	2	1	41	40	0.98	1	1	4	10	0	4	C
I	2943600	C	M	90	5	5.26%	2	1	40	36	0.98	1	1	60	30	0	5	A
I	2943729	C	Y	105	7	6.25%	2	2	40	40	0.98	1	1	61	44	1	6	T
I	2968343	A	M	133	7	5%	2	1	40	26	0.98	1	1	11	122	7	0	C
I	3111508	A	G	0	270	100%	0	2	0	40	0.98	0	1	0	0	132	138	G
I	3115841	C	A	0	211	100%	0	2	0	40	0.98	0	1	0	0	111	100	A
I	3119299	G	A	0	244	100%	0	2	0	40	0.98	0	1	0	0	110	134	A
I	3144685	A	R	82	8	8.89%	2	1	39	28	0.98	1	1	54	28	0	8	G
I	3166776	G	K	58	12	7.79%	2	1	38	36	0.98	1	1	25	33	0	12	+TTT
I	3166811	C	M	119	18	13.14%	2	1	38	28	0.98	1	1	32	87	18	0	A
I	3179238	G	C	0	241	100%	0	2	0	40	0.98	0	1	0	0	118	123	C
I	3206937	G	S	113	20	14.81%	2	1	40	24	0.98	1	1	111	2	0	20	C
I	3280177	G	K	30	13	5.86%	2	2	37	38	0.98	1	1	11	19	1	12	+T
I	3300844	A	M	40	7	14.89%	2	1	37	30	0.98	1	1	24	16	7	0	C
I	3300864	A	M	62	4	6.06%	2	1	38	24	0.98	1	1	37	25	4	0	C
I	3313316	T	K	163	11	6.32%	2	1	39	24	0.98	1	1	124	39	0	11	G
I	3313333	T	K	149	14	8.59%	2	1	39	25	0.98	1	1	117	32	0	14	G
I	3313341	T	K	144	11	7.1%	2	1	39	28	0.98	1	1	120	24	0	11	G
I	3366077	A	M	163	9	5.23%	2	1	39	29	0.98	1	1	24	139	9	0	C
I	3406518	C	S	170	14	7.57%	2	1	38	28	0.98	1	1	57	113	14	0	G
I	3450131	T	W	0	2	16.67%	0	2	0	40	0.98	0	1	0	0	1	1	A
I	3450131	T	G	0	10	83.33%	0	2	0	40	0.98	0	1	0	0	6	4	G
I	3459860	T	K	143	8	5.3%	2	1	38	28	0.98	1	1	117	26	0	8	G
I	3538450	A	T	3	194	98.48%	1	2	34	39	0.98	1	1	3	0	102	92	T
I	3548530	A	R	76	6	7.32%	2	1	39	32	0.98	1	1	51	25	0	6	G
I	3548913	T	A	0	178	100%	0	2	0	39	0.98	0	1	0	0	91	87	A
I	3576273	A	M	142	9	5.96%	2	1	36	27	0.98	1	1	59	83	9	0	C
I	3576756	T	Y	37	74	33.79%	2	2	36	38	0.98	1	1	24	13	37	37	C
I	3580034	C	Y	70	12	9.92%	2	1	38	34	0.98	1	1	42	28	0	12	+T
I	3580060	A	W	93	5	5.05%	2	2	38	36	0.98	1	1	21	72	2	3	T
I	3583106	G	A	0	245	100%	0	2	0	40	0.98	0	1	0	0	121	124	A
I	3590217	T	K	196	14	6.67%	2	1	38	27	0.98	1	1	149	47	0	14	G
I	3609913	C	M	151	10	6.21%	2	1	38	27	0.98	1	1	38	113	10	0	A
I	3627634	T	K	171	9	5%	2	1	38	27	0.98	1	1	117	54	0	9	G
I	3634687	T	Y	56	4	6.67%	2	1	35	28	0.98	1	1	35	21	0	4	C
I	3634688	G	R	54	4	6.9%	2	2	34	24	0.98	1	1	32	22	3	1	A
I	3645091	G	K	155	14	8.24%	2	1	38	27	0.98	1	1	101	54	0	14	T
I	3756273	A	R	187	19	9.22%	2	2	39	38	0.98	1	1	85	102	16	3	G
I	3759145	C	Y	209	13	5.86%	2	1	38	24	0.98	1	1	22	187	13	0	T
I	3788310	C	Y	223	62	21.75%	2	1	39	39	0.98	1	1	130	93	0	62	T
I	3788341	G	R	246	50	16.89%	2	1	40	40	0.98	1	1	150	96	0	50	A
I	3855791	T	K	2	2	50%	2	1	40	40	0.98	1	1	1	1	0	2	G
I	3900375	A	R	135	10	6.9%	2	1	38	24	0.98	1	1	35	100	10	0	G
I	3940025	G	K	14	10	5.08%	2	1	40	38	0.98	1	1	7	7	0	10	+T
I	3948704	T	K	135	10	6.9%	2	1	39	27	0.98	1	1	115	20	0	10	G
I	3984278	C	Y	151	8	5.03%	2	1	42	40	0.98	1	1	69	82	8	0	T
I	3984446	C	Y	184	10	5.15%	2	1	40	36	0.98	1	1	91	93	10	0	T
I	3992156	T	K	129	7	5.15%	2	1	38	30	0.98	1	1	80	49	0	7	G
I	3992185	T	K	105	9	7.89%	2	1	38	25	0.98	1	1	73	32	0	9	G
I	3992214	C	A	0	153	100%	0	2	0	39	0.98	0	1	0	0	62	91	A
I	3992218	T	Y	128	10	7.14%	2	1	39	28	0.98	1	1	32	96	10	0	C
I	3994999	T	K	151	8	5.03%	2	1	38	28	0.98	1	1	89	62	0	8	G
I	4047524	T	K	130	10	7.14%	2	1	38	30	0.98	1	1	112	18	0	10	G
I	4048261	T	Y	143	21	12.8%	2	1	38	28	0.98	1	1	113	30	0	21	C
I	4051857	A	R	168	15	8.2%	2	1	38	29	0.98	1	1	50	118	15	0	G
I	4079772	T	Y	187	13	6.5%	2	2	40	34	0.98	1	1	82	105	12	1	C
I	4139549	A	R	144	8	5.26%	2	1	38	30	0.98	1	1	35	109	8	0	G
I	4139646	A	R	158	23	12.71%	2	1	39	29	0.98	1	1	62	96	23	0	G
I	4153629	T	K	130	7	5.11%	2	1	38	26	0.98	1	1	75	55	0	7	G
I	4177817	T	K	192	39	16.88%	2	2	39	40	0.98	1	1	80	112	18	21	G
I	4235611	A	R	131	7	5.07%	2	1	37	26	0.98	1	1	31	100	7	0	G
I	4235614	C	Y	106	26	19.55%	2	1	38	27	0.98	1	1	5	101	26	0	T
I	4235617	C	Y	120	10	7.69%	2	1	37	28	0.98	1	1	21	99	10	0	T
I	4235622	C	Y	128	9	6.57%	2	1	37	27	0.98	1	1	33	95	9	0	T
I	4276890	G	K	29	16	9.09%	2	1	38	38	0.98	1	1	11	18	0	16	+T
I	4291192	G	R	130	7	5.11%	2	1	38	26	0.98	1	1	111	19	0	7	A
I	4291193	G	R	116	14	10.77%	2	1	38	26	0.98	1	1	109	7	0	14	A
I	4291196	T	Y	110	62	36.05%	1	1	39	32	0.98	1	1	110	0	0	62	C
I	4316464	T	Y	143	8	5.3%	2	2	39	43	0.98	1	1	26	117	6	2	C
I	4316584	C	Y	130	13	9.09%	2	2	39	39	0.98	1	1	57	73	2	11	T
I	4316683	A	R	94	11	10.48%	2	2	39	37	0.98	1	1	37	57	6	5	G
I	4316719	T	Y	103	6	5.5%	2	1	39	34	0.98	1	1	41	62	6	0	C
I	4319077	T	Y	152	32	17.39%	2	1	38	30	0.98	1	1	127	25	0	32	C
I	4320175	A	R	182	11	5.7%	2	1	38	29	0.98	1	1	62	120	11	0	G
I	4362879	T	K	163	14	7.91%	2	1	39	29	0.98	1	1	142	21	0	14	G
I	4374343	G	R	11	2	15.38%	2	1	40	40	0.98	1	1	7	4	0	2	A
I	4374344	G	R	187	10	5.08%	2	2	39	40	0.98	1	1	75	112	6	4	A
I	4375421	A	T	0	222	100%	0	2	0	39	0.98	0	1	0	0	108	114	T
I	4379110	T	Y	138	10	6.76%	2	1	37	25	0.98	1	1	94	44	0	10	C
I	4410192	G	S	4	2	33.33%	2	2	40	40	0.98	1	1	2	2	1	1	C
I	4414722	T	W	75	4	5%	2	1	39	40	0.98	1	1	54	21	0	4	A
I	4414723	T	W	63	8	10%	2	2	39	40	0.98	1	1	47	16	1	7	A
I	4434034	A	M	124	16	11.43%	2	1	39	29	0.98	1	1	15	109	16	0	C
I	4434061	A	M	136	8	5.56%	2	1	38	28	0.98	1	1	36	100	8	0	C
I	4442714	G	A	0	235	100%	0	2	0	40	0.98	0	1	0	0	119	116	A
I	4514476	T	K	92	5	5.15%	2	1	39	36	0.98	1	1	59	33	0	5	G
I	4514478	T	K	80	7	7.87%	2	1	39	30	0.98	1	1	58	22	0	7	G
I	4563532	G	R	111	9	7.44%	2	1	39	24	0.98	1	1	105	6	0	9	A
I	4578760	T	K	133	13	8.9%	2	1	39	28	0.98	1	1	116	17	0	13	G
I	4604644	A	R	108	7	6.09%	2	1	39	28	0.98	1	1	81	27	0	7	G
I	4604677	G	K	68	4	5.56%	2	1	37	32	0.98	1	1	18	50	4	0	T
I	4648145	G	K	114	7	5.74%	2	2	38	35	0.98	1	1	86	28	2	5	T
I	4648160	G	T	3	53	94.64%	1	2	34	39	0.98	1	1	3	0	14	39	T
I	4648161	G	T	24	113	82.48%	2	2	39	39	0.98	1	1	10	14	69	44	T
I	4659183	A	R	129	7	5.15%	2	2	35	24	0.98	1	1	43	86	6	1	G
I	4693389	C	Y	129	10	7.09%	2	1	39	27	0.98	1	1	9	120	10	0	T
I	4709628	A	M	131	8	5.76%	2	1	39	28	0.98	1	1	15	116	8	0	C
I	4768389	T	Y	178	15	7.77%	2	1	38	29	0.98	1	1	112	66	0	15	C
I	4826153	T	K	159	12	7.02%	2	1	38	25	0.98	1	1	113	46	0	12	G
I	4855227	T	Y	152	10	6.17%	2	1	38	25	0.98	1	1	123	29	0	10	C
I	4911430	A	R	75	5	6.25%	2	1	38	30	0.98	1	1	43	32	0	5	G
I	4912232	C	Y	168	10	5.62%	2	1	37	24	0.98	1	1	38	130	10	0	T
I	4916612	T	K	133	8	5.67%	2	1	39	24	0.98	1	1	91	42	0	8	G
I	4919603	A	G	0	268	100%	0	2	0	40	0.98	0	1	0	0	126	142	G
I	4926046	C	Y	42	7	6.03%	2	2	38	37	0.98	1	1	19	23	1	6	+T
I	4933967	T	K	126	12	8.7%	2	1	39	24	0.98	1	1	114	12	0	12	G
I	5020798	A	R	186	19	9.27%	2	1	37	32	0.98	1	1	63	123	19	0	G
I	5035815	T	Y	139	17	10.9%	2	1	38	26	0.98	1	1	131	8	0	17	C
I	5078225	T	K	135	22	14.01%	2	1	39	29	0.98	1	1	119	16	0	22	G
I	5078229	T	K	138	13	8.61%	2	1	38	27	0.98	1	1	120	18	0	13	G
I	5082143	A	R	180	12	6.25%	2	1	39	32	0.98	1	1	81	99	12	0	G
I	5096431	C	Y	114	13	10.24%	2	1	38	27	0.98	1	1	73	41	0	13	T
I	5096437	A	R	98	9	8.33%	2	1	39	32	0.98	1	1	68	30	0	9	G
I	5096470	G	K	84	12	12.5%	2	1	36	30	0.98	1	1	18	66	12	0	T
I	5111786	A	R	145	8	5.23%	2	1	37	32	0.98	1	1	34	111	8	0	G
I	5123442	T	K	162	10	5.75%	2	1	37	30	0.98	1	1	124	38	0	10	G
I	5154973	T	Y	169	9	5.06%	2	1	37	31	0.98	1	1	115	54	0	9	C
I	5155589	G	R	140	12	7.89%	2	1	38	28	0.98	1	1	96	44	0	12	A
I	5155596	G	R	108	11	9.24%	2	1	38	29	0.98	1	1	94	14	0	11	A
I	5157518	T	K	141	14	9.03%	2	1	39	26	0.98	1	1	119	22	0	14	G
I	5157532	T	K	128	12	8.57%	2	1	39	29	0.98	1	1	118	10	0	12	G
I	5173430	G	K	31	23	13.69%	2	1	39	39	0.98	1	1	13	18	0	23	+T
I	5174647	A	M	125	16	11.35%	2	1	40	29	0.98	1	1	16	109	16	0	C
I	5174652	A	M	134	8	5.63%	2	1	39	28	0.98	1	1	25	109	8	0	C
I	5174674	A	M	153	13	7.83%	2	1	39	27	0.98	1	1	43	110	13	0	C
I	5176926	T	W	48	15	10.07%	2	2	39	34	0.98	1	1	25	23	1	14	A
I	5211709	A	R	145	19	11.59%	2	1	38	25	0.98	1	1	19	126	19	0	G
I	5271466	A	T	0	65	100%	0	2	0	40	0.98	0	1	0	0	19	46	T
I	5273268	G	R	196	28	12.5%	2	2	40	38	0.98	1	1	94	102	13	15	A
I	5373675	A	R	189	12	5.97%	2	2	38	29	0.98	1	1	52	137	11	1	G
I	5400080	C	T	0	233	100%	0	2	0	39	0.98	0	1	0	0	122	111	T
I	5445004	C	Y	119	10	7.75%	2	1	39	25	0.98	1	1	12	107	10	0	T
I	5483108	T	Y	181	14	7.18%	2	1	38	34	0.98	1	1	125	56	0	14	C
I	5558735	T	K	189	49	20.59%	2	2	40	39	0.98	1	1	94	95	23	26	G
I	5559310	A	M	16	2	11.11%	2	1	38	32	0.98	1	1	12	4	2	0	C
I	5559394	A	M	70	4	5.41%	2	1	37	28	0.98	1	1	53	17	4	0	C
I	5562193	A	R	207	128	38.21%	2	2	39	40	0.98	1	1	107	100	94	34	G
I	5568477	T	Y	221	15	6.36%	2	1	39	40	0.98	1	1	124	97	0	15	C
I	5569168	A	R	343	25	6.79%	2	2	39	39	0.98	1	1	126	217	13	12	G
I	5574340	A	M	179	12	6.28%	2	1	37	24	0.98	1	1	62	117	12	0	C
I	5574343	A	M	170	9	5.03%	2	1	39	25	0.98	1	1	53	117	9	0	C
I	5576809	C	Y	173	152	46.77%	2	2	39	40	0.98	1	1	92	81	87	65	T
I	5579055	C	Y	55	45	45%	1	1	40	39	0.98	1	1	0	55	0	45	T
II	7207	T	Y	222	60	21.28%	2	2	39	39	0.98	1	1	110	112	41	19	C
II	15830	T	W	44	3	5.26%	2	1	38	29	0.98	1	1	24	20	0	3	A
II	46943	G	R	68	10	12.66%	2	1	38	32	0.98	1	1	17	51	10	0	A
II	64667	A	R	146	10	6.41%	2	1	37	27	0.98	1	1	37	109	10	0	G
II	128002	A	W	18	2	10%	2	1	40	40	0.98	1	1	11	7	2	0	T
II	201095	A	M	168	11	6.15%	2	1	38	34	0.98	1	1	61	107	11	0	C
II	219071	T	K	100	116	53.7%	2	2	40	39	0.98	1	1	49	51	54	62	G
II	243133	T	K	152	15	8.98%	2	1	38	33	0.98	1	1	109	43	0	15	G
II	243139	T	K	141	12	7.84%	2	1	38	31	0.98	1	1	107	34	0	12	G
II	243151	T	K	157	14	8.19%	2	1	38	33	0.98	1	1	117	40	0	14	G
II	255358	T	Y	221	17	7.14%	2	2	40	39	0.98	1	1	117	104	6	11	C
II	266718	A	C	0	247	100%	0	2	0	39	0.98	0	1	0	0	137	110	C
II	266780	T	A	0	266	100%	0	2	0	40	0.98	0	1	0	0	127	139	A
II	272691	C	Y	156	11	6.59%	2	1	38	25	0.98	1	1	29	127	11	0	T
II	276539	A	T	0	227	100%	0	2	0	39	0.98	0	1	0	0	139	88	T
II	290666	G	R	157	9	5.42%	2	1	37	25	0.98	1	1	94	63	0	9	A
II	308731	A	R	155	10	6.06%	2	1	37	33	0.98	1	1	36	119	10	0	G
II	317515	T	Y	146	26	15.12%	2	1	38	32	0.98	1	1	116	30	0	26	C
II	329050	G	R	146	16	9.88%	2	1	39	26	0.98	1	1	138	8	0	16	A
II	365230	T	K	157	11	6.55%	2	1	39	28	0.98	1	1	122	35	0	11	G
II	424707	T	Y	147	11	6.96%	2	1	37	26	0.98	1	1	103	44	0	11	C
II	424708	G	R	129	11	7.86%	2	1	39	25	0.98	1	1	101	28	0	11	A
II	481407	T	Y	143	19	11.73%	2	1	38	30	0.98	1	1	118	25	0	19	C
II	521731	G	K	174	10	5.38%	2	1	37	27	0.98	1	1	119	55	0	10	T
II	528142	C	Y	164	26	13.68%	2	1	38	30	0.98	1	1	22	142	26	0	T
II	570654	T	K	167	9	5.11%	2	1	38	29	0.98	1	1	121	46	0	9	G
II	570663	T	K	149	8	5.1%	2	1	39	26	0.98	1	1	118	31	0	8	G
II	603280	T	A	0	3	100%	0	2	0	40	0.98	0	1	0	0	1	2	A
II	603306	C	A	0	8	100%	0	2	0	40	0.98	0	1	0	0	5	3	A
II	618271	T	K	166	16	8.79%	2	1	39	30	0.98	1	1	117	49	0	16	G
II	618276	T	K	169	15	8.15%	2	1	38	30	0.98	1	1	122	47	0	15	G
II	618282	T	K	166	12	6.74%	2	1	38	28	0.98	1	1	122	44	0	12	G
II	650165	A	R	152	8	5%	2	1	38	30	0.98	1	1	34	118	8	0	G
II	670493	G	R	152	8	5%	2	2	37	37	0.98	1	1	55	97	6	2	A
II	670673	T	Y	155	12	7.19%	2	2	40	44	0.98	1	1	56	99	7	5	C
II	671077	C	Y	165	9	5.17%	2	2	39	37	0.98	1	1	119	46	3	6	T
II	685728	G	A	0	222	100%	0	2	0	40	0.98	0	1	0	0	101	121	A
II	689485	A	T	0	110	100%	0	2	0	39	0.98	0	1	0	0	51	59	T
II	689487	A	C	0	113	100%	0	2	0	39	0.98	0	1	0	0	54	59	C
II	689794	T	C	1	149	99.33%	1	2	24	41	0.98	1	1	0	1	76	73	C
II	689834	G	S	128	7	5.19%	2	2	38	34	0.98	1	1	63	65	3	4	C
II	690537	G	S	126	7	5.22%	2	2	38	36	0.98	1	1	46	80	3	4	C
II	690832	T	Y	27	2	6.9%	2	1	40	28	0.98	1	1	1	26	0	2	C
II	690863	G	S	4	11	68.75%	2	1	40	38	0.98	1	1	1	3	0	11	C
II	690870	C	S	4	5	55.56%	2	1	40	40	0.98	1	1	1	3	0	5	G
II	690871	A	W	4	4	44.44%	2	1	40	40	0.98	1	1	1	3	0	4	T
II	692059	A	R	4	2	33.33%	1	1	40	32	0.98	1	1	0	4	0	2	G
II	693106	T	Y	5	3	37.5%	2	2	44	53	0.98	1	1	2	3	2	1	C
II	693203	G	K	5	2	28.57%	2	1	41	40	0.98	1	1	1	4	2	0	T
II	693244	T	Y	3	2	40%	2	1	61	40	0.98	1	1	1	2	0	2	C
II	693326	C	S	9	8	47.06%	2	2	38	41	0.98	1	1	6	3	2	6	G
II	693345	C	S	15	7	30.43%	2	2	37	33	0.98	1	1	6	9	6	1	G
II	693362	C	Y	23	2	8%	2	2	53	40	0.98	1	1	11	12	1	1	T
II	693673	G	K	4	8	66.67%	1	1	40	40	0.98	1	1	0	4	8	0	T
II	693754	T	C	1	7	87.5%	1	1	40	40	0.98	1	1	1	0	7	0	C
II	693758	C	S	2	3	60%	1	1	40	34	0.98	1	1	2	0	3	0	G
II	693880	T	W	41	3	6.82%	2	2	43	40	0.98	1	1	33	8	2	1	A
II	693882	G	S	45	3	6.25%	2	2	41	40	0.98	1	1	36	9	2	1	C
II	693902	C	S	19	36	65.45%	2	2	46	37	0.98	1	1	12	7	32	4	G
II	693921	C	S	52	8	13.11%	2	2	39	38	0.98	1	1	41	11	7	1	G
II	694069	G	K	117	9	7.14%	2	2	41	33	0.98	1	1	86	31	8	1	T
II	694838	T	Y	167	9	5.11%	2	2	38	33	0.98	1	1	84	83	7	2	C
II	695827	C	T	0	123	100%	0	2	0	39	0.98	0	1	0	0	64	59	T
II	699951	T	G	3	239	98.76%	1	2	40	39	0.98	1	1	3	0	96	143	G
II	699952	G	T	0	240	98.77%	0	2	0	39	0.98	0	1	0	0	98	142	T
II	699961	A	T	0	267	100%	0	2	0	40	0.98	0	1	0	0	116	151	T
II	700019	T	A	2	207	99.04%	1	2	40	39	0.98	1	1	2	0	96	111	A
II	700020	C	T	1	205	99.51%	1	2	40	39	0.98	1	1	1	0	96	109	T
II	700021	A	C	2	205	99.03%	1	2	40	39	0.98	1	1	2	0	95	110	C
II	700024	T	A	0	212	100%	0	2	0	39	0.98	0	1	0	0	97	115	A
II	700028	A	T	0	220	100%	0	2	0	39	0.98	0	1	0	0	101	119	T
II	700113	A	T	0	234	100%	0	2	0	39	0.98	0	1	0	0	119	115	T
II	735343	C	Y	138	9	6.12%	2	1	38	24	0.98	1	1	48	90	9	0	T
II	819361	C	M	67	5	6.94%	2	1	39	33	0.98	1	1	45	22	0	5	A
II	837475	T	K	92	9	8.91%	2	2	39	24	0.98	1	1	18	74	8	1	G
II	837485	C	M	106	20	15.87%	2	1	39	30	0.98	1	1	32	74	20	0	A
II	869806	G	C	0	203	100%	0	2	0	40	0.98	0	1	0	0	102	101	C
II	879033	T	A	0	261	100%	0	2	0	40	0.98	0	1	0	0	106	155	A
II	888600	C	M	5	3	37.5%	2	2	40	34	0.98	1	1	1	4	1	2	A
II	898328	T	Y	199	15	7.01%	2	1	38	28	0.98	1	1	145	54	0	15	C
II	923543	C	A	0	257	100%	0	2	0	40	0.98	0	1	0	0	128	129	A
II	943554	C	A	0	230	100%	0	2	0	40	0.98	0	1	0	0	121	109	A
II	953201	A	G	0	253	100%	0	2	0	40	0.98	0	1	0	0	124	129	G
II	962160	C	M	171	11	6.04%	2	1	37	28	0.98	1	1	72	99	11	0	A
II	967094	A	G	0	238	100%	0	2	0	39	0.98	0	1	0	0	111	127	G
II	991741	T	K	110	7	5.98%	2	1	39	24	0.98	1	1	84	26	0	7	G
II	991749	T	K	96	8	7.69%	2	1	39	30	0.98	1	1	80	16	0	8	G
II	997668	G	R	205	15	6.79%	2	2	39	39	0.98	1	1	126	79	7	8	A
II	997671	G	R	152	25	11.26%	2	2	39	39	0.98	1	1	105	47	13	12	A
II	1019511	A	W	30	7	18.92%	2	2	40	37	0.98	1	1	14	16	4	3	T
II	1020447	G	R	125	10	7.41%	2	1	38	24	0.98	1	1	108	17	0	10	A
II	1020449	T	Y	130	18	12.16%	2	1	37	28	0.98	1	1	110	20	0	18	C
II	1044910	A	R	76	6	7.23%	2	1	40	24	0.98	1	1	29	47	0	6	G
II	1155903	T	A	0	207	100%	0	2	0	40	0.98	0	1	0	0	112	95	A
II	1159678	G	C	0	230	100%	0	2	0	39	0.98	0	1	0	0	124	106	C
II	1159694	A	T	0	228	100%	0	2	0	40	0.98	0	1	0	0	122	106	T
II	1163155	T	W	3	7	70%	1	2	40	40	0.98	1	1	0	3	5	2	A
II	1187785	G	K	142	10	6.49%	2	1	38	30	0.98	1	1	104	38	0	10	T
II	1255439	T	K	153	16	9.47%	2	1	39	26	0.98	1	1	134	19	0	16	G
II	1266289	T	W	32	15	8.38%	2	2	39	38	0.98	1	1	22	10	2	13	A
II	1277479	T	K	100	9	8.26%	2	1	39	27	0.98	1	1	75	25	0	9	G
II	1290518	A	M	126	8	5.97%	2	1	39	30	0.98	1	1	23	103	8	0	C
II	1308619	T	K	17	2	10.53%	2	2	40	40	0.98	1	1	7	10	1	1	G
II	1389139	C	Y	51	9	5.17%	2	2	37	37	0.98	1	1	22	29	5	4	+T
II	1413588	T	C	0	204	100%	0	2	0	39	0.98	0	1	0	0	110	94	C
II	1448456	C	Y	156	12	7.14%	2	1	39	28	0.98	1	1	24	132	12	0	T
II	1453981	G	R	151	8	5.03%	2	1	39	28	0.98	1	1	136	15	0	8	A
II	1453990	G	R	171	13	7.07%	2	1	39	27	0.98	1	1	139	32	0	13	A
II	1456227	A	M	135	12	8.16%	2	1	37	28	0.98	1	1	54	81	12	0	C
II	1467503	A	M	135	18	11.76%	2	1	38	27	0.98	1	1	35	100	18	0	C
II	1528107	A	M	163	14	7.91%	2	1	39	27	0.98	1	1	33	130	14	0	C
II	1555935	C	M	215	44	16.99%	2	2	40	38	0.98	1	1	132	83	12	32	A
II	1588936	G	R	59	20	13.33%	2	2	37	40	0.98	1	1	35	24	1	19	A
II	1604729	A	R	258	17	6.18%	2	2	40	40	0.98	1	1	130	128	2	15	G
II	1613033	G	R	210	18	7.89%	2	2	39	40	0.98	1	1	104	106	5	13	A
II	1615915	C	Y	153	9	5.56%	2	1	38	25	0.98	1	1	20	133	9	0	T
II	1634849	C	Y	174	12	6.45%	2	2	39	40	0.98	1	1	97	77	6	6	T
II	1635337	G	T	0	11	100%	0	2	0	40	0.98	0	1	0	0	4	7	T
II	1644596	A	M	156	11	6.59%	2	1	39	24	0.98	1	1	39	117	11	0	C
II	1646980	G	R	202	11	5.16%	2	2	40	40	0.98	1	1	100	102	7	4	A
II	1672859	C	T	0	233	100%	0	2	0	40	0.98	0	1	0	0	104	129	T
II	1673002	G	C	0	225	100%	0	2	0	39	0.98	0	1	0	0	111	114	C
II	1678206	A	W	26	5	16.13%	2	2	39	36	0.98	1	1	11	15	3	2	T
II	1678693	T	A	0	215	100%	0	2	0	39	0.98	0	1	0	0	107	108	A
II	1682319	A	R	150	8	5.06%	2	1	37	28	0.98	1	1	28	122	8	0	G
II	1683324	T	G	0	223	99.55%	0	2	0	39	0.98	0	1	0	0	130	93	G
II	1697124	C	T	0	238	100%	0	2	0	40	0.98	0	1	0	0	120	118	T
II	1716238	T	K	138	9	6.12%	2	1	38	32	0.98	1	1	80	58	0	9	G
II	1716256	G	K	90	16	12.21%	2	1	38	34	0.98	1	1	61	29	0	16	+T
II	1716272	C	Y	55	97	63.82%	2	2	37	38	0.98	1	1	23	32	50	47	T
II	1716273	T	Y	55	87	61.27%	2	2	38	38	0.98	1	1	28	27	43	44	C
II	1716288	G	T	5	115	95.83%	2	2	36	40	0.98	1	1	1	4	55	60	T
II	1716318	A	G	0	143	100%	0	2	0	39	0.98	0	1	0	0	60	83	G
II	1716320	T	G	0	154	100%	0	2	0	39	0.98	0	1	0	0	70	84	G
II	1716326	G	T	0	166	100%	0	2	0	39	0.98	0	1	0	0	76	90	T
II	1748647	A	R	38	6	13.64%	2	1	38	40	0.98	1	1	20	18	0	6	G
II	1748859	G	R	114	7	5.79%	2	1	37	28	0.98	1	1	89	25	0	7	A
II	1749171	G	R	90	9	9.09%	2	1	39	27	0.98	1	1	77	13	0	9	A
II	1749177	G	R	108	6	5.26%	2	1	38	24	0.98	1	1	78	30	0	6	A
II	1784826	G	A	0	200	100%	0	2	0	39	0.98	0	1	0	0	97	103	A
II	1805308	A	R	95	7	6.8%	2	1	39	26	0.98	1	1	62	33	0	7	G
II	1811868	A	R	146	12	7.59%	2	1	38	30	0.98	1	1	21	125	12	0	G
II	1819309	C	Y	128	14	9.86%	2	1	37	28	0.98	1	1	40	88	14	0	T
II	1849777	G	A	0	206	100%	0	2	0	40	0.98	0	1	0	0	102	104	A
II	1855356	T	Y	137	38	21.71%	2	1	39	30	0.98	1	1	129	8	0	38	C
II	1859075	T	K	131	9	6.43%	2	1	39	25	0.98	1	1	119	12	0	9	G
II	1861421	G	K	0	2	66.67%	0	2	0	40	0.98	0	1	0	0	1	1	T
II	1868122	G	K	51	9	7.14%	2	1	39	38	0.98	1	1	23	28	0	9	+T
II	1952073	A	M	156	10	6.02%	2	1	39	27	0.98	1	1	22	134	10	0	C
II	1952078	A	M	157	15	8.67%	2	1	39	26	0.98	1	1	31	126	15	0	C
II	1952084	A	M	164	15	8.38%	2	1	39	27	0.98	1	1	38	126	15	0	C
II	1962419	T	A	0	246	100%	0	2	0	39	0.98	0	1	0	0	131	115	A
II	1962439	A	G	0	251	100%	0	2	0	40	0.98	0	1	0	0	126	125	G
II	1962458	T	A	0	259	100%	0	2	0	39	0.98	0	1	0	0	134	125	A
II	1964837	T	K	165	10	5.71%	2	1	39	25	0.98	1	1	121	44	0	10	G
II	1964861	T	K	162	9	5.26%	2	1	39	25	0.98	1	1	129	33	0	9	G
II	1987098	C	A	0	257	100%	0	2	0	39	0.98	0	1	0	0	128	129	A
II	2044929	A	T	0	272	100%	0	2	0	39	0.98	0	1	0	0	163	109	T
II	2059202	G	R	126	10	7.35%	2	1	38	24	0.98	1	1	105	21	0	10	A
II	2065196	T	Y	154	10	6.1%	2	1	37	30	0.98	1	1	116	38	0	10	C
II	2074165	C	S	133	8	5.56%	2	1	39	24	0.98	1	1	12	121	8	0	G
II	2093144	T	W	182	47	20.43%	2	2	40	40	0.98	1	1	104	78	21	26	A
II	2115443	C	Y	94	19	16.81%	2	1	39	29	0.98	1	1	3	91	19	0	T
II	2115444	A	R	94	50	34.72%	2	1	40	34	0.98	1	1	4	90	50	0	G
II	2115447	C	Y	95	11	10.38%	2	1	38	26	0.98	1	1	10	85	11	0	T
II	2115448	A	R	102	12	10.53%	2	1	38	28	0.98	1	1	16	86	12	0	G
II	2115451	C	Y	92	21	18.58%	2	1	39	24	0.98	1	1	6	86	21	0	T
II	2115478	C	Y	89	10	10.1%	2	1	39	33	0.98	1	1	18	71	10	0	T
II	2197621	T	Y	130	9	6.47%	2	1	37	29	0.98	1	1	46	84	9	0	C
II	2200029	G	R	215	23	9.66%	2	2	39	40	0.98	1	1	130	85	17	6	A
II	2228775	T	G	6	265	97.79%	2	2	40	39	0.98	1	1	3	3	140	125	G
II	2228777	G	T	5	269	98.18%	2	2	40	40	0.98	1	1	2	3	142	127	T
II	2293298	A	R	17	2	10.53%	2	1	39	40	0.98	1	1	11	6	2	0	G
II	2333320	G	S	123	27	17.88%	2	1	39	29	0.98	1	1	119	4	0	27	C
II	2359223	A	R	122	10	7.58%	2	1	38	27	0.98	1	1	25	97	10	0	G
II	2359224	A	R	109	19	14.84%	2	1	39	29	0.98	1	1	14	95	19	0	G
II	2359225	C	S	103	19	15.45%	2	1	40	27	0.98	1	1	4	99	19	0	G
II	2408238	T	K	164	10	5.75%	2	1	39	27	0.98	1	1	116	48	0	10	G
II	2430035	T	Y	207	30	12.66%	2	2	40	39	0.98	1	1	90	117	12	18	C
II	2436580	C	G	0	224	100%	0	2	0	39	0.98	0	1	0	0	115	109	G
II	2437571	G	S	195	12	5.8%	2	2	40	37	0.98	1	1	79	116	8	4	C
II	2437612	A	W	284	42	12.77%	2	2	41	37	0.98	1	1	140	144	28	14	T
II	2437627	C	Y	216	133	38.11%	2	2	39	41	0.98	1	1	92	124	94	39	T
II	2437629	G	R	292	61	17.28%	2	2	42	39	0.98	1	1	139	153	53	8	A
II	2437646	G	R	284	69	19.55%	2	2	43	38	0.98	1	1	144	140	50	19	A
II	2437651	T	W	317	37	10.42%	2	2	42	33	0.98	1	1	152	165	36	1	A
II	2437655	G	R	315	40	11.27%	2	1	41	34	0.98	1	1	157	158	40	0	A
II	2437661	T	W	307	40	11.4%	2	2	42	34	0.98	1	1	154	153	39	1	A
II	2437666	T	Y	339	35	9.36%	2	2	43	34	0.98	1	1	167	172	34	1	C
II	2437684	T	W	237	140	36.94%	2	2	49	39	0.98	1	1	171	66	25	115	A
II	2437688	A	R	239	142	37.27%	2	2	48	38	0.98	1	1	168	71	28	114	G
II	2437720	A	W	355	19	5.04%	2	2	42	32	0.98	1	1	184	171	16	3	T
II	2437737	A	R	325	24	6.88%	2	2	42	34	0.98	1	1	174	151	18	6	G
II	2437754	G	R	331	20	5.7%	2	2	42	37	0.98	1	1	169	162	14	6	A
II	2437769	A	W	267	39	12.46%	2	2	39	38	0.98	1	1	134	133	21	18	T
II	2437771	A	M	288	38	11.66%	2	2	39	37	0.98	1	1	143	145	22	16	C
II	2437780	A	W	271	23	7.74%	2	2	39	36	0.98	1	1	127	144	11	12	T
II	2437783	T	Y	298	19	5.99%	2	2	40	36	0.98	1	1	147	151	7	12	C
II	2437786	T	W	276	18	6.08%	2	2	39	35	0.98	1	1	135	141	6	12	A
II	2437787	G	S	278	19	6.38%	2	2	39	35	0.98	1	1	136	142	7	12	C
II	2437855	A	M	195	85	30.36%	2	2	39	40	0.98	1	1	137	58	11	74	C
II	2437918	T	Y	200	47	19.03%	2	1	40	39	0.98	1	1	123	77	0	47	C
II	2437936	A	W	204	34	14.29%	2	1	40	39	0.98	1	1	118	86	0	34	T
II	2437942	G	K	199	34	14.59%	2	1	40	40	0.98	1	1	121	78	0	34	T
II	2437951	C	Y	212	31	12.76%	2	1	39	40	0.98	1	1	123	89	0	31	T
II	2437970	G	R	227	18	7.35%	2	1	40	40	0.98	1	1	116	111	0	18	A
II	2437978	T	Y	234	14	5.65%	2	1	40	40	0.98	1	1	112	122	0	14	C
II	2443212	A	M	54	7	11.48%	2	1	39	30	0.98	1	1	12	42	7	0	C
II	2443872	T	W	97	7	6.67%	2	1	38	37	0.98	1	1	67	30	0	7	A
II	2443873	T	W	67	14	12.5%	2	1	39	40	0.98	1	1	41	26	0	14	A
II	2443898	C	M	72	5	6.49%	2	1	38	24	0.98	1	1	18	54	5	0	A
II	2444543	T	C	1	233	99.57%	1	2	24	40	0.98	1	1	0	1	112	121	C
II	2473281	C	Y	123	9	6.82%	2	1	39	27	0.98	1	1	8	115	9	0	T
II	2551917	C	A	0	232	100%	0	2	0	39	0.98	0	1	0	0	128	104	A
II	2579475	C	M	144	19	11.66%	2	1	38	33	0.98	1	1	40	104	19	0	A
II	2622859	T	Y	130	18	12.16%	2	1	38	29	0.98	1	1	100	30	0	18	C
II	2622860	T	Y	148	8	5.13%	2	1	38	28	0.98	1	1	100	48	0	8	C
II	2676336	C	T	0	226	100%	0	2	0	40	0.98	0	1	0	0	95	131	T
II	2691938	T	K	139	10	6.71%	2	1	39	28	0.98	1	1	120	19	0	10	G
II	2730252	T	Y	152	11	6.75%	2	1	38	26	0.98	1	1	114	38	0	11	C
II	2798041	T	Y	3	2	40%	1	1	40	40	0.98	1	1	0	3	0	2	C
II	2798515	G	A	0	10	90.91%	0	2	0	40	0.98	0	1	0	0	5	5	A
II	2806053	G	A	0	248	100%	0	2	0	40	0.98	0	1	0	0	111	137	A
II	2811496	A	M	6	3	33.33%	2	2	37	40	0.98	1	1	3	3	2	1	C
II	2901509	G	T	0	243	100%	0	2	0	40	0.98	0	1	0	0	139	104	T
II	2937650	T	Y	143	9	5.92%	2	1	36	27	0.98	1	1	104	39	0	9	C
II	2972491	G	R	132	12	8.33%	2	1	39	26	0.98	1	1	128	4	0	12	A
II	2988179	A	M	164	9	5.2%	2	1	38	27	0.98	1	1	52	112	9	0	C
II	3006137	A	T	0	204	100%	0	2	0	39	0.98	0	1	0	0	113	91	T
II	3014227	G	K	56	137	70.98%	2	2	38	40	0.98	1	1	29	27	71	66	T
II	3072324	A	M	171	14	7.57%	2	1	39	28	0.98	1	1	35	136	14	0	C
II	3168292	A	R	107	28	20.74%	2	1	37	30	0.98	1	1	7	100	28	0	G
II	3168957	T	K	136	16	10.53%	2	1	39	28	0.98	1	1	118	18	0	16	G
II	3253453	C	Y	51	10	6.1%	2	1	37	36	0.98	1	1	21	30	0	10	+T
II	3287931	T	K	155	12	7.19%	2	1	39	25	0.98	1	1	98	57	0	12	G
II	3380160	A	M	128	16	11.11%	2	1	40	27	0.98	1	1	31	97	16	0	C
II	3391058	A	R	166	18	9.78%	2	1	38	32	0.98	1	1	40	126	18	0	G
II	3394039	T	K	138	12	8%	2	1	39	28	0.98	1	1	114	24	0	12	G
II	3394043	T	K	137	11	7.43%	2	1	39	31	0.98	1	1	116	21	0	11	G
II	3403445	A	M	125	7	5.3%	2	1	39	26	0.98	1	1	15	110	7	0	C
II	3408078	G	R	147	10	6.37%	2	1	38	30	0.98	1	1	128	19	0	10	A
II	3417583	T	Y	125	24	16.11%	2	1	38	30	0.98	1	1	112	13	0	24	C
II	3505880	T	K	158	10	5.95%	2	1	39	28	0.98	1	1	107	51	0	10	G
II	3581573	A	R	151	11	6.79%	2	1	38	29	0.98	1	1	31	120	11	0	G
II	3622768	C	M	188	11	5.53%	2	1	37	31	0.98	1	1	69	119	11	0	A
II	3634818	A	M	116	13	10.08%	2	1	38	28	0.98	1	1	28	88	13	0	C
II	3730437	A	R	84	163	65.99%	2	2	40	40	0.98	1	1	43	41	76	87	G
II	3741603	G	R	138	14	9.21%	2	1	38	27	0.98	1	1	127	11	0	14	A
II	3815052	A	M	89	13	12.75%	2	1	39	32	0.98	1	1	23	66	13	0	C
II	3838102	A	M	22	4	15.38%	2	2	38	36	0.98	1	1	11	11	2	2	C
II	3838894	T	K	118	9	7.09%	2	1	39	25	0.98	1	1	73	45	0	9	G
II	3857829	A	M	97	6	5.83%	2	1	39	29	0.98	1	1	15	82	6	0	C
II	3860190	A	M	31	9	22.5%	2	2	38	40	0.98	1	1	14	17	6	3	C
II	3861636	C	Y	123	15	10.87%	2	1	38	28	0.98	1	1	12	111	15	0	T
II	3975211	T	K	79	9	10.23%	2	1	40	25	0.98	1	1	51	28	0	9	G
II	3985398	C	Y	135	14	9.4%	2	1	38	30	0.98	1	1	30	105	14	0	T
II	4056829	C	Y	144	9	5.88%	2	1	38	27	0.98	1	1	11	133	9	0	T
II	4070314	C	S	121	20	14.18%	2	1	38	26	0.98	1	1	12	109	20	0	G
II	4075200	A	M	129	8	5.84%	2	1	39	26	0.98	1	1	30	99	8	0	C
II	4122326	T	C	0	262	100%	0	2	0	40	0.98	0	1	0	0	143	119	C
II	4222332	T	K	97	6	5.83%	2	1	39	32	0.98	1	1	86	11	0	6	G
II	4273518	A	M	146	10	6.41%	2	2	40	47	0.98	1	1	27	119	5	5	C
II	4273787	G	R	112	6	5.08%	2	2	38	32	0.98	1	1	54	58	4	2	A
II	4274027	A	R	140	8	5.41%	2	2	39	37	0.98	1	1	104	36	2	6	G
II	4400666	A	C	0	197	100%	0	2	0	39	0.98	0	1	0	0	106	91	C
II	4419921	T	W	55	14	9.52%	2	1	39	37	0.98	1	1	38	17	0	14	A
II	4422825	G	S	114	6	5%	2	2	39	34	0.98	1	1	58	56	4	2	C
II	4497094	T	K	134	12	8.22%	2	1	38	26	0.98	1	1	93	41	0	12	G
II	4505717	A	R	246	37	13.07%	2	2	40	39	0.98	1	1	112	134	18	19	G
II	4513966	A	R	347	44	11.25%	2	2	40	39	0.98	1	1	147	200	28	16	G
II	4513980	A	W	371	35	8.62%	2	2	40	39	0.98	1	1	156	215	22	13	T
II	4517039	T	Y	383	63	14.13%	2	2	40	38	0.98	1	1	195	188	31	32	C
II	4517044	T	Y	389	70	15.25%	2	2	39	39	0.98	1	1	203	186	34	36	C
II	4517047	T	Y	309	74	16.16%	2	2	39	39	0.98	1	1	157	152	36	38	C
II	4521636	C	Y	174	175	50.14%	2	2	39	40	0.98	1	1	89	85	100	75	T
II	4523882	C	Y	253	244	49.09%	2	2	40	39	0.98	1	1	143	110	121	123	T
II	4525340	G	K	154	33	12.55%	2	1	37	34	0.98	1	1	114	40	0	33	+T
II	4525822	C	Y	310	90	22.5%	2	2	40	39	0.98	1	1	145	165	24	66	T
II	4525894	C	Y	255	33	11.46%	2	2	40	40	0.98	1	1	128	127	1	32	T
II	4525966	C	Y	265	64	19.45%	2	2	40	39	0.98	1	1	129	136	16	48	T
II	4526147	C	Y	149	28	15.82%	2	1	37	27	0.98	1	1	21	128	28	0	T
II	4526148	A	R	163	20	10.93%	2	1	37	29	0.98	1	1	34	129	20	0	G
II	4526151	C	Y	132	21	13.38%	2	1	37	25	0.98	1	1	5	127	21	0	T
II	4526266	T	Y	158	27	14.59%	2	1	39	31	0.98	1	1	149	9	0	27	C
II	4526267	T	Y	176	11	5.88%	2	1	38	25	0.98	1	1	151	25	0	11	C
II	4526840	A	R	122	11	8.27%	2	1	37	25	0.98	1	1	78	44	0	11	G
II	4527879	G	S	499	124	19.9%	2	2	39	38	0.98	1	1	250	249	60	64	C
II	4527881	C	Y	488	125	20.39%	2	2	40	39	0.98	1	1	246	242	60	65	T
II	4529116	T	Y	392	255	39.41%	2	2	39	40	0.98	1	1	187	205	125	130	C
II	4529965	A	R	382	284	42.64%	2	2	40	39	0.98	1	1	184	198	162	122	G
II	4530323	G	R	538	92	14.6%	2	2	39	40	0.98	1	1	252	286	48	44	A
II	4530797	C	Y	516	151	22.64%	2	2	39	40	0.98	1	1	263	253	69	82	T
II	4531033	G	S	372	280	42.94%	2	2	39	39	0.98	1	1	178	194	129	151	C
II	4531092	G	R	382	304	44.31%	2	2	40	40	0.98	1	1	216	166	165	139	A
II	4531414	T	Y	380	320	45.71%	2	2	39	39	0.98	1	1	168	212	158	162	C
II	4531492	A	R	510	133	20.68%	2	2	40	39	0.98	1	1	247	263	62	71	G
II	4531592	G	R	347	301	46.45%	2	2	39	40	0.98	1	1	185	162	153	148	A
II	4531749	C	Y	352	258	42.3%	2	2	40	40	0.98	1	1	178	174	129	129	T
II	4531764	A	R	270	347	56.24%	2	2	39	39	0.98	1	1	129	141	173	174	G
II	4532088	G	K	263	375	58.78%	2	2	39	39	0.98	1	1	125	138	202	173	T
II	4532323	C	Y	746	125	14.35%	2	2	40	40	0.98	1	1	464	282	72	53	T
II	4533394	T	Y	720	550	43.31%	2	2	40	39	0.98	1	1	310	410	245	305	C
II	4533451	T	Y	743	574	43.58%	2	2	40	39	0.98	1	1	322	421	249	325	C
II	4533598	G	R	771	420	35.26%	2	2	39	40	0.98	1	1	421	350	250	170	A
II	4533617	A	R	798	439	35.49%	2	2	39	40	0.98	1	1	414	384	264	175	G
II	4533636	C	Y	719	536	42.71%	2	2	40	40	0.98	1	1	419	300	281	255	T
II	4533744	T	Y	766	445	36.75%	2	2	40	40	0.98	1	1	381	385	229	216	C
II	4533922	G	R	705	418	37.22%	2	2	39	40	0.98	1	1	357	348	213	205	A
II	4533994	T	Y	689	476	40.86%	2	2	40	40	0.98	1	1	314	375	220	256	C
II	4534246	C	M	808	443	35.41%	2	2	40	40	0.98	1	1	447	361	242	201	A
II	4534498	A	M	835	409	32.88%	2	2	40	40	0.98	1	1	409	426	193	216	C
II	4536550	C	M	895	391	30.4%	2	2	40	39	0.98	1	1	476	419	223	168	A
II	4537214	T	Y	875	226	20.53%	2	2	39	39	0.98	1	1	454	421	103	123	C
II	4537236	G	R	1130	64	5.36%	2	1	39	39	0.98	1	1	564	566	0	64	A
II	4537248	A	R	1148	64	5.28%	2	1	39	40	0.98	1	1	564	584	0	64	G
II	4537402	A	R	1042	58	5.27%	2	2	39	39	0.98	1	1	520	522	21	37	G
II	4537844	T	Y	452	323	41.68%	2	2	39	39	0.98	1	1	172	280	74	249	C
II	4537880	T	Y	598	62	9.39%	2	1	40	39	0.98	1	1	231	367	0	62	C
II	4537892	A	R	536	90	14.38%	2	2	40	39	0.98	1	1	181	355	47	43	G
II	4537919	A	M	485	33	6.37%	2	2	39	38	0.98	1	1	181	304	14	19	C
II	4538036	G	K	313	64	16.98%	2	2	38	41	0.98	1	1	138	175	63	1	T
II	4538038	A	R	295	64	17.83%	2	2	38	41	0.98	1	1	127	168	63	1	G
II	4538047	G	R	340	18	5.03%	2	2	39	38	0.98	1	1	179	161	3	15	A
II	4538048	C	Y	302	64	17.49%	2	2	39	41	0.98	1	1	127	175	63	1	T
II	4538052	A	R	309	69	18.25%	2	2	39	41	0.98	1	1	135	174	68	1	G
II	4538091	T	Y	332	43	11.08%	2	2	39	40	0.98	1	1	140	192	41	2	C
II	4538114	A	R	331	30	8.31%	2	2	39	39	0.98	1	1	150	181	2	28	G
II	4538115	G	K	331	30	8.31%	2	2	39	39	0.98	1	1	149	182	2	28	T
II	4538116	G	R	332	30	8.29%	2	2	39	40	0.98	1	1	148	184	2	28	A
II	4538118	G	R	331	30	8.31%	2	2	40	40	0.98	1	1	150	181	2	28	A
II	4538122	G	S	325	28	7.93%	2	2	39	38	0.98	1	1	149	176	1	27	C
II	4538125	A	W	329	30	8.36%	2	2	39	40	0.98	1	1	148	181	2	28	T
II	4538126	C	S	333	30	8.26%	2	2	39	40	0.98	1	1	149	184	2	28	G
II	4538128	A	R	329	30	8.36%	2	2	39	40	0.98	1	1	148	181	2	28	G
II	4538164	A	W	349	55	13.61%	2	1	40	39	0.98	1	1	174	175	0	55	T
II	4538366	G	R	230	36	13.53%	2	2	38	38	0.98	1	1	81	149	1	35	A
II	4538541	C	Y	342	28	7.57%	2	1	40	40	0.98	1	1	165	177	28	0	T
II	4538556	T	Y	333	54	13.95%	2	1	40	39	0.98	1	1	158	175	54	0	C
II	4538591	G	R	338	111	24.72%	2	2	40	39	0.98	1	1	207	131	82	29	A
II	4538770	T	Y	514	129	20.06%	2	2	39	40	0.98	1	1	336	178	117	12	C
II	4539524	G	R	645	237	26.87%	2	2	40	40	0.98	1	1	300	345	100	137	A
II	4539673	T	W	469	156	24.96%	2	2	39	40	0.98	1	1	102	367	30	126	A
II	4539725	T	Y	354	177	33.33%	2	2	39	40	0.98	1	1	24	330	17	160	C
III	43472	A	M	132	10	7.04%	2	1	39	25	0.98	1	1	41	91	10	0	C
III	64834	C	T	0	240	100%	0	2	0	39	0.98	0	1	0	0	129	111	T
III	72839	T	K	121	8	6.2%	2	1	37	28	0.98	1	1	74	47	0	8	G
III	72845	T	K	100	10	9.09%	2	1	39	25	0.98	1	1	75	25	0	10	G
III	107015	C	Y	149	8	5.1%	2	1	36	26	0.98	1	1	36	113	8	0	T
III	123340	N	A	0	156	100%	0	2	0	39	0.98	0	1	0	0	86	70	A
III	207168	T	K	79	8	8.99%	2	1	39	28	0.98	1	1	68	11	0	8	G
III	207199	T	Y	80	6	6.98%	2	1	38	29	0.98	1	1	25	55	6	0	C
III	210237	G	R	106	6	5.36%	2	1	35	24	0.98	1	1	71	35	0	6	A
III	210238	G	R	91	8	8%	2	1	37	26	0.98	1	1	70	21	0	8	A
III	210242	G	R	100	7	6.54%	2	1	36	30	0.98	1	1	71	29	0	7	A
III	227730	A	T	0	241	100%	0	2	0	40	0.98	0	1	0	0	119	122	T
III	253907	A	W	55	11	6.51%	2	2	39	37	0.98	1	1	27	28	6	5	+T
III	284657	C	A	0	229	100%	0	2	0	40	0.98	0	1	0	0	131	98	A
III	285340	C	Y	149	8	5.1%	2	1	37	30	0.98	1	1	44	105	8	0	T
III	285341	A	R	163	13	7.39%	2	1	38	29	0.98	1	1	57	106	13	0	G
III	286410	G	K	156	9	5.45%	2	1	38	29	0.98	1	1	106	50	0	9	T
III	286594	T	W	61	9	5.92%	2	2	39	33	0.98	1	1	40	21	1	8	A
III	286616	C	M	126	20	13.7%	2	2	38	32	0.98	1	1	20	106	19	1	A
III	286619	C	M	136	12	8.11%	2	1	38	33	0.98	1	1	31	105	12	0	A
III	299709	A	R	132	13	8.97%	2	1	36	30	0.98	1	1	34	98	13	0	G
III	368343	T	K	156	9	5.45%	2	1	38	27	0.98	1	1	118	38	0	9	G
III	381316	T	Y	119	38	24.2%	2	1	39	34	0.98	1	1	111	8	0	38	C
III	389918	A	M	135	24	15.09%	2	1	39	28	0.98	1	1	13	122	24	0	C
III	389933	A	M	138	22	13.75%	2	1	39	29	0.98	1	1	24	114	22	0	C
III	393123	T	Y	159	14	8.09%	2	1	38	24	0.98	1	1	142	17	0	14	C
III	428482	A	T	0	233	100%	0	2	0	40	0.98	0	1	0	0	107	126	T
III	441837	T	K	119	7	5.56%	2	1	39	26	0.98	1	1	110	9	0	7	G
III	499939	T	K	163	10	5.78%	2	1	39	27	0.98	1	1	119	44	0	10	G
III	594520	A	R	137	8	5.52%	2	1	37	34	0.98	1	1	34	103	8	0	G
III	623552	C	M	169	11	6.11%	2	1	38	31	0.98	1	1	38	131	11	0	A
III	656350	A	M	130	7	5.11%	2	1	39	28	0.98	1	1	18	112	7	0	C
III	656357	A	M	143	8	5.3%	2	1	39	28	0.98	1	1	27	116	8	0	C
III	684871	T	K	175	10	5.41%	2	1	39	27	0.98	1	1	127	48	0	10	G
III	717678	T	W	40	3	6.98%	2	1	37	29	0.98	1	1	18	22	0	3	A
III	719971	G	T	0	67	100%	0	2	0	40	0.98	0	1	0	0	31	36	T
III	719976	G	A	0	62	100%	0	2	0	40	0.98	0	1	0	0	30	32	A
III	719978	G	A	0	61	100%	0	2	0	40	0.98	0	1	0	0	29	32	A
III	719979	A	T	0	62	100%	0	2	0	39	0.98	0	1	0	0	30	32	T
III	719981	G	T	0	62	100%	0	2	0	40	0.98	0	1	0	0	30	32	T
III	719985	G	T	0	62	100%	0	2	0	39	0.98	0	1	0	0	30	32	T
III	719987	G	T	0	62	100%	0	2	0	40	0.98	0	1	0	0	30	32	T
III	719988	A	T	0	62	100%	0	2	0	40	0.98	0	1	0	0	30	32	T
III	719990	G	T	0	62	100%	0	2	0	39	0.98	0	1	0	0	30	32	T
III	719991	A	T	0	62	100%	0	2	0	40	0.98	0	1	0	0	30	32	T
III	720001	C	T	0	179	100%	0	2	0	40	0.98	0	1	0	0	100	79	T
III	720549	A	R	129	7	5.15%	2	1	38	30	0.98	1	1	85	44	0	7	G
III	720593	A	M	115	9	7.26%	2	1	38	29	0.98	1	1	31	84	9	0	C
III	742669	T	K	161	14	8%	2	1	39	28	0.98	1	1	123	38	0	14	G
III	742729	C	Y	103	12	10.43%	2	1	38	29	0.98	1	1	19	84	12	0	T
III	763541	T	Y	180	11	5.76%	2	1	38	31	0.98	1	1	115	65	0	11	C
III	782987	A	M	138	9	6.12%	2	1	37	25	0.98	1	1	45	93	9	0	C
III	936692	A	R	87	8	8.42%	2	1	39	26	0.98	1	1	50	37	0	8	G
III	936699	C	Y	69	17	19.77%	2	1	39	29	0.98	1	1	44	25	0	17	T
III	962376	C	Y	524	55	9.5%	2	2	43	41	0.98	1	1	261	263	34	21	T
III	962574	T	Y	78	5	6.02%	2	2	42	40	0.98	1	1	38	40	3	2	C
III	963322	G	R	201	12	5.63%	2	1	40	43	0.98	1	1	116	85	0	12	A
III	963343	A	G	5	190	97.44%	1	2	40	40	0.98	1	1	0	5	106	84	G
III	970572	A	M	145	16	9.94%	2	1	39	31	0.98	1	1	26	119	16	0	C
III	970575	A	M	160	9	5.33%	2	1	38	27	0.98	1	1	46	114	9	0	C
III	985842	A	M	91	9	9%	2	1	36	27	0.98	1	1	19	72	9	0	C
III	985871	C	Y	49	16	24.24%	2	1	36	33	0.98	1	1	22	27	0	16	T
III	999315	A	M	134	13	8.84%	2	1	39	27	0.98	1	1	8	126	13	0	C
III	1047073	A	M	144	13	8.28%	2	1	38	28	0.98	1	1	44	100	13	0	C
III	1047084	A	M	168	13	7.18%	2	1	39	30	0.98	1	1	66	102	13	0	C
III	1084286	G	K	225	43	16.04%	2	2	40	40	0.98	1	1	127	98	23	20	T
III	1114661	C	M	193	29	13.06%	2	2	39	40	0.98	1	1	87	106	12	17	A
III	1116842	T	Y	233	18	7.17%	2	2	39	39	0.98	1	1	54	179	7	11	C
III	1116943	G	R	38	13	25.49%	2	2	39	40	0.98	1	1	3	35	1	12	A
III	1117064	C	Y	22	16	42.11%	2	1	40	39	0.98	1	1	1	21	0	16	T
III	1121421	C	M	194	41	17.45%	2	2	39	40	0.98	1	1	80	114	20	21	A
III	1123602	T	Y	231	25	9.77%	2	2	39	40	0.98	1	1	50	181	7	18	C
III	1123703	G	R	43	15	25.86%	2	1	39	40	0.98	1	1	2	41	0	15	A
III	1123824	C	Y	27	11	28.95%	1	1	39	40	0.98	1	1	0	27	0	11	T
III	1128181	C	M	187	38	16.89%	2	2	40	40	0.98	1	1	69	118	18	20	A
III	1130362	T	Y	224	26	10.4%	2	2	39	40	0.98	1	1	44	180	6	20	C
III	1130463	G	R	40	21	34.43%	2	2	40	39	0.98	1	1	2	38	1	20	A
III	1130584	C	Y	19	13	40.62%	1	1	40	38	0.98	1	1	0	19	0	13	T
III	1134941	C	M	177	29	14.08%	2	2	39	41	0.98	1	1	63	114	10	19	A
III	1137122	T	Y	299	19	5.97%	2	2	40	40	0.98	1	1	120	179	3	16	C
III	1137223	G	R	171	18	9.52%	2	1	39	39	0.98	1	1	134	37	0	18	A
III	1168328	T	C	0	149	100%	0	2	0	38	0.98	0	1	0	0	81	68	C
III	1168347	T	K	109	6	5.22%	2	1	38	29	0.98	1	1	65	44	0	6	G
III	1168363	G	A	1	127	99.22%	1	2	40	39	0.98	1	1	0	1	68	59	A
III	1168400	T	Y	114	7	5.79%	2	1	38	26	0.98	1	1	40	74	7	0	C
III	1207130	T	K	149	11	6.88%	2	1	39	31	0.98	1	1	119	30	0	11	G
III	1252491	T	K	99	10	9.17%	2	1	39	28	0.98	1	1	51	48	0	10	G
III	1252495	T	K	87	6	6.45%	2	1	39	26	0.98	1	1	43	44	0	6	G
III	1252505	G	K	64	17	19.54%	2	1	38	39	0.98	1	1	31	33	0	17	T
III	1252534	A	W	76	4	5%	2	2	39	40	0.98	1	1	23	53	2	2	T
III	1267277	T	K	138	10	6.76%	2	1	39	29	0.98	1	1	114	24	0	10	G
III	1284523	A	M	144	10	6.49%	2	1	39	25	0.98	1	1	22	122	10	0	C
III	1285827	T	Y	164	20	10.87%	2	1	38	32	0.98	1	1	137	27	0	20	C
III	1341577	A	R	172	10	5.49%	2	1	37	28	0.98	1	1	50	122	10	0	G
III	1349571	T	K	160	17	9.6%	2	1	39	31	0.98	1	1	144	16	0	17	G
III	1374938	A	T	0	249	100%	0	2	0	40	0.98	0	1	0	0	140	109	T
III	1395394	G	K	109	18	13.74%	2	2	38	34	0.98	1	1	92	17	1	17	T
III	1395419	C	Y	74	6	7.5%	2	1	37	34	0.98	1	1	31	43	6	0	T
III	1395445	G	K	85	7	7.61%	2	2	36	28	0.98	1	1	46	39	6	1	T
III	1400856	T	K	149	11	6.88%	2	1	39	31	0.98	1	1	122	27	0	11	G
III	1430577	A	R	124	50	28.74%	2	1	39	34	0.98	1	1	4	120	50	0	G
III	1430578	C	S	118	19	13.77%	2	1	39	27	0.98	1	1	1	117	19	0	G
III	1430582	C	Y	157	9	5.42%	2	1	37	25	0.98	1	1	38	119	9	0	T
III	1430585	A	R	159	14	8.09%	2	1	37	26	0.98	1	1	40	119	14	0	G
III	1493950	A	R	135	75	35.55%	2	1	39	40	0.98	1	1	81	54	75	0	G
III	1494129	T	K	280	66	19.08%	2	2	42	37	0.98	1	1	138	142	24	42	G
III	1494164	A	R	197	50	20.24%	2	2	39	37	0.98	1	1	120	77	18	32	G
III	1494181	A	W	218	20	8.37%	2	2	38	37	0.98	1	1	127	91	11	9	T
III	1494187	T	W	225	17	7.02%	2	2	39	35	0.98	1	1	133	92	12	5	A
III	1494192	G	R	226	12	5.04%	2	2	38	36	0.98	1	1	131	95	11	1	A
III	1494282	G	R	238	125	34.44%	2	2	40	37	0.98	1	1	133	105	21	104	A
III	1494303	G	R	233	93	28.53%	2	2	40	39	0.98	1	1	127	106	14	79	A
III	1494306	A	W	236	85	26.4%	2	2	40	38	0.98	1	1	128	108	12	73	T
III	1494312	A	R	238	80	25.16%	2	2	40	39	0.98	1	1	125	113	13	67	G
III	1494315	A	R	249	78	23.85%	2	2	40	39	0.98	1	1	131	118	14	64	G
III	1494318	A	R	251	78	23.71%	2	2	40	39	0.98	1	1	130	121	14	64	G
III	1494327	T	K	257	76	22.82%	2	2	40	39	0.98	1	1	136	121	14	62	G
III	1499389	C	Y	222	16	6.72%	2	2	39	40	0.98	1	1	115	107	1	15	T
III	1499390	A	W	220	16	6.78%	2	2	39	36	0.98	1	1	114	106	1	15	T
III	1499950	T	K	132	8	5.71%	2	1	39	26	0.98	1	1	99	33	0	8	G
III	1529707	C	M	150	8	5.06%	2	1	38	26	0.98	1	1	50	100	8	0	A
III	1561154	A	M	139	10	6.71%	2	1	39	27	0.98	1	1	26	113	10	0	C
III	1575980	A	M	116	10	7.94%	2	1	39	31	0.98	1	1	34	82	10	0	C
III	1655392	G	S	122	10	7.52%	2	1	39	28	0.98	1	1	121	1	0	10	C
III	1655393	T	Y	128	39	23.35%	2	1	39	33	0.98	1	1	118	10	0	39	C
III	1655396	T	Y	148	20	11.9%	2	1	38	30	0.98	1	1	118	30	0	20	C
III	1655397	T	Y	152	10	6.17%	2	1	38	33	0.98	1	1	117	35	0	10	C
III	1669049	A	R	132	46	25.84%	2	1	39	29	0.98	1	1	10	122	46	0	G
III	1731092	A	M	172	17	8.99%	2	1	39	24	0.98	1	1	41	131	17	0	C
III	1756401	A	W	6	5	45.45%	2	1	40	40	0.98	1	1	2	4	5	0	T
III	1758863	C	M	143	10	6.54%	2	1	37	28	0.98	1	1	29	114	10	0	A
III	1765401	G	T	1	268	99.63%	1	2	24	40	0.98	1	1	0	1	126	142	T
III	1821897	T	K	111	8	6.72%	2	1	38	32	0.98	1	1	70	41	0	8	G
III	1821902	T	K	100	6	5.66%	2	1	38	26	0.98	1	1	70	30	0	6	G
III	1864995	C	Y	126	8	5.97%	2	2	38	26	0.98	1	1	19	107	7	1	T
III	1864999	C	Y	148	9	5.73%	2	1	38	29	0.98	1	1	43	105	9	0	T
III	1929127	A	R	54	5	6.1%	2	1	34	40	0.98	1	1	41	13	5	0	-G
III	1934234	G	R	147	11	6.96%	2	1	37	25	0.98	1	1	114	33	0	11	A
III	2024773	A	R	116	15	11.45%	2	1	38	31	0.98	1	1	18	98	15	0	G
III	2024778	C	S	107	9	7.76%	2	1	39	24	0.98	1	1	6	101	9	0	G
III	2067529	T	K	131	16	10.88%	2	1	39	30	0.98	1	1	75	56	0	16	G
III	2067537	T	K	113	10	8.13%	2	1	38	24	0.98	1	1	65	48	0	10	G
III	2067818	G	R	66	9	12%	2	1	39	31	0.98	1	1	42	24	0	9	A
III	2067829	G	R	53	13	19.7%	2	1	38	30	0.98	1	1	36	17	0	13	A
III	2067833	G	R	49	4	7.55%	2	1	36	34	0.98	1	1	35	14	0	4	A
III	2074534	A	M	141	14	9.03%	2	1	39	29	0.98	1	1	25	116	14	0	C
III	2229074	A	R	207	12	5.48%	2	2	39	40	0.98	1	1	94	113	7	5	G
III	2234737	T	Y	143	15	9.49%	2	1	38	30	0.98	1	1	119	24	0	15	C
III	2237150	A	R	173	13	6.99%	2	1	38	28	0.98	1	1	130	43	0	13	G
III	2237157	T	K	145	14	8.81%	2	1	39	33	0.98	1	1	126	19	0	14	G
III	2245648	A	R	150	8	5.06%	2	1	37	26	0.98	1	1	37	113	8	0	G
III	2246190	A	M	131	8	5.76%	2	1	39	32	0.98	1	1	16	115	8	0	C
III	2374481	A	R	173	10	5.46%	2	1	39	30	0.98	1	1	70	103	10	0	G
III	2381979	G	T	0	165	100%	0	2	0	38	0.98	0	1	0	0	83	82	T
III	2382014	T	K	104	9	7.96%	2	1	38	27	0.98	1	1	72	32	0	9	G
III	2448311	A	W	648	37	5.26%	2	2	38	38	0.98	1	1	393	255	31	6	T
mitochondrial	11746	A	R	6464	1371	17.5%	2	2	40	39	0.98	1	1	4023	2441	887	484	G
