Chrom	Position	Ref	Cons	Reads1	Reads2	VarFreq	Strands1	Strands2	Qual1	Qual2	Pvalue	MapQual1	MapQual2	Reads1Plus	Reads1Minus	Reads2Plus	Reads2Minus	VarAllele
chr_II_telomeric_gap	4787	G	A	0	11	100%	0	2	0	43	0.98	0	1	0	0	8	3	A
I	224	G	R	66	9	12%	2	2	46	45	0.98	1	1	45	21	8	1	A
I	459	C	M	56	71	55.91%	2	2	44	43	0.98	1	1	29	27	30	41	A
I	783	T	Y	46	62	57.41%	2	2	37	39	0.98	1	1	23	23	28	34	C
I	798	G	R	53	53	50%	2	2	38	40	0.98	1	1	29	24	31	22	A
I	955	C	Y	70	53	43.09%	2	2	43	44	0.98	1	1	37	33	31	22	T
I	1055	T	Y	140	17	10.83%	2	2	47	36	0.98	1	1	55	85	7	10	C
I	1133	A	R	68	71	51.08%	2	2	42	45	0.98	1	1	19	49	24	47	G
I	1455	C	Y	54	45	45.45%	2	2	39	41	0.98	1	1	24	30	27	18	T
I	1514	C	S	45	43	48.86%	2	2	40	44	0.98	1	1	8	37	16	27	G
I	1750	G	R	68	21	23.6%	2	2	45	48	0.98	1	1	28	40	13	8	A
I	2224	C	Y	44	14	24.14%	2	2	42	47	0.98	1	1	31	13	10	4	T
I	2582	T	Y	40	30	42.86%	2	2	41	43	0.98	1	1	24	16	18	12	C
I	2694	G	R	68	4	5.56%	2	1	46	46	0.98	1	1	36	32	4	0	A
I	3431	A	R	52	48	48%	2	2	49	45	0.98	1	1	22	30	18	30	G
I	4666	G	R	28	10	26.32%	2	2	38	33	0.98	1	1	14	14	4	6	A
I	4668	C	S	31	8	20.51%	2	2	42	33	0.98	1	1	17	14	1	7	G
I	4695	G	K	37	2	5.13%	2	1	40	25	0.98	1	1	10	27	2	0	T
I	6583	G	R	16	9	36%	2	2	36	45	0.98	1	1	12	4	8	1	A
I	6727	G	R	14	11	44%	2	2	42	50	0.98	1	1	8	6	5	6	A
I	6912	A	M	46	3	6.12%	2	1	46	37	0.98	1	1	23	23	0	3	C
I	7187	C	M	36	2	5.26%	2	1	40	25	0.98	1	1	30	6	0	2	A
I	7191	T	W	39	3	7.14%	2	1	39	29	0.98	1	1	27	12	0	3	A
I	7192	C	M	23	9	21.95%	2	1	38	30	0.98	1	1	21	2	0	9	A
I	8666	G	R	37	27	42.19%	2	2	41	42	0.98	1	1	12	25	11	16	A
I	10913	G	R	3	4	57.14%	2	1	37	37	0.98	1	1	1	2	4	0	A
I	17723	A	R	24	2	7.69%	2	1	42	37	0.98	1	1	10	14	0	2	G
I	17733	A	R	26	2	7.14%	2	1	44	37	0.98	1	1	13	13	0	2	G
I	17875	A	R	36	6	14.29%	2	2	40	43	0.98	1	1	29	7	5	1	G
I	17889	T	Y	33	7	17.5%	2	2	40	42	0.98	1	1	25	8	4	3	C
I	18099	A	R	49	18	26.87%	2	2	41	36	0.98	1	1	30	19	16	2	G
I	18104	A	R	61	4	6.15%	2	1	41	46	0.98	1	1	42	19	4	0	G
I	18140	T	Y	72	9	10.98%	2	2	43	41	0.98	1	1	59	13	8	1	C
I	18218	G	R	96	10	9.43%	2	2	48	37	0.98	1	1	66	30	8	2	A
I	18318	G	R	85	30	26.09%	2	2	44	41	0.98	1	1	39	46	25	5	A
I	18475	C	Y	65	46	41.44%	2	2	44	46	0.98	1	1	16	49	6	40	T
I	18740	C	M	24	2	7.69%	2	1	38	31	0.98	1	1	6	18	2	0	A
I	29359	T	W	41	4	8.89%	2	1	47	34	0.98	1	1	17	24	4	0	A
I	29373	T	Y	35	5	12.2%	2	2	49	35	0.98	1	1	15	20	4	1	C
I	63141	C	Y	15	2	11.76%	2	1	50	37	0.98	1	1	13	2	0	2	T
I	69104	T	W	16	2	11.11%	2	2	50	31	0.98	1	1	7	9	1	1	A
I	81764	T	W	8	2	20%	2	2	44	37	0.98	1	1	3	5	1	1	A
I	82949	T	Y	6	2	25%	2	2	37	37	0.98	1	1	4	2	1	1	C
I	96157	G	R	19	2	9.52%	2	1	42	37	0.98	1	1	14	5	0	2	A
I	98629	A	M	41	5	10.87%	2	1	42	37	0.98	1	1	28	13	5	0	C
I	98632	C	Y	40	5	11.11%	2	1	42	37	0.98	1	1	28	12	5	0	T
I	98639	A	W	50	9	15.25%	2	1	45	35	0.98	1	1	34	16	9	0	T
I	98777	T	Y	74	12	13.95%	2	2	51	49	0.98	1	1	32	42	8	4	C
I	98786	G	R	82	8	8.89%	2	2	46	41	0.98	1	1	37	45	1	7	A
I	98914	T	K	59	4	6.35%	2	1	44	31	0.98	1	1	23	36	4	0	G
I	99204	A	W	48	16	25%	2	2	43	39	0.98	1	1	18	30	2	14	T
I	99211	A	R	41	9	18%	2	2	41	37	0.98	1	1	15	26	1	8	G
I	99214	G	K	39	8	17.02%	2	2	42	35	0.98	1	1	15	24	1	7	T
I	101871	A	R	0	3	10.34%	0	2	0	34	0.98	0	1	0	0	2	1	G
I	111677	T	Y	29	2	6.45%	2	2	48	37	0.98	1	1	15	14	1	1	C
I	123113	G	K	25	2	7.41%	2	1	45	55	0.98	1	1	15	10	2	0	T
I	145995	G	K	10	2	16.67%	1	1	36	31	0.98	1	1	10	0	0	2	T
I	172930	G	K	24	2	7.69%	2	1	41	25	0.98	1	1	16	8	0	2	T
I	207344	C	Y	15	3	16.67%	2	1	41	37	0.98	1	1	9	6	3	0	T
I	220354	G	R	22	3	12%	2	1	42	37	0.98	1	1	9	13	0	3	A
I	228343	T	W	17	2	10.53%	2	1	41	25	0.98	1	1	7	10	0	2	A
I	283808	C	M	19	2	9.52%	2	2	48	37	0.98	1	1	4	15	1	1	A
I	305898	T	K	19	2	9.52%	2	2	47	31	0.98	1	1	12	7	1	1	G
I	420511	A	W	11	2	15.38%	2	1	43	37	0.98	1	1	3	8	2	0	T
I	436246	A	R	28	2	6.67%	2	2	49	74	0.98	1	1	22	6	1	1	G
I	447857	G	K	25	2	7.41%	2	1	38	22	0.98	1	1	12	13	2	0	T
I	473469	C	M	11	2	15.38%	2	1	35	28	0.98	1	1	3	8	2	0	A
I	490953	T	K	25	2	7.41%	2	1	40	31	0.98	1	1	12	13	2	0	G
I	508270	T	K	16	2	11.11%	2	1	42	25	0.98	1	1	6	10	0	2	G
I	523077	G	K	7	2	22.22%	2	1	42	25	0.98	1	1	2	5	2	0	T
I	523099	G	K	10	2	16.67%	2	1	48	27	0.98	1	1	2	8	2	0	T
I	523603	G	A	0	30	100%	0	2	0	47	0.98	0	1	0	0	14	16	A
I	523883	G	A	0	34	100%	0	2	0	44	0.98	0	1	0	0	18	16	A
I	527156	C	A	0	18	100%	0	2	0	49	0.98	0	1	0	0	14	4	A
I	551428	T	Y	53	3	5.36%	2	1	44	37	0.98	1	1	22	31	0	3	C
I	554539	G	K	15	3	16.67%	2	1	38	37	0.98	1	1	3	12	3	0	T
I	652508	T	K	7	2	22.22%	2	1	45	31	0.98	1	1	3	4	2	0	G
I	652565	C	M	14	2	12.5%	2	1	45	31	0.98	1	1	4	10	2	0	A
I	730178	T	W	24	2	7.69%	2	1	46	37	0.98	1	1	8	16	2	0	A
I	738817	C	Y	13	4	23.53%	2	2	40	37	0.98	1	1	3	10	2	2	T
I	759334	G	T	0	6	100%	0	2	0	41	0.98	0	1	0	0	1	5	T
I	791739	T	K	15	2	11.76%	2	2	49	49	0.98	1	1	9	6	1	1	G
I	802886	A	M	24	2	7.69%	2	2	42	37	0.98	1	1	18	6	1	1	C
I	831920	T	K	7	2	22.22%	2	1	31	31	0.98	1	1	2	5	2	0	G
I	844412	T	W	4	2	33.33%	2	2	46	31	0.98	1	1	1	3	1	1	A
I	862964	G	T	0	16	100%	0	2	0	40	0.98	0	1	0	0	5	11	T
I	871033	A	R	13	2	13.33%	2	1	38	31	0.98	1	1	6	7	2	0	G
I	878860	C	M	8	2	20%	2	2	38	37	0.98	1	1	3	5	1	1	A
I	905044	T	K	32	2	5.88%	2	1	44	25	0.98	1	1	14	18	2	0	G
I	921864	T	W	22	2	8.33%	2	2	45	37	0.98	1	1	10	12	1	1	A
I	926281	T	Y	15	2	11.76%	2	1	38	37	0.98	1	1	12	3	0	2	C
I	936699	G	K	11	2	15.38%	2	1	44	31	0.98	1	1	7	4	0	2	T
I	947061	G	K	25	2	7.41%	2	1	43	31	0.98	1	1	18	7	2	0	T
I	949545	T	K	10	5	33.33%	2	1	34	32	0.98	1	1	2	8	5	0	G
I	949554	T	K	15	2	11.76%	2	1	40	25	0.98	1	1	8	7	2	0	G
I	953866	A	M	23	2	8%	2	1	45	37	0.98	1	1	6	17	0	2	C
I	959689	A	W	17	2	10.53%	2	2	44	37	0.98	1	1	11	6	1	1	T
I	959692	A	R	17	2	10.53%	2	2	47	37	0.98	1	1	11	6	1	1	G
I	1002518	T	K	15	2	11.76%	2	1	36	37	0.98	1	1	7	8	2	0	G
I	1008723	G	R	23	2	8%	2	1	49	37	0.98	1	1	11	12	0	2	A
I	1014450	A	W	27	4	12.9%	2	1	39	37	0.98	1	1	15	12	0	4	T
I	1038404	C	M	31	2	6.06%	2	1	44	37	0.98	1	1	12	19	0	2	A
I	1038947	T	W	21	2	8.7%	2	2	36	37	0.98	1	1	10	11	1	1	A
I	1051585	C	M	27	2	6.9%	2	2	46	37	0.98	1	1	10	17	1	1	A
I	1051586	T	K	28	2	6.67%	2	2	44	37	0.98	1	1	11	17	1	1	G
I	1096173	T	K	23	2	8%	2	1	42	31	0.98	1	1	16	7	2	0	G
I	1096935	T	W	13	2	13.33%	2	1	39	31	0.98	1	1	3	10	2	0	A
I	1131155	A	R	35	2	5.41%	2	2	45	37	0.98	1	1	14	21	1	1	G
I	1152099	A	W	16	2	11.11%	2	2	46	37	0.98	1	1	4	12	1	1	T
I	1167092	G	R	22	2	8.33%	2	2	40	37	0.98	1	1	8	14	1	1	A
I	1178432	T	Y	35	2	5.41%	2	2	43	37	0.98	1	1	19	16	1	1	C
I	1188566	A	M	38	2	5%	2	1	51	37	0.98	1	1	15	23	0	2	C
I	1198481	C	Y	35	2	5.41%	2	1	46	37	0.98	1	1	22	13	0	2	T
I	1246608	A	R	27	2	6.9%	2	2	43	55	0.98	1	1	13	14	1	1	G
I	1246852	A	M	36	2	5.26%	2	1	43	37	0.98	1	1	21	15	2	0	C
I	1306066	G	K	5	2	28.57%	2	1	37	25	0.98	1	1	1	4	2	0	T
I	1306117	C	M	9	3	25%	2	1	38	25	0.98	1	1	2	7	3	0	A
I	1307686	T	K	13	2	13.33%	2	1	40	37	0.98	1	1	5	8	2	0	G
I	1321575	G	K	15	2	11.76%	2	1	39	31	0.98	1	1	3	12	2	0	T
I	1376460	C	M	13	2	13.33%	2	1	37	25	0.98	1	1	10	3	0	2	A
I	1393835	G	K	14	2	12.5%	2	1	36	25	0.98	1	1	2	12	2	0	T
I	1428177	G	S	26	2	7.14%	2	1	39	37	0.98	1	1	9	17	0	2	C
I	1478813	T	W	35	2	5.41%	2	2	44	31	0.98	1	1	21	14	1	1	A
I	1481317	A	W	19	2	9.52%	2	1	39	37	0.98	1	1	11	8	2	0	T
I	1485349	T	Y	27	2	6.9%	2	1	38	37	0.98	1	1	18	9	0	2	C
I	1535363	G	K	24	2	7.69%	2	1	43	31	0.98	1	1	20	4	0	2	T
I	1539564	C	M	4	3	42.86%	1	1	46	25	0.98	1	1	4	0	0	3	A
I	1540421	C	M	18	2	10%	2	1	36	31	0.98	1	1	10	8	0	2	A
I	1545074	T	K	8	5	38.46%	1	1	35	33	0.98	1	1	0	8	5	0	G
I	1545171	C	Y	15	4	21.05%	2	1	37	37	0.98	1	1	6	9	4	0	T
I	1551710	T	W	21	2	8.7%	2	1	47	37	0.98	1	1	13	8	0	2	A
I	1557425	A	R	26	2	7.14%	2	2	44	37	0.98	1	1	16	10	1	1	G
I	1578140	T	K	9	2	18.18%	1	1	37	25	0.98	1	1	0	9	2	0	G
I	1582087	T	Y	26	2	7.14%	2	1	41	37	0.98	1	1	9	17	0	2	C
I	1600210	T	Y	24	3	11.11%	2	1	51	33	0.98	1	1	8	16	0	3	C
I	1621771	A	W	18	2	10%	2	2	49	37	0.98	1	1	11	7	1	1	T
I	1652729	T	W	31	2	6.06%	2	2	48	37	0.98	1	1	9	22	1	1	A
I	1667157	T	W	12	2	14.29%	2	1	37	25	0.98	1	1	6	6	2	0	A
I	1669099	C	M	33	2	5.71%	2	1	43	31	0.98	1	1	15	18	0	2	A
I	1679522	T	Y	27	2	6.9%	2	1	46	49	0.98	1	1	12	15	0	2	C
I	1710863	C	S	29	7	19.44%	2	2	42	37	0.98	1	1	20	9	3	4	G
I	1765306	C	M	7	2	22.22%	1	1	37	33	0.98	1	1	7	0	0	2	A
I	1783458	C	T	0	23	100%	0	2	0	42	0.98	0	1	0	0	8	15	T
I	1788888	A	W	16	2	11.11%	2	2	43	37	0.98	1	1	8	8	1	1	T
I	1789108	G	T	2	17	89.47%	1	2	37	41	0.98	1	1	2	0	11	6	T
I	1812841	C	M	32	2	5.88%	2	1	42	31	0.98	1	1	19	13	0	2	A
I	1812890	A	W	16	2	11.11%	2	1	40	31	0.98	1	1	8	8	0	2	T
I	1812922	C	M	12	4	25%	2	1	43	26	0.98	1	1	8	4	0	4	A
I	1812931	A	M	15	3	16.67%	2	1	39	29	0.98	1	1	8	7	0	3	C
I	1834432	G	K	18	2	10%	2	1	43	33	0.98	1	1	14	4	0	2	T
I	1839864	G	K	24	4	14.29%	2	1	41	37	0.98	1	1	8	16	4	0	T
I	1849266	G	K	28	2	6.67%	2	1	41	22	0.98	1	1	22	6	2	0	T
I	1898297	T	Y	21	2	8.7%	2	1	45	37	0.98	1	1	10	11	0	2	C
I	1907180	A	W	11	2	15.38%	2	1	52	31	0.98	1	1	2	9	0	2	T
I	1938867	T	W	20	2	9.09%	2	1	48	37	0.98	1	1	7	13	0	2	A
I	1939731	G	K	16	2	11.11%	2	1	43	31	0.98	1	1	8	8	2	0	T
I	1943784	A	M	10	3	20%	2	1	35	31	0.98	1	1	9	1	0	3	C
I	1957040	G	K	15	2	11.76%	2	1	43	25	0.98	1	1	10	5	0	2	T
I	1957049	C	M	16	2	11.11%	2	1	38	31	0.98	1	1	9	7	0	2	A
I	1958795	G	R	9	2	18.18%	2	2	41	37	0.98	1	1	6	3	1	1	A
I	1994664	T	K	18	2	10%	2	1	40	37	0.98	1	1	9	9	2	0	G
I	1995659	T	W	22	2	8.33%	2	1	51	37	0.98	1	1	11	11	2	0	A
I	1999192	G	C	0	32	100%	0	2	0	42	0.98	0	1	0	0	13	19	C
I	2005700	A	W	24	2	7.69%	2	1	41	37	0.98	1	1	7	17	2	0	T
I	2025000	C	Y	5	4	26.67%	2	1	42	35	0.98	1	1	4	1	0	4	+T
I	2025033	C	M	14	2	12.5%	1	1	36	27	0.98	1	1	0	14	2	0	A
I	2026575	A	R	36	2	5.26%	2	2	51	31	0.98	1	1	21	15	1	1	G
I	2038310	C	M	14	2	12.5%	2	2	40	31	0.98	1	1	9	5	1	1	A
I	2052836	G	K	28	2	6.67%	2	1	39	22	0.98	1	1	15	13	2	0	T
I	2067783	A	R	25	2	7.41%	2	1	44	37	0.98	1	1	9	16	2	0	G
I	2104091	G	T	0	13	100%	0	2	0	45	0.98	0	1	0	0	6	7	T
I	2104097	C	A	0	14	100%	0	2	0	44	0.98	0	1	0	0	7	7	A
I	2104259	C	Y	17	2	10.53%	2	2	41	37	0.98	1	1	9	8	1	1	T
I	2104830	T	K	23	2	8%	2	1	50	37	0.98	1	1	15	8	2	0	G
I	2106518	T	W	17	2	10.53%	2	2	42	37	0.98	1	1	6	11	1	1	A
I	2124131	T	Y	27	2	6.9%	2	1	46	37	0.98	1	1	13	14	0	2	C
I	2124316	G	K	11	2	15.38%	2	1	40	25	0.98	1	1	10	1	0	2	T
I	2129720	T	K	6	2	25%	2	1	43	37	0.98	1	1	1	5	2	0	G
I	2134124	G	K	27	2	6.9%	2	1	43	27	0.98	1	1	13	14	2	0	T
I	2173345	A	R	16	2	11.11%	2	2	46	37	0.98	1	1	6	10	1	1	G
I	2174507	G	K	5	2	28.57%	2	1	41	27	0.98	1	1	2	3	0	2	T
I	2186348	G	K	14	2	12.5%	2	2	39	25	0.98	1	1	3	11	1	1	T
I	2202975	T	K	16	2	11.11%	2	1	41	37	0.98	1	1	6	10	2	0	G
I	2218249	A	R	23	2	8%	2	1	42	49	0.98	1	1	11	12	2	0	G
I	2227443	C	M	10	2	16.67%	2	1	46	31	0.98	1	1	7	3	0	2	A
I	2277989	C	A	2	10	83.33%	2	2	37	40	0.98	1	1	1	1	4	6	A
I	2285602	T	W	7	2	22.22%	2	2	35	37	0.98	1	1	6	1	1	1	A
I	2316148	T	Y	27	2	6.9%	2	1	42	74	0.98	1	1	11	16	2	0	C
I	2323320	T	K	11	4	26.67%	2	1	37	32	0.98	1	1	2	9	4	0	G
I	2325176	T	K	28	2	6.67%	2	1	45	31	0.98	1	1	18	10	2	0	G
I	2340234	T	Y	23	2	8%	2	1	49	37	0.98	1	1	11	12	2	0	C
I	2340522	T	Y	19	2	9.52%	2	1	45	31	0.98	1	1	4	15	0	2	C
I	2369454	A	R	26	2	7.14%	2	2	38	37	0.98	1	1	10	16	1	1	G
I	2385997	T	W	18	2	10%	2	2	46	37	0.98	1	1	9	9	1	1	A
I	2410382	G	K	15	2	11.76%	2	1	41	27	0.98	1	1	9	6	0	2	T
I	2414507	C	M	8	2	20%	2	1	40	25	0.98	1	1	6	2	0	2	A
I	2429431	G	K	10	2	16.67%	2	1	41	25	0.98	1	1	4	6	2	0	T
I	2480108	A	M	12	2	14.29%	1	1	37	31	0.98	1	1	12	0	0	2	C
I	2499083	A	R	20	2	9.09%	2	2	56	37	0.98	1	1	12	8	1	1	G
I	2503848	C	Y	26	2	7.14%	2	1	47	37	0.98	1	1	14	12	2	0	T
I	2503986	A	M	23	2	8%	2	1	37	25	0.98	1	1	19	4	0	2	C
I	2506044	T	A	0	25	100%	0	2	0	44	0.98	0	1	0	0	10	15	A
I	2551208	T	W	30	2	6.25%	2	1	41	37	0.98	1	1	19	11	0	2	A
I	2556940	A	W	26	2	7.14%	2	1	45	31	0.98	1	1	12	14	0	2	T
I	2564870	C	M	24	2	7.69%	2	1	41	31	0.98	1	1	19	5	0	2	A
I	2564887	G	K	18	4	18.18%	2	1	42	34	0.98	1	1	14	4	0	4	T
I	2591940	T	K	18	2	10%	2	1	46	31	0.98	1	1	5	13	2	0	G
I	2591976	G	K	23	2	8%	2	1	44	31	0.98	1	1	6	17	2	0	T
I	2605764	T	A	0	21	100%	0	2	0	38	0.98	0	1	0	0	9	12	A
I	2608330	T	Y	23	2	8%	2	1	45	37	0.98	1	1	7	16	0	2	C
I	2641983	G	K	4	2	33.33%	2	1	43	31	0.98	1	1	3	1	0	2	T
I	2641998	C	Y	1	2	40%	1	1	25	31	0.98	1	1	1	0	0	2	+T
I	2679670	T	Y	20	2	9.09%	2	2	36	37	0.98	1	1	11	9	1	1	C
I	2679673	A	W	20	2	9.09%	2	2	37	37	0.98	1	1	11	9	1	1	T
I	2680754	T	Y	19	2	9.52%	2	1	44	37	0.98	1	1	12	7	0	2	C
I	2696475	C	M	7	3	30%	1	1	33	29	0.98	1	1	7	0	0	3	A
I	2696495	A	M	5	3	37.5%	1	1	45	29	0.98	1	1	5	0	0	3	C
I	2706491	G	K	11	2	15.38%	2	1	38	25	0.98	1	1	8	3	0	2	T
I	2733548	A	W	10	2	16.67%	2	1	45	25	0.98	1	1	6	4	0	2	T
I	2735991	C	M	17	2	10.53%	2	2	45	37	0.98	1	1	10	7	1	1	A
I	2747078	A	G	0	17	100%	0	2	0	40	0.98	0	1	0	0	2	15	G
I	2747871	T	Y	15	2	11.76%	2	1	44	37	0.98	1	1	7	8	0	2	C
I	2772247	T	K	19	2	9.52%	2	1	48	25	0.98	1	1	10	9	2	0	G
I	2844732	T	Y	20	2	9.09%	2	1	49	37	0.98	1	1	7	13	0	2	C
I	2881324	C	M	31	5	13.89%	2	2	41	44	0.98	1	1	17	14	1	4	A
I	2904303	C	Y	32	2	5.88%	2	1	46	37	0.98	1	1	17	15	0	2	T
I	2907920	A	R	32	2	5.88%	2	1	46	37	0.98	1	1	13	19	2	0	G
I	2916416	C	M	25	2	7.41%	2	2	48	68	0.98	1	1	14	11	1	1	A
I	2972000	G	K	16	8	33.33%	2	2	45	41	0.98	1	1	8	8	6	2	T
I	2976578	T	K	19	3	13.64%	2	1	42	37	0.98	1	1	9	10	3	0	G
I	3004549	T	W	22	3	12%	2	1	42	37	0.98	1	1	12	10	3	0	A
I	3026945	A	W	22	2	8.33%	2	1	48	37	0.98	1	1	14	8	0	2	T
I	3033382	G	K	14	2	12.5%	2	1	38	31	0.98	1	1	5	9	2	0	T
I	3036899	T	W	21	3	12.5%	2	1	41	49	0.98	1	1	9	12	0	3	A
I	3057234	G	S	26	2	7.14%	2	2	53	55	0.98	1	1	17	9	1	1	C
I	3073428	C	M	13	2	13.33%	2	2	41	37	0.98	1	1	7	6	1	1	A
I	3077541	A	M	12	2	14.29%	2	1	46	25	0.98	1	1	3	9	0	2	C
I	3093185	T	Y	16	2	11.11%	2	1	43	37	0.98	1	1	5	11	0	2	C
I	3094198	A	M	17	2	10.53%	2	1	43	37	0.98	1	1	6	11	0	2	C
I	3104407	A	R	21	2	8.7%	2	2	42	37	0.98	1	1	16	5	1	1	G
I	3111508	A	G	0	17	100%	0	2	0	45	0.98	0	1	0	0	12	5	G
I	3115841	C	A	0	16	100%	0	2	0	36	0.98	0	1	0	0	5	11	A
I	3119299	G	A	0	8	100%	0	2	0	40	0.98	0	1	0	0	2	6	A
I	3120201	C	Y	31	2	6.06%	2	2	46	37	0.98	1	1	18	13	1	1	T
I	3136551	T	W	15	2	11.76%	2	2	51	37	0.98	1	1	4	11	1	1	A
I	3175902	T	Y	34	2	5.56%	2	1	44	37	0.98	1	1	19	15	0	2	C
I	3176732	T	K	30	10	25%	2	2	44	38	0.98	1	1	15	15	5	5	G
I	3178497	C	Y	13	3	18.75%	2	2	43	34	0.98	1	1	5	8	1	2	T
I	3179238	G	C	0	21	100%	0	2	0	44	0.98	0	1	0	0	15	6	C
I	3223362	A	M	14	2	12.5%	2	1	47	37	0.98	1	1	5	9	0	2	C
I	3244009	A	M	30	2	6.25%	2	2	43	31	0.98	1	1	14	16	1	1	C
I	3251447	T	K	14	3	17.65%	2	2	46	33	0.98	1	1	10	4	2	1	G
I	3251453	G	K	16	3	15.79%	2	2	46	33	0.98	1	1	11	5	2	1	T
I	3285288	C	M	13	2	13.33%	2	1	40	31	0.98	1	1	4	9	0	2	A
I	3288560	G	S	16	2	11.11%	2	1	38	37	0.98	1	1	13	3	0	2	C
I	3306642	T	K	26	2	7.14%	2	1	39	22	0.98	1	1	7	19	2	0	G
I	3326034	A	M	20	2	9.09%	2	1	41	31	0.98	1	1	11	9	0	2	C
I	3370734	G	R	18	2	10%	2	2	45	37	0.98	1	1	8	10	1	1	A
I	3408781	T	Y	22	2	8.33%	2	1	43	37	0.98	1	1	18	4	0	2	C
I	3460615	G	R	17	2	10.53%	2	2	47	37	0.98	1	1	11	6	1	1	A
I	3525867	A	M	34	2	5.56%	2	1	43	49	0.98	1	1	18	16	0	2	C
I	3525910	A	W	35	2	5.41%	2	2	38	37	0.98	1	1	15	20	1	1	T
I	3538450	A	T	0	12	100%	0	2	0	49	0.98	0	1	0	0	5	7	T
I	3548532	G	K	6	3	33.33%	1	1	37	33	0.98	1	1	6	0	0	3	T
I	3548913	T	A	0	5	100%	0	2	0	34	0.98	0	1	0	0	2	3	A
I	3559977	A	W	19	2	9.52%	2	1	46	37	0.98	1	1	3	16	0	2	T
I	3566242	A	W	22	2	8.33%	2	1	43	37	0.98	1	1	11	11	2	0	T
I	3569130	A	R	9	2	18.18%	2	2	41	37	0.98	1	1	7	2	1	1	G
I	3576756	T	Y	0	3	42.86%	0	2	0	37	0.98	0	1	0	0	2	1	C
I	3581404	T	K	32	2	5.88%	2	1	41	37	0.98	1	1	15	17	2	0	G
I	3583106	G	A	0	37	100%	0	2	0	45	0.98	0	1	0	0	17	20	A
I	3598605	A	R	12	2	14.29%	2	2	45	37	0.98	1	1	5	7	1	1	G
I	3618216	C	M	23	2	8%	2	1	38	37	0.98	1	1	15	8	0	2	A
I	3645843	G	K	6	2	25%	2	1	38	25	0.98	1	1	2	4	0	2	T
I	3645865	C	M	3	5	62.5%	1	1	49	32	0.98	1	1	3	0	0	5	A
I	3645880	A	M	4	2	33.33%	2	1	37	31	0.98	1	1	3	1	0	2	C
I	3657401	C	M	12	2	14.29%	2	1	39	31	0.98	1	1	10	2	0	2	A
I	3664122	T	K	18	2	10%	2	1	43	31	0.98	1	1	12	6	2	0	G
I	3665097	A	W	29	2	6.45%	2	2	48	37	0.98	1	1	12	17	1	1	T
I	3665855	T	Y	36	2	5.26%	2	1	44	37	0.98	1	1	18	18	0	2	C
I	3686692	G	S	30	2	6.25%	2	2	50	37	0.98	1	1	15	15	1	1	C
I	3690980	A	M	13	2	13.33%	2	1	44	37	0.98	1	1	10	3	0	2	C
I	3736798	C	Y	20	2	9.09%	2	2	45	37	0.98	1	1	16	4	1	1	T
I	3754675	A	W	25	2	7.41%	2	1	37	33	0.98	1	1	13	12	0	2	T
I	3764408	C	S	12	2	14.29%	2	2	40	37	0.98	1	1	9	3	1	1	G
I	3773137	G	K	15	2	11.76%	2	2	39	37	0.98	1	1	10	5	1	1	T
I	3778776	C	Y	55	3	5.17%	2	1	45	37	0.98	1	1	42	13	0	3	T
I	3778777	C	Y	51	3	5.56%	2	1	43	37	0.98	1	1	39	12	0	3	T
I	3786391	C	S	32	2	5.88%	2	2	47	31	0.98	1	1	14	18	1	1	G
I	3788427	T	W	41	3	6.82%	2	1	41	29	0.98	1	1	15	26	3	0	A
I	3795779	G	K	18	2	10%	2	1	38	25	0.98	1	1	16	2	0	2	T
I	3802237	G	K	14	2	12.5%	2	2	47	37	0.98	1	1	7	7	1	1	T
I	3807119	A	M	21	3	12.5%	2	1	41	37	0.98	1	1	7	14	3	0	C
I	3846759	C	M	16	2	11.11%	2	1	36	31	0.98	1	1	1	15	2	0	A
I	3876959	C	Y	53	5	8.62%	2	1	41	37	0.98	1	1	23	30	0	5	T
I	3879381	G	K	26	2	7.14%	2	1	38	33	0.98	1	1	14	12	0	2	T
I	3879386	C	M	26	2	7.14%	2	1	40	25	0.98	1	1	15	11	0	2	A
I	3879458	T	W	19	2	9.52%	2	1	35	25	0.98	1	1	4	15	2	0	A
I	3892784	C	S	37	2	5.13%	2	1	44	37	0.98	1	1	14	23	0	2	G
I	3901327	A	R	30	2	6.25%	2	1	40	37	0.98	1	1	15	15	2	0	G
I	3929363	T	Y	31	2	6.06%	2	1	43	37	0.98	1	1	15	16	0	2	C
I	3973772	G	R	21	2	8.7%	2	1	42	37	0.98	1	1	11	10	0	2	A
I	3978960	C	Y	34	2	5.56%	2	1	41	37	0.98	1	1	18	16	0	2	T
I	3983489	A	R	122	7	5.43%	2	2	41	35	0.98	1	1	73	49	5	2	G
I	3983769	C	Y	130	7	5.11%	2	2	43	34	0.98	1	1	62	68	2	5	T
I	3984278	C	Y	110	13	10.57%	2	2	46	45	0.98	1	1	58	52	10	3	T
I	3987791	T	K	31	2	6.06%	2	1	38	37	0.98	1	1	6	25	2	0	G
I	3987811	T	K	32	3	8.57%	2	1	37	25	0.98	1	1	5	27	3	0	G
I	3987843	C	M	36	2	5.26%	2	1	38	25	0.98	1	1	11	25	2	0	A
I	3988337	T	Y	42	3	6.67%	2	2	40	37	0.98	1	1	26	16	2	1	C
I	3988361	A	R	51	4	7.27%	2	2	43	37	0.98	1	1	35	16	1	3	G
I	3988940	A	R	75	16	17.58%	2	2	45	43	0.98	1	1	35	40	4	12	G
I	3988943	G	R	74	16	17.78%	2	2	45	44	0.98	1	1	36	38	4	12	A
I	3988952	G	R	71	14	16.47%	2	2	45	45	0.98	1	1	38	33	4	10	A
I	3988970	A	R	77	15	16.3%	2	2	45	38	0.98	1	1	41	36	2	13	G
I	3988971	A	R	78	15	16.13%	2	2	46	38	0.98	1	1	42	36	2	13	G
I	3988981	G	R	77	13	14.44%	2	2	46	38	0.98	1	1	41	36	2	11	A
I	3989282	A	R	10	23	69.7%	2	2	39	39	0.98	1	1	2	8	14	9	G
I	3989285	G	R	10	21	67.74%	2	2	38	37	0.98	1	1	2	8	12	9	A
I	3989294	G	A	6	18	75%	2	2	43	37	0.98	1	1	2	4	11	7	A
I	3989384	G	A	0	23	100%	0	2	0	37	0.98	0	1	0	0	9	14	A
I	3989390	G	A	0	27	100%	0	2	0	37	0.98	0	1	0	0	11	16	A
I	3989404	T	C	0	29	100%	0	2	0	37	0.98	0	1	0	0	12	17	C
I	3992214	C	A	0	12	100%	0	1	0	42	0.98	0	1	0	0	0	12	A
I	3993830	A	R	7	2	22.22%	2	1	33	37	0.98	1	1	6	1	0	2	G
I	4003513	G	R	18	2	10%	2	1	40	37	0.98	1	1	8	10	2	0	A
I	4006450	G	S	26	3	10.34%	2	2	36	74	0.98	1	1	18	8	1	2	C
I	4011340	T	K	34	2	5.56%	2	1	45	37	0.98	1	1	20	14	2	0	G
I	4045768	T	K	18	2	10%	2	1	47	37	0.98	1	1	8	10	2	0	G
I	4047594	A	M	21	3	12.5%	2	1	41	37	0.98	1	1	12	9	0	3	C
I	4048025	A	W	14	2	12.5%	2	1	40	55	0.98	1	1	6	8	0	2	T
I	4063568	A	R	105	6	5.41%	2	2	46	35	0.98	1	1	41	64	4	2	G
I	4063757	T	Y	85	5	5.43%	2	2	42	37	0.98	1	1	36	49	1	4	C
I	4063796	T	Y	83	8	8.79%	2	2	42	40	0.98	1	1	35	48	3	5	C
I	4063871	G	R	68	4	5.56%	2	2	40	35	0.98	1	1	35	33	2	2	A
I	4064010	T	Y	56	3	5.08%	2	1	41	37	0.98	1	1	29	27	0	3	C
I	4079865	G	R	133	7	5%	2	2	45	42	0.98	1	1	59	74	2	5	A
I	4082723	A	R	19	2	9.52%	2	1	48	55	0.98	1	1	12	7	2	0	G
I	4135196	T	Y	62	4	6.06%	2	1	43	37	0.98	1	1	23	39	0	4	C
I	4179701	C	Y	6	2	15.38%	2	1	32	33	0.98	1	1	4	2	0	2	+T
I	4192110	A	M	14	3	17.65%	2	1	37	37	0.98	1	1	7	7	0	3	C
I	4215172	A	W	24	2	7.69%	2	1	39	37	0.98	1	1	16	8	0	2	T
I	4215187	A	M	18	2	10%	2	1	38	31	0.98	1	1	15	3	0	2	C
I	4221515	T	K	27	2	6.9%	2	1	38	37	0.98	1	1	13	14	2	0	G
I	4221559	T	W	32	2	5.88%	2	1	38	27	0.98	1	1	20	12	2	0	A
I	4224219	G	R	17	2	10.53%	2	2	43	31	0.98	1	1	3	14	1	1	A
I	4233029	T	Y	20	2	9.09%	2	2	52	37	0.98	1	1	13	7	1	1	C
I	4268916	T	K	27	3	10%	2	1	37	31	0.98	1	1	4	23	3	0	G
I	4282366	G	S	14	2	12.5%	2	2	47	37	0.98	1	1	8	6	1	1	C
I	4316464	T	Y	34	3	8.11%	2	1	47	37	0.98	1	1	17	17	3	0	C
I	4316488	A	R	37	2	5.13%	2	1	44	37	0.98	1	1	15	22	2	0	G
I	4316584	C	Y	30	3	9.09%	2	2	45	33	0.98	1	1	10	20	1	2	T
I	4316599	T	W	32	2	5.88%	2	1	42	31	0.98	1	1	9	23	2	0	A
I	4316641	T	Y	29	3	9.38%	2	2	41	49	0.98	1	1	9	20	1	2	C
I	4316683	A	R	22	2	8.33%	2	1	39	37	0.98	1	1	12	10	0	2	G
I	4316710	T	Y	26	2	7.14%	2	2	37	37	0.98	1	1	11	15	1	1	C
I	4317014	G	R	22	2	8.33%	2	2	42	42	0.98	1	1	12	10	1	1	A
I	4326505	A	R	11	2	15.38%	2	2	35	37	0.98	1	1	5	6	1	1	G
I	4373960	A	M	22	2	8.33%	2	1	40	37	0.98	1	1	11	11	0	2	C
I	4375421	A	T	0	17	100%	0	2	0	39	0.98	0	1	0	0	8	9	T
I	4378116	C	S	19	2	9.52%	2	1	38	37	0.98	1	1	15	4	2	0	G
I	4378721	T	Y	10	2	16.67%	2	1	35	37	0.98	1	1	4	6	0	2	C
I	4386268	G	R	6	3	30%	2	1	35	37	0.98	1	1	5	1	0	3	A
I	4386592	G	S	14	2	12.5%	2	2	39	37	0.98	1	1	7	7	1	1	C
I	4388021	A	M	16	2	11.11%	2	1	40	37	0.98	1	1	9	7	0	2	C
I	4416518	G	R	19	2	9.52%	2	2	38	37	0.98	1	1	8	11	1	1	A
I	4426948	C	M	17	2	10.53%	2	1	37	25	0.98	1	1	5	12	2	0	A
I	4428812	T	Y	25	2	7.41%	2	1	40	37	0.98	1	1	7	18	0	2	C
I	4442714	G	A	0	29	100%	0	2	0	41	0.98	0	1	0	0	7	22	A
I	4452267	G	K	5	2	28.57%	2	1	39	25	0.98	1	1	1	4	2	0	T
I	4472161	C	M	16	2	11.11%	2	1	44	25	0.98	1	1	8	8	2	0	A
I	4474358	T	K	18	2	10%	2	1	42	37	0.98	1	1	8	10	2	0	G
I	4494364	T	Y	14	2	12.5%	2	2	47	55	0.98	1	1	7	7	1	1	C
I	4519747	T	Y	25	2	7.41%	2	2	40	37	0.98	1	1	12	13	1	1	C
I	4534274	G	R	17	2	10.53%	2	2	45	37	0.98	1	1	5	12	1	1	A
I	4538672	C	Y	33	2	5.71%	2	2	42	37	0.98	1	1	16	17	1	1	T
I	4582665	T	W	13	2	13.33%	1	1	36	31	0.98	1	1	0	13	2	0	A
I	4608871	G	R	23	2	8%	2	2	38	37	0.98	1	1	12	11	1	1	A
I	4648160	G	T	0	3	100%	0	2	0	37	0.98	0	1	0	0	1	2	T
I	4648161	G	T	1	15	93.75%	1	2	37	34	0.98	1	1	0	1	12	3	T
I	4660666	T	W	28	2	6.67%	2	2	38	74	0.98	1	1	12	16	1	1	A
I	4660686	T	Y	29	2	6.45%	2	1	42	25	0.98	1	1	14	15	0	2	C
I	4704681	C	M	11	2	15.38%	2	1	53	23	0.98	1	1	4	7	2	0	A
I	4716429	T	Y	31	5	13.89%	2	1	42	37	0.98	1	1	15	16	0	5	C
I	4716568	C	M	16	2	11.11%	2	1	36	25	0.98	1	1	8	8	0	2	A
I	4716635	C	M	15	2	11.76%	2	1	36	25	0.98	1	1	7	8	0	2	A
I	4716658	C	M	12	2	14.29%	2	1	36	31	0.98	1	1	6	6	0	2	A
I	4742980	A	R	18	2	10%	2	1	42	31	0.98	1	1	10	8	2	0	G
I	4764253	G	R	7	3	15%	2	1	35	34	0.98	1	1	6	1	0	3	A
I	4773121	T	Y	21	2	8.7%	2	1	42	37	0.98	1	1	7	14	0	2	C
I	4773393	T	Y	14	2	12.5%	2	1	40	55	0.98	1	1	9	5	2	0	C
I	4782018	A	W	16	2	11.11%	2	1	50	31	0.98	1	1	8	8	0	2	T
I	4812833	T	Y	22	2	8.33%	2	2	40	55	0.98	1	1	9	13	1	1	C
I	4816470	T	W	21	2	8.7%	2	2	44	74	0.98	1	1	13	8	1	1	A
I	4881977	G	R	10	2	16.67%	2	2	42	37	0.98	1	1	5	5	1	1	A
I	4881982	T	W	11	2	15.38%	2	2	39	37	0.98	1	1	5	6	1	1	A
I	4885483	G	S	16	2	11.11%	2	1	37	31	0.98	1	1	5	11	2	0	C
I	4886649	A	M	31	2	6.06%	2	1	47	31	0.98	1	1	19	12	0	2	C
I	4894267	C	M	22	2	8.33%	2	1	44	31	0.98	1	1	14	8	0	2	A
I	4914545	A	R	18	2	10%	2	1	42	61	0.98	1	1	9	9	0	2	G
I	4919603	A	G	0	15	100%	0	2	0	39	0.98	0	1	0	0	3	12	G
I	4965328	A	W	17	2	10.53%	2	1	42	37	0.98	1	1	12	5	0	2	T
I	4978214	A	W	4	3	42.86%	2	1	37	37	0.98	1	1	1	3	0	3	T
I	5008248	A	M	9	2	18.18%	2	1	43	28	0.98	1	1	6	3	0	2	C
I	5029993	T	Y	9	2	18.18%	2	1	42	37	0.98	1	1	5	4	0	2	C
I	5036860	T	W	18	3	14.29%	2	1	41	29	0.98	1	1	16	2	0	3	A
I	5046142	A	M	12	3	20%	2	2	48	37	0.98	1	1	6	6	2	1	C
I	5068277	G	K	19	2	9.52%	2	1	42	25	0.98	1	1	6	13	2	0	T
I	5068284	G	S	19	2	9.52%	2	1	37	29	0.98	1	1	6	13	2	0	C
I	5068290	G	K	21	2	8.7%	2	1	43	31	0.98	1	1	9	12	2	0	T
I	5080702	T	Y	30	2	6.25%	2	2	44	37	0.98	1	1	11	19	1	1	C
I	5081297	G	K	19	2	9.52%	2	1	43	37	0.98	1	1	11	8	2	0	T
I	5081300	A	M	19	2	9.52%	2	1	44	37	0.98	1	1	11	8	2	0	C
I	5099334	T	K	12	2	14.29%	2	1	40	37	0.98	1	1	3	9	2	0	G
I	5100282	C	M	14	2	12.5%	2	2	44	37	0.98	1	1	7	7	1	1	A
I	5123925	T	K	20	2	9.09%	2	1	44	37	0.98	1	1	12	8	2	0	G
I	5127183	C	M	11	2	15.38%	2	2	35	37	0.98	1	1	3	8	1	1	A
I	5131189	C	S	8	2	20%	2	1	40	37	0.98	1	1	5	3	2	0	G
I	5257033	A	W	22	2	8.33%	2	1	39	25	0.98	1	1	13	9	0	2	T
I	5263128	G	R	38	2	5%	2	2	39	33	0.98	1	1	18	20	1	1	A
I	5263140	A	R	36	2	5.26%	2	2	41	37	0.98	1	1	18	18	1	1	G
I	5263251	A	R	37	2	5.13%	2	1	48	37	0.98	1	1	16	21	0	2	G
I	5271466	A	T	1	4	80%	1	1	37	37	0.98	1	1	0	1	0	4	T
I	5277497	A	M	21	2	8.7%	2	1	46	31	0.98	1	1	14	7	0	2	C
I	5300725	T	K	13	4	23.53%	2	1	44	34	0.98	1	1	2	11	4	0	G
I	5325807	A	W	20	2	9.09%	2	2	41	37	0.98	1	1	6	14	1	1	T
I	5334710	T	K	23	2	8%	2	1	41	31	0.98	1	1	13	10	2	0	G
I	5346960	A	W	12	2	14.29%	2	1	42	37	0.98	1	1	4	8	0	2	T
I	5351478	C	M	14	2	12.5%	2	1	36	25	0.98	1	1	2	12	2	0	A
I	5360671	T	K	8	3	27.27%	1	1	38	30	0.98	1	1	0	8	3	0	G
I	5368263	C	Y	1	2	66.67%	1	1	37	37	0.98	1	1	1	0	2	0	T
I	5388261	A	R	21	2	8.7%	2	1	49	37	0.98	1	1	6	15	2	0	G
I	5400080	C	T	0	13	100%	0	2	0	51	0.98	0	1	0	0	5	8	T
I	5400326	A	R	19	2	9.52%	2	2	46	37	0.98	1	1	10	9	1	1	G
I	5440812	A	R	26	2	7.14%	2	1	39	37	0.98	1	1	12	14	2	0	G
I	5457109	T	W	27	2	6.9%	2	1	44	31	0.98	1	1	11	16	2	0	A
I	5461334	T	K	16	2	11.11%	2	1	53	37	0.98	1	1	8	8	2	0	G
I	5462823	A	R	30	2	6.25%	2	1	45	37	0.98	1	1	20	10	2	0	G
I	5467947	T	Y	26	2	7.14%	2	1	42	37	0.98	1	1	11	15	0	2	C
I	5517179	A	M	23	4	14.81%	2	1	43	34	0.98	1	1	14	9	0	4	C
I	5524627	A	M	12	2	14.29%	2	1	47	37	0.98	1	1	7	5	0	2	C
I	5562193	A	R	23	14	37.84%	2	2	45	39	0.98	1	1	13	10	9	5	G
I	5569168	A	R	34	7	17.07%	2	1	43	37	0.98	1	1	10	24	0	7	G
I	5569182	A	W	29	7	19.44%	2	1	44	33	0.98	1	1	9	20	0	7	T
I	5571061	T	W	5	3	37.5%	2	1	44	33	0.98	1	1	2	3	0	3	A
I	5573076	T	Y	70	6	7.89%	2	1	45	43	0.98	1	1	33	37	6	0	C
I	5573112	A	M	52	5	8.77%	2	1	45	44	0.98	1	1	33	19	5	0	C
I	5573123	T	Y	53	5	8.62%	2	1	44	44	0.98	1	1	33	20	5	0	C
I	5573480	C	Y	55	3	5.17%	2	2	43	61	0.98	1	1	16	39	1	2	T
I	5573520	A	R	39	10	20.41%	2	2	44	37	0.98	1	1	7	32	1	9	G
I	5573534	T	Y	41	10	19.61%	2	2	44	37	0.98	1	1	7	34	1	9	C
I	5573598	T	Y	33	2	5.71%	2	1	45	37	0.98	1	1	17	16	2	0	C
I	5576809	C	Y	5	6	54.55%	2	2	44	35	0.98	1	1	3	2	3	3	T
I	5579055	C	Y	10	9	47.37%	1	2	40	49	0.98	1	1	0	10	1	8	T
II	21764	T	Y	35	2	5.41%	2	2	37	25	0.98	1	1	8	27	1	1	C
II	53238	G	K	6	2	25%	2	1	37	33	0.98	1	1	5	1	0	2	T
II	53245	C	M	7	3	30%	2	1	42	29	0.98	1	1	4	3	0	3	A
II	53249	A	M	5	3	37.5%	2	1	37	26	0.98	1	1	4	1	0	3	C
II	65843	A	M	34	2	5.56%	2	2	42	37	0.98	1	1	27	7	1	1	C
II	87308	T	W	29	2	6.45%	2	2	45	31	0.98	1	1	19	10	1	1	A
II	94844	T	K	12	2	14.29%	2	2	43	37	0.98	1	1	7	5	1	1	G
II	97104	A	M	15	2	11.76%	2	1	46	25	0.98	1	1	6	9	0	2	C
II	105613	C	Y	29	2	6.45%	2	2	48	49	0.98	1	1	14	15	1	1	T
II	105617	C	Y	28	2	6.67%	2	2	48	55	0.98	1	1	14	14	1	1	T
II	105916	C	Y	42	7	14.29%	2	2	46	42	0.98	1	1	25	17	2	5	T
II	105931	A	W	38	3	7.32%	2	2	43	49	0.98	1	1	26	12	1	2	T
II	105934	T	K	38	3	7.32%	2	2	43	49	0.98	1	1	26	12	1	2	G
II	105936	T	W	41	3	6.82%	2	2	43	49	0.98	1	1	29	12	1	2	A
II	105973	T	Y	40	5	11.11%	2	2	47	37	0.98	1	1	25	15	2	3	C
II	105974	A	R	40	5	11.11%	2	2	47	37	0.98	1	1	26	14	2	3	G
II	105988	A	R	37	3	7.5%	2	2	45	37	0.98	1	1	19	18	1	2	G
II	105991	C	Y	37	3	7.5%	2	2	43	37	0.98	1	1	18	19	1	2	T
II	106000	T	Y	36	2	5.26%	2	1	41	37	0.98	1	1	15	21	2	0	C
II	106150	T	Y	38	3	7.32%	2	2	50	49	0.98	1	1	16	22	1	2	C
II	106156	A	W	38	3	7.32%	2	2	48	49	0.98	1	1	17	21	1	2	T
II	106207	C	Y	37	3	7.5%	2	1	45	49	0.98	1	1	13	24	0	3	T
II	106366	C	M	27	2	6.9%	2	2	46	37	0.98	1	1	11	16	1	1	A
II	106404	G	R	26	2	7.14%	2	2	44	37	0.98	1	1	10	16	1	1	A
II	106414	C	Y	29	3	9.38%	2	2	44	49	0.98	1	1	12	17	2	1	T
II	111414	C	Y	16	3	15.79%	2	1	43	37	0.98	1	1	10	6	3	0	T
II	111538	G	R	38	10	20.83%	2	2	42	44	0.98	1	1	29	9	9	1	A
II	111906	A	W	31	4	11.43%	2	2	41	52	0.98	1	1	17	14	3	1	T
II	111909	G	R	35	4	10.26%	2	2	43	52	0.98	1	1	19	16	3	1	A
II	112002	G	R	38	3	7.32%	2	1	48	49	0.98	1	1	23	15	3	0	A
II	112245	A	W	36	2	5.26%	2	1	45	37	0.98	1	1	13	23	0	2	T
II	112260	A	R	34	7	17.07%	2	2	49	37	0.98	1	1	12	22	2	5	G
II	112287	A	R	31	4	11.43%	2	2	46	37	0.98	1	1	12	19	1	3	G
II	112290	G	R	31	4	11.43%	2	2	45	37	0.98	1	1	12	19	1	3	A
II	112302	G	R	31	8	20.51%	2	2	40	37	0.98	1	1	14	17	5	3	A
II	112314	G	R	31	7	18.42%	2	2	41	35	0.98	1	1	14	17	5	2	A
II	112347	A	R	30	3	9.09%	2	2	42	57	0.98	1	1	20	10	2	1	G
II	112348	A	W	28	2	6.67%	2	1	43	31	0.98	1	1	21	7	0	2	T
II	112352	C	M	25	3	10.71%	2	1	44	29	0.98	1	1	22	3	0	3	A
II	112368	G	R	29	3	9.38%	2	2	46	57	0.98	1	1	18	11	2	1	A
II	112539	G	R	28	2	6.67%	2	1	43	74	0.98	1	1	14	14	0	2	A
II	112540	A	M	29	2	6.45%	2	1	42	74	0.98	1	1	14	15	0	2	C
II	112542	T	Y	29	2	6.45%	2	1	41	74	0.98	1	1	13	16	0	2	C
II	112545	A	R	32	2	5.88%	2	1	42	74	0.98	1	1	16	16	0	2	G
II	112559	A	R	29	3	9.38%	2	1	42	61	0.98	1	1	14	15	0	3	G
II	112563	A	R	29	3	9.38%	2	1	40	61	0.98	1	1	14	15	0	3	G
II	112632	G	R	23	3	11.54%	2	2	48	61	0.98	1	1	12	11	1	2	A
II	112644	C	M	23	2	8%	2	1	42	37	0.98	1	1	9	14	0	2	A
II	133053	A	M	27	2	6.9%	2	1	39	25	0.98	1	1	17	10	0	2	C
II	133796	A	W	14	2	12.5%	2	1	39	31	0.98	1	1	7	7	0	2	T
II	134620	T	Y	12	2	14.29%	2	1	35	55	0.98	1	1	7	5	2	0	C
II	189675	C	M	21	2	8.7%	2	1	42	27	0.98	1	1	9	12	0	2	A
II	201616	C	M	11	2	15.38%	2	1	40	25	0.98	1	1	7	4	2	0	A
II	241001	A	M	28	2	6.67%	2	1	47	31	0.98	1	1	15	13	0	2	C
II	242254	T	K	31	2	6.06%	2	2	45	37	0.98	1	1	19	12	1	1	G
II	250446	C	Y	6	2	25%	2	2	43	74	0.98	1	1	4	2	1	1	T
II	256231	A	M	29	2	6.45%	2	1	39	25	0.98	1	1	13	16	2	0	C
II	257487	C	Y	23	5	17.86%	2	2	40	34	0.98	1	1	19	4	4	1	T
II	257946	A	R	21	3	12.5%	2	2	49	74	0.98	1	1	7	14	1	2	G
II	258378	C	S	27	2	6.9%	2	1	37	25	0.98	1	1	15	12	2	0	G
II	266718	A	C	0	35	100%	0	2	0	40	0.98	0	1	0	0	8	27	C
II	266780	T	A	0	21	100%	0	2	0	44	0.98	0	1	0	0	11	10	A
II	269336	A	M	19	2	9.52%	2	1	43	37	0.98	1	1	6	13	0	2	C
II	273602	T	W	26	2	6.9%	2	2	39	37	0.98	1	1	10	16	1	1	A
II	276539	A	T	0	29	100%	0	2	0	42	0.98	0	1	0	0	12	17	T
II	297008	G	R	22	2	8.33%	2	2	41	37	0.98	1	1	14	8	1	1	A
II	306025	T	W	22	2	8.33%	2	1	40	25	0.98	1	1	9	13	2	0	A
II	328590	T	K	28	2	6.67%	2	2	44	25	0.98	1	1	15	13	1	1	G
II	354390	A	M	24	2	7.69%	2	1	42	55	0.98	1	1	9	15	0	2	C
II	374267	A	R	28	2	6.67%	2	1	47	31	0.98	1	1	13	15	2	0	G
II	429633	T	Y	5	2	28.57%	2	1	42	37	0.98	1	1	3	2	2	0	C
II	491030	A	R	15	2	11.76%	2	1	41	37	0.98	1	1	8	7	2	0	G
II	495267	T	Y	34	2	5.56%	2	2	44	31	0.98	1	1	14	20	1	1	C
II	503329	C	M	25	2	7.41%	2	1	43	25	0.98	1	1	16	9	0	2	A
II	526938	T	K	38	2	5%	2	1	46	33	0.98	1	1	10	28	2	0	G
II	526951	C	Y	33	9	20.93%	2	2	48	44	0.98	1	1	8	25	7	2	T
II	527136	C	M	14	2	12.5%	2	1	37	27	0.98	1	1	2	12	2	0	A
II	529844	G	K	14	2	12.5%	2	1	37	25	0.98	1	1	7	7	2	0	T
II	529854	C	M	14	2	12.5%	2	1	30	28	0.98	1	1	8	6	2	0	A
II	529858	G	K	15	2	11.76%	2	1	43	25	0.98	1	1	5	10	2	0	T
II	529881	A	M	22	2	8.33%	2	1	38	29	0.98	1	1	16	6	0	2	C
II	539336	C	M	18	2	10%	2	2	43	37	0.98	1	1	8	10	1	1	A
II	567715	A	R	21	2	8.7%	2	2	46	49	0.98	1	1	12	9	1	1	G
II	610729	T	K	20	2	9.09%	2	1	45	31	0.98	1	1	8	12	2	0	G
II	610738	G	K	21	2	8.7%	2	1	42	33	0.98	1	1	7	14	2	0	T
II	649433	C	Y	6	2	25%	2	2	37	29	0.98	1	1	3	3	1	1	T
II	664142	G	S	24	2	7.69%	2	2	43	31	0.98	1	1	11	13	1	1	C
II	670493	G	R	66	5	7.04%	2	2	41	32	0.98	1	1	30	36	2	3	A
II	670673	T	Y	62	6	8.82%	2	2	45	33	0.98	1	1	31	31	3	3	C
II	671077	C	Y	72	6	7.69%	2	2	44	37	0.98	1	1	44	28	3	3	T
II	671123	A	R	76	4	5%	2	2	41	37	0.98	1	1	39	37	3	1	G
II	685563	A	R	18	2	10%	2	2	41	37	0.98	1	1	11	7	1	1	G
II	685728	G	A	0	18	100%	0	2	0	45	0.98	0	1	0	0	10	8	A
II	688988	A	R	69	8	10.39%	2	2	45	43	0.98	1	1	31	38	6	2	G
II	689027	C	S	80	5	5.88%	2	2	43	35	0.98	1	1	36	44	4	1	G
II	689137	C	S	71	7	8.86%	2	2	51	45	0.98	1	1	40	31	3	4	G
II	689140	T	Y	72	6	7.69%	2	2	51	37	0.98	1	1	37	35	3	3	C
II	689212	T	Y	76	4	5%	2	2	44	35	0.98	1	1	42	34	2	2	C
II	689330	T	Y	63	9	12.5%	2	2	40	36	0.98	1	1	28	35	4	5	C
II	689428	C	Y	64	4	5.88%	2	2	41	37	0.98	1	1	25	39	1	3	T
II	689485	A	T	0	47	100%	0	2	0	38	0.98	0	1	0	0	27	20	T
II	689487	A	C	0	51	100%	0	2	0	38	0.98	0	1	0	0	29	22	C
II	689500	T	Y	51	3	5.56%	2	2	38	37	0.98	1	1	25	26	1	2	C
II	689578	T	Y	76	6	7.32%	2	2	44	34	0.98	1	1	52	24	5	1	C
II	689601	C	Y	76	4	5%	2	2	44	46	0.98	1	1	48	28	3	1	T
II	689603	T	Y	72	4	5.06%	2	2	47	46	0.98	1	1	44	28	3	1	C
II	689686	T	Y	89	9	9.18%	2	2	44	34	0.98	1	1	53	36	7	2	C
II	689709	C	Y	85	5	5.49%	2	2	44	37	0.98	1	1	55	30	3	2	T
II	689752	T	Y	82	5	5.75%	2	2	47	35	0.98	1	1	42	40	1	4	C
II	689794	T	C	5	100	95.24%	2	2	59	45	0.98	1	1	2	3	40	60	C
II	689834	G	S	103	8	7.21%	2	2	41	35	0.98	1	1	44	59	5	3	C
II	689902	T	Y	86	7	7.53%	2	2	43	37	0.98	1	1	38	48	5	2	C
II	690040	T	Y	100	12	10.62%	2	2	45	45	0.98	1	1	54	46	7	5	C
II	690112	T	Y	106	7	6.09%	2	2	45	46	0.98	1	1	52	54	5	2	C
II	690190	T	Y	114	8	6.56%	2	1	42	41	0.98	1	1	56	58	8	0	C
II	690213	T	Y	97	7	6.67%	2	2	41	47	0.98	1	1	46	51	4	3	C
II	690215	G	K	99	9	8.26%	2	2	42	42	0.98	1	1	42	57	5	4	T
II	690262	T	Y	93	5	5.1%	2	2	45	35	0.98	1	1	42	51	2	3	C
II	690283	C	Y	84	8	8.7%	2	2	44	36	0.98	1	1	42	42	3	5	T
II	690298	T	Y	99	8	7.41%	2	2	46	41	0.98	1	1	45	54	7	1	C
II	690537	G	S	84	8	8.08%	2	2	43	36	0.98	1	1	41	43	2	6	C
II	690537	G	K	84	7	7.07%	2	2	43	35	0.98	1	1	41	43	5	2	C
II	690645	C	Y	94	7	6.8%	2	2	43	37	0.98	1	1	48	46	3	4	T
II	690685	T	K	92	7	7.07%	2	2	43	41	0.98	1	1	50	42	4	3	G
II	690721	T	K	95	5	5%	2	2	44	37	0.98	1	1	48	47	2	3	G
II	690770	G	S	100	12	10.71%	2	2	42	36	0.98	1	1	50	50	10	2	C
II	690904	T	Y	99	8	7.48%	2	2	44	35	0.98	1	1	40	59	7	1	C
II	690910	T	Y	101	8	7.34%	2	2	44	37	0.98	1	1	47	54	4	4	C
II	691054	T	Y	107	7	6.14%	2	2	43	41	0.98	1	1	49	58	6	1	C
II	691113	C	Y	100	7	6.48%	2	2	39	37	0.98	1	1	54	46	6	1	T
II	691234	T	Y	91	9	8.91%	2	2	42	33	0.98	1	1	46	45	5	4	C
II	691560	T	Y	85	7	7.61%	2	2	44	34	0.98	1	1	30	55	4	3	C
II	691634	T	Y	76	12	13.64%	2	2	42	36	0.98	1	1	35	41	5	7	C
II	691660	T	Y	89	5	5.32%	2	2	42	37	0.98	1	1	47	42	3	2	C
II	692020	T	Y	102	7	6.42%	2	2	46	36	0.98	1	1	40	62	4	3	C
II	692051	G	K	95	6	5.94%	2	2	47	32	0.98	1	1	33	62	4	2	T
II	692092	C	Y	84	6	6.67%	2	2	42	35	0.98	1	1	29	55	1	5	T
II	692123	G	K	66	4	5.48%	2	2	43	43	0.98	1	1	25	41	1	3	T
II	692152	A	W	57	4	6.56%	2	1	43	37	0.98	1	1	23	34	0	4	T
II	692154	C	S	60	4	6.25%	2	1	43	37	0.98	1	1	23	37	0	4	G
II	692159	G	S	57	5	8.06%	2	2	45	34	0.98	1	1	18	39	1	4	C
II	692164	C	Y	57	4	6.56%	2	2	44	37	0.98	1	1	19	38	1	3	T
II	692170	T	Y	61	4	6.15%	2	2	45	37	0.98	1	1	20	41	2	2	C
II	692193	T	Y	37	7	15.91%	2	2	51	33	0.98	1	1	14	23	1	6	C
II	692195	G	K	31	8	19.51%	2	2	52	34	0.98	1	1	9	22	2	6	T
II	692272	C	Y	31	4	11.43%	2	2	45	44	0.98	1	1	4	27	1	3	T
II	692301	T	Y	23	2	7.69%	2	1	42	55	0.98	1	1	6	17	0	2	C
II	692303	C	S	19	2	8.33%	2	2	45	37	0.98	1	1	5	14	1	1	G
II	692303	C	Y	19	3	12.5%	2	1	45	49	0.98	1	1	5	14	0	3	T
II	692310	C	S	16	3	15.79%	2	2	45	37	0.98	1	1	3	13	1	2	G
II	692311	A	W	16	3	15.79%	2	1	47	37	0.98	1	1	3	13	0	3	T
II	692332	T	W	17	2	10.53%	2	2	42	37	0.98	1	1	4	13	1	1	A
II	692334	G	S	17	2	10.53%	2	2	42	37	0.98	1	1	4	13	1	1	C
II	692344	C	Y	14	3	17.65%	2	1	47	37	0.98	1	1	5	9	0	3	T
II	692377	T	K	7	2	22.22%	2	2	45	37	0.98	1	1	2	5	1	1	G
II	692481	C	Y	8	4	33.33%	2	2	44	37	0.98	1	1	4	4	1	3	T
II	692524	C	Y	20	2	9.09%	2	1	46	37	0.98	1	1	9	11	0	2	T
II	692553	C	Y	18	3	13.64%	2	2	44	37	0.98	1	1	7	11	1	2	T
II	692555	T	Y	18	3	13.64%	2	2	47	37	0.98	1	1	7	11	1	2	C
II	692584	T	W	20	2	9.09%	2	1	48	33	0.98	1	1	8	12	2	0	A
II	692596	T	Y	15	3	16.67%	2	2	45	30	0.98	1	1	6	9	2	1	C
II	692635	T	W	8	2	20%	2	2	44	37	0.98	1	1	3	5	1	1	A
II	692710	T	C	2	8	80%	1	2	37	37	0.98	1	1	2	0	7	1	C
II	692771	G	S	37	2	5.13%	2	1	43	37	0.98	1	1	28	9	2	0	C
II	692884	T	Y	66	10	13.16%	2	2	45	36	0.98	1	1	42	24	9	1	C
II	692962	T	Y	95	8	7.77%	2	2	45	38	0.98	1	1	52	43	4	4	C
II	693028	T	Y	94	14	12.96%	2	2	44	40	0.98	1	1	50	44	9	5	C
II	693059	T	K	95	5	5%	2	2	44	38	0.98	1	1	52	43	4	1	G
II	693106	T	Y	101	14	12.17%	2	2	41	40	0.98	1	1	48	53	8	6	C
II	693172	C	Y	115	7	5.74%	2	2	42	34	0.98	1	1	64	51	3	4	T
II	693244	T	Y	109	15	12.1%	2	2	44	42	0.98	1	1	45	64	7	8	C
II	693388	T	Y	58	7	10.77%	2	2	40	33	0.98	1	1	18	40	3	4	C
II	693419	C	S	51	3	5.56%	2	1	39	34	0.98	1	1	17	34	0	3	G
II	693453	C	Y	37	3	7.32%	2	2	37	37	0.98	1	1	16	21	2	1	T
II	693498	G	S	22	3	12%	2	2	37	37	0.98	1	1	12	10	2	1	C
II	693499	C	M	0	3	12.5%	0	2	0	37	0.98	0	1	0	0	2	1	A
II	693499	C	T	0	21	87.5%	0	2	0	36	0.98	0	1	0	0	11	10	T
II	693529	T	K	37	2	5.13%	2	1	39	37	0.98	1	1	23	14	2	0	G
II	693568	T	Y	51	3	5.56%	2	2	39	37	0.98	1	1	29	22	1	2	C
II	693595	C	M	53	3	5.08%	2	1	39	24	0.98	1	1	33	20	3	0	A
II	693595	C	Y	53	3	5.08%	2	1	39	37	0.98	1	1	33	20	0	3	A
II	693709	T	K	87	5	5.38%	2	2	47	35	0.98	1	1	51	36	2	3	G
II	693754	T	Y	95	8	7.77%	2	2	48	41	0.98	1	1	49	46	5	3	C
II	693820	T	Y	101	12	10.62%	2	2	43	34	0.98	1	1	60	41	8	4	C
II	693892	C	Y	117	7	5.65%	2	2	43	34	0.98	1	1	76	41	4	3	T
II	693921	C	S	102	7	6.03%	2	2	41	35	0.98	1	1	59	43	3	4	G
II	693921	C	Y	102	7	6.03%	2	2	41	35	0.98	1	1	59	43	5	2	G
II	693964	T	Y	126	10	7.3%	2	2	42	41	0.98	1	1	68	58	7	3	C
II	694006	C	Y	153	10	6.1%	2	2	45	39	0.98	1	1	89	64	8	2	T
II	694105	T	K	157	13	7.65%	2	2	47	37	0.98	1	1	77	80	8	5	G
II	694150	T	Y	137	9	6.16%	2	2	46	34	0.98	1	1	58	79	6	3	C
II	694171	C	Y	113	8	6.61%	2	2	44	39	0.98	1	1	46	67	4	4	T
II	694186	T	Y	121	7	5.47%	2	2	45	35	0.98	1	1	48	73	1	6	C
II	694209	C	Y	104	6	5.45%	2	2	44	35	0.98	1	1	38	66	4	2	T
II	694294	T	Y	98	8	7.55%	2	2	42	38	0.98	1	1	52	46	4	4	C
II	694434	G	S	113	7	5.83%	2	2	44	35	0.98	1	1	54	59	3	4	C
II	694435	T	W	114	6	5%	2	2	42	37	0.98	1	1	56	58	3	3	A
II	694540	T	Y	106	11	9.4%	2	2	45	38	0.98	1	1	52	54	6	5	C
II	694546	T	Y	103	12	10.43%	2	2	45	34	0.98	1	1	53	50	8	4	C
II	694641	C	Y	110	7	5.98%	2	2	42	42	0.98	1	1	56	54	1	6	T
II	694684	T	Y	108	9	7.69%	2	2	43	32	0.98	1	1	45	63	5	4	C
II	694720	C	Y	111	9	7.5%	2	2	43	35	0.98	1	1	43	68	1	8	T
II	694756	T	Y	77	14	15.38%	2	2	41	37	0.98	1	1	32	45	3	11	C
II	694838	T	Y	74	13	14.94%	2	2	41	38	0.98	1	1	33	41	3	10	C
II	694982	T	Y	70	7	9.09%	2	2	46	42	0.98	1	1	36	34	4	3	C
II	695041	T	K	80	6	6.98%	2	2	45	47	0.98	1	1	46	34	2	4	G
II	695080	T	Y	86	6	6.52%	2	2	45	37	0.98	1	1	41	45	3	3	C
II	695107	C	Y	77	7	8.33%	2	2	47	37	0.98	1	1	40	37	2	5	T
II	695122	T	Y	92	5	5.15%	2	1	48	33	0.98	1	1	50	42	0	5	C
II	695473	C	S	76	5	6.17%	2	1	43	51	0.98	1	1	35	41	0	5	G
II	695548	T	Y	76	4	5%	2	2	45	34	0.98	1	1	32	44	1	3	C
II	695647	A	W	64	4	5.88%	2	2	47	37	0.98	1	1	29	35	2	2	T
II	695666	T	Y	62	5	7.46%	2	2	47	35	0.98	1	1	28	34	2	3	C
II	695827	C	T	0	43	100%	0	2	0	41	0.98	0	1	0	0	23	20	T
II	695865	C	Y	50	3	5.66%	2	2	42	37	0.98	1	1	27	23	1	2	T
II	696045	C	Y	86	5	5.49%	2	2	43	34	0.98	1	1	53	33	3	2	T
II	696166	T	Y	135	10	6.85%	2	1	47	43	0.98	1	1	62	73	10	0	C
II	696191	C	S	127	7	5.22%	2	2	47	38	0.98	1	1	66	61	3	4	G
II	696331	A	W	126	9	6.67%	2	2	44	35	0.98	1	1	71	55	5	4	T
II	696350	T	Y	123	13	9.56%	2	2	43	36	0.98	1	1	62	61	6	7	C
II	696376	T	Y	134	8	5.63%	2	2	45	36	0.98	1	1	67	67	6	2	C
II	696592	T	Y	122	7	5.43%	2	2	46	33	0.98	1	1	58	64	4	3	C
II	696619	A	W	109	10	8.4%	2	2	48	35	0.98	1	1	59	50	4	6	T
II	696638	T	Y	112	12	9.68%	2	2	46	37	0.98	1	1	45	67	10	2	C
II	696958	C	Y	84	5	5.62%	2	2	44	37	0.98	1	1	34	50	2	3	T
II	697060	T	Y	75	5	6.25%	2	2	48	42	0.98	1	1	45	30	3	2	C
II	697196	A	R	76	7	8.43%	2	2	42	41	0.98	1	1	37	39	4	3	G
II	697210	T	Y	81	5	5.81%	2	2	45	44	0.98	1	1	36	45	3	2	C
II	697528	C	Y	72	4	5.26%	2	2	41	35	0.98	1	1	34	38	2	2	T
II	697588	A	W	71	4	5.33%	2	2	44	37	0.98	1	1	39	32	2	2	T
II	697852	T	Y	97	6	5.83%	2	2	45	41	0.98	1	1	46	51	3	3	C
II	697930	C	Y	73	4	5.19%	2	2	48	46	0.98	1	1	39	34	3	1	T
II	697960	T	Y	64	5	7.25%	2	2	46	44	0.98	1	1	32	32	2	3	C
II	698110	C	Y	38	2	5%	2	2	39	37	0.98	1	1	9	29	1	1	T
II	699951	T	G	0	9	100%	0	2	0	49	0.98	0	1	0	0	7	2	G
II	699952	G	T	0	9	100%	0	2	0	48	0.98	0	1	0	0	7	2	T
II	699961	A	T	0	9	100%	0	2	0	52	0.98	0	1	0	0	7	2	T
II	700019	T	A	0	9	100%	0	2	0	40	0.98	0	1	0	0	5	4	A
II	700020	C	T	0	9	100%	0	2	0	38	0.98	0	1	0	0	5	4	T
II	700021	A	C	0	9	100%	0	2	0	40	0.98	0	1	0	0	5	4	C
II	700024	T	A	0	9	100%	0	2	0	41	0.98	0	1	0	0	5	4	A
II	700028	A	T	0	9	100%	0	2	0	41	0.98	0	1	0	0	5	4	T
II	700113	A	T	0	11	100%	0	2	0	47	0.98	0	1	0	0	7	4	T
II	705228	T	W	28	2	6.67%	2	2	40	37	0.98	1	1	16	12	1	1	A
II	705243	T	Y	32	2	5.88%	2	2	41	37	0.98	1	1	17	15	1	1	C
II	787924	A	R	20	2	9.09%	2	2	45	55	0.98	1	1	10	10	1	1	G
II	789035	T	K	26	2	7.14%	2	1	38	31	0.98	1	1	9	17	2	0	G
II	789066	C	M	29	2	6.45%	2	1	41	25	0.98	1	1	7	22	2	0	A
II	808163	A	R	20	2	9.09%	2	1	47	55	0.98	1	1	13	7	0	2	G
II	819886	T	Y	26	2	7.14%	2	1	39	31	0.98	1	1	8	18	0	2	C
II	828623	A	R	22	2	8.33%	2	2	48	55	0.98	1	1	9	13	1	1	G
II	830113	C	M	21	2	8.7%	2	1	43	31	0.98	1	1	13	8	0	2	A
II	837485	C	M	4	2	33.33%	2	2	34	33	0.98	1	1	1	3	1	1	A
II	869806	G	C	0	26	100%	0	2	0	40	0.98	0	1	0	0	14	12	C
II	879033	T	A	0	8	100%	0	2	0	41	0.98	0	1	0	0	4	4	A
II	889672	T	W	24	2	7.69%	2	2	45	23	0.98	1	1	20	4	1	1	A
II	889977	A	W	26	2	7.14%	2	1	43	31	0.98	1	1	10	16	2	0	T
II	923543	C	A	0	12	100%	0	2	0	40	0.98	0	1	0	0	5	7	A
II	943554	C	A	0	19	100%	0	2	0	54	0.98	0	1	0	0	9	10	A
II	953201	A	G	0	11	100%	0	2	0	41	0.98	0	1	0	0	7	4	G
II	967094	A	G	0	16	100%	0	2	0	43	0.98	0	1	0	0	9	7	G
II	993064	A	M	10	2	16.67%	2	1	39	29	0.98	1	1	9	1	0	2	C
II	997668	G	R	13	3	18.75%	2	2	41	34	0.98	1	1	8	5	2	1	A
II	997671	G	R	9	3	21.43%	2	2	40	34	0.98	1	1	6	3	2	1	A
II	997710	A	R	20	2	9.09%	2	1	40	33	0.98	1	1	12	8	0	2	G
II	997756	A	M	13	2	13.33%	2	1	40	33	0.98	1	1	6	7	0	2	C
II	1001084	G	K	18	3	14.29%	2	2	42	33	0.98	1	1	6	12	1	2	T
II	1005268	T	Y	15	2	11.76%	2	2	47	37	0.98	1	1	5	10	1	1	C
II	1034805	T	Y	25	2	7.41%	2	2	41	37	0.98	1	1	16	9	1	1	C
II	1047595	A	R	27	2	6.9%	2	2	41	55	0.98	1	1	8	19	1	1	G
II	1051143	A	M	19	2	9.52%	2	1	44	37	0.98	1	1	6	13	0	2	C
II	1065006	T	W	18	3	14.29%	2	1	48	37	0.98	1	1	8	10	3	0	A
II	1078331	G	K	15	2	11.76%	2	1	42	31	0.98	1	1	6	9	2	0	T
II	1082027	T	K	37	2	5.13%	2	1	42	37	0.98	1	1	27	10	2	0	G
II	1090819	T	Y	31	2	6.06%	2	1	48	55	0.98	1	1	16	15	0	2	C
II	1104941	G	K	7	2	20%	1	1	35	37	0.98	1	1	7	0	0	2	T
II	1117491	T	W	28	2	6.67%	2	1	37	25	0.98	1	1	9	19	2	0	A
II	1118625	T	Y	14	3	17.65%	2	1	42	33	0.98	1	1	5	9	0	3	C
II	1125483	T	W	25	2	7.41%	2	2	46	37	0.98	1	1	15	10	1	1	A
II	1149123	T	W	24	2	7.69%	2	1	38	37	0.98	1	1	16	8	2	0	A
II	1149127	G	R	26	2	7.14%	2	1	37	37	0.98	1	1	18	8	2	0	A
II	1155903	T	A	0	13	100%	0	2	0	45	0.98	0	1	0	0	3	10	A
II	1159678	G	C	0	12	100%	0	2	0	47	0.98	0	1	0	0	5	7	C
II	1159694	A	T	0	12	100%	0	2	0	45	0.98	0	1	0	0	4	8	T
II	1170307	A	M	36	2	5.26%	2	1	41	37	0.98	1	1	22	14	0	2	C
II	1205474	G	R	15	2	11.76%	2	1	37	37	0.98	1	1	4	11	2	0	A
II	1217678	A	M	11	2	15.38%	2	1	37	31	0.98	1	1	10	1	0	2	C
II	1234290	T	K	23	2	8%	2	1	47	55	0.98	1	1	10	13	2	0	G
II	1264766	C	M	5	2	28.57%	2	1	41	33	0.98	1	1	4	1	0	2	A
II	1277480	A	W	8	2	20%	1	1	34	27	0.98	1	1	8	0	0	2	T
II	1277481	G	K	4	3	30%	1	1	37	34	0.98	1	1	4	0	0	3	T
II	1300061	G	R	18	2	10%	2	1	43	33	0.98	1	1	9	9	2	0	A
II	1300079	T	W	17	3	15%	2	2	40	34	0.98	1	1	9	8	2	1	A
II	1300103	C	M	19	4	17.39%	2	2	42	46	0.98	1	1	12	7	3	1	A
II	1300115	G	R	18	6	25%	2	2	42	41	0.98	1	1	13	5	4	2	A
II	1300121	C	M	18	6	25%	2	2	43	39	0.98	1	1	14	4	4	2	A
II	1300124	C	M	20	5	20%	2	2	44	44	0.98	1	1	15	5	3	2	A
II	1300130	C	M	18	6	24%	2	2	45	43	0.98	1	1	14	4	4	2	A
II	1311678	A	M	28	2	6.67%	2	1	46	37	0.98	1	1	13	15	0	2	C
II	1318785	C	M	13	2	13.33%	2	1	31	31	0.98	1	1	9	4	0	2	A
II	1322502	A	R	22	2	8.33%	2	1	44	37	0.98	1	1	12	10	0	2	G
II	1359265	G	K	11	2	15.38%	2	1	40	27	0.98	1	1	6	5	2	0	T
II	1359720	A	R	30	2	6.25%	2	1	45	31	0.98	1	1	22	8	2	0	G
II	1371802	A	R	22	2	8.33%	2	1	46	31	0.98	1	1	12	10	0	2	G
II	1391797	A	R	30	2	6.25%	2	2	45	37	0.98	1	1	18	12	1	1	G
II	1391801	T	W	30	2	6.25%	2	2	45	37	0.98	1	1	18	12	1	1	A
II	1392471	G	K	19	2	9.52%	2	1	40	27	0.98	1	1	6	13	2	0	T
II	1413588	T	C	0	38	100%	0	2	0	50	0.98	0	1	0	0	22	16	C
II	1434497	G	R	25	2	7.41%	2	2	45	37	0.98	1	1	15	10	1	1	A
II	1454819	A	R	28	2	6.67%	2	1	45	37	0.98	1	1	10	18	2	0	G
II	1455925	T	K	13	2	13.33%	2	1	48	31	0.98	1	1	7	6	2	0	G
II	1519882	G	K	31	2	6.06%	2	2	47	31	0.98	1	1	17	14	1	1	T
II	1539343	A	R	22	2	8.33%	2	1	42	37	0.98	1	1	14	8	2	0	G
II	1547124	G	K	12	2	14.29%	2	1	52	25	0.98	1	1	9	3	2	0	T
II	1568594	A	M	27	2	6.9%	2	2	49	37	0.98	1	1	16	11	1	1	C
II	1569449	C	M	12	2	14.29%	2	1	44	27	0.98	1	1	9	3	0	2	A
II	1570325	A	R	19	2	9.52%	2	1	42	37	0.98	1	1	6	13	2	0	G
II	1578459	T	Y	24	2	7.69%	2	1	40	31	0.98	1	1	14	10	2	0	C
II	1636816	C	Y	31	2	6.06%	2	2	37	37	0.98	1	1	14	17	1	1	T
II	1651244	C	S	35	2	5.41%	2	1	42	37	0.98	1	1	14	21	2	0	G
II	1655919	A	W	26	2	7.14%	2	1	42	31	0.98	1	1	9	17	0	2	T
II	1656453	T	K	31	2	6.06%	2	1	50	31	0.98	1	1	18	13	2	0	G
II	1672859	C	T	0	28	100%	0	2	0	44	0.98	0	1	0	0	15	13	T
II	1673002	G	C	0	28	100%	0	2	0	39	0.98	0	1	0	0	20	8	C
II	1678693	T	A	0	23	100%	0	2	0	48	0.98	0	1	0	0	13	10	A
II	1683324	T	G	0	26	100%	0	2	0	44	0.98	0	1	0	0	11	15	G
II	1683881	T	Y	32	2	5.88%	2	1	40	37	0.98	1	1	17	15	0	2	C
II	1696321	C	M	29	2	6.45%	2	2	43	37	0.98	1	1	17	12	1	1	A
II	1697124	C	T	0	14	100%	0	2	0	49	0.98	0	1	0	0	7	7	T
II	1699067	A	R	37	2	5.13%	2	1	46	37	0.98	1	1	20	17	2	0	G
II	1714614	G	K	21	2	8.7%	2	1	38	29	0.98	1	1	9	12	0	2	T
II	1716272	C	Y	6	9	60%	2	2	31	41	0.98	1	1	1	5	6	3	T
II	1716273	T	Y	9	4	30.77%	2	1	30	29	0.98	1	1	2	7	0	4	C
II	1716288	G	T	0	9	100%	0	2	0	41	0.98	0	1	0	0	3	6	T
II	1716318	A	G	0	16	100%	0	2	0	39	0.98	0	1	0	0	3	13	G
II	1716320	T	G	0	18	100%	0	2	0	38	0.98	0	1	0	0	3	15	G
II	1716326	G	T	0	19	100%	0	2	0	42	0.98	0	1	0	0	5	14	T
II	1726395	A	R	20	2	9.09%	2	1	40	37	0.98	1	1	8	12	2	0	G
II	1746395	A	M	18	2	10%	2	1	47	31	0.98	1	1	9	9	0	2	C
II	1748673	G	K	13	2	13.33%	1	1	36	29	0.98	1	1	0	13	2	0	T
II	1765421	T	K	12	2	14.29%	2	1	37	31	0.98	1	1	7	5	2	0	G
II	1771766	T	Y	32	2	5.88%	2	1	43	37	0.98	1	1	19	13	0	2	C
II	1776684	A	W	13	2	13.33%	2	1	43	27	0.98	1	1	8	5	0	2	T
II	1784826	G	A	0	23	100%	0	2	0	47	0.98	0	1	0	0	11	12	A
II	1791322	A	R	34	2	5.56%	2	1	45	37	0.98	1	1	15	19	2	0	G
II	1792174	G	K	17	2	10.53%	2	1	39	31	0.98	1	1	10	7	2	0	T
II	1792175	A	M	19	2	9.52%	2	1	38	37	0.98	1	1	11	8	2	0	C
II	1794674	C	M	20	2	9.09%	2	1	45	27	0.98	1	1	10	10	0	2	A
II	1849777	G	A	0	10	100%	0	2	0	40	0.98	0	1	0	0	6	4	A
II	1853257	T	Y	20	2	9.09%	2	1	41	37	0.98	1	1	7	13	0	2	C
II	1870829	C	M	21	2	8.7%	2	1	44	23	0.98	1	1	7	14	0	2	A
II	1883996	T	K	20	2	9.09%	2	1	48	31	0.98	1	1	7	13	2	0	G
II	1895004	T	W	16	2	11.11%	2	1	43	37	0.98	1	1	13	3	0	2	A
II	1927949	A	R	17	2	10.53%	2	1	36	37	0.98	1	1	7	10	2	0	G
II	1935386	G	S	19	2	9.52%	2	2	46	37	0.98	1	1	4	15	1	1	C
II	1949391	T	Y	37	2	5.13%	2	1	43	25	0.98	1	1	22	15	0	2	C
II	1950050	A	R	1	2	5.71%	1	1	37	31	0.98	1	1	0	1	2	0	G
II	1951073	T	K	30	2	6.25%	2	1	43	27	0.98	1	1	9	21	2	0	G
II	1951084	G	K	32	2	5.88%	2	1	41	31	0.98	1	1	9	23	2	0	T
II	1962419	T	A	0	35	100%	0	2	0	50	0.98	0	1	0	0	20	15	A
II	1962439	A	G	0	36	100%	0	2	0	50	0.98	0	1	0	0	23	13	G
II	1962458	T	A	0	30	100%	0	2	0	48	0.98	0	1	0	0	19	11	A
II	1967070	G	K	21	2	8.7%	2	1	42	31	0.98	1	1	13	8	2	0	T
II	1982875	T	K	9	2	18.18%	2	1	48	37	0.98	1	1	3	6	2	0	G
II	1987098	C	A	0	16	100%	0	2	0	43	0.98	0	1	0	0	11	5	A
II	2028230	A	R	23	2	8%	2	1	39	37	0.98	1	1	9	14	2	0	G
II	2036517	T	W	20	2	9.09%	2	2	42	37	0.98	1	1	11	9	1	1	A
II	2044929	A	T	0	11	100%	0	2	0	42	0.98	0	1	0	0	5	6	T
II	2055074	G	S	17	2	10.53%	2	2	47	37	0.98	1	1	8	9	1	1	C
II	2086211	A	R	30	2	6.25%	2	1	52	37	0.98	1	1	15	15	2	0	G
II	2089524	A	W	16	2	11.11%	2	1	38	37	0.98	1	1	6	10	2	0	T
II	2095508	A	R	12	2	14.29%	2	1	49	74	0.98	1	1	3	9	2	0	G
II	2109366	A	R	9	2	18.18%	2	1	41	55	0.98	1	1	3	6	2	0	G
II	2111556	G	K	26	2	7.14%	2	2	44	37	0.98	1	1	16	10	1	1	T
II	2111560	G	K	27	2	6.9%	2	2	43	37	0.98	1	1	17	10	1	1	T
II	2147728	C	Y	14	3	17.65%	2	1	43	37	0.98	1	1	6	8	0	3	T
II	2176494	C	M	11	2	15.38%	2	2	50	37	0.98	1	1	6	5	1	1	A
II	2183652	T	K	24	2	7.69%	2	2	43	25	0.98	1	1	8	16	1	1	G
II	2193199	G	S	22	2	8.33%	2	1	46	31	0.98	1	1	14	8	2	0	C
II	2218101	T	Y	15	4	21.05%	2	2	41	37	0.98	1	1	5	10	2	2	C
II	2228775	T	G	0	15	100%	0	2	0	40	0.98	0	1	0	0	10	5	G
II	2228777	G	T	0	15	100%	0	2	0	41	0.98	0	1	0	0	10	5	T
II	2243662	T	W	28	2	6.67%	2	1	43	25	0.98	1	1	18	10	2	0	A
II	2243685	T	W	27	3	10%	2	1	43	41	0.98	1	1	16	11	3	0	A
II	2248368	T	Y	12	2	14.29%	2	1	52	68	0.98	1	1	5	7	2	0	C
II	2317208	G	K	9	2	18.18%	2	1	49	27	0.98	1	1	2	7	2	0	T
II	2325221	T	W	44	3	6.38%	2	2	43	37	0.98	1	1	18	26	2	1	A
II	2344170	A	R	20	2	9.09%	2	1	40	37	0.98	1	1	10	10	2	0	G
II	2360227	T	W	37	2	5.13%	2	1	41	25	0.98	1	1	11	26	2	0	A
II	2366985	G	K	17	2	10.53%	2	1	49	25	0.98	1	1	12	5	0	2	T
II	2381599	T	Y	15	2	11.76%	2	2	39	37	0.98	1	1	5	10	1	1	C
II	2403176	T	Y	22	3	12%	2	2	49	49	0.98	1	1	11	11	2	1	C
II	2421411	T	K	15	2	11.76%	2	1	45	33	0.98	1	1	4	11	2	0	G
II	2427545	G	K	15	3	16.67%	2	1	41	33	0.98	1	1	4	11	3	0	T
II	2436580	C	G	0	27	100%	0	2	0	43	0.98	0	1	0	0	11	16	G
II	2437564	A	W	68	5	6.85%	2	2	48	37	0.98	1	1	29	39	4	1	T
II	2437567	T	Y	67	5	6.94%	2	2	49	37	0.98	1	1	28	39	4	1	C
II	2437570	T	W	66	5	7.04%	2	2	49	37	0.98	1	1	28	38	4	1	A
II	2437571	G	S	67	6	8.22%	2	2	49	37	0.98	1	1	28	39	5	1	C
II	2437612	A	W	107	41	27.52%	2	2	45	40	0.98	1	1	55	52	26	15	T
II	2437627	C	Y	74	71	48.97%	2	2	44	46	0.98	1	1	32	42	41	30	T
II	2437629	G	R	122	27	18.12%	2	2	45	46	0.98	1	1	60	62	19	8	A
II	2437646	G	R	120	44	26.83%	2	2	46	46	0.98	1	1	63	57	26	18	A
II	2437655	G	R	161	9	5.26%	2	2	50	32	0.98	1	1	81	80	7	2	A
II	2437666	T	Y	159	9	5.36%	2	2	51	30	0.98	1	1	75	84	6	3	C
II	2437684	T	W	96	71	42.26%	2	2	56	45	0.98	1	1	47	49	32	39	A
II	2437688	A	R	101	63	38.41%	2	2	55	45	0.98	1	1	49	52	31	32	G
II	2437720	A	W	156	11	6.59%	2	2	48	32	0.98	1	1	83	73	5	6	T
II	2437737	A	R	142	14	8.92%	2	2	48	37	0.98	1	1	64	78	6	8	G
II	2437754	G	R	146	8	5.19%	2	2	48	40	0.98	1	1	64	82	5	3	A
II	2437769	A	W	110	25	18.52%	2	2	47	36	0.98	1	1	50	60	9	16	T
II	2437771	A	M	113	22	16.3%	2	2	48	37	0.98	1	1	50	63	8	14	C
II	2437780	A	W	108	12	10%	2	2	48	34	0.98	1	1	50	58	3	9	T
II	2437783	T	Y	107	8	6.9%	2	2	48	35	0.98	1	1	48	59	2	6	C
II	2437786	T	W	110	7	5.98%	2	2	47	35	0.98	1	1	47	63	2	5	A
II	2437787	G	S	111	7	5.93%	2	2	47	35	0.98	1	1	49	62	2	5	C
II	2437855	A	M	55	48	46.6%	2	2	42	47	0.98	1	1	27	28	12	36	C
II	2437918	T	Y	56	32	36.36%	2	2	48	46	0.98	1	1	27	29	10	22	C
II	2437936	A	W	70	16	18.6%	2	2	49	50	0.98	1	1	31	39	3	13	T
II	2437942	G	K	65	23	26.14%	2	2	47	47	0.98	1	1	28	37	7	16	T
II	2437951	C	Y	70	18	20.45%	2	2	47	49	0.98	1	1	32	38	5	13	T
II	2437970	G	R	73	12	14.12%	2	2	45	48	0.98	1	1	30	43	2	10	A
II	2437978	T	Y	69	7	9.21%	2	2	45	58	0.98	1	1	29	40	2	5	C
II	2437985	A	W	67	6	8.22%	2	2	45	47	0.98	1	1	27	40	1	5	T
II	2437987	A	M	71	5	6.58%	2	2	44	51	0.98	1	1	30	41	1	4	C
II	2444543	T	C	0	21	100%	0	2	0	45	0.98	0	1	0	0	12	9	C
II	2450639	T	Y	25	2	7.41%	2	2	41	37	0.98	1	1	11	14	1	1	C
II	2454811	C	M	9	2	18.18%	2	1	45	27	0.98	1	1	3	6	2	0	A
II	2498932	T	Y	20	2	9.09%	2	1	39	37	0.98	1	1	16	4	0	2	C
II	2515497	G	R	10	2	16.67%	2	2	39	37	0.98	1	1	4	6	1	1	A
II	2525492	A	M	26	2	7.14%	2	1	41	37	0.98	1	1	15	11	2	0	C
II	2536702	A	M	21	5	19.23%	2	1	43	27	0.98	1	1	15	6	0	5	C
II	2584352	T	K	26	2	7.14%	2	1	45	37	0.98	1	1	13	13	2	0	G
II	2590244	T	K	24	2	7.69%	2	2	44	37	0.98	1	1	9	15	1	1	G
II	2602644	C	Y	8	2	20%	2	1	36	37	0.98	1	1	2	6	0	2	T
II	2619952	T	K	20	2	9.09%	2	2	44	37	0.98	1	1	10	10	1	1	G
II	2640785	T	W	2	2	11.11%	1	1	37	31	0.98	1	1	0	2	0	2	A
II	2662093	C	M	7	2	22.22%	2	1	43	31	0.98	1	1	3	4	2	0	A
II	2687246	A	M	28	2	6.67%	2	2	45	37	0.98	1	1	9	19	1	1	C
II	2707349	A	M	4	2	33.33%	2	2	43	31	0.98	1	1	2	2	1	1	C
II	2711675	C	Y	23	3	11.54%	2	1	42	37	0.98	1	1	16	7	3	0	T
II	2715676	G	K	27	2	6.9%	2	1	42	37	0.98	1	1	8	19	2	0	T
II	2729080	G	K	12	2	14.29%	2	1	37	31	0.98	1	1	7	5	0	2	T
II	2736440	C	Y	23	2	8%	2	2	36	37	0.98	1	1	7	16	1	1	T
II	2739943	G	K	12	2	14.29%	2	2	36	23	0.98	1	1	5	7	1	1	T
II	2739966	C	M	17	2	10.53%	2	1	43	33	0.98	1	1	5	12	2	0	A
II	2766705	T	W	10	2	16.67%	2	1	43	25	0.98	1	1	2	8	2	0	A
II	2805977	A	M	6	2	25%	2	1	53	37	0.98	1	1	4	2	0	2	C
II	2806053	G	A	0	9	100%	0	2	0	44	0.98	0	1	0	0	4	5	A
II	2815485	T	K	28	2	6.67%	2	2	44	55	0.98	1	1	13	15	1	1	G
II	2836238	A	M	11	3	21.43%	2	1	39	24	0.98	1	1	9	2	0	3	C
II	2844769	A	M	28	2	6.67%	2	1	40	37	0.98	1	1	16	12	0	2	C
II	2847845	A	R	24	2	7.69%	2	1	43	55	0.98	1	1	13	11	2	0	G
II	2854130	A	M	29	2	6.45%	2	1	39	31	0.98	1	1	12	17	0	2	C
II	2854187	C	S	22	2	8.33%	2	2	40	37	0.98	1	1	12	10	1	1	G
II	2894714	G	K	14	2	12.5%	1	1	36	25	0.98	1	1	14	0	0	2	T
II	2895749	G	K	19	2	9.52%	2	2	39	37	0.98	1	1	11	8	1	1	T
II	2901509	G	T	0	44	100%	0	2	0	40	0.98	0	1	0	0	11	33	T
II	2920136	T	Y	27	2	6.9%	2	1	40	37	0.98	1	1	8	19	2	0	C
II	2941156	A	M	23	2	8%	2	1	37	25	0.98	1	1	6	17	0	2	C
II	2949269	C	M	25	2	7.41%	2	1	38	31	0.98	1	1	13	12	0	2	A
II	2955096	G	K	15	2	11.76%	1	1	41	27	0.98	1	1	15	0	0	2	T
II	2955127	A	M	12	2	14.29%	2	1	44	25	0.98	1	1	10	2	0	2	C
II	2960321	T	K	34	2	5.56%	2	2	43	37	0.98	1	1	27	7	1	1	G
II	2960322	T	K	33	2	5.71%	2	2	43	37	0.98	1	1	26	7	1	1	G
II	3006137	A	T	0	13	100%	0	2	0	41	0.98	0	1	0	0	6	7	T
II	3017563	C	M	17	2	10.53%	2	1	46	31	0.98	1	1	6	11	2	0	A
II	3055610	A	M	20	2	9.09%	2	1	46	31	0.98	1	1	12	8	0	2	C
II	3060184	A	R	15	2	11.76%	2	2	38	37	0.98	1	1	11	4	1	1	G
II	3088755	T	W	25	2	7.41%	2	2	44	37	0.98	1	1	12	13	1	1	A
II	3112372	G	K	7	2	22.22%	2	1	40	25	0.98	1	1	2	5	2	0	T
II	3112377	G	K	7	2	22.22%	2	1	40	25	0.98	1	1	2	5	2	0	T
II	3152605	T	K	12	2	14.29%	2	2	40	37	0.98	1	1	7	5	1	1	G
II	3153954	G	R	24	3	11.11%	2	2	45	37	0.98	1	1	17	7	2	1	A
II	3164554	C	M	21	2	8.7%	2	2	41	33	0.98	1	1	5	16	1	1	A
II	3164561	A	W	23	2	8%	2	1	38	31	0.98	1	1	5	18	2	0	T
II	3174932	T	K	4	2	33.33%	1	1	37	33	0.98	1	1	0	4	2	0	G
II	3200890	A	R	21	2	8.7%	2	2	48	27	0.98	1	1	13	8	1	1	G
II	3220512	A	M	28	2	6.67%	2	1	43	37	0.98	1	1	19	9	0	2	C
II	3257725	G	S	9	3	25%	2	1	45	37	0.98	1	1	4	5	3	0	C
II	3296557	A	W	24	2	7.69%	2	2	45	55	0.98	1	1	13	11	1	1	T
II	3312426	T	Y	34	2	5.56%	2	2	45	37	0.98	1	1	9	25	1	1	C
II	3331264	A	R	20	2	9.09%	2	1	41	37	0.98	1	1	8	12	2	0	G
II	3398061	A	M	28	2	6.67%	2	1	43	37	0.98	1	1	12	16	0	2	C
II	3419171	A	R	19	2	9.52%	2	2	42	37	0.98	1	1	14	5	1	1	G
II	3420289	C	Y	26	2	7.14%	2	2	45	37	0.98	1	1	6	20	1	1	T
II	3421477	C	S	16	2	11.11%	2	1	36	55	0.98	1	1	10	6	2	0	G
II	3442741	T	Y	32	2	5.88%	2	1	42	37	0.98	1	1	18	14	0	2	C
II	3505767	A	W	7	2	22.22%	2	1	37	37	0.98	1	1	6	1	0	2	T
II	3505769	G	K	6	2	25%	2	1	43	31	0.98	1	1	5	1	0	2	T
II	3524722	C	Y	19	2	9.52%	2	1	42	74	0.98	1	1	6	13	2	0	T
II	3525422	T	K	26	2	7.14%	2	1	42	31	0.98	1	1	15	11	2	0	G
II	3532163	A	M	7	2	22.22%	1	1	34	27	0.98	1	1	7	0	0	2	C
II	3557339	T	W	33	2	5.71%	2	2	51	31	0.98	1	1	16	17	1	1	A
II	3574326	C	S	21	2	8.7%	2	1	45	37	0.98	1	1	16	5	2	0	G
II	3576191	T	W	9	2	18.18%	2	1	37	25	0.98	1	1	1	8	2	0	A
II	3576916	A	M	36	2	5.26%	2	1	45	37	0.98	1	1	24	12	0	2	C
II	3579298	T	Y	17	2	10.53%	2	1	47	37	0.98	1	1	8	9	0	2	C
II	3610137	G	K	12	2	14.29%	2	2	54	29	0.98	1	1	7	5	1	1	T
II	3636571	A	M	22	2	8.33%	2	1	40	37	0.98	1	1	10	12	2	0	C
II	3664412	G	K	19	3	13.64%	2	1	36	26	0.98	1	1	14	5	0	3	T
II	3673169	A	W	24	2	7.69%	2	2	41	37	0.98	1	1	17	7	1	1	T
II	3680934	T	Y	12	2	14.29%	2	2	43	37	0.98	1	1	6	6	1	1	C
II	3685776	T	K	16	2	11.11%	2	1	39	37	0.98	1	1	6	10	2	0	G
II	3693883	T	W	17	2	10.53%	2	2	39	37	0.98	1	1	11	6	1	1	A
II	3741501	A	M	15	2	11.76%	2	1	46	31	0.98	1	1	3	12	0	2	C
II	3750760	A	W	15	2	11.76%	2	2	46	37	0.98	1	1	7	8	1	1	T
II	3768641	G	S	16	2	11.11%	2	1	40	37	0.98	1	1	10	6	0	2	C
II	3791396	A	W	32	2	5.88%	2	2	42	37	0.98	1	1	13	19	1	1	T
II	3792280	T	K	10	2	16.67%	2	1	41	27	0.98	1	1	2	8	2	0	G
II	3799350	G	R	0	3	42.86%	0	1	0	33	0.98	0	1	0	0	0	3	A
II	3835099	G	K	14	2	12.5%	2	2	49	37	0.98	1	1	6	8	1	1	T
II	3860190	A	M	15	6	28.57%	2	1	37	37	0.98	1	1	1	14	6	0	C
II	3866491	A	M	25	2	7.41%	2	2	47	74	0.98	1	1	9	16	1	1	C
II	3880851	A	M	37	2	5.13%	2	2	43	55	0.98	1	1	21	16	1	1	C
II	3894769	T	K	14	2	12.5%	2	1	50	31	0.98	1	1	6	8	2	0	G
II	3910459	A	R	33	2	5.71%	2	1	41	37	0.98	1	1	17	16	2	0	G
II	3910669	A	M	22	2	8.33%	2	1	45	31	0.98	1	1	6	16	0	2	C
II	3991697	G	K	17	2	10.53%	2	1	47	37	0.98	1	1	12	5	0	2	T
II	4011892	T	Y	26	2	7.14%	2	2	39	37	0.98	1	1	10	16	1	1	C
II	4059123	C	M	22	2	8.33%	2	1	47	27	0.98	1	1	16	6	0	2	A
II	4062214	T	K	35	2	5.41%	2	1	43	37	0.98	1	1	11	24	2	0	G
II	4080615	G	R	19	3	13.64%	2	1	42	37	0.98	1	1	6	13	0	3	A
II	4089062	A	M	18	2	10%	2	2	45	37	0.98	1	1	11	7	1	1	C
II	4102560	C	M	13	2	13.33%	2	1	44	25	0.98	1	1	10	3	0	2	A
II	4103957	C	M	30	2	6.25%	2	2	46	31	0.98	1	1	17	13	1	1	A
II	4122326	T	C	0	24	100%	0	2	0	45	0.98	0	1	0	0	13	11	C
II	4134119	G	S	19	2	9.52%	2	2	48	37	0.98	1	1	10	9	1	1	C
II	4148348	C	M	23	2	8%	2	1	42	37	0.98	1	1	6	17	2	0	A
II	4190678	G	R	35	2	5.41%	2	1	43	31	0.98	1	1	20	15	2	0	A
II	4190683	T	Y	35	4	10.26%	2	1	43	31	0.98	1	1	20	15	4	0	C
II	4204902	T	K	38	2	5%	2	1	44	27	0.98	1	1	14	24	2	0	G
II	4207017	A	W	21	2	8.7%	2	1	43	25	0.98	1	1	16	5	0	2	T
II	4238767	T	K	37	2	5.13%	2	1	49	37	0.98	1	1	20	17	2	0	G
II	4273518	A	M	33	2	5.71%	2	2	45	37	0.98	1	1	17	16	1	1	C
II	4273713	C	Y	41	3	6.82%	2	1	50	37	0.98	1	1	23	18	3	0	T
II	4282320	T	Y	12	2	14.29%	2	1	40	31	0.98	1	1	6	6	0	2	C
II	4296089	T	K	26	2	7.14%	2	2	43	37	0.98	1	1	20	6	1	1	G
II	4306991	T	Y	27	2	6.9%	2	1	44	31	0.98	1	1	9	18	0	2	C
II	4308430	T	W	10	2	16.67%	2	1	34	33	0.98	1	1	3	7	2	0	A
II	4316476	T	Y	8	2	20%	2	2	46	37	0.98	1	1	5	3	1	1	C
II	4354800	T	Y	25	2	7.41%	2	2	50	49	0.98	1	1	15	10	1	1	C
II	4387568	G	K	8	2	20%	2	1	40	27	0.98	1	1	3	5	2	0	T
II	4387575	C	M	9	2	18.18%	2	1	48	25	0.98	1	1	4	5	2	0	A
II	4397067	G	R	23	2	8%	2	1	42	37	0.98	1	1	7	16	2	0	A
II	4397070	T	Y	22	2	8.33%	2	1	43	37	0.98	1	1	6	16	2	0	C
II	4400666	A	C	0	13	100%	0	2	0	46	0.98	0	1	0	0	5	8	C
II	4413941	A	R	30	2	6.25%	2	1	41	31	0.98	1	1	18	12	2	0	G
II	4414459	T	W	40	4	9.09%	2	1	45	37	0.98	1	1	20	20	0	4	A
II	4414468	A	W	38	4	9.52%	2	1	44	37	0.98	1	1	20	18	0	4	T
II	4422469	G	R	49	3	5.56%	2	1	43	37	0.98	1	1	27	22	0	3	A
II	4422999	T	W	38	2	5%	2	1	43	37	0.98	1	1	24	14	0	2	A
II	4423028	T	W	38	2	5%	2	2	45	37	0.98	1	1	21	17	1	1	A
II	4423035	C	S	41	3	6.82%	2	1	42	49	0.98	1	1	23	18	0	3	G
II	4423038	A	R	38	3	7.32%	2	1	44	37	0.98	1	1	17	21	3	0	G
II	4423049	A	R	37	2	5.13%	2	1	42	37	0.98	1	1	18	19	2	0	G
II	4423950	C	Y	46	4	7.84%	2	2	42	34	0.98	1	1	17	29	1	3	T
II	4437749	A	W	63	5	7.35%	2	2	45	44	0.98	1	1	20	43	4	1	T
II	4437752	T	Y	64	5	7.25%	2	2	44	39	0.98	1	1	24	40	4	1	C
II	4437766	G	R	60	5	7.69%	2	2	45	42	0.98	1	1	27	33	4	1	A
II	4437789	G	R	67	4	5.63%	2	1	44	34	0.98	1	1	36	31	4	0	A
II	4437796	C	Y	69	4	5.48%	2	1	45	37	0.98	1	1	36	33	4	0	T
II	4437800	A	R	70	5	6.67%	2	2	45	34	0.98	1	1	38	32	4	1	G
II	4452619	T	W	21	2	8.7%	2	2	46	55	0.98	1	1	10	11	1	1	A
II	4452620	C	Y	21	2	8.7%	2	2	47	55	0.98	1	1	11	10	1	1	T
II	4452629	T	Y	26	2	7.14%	2	1	46	55	0.98	1	1	14	12	2	0	C
II	4466308	T	Y	16	2	11.11%	2	1	40	55	0.98	1	1	5	11	2	0	C
II	4481464	T	Y	47	3	6%	2	2	48	37	0.98	1	1	20	27	2	1	C
II	4502746	C	S	13	2	13.33%	2	1	46	37	0.98	1	1	5	8	0	2	G
II	4505717	A	R	18	2	10%	2	1	44	42	0.98	1	1	6	12	0	2	G
II	4513966	A	R	40	7	14.89%	2	2	42	42	0.98	1	1	10	30	2	5	G
II	4513980	A	W	43	5	10.42%	2	1	40	37	0.98	1	1	12	31	0	5	T
II	4518017	T	Y	121	7	5.47%	2	2	46	42	0.98	1	1	51	70	3	4	C
II	4518018	C	Y	121	7	5.47%	2	2	48	42	0.98	1	1	49	72	3	4	T
II	4518349	A	R	56	5	8.2%	2	1	38	37	0.98	1	1	17	39	0	5	G
II	4518363	T	Y	62	5	7.46%	2	1	39	37	0.98	1	1	20	42	0	5	C
II	4518515	T	Y	51	3	5.56%	2	2	45	49	0.98	1	1	27	24	2	1	C
II	4521636	C	Y	3	5	62.5%	2	2	40	37	0.98	1	1	1	2	3	2	T
II	4523882	C	Y	32	30	48.39%	2	2	40	36	0.98	1	1	20	12	20	10	T
II	4525822	C	Y	11	3	21.43%	2	2	35	37	0.98	1	1	4	7	1	2	T
II	4525966	C	Y	11	2	15.38%	2	2	42	37	0.98	1	1	5	6	1	1	T
II	4527852	C	M	33	4	10.81%	2	1	37	30	0.98	1	1	22	11	0	4	A
II	4527879	G	S	36	7	16.28%	2	2	44	35	0.98	1	1	13	23	4	3	C
II	4527881	C	Y	21	7	25%	2	2	40	40	0.98	1	1	13	8	2	5	T
II	4529116	T	Y	58	40	40.82%	2	2	48	49	0.98	1	1	28	30	20	20	C
II	4529853	C	Y	66	4	5.71%	2	1	42	46	0.98	1	1	24	42	0	4	T
II	4529965	A	R	37	29	43.94%	2	2	45	42	0.98	1	1	17	20	8	21	G
II	4530323	G	R	48	8	14.29%	2	2	44	55	0.98	1	1	18	30	5	3	A
II	4530797	C	Y	56	12	17.65%	2	2	47	49	0.98	1	1	30	26	6	6	T
II	4531033	G	S	63	40	38.83%	2	2	44	42	0.98	1	1	43	20	27	13	C
II	4531092	G	R	53	44	45.36%	2	2	45	41	0.98	1	1	25	28	27	17	A
II	4531414	T	Y	72	73	50.34%	2	2	44	44	0.98	1	1	44	28	45	28	C
II	4531492	A	R	145	18	11.04%	2	2	46	38	0.98	1	1	87	58	10	8	G
II	4531592	G	R	65	55	45.83%	2	2	41	43	0.98	1	1	37	28	24	31	A
II	4531749	C	Y	74	51	40.8%	2	2	38	38	0.98	1	1	34	40	24	27	T
II	4531764	A	R	60	73	54.89%	2	2	38	39	0.98	1	1	26	34	51	22	G
II	4532088	G	K	51	64	55.65%	2	2	41	42	0.98	1	1	33	18	39	25	T
II	4532323	C	Y	95	11	10.38%	2	2	44	40	0.98	1	1	54	41	3	8	T
II	4533394	T	Y	41	46	52.87%	2	2	46	45	0.98	1	1	24	17	20	26	C
II	4533451	T	Y	39	30	43.48%	2	2	41	45	0.98	1	1	25	14	12	18	C
II	4533598	G	R	48	24	32.88%	2	2	41	43	0.98	1	1	22	26	9	15	A
II	4533617	A	R	45	29	39.19%	2	2	44	41	0.98	1	1	19	26	12	17	G
II	4533636	C	Y	49	36	42.35%	2	2	42	45	0.98	1	1	16	33	16	20	T
II	4533744	T	Y	63	38	37.62%	2	2	46	49	0.98	1	1	28	35	20	18	C
II	4533922	G	R	81	50	38.17%	2	2	42	43	0.98	1	1	33	48	27	23	A
II	4533994	T	Y	111	69	38.33%	2	2	41	40	0.98	1	1	79	32	47	22	C
II	4534246	C	M	86	62	41.89%	2	2	41	42	0.98	1	1	30	56	26	36	A
II	4534498	A	M	64	49	43.36%	2	2	44	42	0.98	1	1	41	23	27	22	C
II	4536550	C	M	120	43	26.38%	2	2	42	42	0.98	1	1	77	43	29	14	A
II	4536728	A	R	147	10	5.85%	2	2	43	39	0.98	1	1	59	88	7	3	G
II	4537214	T	Y	154	42	21.43%	2	2	49	48	0.98	1	1	89	65	26	16	C
II	4537402	A	R	150	8	5.06%	2	2	45	36	0.98	1	1	89	61	2	6	G
II	4537844	T	Y	35	18	33.96%	2	2	42	41	0.98	1	1	12	23	2	16	C
II	4538027	A	R	105	13	11.02%	2	2	45	47	0.98	1	1	77	28	9	4	G
II	4538036	G	K	109	127	53.81%	2	2	45	54	0.98	1	1	87	22	89	38	T
II	4538038	A	R	110	155	58.49%	2	2	45	53	0.98	1	1	88	22	114	41	G
II	4538047	G	R	368	56	13.21%	2	2	51	52	0.98	1	1	281	87	45	11	A
II	4538048	C	Y	225	199	46.93%	2	2	49	53	0.98	1	1	183	42	143	56	T
II	4538052	A	R	132	299	69.37%	2	2	44	53	0.98	1	1	111	21	217	82	G
II	4538065	G	R	396	47	10.61%	2	2	53	54	0.98	1	1	282	114	31	16	A
II	4538091	T	Y	206	227	50.78%	2	2	46	57	0.98	1	1	129	77	130	97	C
II	4538114	A	R	124	43	25.75%	2	2	43	41	0.98	1	1	84	40	2	41	G
II	4538115	G	K	128	45	26.01%	2	2	43	41	0.98	1	1	87	41	2	43	T
II	4538116	G	R	130	45	25.71%	2	2	43	41	0.98	1	1	88	42	2	43	A
II	4538118	G	R	125	44	26.04%	2	2	42	42	0.98	1	1	83	42	2	42	A
II	4538122	G	S	127	44	25.73%	2	2	43	41	0.98	1	1	82	45	2	42	C
II	4538125	A	W	132	41	23.7%	2	2	43	41	0.98	1	1	85	47	2	39	T
II	4538126	C	S	137	44	24.31%	2	2	43	41	0.98	1	1	87	50	2	42	G
II	4538128	A	R	135	45	24.86%	2	2	43	41	0.98	1	1	86	49	2	43	G
II	4538155	T	K	201	39	16.25%	2	2	43	40	0.98	1	1	99	102	3	36	G
II	4538164	A	W	148	93	38.59%	2	2	47	39	0.98	1	1	91	57	5	88	T
II	4538203	A	W	163	20	10.93%	2	2	45	40	0.98	1	1	66	97	1	19	T
II	4538216	A	W	158	20	11.24%	2	2	45	40	0.98	1	1	62	96	1	19	T
II	4538238	T	K	159	19	10.67%	2	2	46	39	0.98	1	1	61	98	1	18	G
II	4538244	A	R	163	19	10.44%	2	2	44	40	0.98	1	1	63	100	1	18	G
II	4538531	T	W	52	3	5.45%	2	1	41	37	0.98	1	1	26	26	3	0	A
II	4538532	C	Y	52	3	5.45%	2	1	41	37	0.98	1	1	26	26	3	0	T
II	4538541	C	Y	41	6	12.77%	2	1	41	37	0.98	1	1	26	15	6	0	T
II	4538556	T	Y	40	8	16.67%	2	1	40	37	0.98	1	1	30	10	8	0	C
II	4538591	G	R	39	6	13.33%	2	1	42	35	0.98	1	1	28	11	6	0	A
II	4538770	T	Y	46	8	14.81%	2	2	44	41	0.98	1	1	26	20	6	2	C
II	4538906	C	Y	119	22	15.6%	2	2	46	37	0.98	1	1	82	37	17	5	T
II	4539524	G	R	38	16	29.63%	2	2	42	52	0.98	1	1	28	10	11	5	A
II	4539673	T	W	26	6	18.75%	2	2	38	35	0.98	1	1	3	23	4	2	A
II	4539725	T	Y	29	9	23.68%	2	2	39	41	0.98	1	1	3	26	6	3	C
III	5074	G	R	188	12	5.94%	2	2	38	42	0.98	1	1	115	73	6	6	A
III	5464	C	S	517	30	5.48%	2	2	41	45	0.98	1	1	213	304	6	24	G
III	5850	A	M	175	31	14.49%	2	1	37	32	0.98	1	1	167	8	0	31	C
III	15944	G	R	182	12	6.19%	2	2	40	35	0.98	1	1	99	83	5	7	A
III	16146	T	K	401	33	7.6%	2	2	39	35	0.98	1	1	305	96	30	3	G
III	16720	A	M	161	38	18.27%	2	1	36	31	0.98	1	1	149	12	0	38	C
III	29051	G	K	12	2	14.29%	2	2	46	55	0.98	1	1	5	7	1	1	T
III	29071	A	R	13	2	13.33%	2	2	41	55	0.98	1	1	5	8	1	1	G
III	29109	A	W	14	2	12.5%	2	2	46	37	0.98	1	1	5	9	1	1	T
III	30312	G	K	19	2	9.52%	2	1	39	25	0.98	1	1	14	5	0	2	T
III	33004	T	Y	23	2	8%	2	2	40	55	0.98	1	1	19	4	1	1	C
III	33006	C	S	24	2	7.69%	2	2	41	49	0.98	1	1	20	4	1	1	G
III	50641	T	W	12	2	14.29%	2	1	52	31	0.98	1	1	6	6	0	2	A
III	50688	A	M	11	2	15.38%	2	1	32	27	0.98	1	1	5	6	0	2	C
III	54171	A	R	22	2	8.33%	2	1	46	37	0.98	1	1	10	12	2	0	G
III	88653	A	W	14	2	12.5%	2	1	37	25	0.98	1	1	11	3	0	2	T
III	101148	A	R	19	2	9.52%	2	1	38	37	0.98	1	1	11	8	2	0	G
III	107532	T	K	5	2	28.57%	2	1	37	37	0.98	1	1	2	3	2	0	G
III	116580	T	W	22	2	8.33%	2	2	42	37	0.98	1	1	7	15	1	1	A
III	123340	N	A	0	11	100%	0	2	0	38	0.98	0	1	0	0	7	4	A
III	153926	A	M	38	2	5%	2	1	46	37	0.98	1	1	25	13	0	2	C
III	177763	A	M	27	2	6.9%	2	1	44	31	0.98	1	1	16	11	0	2	C
III	198820	A	M	14	2	12.5%	2	1	45	37	0.98	1	1	10	4	0	2	C
III	212014	G	K	4	3	42.86%	1	1	30	29	0.98	1	1	0	4	3	0	T
III	212483	G	R	25	2	7.41%	2	1	46	37	0.98	1	1	15	10	0	2	A
III	212490	C	Y	28	2	6.67%	2	1	40	37	0.98	1	1	16	12	0	2	T
III	212679	T	K	33	3	8.33%	2	2	48	37	0.98	1	1	15	18	2	1	G
III	212687	C	Y	34	3	8.11%	2	2	46	49	0.98	1	1	16	18	1	2	T
III	227730	A	T	0	44	100%	0	2	0	50	0.98	0	1	0	0	19	25	T
III	265248	C	M	17	2	10.53%	2	2	46	55	0.98	1	1	10	7	1	1	A
III	299056	A	M	32	2	5.88%	2	1	42	25	0.98	1	1	11	21	0	2	C
III	325526	G	R	14	2	12.5%	2	2	47	37	0.98	1	1	6	8	1	1	A
III	328289	T	W	27	2	6.9%	2	1	43	37	0.98	1	1	18	9	2	0	A
III	349382	A	R	35	2	5.41%	2	1	41	55	0.98	1	1	18	17	2	0	G
III	350027	T	W	27	2	6.9%	2	1	42	25	0.98	1	1	11	16	2	0	A
III	361562	A	R	27	2	6.9%	2	1	42	37	0.98	1	1	13	14	2	0	G
III	489623	C	Y	47	3	6%	2	2	43	49	0.98	1	1	25	22	1	2	T
III	509137	T	K	24	2	7.69%	2	1	41	31	0.98	1	1	7	17	0	2	G
III	555246	T	K	30	2	6.25%	2	2	49	31	0.98	1	1	11	19	1	1	G
III	564510	A	R	18	2	10%	2	1	46	37	0.98	1	1	11	7	2	0	G
III	575066	T	W	10	2	16.67%	2	1	55	37	0.98	1	1	6	4	0	2	A
III	583562	A	W	12	2	14.29%	2	1	39	25	0.98	1	1	2	10	2	0	T
III	621203	C	M	16	2	11.11%	2	1	41	25	0.98	1	1	8	8	0	2	A
III	623495	A	W	6	2	25%	2	1	34	25	0.98	1	1	5	1	0	2	T
III	623519	C	M	2	3	60%	1	1	37	30	0.98	1	1	2	0	0	3	A
III	623537	C	M	2	3	60%	1	1	37	29	0.98	1	1	2	0	0	3	A
III	646451	G	R	15	2	11.76%	2	1	40	37	0.98	1	1	10	5	2	0	A
III	662154	A	M	11	2	15.38%	2	1	38	25	0.98	1	1	7	4	2	0	C
III	667059	A	W	24	2	7.69%	2	2	44	37	0.98	1	1	13	11	1	1	T
III	681663	A	R	33	2	5.71%	2	1	43	37	0.98	1	1	21	12	2	0	G
III	684182	G	K	12	2	14.29%	2	1	39	33	0.98	1	1	3	9	2	0	T
III	703931	T	Y	16	2	11.11%	2	1	43	37	0.98	1	1	2	14	0	2	C
III	720001	C	T	0	6	100%	0	1	0	43	0.98	0	1	0	0	0	6	T
III	762240	T	Y	13	2	13.33%	2	1	42	37	0.98	1	1	8	5	2	0	C
III	762679	A	R	36	2	5.26%	2	1	44	55	0.98	1	1	23	13	2	0	G
III	764458	C	Y	9	2	18.18%	2	2	45	37	0.98	1	1	4	5	1	1	T
III	784571	C	M	23	2	8%	2	1	50	25	0.98	1	1	16	7	0	2	A
III	795302	G	K	20	3	13.04%	2	1	41	26	0.98	1	1	1	19	3	0	T
III	820805	T	W	14	2	12.5%	2	1	54	37	0.98	1	1	6	8	2	0	A
III	836888	A	R	7	2	22.22%	2	2	61	37	0.98	1	1	3	4	1	1	G
III	953367	C	M	17	2	10.53%	2	2	47	31	0.98	1	1	4	13	1	1	A
III	958263	G	K	10	2	16.67%	2	1	45	24	0.98	1	1	2	8	2	0	T
III	961288	A	R	76	6	7.32%	2	2	48	32	0.98	1	1	42	34	2	4	G
III	962376	C	Y	508	61	10.72%	2	2	48	54	0.98	1	1	220	288	37	24	T
III	963322	G	R	80	11	12.09%	2	2	46	47	0.98	1	1	28	52	3	8	A
III	963343	A	G	6	77	92.77%	1	2	37	48	0.98	1	1	0	6	20	57	G
III	984343	T	W	24	2	7.69%	2	2	37	37	0.98	1	1	14	10	1	1	A
III	985038	T	W	30	2	6.25%	2	1	49	31	0.98	1	1	16	14	2	0	A
III	1002775	G	S	26	2	7.14%	2	2	39	61	0.98	1	1	14	12	1	1	C
III	1043164	C	Y	32	2	5.88%	2	1	47	37	0.98	1	1	17	15	2	0	T
III	1062735	T	Y	32	2	5.88%	2	2	49	37	0.98	1	1	19	13	1	1	C
III	1069724	T	K	12	2	14.29%	2	1	36	37	0.98	1	1	7	5	2	0	G
III	1082294	G	K	112	6	5.08%	2	1	46	37	0.98	1	1	57	55	6	0	T
III	1084286	G	K	40	22	35.48%	2	2	47	39	0.98	1	1	25	15	7	15	T
III	1090373	G	K	11	2	15.38%	1	1	39	25	0.98	1	1	0	11	2	0	T
III	1098041	A	W	14	3	17.65%	2	1	42	37	0.98	1	1	8	6	3	0	T
III	1098042	A	W	14	3	17.65%	2	1	41	37	0.98	1	1	8	6	3	0	T
III	1114661	C	M	45	18	28.57%	2	2	46	44	0.98	1	1	14	31	10	8	A
III	1116943	G	R	9	2	18.18%	2	1	54	37	0.98	1	1	4	5	2	0	A
III	1117577	T	W	34	2	5.56%	2	1	40	31	0.98	1	1	12	22	2	0	A
III	1121421	C	M	47	21	30.88%	2	2	44	49	0.98	1	1	19	28	15	6	A
III	1128181	C	M	42	18	30%	2	2	46	50	0.98	1	1	17	25	10	8	A
III	1134941	C	M	40	21	34.43%	2	2	46	51	0.98	1	1	15	25	11	10	A
III	1137206	A	M	20	3	13.04%	2	1	39	37	0.98	1	1	10	10	0	3	C
III	1154725	A	W	26	2	7.14%	2	2	50	25	0.98	1	1	14	12	1	1	T
III	1168328	T	C	0	11	100%	0	2	0	35	0.98	0	1	0	0	8	3	C
III	1168363	G	A	2	8	80%	1	2	37	40	0.98	1	1	2	0	5	3	A
III	1168414	T	W	7	2	22.22%	1	1	38	25	0.98	1	1	0	7	2	0	A
III	1173222	C	M	20	2	9.09%	2	1	45	27	0.98	1	1	5	15	2	0	A
III	1200366	T	Y	18	2	10%	2	1	39	37	0.98	1	1	7	11	2	0	C
III	1210148	T	Y	18	2	10%	2	2	38	37	0.98	1	1	11	7	1	1	C
III	1212147	G	R	24	2	7.69%	2	2	42	37	0.98	1	1	14	10	1	1	A
III	1225893	G	K	28	2	6.67%	2	1	44	25	0.98	1	1	11	17	2	0	T
III	1252445	C	M	19	2	9.52%	2	1	37	33	0.98	1	1	13	6	0	2	A
III	1252471	C	M	16	2	11.11%	2	1	36	25	0.98	1	1	13	3	0	2	A
III	1252499	C	M	15	2	11.76%	2	1	40	22	0.98	1	1	12	3	0	2	A
III	1252505	G	K	9	5	29.41%	2	1	42	35	0.98	1	1	7	2	0	5	T
III	1253451	A	W	23	2	8%	2	1	43	31	0.98	1	1	10	13	0	2	T
III	1270419	A	W	18	2	10%	2	1	43	74	0.98	1	1	10	8	0	2	T
III	1272101	A	W	22	2	8.33%	2	1	41	25	0.98	1	1	11	11	0	2	T
III	1278641	A	R	35	2	5.41%	2	1	48	37	0.98	1	1	15	20	0	2	G
III	1281566	T	K	36	2	5.26%	2	1	43	31	0.98	1	1	23	13	2	0	G
III	1305704	C	S	25	2	7.41%	2	2	48	55	0.98	1	1	8	17	1	1	G
III	1315023	C	Y	21	4	16%	2	2	44	37	0.98	1	1	7	14	1	3	T
III	1320681	A	W	8	2	20%	2	1	43	33	0.98	1	1	2	6	0	2	T
III	1364065	G	S	25	3	10.71%	2	1	42	49	0.98	1	1	11	14	0	3	C
III	1374938	A	T	0	16	100%	0	2	0	39	0.98	0	1	0	0	6	10	T
III	1395378	G	K	4	2	33.33%	2	1	44	25	0.98	1	1	3	1	0	2	T
III	1395386	A	W	3	2	40%	1	1	34	31	0.98	1	1	3	0	0	2	T
III	1395394	G	K	3	4	50%	1	1	31	34	0.98	1	1	3	0	0	4	T
III	1397596	T	W	20	2	9.09%	2	2	43	55	0.98	1	1	9	11	1	1	A
III	1397597	T	W	19	2	9.52%	2	2	42	55	0.98	1	1	8	11	1	1	A
III	1413964	G	K	28	2	6.67%	2	1	46	37	0.98	1	1	14	14	2	0	T
III	1418274	T	W	30	2	6.25%	2	1	41	37	0.98	1	1	15	15	0	2	A
III	1446760	C	M	15	2	11.76%	2	1	47	31	0.98	1	1	9	6	0	2	A
III	1487869	T	K	13	2	13.33%	2	1	42	28	0.98	1	1	5	8	2	0	G
III	1493950	A	R	99	31	23.66%	2	2	43	54	0.98	1	1	27	72	20	11	G
III	1494129	T	K	155	32	17.11%	2	2	46	42	0.98	1	1	81	74	10	22	G
III	1494164	A	R	108	40	27.03%	2	2	45	42	0.98	1	1	39	69	8	32	G
III	1494181	A	W	110	36	24.49%	2	2	47	41	0.98	1	1	37	73	7	29	T
III	1494187	T	W	116	30	20.55%	2	2	45	40	0.98	1	1	39	77	6	24	A
III	1494192	G	R	118	27	18.62%	2	2	45	39	0.98	1	1	39	79	6	21	A
III	1494282	G	R	92	97	51.32%	2	2	41	37	0.98	1	1	24	68	34	63	A
III	1494303	G	R	82	52	38.81%	2	2	41	36	0.98	1	1	28	54	14	38	A
III	1494306	A	W	78	52	40%	2	2	40	35	0.98	1	1	26	52	14	38	T
III	1494312	A	R	80	50	38.46%	2	2	41	36	0.98	1	1	32	48	13	37	G
III	1494315	A	R	77	47	37.9%	2	2	41	36	0.98	1	1	31	46	12	35	G
III	1494318	A	R	78	46	37.1%	2	2	41	36	0.98	1	1	32	46	11	35	G
III	1494327	T	K	73	35	32.41%	2	2	41	36	0.98	1	1	34	39	9	26	G
III	1498022	A	R	27	2	6.9%	2	2	41	31	0.98	1	1	10	17	1	1	G
III	1499855	T	K	39	4	9.3%	2	1	42	31	0.98	1	1	11	28	4	0	G
III	1512391	T	K	18	2	10%	2	1	47	31	0.98	1	1	6	12	2	0	G
III	1545898	G	K	15	2	11.76%	2	1	37	25	0.98	1	1	2	13	2	0	T
III	1546002	C	M	24	2	7.69%	2	1	53	25	0.98	1	1	9	15	2	0	A
III	1549637	C	M	3	2	40%	1	1	41	25	0.98	1	1	0	3	2	0	A
III	1574913	A	R	77	5	6.1%	2	2	46	34	0.98	1	1	22	55	2	3	G
III	1575940	A	W	8	2	20%	2	1	37	55	0.98	1	1	3	5	0	2	T
III	1575951	G	K	5	2	20%	2	1	36	37	0.98	1	1	2	3	0	2	+T
III	1609736	C	M	14	2	12.5%	2	1	39	25	0.98	1	1	7	7	0	2	A
III	1612073	G	S	16	2	11.11%	2	1	48	37	0.98	1	1	4	12	2	0	C
III	1645539	G	K	31	2	6.06%	2	2	47	37	0.98	1	1	15	16	1	1	T
III	1647278	G	K	22	2	8.33%	2	1	40	37	0.98	1	1	7	15	2	0	T
III	1649192	A	M	9	2	18.18%	2	1	38	33	0.98	1	1	7	2	0	2	C
III	1650203	T	K	11	2	15.38%	2	1	40	25	0.98	1	1	3	8	2	0	G
III	1660934	T	W	21	2	8.7%	2	1	44	37	0.98	1	1	11	10	2	0	A
III	1690249	G	K	15	2	11.76%	2	2	44	37	0.98	1	1	3	12	1	1	T
III	1708051	T	Y	30	2	6.25%	2	1	40	31	0.98	1	1	16	14	0	2	C
III	1708202	C	Y	14	32	69.57%	2	2	47	43	0.98	1	1	6	8	11	21	T
III	1712123	T	K	10	3	23.08%	2	1	34	23	0.98	1	1	4	6	3	0	G
III	1713002	C	M	19	2	9.52%	2	1	41	27	0.98	1	1	10	9	2	0	A
III	1721948	C	S	17	2	10.53%	2	2	50	37	0.98	1	1	10	7	1	1	G
III	1730554	A	W	14	2	12.5%	2	2	47	37	0.98	1	1	4	10	1	1	T
III	1730558	T	W	14	2	12.5%	2	2	47	37	0.98	1	1	4	10	1	1	A
III	1765401	G	T	0	30	100%	0	2	0	47	0.98	0	1	0	0	20	10	T
III	1771298	G	K	10	2	16.67%	2	1	42	37	0.98	1	1	5	5	2	0	T
III	1778386	G	K	29	2	6.45%	2	1	49	31	0.98	1	1	12	17	2	0	T
III	1810092	G	K	29	2	6.45%	2	1	42	37	0.98	1	1	9	20	0	2	T
III	1835586	T	Y	20	2	9.09%	2	2	46	25	0.98	1	1	12	8	1	1	C
III	1860636	T	K	20	2	9.09%	2	1	41	37	0.98	1	1	9	11	2	0	G
III	1868310	T	K	12	2	14.29%	2	1	42	25	0.98	1	1	4	8	2	0	G
III	1880842	T	K	14	2	12.5%	2	1	41	37	0.98	1	1	4	10	0	2	G
III	1894020	C	Y	16	2	11.11%	2	1	39	37	0.98	1	1	11	5	2	0	T
III	1949999	A	R	23	2	8%	2	1	42	55	0.98	1	1	9	14	2	0	G
III	1953756	T	G	0	20	100%	0	2	0	44	0.98	0	1	0	0	12	8	G
III	1977498	T	K	18	2	10%	2	1	43	31	0.98	1	1	10	8	2	0	G
III	1979975	T	Y	30	2	6.25%	2	2	49	55	0.98	1	1	13	17	1	1	C
III	2004928	A	R	27	2	6.9%	2	2	39	37	0.98	1	1	15	12	1	1	G
III	2013805	T	K	13	2	13.33%	2	1	36	31	0.98	1	1	3	10	2	0	G
III	2013813	C	M	13	2	13.33%	2	1	40	33	0.98	1	1	4	9	2	0	A
III	2013858	C	M	20	2	9.09%	2	1	38	37	0.98	1	1	3	17	2	0	A
III	2030028	G	S	31	2	6.06%	2	2	41	37	0.98	1	1	13	18	1	1	C
III	2045118	T	K	10	2	15.38%	2	2	44	37	0.98	1	1	4	6	1	1	G
III	2045124	T	W	10	2	16.67%	2	2	44	37	0.98	1	1	4	6	1	1	A
III	2065326	T	Y	18	2	10%	2	2	38	37	0.98	1	1	9	9	1	1	C
III	2065367	G	R	20	2	9.09%	2	2	43	37	0.98	1	1	12	8	1	1	A
III	2091551	G	K	9	2	18.18%	2	1	49	37	0.98	1	1	5	4	2	0	T
III	2098224	G	S	9	2	18.18%	2	2	41	55	0.98	1	1	4	5	1	1	C
III	2131477	A	R	20	2	9.09%	2	1	41	37	0.98	1	1	9	11	2	0	G
III	2146860	T	Y	22	2	8.33%	2	1	48	37	0.98	1	1	8	14	0	2	C
III	2163083	T	W	12	2	14.29%	2	2	48	37	0.98	1	1	9	3	1	1	A
III	2172732	A	R	16	2	11.11%	2	2	43	49	0.98	1	1	8	8	1	1	G
III	2201482	G	K	9	3	25%	2	2	39	29	0.98	1	1	8	1	1	2	T
III	2202552	A	M	14	2	12.5%	2	1	41	25	0.98	1	1	11	3	0	2	C
III	2207431	G	K	20	2	9.09%	2	1	43	22	0.98	1	1	4	16	2	0	T
III	2218481	A	R	22	2	8.33%	2	2	40	55	0.98	1	1	7	15	1	1	G
III	2294032	C	M	18	2	10%	2	1	49	33	0.98	1	1	1	17	2	0	A
III	2338195	G	R	23	2	8%	2	2	41	55	0.98	1	1	8	15	1	1	A
III	2371235	A	M	21	2	8.33%	2	1	49	37	0.98	1	1	9	12	0	2	C
III	2409408	A	W	30	2	6.25%	2	2	45	55	0.98	1	1	18	12	1	1	T
III	2420242	A	W	15	2	11.76%	2	1	41	33	0.98	1	1	6	9	0	2	T
III	2430999	C	Y	12	2	14.29%	2	1	35	55	0.98	1	1	6	6	0	2	T
III	2431090	A	R	17	2	10.53%	2	1	45	37	0.98	1	1	8	9	2	0	G
III	2432697	T	Y	29	2	6.45%	2	1	40	37	0.98	1	1	20	9	0	2	C
III	2434930	A	R	14	2	12.5%	2	1	47	37	0.98	1	1	9	5	2	0	G
III	2434934	A	R	14	2	12.5%	2	1	46	37	0.98	1	1	8	6	2	0	G
III	2434939	T	K	16	2	11.11%	2	1	46	37	0.98	1	1	7	9	2	0	G
III	2434942	A	R	17	2	10.53%	2	1	42	37	0.98	1	1	8	9	2	0	G
III	2435078	C	Y	15	2	11.76%	2	1	41	37	0.98	1	1	7	8	0	2	T
III	2435080	G	S	15	2	11.76%	2	1	41	37	0.98	1	1	7	8	0	2	C
III	2435137	C	Y	14	2	12.5%	2	1	37	37	0.98	1	1	7	7	0	2	T
III	2447413	T	K	461	96	17.24%	2	1	38	30	0.98	1	1	43	418	96	0	G
