Chrom	Position	Ref	Cons	Reads1	Reads2	VarFreq	Strands1	Strands2	Qual1	Qual2	Pvalue	MapQual1	MapQual2	Reads1Plus	Reads1Minus	Reads2Plus	Reads2Minus	VarAllele
chr_II_telomeric_gap	4710	C	M	19	2	9.52%	2	1	41	33	0.98	1	1	12	7	0	2	A
chr_II_telomeric_gap	4720	G	K	15	5	25%	2	1	36	29	0.98	1	1	12	3	0	5	T
chr_II_telomeric_gap	4787	G	A	0	23	100%	0	2	0	55	0.98	0	1	0	0	6	17	A
chr_II_telomeric_gap	6726	G	K	11	2	15.38%	2	2	47	37	0.98	1	1	4	7	1	1	T
chr_II_telomeric_gap	14257	T	W	22	2	8.33%	2	2	52	37	0.98	1	1	7	15	1	1	A
I	224	G	R	54	3	5.26%	2	2	51	49	0.98	1	1	28	26	1	2	A
I	459	C	M	39	63	61.76%	2	2	50	49	0.98	1	1	22	17	25	38	A
I	783	T	Y	52	44	45.83%	2	2	43	36	0.98	1	1	31	21	19	25	C
I	798	G	R	72	34	32.08%	2	2	45	38	0.98	1	1	45	27	16	18	A
I	955	C	Y	67	58	46.4%	2	2	51	45	0.98	1	1	26	41	38	20	T
I	1055	T	Y	136	14	9.33%	2	2	51	37	0.98	1	1	61	75	10	4	C
I	1133	A	R	69	74	51.75%	2	2	48	48	0.98	1	1	33	36	28	46	G
I	1455	C	Y	40	28	41.18%	2	2	46	47	0.98	1	1	24	16	13	15	T
I	1514	C	S	47	35	42.68%	2	2	45	46	0.98	1	1	16	31	13	22	G
I	1750	G	R	54	15	21.74%	2	2	51	49	0.98	1	1	29	25	6	9	A
I	2224	C	Y	41	10	19.61%	2	2	44	54	0.98	1	1	31	10	4	6	T
I	2456	T	Y	80	5	5.88%	2	2	53	44	0.98	1	1	46	34	4	1	C
I	2582	T	Y	42	30	41.67%	2	2	45	49	0.98	1	1	26	16	22	8	C
I	3126	A	R	75	4	5.06%	2	2	48	64	0.98	1	1	47	28	1	3	G
I	3431	A	R	81	28	25.69%	2	2	52	58	0.98	1	1	39	42	14	14	G
I	4666	G	R	29	12	29.27%	2	2	41	44	0.98	1	1	15	14	6	6	A
I	4668	C	S	35	11	23.91%	2	2	47	41	0.98	1	1	21	14	5	6	G
I	5677	G	K	20	2	6.25%	1	1	37	27	0.98	1	1	20	0	0	2	-A
I	6583	G	R	18	6	25%	2	1	47	43	0.98	1	1	12	6	6	0	A
I	6727	G	R	19	8	29.63%	2	2	44	41	0.98	1	1	13	6	3	5	A
I	6912	A	M	39	3	7.14%	2	1	48	37	0.98	1	1	22	17	0	3	C
I	7192	C	M	22	8	19.51%	2	1	38	34	0.98	1	1	14	8	0	8	A
I	8666	G	R	19	27	58.7%	2	2	46	41	0.98	1	1	5	14	7	20	A
I	10913	G	R	8	9	52.94%	2	2	38	39	0.98	1	1	5	3	5	4	A
I	17297	A	M	48	3	5.88%	2	2	49	49	0.98	1	1	21	27	2	1	C
I	17459	A	R	25	4	13.79%	2	1	42	46	0.98	1	1	12	13	0	4	G
I	17512	T	Y	26	2	7.14%	2	1	41	37	0.98	1	1	11	15	0	2	C
I	17558	A	R	29	5	14.71%	2	2	40	51	0.98	1	1	18	11	2	3	G
I	17690	T	Y	36	2	5.26%	2	2	48	49	0.98	1	1	14	22	1	1	C
I	17706	G	R	39	3	7.14%	2	2	50	49	0.98	1	1	17	22	1	2	A
I	17723	A	R	39	5	11.36%	2	2	49	51	0.98	1	1	16	23	1	4	G
I	17733	A	R	45	3	6.25%	2	2	45	49	0.98	1	1	19	26	1	2	G
I	17845	A	R	50	3	5.66%	2	2	46	74	0.98	1	1	27	23	1	2	G
I	18049	G	S	49	3	5.77%	2	1	48	37	0.98	1	1	17	32	3	0	C
I	18053	T	Y	49	3	5.77%	2	2	48	49	0.98	1	1	17	32	2	1	C
I	18099	A	R	50	28	35.9%	2	2	45	42	0.98	1	1	33	17	23	5	G
I	18104	A	R	72	6	7.69%	2	2	47	55	0.98	1	1	55	17	4	2	G
I	18140	T	Y	94	6	6%	2	2	47	49	0.98	1	1	73	21	3	3	C
I	18218	G	R	103	10	8.85%	2	2	55	35	0.98	1	1	64	39	8	2	A
I	18318	G	R	82	29	26.13%	2	2	48	48	0.98	1	1	37	45	22	7	A
I	18475	C	Y	63	46	42.2%	2	2	51	55	0.98	1	1	19	44	14	32	T
I	18738	G	K	24	2	7.69%	2	1	39	25	0.98	1	1	5	19	2	0	T
I	19988	C	M	31	2	6.06%	2	1	49	37	0.98	1	1	15	16	0	2	A
I	24595	T	K	66	5	7.04%	2	2	48	66	0.98	1	1	23	43	2	3	G
I	24620	A	W	65	5	7.14%	2	2	50	59	0.98	1	1	23	42	2	3	T
I	26959	G	R	33	3	8.33%	2	1	53	37	0.98	1	1	17	16	3	0	A
I	28424	C	S	43	3	6.52%	2	1	50	74	0.98	1	1	22	21	0	3	G
I	28446	A	W	37	4	9.76%	2	2	54	64	0.98	1	1	22	15	1	3	T
I	29373	T	Y	32	3	8.33%	2	2	46	37	0.98	1	1	14	18	1	2	C
I	31731	C	M	18	2	10%	2	2	45	37	0.98	1	1	7	11	1	1	A
I	55244	T	W	12	3	12%	1	1	41	37	0.98	1	1	12	0	0	3	A
I	73186	A	R	16	2	11.11%	2	2	59	37	0.98	1	1	9	7	1	1	G
I	94835	A	R	24	3	11.11%	2	2	46	33	0.98	1	1	9	15	1	2	G
I	96467	T	W	28	2	6.67%	2	1	51	37	0.98	1	1	13	15	2	0	A
I	96476	T	W	29	2	6.45%	2	1	52	37	0.98	1	1	12	17	2	0	A
I	98629	A	M	52	5	8.77%	2	1	43	37	0.98	1	1	35	17	5	0	C
I	98632	C	Y	51	5	8.93%	2	1	44	37	0.98	1	1	35	16	5	0	T
I	98639	A	W	60	15	20%	2	2	46	41	0.98	1	1	41	19	14	1	T
I	98777	T	Y	134	17	11.26%	2	2	58	49	0.98	1	1	64	70	12	5	C
I	98786	G	R	134	12	8.22%	2	2	55	37	0.98	1	1	67	67	2	10	A
I	99057	T	Y	102	14	12.07%	2	2	49	37	0.98	1	1	68	34	10	4	C
I	99066	G	R	108	7	6.09%	2	2	57	47	0.98	1	1	61	47	3	4	A
I	99204	A	W	81	18	18.18%	2	1	44	37	0.98	1	1	29	52	0	18	T
I	99211	A	R	68	4	5.56%	2	1	41	37	0.98	1	1	28	40	0	4	G
I	109202	T	Y	16	2	11.11%	2	2	46	37	0.98	1	1	10	6	1	1	C
I	117089	T	K	34	2	5.56%	2	1	45	37	0.98	1	1	15	19	2	0	G
I	133995	A	W	15	3	16.67%	2	2	53	49	0.98	1	1	6	9	1	2	T
I	140979	A	W	20	2	9.09%	2	2	59	37	0.98	1	1	9	11	1	1	T
I	144443	T	Y	22	2	8.33%	2	2	57	37	0.98	1	1	14	8	1	1	C
I	146628	T	Y	31	2	6.06%	2	1	50	55	0.98	1	1	22	9	0	2	C
I	149051	T	K	21	2	8.7%	2	1	54	55	0.98	1	1	10	11	2	0	G
I	169798	G	K	8	2	20%	2	1	40	27	0.98	1	1	7	1	0	2	T
I	185862	A	R	22	2	8.33%	2	1	46	37	0.98	1	1	11	11	2	0	G
I	193918	C	M	22	2	8.33%	2	1	42	25	0.98	1	1	9	13	0	2	A
I	206153	T	W	16	3	15.79%	2	2	48	37	0.98	1	1	10	6	2	1	A
I	216134	C	M	12	2	14.29%	2	2	42	23	0.98	1	1	6	6	1	1	A
I	220354	G	R	17	2	10.53%	2	1	40	37	0.98	1	1	7	10	0	2	A
I	226492	C	M	30	2	6.25%	2	1	52	55	0.98	1	1	16	14	2	0	A
I	233889	C	S	38	2	5%	2	1	48	55	0.98	1	1	15	23	2	0	G
I	240138	A	W	9	2	18.18%	2	1	45	27	0.98	1	1	5	4	0	2	T
I	267220	C	M	22	2	8.33%	2	1	47	25	0.98	1	1	15	7	2	0	A
I	317601	T	K	33	2	5.71%	2	2	53	37	0.98	1	1	11	22	1	1	G
I	335159	T	W	19	6	24%	2	1	42	49	0.98	1	1	12	7	0	6	A
I	341197	A	R	15	2	11.76%	2	1	48	37	0.98	1	1	9	6	2	0	G
I	348275	C	M	13	2	13.33%	2	2	45	37	0.98	1	1	9	4	1	1	A
I	359613	A	M	19	2	9.52%	2	1	39	31	0.98	1	1	9	10	0	2	C
I	405486	T	K	18	2	10%	2	2	52	55	0.98	1	1	9	9	1	1	G
I	411400	C	M	25	3	10.71%	2	1	46	30	0.98	1	1	10	15	3	0	A
I	445492	T	W	32	2	5.88%	2	1	57	31	0.98	1	1	17	15	2	0	A
I	453400	C	M	11	2	15.38%	2	1	39	25	0.98	1	1	4	7	2	0	A
I	453423	C	M	13	2	13.33%	2	1	40	25	0.98	1	1	7	6	2	0	A
I	457127	A	R	27	2	6.9%	2	1	54	37	0.98	1	1	15	12	0	2	G
I	479937	A	W	37	2	5.13%	2	1	40	27	0.98	1	1	23	14	0	2	T
I	482737	A	R	1	2	5.88%	1	2	37	31	0.98	1	1	0	1	1	1	G
I	484590	T	K	28	2	6.67%	2	2	47	37	0.98	1	1	11	17	1	1	G
I	485532	T	K	48	3	5.88%	2	2	51	45	0.98	1	1	18	30	2	1	G
I	501077	G	K	15	2	11.76%	2	1	51	33	0.98	1	1	7	8	0	2	T
I	509401	T	W	8	2	20%	2	1	37	31	0.98	1	1	7	1	0	2	A
I	523603	G	A	0	28	100%	0	2	0	48	0.98	0	1	0	0	17	11	A
I	523883	G	A	0	35	100%	0	2	0	52	0.98	0	1	0	0	19	16	A
I	527156	C	A	0	16	100%	0	2	0	40	0.98	0	1	0	0	14	2	A
I	535998	G	R	37	2	5.13%	2	1	42	37	0.98	1	1	15	22	2	0	A
I	546305	T	Y	27	2	6.9%	2	2	44	37	0.98	1	1	20	7	1	1	C
I	552748	G	K	26	2	7.14%	2	2	47	37	0.98	1	1	14	12	1	1	T
I	562732	C	M	15	2	11.76%	2	1	44	33	0.98	1	1	9	6	0	2	A
I	566558	A	R	16	2	11.11%	2	1	44	61	0.98	1	1	5	11	2	0	G
I	595345	C	Y	37	2	5.13%	2	2	51	37	0.98	1	1	17	20	1	1	T
I	622410	T	K	20	2	9.09%	2	2	53	37	0.98	1	1	9	11	1	1	G
I	626092	A	R	11	2	15.38%	2	2	46	74	0.98	1	1	6	5	1	1	G
I	628818	T	Y	12	2	14.29%	2	2	54	37	0.98	1	1	7	5	1	1	C
I	638093	A	M	18	2	10%	2	1	55	25	0.98	1	1	11	7	0	2	C
I	654106	G	K	35	2	5.41%	2	2	52	55	0.98	1	1	23	12	1	1	T
I	683546	A	W	27	2	6.9%	2	1	45	37	0.98	1	1	9	18	0	2	T
I	697035	C	M	17	3	15%	2	2	42	29	0.98	1	1	7	10	2	1	A
I	698488	T	Y	21	2	8.7%	2	2	44	55	0.98	1	1	11	10	1	1	C
I	701507	G	K	22	2	8.33%	2	2	42	25	0.98	1	1	10	12	1	1	T
I	706015	G	R	23	2	8%	2	2	42	74	0.98	1	1	14	9	1	1	A
I	706119	G	R	38	2	5%	2	2	51	31	0.98	1	1	17	21	1	1	A
I	717370	A	W	26	3	10.34%	2	2	54	49	0.98	1	1	15	11	2	1	T
I	719619	A	R	27	2	6.9%	2	2	49	55	0.98	1	1	14	13	1	1	G
I	751987	A	R	21	2	8.7%	2	2	47	49	0.98	1	1	11	10	1	1	G
I	759334	G	T	0	14	100%	0	2	0	42	0.98	0	1	0	0	6	8	T
I	761745	T	K	22	2	8.33%	2	2	55	37	0.98	1	1	14	8	1	1	G
I	768340	T	Y	11	2	15.38%	2	1	61	49	0.98	1	1	2	9	2	0	C
I	775782	T	K	16	2	11.11%	2	2	46	37	0.98	1	1	9	7	1	1	G
I	785075	T	Y	16	2	11.11%	2	2	37	49	0.98	1	1	11	5	1	1	C
I	814537	A	W	17	2	10.53%	2	2	47	37	0.98	1	1	5	12	1	1	T
I	830717	A	W	14	2	12.5%	2	2	42	37	0.98	1	1	10	4	1	1	T
I	843782	A	R	30	2	6.25%	2	2	52	49	0.98	1	1	10	20	1	1	G
I	862964	G	T	0	15	100%	0	2	0	44	0.98	0	1	0	0	8	7	T
I	884198	A	W	25	2	7.41%	2	1	55	37	0.98	1	1	18	7	0	2	T
I	934908	T	W	4	2	25%	2	1	41	27	0.98	1	1	3	1	0	2	A
I	936699	G	K	14	2	12.5%	2	1	43	31	0.98	1	1	9	5	0	2	T
I	949545	T	K	12	3	20%	2	1	40	37	0.98	1	1	2	10	3	0	G
I	998128	G	K	15	2	11.76%	2	2	47	37	0.98	1	1	11	4	1	1	T
I	998131	T	Y	15	2	11.76%	2	2	49	37	0.98	1	1	11	4	1	1	C
I	1002293	T	Y	15	2	11.76%	2	1	46	31	0.98	1	1	6	9	0	2	C
I	1020595	T	Y	14	2	12.5%	2	1	50	74	0.98	1	1	9	5	0	2	C
I	1024238	T	Y	13	2	13.33%	2	2	51	37	0.98	1	1	10	3	1	1	C
I	1094378	G	K	14	2	12.5%	2	2	49	37	0.98	1	1	10	4	1	1	T
I	1161866	A	M	21	2	8.7%	2	2	51	37	0.98	1	1	7	14	1	1	C
I	1176469	G	R	11	8	42.11%	2	2	53	37	0.98	1	1	5	6	4	4	A
I	1183504	C	M	12	2	14.29%	2	1	52	37	0.98	1	1	8	4	2	0	A
I	1183556	T	K	14	2	12.5%	2	2	49	37	0.98	1	1	8	6	1	1	G
I	1185797	G	R	9	2	11.76%	2	1	37	33	0.98	1	1	8	1	0	2	A
I	1196721	T	W	19	3	13.64%	2	1	43	61	0.98	1	1	15	4	3	0	A
I	1199596	C	Y	14	2	12.5%	2	2	43	37	0.98	1	1	7	7	1	1	T
I	1216890	G	R	14	6	30%	2	2	52	37	0.98	1	1	5	9	3	3	A
I	1254653	C	M	25	2	7.41%	2	1	42	37	0.98	1	1	16	9	0	2	A
I	1254655	T	W	5	2	9.09%	2	1	42	37	0.98	1	1	3	2	0	2	A
I	1299445	G	K	11	3	21.43%	2	1	49	37	0.98	1	1	7	4	3	0	T
I	1303090	T	Y	17	2	10.53%	2	2	49	37	0.98	1	1	11	6	1	1	C
I	1315581	G	S	19	2	9.52%	2	2	43	37	0.98	1	1	2	17	1	1	C
I	1324978	A	R	34	2	5.56%	2	2	50	37	0.98	1	1	17	17	1	1	G
I	1365099	T	Y	20	2	9.09%	2	2	49	62	0.98	1	1	13	7	1	1	C
I	1372872	A	M	22	2	8.33%	2	1	46	49	0.98	1	1	16	6	2	0	C
I	1375683	A	M	23	2	8%	2	2	50	37	0.98	1	1	15	8	1	1	C
I	1380119	G	K	20	2	9.09%	2	1	35	25	0.98	1	1	18	2	0	2	T
I	1380126	A	M	17	2	10.53%	2	1	38	33	0.98	1	1	15	2	0	2	C
I	1384314	G	R	29	2	6.45%	2	2	50	37	0.98	1	1	12	17	1	1	A
I	1393827	T	K	6	2	25%	1	1	37	27	0.98	1	1	0	6	2	0	G
I	1439740	G	R	11	2	15.38%	2	2	39	37	0.98	1	1	8	3	1	1	A
I	1448046	A	M	23	2	8%	2	2	50	37	0.98	1	1	11	12	1	1	C
I	1491852	T	Y	9	2	18.18%	2	2	41	37	0.98	1	1	3	6	1	1	C
I	1500466	A	R	31	3	8.82%	2	1	50	37	0.98	1	1	15	16	3	0	G
I	1535053	T	K	18	2	10%	2	1	42	37	0.98	1	1	9	9	2	0	G
I	1537484	T	Y	24	2	7.69%	2	1	53	55	0.98	1	1	15	9	2	0	C
I	1541903	T	W	18	2	10%	2	2	45	37	0.98	1	1	5	13	1	1	A
I	1563313	C	Y	36	2	5.26%	2	2	46	37	0.98	1	1	23	13	1	1	T
I	1563968	A	R	81	7	7.95%	2	2	45	58	0.98	1	1	54	27	4	3	G
I	1564004	C	Y	93	6	6.06%	2	2	56	59	0.98	1	1	41	52	2	4	T
I	1564005	A	R	93	6	6.06%	2	2	57	61	0.98	1	1	42	51	2	4	G
I	1564042	T	K	109	6	5.22%	2	2	57	41	0.98	1	1	47	62	1	5	G
I	1612433	G	K	22	2	8.33%	2	2	48	37	0.98	1	1	10	12	1	1	T
I	1615105	A	M	16	2	11.11%	2	1	51	37	0.98	1	1	12	4	2	0	C
I	1623777	A	R	24	3	11.11%	2	2	58	37	0.98	1	1	15	9	2	1	G
I	1627546	T	Y	23	2	8%	2	2	43	31	0.98	1	1	11	12	1	1	C
I	1627570	T	W	17	4	19.05%	2	2	45	37	0.98	1	1	9	8	2	2	A
I	1653058	C	M	21	2	8.7%	2	1	45	31	0.98	1	1	4	17	2	0	A
I	1659687	A	G	0	17	100%	0	2	0	49	0.98	0	1	0	0	7	10	G
I	1662527	G	K	13	2	13.33%	2	1	47	25	0.98	1	1	9	4	0	2	T
I	1662558	C	M	13	2	13.33%	2	1	42	25	0.98	1	1	8	5	0	2	A
I	1667143	T	W	10	2	16.67%	2	1	49	31	0.98	1	1	7	3	2	0	A
I	1667629	A	W	33	3	8.33%	2	2	47	74	0.98	1	1	18	15	2	1	T
I	1679792	G	S	17	3	15%	2	1	41	26	0.98	1	1	7	10	0	3	C
I	1732163	T	K	13	2	13.33%	2	1	44	31	0.98	1	1	8	5	2	0	G
I	1732168	G	K	18	4	18.18%	2	1	43	26	0.98	1	1	11	7	4	0	T
I	1737345	C	S	29	2	6.45%	2	1	49	55	0.98	1	1	14	15	0	2	G
I	1754631	T	G	0	13	100%	0	2	0	39	0.98	0	1	0	0	4	9	G
I	1761937	A	W	16	2	11.11%	2	2	45	37	0.98	1	1	13	3	1	1	T
I	1762826	T	Y	18	2	10%	2	1	45	74	0.98	1	1	8	10	0	2	C
I	1783458	C	T	0	29	100%	0	2	0	44	0.98	0	1	0	0	15	14	T
I	1810657	T	K	28	2	6.67%	2	2	48	37	0.98	1	1	12	16	1	1	G
I	1812931	A	M	23	2	7.69%	2	1	43	31	0.98	1	1	8	15	0	2	C
I	1829350	A	W	9	3	25%	2	1	36	27	0.98	1	1	7	2	0	3	T
I	1834141	C	M	18	2	10%	2	1	39	28	0.98	1	1	16	2	0	2	A
I	1834160	G	K	12	5	29.41%	2	1	32	30	0.98	1	1	11	1	0	5	T
I	1834170	T	W	12	3	20%	2	1	33	34	0.98	1	1	6	6	0	3	A
I	1834439	C	M	19	2	9.52%	2	1	43	27	0.98	1	1	13	6	0	2	A
I	1834461	G	K	20	2	9.09%	2	1	41	31	0.98	1	1	16	4	0	2	T
I	1837136	A	M	21	4	16%	2	2	47	37	0.98	1	1	9	12	2	2	C
I	1839315	T	W	35	2	5.41%	2	2	45	37	0.98	1	1	22	13	1	1	A
I	1847811	G	K	23	2	8%	2	2	46	37	0.98	1	1	6	17	1	1	T
I	1849309	G	K	29	2	6.45%	2	1	42	28	0.98	1	1	12	17	2	0	T
I	1857196	C	Y	48	3	5.88%	2	2	44	37	0.98	1	1	26	22	1	2	T
I	1857199	A	R	44	3	6.25%	2	2	44	37	0.98	1	1	25	19	1	2	G
I	1884718	G	K	26	2	7.14%	2	2	41	37	0.98	1	1	12	14	1	1	T
I	1890144	G	R	17	3	15%	2	1	48	37	0.98	1	1	13	4	3	0	A
I	1893562	T	K	21	3	12.5%	2	1	40	30	0.98	1	1	3	18	3	0	G
I	1893575	C	M	23	3	11.54%	2	1	38	29	0.98	1	1	3	20	3	0	A
I	1898197	T	W	15	2	11.76%	2	2	45	37	0.98	1	1	9	6	1	1	A
I	1903189	C	M	13	2	13.33%	2	1	57	31	0.98	1	1	4	9	0	2	A
I	1920400	T	K	9	2	18.18%	2	2	57	37	0.98	1	1	4	5	1	1	G
I	1965369	C	M	17	2	10.53%	2	1	43	31	0.98	1	1	4	13	2	0	A
I	1984484	A	M	15	2	11.76%	2	1	46	31	0.98	1	1	7	8	0	2	C
I	1999192	G	C	0	17	100%	0	2	0	50	0.98	0	1	0	0	10	7	C
I	2025000	C	Y	4	2	18.18%	2	1	39	37	0.98	1	1	2	2	0	2	+T
I	2034615	T	K	19	2	9.52%	2	1	46	25	0.98	1	1	6	13	0	2	G
I	2048260	C	Y	12	2	14.29%	2	1	43	74	0.98	1	1	3	9	2	0	T
I	2053958	C	Y	11	3	21.43%	2	2	48	74	0.98	1	1	5	6	2	1	T
I	2063661	A	R	14	2	12.5%	2	1	43	37	0.98	1	1	12	2	2	0	G
I	2088154	A	R	32	2	5.88%	2	1	45	37	0.98	1	1	21	11	2	0	G
I	2104091	G	T	0	9	100%	0	2	0	42	0.98	0	1	0	0	4	5	T
I	2104097	C	A	0	9	100%	0	2	0	45	0.98	0	1	0	0	4	5	A
I	2104259	C	Y	6	2	25%	2	2	45	37	0.98	1	1	2	4	1	1	T
I	2108559	A	R	32	2	5.88%	2	1	45	37	0.98	1	1	17	15	0	2	G
I	2114945	G	S	21	2	8.7%	2	2	52	37	0.98	1	1	9	12	1	1	C
I	2130672	C	Y	15	2	11.76%	2	2	46	37	0.98	1	1	7	8	1	1	T
I	2132255	A	M	14	2	12.5%	2	1	49	25	0.98	1	1	6	8	0	2	C
I	2144308	T	Y	34	4	10.53%	2	2	54	37	0.98	1	1	18	16	2	2	C
I	2153680	C	S	37	2	5.13%	2	2	49	37	0.98	1	1	10	27	1	1	G
I	2169488	T	W	11	2	15.38%	2	1	50	49	0.98	1	1	5	6	2	0	A
I	2174496	C	M	20	2	9.09%	2	1	44	25	0.98	1	1	16	4	0	2	A
I	2174507	G	K	15	5	25%	2	1	37	28	0.98	1	1	10	5	0	5	T
I	2174528	G	K	12	2	14.29%	2	1	36	33	0.98	1	1	7	5	0	2	T
I	2174539	C	M	15	3	16.67%	2	1	39	29	0.98	1	1	7	8	0	3	A
I	2186764	T	W	36	4	10%	2	2	51	37	0.98	1	1	20	16	2	2	A
I	2221971	G	K	25	2	7.41%	2	1	50	37	0.98	1	1	11	14	0	2	T
I	2227936	T	W	3	3	33.33%	1	1	40	33	0.98	1	1	3	0	0	3	A
I	2235218	C	S	23	5	17.86%	2	2	53	44	0.98	1	1	11	12	3	2	G
I	2245490	G	S	19	2	9.52%	2	1	37	37	0.98	1	1	6	13	2	0	C
I	2306820	T	Y	12	2	14.29%	2	2	52	74	0.98	1	1	5	7	1	1	C
I	2323320	T	K	21	2	8.7%	2	1	41	33	0.98	1	1	6	15	2	0	G
I	2327008	C	M	16	2	11.11%	2	1	40	27	0.98	1	1	13	3	0	2	A
I	2331142	C	Y	28	2	6.67%	2	1	48	37	0.98	1	1	18	10	2	0	T
I	2363298	C	Y	10	2	16.67%	2	1	38	37	0.98	1	1	9	1	2	0	T
I	2394599	A	M	18	2	10%	2	1	45	55	0.98	1	1	15	3	0	2	C
I	2402809	T	Y	14	2	12.5%	2	1	45	37	0.98	1	1	8	6	2	0	C
I	2421577	C	A	0	2	100%	0	1	0	25	0.98	0	1	0	0	0	2	A
I	2422913	A	M	29	2	6.45%	2	1	53	31	0.98	1	1	16	13	0	2	C
I	2450529	A	R	18	2	10%	2	2	46	37	0.98	1	1	11	7	1	1	G
I	2480092	G	K	19	2	9.52%	2	1	41	24	0.98	1	1	13	6	0	2	T
I	2489090	T	W	12	2	14.29%	2	2	44	37	0.98	1	1	5	7	1	1	A
I	2503265	G	K	26	2	7.14%	2	1	49	33	0.98	1	1	13	13	2	0	T
I	2506044	T	A	0	27	100%	0	2	0	52	0.98	0	1	0	0	12	15	A
I	2507968	T	Y	12	2	14.29%	2	1	55	37	0.98	1	1	4	8	0	2	C
I	2511767	C	M	15	2	11.76%	2	1	47	25	0.98	1	1	12	3	0	2	A
I	2544949	T	K	20	3	13.04%	2	1	37	25	0.98	1	1	2	18	3	0	G
I	2558180	T	W	20	2	9.09%	2	1	43	74	0.98	1	1	6	14	0	2	A
I	2558181	A	W	21	2	8.7%	2	1	43	68	0.98	1	1	7	14	0	2	T
I	2559157	G	R	24	2	7.69%	2	2	57	37	0.98	1	1	10	14	1	1	A
I	2565635	A	W	35	2	5.41%	2	2	49	37	0.98	1	1	16	19	1	1	T
I	2565894	G	K	26	2	6.9%	2	1	48	31	0.98	1	1	17	9	0	2	T
I	2573245	C	Y	25	2	7.41%	2	2	50	37	0.98	1	1	9	16	1	1	T
I	2589480	C	Y	12	2	14.29%	2	2	45	37	0.98	1	1	5	7	1	1	T
I	2591852	T	Y	33	2	5.71%	2	2	50	31	0.98	1	1	14	19	1	1	C
I	2605764	T	A	0	17	100%	0	2	0	47	0.98	0	1	0	0	3	14	A
I	2607210	G	R	8	3	27.27%	2	2	50	49	0.98	1	1	2	6	1	2	A
I	2655892	T	K	39	3	7.14%	2	2	56	49	0.98	1	1	14	25	2	1	G
I	2660069	A	W	26	2	7.14%	2	1	48	25	0.98	1	1	13	13	0	2	T
I	2696424	C	M	16	2	11.11%	2	1	39	25	0.98	1	1	8	8	0	2	A
I	2706471	C	M	13	3	18.75%	2	1	41	31	0.98	1	1	11	2	0	3	A
I	2708457	T	Y	24	2	7.69%	2	2	48	37	0.98	1	1	12	12	1	1	C
I	2727058	C	Y	17	2	10.53%	2	2	46	37	0.98	1	1	11	6	1	1	T
I	2729301	A	W	28	3	9.68%	2	2	41	33	0.98	1	1	14	14	1	2	T
I	2747078	A	G	0	21	100%	0	2	0	41	0.98	0	1	0	0	4	17	G
I	2748199	T	Y	28	2	6.67%	2	1	48	37	0.98	1	1	18	10	0	2	C
I	2754602	A	M	32	2	5.88%	2	2	45	37	0.98	1	1	23	9	1	1	C
I	2768117	T	K	35	2	5.41%	2	2	51	49	0.98	1	1	17	18	1	1	G
I	2799249	A	W	15	2	11.76%	2	2	49	37	0.98	1	1	5	10	1	1	T
I	2809110	A	R	19	2	9.52%	2	2	47	37	0.98	1	1	7	12	1	1	G
I	2824837	C	M	23	2	8%	2	1	39	33	0.98	1	1	3	20	2	0	A
I	2834023	T	Y	22	2	8.33%	2	2	45	37	0.98	1	1	12	10	1	1	C
I	2834552	C	T	0	17	100%	0	2	0	47	0.98	0	1	0	0	9	8	T
I	2855151	A	R	18	2	10%	2	2	58	37	0.98	1	1	8	10	1	1	G
I	2865113	T	W	12	2	14.29%	2	2	53	37	0.98	1	1	6	6	1	1	A
I	2897636	A	R	38	2	5%	2	1	44	33	0.98	1	1	16	22	2	0	G
I	2898288	A	R	38	2	5%	2	1	49	37	0.98	1	1	15	23	2	0	G
I	2901674	G	R	19	2	9.52%	2	2	42	37	0.98	1	1	8	11	1	1	A
I	2925896	A	W	33	2	5.71%	2	1	49	31	0.98	1	1	14	19	2	0	T
I	2929072	T	K	25	2	7.41%	2	1	47	31	0.98	1	1	17	8	0	2	G
I	2929134	T	W	17	2	10.53%	2	2	47	25	0.98	1	1	9	8	1	1	A
I	2942961	C	T	2	8	80%	2	2	55	37	0.98	1	1	1	1	3	5	T
I	2942976	C	Y	4	5	55.56%	2	2	43	37	0.98	1	1	2	2	3	2	T
I	2942994	C	Y	2	4	66.67%	1	2	37	37	0.98	1	1	2	0	1	3	T
I	2943051	T	Y	24	2	7.69%	2	1	43	37	0.98	1	1	16	8	0	2	C
I	2943168	C	M	23	48	67.61%	2	2	54	39	0.98	1	1	6	17	20	28	A
I	2943393	C	Y	78	20	20.41%	2	2	51	45	0.98	1	1	38	40	11	9	T
I	2943600	C	M	77	9	10.47%	2	2	43	43	0.98	1	1	34	43	8	1	A
I	2943825	C	Y	62	4	6.06%	2	2	49	33	0.98	1	1	35	27	2	2	T
I	3012417	C	M	18	2	10%	2	2	50	37	0.98	1	1	8	10	1	1	A
I	3031806	G	S	16	2	11.11%	2	1	57	37	0.98	1	1	9	7	2	0	C
I	3038667	T	K	15	2	11.76%	2	1	50	55	0.98	1	1	5	10	2	0	G
I	3046902	T	Y	32	2	5.88%	2	2	47	37	0.98	1	1	15	17	1	1	C
I	3050912	T	W	15	2	11.76%	2	1	41	31	0.98	1	1	9	6	2	0	A
I	3082035	T	Y	20	2	9.09%	2	1	44	37	0.98	1	1	11	9	0	2	C
I	3098640	T	K	42	3	6.67%	2	1	50	36	0.98	1	1	26	16	3	0	G
I	3111508	A	G	0	21	100%	0	2	0	42	0.98	0	1	0	0	17	4	G
I	3115841	C	A	0	44	100%	0	2	0	53	0.98	0	1	0	0	29	15	A
I	3119299	G	A	0	6	100%	0	2	0	49	0.98	0	1	0	0	3	3	A
I	3131925	A	W	28	2	6.67%	2	2	45	37	0.98	1	1	17	11	1	1	T
I	3159536	A	W	30	2	6.25%	2	2	48	37	0.98	1	1	20	10	1	1	T
I	3162047	T	K	7	2	22.22%	2	1	38	33	0.98	1	1	1	6	2	0	G
I	3179238	G	C	0	23	100%	0	2	0	45	0.98	0	1	0	0	16	7	C
I	3186884	C	S	26	2	7.14%	2	2	53	37	0.98	1	1	17	9	1	1	G
I	3197528	A	R	0	5	13.51%	0	2	0	30	0.98	0	1	0	0	1	4	G
I	3229526	A	R	9	2	18.18%	2	2	49	37	0.98	1	1	5	4	1	1	G
I	3231238	A	R	34	2	5.56%	2	1	51	37	0.98	1	1	21	13	2	0	G
I	3241516	C	M	18	2	10%	2	1	41	33	0.98	1	1	12	6	0	2	A
I	3250147	C	Y	18	2	10%	2	2	47	37	0.98	1	1	5	13	1	1	T
I	3292264	G	R	12	2	14.29%	2	1	49	74	0.98	1	1	6	6	0	2	A
I	3335328	A	W	37	2	5.13%	2	1	41	27	0.98	1	1	25	12	0	2	T
I	3349022	T	Y	22	4	15.38%	2	2	52	37	0.98	1	1	14	8	2	2	C
I	3359792	A	R	21	2	8.7%	2	1	49	37	0.98	1	1	10	11	2	0	G
I	3390580	A	W	38	2	5%	2	2	47	37	0.98	1	1	24	14	1	1	T
I	3418972	C	Y	12	2	14.29%	2	2	52	37	0.98	1	1	4	8	1	1	T
I	3419002	A	W	10	2	16.67%	2	2	48	37	0.98	1	1	5	5	1	1	T
I	3434709	A	M	21	2	8.7%	2	1	41	31	0.98	1	1	15	6	0	2	C
I	3468046	A	M	23	2	8%	2	1	40	55	0.98	1	1	14	9	0	2	C
I	3469341	G	R	20	3	13.04%	2	2	51	74	0.98	1	1	10	10	1	2	A
I	3477691	G	K	26	2	7.14%	2	1	43	31	0.98	1	1	16	10	2	0	T
I	3492595	A	R	18	3	14.29%	2	2	41	49	0.98	1	1	4	14	1	2	G
I	3496409	C	M	12	2	14.29%	2	1	48	31	0.98	1	1	5	7	2	0	A
I	3523055	C	M	11	2	15.38%	2	1	46	37	0.98	1	1	5	6	2	0	A
I	3538450	A	T	0	12	100%	0	2	0	51	0.98	0	1	0	0	4	8	T
I	3548913	T	A	0	7	100%	0	2	0	42	0.98	0	1	0	0	2	5	A
I	3557757	T	K	10	2	16.67%	2	1	39	25	0.98	1	1	4	6	2	0	G
I	3558183	C	S	20	2	9.09%	2	1	51	37	0.98	1	1	12	8	2	0	G
I	3564249	T	W	17	4	19.05%	2	2	47	37	0.98	1	1	10	7	2	2	A
I	3566242	A	W	19	2	9.52%	2	1	42	37	0.98	1	1	9	10	2	0	T
I	3576756	T	Y	0	8	72.73%	0	2	0	45	0.98	0	1	0	0	5	3	C
I	3577787	T	W	11	3	8.57%	2	2	47	49	0.98	1	1	4	7	2	1	A
I	3580066	C	M	11	2	15.38%	2	1	38	37	0.98	1	1	3	8	2	0	A
I	3583106	G	A	0	38	100%	0	2	0	49	0.98	0	1	0	0	18	20	A
I	3609571	T	K	34	2	5.41%	2	1	52	37	0.98	1	1	18	16	2	0	G
I	3618085	G	R	23	3	11.54%	2	2	41	37	0.98	1	1	8	15	1	2	A
I	3625197	G	K	10	2	16.67%	2	1	44	33	0.98	1	1	3	7	2	0	T
I	3628089	T	Y	26	2	7.14%	2	1	48	55	0.98	1	1	12	14	2	0	C
I	3634697	G	K	13	3	18.75%	2	1	38	29	0.98	1	1	2	11	3	0	T
I	3638929	G	R	24	2	7.69%	2	2	47	37	0.98	1	1	15	9	1	1	A
I	3645815	C	M	7	2	22.22%	2	1	42	31	0.98	1	1	4	3	0	2	A
I	3645862	G	K	5	2	28.57%	2	1	44	31	0.98	1	1	4	1	0	2	T
I	3646322	C	T	0	26	100%	0	2	0	39	0.98	0	1	0	0	15	11	T
I	3657429	C	M	19	2	9.52%	2	1	46	37	0.98	1	1	12	7	0	2	A
I	3657505	G	K	17	2	10.53%	2	1	40	31	0.98	1	1	12	5	0	2	T
I	3673346	T	W	20	2	9.09%	2	1	44	74	0.98	1	1	6	14	2	0	A
I	3688417	C	M	22	2	8.33%	2	2	48	23	0.98	1	1	14	8	1	1	A
I	3700385	T	W	7	2	8.7%	2	1	40	29	0.98	1	1	4	3	0	2	A
I	3703568	T	K	26	2	7.14%	2	2	54	55	0.98	1	1	14	12	1	1	G
I	3754709	A	M	20	2	9.09%	2	1	43	25	0.98	1	1	7	13	0	2	C
I	3761002	A	G	0	6	100%	0	1	0	35	0.98	0	1	0	0	6	0	G
I	3776933	G	R	2	2	14.29%	1	1	48	37	0.98	1	1	2	0	0	2	A
I	3777865	G	S	19	2	9.52%	2	2	41	31	0.98	1	1	4	15	1	1	C
I	3778776	C	Y	31	2	6.06%	2	1	47	37	0.98	1	1	18	13	0	2	T
I	3778777	C	Y	27	2	6.9%	2	1	47	37	0.98	1	1	16	11	0	2	T
I	3788418	T	W	32	2	5.88%	2	1	42	25	0.98	1	1	12	20	2	0	A
I	3788433	T	W	29	2	6.45%	2	1	42	27	0.98	1	1	9	20	2	0	A
I	3791060	T	Y	29	2	6.45%	2	1	52	37	0.98	1	1	16	13	0	2	C
I	3795782	A	W	13	2	13.33%	2	1	45	55	0.98	1	1	6	7	0	2	T
I	3846759	C	M	9	2	18.18%	2	1	43	28	0.98	1	1	1	8	2	0	A
I	3846794	C	M	15	2	11.76%	2	1	40	31	0.98	1	1	3	12	2	0	A
I	3846796	T	W	13	2	13.33%	2	1	44	25	0.98	1	1	2	11	2	0	A
I	3846798	C	M	13	2	13.33%	2	1	41	25	0.98	1	1	2	11	2	0	A
I	3856607	T	Y	30	2	6.25%	2	2	48	31	0.98	1	1	14	16	1	1	C
I	3867373	T	Y	28	2	6.67%	2	1	48	74	0.98	1	1	19	9	2	0	C
I	3887966	A	W	31	3	8.82%	2	2	47	37	0.98	1	1	18	13	2	1	T
I	3910557	G	K	15	2	11.76%	2	1	40	31	0.98	1	1	11	4	0	2	T
I	3948732	T	Y	32	2	5.88%	2	2	45	43	0.98	1	1	20	12	1	1	C
I	3955328	A	R	34	2	5.56%	2	2	48	37	0.98	1	1	16	18	1	1	G
I	3960538	G	S	25	2	7.41%	2	2	46	37	0.98	1	1	13	12	1	1	C
I	3975644	C	M	25	2	7.41%	2	2	46	37	0.98	1	1	8	17	1	1	A
I	3984278	C	Y	90	11	10.89%	2	2	46	40	0.98	1	1	42	48	9	2	T
I	3984817	G	R	57	6	9.52%	2	2	51	37	0.98	1	1	21	36	3	3	A
I	3987455	A	R	33	2	5.71%	2	2	48	55	0.98	1	1	16	17	1	1	G
I	3987791	T	K	27	3	10%	2	1	40	30	0.98	1	1	11	16	3	0	G
I	3988337	T	Y	44	3	6.38%	2	1	43	37	0.98	1	1	20	24	3	0	C
I	3989318	A	R	73	4	5.19%	2	2	45	55	0.98	1	1	36	37	1	3	G
I	3992203	A	R	18	2	10%	2	1	44	37	0.98	1	1	5	13	0	2	G
I	3992214	C	A	0	13	100%	0	2	0	42	0.98	0	1	0	0	1	12	A
I	3995841	T	Y	71	4	5.33%	2	2	44	34	0.98	1	1	42	29	3	1	C
I	3995842	T	K	72	4	5.26%	2	2	44	37	0.98	1	1	42	30	3	1	G
I	3995851	T	Y	75	5	6.25%	2	2	42	37	0.98	1	1	44	31	4	1	C
I	3995857	G	S	74	7	8.64%	2	2	42	37	0.98	1	1	45	29	6	1	C
I	3996055	G	S	89	5	5.32%	2	2	47	59	0.98	1	1	46	43	3	2	C
I	4006358	G	S	30	2	6.25%	2	2	40	37	0.98	1	1	18	12	1	1	C
I	4006450	G	S	25	2	7.41%	2	1	44	68	0.98	1	1	18	7	2	0	C
I	4026884	T	Y	47	3	6%	2	1	50	37	0.98	1	1	20	27	0	3	C
I	4032932	G	K	31	2	6.06%	2	2	46	37	0.98	1	1	12	19	1	1	T
I	4063685	A	R	81	5	5.75%	2	2	49	32	0.98	1	1	35	46	3	2	G
I	4063724	G	R	81	5	5.81%	2	2	48	37	0.98	1	1	35	46	1	4	A
I	4064894	G	R	20	4	16.67%	2	2	53	37	0.98	1	1	7	13	2	2	A
I	4081440	T	Y	26	4	13.33%	2	1	45	37	0.98	1	1	12	14	0	4	C
I	4104264	T	K	29	2	6.45%	2	2	47	37	0.98	1	1	17	12	1	1	G
I	4122123	C	M	13	2	13.33%	2	1	44	37	0.98	1	1	12	1	0	2	A
I	4135196	T	Y	27	3	10%	2	1	45	37	0.98	1	1	8	19	0	3	C
I	4137046	C	M	21	2	8.7%	2	1	39	25	0.98	1	1	13	8	2	0	A
I	4137050	G	K	18	2	10%	2	1	41	37	0.98	1	1	10	8	2	0	T
I	4159659	G	K	7	2	22.22%	2	1	37	25	0.98	1	1	6	1	0	2	T
I	4159693	A	M	12	2	14.29%	2	1	38	33	0.98	1	1	7	5	0	2	C
I	4202533	T	K	19	2	9.52%	2	1	44	37	0.98	1	1	5	14	2	0	G
I	4203383	T	Y	28	2	6.67%	2	2	47	55	0.98	1	1	12	16	1	1	C
I	4207272	C	M	11	2	15.38%	2	1	49	37	0.98	1	1	6	5	0	2	A
I	4215102	A	W	10	2	16.67%	2	1	38	25	0.98	1	1	3	7	0	2	T
I	4230630	C	Y	11	2	15.38%	2	1	42	37	0.98	1	1	9	2	0	2	T
I	4234696	T	K	22	2	8.33%	2	1	41	31	0.98	1	1	8	14	2	0	G
I	4234717	C	M	21	2	8.7%	2	1	45	25	0.98	1	1	8	13	2	0	A
I	4237063	T	Y	45	5	10%	2	2	43	44	0.98	1	1	19	26	1	4	C
I	4237064	G	R	46	5	9.8%	2	2	45	44	0.98	1	1	20	26	1	4	A
I	4252722	A	R	25	3	10.71%	2	2	51	37	0.98	1	1	14	11	2	1	G
I	4252725	C	Y	24	3	11.11%	2	2	50	37	0.98	1	1	13	11	2	1	T
I	4268916	T	K	18	2	10%	2	1	40	25	0.98	1	1	2	16	2	0	G
I	4316443	C	Y	28	2	6.45%	2	2	46	37	0.98	1	1	11	17	1	1	T
I	4316464	T	Y	29	3	9.38%	2	2	42	37	0.98	1	1	13	16	2	1	C
I	4316542	G	R	29	2	6.45%	2	1	47	37	0.98	1	1	14	15	0	2	A
I	4316683	A	R	15	5	25%	2	2	45	37	0.98	1	1	6	9	2	3	G
I	4316686	G	R	18	2	10%	2	2	47	37	0.98	1	1	7	11	1	1	A
I	4316809	T	Y	31	2	6.06%	2	2	44	37	0.98	1	1	18	13	1	1	C
I	4316926	G	R	20	2	9.09%	2	1	45	37	0.98	1	1	13	7	2	0	A
I	4344434	T	W	33	2	5.71%	2	2	48	31	0.98	1	1	19	14	1	1	A
I	4352130	A	W	28	2	6.67%	2	1	44	74	0.98	1	1	11	17	2	0	T
I	4364051	A	W	24	2	7.69%	2	1	45	37	0.98	1	1	12	12	0	2	T
I	4370795	T	K	29	2	6.45%	2	2	49	49	0.98	1	1	11	18	1	1	G
I	4374821	C	M	35	2	5.41%	2	2	45	37	0.98	1	1	21	14	1	1	A
I	4375421	A	T	0	14	100%	0	2	0	44	0.98	0	1	0	0	5	9	T
I	4378721	T	Y	22	3	12%	2	1	46	37	0.98	1	1	11	11	0	3	C
I	4395135	C	M	27	2	6.9%	2	1	54	27	0.98	1	1	18	9	0	2	A
I	4395197	A	M	13	2	13.33%	2	1	38	25	0.98	1	1	6	7	0	2	C
I	4435133	C	M	9	3	25%	2	1	50	26	0.98	1	1	7	2	0	3	A
I	4442623	T	W	30	2	6.25%	2	2	55	55	0.98	1	1	11	19	1	1	A
I	4442714	G	A	0	35	100%	0	2	0	50	0.98	0	1	0	0	12	23	A
I	4445702	G	K	14	2	12.5%	2	1	46	31	0.98	1	1	9	5	0	2	T
I	4472163	T	W	28	2	6.67%	2	1	41	31	0.98	1	1	6	22	2	0	A
I	4472185	C	M	27	2	6.9%	2	1	41	25	0.98	1	1	10	17	2	0	A
I	4476301	G	S	28	2	6.67%	2	2	44	25	0.98	1	1	18	10	1	1	C
I	4486279	G	K	7	2	22.22%	2	1	37	25	0.98	1	1	6	1	0	2	T
I	4486335	T	W	9	2	18.18%	2	1	38	27	0.98	1	1	6	3	0	2	A
I	4489201	A	W	28	2	6.67%	2	2	42	55	0.98	1	1	19	9	1	1	T
I	4494412	T	Y	14	2	12.5%	2	1	41	37	0.98	1	1	7	7	2	0	C
I	4494436	T	Y	12	3	20%	2	1	43	34	0.98	1	1	6	6	3	0	C
I	4494487	C	Y	9	2	18.18%	2	1	41	37	0.98	1	1	5	4	0	2	T
I	4497664	G	K	31	2	6.06%	2	2	50	27	0.98	1	1	12	19	1	1	T
I	4504017	G	R	20	2	9.09%	2	2	49	37	0.98	1	1	12	8	1	1	A
I	4505686	T	W	22	2	8.33%	2	1	41	27	0.98	1	1	9	13	2	0	A
I	4505700	C	M	21	2	8.7%	2	1	44	27	0.98	1	1	8	13	2	0	A
I	4505997	T	K	27	2	6.9%	2	1	52	37	0.98	1	1	17	10	2	0	G
I	4531712	A	W	18	2	10%	2	1	48	37	0.98	1	1	9	9	0	2	T
I	4531781	A	W	16	2	11.11%	2	1	43	37	0.98	1	1	11	5	2	0	T
I	4535367	T	Y	15	2	11.76%	2	2	52	37	0.98	1	1	10	5	1	1	C
I	4549043	C	G	0	18	100%	0	2	0	38	0.98	0	1	0	0	11	7	G
I	4581394	A	M	25	2	7.41%	2	1	46	74	0.98	1	1	9	16	0	2	C
I	4582665	T	W	14	2	12.5%	2	1	39	33	0.98	1	1	2	12	2	0	A
I	4601150	G	R	21	2	8.7%	2	2	45	74	0.98	1	1	11	10	1	1	A
I	4604677	G	K	7	2	22.22%	2	1	38	31	0.98	1	1	2	5	2	0	T
I	4632288	A	M	36	2	5.26%	2	2	51	74	0.98	1	1	21	15	1	1	C
I	4632321	T	K	31	2	6.06%	2	1	51	55	0.98	1	1	16	15	2	0	G
I	4642401	T	K	30	2	6.25%	2	2	48	37	0.98	1	1	19	11	1	1	G
I	4642407	T	K	29	2	6.45%	2	2	45	37	0.98	1	1	19	10	1	1	G
I	4649729	G	K	28	2	6.67%	2	2	46	37	0.98	1	1	14	14	1	1	T
I	4657095	C	M	12	2	14.29%	2	1	40	25	0.98	1	1	10	2	0	2	A
I	4660390	T	K	18	2	10%	2	1	47	55	0.98	1	1	6	12	2	0	G
I	4712013	T	K	11	2	15.38%	2	1	43	37	0.98	1	1	4	7	2	0	G
I	4716429	T	Y	22	4	15.38%	2	2	47	52	0.98	1	1	12	10	2	2	C
I	4718757	C	M	50	3	5.66%	2	1	54	37	0.98	1	1	26	24	0	3	A
I	4723875	T	W	31	2	6.06%	2	1	47	37	0.98	1	1	12	19	2	0	A
I	4744009	T	K	26	2	7.14%	2	2	47	31	0.98	1	1	13	13	1	1	G
I	4776875	A	M	16	2	11.11%	2	1	46	37	0.98	1	1	8	8	0	2	C
I	4804561	T	K	26	2	7.14%	2	1	47	49	0.98	1	1	6	20	0	2	G
I	4840062	C	M	11	2	15.38%	2	1	42	33	0.98	1	1	8	3	0	2	A
I	4875396	C	Y	14	2	12.5%	2	2	46	37	0.98	1	1	4	10	1	1	T
I	4919603	A	G	0	23	100%	0	2	0	39	0.98	0	1	0	0	4	19	G
I	4926623	G	K	30	2	6.25%	2	2	44	37	0.98	1	1	9	21	1	1	T
I	4929101	C	S	22	2	8.33%	2	2	47	37	0.98	1	1	15	7	1	1	G
I	4943142	A	W	23	2	8%	2	2	57	37	0.98	1	1	11	12	1	1	T
I	4965253	G	R	16	2	11.11%	2	1	46	37	0.98	1	1	8	8	2	0	A
I	4965999	A	W	35	2	5.41%	2	1	47	37	0.98	1	1	23	12	2	0	T
I	4966001	T	K	37	2	5.13%	2	1	45	31	0.98	1	1	24	13	2	0	G
I	4975851	T	K	12	2	14.29%	2	1	40	31	0.98	1	1	3	9	2	0	G
I	4978214	A	W	10	4	28.57%	2	1	44	37	0.98	1	1	5	5	0	4	T
I	4997451	C	M	25	2	7.41%	2	1	40	31	0.98	1	1	9	16	0	2	A
I	5004600	C	M	35	2	5.41%	2	2	49	31	0.98	1	1	19	16	1	1	A
I	5012602	A	R	11	2	15.38%	2	2	48	68	0.98	1	1	3	8	1	1	G
I	5015261	G	R	32	2	5.88%	2	2	48	37	0.98	1	1	15	17	1	1	A
I	5036862	A	M	23	2	8%	2	1	39	31	0.98	1	1	19	4	0	2	C
I	5043919	C	S	17	2	10.53%	2	2	45	37	0.98	1	1	10	7	1	1	G
I	5058166	T	W	23	2	8%	2	2	51	25	0.98	1	1	12	11	1	1	A
I	5058511	A	R	26	2	7.14%	2	2	50	36	0.98	1	1	12	14	1	1	G
I	5061609	A	M	20	2	9.09%	2	2	43	55	0.98	1	1	11	9	1	1	C
I	5068245	T	K	17	2	10.53%	2	1	41	31	0.98	1	1	6	11	2	0	G
I	5068741	T	Y	21	4	16%	2	2	50	37	0.98	1	1	6	15	2	2	C
I	5071366	A	R	18	2	10%	2	1	43	37	0.98	1	1	8	10	2	0	G
I	5081297	G	K	20	2	9.09%	2	1	46	37	0.98	1	1	13	7	2	0	T
I	5081300	A	M	20	2	9.09%	2	1	47	37	0.98	1	1	13	7	2	0	C
I	5085879	T	K	25	2	7.41%	2	1	46	33	0.98	1	1	14	11	2	0	G
I	5090338	T	Y	22	2	8.33%	2	2	47	55	0.98	1	1	9	13	1	1	C
I	5118240	A	R	28	2	6.67%	2	1	46	55	0.98	1	1	16	12	2	0	G
I	5123675	C	Y	6	6	50%	2	2	47	37	0.98	1	1	2	4	3	3	T
I	5123710	C	M	15	2	11.76%	2	2	39	37	0.98	1	1	6	9	1	1	A
I	5147322	G	K	20	2	9.09%	2	1	51	31	0.98	1	1	11	9	2	0	T
I	5173428	C	Y	26	2	7.14%	2	1	46	37	0.98	1	1	16	10	0	2	T
I	5173430	G	K	5	2	6.67%	2	1	49	37	0.98	1	1	1	4	0	2	+T
I	5183544	T	K	26	2	7.14%	2	2	50	74	0.98	1	1	19	7	1	1	G
I	5204340	G	K	23	2	8%	2	2	50	25	0.98	1	1	10	13	1	1	T
I	5215383	A	W	18	4	18.18%	2	2	43	31	0.98	1	1	12	6	2	2	T
I	5245864	T	Y	16	2	11.11%	2	2	50	37	0.98	1	1	7	9	1	1	C
I	5261003	C	S	33	2	5.71%	2	2	49	31	0.98	1	1	23	10	1	1	G
I	5261587	G	K	25	2	7.41%	2	2	48	37	0.98	1	1	15	10	1	1	T
I	5265871	A	R	25	2	7.41%	2	2	50	55	0.98	1	1	7	18	1	1	G
I	5270724	T	W	19	2	9.52%	2	1	48	37	0.98	1	1	7	12	0	2	A
I	5283875	C	M	27	2	6.9%	2	2	47	37	0.98	1	1	11	16	1	1	A
I	5292204	G	R	24	2	7.69%	2	2	47	37	0.98	1	1	8	16	1	1	A
I	5299521	C	Y	25	2	7.41%	2	2	43	37	0.98	1	1	10	15	1	1	T
I	5324186	A	M	15	2	11.76%	2	1	41	37	0.98	1	1	7	8	0	2	C
I	5331776	A	R	15	2	11.76%	2	2	51	37	0.98	1	1	9	6	1	1	G
I	5356261	T	W	17	2	10.53%	2	1	45	25	0.98	1	1	11	6	2	0	A
I	5360845	T	Y	9	4	30.77%	2	2	43	37	0.98	1	1	2	7	2	2	C
I	5392583	T	Y	30	2	6.25%	2	1	45	74	0.98	1	1	12	18	0	2	C
I	5400080	C	T	0	15	100%	0	2	0	46	0.98	0	1	0	0	9	6	T
I	5401950	T	K	24	2	7.69%	2	1	42	48	0.98	1	1	7	17	2	0	G
I	5431573	A	R	33	2	5.71%	2	1	44	37	0.98	1	1	20	13	2	0	G
I	5431651	T	K	21	2	8.7%	2	1	49	25	0.98	1	1	7	14	2	0	G
I	5440480	A	R	32	2	5.88%	2	1	49	37	0.98	1	1	11	21	2	0	G
I	5457037	T	W	35	2	5.41%	2	1	50	25	0.98	1	1	14	21	2	0	A
I	5461344	A	M	20	2	9.09%	2	2	50	55	0.98	1	1	9	11	1	1	C
I	5472348	G	S	31	3	8.82%	2	2	52	38	0.98	1	1	19	12	1	2	C
I	5494470	A	M	21	2	8.7%	2	2	44	55	0.98	1	1	17	4	1	1	C
I	5508888	T	Y	25	2	7.41%	2	2	50	55	0.98	1	1	15	10	1	1	C
I	5512256	T	Y	16	2	11.11%	2	2	46	49	0.98	1	1	10	6	1	1	C
I	5517179	A	M	15	2	11.76%	2	1	46	37	0.98	1	1	8	7	0	2	C
I	5534392	A	R	13	2	13.33%	2	2	47	37	0.98	1	1	3	10	1	1	G
I	5562193	A	R	25	9	26.47%	2	1	55	41	0.98	1	1	13	12	9	0	G
I	5562989	C	Y	9	3	25%	2	1	53	33	0.98	1	1	5	4	0	3	T
I	5563036	A	M	8	2	20%	2	1	44	31	0.98	1	1	4	4	0	2	C
I	5568014	G	R	27	2	6.9%	2	1	39	55	0.98	1	1	14	13	2	0	A
I	5569168	A	R	41	8	16.33%	2	2	45	41	0.98	1	1	12	29	2	6	G
I	5569182	A	W	37	5	11.9%	2	2	47	44	0.98	1	1	13	24	1	4	T
I	5572905	T	Y	71	4	5.33%	2	1	46	46	0.98	1	1	45	26	4	0	C
I	5573076	T	Y	82	8	8.89%	2	2	48	41	0.98	1	1	36	46	4	4	C
I	5573112	A	M	61	5	7.58%	2	2	50	51	0.98	1	1	36	25	4	1	C
I	5573123	T	Y	61	6	8.96%	2	2	49	49	0.98	1	1	37	24	4	2	C
I	5573156	G	R	74	4	5.13%	2	2	46	55	0.98	1	1	37	37	3	1	A
I	5573198	T	Y	84	5	5.62%	2	2	50	59	0.98	1	1	30	54	3	2	C
I	5573356	A	R	68	4	5.56%	2	2	48	55	0.98	1	1	37	31	1	3	G
I	5573452	A	R	57	3	5%	2	2	48	61	0.98	1	1	23	34	2	1	G
I	5573676	T	Y	32	3	8.57%	2	2	48	49	0.98	1	1	20	12	1	2	C
I	5573686	C	Y	31	2	6.06%	2	1	46	37	0.98	1	1	21	10	0	2	T
I	5573770	A	R	23	5	17.86%	2	2	47	66	0.98	1	1	13	10	2	3	G
I	5574049	C	Y	25	3	10.71%	2	2	49	40	0.98	1	1	8	17	1	2	T
I	5574050	A	R	25	3	10.71%	2	2	50	49	0.98	1	1	8	17	1	2	G
I	5574088	A	M	35	3	7.89%	2	2	49	49	0.98	1	1	18	17	1	2	C
I	5576809	C	Y	12	7	36.84%	2	2	46	37	0.98	1	1	6	6	2	5	T
II	1310	T	K	54	3	5.26%	2	2	47	57	0.98	1	1	17	37	1	2	G
II	1335	A	W	60	4	6.25%	2	2	48	64	0.98	1	1	22	38	2	2	T
II	1357	C	S	59	5	7.81%	2	2	46	64	0.98	1	1	24	35	2	3	G
II	3899	T	Y	31	3	8.82%	2	1	46	37	0.98	1	1	17	14	0	3	C
II	5135	C	S	51	5	8.93%	2	2	48	59	0.98	1	1	14	37	3	2	G
II	5157	A	W	48	3	5.88%	2	2	49	61	0.98	1	1	16	32	1	2	T
II	7207	T	Y	16	3	15.79%	2	2	45	37	0.98	1	1	9	7	1	2	C
II	21984	T	Y	31	2	6.06%	2	1	50	55	0.98	1	1	16	15	2	0	C
II	23557	G	K	5	2	20%	2	1	41	25	0.98	1	1	3	2	0	2	T
II	24569	G	R	13	2	13.33%	2	1	45	37	0.98	1	1	3	10	0	2	A
II	28279	C	M	19	2	9.52%	2	1	41	23	0.98	1	1	15	4	0	2	A
II	41042	A	R	31	2	6.06%	2	2	48	37	0.98	1	1	12	19	1	1	G
II	53249	A	M	9	3	23.08%	2	1	40	25	0.98	1	1	7	2	0	3	C
II	54708	T	K	32	3	8.57%	2	2	46	37	0.98	1	1	19	13	1	2	G
II	105544	T	Y	37	4	9.76%	2	2	51	64	0.98	1	1	22	15	3	1	C
II	105709	C	Y	47	4	7.84%	2	1	48	37	0.98	1	1	24	23	4	0	T
II	105808	T	Y	55	4	6.78%	2	1	53	64	0.98	1	1	27	28	4	0	C
II	105829	C	Y	56	3	5.08%	2	1	52	61	0.98	1	1	31	25	3	0	T
II	105862	T	Y	58	9	13.43%	2	2	49	52	0.98	1	1	32	26	8	1	C
II	105874	T	Y	60	12	16.67%	2	2	51	49	0.98	1	1	32	28	10	2	C
II	105886	T	Y	62	15	19.48%	2	2	49	44	0.98	1	1	38	24	8	7	C
II	105889	C	Y	61	15	19.74%	2	2	49	42	0.98	1	1	38	23	8	7	T
II	105916	C	Y	62	19	23.46%	2	2	48	51	0.98	1	1	42	20	9	10	T
II	105931	A	W	57	4	6.56%	2	1	51	37	0.98	1	1	37	20	4	0	T
II	105934	T	K	61	4	6.15%	2	1	49	37	0.98	1	1	40	21	4	0	G
II	105936	T	W	61	4	6.15%	2	1	49	37	0.98	1	1	40	21	4	0	A
II	106111	T	Y	49	4	7.55%	2	1	45	46	0.98	1	1	16	33	4	0	C
II	106113	G	R	48	4	7.69%	2	1	47	46	0.98	1	1	14	34	4	0	A
II	106117	G	R	48	4	7.69%	2	1	47	46	0.98	1	1	16	32	4	0	A
II	106150	T	Y	60	7	10.45%	2	2	49	47	0.98	1	1	23	37	5	2	C
II	106156	A	W	58	7	10.77%	2	2	47	47	0.98	1	1	24	34	5	2	T
II	106174	T	Y	68	6	8.11%	2	2	42	61	0.98	1	1	32	36	3	3	C
II	106207	C	Y	56	8	12.5%	2	2	45	58	0.98	1	1	25	31	3	5	T
II	106267	T	Y	56	6	9.68%	2	2	52	41	0.98	1	1	26	30	5	1	C
II	106270	A	W	57	6	9.52%	2	2	51	41	0.98	1	1	25	32	5	1	T
II	106354	T	Y	46	4	8%	2	2	46	52	0.98	1	1	24	22	1	3	C
II	106357	C	Y	48	4	7.69%	2	2	47	52	0.98	1	1	26	22	1	3	T
II	106359	T	Y	47	4	7.84%	2	2	47	55	0.98	1	1	25	22	1	3	C
II	106366	C	M	44	4	8.33%	2	2	46	55	0.98	1	1	25	19	1	3	A
II	106372	T	Y	43	4	8.51%	2	2	48	52	0.98	1	1	26	17	1	3	C
II	106375	A	W	45	5	10%	2	2	46	46	0.98	1	1	27	18	2	3	T
II	106378	C	Y	46	5	9.8%	2	2	47	49	0.98	1	1	28	18	2	3	T
II	106391	G	R	41	3	6.82%	2	2	46	37	0.98	1	1	25	16	2	1	A
II	106393	C	Y	40	3	6.98%	2	2	47	37	0.98	1	1	24	16	2	1	T
II	106396	A	W	41	3	6.82%	2	2	47	37	0.98	1	1	23	18	2	1	T
II	106399	C	Y	40	3	6.98%	2	2	49	33	0.98	1	1	21	19	2	1	T
II	106404	G	R	40	3	6.98%	2	2	47	37	0.98	1	1	21	19	2	1	A
II	106414	C	Y	40	6	13.04%	2	2	48	43	0.98	1	1	23	17	5	1	T
II	106762	A	R	15	2	11.76%	2	2	38	55	0.98	1	1	4	11	1	1	G
II	111414	C	Y	25	4	13.79%	2	2	42	46	0.98	1	1	14	11	3	1	T
II	111538	G	R	35	4	10.26%	2	1	47	46	0.98	1	1	21	14	4	0	A
II	111762	A	R	46	6	11.54%	2	2	43	49	0.98	1	1	26	20	2	4	G
II	111772	T	Y	39	3	7.14%	2	2	42	49	0.98	1	1	23	16	2	1	C
II	111822	G	R	43	3	6.52%	2	2	47	57	0.98	1	1	20	23	1	2	A
II	112020	A	W	48	3	5.88%	2	1	52	61	0.98	1	1	29	19	3	0	T
II	112026	G	R	51	4	7.27%	2	1	50	55	0.98	1	1	32	19	4	0	A
II	112185	A	R	49	4	7.55%	2	2	50	46	0.98	1	1	18	31	2	2	G
II	112188	C	Y	50	4	7.41%	2	2	51	46	0.98	1	1	18	32	2	2	T
II	112202	C	Y	53	4	7.02%	2	2	49	64	0.98	1	1	20	33	1	3	T
II	112203	G	R	54	4	6.9%	2	2	49	64	0.98	1	1	21	33	1	3	A
II	112240	T	W	57	3	5%	2	1	48	49	0.98	1	1	29	28	0	3	A
II	112245	A	W	55	3	5.17%	2	1	49	49	0.98	1	1	30	25	0	3	T
II	112260	A	R	55	14	20.29%	2	2	50	50	0.98	1	1	37	18	3	11	G
II	112287	A	R	55	7	11.29%	2	2	50	58	0.98	1	1	37	18	1	6	G
II	112290	G	R	54	7	11.48%	2	2	49	58	0.98	1	1	36	18	1	6	A
II	112302	G	R	58	5	7.94%	2	2	47	51	0.98	1	1	41	17	3	2	A
II	112314	G	R	51	8	13.56%	2	2	50	52	0.98	1	1	38	13	6	2	A
II	112347	A	R	52	5	8.77%	2	2	50	56	0.98	1	1	33	19	2	3	G
II	112368	G	R	50	7	12.28%	2	2	53	63	0.98	1	1	30	20	1	6	A
II	112559	A	R	33	2	5.71%	2	2	41	68	0.98	1	1	11	22	1	1	G
II	112563	A	R	34	2	5.56%	2	2	41	68	0.98	1	1	11	23	1	1	G
II	112710	A	R	26	2	7.14%	2	2	46	37	0.98	1	1	10	16	1	1	G
II	112713	G	R	25	2	7.41%	2	2	46	37	0.98	1	1	10	15	1	1	A
II	112716	C	Y	28	2	6.67%	2	2	45	37	0.98	1	1	11	17	1	1	T
II	112722	A	R	27	2	6.9%	2	2	44	37	0.98	1	1	12	15	1	1	G
II	112728	A	R	29	2	6.45%	2	2	44	37	0.98	1	1	13	16	1	1	G
II	144046	T	Y	32	3	8.57%	2	2	43	74	0.98	1	1	22	10	2	1	C
II	150262	T	W	34	2	5.56%	2	2	52	37	0.98	1	1	18	16	1	1	A
II	160695	A	R	19	2	9.52%	2	1	46	37	0.98	1	1	7	12	2	0	G
II	168160	C	A	0	46	100%	0	2	0	50	0.98	0	1	0	0	17	29	A
II	175437	C	S	28	2	6.67%	2	2	45	37	0.98	1	1	11	17	1	1	G
II	202318	A	M	22	2	8.33%	2	2	54	37	0.98	1	1	11	11	1	1	C
II	208887	T	K	34	2	5.56%	2	2	49	49	0.98	1	1	18	16	1	1	G
II	209270	C	M	13	2	13.33%	2	2	41	21	0.98	1	1	7	6	1	1	A
II	210837	A	R	9	2	18.18%	2	2	45	37	0.98	1	1	4	5	1	1	G
II	234534	G	K	22	2	8.33%	2	1	41	27	0.98	1	1	6	16	2	0	T
II	238294	T	Y	27	2	6.9%	2	2	53	37	0.98	1	1	10	17	1	1	C
II	257487	C	Y	38	6	13.64%	2	2	48	49	0.98	1	1	21	17	5	1	T
II	257946	A	R	42	7	14.29%	2	2	48	63	0.98	1	1	18	24	3	4	G
II	258378	C	S	25	2	7.41%	2	1	50	37	0.98	1	1	16	9	2	0	G
II	266718	A	C	0	33	100%	0	2	0	41	0.98	0	1	0	0	8	25	C
II	266780	T	A	0	28	100%	0	2	0	47	0.98	0	1	0	0	19	9	A
II	276539	A	T	0	31	100%	0	2	0	50	0.98	0	1	0	0	8	23	T
II	294582	C	M	19	2	9.52%	2	1	51	31	0.98	1	1	6	13	0	2	A
II	329083	A	M	27	2	6.9%	2	2	50	37	0.98	1	1	18	9	1	1	C
II	329088	A	R	28	2	6.67%	2	2	48	37	0.98	1	1	19	9	1	1	G
II	332075	C	M	7	3	30%	2	2	42	37	0.98	1	1	4	3	1	2	A
II	358740	T	Y	21	2	8.7%	2	1	42	37	0.98	1	1	13	8	0	2	C
II	359324	T	W	36	2	5.26%	2	1	40	37	0.98	1	1	24	12	0	2	A
II	369507	C	S	30	2	6.25%	2	1	44	37	0.98	1	1	9	21	2	0	G
II	382927	T	Y	33	2	5.71%	2	1	51	55	0.98	1	1	23	10	0	2	C
II	394285	G	R	15	3	16.67%	2	2	48	37	0.98	1	1	10	5	2	1	A
II	394396	A	R	22	2	8.33%	2	2	48	37	0.98	1	1	10	12	1	1	G
II	422938	A	W	35	2	5.41%	2	1	46	31	0.98	1	1	12	23	0	2	T
II	450263	A	M	9	3	25%	1	1	40	30	0.98	1	1	9	0	0	3	C
II	471805	T	K	24	2	7.69%	2	2	46	37	0.98	1	1	12	12	1	1	G
II	496669	G	R	16	2	11.11%	2	2	41	37	0.98	1	1	8	8	1	1	A
II	515552	A	R	21	4	16%	2	2	50	37	0.98	1	1	12	9	2	2	G
II	519022	T	W	18	2	10%	2	2	49	37	0.98	1	1	7	11	1	1	A
II	519248	T	K	23	2	8%	2	1	51	37	0.98	1	1	13	10	2	0	G
II	526938	T	K	43	4	8.51%	2	2	53	33	0.98	1	1	17	26	2	2	G
II	526951	C	Y	44	30	40.54%	2	2	54	48	0.98	1	1	15	29	15	15	T
II	527132	G	R	17	2	10%	2	2	40	42	0.98	1	1	5	12	1	1	A
II	527133	T	W	19	2	9.52%	2	2	42	49	0.98	1	1	7	12	1	1	A
II	529042	T	Y	30	2	6.25%	2	2	52	37	0.98	1	1	15	15	1	1	C
II	529833	G	K	23	2	8%	2	1	41	31	0.98	1	1	21	2	0	2	T
II	529844	G	K	16	2	11.11%	2	1	39	31	0.98	1	1	9	7	2	0	T
II	540583	G	K	12	2	14.29%	2	1	40	33	0.98	1	1	3	9	2	0	T
II	540591	C	M	12	2	14.29%	2	1	35	27	0.98	1	1	2	10	2	0	A
II	556066	A	M	21	2	8.7%	2	1	41	31	0.98	1	1	7	14	0	2	C
II	572654	G	K	21	2	8.7%	2	1	46	27	0.98	1	1	12	9	0	2	T
II	581465	T	Y	17	2	10.53%	2	1	41	48	0.98	1	1	10	7	0	2	C
II	581947	A	M	19	2	9.52%	2	1	42	37	0.98	1	1	10	9	0	2	C
II	590759	T	W	25	2	7.41%	2	2	53	37	0.98	1	1	17	8	1	1	A
II	592972	C	M	27	2	6.9%	2	1	50	74	0.98	1	1	12	15	2	0	A
II	602858	T	Y	9	2	18.18%	2	2	49	37	0.98	1	1	5	4	1	1	C
II	610738	G	K	19	2	9.52%	2	1	44	33	0.98	1	1	2	17	2	0	T
II	613742	T	K	16	2	11.11%	2	1	41	31	0.98	1	1	3	13	2	0	G
II	640309	A	R	33	2	5.71%	2	1	44	55	0.98	1	1	23	10	0	2	G
II	661769	T	K	20	2	9.09%	2	1	41	74	0.98	1	1	8	12	0	2	G
II	670673	T	Y	82	6	6.82%	2	2	45	33	0.98	1	1	41	41	4	2	C
II	685563	A	R	13	2	13.33%	2	2	48	37	0.98	1	1	5	8	1	1	G
II	685728	G	A	0	22	100%	0	2	0	46	0.98	0	1	0	0	16	6	A
II	687617	C	S	27	2	6.9%	2	2	48	37	0.98	1	1	13	14	1	1	G
II	688916	A	R	47	4	7.84%	2	2	47	32	0.98	1	1	33	14	2	2	G
II	689137	C	S	89	5	5.32%	2	2	47	44	0.98	1	1	44	45	3	2	G
II	689140	T	Y	85	5	5.56%	2	1	49	37	0.98	1	1	39	46	5	0	C
II	689200	A	W	78	5	6.02%	2	2	44	34	0.98	1	1	34	44	3	2	T
II	689207	G	S	77	6	7.23%	2	2	44	35	0.98	1	1	33	44	3	3	C
II	689218	T	Y	77	6	7.23%	2	2	45	37	0.98	1	1	30	47	4	2	C
II	689294	C	S	72	4	5.26%	2	2	44	37	0.98	1	1	33	39	3	1	G
II	689330	T	Y	59	9	13.24%	2	2	47	34	0.98	1	1	25	34	7	2	C
II	689356	T	Y	63	5	7.35%	2	2	46	34	0.98	1	1	28	35	3	2	C
II	689459	G	K	51	4	7.27%	2	2	38	37	0.98	1	1	27	24	3	1	T
II	689485	A	T	0	62	100%	0	2	0	37	0.98	0	1	0	0	37	25	T
II	689487	A	C	0	62	100%	0	2	0	38	0.98	0	1	0	0	37	25	C
II	689711	T	Y	71	4	5.19%	2	2	43	33	0.98	1	1	33	38	2	2	C
II	689752	T	Y	83	6	6.74%	2	2	43	37	0.98	1	1	40	43	2	4	C
II	689794	T	C	0	81	100%	0	2	0	46	0.98	0	1	0	0	38	43	C
II	689896	C	Y	81	5	5.81%	2	2	45	44	0.98	1	1	37	44	3	2	T
II	689996	A	R	81	13	13.83%	2	2	45	36	0.98	1	1	40	41	8	5	G
II	690001	T	K	91	5	5.15%	2	2	46	44	0.98	1	1	45	46	2	3	G
II	690040	T	Y	89	17	16.04%	2	2	44	42	0.98	1	1	43	46	9	8	C
II	690071	G	K	101	7	6.42%	2	2	47	35	0.98	1	1	52	49	4	3	T
II	690184	C	Y	104	7	6.31%	2	2	48	36	0.98	1	1	56	48	4	3	T
II	690190	T	Y	106	10	8.62%	2	2	47	49	0.98	1	1	54	52	6	4	C
II	690298	T	Y	86	5	5.49%	2	2	47	37	0.98	1	1	46	40	3	2	C
II	690321	C	Y	80	5	5.88%	2	1	47	37	0.98	1	1	48	32	0	5	T
II	690508	C	Y	85	5	5.56%	2	2	44	40	0.98	1	1	35	50	1	4	T
II	690537	G	S	82	6	6.38%	2	2	47	37	0.98	1	1	37	45	3	3	C
II	690537	G	K	82	6	6.38%	2	1	47	37	0.98	1	1	37	45	0	6	C
II	690685	T	K	88	5	5.38%	2	2	48	44	0.98	1	1	50	38	4	1	G
II	690933	C	Y	75	4	5.06%	2	2	45	34	0.98	1	1	33	42	2	2	T
II	690976	T	Y	79	5	5.95%	2	2	47	37	0.98	1	1	33	46	3	2	C
II	691054	T	Y	70	5	6.67%	2	2	41	37	0.98	1	1	41	29	2	3	C
II	691115	T	K	61	8	11.43%	2	2	42	34	0.98	1	1	31	30	5	3	G
II	691234	T	Y	81	5	5.81%	2	2	46	35	0.98	1	1	37	44	3	2	C
II	691436	A	R	77	5	6.1%	2	2	47	51	0.98	1	1	39	38	1	4	G
II	691480	T	Y	74	5	6.33%	2	2	47	51	0.98	1	1	40	34	2	3	C
II	691560	T	Y	72	7	8.86%	2	2	47	41	0.98	1	1	40	32	5	2	C
II	691634	T	Y	70	11	13.58%	2	2	46	40	0.98	1	1	28	42	7	4	C
II	692020	T	Y	77	5	6.02%	2	2	49	42	0.98	1	1	20	57	3	2	C
II	692049	T	Y	70	5	6.67%	2	2	49	33	0.98	1	1	19	51	1	4	C
II	692051	G	K	66	5	6.94%	2	2	50	31	0.98	1	1	14	52	2	3	T
II	692193	T	Y	35	6	14.63%	2	2	57	35	0.98	1	1	17	18	1	5	C
II	692195	G	K	36	6	14.29%	2	1	56	41	0.98	1	1	17	19	0	6	T
II	692278	T	Y	29	3	9.38%	2	1	52	37	0.98	1	1	9	20	3	0	C
II	692303	C	S	16	4	19.05%	2	1	42	43	0.98	1	1	8	8	0	4	G
II	692311	A	W	20	2	9.09%	2	2	44	37	0.98	1	1	8	12	1	1	T
II	692334	G	S	15	2	11.76%	2	1	45	37	0.98	1	1	8	7	0	2	C
II	692377	T	K	8	2	20%	2	1	40	37	0.98	1	1	4	4	0	2	G
II	692452	T	Y	4	2	33.33%	2	2	64	37	0.98	1	1	3	1	1	1	C
II	692483	T	Y	13	2	13.33%	2	1	51	37	0.98	1	1	9	4	0	2	C
II	692570	C	Y	18	2	10%	2	2	54	31	0.98	1	1	10	8	1	1	T
II	692710	T	Y	5	4	44.44%	2	1	39	37	0.98	1	1	1	4	4	0	C
II	692776	C	Y	34	4	10.53%	2	2	46	35	0.98	1	1	22	12	3	1	T
II	692884	T	Y	69	6	8%	2	1	60	41	0.98	1	1	34	35	6	0	C
II	693028	T	Y	79	5	5.88%	2	2	49	35	0.98	1	1	43	36	4	1	C
II	693106	T	Y	79	6	7.06%	2	2	43	40	0.98	1	1	36	43	3	3	C
II	693172	C	Y	88	8	8.33%	2	2	44	35	0.98	1	1	41	47	2	6	T
II	693316	C	Y	59	8	11.94%	2	2	49	38	0.98	1	1	25	34	2	6	T
II	693345	C	Y	54	3	5.26%	2	2	48	33	0.98	1	1	19	35	1	2	T
II	693347	T	K	55	3	5.17%	2	2	52	49	0.98	1	1	15	40	2	1	G
II	693388	T	Y	49	3	5.77%	2	2	46	49	0.98	1	1	13	36	1	2	C
II	693499	C	T	0	17	100%	0	2	0	35	0.98	0	1	0	0	11	6	T
II	693820	T	Y	97	7	6.54%	2	2	46	37	0.98	1	1	52	45	6	1	C
II	694029	C	Y	147	8	5.16%	2	2	45	46	0.98	1	1	76	71	4	4	T
II	694171	C	Y	107	8	6.9%	2	2	45	35	0.98	1	1	42	65	4	4	T
II	694252	C	Y	96	8	7.69%	2	2	43	43	0.98	1	1	51	45	2	6	T
II	694471	T	W	114	7	5.79%	2	2	46	46	0.98	1	1	56	58	3	4	A
II	694641	C	Y	76	10	11.63%	2	2	46	35	0.98	1	1	33	43	2	8	T
II	694684	T	Y	79	6	7.06%	2	2	41	40	0.98	1	1	32	47	3	3	C
II	694720	C	Y	77	5	6.1%	2	1	43	37	0.98	1	1	32	45	0	5	T
II	694756	T	Y	71	5	6.58%	2	2	43	34	0.98	1	1	35	36	4	1	C
II	694838	T	Y	81	6	6.9%	2	2	47	38	0.98	1	1	41	40	3	3	C
II	694982	T	Y	90	8	8.16%	2	2	45	47	0.98	1	1	40	50	4	4	C
II	695219	G	S	69	4	5.48%	2	1	47	44	0.98	1	1	31	38	4	0	C
II	695260	C	Y	77	6	7.23%	2	2	50	37	0.98	1	1	36	41	2	4	T
II	695322	G	S	75	4	5.06%	2	2	50	35	0.98	1	1	34	41	2	2	C
II	695332	C	Y	72	5	6.49%	2	2	51	39	0.98	1	1	27	45	3	2	T
II	695473	C	T	7	32	80%	2	2	56	49	0.98	1	1	6	1	10	22	T
II	695476	T	C	8	32	80%	2	2	60	46	0.98	1	1	6	2	8	24	C
II	695478	G	C	9	32	78.05%	2	2	57	46	0.98	1	1	7	2	8	24	C
II	695479	T	A	9	32	78.05%	2	2	54	47	0.98	1	1	7	2	8	24	A
II	695608	T	W	6	3	33.33%	2	1	45	37	0.98	1	1	3	3	0	3	A
II	695610	G	S	6	3	33.33%	2	1	47	37	0.98	1	1	3	3	0	3	C
II	695615	C	S	4	3	42.86%	2	1	37	37	0.98	1	1	3	1	0	3	G
II	695620	C	Y	4	4	50%	2	1	36	37	0.98	1	1	3	1	0	4	T
II	695626	C	Y	5	3	37.5%	2	1	42	37	0.98	1	1	3	2	0	3	T
II	695968	T	W	10	2	16.67%	2	2	35	31	0.98	1	1	7	3	1	1	A
II	695970	G	S	10	2	16.67%	2	1	40	37	0.98	1	1	7	3	2	0	C
II	696062	C	Y	15	2	11.76%	2	2	55	37	0.98	1	1	7	8	1	1	T
II	696088	C	Y	16	4	20%	2	2	48	44	0.98	1	1	7	9	2	2	T
II	696184	A	W	19	2	9.52%	2	1	55	31	0.98	1	1	6	13	2	0	T
II	696186	C	S	19	2	9.52%	2	1	55	37	0.98	1	1	6	13	2	0	G
II	696191	C	S	19	2	9.09%	2	1	57	37	0.98	1	1	5	14	2	0	G
II	696238	C	Y	10	3	23.08%	2	2	50	43	0.98	1	1	4	6	2	1	T
II	696278	C	Y	7	2	22.22%	2	2	58	37	0.98	1	1	1	6	1	1	T
II	696376	T	Y	3	2	40%	2	2	49	31	0.98	1	1	2	1	1	1	C
II	696448	C	Y	25	2	7.41%	2	1	48	33	0.98	1	1	11	14	0	2	T
II	696450	G	S	22	2	8.33%	2	2	57	31	0.98	1	1	9	13	1	1	C
II	696451	T	W	21	2	8.7%	2	2	58	37	0.98	1	1	8	13	1	1	A
II	696520	C	Y	25	6	19.35%	2	1	60	35	0.98	1	1	9	16	0	6	T
II	696733	G	K	8	2	20%	2	2	64	31	0.98	1	1	4	4	1	1	T
II	696738	G	S	9	2	18.18%	2	2	65	37	0.98	1	1	5	4	1	1	C
II	696739	T	W	8	2	20%	2	2	67	37	0.98	1	1	5	3	1	1	A
II	696808	C	Y	9	3	25%	2	2	57	74	0.98	1	1	2	7	2	1	T
II	697525	G	K	4	2	33.33%	2	1	58	37	0.98	1	1	1	3	2	0	T
II	697530	G	S	6	2	25%	2	1	59	37	0.98	1	1	3	3	2	0	C
II	697531	T	W	6	2	25%	2	1	59	37	0.98	1	1	3	3	2	0	A
II	697600	C	Y	3	2	40%	2	1	49	37	0.98	1	1	2	1	2	0	T
II	697912	T	W	5	11	68.75%	2	1	49	37	0.98	1	1	2	3	11	0	A
II	697914	G	S	4	10	71.43%	2	1	49	35	0.98	1	1	1	3	10	0	C
II	697919	C	S	5	10	66.67%	2	2	49	34	0.98	1	1	2	3	9	1	G
II	697924	C	Y	15	3	16.67%	2	2	41	49	0.98	1	1	13	2	1	2	T
II	697926	G	S	7	11	61.11%	2	1	47	40	0.98	1	1	3	4	11	0	C
II	697927	T	W	8	13	61.9%	2	1	43	38	0.98	1	1	3	5	13	0	A
II	697948	A	W	25	2	7.41%	2	1	38	37	0.98	1	1	20	5	2	0	T
II	697966	T	Y	27	2	6.9%	2	1	44	33	0.98	1	1	19	8	2	0	C
II	697989	C	Y	29	3	9.38%	2	2	46	34	0.98	1	1	21	8	2	1	T
II	697991	T	K	32	2	5.88%	2	1	47	37	0.98	1	1	22	10	2	0	G
II	698157	G	S	34	2	5.56%	2	2	48	55	0.98	1	1	16	18	1	1	C
II	699951	T	G	0	13	100%	0	2	0	56	0.98	0	1	0	0	5	8	G
II	699952	G	T	0	13	100%	0	2	0	56	0.98	0	1	0	0	5	8	T
II	699961	A	T	0	14	100%	0	2	0	54	0.98	0	1	0	0	5	9	T
II	700019	T	A	0	9	100%	0	2	0	53	0.98	0	1	0	0	4	5	A
II	700020	C	T	0	9	100%	0	2	0	52	0.98	0	1	0	0	4	5	T
II	700021	A	C	0	9	100%	0	2	0	52	0.98	0	1	0	0	4	5	C
II	700024	T	A	0	11	100%	0	2	0	49	0.98	0	1	0	0	6	5	A
II	700028	A	T	0	10	100%	0	2	0	50	0.98	0	1	0	0	5	5	T
II	700113	A	T	0	14	100%	0	2	0	58	0.98	0	1	0	0	9	5	T
II	710313	G	S	9	4	30.77%	2	2	34	37	0.98	1	1	2	7	2	2	C
II	727427	C	M	24	2	7.69%	2	2	55	31	0.98	1	1	8	16	1	1	A
II	730173	G	K	13	2	12.5%	2	1	43	25	0.98	1	1	3	10	0	2	T
II	730776	A	R	26	2	7.14%	2	1	48	37	0.98	1	1	8	18	2	0	G
II	749473	C	M	13	2	13.33%	2	2	44	37	0.98	1	1	8	5	1	1	A
II	762346	A	W	33	2	5.71%	2	1	49	55	0.98	1	1	19	14	2	0	T
II	762547	T	Y	24	2	7.69%	2	2	45	48	0.98	1	1	9	15	1	1	C
II	777603	A	M	16	2	11.11%	2	2	53	37	0.98	1	1	5	11	1	1	C
II	815876	T	K	35	2	5.41%	2	1	45	31	0.98	1	1	14	21	2	0	G
II	820054	T	Y	34	2	5.56%	2	2	55	55	0.98	1	1	18	16	1	1	C
II	846475	A	W	26	2	7.14%	2	1	46	74	0.98	1	1	17	9	0	2	T
II	853584	A	R	14	2	12.5%	2	2	46	37	0.98	1	1	11	3	1	1	G
II	857370	A	M	23	2	8%	2	2	45	37	0.98	1	1	11	12	1	1	C
II	869806	G	C	0	26	100%	0	2	0	42	0.98	0	1	0	0	15	11	C
II	879033	T	A	0	12	100%	0	2	0	48	0.98	0	1	0	0	9	3	A
II	883276	T	Y	16	2	11.11%	2	1	48	74	0.98	1	1	6	10	2	0	C
II	887462	G	K	33	2	5.71%	2	1	52	37	0.98	1	1	15	18	2	0	T
II	898903	G	K	9	2	18.18%	2	1	54	37	0.98	1	1	6	3	0	2	T
II	916694	G	S	20	3	13.04%	2	2	44	37	0.98	1	1	8	12	2	1	C
II	923090	C	Y	20	2	9.09%	2	2	45	74	0.98	1	1	7	13	1	1	T
II	923094	A	R	18	2	10%	2	2	44	68	0.98	1	1	7	11	1	1	G
II	923543	C	A	0	21	100%	0	2	0	46	0.98	0	1	0	0	11	10	A
II	943554	C	A	0	17	100%	0	2	0	58	0.98	0	1	0	0	8	9	A
II	951763	A	M	32	2	5.88%	2	1	48	37	0.98	1	1	19	13	0	2	C
II	952086	T	W	29	2	6.45%	2	1	51	22	0.98	1	1	8	21	2	0	A
II	953201	A	G	0	10	100%	0	2	0	41	0.98	0	1	0	0	6	4	G
II	957061	T	K	6	2	25%	2	1	43	37	0.98	1	1	2	4	0	2	G
II	960064	T	W	14	4	22.22%	2	2	44	34	0.98	1	1	3	11	2	2	A
II	967094	A	G	0	12	100%	0	2	0	43	0.98	0	1	0	0	1	11	G
II	971386	A	M	21	2	8.7%	2	2	45	55	0.98	1	1	14	7	1	1	C
II	997668	G	R	10	2	16.67%	2	2	44	55	0.98	1	1	8	2	1	1	A
II	997671	G	R	10	2	15.38%	2	2	42	55	0.98	1	1	7	3	1	1	A
II	999853	A	R	9	2	18.18%	2	2	39	37	0.98	1	1	4	5	1	1	G
II	1007069	A	R	17	2	10.53%	2	2	47	37	0.98	1	1	9	8	1	1	G
II	1045183	A	R	24	2	7.69%	2	1	50	37	0.98	1	1	14	10	2	0	G
II	1045363	G	R	20	2	9.09%	2	1	51	31	0.98	1	1	14	6	2	0	A
II	1045366	A	W	19	3	13.64%	2	2	51	37	0.98	1	1	14	5	2	1	T
II	1081713	A	R	11	2	15.38%	2	1	42	49	0.98	1	1	5	6	2	0	G
II	1085212	A	M	14	3	17.65%	2	1	42	27	0.98	1	1	11	3	0	3	C
II	1098465	A	R	28	2	6.67%	2	1	45	37	0.98	1	1	14	14	2	0	G
II	1102116	T	K	20	2	9.09%	1	1	37	31	0.98	1	1	0	20	2	0	G
II	1104719	C	M	12	2	14.29%	2	1	48	37	0.98	1	1	4	8	0	2	A
II	1104941	G	K	4	2	20%	2	1	36	33	0.98	1	1	3	1	0	2	-T
II	1113835	A	M	31	2	6.06%	2	1	39	37	0.98	1	1	24	7	0	2	C
II	1153195	G	K	47	3	6%	2	2	43	49	0.98	1	1	27	20	2	1	T
II	1155903	T	A	0	17	100%	0	2	0	45	0.98	0	1	0	0	8	9	A
II	1159678	G	C	0	11	100%	0	2	0	50	0.98	0	1	0	0	4	7	C
II	1159694	A	T	0	14	100%	0	2	0	42	0.98	0	1	0	0	4	10	T
II	1160973	G	K	28	2	6.67%	2	2	48	37	0.98	1	1	14	14	1	1	T
II	1163155	T	W	2	2	50%	1	1	37	37	0.98	1	1	0	2	0	2	A
II	1187837	C	M	17	2	10.53%	2	1	49	33	0.98	1	1	8	9	2	0	A
II	1193784	A	W	31	3	8.82%	2	2	56	49	0.98	1	1	16	15	1	2	T
II	1213289	C	Y	20	2	9.09%	2	2	49	37	0.98	1	1	11	9	1	1	T
II	1217319	T	Y	10	2	16.67%	2	1	43	37	0.98	1	1	6	4	2	0	C
II	1232715	G	R	7	2	22.22%	2	2	42	37	0.98	1	1	5	2	1	1	A
II	1242115	T	K	29	2	6.45%	2	2	47	37	0.98	1	1	19	10	1	1	G
II	1255514	A	R	10	2	16.67%	2	2	54	37	0.98	1	1	3	7	1	1	G
II	1270075	A	R	29	2	6.45%	2	2	50	74	0.98	1	1	15	14	1	1	G
II	1293911	T	Y	30	2	6.25%	2	1	53	37	0.98	1	1	19	11	2	0	C
II	1300034	C	M	15	4	21.05%	2	2	44	55	0.98	1	1	6	9	2	2	A
II	1300043	C	M	15	7	31.82%	2	2	45	41	0.98	1	1	5	10	3	4	A
II	1300049	C	M	17	5	22.73%	2	2	46	33	0.98	1	1	6	11	2	3	A
II	1300055	G	R	15	9	37.5%	2	2	46	52	0.98	1	1	7	8	4	5	A
II	1300061	G	R	19	9	32.14%	2	2	44	52	0.98	1	1	9	10	4	5	A
II	1300067	G	R	19	9	32.14%	2	2	45	57	0.98	1	1	8	11	4	5	A
II	1300073	G	R	19	9	32.14%	2	2	45	56	0.98	1	1	9	10	4	5	A
II	1300079	T	W	17	11	39.29%	2	2	45	53	0.98	1	1	7	10	5	6	A
II	1300082	G	R	18	11	37.93%	2	2	43	57	0.98	1	1	8	10	5	6	A
II	1300103	C	M	21	10	32.26%	2	2	45	64	0.98	1	1	12	9	4	6	A
II	1300115	G	R	20	11	35.48%	2	2	44	62	0.98	1	1	9	11	5	6	A
II	1300121	C	M	22	8	25.81%	2	2	44	58	0.98	1	1	11	11	3	5	A
II	1300124	C	M	19	9	30%	2	2	46	60	0.98	1	1	9	10	4	5	A
II	1300130	C	M	22	8	26.67%	2	2	45	53	0.98	1	1	10	12	5	3	A
II	1313017	C	M	16	2	11.11%	2	1	46	74	0.98	1	1	8	8	2	0	A
II	1326444	G	R	14	2	12.5%	2	2	50	37	0.98	1	1	5	9	1	1	A
II	1338304	A	R	27	2	6.9%	2	2	48	55	0.98	1	1	13	14	1	1	G
II	1349937	T	K	27	2	6.9%	2	1	42	31	0.98	1	1	11	16	2	0	G
II	1358881	G	K	24	2	7.69%	2	1	49	55	0.98	1	1	10	14	2	0	T
II	1358942	T	Y	30	2	6.25%	2	1	45	62	0.98	1	1	10	20	2	0	C
II	1359720	A	R	30	2	6.25%	2	1	45	31	0.98	1	1	23	7	2	0	G
II	1362743	T	Y	13	2	13.33%	2	1	42	31	0.98	1	1	4	9	0	2	C
II	1389221	C	M	11	2	15.38%	2	1	48	31	0.98	1	1	8	3	2	0	A
II	1398501	T	K	21	2	8.7%	2	2	47	37	0.98	1	1	13	8	1	1	G
II	1406077	C	S	25	2	7.41%	2	2	51	37	0.98	1	1	11	14	1	1	G
II	1413588	T	C	0	25	100%	0	2	0	50	0.98	0	1	0	0	14	11	C
II	1421110	T	W	36	2	5.26%	2	2	51	37	0.98	1	1	18	18	1	1	A
II	1441296	A	W	34	2	5.56%	2	1	49	25	0.98	1	1	9	25	0	2	T
II	1445107	G	K	21	3	12.5%	2	2	46	45	0.98	1	1	4	17	2	1	T
II	1450400	G	S	19	2	9.52%	2	2	53	49	0.98	1	1	10	9	1	1	C
II	1454929	G	R	21	2	8.7%	2	2	52	61	0.98	1	1	7	14	1	1	A
II	1454931	G	R	20	2	9.09%	2	2	49	74	0.98	1	1	7	13	1	1	A
II	1458111	T	K	23	2	8%	2	1	46	37	0.98	1	1	8	15	2	0	G
II	1461336	G	R	11	2	15.38%	2	2	59	37	0.98	1	1	5	6	1	1	A
II	1464358	T	W	27	2	6.9%	2	1	45	37	0.98	1	1	18	9	2	0	A
II	1474273	A	W	32	4	11.11%	2	2	47	37	0.98	1	1	9	23	2	2	T
II	1483519	A	M	28	2	6.67%	2	1	46	29	0.98	1	1	16	12	0	2	C
II	1484154	T	Y	17	2	10.53%	2	2	47	37	0.98	1	1	6	11	1	1	C
II	1509281	T	Y	31	2	6.06%	2	1	47	74	0.98	1	1	21	10	2	0	C
II	1511105	T	Y	30	2	6.25%	2	2	44	37	0.98	1	1	16	14	1	1	C
II	1515469	A	R	12	2	14.29%	2	2	48	37	0.98	1	1	5	7	1	1	G
II	1525050	G	S	31	2	6.06%	2	1	41	31	0.98	1	1	11	20	0	2	C
II	1525056	A	W	29	2	6.45%	2	1	41	37	0.98	1	1	11	18	0	2	T
II	1545027	C	M	10	3	17.65%	2	2	39	30	0.98	1	1	7	3	1	2	A
II	1560466	T	Y	25	2	7.41%	2	2	46	37	0.98	1	1	10	15	1	1	C
II	1577348	A	R	23	2	8%	2	2	49	55	0.98	1	1	10	13	1	1	G
II	1596419	T	W	37	2	5.13%	2	1	47	37	0.98	1	1	18	19	2	0	A
II	1612985	A	R	15	3	15.79%	2	2	37	46	0.98	1	1	10	5	2	1	G
II	1613039	A	R	15	3	16.67%	2	1	51	34	0.98	1	1	4	11	3	0	G
II	1613045	A	R	16	3	15.79%	2	1	51	31	0.98	1	1	4	12	3	0	G
II	1634902	C	Y	17	2	10.53%	2	2	46	37	0.98	1	1	9	8	1	1	T
II	1648193	C	M	21	4	16%	2	2	44	37	0.98	1	1	11	10	3	1	A
II	1659204	T	K	24	2	7.69%	2	2	43	37	0.98	1	1	16	8	1	1	G
II	1672859	C	T	0	27	100%	0	2	0	46	0.98	0	1	0	0	20	7	T
II	1673002	G	C	0	24	100%	0	2	0	44	0.98	0	1	0	0	7	17	C
II	1678693	T	A	0	19	100%	0	2	0	46	0.98	0	1	0	0	13	6	A
II	1683324	T	G	0	36	100%	0	2	0	42	0.98	0	1	0	0	10	26	G
II	1697124	C	T	0	30	100%	0	2	0	49	0.98	0	1	0	0	13	17	T
II	1698154	C	Y	35	2	5.41%	2	1	52	37	0.98	1	1	19	16	0	2	T
II	1714981	A	R	25	2	7.41%	2	2	41	37	0.98	1	1	15	10	1	1	G
II	1716272	C	T	2	13	86.67%	1	2	31	44	0.98	1	1	0	2	4	9	T
II	1716273	T	Y	6	10	58.82%	2	2	31	36	0.98	1	1	2	4	2	8	C
II	1716288	G	T	0	17	100%	0	2	0	39	0.98	0	1	0	0	2	15	T
II	1716318	A	G	0	19	100%	0	2	0	44	0.98	0	1	0	0	3	16	G
II	1716320	T	G	0	20	100%	0	2	0	44	0.98	0	1	0	0	3	17	G
II	1716326	G	T	0	22	100%	0	2	0	44	0.98	0	1	0	0	5	17	T
II	1731339	C	Y	25	2	7.41%	2	1	45	37	0.98	1	1	11	14	2	0	T
II	1731467	G	R	20	2	9.09%	2	2	50	37	0.98	1	1	8	12	1	1	A
II	1739424	A	M	30	2	6.25%	2	1	49	37	0.98	1	1	14	16	0	2	C
II	1743464	A	R	44	4	8.33%	2	2	49	37	0.98	1	1	18	26	2	2	G
II	1747193	A	M	36	2	5.26%	2	1	44	22	0.98	1	1	18	18	0	2	C
II	1751787	T	W	20	2	9.09%	2	1	46	27	0.98	1	1	8	12	2	0	A
II	1772704	G	K	18	2	10%	2	2	46	37	0.98	1	1	11	7	1	1	T
II	1772782	A	M	24	2	7.69%	2	1	52	37	0.98	1	1	15	9	2	0	C
II	1784826	G	A	0	27	100%	0	2	0	55	0.98	0	1	0	0	15	12	A
II	1795973	T	W	22	2	8.33%	2	1	49	37	0.98	1	1	11	11	2	0	A
II	1848034	T	Y	21	2	8.7%	2	2	50	37	0.98	1	1	15	6	1	1	C
II	1893830	T	W	13	2	13.33%	2	1	45	37	0.98	1	1	3	10	2	0	A
II	1910205	A	W	25	2	7.41%	2	2	50	31	0.98	1	1	18	7	1	1	T
II	1950053	T	K	23	2	8%	2	1	49	29	0.98	1	1	9	14	2	0	G
II	1962419	T	A	0	44	100%	0	2	0	54	0.98	0	1	0	0	22	22	A
II	1962439	A	G	0	43	100%	0	2	0	54	0.98	0	1	0	0	23	20	G
II	1962458	T	A	0	46	100%	0	2	0	50	0.98	0	1	0	0	23	23	A
II	1964641	C	S	29	2	6.45%	2	2	40	37	0.98	1	1	22	7	1	1	G
II	1978459	C	S	44	4	8.33%	2	2	50	37	0.98	1	1	20	24	2	2	G
II	1978460	C	Y	45	4	8.16%	2	2	49	37	0.98	1	1	20	25	2	2	T
II	1987098	C	A	0	37	100%	0	2	0	40	0.98	0	1	0	0	25	12	A
II	1988252	T	K	32	2	5.88%	2	1	48	37	0.98	1	1	14	18	2	0	G
II	1996782	T	W	17	2	10.53%	2	1	47	55	0.98	1	1	6	11	0	2	A
II	2009614	A	W	23	2	8%	2	2	45	31	0.98	1	1	12	11	1	1	T
II	2012619	G	S	32	6	15.79%	2	2	42	37	0.98	1	1	4	28	1	5	C
II	2012627	T	K	33	5	13.16%	2	2	42	37	0.98	1	1	5	28	1	4	G
II	2023192	A	W	8	2	20%	1	1	39	33	0.98	1	1	8	0	0	2	T
II	2023193	G	K	8	3	27.27%	1	1	40	34	0.98	1	1	8	0	0	3	T
II	2025962	A	M	26	2	7.14%	2	1	47	25	0.98	1	1	10	16	0	2	C
II	2027145	A	M	33	2	5.71%	2	1	53	37	0.98	1	1	19	14	0	2	C
II	2044710	T	Y	13	2	13.33%	2	1	51	37	0.98	1	1	4	9	0	2	C
II	2044929	A	T	0	26	100%	0	2	0	49	0.98	0	1	0	0	17	9	T
II	2063809	T	K	10	2	16.67%	2	2	40	49	0.98	1	1	3	7	1	1	G
II	2065030	T	W	26	2	7.14%	2	1	48	25	0.98	1	1	6	20	2	0	A
II	2077968	G	S	14	2	12.5%	2	2	52	55	0.98	1	1	4	10	1	1	C
II	2078200	G	R	15	2	11.76%	2	2	51	37	0.98	1	1	8	7	1	1	A
II	2097364	A	W	25	2	7.41%	2	2	55	37	0.98	1	1	12	13	1	1	T
II	2115428	T	A	0	43	100%	0	2	0	42	0.98	0	1	0	0	16	27	A
II	2141749	G	R	14	2	12.5%	2	1	47	29	0.98	1	1	10	4	2	0	A
II	2147728	C	Y	31	4	11.43%	2	2	40	46	0.98	1	1	17	14	1	3	T
II	2160249	T	Y	34	2	5.56%	2	1	47	55	0.98	1	1	17	17	0	2	C
II	2176494	C	M	11	2	15.38%	2	2	48	37	0.98	1	1	8	3	1	1	A
II	2201964	T	Y	27	2	6.9%	2	2	42	37	0.98	1	1	9	18	1	1	C
II	2203174	G	K	11	2	15.38%	2	1	42	31	0.98	1	1	9	2	0	2	T
II	2213423	G	A	1	30	96.77%	1	2	37	42	0.98	1	1	0	1	14	16	A
II	2218030	G	R	17	4	19.05%	2	2	61	52	0.98	1	1	6	11	1	3	A
II	2218101	T	Y	23	6	20.69%	2	2	40	37	0.98	1	1	13	10	3	3	C
II	2228775	T	G	2	20	90.91%	1	2	37	48	0.98	1	1	2	0	9	11	G
II	2228777	G	T	0	19	100%	0	2	0	51	0.98	0	1	0	0	7	12	T
II	2255132	G	R	20	2	9.09%	2	2	48	37	0.98	1	1	8	12	1	1	A
II	2285357	T	K	11	2	15.38%	2	2	46	37	0.98	1	1	7	4	1	1	G
II	2317186	C	M	9	2	18.18%	2	1	38	29	0.98	1	1	1	8	2	0	A
II	2317213	C	M	13	3	18.75%	2	1	38	27	0.98	1	1	5	8	3	0	A
II	2317218	C	M	14	2	12.5%	2	1	38	27	0.98	1	1	6	8	2	0	A
II	2319722	T	W	21	2	8.7%	2	1	41	25	0.98	1	1	11	10	0	2	A
II	2331167	A	R	13	2	13.33%	2	2	39	31	0.98	1	1	1	12	1	1	G
II	2357306	T	W	14	2	12.5%	2	2	44	37	0.98	1	1	8	6	1	1	A
II	2358554	C	M	21	2	8.7%	2	2	52	37	0.98	1	1	8	13	1	1	A
II	2360227	T	W	23	2	8%	2	1	46	27	0.98	1	1	13	10	2	0	A
II	2362010	G	K	12	2	14.29%	2	1	43	25	0.98	1	1	4	8	0	2	T
II	2363711	A	R	34	2	5.56%	2	2	46	55	0.98	1	1	21	13	1	1	G
II	2388106	G	K	24	2	7.69%	2	2	41	37	0.98	1	1	10	14	1	1	T
II	2394604	G	R	10	2	16.67%	2	2	44	37	0.98	1	1	2	8	1	1	A
II	2402602	A	R	22	2	8.33%	2	1	44	37	0.98	1	1	7	15	2	0	G
II	2403176	T	Y	34	5	12.82%	2	2	46	59	0.98	1	1	10	24	4	1	C
II	2404888	G	K	6	2	25%	2	1	51	25	0.98	1	1	2	4	2	0	T
II	2425752	A	R	33	2	5.71%	2	2	42	37	0.98	1	1	17	16	1	1	G
II	2436580	C	G	0	30	100%	0	2	0	45	0.98	0	1	0	0	12	18	G
II	2437543	T	W	51	3	5.56%	2	2	45	37	0.98	1	1	27	24	2	1	A
II	2437553	T	W	53	5	8.62%	2	2	45	34	0.98	1	1	27	26	3	2	A
II	2437558	T	Y	55	3	5.17%	2	2	46	37	0.98	1	1	26	29	2	1	C
II	2437564	A	W	51	6	10.53%	2	2	45	37	0.98	1	1	24	27	3	3	T
II	2437567	T	Y	54	5	8.47%	2	2	47	37	0.98	1	1	25	29	3	2	C
II	2437570	T	W	53	6	10.17%	2	2	47	35	0.98	1	1	24	29	3	3	A
II	2437571	G	S	54	8	12.9%	2	2	47	46	0.98	1	1	25	29	5	3	C
II	2437612	A	W	90	28	23.73%	2	2	48	44	0.98	1	1	49	41	18	10	T
II	2437627	C	Y	66	52	44.07%	2	2	44	55	0.98	1	1	34	32	35	17	T
II	2437629	G	R	96	25	20.66%	2	2	48	50	0.98	1	1	53	43	19	6	A
II	2437646	G	R	99	34	25.56%	2	2	47	51	0.98	1	1	62	37	23	11	A
II	2437651	T	W	126	11	8.03%	2	2	53	34	0.98	1	1	82	44	7	4	A
II	2437655	G	R	128	7	5.19%	2	1	54	31	0.98	1	1	82	46	7	0	A
II	2437661	T	W	122	11	8.27%	2	2	56	33	0.98	1	1	80	42	9	2	A
II	2437666	T	Y	127	11	7.97%	2	2	55	32	0.98	1	1	80	47	8	3	C
II	2437684	T	W	88	52	37.14%	2	2	57	53	0.98	1	1	58	30	26	26	A
II	2437688	A	R	88	47	34.81%	2	2	56	50	0.98	1	1	57	31	23	24	G
II	2437720	A	W	131	13	9.03%	2	2	53	33	0.98	1	1	81	50	8	5	T
II	2437737	A	R	124	13	9.49%	2	2	53	38	0.98	1	1	71	53	7	6	G
II	2437754	G	R	127	8	5.93%	2	2	51	38	0.98	1	1	65	62	4	4	A
II	2437769	A	W	107	11	9.32%	2	2	52	44	0.98	1	1	52	55	7	4	T
II	2437771	A	M	108	11	9.24%	2	2	52	45	0.98	1	1	52	56	8	3	C
II	2437780	A	W	110	6	5.17%	2	2	53	41	0.98	1	1	55	55	1	5	T
II	2437855	A	M	50	57	53.27%	2	2	50	51	0.98	1	1	20	30	16	41	C
II	2437918	T	Y	60	35	36.84%	2	2	47	47	0.98	1	1	32	28	10	25	C
II	2437936	A	W	63	22	25.88%	2	2	49	51	0.98	1	1	29	34	7	15	T
II	2437942	G	K	54	23	29.87%	2	2	48	51	0.98	1	1	26	28	9	14	T
II	2437951	C	Y	60	20	25%	2	2	50	49	0.98	1	1	26	34	6	14	T
II	2437970	G	R	65	15	18.75%	2	2	49	53	0.98	1	1	28	37	4	11	A
II	2437978	T	Y	57	10	14.93%	2	1	50	48	0.98	1	1	28	29	0	10	C
II	2437985	A	W	60	10	14.29%	2	2	48	43	0.98	1	1	30	30	1	9	T
II	2437987	A	M	60	9	13.04%	2	2	48	42	0.98	1	1	28	32	1	8	C
II	2444543	T	C	0	24	100%	0	2	0	42	0.98	0	1	0	0	11	13	C
II	2451954	C	M	20	2	9.09%	2	1	47	31	0.98	1	1	9	11	2	0	A
II	2453890	T	Y	33	2	5.71%	2	1	45	55	0.98	1	1	14	19	0	2	C
II	2474301	A	M	28	2	6.67%	2	2	41	55	0.98	1	1	15	13	1	1	C
II	2497035	C	M	35	2	5.41%	2	2	51	25	0.98	1	1	19	16	1	1	A
II	2511815	C	M	9	2	18.18%	2	1	41	25	0.98	1	1	5	4	0	2	A
II	2511886	A	W	5	2	28.57%	2	1	42	25	0.98	1	1	2	3	0	2	T
II	2513235	T	Y	21	6	22.22%	2	2	48	37	0.98	1	1	9	12	3	3	C
II	2523624	C	M	6	2	18.18%	1	1	45	31	0.98	1	1	6	0	0	2	A
II	2528622	T	Y	18	2	10%	2	2	46	37	0.98	1	1	5	13	1	1	C
II	2536702	A	M	24	3	11.11%	2	1	46	31	0.98	1	1	16	8	0	3	C
II	2550337	A	M	30	2	6.25%	2	2	44	55	0.98	1	1	15	15	1	1	C
II	2554900	T	W	34	2	5.56%	2	1	54	74	0.98	1	1	14	20	2	0	A
II	2560966	A	R	12	2	14.29%	2	1	48	37	0.98	1	1	5	7	2	0	G
II	2561306	T	Y	6	2	25%	2	2	43	55	0.98	1	1	3	3	1	1	C
II	2581529	A	M	24	2	7.69%	2	1	52	74	0.98	1	1	9	15	2	0	C
II	2612278	A	R	21	2	8.7%	2	1	45	31	0.98	1	1	12	9	2	0	G
II	2619952	T	K	18	4	18.18%	2	2	52	37	0.98	1	1	8	10	2	2	G
II	2621088	A	R	17	2	10.53%	2	2	46	37	0.98	1	1	9	8	1	1	G
II	2624302	A	M	22	2	8.33%	2	1	52	55	0.98	1	1	11	11	0	2	C
II	2641904	G	K	14	2	12.5%	2	2	47	37	0.98	1	1	7	7	1	1	T
II	2655655	A	R	19	2	9.52%	2	2	51	37	0.98	1	1	8	11	1	1	G
II	2675473	T	K	22	2	8.33%	2	2	46	55	0.98	1	1	9	13	1	1	G
II	2676336	C	T	0	7	100%	0	2	0	52	0.98	0	1	0	0	5	2	T
II	2676572	C	M	14	2	12.5%	2	2	50	33	0.98	1	1	6	8	1	1	A
II	2679010	G	R	23	3	11.54%	2	1	47	33	0.98	1	1	10	13	0	3	A
II	2683324	T	Y	22	2	8.33%	2	2	44	37	0.98	1	1	9	13	1	1	C
II	2727512	T	Y	27	2	6.9%	2	1	52	37	0.98	1	1	16	11	0	2	C
II	2737788	C	Y	23	2	8%	2	1	44	74	0.98	1	1	9	14	0	2	T
II	2739943	G	K	10	2	16.67%	2	1	46	33	0.98	1	1	4	6	2	0	T
II	2756576	T	Y	20	4	16.67%	2	2	48	37	0.98	1	1	7	13	2	2	C
II	2763579	G	K	10	2	16.67%	2	1	43	25	0.98	1	1	3	7	2	0	T
II	2770761	C	M	8	2	20%	2	1	39	33	0.98	1	1	6	2	0	2	A
II	2770774	G	K	12	2	14.29%	2	1	34	31	0.98	1	1	9	3	0	2	T
II	2770784	A	M	7	3	30%	2	1	40	26	0.98	1	1	5	2	0	3	C
II	2788573	T	Y	19	2	9.52%	2	1	51	37	0.98	1	1	7	12	0	2	C
II	2793041	C	Y	12	2	14.29%	2	2	43	74	0.98	1	1	5	7	1	1	T
II	2798687	G	K	6	2	25%	2	1	37	29	0.98	1	1	5	1	0	2	T
II	2798704	C	M	9	3	25%	2	1	49	29	0.98	1	1	5	4	0	3	A
II	2798741	G	K	9	3	25%	2	1	56	34	0.98	1	1	6	3	0	3	T
II	2798745	A	W	14	2	12.5%	2	1	43	31	0.98	1	1	6	8	0	2	T
II	2805934	C	M	25	2	7.41%	2	1	42	33	0.98	1	1	17	8	0	2	A
II	2805964	A	M	17	4	19.05%	2	2	42	37	0.98	1	1	14	3	2	2	C
II	2806053	G	A	0	24	100%	0	2	0	45	0.98	0	1	0	0	14	10	A
II	2822761	A	M	11	2	15.38%	2	2	47	37	0.98	1	1	6	5	1	1	C
II	2835032	T	Y	25	2	7.41%	2	2	48	37	0.98	1	1	11	14	1	1	C
II	2836238	A	M	15	3	16.67%	2	1	42	37	0.98	1	1	13	2	0	3	C
II	2893742	T	W	22	2	8.33%	2	2	45	37	0.98	1	1	12	10	1	1	A
II	2901509	G	T	0	43	100%	0	2	0	42	0.98	0	1	0	0	10	33	T
II	2905682	A	M	28	2	6.67%	2	1	44	42	0.98	1	1	14	14	0	2	C
II	2906362	A	M	23	2	8%	2	1	45	25	0.98	1	1	17	6	0	2	C
II	2914747	C	M	38	2	5%	2	1	45	25	0.98	1	1	24	14	0	2	A
II	2914756	G	K	38	2	5%	2	1	44	28	0.98	1	1	24	14	0	2	T
II	2914774	C	M	32	2	5.88%	2	1	41	27	0.98	1	1	22	10	0	2	A
II	2914799	A	M	27	5	15.62%	2	1	41	29	0.98	1	1	23	4	0	5	C
II	2955098	C	M	11	2	15.38%	2	1	41	31	0.98	1	1	10	1	0	2	A
II	2956088	A	M	23	4	14.81%	2	2	45	64	0.98	1	1	14	9	3	1	C
II	2987576	G	S	24	4	14.29%	2	2	47	34	0.98	1	1	11	13	2	2	C
II	3006137	A	T	0	13	100%	0	2	0	41	0.98	0	1	0	0	6	7	T
II	3014105	A	R	19	2	9.52%	2	1	42	31	0.98	1	1	11	8	2	0	G
II	3016739	A	M	25	2	7.41%	2	1	44	31	0.98	1	1	7	18	0	2	C
II	3020409	T	W	38	2	5%	2	1	52	49	0.98	1	1	17	21	0	2	A
II	3024930	G	R	26	2	7.14%	2	1	50	37	0.98	1	1	12	14	0	2	A
II	3045677	C	Y	17	2	10.53%	2	2	47	37	0.98	1	1	6	11	1	1	T
II	3057929	C	S	15	2	11.76%	2	1	55	55	0.98	1	1	10	5	2	0	G
II	3078391	A	R	35	2	5.41%	2	2	49	37	0.98	1	1	17	18	1	1	G
II	3100409	G	K	13	2	13.33%	2	2	54	37	0.98	1	1	8	5	1	1	T
II	3107467	A	R	28	2	6.67%	2	1	52	55	0.98	1	1	10	18	2	0	G
II	3120428	A	M	29	2	6.45%	2	2	51	37	0.98	1	1	12	17	1	1	C
II	3170831	T	Y	20	2	9.09%	2	1	44	74	0.98	1	1	9	11	0	2	C
II	3175897	G	K	9	2	18.18%	1	1	37	25	0.98	1	1	9	0	0	2	T
II	3198502	C	M	24	2	7.69%	2	2	41	74	0.98	1	1	10	14	1	1	A
II	3228567	A	W	23	2	8%	2	2	50	37	0.98	1	1	14	9	1	1	T
II	3234221	T	K	24	2	7.69%	2	1	44	49	0.98	1	1	14	10	0	2	G
II	3239203	G	R	11	2	15.38%	2	2	50	37	0.98	1	1	6	5	1	1	A
II	3265309	T	Y	12	2	14.29%	2	2	43	37	0.98	1	1	2	10	1	1	C
II	3280563	T	Y	24	2	7.69%	2	1	46	55	0.98	1	1	11	13	2	0	C
II	3297505	A	M	28	2	6.67%	2	2	44	74	0.98	1	1	12	16	1	1	C
II	3298671	C	S	16	2	11.11%	2	2	45	37	0.98	1	1	6	10	1	1	G
II	3323925	G	K	10	2	16.67%	2	1	35	27	0.98	1	1	2	8	2	0	T
II	3350249	A	W	16	2	11.11%	2	2	47	74	0.98	1	1	10	6	1	1	T
II	3402677	C	M	27	2	6.9%	2	1	48	37	0.98	1	1	14	13	2	0	A
II	3415962	C	Y	26	2	7.14%	2	2	44	37	0.98	1	1	16	10	1	1	T
II	3427220	A	R	10	2	16.67%	2	2	48	37	0.98	1	1	8	2	1	1	G
II	3436689	G	K	16	2	11.11%	2	1	40	37	0.98	1	1	5	11	2	0	T
II	3442974	C	S	19	2	9.52%	2	2	53	37	0.98	1	1	10	9	1	1	G
II	3461281	T	Y	31	2	6.06%	2	2	54	55	0.98	1	1	20	11	1	1	C
II	3467918	C	Y	17	2	10.53%	2	1	48	68	0.98	1	1	12	5	2	0	T
II	3471077	T	Y	27	2	6.9%	2	1	52	37	0.98	1	1	11	16	0	2	C
II	3501135	A	R	29	2	6.45%	2	2	45	55	0.98	1	1	13	16	1	1	G
II	3511882	A	R	26	2	7.14%	2	2	46	37	0.98	1	1	13	13	1	1	G
II	3512411	C	M	17	2	10.53%	2	1	50	25	0.98	1	1	8	9	0	2	A
II	3524722	C	Y	22	5	18.52%	2	2	40	71	0.98	1	1	14	8	2	3	T
II	3542685	G	K	20	2	9.09%	2	2	48	74	0.98	1	1	10	10	1	1	T
II	3545268	G	K	6	2	25%	2	1	41	27	0.98	1	1	3	3	2	0	T
II	3573557	T	W	18	2	10%	2	1	39	68	0.98	1	1	9	9	0	2	A
II	3575353	A	R	21	2	8.7%	2	1	47	37	0.98	1	1	6	15	2	0	G
II	3614127	G	R	24	2	7.69%	2	2	47	37	0.98	1	1	10	14	1	1	A
II	3619997	G	K	29	2	6.45%	2	1	45	37	0.98	1	1	15	14	2	0	T
II	3620164	A	M	27	2	6.9%	2	2	50	55	0.98	1	1	13	14	1	1	C
II	3625678	G	R	28	2	6.67%	2	2	46	37	0.98	1	1	17	11	1	1	A
II	3656601	G	R	14	2	12.5%	2	2	47	37	0.98	1	1	8	6	1	1	A
II	3673760	G	S	11	2	15.38%	2	2	49	37	0.98	1	1	6	5	1	1	C
II	3680083	A	M	30	2	6.25%	2	2	44	37	0.98	1	1	16	14	1	1	C
II	3702499	A	R	29	2	6.45%	2	2	49	37	0.98	1	1	14	15	1	1	G
II	3720010	A	R	24	2	7.69%	2	1	49	55	0.98	1	1	12	12	2	0	G
II	3761295	C	M	11	2	15.38%	2	1	48	31	0.98	1	1	8	3	0	2	A
II	3761768	G	S	30	3	9.09%	2	1	48	37	0.98	1	1	14	16	3	0	C
II	3777189	G	S	29	2	6.45%	2	2	42	31	0.98	1	1	7	22	1	1	C
II	3786591	G	K	13	2	12.5%	2	1	46	25	0.98	1	1	7	6	2	0	T
II	3818533	A	R	19	2	9.52%	2	1	49	36	0.98	1	1	6	13	2	0	G
II	3838898	G	K	11	3	21.43%	2	1	38	25	0.98	1	1	10	1	0	3	T
II	3860185	C	M	22	5	11.36%	2	1	47	46	0.98	1	1	5	17	5	0	A
II	3860190	A	M	22	5	18.52%	2	1	48	46	0.98	1	1	5	17	5	0	C
II	3861465	T	K	7	2	22.22%	2	1	37	37	0.98	1	1	1	6	2	0	G
II	3903675	T	Y	14	2	12.5%	2	1	50	37	0.98	1	1	8	6	0	2	C
II	3934788	G	R	28	2	6.67%	2	2	48	37	0.98	1	1	16	12	1	1	A
II	3951265	G	R	33	2	5.71%	2	2	43	37	0.98	1	1	12	21	1	1	A
II	3957022	A	R	23	2	8%	2	2	47	37	0.98	1	1	9	14	1	1	G
II	3960926	T	K	30	2	6.25%	2	2	47	37	0.98	1	1	17	13	1	1	G
II	3982641	A	R	29	2	6.45%	2	1	51	37	0.98	1	1	12	17	2	0	G
II	4007421	G	A	1	30	96.77%	1	2	74	48	0.98	1	1	0	1	11	19	A
II	4037197	A	R	31	7	17.07%	2	2	39	37	0.98	1	1	14	17	5	2	G
II	4037236	G	S	36	2	5.13%	2	1	44	31	0.98	1	1	21	15	2	0	C
II	4039204	T	W	28	3	9.68%	2	2	49	37	0.98	1	1	12	16	2	1	A
II	4043684	A	R	21	2	8.7%	2	1	47	74	0.98	1	1	12	9	2	0	G
II	4059179	G	K	24	2	7.69%	2	1	43	27	0.98	1	1	16	8	0	2	T
II	4062165	G	R	38	2	5%	2	1	50	37	0.98	1	1	15	23	2	0	A
II	4086054	C	S	15	2	11.76%	2	1	51	37	0.98	1	1	5	10	2	0	G
II	4100773	C	Y	25	2	7.41%	2	2	44	74	0.98	1	1	17	8	1	1	T
II	4102513	A	W	11	2	15.38%	2	1	47	31	0.98	1	1	6	5	0	2	T
II	4113485	A	R	16	4	20%	2	2	50	37	0.98	1	1	5	11	2	2	G
II	4122326	T	C	0	40	100%	0	2	0	50	0.98	0	1	0	0	23	17	C
II	4136681	T	Y	21	2	8.7%	2	1	47	37	0.98	1	1	7	14	0	2	C
II	4145900	C	M	16	2	11.11%	2	1	61	37	0.98	1	1	5	11	0	2	A
II	4150488	G	R	16	2	11.11%	2	2	49	37	0.98	1	1	7	9	1	1	A
II	4171535	G	R	19	2	9.52%	2	2	48	74	0.98	1	1	3	16	1	1	A
II	4177362	C	Y	14	2	12.5%	2	1	54	37	0.98	1	1	9	5	2	0	T
II	4186930	G	R	13	2	13.33%	2	2	51	37	0.98	1	1	5	8	1	1	A
II	4190678	G	R	33	2	5.71%	2	2	46	31	0.98	1	1	13	20	1	1	A
II	4190683	T	Y	32	3	8.57%	2	2	47	37	0.98	1	1	13	19	2	1	C
II	4193151	T	K	20	2	9.09%	2	2	44	37	0.98	1	1	5	15	1	1	G
II	4196326	T	K	30	2	6.25%	2	1	48	55	0.98	1	1	10	20	2	0	G
II	4205316	T	W	38	2	5%	2	2	53	31	0.98	1	1	24	14	1	1	A
II	4228056	T	W	36	2	5.26%	2	2	41	49	0.98	1	1	10	26	1	1	A
II	4265280	C	Y	28	4	12.5%	2	2	43	52	0.98	1	1	8	20	1	3	T
II	4273442	G	R	30	2	6.25%	2	1	57	31	0.98	1	1	19	11	2	0	A
II	4273445	G	R	29	2	6.45%	2	1	57	37	0.98	1	1	18	11	2	0	A
II	4301792	T	K	6	2	25%	2	1	36	31	0.98	1	1	1	5	2	0	G
II	4303147	G	K	29	2	6.45%	2	2	49	37	0.98	1	1	20	9	1	1	T
II	4308430	T	W	10	3	23.08%	2	1	40	33	0.98	1	1	4	6	3	0	A
II	4313012	A	R	31	2	6.06%	2	1	45	37	0.98	1	1	21	10	2	0	G
II	4335384	G	K	18	2	10%	2	2	39	37	0.98	1	1	9	9	1	1	T
II	4335410	C	M	18	2	10%	2	1	44	37	0.98	1	1	9	9	2	0	A
II	4347442	T	Y	24	2	7.69%	2	2	43	62	0.98	1	1	12	12	1	1	C
II	4351764	A	R	13	2	13.33%	2	2	48	37	0.98	1	1	3	10	1	1	G
II	4359304	A	R	23	2	8%	2	1	46	31	0.98	1	1	10	13	2	0	G
II	4373525	T	K	33	2	5.71%	2	1	49	55	0.98	1	1	15	18	0	2	G
II	4382204	A	M	38	2	5%	2	1	46	55	0.98	1	1	24	14	0	2	C
II	4382867	T	Y	32	2	5.88%	2	1	40	31	0.98	1	1	10	22	0	2	C
II	4400666	A	C	0	11	100%	0	2	0	47	0.98	0	1	0	0	7	4	C
II	4422469	G	R	71	4	5.33%	2	2	45	42	0.98	1	1	34	37	1	3	A
II	4422471	T	Y	72	5	6.49%	2	2	44	41	0.98	1	1	33	39	2	3	C
II	4422825	G	S	50	3	5.66%	2	2	51	37	0.98	1	1	28	22	2	1	C
II	4423500	C	Y	57	8	12.31%	2	2	44	34	0.98	1	1	20	37	7	1	T
II	4423533	T	W	54	3	5.26%	2	2	45	37	0.98	1	1	25	29	2	1	A
II	4423549	A	R	50	3	5.66%	2	2	42	34	0.98	1	1	19	31	2	1	G
II	4437789	G	R	113	9	7.38%	2	2	48	50	0.98	1	1	62	51	7	2	A
II	4437796	C	Y	109	10	8.4%	2	2	49	54	0.98	1	1	60	49	7	3	T
II	4437800	A	R	109	9	7.63%	2	2	49	57	0.98	1	1	58	51	6	3	G
II	4443079	A	M	26	2	7.14%	2	2	46	55	0.98	1	1	14	12	1	1	C
II	4448914	A	R	38	2	5%	2	1	47	37	0.98	1	1	24	14	2	0	G
II	4452498	G	R	23	2	8%	2	2	49	74	0.98	1	1	11	12	1	1	A
II	4452500	C	Y	21	2	8.7%	2	2	54	74	0.98	1	1	11	10	1	1	T
II	4459096	C	Y	36	2	5.26%	2	1	53	68	0.98	1	1	19	17	2	0	T
II	4459100	A	R	36	2	5.26%	2	1	51	74	0.98	1	1	20	16	2	0	G
II	4459104	C	M	34	2	5.56%	2	1	53	68	0.98	1	1	18	16	2	0	A
II	4459108	A	R	36	2	5.26%	2	1	52	74	0.98	1	1	19	17	2	0	G
II	4459116	C	M	36	2	5.26%	2	1	52	74	0.98	1	1	20	16	2	0	A
II	4459118	C	Y	35	2	5.41%	2	1	52	74	0.98	1	1	19	16	2	0	T
II	4459142	A	R	33	2	5.71%	2	1	50	31	0.98	1	1	17	16	0	2	G
II	4459144	T	Y	33	2	5.71%	2	1	48	37	0.98	1	1	16	17	0	2	C
II	4469795	A	W	36	2	5.26%	2	2	43	37	0.98	1	1	16	20	1	1	T
II	4502507	C	M	20	2	9.09%	2	1	40	27	0.98	1	1	10	10	0	2	A
II	4507789	G	S	50	4	7.41%	2	2	51	64	0.98	1	1	32	18	2	2	C
II	4509025	A	R	26	3	10.34%	2	1	44	37	0.98	1	1	13	13	3	0	G
II	4511567	G	S	57	11	16.18%	2	2	52	50	0.98	1	1	32	25	5	6	C
II	4511589	T	W	62	9	12.68%	2	2	50	53	0.98	1	1	39	23	2	7	A
II	4513966	A	R	33	7	17.5%	2	2	40	34	0.98	1	1	12	21	3	4	G
II	4513980	A	W	37	5	11.9%	2	2	45	33	0.98	1	1	17	20	3	2	T
II	4515631	A	M	7	3	30%	2	2	42	32	0.98	1	1	4	3	1	2	C
II	4516018	T	Y	16	2	11.11%	2	1	50	55	0.98	1	1	10	6	2	0	C
II	4517235	C	Y	76	4	5%	2	2	42	64	0.98	1	1	13	63	3	1	T
II	4517905	T	Y	108	7	6.09%	2	2	46	47	0.98	1	1	46	62	4	3	C
II	4517914	C	Y	105	8	7.08%	2	2	46	46	0.98	1	1	51	54	5	3	T
II	4518039	G	R	95	5	5%	2	2	51	64	0.98	1	1	34	61	2	3	A
II	4518134	C	Y	79	5	5.88%	2	1	46	37	0.98	1	1	20	59	0	5	T
II	4518139	T	Y	86	6	6.52%	2	2	47	37	0.98	1	1	21	65	1	5	C
II	4518548	A	R	50	4	7.41%	2	2	48	55	0.98	1	1	27	23	1	3	G
II	4518680	T	Y	51	3	5.56%	2	2	44	49	0.98	1	1	25	26	2	1	C
II	4521636	C	Y	12	8	40%	2	2	38	44	0.98	1	1	4	8	4	4	T
II	4523882	C	Y	16	18	52.94%	2	2	43	46	0.98	1	1	11	5	11	7	T
II	4525357	G	K	46	4	8%	2	1	42	32	0.98	1	1	12	34	4	0	T
II	4525822	C	Y	13	2	13.33%	2	1	41	37	0.98	1	1	8	5	0	2	T
II	4525894	C	Y	11	3	21.43%	2	1	47	37	0.98	1	1	2	9	0	3	T
II	4525966	C	Y	18	9	33.33%	2	2	49	45	0.98	1	1	6	12	4	5	T
II	4527695	G	K	60	4	6.25%	2	1	49	37	0.98	1	1	28	32	0	4	T
II	4527852	C	M	35	2	5.41%	2	2	43	29	0.98	1	1	24	11	1	1	A
II	4527879	G	S	36	9	20%	2	2	42	47	0.98	1	1	16	20	6	3	C
II	4527881	C	Y	26	12	31.58%	2	2	39	46	0.98	1	1	17	9	6	6	T
II	4529116	T	Y	56	25	30.86%	2	2	51	45	0.98	1	1	17	39	13	12	C
II	4529965	A	R	26	36	58.06%	2	2	52	45	0.98	1	1	11	15	18	18	G
II	4530323	G	R	48	7	12.73%	2	2	47	40	0.98	1	1	14	34	3	4	A
II	4530797	C	Y	57	7	10.94%	2	2	51	58	0.98	1	1	26	31	4	3	T
II	4531033	G	S	34	28	45.16%	2	2	40	43	0.98	1	1	24	10	17	11	C
II	4531092	G	R	46	31	40.26%	2	2	47	42	0.98	1	1	26	20	13	18	A
II	4531414	T	Y	68	76	52.78%	2	2	47	44	0.98	1	1	42	26	54	22	C
II	4531492	A	R	122	15	10.95%	2	2	51	41	0.98	1	1	84	38	7	8	G
II	4531592	G	R	66	52	44.07%	2	2	48	44	0.98	1	1	33	33	18	34	A
II	4531749	C	Y	67	40	37.38%	2	2	44	37	0.98	1	1	27	40	20	20	T
II	4531764	A	R	53	55	50.93%	2	2	44	42	0.98	1	1	26	27	34	21	G
II	4532088	G	K	55	52	48.6%	2	2	46	44	0.98	1	1	37	18	35	17	T
II	4532323	C	Y	82	16	16.33%	2	2	46	43	0.98	1	1	49	33	10	6	T
II	4533394	T	Y	55	49	47.12%	2	2	45	50	0.98	1	1	20	35	25	24	C
II	4533451	T	Y	58	36	38.3%	2	2	44	42	0.98	1	1	27	31	19	17	C
II	4533598	G	R	62	29	31.87%	2	2	45	46	0.98	1	1	32	30	17	12	A
II	4533617	A	R	63	33	34.38%	2	2	48	46	0.98	1	1	28	35	14	19	G
II	4533636	C	Y	53	54	50.47%	2	2	48	48	0.98	1	1	23	30	19	35	T
II	4533744	T	Y	66	62	48.44%	2	2	50	47	0.98	1	1	34	32	30	32	C
II	4533922	G	R	100	66	39.76%	2	2	48	43	0.98	1	1	38	62	22	44	A
II	4533994	T	Y	119	95	44.39%	2	2	49	47	0.98	1	1	72	47	57	38	C
II	4534246	C	M	89	60	40.27%	2	2	45	45	0.98	1	1	44	45	30	30	A
II	4534498	A	M	59	57	49.14%	2	2	46	47	0.98	1	1	37	22	34	23	C
II	4536126	T	K	45	3	6.25%	2	1	48	27	0.98	1	1	16	29	3	0	G
II	4536550	C	M	169	37	17.96%	2	2	47	43	0.98	1	1	104	65	22	15	A
II	4537214	T	Y	151	129	45.91%	2	2	50	50	0.98	1	1	79	72	83	46	C
II	4537402	A	R	193	13	6.31%	2	2	47	38	0.98	1	1	113	80	2	11	G
II	4537844	T	Y	41	7	14.58%	2	2	47	47	0.98	1	1	19	22	1	6	C
II	4537980	C	Y	73	6	7.59%	2	2	52	67	0.98	1	1	29	44	3	3	T
II	4538027	A	R	91	12	11.65%	2	2	50	57	0.98	1	1	50	41	9	3	G
II	4538036	G	K	78	114	59.38%	2	2	49	56	0.98	1	1	56	22	83	31	T
II	4538038	A	R	79	136	63.26%	2	2	48	56	0.98	1	1	58	21	100	36	G
II	4538047	G	R	287	142	33.1%	2	2	53	58	0.98	1	1	214	73	96	46	A
II	4538048	C	Y	223	205	47.9%	2	2	54	55	0.98	1	1	164	59	145	60	T
II	4538052	A	G	107	333	75.68%	2	2	48	56	0.98	1	1	90	17	222	111	G
II	4538065	G	R	337	125	27.06%	2	2	56	57	0.98	1	1	236	101	77	48	A
II	4538084	A	R	418	38	8.33%	2	2	56	48	0.98	1	1	269	149	33	5	G
II	4538085	T	K	414	35	7.8%	2	2	55	49	0.98	1	1	265	149	30	5	G
II	4538091	T	Y	248	183	39.19%	2	2	52	59	0.98	1	1	141	107	98	85	C
II	4538091	T	K	248	36	7.71%	2	2	52	48	0.98	1	1	141	107	31	5	C
II	4538114	A	R	71	58	44.96%	2	2	47	45	0.98	1	1	52	19	7	51	G
II	4538115	G	K	73	59	44.7%	2	2	47	45	0.98	1	1	52	21	7	52	T
II	4538116	G	R	74	60	44.78%	2	2	48	45	0.98	1	1	51	23	7	53	A
II	4538118	G	R	74	59	44.36%	2	2	48	45	0.98	1	1	52	22	7	52	A
II	4538122	G	S	75	60	44.12%	2	2	48	45	0.98	1	1	51	24	7	53	C
II	4538125	A	W	79	60	43.17%	2	2	48	45	0.98	1	1	54	25	7	53	T
II	4538126	C	S	81	60	42.55%	2	2	50	44	0.98	1	1	55	26	7	53	G
II	4538128	A	R	80	61	43.26%	2	2	48	45	0.98	1	1	56	24	7	54	G
II	4538164	A	W	92	78	45.88%	2	2	52	43	0.98	1	1	55	37	5	73	T
II	4538203	A	W	93	55	36.91%	2	2	48	46	0.98	1	1	33	60	8	47	T
II	4538216	A	W	91	55	37.67%	2	2	50	46	0.98	1	1	32	59	8	47	T
II	4538238	T	K	91	54	37.24%	2	2	51	45	0.98	1	1	34	57	7	47	G
II	4538244	A	R	92	49	34.75%	2	2	50	44	0.98	1	1	34	58	6	43	G
II	4538531	T	W	35	5	12.5%	2	1	50	35	0.98	1	1	12	23	5	0	A
II	4538532	C	Y	34	4	10.53%	2	1	50	37	0.98	1	1	13	21	4	0	T
II	4538541	C	Y	31	6	16.22%	2	2	50	49	0.98	1	1	12	19	5	1	T
II	4538556	T	Y	23	14	37.84%	2	2	47	38	0.98	1	1	12	11	13	1	C
II	4538591	G	R	25	12	32.43%	2	2	48	40	0.98	1	1	14	11	10	2	A
II	4538770	T	Y	48	8	14.29%	2	2	41	50	0.98	1	1	34	14	5	3	C
II	4538906	C	Y	154	28	15.38%	2	2	49	51	0.98	1	1	104	50	19	9	T
II	4539524	G	R	45	12	21.05%	2	2	45	54	0.98	1	1	20	25	9	3	A
II	4539673	T	W	24	10	28.57%	2	2	44	45	0.98	1	1	12	12	5	5	A
II	4539725	T	Y	27	9	25%	2	2	47	52	0.98	1	1	11	16	4	5	C
III	113	T	Y	266	14	5%	2	2	56	65	0.98	1	1	186	80	8	6	C
III	115	G	R	263	14	5.05%	2	2	56	66	0.98	1	1	183	80	8	6	A
III	4730	T	W	340	19	5.29%	2	2	47	41	0.98	1	1	206	134	6	13	A
III	5074	G	R	196	11	5.31%	2	2	41	35	0.98	1	1	105	91	6	5	A
III	5276	T	K	438	55	11.16%	2	2	43	36	0.98	1	1	312	126	54	1	G
III	5464	C	S	608	35	5.44%	2	2	45	48	0.98	1	1	246	362	10	25	G
III	5850	A	M	296	30	8.96%	2	1	39	32	0.98	1	1	267	29	0	30	C
III	12428	G	R	47	4	6.15%	2	1	42	37	0.98	1	1	18	29	0	4	A
III	15944	G	R	239	15	5.91%	2	2	40	42	0.98	1	1	119	120	7	8	A
III	16146	T	K	429	53	10.95%	2	1	43	36	0.98	1	1	305	124	53	0	G
III	16334	C	S	612	37	5.7%	2	2	43	46	0.98	1	1	266	346	8	29	G
III	16720	A	M	265	31	10.3%	2	1	39	30	0.98	1	1	243	22	0	31	C
III	29067	T	Y	21	2	8.7%	2	1	54	49	0.98	1	1	6	15	0	2	C
III	29071	A	R	19	3	13.64%	2	1	57	45	0.98	1	1	5	14	0	3	G
III	29109	A	W	22	2	8.33%	2	2	57	37	0.98	1	1	8	14	1	1	T
III	29121	G	R	26	2	7.14%	2	2	55	37	0.98	1	1	12	14	1	1	A
III	29133	A	R	20	7	25.93%	2	2	50	58	0.98	1	1	12	8	3	4	G
III	29151	T	Y	17	2	10.53%	2	1	45	37	0.98	1	1	12	5	0	2	C
III	29156	C	M	16	2	11.11%	2	1	41	37	0.98	1	1	11	5	0	2	A
III	32885	T	K	13	3	18.75%	2	1	47	37	0.98	1	1	5	8	3	0	G
III	32890	G	R	13	3	18.75%	2	1	48	37	0.98	1	1	5	8	3	0	A
III	32908	C	Y	19	2	9.52%	2	1	55	55	0.98	1	1	12	7	2	0	T
III	33004	T	Y	21	7	25%	2	2	49	63	0.98	1	1	15	6	4	3	C
III	33006	C	S	20	7	25.93%	2	2	49	63	0.98	1	1	15	5	4	3	G
III	36886	C	S	19	2	9.52%	2	2	51	37	0.98	1	1	12	7	1	1	G
III	40416	C	Y	21	2	8.7%	2	2	50	37	0.98	1	1	11	10	1	1	T
III	47912	T	Y	31	2	6.06%	2	1	54	74	0.98	1	1	15	16	2	0	C
III	59664	T	K	24	2	7.69%	2	2	43	37	0.98	1	1	13	11	1	1	G
III	84071	G	R	23	2	8%	2	1	39	31	0.98	1	1	12	11	0	2	A
III	88690	G	K	23	2	8%	2	1	41	25	0.98	1	1	13	10	0	2	T
III	89386	A	M	18	2	10%	2	2	39	31	0.98	1	1	12	6	1	1	C
III	89632	C	S	17	2	10.53%	2	2	41	55	0.98	1	1	8	9	1	1	G
III	111355	A	R	29	2	6.45%	2	1	42	31	0.98	1	1	15	14	2	0	G
III	112854	T	Y	20	2	9.09%	2	1	53	37	0.98	1	1	14	6	2	0	C
III	114467	G	R	70	4	5.41%	2	1	47	34	0.98	1	1	33	37	4	0	A
III	114533	A	R	102	26	20.31%	2	2	48	59	0.98	1	1	69	33	20	6	G
III	114569	C	Y	108	28	20.59%	2	2	54	70	0.98	1	1	58	50	18	10	T
III	114570	A	R	106	28	20.9%	2	2	54	70	0.98	1	1	57	49	18	10	G
III	114607	T	K	127	27	17.53%	2	2	57	60	0.98	1	1	65	62	13	14	G
III	123340	N	A	0	19	100%	0	2	0	44	0.98	0	1	0	0	8	11	A
III	157552	A	M	25	2	7.41%	2	1	52	74	0.98	1	1	16	9	2	0	C
III	172226	T	Y	34	2	5.56%	2	1	48	55	0.98	1	1	23	11	2	0	C
III	184303	G	R	10	2	16.67%	2	2	46	37	0.98	1	1	4	6	1	1	A
III	194671	C	M	18	2	10%	2	1	45	27	0.98	1	1	9	9	2	0	A
III	207072	A	W	11	2	15.38%	2	1	38	31	0.98	1	1	7	4	0	2	T
III	212034	C	M	8	2	20%	2	1	39	33	0.98	1	1	1	7	2	0	A
III	212060	C	M	10	2	16.67%	1	1	38	33	0.98	1	1	0	10	2	0	A
III	212564	T	Y	31	3	8.82%	2	1	58	74	0.98	1	1	17	14	0	3	C
III	212679	T	K	34	4	10.53%	2	2	50	61	0.98	1	1	17	17	2	2	G
III	212687	C	Y	33	2	5.71%	2	1	51	37	0.98	1	1	17	16	0	2	T
III	212882	C	Y	34	2	5.56%	2	2	48	37	0.98	1	1	20	14	1	1	T
III	213026	T	Y	29	4	12.12%	2	2	48	74	0.98	1	1	13	16	2	2	C
III	213032	G	R	31	3	8.82%	2	2	47	61	0.98	1	1	15	16	2	1	A
III	213033	T	W	31	3	8.82%	2	2	48	61	0.98	1	1	14	17	2	1	A
III	213038	T	Y	27	3	10%	2	2	48	61	0.98	1	1	13	14	2	1	C
III	213051	T	W	30	2	6.25%	2	2	50	55	0.98	1	1	12	18	1	1	A
III	213056	T	Y	32	2	5.88%	2	2	51	55	0.98	1	1	13	19	1	1	C
III	226447	G	K	22	2	8.33%	2	2	47	37	0.98	1	1	6	16	1	1	T
III	227084	G	R	25	2	7.41%	2	1	52	68	0.98	1	1	13	12	0	2	A
III	227096	A	R	22	3	12%	2	1	52	49	0.98	1	1	12	10	0	3	G
III	227730	A	T	0	30	100%	0	2	0	44	0.98	0	1	0	0	16	14	T
III	228170	A	R	35	3	7.89%	2	1	50	37	0.98	1	1	15	20	0	3	G
III	228223	A	R	35	2	5.41%	2	2	47	74	0.98	1	1	16	19	1	1	G
III	233908	C	S	28	2	6.67%	2	2	48	31	0.98	1	1	17	11	1	1	G
III	243093	T	Y	32	2	5.88%	2	1	45	37	0.98	1	1	16	16	0	2	C
III	254717	C	Y	33	2	5.71%	2	2	50	55	0.98	1	1	12	21	1	1	T
III	265692	A	R	14	3	17.65%	2	1	39	37	0.98	1	1	8	6	3	0	G
III	284657	C	A	0	5	100%	0	2	0	51	0.98	0	1	0	0	2	3	A
III	291784	G	K	20	2	9.09%	2	1	47	31	0.98	1	1	16	4	2	0	T
III	307888	A	R	22	2	8.33%	2	2	46	37	0.98	1	1	9	13	1	1	G
III	317336	T	K	21	2	8.7%	2	1	54	37	0.98	1	1	6	15	0	2	G
III	321487	T	K	22	2	8.33%	2	1	39	28	0.98	1	1	4	18	2	0	G
III	328085	G	R	22	2	8.33%	2	2	54	37	0.98	1	1	14	8	1	1	A
III	360201	A	M	11	2	15.38%	1	1	36	31	0.98	1	1	11	0	0	2	C
III	369445	C	Y	11	2	15.38%	1	1	43	74	0.98	1	1	0	11	0	2	T
III	391121	T	W	27	2	6.9%	2	1	40	37	0.98	1	1	17	10	0	2	A
III	391203	T	W	34	3	8.11%	2	1	49	49	0.98	1	1	20	14	3	0	A
III	394693	A	R	15	2	11.76%	2	1	46	49	0.98	1	1	6	9	2	0	G
III	446033	A	W	12	6	33.33%	2	2	45	35	0.98	1	1	4	8	3	3	T
III	446670	C	M	12	2	14.29%	2	1	47	24	0.98	1	1	8	4	2	0	A
III	456647	A	M	19	2	9.52%	2	1	48	55	0.98	1	1	7	12	0	2	C
III	473135	A	M	14	2	12.5%	2	1	51	37	0.98	1	1	11	3	2	0	C
III	489251	C	G	0	22	100%	0	2	0	49	0.98	0	1	0	0	18	4	G
III	489505	C	M	104	7	6.31%	2	2	50	74	0.98	1	1	38	66	3	4	A
III	489507	T	Y	105	8	7.08%	2	2	51	69	0.98	1	1	38	67	4	4	C
III	489511	A	M	107	8	6.96%	2	2	50	69	0.98	1	1	38	69	4	4	C
III	489619	G	R	82	7	7.87%	2	1	50	47	0.98	1	1	54	28	0	7	A
III	489623	C	Y	82	7	7.87%	2	1	51	47	0.98	1	1	52	30	0	7	T
III	500225	C	Y	81	8	8.99%	2	2	46	41	0.98	1	1	39	42	1	7	T
III	500228	A	R	82	8	8.89%	2	2	46	41	0.98	1	1	39	43	1	7	G
III	500232	T	Y	81	8	8.99%	2	2	46	41	0.98	1	1	41	40	1	7	C
III	517730	G	T	0	18	100%	0	2	0	48	0.98	0	1	0	0	10	8	T
III	544347	G	S	28	2	6.67%	2	2	45	37	0.98	1	1	21	7	1	1	C
III	562558	T	Y	19	2	9.52%	2	1	47	55	0.98	1	1	12	7	0	2	C
III	575066	T	W	7	2	22.22%	2	1	47	37	0.98	1	1	3	4	0	2	A
III	577743	G	K	23	2	8%	2	1	53	37	0.98	1	1	13	10	0	2	T
III	581039	A	W	18	2	10%	2	1	50	25	0.98	1	1	4	14	2	0	T
III	611230	C	S	22	2	8.33%	2	1	48	55	0.98	1	1	9	13	2	0	G
III	620715	G	R	19	2	9.52%	2	1	54	55	0.98	1	1	9	10	2	0	A
III	667393	A	R	17	2	10.53%	2	1	47	55	0.98	1	1	8	9	0	2	G
III	683017	G	S	25	2	7.41%	2	2	50	37	0.98	1	1	13	12	1	1	C
III	687189	C	Y	15	2	11.76%	2	1	51	37	0.98	1	1	5	10	2	0	T
III	693007	A	W	12	2	14.29%	2	2	53	37	0.98	1	1	7	5	1	1	T
III	695809	A	M	30	2	6.25%	2	2	49	55	0.98	1	1	13	17	1	1	C
III	720001	C	T	0	9	100%	0	2	0	49	0.98	0	1	0	0	2	7	T
III	726281	A	R	19	2	9.52%	2	2	42	37	0.98	1	1	11	8	1	1	G
III	727014	T	W	28	2	6.67%	2	2	47	37	0.98	1	1	17	11	1	1	A
III	727470	G	K	23	2	8%	2	1	40	37	0.98	1	1	8	15	0	2	T
III	769488	C	M	8	2	20%	2	1	41	25	0.98	1	1	4	4	0	2	A
III	798992	T	W	29	2	6.45%	2	2	45	37	0.98	1	1	11	18	1	1	A
III	868888	T	Y	36	2	5.26%	2	2	51	37	0.98	1	1	19	17	1	1	C
III	874138	C	M	23	2	8%	2	2	53	37	0.98	1	1	9	14	1	1	A
III	879416	T	K	23	2	8%	2	1	49	31	0.98	1	1	9	14	2	0	G
III	890290	T	K	20	2	9.09%	2	1	43	27	0.98	1	1	10	10	2	0	G
III	960229	G	R	75	4	5.06%	2	2	45	31	0.98	1	1	45	30	2	2	A
III	961288	A	R	44	3	6.38%	2	2	47	34	0.98	1	1	30	14	1	2	G
III	963312	T	Y	73	4	5.19%	2	1	50	37	0.98	1	1	39	34	0	4	C
III	963343	A	G	2	79	97.53%	1	2	37	50	0.98	1	1	0	2	34	45	G
III	969235	C	M	29	2	6.45%	2	2	54	37	0.98	1	1	17	12	1	1	A
III	993307	T	Y	12	2	14.29%	2	2	43	37	0.98	1	1	7	5	1	1	C
III	1008840	G	K	36	2	5.26%	2	1	57	31	0.98	1	1	21	15	2	0	T
III	1022837	A	M	13	2	13.33%	2	1	49	28	0.98	1	1	9	4	0	2	C
III	1028021	A	W	16	2	11.11%	2	1	47	27	0.98	1	1	11	5	0	2	T
III	1036081	A	M	37	3	7.5%	2	1	44	31	0.98	1	1	17	20	3	0	C
III	1036213	A	W	19	3	13.64%	2	1	41	29	0.98	1	1	15	4	0	3	T
III	1058594	A	M	23	3	11.54%	2	1	43	30	0.98	1	1	18	5	0	3	C
III	1086752	T	Y	26	2	7.14%	2	1	42	37	0.98	1	1	11	15	0	2	C
III	1088117	G	K	30	3	9.09%	2	1	50	25	0.98	1	1	21	9	0	3	T
III	1098041	A	W	14	2	12.5%	2	1	55	37	0.98	1	1	10	4	2	0	T
III	1098042	A	W	13	2	13.33%	2	1	56	37	0.98	1	1	9	4	2	0	T
III	1103425	A	W	17	2	10.53%	2	1	47	31	0.98	1	1	10	7	0	2	T
III	1117561	G	K	29	3	9.38%	2	1	43	26	0.98	1	1	16	13	3	0	T
III	1124321	G	K	28	3	9.68%	2	1	47	26	0.98	1	1	15	13	3	0	T
III	1131081	G	K	30	2	6.25%	2	1	50	25	0.98	1	1	17	13	2	0	T
III	1142343	T	W	15	2	11.76%	2	2	46	37	0.98	1	1	7	8	1	1	A
III	1142727	A	R	31	2	6.06%	2	1	45	31	0.98	1	1	13	18	2	0	G
III	1159699	A	R	12	2	14.29%	2	1	55	37	0.98	1	1	4	8	2	0	G
III	1168328	T	C	0	9	100%	0	2	0	45	0.98	0	1	0	0	7	2	C
III	1168363	G	R	4	3	42.86%	2	2	34	34	0.98	1	1	3	1	2	1	A
III	1173165	T	K	20	2	9.09%	2	1	44	29	0.98	1	1	9	11	2	0	G
III	1196010	T	W	35	2	5.41%	2	1	42	37	0.98	1	1	19	16	0	2	A
III	1196019	C	Y	37	2	5.13%	2	1	44	31	0.98	1	1	20	17	0	2	T
III	1219491	A	W	16	4	20%	2	2	45	37	0.98	1	1	10	6	2	2	T
III	1252505	G	K	6	3	23.08%	1	1	36	30	0.98	1	1	6	0	0	3	+T
III	1267676	A	W	21	2	8.7%	2	1	46	31	0.98	1	1	9	12	2	0	T
III	1270419	A	W	21	3	12.5%	2	1	48	74	0.98	1	1	6	15	0	3	T
III	1290408	A	M	25	2	7.41%	2	1	47	37	0.98	1	1	6	19	0	2	C
III	1292961	A	W	29	2	6.45%	2	2	52	74	0.98	1	1	15	14	1	1	T
III	1313819	C	S	12	2	14.29%	2	2	48	49	0.98	1	1	5	7	1	1	G
III	1320652	G	K	13	2	13.33%	2	1	51	37	0.98	1	1	5	8	2	0	T
III	1364065	G	S	16	2	11.11%	2	1	50	37	0.98	1	1	8	8	0	2	C
III	1367623	A	R	13	2	13.33%	2	2	46	37	0.98	1	1	9	4	1	1	G
III	1372667	C	Y	16	2	11.11%	2	1	40	37	0.98	1	1	11	5	0	2	T
III	1374938	A	T	0	15	100%	0	2	0	43	0.98	0	1	0	0	10	5	T
III	1451609	G	K	22	2	8.33%	2	1	46	31	0.98	1	1	15	7	0	2	T
III	1451631	A	M	23	2	8%	2	1	48	25	0.98	1	1	16	7	0	2	C
III	1452726	A	R	26	2	7.14%	2	2	52	37	0.98	1	1	8	18	1	1	G
III	1463619	A	R	38	2	5%	2	2	49	74	0.98	1	1	14	24	1	1	G
III	1466432	G	R	95	11	10.38%	2	2	47	39	0.98	1	1	50	45	8	3	A
III	1466437	G	R	95	11	10.38%	2	2	47	40	0.98	1	1	47	48	8	3	A
III	1466439	C	Y	94	11	10.48%	2	2	46	40	0.98	1	1	47	47	8	3	T
III	1471968	C	M	17	2	10.53%	2	1	39	31	0.98	1	1	11	6	0	2	A
III	1471987	A	M	12	3	20%	2	1	46	25	0.98	1	1	7	5	0	3	C
III	1483254	C	M	24	2	7.69%	2	2	45	37	0.98	1	1	12	12	1	1	A
III	1493950	A	R	68	26	27.66%	2	2	43	51	0.98	1	1	19	49	15	11	G
III	1494129	T	K	104	44	29.73%	2	2	47	45	0.98	1	1	51	53	13	31	G
III	1494164	A	R	68	37	35.24%	2	2	50	47	0.98	1	1	31	37	9	28	G
III	1494181	A	W	70	33	32.04%	2	2	51	46	0.98	1	1	28	42	9	24	T
III	1494187	T	W	72	23	24.21%	2	2	50	41	0.98	1	1	26	46	5	18	A
III	1494192	G	R	75	13	14.77%	2	2	50	42	0.98	1	1	28	47	2	11	A
III	1494282	G	R	62	76	55.07%	2	2	47	38	0.98	1	1	16	46	27	49	A
III	1494303	G	R	50	46	47.92%	2	2	49	42	0.98	1	1	16	34	15	31	A
III	1494306	A	W	52	45	46.39%	2	2	47	41	0.98	1	1	19	33	15	30	T
III	1494312	A	R	54	44	44.9%	2	2	49	41	0.98	1	1	19	35	13	31	G
III	1494315	A	R	53	44	45.36%	2	2	50	40	0.98	1	1	21	32	13	31	G
III	1494318	A	R	55	43	43.88%	2	2	50	41	0.98	1	1	22	33	13	30	G
III	1494327	T	K	50	40	44.44%	2	2	51	40	0.98	1	1	22	28	12	28	G
III	1499389	C	Y	51	5	8.93%	2	2	42	51	0.98	1	1	30	21	2	3	T
III	1499390	A	W	51	5	8.93%	2	2	42	51	0.98	1	1	30	21	2	3	T
III	1499438	T	K	41	3	6.82%	2	1	45	27	0.98	1	1	9	32	3	0	G
III	1506121	C	M	7	2	22.22%	2	2	47	37	0.98	1	1	3	4	1	1	A
III	1507625	A	R	33	2	5.71%	2	2	45	55	0.98	1	1	13	20	1	1	G
III	1556167	G	K	13	2	13.33%	2	1	47	25	0.98	1	1	7	6	2	0	T
III	1574913	A	R	114	8	6.5%	2	2	53	55	0.98	1	1	53	61	2	6	G
III	1578588	A	M	23	2	8%	2	1	44	31	0.98	1	1	13	10	0	2	C
III	1649166	G	K	15	2	11.76%	2	1	39	25	0.98	1	1	12	3	0	2	T
III	1679051	G	K	16	2	11.11%	2	1	46	27	0.98	1	1	5	11	2	0	T
III	1681131	G	R	7	2	22.22%	2	2	49	37	0.98	1	1	2	5	1	1	A
III	1694777	A	R	32	2	5.88%	2	2	52	36	0.98	1	1	12	20	1	1	G
III	1697303	A	M	17	2	10.53%	2	1	45	37	0.98	1	1	11	6	0	2	C
III	1712131	C	M	16	2	11.11%	2	1	43	25	0.98	1	1	5	11	2	0	A
III	1717339	G	K	4	2	33.33%	1	1	37	27	0.98	1	1	0	4	2	0	T
III	1729347	T	Y	15	2	11.76%	2	1	45	37	0.98	1	1	10	5	2	0	C
III	1730554	A	W	12	2	14.29%	2	2	39	37	0.98	1	1	5	7	1	1	T
III	1730558	T	W	12	2	14.29%	2	2	39	37	0.98	1	1	5	7	1	1	A
III	1751064	C	Y	20	2	9.09%	2	2	45	37	0.98	1	1	8	12	1	1	T
III	1765401	G	T	0	52	100%	0	2	0	51	0.98	0	1	0	0	26	26	T
III	1798037	G	S	17	2	10.53%	2	1	39	37	0.98	1	1	10	7	0	2	C
III	1802829	C	M	18	3	14.29%	2	2	48	27	0.98	1	1	12	6	1	2	A
III	1814722	T	Y	25	2	7.41%	2	1	49	37	0.98	1	1	11	14	0	2	C
III	1827244	T	Y	35	2	5.41%	2	1	44	36	0.98	1	1	18	17	0	2	C
III	1871134	C	Y	20	2	9.09%	2	2	48	37	0.98	1	1	8	12	1	1	T
III	1879378	A	R	30	2	6.25%	2	2	46	42	0.98	1	1	9	21	1	1	G
III	1890220	C	Y	15	2	11.76%	2	1	48	49	0.98	1	1	6	9	2	0	T
III	1894020	C	Y	21	3	12.5%	2	1	38	37	0.98	1	1	11	10	3	0	T
III	1933947	G	K	13	2	13.33%	2	1	38	25	0.98	1	1	9	4	0	2	T
III	1950584	T	K	35	2	5.41%	2	2	49	55	0.98	1	1	20	15	1	1	G
III	1953207	A	W	13	2	13.33%	2	1	38	25	0.98	1	1	6	7	0	2	T
III	1958177	T	W	29	2	6.45%	2	1	45	37	0.98	1	1	20	9	2	0	A
III	1976489	A	R	30	2	6.25%	2	2	45	37	0.98	1	1	22	8	1	1	G
III	1998959	A	W	22	2	8.33%	2	1	46	25	0.98	1	1	12	10	0	2	T
III	2004938	A	M	34	2	5.56%	2	2	44	49	0.98	1	1	24	10	1	1	C
III	2045091	A	W	11	2	15.38%	2	1	42	29	0.98	1	1	8	3	0	2	T
III	2098318	T	K	21	2	8.7%	2	1	40	37	0.98	1	1	13	8	0	2	G
III	2100622	C	Y	23	3	11.54%	2	2	50	45	0.98	1	1	3	20	1	2	T
III	2101849	G	K	12	2	14.29%	2	2	44	37	0.98	1	1	4	8	1	1	T
III	2145322	A	W	47	4	7.84%	2	1	48	55	0.98	1	1	15	32	4	0	T
III	2145341	G	S	54	4	6.9%	2	1	49	55	0.98	1	1	17	37	4	0	C
III	2145342	T	W	55	4	6.78%	2	1	48	55	0.98	1	1	18	37	4	0	A
III	2150591	T	K	7	2	22.22%	2	1	42	37	0.98	1	1	1	6	2	0	G
III	2152860	C	M	26	2	7.14%	2	1	50	25	0.98	1	1	18	8	2	0	A
III	2163083	T	W	9	2	18.18%	2	1	48	55	0.98	1	1	6	3	2	0	A
III	2178679	C	M	13	2	13.33%	2	1	42	31	0.98	1	1	6	7	0	2	A
III	2181434	A	R	24	2	7.69%	2	1	50	55	0.98	1	1	12	12	0	2	G
III	2201482	G	K	15	2	11.76%	2	2	47	22	0.98	1	1	5	10	1	1	T
III	2241772	T	W	20	2	9.09%	2	1	48	37	0.98	1	1	15	5	0	2	A
III	2247111	T	Y	17	4	19.05%	2	2	43	37	0.98	1	1	7	10	2	2	C
III	2251163	T	Y	27	2	6.9%	2	2	43	31	0.98	1	1	9	18	1	1	C
III	2262883	A	R	17	2	10.53%	2	1	44	37	0.98	1	1	7	10	2	0	G
III	2283735	G	K	14	2	12.5%	2	1	35	33	0.98	1	1	1	13	2	0	T
III	2294052	C	M	23	3	11.54%	2	1	43	26	0.98	1	1	8	15	3	0	A
III	2301764	A	M	12	2	14.29%	2	2	43	55	0.98	1	1	8	4	1	1	C
III	2306658	T	K	25	2	7.41%	2	1	54	55	0.98	1	1	15	10	2	0	G
III	2327635	T	W	17	2	10.53%	2	2	47	37	0.98	1	1	9	8	1	1	A
III	2352238	G	R	13	3	18.75%	2	2	51	49	0.98	1	1	7	6	1	2	A
III	2354925	A	W	32	3	8.57%	2	1	50	61	0.98	1	1	14	18	3	0	T
III	2381979	G	T	0	5	100%	0	2	0	51	0.98	0	1	0	0	3	2	T
III	2384282	G	K	17	2	10.53%	2	2	38	49	0.98	1	1	3	14	1	1	T
III	2430480	T	W	27	3	10%	2	2	49	37	0.98	1	1	11	16	2	1	A
III	2430481	C	Y	28	3	9.68%	2	2	48	37	0.98	1	1	11	17	2	1	T
III	2430484	A	W	27	3	10%	2	2	49	37	0.98	1	1	11	16	2	1	T
III	2430486	T	Y	27	3	10%	2	2	49	37	0.98	1	1	10	17	2	1	C
III	2430999	C	T	0	11	100%	0	2	0	43	0.98	0	1	0	0	8	3	T
III	2431133	G	K	25	2	7.41%	2	1	48	37	0.98	1	1	8	17	2	0	T
III	2431152	T	K	21	3	12.5%	2	2	52	49	0.98	1	1	8	13	2	1	G
III	2434981	T	Y	25	5	16.67%	2	2	49	74	0.98	1	1	14	11	2	3	C
III	2435063	C	M	25	4	13.79%	2	2	52	64	0.98	1	1	11	14	3	1	A
III	2447413	T	K	745	83	10.02%	2	1	40	30	0.98	1	1	99	646	83	0	G
III	2448311	A	W	51	9	14.75%	2	2	38	32	0.98	1	1	36	15	1	8	T
III	2448544	T	W	1152	66	5.42%	2	2	48	51	0.98	1	1	528	624	33	33	A
III	2452767	T	Y	133	7	5%	2	2	52	58	0.98	1	1	28	105	2	5	C
