Chrom	Position	Ref	Cons	Reads1	Reads2	VarFreq	Strands1	Strands2	Qual1	Qual2	Pvalue	MapQual1	MapQual2	Reads1Plus	Reads1Minus	Reads2Plus	Reads2Minus	VarAllele
chr_II_telomeric_gap	4787	G	A	0	221	100%	0	2	0	40	0.98	0	1	0	0	103	118	A
chr_II_telomeric_gap	8577	A	M	112	6	5.08%	2	1	39	29	0.98	1	1	39	73	6	0	C
I	224	G	R	324	55	14.51%	2	2	40	39	0.98	1	1	309	15	51	4	A
I	459	C	M	263	338	56.24%	2	2	39	39	0.98	1	1	139	124	170	168	A
I	783	T	Y	235	342	59.27%	2	2	40	39	0.98	1	1	123	112	173	169	C
I	798	G	R	311	241	43.66%	2	2	40	39	0.98	1	1	151	160	118	123	A
I	955	C	Y	331	256	43.61%	2	2	39	39	0.98	1	1	147	184	104	152	T
I	1055	T	Y	487	113	18.83%	2	2	39	39	0.98	1	1	229	258	66	47	C
I	1133	A	R	342	273	44.39%	2	2	39	39	0.98	1	1	203	139	171	102	G
I	1455	C	Y	377	275	42.18%	2	2	39	39	0.98	1	1	179	198	120	155	T
I	1514	C	S	376	271	41.89%	2	2	39	40	0.98	1	1	196	180	131	140	G
I	1750	G	R	472	149	23.99%	2	2	39	39	0.98	1	1	221	251	79	70	A
I	2224	C	Y	484	88	15.38%	2	2	39	40	0.98	1	1	238	246	48	40	T
I	2582	T	Y	356	272	43.31%	2	2	39	40	0.98	1	1	164	192	123	149	C
I	3431	A	R	330	277	45.63%	2	2	39	39	0.98	1	1	169	161	158	119	G
I	4666	G	R	427	108	20.19%	2	2	39	40	0.98	1	1	234	193	54	54	A
I	4668	C	S	431	103	19.29%	2	2	39	39	0.98	1	1	231	200	53	50	G
I	5676	T	K	249	19	7.09%	2	1	38	29	0.98	1	1	159	90	0	19	G
I	6280	A	R	352	20	5.38%	2	1	37	28	0.98	1	1	49	303	20	0	G
I	6281	A	R	322	48	12.97%	2	1	38	28	0.98	1	1	20	302	48	0	G
I	6398	G	R	219	21	8.5%	2	2	36	26	0.98	1	1	213	6	1	20	A
I	6401	T	Y	288	33	10.19%	2	1	36	28	0.98	1	1	239	49	0	33	C
I	6402	G	R	258	34	11.11%	2	1	35	30	0.98	1	1	221	37	0	34	A
I	6583	G	R	368	145	28.27%	2	2	40	40	0.98	1	1	170	198	58	87	A
I	6727	G	R	337	150	30.8%	2	2	39	39	0.98	1	1	167	170	58	92	A
I	6912	A	M	384	38	9%	2	1	40	40	0.98	1	1	212	172	0	38	C
I	7209	C	M	230	25	9.8%	2	1	38	29	0.98	1	1	49	181	25	0	A
I	7310	T	Y	223	12	5.11%	2	1	38	26	0.98	1	1	40	183	12	0	C
I	8666	G	R	204	222	52.11%	2	2	40	39	0.98	1	1	99	105	96	126	A
I	10913	G	R	193	177	47.84%	2	2	39	39	0.98	1	1	104	89	105	72	A
I	17069	T	K	144	9	5.88%	2	1	38	31	0.98	1	1	112	32	0	9	G
I	18218	G	R	229	24	9.49%	2	2	39	40	0.98	1	1	109	120	23	1	A
I	18318	G	R	216	21	8.86%	2	1	40	40	0.98	1	1	108	108	21	0	A
I	18475	C	Y	204	31	13.19%	2	1	40	40	0.98	1	1	92	112	0	31	T
I	27395	T	K	53	3	5.36%	2	1	37	29	0.98	1	1	13	40	0	3	G
I	29373	T	Y	163	12	6.52%	2	2	39	40	0.98	1	1	52	111	1	11	C
I	43385	A	M	111	9	7.5%	2	1	39	29	0.98	1	1	41	70	9	0	C
I	43390	A	M	121	7	5.47%	2	1	39	26	0.98	1	1	49	72	7	0	C
I	96878	C	Y	98	11	10.09%	2	1	39	28	0.98	1	1	4	94	11	0	T
I	153938	C	A	0	160	100%	0	2	0	40	0.98	0	1	0	0	77	83	A
I	206448	C	Y	40	7	10%	2	1	38	36	0.98	1	1	30	10	0	7	+T
I	221907	T	K	127	12	8.63%	2	1	39	32	0.98	1	1	119	8	0	12	G
I	323721	T	Y	144	14	8.86%	2	1	39	29	0.98	1	1	124	20	0	14	C
I	425326	A	R	115	9	7.26%	2	1	37	27	0.98	1	1	86	29	0	9	G
I	440084	T	W	44	14	9.03%	2	2	39	36	0.98	1	1	28	16	5	9	A
I	453369	G	R	42	18	18.75%	2	2	39	40	0.98	1	1	25	17	1	17	A
I	456726	G	K	113	13	10.24%	2	2	38	28	0.98	1	1	86	27	1	12	T
I	470391	C	M	6	4	40%	2	2	40	40	0.98	1	1	4	2	2	2	A
I	473423	C	Y	54	10	15.38%	2	1	37	36	0.98	1	1	40	14	0	10	T
I	473427	G	K	48	13	17.11%	2	1	37	37	0.98	1	1	28	20	0	13	+T
I	503788	A	M	133	8	5.67%	2	1	39	32	0.98	1	1	17	116	8	0	C
I	523603	G	A	0	202	100%	0	2	0	39	0.98	0	1	0	0	96	106	A
I	523883	G	A	0	216	100%	0	2	0	40	0.98	0	1	0	0	112	104	A
I	527156	C	A	0	202	100%	0	2	0	39	0.98	0	1	0	0	102	100	A
I	565106	T	Y	132	12	8.33%	2	1	38	26	0.98	1	1	108	24	0	12	C
I	574751	A	M	115	13	10.16%	2	1	39	31	0.98	1	1	15	100	13	0	C
I	666513	C	Y	93	13	12.26%	2	1	38	26	0.98	1	1	9	84	13	0	T
I	682994	C	Y	9	2	18.18%	1	1	38	40	0.98	1	1	9	0	0	2	T
I	691576	T	K	119	11	8.46%	2	1	39	29	0.98	1	1	99	20	0	11	G
I	755616	C	Y	116	12	9.38%	2	1	38	25	0.98	1	1	17	99	12	0	T
I	759334	G	T	0	178	100%	0	2	0	39	0.98	0	1	0	0	79	99	T
I	862964	G	T	1	205	99.51%	1	2	24	40	0.98	1	1	0	1	106	99	T
I	934908	T	W	53	7	8.14%	2	2	39	37	0.98	1	1	41	12	3	4	A
I	954072	T	K	149	8	5%	2	1	38	34	0.98	1	1	84	65	0	8	G
I	957958	A	R	126	8	5.97%	2	1	37	32	0.98	1	1	32	94	8	0	G
I	965438	C	M	41	10	9.52%	2	1	40	38	0.98	1	1	30	11	0	10	A
I	965460	C	M	90	5	5.26%	2	1	37	27	0.98	1	1	30	60	5	0	A
I	1027669	G	R	74	4	5.13%	2	1	38	30	0.98	1	1	22	52	4	0	A
I	1053976	T	Y	132	9	6.38%	2	1	38	29	0.98	1	1	92	40	0	9	C
I	1053977	T	Y	126	7	5.26%	2	1	39	30	0.98	1	1	90	36	0	7	C
I	1077211	T	Y	109	11	9.17%	2	1	37	26	0.98	1	1	88	21	0	11	C
I	1079583	T	W	68	8	8.6%	2	1	39	40	0.98	1	1	52	16	0	8	A
I	1079606	T	Y	87	5	5.43%	2	1	38	27	0.98	1	1	19	68	5	0	C
I	1110948	A	M	145	11	7.05%	2	1	39	24	0.98	1	1	40	105	11	0	C
I	1118372	A	R	109	20	15.5%	2	1	37	31	0.98	1	1	35	74	20	0	G
I	1148143	A	M	119	8	6.3%	2	1	38	24	0.98	1	1	48	71	8	0	C
I	1149061	T	K	119	8	6.3%	2	1	38	30	0.98	1	1	79	40	0	8	G
I	1181283	A	R	115	14	10.85%	2	1	38	32	0.98	1	1	17	98	14	0	G
I	1239706	C	Y	161	10	5.85%	2	1	38	27	0.98	1	1	62	99	10	0	T
I	1254655	T	W	35	24	16.78%	2	2	39	38	0.98	1	1	21	14	1	23	A
I	1274803	T	W	6	13	6.44%	2	2	46	38	0.98	1	1	2	4	7	6	A
I	1290901	G	R	127	8	5.93%	2	1	37	30	0.98	1	1	96	31	0	8	A
I	1358820	G	R	123	12	8.89%	2	1	36	32	0.98	1	1	61	62	12	0	A
I	1424709	A	M	0	2	25%	0	2	0	40	0.98	0	1	0	0	1	1	C
I	1424709	A	T	0	6	75%	0	2	0	40	0.98	0	1	0	0	4	2	T
I	1465316	T	K	147	8	5.16%	2	1	39	28	0.98	1	1	114	33	0	8	G
I	1491108	C	Y	207	13	5.88%	2	2	40	37	0.98	1	1	91	116	7	6	T
I	1494938	C	M	24	12	6.67%	2	2	37	40	0.98	1	1	8	16	1	11	A
I	1496318	A	M	29	5	14.71%	2	2	40	36	0.98	1	1	18	11	3	2	C
I	1505199	T	K	132	7	5.04%	2	1	38	28	0.98	1	1	87	45	0	7	G
I	1541467	A	R	74	4	5.13%	2	1	38	24	0.98	1	1	41	33	0	4	G
I	1541501	A	M	75	4	5.06%	2	1	39	32	0.98	1	1	27	48	4	0	C
I	1571014	T	Y	140	14	9.09%	2	1	40	30	0.98	1	1	90	50	0	14	C
I	1595046	A	R	114	10	8.06%	2	1	39	25	0.98	1	1	78	36	0	10	G
I	1595053	A	R	107	9	7.76%	2	1	38	31	0.98	1	1	78	29	0	9	G
I	1595056	C	Y	48	12	10.26%	2	1	37	40	0.98	1	1	31	17	0	12	+T
I	1595086	A	M	87	5	5.43%	2	1	38	27	0.98	1	1	29	58	5	0	C
I	1599320	T	Y	114	13	10.24%	2	1	37	28	0.98	1	1	43	71	13	0	C
I	1667031	C	Y	73	8	9.88%	2	1	36	28	0.98	1	1	34	39	8	0	T
I	1765306	C	M	70	8	9.09%	2	1	39	40	0.98	1	1	54	16	0	8	A
I	1783458	C	T	0	199	100%	0	2	0	40	0.98	0	1	0	0	109	90	T
I	1837945	G	K	55	4	6.78%	2	1	39	24	0.98	1	1	17	38	4	0	T
I	1852148	C	M	112	11	8.94%	2	1	37	32	0.98	1	1	36	76	11	0	A
I	1905525	T	K	28	13	12.38%	2	1	38	38	0.98	1	1	21	7	13	0	G
I	1907102	C	Y	123	8	6.11%	2	1	38	26	0.98	1	1	33	90	8	0	T
I	1940362	A	R	122	8	6.15%	2	1	38	28	0.98	1	1	92	30	0	8	G
I	1954183	G	R	93	5	5.1%	2	1	38	30	0.98	1	1	24	69	5	0	A
I	1955737	T	K	99	6	5.71%	2	1	38	26	0.98	1	1	63	36	0	6	G
I	1955754	C	Y	39	10	11.63%	2	1	39	36	0.98	1	1	24	15	0	10	+TT
I	1955786	A	M	80	5	5.88%	2	1	37	27	0.98	1	1	30	50	5	0	C
I	1955853	T	W	13	13	13.13%	2	2	37	35	0.98	1	1	6	7	4	9	A
I	1955870	C	M	94	6	6%	2	1	37	29	0.98	1	1	28	66	6	0	A
I	1996583	A	R	151	21	12.21%	2	1	39	34	0.98	1	1	38	113	21	0	G
I	1999192	G	C	0	211	100%	0	2	0	39	0.98	0	1	0	0	104	107	C
I	2007112	A	M	135	12	8.16%	2	1	39	28	0.98	1	1	27	108	12	0	C
I	2012908	T	K	120	14	10.45%	2	1	39	29	0.98	1	1	110	10	0	14	G
I	2025031	A	M	82	13	13.68%	2	1	39	31	0.98	1	1	21	61	13	0	C
I	2028412	G	R	129	7	5.15%	2	1	38	26	0.98	1	1	106	23	0	7	A
I	2041982	G	R	54	5	8.47%	2	1	39	27	0.98	1	1	12	42	5	0	A
I	2104091	G	T	0	222	100%	0	2	0	40	0.98	0	1	0	0	110	112	T
I	2104097	C	A	0	215	100%	0	2	0	40	0.98	0	1	0	0	109	106	A
I	2107236	C	Y	119	9	7.03%	2	1	37	32	0.98	1	1	32	87	9	0	T
I	2213356	A	R	140	9	6.04%	2	1	38	29	0.98	1	1	37	103	9	0	G
I	2227936	T	W	43	13	12.62%	2	1	36	39	0.98	1	1	32	11	0	13	A
I	2231773	C	M	139	10	6.71%	2	1	37	35	0.98	1	1	46	93	10	0	A
I	2320791	T	Y	128	11	7.91%	2	1	37	25	0.98	1	1	87	41	0	11	C
I	2335898	T	K	126	7	5.26%	2	1	38	28	0.98	1	1	89	37	0	7	G
I	2421577	C	A	3	11	78.57%	2	2	40	40	0.98	1	1	1	2	5	6	A
I	2437575	T	K	123	7	5.38%	2	1	38	24	0.98	1	1	97	26	0	7	G
I	2483794	A	R	145	10	6.45%	2	1	40	33	0.98	1	1	59	86	10	0	G
I	2506044	T	A	0	231	100%	0	2	0	39	0.98	0	1	0	0	113	118	A
I	2605763	T	K	110	7	5.98%	2	1	39	33	0.98	1	1	75	35	0	7	G
I	2605764	T	A	0	129	100%	0	2	0	39	0.98	0	1	0	0	74	55	A
I	2605861	T	G	0	2	100%	0	1	0	40	0.98	0	1	0	0	2	0	G
I	2641984	T	K	111	9	7.5%	2	1	40	29	0.98	1	1	74	37	0	9	G
I	2651395	G	R	128	9	6.57%	2	1	37	25	0.98	1	1	101	27	0	9	A
I	2651398	G	R	104	11	9.48%	2	1	39	26	0.98	1	1	100	4	0	11	A
I	2683903	C	Y	3	3	50%	1	1	40	40	0.98	1	1	0	3	0	3	T
I	2684616	T	K	125	17	11.97%	2	1	40	28	0.98	1	1	109	16	0	17	G
I	2747078	A	G	0	179	100%	0	2	0	38	0.98	0	1	0	0	92	87	G
I	2751237	A	W	34	2	5.56%	2	2	39	40	0.98	1	1	22	12	1	1	T
I	2821607	A	M	138	8	5.48%	2	1	39	30	0.98	1	1	27	111	8	0	C
I	2871745	T	K	119	22	15.6%	2	1	39	30	0.98	1	1	106	13	0	22	G
I	2871751	T	K	115	9	7.26%	2	1	39	25	0.98	1	1	106	9	0	9	G
I	2944161	T	Y	123	7	5.38%	2	2	39	41	0.98	1	1	72	51	3	4	C
I	2944860	T	K	93	5	5.1%	2	1	38	27	0.98	1	1	36	57	0	5	G
I	2959794	A	M	90	9	9.09%	2	1	39	25	0.98	1	1	23	67	9	0	C
I	2959806	A	M	107	8	6.96%	2	1	39	28	0.98	1	1	37	70	8	0	C
I	2968345	T	Y	116	8	6.45%	2	1	39	26	0.98	1	1	15	101	8	0	C
I	3111508	A	G	0	212	100%	0	2	0	40	0.98	0	1	0	0	92	120	G
I	3115841	C	A	0	214	100%	0	2	0	39	0.98	0	1	0	0	113	101	A
I	3119299	G	A	0	223	100%	0	2	0	40	0.98	0	1	0	0	96	127	A
I	3166811	C	M	98	8	7.55%	2	1	38	28	0.98	1	1	25	73	8	0	A
I	3179238	G	C	0	201	99.5%	0	2	0	40	0.98	0	1	0	0	99	102	C
I	3206937	G	S	94	15	13.64%	1	1	40	27	0.98	1	1	94	0	0	15	C
I	3282123	G	C	0	214	100%	0	2	0	40	0.98	0	1	0	0	102	112	C
I	3300844	A	M	23	7	23.33%	2	1	37	35	0.98	1	1	10	13	7	0	C
I	3300846	T	Y	30	2	6.25%	2	1	39	32	0.98	1	1	18	12	2	0	C
I	3300854	G	K	35	2	5.41%	2	1	37	24	0.98	1	1	20	15	2	0	T
I	3308331	G	R	139	14	9.15%	2	1	37	29	0.98	1	1	107	32	0	14	A
I	3313296	T	K	151	9	5.62%	2	1	39	25	0.98	1	1	101	50	0	9	G
I	3313316	T	K	152	8	5%	2	1	39	30	0.98	1	1	111	41	0	8	G
I	3313333	T	K	133	9	6.34%	2	1	39	24	0.98	1	1	107	26	0	9	G
I	3313341	T	K	124	10	7.46%	2	1	39	28	0.98	1	1	106	18	0	10	G
I	3366065	A	M	105	6	5.41%	2	1	38	24	0.98	1	1	24	81	6	0	C
I	3366077	A	M	112	15	11.81%	2	1	39	28	0.98	1	1	25	87	15	0	C
I	3406518	C	S	180	13	6.74%	2	1	38	26	0.98	1	1	54	126	13	0	G
I	3450131	T	W	0	2	25%	0	1	0	40	0.98	0	1	0	0	0	2	A
I	3450131	T	G	0	6	75%	0	2	0	40	0.98	0	1	0	0	2	4	G
I	3538450	A	T	1	157	99.37%	1	2	40	39	0.98	1	1	0	1	82	75	T
I	3548913	T	A	0	187	100%	0	2	0	39	0.98	0	1	0	0	102	85	A
I	3560125	T	Y	133	7	5%	2	1	38	30	0.98	1	1	103	30	0	7	C
I	3576273	A	M	97	9	8.49%	2	1	38	29	0.98	1	1	38	59	9	0	C
I	3576756	T	Y	32	85	43.59%	2	2	36	39	0.98	1	1	14	18	38	47	C
I	3580029	G	K	97	6	5.66%	2	1	39	34	0.98	1	1	64	33	0	6	T
I	3580034	C	Y	71	8	7.34%	2	2	40	32	0.98	1	1	46	25	1	7	+T
I	3583106	G	A	0	229	100%	0	2	0	40	0.98	0	1	0	0	115	114	A
I	3609896	T	K	118	14	10.29%	2	1	39	30	0.98	1	1	90	28	0	14	G
I	3609913	C	M	127	12	8.63%	2	1	38	25	0.98	1	1	28	99	12	0	A
I	3634687	T	Y	48	3	5.88%	2	1	35	29	0.98	1	1	36	12	0	3	C
I	3759145	C	Y	203	12	5.58%	2	1	38	24	0.98	1	1	23	180	12	0	T
I	3761560	T	Y	218	13	5.63%	2	2	40	40	0.98	1	1	114	104	5	8	C
I	3761566	T	Y	217	15	6.47%	2	2	40	40	0.98	1	1	114	103	6	9	C
I	3839226	A	M	112	6	5.08%	2	1	40	29	0.98	1	1	7	105	6	0	C
I	3855791	T	K	7	2	22.22%	2	1	40	40	0.98	1	1	4	3	0	2	G
I	3984278	C	Y	118	12	9.23%	2	2	40	44	0.98	1	1	50	68	11	1	T
I	3984446	C	Y	171	12	6.56%	2	1	40	36	0.98	1	1	86	85	12	0	T
I	3988646	G	R	119	21	15%	2	2	41	44	0.98	1	1	59	60	13	8	A
I	3990923	T	Y	148	11	6.92%	2	2	38	29	0.98	1	1	127	21	1	10	C
I	3992214	C	A	0	130	100%	0	2	0	39	0.98	0	1	0	0	59	71	A
I	3992218	T	Y	85	9	9.57%	2	1	38	32	0.98	1	1	18	67	9	0	C
I	4004016	G	K	29	11	8.53%	2	2	38	38	0.98	1	1	15	14	1	10	+T
I	4047524	T	K	116	9	7.2%	2	1	39	29	0.98	1	1	97	19	0	9	G
I	4048261	T	Y	139	12	7.95%	2	1	38	30	0.98	1	1	110	29	0	12	C
I	4051857	A	R	121	22	15.38%	2	1	38	28	0.98	1	1	16	105	22	0	G
I	4079772	T	Y	152	8	5%	2	2	39	36	0.98	1	1	73	79	5	3	C
I	4079865	G	R	112	7	5.88%	2	2	37	28	0.98	1	1	78	34	4	3	A
I	4139549	A	R	115	7	5.74%	2	1	38	33	0.98	1	1	20	95	7	0	G
I	4139646	A	R	164	18	9.89%	2	1	40	27	0.98	1	1	58	106	18	0	G
I	4140105	A	M	143	8	5.3%	2	1	38	30	0.98	1	1	62	81	8	0	C
I	4179701	C	Y	44	5	5.43%	2	2	36	30	0.98	1	1	16	28	1	4	+T
I	4179789	C	Y	112	6	5.08%	2	1	39	26	0.98	1	1	42	70	6	0	T
I	4203556	T	Y	128	11	7.91%	2	1	38	26	0.98	1	1	29	99	11	0	C
I	4235614	C	Y	92	20	17.86%	2	1	38	28	0.98	1	1	6	86	20	0	T
I	4235617	C	Y	107	12	10.08%	2	1	38	28	0.98	1	1	22	85	12	0	T
I	4235622	C	Y	112	14	11.11%	2	1	36	29	0.98	1	1	29	83	14	0	T
I	4276890	G	K	37	22	13.5%	2	1	38	37	0.98	1	1	17	20	0	22	+T
I	4291193	G	R	122	11	8.27%	2	1	39	28	0.98	1	1	115	7	0	11	A
I	4291196	T	Y	111	56	33.53%	1	2	39	32	0.98	1	1	111	0	1	55	C
I	4316584	C	Y	117	7	5.65%	2	2	39	37	0.98	1	1	40	77	2	5	T
I	4316683	A	R	86	6	6.52%	2	2	39	32	0.98	1	1	33	53	4	2	G
I	4316857	C	Y	101	6	5.61%	2	2	38	37	0.98	1	1	72	29	3	3	T
I	4319077	T	Y	161	19	10.56%	2	1	39	27	0.98	1	1	135	26	0	19	C
I	4320175	A	R	137	15	9.87%	2	1	37	29	0.98	1	1	49	88	15	0	G
I	4362879	T	K	140	12	7.89%	2	1	39	26	0.98	1	1	127	13	0	12	G
I	4375421	A	T	0	216	100%	0	2	0	39	0.98	0	1	0	0	105	111	T
I	4399102	T	Y	160	9	5.33%	2	1	37	27	0.98	1	1	107	53	0	9	C
I	4414202	T	Y	39	3	6.98%	2	2	39	40	0.98	1	1	23	16	2	1	C
I	4420427	C	Y	126	11	8.03%	2	1	38	26	0.98	1	1	28	98	11	0	T
I	4434034	A	M	143	21	12.8%	2	1	39	27	0.98	1	1	28	115	21	0	C
I	4434061	A	M	172	11	6.01%	2	1	38	25	0.98	1	1	54	118	11	0	C
I	4442714	G	A	0	167	100%	0	2	0	39	0.98	0	1	0	0	80	87	A
I	4514478	T	K	73	6	7.23%	2	1	38	34	0.98	1	1	43	30	0	6	G
I	4578760	T	K	112	7	5.88%	2	1	39	30	0.98	1	1	98	14	0	7	G
I	4604644	A	R	95	5	5%	2	1	39	27	0.98	1	1	70	25	0	5	G
I	4604677	G	K	73	11	13.1%	2	1	38	29	0.98	1	1	30	43	11	0	T
I	4648145	G	K	110	11	8.8%	2	2	38	37	0.98	1	1	84	26	2	9	T
I	4648160	G	T	2	53	96.36%	2	2	32	38	0.98	1	1	1	1	15	38	T
I	4648161	G	T	24	113	82.48%	2	2	36	39	0.98	1	1	13	11	62	51	T
I	4709628	A	M	96	16	14.29%	2	1	39	31	0.98	1	1	12	84	16	0	C
I	4709646	A	M	112	7	5.88%	2	1	40	30	0.98	1	1	22	90	7	0	C
I	4768389	T	Y	131	18	12.08%	2	1	38	26	0.98	1	1	101	30	0	18	C
I	4796244	T	Y	192	12	5.88%	2	2	40	40	0.98	1	1	88	104	5	7	C
I	4855227	T	Y	113	16	12.4%	2	1	38	32	0.98	1	1	98	15	0	16	C
I	4912232	C	Y	129	9	6.52%	2	1	37	29	0.98	1	1	28	101	9	0	T
I	4912236	C	Y	111	10	8.26%	2	1	38	28	0.98	1	1	8	103	10	0	T
I	4916612	T	K	111	7	5.93%	2	1	39	28	0.98	1	1	81	30	0	7	G
I	4919603	A	G	0	238	100%	0	2	0	39	0.98	0	1	0	0	98	140	G
I	4926046	C	Y	48	6	5.26%	2	1	39	34	0.98	1	1	32	16	0	6	+T
I	4933967	T	K	139	13	8.55%	2	1	39	26	0.98	1	1	125	14	0	13	G
I	4966950	A	M	165	9	5.17%	2	1	39	27	0.98	1	1	26	139	9	0	C
I	5020798	A	R	171	16	8.56%	2	1	39	30	0.98	1	1	48	123	16	0	G
I	5035815	T	Y	136	11	7.48%	2	1	38	29	0.98	1	1	119	17	0	11	C
I	5078219	T	K	119	9	7.03%	2	1	37	29	0.98	1	1	84	35	0	9	G
I	5078225	T	K	95	21	18.1%	2	1	39	29	0.98	1	1	84	11	0	21	G
I	5078229	T	K	104	7	6.31%	2	1	38	33	0.98	1	1	87	17	0	7	G
I	5082143	A	R	145	12	7.64%	2	1	38	30	0.98	1	1	73	72	12	0	G
I	5096431	C	Y	91	5	5.21%	2	1	39	24	0.98	1	1	57	34	0	5	T
I	5148415	A	W	13	3	18.75%	2	2	40	40	0.98	1	1	8	5	2	1	T
I	5155596	G	R	117	7	5.65%	2	1	38	30	0.98	1	1	102	15	0	7	A
I	5157518	T	K	118	22	15.71%	2	1	39	29	0.98	1	1	88	30	0	22	G
I	5157532	T	K	113	10	8.13%	2	1	39	25	0.98	1	1	99	14	0	10	G
I	5173430	G	K	23	13	8.97%	2	1	37	38	0.98	1	1	9	14	0	13	+T
I	5174647	A	M	126	15	10.64%	2	1	39	31	0.98	1	1	15	111	15	0	C
I	5174652	A	M	135	9	6.25%	2	1	39	29	0.98	1	1	21	114	9	0	C
I	5174674	A	M	150	9	5.66%	2	1	39	27	0.98	1	1	38	112	9	0	C
I	5175873	T	K	124	16	11.35%	2	1	39	26	0.98	1	1	104	20	0	16	G
I	5176926	T	W	43	9	8.11%	2	2	40	33	0.98	1	1	25	18	1	8	A
I	5271129	T	K	122	7	5.43%	2	1	38	26	0.98	1	1	82	40	0	7	G
I	5271466	A	T	0	66	100%	0	2	0	39	0.98	0	1	0	0	15	51	T
I	5368263	C	Y	3	5	62.5%	2	2	40	40	0.98	1	1	2	1	2	3	T
I	5400080	C	T	0	210	100%	0	2	0	40	0.98	0	1	0	0	108	102	T
I	5483108	T	Y	157	11	6.55%	2	1	38	27	0.98	1	1	107	50	0	11	C
I	5535700	A	W	172	57	24.89%	2	2	39	38	0.98	1	1	95	77	27	30	T
I	5535704	G	R	171	62	26.61%	2	2	39	39	0.98	1	1	91	80	27	35	A
I	5562193	A	R	190	132	40.99%	2	2	40	41	0.98	1	1	94	96	88	44	G
I	5569168	A	R	293	16	5.18%	2	2	39	39	0.98	1	1	109	184	10	6	G
I	5570819	T	K	109	6	5.22%	2	1	38	28	0.98	1	1	77	32	0	6	G
I	5574340	A	M	170	11	6.08%	2	1	38	26	0.98	1	1	50	120	11	0	C
I	5576809	C	Y	173	127	42.33%	2	2	39	40	0.98	1	1	89	84	61	66	T
I	5579055	C	Y	38	35	47.95%	1	1	40	40	0.98	1	1	0	38	0	35	T
II	7207	T	Y	176	37	17.37%	2	2	39	39	0.98	1	1	81	95	25	12	C
II	15871	A	M	69	6	8%	2	1	39	24	0.98	1	1	26	43	6	0	C
II	46943	G	R	67	5	6.85%	2	1	38	33	0.98	1	1	24	43	5	0	A
II	46953	T	Y	76	4	5%	2	1	39	24	0.98	1	1	32	44	4	0	C
II	64667	A	R	141	11	7.24%	2	1	37	31	0.98	1	1	37	104	11	0	G
II	76820	A	W	199	43	17.77%	2	2	40	38	0.98	1	1	105	94	26	17	T
II	76824	G	R	207	44	17.53%	2	2	39	39	0.98	1	1	107	100	26	18	A
II	146080	C	Y	11	3	21.43%	2	2	40	37	0.98	1	1	6	5	2	1	T
II	200264	T	Y	108	6	5.26%	2	1	39	26	0.98	1	1	29	79	6	0	C
II	243128	T	K	138	8	5.48%	2	1	39	28	0.98	1	1	84	54	0	8	G
II	243133	T	K	133	8	5.67%	2	1	38	34	0.98	1	1	88	45	0	8	G
II	243139	T	K	129	13	9.15%	2	1	38	30	0.98	1	1	92	37	0	13	G
II	243151	T	K	140	9	6.04%	2	1	38	31	0.98	1	1	102	38	0	9	G
II	266718	A	C	0	190	100%	0	2	0	40	0.98	0	1	0	0	109	81	C
II	266780	T	A	0	217	100%	0	2	0	40	0.98	0	1	0	0	110	107	A
II	276539	A	T	0	236	100%	0	2	0	40	0.98	0	1	0	0	135	101	T
II	308731	A	R	147	11	6.96%	2	1	38	31	0.98	1	1	22	125	11	0	G
II	317515	T	Y	145	17	10.49%	2	1	38	30	0.98	1	1	118	27	0	17	C
II	329050	G	R	121	18	12.95%	2	1	38	28	0.98	1	1	104	17	0	18	A
II	424708	G	R	115	10	8%	2	1	38	28	0.98	1	1	97	18	0	10	A
II	426085	A	M	125	10	7.41%	2	1	39	25	0.98	1	1	23	102	10	0	C
II	481407	T	Y	128	11	7.91%	2	1	39	29	0.98	1	1	104	24	0	11	C
II	515638	T	Y	137	13	8.67%	2	1	38	28	0.98	1	1	104	33	0	13	C
II	520662	A	R	76	6	7.32%	2	1	37	24	0.98	1	1	25	51	6	0	G
II	521731	G	K	139	13	8.39%	2	1	37	28	0.98	1	1	89	50	0	13	T
II	526951	C	Y	216	12	5.11%	2	2	39	38	0.98	1	1	111	105	6	6	T
II	526962	G	R	73	7	8.75%	2	2	40	37	0.98	1	1	34	39	2	5	A
II	526963	T	Y	53	7	9.09%	2	2	40	40	0.98	1	1	25	28	3	4	C
II	528142	C	Y	144	11	7.1%	2	1	38	32	0.98	1	1	25	119	11	0	T
II	561061	T	K	111	7	5.93%	2	1	38	30	0.98	1	1	69	42	0	7	G
II	570663	T	K	149	8	5.1%	2	1	38	26	0.98	1	1	102	47	0	8	G
II	603280	T	A	0	3	100%	0	1	0	40	0.98	0	1	0	0	3	0	A
II	603306	C	A	0	5	100%	0	2	0	40	0.98	0	1	0	0	1	4	A
II	618253	T	K	149	8	5.1%	2	1	39	26	0.98	1	1	105	44	0	8	G
II	618262	T	K	146	11	7.01%	2	1	39	24	0.98	1	1	108	38	0	11	G
II	618271	T	K	134	19	12.42%	2	1	39	29	0.98	1	1	107	27	0	19	G
II	618276	T	K	135	16	10.6%	2	1	39	29	0.98	1	1	109	26	0	16	G
II	618282	T	K	135	12	8.16%	2	1	39	26	0.98	1	1	104	31	0	12	G
II	618287	T	K	128	7	5.19%	2	1	39	26	0.98	1	1	105	23	0	7	G
II	632737	C	Y	126	8	5.97%	2	1	37	30	0.98	1	1	23	103	8	0	T
II	645063	T	K	135	9	6.25%	2	1	38	31	0.98	1	1	73	62	0	9	G
II	650165	A	R	138	10	6.76%	2	1	38	30	0.98	1	1	26	112	10	0	G
II	670673	T	Y	116	10	7.94%	2	2	42	40	0.98	1	1	42	74	5	5	C
II	671077	C	Y	136	9	6.21%	2	2	38	42	0.98	1	1	115	21	3	6	T
II	685728	G	A	0	214	100%	0	2	0	39	0.98	0	1	0	0	113	101	A
II	689330	T	Y	122	9	6.87%	2	2	39	36	0.98	1	1	53	69	4	5	C
II	689485	A	T	0	110	100%	0	2	0	39	0.98	0	1	0	0	61	49	T
II	689487	A	C	0	113	100%	0	2	0	39	0.98	0	1	0	0	61	52	C
II	689794	T	C	1	142	99.3%	1	2	40	39	0.98	1	1	0	1	66	76	C
II	691247	A	T	4	110	93.22%	2	2	40	37	0.98	1	1	2	2	52	58	T
II	692183	A	W	15	4	21.05%	1	2	40	43	0.98	1	1	0	15	3	1	T
II	692193	T	Y	12	2	14.29%	2	1	43	40	0.98	1	1	4	8	0	2	C
II	692301	T	Y	9	5	35.71%	2	1	42	40	0.98	1	1	1	8	0	5	C
II	692303	C	S	6	2	14.29%	2	1	40	36	0.98	1	1	1	5	0	2	G
II	692303	C	Y	6	6	42.86%	2	1	40	37	0.98	1	1	1	5	0	6	T
II	692354	C	S	2	4	66.67%	2	1	40	40	0.98	1	1	1	1	0	4	G
II	694327	A	W	8	2	20%	1	1	40	40	0.98	1	1	8	0	2	0	T
II	694546	T	Y	6	2	25%	2	1	40	40	0.98	1	1	2	4	0	2	C
II	694612	C	Y	10	3	23.08%	1	2	40	66	0.98	1	1	0	10	2	1	T
II	694684	T	C	2	10	83.33%	2	1	52	40	0.98	1	1	1	1	0	10	C
II	694694	C	S	4	9	69.23%	2	1	60	40	0.98	1	1	2	2	0	9	G
II	695827	C	T	1	4	80%	1	1	40	40	0.98	1	1	1	0	0	4	T
II	695980	T	Y	4	2	33.33%	2	1	50	40	0.98	1	1	1	3	0	2	C
II	695986	C	Y	5	2	28.57%	2	1	48	36	0.98	1	1	1	4	2	0	T
II	696160	C	Y	4	2	33.33%	2	1	36	40	0.98	1	1	3	1	0	2	T
II	696548	G	R	8	2	20%	2	1	36	40	0.98	1	1	4	4	0	2	A
II	696562	C	Y	6	2	25%	2	1	40	40	0.98	1	1	3	3	0	2	T
II	696670	C	Y	2	4	66.67%	2	1	40	40	0.98	1	1	1	1	4	0	T
II	696736	C	Y	36	2	5.26%	2	2	40	40	0.98	1	1	30	6	1	1	T
II	696836	G	R	29	5	14.71%	2	1	38	40	0.98	1	1	23	6	5	0	A
II	696868	A	T	2	16	88.89%	2	1	40	38	0.98	1	1	1	1	16	0	T
II	696870	C	G	2	16	88.89%	2	1	40	39	0.98	1	1	1	1	16	0	G
II	696882	G	S	17	3	15%	2	1	39	40	0.98	1	1	15	2	3	0	C
II	696883	T	W	15	3	16.67%	2	1	39	40	0.98	1	1	14	1	3	0	A
II	696890	C	S	7	9	56.25%	2	1	45	38	0.98	1	1	5	2	9	0	G
II	696904	T	W	5	8	61.54%	2	1	48	40	0.98	1	1	4	1	8	0	A
II	696906	G	S	5	8	61.54%	2	1	44	40	0.98	1	1	4	1	8	0	C
II	696908	G	R	12	2	14.29%	2	1	43	40	0.98	1	1	10	2	2	0	A
II	696911	C	G	1	15	93.75%	1	2	80	40	0.98	1	1	0	1	14	1	G
II	697210	T	Y	127	8	5.93%	2	2	40	33	0.98	1	1	79	48	6	2	C
II	699951	T	G	4	206	98.1%	2	2	40	39	0.98	1	1	2	2	95	111	G
II	699952	G	T	0	207	98.1%	0	2	0	39	0.98	0	1	0	0	95	112	T
II	699961	A	T	0	220	100%	0	2	0	39	0.98	0	1	0	0	102	118	T
II	700019	T	A	0	173	100%	0	2	0	39	0.98	0	1	0	0	85	88	A
II	700020	C	T	0	172	100%	0	2	0	39	0.98	0	1	0	0	86	86	T
II	700021	A	C	0	172	100%	0	2	0	39	0.98	0	1	0	0	86	86	C
II	700024	T	A	0	174	100%	0	2	0	39	0.98	0	1	0	0	87	87	A
II	700028	A	T	0	178	100%	0	2	0	39	0.98	0	1	0	0	89	89	T
II	700113	A	T	0	210	100%	0	2	0	39	0.98	0	1	0	0	111	99	T
II	783662	C	Y	132	53	28.65%	2	2	39	39	0.98	1	1	66	66	22	31	T
II	819356	C	M	73	8	9.88%	2	1	39	30	0.98	1	1	41	32	0	8	A
II	819360	G	R	65	8	10.96%	2	1	39	26	0.98	1	1	43	22	0	8	A
II	819361	C	M	69	10	12.66%	2	1	39	36	0.98	1	1	44	25	0	10	A
II	832390	C	Y	131	8	5.76%	2	2	39	28	0.98	1	1	22	109	7	1	T
II	837485	C	M	91	16	14.95%	2	1	39	30	0.98	1	1	23	68	16	0	A
II	847455	T	K	148	13	8.07%	2	1	38	30	0.98	1	1	74	74	0	13	G
II	869806	G	C	0	215	100%	0	2	0	40	0.98	0	1	0	0	114	101	C
II	879033	T	A	0	224	100%	0	2	0	39	0.98	0	1	0	0	90	134	A
II	923543	C	A	0	213	100%	0	2	0	40	0.98	0	1	0	0	108	105	A
II	943554	C	A	0	189	100%	0	2	0	39	0.98	0	1	0	0	96	93	A
II	953201	A	G	0	206	100%	0	2	0	40	0.98	0	1	0	0	108	98	G
II	967094	A	G	0	214	100%	0	2	0	39	0.98	0	1	0	0	110	104	G
II	991749	T	K	111	15	11.9%	2	1	39	29	0.98	1	1	96	15	0	15	G
II	997668	G	R	169	25	12.89%	2	2	39	39	0.98	1	1	117	52	9	16	A
II	997671	G	R	144	29	15.18%	2	2	39	40	0.98	1	1	103	41	13	16	A
II	1019511	A	W	29	6	16.67%	2	2	40	34	0.98	1	1	17	12	3	3	T
II	1020445	G	R	102	6	5.5%	2	1	39	24	0.98	1	1	93	9	0	6	A
II	1020447	G	R	110	10	8.2%	2	1	37	25	0.98	1	1	92	18	0	10	A
II	1020449	T	Y	127	15	10.56%	2	1	38	27	0.98	1	1	95	32	0	15	C
II	1044682	T	K	89	5	5.21%	2	1	37	30	0.98	1	1	43	46	0	5	G
II	1044910	A	R	68	7	9.21%	2	1	40	35	0.98	1	1	31	37	0	7	G
II	1045309	A	M	131	7	5.07%	2	1	39	28	0.98	1	1	79	52	7	0	C
II	1062152	A	R	106	11	9.4%	2	1	39	29	0.98	1	1	13	93	11	0	G
II	1068514	A	M	144	9	5.88%	2	1	38	29	0.98	1	1	45	99	9	0	C
II	1068524	A	M	147	13	8.12%	2	1	38	28	0.98	1	1	57	90	13	0	C
II	1155903	T	A	0	215	100%	0	2	0	39	0.98	0	1	0	0	106	109	A
II	1159678	G	C	0	195	100%	0	2	0	39	0.98	0	1	0	0	86	109	C
II	1159694	A	T	0	195	100%	0	2	0	39	0.98	0	1	0	0	86	109	T
II	1163155	T	A	2	8	80%	1	2	40	40	0.98	1	1	0	2	4	4	A
II	1225132	C	Y	112	7	5.88%	2	1	39	28	0.98	1	1	97	15	0	7	T
II	1225144	A	R	100	7	6.54%	2	1	39	28	0.98	1	1	92	8	0	7	G
II	1245743	C	Y	107	7	6.14%	2	1	38	26	0.98	1	1	25	82	7	0	T
II	1255439	T	K	114	14	10.94%	2	1	39	28	0.98	1	1	101	13	0	14	G
II	1255444	T	K	111	8	6.72%	2	1	39	28	0.98	1	1	101	10	0	8	G
II	1265909	T	Y	124	7	5.34%	2	1	39	28	0.98	1	1	97	27	0	7	C
II	1267087	T	K	119	7	5.56%	2	1	39	28	0.98	1	1	88	31	0	7	G
II	1290518	A	M	116	10	7.94%	2	1	38	28	0.98	1	1	29	87	10	0	C
II	1302966	C	Y	96	6	5.88%	2	1	37	24	0.98	1	1	16	80	6	0	T
II	1308619	T	K	11	4	26.67%	2	2	38	40	0.98	1	1	3	8	3	1	G
II	1312288	T	Y	125	8	6.02%	2	1	38	30	0.98	1	1	61	64	8	0	C
II	1312336	A	M	144	11	7.1%	2	1	39	29	0.98	1	1	70	74	11	0	C
II	1396879	G	R	118	12	9.23%	2	1	38	28	0.98	1	1	102	16	0	12	A
II	1413588	T	C	0	212	100%	0	2	0	40	0.98	0	1	0	0	109	103	C
II	1448456	C	Y	152	9	5.59%	2	1	39	25	0.98	1	1	29	123	9	0	T
II	1453981	G	R	111	6	5.13%	2	1	38	26	0.98	1	1	97	14	0	6	A
II	1453990	G	R	118	11	8.53%	2	1	38	29	0.98	1	1	97	21	0	11	A
II	1456227	A	M	149	8	5.1%	2	1	37	26	0.98	1	1	55	94	8	0	C
II	1467503	A	M	113	10	8.13%	2	1	38	27	0.98	1	1	20	93	10	0	C
II	1514087	T	Y	218	14	6.03%	2	2	40	40	0.98	1	1	130	88	5	9	C
II	1528107	A	M	132	12	8.33%	2	1	39	29	0.98	1	1	23	109	12	0	C
II	1549770	T	Y	142	11	7.19%	2	1	38	32	0.98	1	1	101	41	0	11	C
II	1552841	A	R	193	17	8.1%	2	2	40	39	0.98	1	1	83	110	9	8	G
II	1555935	C	M	184	35	15.98%	2	2	39	40	0.98	1	1	117	67	13	22	A
II	1588936	G	R	63	19	13.87%	2	2	38	37	0.98	1	1	47	16	2	17	A
II	1599258	A	M	141	8	5.37%	2	1	39	28	0.98	1	1	40	101	8	0	C
II	1609178	A	W	239	60	20.07%	2	2	39	39	0.98	1	1	119	120	50	10	T
II	1634843	T	Y	135	22	10.28%	2	2	39	39	0.98	1	1	75	60	12	10	C
II	1635337	G	T	0	14	100%	0	2	0	37	0.98	0	1	0	0	7	7	T
II	1672859	C	T	0	208	100%	0	2	0	40	0.98	0	1	0	0	87	121	T
II	1673002	G	C	0	204	100%	0	2	0	39	0.98	0	1	0	0	113	91	C
II	1678206	A	W	12	4	23.53%	2	1	38	40	0.98	1	1	7	5	4	0	T
II	1678372	T	Y	120	14	10.45%	2	1	38	28	0.98	1	1	93	27	0	14	C
II	1678693	T	A	0	201	100%	0	2	0	39	0.98	0	1	0	0	118	83	A
II	1682319	A	R	133	9	6.34%	2	1	38	25	0.98	1	1	23	110	9	0	G
II	1683324	T	G	0	206	100%	0	2	0	40	0.98	0	1	0	0	112	94	G
II	1697124	C	T	0	221	100%	0	2	0	40	0.98	0	1	0	0	98	123	T
II	1716256	G	K	86	15	11.9%	2	1	37	30	0.98	1	1	61	25	0	15	+T
II	1716272	C	Y	60	103	63.19%	2	2	36	39	0.98	1	1	26	34	51	52	T
II	1716273	T	Y	60	93	60.78%	2	2	38	38	0.98	1	1	31	29	44	49	C
II	1716288	G	T	1	116	99.15%	1	2	40	40	0.98	1	1	1	0	60	56	T
II	1716318	A	G	0	156	100%	0	2	0	39	0.98	0	1	0	0	70	86	G
II	1716320	T	G	0	163	100%	0	2	0	39	0.98	0	1	0	0	78	85	G
II	1716326	G	T	0	173	100%	0	2	0	39	0.98	0	1	0	0	88	85	T
II	1748587	G	R	84	7	7.61%	2	2	36	35	0.98	1	1	53	31	1	6	A
II	1748640	T	K	73	4	5.19%	2	1	38	24	0.98	1	1	50	23	0	4	G
II	1748647	A	R	30	4	11.76%	2	1	38	40	0.98	1	1	19	11	0	4	G
II	1749171	G	R	96	14	12.73%	2	1	38	26	0.98	1	1	77	19	0	14	A
II	1749177	G	R	100	7	6.54%	2	1	37	30	0.98	1	1	72	28	0	7	A
II	1784826	G	A	0	218	100%	0	2	0	40	0.98	0	1	0	0	113	105	A
II	1805302	T	K	93	6	6.06%	2	1	38	34	0.98	1	1	57	36	0	6	G
II	1805315	C	Y	68	5	6.25%	2	1	39	36	0.98	1	1	43	25	0	5	+T
II	1805347	G	K	75	5	6.25%	2	2	38	35	0.98	1	1	25	50	4	1	T
II	1812427	A	R	208	29	12.24%	2	2	40	40	0.98	1	1	123	85	7	22	G
II	1819309	C	Y	112	8	6.67%	2	1	38	30	0.98	1	1	27	85	8	0	T
II	1826215	T	K	126	10	7.35%	2	1	39	27	0.98	1	1	95	31	0	10	G
II	1833810	T	Y	117	9	7.14%	2	1	38	27	0.98	1	1	83	34	0	9	C
II	1849777	G	A	0	202	100%	0	2	0	39	0.98	0	1	0	0	106	96	A
II	1855356	T	Y	114	40	25.97%	2	1	39	33	0.98	1	1	113	1	0	40	C
II	1859075	T	K	104	9	7.96%	2	1	39	27	0.98	1	1	89	15	0	9	G
II	1861421	G	T	0	2	100%	0	2	0	40	0.98	0	1	0	0	1	1	T
II	1868122	G	K	40	10	9.52%	2	2	38	38	0.98	1	1	22	18	1	9	+T
II	1952071	T	K	129	33	20.37%	2	2	39	36	0.98	1	1	16	113	11	22	G
II	1962419	T	A	0	234	100%	0	2	0	40	0.98	0	1	0	0	121	113	A
II	1962439	A	G	0	241	100%	0	2	0	40	0.98	0	1	0	0	122	119	G
II	1962458	T	A	0	231	100%	0	2	0	40	0.98	0	1	0	0	121	110	A
II	1987098	C	A	0	181	100%	0	2	0	39	0.98	0	1	0	0	86	95	A
II	1987102	G	S	3	2	40%	1	2	40	40	0.98	1	1	0	3	1	1	C
II	1987118	G	K	4	3	42.86%	2	1	40	40	0.98	1	1	2	2	0	3	T
II	2015268	G	T	0	198	100%	0	2	0	39	0.98	0	1	0	0	96	102	T
II	2044929	A	T	0	203	100%	0	2	0	39	0.98	0	1	0	0	114	89	T
II	2053918	C	Y	161	10	5.85%	2	1	39	28	0.98	1	1	64	97	10	0	T
II	2115443	C	Y	67	5	6.94%	2	1	39	27	0.98	1	1	1	66	5	0	T
II	2115444	A	R	68	47	40.87%	2	2	39	32	0.98	1	1	4	64	46	1	G
II	2115447	C	Y	80	14	14.89%	2	1	37	27	0.98	1	1	16	64	14	0	T
II	2115448	A	R	79	13	14.13%	2	1	37	28	0.98	1	1	14	65	13	0	G
II	2115451	C	Y	72	17	19.1%	2	1	38	25	0.98	1	1	7	65	17	0	T
II	2115478	C	Y	74	12	13.95%	2	1	37	26	0.98	1	1	11	63	12	0	T
II	2148295	G	T	1	4	80%	1	1	40	40	0.98	1	1	0	1	4	0	T
II	2228775	T	G	1	188	99.47%	1	2	40	39	0.98	1	1	0	1	89	99	G
II	2228777	G	T	1	189	99.47%	1	2	40	40	0.98	1	1	0	1	89	100	T
II	2293298	A	R	13	2	13.33%	2	1	40	32	0.98	1	1	10	3	0	2	G
II	2318732	T	K	153	9	5.56%	2	1	39	24	0.98	1	1	99	54	0	9	G
II	2318768	A	R	137	12	8.05%	2	1	38	29	0.98	1	1	92	45	0	12	G
II	2333320	G	S	91	32	25.81%	2	1	39	29	0.98	1	1	87	4	0	32	C
II	2333321	T	Y	141	9	6%	2	1	38	27	0.98	1	1	86	55	0	9	C
II	2359223	A	R	129	7	5.15%	2	1	38	26	0.98	1	1	36	93	7	0	G
II	2359224	A	R	126	19	13.1%	2	1	37	29	0.98	1	1	32	94	19	0	G
II	2359225	C	S	104	13	11.11%	2	1	39	26	0.98	1	1	10	94	13	0	G
II	2436580	C	G	0	213	100%	0	2	0	40	0.98	0	1	0	0	100	113	G
II	2437612	A	W	240	42	14.84%	2	2	41	35	0.98	1	1	118	122	32	10	T
II	2437627	C	Y	200	121	37.69%	2	2	39	39	0.98	1	1	86	114	82	39	T
II	2437629	G	R	266	54	16.88%	2	2	43	40	0.98	1	1	120	146	43	11	A
II	2437646	G	R	275	76	21.65%	2	2	43	36	0.98	1	1	137	138	54	22	A
II	2437651	T	W	329	23	6.52%	2	1	43	34	0.98	1	1	148	181	23	0	A
II	2437655	G	R	326	37	10.19%	2	2	43	34	0.98	1	1	156	170	35	2	A
II	2437661	T	W	319	36	10.11%	2	2	43	35	0.98	1	1	152	167	35	1	A
II	2437666	T	Y	338	27	7.4%	2	1	45	36	0.98	1	1	154	184	27	0	C
II	2437684	T	W	229	121	33.99%	2	2	50	39	0.98	1	1	160	69	17	104	A
II	2437688	A	R	241	120	33.24%	2	2	50	38	0.98	1	1	166	75	16	104	G
II	2437737	A	R	320	19	5.6%	2	2	43	36	0.98	1	1	162	158	13	6	G
II	2437769	A	W	271	18	6.16%	2	2	39	35	0.98	1	1	131	140	11	7	T
II	2437771	A	M	287	28	8.86%	2	2	39	38	0.98	1	1	144	143	21	7	C
II	2437780	A	W	246	16	6.02%	2	2	39	39	0.98	1	1	111	135	10	6	T
II	2437855	A	M	165	71	30.08%	2	2	39	39	0.98	1	1	117	48	10	61	C
II	2437918	T	Y	171	30	14.93%	2	1	40	39	0.98	1	1	105	66	0	30	C
II	2437936	A	W	190	17	8.21%	2	1	39	40	0.98	1	1	104	86	0	17	T
II	2437942	G	K	183	15	7.58%	2	1	39	40	0.98	1	1	103	80	0	15	T
II	2437951	C	Y	186	12	6.06%	2	1	40	40	0.98	1	1	101	85	0	12	T
II	2443212	A	M	49	3	5.77%	2	1	39	24	0.98	1	1	12	37	3	0	C
II	2443872	T	W	77	6	7.14%	2	1	39	40	0.98	1	1	65	12	0	6	A
II	2443873	T	W	49	12	13.19%	2	1	39	40	0.98	1	1	36	13	0	12	A
II	2443898	C	M	73	10	12.05%	2	1	39	25	0.98	1	1	25	48	10	0	A
II	2444543	T	C	0	205	100%	0	2	0	39	0.98	0	1	0	0	103	102	C
II	2523606	T	K	88	7	7.37%	2	1	39	26	0.98	1	1	59	29	0	7	G
II	2523624	C	M	64	4	5.88%	2	1	39	28	0.98	1	1	43	21	0	4	A
II	2552672	A	R	114	10	8.06%	2	1	37	33	0.98	1	1	92	22	0	10	G
II	2579475	C	M	126	20	13.7%	2	1	38	30	0.98	1	1	37	89	20	0	A
II	2619411	T	K	96	6	5.88%	2	1	39	26	0.98	1	1	47	49	0	6	G
II	2640785	T	W	32	8	6.61%	2	1	40	36	0.98	1	1	22	10	0	8	A
II	2676336	C	T	0	207	100%	0	2	0	40	0.98	0	1	0	0	94	113	T
II	2755340	T	Y	33	4	10.81%	2	2	40	40	0.98	1	1	12	21	1	3	C
II	2798041	T	Y	3	3	50%	2	1	40	40	0.98	1	1	1	2	0	3	C
II	2798515	G	A	0	14	100%	0	2	0	40	0.98	0	1	0	0	10	4	A
II	2806053	G	A	0	206	100%	0	2	0	39	0.98	0	1	0	0	94	112	A
II	2877094	A	M	144	11	7.1%	2	1	39	25	0.98	1	1	32	112	11	0	C
II	2894539	A	W	41	6	12.5%	2	2	39	37	0.98	1	1	16	25	4	2	T
II	2901509	G	T	0	203	100%	0	2	0	40	0.98	0	1	0	0	99	104	T
II	2941601	C	M	165	9	5.17%	2	2	37	32	0.98	1	1	67	98	7	2	A
II	2972491	G	R	121	16	11.68%	2	1	39	30	0.98	1	1	115	6	0	16	A
II	3006137	A	T	0	195	100%	0	2	0	39	0.98	0	1	0	0	105	90	T
II	3047425	A	R	120	12	9.09%	2	1	39	28	0.98	1	1	18	102	12	0	G
II	3072324	A	M	135	17	11.18%	2	1	38	25	0.98	1	1	34	101	17	0	C
II	3164383	G	R	135	56	29.32%	2	2	40	41	0.98	1	1	72	63	26	30	A
II	3168292	A	R	108	22	16.92%	2	1	37	29	0.98	1	1	8	100	22	0	G
II	3168957	T	K	141	17	10.76%	2	1	39	28	0.98	1	1	122	19	0	17	G
II	3287931	T	K	140	8	5.41%	2	1	39	25	0.98	1	1	91	49	0	8	G
II	3297197	T	K	133	12	8.28%	2	1	39	32	0.98	1	1	110	23	0	12	G
II	3380157	A	M	106	8	7.02%	2	1	38	32	0.98	1	1	22	84	8	0	C
II	3380160	A	M	101	8	7.34%	2	1	38	32	0.98	1	1	20	81	8	0	C
II	3380167	A	M	118	7	5.6%	2	1	38	28	0.98	1	1	33	85	7	0	C
II	3383709	G	S	119	11	8.46%	2	1	38	28	0.98	1	1	79	40	0	11	C
II	3383710	T	Y	140	10	6.67%	2	1	39	32	0.98	1	1	81	59	0	10	C
II	3391058	A	R	131	10	7.09%	2	1	37	27	0.98	1	1	30	101	10	0	G
II	3394039	T	K	128	7	5.19%	2	1	39	30	0.98	1	1	105	23	0	7	G
II	3394043	T	K	111	7	5.93%	2	1	39	26	0.98	1	1	99	12	0	7	G
II	3417583	T	Y	100	13	11.5%	2	1	39	31	0.98	1	1	91	9	0	13	C
II	3505880	T	K	127	10	7.3%	2	1	38	27	0.98	1	1	79	48	0	10	G
II	3505900	T	K	112	6	5.08%	2	1	38	24	0.98	1	1	78	34	0	6	G
II	3634818	A	M	111	20	15.27%	2	1	37	32	0.98	1	1	30	81	20	0	C
II	3676720	T	K	132	8	5.71%	2	1	39	30	0.98	1	1	102	30	0	8	G
II	3741603	G	R	119	15	11.19%	2	1	39	28	0.98	1	1	106	13	0	15	A
II	3815052	A	M	91	12	11.65%	2	1	39	32	0.98	1	1	16	75	12	0	C
II	3856940	A	M	102	7	6.42%	2	1	39	26	0.98	1	1	30	72	7	0	C
II	3856946	A	M	106	9	7.83%	2	1	39	27	0.98	1	1	33	73	9	0	C
II	3857829	A	M	115	12	9.45%	2	1	39	29	0.98	1	1	19	96	12	0	C
II	3858456	C	Y	107	9	7.76%	2	1	38	25	0.98	1	1	6	101	9	0	T
II	3860190	A	M	26	15	35.71%	2	2	39	39	0.98	1	1	10	16	8	7	C
II	3861636	C	Y	101	12	10.62%	2	1	38	28	0.98	1	1	10	91	12	0	T
II	3900498	A	R	163	9	5.23%	2	1	38	34	0.98	1	1	70	93	9	0	G
II	3975211	T	K	88	10	10.2%	2	1	39	28	0.98	1	1	62	26	0	10	G
II	3979834	A	M	105	6	5.41%	2	1	40	26	0.98	1	1	8	97	6	0	C
II	3985398	C	Y	121	8	6.2%	2	1	38	28	0.98	1	1	22	99	8	0	T
II	4007000	C	M	128	9	6.57%	2	1	37	31	0.98	1	1	48	80	9	0	A
II	4036165	C	Y	97	6	5.77%	2	1	39	29	0.98	1	1	6	91	6	0	T
II	4037197	A	R	149	9	5.29%	2	1	39	34	0.98	1	1	92	57	0	9	G
II	4070314	C	S	127	12	8.63%	2	1	38	25	0.98	1	1	14	113	12	0	G
II	4075200	A	M	124	8	6.06%	2	1	39	28	0.98	1	1	30	94	8	0	C
II	4122326	T	C	0	230	100%	0	2	0	40	0.98	0	1	0	0	119	111	C
II	4222342	A	M	92	7	7.07%	2	1	38	28	0.98	1	1	79	13	0	7	C
II	4273464	T	Y	131	10	7.09%	2	2	38	44	0.98	1	1	38	93	4	6	C
II	4335664	G	K	174	33	15.94%	2	2	40	40	0.98	1	1	81	93	18	15	T
II	4400666	A	C	0	170	100%	0	2	0	40	0.98	0	1	0	0	100	70	C
II	4419921	T	W	31	14	11.76%	2	1	39	35	0.98	1	1	22	9	0	14	A
II	4424424	A	M	118	11	8.53%	2	2	40	38	0.98	1	1	67	51	8	3	C
II	4424547	G	K	140	9	6.04%	2	2	40	40	0.98	1	1	95	45	3	6	T
II	4424552	A	M	137	9	6.16%	2	2	40	40	0.98	1	1	93	44	3	6	C
II	4437274	A	R	159	11	6.47%	2	1	38	26	0.98	1	1	64	95	11	0	G
II	4497110	G	K	117	8	6.25%	2	1	39	38	0.98	1	1	90	27	0	8	T
II	4497276	T	Y	183	11	5.67%	2	1	39	40	0.98	1	1	111	72	0	11	C
II	4505717	A	R	186	26	12.26%	2	2	39	40	0.98	1	1	92	94	9	17	G
II	4513966	A	R	314	44	12.29%	2	2	39	38	0.98	1	1	137	177	23	21	G
II	4513980	A	W	324	35	9.75%	2	2	39	39	0.98	1	1	141	183	20	15	T
II	4517044	T	Y	362	26	6.7%	2	2	39	38	0.98	1	1	170	192	11	15	C
II	4517047	T	Y	258	40	10.03%	2	2	39	39	0.98	1	1	131	127	16	24	C
II	4521636	C	Y	166	134	44.67%	2	2	39	39	0.98	1	1	101	65	72	62	T
II	4523882	C	Y	222	210	48.61%	2	2	39	40	0.98	1	1	114	108	122	88	T
II	4525340	G	K	156	33	13.1%	2	1	38	36	0.98	1	1	114	42	0	33	+T
II	4525822	C	Y	249	77	23.62%	2	2	39	39	0.98	1	1	122	127	23	54	T
II	4525894	C	Y	185	32	14.75%	2	1	39	39	0.98	1	1	92	93	0	32	T
II	4525966	C	Y	206	57	21.67%	2	2	40	40	0.98	1	1	108	98	10	47	T
II	4526147	C	Y	121	19	13.57%	2	1	36	29	0.98	1	1	16	105	19	0	T
II	4526148	A	R	143	16	10.06%	2	1	36	29	0.98	1	1	35	108	16	0	G
II	4526151	C	Y	100	17	13.93%	2	1	37	26	0.98	1	1	2	98	17	0	T
II	4526266	T	Y	162	27	14.29%	2	1	39	31	0.98	1	1	147	15	0	27	C
II	4526267	T	Y	178	12	6.32%	2	1	37	25	0.98	1	1	150	28	0	12	C
II	4526268	G	R	167	10	5.65%	2	1	38	25	0.98	1	1	150	17	0	10	A
II	4526824	T	K	121	12	9.02%	2	1	38	26	0.98	1	1	75	46	0	12	G
II	4526840	A	R	112	13	10.4%	2	1	38	28	0.98	1	1	78	34	0	13	G
II	4527879	G	S	450	117	20.63%	2	2	40	38	0.98	1	1	212	238	54	63	C
II	4527881	C	Y	448	116	20.57%	2	2	39	39	0.98	1	1	210	238	54	62	T
II	4529116	T	Y	354	297	45.62%	2	2	40	39	0.98	1	1	174	180	135	162	C
II	4529965	A	R	354	285	44.6%	2	2	39	40	0.98	1	1	211	143	133	152	G
II	4530323	G	R	459	80	14.84%	2	2	40	39	0.98	1	1	217	242	39	41	A
II	4530797	C	Y	449	134	22.98%	2	2	39	40	0.98	1	1	235	214	70	64	T
II	4531033	G	S	363	266	42.29%	2	2	40	39	0.98	1	1	188	175	130	136	C
II	4531092	G	R	362	285	44.05%	2	2	39	39	0.98	1	1	202	160	151	134	A
II	4531414	T	Y	350	290	45.31%	2	2	40	39	0.98	1	1	147	203	121	169	C
II	4531492	A	R	543	135	19.88%	2	2	40	40	0.98	1	1	253	290	61	74	G
II	4531592	G	R	317	271	46.09%	2	2	39	40	0.98	1	1	175	142	139	132	A
II	4531749	C	Y	343	245	41.67%	2	2	40	39	0.98	1	1	183	160	123	122	T
II	4531764	A	R	264	338	56.05%	2	2	39	39	0.98	1	1	125	139	183	155	G
II	4532088	G	K	279	359	56.27%	2	2	39	39	0.98	1	1	138	141	179	180	T
II	4532323	C	Y	704	122	14.77%	2	2	40	40	0.98	1	1	433	271	78	44	T
II	4533394	T	Y	657	521	44.19%	2	2	40	39	0.98	1	1	306	351	238	283	C
II	4533451	T	Y	713	557	43.86%	2	2	40	40	0.98	1	1	308	405	258	299	C
II	4533598	G	R	742	461	38.32%	2	2	39	39	0.98	1	1	399	343	242	219	A
II	4533617	A	R	761	476	38.48%	2	2	39	40	0.98	1	1	412	349	261	215	G
II	4533636	C	Y	699	548	43.95%	2	2	40	40	0.98	1	1	373	326	295	253	T
II	4533744	T	Y	710	460	39.32%	2	2	40	39	0.98	1	1	362	348	236	224	C
II	4533922	G	R	654	433	39.8%	2	2	39	40	0.98	1	1	350	304	212	221	A
II	4533994	T	Y	653	477	42.21%	2	2	39	39	0.98	1	1	269	384	201	276	C
II	4534246	C	M	744	415	35.81%	2	2	40	39	0.98	1	1	403	341	219	196	A
II	4534498	A	M	769	410	34.78%	2	2	40	39	0.98	1	1	366	403	198	212	C
II	4536550	C	M	918	253	21.61%	2	2	40	39	0.98	1	1	520	398	153	100	A
II	4536728	A	R	655	62	6.37%	2	2	39	38	0.98	1	1	240	415	33	29	G
II	4537214	T	Y	629	425	40.32%	2	2	40	39	0.98	1	1	324	305	202	223	C
II	4537236	G	R	1052	98	8.52%	2	1	40	40	0.98	1	1	535	517	0	98	A
II	4537248	A	R	1087	98	8.27%	2	1	40	40	0.98	1	1	551	536	0	98	G
II	4537402	A	R	955	72	7.01%	2	2	39	39	0.98	1	1	447	508	34	38	G
II	4537844	T	Y	741	89	10.72%	2	2	39	39	0.98	1	1	240	501	77	12	C
II	4537892	A	R	658	50	7.06%	2	1	40	40	0.98	1	1	200	458	50	0	G
II	4538036	G	K	386	124	24.31%	2	2	38	40	0.98	1	1	147	239	123	1	T
II	4538038	A	R	365	125	25.51%	2	2	38	40	0.98	1	1	134	231	123	2	G
II	4538047	G	R	458	28	5.76%	2	2	39	39	0.98	1	1	258	200	20	8	A
II	4538048	C	Y	376	133	26.13%	2	2	39	40	0.98	1	1	164	212	130	3	T
II	4538052	A	R	356	154	30.2%	2	2	39	41	0.98	1	1	146	210	149	5	G
II	4538091	T	Y	398	102	19.77%	2	2	39	40	0.98	1	1	158	240	94	8	C
II	4538114	A	R	354	45	11.28%	2	2	40	40	0.98	1	1	155	199	1	44	G
II	4538115	G	K	359	43	10.7%	2	2	40	39	0.98	1	1	156	203	1	42	T
II	4538116	G	R	358	44	10.95%	2	2	40	39	0.98	1	1	155	203	1	43	A
II	4538118	G	R	353	45	11.31%	2	2	39	40	0.98	1	1	155	198	1	44	A
II	4538122	G	S	346	44	11.28%	2	2	39	38	0.98	1	1	152	194	1	43	C
II	4538125	A	W	351	45	11.36%	2	2	39	38	0.98	1	1	152	199	1	44	T
II	4538126	C	S	355	45	11.25%	2	2	40	39	0.98	1	1	154	201	1	44	G
II	4538128	A	R	357	45	11.17%	2	2	39	39	0.98	1	1	152	205	1	44	G
II	4538155	T	K	419	43	9.31%	2	1	39	40	0.98	1	1	160	259	0	43	G
II	4538164	A	W	344	107	23.73%	2	2	40	39	0.98	1	1	157	187	1	106	T
II	4538203	A	W	328	20	5.7%	2	1	40	42	0.98	1	1	150	178	0	20	T
II	4538216	A	W	328	20	5.75%	2	1	40	41	0.98	1	1	150	178	0	20	T
II	4538244	A	R	321	17	5.03%	2	1	40	39	0.98	1	1	157	164	0	17	G
II	4538366	G	R	193	61	24.02%	2	2	38	39	0.98	1	1	54	139	2	59	A
II	4538531	T	W	298	17	5.4%	2	1	39	40	0.98	1	1	136	162	17	0	A
II	4538532	C	Y	299	17	5.38%	2	1	39	40	0.98	1	1	136	163	17	0	T
II	4538541	C	Y	293	45	13.31%	2	1	40	40	0.98	1	1	135	158	45	0	T
II	4538556	T	Y	289	66	18.59%	2	1	40	40	0.98	1	1	132	157	66	0	C
II	4538591	G	R	316	126	28.51%	2	2	40	40	0.98	1	1	190	126	107	19	A
II	4539524	G	R	984	86	8.01%	2	2	39	40	0.98	1	1	406	578	49	37	A
II	4539673	T	W	626	82	11.58%	2	2	40	39	0.98	1	1	133	493	19	63	A
II	4539725	T	Y	526	73	12.19%	2	2	40	39	0.98	1	1	40	486	8	65	C
III	46959	A	W	37	3	5.26%	2	1	38	37	0.98	1	1	20	17	0	3	+AT
III	54823	C	M	186	13	6.53%	2	2	39	40	0.98	1	1	89	97	5	8	A
III	72841	T	K	118	8	6.35%	2	1	37	28	0.98	1	1	89	29	0	8	G
III	72845	T	K	110	17	13.39%	2	1	38	26	0.98	1	1	89	21	0	17	G
III	107015	C	Y	132	11	7.69%	2	1	37	28	0.98	1	1	23	109	11	0	T
III	113533	T	K	132	8	5.71%	2	1	40	24	0.98	1	1	123	9	0	8	G
III	123340	N	A	0	151	100%	0	2	0	38	0.98	0	1	0	0	68	83	A
III	207168	T	K	83	7	7.61%	2	1	39	28	0.98	1	1	61	22	0	7	G
III	207199	T	Y	94	5	5.05%	2	1	37	30	0.98	1	1	34	60	5	0	C
III	227395	C	S	224	20	8.2%	2	2	39	38	0.98	1	1	112	112	19	1	G
III	227397	C	S	226	21	8.5%	2	2	39	39	0.98	1	1	113	113	20	1	G
III	227730	A	T	0	224	100%	0	2	0	40	0.98	0	1	0	0	107	117	T
III	227769	T	Y	210	12	5.41%	2	2	39	40	0.98	1	1	113	97	1	11	C
III	227776	T	Y	209	11	5%	2	2	40	40	0.98	1	1	115	94	1	10	C
III	253907	A	W	52	19	13.1%	2	2	40	39	0.98	1	1	27	25	10	9	+T
III	284657	C	A	0	217	100%	0	2	0	40	0.98	0	1	0	0	122	95	A
III	285340	C	Y	121	7	5.47%	2	1	37	28	0.98	1	1	26	95	7	0	T
III	285344	C	Y	138	11	7.38%	2	1	37	26	0.98	1	1	47	91	11	0	T
III	286594	T	W	57	11	8.15%	2	2	38	37	0.98	1	1	37	20	5	6	A
III	286616	C	M	94	13	12.15%	2	2	38	31	0.98	1	1	18	76	12	1	A
III	286619	C	M	104	7	6.31%	2	1	38	33	0.98	1	1	26	78	7	0	A
III	286620	G	R	92	14	13.21%	2	1	39	32	0.98	1	1	17	75	14	0	A
III	286630	G	R	126	9	6.67%	2	1	38	34	0.98	1	1	46	80	9	0	A
III	368343	T	K	154	12	7.23%	2	1	38	29	0.98	1	1	128	26	0	12	G
III	381316	T	Y	112	29	20.57%	2	1	39	30	0.98	1	1	105	7	0	29	C
III	389918	A	M	122	14	10.29%	2	1	39	34	0.98	1	1	10	112	14	0	C
III	389933	A	M	130	22	14.47%	2	1	40	28	0.98	1	1	29	101	22	0	C
III	393123	T	Y	133	10	6.99%	2	1	38	30	0.98	1	1	118	15	0	10	C
III	393137	G	R	144	8	5.26%	2	1	38	26	0.98	1	1	123	21	0	8	A
III	423603	T	K	145	9	5.84%	2	1	39	27	0.98	1	1	108	37	0	9	G
III	450385	G	R	213	15	6.58%	2	2	39	42	0.98	1	1	94	119	8	7	A
III	563337	G	R	123	7	5.38%	2	1	38	28	0.98	1	1	112	11	0	7	A
III	594520	A	R	138	8	5.48%	2	1	38	30	0.98	1	1	30	108	8	0	G
III	623552	C	M	139	16	10.26%	2	1	38	32	0.98	1	1	31	108	16	0	A
III	698652	T	K	136	12	8.11%	2	1	39	26	0.98	1	1	113	23	0	12	G
III	714637	T	Y	115	8	6.5%	2	1	37	30	0.98	1	1	85	30	0	8	C
III	717678	T	W	47	3	6%	2	2	38	34	0.98	1	1	20	27	2	1	A
III	719971	G	T	0	54	100%	0	2	0	40	0.98	0	1	0	0	22	32	T
III	719976	G	A	0	50	100%	0	2	0	40	0.98	0	1	0	0	20	30	A
III	719978	G	A	0	50	100%	0	2	0	39	0.98	0	1	0	0	20	30	A
III	719979	A	T	0	49	100%	0	2	0	39	0.98	0	1	0	0	19	30	T
III	719981	G	T	0	50	100%	0	2	0	40	0.98	0	1	0	0	20	30	T
III	719985	G	T	0	50	100%	0	2	0	40	0.98	0	1	0	0	20	30	T
III	719987	G	T	0	50	100%	0	2	0	40	0.98	0	1	0	0	20	30	T
III	719988	A	T	0	49	100%	0	2	0	40	0.98	0	1	0	0	20	29	T
III	719990	G	T	0	50	100%	0	2	0	40	0.98	0	1	0	0	20	30	T
III	719991	A	T	0	51	100%	0	2	0	40	0.98	0	1	0	0	21	30	T
III	720001	C	T	0	165	100%	0	2	0	39	0.98	0	1	0	0	87	78	T
III	720549	A	R	102	6	5.56%	2	1	37	29	0.98	1	1	63	39	0	6	G
III	720555	C	Y	95	5	5%	2	1	38	27	0.98	1	1	64	31	0	5	T
III	720593	A	M	107	7	6.14%	2	1	38	26	0.98	1	1	37	70	7	0	C
III	722893	C	Y	93	5	5%	2	1	39	27	0.98	1	1	3	90	5	0	T
III	742669	T	K	119	13	9.85%	2	1	39	28	0.98	1	1	93	26	0	13	G
III	742729	C	Y	95	22	18.8%	2	1	38	29	0.98	1	1	18	77	22	0	T
III	867866	T	Y	20	2	9.09%	2	1	40	40	0.98	1	1	7	13	2	0	C
III	936692	A	R	88	5	5.38%	2	1	39	33	0.98	1	1	51	37	0	5	G
III	936699	C	Y	75	15	16.67%	2	1	38	32	0.98	1	1	50	25	0	15	T
III	959736	A	C	0	193	100%	0	2	0	40	0.98	0	1	0	0	80	113	C
III	962376	C	Y	486	47	8.82%	2	2	42	41	0.98	1	1	258	228	23	24	T
III	962574	T	Y	78	7	8.24%	2	2	43	37	0.98	1	1	36	42	2	5	C
III	962610	C	Y	197	12	5.74%	2	2	41	37	0.98	1	1	107	90	9	3	T
III	963322	G	R	167	11	6.15%	2	2	40	40	0.98	1	1	106	61	1	10	A
III	963343	A	G	3	179	98.35%	1	2	40	40	0.98	1	1	0	3	109	70	G
III	966813	A	M	125	7	5.3%	2	1	39	28	0.98	1	1	12	113	7	0	C
III	970572	A	M	109	14	11.38%	2	1	38	29	0.98	1	1	29	80	14	0	C
III	970575	A	M	129	10	7.19%	2	1	38	28	0.98	1	1	50	79	10	0	C
III	985842	A	M	90	5	5.26%	2	1	37	30	0.98	1	1	13	77	5	0	C
III	985871	C	Y	41	10	19.61%	2	1	36	32	0.98	1	1	19	22	0	10	T
III	999315	A	M	103	8	7.21%	2	1	39	28	0.98	1	1	17	86	8	0	C
III	1025206	A	M	129	8	5.84%	2	1	39	24	0.98	1	1	24	105	8	0	C
III	1047073	A	M	137	17	11.04%	2	1	38	30	0.98	1	1	41	96	17	0	C
III	1047084	A	M	141	8	5.37%	2	1	39	30	0.98	1	1	54	87	8	0	C
III	1082294	G	K	547	33	5.69%	2	2	39	40	0.98	1	1	218	329	16	17	T
III	1083448	N	A	0	5	100%	0	1	0	40	0.98	0	1	0	0	5	0	A
III	1084286	G	K	201	79	28.21%	2	2	39	40	0.98	1	1	115	86	31	48	T
III	1086655	A	W	233	38	14.02%	2	2	40	39	0.98	1	1	128	105	33	5	T
III	1095550	G	K	80	10	8.4%	2	1	37	30	0.98	1	1	53	27	0	10	-T
III	1103444	C	M	140	15	9.68%	2	1	39	31	0.98	1	1	34	106	15	0	A
III	1114661	C	M	156	62	28.44%	2	2	39	40	0.98	1	1	62	94	33	29	A
III	1114823	C	Y	45	3	6.25%	2	1	39	40	0.98	1	1	24	21	3	0	T
III	1114838	T	Y	31	2	6.06%	2	2	40	40	0.98	1	1	19	12	1	1	C
III	1117064	C	Y	18	2	10%	1	1	40	40	0.98	1	1	0	18	0	2	T
III	1121421	C	M	177	81	31.4%	2	2	39	40	0.98	1	1	60	117	42	39	A
III	1121596	C	Y	22	2	8.33%	2	1	39	40	0.98	1	1	10	12	0	2	T
III	1121598	T	Y	24	2	7.69%	2	2	39	40	0.98	1	1	10	14	1	1	C
III	1123824	C	Y	16	2	11.11%	1	1	40	40	0.98	1	1	0	16	0	2	T
III	1128181	C	M	148	64	30.19%	2	2	40	39	0.98	1	1	59	89	34	30	A
III	1128356	C	Y	35	3	7.89%	2	1	39	40	0.98	1	1	17	18	0	3	T
III	1128358	T	Y	35	2	5.41%	2	2	40	40	0.98	1	1	18	17	1	1	C
III	1134941	C	M	181	57	23.95%	2	2	40	40	0.98	1	1	67	114	25	32	A
III	1135116	C	Y	31	3	8.82%	2	2	40	40	0.98	1	1	18	13	1	2	T
III	1135118	T	Y	34	2	5.56%	2	1	39	40	0.98	1	1	20	14	0	2	C
III	1168328	T	C	0	137	100%	0	2	0	38	0.98	0	1	0	0	70	67	C
III	1168363	G	A	3	143	97.95%	2	2	40	39	0.98	1	1	2	1	70	73	A
III	1168405	T	Y	131	8	5.76%	2	1	38	26	0.98	1	1	54	77	8	0	C
III	1207130	T	K	152	12	7.32%	2	1	39	25	0.98	1	1	120	32	0	12	G
III	1239214	T	W	26	9	5.26%	2	1	39	40	0.98	1	1	12	14	0	9	A
III	1252491	T	K	95	8	7.77%	2	1	39	30	0.98	1	1	50	45	0	8	G
III	1252495	T	K	81	7	7.95%	2	1	39	26	0.98	1	1	43	38	0	7	G
III	1252505	G	K	51	7	10.45%	2	1	38	40	0.98	1	1	30	21	0	7	+TT
III	1266987	C	T	28	174	86.14%	2	2	39	40	0.98	1	1	14	14	77	97	T
III	1285827	T	Y	119	16	11.85%	2	1	38	29	0.98	1	1	104	15	0	16	C
III	1341577	A	R	152	9	5.59%	2	1	38	32	0.98	1	1	38	114	9	0	G
III	1349571	T	K	131	25	16.03%	2	1	39	30	0.98	1	1	116	15	0	25	G
III	1374938	A	T	0	231	100%	0	2	0	40	0.98	0	1	0	0	139	92	T
III	1395386	A	R	118	7	5.6%	2	1	39	30	0.98	1	1	92	26	0	7	G
III	1395394	G	K	103	19	14.39%	2	2	39	32	0.98	1	1	81	22	1	18	T
III	1395445	G	K	94	9	8.74%	2	1	37	25	0.98	1	1	45	49	9	0	T
III	1400856	T	K	169	14	7.65%	2	1	39	26	0.98	1	1	140	29	0	14	G
III	1430572	C	Y	119	7	5.56%	2	1	38	24	0.98	1	1	31	88	7	0	T
III	1430577	A	R	103	40	27.97%	2	1	39	31	0.98	1	1	9	94	40	0	G
III	1430578	C	S	97	17	14.78%	2	1	39	26	0.98	1	1	4	93	17	0	G
III	1450124	A	R	150	13	7.98%	2	1	37	36	0.98	1	1	42	108	13	0	G
III	1450125	A	R	154	18	10.47%	2	2	38	30	0.98	1	1	46	108	17	1	G
III	1493950	A	R	117	62	34.64%	2	1	39	39	0.98	1	1	64	53	62	0	G
III	1494129	T	K	248	63	20.26%	2	2	42	38	0.98	1	1	116	132	18	45	G
III	1494164	A	R	189	38	16.74%	2	2	38	37	0.98	1	1	118	71	16	22	G
III	1494181	A	W	198	23	10.41%	2	2	38	38	0.98	1	1	121	77	13	10	T
III	1494187	T	W	194	13	6.25%	2	2	39	37	0.98	1	1	124	70	9	4	A
III	1494192	G	R	198	11	5.26%	2	2	39	35	0.98	1	1	125	73	10	1	A
III	1494282	G	R	196	116	37.18%	2	2	40	39	0.98	1	1	106	90	26	90	A
III	1494303	G	R	199	82	29.18%	2	2	40	39	0.98	1	1	106	93	19	63	A
III	1494306	A	W	198	78	28.26%	2	2	39	38	0.98	1	1	103	95	16	62	T
III	1494312	A	R	192	75	28.09%	2	2	40	39	0.98	1	1	101	91	18	57	G
III	1494315	A	R	193	70	26.62%	2	2	39	39	0.98	1	1	102	91	18	52	G
III	1494318	A	R	195	70	26.42%	2	2	40	39	0.98	1	1	101	94	18	52	G
III	1494327	T	K	191	67	25.87%	2	2	40	39	0.98	1	1	97	94	18	49	G
III	1510589	T	K	139	8	5.44%	2	1	38	28	0.98	1	1	84	55	0	8	G
III	1544660	G	R	159	10	5.92%	2	1	38	25	0.98	1	1	98	61	0	10	A
III	1557879	A	M	135	8	5.59%	2	1	38	32	0.98	1	1	25	110	8	0	C
III	1561154	A	M	133	10	6.99%	2	1	39	26	0.98	1	1	26	107	10	0	C
III	1575947	C	Y	67	7	9.46%	2	1	39	30	0.98	1	1	55	12	0	7	T
III	1575951	G	K	45	12	13.04%	2	1	38	38	0.98	1	1	33	12	0	12	+T
III	1655392	G	R	108	7	5.19%	1	1	40	24	0.98	1	1	108	0	0	7	A
III	1655392	G	S	108	20	14.81%	1	1	40	25	0.98	1	1	108	0	0	20	C
III	1655393	T	Y	114	44	27.85%	2	1	39	32	0.98	1	1	108	6	0	44	C
III	1655396	T	Y	132	19	12.58%	2	1	37	31	0.98	1	1	105	27	0	19	C
III	1655397	T	Y	142	12	7.79%	2	1	37	29	0.98	1	1	107	35	0	12	C
III	1669049	A	R	120	32	21.05%	2	1	38	31	0.98	1	1	8	112	32	0	G
III	1674639	A	M	97	8	7.62%	2	1	38	24	0.98	1	1	22	75	8	0	C
III	1689820	G	K	192	16	7.69%	2	2	39	39	0.98	1	1	86	106	9	7	T
III	1731092	A	M	148	12	7.5%	2	1	39	25	0.98	1	1	52	96	12	0	C
III	1756401	A	W	4	4	50%	2	2	40	40	0.98	1	1	3	1	1	3	T
III	1758863	C	M	140	16	10.26%	2	2	38	28	0.98	1	1	24	116	15	1	A
III	1765401	G	T	0	225	100%	0	2	0	40	0.98	0	1	0	0	121	104	T
III	1789835	A	M	129	10	7.19%	2	1	39	27	0.98	1	1	33	96	10	0	C
III	1803425	A	R	124	8	6.06%	2	1	39	24	0.98	1	1	100	24	0	8	G
III	1821897	T	K	133	11	7.64%	2	1	38	25	0.98	1	1	85	48	0	11	G
III	1864995	C	Y	132	7	5.04%	2	1	37	28	0.98	1	1	34	98	7	0	T
III	1929127	A	R	45	5	6.67%	2	1	35	40	0.98	1	1	32	13	5	0	-G
III	2024773	A	R	99	9	8.33%	2	1	39	31	0.98	1	1	6	93	9	0	G
III	2036300	A	M	146	9	5.81%	2	1	39	24	0.98	1	1	50	96	9	0	C
III	2067529	T	K	131	16	10.88%	2	1	38	31	0.98	1	1	81	50	0	16	G
III	2067537	T	K	136	12	8.11%	2	1	38	29	0.98	1	1	80	56	0	12	G
III	2067590	C	M	104	8	7.14%	2	1	38	32	0.98	1	1	26	78	8	0	A
III	2067829	G	R	68	5	6.85%	2	1	37	33	0.98	1	1	39	29	0	5	A
III	2071516	G	K	155	9	5.45%	2	1	37	31	0.98	1	1	105	50	0	9	T
III	2074534	A	M	113	9	7.38%	2	1	39	27	0.98	1	1	22	91	9	0	C
III	2076412	G	K	139	9	6.08%	2	1	37	31	0.98	1	1	86	53	0	9	T
III	2112953	G	R	80	5	5.88%	2	1	39	30	0.98	1	1	73	7	0	5	A
III	2146438	A	M	150	8	5.06%	2	1	38	26	0.98	1	1	53	97	8	0	C
III	2167637	T	Y	148	8	5.13%	2	1	37	28	0.98	1	1	88	60	0	8	C
III	2237157	T	K	144	15	9.43%	2	1	39	34	0.98	1	1	132	12	0	15	G
III	2265171	T	K	117	7	5.65%	2	1	39	28	0.98	1	1	102	15	0	7	G
III	2324864	A	M	114	9	7.32%	2	1	39	24	0.98	1	1	24	90	9	0	C
III	2381979	G	T	0	180	100%	0	2	0	38	0.98	0	1	0	0	86	94	T
III	2382019	T	W	48	5	9.43%	2	1	38	40	0.98	1	1	28	20	5	0	A
III	2420273	A	M	72	9	11.11%	2	1	39	27	0.98	1	1	26	46	9	0	C
III	2430999	C	Y	137	8	5.52%	2	2	38	36	0.98	1	1	77	60	2	6	T
III	2439901	A	R	2385	430	15.27%	2	2	39	39	0.98	1	1	1511	874	17	413	G
III	2448311	A	W	757	47	5.68%	2	2	38	37	0.98	1	1	422	335	40	7	T
III	2450790	A	R	3542	399	10.12%	2	2	39	39	0.98	1	1	1534	2008	10	389	G
mating_type_region	18032	T	Y	125	8	6.02%	2	1	40	40	0.98	1	1	74	51	8	0	C
