Chrom	Position	Ref	Cons	Reads1	Reads2	VarFreq	Strands1	Strands2	Qual1	Qual2	Pvalue	MapQual1	MapQual2	Reads1Plus	Reads1Minus	Reads2Plus	Reads2Minus	VarAllele
chr_II_telomeric_gap	4787	G	A	0	184	100%	0	2	0	40	0.98	0	1	0	0	91	93	A
I	224	G	R	260	85	24.64%	2	2	40	39	0.98	1	1	240	20	83	2	A
I	459	C	M	230	361	61.08%	2	2	40	39	0.98	1	1	119	111	200	161	A
I	783	T	Y	243	375	60.68%	2	2	39	39	0.98	1	1	137	106	177	198	C
I	798	G	R	378	224	37.21%	2	2	39	39	0.98	1	1	183	195	107	117	A
I	955	C	Y	430	261	37.77%	2	2	39	40	0.98	1	1	201	229	113	148	T
I	1055	T	Y	534	124	18.84%	2	2	39	39	0.98	1	1	274	260	66	58	C
I	1133	A	R	400	248	38.27%	2	2	39	39	0.98	1	1	233	167	144	104	G
I	1455	C	Y	429	270	38.63%	2	2	40	39	0.98	1	1	187	242	112	158	T
I	1514	C	S	410	247	37.6%	2	2	39	39	0.98	1	1	204	206	117	130	G
I	1750	G	R	492	123	20%	2	2	39	40	0.98	1	1	233	259	57	66	A
I	2224	C	Y	481	167	25.77%	2	2	40	40	0.98	1	1	252	229	80	87	T
I	2582	T	Y	371	262	41.39%	2	2	40	40	0.98	1	1	183	188	128	134	C
I	3431	A	R	379	249	39.65%	2	2	40	40	0.98	1	1	202	177	130	119	G
I	4666	G	R	519	135	20.64%	2	2	39	40	0.98	1	1	260	259	77	58	A
I	4668	C	S	524	135	20.49%	2	2	39	39	0.98	1	1	262	262	79	56	G
I	5676	T	K	263	17	6.07%	2	1	38	31	0.98	1	1	175	88	0	17	G
I	6279	C	Y	272	15	5.23%	2	1	38	28	0.98	1	1	22	250	15	0	T
I	6280	A	R	294	30	9.26%	2	2	37	26	0.98	1	1	43	251	29	1	G
I	6281	A	R	269	65	19.46%	2	1	38	29	0.98	1	1	17	252	65	0	G
I	6398	G	R	216	29	11.55%	2	2	36	24	0.98	1	1	209	7	1	28	A
I	6401	T	Y	289	21	6.77%	2	1	37	28	0.98	1	1	222	67	0	21	C
I	6402	G	R	252	27	9.68%	2	1	37	29	0.98	1	1	210	42	0	27	A
I	6583	G	R	368	135	26.84%	2	2	40	39	0.98	1	1	187	181	64	71	A
I	6727	G	R	371	138	27.11%	2	2	39	39	0.98	1	1	194	177	61	77	A
I	6912	A	M	412	38	8.44%	2	1	39	40	0.98	1	1	207	205	0	38	C
I	8666	G	R	201	214	51.57%	2	2	39	39	0.98	1	1	87	114	96	118	A
I	10913	G	R	153	216	58.54%	2	2	39	39	0.98	1	1	87	66	128	88	A
I	18218	G	R	240	26	9.77%	2	1	40	40	0.98	1	1	121	119	26	0	A
I	18318	G	R	217	19	8.05%	2	1	40	39	0.98	1	1	100	117	19	0	A
I	18475	C	Y	211	30	12.45%	2	1	39	40	0.98	1	1	117	94	0	30	T
I	20568	A	W	62	4	5.97%	2	2	39	40	0.98	1	1	9	53	2	2	T
I	29359	T	W	192	14	6.8%	2	2	39	40	0.98	1	1	72	120	3	11	A
I	29373	T	Y	168	16	8.38%	2	2	39	40	0.98	1	1	61	107	4	12	C
I	96878	C	Y	117	20	14.6%	2	1	38	27	0.98	1	1	9	108	20	0	T
I	221894	T	K	137	8	5.48%	2	1	38	28	0.98	1	1	111	26	0	8	G
I	221904	T	K	135	8	5.59%	2	1	38	30	0.98	1	1	109	26	0	8	G
I	221907	T	K	126	14	10%	2	1	39	27	0.98	1	1	111	15	0	14	G
I	239721	C	M	145	11	7.05%	2	1	38	29	0.98	1	1	27	118	11	0	A
I	323721	T	Y	164	21	11.35%	2	1	38	28	0.98	1	1	138	26	0	21	C
I	453369	G	R	43	16	16%	2	2	39	40	0.98	1	1	27	16	1	15	A
I	456726	G	K	117	14	10.61%	2	1	38	29	0.98	1	1	90	27	0	14	T
I	470391	C	M	7	2	22.22%	2	1	40	40	0.98	1	1	3	4	0	2	A
I	473423	C	Y	74	4	5.13%	2	1	39	36	0.98	1	1	51	23	0	4	T
I	473427	G	K	62	8	8.7%	2	1	38	39	0.98	1	1	37	25	0	8	+T
I	503788	A	M	146	10	6.41%	2	1	38	32	0.98	1	1	19	127	10	0	C
I	503792	A	M	147	9	5.77%	2	1	38	27	0.98	1	1	23	124	9	0	C
I	503800	T	Y	163	13	7.39%	2	1	38	30	0.98	1	1	44	119	13	0	C
I	523603	G	A	0	216	100%	0	2	0	39	0.98	0	1	0	0	94	122	A
I	523883	G	A	0	200	100%	0	2	0	40	0.98	0	1	0	0	102	98	A
I	527156	C	A	0	242	100%	0	2	0	40	0.98	0	1	0	0	122	120	A
I	565106	T	Y	136	15	9.93%	2	1	38	27	0.98	1	1	118	18	0	15	C
I	573847	A	R	145	12	7.64%	2	1	38	30	0.98	1	1	25	120	12	0	G
I	574751	A	M	135	13	8.78%	2	1	40	27	0.98	1	1	18	117	13	0	C
I	666513	C	Y	124	13	9.49%	2	1	37	27	0.98	1	1	21	103	13	0	T
I	682994	C	Y	10	4	28.57%	2	2	38	36	0.98	1	1	7	3	1	3	T
I	691576	T	K	108	13	10.74%	2	1	39	29	0.98	1	1	100	8	0	13	G
I	755616	C	Y	126	12	8.7%	2	1	39	26	0.98	1	1	6	120	12	0	T
I	759334	G	T	0	206	100%	0	2	0	40	0.98	0	1	0	0	90	116	T
I	862964	G	T	0	202	100%	0	2	0	39	0.98	0	1	0	0	83	119	T
I	934941	T	Y	67	4	5.63%	2	1	37	28	0.98	1	1	23	44	4	0	C
I	957961	A	R	118	7	5.6%	2	1	36	26	0.98	1	1	38	80	7	0	G
I	965431	T	K	96	6	5.88%	2	1	39	34	0.98	1	1	80	16	0	6	G
I	965436	T	W	99	6	5.5%	2	1	39	40	0.98	1	1	82	17	0	6	A
I	965438	C	M	41	13	12.75%	2	1	39	39	0.98	1	1	32	9	0	13	A
I	965460	C	M	95	7	6.86%	2	1	38	30	0.98	1	1	25	70	7	0	A
I	1027669	G	R	67	4	5.63%	2	1	39	36	0.98	1	1	19	48	4	0	A
I	1077211	T	Y	131	24	15.48%	2	1	38	31	0.98	1	1	109	22	0	24	C
I	1079583	T	W	74	6	6.67%	2	1	38	40	0.98	1	1	55	19	0	6	A
I	1079603	C	M	67	5	6.94%	2	1	37	32	0.98	1	1	20	47	5	0	A
I	1118372	A	R	114	13	10.24%	2	1	35	30	0.98	1	1	34	80	13	0	G
I	1148143	A	M	124	10	7.46%	2	1	38	27	0.98	1	1	44	80	10	0	C
I	1149937	C	M	107	7	6.14%	2	1	38	28	0.98	1	1	26	81	7	0	A
I	1357592	T	Y	155	11	6.63%	2	1	37	26	0.98	1	1	117	38	0	11	C
I	1358820	G	R	111	11	9.02%	2	1	36	29	0.98	1	1	43	68	11	0	A
I	1424709	A	M	0	6	60%	0	2	0	37	0.98	0	1	0	0	3	3	C
I	1424709	A	W	0	4	40%	0	2	0	40	0.98	0	1	0	0	2	2	C
I	1496318	A	M	38	2	5%	2	1	40	40	0.98	1	1	22	16	2	0	C
I	1538760	G	R	141	8	5.37%	2	1	38	32	0.98	1	1	109	32	0	8	A
I	1541467	A	R	83	5	5.68%	2	1	37	27	0.98	1	1	42	41	0	5	G
I	1571014	T	Y	191	12	5.91%	2	2	39	29	0.98	1	1	135	56	1	11	C
I	1590432	C	Y	182	15	7.61%	2	2	39	38	0.98	1	1	87	95	5	10	T
I	1595056	C	Y	50	7	5.88%	2	1	38	37	0.98	1	1	33	17	0	7	+T
I	1595080	A	M	97	9	8.49%	2	1	38	29	0.98	1	1	22	75	9	0	C
I	1595086	A	M	98	10	9.26%	2	1	39	28	0.98	1	1	19	79	10	0	C
I	1599320	T	Y	114	9	7.32%	2	1	38	27	0.98	1	1	41	73	9	0	C
I	1664031	G	R	128	10	7.25%	2	1	38	25	0.98	1	1	116	12	0	10	A
I	1667031	C	Y	66	9	12%	2	1	36	27	0.98	1	1	26	40	9	0	T
I	1668107	G	R	143	9	5.92%	2	1	38	25	0.98	1	1	110	33	0	9	A
I	1704523	C	M	189	10	5.03%	2	2	39	40	0.98	1	1	106	83	2	8	A
I	1719454	G	K	159	11	6.32%	2	2	38	29	0.98	1	1	103	56	2	9	T
I	1765306	C	M	47	10	15.38%	2	2	39	40	0.98	1	1	34	13	1	9	A
I	1783458	C	T	0	194	100%	0	2	0	40	0.98	0	1	0	0	118	76	T
I	1804465	T	K	169	9	5.06%	2	1	39	24	0.98	1	1	105	64	0	9	G
I	1852148	C	M	125	11	8.09%	2	1	37	26	0.98	1	1	32	93	11	0	A
I	1905908	C	Y	126	7	5.26%	2	1	38	30	0.98	1	1	16	110	7	0	T
I	1954193	T	Y	105	7	6.25%	2	1	39	26	0.98	1	1	38	67	7	0	C
I	1955737	T	K	108	6	5.26%	2	1	39	29	0.98	1	1	76	32	0	6	G
I	1955752	C	Y	95	5	5%	2	1	38	24	0.98	1	1	72	23	0	5	T
I	1955754	C	Y	49	10	9.8%	2	1	37	35	0.98	1	1	35	14	0	10	+TT
I	1955853	T	W	9	14	11.57%	2	2	34	37	0.98	1	1	5	4	1	13	A
I	1955870	C	M	121	14	10.37%	2	2	37	27	0.98	1	1	35	86	13	1	A
I	1956751	C	Y	115	9	7.26%	2	1	38	32	0.98	1	1	9	106	9	0	T
I	1996583	A	R	140	16	10.26%	2	1	39	29	0.98	1	1	40	100	16	0	G
I	1999192	G	C	0	252	100%	0	2	0	39	0.98	0	1	0	0	123	129	C
I	2007112	A	M	133	12	8.28%	2	1	39	26	0.98	1	1	30	103	12	0	C
I	2012908	T	K	121	17	12.32%	2	1	39	25	0.98	1	1	110	11	0	17	G
I	2025031	A	M	60	4	6.25%	2	1	39	32	0.98	1	1	17	43	4	0	C
I	2028412	G	R	119	9	7.03%	2	1	38	24	0.98	1	1	93	26	0	9	A
I	2104091	G	T	0	227	100%	0	2	0	40	0.98	0	1	0	0	117	110	T
I	2104097	C	A	0	222	100%	0	2	0	40	0.98	0	1	0	0	114	108	A
I	2107236	C	Y	137	8	5.52%	2	1	38	34	0.98	1	1	44	93	8	0	T
I	2227900	T	K	91	5	5.21%	2	1	37	24	0.98	1	1	56	35	0	5	G
I	2227936	T	W	44	12	11.43%	2	2	37	38	0.98	1	1	30	14	3	9	A
I	2231773	C	M	137	11	7.43%	2	1	37	26	0.98	1	1	48	89	11	0	A
I	2288241	G	S	3	3	50%	2	2	40	40	0.98	1	1	2	1	2	1	C
I	2310667	A	R	136	9	6.21%	2	1	38	29	0.98	1	1	26	110	9	0	G
I	2335898	T	K	157	10	5.99%	2	1	38	28	0.98	1	1	107	50	0	10	G
I	2421577	C	M	3	8	72.73%	2	2	34	40	0.98	1	1	2	1	5	3	A
I	2483794	A	R	145	15	9.38%	2	1	38	32	0.98	1	1	55	90	15	0	G
I	2499150	T	W	20	3	13.04%	2	2	39	34	0.98	1	1	8	12	1	2	A
I	2506044	T	A	0	235	100%	0	2	0	39	0.98	0	1	0	0	121	114	A
I	2525734	A	M	91	10	9.9%	2	1	38	25	0.98	1	1	23	68	10	0	C
I	2578260	A	R	128	7	5.19%	2	1	38	28	0.98	1	1	86	42	0	7	G
I	2588073	T	W	192	13	6.34%	2	2	39	40	0.98	1	1	91	101	6	7	A
I	2605746	T	K	158	10	5.95%	2	1	39	25	0.98	1	1	92	66	0	10	G
I	2605764	T	A	0	171	100%	0	2	0	39	0.98	0	1	0	0	102	69	A
I	2605777	C	M	126	8	5.97%	2	2	37	28	0.98	1	1	101	25	1	7	A
I	2616795	A	R	161	10	5.85%	2	1	38	30	0.98	1	1	55	106	10	0	G
I	2641984	T	K	109	7	6.03%	2	1	38	24	0.98	1	1	67	42	0	7	G
I	2651395	G	R	116	11	8.66%	2	1	38	26	0.98	1	1	105	11	0	11	A
I	2651398	G	R	104	10	8.7%	1	1	39	27	0.98	1	1	104	0	0	10	A
I	2651400	T	Y	128	13	9.22%	2	1	37	26	0.98	1	1	103	25	0	13	C
I	2684616	T	K	119	15	11.19%	2	1	39	29	0.98	1	1	96	23	0	15	G
I	2743288	T	K	147	9	5.77%	2	1	38	27	0.98	1	1	112	35	0	9	G
I	2747078	A	G	0	174	100%	0	2	0	38	0.98	0	1	0	0	93	81	G
I	2751237	A	W	28	2	6.45%	2	1	38	40	0.98	1	1	19	9	2	0	T
I	2810512	G	R	125	12	8.76%	2	1	39	30	0.98	1	1	115	10	0	12	A
I	2821607	A	M	152	8	5%	2	1	38	26	0.98	1	1	22	130	8	0	C
I	2855375	A	R	105	10	8.7%	2	1	37	28	0.98	1	1	21	84	10	0	G
I	2871745	T	K	103	9	8.04%	2	1	39	25	0.98	1	1	86	17	0	9	G
I	2959806	A	M	101	6	5.61%	2	1	39	26	0.98	1	1	36	65	6	0	C
I	3111508	A	G	0	212	100%	0	2	0	39	0.98	0	1	0	0	100	112	G
I	3115841	C	A	0	205	100%	0	2	0	39	0.98	0	1	0	0	104	101	A
I	3119299	G	A	0	218	100%	0	2	0	39	0.98	0	1	0	0	97	121	A
I	3144685	A	R	94	6	6%	2	1	39	34	0.98	1	1	58	36	0	6	G
I	3166811	C	M	109	15	12.1%	2	1	39	29	0.98	1	1	33	76	15	0	A
I	3179238	G	C	0	219	100%	0	2	0	39	0.98	0	1	0	0	115	104	C
I	3206937	G	S	128	7	5.15%	1	1	39	24	0.98	1	1	128	0	0	7	C
I	3313316	T	K	189	11	5.5%	2	1	39	28	0.98	1	1	135	54	0	11	G
I	3313333	T	K	173	11	5.98%	2	1	39	26	0.98	1	1	135	38	0	11	G
I	3313341	T	K	165	12	6.78%	2	1	39	25	0.98	1	1	133	32	0	12	G
I	3329119	T	K	166	9	5.14%	2	1	38	24	0.98	1	1	114	52	0	9	G
I	3366077	A	M	151	9	5.62%	2	1	39	27	0.98	1	1	34	117	9	0	C
I	3405019	T	Y	102	7	6.42%	2	1	38	26	0.98	1	1	31	71	7	0	C
I	3405038	A	M	127	7	5.22%	2	1	39	28	0.98	1	1	44	83	7	0	C
I	3406518	C	S	152	16	9.52%	2	1	38	26	0.98	1	1	47	105	16	0	G
I	3450131	T	G	0	5	83.33%	0	2	0	36	0.98	0	1	0	0	3	2	G
I	3538450	A	T	0	152	100%	0	2	0	39	0.98	0	1	0	0	92	60	T
I	3548913	T	A	0	166	99.4%	0	2	0	38	0.98	0	1	0	0	96	70	A
I	3560125	T	Y	127	10	7.3%	2	1	38	25	0.98	1	1	103	24	0	10	C
I	3575205	C	M	134	8	5.59%	2	1	36	32	0.98	1	1	93	41	0	8	A
I	3576756	T	Y	36	73	33.95%	2	2	38	38	0.98	1	1	17	19	41	32	C
I	3577647	A	R	106	6	5.31%	2	1	37	26	0.98	1	1	66	40	0	6	G
I	3579125	C	Y	107	6	5.31%	2	1	38	24	0.98	1	1	13	94	6	0	T
I	3580034	C	Y	68	6	6.06%	2	1	37	32	0.98	1	1	39	29	0	6	+T
I	3582942	T	K	143	9	5.92%	2	1	38	27	0.98	1	1	94	49	0	9	G
I	3583106	G	A	0	215	100%	0	2	0	40	0.98	0	1	0	0	99	116	A
I	3609896	T	K	127	10	7.3%	2	1	37	28	0.98	1	1	85	42	0	10	G
I	3609913	C	M	138	9	6.12%	2	1	38	34	0.98	1	1	26	112	9	0	A
I	3634687	T	Y	37	4	9.76%	2	1	36	28	0.98	1	1	29	8	0	4	C
I	3645091	G	K	125	8	5.97%	2	1	39	30	0.98	1	1	82	43	0	8	T
I	3740553	A	R	149	11	6.88%	2	1	38	28	0.98	1	1	37	112	11	0	G
I	3759145	C	Y	192	11	5.42%	2	1	38	26	0.98	1	1	35	157	11	0	T
I	3761560	T	Y	231	24	9.41%	2	2	40	40	0.98	1	1	133	98	12	12	C
I	3761566	T	Y	228	26	10.24%	2	2	40	40	0.98	1	1	129	99	13	13	C
I	3783129	G	R	70	4	5.41%	2	1	38	24	0.98	1	1	57	13	0	4	A
I	3839226	A	M	114	6	5%	2	1	39	26	0.98	1	1	10	104	6	0	C
I	3900375	A	R	125	10	7.41%	2	1	38	30	0.98	1	1	30	95	10	0	G
I	3948704	T	K	107	7	6.14%	2	1	39	33	0.98	1	1	89	18	0	7	G
I	3969627	A	M	133	7	5%	2	1	38	28	0.98	1	1	44	89	7	0	C
I	3984278	C	Y	128	10	7.25%	2	2	40	39	0.98	1	1	46	82	9	1	T
I	3990923	T	Y	152	10	6.17%	2	1	37	27	0.98	1	1	125	27	0	10	C
I	3992214	C	A	0	126	100%	0	2	0	39	0.98	0	1	0	0	49	77	A
I	3992215	C	M	101	6	5.61%	2	1	38	26	0.98	1	1	24	77	6	0	A
I	3992218	T	Y	93	6	6%	2	1	38	29	0.98	1	1	20	73	6	0	C
I	4048261	T	Y	118	18	13.24%	2	1	38	30	0.98	1	1	94	24	0	18	C
I	4063871	G	R	115	7	5.74%	2	2	38	43	0.98	1	1	91	24	4	3	A
I	4139646	A	R	152	17	10.06%	2	1	40	29	0.98	1	1	53	99	17	0	G
I	4177986	T	Y	169	9	5.06%	2	1	38	27	0.98	1	1	64	105	9	0	C
I	4179662	T	K	90	5	5.26%	2	1	37	27	0.98	1	1	45	45	0	5	G
I	4235614	C	Y	96	11	10.19%	2	1	38	25	0.98	1	1	9	87	11	0	T
I	4235622	C	Y	119	14	10.53%	2	1	37	26	0.98	1	1	28	91	14	0	T
I	4276890	G	K	33	16	9.88%	2	1	39	39	0.98	1	1	12	21	0	16	+T
I	4277294	A	R	143	8	5.3%	2	1	38	28	0.98	1	1	34	109	8	0	G
I	4291192	G	R	137	9	6.16%	2	2	39	25	0.98	1	1	126	11	1	8	A
I	4291193	G	R	132	8	5.71%	2	1	39	28	0.98	1	1	126	6	0	8	A
I	4291196	T	Y	125	42	25.15%	1	1	39	32	0.98	1	1	125	0	0	42	C
I	4316683	A	R	102	6	5.56%	2	2	38	37	0.98	1	1	38	64	5	1	G
I	4319077	T	Y	128	27	17.42%	2	1	38	29	0.98	1	1	113	15	0	27	C
I	4320175	A	R	182	15	7.61%	2	1	38	29	0.98	1	1	55	127	15	0	G
I	4362879	T	K	145	10	6.45%	2	1	39	25	0.98	1	1	126	19	0	10	G
I	4375421	A	T	0	237	100%	0	2	0	39	0.98	0	1	0	0	123	114	T
I	4379110	T	Y	132	16	10.81%	2	1	37	30	0.98	1	1	94	38	0	16	C
I	4414723	T	W	49	4	6.78%	2	1	40	40	0.98	1	1	33	16	0	4	A
I	4434034	A	M	132	14	9.59%	2	1	39	29	0.98	1	1	23	109	14	0	C
I	4434061	A	M	150	9	5.66%	2	1	39	32	0.98	1	1	44	106	9	0	C
I	4442714	G	A	0	181	100%	0	2	0	39	0.98	0	1	0	0	93	88	A
I	4578760	T	K	115	9	7.26%	2	1	39	25	0.98	1	1	104	11	0	9	G
I	4604677	G	K	66	5	7.04%	2	1	38	24	0.98	1	1	17	49	5	0	T
I	4648160	G	T	3	54	94.74%	1	2	40	38	0.98	1	1	3	0	14	40	T
I	4648161	G	T	24	117	82.98%	2	2	37	39	0.98	1	1	11	13	71	46	T
I	4659183	A	R	112	6	5.08%	2	1	34	29	0.98	1	1	47	65	6	0	G
I	4659196	T	K	142	8	5.33%	2	1	39	26	0.98	1	1	100	42	0	8	G
I	4709628	A	M	101	11	9.82%	2	1	39	31	0.98	1	1	7	94	11	0	C
I	4715526	T	K	108	8	6.9%	2	1	38	32	0.98	1	1	85	23	0	8	G
I	4756151	C	Y	123	7	5.38%	2	1	38	26	0.98	1	1	12	111	7	0	T
I	4768389	T	Y	142	11	7.19%	2	1	38	26	0.98	1	1	108	34	0	11	C
I	4826153	T	K	152	12	7.32%	2	1	38	30	0.98	1	1	114	38	0	12	G
I	4855227	T	Y	112	16	12.5%	2	1	38	31	0.98	1	1	95	17	0	16	C
I	4911430	A	R	54	5	8.47%	2	1	38	33	0.98	1	1	38	16	0	5	G
I	4912232	C	Y	148	12	7.5%	2	1	39	30	0.98	1	1	38	110	12	0	T
I	4912236	C	Y	127	14	9.93%	2	1	38	28	0.98	1	1	16	111	14	0	T
I	4916612	T	K	120	7	5.51%	2	1	39	27	0.98	1	1	82	38	0	7	G
I	4919603	A	G	0	226	100%	0	2	0	39	0.98	0	1	0	0	101	125	G
I	4926046	C	Y	46	6	6.06%	2	1	38	36	0.98	1	1	28	18	0	6	+T
I	4933967	T	K	136	8	5.56%	2	1	39	30	0.98	1	1	123	13	0	8	G
I	4944059	C	Y	127	8	5.88%	2	1	39	26	0.98	1	1	4	123	8	0	T
I	5035815	T	Y	128	15	10.49%	2	1	39	27	0.98	1	1	110	18	0	15	C
I	5078225	T	K	114	21	15.56%	2	1	39	31	0.98	1	1	92	22	0	21	G
I	5078229	T	K	115	14	10.85%	2	1	39	27	0.98	1	1	90	25	0	14	G
I	5096470	G	K	64	10	13.51%	2	2	36	33	0.98	1	1	21	43	9	1	T
I	5155596	G	R	104	8	7.14%	2	1	38	26	0.98	1	1	92	12	0	8	A
I	5157518	T	K	115	14	10.85%	2	1	40	32	0.98	1	1	97	18	0	14	G
I	5157532	T	K	106	7	6.19%	2	1	39	26	0.98	1	1	95	11	0	7	G
I	5173430	G	K	38	20	11.9%	2	1	37	40	0.98	1	1	17	21	0	20	+T
I	5174647	A	M	152	13	7.88%	2	1	39	31	0.98	1	1	28	124	13	0	C
I	5174674	A	M	167	9	5.11%	2	1	39	29	0.98	1	1	52	115	9	0	C
I	5175873	T	K	110	11	9.09%	2	1	40	31	0.98	1	1	97	13	0	11	G
I	5177795	A	M	59	9	13.24%	2	1	39	27	0.98	1	1	17	42	9	0	C
I	5211709	A	R	137	9	6.16%	2	1	37	29	0.98	1	1	30	107	9	0	G
I	5271466	A	T	0	62	100%	0	2	0	39	0.98	0	1	0	0	13	49	T
I	5306969	G	R	164	9	5.17%	2	1	37	27	0.98	1	1	122	42	0	9	A
I	5352025	G	K	130	7	5.11%	2	1	38	30	0.98	1	1	95	35	0	7	T
I	5357296	A	M	105	6	5.41%	2	1	39	29	0.98	1	1	11	94	6	0	C
I	5400080	C	T	0	222	100%	0	2	0	39	0.98	0	1	0	0	129	93	T
I	5445004	C	Y	127	7	5.22%	2	1	38	28	0.98	1	1	16	111	7	0	T
I	5483108	T	Y	148	10	6.33%	2	1	38	25	0.98	1	1	85	63	0	10	C
I	5559383	A	M	40	3	6.98%	2	1	37	29	0.98	1	1	21	19	3	0	C
I	5562193	A	R	169	122	41.92%	2	2	39	40	0.98	1	1	89	80	83	39	G
I	5569168	A	R	322	26	7.47%	2	2	39	40	0.98	1	1	108	214	14	12	G
I	5569182	A	W	330	20	5.71%	2	2	39	40	0.98	1	1	116	214	10	10	T
I	5574340	A	M	129	10	7.19%	2	1	38	30	0.98	1	1	39	90	10	0	C
I	5576809	C	Y	141	120	45.98%	2	2	39	40	0.98	1	1	81	60	67	53	T
I	5579055	C	Y	41	44	51.76%	2	1	40	40	0.98	1	1	1	40	0	44	T
II	7207	T	Y	172	38	18.1%	2	2	38	38	0.98	1	1	78	94	29	9	C
II	12943	A	R	120	7	5.51%	2	1	39	40	0.98	1	1	56	64	7	0	G
II	15830	T	W	36	5	9.09%	2	2	39	40	0.98	1	1	25	11	2	3	A
II	15855	C	M	61	4	6.15%	2	1	39	32	0.98	1	1	23	38	4	0	A
II	46943	G	R	71	6	7.79%	2	1	37	26	0.98	1	1	27	44	6	0	A
II	113240	T	K	124	8	6.06%	2	1	38	28	0.98	1	1	83	41	0	8	G
II	146080	C	Y	8	2	20%	2	2	40	40	0.98	1	1	3	5	1	1	T
II	243139	T	K	148	8	5.13%	2	1	38	32	0.98	1	1	101	47	0	8	G
II	266718	A	C	0	227	100%	0	2	0	39	0.98	0	1	0	0	112	115	C
II	266780	T	A	0	231	100%	0	2	0	40	0.98	0	1	0	0	98	133	A
II	276539	A	T	0	194	100%	0	2	0	39	0.98	0	1	0	0	100	94	T
II	308731	A	R	150	8	5.06%	2	1	38	26	0.98	1	1	16	134	8	0	G
II	329050	G	R	109	20	15.5%	2	1	37	27	0.98	1	1	93	16	0	20	A
II	329053	T	Y	116	11	8.66%	2	1	37	26	0.98	1	1	89	27	0	11	C
II	329054	G	R	103	6	5.5%	2	1	38	26	0.98	1	1	92	11	0	6	A
II	424707	T	Y	120	20	14.29%	2	1	37	29	0.98	1	1	102	18	0	20	C
II	424708	G	R	115	16	12.21%	2	1	38	28	0.98	1	1	101	14	0	16	A
II	481407	T	Y	145	8	5.23%	2	1	39	32	0.98	1	1	125	20	0	8	C
II	515638	T	Y	128	8	5.88%	2	1	37	34	0.98	1	1	100	28	0	8	C
II	520662	A	R	61	4	6.15%	2	1	38	36	0.98	1	1	22	39	4	0	G
II	526951	C	Y	183	14	7.07%	2	2	39	41	0.98	1	1	82	101	6	8	T
II	528142	C	Y	116	10	7.94%	2	1	38	30	0.98	1	1	18	98	10	0	T
II	603280	T	A	0	2	100%	0	2	0	40	0.98	0	1	0	0	1	1	A
II	603306	C	A	0	8	100%	0	2	0	40	0.98	0	1	0	0	2	6	A
II	618253	T	K	150	10	6.25%	2	1	39	32	0.98	1	1	104	46	0	10	G
II	618262	T	K	146	12	7.59%	2	1	39	30	0.98	1	1	105	41	0	12	G
II	618271	T	K	145	14	8.75%	2	1	39	27	0.98	1	1	109	36	0	14	G
II	618276	T	K	145	21	12.65%	2	1	39	26	0.98	1	1	110	35	0	21	G
II	618282	T	K	141	12	7.84%	2	1	38	30	0.98	1	1	106	35	0	12	G
II	670673	T	Y	144	14	8.86%	2	2	39	40	0.98	1	1	61	83	7	7	C
II	671077	C	Y	140	9	6%	2	2	39	35	0.98	1	1	98	42	3	6	T
II	685728	G	A	0	184	100%	0	2	0	40	0.98	0	1	0	0	78	106	A
II	689485	A	T	0	143	100%	0	2	0	40	0.98	0	1	0	0	78	65	T
II	689487	A	C	0	142	100%	0	2	0	39	0.98	0	1	0	0	77	65	C
II	689794	T	C	0	165	100%	0	2	0	40	0.98	0	1	0	0	72	93	C
II	690537	G	S	92	6	6.06%	2	2	38	36	0.98	1	1	35	57	1	5	C
II	690685	T	K	88	7	7.37%	2	2	39	34	0.98	1	1	31	57	1	6	G
II	690863	G	S	43	7	14%	2	1	38	40	0.98	1	1	20	23	0	7	C
II	690904	T	Y	35	2	5.41%	2	2	39	40	0.98	1	1	14	21	1	1	C
II	691516	T	Y	48	3	5.88%	2	2	39	34	0.98	1	1	24	24	2	1	C
II	691560	T	Y	38	3	7.32%	2	2	37	48	0.98	1	1	20	18	1	2	C
II	691634	T	Y	38	3	7.32%	2	2	39	29	0.98	1	1	16	22	2	1	C
II	691900	A	R	38	2	5%	2	1	38	29	0.98	1	1	12	26	0	2	G
II	691936	T	K	28	2	6.67%	2	1	39	32	0.98	1	1	7	21	0	2	G
II	692087	C	Y	28	2	6.67%	2	1	42	24	0.98	1	1	6	22	0	2	T
II	692092	C	Y	25	2	7.41%	2	1	43	46	0.98	1	1	5	20	0	2	T
II	692128	C	Y	22	2	8.33%	2	1	42	40	0.98	1	1	2	20	0	2	T
II	692164	C	Y	13	2	13.33%	2	1	40	40	0.98	1	1	1	12	0	2	T
II	692193	T	Y	7	5	41.67%	2	1	40	40	0.98	1	1	1	6	0	5	C
II	692195	G	K	6	5	45.45%	2	1	37	40	0.98	1	1	1	5	0	5	T
II	692553	C	Y	4	2	28.57%	2	1	40	32	0.98	1	1	3	1	2	0	T
II	692555	T	K	5	2	28.57%	2	1	36	32	0.98	1	1	4	1	2	0	G
II	692776	C	Y	23	2	8%	2	1	40	40	0.98	1	1	21	2	2	0	T
II	692805	C	Y	23	2	8%	2	1	39	40	0.98	1	1	20	3	2	0	T
II	692884	T	Y	26	3	10.34%	2	2	40	40	0.98	1	1	23	3	1	2	C
II	693106	T	Y	42	6	12.5%	2	2	41	53	0.98	1	1	16	26	1	5	C
II	693172	C	Y	41	4	8.89%	2	2	41	44	0.98	1	1	19	22	1	3	T
II	693326	C	S	38	2	5%	2	2	43	36	0.98	1	1	16	22	1	1	G
II	693345	C	S	35	4	10%	2	1	40	26	0.98	1	1	9	26	4	0	G
II	693388	T	Y	44	3	6.38%	2	2	40	29	0.98	1	1	20	24	1	2	C
II	693499	C	T	0	29	100%	0	2	0	38	0.98	0	1	0	0	18	11	T
II	693673	G	K	43	6	12.24%	2	1	41	37	0.98	1	1	29	14	6	0	T
II	693754	T	Y	56	13	18.84%	2	2	39	36	0.98	1	1	28	28	12	1	C
II	693902	C	S	74	27	26.73%	2	2	40	39	0.98	1	1	50	24	23	4	G
II	693921	C	S	84	8	8.25%	2	2	38	39	0.98	1	1	57	27	7	1	G
II	693921	C	Y	84	5	5.15%	2	2	38	36	0.98	1	1	57	27	3	2	G
II	694171	C	Y	109	6	5.22%	2	2	37	30	0.98	1	1	62	47	2	4	T
II	694838	T	Y	119	8	6.3%	2	2	38	36	0.98	1	1	62	57	4	4	C
II	695827	C	T	0	101	100%	0	2	0	40	0.98	0	1	0	0	42	59	T
II	699951	T	G	2	212	99.07%	1	2	40	39	0.98	1	1	2	0	81	131	G
II	699952	G	T	0	212	99.07%	0	2	0	40	0.98	0	1	0	0	79	133	T
II	699961	A	T	0	228	100%	0	2	0	40	0.98	0	1	0	0	92	136	T
II	700019	T	A	2	175	98.87%	1	2	40	40	0.98	1	1	0	2	69	106	A
II	700020	C	T	2	172	98.85%	1	2	40	39	0.98	1	1	0	2	68	104	T
II	700021	A	C	2	174	98.86%	1	2	32	39	0.98	1	1	0	2	68	106	C
II	700024	T	A	0	177	100%	0	2	0	40	0.98	0	1	0	0	69	108	A
II	700028	A	T	0	180	100%	0	2	0	40	0.98	0	1	0	0	71	109	T
II	700113	A	T	0	210	100%	0	2	0	40	0.98	0	1	0	0	98	112	T
II	788899	C	Y	130	8	5.8%	2	1	37	28	0.98	1	1	35	95	8	0	T
II	837485	C	M	89	18	16.82%	2	1	39	28	0.98	1	1	20	69	18	0	A
II	869806	G	C	0	235	100%	0	2	0	39	0.98	0	1	0	0	108	127	C
II	879033	T	A	0	200	100%	0	2	0	40	0.98	0	1	0	0	73	127	A
II	923543	C	A	0	216	100%	0	2	0	39	0.98	0	1	0	0	100	116	A
II	943554	C	A	0	214	100%	0	2	0	39	0.98	0	1	0	0	102	112	A
II	953201	A	G	0	220	100%	0	2	0	40	0.98	0	1	0	0	120	100	G
II	967094	A	G	0	205	100%	0	2	0	39	0.98	0	1	0	0	113	92	G
II	991749	T	K	129	10	7.19%	2	1	39	32	0.98	1	1	110	19	0	10	G
II	997668	G	R	151	38	20.11%	2	2	39	40	0.98	1	1	100	51	11	27	A
II	997671	G	R	132	41	21.93%	2	2	39	39	0.98	1	1	90	42	12	29	A
II	1019511	A	W	28	4	12.5%	2	2	39	40	0.98	1	1	18	10	2	2	T
II	1020445	G	R	117	7	5.65%	2	1	39	24	0.98	1	1	113	4	0	7	A
II	1020447	G	R	129	7	5.15%	2	1	37	26	0.98	1	1	115	14	0	7	A
II	1020449	T	Y	144	10	6.49%	2	1	37	28	0.98	1	1	119	25	0	10	C
II	1032352	G	R	136	8	5.56%	2	1	38	26	0.98	1	1	108	28	0	8	A
II	1044910	A	R	81	7	7.87%	2	1	38	26	0.98	1	1	34	47	0	7	G
II	1045366	A	R	156	9	5.33%	2	1	39	25	0.98	1	1	115	41	0	9	G
II	1062152	A	R	135	12	8.16%	2	1	38	26	0.98	1	1	18	117	12	0	G
II	1068514	A	M	152	10	6.17%	2	1	38	32	0.98	1	1	49	103	10	0	C
II	1104931	A	R	100	7	6.54%	2	1	39	28	0.98	1	1	53	47	0	7	G
II	1155903	T	A	0	221	100%	0	2	0	39	0.98	0	1	0	0	109	112	A
II	1159678	G	C	0	228	100%	0	2	0	39	0.98	0	1	0	0	111	117	C
II	1159694	A	T	0	233	100%	0	2	0	39	0.98	0	1	0	0	110	123	T
II	1163155	T	W	6	7	53.85%	2	2	37	40	0.98	1	1	3	3	5	2	A
II	1255439	T	K	129	9	6.52%	2	1	39	25	0.98	1	1	107	22	0	9	G
II	1255444	T	K	122	9	6.87%	2	1	39	29	0.98	1	1	109	13	0	9	G
II	1265910	T	Y	112	10	8.2%	2	1	38	28	0.98	1	1	95	17	0	10	C
II	1265923	G	R	118	8	6.35%	2	1	38	34	0.98	1	1	93	25	0	8	A
II	1267087	T	K	107	7	6.14%	2	1	39	26	0.98	1	1	76	31	0	7	G
II	1277479	T	K	69	4	5.48%	2	1	39	24	0.98	1	1	46	23	0	4	G
II	1282579	A	M	141	11	7.24%	2	1	39	25	0.98	1	1	23	118	11	0	C
II	1290518	A	M	119	9	7.03%	2	1	38	27	0.98	1	1	24	95	9	0	C
II	1308619	T	K	13	2	13.33%	2	1	40	40	0.98	1	1	10	3	0	2	G
II	1312288	T	Y	132	7	5.04%	2	1	38	30	0.98	1	1	45	87	7	0	C
II	1389161	C	Y	113	7	5.83%	2	2	38	41	0.98	1	1	42	71	6	1	T
II	1413588	T	C	0	203	100%	0	2	0	39	0.98	0	1	0	0	122	81	C
II	1453981	G	R	117	9	7.09%	2	1	39	25	0.98	1	1	113	4	0	9	A
II	1453990	G	R	134	9	6.29%	2	1	38	25	0.98	1	1	113	21	0	9	A
II	1467503	A	M	112	10	8.2%	2	1	39	30	0.98	1	1	23	89	10	0	C
II	1528107	A	M	149	9	5.7%	2	1	39	29	0.98	1	1	27	122	9	0	C
II	1549770	T	Y	130	8	5.8%	2	1	37	26	0.98	1	1	91	39	0	8	C
II	1555935	C	M	201	37	15.55%	2	2	39	38	0.98	1	1	122	79	13	24	A
II	1588936	G	R	54	10	8.7%	2	1	39	40	0.98	1	1	28	26	0	10	A
II	1615915	C	Y	131	7	5.07%	2	1	37	28	0.98	1	1	34	97	7	0	T
II	1621729	C	Y	118	10	7.81%	2	1	39	24	0.98	1	1	7	111	10	0	T
II	1628003	A	M	142	9	5.96%	2	1	38	31	0.98	1	1	16	126	9	0	C
II	1635337	G	T	0	11	100%	0	2	0	40	0.98	0	1	0	0	4	7	T
II	1672859	C	T	0	231	100%	0	2	0	39	0.98	0	1	0	0	96	135	T
II	1673002	G	C	0	214	100%	0	2	0	39	0.98	0	1	0	0	123	91	C
II	1678206	A	W	23	6	20%	2	2	39	37	0.98	1	1	12	11	5	1	T
II	1678372	T	Y	123	12	8.89%	2	1	38	34	0.98	1	1	100	23	0	12	C
II	1678693	T	A	0	203	100%	0	2	0	39	0.98	0	1	0	0	98	105	A
II	1683324	T	G	0	205	100%	0	2	0	40	0.98	0	1	0	0	105	100	G
II	1697124	C	T	0	186	100%	0	2	0	40	0.98	0	1	0	0	88	98	T
II	1716256	G	K	101	17	12.23%	2	1	38	33	0.98	1	1	69	32	0	17	+T
II	1716272	C	Y	62	92	59.74%	2	2	37	37	0.98	1	1	21	41	51	41	T
II	1716273	T	Y	61	87	58.78%	2	2	37	38	0.98	1	1	25	36	47	40	C
II	1716288	G	T	5	113	95.76%	2	2	33	39	0.98	1	1	1	4	61	52	T
II	1716318	A	G	1	151	99.34%	1	2	24	38	0.98	1	1	1	0	73	78	G
II	1716320	T	G	0	156	100%	0	2	0	38	0.98	0	1	0	0	75	81	G
II	1716326	G	T	0	168	100%	0	2	0	39	0.98	0	1	0	0	82	86	T
II	1748647	A	R	29	3	9.38%	2	1	40	40	0.98	1	1	14	15	0	3	G
II	1749171	G	R	101	12	10.53%	2	1	37	26	0.98	1	1	90	11	0	12	A
II	1784826	G	A	0	216	100%	0	2	0	39	0.98	0	1	0	0	107	109	A
II	1805299	T	K	83	5	5.68%	2	1	39	27	0.98	1	1	50	33	0	5	G
II	1830246	T	Y	136	12	8.11%	2	1	39	34	0.98	1	1	106	30	0	12	C
II	1833810	T	Y	142	14	8.97%	2	1	38	32	0.98	1	1	94	48	0	14	C
II	1849777	G	A	0	226	100%	0	2	0	39	0.98	0	1	0	0	113	113	A
II	1855356	T	Y	110	35	24.14%	2	1	39	31	0.98	1	1	109	1	0	35	C
II	1859075	T	K	117	9	7.14%	2	1	39	32	0.98	1	1	102	15	0	9	G
II	1868117	A	R	95	6	5.94%	2	1	38	34	0.98	1	1	65	30	0	6	G
II	1868122	G	K	43	9	8.18%	2	1	37	36	0.98	1	1	22	21	0	9	+T
II	1952073	A	M	145	8	5.23%	2	1	39	28	0.98	1	1	19	126	8	0	C
II	1952078	A	M	150	8	5.06%	2	1	39	34	0.98	1	1	26	124	8	0	C
II	1952084	A	M	161	9	5.29%	2	1	39	27	0.98	1	1	34	127	9	0	C
II	1962419	T	A	0	232	100%	0	2	0	39	0.98	0	1	0	0	111	121	A
II	1962439	A	G	0	227	100%	0	2	0	40	0.98	0	1	0	0	111	116	G
II	1962458	T	A	0	224	100%	0	2	0	39	0.98	0	1	0	0	112	112	A
II	1964861	T	K	130	8	5.8%	2	1	39	24	0.98	1	1	94	36	0	8	G
II	1987098	C	A	0	214	100%	0	2	0	40	0.98	0	1	0	0	99	115	A
II	2044929	A	T	0	232	100%	0	2	0	40	0.98	0	1	0	0	128	104	T
II	2059202	G	R	91	5	5.21%	2	1	38	27	0.98	1	1	75	16	0	5	A
II	2065196	T	Y	147	11	6.96%	2	1	38	25	0.98	1	1	106	41	0	11	C
II	2115443	C	Y	84	12	12.5%	2	1	40	30	0.98	1	1	2	82	12	0	T
II	2115444	A	R	88	46	34.33%	2	1	39	33	0.98	1	1	4	84	46	0	G
II	2115447	C	Y	87	11	11.22%	2	1	39	26	0.98	1	1	4	83	11	0	T
II	2115448	A	R	100	16	13.79%	2	1	38	31	0.98	1	1	16	84	16	0	G
II	2115451	C	Y	94	15	13.76%	2	1	38	28	0.98	1	1	12	82	15	0	T
II	2115478	C	Y	88	11	11.11%	2	1	38	28	0.98	1	1	14	74	11	0	T
II	2197585	T	K	110	6	5.17%	2	1	38	29	0.98	1	1	82	28	0	6	G
II	2197587	C	M	95	7	6.8%	2	1	39	24	0.98	1	1	79	16	0	7	A
II	2205251	C	Y	94	6	5.88%	2	1	38	26	0.98	1	1	5	89	6	0	T
II	2228775	T	G	2	246	99.19%	1	2	40	39	0.98	1	1	2	0	124	122	G
II	2228777	G	T	1	245	99.59%	1	2	40	40	0.98	1	1	1	0	121	124	T
II	2293298	A	R	16	3	15.79%	2	2	40	29	0.98	1	1	10	6	2	1	G
II	2318732	T	K	159	10	5.92%	2	1	39	28	0.98	1	1	114	45	0	10	G
II	2318768	A	R	129	9	6.52%	2	1	38	27	0.98	1	1	93	36	0	9	G
II	2333320	G	S	89	26	22.61%	2	1	39	28	0.98	1	1	88	1	0	26	C
II	2359224	A	R	147	12	7.55%	2	1	39	30	0.98	1	1	47	100	12	0	G
II	2359225	C	S	136	9	6.21%	2	1	38	27	0.98	1	1	36	100	9	0	G
II	2436580	C	G	0	183	100%	0	2	0	39	0.98	0	1	0	0	97	86	G
II	2437612	A	W	255	56	17.83%	2	2	41	37	0.98	1	1	135	120	39	17	T
II	2437627	C	Y	200	131	39.58%	2	2	39	39	0.98	1	1	92	108	100	31	T
II	2437629	G	R	277	61	17.99%	2	2	42	37	0.98	1	1	144	133	54	7	A
II	2437646	G	R	281	80	22.16%	2	2	42	37	0.98	1	1	152	129	59	21	A
II	2437651	T	W	331	27	7.54%	2	2	43	37	0.98	1	1	175	156	23	4	A
II	2437655	G	R	319	34	9.63%	2	2	42	35	0.98	1	1	177	142	31	3	A
II	2437661	T	W	311	27	7.89%	2	2	42	37	0.98	1	1	158	153	24	3	A
II	2437666	T	Y	342	26	7.07%	2	2	43	35	0.98	1	1	176	166	25	1	C
II	2437684	T	W	239	121	33.43%	2	2	47	38	0.98	1	1	175	64	21	100	A
II	2437688	A	R	242	122	33.52%	2	2	47	39	0.98	1	1	180	62	25	97	G
II	2437769	A	W	270	29	9.45%	2	2	39	36	0.98	1	1	137	133	13	16	T
II	2437771	A	M	298	28	8.59%	2	2	40	36	0.98	1	1	142	156	15	13	C
II	2437780	A	W	273	19	6.44%	2	2	39	37	0.98	1	1	110	163	8	11	T
II	2437786	T	W	277	15	5.1%	2	2	39	34	0.98	1	1	131	146	4	11	A
II	2437855	A	M	175	88	33.46%	2	2	39	39	0.98	1	1	119	56	13	75	C
II	2437918	T	Y	183	43	19.03%	2	2	40	39	0.98	1	1	110	73	3	40	C
II	2437936	A	W	180	27	13.04%	2	1	39	40	0.98	1	1	97	83	0	27	T
II	2437942	G	K	177	24	11.94%	2	1	39	39	0.98	1	1	100	77	0	24	T
II	2437951	C	Y	182	18	9%	2	1	39	40	0.98	1	1	100	82	0	18	T
II	2443872	T	W	74	8	9.52%	2	1	39	40	0.98	1	1	56	18	0	8	A
II	2443873	T	W	39	16	18.82%	2	1	40	40	0.98	1	1	27	12	0	16	A
II	2443898	C	M	69	8	10.39%	2	1	38	30	0.98	1	1	22	47	8	0	A
II	2444543	T	C	0	245	100%	0	2	0	40	0.98	0	1	0	0	107	138	C
II	2473281	C	Y	120	8	6.25%	2	1	39	29	0.98	1	1	2	118	8	0	T
II	2552672	A	R	111	12	9.76%	2	1	38	28	0.98	1	1	85	26	0	12	G
II	2579475	C	M	147	16	9.82%	2	1	38	35	0.98	1	1	40	107	16	0	A
II	2622859	T	Y	115	10	8%	2	1	38	25	0.98	1	1	94	21	0	10	C
II	2664810	T	K	118	10	7.81%	2	1	39	27	0.98	1	1	89	29	0	10	G
II	2676336	C	T	0	255	100%	0	2	0	39	0.98	0	1	0	0	117	138	T
II	2691938	T	K	148	11	6.92%	2	1	39	28	0.98	1	1	123	25	0	11	G
II	2798041	T	Y	6	6	50%	2	2	40	40	0.98	1	1	2	4	2	4	C
II	2798515	G	A	0	6	100%	0	2	0	40	0.98	0	1	0	0	3	3	A
II	2806053	G	A	0	220	100%	0	2	0	40	0.98	0	1	0	0	95	125	A
II	2901509	G	T	0	240	100%	0	2	0	40	0.98	0	1	0	0	133	107	T
II	2972491	G	R	118	14	10.61%	2	1	39	32	0.98	1	1	114	4	0	14	A
II	3006137	A	T	0	206	100%	0	2	0	39	0.98	0	1	0	0	103	103	T
II	3047425	A	R	113	10	8.13%	2	1	37	27	0.98	1	1	28	85	10	0	G
II	3072324	A	M	123	19	13.38%	2	1	38	27	0.98	1	1	39	84	19	0	C
II	3168292	A	R	106	34	24.29%	2	1	36	30	0.98	1	1	16	90	34	0	G
II	3168957	T	K	155	10	6.06%	2	1	39	28	0.98	1	1	134	21	0	10	G
II	3253453	C	Y	35	9	6.72%	2	1	38	34	0.98	1	1	17	18	0	9	+T
II	3380157	A	M	111	10	8.26%	2	1	39	27	0.98	1	1	28	83	10	0	C
II	3380160	A	M	111	13	10.48%	2	1	39	30	0.98	1	1	31	80	13	0	C
II	3391058	A	R	148	10	6.33%	2	1	37	30	0.98	1	1	33	115	10	0	G
II	3394039	T	K	127	8	5.93%	2	1	39	26	0.98	1	1	98	29	0	8	G
II	3394043	T	K	118	14	10.61%	2	1	39	28	0.98	1	1	97	21	0	14	G
II	3403445	A	M	124	10	7.46%	2	1	39	27	0.98	1	1	19	105	10	0	C
II	3408078	G	R	107	8	6.96%	2	1	38	24	0.98	1	1	93	14	0	8	A
II	3417583	T	Y	123	27	18%	2	1	38	26	0.98	1	1	107	16	0	27	C
II	3420545	G	S	109	7	6.03%	2	1	39	24	0.98	1	1	104	5	0	7	C
II	3424479	T	K	133	9	6.34%	2	1	39	31	0.98	1	1	94	39	0	9	G
II	3505868	T	K	151	9	5.62%	2	1	38	24	0.98	1	1	98	53	0	9	G
II	3505880	T	K	138	11	7.38%	2	1	38	24	0.98	1	1	94	44	0	11	G
II	3529047	T	Y	164	10	5.75%	2	1	38	30	0.98	1	1	99	65	0	10	C
II	3581573	A	R	126	8	5.97%	2	1	38	24	0.98	1	1	23	103	8	0	G
II	3634818	A	M	104	17	14.05%	2	1	38	34	0.98	1	1	19	85	17	0	C
II	3676720	T	K	132	11	7.69%	2	1	39	29	0.98	1	1	103	29	0	11	G
II	3741603	G	R	119	14	10.53%	2	1	39	28	0.98	1	1	107	12	0	14	A
II	3815052	A	M	80	17	17.53%	2	1	39	33	0.98	1	1	16	64	17	0	C
II	3838102	A	M	22	5	18.52%	2	2	38	36	0.98	1	1	14	8	1	4	C
II	3856940	A	M	104	8	7.14%	2	1	39	28	0.98	1	1	28	76	8	0	C
II	3856946	A	M	108	8	6.9%	2	1	39	32	0.98	1	1	32	76	8	0	C
II	3857829	A	M	88	12	12%	2	1	39	28	0.98	1	1	8	80	12	0	C
II	3860190	A	M	37	11	22.92%	2	2	39	40	0.98	1	1	20	17	7	4	C
II	3861398	T	K	126	7	5.26%	2	1	39	24	0.98	1	1	112	14	0	7	G
II	3861636	C	Y	89	18	16.82%	2	1	38	28	0.98	1	1	11	78	18	0	T
II	3975211	T	K	75	9	10.71%	2	1	39	31	0.98	1	1	46	29	0	9	G
II	3985398	C	Y	106	9	7.83%	2	1	38	29	0.98	1	1	21	85	9	0	T
II	4018428	C	Y	118	10	7.81%	2	1	38	27	0.98	1	1	18	100	10	0	T
II	4036165	C	Y	121	8	6.2%	2	1	38	26	0.98	1	1	13	108	8	0	T
II	4070314	C	S	129	8	5.84%	2	1	38	30	0.98	1	1	23	106	8	0	G
II	4107249	T	K	100	6	5.61%	2	1	39	26	0.98	1	1	69	31	0	6	G
II	4122326	T	C	0	195	100%	0	2	0	40	0.98	0	1	0	0	94	101	C
II	4222332	T	K	89	8	8.25%	2	1	39	34	0.98	1	1	73	16	0	8	G
II	4222342	A	M	92	9	8.91%	2	1	39	29	0.98	1	1	79	13	0	9	C
II	4266424	A	R	96	8	7.69%	2	1	39	28	0.98	1	1	13	83	8	0	G
II	4266425	C	S	88	9	9.28%	2	1	39	25	0.98	1	1	3	85	9	0	G
II	4273713	C	Y	66	5	7.04%	2	2	39	41	0.98	1	1	35	31	3	2	T
II	4388724	A	R	137	8	5.52%	2	1	37	32	0.98	1	1	33	104	8	0	G
II	4400666	A	C	0	160	100%	0	2	0	39	0.98	0	1	0	0	93	67	C
II	4419921	T	W	45	10	7.3%	2	2	40	36	0.98	1	1	31	14	3	7	A
II	4437273	A	R	163	9	5.23%	2	1	38	27	0.98	1	1	45	118	9	0	G
II	4437274	A	R	150	18	10.71%	2	1	39	32	0.98	1	1	32	118	18	0	G
II	4497094	T	K	129	8	5.84%	2	1	39	28	0.98	1	1	90	39	0	8	G
II	4497099	T	K	131	7	5.07%	2	1	38	28	0.98	1	1	92	39	0	7	G
II	4497110	G	K	130	7	5%	2	1	38	30	0.98	1	1	95	35	0	7	T
II	4505717	A	R	199	39	16.39%	2	2	39	39	0.98	1	1	101	98	14	25	G
II	4513966	A	R	350	36	9.33%	2	2	39	39	0.98	1	1	160	190	21	15	G
II	4513980	A	W	366	28	7.11%	2	2	39	40	0.98	1	1	172	194	17	11	T
II	4515610	T	K	189	11	5.47%	2	1	37	26	0.98	1	1	121	68	0	11	G
II	4515621	C	M	180	11	5.64%	2	2	37	37	0.98	1	1	124	56	2	9	A
II	4517044	T	Y	361	26	6.7%	2	2	39	38	0.98	1	1	180	181	10	16	C
II	4517047	T	Y	264	45	11.31%	2	2	39	39	0.98	1	1	121	143	19	26	C
II	4521636	C	Y	141	151	51.71%	2	2	39	39	0.98	1	1	77	64	99	52	T
II	4523882	C	Y	212	218	50.7%	2	2	39	39	0.98	1	1	120	92	117	101	T
II	4525226	T	K	225	13	5.46%	2	1	39	27	0.98	1	1	172	53	0	13	G
II	4525340	G	K	156	31	12.45%	2	1	37	34	0.98	1	1	114	42	0	31	+T
II	4525822	C	Y	250	79	24.01%	2	2	39	39	0.98	1	1	115	135	19	60	T
II	4525894	C	Y	203	32	13.62%	2	1	39	40	0.98	1	1	109	94	0	32	T
II	4525966	C	Y	216	63	22.58%	2	2	39	39	0.98	1	1	106	110	17	46	T
II	4526147	C	Y	119	25	17.36%	2	1	36	28	0.98	1	1	25	94	25	0	T
II	4526148	A	R	135	17	11.18%	2	1	35	27	0.98	1	1	42	93	17	0	G
II	4526151	C	Y	88	19	17.43%	2	1	37	24	0.98	1	1	1	87	19	0	T
II	4526266	T	Y	131	33	20.12%	2	1	39	29	0.98	1	1	124	7	0	33	C
II	4526267	T	Y	146	10	6.41%	2	1	38	33	0.98	1	1	125	21	0	10	C
II	4526840	A	R	111	10	8.26%	2	1	38	27	0.98	1	1	69	42	0	10	G
II	4527879	G	S	513	103	16.72%	2	2	39	39	0.98	1	1	244	269	47	56	C
II	4527881	C	Y	502	105	17.3%	2	2	39	39	0.98	1	1	237	265	51	54	T
II	4529116	T	Y	377	233	38.2%	2	2	39	39	0.98	1	1	173	204	116	117	C
II	4529965	A	R	405	249	38.07%	2	2	40	40	0.98	1	1	207	198	130	119	G
II	4530323	G	R	468	149	24.15%	2	2	39	39	0.98	1	1	225	243	71	78	A
II	4530797	C	Y	511	137	21.14%	2	2	39	39	0.98	1	1	256	255	67	70	T
II	4531033	G	S	411	243	37.16%	2	2	39	40	0.98	1	1	214	197	112	131	C
II	4531092	G	R	429	268	38.45%	2	2	39	39	0.98	1	1	251	178	140	128	A
II	4531414	T	Y	411	248	37.58%	2	2	40	39	0.98	1	1	171	240	106	142	C
II	4531492	A	R	548	115	17.35%	2	2	40	39	0.98	1	1	269	279	60	55	G
II	4531592	G	R	398	257	39.24%	2	2	39	40	0.98	1	1	223	175	141	116	A
II	4531749	C	Y	377	249	39.78%	2	2	39	39	0.98	1	1	209	168	136	113	T
II	4531764	A	R	230	413	64.23%	2	2	39	39	0.98	1	1	112	118	227	186	G
II	4532088	G	K	258	424	62.17%	2	2	39	39	0.98	1	1	141	117	216	208	T
II	4532323	C	Y	698	221	24.05%	2	2	39	39	0.98	1	1	430	268	138	83	T
II	4533394	T	Y	747	483	39.27%	2	2	39	39	0.98	1	1	335	412	234	249	C
II	4533451	T	Y	770	534	40.95%	2	2	40	39	0.98	1	1	324	446	257	277	C
II	4533598	G	R	724	529	42.19%	2	2	39	40	0.98	1	1	377	347	290	239	A
II	4533617	A	R	743	573	43.54%	2	2	39	40	0.98	1	1	383	360	317	256	G
II	4533636	C	Y	763	538	41.35%	2	2	40	40	0.98	1	1	408	355	277	261	T
II	4533744	T	Y	723	508	41.27%	2	2	39	40	0.98	1	1	379	344	247	261	C
II	4533922	G	R	620	480	43.64%	2	2	39	39	0.98	1	1	299	321	238	242	A
II	4533994	T	Y	716	450	38.59%	2	2	39	39	0.98	1	1	329	387	195	255	C
II	4534246	C	M	672	525	43.82%	2	2	40	40	0.98	1	1	363	309	288	237	A
II	4534498	A	M	714	594	45.41%	2	2	39	40	0.98	1	1	341	373	298	296	C
II	4536550	C	M	1063	234	18.04%	2	2	39	40	0.98	1	1	580	483	126	108	A
II	4537214	T	Y	972	230	19.13%	2	2	39	40	0.98	1	1	497	475	110	120	C
II	4537402	A	R	1186	64	5.12%	2	2	39	39	0.98	1	1	589	597	36	28	G
II	4537844	T	Y	602	300	33.26%	2	2	40	40	0.98	1	1	269	333	62	238	C
II	4537980	C	Y	464	49	9.55%	2	2	38	39	0.98	1	1	190	274	9	40	T
II	4538036	G	K	462	88	16%	2	1	38	40	0.98	1	1	196	266	88	0	T
II	4538038	A	R	435	91	17.3%	2	1	38	40	0.98	1	1	176	259	91	0	G
II	4538048	C	Y	447	93	17.22%	2	2	39	41	0.98	1	1	203	244	91	2	T
II	4538052	A	R	428	120	21.9%	2	2	39	41	0.98	1	1	185	243	117	3	G
II	4538091	T	Y	465	86	15.28%	2	2	39	40	0.98	1	1	191	274	82	4	C
II	4538114	A	R	462	39	7.78%	2	1	40	40	0.98	1	1	197	265	0	39	G
II	4538115	G	K	464	37	7.39%	2	1	40	40	0.98	1	1	197	267	0	37	T
II	4538116	G	R	462	39	7.78%	2	1	39	40	0.98	1	1	196	266	0	39	A
II	4538118	G	R	465	39	7.74%	2	1	40	40	0.98	1	1	195	270	0	39	A
II	4538122	G	S	457	39	7.86%	2	1	39	39	0.98	1	1	195	262	0	39	C
II	4538125	A	W	462	38	7.6%	2	1	40	38	0.98	1	1	196	266	0	38	T
II	4538126	C	S	462	39	7.78%	2	1	40	39	0.98	1	1	197	265	0	39	G
II	4538128	A	R	468	39	7.66%	2	1	40	40	0.98	1	1	201	267	0	39	G
II	4538155	T	K	507	34	6.27%	2	1	39	39	0.98	1	1	201	306	0	34	G
II	4538164	A	W	458	95	17.18%	2	2	40	38	0.98	1	1	211	247	1	94	T
II	4538366	G	R	294	30	9.26%	2	2	37	38	0.98	1	1	110	184	3	27	A
II	4538541	C	Y	503	44	8.04%	2	1	40	39	0.98	1	1	237	266	44	0	T
II	4538556	T	Y	503	81	13.87%	2	1	40	39	0.98	1	1	242	261	81	0	C
II	4538591	G	R	536	101	15.61%	2	2	40	40	0.98	1	1	342	194	59	42	A
II	4538770	T	Y	609	307	33.52%	2	2	39	40	0.98	1	1	386	223	273	34	C
II	4538906	C	Y	730	181	19.87%	2	2	39	38	0.98	1	1	334	396	72	109	T
II	4539524	G	R	718	490	40.56%	2	2	40	40	0.98	1	1	294	424	193	297	A
II	4539673	T	W	480	335	41.1%	2	2	40	39	0.98	1	1	96	384	77	258	A
II	4539725	T	Y	403	269	40.03%	2	2	40	40	0.98	1	1	32	371	19	250	C
III	32071	A	R	119	8	6.3%	2	1	38	30	0.98	1	1	31	88	8	0	G
III	64834	C	Y	124	113	47.68%	2	2	39	39	0.98	1	1	67	57	62	51	T
III	72845	T	K	113	11	8.87%	2	1	39	26	0.98	1	1	95	18	0	11	G
III	107015	C	Y	124	8	6.06%	2	1	36	32	0.98	1	1	35	89	8	0	T
III	113536	C	M	112	7	5.88%	2	1	39	28	0.98	1	1	106	6	0	7	A
III	123340	N	A	0	145	100%	0	2	0	39	0.98	0	1	0	0	71	74	A
III	207168	T	K	75	5	6.17%	2	1	38	30	0.98	1	1	55	20	0	5	G
III	207192	G	R	88	6	6.38%	2	1	37	32	0.98	1	1	29	59	6	0	A
III	207199	T	Y	92	5	5.15%	2	1	38	30	0.98	1	1	32	60	5	0	C
III	208140	C	M	96	6	5.83%	2	2	39	29	0.98	1	1	81	15	1	5	A
III	227730	A	T	0	229	100%	0	2	0	40	0.98	0	1	0	0	111	118	T
III	231515	C	M	122	7	5.43%	2	1	37	30	0.98	1	1	44	78	7	0	A
III	253907	A	W	57	11	7.24%	2	2	38	40	0.98	1	1	30	27	6	5	+T
III	284657	C	A	0	183	100%	0	2	0	39	0.98	0	1	0	0	97	86	A
III	285340	C	Y	122	10	7.58%	2	1	37	28	0.98	1	1	29	93	10	0	T
III	285341	A	R	136	13	8.72%	2	1	38	26	0.98	1	1	43	93	13	0	G
III	285344	C	Y	131	14	9.66%	2	1	37	29	0.98	1	1	39	92	14	0	T
III	286594	T	W	43	8	6.2%	2	2	38	40	0.98	1	1	29	14	4	4	A
III	286616	C	M	116	14	10.77%	2	1	37	33	0.98	1	1	32	84	14	0	A
III	368355	T	K	131	12	8.39%	2	1	39	28	0.98	1	1	109	22	0	12	G
III	381316	T	Y	123	29	19.08%	2	1	39	30	0.98	1	1	115	8	0	29	C
III	382032	A	M	147	10	6.37%	2	1	39	27	0.98	1	1	37	110	10	0	C
III	389918	A	M	145	17	10.49%	2	1	39	30	0.98	1	1	14	131	17	0	C
III	389933	A	M	148	21	12.43%	2	1	39	28	0.98	1	1	22	126	21	0	C
III	393123	T	Y	153	13	7.83%	2	1	37	28	0.98	1	1	123	30	0	13	C
III	489924	A	R	135	9	6.25%	2	1	38	27	0.98	1	1	19	116	9	0	G
III	509162	A	R	126	9	6.67%	2	1	38	24	0.98	1	1	22	104	9	0	G
III	563215	A	M	85	5	5.56%	2	1	38	24	0.98	1	1	11	74	5	0	C
III	563334	G	R	92	9	8.91%	2	1	38	24	0.98	1	1	76	16	0	9	A
III	563337	G	R	100	7	6.54%	2	2	38	24	0.98	1	1	76	24	1	6	A
III	594520	A	R	146	13	8.18%	2	1	37	31	0.98	1	1	38	108	13	0	G
III	618618	A	R	149	11	6.88%	2	1	37	28	0.98	1	1	39	110	11	0	G
III	623552	C	M	126	14	10%	2	1	38	28	0.98	1	1	23	103	14	0	A
III	714637	T	Y	126	8	5.97%	2	1	38	28	0.98	1	1	99	27	0	8	C
III	717678	T	W	43	3	6.52%	2	2	38	34	0.98	1	1	24	19	2	1	A
III	719971	G	T	0	82	100%	0	2	0	40	0.98	0	1	0	0	30	52	T
III	719976	G	A	0	78	100%	0	2	0	40	0.98	0	1	0	0	30	48	A
III	719978	G	A	0	75	100%	0	2	0	39	0.98	0	1	0	0	28	47	A
III	719979	A	T	0	77	100%	0	2	0	39	0.98	0	1	0	0	30	47	T
III	719981	G	T	0	78	100%	0	2	0	39	0.98	0	1	0	0	30	48	T
III	719985	G	T	0	78	100%	0	2	0	39	0.98	0	1	0	0	30	48	T
III	719987	G	T	0	78	100%	0	2	0	39	0.98	0	1	0	0	30	48	T
III	719988	A	T	0	78	100%	0	2	0	39	0.98	0	1	0	0	30	48	T
III	719990	G	T	0	78	100%	0	2	0	39	0.98	0	1	0	0	30	48	T
III	719991	A	T	0	80	100%	0	2	0	40	0.98	0	1	0	0	31	49	T
III	720001	C	T	0	199	100%	0	2	0	40	0.98	0	1	0	0	94	105	T
III	720549	A	R	102	6	5.56%	2	1	37	29	0.98	1	1	71	31	0	6	G
III	720555	C	Y	97	8	7.62%	2	1	37	28	0.98	1	1	65	32	0	8	T
III	742669	T	K	141	9	6%	2	1	39	32	0.98	1	1	115	26	0	9	G
III	742697	T	K	121	10	7.63%	2	1	39	28	0.98	1	1	113	8	0	10	G
III	742729	C	Y	104	10	8.77%	2	1	38	32	0.98	1	1	19	85	10	0	T
III	763541	T	Y	149	8	5.1%	2	1	38	28	0.98	1	1	94	55	0	8	C
III	782652	A	M	111	6	5.13%	2	1	38	32	0.98	1	1	23	88	6	0	C
III	799365	T	K	117	7	5.65%	2	1	39	24	0.98	1	1	100	17	0	7	G
III	867866	T	Y	22	2	8.33%	2	2	40	40	0.98	1	1	8	14	1	1	C
III	936692	A	R	95	11	10.38%	2	1	39	25	0.98	1	1	60	35	0	11	G
III	936699	C	Y	84	14	14.29%	2	1	39	28	0.98	1	1	59	25	0	14	T
III	962376	C	Y	535	45	7.76%	2	2	41	39	0.98	1	1	250	285	31	14	T
III	962574	T	Y	74	5	6.33%	2	2	40	33	0.98	1	1	36	38	2	3	C
III	962610	C	Y	218	13	5.63%	2	2	40	38	0.98	1	1	116	102	7	6	T
III	963322	G	R	173	11	5.98%	2	2	40	40	0.98	1	1	99	74	1	10	A
III	963343	A	G	2	179	98.9%	1	2	40	40	0.98	1	1	0	2	95	84	G
III	966123	A	R	86	7	7.53%	2	1	39	28	0.98	1	1	58	28	0	7	G
III	966813	A	M	139	8	5.44%	2	1	38	26	0.98	1	1	10	129	8	0	C
III	966852	A	M	149	8	5.1%	2	1	39	24	0.98	1	1	29	120	8	0	C
III	970572	A	M	112	9	7.44%	2	1	39	31	0.98	1	1	28	84	9	0	C
III	970575	A	M	129	12	8.51%	2	1	38	32	0.98	1	1	44	85	12	0	C
III	985871	C	Y	48	6	11.11%	2	1	34	29	0.98	1	1	12	36	0	6	T
III	999315	A	M	126	12	8.7%	2	1	39	30	0.98	1	1	13	113	12	0	C
III	1025184	A	M	116	12	9.38%	2	1	40	29	0.98	1	1	21	95	12	0	C
III	1047073	A	M	137	11	7.43%	2	1	39	32	0.98	1	1	37	100	11	0	C
III	1082294	G	K	520	30	5.45%	2	2	39	40	0.98	1	1	198	322	16	14	T
III	1084286	G	K	193	99	33.9%	2	2	40	39	0.98	1	1	106	87	43	56	T
III	1095534	T	K	142	8	5.33%	2	1	39	28	0.98	1	1	97	45	0	8	G
III	1095574	A	M	116	11	8.66%	2	1	38	28	0.98	1	1	42	74	11	0	C
III	1113333	A	G	0	6	100%	0	1	0	37	0.98	0	1	0	0	6	0	G
III	1114661	C	M	150	65	30.23%	2	2	39	40	0.98	1	1	46	104	27	38	A
III	1114851	T	Y	77	5	6.1%	2	2	40	40	0.98	1	1	51	26	3	2	C
III	1120093	A	G	0	5	100%	0	1	0	40	0.98	0	1	0	0	5	0	G
III	1121421	C	M	173	42	19.53%	2	2	40	39	0.98	1	1	65	108	20	22	A
III	1126853	A	G	0	5	100%	0	1	0	40	0.98	0	1	0	0	5	0	G
III	1128181	C	M	158	68	30.09%	2	2	40	39	0.98	1	1	72	86	39	29	A
III	1134941	C	M	149	59	28.37%	2	2	40	40	0.98	1	1	56	93	25	34	A
III	1168328	T	C	1	150	99.34%	1	2	24	39	0.98	1	1	0	1	88	62	C
III	1168363	G	A	0	133	100%	0	2	0	39	0.98	0	1	0	0	77	56	A
III	1168400	T	Y	116	9	7.2%	2	1	39	28	0.98	1	1	42	74	9	0	C
III	1207130	T	K	135	8	5.59%	2	1	39	26	0.98	1	1	102	33	0	8	G
III	1248467	A	M	150	11	6.83%	2	1	38	26	0.98	1	1	30	120	11	0	C
III	1252491	T	K	79	10	11.24%	2	1	39	32	0.98	1	1	48	31	0	10	G
III	1252505	G	K	39	6	11.11%	2	1	38	34	0.98	1	1	19	20	0	6	+TT
III	1284523	A	M	137	10	6.8%	2	1	38	30	0.98	1	1	22	115	10	0	C
III	1285827	T	Y	155	10	6.06%	2	1	38	30	0.98	1	1	132	23	0	10	C
III	1341577	A	R	143	11	7.14%	2	1	38	28	0.98	1	1	31	112	11	0	G
III	1349571	T	K	154	18	10.47%	2	1	39	32	0.98	1	1	128	26	0	18	G
III	1374938	A	T	0	242	100%	0	2	0	39	0.98	0	1	0	0	138	104	T
III	1395386	A	R	96	7	6.6%	2	1	38	28	0.98	1	1	74	22	0	7	G
III	1395394	G	K	83	16	14.95%	2	1	38	36	0.98	1	1	67	16	0	16	T
III	1395419	C	Y	83	5	5.68%	2	1	37	36	0.98	1	1	33	50	5	0	T
III	1395420	G	K	80	5	5.88%	2	1	37	25	0.98	1	1	34	46	5	0	T
III	1400856	T	K	145	9	5.84%	2	1	39	27	0.98	1	1	111	34	0	9	G
III	1430577	A	R	93	38	29.01%	2	1	39	31	0.98	1	1	4	89	38	0	G
III	1430578	C	S	90	15	14.15%	2	1	39	26	0.98	1	1	2	88	15	0	G
III	1450124	A	R	162	16	8.99%	2	1	37	29	0.98	1	1	61	101	16	0	G
III	1450125	A	R	154	18	10.47%	2	1	38	29	0.98	1	1	51	103	18	0	G
III	1493950	A	R	129	53	29.12%	2	2	40	39	0.98	1	1	74	55	52	1	G
III	1494129	T	K	256	59	18.73%	2	2	42	38	0.98	1	1	107	149	14	45	G
III	1494164	A	R	164	40	19.61%	2	2	39	37	0.98	1	1	95	69	14	26	G
III	1494181	A	W	187	15	7.43%	2	2	39	38	0.98	1	1	102	85	7	8	T
III	1494187	T	W	188	10	5%	2	2	39	38	0.98	1	1	107	81	7	3	A
III	1494282	G	R	190	106	35.81%	2	2	39	37	0.98	1	1	108	82	20	86	A
III	1494303	G	R	191	73	27.65%	2	2	39	39	0.98	1	1	106	85	13	60	A
III	1494306	A	W	192	71	27%	2	2	39	38	0.98	1	1	108	84	13	58	T
III	1494312	A	R	189	65	25.59%	2	2	40	39	0.98	1	1	109	80	13	52	G
III	1494315	A	R	189	66	25.88%	2	2	39	39	0.98	1	1	110	79	13	53	G
III	1494318	A	R	185	66	26.29%	2	2	40	39	0.98	1	1	106	79	13	53	G
III	1494327	T	K	188	64	25.4%	2	2	39	40	0.98	1	1	108	80	13	51	G
III	1499389	C	Y	250	14	5.3%	2	2	39	37	0.98	1	1	115	135	1	13	T
III	1499390	A	W	251	14	5.28%	2	2	40	38	0.98	1	1	116	135	1	13	T
III	1499950	T	K	134	8	5.63%	2	1	39	32	0.98	1	1	105	29	0	8	G
III	1534852	T	K	149	8	5.1%	2	1	38	26	0.98	1	1	99	50	0	8	G
III	1544660	G	R	131	9	6.43%	2	1	38	27	0.98	1	1	88	43	0	9	A
III	1561154	A	M	126	8	5.93%	2	1	39	28	0.98	1	1	14	112	8	0	C
III	1575951	G	K	60	6	5.26%	2	2	38	37	0.98	1	1	31	29	1	5	+T
III	1575980	A	M	93	8	7.92%	2	1	38	28	0.98	1	1	37	56	8	0	C
III	1575997	A	M	112	6	5.08%	2	1	39	26	0.98	1	1	54	58	6	0	C
III	1581366	G	K	141	11	7.19%	2	1	37	29	0.98	1	1	93	48	0	11	T
III	1655392	G	S	113	13	10.08%	1	1	39	26	0.98	1	1	113	0	0	13	C
III	1655393	T	Y	124	41	24.85%	2	1	38	34	0.98	1	1	110	14	0	41	C
III	1655396	T	Y	126	23	15.44%	2	1	38	27	0.98	1	1	107	19	0	23	C
III	1669049	A	R	129	37	22.29%	2	1	38	32	0.98	1	1	6	123	37	0	G
III	1713002	C	M	131	16	10.88%	2	1	39	32	0.98	1	1	35	96	16	0	A
III	1731092	A	M	165	13	7.3%	2	1	38	30	0.98	1	1	48	117	13	0	C
III	1756401	A	W	1	2	66.67%	1	1	40	40	0.98	1	1	1	0	0	2	T
III	1758863	C	M	126	10	7.35%	2	1	38	25	0.98	1	1	30	96	10	0	A
III	1765401	G	T	0	232	100%	0	2	0	39	0.98	0	1	0	0	114	118	T
III	1789835	A	M	146	11	7.01%	2	1	39	26	0.98	1	1	36	110	11	0	C
III	1812807	A	M	143	10	6.54%	2	1	39	28	0.98	1	1	15	128	10	0	C
III	1821897	T	K	111	7	5.93%	2	1	38	33	0.98	1	1	75	36	0	7	G
III	1821902	T	K	103	6	5.5%	2	1	38	32	0.98	1	1	73	30	0	6	G
III	1929127	A	R	46	4	6.35%	2	2	34	40	0.98	1	1	40	6	3	1	-G
III	2024773	A	R	140	8	5.41%	2	1	38	34	0.98	1	1	22	118	8	0	G
III	2067529	T	K	117	19	13.97%	2	1	39	31	0.98	1	1	66	51	0	19	G
III	2067537	T	K	114	8	6.56%	2	1	38	30	0.98	1	1	63	51	0	8	G
III	2067829	G	R	60	6	9.09%	2	1	38	37	0.98	1	1	37	23	0	6	A
III	2067833	G	R	49	6	10.71%	2	1	38	32	0.98	1	1	34	15	0	6	A
III	2181746	A	M	138	9	6.12%	2	1	38	24	0.98	1	1	37	101	9	0	C
III	2181754	A	M	149	8	5.1%	2	1	38	26	0.98	1	1	45	104	8	0	C
III	2210589	A	M	96	6	5.88%	2	1	39	32	0.98	1	1	6	90	6	0	C
III	2234737	T	Y	125	7	5.3%	2	1	37	24	0.98	1	1	100	25	0	7	C
III	2237157	T	K	119	7	5.56%	2	1	39	24	0.98	1	1	104	15	0	7	G
III	2336559	G	K	170	9	5%	2	1	38	32	0.98	1	1	114	56	0	9	T
III	2381979	G	T	0	156	100%	0	2	0	38	0.98	0	1	0	0	74	82	T
III	2382001	A	R	128	7	5.19%	2	1	38	26	0.98	1	1	72	56	0	7	G
III	2382011	T	K	109	7	6.03%	2	1	37	28	0.98	1	1	69	40	0	7	G
III	2382014	T	K	94	7	6.86%	2	1	39	26	0.98	1	1	68	26	0	7	G
III	2382019	T	W	49	5	9.26%	2	2	38	36	0.98	1	1	25	24	4	1	A
III	2420273	A	M	86	7	7.53%	2	1	39	24	0.98	1	1	27	59	7	0	C
