Chrom	Position	Ref	Cons	Reads1	Reads2	VarFreq	Strands1	Strands2	Qual1	Qual2	Pvalue	MapQual1	MapQual2	Reads1Plus	Reads1Minus	Reads2Plus	Reads2Minus	VarAllele
chr_II_telomeric_gap	4787	G	A	0	32	100%	0	2	0	47	0.98	0	1	0	0	17	15	A
chr_II_telomeric_gap	8572	G	K	23	2	8%	2	1	42	24	0.98	1	1	7	16	2	0	T
chr_II_telomeric_gap	17667	C	Y	29	2	6.45%	2	2	43	37	0.98	1	1	17	12	1	1	T
I	459	C	M	56	63	52.94%	2	2	50	46	0.98	1	1	24	32	24	39	A
I	783	T	Y	93	69	42.59%	2	2	44	42	0.98	1	1	47	46	32	37	C
I	798	G	R	105	62	37.13%	2	2	47	41	0.98	1	1	55	50	29	33	A
I	955	C	Y	69	78	53.06%	2	2	43	49	0.98	1	1	24	45	43	35	T
I	1055	T	Y	167	16	8.74%	2	2	51	40	0.98	1	1	62	105	9	7	C
I	1133	A	R	73	94	56.29%	2	2	51	45	0.98	1	1	29	44	31	63	G
I	1455	C	Y	38	45	54.22%	2	2	47	43	0.98	1	1	23	15	16	29	T
I	1514	C	S	35	46	56.79%	2	2	38	44	0.98	1	1	16	19	12	34	G
I	1750	G	R	52	22	29.73%	2	2	50	44	0.98	1	1	19	33	9	13	A
I	2582	T	Y	44	45	50.56%	2	2	47	49	0.98	1	1	28	16	29	16	C
I	2636	A	R	87	5	5.43%	2	2	46	51	0.98	1	1	45	42	2	3	G
I	2678	T	Y	73	5	6.41%	2	2	49	44	0.98	1	1	37	36	3	2	C
I	2822	C	Y	70	12	14.63%	2	2	47	51	0.98	1	1	43	27	6	6	T
I	2868	G	R	74	4	5.13%	2	2	46	46	0.98	1	1	41	33	1	3	A
I	3126	A	R	106	6	5.36%	2	1	52	55	0.98	1	1	68	38	0	6	G
I	3431	A	R	54	59	52.21%	2	2	52	53	0.98	1	1	30	24	22	37	G
I	4666	G	R	31	10	24.39%	2	2	45	50	0.98	1	1	13	18	5	5	A
I	4668	C	S	37	9	19.57%	2	2	49	44	0.98	1	1	18	19	3	6	G
I	6583	G	R	45	14	23.73%	2	2	47	39	0.98	1	1	18	27	9	5	A
I	6727	G	R	22	12	35.29%	2	2	47	43	0.98	1	1	14	8	2	10	A
I	7192	C	M	44	4	6.56%	2	1	42	34	0.98	1	1	35	9	0	4	A
I	8666	G	R	33	38	53.52%	2	2	43	49	0.98	1	1	10	23	14	24	A
I	10913	G	R	12	17	58.62%	2	2	41	42	0.98	1	1	2	10	7	10	A
I	14592	A	R	27	2	6.9%	2	1	43	55	0.98	1	1	11	16	2	0	G
I	17297	A	M	41	3	6.82%	2	1	48	37	0.98	1	1	10	31	3	0	C
I	17321	T	K	37	2	5.13%	2	1	52	37	0.98	1	1	12	25	2	0	G
I	17558	A	R	40	4	9.09%	2	2	45	46	0.98	1	1	18	22	2	2	G
I	17608	C	Y	38	3	7.32%	2	2	45	37	0.98	1	1	21	17	1	2	T
I	17723	A	R	43	5	10.42%	2	1	43	44	0.98	1	1	24	19	0	5	G
I	17733	A	R	42	4	8.7%	2	1	44	46	0.98	1	1	22	20	0	4	G
I	17957	T	Y	60	4	6.25%	2	1	48	64	0.98	1	1	29	31	0	4	C
I	17965	A	R	59	5	7.81%	2	2	49	54	0.98	1	1	27	32	1	4	G
I	18099	A	R	74	24	24.49%	2	2	49	41	0.98	1	1	42	32	20	4	G
I	18104	A	R	90	7	7.22%	2	2	46	49	0.98	1	1	61	29	4	3	G
I	18140	T	Y	119	9	7.03%	2	2	46	49	0.98	1	1	92	27	5	4	C
I	18218	G	R	131	9	6.43%	2	2	54	37	0.98	1	1	77	54	7	2	A
I	18318	G	R	99	44	30.77%	2	2	47	46	0.98	1	1	52	47	34	10	A
I	18475	C	Y	80	60	42.55%	2	2	48	49	0.98	1	1	27	53	13	47	T
I	18845	G	R	34	2	5.56%	2	1	52	37	0.98	1	1	17	17	0	2	A
I	19599	C	M	73	4	5.19%	2	1	47	37	0.98	1	1	51	22	0	4	A
I	20117	A	R	36	2	5.26%	2	1	49	74	0.98	1	1	16	20	2	0	G
I	20545	C	Y	1	2	25%	1	1	37	37	0.98	1	1	1	0	0	2	+TTTTTTT
I	20573	C	M	6	2	25%	1	1	37	25	0.98	1	1	0	6	2	0	A
I	24620	A	W	91	8	8.08%	2	2	51	54	0.98	1	1	33	58	7	1	T
I	28424	C	S	60	6	9.09%	2	2	49	61	0.98	1	1	29	31	5	1	G
I	28446	A	W	58	4	6.45%	2	2	51	55	0.98	1	1	28	30	1	3	T
I	29359	T	W	33	3	8.33%	2	2	53	59	0.98	1	1	17	16	1	2	A
I	29373	T	Y	26	5	16.13%	2	2	59	57	0.98	1	1	13	13	2	3	C
I	31879	C	S	16	4	20%	2	2	44	49	0.98	1	1	11	5	3	1	G
I	42303	C	S	38	2	5%	2	1	44	49	0.98	1	1	19	19	2	0	G
I	43335	G	R	6	2	18.18%	1	1	35	37	0.98	1	1	6	0	0	2	A
I	56324	A	R	21	2	8.7%	2	2	45	31	0.98	1	1	10	11	1	1	G
I	83450	T	Y	31	2	6.06%	2	1	47	31	0.98	1	1	13	18	0	2	C
I	84254	T	W	29	2	6.45%	2	2	47	49	0.98	1	1	13	16	1	1	A
I	86013	A	M	27	3	10%	2	1	47	37	0.98	1	1	6	21	0	3	C
I	98629	A	M	74	10	11.9%	2	2	45	37	0.98	1	1	41	33	9	1	C
I	98632	C	Y	74	10	11.9%	2	2	45	35	0.98	1	1	42	32	9	1	T
I	98639	A	W	90	20	18.18%	2	2	45	41	0.98	1	1	58	32	18	2	T
I	98777	T	Y	160	25	13.51%	2	2	54	57	0.98	1	1	85	75	15	10	C
I	98786	G	R	168	13	7.18%	2	2	51	42	0.98	1	1	82	86	2	11	A
I	99057	T	Y	152	13	7.88%	2	2	49	42	0.98	1	1	80	72	9	4	C
I	99066	G	R	146	20	12.05%	2	2	52	53	0.98	1	1	70	76	10	10	A
I	99204	A	W	92	13	12.38%	2	1	47	39	0.98	1	1	41	51	0	13	T
I	105674	G	K	25	2	7.41%	2	1	44	22	0.98	1	1	12	13	2	0	T
I	106276	T	W	34	2	5.56%	2	1	41	27	0.98	1	1	11	23	2	0	A
I	106312	G	K	32	2	5.88%	2	1	50	27	0.98	1	1	18	14	2	0	T
I	108121	A	R	34	2	5.56%	2	1	52	37	0.98	1	1	21	13	0	2	G
I	114927	T	C	0	46	100%	0	2	0	48	0.98	0	1	0	0	26	20	C
I	137930	C	M	38	3	7.32%	2	1	46	37	0.98	1	1	15	23	3	0	A
I	138271	C	Y	30	2	6.25%	2	1	45	37	0.98	1	1	8	22	0	2	T
I	145991	A	W	25	2	7.41%	2	1	44	31	0.98	1	1	15	10	0	2	T
I	146005	A	M	22	2	8.33%	2	1	50	25	0.98	1	1	15	7	0	2	C
I	153073	A	M	23	2	8%	2	1	49	25	0.98	1	1	11	12	0	2	C
I	169790	A	M	12	2	14.29%	2	1	37	29	0.98	1	1	11	1	0	2	C
I	169798	G	K	14	2	12.5%	2	1	38	37	0.98	1	1	12	2	0	2	T
I	169800	T	W	13	2	13.33%	2	1	42	33	0.98	1	1	11	2	0	2	A
I	169817	A	M	10	5	33.33%	1	1	39	30	0.98	1	1	10	0	0	5	C
I	229842	T	W	28	2	6.67%	2	2	44	31	0.98	1	1	15	13	1	1	A
I	241402	G	K	33	3	8.33%	2	1	45	25	0.98	1	1	20	13	0	3	T
I	241439	C	M	27	2	6.9%	2	1	43	31	0.98	1	1	16	11	0	2	A
I	305697	C	M	35	2	5.41%	2	1	44	27	0.98	1	1	20	15	0	2	A
I	322919	A	R	28	2	6.67%	2	1	48	49	0.98	1	1	14	14	2	0	G
I	335159	T	W	30	2	6.25%	2	2	46	55	0.98	1	1	15	15	1	1	A
I	350708	A	R	30	2	6.25%	2	2	43	55	0.98	1	1	15	15	1	1	G
I	402425	C	Y	64	4	5.88%	2	2	46	31	0.98	1	1	37	27	3	1	T
I	403339	T	Y	21	2	8.7%	2	1	45	37	0.98	1	1	7	14	0	2	C
I	411423	C	M	37	2	5.13%	2	1	48	24	0.98	1	1	14	23	2	0	A
I	440084	T	W	0	2	22.22%	0	1	0	33	0.98	0	1	0	0	0	2	A
I	440482	G	R	33	3	8.33%	2	1	50	33	0.98	1	1	11	22	3	0	A
I	441537	G	K	33	2	5.71%	2	2	46	23	0.98	1	1	9	24	1	1	T
I	441581	G	K	34	2	5.56%	2	2	42	23	0.98	1	1	23	11	1	1	T
I	441614	C	Y	16	2	7.41%	2	2	35	29	0.98	1	1	13	3	1	1	-T
I	447168	C	Y	29	3	9.38%	2	1	47	37	0.98	1	1	11	18	0	3	T
I	453369	G	R	10	2	7.41%	2	2	42	37	0.98	1	1	8	2	1	1	A
I	472784	A	W	38	2	5%	2	2	45	25	0.98	1	1	10	28	1	1	T
I	473427	G	K	8	6	33.33%	2	1	33	35	0.98	1	1	6	2	0	6	T
I	478545	T	Y	35	2	5.41%	2	2	47	36	0.98	1	1	15	20	1	1	C
I	481243	A	M	30	2	6.25%	2	1	43	37	0.98	1	1	12	18	0	2	C
I	482739	T	K	38	2	5%	2	2	49	55	0.98	1	1	26	12	1	1	G
I	509156	T	Y	27	2	6.9%	2	1	43	37	0.98	1	1	18	9	0	2	C
I	523603	G	A	0	53	98.15%	0	2	0	44	0.98	0	1	0	0	32	21	A
I	523883	G	A	0	59	98.33%	0	2	0	47	0.98	0	1	0	0	29	30	A
I	527156	C	A	0	33	100%	0	2	0	47	0.98	0	1	0	0	18	15	A
I	570901	A	R	24	2	7.69%	2	1	48	37	0.98	1	1	9	15	2	0	G
I	575855	A	R	28	2	6.67%	2	1	42	37	0.98	1	1	18	10	2	0	G
I	638487	A	M	36	2	5.26%	2	1	45	37	0.98	1	1	16	20	2	0	C
I	643529	T	K	24	2	7.69%	2	1	48	25	0.98	1	1	14	10	2	0	G
I	650099	C	M	5	2	12.5%	2	1	33	33	0.98	1	1	4	1	0	2	A
I	686330	A	M	34	2	5.56%	2	1	48	37	0.98	1	1	22	12	2	0	C
I	701502	T	K	33	3	8.33%	2	1	47	25	0.98	1	1	13	20	3	0	G
I	701507	G	K	35	2	5.41%	2	1	45	25	0.98	1	1	15	20	2	0	T
I	736625	T	W	15	2	11.76%	2	1	53	55	0.98	1	1	11	4	2	0	A
I	759334	G	T	0	13	100%	0	2	0	44	0.98	0	1	0	0	7	6	T
I	771170	T	W	26	2	7.14%	2	2	41	37	0.98	1	1	12	14	1	1	A
I	782306	A	R	23	2	8%	2	2	42	48	0.98	1	1	7	16	1	1	G
I	801911	C	T	0	38	100%	0	2	0	44	0.98	0	1	0	0	27	11	T
I	831943	T	W	12	2	14.29%	2	1	48	25	0.98	1	1	3	9	2	0	A
I	831966	G	K	11	2	15.38%	2	1	47	33	0.98	1	1	1	10	2	0	T
I	832738	A	M	30	2	6.25%	2	2	45	25	0.98	1	1	15	15	1	1	C
I	844045	T	W	27	2	6.9%	2	2	44	37	0.98	1	1	11	16	1	1	A
I	850790	A	W	38	2	5%	2	1	47	25	0.98	1	1	14	24	2	0	T
I	859935	G	K	37	4	9.76%	2	2	47	37	0.98	1	1	22	15	2	2	T
I	861316	T	K	23	2	8%	2	2	44	55	0.98	1	1	14	9	1	1	G
I	862964	G	T	0	28	100%	0	2	0	48	0.98	0	1	0	0	19	9	T
I	886998	A	M	27	2	6.9%	2	1	41	37	0.98	1	1	14	13	0	2	C
I	899240	T	W	34	2	5.56%	2	2	46	37	0.98	1	1	10	24	1	1	A
I	906589	A	R	30	2	6.06%	2	2	44	37	0.98	1	1	13	17	1	1	G
I	932943	T	Y	26	2	7.14%	2	2	53	37	0.98	1	1	14	12	1	1	C
I	934907	T	W	24	2	7.69%	2	1	44	37	0.98	1	1	18	6	0	2	A
I	934908	T	W	11	2	8.7%	1	1	40	37	0.98	1	1	11	0	0	2	A
I	949545	T	K	15	6	28.57%	2	1	40	28	0.98	1	1	1	14	6	0	G
I	949587	G	K	20	2	9.09%	2	1	38	25	0.98	1	1	3	17	2	0	T
I	960643	G	K	24	30	55.56%	2	2	43	54	0.98	1	1	9	15	18	12	T
I	993229	G	K	30	2	6.25%	2	1	46	25	0.98	1	1	17	13	0	2	T
I	996808	A	R	33	2	5.71%	2	1	48	36	0.98	1	1	15	18	2	0	G
I	1008723	G	R	33	2	5.71%	2	1	46	31	0.98	1	1	22	11	0	2	A
I	1038404	C	M	44	4	8.33%	2	1	52	37	0.98	1	1	20	24	0	4	A
I	1038491	G	K	36	2	5.26%	2	1	43	37	0.98	1	1	10	26	2	0	T
I	1054791	T	Y	37	2	5.13%	2	1	44	31	0.98	1	1	8	29	2	0	C
I	1079249	A	W	33	2	5.71%	2	1	47	37	0.98	1	1	13	20	2	0	T
I	1079571	C	M	11	2	15.38%	2	1	40	37	0.98	1	1	9	2	0	2	A
I	1079603	C	M	13	2	13.33%	2	1	40	33	0.98	1	1	5	8	2	0	A
I	1083161	T	W	38	2	5%	2	2	51	68	0.98	1	1	16	22	1	1	A
I	1094998	C	M	21	2	8.7%	2	2	50	74	0.98	1	1	8	13	1	1	A
I	1117233	G	K	20	2	9.09%	2	1	42	25	0.98	1	1	14	6	0	2	T
I	1150095	C	M	30	8	21.05%	2	2	45	29	0.98	1	1	16	14	3	5	A
I	1150815	T	K	31	2	6.06%	2	1	43	25	0.98	1	1	21	10	2	0	G
I	1183504	C	M	17	2	10.53%	2	2	43	37	0.98	1	1	9	8	1	1	A
I	1185768	G	K	25	2	7.41%	2	1	40	27	0.98	1	1	19	6	0	2	T
I	1270644	C	Y	37	2	5.13%	2	2	45	37	0.98	1	1	23	14	1	1	T
I	1288613	G	S	37	2	5.13%	2	2	48	55	0.98	1	1	16	21	1	1	C
I	1305627	G	K	30	2	6.25%	2	1	48	25	0.98	1	1	8	22	0	2	T
I	1311724	T	K	36	2	5.26%	2	1	52	68	0.98	1	1	26	10	2	0	G
I	1341178	G	S	33	2	5.71%	2	1	51	74	0.98	1	1	19	14	0	2	C
I	1380126	A	M	29	3	9.38%	2	1	41	29	0.98	1	1	21	8	0	3	C
I	1393835	G	K	23	5	17.86%	2	1	40	33	0.98	1	1	2	21	5	0	T
I	1424709	A	C	0	3	100%	0	2	0	65	0.98	0	1	0	0	2	1	C
I	1430656	C	S	47	6	11.32%	2	2	40	35	0.98	1	1	16	31	2	4	G
I	1497849	A	R	36	2	5.26%	2	1	49	55	0.98	1	1	21	15	2	0	G
I	1509008	T	W	25	2	7.41%	2	2	49	37	0.98	1	1	10	15	1	1	A
I	1510169	C	M	36	2	5.26%	2	1	47	27	0.98	1	1	24	12	2	0	A
I	1535053	T	K	16	2	11.11%	2	1	50	25	0.98	1	1	4	12	2	0	G
I	1535089	T	W	18	2	10%	2	1	43	25	0.98	1	1	3	15	2	0	A
I	1539564	C	M	14	2	12.5%	1	1	35	29	0.98	1	1	14	0	0	2	A
I	1545074	T	K	9	3	25%	2	1	36	26	0.98	1	1	1	8	3	0	G
I	1545146	G	K	18	2	10%	2	1	36	27	0.98	1	1	6	12	2	0	T
I	1545171	C	Y	22	2	8%	2	1	42	37	0.98	1	1	8	14	2	0	T
I	1546861	A	R	33	2	5.71%	2	1	41	37	0.98	1	1	25	8	2	0	G
I	1557402	G	S	37	2	5.13%	2	2	48	55	0.98	1	1	16	21	1	1	C
I	1578140	T	K	12	2	14.29%	2	1	51	25	0.98	1	1	4	8	2	0	G
I	1578154	C	M	14	2	12.5%	2	1	42	25	0.98	1	1	5	9	2	0	A
I	1582837	C	A	0	22	100%	0	2	0	41	0.98	0	1	0	0	13	9	A
I	1591379	A	M	37	2	5.13%	2	2	49	37	0.98	1	1	14	23	1	1	C
I	1595013	G	K	27	2	6.9%	2	1	41	31	0.98	1	1	22	5	0	2	T
I	1599239	G	K	16	2	11.11%	2	2	35	22	0.98	1	1	11	5	1	1	T
I	1630482	G	C	0	29	100%	0	2	0	41	0.98	0	1	0	0	12	17	C
I	1651421	A	M	36	2	5.26%	2	1	48	31	0.98	1	1	27	9	0	2	C
I	1654359	G	K	17	2	10.53%	2	1	37	33	0.98	1	1	2	15	2	0	T
I	1654385	G	K	17	2	10.53%	2	1	37	29	0.98	1	1	2	15	2	0	T
I	1667143	T	W	21	2	8.7%	2	1	43	31	0.98	1	1	7	14	2	0	A
I	1669142	A	M	42	3	6.67%	2	1	46	37	0.98	1	1	24	18	0	3	C
I	1697164	A	W	34	2	5.56%	2	1	43	25	0.98	1	1	12	22	2	0	T
I	1710863	C	S	36	3	7.69%	2	2	48	37	0.98	1	1	17	19	1	2	G
I	1715167	T	Y	30	2	6.25%	2	2	50	37	0.98	1	1	18	12	1	1	C
I	1730792	A	R	32	2	5.88%	2	2	44	55	0.98	1	1	10	22	1	1	G
I	1755560	T	W	28	2	6.67%	2	1	50	25	0.98	1	1	10	18	2	0	A
I	1757712	T	W	44	3	6.38%	2	2	43	49	0.98	1	1	22	22	1	2	A
I	1763504	A	R	13	2	13.33%	2	1	45	55	0.98	1	1	3	10	2	0	G
I	1765273	C	M	20	2	9.09%	2	1	36	25	0.98	1	1	18	2	0	2	A
I	1769024	G	K	24	2	7.69%	2	1	38	27	0.98	1	1	5	19	2	0	T
I	1769029	T	W	27	2	6.9%	2	1	42	49	0.98	1	1	5	22	2	0	A
I	1783458	C	T	0	41	100%	0	2	0	49	0.98	0	1	0	0	22	19	T
I	1812859	C	M	37	2	5.13%	2	1	41	25	0.98	1	1	24	13	0	2	A
I	1812887	G	K	33	2	5.71%	2	1	41	24	0.98	1	1	23	10	0	2	T
I	1812931	A	M	34	2	5.56%	2	1	42	37	0.98	1	1	22	12	0	2	C
I	1821404	G	K	29	2	6.45%	2	1	44	25	0.98	1	1	18	11	0	2	T
I	1829350	A	W	27	3	10%	2	1	42	29	0.98	1	1	17	10	0	3	T
I	1834141	C	M	21	2	8.33%	1	1	38	33	0.98	1	1	21	0	0	2	A
I	1834158	A	W	20	3	13.04%	2	1	41	33	0.98	1	1	15	5	0	3	T
I	1834160	G	K	22	8	26.67%	2	1	38	32	0.98	1	1	20	2	0	8	T
I	1834432	G	K	32	2	5.88%	2	1	44	31	0.98	1	1	21	11	0	2	T
I	1839864	G	K	39	3	7.14%	2	2	42	49	0.98	1	1	15	24	2	1	T
I	1848384	C	M	16	2	10.53%	2	1	34	29	0.98	1	1	14	2	0	2	A
I	1852128	G	K	21	2	8.7%	1	1	34	27	0.98	1	1	0	21	2	0	T
I	1857813	A	W	116	9	7.2%	2	2	47	38	0.98	1	1	65	51	5	4	T
I	1882745	A	W	30	2	6.25%	2	1	46	37	0.98	1	1	12	18	0	2	T
I	1884924	C	M	55	3	5.17%	2	1	50	45	0.98	1	1	26	29	0	3	A
I	1889497	G	K	54	3	5.26%	2	1	44	33	0.98	1	1	20	34	3	0	T
I	1893562	T	K	31	2	6.06%	2	1	46	33	0.98	1	1	12	19	2	0	G
I	1893575	C	M	28	4	12.5%	2	1	43	30	0.98	1	1	4	24	4	0	A
I	1893582	C	M	29	2	6.45%	2	1	41	29	0.98	1	1	3	26	2	0	A
I	1893605	T	W	35	2	5.41%	2	1	39	27	0.98	1	1	3	32	2	0	A
I	1900928	A	R	27	2	6.9%	2	1	47	31	0.98	1	1	13	14	2	0	G
I	1907440	T	Y	16	2	11.11%	2	2	46	37	0.98	1	1	10	6	1	1	C
I	1917328	A	R	28	2	6.67%	2	1	44	55	0.98	1	1	11	17	2	0	G
I	1925724	G	K	23	2	8%	2	2	46	37	0.98	1	1	11	12	1	1	T
I	1943784	A	M	15	3	13.64%	2	1	36	30	0.98	1	1	14	1	0	3	C
I	1946222	T	W	29	2	6.45%	2	2	43	37	0.98	1	1	11	18	1	1	A
I	1955788	C	M	21	2	8.7%	2	1	38	33	0.98	1	1	1	20	2	0	A
I	1957070	T	W	19	2	9.52%	2	1	42	25	0.98	1	1	12	7	0	2	A
I	1971601	A	M	14	2	12.5%	2	1	46	61	0.98	1	1	10	4	2	0	C
I	1997610	C	M	24	2	7.69%	2	1	40	25	0.98	1	1	14	10	2	0	A
I	1997673	T	K	27	2	6.9%	2	1	44	25	0.98	1	1	10	17	2	0	G
I	1999192	G	C	0	46	100%	0	2	0	43	0.98	0	1	0	0	26	20	C
I	2003678	A	R	34	2	5.56%	2	1	44	37	0.98	1	1	21	13	2	0	G
I	2025033	C	M	14	2	12.5%	2	1	37	27	0.98	1	1	3	11	2	0	A
I	2045614	T	Y	20	2	9.09%	2	1	46	37	0.98	1	1	11	9	0	2	C
I	2051693	T	W	30	2	6.25%	2	2	48	37	0.98	1	1	16	14	1	1	A
I	2052765	T	Y	45	5	10%	2	2	50	39	0.98	1	1	24	21	2	3	C
I	2052854	C	M	37	2	5.13%	2	1	41	20	0.98	1	1	10	27	2	0	A
I	2053958	C	Y	13	2	13.33%	2	2	40	68	0.98	1	1	6	7	1	1	T
I	2058433	T	W	35	2	5.41%	2	2	46	37	0.98	1	1	21	14	1	1	A
I	2093266	A	M	27	2	6.9%	2	1	42	25	0.98	1	1	18	9	0	2	C
I	2093273	A	M	25	3	10.71%	2	1	38	34	0.98	1	1	20	5	0	3	C
I	2101585	C	M	12	2	14.29%	2	1	42	37	0.98	1	1	8	4	0	2	A
I	2104091	G	T	0	30	100%	0	2	0	43	0.98	0	1	0	0	11	19	T
I	2104097	C	A	0	26	100%	0	2	0	43	0.98	0	1	0	0	10	16	A
I	2104259	C	Y	27	2	6.9%	2	2	48	37	0.98	1	1	10	17	1	1	T
I	2129473	T	Y	28	2	6.67%	2	2	44	37	0.98	1	1	15	13	1	1	C
I	2130554	A	R	24	4	14.29%	2	2	53	37	0.98	1	1	14	10	2	2	G
I	2132247	C	M	19	2	9.52%	2	1	41	25	0.98	1	1	7	12	0	2	A
I	2174514	C	M	29	2	6.45%	2	2	44	37	0.98	1	1	18	11	1	1	A
I	2174555	C	M	11	2	7.41%	2	1	42	31	0.98	1	1	5	6	0	2	A
I	2194704	G	K	18	2	10%	2	1	44	25	0.98	1	1	13	5	0	2	T
I	2208497	T	W	38	3	7.32%	2	1	42	49	0.98	1	1	18	20	3	0	A
I	2225442	G	K	16	2	11.11%	2	1	40	31	0.98	1	1	12	4	0	2	T
I	2227936	T	W	5	3	20%	1	1	36	34	0.98	1	1	5	0	0	3	A
I	2254860	C	M	19	2	9.52%	2	1	47	25	0.98	1	1	8	11	2	0	A
I	2254882	G	K	29	3	9.38%	2	1	49	25	0.98	1	1	16	13	3	0	T
I	2254950	C	M	35	3	7.89%	2	1	48	30	0.98	1	1	19	16	3	0	A
I	2279778	G	K	17	2	10.53%	2	2	42	23	0.98	1	1	11	6	1	1	T
I	2297085	A	R	37	3	7.5%	2	2	50	37	0.98	1	1	14	23	1	2	G
I	2297100	T	Y	30	2	6.25%	2	1	48	37	0.98	1	1	14	16	0	2	C
I	2323320	T	K	35	2	5.41%	2	1	43	33	0.98	1	1	11	24	2	0	G
I	2327021	C	M	9	2	13.33%	2	1	50	25	0.98	1	1	6	3	0	2	A
I	2342462	G	K	27	2	6.9%	2	1	39	22	0.98	1	1	10	17	2	0	T
I	2353946	T	Y	21	2	8.7%	2	2	50	49	0.98	1	1	8	13	1	1	C
I	2355869	T	Y	40	3	6.98%	2	2	43	49	0.98	1	1	12	28	2	1	C
I	2414559	C	M	25	2	7.41%	2	1	49	37	0.98	1	1	16	9	0	2	A
I	2431051	G	R	33	2	5.71%	2	1	45	37	0.98	1	1	8	25	0	2	A
I	2443448	A	M	47	5	9.62%	2	2	52	37	0.98	1	1	22	25	2	3	C
I	2468990	A	R	22	2	8.33%	2	1	44	55	0.98	1	1	14	8	2	0	G
I	2480045	C	M	28	4	12.5%	2	1	42	31	0.98	1	1	16	12	0	4	A
I	2480077	A	W	22	2	8.33%	2	1	43	25	0.98	1	1	13	9	0	2	T
I	2480082	G	K	22	2	8.33%	2	1	41	27	0.98	1	1	15	7	0	2	T
I	2480092	G	K	21	2	8.7%	2	1	37	33	0.98	1	1	15	6	0	2	T
I	2480108	A	M	20	3	13.04%	2	1	39	29	0.98	1	1	15	5	0	3	C
I	2496050	A	M	17	2	10.53%	2	1	38	27	0.98	1	1	15	2	0	2	C
I	2502198	A	R	21	2	8.7%	2	1	44	37	0.98	1	1	4	17	2	0	G
I	2503848	C	Y	50	4	7.41%	2	2	53	37	0.98	1	1	17	33	3	1	T
I	2503979	G	K	36	3	7.69%	2	1	37	27	0.98	1	1	28	8	0	3	T
I	2506044	T	A	0	70	100%	0	2	0	50	0.98	0	1	0	0	38	32	A
I	2509338	C	M	5	2	28.57%	2	1	39	25	0.98	1	1	3	2	0	2	A
I	2509355	G	K	6	2	25%	2	1	43	25	0.98	1	1	4	2	0	2	T
I	2516648	C	M	33	2	5.71%	2	1	47	25	0.98	1	1	20	13	0	2	A
I	2516686	G	K	34	2	5.56%	2	1	46	31	0.98	1	1	20	14	0	2	T
I	2540359	G	S	38	2	5%	2	1	48	28	0.98	1	1	19	19	0	2	C
I	2544949	T	K	27	4	12.9%	2	1	39	31	0.98	1	1	3	24	4	0	G
I	2556757	A	M	13	3	16.67%	1	1	35	30	0.98	1	1	13	0	0	3	C
I	2559675	A	R	22	2	8.33%	2	2	52	37	0.98	1	1	10	12	1	1	G
I	2571767	C	M	18	2	10%	2	2	46	31	0.98	1	1	9	9	1	1	A
I	2586315	G	R	35	2	5.41%	2	2	46	55	0.98	1	1	10	25	1	1	A
I	2605764	T	A	0	32	100%	0	2	0	47	0.98	0	1	0	0	13	19	A
I	2658536	C	M	33	2	5.71%	2	1	41	25	0.98	1	1	10	23	2	0	A
I	2662324	A	R	30	2	6.25%	2	1	46	31	0.98	1	1	14	16	2	0	G
I	2695969	T	K	24	2	7.69%	2	1	49	55	0.98	1	1	10	14	2	0	G
I	2698758	A	R	21	2	8.7%	2	2	49	37	0.98	1	1	9	12	1	1	G
I	2706502	A	M	28	2	6.67%	2	1	41	25	0.98	1	1	21	7	0	2	C
I	2734656	C	M	23	2	8%	2	1	44	33	0.98	1	1	10	13	2	0	A
I	2747028	A	W	14	2	12.5%	2	1	38	37	0.98	1	1	10	4	0	2	T
I	2747078	A	G	0	24	100%	0	2	0	44	0.98	0	1	0	0	6	18	G
I	2775372	C	Y	27	2	6.9%	2	1	47	37	0.98	1	1	18	9	0	2	T
I	2811943	T	W	63	4	5.97%	2	2	47	37	0.98	1	1	36	27	3	1	A
I	2824198	A	M	32	2	5.88%	2	1	45	31	0.98	1	1	19	13	0	2	C
I	2824830	T	K	30	2	6.25%	2	1	39	31	0.98	1	1	3	27	2	0	G
I	2860776	A	W	26	2	7.14%	2	1	39	27	0.98	1	1	23	3	0	2	T
I	2891098	G	K	30	3	9.09%	2	1	43	30	0.98	1	1	17	13	0	3	T
I	2891110	A	W	33	2	5.71%	2	1	47	29	0.98	1	1	19	14	0	2	T
I	2931450	G	R	117	11	8.59%	2	1	50	35	0.98	1	1	62	55	11	0	A
I	2944074	T	Y	101	6	5.61%	2	1	48	47	0.98	1	1	61	40	6	0	C
I	2945450	C	M	44	3	6.38%	2	1	44	29	0.98	1	1	19	25	3	0	A
I	2958928	G	K	37	3	7.5%	2	1	40	29	0.98	1	1	29	8	0	3	T
I	2959787	G	K	9	2	18.18%	2	1	37	37	0.98	1	1	3	6	2	0	T
I	2965208	C	M	28	2	6.67%	2	1	47	25	0.98	1	1	16	12	2	0	A
I	2974688	A	R	24	2	7.69%	2	1	41	37	0.98	1	1	14	10	0	2	G
I	2994434	C	A	0	22	100%	0	2	0	57	0.98	0	1	0	0	10	12	A
I	3004549	T	W	38	2	5%	2	1	47	37	0.98	1	1	21	17	2	0	A
I	3009934	T	Y	34	2	5.56%	2	2	50	37	0.98	1	1	24	10	1	1	C
I	3021594	T	W	33	2	5.71%	2	1	47	37	0.98	1	1	23	10	2	0	A
I	3036899	T	W	36	2	5.26%	2	1	42	74	0.98	1	1	15	21	0	2	A
I	3091312	A	R	35	2	5.41%	2	2	44	49	0.98	1	1	13	22	1	1	G
I	3100308	A	M	23	2	8%	2	1	41	31	0.98	1	1	13	10	0	2	C
I	3111508	A	G	0	39	100%	0	2	0	43	0.98	0	1	0	0	26	13	G
I	3115841	C	A	0	66	100%	0	2	0	51	0.98	0	1	0	0	40	26	A
I	3119299	G	A	0	13	100%	0	2	0	49	0.98	0	1	0	0	7	6	A
I	3124553	T	K	15	4	21.05%	2	1	41	28	0.98	1	1	7	8	4	0	G
I	3135470	G	K	36	2	5.26%	2	2	49	48	0.98	1	1	19	17	1	1	T
I	3137560	C	M	20	2	9.09%	2	1	46	74	0.98	1	1	10	10	0	2	A
I	3178497	C	Y	35	3	7.89%	2	1	51	37	0.98	1	1	27	8	0	3	T
I	3179238	G	C	0	64	100%	0	2	0	45	0.98	0	1	0	0	32	32	C
I	3186435	T	Y	32	2	5.88%	2	2	40	37	0.98	1	1	16	16	1	1	C
I	3186798	G	A	0	54	100%	0	2	0	49	0.98	0	1	0	0	21	33	A
I	3240916	G	K	31	2	6.06%	2	1	46	25	0.98	1	1	21	10	0	2	T
I	3241516	C	M	36	3	7.69%	2	1	42	29	0.98	1	1	24	12	0	3	A
I	3248301	G	R	23	2	8%	2	2	48	37	0.98	1	1	8	15	1	1	A
I	3261348	C	M	52	4	7.14%	2	2	47	37	0.98	1	1	25	27	2	2	A
I	3289330	G	R	38	2	5%	2	2	52	42	0.98	1	1	22	16	1	1	A
I	3289378	A	R	34	2	5.56%	2	2	49	37	0.98	1	1	15	19	1	1	G
I	3294780	G	T	0	37	100%	0	2	0	50	0.98	0	1	0	0	11	26	T
I	3306647	T	K	37	2	5.13%	2	1	38	25	0.98	1	1	8	29	2	0	G
I	3343000	A	M	43	3	6.52%	2	1	49	37	0.98	1	1	24	19	0	3	C
I	3343003	G	K	41	3	6.82%	2	1	50	37	0.98	1	1	23	18	0	3	T
I	3348408	T	Y	30	2	6.25%	2	2	48	37	0.98	1	1	16	14	1	1	C
I	3366344	A	W	31	2	6.06%	2	1	43	31	0.98	1	1	11	20	0	2	T
I	3370734	G	R	36	4	10%	2	2	50	37	0.98	1	1	9	27	2	2	A
I	3382809	T	Y	32	2	5.88%	2	2	52	68	0.98	1	1	12	20	1	1	C
I	3392511	T	Y	38	2	5%	2	1	49	37	0.98	1	1	15	23	0	2	C
I	3399782	A	W	37	2	5.13%	2	1	42	31	0.98	1	1	10	27	2	0	T
I	3416045	T	K	32	2	5.88%	2	1	42	55	0.98	1	1	21	11	2	0	G
I	3453037	A	R	38	4	9.52%	2	2	47	37	0.98	1	1	24	14	2	2	G
I	3460318	T	Y	2	2	7.41%	2	2	37	51	0.98	1	1	1	1	1	1	C
I	3484050	C	M	30	2	6.25%	2	1	47	27	0.98	1	1	14	16	2	0	A
I	3497111	A	W	24	2	7.69%	2	2	43	74	0.98	1	1	15	9	1	1	T
I	3519641	A	W	17	2	10.53%	2	1	38	27	0.98	1	1	15	2	0	2	T
I	3538450	A	T	0	24	100%	0	2	0	41	0.98	0	1	0	0	9	15	T
I	3548913	T	A	0	22	100%	0	2	0	42	0.98	0	1	0	0	7	15	A
I	3558541	A	R	33	2	5.71%	2	2	48	37	0.98	1	1	11	22	1	1	G
I	3576756	T	Y	1	5	45.45%	1	2	62	51	0.98	1	1	1	0	3	2	C
I	3580034	C	Y	13	2	7.14%	2	1	39	31	0.98	1	1	12	1	0	2	+T
I	3580330	T	K	26	2	7.14%	2	1	39	27	0.98	1	1	9	17	2	0	G
I	3583106	G	A	0	58	100%	0	2	0	49	0.98	0	1	0	0	33	25	A
I	3585996	T	K	28	2	6.67%	2	1	48	31	0.98	1	1	13	15	0	2	G
I	3590597	T	K	34	2	5.56%	2	2	42	37	0.98	1	1	15	19	1	1	G
I	3591173	C	M	23	2	8%	2	2	47	74	0.98	1	1	12	11	1	1	A
I	3625189	C	M	22	2	8.33%	2	1	46	31	0.98	1	1	9	13	2	0	A
I	3625197	G	K	26	2	7.14%	2	1	42	25	0.98	1	1	13	13	2	0	T
I	3628747	A	M	25	2	7.41%	2	2	47	31	0.98	1	1	13	12	1	1	C
I	3645865	C	M	21	2	8.7%	2	1	42	27	0.98	1	1	17	4	0	2	A
I	3657385	G	K	36	2	5.26%	2	1	39	27	0.98	1	1	30	6	0	2	T
I	3660180	G	K	36	3	7.69%	2	1	38	27	0.98	1	1	31	5	0	3	T
I	3670602	A	W	33	2	5.71%	2	2	51	37	0.98	1	1	19	14	1	1	T
I	3675102	A	M	32	2	5.88%	2	1	42	55	0.98	1	1	21	11	0	2	C
I	3717044	T	W	32	4	11.11%	2	2	46	37	0.98	1	1	14	18	2	2	A
I	3718780	G	K	29	2	6.45%	2	1	41	27	0.98	1	1	23	6	0	2	T
I	3723065	G	R	22	13	37.14%	2	2	51	43	0.98	1	1	10	12	5	8	A
I	3761504	C	M	92	5	5.15%	2	2	51	56	0.98	1	1	47	45	2	3	A
I	3761560	T	Y	87	7	7.45%	2	2	53	60	0.98	1	1	47	40	4	3	C
I	3761566	T	Y	85	6	6.59%	2	2	52	59	0.98	1	1	51	34	3	3	C
I	3765328	C	Y	1	2	9.09%	1	1	74	25	0.98	1	1	1	0	0	2	+T
I	3774434	T	W	33	2	5.71%	2	2	51	37	0.98	1	1	14	19	1	1	A
I	3778030	C	M	33	2	5.71%	2	2	46	21	0.98	1	1	25	8	1	1	A
I	3779760	T	Y	32	2	5.88%	2	1	45	55	0.98	1	1	22	10	2	0	C
I	3780769	G	K	98	9	8.41%	2	2	47	53	0.98	1	1	48	50	4	5	T
I	3787122	C	Y	55	3	5.17%	2	2	52	31	0.98	1	1	26	29	2	1	T
I	3787123	A	M	54	3	5.26%	2	2	53	31	0.98	1	1	26	28	2	1	C
I	3787128	C	Y	55	3	5.17%	2	2	53	31	0.98	1	1	27	28	2	1	T
I	3787149	T	K	56	3	5%	2	2	54	31	0.98	1	1	24	32	2	1	G
I	3787673	C	Y	73	5	6.41%	2	2	54	51	0.98	1	1	41	32	4	1	T
I	3787766	A	R	64	6	8.57%	2	2	48	37	0.98	1	1	31	33	5	1	G
I	3807119	A	M	53	5	8.62%	2	1	52	37	0.98	1	1	22	31	5	0	C
I	3831829	T	K	36	2	5.26%	2	1	51	55	0.98	1	1	22	14	2	0	G
I	3856369	C	M	50	4	7.41%	2	2	49	55	0.98	1	1	27	23	2	2	A
I	3872842	T	K	37	2	5.13%	2	2	49	22	0.98	1	1	22	15	1	1	G
I	3873970	T	Y	33	2	5.71%	2	1	44	37	0.98	1	1	19	14	0	2	C
I	3910600	T	W	23	2	8%	2	1	36	29	0.98	1	1	18	5	0	2	A
I	3920858	T	W	30	2	6.25%	2	1	50	27	0.98	1	1	19	11	2	0	A
I	3940025	G	K	1	2	5.41%	1	2	37	27	0.98	1	1	0	1	1	1	+T
I	3943887	C	M	30	2	6.25%	2	1	41	24	0.98	1	1	19	11	0	2	A
I	3957431	T	K	17	2	10.53%	2	2	47	31	0.98	1	1	7	10	1	1	G
I	3958930	T	Y	28	2	6.67%	2	1	50	37	0.98	1	1	17	11	0	2	C
I	3976231	A	M	32	2	5.88%	2	1	47	37	0.98	1	1	16	16	0	2	C
I	3984278	C	Y	151	8	5.03%	2	2	49	41	0.98	1	1	70	81	6	2	T
I	3992214	C	A	1	15	93.75%	1	2	25	40	0.98	1	1	1	0	4	11	A
I	3992218	T	W	20	2	9.09%	2	1	39	31	0.98	1	1	5	15	2	0	A
I	4048025	A	W	30	2	6.25%	2	1	47	37	0.98	1	1	17	13	0	2	T
I	4063679	C	Y	98	6	5.71%	2	2	44	40	0.98	1	1	40	58	5	1	T
I	4080690	T	Y	36	2	5.26%	2	2	49	36	0.98	1	1	17	19	1	1	C
I	4081440	T	Y	61	4	6.15%	2	1	50	37	0.98	1	1	27	34	0	4	C
I	4103646	A	R	34	2	5.56%	2	2	43	37	0.98	1	1	8	26	1	1	G
I	4110230	T	W	28	2	6.25%	2	1	45	22	0.98	1	1	12	16	2	0	A
I	4110230	T	Y	28	2	6.25%	2	1	45	37	0.98	1	1	12	16	2	0	A
I	4140000	A	R	24	2	7.69%	2	1	46	37	0.98	1	1	10	14	2	0	G
I	4164529	G	S	22	2	8.33%	2	2	46	37	0.98	1	1	9	13	1	1	C
I	4177933	C	M	22	2	8.33%	2	1	38	31	0.98	1	1	21	1	0	2	A
I	4192110	A	M	31	2	6.06%	2	1	43	37	0.98	1	1	14	17	0	2	C
I	4200885	T	Y	31	2	6.06%	2	1	42	37	0.98	1	1	19	12	0	2	C
I	4202540	G	K	28	2	6.67%	2	1	42	27	0.98	1	1	5	23	2	0	T
I	4215111	G	K	20	3	13.04%	2	1	45	37	0.98	1	1	12	8	0	3	T
I	4215126	A	W	21	2	8.7%	2	1	43	25	0.98	1	1	12	9	0	2	T
I	4215178	C	M	17	2	10.53%	2	1	45	37	0.98	1	1	14	3	0	2	A
I	4215187	A	M	19	2	9.52%	2	1	48	27	0.98	1	1	15	4	0	2	C
I	4221515	T	K	36	2	5.26%	2	1	45	25	0.98	1	1	17	19	2	0	G
I	4234734	T	W	48	5	9.43%	2	1	45	32	0.98	1	1	17	31	5	0	A
I	4241114	G	K	34	3	8.11%	2	1	39	27	0.98	1	1	24	10	0	3	T
I	4241118	G	R	21	2	5.88%	2	1	39	33	0.98	1	1	16	5	0	2	A
I	4261639	A	M	22	2	8.33%	2	1	50	37	0.98	1	1	11	11	0	2	C
I	4268143	G	K	26	2	7.14%	2	1	43	33	0.98	1	1	9	17	2	0	T
I	4268916	T	K	32	4	11.11%	2	1	37	32	0.98	1	1	2	30	4	0	G
I	4271182	A	R	28	2	6.67%	2	2	47	55	0.98	1	1	11	17	1	1	G
I	4305561	A	M	38	2	5%	2	1	49	25	0.98	1	1	20	18	0	2	C
I	4311752	A	W	22	2	8.33%	2	1	52	25	0.98	1	1	9	13	0	2	T
I	4315488	C	M	20	2	9.09%	2	2	43	37	0.98	1	1	7	13	1	1	A
I	4316464	T	Y	28	3	9.68%	2	1	51	37	0.98	1	1	8	20	3	0	C
I	4316584	C	Y	29	2	6.45%	2	1	49	37	0.98	1	1	16	13	0	2	T
I	4316641	T	Y	31	2	6.06%	2	1	48	55	0.98	1	1	13	18	2	0	C
I	4316710	T	Y	32	4	11.11%	2	2	47	52	0.98	1	1	20	12	2	2	C
I	4316962	T	Y	38	2	5%	2	2	49	33	0.98	1	1	16	22	1	1	C
I	4317030	A	W	38	2	5%	2	2	53	31	0.98	1	1	18	20	1	1	T
I	4337456	A	W	21	2	8.7%	2	2	48	37	0.98	1	1	13	8	1	1	T
I	4339029	C	Y	38	2	5%	2	2	49	37	0.98	1	1	22	16	1	1	T
I	4368117	G	K	30	2	6.25%	2	1	50	25	0.98	1	1	10	20	0	2	T
I	4375421	A	T	0	30	100%	0	2	0	43	0.98	0	1	0	0	12	18	T
I	4380566	T	W	5	6	54.55%	2	1	37	49	0.98	1	1	3	2	6	0	A
I	4395135	C	M	33	2	5.71%	2	1	46	27	0.98	1	1	24	9	0	2	A
I	4400101	G	K	22	2	8.33%	2	1	39	27	0.98	1	1	7	15	0	2	T
I	4414313	G	K	18	2	10%	2	2	43	22	0.98	1	1	15	3	1	1	T
I	4442714	G	A	0	70	100%	0	2	0	55	0.98	0	1	0	0	28	42	A
I	4445660	G	K	34	2	5.56%	2	2	50	31	0.98	1	1	23	11	1	1	T
I	4472197	C	M	37	2	5.13%	2	1	43	31	0.98	1	1	14	23	2	0	A
I	4472201	T	W	33	3	8.33%	2	1	46	29	0.98	1	1	15	18	3	0	A
I	4474734	A	W	16	5	23.81%	2	2	43	44	0.98	1	1	8	8	2	3	T
I	4494508	C	Y	24	2	7.69%	2	1	43	37	0.98	1	1	14	10	0	2	T
I	4505672	G	K	22	2	8%	2	1	39	31	0.98	1	1	3	19	2	0	T
I	4505687	C	M	29	2	6.45%	2	1	36	25	0.98	1	1	5	24	2	0	A
I	4514428	G	K	26	2	7.14%	2	1	44	25	0.98	1	1	18	8	0	2	T
I	4533416	T	K	18	2	10%	2	1	45	37	0.98	1	1	15	3	2	0	G
I	4557326	T	K	28	2	6.67%	2	1	44	55	0.98	1	1	12	16	0	2	G
I	4569785	A	M	28	2	6.67%	2	1	43	31	0.98	1	1	5	23	2	0	C
I	4571666	A	R	19	2	9.52%	2	1	46	31	0.98	1	1	8	11	2	0	G
I	4581394	A	M	36	2	5.26%	2	1	51	74	0.98	1	1	13	23	2	0	C
I	4582007	T	K	26	2	7.14%	2	2	46	37	0.98	1	1	13	13	1	1	G
I	4582665	T	W	22	3	12%	2	1	35	29	0.98	1	1	1	21	3	0	A
I	4591347	T	Y	22	2	8.33%	2	2	45	37	0.98	1	1	8	14	1	1	C
I	4592505	G	R	31	3	8.82%	2	1	45	49	0.98	1	1	15	16	0	3	A
I	4604677	G	K	13	2	13.33%	2	1	35	31	0.98	1	1	1	12	2	0	T
I	4648160	G	K	6	10	62.5%	1	2	31	35	0.98	1	1	6	0	9	1	T
I	4648161	G	K	17	16	48.48%	2	2	35	36	0.98	1	1	15	2	10	6	T
I	4659444	T	K	25	2	7.41%	2	1	47	25	0.98	1	1	9	16	2	0	G
I	4700979	T	K	18	2	10%	2	1	42	33	0.98	1	1	7	11	2	0	G
I	4701081	C	M	15	2	11.76%	2	1	48	31	0.98	1	1	8	7	2	0	A
I	4712202	T	Y	32	2	5.88%	2	1	51	37	0.98	1	1	13	19	0	2	C
I	4716429	T	Y	41	3	6.82%	2	2	44	49	0.98	1	1	22	19	1	2	C
I	4716658	C	M	32	2	5.88%	2	1	43	25	0.98	1	1	22	10	0	2	A
I	4717182	T	Y	27	2	6.9%	2	1	44	37	0.98	1	1	11	16	0	2	C
I	4723222	C	M	20	2	9.09%	2	2	46	28	0.98	1	1	13	7	1	1	A
I	4731109	T	W	15	2	11.76%	2	2	51	37	0.98	1	1	9	6	1	1	A
I	4734935	A	R	35	2	5.41%	2	1	43	37	0.98	1	1	16	19	2	0	G
I	4764253	G	R	9	6	13.33%	2	1	41	34	0.98	1	1	3	6	0	6	A
I	4771707	G	R	31	4	11.43%	2	2	45	37	0.98	1	1	7	24	2	2	A
I	4780415	C	M	29	2	6.45%	2	2	41	37	0.98	1	1	18	11	1	1	A
I	4793759	A	M	33	2	5.71%	2	2	46	37	0.98	1	1	18	15	1	1	C
I	4810632	A	W	17	3	15%	2	2	48	34	0.98	1	1	16	1	1	2	T
I	4813299	T	K	20	2	9.09%	2	1	44	31	0.98	1	1	12	8	2	0	G
I	4854714	A	W	14	2	12.5%	2	1	39	25	0.98	1	1	3	11	2	0	T
I	4854740	G	K	15	3	16.67%	2	1	34	42	0.98	1	1	1	14	3	0	T
I	4889587	T	Y	26	2	7.14%	2	2	47	37	0.98	1	1	10	16	1	1	C
I	4889589	T	K	24	2	7.69%	2	2	46	37	0.98	1	1	10	14	1	1	G
I	4893936	C	M	28	2	6.67%	2	1	37	37	0.98	1	1	26	2	0	2	A
I	4900114	T	Y	27	2	6.9%	2	2	48	37	0.98	1	1	15	12	1	1	C
I	4919603	A	G	0	57	100%	0	2	0	42	0.98	0	1	0	0	18	39	G
I	4926042	A	W	9	2	18.18%	1	1	36	25	0.98	1	1	9	0	0	2	T
I	4926078	A	W	9	2	18.18%	2	1	34	33	0.98	1	1	1	8	2	0	T
I	4926744	T	Y	36	2	5.26%	2	2	43	37	0.98	1	1	18	18	1	1	C
I	4968899	T	Y	33	2	5.71%	2	1	50	55	0.98	1	1	12	21	0	2	C
I	4978214	A	W	27	3	10%	2	1	48	37	0.98	1	1	12	15	0	3	T
I	5022198	A	M	22	2	8%	2	1	42	37	0.98	1	1	14	8	0	2	C
I	5036860	T	W	42	3	6.67%	2	1	43	31	0.98	1	1	36	6	0	3	A
I	5036862	A	M	42	6	12.5%	2	1	44	31	0.98	1	1	36	6	0	6	C
I	5037230	C	M	19	12	38.71%	2	2	47	46	0.98	1	1	7	12	5	7	A
I	5042964	C	M	29	2	6.45%	2	1	43	37	0.98	1	1	18	11	0	2	A
I	5046142	A	M	34	2	5.56%	2	1	47	37	0.98	1	1	15	19	2	0	C
I	5051615	T	K	33	2	5.71%	2	1	42	25	0.98	1	1	14	19	2	0	G
I	5051630	C	M	34	2	5.56%	2	1	41	37	0.98	1	1	15	19	2	0	A
I	5068741	T	Y	42	3	6.67%	2	2	50	49	0.98	1	1	19	23	1	2	C
I	5068878	A	W	28	2	6.67%	2	1	43	31	0.98	1	1	16	12	0	2	T
I	5079787	T	Y	36	2	5.26%	2	1	51	29	0.98	1	1	15	21	0	2	C
I	5081141	T	W	32	2	5.88%	2	1	47	22	0.98	1	1	11	21	2	0	A
I	5081297	G	K	23	2	8%	2	1	44	37	0.98	1	1	14	9	2	0	T
I	5081300	A	M	25	2	7.41%	2	1	45	31	0.98	1	1	14	11	2	0	C
I	5096437	A	W	14	2	12.5%	2	1	34	33	0.98	1	1	9	5	0	2	T
I	5125823	T	W	31	2	6.06%	2	1	52	25	0.98	1	1	16	15	2	0	A
I	5151135	T	Y	44	4	8.33%	2	2	42	37	0.98	1	1	20	24	2	2	C
I	5170394	T	Y	37	2	5.13%	2	1	48	55	0.98	1	1	16	21	2	0	C
I	5181122	G	K	27	2	6.9%	2	1	45	25	0.98	1	1	12	15	0	2	T
I	5181130	G	K	26	2	7.14%	2	1	46	25	0.98	1	1	10	16	0	2	T
I	5253865	G	S	36	2	5.26%	2	2	49	55	0.98	1	1	16	20	1	1	C
I	5263251	A	R	29	2	6.45%	2	2	52	55	0.98	1	1	11	18	1	1	G
I	5271466	A	T	1	4	80%	1	2	25	34	0.98	1	1	1	0	1	3	T
I	5295636	G	R	12	2	14.29%	2	2	46	37	0.98	1	1	7	5	1	1	A
I	5300229	G	T	0	16	100%	0	2	0	46	0.98	0	1	0	0	13	3	T
I	5300815	C	M	27	2	6.9%	2	1	42	31	0.98	1	1	5	22	2	0	A
I	5324157	A	W	23	2	8%	2	2	56	37	0.98	1	1	13	10	1	1	T
I	5325807	A	W	23	2	8%	2	1	43	31	0.98	1	1	7	16	2	0	T
I	5360699	G	K	7	2	22.22%	2	1	41	29	0.98	1	1	1	6	2	0	T
I	5389794	G	A	0	26	100%	0	2	0	46	0.98	0	1	0	0	15	11	A
I	5391492	T	W	23	2	8%	2	1	45	31	0.98	1	1	12	11	2	0	A
I	5400080	C	T	0	22	100%	0	2	0	50	0.98	0	1	0	0	10	12	T
I	5420398	C	M	30	2	6.25%	2	1	43	27	0.98	1	1	10	20	0	2	A
I	5420719	T	Y	27	3	10%	2	1	51	49	0.98	1	1	17	10	3	0	C
I	5421567	C	Y	26	2	7.14%	2	2	45	37	0.98	1	1	13	13	1	1	T
I	5426643	G	K	20	2	9.09%	2	1	41	31	0.98	1	1	10	10	2	0	T
I	5435210	C	Y	34	2	5.41%	2	1	45	31	0.98	1	1	15	19	0	2	T
I	5453138	T	K	38	2	5%	2	1	47	37	0.98	1	1	14	24	2	0	G
I	5515912	G	K	19	2	9.52%	2	1	46	25	0.98	1	1	9	10	2	0	T
I	5534392	A	R	13	4	23.53%	2	2	48	37	0.98	1	1	8	5	2	2	G
I	5562193	A	R	26	15	36.59%	2	2	48	46	0.98	1	1	12	14	12	3	G
I	5564996	C	M	14	2	12.5%	2	2	42	27	0.98	1	1	7	7	1	1	A
I	5567360	T	Y	31	2	6.06%	2	1	44	37	0.98	1	1	10	21	2	0	C
I	5568014	G	R	26	5	15.62%	2	2	41	44	0.98	1	1	15	11	2	3	A
I	5568679	A	W	8	2	20%	2	2	47	55	0.98	1	1	4	4	1	1	T
I	5569168	A	R	48	5	9.43%	2	2	45	34	0.98	1	1	26	22	3	2	G
I	5571792	G	K	76	5	6.02%	2	1	48	37	0.98	1	1	37	39	5	0	T
I	5572683	A	M	41	4	8.89%	2	1	44	31	0.98	1	1	33	8	0	4	C
I	5573076	T	Y	33	6	15.38%	2	2	41	57	0.98	1	1	10	23	5	1	C
I	5573085	C	Y	25	5	16.67%	2	2	44	59	0.98	1	1	11	14	4	1	T
I	5573112	A	M	6	8	57.14%	1	2	45	55	0.98	1	1	6	0	6	2	C
I	5573123	T	C	1	8	88.89%	1	2	37	54	0.98	1	1	1	0	6	2	C
I	5573156	G	R	31	3	8.82%	2	1	44	37	0.98	1	1	16	15	3	0	A
I	5573310	T	Y	83	6	6.74%	2	2	51	55	0.98	1	1	49	34	3	3	C
I	5573444	T	Y	64	9	12.33%	2	2	52	45	0.98	1	1	25	39	2	7	C
I	5573452	A	R	62	9	12.68%	2	2	52	45	0.98	1	1	26	36	2	7	G
I	5573468	G	R	52	9	14.75%	2	2	51	45	0.98	1	1	14	38	1	8	A
I	5573480	C	Y	50	6	10.71%	2	1	52	43	0.98	1	1	10	40	0	6	T
I	5573520	A	R	47	3	6%	2	1	44	37	0.98	1	1	6	41	0	3	G
I	5573564	T	Y	38	2	5%	2	1	45	55	0.98	1	1	3	35	0	2	C
I	5573598	T	Y	19	2	9.52%	2	2	49	49	0.98	1	1	3	16	1	1	C
I	5573661	G	R	8	2	20%	2	1	63	37	0.98	1	1	4	4	0	2	A
I	5573676	T	Y	4	6	60%	2	2	61	55	0.98	1	1	2	2	4	2	C
I	5573770	A	R	6	9	60%	2	2	61	53	0.98	1	1	5	1	7	2	G
I	5573801	G	R	10	5	33.33%	2	1	59	37	0.98	1	1	7	3	5	0	A
I	5573851	T	Y	21	4	16%	2	2	45	55	0.98	1	1	16	5	3	1	C
I	5573950	T	Y	39	6	13.33%	2	2	46	49	0.98	1	1	23	16	4	2	C
I	5574852	T	K	33	2	5.71%	2	1	51	25	0.98	1	1	19	14	2	0	G
I	5576809	C	Y	16	14	46.67%	2	2	39	44	0.98	1	1	10	6	7	7	T
I	5579055	C	Y	8	4	33.33%	2	2	58	74	0.98	1	1	4	4	2	2	T
II	515	T	Y	36	2	5.26%	2	2	47	37	0.98	1	1	28	8	1	1	C
II	1335	A	W	83	5	5.68%	2	2	47	47	0.98	1	1	30	53	3	2	T
II	5135	C	S	60	6	9.09%	2	2	51	49	0.98	1	1	29	31	3	3	G
II	5157	A	W	59	5	7.81%	2	2	51	54	0.98	1	1	29	30	3	2	T
II	7207	T	Y	16	5	23.81%	2	1	44	37	0.98	1	1	9	7	5	0	C
II	12943	A	R	16	2	11.11%	2	2	49	37	0.98	1	1	7	9	1	1	G
II	15690	G	R	23	2	8%	2	1	44	37	0.98	1	1	8	15	2	0	A
II	36998	A	W	54	3	5.26%	2	1	63	37	0.98	1	1	26	28	3	0	T
II	46943	G	R	15	2	11.76%	2	1	39	33	0.98	1	1	2	13	2	0	A
II	53245	C	M	26	2	7.14%	2	1	41	33	0.98	1	1	16	10	0	2	A
II	53249	A	M	21	3	12.5%	2	1	39	26	0.98	1	1	15	6	0	3	C
II	80978	C	S	19	2	9.52%	2	2	42	37	0.98	1	1	10	9	1	1	G
II	105410	C	Y	36	2	5.26%	2	1	42	37	0.98	1	1	18	18	2	0	T
II	105544	T	Y	48	3	5.88%	2	2	49	49	0.98	1	1	29	19	2	1	C
II	105613	C	Y	54	4	6.9%	2	2	44	55	0.98	1	1	27	27	1	3	T
II	105617	C	Y	55	4	6.78%	2	2	43	55	0.98	1	1	27	28	1	3	T
II	105808	T	Y	60	8	11.76%	2	2	54	61	0.98	1	1	25	35	3	5	C
II	105829	C	Y	65	11	14.47%	2	2	54	64	0.98	1	1	27	38	7	4	T
II	105862	T	Y	65	13	16.67%	2	2	53	54	0.98	1	1	28	37	9	4	C
II	105874	T	Y	72	15	17.24%	2	2	54	48	0.98	1	1	33	39	9	6	C
II	105886	T	Y	73	31	29.81%	2	2	52	46	0.98	1	1	33	40	24	7	C
II	105889	C	Y	72	31	30.1%	2	2	52	46	0.98	1	1	33	39	24	7	T
II	105916	C	Y	83	24	22.43%	2	2	50	55	0.98	1	1	48	35	11	13	T
II	105931	A	W	69	8	10.39%	2	2	51	46	0.98	1	1	43	26	4	4	T
II	105934	T	K	75	8	9.64%	2	2	50	41	0.98	1	1	47	28	4	4	G
II	105936	T	W	75	8	9.64%	2	2	50	40	0.98	1	1	47	28	4	4	A
II	105973	T	Y	68	8	10.53%	2	2	50	47	0.98	1	1	36	32	2	6	C
II	105974	A	R	68	7	9.33%	2	2	49	47	0.98	1	1	35	33	2	5	G
II	106150	T	Y	66	10	13.16%	2	2	51	55	0.98	1	1	31	35	6	4	C
II	106156	A	W	66	8	10.81%	2	2	49	47	0.98	1	1	32	34	5	3	T
II	106207	C	Y	68	8	10.53%	2	2	48	49	0.98	1	1	33	35	2	6	T
II	106399	C	Y	67	4	5.63%	2	2	49	46	0.98	1	1	36	31	3	1	T
II	106414	C	Y	79	7	8.14%	2	2	48	63	0.98	1	1	45	34	4	3	T
II	106638	T	Y	71	7	8.97%	2	2	48	47	0.98	1	1	26	45	2	5	C
II	106762	A	R	40	4	9.09%	2	1	43	55	0.98	1	1	17	23	0	4	G
II	111414	C	Y	33	8	19.51%	2	2	41	49	0.98	1	1	16	17	6	2	T
II	111538	G	R	50	16	24.24%	2	2	51	38	0.98	1	1	33	17	15	1	A
II	111762	A	R	79	5	5.95%	2	2	48	44	0.98	1	1	42	37	2	3	G
II	111830	T	Y	60	4	6.25%	2	2	48	55	0.98	1	1	24	36	3	1	C
II	112002	G	R	56	3	5.08%	2	1	50	49	0.98	1	1	25	31	3	0	A
II	112059	T	Y	49	4	7.55%	2	2	48	64	0.98	1	1	21	28	2	2	C
II	112063	T	Y	51	4	7.27%	2	2	46	64	0.98	1	1	21	30	2	2	C
II	112065	G	R	53	4	7.02%	2	2	47	61	0.98	1	1	22	31	2	2	A
II	112074	A	M	51	6	10.53%	2	2	45	55	0.98	1	1	23	28	2	4	C
II	112260	A	R	71	11	13.41%	2	2	57	43	0.98	1	1	39	32	5	6	G
II	112287	A	R	72	8	10%	2	2	54	41	0.98	1	1	36	36	5	3	G
II	112290	G	R	71	7	8.86%	2	2	52	42	0.98	1	1	34	37	4	3	A
II	112302	G	R	65	8	10.81%	2	2	51	46	0.98	1	1	37	28	5	3	A
II	112314	G	R	67	7	9.46%	2	2	53	45	0.98	1	1	40	27	3	4	A
II	112347	A	R	54	9	14.29%	2	2	51	64	0.98	1	1	35	19	5	4	G
II	112368	G	R	45	15	25%	2	2	56	59	0.98	1	1	28	17	8	7	A
II	112539	G	R	34	5	12.82%	2	2	52	61	0.98	1	1	18	16	2	3	A
II	112540	A	M	34	5	12.82%	2	2	51	66	0.98	1	1	18	16	2	3	C
II	112542	T	Y	34	5	12.82%	2	2	52	66	0.98	1	1	18	16	2	3	C
II	112545	A	R	37	5	11.9%	2	2	50	66	0.98	1	1	19	18	2	3	G
II	112559	A	R	29	10	25.64%	2	2	48	66	0.98	1	1	13	16	6	4	G
II	112563	A	R	28	10	26.32%	2	2	47	65	0.98	1	1	11	17	6	4	G
II	112710	A	R	29	3	9.38%	2	1	51	33	0.98	1	1	13	16	0	3	G
II	112713	G	R	29	3	9.38%	2	1	52	37	0.98	1	1	13	16	0	3	A
II	112716	C	Y	29	3	9.38%	2	1	53	37	0.98	1	1	13	16	0	3	T
II	112722	A	R	31	2	6.06%	2	1	53	37	0.98	1	1	14	17	0	2	G
II	112766	A	R	31	5	13.89%	2	1	52	42	0.98	1	1	17	14	0	5	G
II	144046	T	Y	49	6	10.91%	2	2	45	74	0.98	1	1	33	16	2	4	C
II	182889	A	M	35	2	5.41%	2	1	50	22	0.98	1	1	17	18	2	0	C
II	191601	T	K	25	2	7.41%	2	1	42	31	0.98	1	1	7	18	2	0	G
II	201557	T	K	27	4	12.9%	2	1	43	25	0.98	1	1	11	16	4	0	G
II	201565	G	K	19	3	13.64%	2	1	38	29	0.98	1	1	3	16	3	0	T
II	201639	T	W	29	2	6.45%	2	1	41	25	0.98	1	1	19	10	2	0	A
II	211692	A	R	29	2	6.45%	2	1	42	49	0.98	1	1	12	17	0	2	G
II	257487	C	Y	61	5	7.58%	2	1	48	59	0.98	1	1	40	21	5	0	T
II	257946	A	R	70	5	6.67%	2	2	49	61	0.98	1	1	17	53	4	1	G
II	258378	C	S	48	3	5.88%	2	1	48	37	0.98	1	1	28	20	3	0	G
II	266718	A	C	0	61	100%	0	2	0	41	0.98	0	1	0	0	19	42	C
II	266780	T	A	0	41	100%	0	2	0	41	0.98	0	1	0	0	24	17	A
II	269430	G	K	18	3	14.29%	2	1	43	30	0.98	1	1	6	12	3	0	T
II	276539	A	T	0	45	100%	0	2	0	47	0.98	0	1	0	0	20	25	T
II	299774	G	K	15	2	11.76%	2	2	56	37	0.98	1	1	9	6	1	1	T
II	306481	G	R	22	2	8.33%	2	2	45	37	0.98	1	1	16	6	1	1	A
II	344906	G	S	47	4	7.84%	2	2	48	37	0.98	1	1	19	28	2	2	C
II	360043	T	Y	35	2	5.41%	2	2	43	37	0.98	1	1	19	16	1	1	C
II	395410	A	W	33	2	5.71%	2	1	43	25	0.98	1	1	25	8	0	2	T
II	395457	A	W	34	2	5.56%	2	1	43	31	0.98	1	1	21	13	0	2	T
II	396465	A	W	12	2	14.29%	1	1	41	27	0.98	1	1	0	12	2	0	T
II	410067	A	W	32	2	5.88%	2	1	44	25	0.98	1	1	22	10	0	2	T
II	450263	A	M	25	2	7.41%	2	1	40	29	0.98	1	1	23	2	0	2	C
II	465612	T	Y	29	2	6.45%	2	1	41	37	0.98	1	1	10	19	2	0	C
II	476796	T	Y	47	4	7.84%	2	2	43	37	0.98	1	1	27	20	2	2	C
II	497537	A	R	27	2	6.9%	2	1	44	37	0.98	1	1	13	14	2	0	G
II	503323	G	K	19	2	9.52%	2	1	46	25	0.98	1	1	13	6	0	2	T
II	520627	C	Y	18	2	9.09%	1	2	35	31	0.98	1	1	18	0	1	1	-TT
II	526951	C	Y	52	4	6.78%	2	1	48	41	0.98	1	1	12	40	4	0	T
II	526964	G	K	32	2	5.88%	2	1	52	37	0.98	1	1	11	21	0	2	T
II	526968	G	K	33	2	5.71%	2	1	51	37	0.98	1	1	13	20	0	2	T
II	526973	T	K	34	2	5.56%	2	1	50	37	0.98	1	1	14	20	0	2	G
II	526979	T	Y	31	2	6.06%	2	1	52	37	0.98	1	1	14	17	0	2	C
II	529833	G	K	36	2	5.26%	2	1	38	25	0.98	1	1	31	5	0	2	T
II	529844	G	K	18	2	10%	2	1	36	37	0.98	1	1	11	7	2	0	T
II	529858	G	K	19	2	9.52%	2	1	41	22	0.98	1	1	8	11	2	0	T
II	529872	C	M	22	4	15.38%	2	1	36	28	0.98	1	1	17	5	0	4	A
II	540591	C	M	20	2	9.09%	2	1	36	28	0.98	1	1	4	16	2	0	A
II	540651	C	M	25	2	7.41%	2	1	40	27	0.98	1	1	9	16	2	0	A
II	545719	A	M	33	2	5.71%	2	1	43	33	0.98	1	1	23	10	0	2	C
II	572445	A	M	32	2	5.88%	2	1	42	37	0.98	1	1	13	19	0	2	C
II	585038	A	M	37	2	5.13%	2	1	48	25	0.98	1	1	13	24	0	2	C
II	603280	T	A	0	3	100%	0	1	0	33	0.98	0	1	0	0	0	3	A
II	610306	G	R	28	2	6.67%	2	1	51	74	0.98	1	1	14	14	2	0	A
II	668309	A	M	25	2	7.41%	2	1	50	25	0.98	1	1	10	15	0	2	C
II	669649	G	K	17	3	15%	2	1	42	28	0.98	1	1	14	3	0	3	T
II	673417	G	R	26	2	7.14%	2	2	39	37	0.98	1	1	18	8	1	1	A
II	682587	T	Y	21	2	8.7%	2	1	52	31	0.98	1	1	18	3	0	2	C
II	685728	G	A	0	41	100%	0	2	0	47	0.98	0	1	0	0	17	24	A
II	689137	C	S	118	7	5.6%	2	2	46	54	0.98	1	1	72	46	4	3	G
II	689140	T	Y	115	7	5.74%	2	2	45	42	0.98	1	1	66	49	5	2	C
II	689330	T	Y	112	17	13.18%	2	2	47	37	0.98	1	1	38	74	8	9	C
II	689356	T	Y	111	7	5.93%	2	2	50	38	0.98	1	1	43	68	5	2	C
II	689485	A	T	0	70	100%	0	2	0	43	0.98	0	1	0	0	36	34	T
II	689487	A	C	0	72	100%	0	2	0	44	0.98	0	1	0	0	39	33	C
II	689500	T	Y	75	5	6.25%	2	2	44	37	0.98	1	1	40	35	2	3	C
II	689578	T	Y	95	7	6.86%	2	2	46	40	0.98	1	1	60	35	4	3	C
II	689686	T	Y	107	8	6.96%	2	2	43	37	0.98	1	1	57	50	7	1	C
II	689794	T	C	1	121	99.18%	1	2	74	45	0.98	1	1	1	0	59	62	C
II	689834	G	S	120	8	6.25%	2	2	44	36	0.98	1	1	51	69	3	5	C
II	689902	T	Y	111	8	6.72%	2	2	47	46	0.98	1	1	49	62	6	2	C
II	689996	A	R	107	11	9.32%	2	2	47	39	0.98	1	1	59	48	4	7	G
II	690001	T	K	110	8	6.78%	2	2	47	40	0.98	1	1	59	51	6	2	G
II	690040	T	Y	113	25	18.12%	2	2	47	43	0.98	1	1	56	57	16	9	C
II	690190	T	Y	150	12	7.41%	2	2	48	52	0.98	1	1	73	77	6	6	C
II	690213	T	Y	134	10	6.94%	2	2	48	39	0.98	1	1	72	62	2	8	C
II	690215	G	K	136	9	6.21%	2	2	49	38	0.98	1	1	72	64	2	7	T
II	690283	C	Y	124	11	8.09%	2	2	51	35	0.98	1	1	67	57	5	6	T
II	690321	C	Y	114	7	5.74%	2	2	47	42	0.98	1	1	66	48	1	6	T
II	690537	G	S	112	10	7.94%	2	2	47	35	0.98	1	1	51	61	6	4	C
II	690685	T	K	118	7	5.6%	2	2	49	40	0.98	1	1	52	66	3	4	G
II	690770	G	S	99	8	7.48%	2	2	54	36	0.98	1	1	28	71	4	4	C
II	690832	T	Y	83	5	5.68%	2	2	53	42	0.98	1	1	30	53	4	1	C
II	690868	C	Y	36	20	35.71%	2	2	58	44	0.98	1	1	22	14	3	17	T
II	690870	C	S	35	15	30%	2	2	57	41	0.98	1	1	19	16	3	12	G
II	690871	A	W	36	15	29.41%	2	2	57	40	0.98	1	1	20	16	3	12	T
II	690874	C	Y	38	14	26.92%	2	2	56	42	0.98	1	1	20	18	2	12	T
II	690904	T	Y	26	4	13.33%	2	2	59	51	0.98	1	1	12	14	1	3	C
II	690910	T	Y	28	2	6.67%	2	2	64	33	0.98	1	1	13	15	1	1	C
II	690948	C	Y	27	6	18.18%	2	1	60	37	0.98	1	1	14	13	0	6	T
II	690976	T	Y	24	5	17.24%	2	1	59	37	0.98	1	1	10	14	0	5	C
II	691000	A	W	18	2	10%	2	1	63	49	0.98	1	1	7	11	0	2	T
II	691054	T	Y	13	5	27.78%	2	2	62	34	0.98	1	1	4	9	1	4	C
II	691077	T	Y	12	3	20%	2	2	55	46	0.98	1	1	5	7	2	1	C
II	691079	G	K	13	3	18.75%	2	2	54	61	0.98	1	1	5	8	1	2	T
II	691087	A	W	13	2	13.33%	2	1	45	29	0.98	1	1	5	8	0	2	T
II	691195	A	W	19	2	9.52%	2	2	52	37	0.98	1	1	14	5	1	1	T
II	691234	T	Y	14	4	22.22%	2	2	48	44	0.98	1	1	9	5	1	3	C
II	691257	T	Y	10	2	16.67%	2	1	58	37	0.98	1	1	5	5	2	0	C
II	691259	G	K	10	3	21.43%	2	1	56	31	0.98	1	1	5	5	3	0	T
II	691374	C	S	7	2	22.22%	2	1	38	37	0.98	1	1	4	3	0	2	G
II	691375	A	W	6	2	25%	2	1	39	37	0.98	1	1	4	2	0	2	T
II	691436	A	R	4	2	33.33%	2	1	46	55	0.98	1	1	1	3	2	0	G
II	691447	T	W	6	2	25%	2	2	47	37	0.98	1	1	4	2	1	1	A
II	691560	T	Y	79	8	9.2%	2	2	52	33	0.98	1	1	53	26	5	3	C
II	691634	T	Y	91	11	10.78%	2	2	50	37	0.98	1	1	59	32	9	2	C
II	691660	T	Y	108	6	5.22%	2	2	49	43	0.98	1	1	76	32	4	2	C
II	691843	A	W	106	6	5.36%	2	2	48	35	0.98	1	1	56	50	1	5	T
II	692164	C	Y	46	4	8%	2	2	44	37	0.98	1	1	13	33	2	2	T
II	692170	T	Y	47	3	6%	2	2	43	33	0.98	1	1	14	33	2	1	C
II	692193	T	Y	16	5	23.81%	2	2	40	36	0.98	1	1	8	8	1	4	C
II	692195	G	S	12	2	10.53%	2	2	42	31	0.98	1	1	5	7	1	1	C
II	692195	G	K	12	5	26.32%	2	2	42	39	0.98	1	1	5	7	1	4	T
II	692272	C	Y	10	5	33.33%	2	2	40	44	0.98	1	1	5	5	4	1	T
II	692301	T	Y	5	2	28.57%	1	2	44	55	0.98	1	1	5	0	1	1	C
II	692303	C	S	3	2	22.22%	1	1	49	37	0.98	1	1	3	0	2	0	G
II	692303	C	Y	3	4	44.44%	1	2	49	43	0.98	1	1	3	0	3	1	T
II	692452	T	Y	4	2	33.33%	2	1	46	33	0.98	1	1	2	2	0	2	C
II	692458	T	Y	10	2	16.67%	2	1	47	37	0.98	1	1	7	3	2	0	C
II	692496	C	Y	20	2	9.09%	2	2	46	31	0.98	1	1	13	7	1	1	T
II	692534	C	S	25	2	7.41%	2	2	52	74	0.98	1	1	15	10	1	1	G
II	692553	C	S	24	2	7.41%	2	1	57	37	0.98	1	1	13	11	2	0	G
II	692570	C	Y	30	2	6.25%	2	1	53	51	0.98	1	1	19	11	0	2	T
II	692596	T	Y	25	5	16.67%	2	2	61	32	0.98	1	1	14	11	3	2	C
II	692627	C	S	23	2	8%	2	1	60	37	0.98	1	1	12	11	2	0	G
II	692635	T	W	19	2	9.52%	2	1	59	33	0.98	1	1	11	8	2	0	A
II	692661	C	Y	7	2	22.22%	2	2	49	37	0.98	1	1	4	3	1	1	T
II	692663	T	K	5	2	28.57%	2	2	56	37	0.98	1	1	3	2	1	1	G
II	692701	A	G	0	4	80%	0	2	0	37	0.98	0	1	0	0	2	2	G
II	692710	T	C	3	10	76.92%	1	2	49	37	0.98	1	1	0	3	9	1	C
II	692771	G	S	49	3	5.77%	2	2	47	49	0.98	1	1	35	14	1	2	C
II	692805	C	Y	76	4	5%	2	2	48	44	0.98	1	1	56	20	3	1	T
II	693028	T	Y	120	9	6.98%	2	2	46	40	0.98	1	1	59	61	8	1	C
II	693106	T	Y	118	14	10.61%	2	2	44	41	0.98	1	1	63	55	9	5	C
II	693172	C	Y	123	8	6.11%	2	2	46	50	0.98	1	1	64	59	4	4	T
II	693244	T	Y	130	12	8.39%	2	2	49	39	0.98	1	1	52	78	11	1	C
II	693250	T	Y	130	7	5.11%	2	2	49	42	0.98	1	1	56	74	6	1	C
II	693326	C	S	100	6	5.66%	2	2	45	39	0.98	1	1	32	68	1	5	G
II	693493	G	K	23	3	11.54%	2	1	38	33	0.98	1	1	12	11	3	0	T
II	693496	C	Y	21	2	8.7%	2	1	37	37	0.98	1	1	13	8	0	2	T
II	693499	C	T	0	23	100%	0	2	0	35	0.98	0	1	0	0	14	9	T
II	693535	T	W	43	3	6.52%	2	1	40	37	0.98	1	1	25	18	3	0	A
II	693595	C	Y	71	5	6.58%	2	2	49	37	0.98	1	1	43	28	1	4	T
II	693754	T	Y	121	11	8.33%	2	2	51	40	0.98	1	1	67	54	7	4	C
II	693820	T	Y	131	12	8.39%	2	2	46	34	0.98	1	1	62	69	9	3	C
II	693902	C	S	157	9	5.42%	2	2	42	47	0.98	1	1	95	62	6	3	G
II	693921	C	Y	144	9	5.81%	2	2	43	37	0.98	1	1	89	55	5	4	T
II	693964	T	Y	172	23	11.79%	2	2	48	36	0.98	1	1	102	70	14	9	C
II	693995	C	S	199	15	6.98%	2	2	50	36	0.98	1	1	116	83	9	6	G
II	694006	C	Y	205	13	5.96%	2	2	52	36	0.98	1	1	117	88	5	8	T
II	694294	T	Y	131	8	5.76%	2	2	46	37	0.98	1	1	69	62	6	2	C
II	694540	T	Y	118	8	6.35%	2	2	46	40	0.98	1	1	68	50	5	3	C
II	694641	C	Y	121	7	5.43%	2	2	45	42	0.98	1	1	47	74	3	4	T
II	694684	T	Y	127	9	6.57%	2	2	43	37	0.98	1	1	54	73	5	4	C
II	694756	T	Y	108	8	6.9%	2	2	45	37	0.98	1	1	53	55	1	7	C
II	694936	C	Y	112	6	5.08%	2	2	46	38	0.98	1	1	55	57	3	3	T
II	694982	T	Y	114	13	10.24%	2	2	47	39	0.98	1	1	54	60	9	4	C
II	695008	T	Y	120	14	10.45%	2	2	46	44	0.98	1	1	62	58	8	6	C
II	695107	C	Y	118	7	5.51%	2	2	46	35	0.98	1	1	62	56	3	4	T
II	695145	C	Y	120	12	9.09%	2	2	45	35	0.98	1	1	62	58	4	8	T
II	695188	T	Y	155	10	6.02%	2	2	45	35	0.98	1	1	70	85	5	5	C
II	695260	C	Y	146	10	6.41%	2	2	47	40	0.98	1	1	68	78	3	7	T
II	695332	C	Y	131	7	5.07%	2	2	46	41	0.98	1	1	55	76	2	5	T
II	695548	T	Y	105	7	6.25%	2	2	45	46	0.98	1	1	50	55	4	3	C
II	695647	A	W	108	7	6.09%	2	1	46	35	0.98	1	1	44	64	7	0	T
II	695666	T	Y	108	11	9.24%	2	2	46	37	0.98	1	1	37	71	10	1	C
II	695827	C	T	0	37	100%	0	2	0	40	0.98	0	1	0	0	20	17	T
II	695842	T	Y	43	6	12.24%	2	2	39	35	0.98	1	1	26	17	3	3	C
II	695865	C	Y	55	3	5.17%	2	2	39	34	0.98	1	1	35	20	2	1	T
II	695867	T	K	53	4	7.02%	2	2	38	34	0.98	1	1	32	21	2	2	G
II	695908	T	Y	71	4	5.33%	2	2	39	46	0.98	1	1	37	34	2	2	C
II	695937	T	Y	80	6	6.98%	2	2	40	43	0.98	1	1	41	39	4	2	C
II	695980	T	Y	88	10	10.1%	2	2	39	40	0.98	1	1	52	36	6	4	C
II	696166	T	Y	127	7	5.22%	2	2	48	37	0.98	1	1	59	68	3	4	C
II	696199	T	W	130	7	5.11%	2	2	46	41	0.98	1	1	58	72	4	3	A
II	696261	C	Y	117	10	7.75%	2	2	46	38	0.98	1	1	56	61	6	4	T
II	696263	T	K	128	8	5.84%	2	2	45	43	0.98	1	1	57	71	6	2	G
II	696350	T	Y	150	9	5.62%	2	2	45	40	0.98	1	1	74	76	6	3	C
II	696592	T	Y	130	8	5.8%	2	2	48	37	0.98	1	1	53	77	4	4	C
II	696638	T	Y	120	10	7.69%	2	2	44	44	0.98	1	1	56	64	9	1	C
II	696922	T	Y	111	7	5.93%	2	2	48	40	0.98	1	1	57	54	3	4	C
II	697060	T	Y	105	8	7.08%	2	2	52	41	0.98	1	1	51	54	6	2	C
II	697105	C	M	116	7	5.69%	2	2	50	37	0.98	1	1	52	64	3	4	A
II	697210	T	Y	118	7	5.6%	2	2	51	42	0.98	1	1	62	56	4	3	C
II	697268	A	R	116	10	7.94%	2	2	45	37	0.98	1	1	63	53	5	5	G
II	697340	A	R	117	7	5.65%	2	2	46	37	0.98	1	1	70	47	2	5	G
II	697420	T	Y	124	8	6.06%	2	2	46	36	0.98	1	1	58	66	4	4	C
II	697772	A	R	111	6	5.08%	2	2	52	37	0.98	1	1	54	57	2	4	G
II	697793	G	R	122	11	8.27%	2	2	47	40	0.98	1	1	58	64	5	6	A
II	699951	T	G	0	19	100%	0	2	0	48	0.98	0	1	0	0	6	13	G
II	699952	G	T	0	19	100%	0	2	0	48	0.98	0	1	0	0	7	12	T
II	699961	A	T	0	20	100%	0	2	0	48	0.98	0	1	0	0	6	14	T
II	700019	T	A	0	16	100%	0	2	0	43	0.98	0	1	0	0	5	11	A
II	700020	C	T	0	16	100%	0	2	0	43	0.98	0	1	0	0	5	11	T
II	700021	A	C	0	17	100%	0	2	0	43	0.98	0	1	0	0	5	12	C
II	700024	T	A	0	19	100%	0	2	0	44	0.98	0	1	0	0	6	13	A
II	700028	A	T	0	20	100%	0	2	0	44	0.98	0	1	0	0	7	13	T
II	700113	A	T	0	31	100%	0	2	0	49	0.98	0	1	0	0	18	13	T
II	700320	C	S	33	3	8.33%	2	1	47	37	0.98	1	1	19	14	3	0	G
II	700375	G	S	35	3	7.89%	2	1	49	37	0.98	1	1	10	25	3	0	C
II	757312	T	K	29	2	6.45%	2	1	42	31	0.98	1	1	10	19	2	0	G
II	773876	T	Y	35	2	5.41%	2	2	48	36	0.98	1	1	20	15	1	1	C
II	780206	G	K	38	2	5%	2	1	40	25	0.98	1	1	19	19	2	0	T
II	782379	A	M	18	2	10%	2	1	39	33	0.98	1	1	17	1	0	2	C
II	782380	A	M	19	3	13.64%	2	1	39	33	0.98	1	1	18	1	0	3	C
II	846475	A	W	31	2	6.06%	2	1	42	49	0.98	1	1	18	13	0	2	T
II	847452	C	M	8	2	20%	2	1	35	25	0.98	1	1	7	1	0	2	A
II	859438	T	Y	22	2	8.33%	2	2	47	37	0.98	1	1	15	7	1	1	C
II	869806	G	C	0	35	100%	0	2	0	44	0.98	0	1	0	0	16	19	C
II	879033	T	A	0	16	100%	0	2	0	50	0.98	0	1	0	0	9	7	A
II	884898	C	S	38	3	7.32%	2	2	47	37	0.98	1	1	16	22	1	2	G
II	887736	T	K	13	3	18.75%	2	1	42	25	0.98	1	1	7	6	3	0	G
II	907384	G	K	33	2	5.71%	2	1	48	37	0.98	1	1	23	10	2	0	T
II	914017	C	M	28	3	9.68%	2	2	47	37	0.98	1	1	14	14	2	1	A
II	923543	C	A	0	34	100%	0	2	0	53	0.98	0	1	0	0	19	15	A
II	938688	T	Y	27	2	6.9%	2	2	54	37	0.98	1	1	15	12	1	1	C
II	939061	A	M	37	2	5.13%	2	2	44	49	0.98	1	1	26	11	1	1	C
II	943554	C	A	0	32	100%	0	2	0	46	0.98	0	1	0	0	15	17	A
II	944812	A	M	32	2	5.88%	2	1	38	37	0.98	1	1	22	10	0	2	C
II	953201	A	G	0	18	100%	0	2	0	41	0.98	0	1	0	0	9	9	G
II	967094	A	G	0	22	100%	0	2	0	47	0.98	0	1	0	0	11	11	G
II	997668	G	R	24	17	41.46%	2	2	46	36	0.98	1	1	12	12	8	9	A
II	997671	G	R	22	17	43.59%	2	2	46	37	0.98	1	1	13	9	8	9	A
II	997756	A	M	30	2	6.25%	2	1	42	37	0.98	1	1	12	18	2	0	C
II	1012055	G	K	33	2	5.71%	2	1	45	31	0.98	1	1	26	7	0	2	T
II	1033484	A	R	16	2	11.11%	2	1	44	61	0.98	1	1	5	11	2	0	G
II	1033502	T	Y	12	2	14.29%	2	2	49	61	0.98	1	1	5	7	1	1	C
II	1033507	C	M	12	2	14.29%	2	2	47	74	0.98	1	1	5	7	1	1	A
II	1038087	T	K	36	2	5.26%	2	1	45	55	0.98	1	1	18	18	2	0	G
II	1045411	A	R	30	3	9.09%	2	1	38	33	0.98	1	1	14	16	3	0	G
II	1057698	G	K	18	2	10%	2	1	45	25	0.98	1	1	4	14	2	0	T
II	1078331	G	K	35	2	5.41%	2	1	43	25	0.98	1	1	12	23	2	0	T
II	1080664	T	Y	35	2	5.41%	2	2	52	37	0.98	1	1	14	21	1	1	C
II	1102116	T	K	35	5	12.5%	2	1	41	33	0.98	1	1	4	31	5	0	G
II	1102119	A	W	32	2	5.88%	2	2	37	51	0.98	1	1	3	29	1	1	T
II	1117410	T	K	28	2	6.67%	2	1	43	24	0.98	1	1	6	22	2	0	G
II	1149971	G	K	15	5	25%	1	1	37	33	0.98	1	1	0	15	5	0	T
II	1149977	G	K	14	5	26.32%	2	1	39	33	0.98	1	1	1	13	5	0	T
II	1155903	T	A	0	49	100%	0	2	0	45	0.98	0	1	0	0	11	38	A
II	1159678	G	C	0	27	100%	0	2	0	42	0.98	0	1	0	0	10	17	C
II	1159694	A	T	0	27	100%	0	2	0	42	0.98	0	1	0	0	10	17	T
II	1169393	A	R	25	2	7.41%	2	2	57	55	0.98	1	1	11	14	1	1	G
II	1192598	A	R	34	2	5.56%	2	1	55	37	0.98	1	1	18	16	2	0	G
II	1205247	C	M	10	2	16.67%	2	1	38	31	0.98	1	1	7	3	2	0	A
II	1210841	C	M	24	2	7.69%	2	2	43	25	0.98	1	1	3	21	1	1	A
II	1217319	T	Y	22	2	8.33%	2	1	44	37	0.98	1	1	14	8	2	0	C
II	1262717	C	M	34	2	5.56%	2	2	46	37	0.98	1	1	19	15	1	1	A
II	1277481	G	K	8	3	18.75%	2	1	35	37	0.98	1	1	7	1	0	3	T
II	1293432	G	K	20	2	9.09%	2	1	42	33	0.98	1	1	8	12	2	0	T
II	1300034	C	M	36	8	17.78%	2	2	41	40	0.98	1	1	16	20	2	6	A
II	1300043	C	M	35	13	27.08%	2	2	41	47	0.98	1	1	14	21	4	9	A
II	1300049	C	M	36	14	27.45%	2	2	40	50	0.98	1	1	14	22	6	8	A
II	1300055	G	R	35	16	31.37%	2	2	41	47	0.98	1	1	16	19	5	11	A
II	1300061	G	R	41	13	23.64%	2	2	42	53	0.98	1	1	17	24	4	9	A
II	1300067	G	R	40	19	32.2%	2	2	42	48	0.98	1	1	20	20	7	12	A
II	1300073	G	R	43	15	25.42%	2	2	43	49	0.98	1	1	20	23	5	10	A
II	1300079	T	W	41	18	29.51%	2	2	42	49	0.98	1	1	21	20	8	10	A
II	1300082	G	R	40	16	26.67%	2	2	44	54	0.98	1	1	21	19	7	9	A
II	1300103	C	M	45	25	34.72%	2	2	43	55	0.98	1	1	25	20	13	12	A
II	1300115	G	R	43	25	35.21%	2	2	48	62	0.98	1	1	22	21	13	12	A
II	1300121	C	M	38	28	41.18%	2	2	47	55	0.98	1	1	20	18	14	14	A
II	1300124	C	M	39	31	43.06%	2	2	45	56	0.98	1	1	20	19	14	17	A
II	1300130	C	M	47	20	28.17%	2	2	45	52	0.98	1	1	24	23	8	12	A
II	1300153	G	R	45	3	6.25%	2	2	50	37	0.98	1	1	19	26	2	1	A
II	1320742	G	R	38	2	5%	2	2	47	37	0.98	1	1	15	23	1	1	A
II	1323935	G	K	24	2	7.69%	2	2	48	37	0.98	1	1	11	13	1	1	T
II	1349032	G	K	25	2	7.41%	2	1	47	27	0.98	1	1	13	12	0	2	T
II	1379567	A	W	38	2	5%	2	1	46	31	0.98	1	1	19	19	0	2	T
II	1383801	G	K	23	2	8%	2	1	42	25	0.98	1	1	8	15	0	2	T
II	1392428	C	M	38	2	5%	2	1	43	25	0.98	1	1	12	26	2	0	A
II	1402177	A	R	24	2	7.69%	2	1	45	74	0.98	1	1	16	8	2	0	G
II	1413588	T	C	0	34	100%	0	2	0	52	0.98	0	1	0	0	19	15	C
II	1434497	G	R	33	3	8.33%	2	2	50	49	0.98	1	1	20	13	1	2	A
II	1455080	G	S	32	2	5.88%	2	2	53	61	0.98	1	1	13	19	1	1	C
II	1473335	G	K	35	2	5.41%	2	2	47	23	0.98	1	1	17	18	1	1	T
II	1475676	C	M	56	4	6.67%	2	2	41	34	0.98	1	1	24	32	2	2	A
II	1510492	G	K	33	2	5.71%	2	1	44	25	0.98	1	1	14	19	2	0	T
II	1555935	C	M	9	2	18.18%	2	1	33	33	0.98	1	1	3	6	2	0	A
II	1561015	T	Y	36	2	5.26%	2	2	48	55	0.98	1	1	17	19	1	1	C
II	1569457	A	M	29	2	6.45%	2	1	42	27	0.98	1	1	17	12	0	2	C
II	1571447	A	R	34	3	8.11%	2	1	46	41	0.98	1	1	14	20	3	0	G
II	1588936	G	R	1	4	28.57%	1	1	37	35	0.98	1	1	1	0	0	4	A
II	1613039	A	R	32	4	11.11%	2	2	56	55	0.98	1	1	11	21	2	2	G
II	1613045	A	R	32	2	5.88%	2	1	55	55	0.98	1	1	10	22	2	0	G
II	1616178	T	K	27	2	6.9%	2	2	49	31	0.98	1	1	15	12	1	1	G
II	1634837	T	Y	28	2	6.67%	2	1	58	37	0.98	1	1	17	11	2	0	C
II	1634843	T	Y	26	2	6.9%	2	1	56	37	0.98	1	1	16	10	2	0	C
II	1634983	C	M	35	2	5.41%	2	1	40	33	0.98	1	1	31	4	0	2	A
II	1636594	A	R	87	6	6.45%	2	1	48	37	0.98	1	1	51	36	6	0	G
II	1658147	C	M	34	2	5.56%	2	1	41	31	0.98	1	1	23	11	0	2	A
II	1672859	C	T	0	36	100%	0	2	0	46	0.98	0	1	0	0	26	10	T
II	1673002	G	C	0	57	100%	0	2	0	44	0.98	0	1	0	0	29	28	C
II	1678693	T	A	0	18	100%	0	2	0	39	0.98	0	1	0	0	11	7	A
II	1680714	T	K	32	2	5.88%	2	1	52	25	0.98	1	1	14	18	0	2	G
II	1683324	T	G	0	70	100%	0	2	0	47	0.98	0	1	0	0	22	48	G
II	1697124	C	T	0	31	100%	0	2	0	48	0.98	0	1	0	0	15	16	T
II	1716272	C	Y	10	20	66.67%	1	2	32	38	0.98	1	1	0	10	8	12	T
II	1716273	T	Y	25	11	30.56%	2	2	41	30	0.98	1	1	8	17	1	10	C
II	1716288	G	T	0	23	100%	0	2	0	39	0.98	0	1	0	0	3	20	T
II	1716318	A	G	0	33	100%	0	2	0	41	0.98	0	1	0	0	8	25	G
II	1716320	T	G	0	35	100%	0	2	0	41	0.98	0	1	0	0	8	27	G
II	1716326	G	T	0	35	100%	0	2	0	45	0.98	0	1	0	0	9	26	T
II	1729763	A	R	36	2	5.26%	2	2	44	37	0.98	1	1	20	16	1	1	G
II	1731339	C	Y	37	2	5.13%	2	1	49	37	0.98	1	1	11	26	0	2	T
II	1745445	T	Y	20	2	9.09%	2	2	45	37	0.98	1	1	7	13	1	1	C
II	1753483	G	K	19	2	9.52%	1	1	39	27	0.98	1	1	0	19	2	0	T
II	1753512	C	M	27	3	10%	2	1	41	27	0.98	1	1	7	20	3	0	A
II	1753518	T	W	36	2	5.26%	2	1	44	22	0.98	1	1	16	20	2	0	A
II	1783730	A	W	20	2	9.09%	2	2	44	37	0.98	1	1	8	12	1	1	T
II	1783733	T	W	20	2	9.09%	2	2	43	37	0.98	1	1	8	12	1	1	A
II	1784826	G	A	0	37	100%	0	2	0	51	0.98	0	1	0	0	19	18	A
II	1792382	A	M	29	2	6.45%	2	2	45	37	0.98	1	1	20	9	1	1	C
II	1805261	G	K	17	2	10.53%	2	1	51	25	0.98	1	1	12	5	0	2	T
II	1805275	G	K	11	2	15.38%	1	1	46	25	0.98	1	1	11	0	0	2	T
II	1825376	C	Y	36	2	5.26%	2	2	46	37	0.98	1	1	24	12	1	1	T
II	1849777	G	A	0	15	100%	0	2	0	49	0.98	0	1	0	0	6	9	A
II	1853294	A	R	27	2	6.9%	2	1	41	31	0.98	1	1	15	12	2	0	G
II	1868120	A	W	32	2	5.88%	2	1	43	28	0.98	1	1	28	4	0	2	T
II	1873782	C	M	15	3	16.67%	2	1	46	37	0.98	1	1	10	5	0	3	A
II	1918314	T	Y	38	2	5%	2	1	43	37	0.98	1	1	21	17	0	2	C
II	1939692	C	M	31	3	8.82%	2	2	39	30	0.98	1	1	24	7	1	2	A
II	1939698	C	M	33	4	10.81%	2	2	40	26	0.98	1	1	25	8	2	2	A
II	1939716	G	K	29	2	6.45%	2	1	39	28	0.98	1	1	18	11	2	0	T
II	1939725	G	K	38	2	5%	2	2	38	22	0.98	1	1	20	18	1	1	T
II	1950053	T	K	34	2	5.56%	2	1	54	47	0.98	1	1	21	13	2	0	G
II	1962419	T	A	0	67	100%	0	2	0	48	0.98	0	1	0	0	32	35	A
II	1962439	A	G	0	68	100%	0	2	0	47	0.98	0	1	0	0	36	32	G
II	1962458	T	A	0	66	100%	0	2	0	47	0.98	0	1	0	0	35	31	A
II	1962944	C	M	29	2	6.45%	2	1	48	48	0.98	1	1	15	14	2	0	A
II	1976619	T	Y	20	2	9.09%	2	2	45	37	0.98	1	1	10	10	1	1	C
II	1987098	C	A	0	40	100%	0	2	0	46	0.98	0	1	0	0	15	25	A
II	1996059	G	K	28	2	6.67%	2	1	39	25	0.98	1	1	1	27	2	0	T
II	2012605	T	Y	74	4	5.13%	2	1	45	37	0.98	1	1	22	52	0	4	C
II	2012607	A	R	74	4	5.13%	2	1	46	37	0.98	1	1	22	52	0	4	G
II	2012613	T	Y	71	5	6.58%	2	1	46	37	0.98	1	1	23	48	0	5	C
II	2012619	G	S	68	6	8.11%	2	1	45	37	0.98	1	1	23	45	0	6	C
II	2022952	G	K	10	3	23.08%	2	1	42	29	0.98	1	1	8	2	0	3	T
II	2032028	T	Y	32	35	52.24%	2	2	51	49	0.98	1	1	23	9	21	14	C
II	2036790	T	Y	36	2	5.26%	2	2	44	55	0.98	1	1	23	13	1	1	C
II	2044929	A	T	0	34	100%	0	2	0	52	0.98	0	1	0	0	18	16	T
II	2064987	G	K	30	2	6.25%	2	1	40	25	0.98	1	1	5	25	2	0	T
II	2068782	T	W	36	2	5.26%	2	1	47	37	0.98	1	1	25	11	0	2	A
II	2086928	T	Y	35	2	5.41%	2	2	55	37	0.98	1	1	12	23	1	1	C
II	2090601	G	S	32	2	5.88%	2	1	41	25	0.98	1	1	28	4	0	2	C
II	2092371	C	S	38	2	5%	2	1	43	31	0.98	1	1	9	29	2	0	G
II	2106000	C	Y	31	3	8.82%	2	1	49	45	0.98	1	1	23	8	3	0	T
II	2108181	C	M	29	3	9.38%	2	1	43	33	0.98	1	1	16	13	0	3	A
II	2120666	A	W	51	4	7.27%	2	2	48	37	0.98	1	1	22	29	2	2	T
II	2126017	G	K	20	2	9.09%	2	1	38	25	0.98	1	1	10	10	2	0	T
II	2141698	G	R	8	20	71.43%	2	2	40	45	0.98	1	1	4	4	14	6	A
II	2141860	G	R	27	7	20.59%	2	2	39	39	0.98	1	1	17	10	4	3	A
II	2141993	T	Y	26	2	7.14%	2	1	44	37	0.98	1	1	15	11	0	2	C
II	2147728	C	Y	34	2	5.56%	2	2	48	55	0.98	1	1	19	15	1	1	T
II	2164972	G	R	13	20	60.61%	2	2	50	52	0.98	1	1	6	7	13	7	A
II	2216967	A	M	36	2	5.26%	2	2	51	37	0.98	1	1	17	19	1	1	C
II	2218101	T	Y	34	16	32%	2	2	45	36	0.98	1	1	20	14	10	6	C
II	2228775	T	G	1	18	94.74%	1	2	74	51	0.98	1	1	0	1	9	9	G
II	2228777	G	T	0	19	100%	0	2	0	53	0.98	0	1	0	0	9	10	T
II	2233907	T	W	21	2	8.33%	2	1	50	37	0.98	1	1	12	9	0	2	A
II	2257755	T	Y	35	2	5.41%	2	2	46	74	0.98	1	1	19	16	1	1	C
II	2317172	T	K	10	5	33.33%	2	1	50	32	0.98	1	1	4	6	5	0	G
II	2341582	T	W	16	2	11.11%	2	1	38	33	0.98	1	1	9	7	2	0	A
II	2346849	T	Y	26	2	7.14%	2	1	51	74	0.98	1	1	10	16	0	2	C
II	2403176	T	Y	40	4	9.09%	2	2	46	64	0.98	1	1	20	20	3	1	C
II	2404914	G	K	19	2	9.52%	2	1	40	25	0.98	1	1	7	12	2	0	T
II	2421411	T	K	22	4	15.38%	2	1	38	29	0.98	1	1	3	19	4	0	G
II	2421416	C	M	24	2	7.69%	2	1	41	31	0.98	1	1	4	20	2	0	A
II	2421426	G	K	24	2	7.69%	2	1	41	25	0.98	1	1	6	18	2	0	T
II	2428606	T	W	37	2	5.13%	2	2	47	37	0.98	1	1	17	20	1	1	A
II	2436580	C	G	0	61	100%	0	2	0	50	0.98	0	1	0	0	30	31	G
II	2437543	T	W	76	5	6.17%	2	1	43	37	0.98	1	1	38	38	5	0	A
II	2437547	G	R	79	5	5.95%	2	1	45	37	0.98	1	1	41	38	5	0	A
II	2437553	T	W	79	6	7.06%	2	2	46	35	0.98	1	1	38	41	4	2	A
II	2437558	T	Y	83	5	5.68%	2	1	46	37	0.98	1	1	38	45	5	0	C
II	2437564	A	W	80	9	10.11%	2	2	46	37	0.98	1	1	39	41	6	3	T
II	2437567	T	Y	80	9	10.11%	2	2	47	37	0.98	1	1	40	40	6	3	C
II	2437570	T	W	83	9	9.78%	2	2	46	35	0.98	1	1	42	41	6	3	A
II	2437571	G	S	82	10	10.87%	2	2	47	35	0.98	1	1	42	40	7	3	C
II	2437612	A	W	129	44	25.43%	2	2	47	45	0.98	1	1	73	56	34	10	T
II	2437627	C	Y	87	91	51.12%	2	2	47	53	0.98	1	1	50	37	58	33	T
II	2437629	G	R	138	38	21.59%	2	2	49	45	0.98	1	1	83	55	25	13	A
II	2437646	G	R	143	54	27.41%	2	2	49	53	0.98	1	1	86	57	38	16	A
II	2437651	T	W	188	12	6%	2	2	51	39	0.98	1	1	115	73	9	3	A
II	2437661	T	W	194	12	5.83%	2	2	54	38	0.98	1	1	115	79	8	4	A
II	2437684	T	W	148	74	33.33%	2	2	56	45	0.98	1	1	90	58	41	33	A
II	2437688	A	R	145	70	32.56%	2	2	55	46	0.98	1	1	86	59	40	30	G
II	2437737	A	R	187	12	6.03%	2	2	50	38	0.98	1	1	101	86	4	8	G
II	2437769	A	W	154	23	12.92%	2	2	49	43	0.98	1	1	72	82	5	18	T
II	2437771	A	M	154	25	13.97%	2	2	50	40	0.98	1	1	71	83	5	20	C
II	2437780	A	W	161	12	6.94%	2	2	49	37	0.98	1	1	73	88	1	11	T
II	2437855	A	M	85	76	47.2%	2	2	45	48	0.98	1	1	48	37	23	53	C
II	2437918	T	Y	113	44	28.03%	2	2	48	47	0.98	1	1	58	55	7	37	C
II	2437936	A	W	122	25	17.01%	2	2	51	44	0.98	1	1	57	65	4	21	T
II	2437942	G	K	117	27	18.75%	2	2	49	44	0.98	1	1	56	61	5	22	T
II	2437951	C	Y	114	20	14.93%	2	2	50	48	0.98	1	1	50	64	2	18	T
II	2437970	G	R	119	13	9.85%	2	2	50	44	0.98	1	1	45	74	1	12	A
II	2437978	T	Y	104	7	6.31%	2	2	49	47	0.98	1	1	41	63	1	6	C
II	2444543	T	C	0	61	100%	0	2	0	47	0.98	0	1	0	0	33	28	C
II	2488053	G	K	20	2	9.09%	2	1	41	25	0.98	1	1	1	19	2	0	T
II	2491055	C	M	28	2	6.67%	2	1	47	27	0.98	1	1	6	22	2	0	A
II	2536702	A	M	36	2	5.26%	2	1	49	25	0.98	1	1	23	13	0	2	C
II	2543744	A	R	34	2	5.56%	2	1	49	49	0.98	1	1	19	15	2	0	G
II	2545912	T	K	36	2	5.26%	2	1	49	37	0.98	1	1	18	18	2	0	G
II	2554900	T	W	51	6	10.53%	2	2	48	49	0.98	1	1	24	27	4	2	A
II	2579233	G	K	20	2	9.09%	2	1	43	37	0.98	1	1	10	10	0	2	T
II	2579282	A	M	12	2	14.29%	2	1	42	31	0.98	1	1	9	3	0	2	C
II	2591933	G	K	27	2	6.9%	2	1	41	25	0.98	1	1	9	18	2	0	T
II	2591942	G	K	31	2	6.06%	2	1	42	31	0.98	1	1	9	22	2	0	T
II	2619952	T	K	24	2	7.69%	2	2	45	37	0.98	1	1	11	13	1	1	G
II	2653090	A	M	21	2	8.7%	2	1	50	31	0.98	1	1	5	16	0	2	C
II	2671588	T	W	29	2	6.45%	2	2	48	37	0.98	1	1	19	10	1	1	A
II	2674218	C	M	18	4	18.18%	2	2	46	37	0.98	1	1	11	7	2	2	A
II	2676336	C	T	0	17	100%	0	2	0	46	0.98	0	1	0	0	8	9	T
II	2683788	C	M	35	2	5.41%	2	1	41	27	0.98	1	1	13	22	2	0	A
II	2709161	G	K	32	2	5.88%	2	1	45	27	0.98	1	1	21	11	0	2	T
II	2711280	C	M	19	2	9.52%	2	1	42	25	0.98	1	1	4	15	2	0	A
II	2729080	G	K	17	2	10.53%	2	1	48	31	0.98	1	1	7	10	0	2	T
II	2747440	T	Y	18	2	10%	2	2	53	37	0.98	1	1	13	5	1	1	C
II	2755097	T	Y	26	2	7.14%	2	1	40	37	0.98	1	1	13	13	0	2	C
II	2755340	T	Y	17	3	15%	2	1	47	37	0.98	1	1	2	15	3	0	C
II	2755361	A	W	30	2	6.25%	2	1	45	55	0.98	1	1	19	11	0	2	T
II	2755663	G	K	21	2	8.7%	2	1	40	25	0.98	1	1	16	5	0	2	T
II	2765778	T	W	24	2	7.69%	2	1	41	25	0.98	1	1	16	8	0	2	A
II	2767547	A	M	31	2	6.06%	2	1	48	27	0.98	1	1	15	16	2	0	C
II	2798515	G	A	0	3	100%	0	1	0	37	0.98	0	1	0	0	3	0	A
II	2798732	G	K	25	2	7.41%	2	1	42	31	0.98	1	1	14	11	0	2	T
II	2806053	G	A	0	33	100%	0	2	0	48	0.98	0	1	0	0	13	20	A
II	2827368	A	M	34	2	5.56%	2	1	52	37	0.98	1	1	14	20	0	2	C
II	2836238	A	M	25	3	10.71%	2	1	39	26	0.98	1	1	20	5	0	3	C
II	2841247	T	Y	33	2	5.71%	2	2	47	37	0.98	1	1	12	21	1	1	C
II	2869101	G	R	26	2	7.14%	2	2	45	37	0.98	1	1	14	12	1	1	A
II	2891304	T	W	36	2	5.26%	2	1	40	22	0.98	1	1	15	21	2	0	A
II	2901509	G	T	0	66	100%	0	2	0	43	0.98	0	1	0	0	24	42	T
II	2914799	A	M	38	2	5%	2	1	45	27	0.98	1	1	28	10	0	2	C
II	2945134	C	M	26	2	7.14%	2	2	55	41	0.98	1	1	13	13	1	1	A
II	2955070	C	M	33	2	5.71%	2	1	41	29	0.98	1	1	24	9	0	2	A
II	2955075	C	M	35	3	7.89%	2	1	40	26	0.98	1	1	23	12	0	3	A
II	2955098	C	M	30	4	11.76%	2	1	40	29	0.98	1	1	22	8	0	4	A
II	2955111	C	M	29	2	6.45%	2	1	42	37	0.98	1	1	21	8	0	2	A
II	2955127	A	M	25	3	10.71%	2	1	47	26	0.98	1	1	14	11	0	3	C
II	3006137	A	T	0	33	100%	0	2	0	42	0.98	0	1	0	0	19	14	T
II	3017563	C	M	26	3	10.34%	2	1	47	34	0.98	1	1	2	24	3	0	A
II	3018123	A	M	38	2	5%	2	1	45	25	0.98	1	1	26	12	0	2	C
II	3058634	G	K	29	2	6.45%	2	1	48	49	0.98	1	1	17	12	2	0	T
II	3105225	A	M	24	2	7.69%	2	2	42	37	0.98	1	1	15	9	1	1	C
II	3128106	G	A	1	40	97.56%	1	2	37	44	0.98	1	1	0	1	26	14	A
II	3137536	G	K	30	2	6.25%	2	2	51	22	0.98	1	1	13	17	1	1	T
II	3139669	G	K	15	2	11.76%	2	1	42	31	0.98	1	1	12	3	0	2	T
II	3152421	G	K	22	2	8.33%	2	2	39	37	0.98	1	1	6	16	1	1	T
II	3161428	A	W	17	2	10.53%	2	1	38	22	0.98	1	1	6	11	2	0	T
II	3231378	A	R	30	2	6.25%	2	1	48	37	0.98	1	1	18	12	2	0	G
II	3251803	T	K	35	2	5.41%	2	2	47	31	0.98	1	1	13	22	1	1	G
II	3262174	T	Y	37	2	5.13%	2	1	48	55	0.98	1	1	24	13	0	2	C
II	3270708	T	Y	27	2	6.9%	2	1	51	31	0.98	1	1	12	15	0	2	C
II	3279017	G	K	28	2	6.67%	2	1	43	31	0.98	1	1	8	20	2	0	T
II	3299951	G	R	27	2	6.9%	2	2	46	37	0.98	1	1	11	16	1	1	A
II	3303163	T	W	37	2	5.13%	2	2	47	37	0.98	1	1	18	19	1	1	A
II	3323880	A	W	20	2	9.09%	2	1	39	31	0.98	1	1	5	15	2	0	T
II	3344592	G	K	19	2	9.52%	2	2	44	37	0.98	1	1	9	10	1	1	T
II	3374653	T	Y	37	2	5.13%	2	2	47	31	0.98	1	1	17	20	1	1	C
II	3431307	G	S	37	2	5.13%	2	2	46	37	0.98	1	1	18	19	1	1	C
II	3450827	C	M	34	2	5.56%	2	1	45	22	0.98	1	1	13	21	0	2	A
II	3457778	A	R	33	2	5.71%	2	2	45	74	0.98	1	1	20	13	1	1	G
II	3460581	T	K	32	3	8.57%	2	1	40	26	0.98	1	1	8	24	3	0	G
II	3460649	A	W	30	2	6.25%	2	2	45	27	0.98	1	1	13	17	1	1	T
II	3505719	A	W	23	2	8%	2	2	42	37	0.98	1	1	15	8	1	1	T
II	3524722	C	Y	49	3	5.77%	2	2	43	74	0.98	1	1	32	17	1	2	T
II	3530167	A	M	37	2	5.13%	2	1	50	25	0.98	1	1	20	17	0	2	C
II	3532163	A	M	15	5	23.81%	2	1	38	33	0.98	1	1	11	4	0	5	C
II	3594314	C	Y	34	4	10.53%	2	2	55	31	0.98	1	1	15	19	2	2	T
II	3597423	T	K	15	2	11.76%	2	2	43	74	0.98	1	1	7	8	1	1	G
II	3609144	A	W	31	2	6.06%	2	1	48	33	0.98	1	1	12	19	0	2	T
II	3617619	A	R	34	2	5.56%	2	2	48	37	0.98	1	1	19	15	1	1	G
II	3641029	A	R	32	2	5.88%	2	1	46	55	0.98	1	1	12	20	0	2	G
II	3664435	C	M	35	2	5.41%	2	1	42	25	0.98	1	1	27	8	0	2	A
II	3664440	A	M	33	2	5.71%	2	1	37	25	0.98	1	1	29	4	0	2	C
II	3671593	T	K	35	2	5.41%	2	2	51	37	0.98	1	1	22	13	1	1	G
II	3673631	G	S	28	4	12.5%	2	2	47	37	0.98	1	1	8	20	2	2	C
II	3751937	T	Y	24	2	7.69%	2	1	44	29	0.98	1	1	12	12	0	2	C
II	3786554	C	M	27	2	6.9%	2	1	44	25	0.98	1	1	7	20	2	0	A
II	3792280	T	K	34	2	5.56%	2	1	44	37	0.98	1	1	7	27	2	0	G
II	3838898	G	K	20	3	13.04%	2	1	42	33	0.98	1	1	13	7	0	3	T
II	3842255	A	W	38	2	5%	2	2	50	31	0.98	1	1	27	11	1	1	T
II	3848787	A	M	33	2	5.71%	2	1	51	37	0.98	1	1	15	18	0	2	C
II	3860190	A	M	29	9	23.68%	2	2	49	35	0.98	1	1	7	22	7	2	C
II	3861465	T	K	13	6	31.58%	2	1	38	32	0.98	1	1	2	11	6	0	G
II	3886110	C	M	22	2	8.33%	2	1	48	22	0.98	1	1	7	15	2	0	A
II	3905779	T	K	38	2	5%	2	1	50	37	0.98	1	1	13	25	2	0	G
II	3910669	A	M	27	4	12.9%	2	1	51	34	0.98	1	1	15	12	0	4	C
II	3966432	T	W	21	2	8.7%	2	1	50	37	0.98	1	1	14	7	0	2	A
II	3991928	T	Y	23	2	8%	2	1	45	74	0.98	1	1	9	14	2	0	C
II	4002243	C	Y	38	2	5%	2	2	45	37	0.98	1	1	18	20	1	1	T
II	4013959	C	S	59	4	6.35%	2	2	50	34	0.98	1	1	38	21	2	2	G
II	4031423	G	K	28	2	6.67%	2	1	40	25	0.98	1	1	19	9	0	2	T
II	4031531	C	M	19	2	9.52%	2	1	38	31	0.98	1	1	6	13	2	0	A
II	4064433	A	W	30	2	6.25%	2	1	44	37	0.98	1	1	14	16	2	0	T
II	4069752	C	Y	34	2	5.56%	2	2	44	37	0.98	1	1	17	17	1	1	T
II	4081467	A	M	28	2	6.67%	2	2	46	36	0.98	1	1	12	16	1	1	C
II	4081471	G	K	24	2	7.69%	2	1	44	27	0.98	1	1	8	16	2	0	T
II	4088657	C	M	26	2	7.14%	2	1	49	22	0.98	1	1	15	11	0	2	A
II	4088674	C	M	22	2	8.33%	2	1	50	31	0.98	1	1	14	8	0	2	A
II	4092221	A	M	41	4	8.89%	2	2	46	37	0.98	1	1	18	23	2	2	C
II	4107253	G	K	2	2	28.57%	2	1	31	33	0.98	1	1	1	1	0	2	+TTT
II	4122326	T	C	0	53	100%	0	2	0	49	0.98	0	1	0	0	23	30	C
II	4137204	T	W	22	2	8.33%	2	1	47	31	0.98	1	1	12	10	0	2	A
II	4163472	C	M	34	2	5.56%	2	1	46	37	0.98	1	1	17	17	0	2	A
II	4178418	C	M	36	2	5.26%	2	2	52	37	0.98	1	1	14	22	1	1	A
II	4186930	G	R	33	2	5.71%	2	2	48	37	0.98	1	1	14	19	1	1	A
II	4258407	A	M	21	2	8.7%	2	1	45	31	0.98	1	1	11	10	0	2	C
II	4268148	G	R	31	2	6.06%	2	1	45	37	0.98	1	1	7	24	2	0	A
II	4273539	A	R	57	3	5%	2	2	53	37	0.98	1	1	30	27	2	1	G
II	4273577	A	R	53	3	5.26%	2	2	54	38	0.98	1	1	29	24	2	1	G
II	4273621	A	R	53	3	5.36%	2	2	51	34	0.98	1	1	30	23	1	2	G
II	4273775	A	R	38	3	7.32%	2	2	51	33	0.98	1	1	19	19	1	2	G
II	4273780	T	Y	39	3	7.14%	2	2	49	33	0.98	1	1	19	20	1	2	C
II	4273787	G	R	38	2	5%	2	2	51	37	0.98	1	1	20	18	1	1	A
II	4273790	A	R	36	4	10%	2	2	54	34	0.98	1	1	19	17	1	3	G
II	4273835	A	R	44	3	6.38%	2	1	51	37	0.98	1	1	23	21	0	3	G
II	4274027	A	R	25	2	7.41%	2	1	48	55	0.98	1	1	16	9	0	2	G
II	4301063	G	R	18	2	10%	2	2	47	37	0.98	1	1	14	4	1	1	A
II	4308430	T	W	25	4	13.79%	2	1	41	35	0.98	1	1	12	13	4	0	A
II	4345274	T	K	10	3	23.08%	2	1	49	26	0.98	1	1	1	9	3	0	G
II	4387912	A	M	22	2	8.33%	2	1	42	25	0.98	1	1	21	1	0	2	C
II	4397067	G	R	30	2	6.25%	2	1	41	37	0.98	1	1	15	15	2	0	A
II	4397070	T	Y	31	2	6.06%	2	1	41	37	0.98	1	1	16	15	2	0	C
II	4400666	A	C	0	20	100%	0	2	0	40	0.98	0	1	0	0	6	14	C
II	4419921	T	W	7	2	11.11%	2	1	42	31	0.98	1	1	5	2	0	2	A
II	4422660	C	Y	46	6	11.54%	2	2	46	41	0.98	1	1	22	24	5	1	T
II	4422685	A	R	48	3	5.88%	2	2	47	37	0.98	1	1	22	26	2	1	G
II	4422789	A	W	51	3	5.56%	2	2	49	45	0.98	1	1	30	21	1	2	T
II	4422825	G	S	56	7	11.11%	2	2	51	40	0.98	1	1	29	27	1	6	C
II	4422948	A	R	52	14	21.21%	2	2	50	51	0.98	1	1	21	31	2	12	G
II	4422963	T	Y	51	5	8.93%	2	2	52	48	0.98	1	1	18	33	1	4	C
II	4422966	A	R	54	4	6.9%	2	1	52	44	0.98	1	1	20	34	0	4	G
II	4422969	G	R	51	4	7.27%	2	1	53	44	0.98	1	1	20	31	0	4	A
II	4422972	G	R	45	5	10%	2	1	54	40	0.98	1	1	19	26	0	5	A
II	4422987	T	K	41	3	6.82%	2	1	56	37	0.98	1	1	15	26	0	3	G
II	4423500	C	T	3	37	92.5%	1	2	49	38	0.98	1	1	3	0	30	7	T
II	4423525	G	R	32	2	5.88%	2	1	40	31	0.98	1	1	25	7	2	0	A
II	4423563	A	G	4	19	82.61%	2	2	46	38	0.98	1	1	3	1	15	4	G
II	4423569	A	T	4	18	81.82%	2	2	43	41	0.98	1	1	3	1	14	4	T
II	4423574	A	G	4	13	76.47%	2	2	46	38	0.98	1	1	3	1	12	1	G
II	4423578	A	R	6	13	68.42%	2	2	41	36	0.98	1	1	4	2	11	2	G
II	4423590	T	Y	13	9	40.91%	2	1	39	37	0.98	1	1	11	2	9	0	C
II	4423658	A	T	1	28	96.55%	1	2	37	39	0.98	1	1	1	0	18	10	T
II	4424127	T	K	66	4	5.71%	2	2	47	46	0.98	1	1	38	28	3	1	G
II	4437800	A	R	148	8	5.13%	2	2	48	35	0.98	1	1	89	59	7	1	G
II	4452498	G	R	31	3	8.82%	2	2	45	49	0.98	1	1	20	11	2	1	A
II	4452500	C	Y	28	3	9.68%	2	2	48	49	0.98	1	1	19	9	2	1	T
II	4452629	T	Y	36	3	7.69%	2	1	47	33	0.98	1	1	21	15	3	0	C
II	4468203	A	R	35	2	5.41%	2	2	48	37	0.98	1	1	14	21	1	1	G
II	4474478	T	Y	15	3	16.67%	2	2	51	49	0.98	1	1	5	10	1	2	C
II	4485783	C	S	24	2	7.69%	2	1	45	31	0.98	1	1	15	9	2	0	G
II	4493264	T	W	27	4	12.9%	2	2	40	34	0.98	1	1	14	13	2	2	A
II	4497276	T	Y	15	6	28.57%	2	1	51	37	0.98	1	1	9	6	0	6	C
II	4497434	G	K	36	2	5.26%	2	2	51	37	0.98	1	1	14	22	1	1	T
II	4505717	A	R	14	3	17.65%	2	1	41	37	0.98	1	1	5	9	0	3	G
II	4507767	T	W	73	5	6.41%	2	1	51	66	0.98	1	1	30	43	5	0	A
II	4507789	G	S	74	10	11.9%	2	2	48	65	0.98	1	1	39	35	6	4	C
II	4513966	A	R	50	7	12.28%	2	2	47	42	0.98	1	1	23	27	4	3	G
II	4513980	A	W	59	4	6.35%	2	2	46	46	0.98	1	1	29	30	3	1	T
II	4515621	C	M	9	2	13.33%	2	1	35	55	0.98	1	1	8	1	0	2	A
II	4516288	T	W	51	4	7.27%	2	2	44	29	0.98	1	1	26	25	2	2	A
II	4516627	G	K	72	10	11.63%	2	2	50	40	0.98	1	1	34	38	8	2	T
II	4517044	T	Y	94	5	5.05%	2	2	51	50	0.98	1	1	48	46	3	2	C
II	4517905	T	Y	179	11	5.79%	2	2	46	60	0.98	1	1	102	77	5	6	C
II	4518039	G	R	195	11	5.34%	2	2	52	56	0.98	1	1	81	114	3	8	A
II	4518134	C	Y	153	14	8.38%	2	2	46	37	0.98	1	1	51	102	1	13	T
II	4518139	T	Y	166	15	8.29%	2	2	46	39	0.98	1	1	61	105	2	13	C
II	4518185	A	R	132	8	5.71%	2	2	48	46	0.98	1	1	70	62	2	6	G
II	4518189	C	S	131	8	5.76%	2	2	49	46	0.98	1	1	70	61	2	6	G
II	4518273	T	Y	86	20	18.87%	2	2	49	48	0.98	1	1	47	39	8	12	C
II	4518281	A	R	91	19	17.27%	2	2	48	51	0.98	1	1	50	41	6	13	G
II	4518297	G	R	93	13	12.26%	2	2	46	54	0.98	1	1	46	47	2	11	A
II	4518309	C	Y	99	9	8.33%	2	2	47	53	0.98	1	1	51	48	2	7	T
II	4518427	T	Y	99	10	9.17%	2	2	47	58	0.98	1	1	49	50	6	4	C
II	4518532	C	Y	74	7	8.64%	2	2	47	42	0.98	1	1	39	35	1	6	T
II	4521636	C	Y	14	6	30%	2	2	37	37	0.98	1	1	9	5	3	3	T
II	4523882	C	Y	44	37	45.68%	2	2	46	43	0.98	1	1	27	17	27	10	T
II	4525357	G	K	43	3	6.52%	2	1	43	29	0.98	1	1	7	36	3	0	T
II	4525822	C	Y	6	9	60%	2	2	43	45	0.98	1	1	3	3	2	7	T
II	4525894	C	Y	9	2	18.18%	2	1	41	37	0.98	1	1	3	6	0	2	T
II	4527879	G	S	45	7	13.46%	2	2	44	47	0.98	1	1	26	19	3	4	C
II	4527881	C	Y	38	10	20.83%	2	2	41	40	0.98	1	1	27	11	3	7	T
II	4529116	T	Y	59	64	52.03%	2	2	54	55	0.98	1	1	30	29	31	33	C
II	4529725	G	R	68	10	12.82%	2	2	45	48	0.98	1	1	24	44	8	2	A
II	4529869	A	R	75	7	8.54%	2	2	50	47	0.98	1	1	29	46	1	6	G
II	4529886	G	R	75	6	7.41%	2	2	49	43	0.98	1	1	24	51	3	3	A
II	4529896	G	R	79	6	7.06%	2	2	47	43	0.98	1	1	26	53	3	3	A
II	4529965	A	R	39	41	51.25%	2	2	49	47	0.98	1	1	10	29	16	25	G
II	4530797	C	Y	54	26	32.5%	2	2	48	47	0.98	1	1	31	23	19	7	T
II	4531033	G	S	45	38	45.78%	2	2	43	41	0.98	1	1	21	24	21	17	C
II	4531092	G	R	46	46	50%	2	2	45	44	0.98	1	1	21	25	25	21	A
II	4531414	T	Y	75	107	58.79%	2	2	48	48	0.98	1	1	41	34	77	30	C
II	4531492	A	R	162	19	10.5%	2	2	50	37	0.98	1	1	99	63	12	7	G
II	4531592	G	R	72	85	54.14%	2	2	44	46	0.98	1	1	42	30	37	48	A
II	4531749	C	Y	81	52	39.1%	2	2	46	40	0.98	1	1	30	51	27	25	T
II	4531764	A	R	78	50	39.06%	2	2	44	40	0.98	1	1	28	50	33	17	G
II	4532072	G	R	127	7	5.22%	2	2	46	45	0.98	1	1	72	55	2	5	A
II	4532073	A	W	124	7	5.34%	2	2	46	40	0.98	1	1	73	51	2	5	T
II	4532088	G	K	74	54	42.19%	2	2	46	47	0.98	1	1	40	34	38	16	T
II	4533394	T	Y	62	66	51.56%	2	2	49	52	0.98	1	1	30	32	34	32	C
II	4533451	T	Y	54	64	54.24%	2	2	45	47	0.98	1	1	31	23	33	31	C
II	4533598	G	R	88	25	22.12%	2	2	45	40	0.98	1	1	46	42	12	13	A
II	4533617	A	R	100	31	23.66%	2	2	45	43	0.98	1	1	46	54	12	19	G
II	4533636	C	Y	72	63	46.67%	2	2	48	45	0.98	1	1	24	48	26	37	T
II	4533744	T	Y	110	37	25.17%	2	2	47	41	0.98	1	1	52	58	15	22	C
II	4533922	G	R	151	36	19.25%	2	2	49	52	0.98	1	1	52	99	9	27	A
II	4533994	T	Y	112	107	48.86%	2	2	48	48	0.98	1	1	71	41	60	47	C
II	4534246	C	M	156	42	21.21%	2	2	45	44	0.98	1	1	80	76	20	22	A
II	4534498	A	M	127	34	21.12%	2	2	42	43	0.98	1	1	72	55	21	13	C
II	4536550	C	M	146	65	30.81%	2	2	45	45	0.98	1	1	90	56	48	17	A
II	4536728	A	R	240	21	7.07%	2	2	50	45	0.98	1	1	106	134	17	4	G
II	4537214	T	Y	265	109	29.14%	2	2	53	53	0.98	1	1	141	124	72	37	C
II	4537402	A	R	229	18	7.29%	2	2	48	42	0.98	1	1	114	115	5	13	G
II	4537844	T	Y	72	17	19.1%	2	2	45	37	0.98	1	1	33	39	2	15	C
II	4538027	A	R	189	21	10%	2	2	50	54	0.98	1	1	119	70	10	11	G
II	4538036	G	K	190	169	47.08%	2	2	49	57	0.98	1	1	135	55	117	52	T
II	4538038	A	R	187	217	53.71%	2	2	49	55	0.98	1	1	136	51	156	61	G
II	4538047	G	R	535	98	15.48%	2	2	55	54	0.98	1	1	382	153	68	30	A
II	4538048	C	Y	358	278	43.71%	2	2	52	57	0.98	1	1	260	98	192	86	T
II	4538052	A	R	210	442	67.79%	2	2	50	57	0.98	1	1	157	53	304	138	G
II	4538065	G	R	594	98	14.16%	2	2	58	55	0.98	1	1	409	185	56	42	A
II	4538091	T	Y	318	340	50.15%	2	2	52	60	0.98	1	1	199	119	202	138	C
II	4538114	A	R	192	34	15.04%	2	2	48	48	0.98	1	1	126	66	4	30	G
II	4538115	G	K	198	34	14.66%	2	2	48	48	0.98	1	1	132	66	4	30	T
II	4538116	G	R	197	33	14.35%	2	2	49	48	0.98	1	1	134	63	4	29	A
II	4538118	G	R	183	34	15.67%	2	2	48	48	0.98	1	1	125	58	4	30	A
II	4538122	G	S	181	34	15.81%	2	2	49	48	0.98	1	1	119	62	4	30	C
II	4538125	A	W	185	34	15.53%	2	2	48	48	0.98	1	1	129	56	4	30	T
II	4538126	C	S	185	34	15.53%	2	2	49	48	0.98	1	1	128	57	4	30	G
II	4538128	A	R	187	33	15%	2	2	49	48	0.98	1	1	131	56	4	29	G
II	4538155	T	K	223	77	25.67%	2	2	49	42	0.98	1	1	138	85	4	73	G
II	4538164	A	W	192	104	35.14%	2	2	51	41	0.98	1	1	125	67	6	98	T
II	4538203	A	W	210	57	21.35%	2	2	52	50	0.98	1	1	86	124	11	46	T
II	4538216	A	W	212	57	21.19%	2	2	51	49	0.98	1	1	85	127	11	46	T
II	4538238	T	K	226	56	19.86%	2	2	53	50	0.98	1	1	92	134	12	44	G
II	4538244	A	R	222	56	20.14%	2	2	53	49	0.98	1	1	91	131	10	46	G
II	4538591	G	R	67	5	6.94%	2	2	48	44	0.98	1	1	46	21	3	2	A
II	4538770	T	Y	86	11	11.34%	2	1	44	37	0.98	1	1	56	30	11	0	C
II	4539524	G	R	60	25	29.41%	2	2	49	49	0.98	1	1	27	33	11	14	A
II	4539673	T	W	31	10	24.39%	2	2	41	35	0.98	1	1	11	20	2	8	A
II	4539725	T	Y	30	9	23.08%	2	2	44	49	0.98	1	1	9	21	6	3	C
III	4441	A	R	4	2	33.33%	2	1	58	37	0.98	1	1	2	2	2	0	G
III	4730	T	A	7	37	84.09%	2	2	39	47	0.98	1	1	6	1	23	14	A
III	5074	G	A	2	37	94.87%	1	2	55	44	0.98	1	1	0	2	3	34	A
III	5207	C	Y	4	11	73.33%	2	2	37	35	0.98	1	1	3	1	5	6	T
III	5276	T	G	8	46	77.97%	2	2	46	36	0.98	1	1	4	4	45	1	G
III	5464	C	G	9	82	90.11%	2	2	50	46	0.98	1	1	3	6	27	55	G
III	5487	T	Y	17	4	19.05%	2	2	44	46	0.98	1	1	5	12	1	3	C
III	5661	A	C	5	22	81.48%	2	2	51	36	0.98	1	1	2	3	1	21	C
III	5841	A	R	2	3	60%	2	1	37	41	0.98	1	1	1	1	3	0	G
III	9812	T	W	26	5	5.68%	2	2	43	35	0.98	1	1	23	3	1	4	A
III	10097	T	W	11	2	15.38%	2	1	41	37	0.98	1	1	2	9	0	2	A
III	13355	C	T	1	5	83.33%	1	1	37	37	0.98	1	1	0	1	5	0	T
III	15600	T	A	4	32	88.89%	2	2	50	43	0.98	1	1	1	3	18	14	A
III	15944	G	A	3	32	91.43%	2	2	37	42	0.98	1	1	2	1	4	28	A
III	16077	C	T	2	10	83.33%	1	2	37	35	0.98	1	1	0	2	8	2	T
III	16146	T	G	9	41	78.85%	2	2	34	36	0.98	1	1	8	1	40	1	G
III	16334	C	G	5	73	93.59%	2	2	51	50	0.98	1	1	1	4	20	53	G
III	16357	T	Y	8	6	42.86%	2	1	37	37	0.98	1	1	3	5	0	6	C
III	16531	A	C	3	15	83.33%	2	2	33	36	0.98	1	1	2	1	2	13	C
III	16653	C	Y	4	4	50%	2	1	40	34	0.98	1	1	2	2	0	4	T
III	16711	A	R	9	2	18.18%	2	1	45	31	0.98	1	1	8	1	2	0	G
III	29133	A	R	33	4	10.81%	2	2	48	64	0.98	1	1	16	17	2	2	G
III	29151	T	Y	27	5	15.62%	2	2	39	59	0.98	1	1	14	13	2	3	C
III	29156	C	M	26	5	16.13%	2	2	41	59	0.98	1	1	14	12	2	3	A
III	32885	T	K	23	4	14.81%	2	2	46	55	0.98	1	1	10	13	2	2	G
III	32890	G	R	25	4	13.79%	2	2	51	52	0.98	1	1	10	15	2	2	A
III	32973	G	R	36	2	5.26%	2	2	54	74	0.98	1	1	22	14	1	1	A
III	32989	A	M	35	3	7.89%	2	2	51	74	0.98	1	1	22	13	2	1	C
III	33004	T	Y	37	10	21.28%	2	2	46	62	0.98	1	1	27	10	5	5	C
III	33006	C	S	36	9	20%	2	2	44	61	0.98	1	1	26	10	4	5	G
III	41431	A	R	33	2	5.71%	2	1	42	31	0.98	1	1	8	25	2	0	G
III	50623	G	K	22	2	8.33%	2	1	41	31	0.98	1	1	16	6	0	2	T
III	61420	A	W	19	2	9.52%	2	1	42	27	0.98	1	1	16	3	0	2	T
III	61430	A	W	17	2	10.53%	2	1	47	29	0.98	1	1	15	2	0	2	T
III	65580	A	M	28	2	6.67%	2	1	47	37	0.98	1	1	14	14	0	2	C
III	88680	C	M	35	2	5.41%	2	1	49	25	0.98	1	1	24	11	0	2	A
III	100234	T	Y	27	2	6.9%	2	2	52	37	0.98	1	1	15	12	1	1	C
III	123340	N	A	0	25	96.15%	0	2	0	43	0.98	0	1	0	0	15	10	A
III	141403	C	M	35	2	5.41%	2	1	41	25	0.98	1	1	9	26	2	0	A
III	141408	G	K	33	2	5.71%	2	1	43	27	0.98	1	1	10	23	2	0	T
III	151071	G	A	0	48	100%	0	2	0	50	0.98	0	1	0	0	21	27	A
III	158267	T	Y	19	4	17.39%	2	2	46	37	0.98	1	1	15	4	2	2	C
III	158273	T	Y	18	4	18.18%	2	2	45	37	0.98	1	1	15	3	2	2	C
III	158655	A	R	21	2	8.7%	2	1	49	74	0.98	1	1	6	15	0	2	G
III	174709	T	Y	34	3	8.11%	2	2	55	37	0.98	1	1	23	11	2	1	C
III	184303	G	R	28	2	6.67%	2	2	53	37	0.98	1	1	18	10	1	1	A
III	189389	C	S	37	2	5.13%	2	1	40	37	0.98	1	1	19	18	2	0	G
III	212033	T	W	13	4	23.53%	1	1	35	31	0.98	1	1	0	13	4	0	A
III	212564	T	Y	47	7	12.96%	2	2	51	58	0.98	1	1	28	19	5	2	C
III	212571	A	R	51	3	5.56%	2	1	51	61	0.98	1	1	35	16	3	0	G
III	212572	C	Y	51	3	5.56%	2	1	52	61	0.98	1	1	35	16	3	0	T
III	212573	C	Y	52	3	5.45%	2	1	52	61	0.98	1	1	36	16	3	0	T
III	212576	T	Y	48	3	5.88%	2	1	48	61	0.98	1	1	33	15	3	0	C
III	212679	T	K	58	9	13.43%	2	2	47	57	0.98	1	1	41	17	3	6	G
III	213797	C	Y	40	3	6.98%	2	2	52	74	0.98	1	1	19	21	1	2	T
III	218799	G	K	27	2	6.9%	2	1	36	31	0.98	1	1	11	16	0	2	T
III	226991	G	R	35	2	5.41%	2	1	47	37	0.98	1	1	15	20	0	2	A
III	226999	G	K	37	4	9.76%	2	2	48	34	0.98	1	1	17	20	3	1	T
III	227003	C	Y	40	4	9.09%	2	2	47	37	0.98	1	1	19	21	3	1	T
III	227045	G	R	30	2	6.25%	2	1	50	68	0.98	1	1	16	14	0	2	A
III	227078	A	R	33	3	8.33%	2	1	50	49	0.98	1	1	18	15	0	3	G
III	227084	G	R	30	4	11.76%	2	1	51	49	0.98	1	1	18	12	0	4	A
III	227096	A	R	31	3	8.82%	2	1	50	57	0.98	1	1	19	12	0	3	G
III	227730	A	T	0	55	100%	0	2	0	48	0.98	0	1	0	0	29	26	T
III	228026	A	R	49	5	9.26%	2	2	48	44	0.98	1	1	22	27	2	3	G
III	228034	C	M	45	5	10%	2	2	50	44	0.98	1	1	18	27	2	3	A
III	228223	A	R	57	3	5%	2	1	44	70	0.98	1	1	29	28	3	0	G
III	237088	A	W	25	2	7.41%	2	2	48	37	0.98	1	1	15	10	1	1	T
III	244247	T	W	37	3	7.5%	2	2	50	49	0.98	1	1	20	17	1	2	A
III	270700	G	K	35	2	5.41%	2	2	47	37	0.98	1	1	16	19	1	1	T
III	284657	C	A	0	14	100%	0	2	0	42	0.98	0	1	0	0	9	5	A
III	286591	G	K	22	2	8.33%	2	1	43	27	0.98	1	1	17	5	0	2	T
III	293030	C	M	33	2	5.71%	2	1	43	31	0.98	1	1	21	12	0	2	A
III	302332	G	K	33	2	5.71%	2	1	39	31	0.98	1	1	2	31	2	0	T
III	303515	C	Y	29	2	6.45%	2	2	39	31	0.98	1	1	6	23	1	1	T
III	309777	A	W	35	2	5.41%	2	2	45	37	0.98	1	1	15	20	1	1	T
III	309781	T	Y	35	2	5.41%	2	2	44	37	0.98	1	1	15	20	1	1	C
III	321494	G	K	42	3	6.67%	2	1	43	29	0.98	1	1	7	35	3	0	T
III	330172	G	S	32	2	5.88%	2	1	51	55	0.98	1	1	17	15	0	2	C
III	343030	G	K	22	2	8.33%	2	1	46	31	0.98	1	1	9	13	2	0	T
III	343062	T	W	25	2	7.41%	2	1	40	31	0.98	1	1	9	16	2	0	A
III	343079	G	K	25	2	7.41%	2	1	39	31	0.98	1	1	10	15	2	0	T
III	343097	C	M	22	2	8.33%	2	1	40	31	0.98	1	1	10	12	2	0	A
III	364873	A	M	20	2	9.09%	2	1	39	27	0.98	1	1	15	5	0	2	C
III	371520	A	W	37	2	5.13%	2	1	42	25	0.98	1	1	16	21	0	2	T
III	371549	A	W	24	2	7.69%	2	1	43	31	0.98	1	1	19	5	0	2	T
III	385544	T	Y	29	2	6.45%	2	2	46	31	0.98	1	1	16	13	1	1	C
III	391121	T	W	26	2	7.14%	2	1	47	61	0.98	1	1	12	14	2	0	A
III	394928	C	S	18	2	10%	2	2	50	31	0.98	1	1	12	6	1	1	G
III	402942	G	K	29	2	6.45%	2	2	43	37	0.98	1	1	15	14	1	1	T
III	409963	A	W	24	2	7.69%	2	2	47	74	0.98	1	1	16	8	1	1	T
III	427141	T	K	26	2	7.14%	2	1	41	37	0.98	1	1	11	15	2	0	G
III	428133	C	S	43	4	8.51%	2	2	44	37	0.98	1	1	27	16	2	2	G
III	434772	A	W	28	2	6.67%	2	2	49	55	0.98	1	1	12	16	1	1	T
III	436467	C	M	31	2	6.06%	2	1	44	27	0.98	1	1	25	6	0	2	A
III	521109	T	K	35	2	5.41%	2	1	46	55	0.98	1	1	13	22	0	2	G
III	532641	A	W	35	2	5.41%	2	1	51	27	0.98	1	1	23	12	0	2	T
III	532667	C	M	33	2	5.71%	2	1	47	25	0.98	1	1	17	16	0	2	A
III	549094	T	W	26	2	7.14%	2	1	36	25	0.98	1	1	13	13	2	0	A
III	550395	C	M	37	2	5.13%	2	1	45	31	0.98	1	1	14	23	0	2	A
III	562558	T	Y	21	2	8.7%	2	1	50	37	0.98	1	1	18	3	0	2	C
III	575066	T	W	26	2	7.14%	2	1	48	37	0.98	1	1	15	11	0	2	A
III	619175	A	W	12	2	14.29%	2	1	36	25	0.98	1	1	2	10	2	0	T
III	623537	C	M	3	2	33.33%	2	1	37	37	0.98	1	1	2	1	0	2	A
III	656033	A	R	21	2	8.7%	2	2	47	37	0.98	1	1	11	10	1	1	G
III	656038	T	Y	21	2	8.7%	2	2	48	37	0.98	1	1	11	10	1	1	C
III	719971	G	T	0	10	100%	0	2	0	37	0.98	0	1	0	0	4	6	T
III	719976	G	A	0	10	100%	0	2	0	37	0.98	0	1	0	0	4	6	A
III	719978	G	A	0	10	100%	0	2	0	37	0.98	0	1	0	0	4	6	A
III	719979	A	T	0	10	100%	0	2	0	37	0.98	0	1	0	0	4	6	T
III	719981	G	T	0	10	100%	0	2	0	35	0.98	0	1	0	0	4	6	T
III	719985	G	T	0	10	100%	0	2	0	37	0.98	0	1	0	0	4	6	T
III	719987	G	T	0	10	100%	0	2	0	37	0.98	0	1	0	0	4	6	T
III	719988	A	T	0	10	100%	0	2	0	37	0.98	0	1	0	0	4	6	T
III	719990	G	T	0	10	100%	0	2	0	37	0.98	0	1	0	0	4	6	T
III	719991	A	T	0	10	100%	0	2	0	37	0.98	0	1	0	0	4	6	T
III	720001	C	T	0	16	100%	0	2	0	40	0.98	0	1	0	0	6	10	T
III	745532	T	Y	30	2	6.25%	2	2	47	31	0.98	1	1	19	11	1	1	C
III	751319	T	W	27	2	6.9%	2	1	49	37	0.98	1	1	15	12	0	2	A
III	760151	A	M	25	2	7.41%	2	1	45	27	0.98	1	1	14	11	0	2	C
III	762513	G	K	21	2	8.7%	2	1	44	27	0.98	1	1	17	4	0	2	T
III	795302	G	K	37	2	5.13%	2	1	48	27	0.98	1	1	10	27	2	0	T
III	816280	G	K	29	2	6.45%	2	1	41	33	0.98	1	1	12	17	2	0	T
III	816316	C	M	35	2	5.41%	2	1	44	27	0.98	1	1	16	19	2	0	A
III	836825	C	Y	30	2	6.25%	2	1	39	31	0.98	1	1	16	14	2	0	T
III	887248	A	W	30	2	6.25%	2	2	41	25	0.98	1	1	23	7	1	1	T
III	897872	T	W	24	2	7.69%	2	2	41	25	0.98	1	1	17	7	1	1	A
III	906684	A	W	34	2	5.56%	2	2	46	37	0.98	1	1	19	15	1	1	T
III	962376	C	Y	656	86	11.57%	2	2	52	55	0.98	1	1	317	339	39	47	T
III	962610	C	Y	294	17	5.47%	2	2	48	42	0.98	1	1	179	115	12	5	T
III	963322	G	R	144	24	14.29%	2	2	50	47	0.98	1	1	53	91	4	20	A
III	963343	A	G	14	132	90.41%	2	2	44	50	0.98	1	1	2	12	51	81	G
III	966171	C	M	37	3	7.5%	2	1	43	29	0.98	1	1	10	27	3	0	A
III	966218	C	M	48	3	5.88%	2	1	39	33	0.98	1	1	7	41	3	0	A
III	966536	A	W	40	3	6.98%	2	1	40	37	0.98	1	1	22	18	0	3	T
III	974199	A	M	33	2	5.71%	2	2	49	37	0.98	1	1	11	22	1	1	C
III	986463	A	R	11	2	15.38%	2	1	50	55	0.98	1	1	8	3	0	2	G
III	999217	G	K	38	2	5%	2	2	44	68	0.98	1	1	20	18	1	1	T
III	1003599	T	W	29	2	6.45%	2	1	46	31	0.98	1	1	17	12	2	0	A
III	1049829	A	M	31	2	6.06%	2	2	46	37	0.98	1	1	18	13	1	1	C
III	1055402	A	M	27	2	6.9%	2	2	53	37	0.98	1	1	13	14	1	1	C
III	1084110	A	R	23	2	7.69%	2	1	42	37	0.98	1	1	14	9	0	2	G
III	1084115	A	W	28	2	6.67%	2	1	42	37	0.98	1	1	20	8	0	2	T
III	1084116	A	R	29	2	6.45%	2	1	40	37	0.98	1	1	20	9	0	2	G
III	1084127	G	S	37	2	5.13%	2	1	44	37	0.98	1	1	23	14	0	2	C
III	1084128	A	W	37	2	5.13%	2	1	44	37	0.98	1	1	24	13	0	2	T
III	1084129	A	W	37	2	5.13%	2	1	43	37	0.98	1	1	24	13	0	2	T
III	1084286	G	K	94	29	23.58%	2	2	51	45	0.98	1	1	56	38	9	20	T
III	1114661	C	M	95	30	24%	2	2	49	56	0.98	1	1	43	52	15	15	A
III	1116926	A	M	26	3	10.34%	2	2	53	37	0.98	1	1	12	14	2	1	C
III	1117064	C	Y	10	2	16.67%	2	1	48	37	0.98	1	1	1	9	0	2	T
III	1121421	C	M	79	21	21%	2	2	51	58	0.98	1	1	32	47	16	5	A
III	1123686	A	M	34	2	5.56%	2	2	53	37	0.98	1	1	16	18	1	1	C
III	1128181	C	M	82	22	21.15%	2	2	43	48	0.98	1	1	29	53	9	13	A
III	1128340	C	M	38	2	5%	2	1	45	29	0.98	1	1	16	22	0	2	A
III	1128351	T	W	23	2	8%	2	1	44	31	0.98	1	1	7	16	0	2	A
III	1128352	T	W	23	2	8%	2	1	43	37	0.98	1	1	6	17	0	2	A
III	1128353	C	S	24	2	7.69%	2	1	43	37	0.98	1	1	7	17	0	2	G
III	1128364	T	Y	35	2	5.41%	2	1	46	37	0.98	1	1	12	23	0	2	C
III	1128365	T	W	34	2	5.56%	2	1	46	37	0.98	1	1	12	22	0	2	A
III	1128371	T	Y	36	2	5.26%	2	1	46	37	0.98	1	1	13	23	0	2	C
III	1130446	A	M	37	2	5.13%	2	1	55	37	0.98	1	1	13	24	0	2	C
III	1130584	C	Y	7	2	22.22%	2	1	58	37	0.98	1	1	4	3	0	2	T
III	1134941	C	M	87	36	29.27%	2	2	48	46	0.98	1	1	40	47	21	15	A
III	1135111	T	W	18	2	10%	2	1	47	37	0.98	1	1	8	10	2	0	A
III	1135112	T	W	18	2	10%	2	1	48	37	0.98	1	1	8	10	2	0	A
III	1135113	C	S	19	2	9.52%	2	1	48	37	0.98	1	1	9	10	2	0	G
III	1135124	T	Y	20	2	9.09%	2	1	43	37	0.98	1	1	11	9	2	0	C
III	1135125	T	W	19	2	9.52%	2	1	44	37	0.98	1	1	10	9	2	0	A
III	1135131	T	Y	22	3	12%	2	2	44	37	0.98	1	1	12	10	2	1	C
III	1137206	A	M	50	4	7.41%	2	2	46	46	0.98	1	1	34	16	1	3	C
III	1139180	G	R	30	2	6.25%	2	2	41	37	0.98	1	1	16	14	1	1	A
III	1139296	T	Y	33	2	5.71%	2	1	50	61	0.98	1	1	22	11	2	0	C
III	1144429	A	M	13	2	13.33%	2	2	44	55	0.98	1	1	2	11	1	1	C
III	1153601	A	M	44	3	6.38%	2	1	46	37	0.98	1	1	14	30	3	0	C
III	1168328	T	C	0	16	100%	0	2	0	40	0.98	0	1	0	0	11	5	C
III	1168363	G	R	4	11	73.33%	2	2	46	47	0.98	1	1	3	1	5	6	A
III	1225893	G	K	44	5	10.2%	2	1	46	29	0.98	1	1	15	29	5	0	T
III	1241747	T	Y	29	2	6.45%	2	1	45	37	0.98	1	1	16	13	0	2	C
III	1252503	G	K	27	2	6.9%	2	1	40	33	0.98	1	1	24	3	0	2	T
III	1252505	G	K	20	7	21.21%	2	1	37	34	0.98	1	1	19	1	0	7	T
III	1252534	A	W	37	2	5.13%	2	1	38	33	0.98	1	1	5	32	2	0	T
III	1259471	G	K	20	2	9.09%	2	1	43	37	0.98	1	1	14	6	0	2	T
III	1264848	G	K	33	2	5.71%	2	1	47	62	0.98	1	1	18	15	2	0	T
III	1270419	A	W	37	3	7.5%	2	2	49	70	0.98	1	1	17	20	1	2	T
III	1270622	A	M	33	2	5.71%	2	1	52	37	0.98	1	1	17	16	0	2	C
III	1289328	G	K	28	2	6.67%	2	2	41	31	0.98	1	1	7	21	1	1	T
III	1328679	A	M	26	2	7.14%	2	2	41	55	0.98	1	1	10	16	1	1	C
III	1338700	C	M	24	14	36.84%	2	2	49	42	0.98	1	1	15	9	11	3	A
III	1350077	C	M	34	2	5.56%	2	2	46	37	0.98	1	1	17	17	1	1	A
III	1355312	C	M	36	2	5.26%	2	2	47	37	0.98	1	1	25	11	1	1	A
III	1364065	G	S	38	2	5%	2	1	49	37	0.98	1	1	24	14	0	2	C
III	1374938	A	T	0	31	100%	0	2	0	42	0.98	0	1	0	0	22	9	T
III	1383203	T	K	32	2	5.88%	2	1	41	37	0.98	1	1	14	18	0	2	G
III	1392368	G	K	12	2	14.29%	2	1	52	25	0.98	1	1	7	5	0	2	T
III	1395394	G	K	2	3	60%	1	1	33	37	0.98	1	1	2	0	0	3	T
III	1395973	A	M	20	2	9.09%	2	1	37	55	0.98	1	1	17	3	0	2	C
III	1411409	A	W	30	2	6.25%	2	2	43	37	0.98	1	1	12	18	1	1	T
III	1431524	T	K	38	2	5%	2	1	51	37	0.98	1	1	17	21	2	0	G
III	1432012	T	K	12	2	14.29%	2	1	42	31	0.98	1	1	3	9	2	0	G
III	1438836	C	S	33	2	5.71%	2	1	46	37	0.98	1	1	15	18	2	0	G
III	1439790	A	M	14	2	12.5%	2	1	36	27	0.98	1	1	12	2	0	2	C
III	1440229	C	M	29	2	6.45%	2	1	47	27	0.98	1	1	18	11	0	2	A
III	1445514	T	K	32	3	8.57%	2	1	44	31	0.98	1	1	9	23	3	0	G
III	1457075	C	M	20	2	9.09%	2	1	43	25	0.98	1	1	16	4	0	2	A
III	1457124	C	M	16	2	11.11%	2	1	44	25	0.98	1	1	12	4	0	2	A
III	1457137	A	M	17	2	10.53%	2	1	42	31	0.98	1	1	11	6	0	2	C
III	1467990	C	M	20	2	9.09%	2	2	46	27	0.98	1	1	15	5	1	1	A
III	1471968	C	M	25	2	7.41%	2	1	45	25	0.98	1	1	19	6	0	2	A
III	1473533	C	M	23	2	8%	2	1	46	25	0.98	1	1	8	15	0	2	A
III	1480677	A	W	18	2	10%	2	1	45	25	0.98	1	1	12	6	0	2	T
III	1480684	G	K	22	2	8.33%	2	1	41	27	0.98	1	1	13	9	0	2	T
III	1483662	C	Y	37	3	7.5%	2	2	45	74	0.98	1	1	20	17	1	2	T
III	1483666	A	R	38	3	7.32%	2	2	45	74	0.98	1	1	20	18	1	2	G
III	1493950	A	R	133	46	25.7%	2	2	45	52	0.98	1	1	40	93	30	16	G
III	1494129	T	K	173	46	21%	2	2	46	47	0.98	1	1	84	89	13	33	G
III	1494164	A	R	98	45	31.25%	2	2	47	49	0.98	1	1	41	57	8	37	G
III	1494181	A	W	99	42	29.79%	2	2	47	48	0.98	1	1	41	58	7	35	T
III	1494187	T	W	105	33	23.91%	2	2	46	47	0.98	1	1	38	67	5	28	A
III	1494192	G	R	102	20	16.39%	2	2	44	51	0.98	1	1	40	62	4	16	A
III	1494282	G	R	97	116	54.46%	2	2	46	37	0.98	1	1	36	61	42	74	A
III	1494303	G	R	96	64	40%	2	2	48	38	0.98	1	1	37	59	17	47	A
III	1494306	A	W	92	64	41.03%	2	2	47	38	0.98	1	1	37	55	18	46	T
III	1494312	A	R	93	63	40.38%	2	2	49	38	0.98	1	1	37	56	17	46	G
III	1494315	A	R	94	65	40.88%	2	2	49	39	0.98	1	1	39	55	18	47	G
III	1494318	A	R	98	62	38.75%	2	2	48	39	0.98	1	1	43	55	16	46	G
III	1494327	T	K	91	47	34.06%	2	2	48	39	0.98	1	1	43	48	10	37	G
III	1499389	C	Y	81	13	13.83%	2	2	46	49	0.98	1	1	44	37	4	9	T
III	1499390	A	W	79	13	14.13%	2	2	47	50	0.98	1	1	44	35	4	9	T
III	1509712	T	W	24	2	7.69%	2	1	46	30	0.98	1	1	15	9	0	2	A
III	1510626	G	K	17	3	15%	2	1	42	30	0.98	1	1	12	5	0	3	T
III	1550654	A	R	36	2	5.26%	2	2	48	74	0.98	1	1	12	24	1	1	G
III	1559653	C	M	17	3	15%	2	1	36	31	0.98	1	1	4	13	3	0	A
III	1567228	T	Y	34	2	5.56%	2	2	43	37	0.98	1	1	11	23	1	1	C
III	1572778	C	M	38	2	5%	2	2	42	31	0.98	1	1	26	12	1	1	A
III	1574913	A	R	194	18	8.45%	2	2	51	58	0.98	1	1	76	118	5	13	G
III	1604746	T	K	32	3	8.57%	2	2	50	49	0.98	1	1	16	16	2	1	G
III	1607690	A	R	34	2	5.56%	2	1	47	31	0.98	1	1	19	15	2	0	G
III	1609707	C	M	34	2	5.56%	2	1	40	37	0.98	1	1	21	13	0	2	A
III	1609740	C	M	29	2	6.45%	2	1	41	31	0.98	1	1	22	7	0	2	A
III	1637638	G	K	38	4	9.52%	2	2	46	34	0.98	1	1	15	23	2	2	T
III	1647348	T	W	17	2	10.53%	2	1	41	22	0.98	1	1	7	10	2	0	A
III	1649192	A	M	12	6	33.33%	2	1	50	29	0.98	1	1	9	3	0	6	C
III	1650171	G	K	34	4	10.53%	2	2	48	55	0.98	1	1	13	21	3	1	T
III	1688605	T	W	35	2	5.41%	2	1	44	25	0.98	1	1	20	15	2	0	A
III	1698426	A	R	12	28	70%	2	2	47	50	0.98	1	1	4	8	13	15	G
III	1713002	C	M	16	2	11.11%	2	1	53	37	0.98	1	1	11	5	2	0	A
III	1717329	T	K	10	4	28.57%	2	1	42	28	0.98	1	1	3	7	4	0	G
III	1717339	G	K	9	3	25%	2	1	36	30	0.98	1	1	1	8	3	0	T
III	1724744	G	R	43	3	6.52%	2	1	49	37	0.98	1	1	25	18	3	0	A
III	1760149	G	S	46	4	8%	2	2	50	37	0.98	1	1	18	28	2	2	C
III	1762063	T	Y	35	2	5.41%	2	1	43	55	0.98	1	1	12	23	0	2	C
III	1765401	G	T	0	65	100%	0	2	0	49	0.98	0	1	0	0	35	30	T
III	1771588	A	W	27	2	6.9%	2	1	47	33	0.98	1	1	10	17	0	2	T
III	1774235	T	Y	5	2	6.67%	2	2	51	55	0.98	1	1	3	2	1	1	C
III	1805375	G	K	34	2	5.56%	2	1	43	37	0.98	1	1	19	15	2	0	T
III	1811070	A	W	31	2	6.06%	2	1	37	31	0.98	1	1	25	6	0	2	T
III	1821969	C	M	13	3	18.75%	2	1	39	26	0.98	1	1	4	9	3	0	A
III	1829293	C	S	35	2	5.41%	2	1	46	37	0.98	1	1	11	24	0	2	G
III	1829752	G	K	31	2	6.06%	2	2	45	37	0.98	1	1	14	17	1	1	T
III	1834027	G	K	39	4	9.3%	2	1	36	28	0.98	1	1	2	37	4	0	T
III	1852323	A	W	35	2	5.41%	2	2	42	31	0.98	1	1	26	9	1	1	T
III	1868318	G	K	15	2	11.76%	2	1	45	27	0.98	1	1	6	9	2	0	T
III	1868358	G	K	18	3	14.29%	2	1	36	29	0.98	1	1	4	14	3	0	T
III	1868384	G	K	21	3	12.5%	2	1	40	26	0.98	1	1	8	13	3	0	T
III	1894020	C	Y	25	3	10.71%	2	2	39	37	0.98	1	1	14	11	2	1	T
III	1898730	G	K	23	2	8%	2	2	44	31	0.98	1	1	7	16	1	1	T
III	1901520	G	K	21	2	8.7%	2	1	41	31	0.98	1	1	8	13	2	0	T
III	1901546	G	K	20	2	9.09%	2	1	40	25	0.98	1	1	3	17	2	0	T
III	1901549	T	K	25	3	10.71%	2	1	38	29	0.98	1	1	7	18	3	0	G
III	1939767	T	W	42	6	12.5%	2	2	50	35	0.98	1	1	21	21	3	3	A
III	1953169	A	W	33	2	5.71%	2	1	53	31	0.98	1	1	18	15	0	2	T
III	1953233	C	M	21	2	8.7%	2	1	42	25	0.98	1	1	13	8	0	2	A
III	1953260	C	M	26	2	7.14%	2	1	40	55	0.98	1	1	8	18	0	2	A
III	1953262	G	K	15	3	16.67%	2	1	51	25	0.98	1	1	7	8	0	3	T
III	1973974	G	S	38	2	5%	2	2	50	37	0.98	1	1	22	16	1	1	C
III	1996285	T	Y	38	2	5%	2	2	48	55	0.98	1	1	21	17	1	1	C
III	2013805	T	K	31	3	8.82%	2	1	44	26	0.98	1	1	10	21	3	0	G
III	2013813	C	M	29	4	12.12%	2	1	44	27	0.98	1	1	8	21	4	0	A
III	2013885	T	W	39	3	7.14%	2	1	39	29	0.98	1	1	13	26	3	0	A
III	2034577	C	Y	27	2	6.9%	2	2	42	37	0.98	1	1	16	11	1	1	T
III	2044489	G	K	34	3	8.11%	2	1	53	33	0.98	1	1	17	17	3	0	T
III	2049819	A	W	26	2	7.14%	2	1	42	25	0.98	1	1	13	13	0	2	T
III	2051289	T	Y	30	2	6.25%	2	1	48	37	0.98	1	1	12	18	0	2	C
III	2079100	C	M	31	2	6.06%	2	1	45	29	0.98	1	1	17	14	2	0	A
III	2082856	T	W	50	4	7.41%	2	2	45	37	0.98	1	1	29	21	2	2	A
III	2100622	C	Y	40	3	6.98%	2	2	48	49	0.98	1	1	13	27	2	1	T
III	2108906	A	W	28	2	6.67%	2	1	43	31	0.98	1	1	6	22	0	2	T
III	2125250	T	Y	24	2	7.69%	2	1	40	37	0.98	1	1	7	17	0	2	C
III	2132694	C	M	32	2	5.88%	2	2	43	37	0.98	1	1	16	16	1	1	A
III	2137464	C	M	34	2	5.56%	2	1	45	31	0.98	1	1	6	28	2	0	A
III	2173363	T	Y	31	2	6.06%	2	1	43	55	0.98	1	1	13	18	0	2	C
III	2193124	T	K	22	2	8.33%	2	2	45	25	0.98	1	1	15	7	1	1	G
III	2201482	G	K	36	3	7.69%	2	2	46	26	0.98	1	1	15	21	2	1	T
III	2202541	C	M	36	2	5.26%	2	1	41	27	0.98	1	1	33	3	0	2	A
III	2222132	A	M	26	2	7.14%	1	1	39	29	0.98	1	1	26	0	0	2	C
III	2231791	G	K	30	2	6.25%	2	2	46	37	0.98	1	1	18	12	1	1	T
III	2245400	G	K	14	2	12.5%	2	1	36	25	0.98	1	1	1	13	2	0	T
III	2256364	A	M	10	12	54.55%	2	2	43	49	0.98	1	1	5	5	8	4	C
III	2257004	T	Y	15	2	11.76%	2	1	43	31	0.98	1	1	9	6	0	2	C
III	2281628	T	Y	25	2	7.41%	2	2	49	55	0.98	1	1	16	9	1	1	C
III	2281753	A	W	24	2	7.69%	2	2	49	37	0.98	1	1	10	14	1	1	T
III	2284943	C	Y	33	2	5.71%	2	2	52	37	0.98	1	1	14	19	1	1	T
III	2287903	A	M	24	3	11.11%	2	1	41	33	0.98	1	1	14	10	0	3	C
III	2295869	T	Y	29	2	6.45%	2	2	41	37	0.98	1	1	19	10	1	1	C
III	2308732	C	M	14	2	12.5%	2	1	41	37	0.98	1	1	8	6	2	0	A
III	2308734	C	M	15	2	11.76%	2	1	41	37	0.98	1	1	8	7	2	0	A
III	2379431	C	M	38	2	5%	2	1	49	25	0.98	1	1	13	25	0	2	A
III	2381979	G	T	0	13	100%	0	2	0	45	0.98	0	1	0	0	12	1	T
III	2386603	T	W	28	2	6.67%	2	2	42	37	0.98	1	1	18	10	1	1	A
III	2416143	T	Y	30	2	6.25%	2	1	47	49	0.98	1	1	18	12	2	0	C
III	2430964	A	R	18	2	10%	2	2	39	37	0.98	1	1	8	10	1	1	G
III	2430999	C	Y	18	2	10%	2	1	42	33	0.98	1	1	6	12	0	2	T
III	2431133	G	K	31	5	13.89%	2	1	48	44	0.98	1	1	8	23	5	0	T
III	2431152	T	K	31	3	8.82%	2	1	50	37	0.98	1	1	11	20	3	0	G
III	2431168	T	Y	35	2	5.41%	2	1	49	74	0.98	1	1	15	20	2	0	C
III	2431172	A	R	36	2	5.26%	2	1	49	74	0.98	1	1	16	20	2	0	G
III	2433827	C	M	38	2	5%	2	1	46	27	0.98	1	1	8	30	2	0	A
III	2434958	G	K	27	2	6.9%	2	1	46	68	0.98	1	1	7	20	0	2	T
III	2434963	A	R	25	2	7.41%	2	1	46	74	0.98	1	1	7	18	0	2	G
III	2434981	T	Y	30	2	6.25%	2	1	50	74	0.98	1	1	10	20	0	2	C
III	2435063	C	M	25	5	16.67%	2	2	52	49	0.98	1	1	11	14	2	3	A
III	2435137	C	Y	20	2	9.09%	2	1	53	37	0.98	1	1	11	9	2	0	T
III	2447413	T	K	1551	189	10.86%	2	1	38	30	0.98	1	1	174	1377	189	0	G
III	2448310	A	W	117	9	7.14%	2	2	37	35	0.98	1	1	91	26	1	8	T
