Chrom	Position	Ref	Cons	Reads1	Reads2	VarFreq	Strands1	Strands2	Qual1	Qual2	Pvalue	MapQual1	MapQual2	Reads1Plus	Reads1Minus	Reads2Plus	Reads2Minus	VarAllele
chr_II_telomeric_gap	4751	A	M	12	3	20%	2	1	41	30	0.98	1	1	9	3	0	3	C
chr_II_telomeric_gap	4787	G	A	0	27	100%	0	2	0	45	0.98	0	1	0	0	10	17	A
chr_II_telomeric_gap	8648	G	K	23	3	11.54%	2	2	39	29	0.98	1	1	12	11	2	1	T
I	224	G	R	79	10	11.24%	2	2	49	51	0.98	1	1	43	36	7	3	A
I	459	C	M	56	65	53.72%	2	2	49	43	0.98	1	1	20	36	31	34	A
I	783	T	Y	68	57	45.6%	2	2	43	42	0.98	1	1	37	31	26	31	C
I	798	G	R	91	44	32.59%	2	2	44	40	0.98	1	1	54	37	19	25	A
I	955	C	Y	86	49	36.3%	2	2	44	47	0.98	1	1	36	50	24	25	T
I	1055	T	Y	148	12	7.5%	2	2	50	35	0.98	1	1	50	98	5	7	C
I	1133	A	R	86	64	42.67%	2	2	44	43	0.98	1	1	31	55	16	48	G
I	1455	C	Y	55	34	38.2%	2	2	45	44	0.98	1	1	24	31	16	18	T
I	1514	C	S	49	37	43.02%	2	2	44	42	0.98	1	1	17	32	17	20	G
I	1750	G	R	61	14	18.67%	2	2	48	46	0.98	1	1	34	27	7	7	A
I	2224	C	Y	46	9	16.36%	2	2	45	41	0.98	1	1	23	23	6	3	T
I	2582	T	Y	53	31	36.9%	2	2	49	54	0.98	1	1	29	24	18	13	C
I	3431	A	R	85	52	37.96%	2	2	50	49	0.98	1	1	46	39	22	30	G
I	4666	G	R	35	18	33.96%	2	2	40	41	0.98	1	1	15	20	10	8	A
I	4668	C	S	45	12	21.05%	2	2	45	41	0.98	1	1	25	20	4	8	G
I	4695	G	K	51	3	5.56%	2	1	39	30	0.98	1	1	16	35	3	0	T
I	6583	G	R	32	6	15.79%	2	2	44	43	0.98	1	1	21	11	2	4	A
I	6727	G	R	21	9	30%	2	2	41	35	0.98	1	1	8	13	3	6	A
I	7192	C	M	37	8	14.55%	2	1	45	31	0.98	1	1	28	9	0	8	A
I	8666	G	R	24	17	41.46%	2	2	44	45	0.98	1	1	11	13	9	8	A
I	10913	G	R	17	12	41.38%	2	2	37	40	0.98	1	1	8	9	6	6	A
I	17297	A	M	52	5	8.77%	2	2	41	66	0.98	1	1	23	29	3	2	C
I	18099	A	R	76	21	21.65%	2	2	50	42	0.98	1	1	40	36	17	4	G
I	18140	T	Y	104	10	8.77%	2	2	50	48	0.98	1	1	70	34	7	3	C
I	18218	G	R	107	13	10.83%	2	2	56	36	0.98	1	1	67	40	12	1	A
I	18318	G	R	85	32	27.35%	2	2	44	48	0.98	1	1	39	46	24	8	A
I	18475	C	Y	75	51	40.48%	2	2	48	49	0.98	1	1	20	55	12	39	T
I	18752	C	M	23	2	8%	2	1	43	25	0.98	1	1	7	16	2	0	A
I	19174	A	R	53	3	5.36%	2	2	45	61	0.98	1	1	16	37	2	1	G
I	24620	A	W	103	6	5.5%	2	2	50	55	0.98	1	1	34	69	3	3	T
I	24642	C	S	96	6	5.88%	2	2	50	55	0.98	1	1	38	58	3	3	G
I	28424	C	S	67	5	6.94%	2	2	47	59	0.98	1	1	27	40	2	3	G
I	28446	A	W	59	5	7.81%	2	2	49	51	0.98	1	1	31	28	2	3	T
I	29359	T	W	40	8	16.67%	2	2	49	41	0.98	1	1	20	20	3	5	A
I	29373	T	Y	36	6	13.64%	2	2	50	42	0.98	1	1	15	21	2	4	C
I	29454	A	M	31	2	6.06%	2	1	62	29	0.98	1	1	11	20	0	2	C
I	30999	A	W	11	2	15.38%	2	1	47	68	0.98	1	1	4	7	0	2	T
I	55299	G	K	35	2	5.41%	2	1	38	33	0.98	1	1	14	21	2	0	T
I	57970	C	M	17	2	10.53%	2	1	48	27	0.98	1	1	7	10	0	2	A
I	60456	T	K	22	2	8.33%	2	1	43	25	0.98	1	1	10	12	0	2	G
I	86013	A	M	17	2	10.53%	2	1	41	37	0.98	1	1	7	10	0	2	C
I	96157	G	R	35	5	12.5%	2	1	45	37	0.98	1	1	25	10	0	5	A
I	98629	A	M	45	4	8.16%	2	1	42	37	0.98	1	1	30	15	4	0	C
I	98632	C	Y	45	4	8.16%	2	1	42	37	0.98	1	1	30	15	4	0	T
I	98639	A	W	57	4	6.56%	2	1	43	46	0.98	1	1	42	15	4	0	T
I	99066	G	R	135	12	8.16%	2	2	54	52	0.98	1	1	61	74	6	6	A
I	99204	A	W	85	11	11.46%	2	2	44	40	0.98	1	1	32	53	1	10	T
I	99211	A	R	74	5	6.33%	2	1	44	37	0.98	1	1	34	40	0	5	G
I	99214	G	K	66	5	7.04%	2	1	45	37	0.98	1	1	29	37	0	5	T
I	101871	A	R	0	2	5.13%	0	2	0	33	0.98	0	1	0	0	1	1	G
I	104015	T	W	34	2	5.56%	2	1	51	55	0.98	1	1	16	18	2	0	A
I	124021	T	K	36	2	5.26%	2	1	42	31	0.98	1	1	11	25	2	0	G
I	149051	T	K	49	5	9.26%	2	2	46	56	0.98	1	1	19	30	4	1	G
I	169817	A	M	13	2	13.33%	2	1	42	33	0.98	1	1	10	3	0	2	C
I	172930	G	K	29	2	6.45%	2	1	48	31	0.98	1	1	18	11	0	2	T
I	180886	C	M	20	2	9.09%	2	1	40	74	0.98	1	1	15	5	2	0	A
I	183771	G	S	31	2	6.06%	2	2	50	49	0.98	1	1	17	14	1	1	C
I	190112	C	M	7	3	21.43%	2	1	38	33	0.98	1	1	6	1	0	3	A
I	191866	C	M	14	3	17.65%	2	1	37	28	0.98	1	1	13	1	0	3	A
I	204404	A	W	28	2	6.67%	2	2	49	37	0.98	1	1	20	8	1	1	T
I	218532	A	R	18	2	10%	2	1	43	49	0.98	1	1	5	13	2	0	G
I	220354	G	R	37	2	5.13%	2	1	45	37	0.98	1	1	11	26	0	2	A
I	229842	T	W	23	2	8%	2	2	48	37	0.98	1	1	13	10	1	1	A
I	241918	A	W	23	2	8%	2	2	44	37	0.98	1	1	9	14	1	1	T
I	287313	G	R	27	2	6.9%	2	1	39	37	0.98	1	1	17	10	2	0	A
I	292013	A	W	62	4	6.06%	2	2	44	37	0.98	1	1	31	31	2	2	T
I	305697	C	M	37	2	5.13%	2	1	48	31	0.98	1	1	22	15	0	2	A
I	315684	G	R	24	2	7.69%	2	1	41	37	0.98	1	1	12	12	0	2	A
I	322278	C	S	26	2	7.14%	2	1	49	37	0.98	1	1	15	11	0	2	G
I	323195	T	Y	35	2	5.41%	2	2	42	62	0.98	1	1	17	18	1	1	C
I	335159	T	W	25	4	13.79%	2	1	47	46	0.98	1	1	15	10	0	4	A
I	351983	T	W	19	2	9.52%	2	1	51	74	0.98	1	1	13	6	0	2	A
I	392666	C	Y	31	2	6.06%	2	1	45	37	0.98	1	1	20	11	2	0	T
I	396536	T	K	30	2	6.25%	2	1	44	37	0.98	1	1	16	14	2	0	G
I	397726	T	Y	24	4	14.29%	2	2	43	34	0.98	1	1	16	8	2	2	C
I	411380	C	M	27	3	10%	2	1	44	25	0.98	1	1	9	18	3	0	A
I	422906	T	Y	24	4	14.29%	2	2	52	34	0.98	1	1	10	14	2	2	C
I	437553	C	M	16	2	11.11%	2	1	47	33	0.98	1	1	9	7	0	2	A
I	441581	G	K	25	2	7.41%	2	2	40	21	0.98	1	1	21	4	1	1	T
I	470379	C	A	0	2	100%	0	1	0	37	0.98	0	1	0	0	0	2	A
I	473353	G	K	18	2	10%	2	1	38	25	0.98	1	1	12	6	0	2	T
I	473397	G	K	16	2	11.11%	2	1	35	33	0.98	1	1	11	5	0	2	T
I	473427	G	K	6	4	28.57%	2	1	39	32	0.98	1	1	5	1	0	4	+T
I	481171	A	M	27	2	6.9%	2	1	53	25	0.98	1	1	16	11	0	2	C
I	489590	A	W	16	2	11.11%	2	2	45	37	0.98	1	1	8	8	1	1	T
I	521778	G	K	27	2	6.9%	2	1	44	25	0.98	1	1	14	13	0	2	T
I	523603	G	A	0	47	100%	0	2	0	47	0.98	0	1	0	0	29	18	A
I	523883	G	A	0	37	100%	0	2	0	41	0.98	0	1	0	0	18	19	A
I	527156	C	A	0	37	100%	0	2	0	45	0.98	0	1	0	0	24	13	A
I	553923	T	W	19	4	17.39%	2	2	46	34	0.98	1	1	10	9	2	2	A
I	570189	T	W	33	2	5.71%	2	2	46	37	0.98	1	1	12	21	1	1	A
I	607105	A	R	17	2	10.53%	2	2	41	37	0.98	1	1	5	12	1	1	G
I	618360	G	K	38	2	5%	2	2	42	31	0.98	1	1	15	23	1	1	T
I	642190	A	R	26	2	7.14%	2	1	50	74	0.98	1	1	12	14	0	2	G
I	660055	A	M	21	2	8.7%	2	1	43	27	0.98	1	1	17	4	0	2	C
I	678073	C	Y	25	2	7.41%	2	1	48	37	0.98	1	1	20	5	0	2	T
I	679442	G	K	19	2	9.52%	2	1	39	27	0.98	1	1	14	5	0	2	T
I	679462	C	M	14	2	12.5%	2	1	37	27	0.98	1	1	12	2	0	2	A
I	685516	G	K	27	2	6.9%	2	1	49	25	0.98	1	1	10	17	2	0	T
I	701502	T	K	32	2	5.88%	2	1	45	31	0.98	1	1	12	20	2	0	G
I	702248	T	K	29	2	6.45%	2	1	46	37	0.98	1	1	8	21	2	0	G
I	706098	T	Y	30	2	6.25%	2	2	51	37	0.98	1	1	13	17	1	1	C
I	716397	A	M	32	2	5.88%	2	1	43	55	0.98	1	1	23	9	0	2	C
I	729638	T	Y	31	2	6.06%	2	2	44	37	0.98	1	1	19	12	1	1	C
I	738817	C	Y	17	4	19.05%	2	2	47	37	0.98	1	1	6	11	2	2	T
I	759334	G	T	0	15	100%	0	2	0	36	0.98	0	1	0	0	2	13	T
I	777701	T	Y	30	2	6.25%	2	1	44	37	0.98	1	1	19	11	0	2	C
I	804925	A	R	25	4	13.79%	2	2	54	37	0.98	1	1	15	10	2	2	G
I	813204	G	K	16	2	11.11%	2	1	44	25	0.98	1	1	6	10	2	0	T
I	831943	T	W	8	3	27.27%	2	1	35	30	0.98	1	1	2	6	3	0	A
I	831966	G	K	9	2	18.18%	2	1	39	27	0.98	1	1	3	6	2	0	T
I	850827	C	M	37	2	5.13%	2	1	41	22	0.98	1	1	17	20	2	0	A
I	862964	G	T	0	19	100%	0	2	0	48	0.98	0	1	0	0	12	7	T
I	874425	G	K	17	2	10.53%	2	1	49	25	0.98	1	1	13	4	0	2	T
I	879153	T	K	26	2	7.14%	2	1	41	74	0.98	1	1	18	8	0	2	G
I	914996	G	K	30	2	6.25%	2	2	45	49	0.98	1	1	12	18	1	1	T
I	921386	T	Y	24	2	7.69%	2	2	45	37	0.98	1	1	9	15	1	1	C
I	921391	T	W	25	2	7.41%	2	2	46	37	0.98	1	1	9	16	1	1	A
I	923632	T	W	24	2	7.69%	2	1	50	25	0.98	1	1	12	12	2	0	A
I	934402	T	K	33	2	5.71%	2	1	42	27	0.98	1	1	16	17	0	2	G
I	947384	C	M	35	2	5.41%	2	1	48	31	0.98	1	1	19	16	0	2	A
I	949545	T	K	14	6	30%	2	1	45	33	0.98	1	1	2	12	6	0	G
I	949553	G	K	19	2	9.52%	2	1	44	31	0.98	1	1	7	12	2	0	T
I	949558	G	K	17	2	10.53%	2	1	45	31	0.98	1	1	4	13	2	0	T
I	949565	A	W	19	3	13.64%	2	1	41	26	0.98	1	1	4	15	3	0	T
I	960106	C	M	20	2	9.09%	2	1	42	25	0.98	1	1	5	15	2	0	A
I	965367	C	M	12	2	14.29%	2	1	46	27	0.98	1	1	7	5	0	2	A
I	981631	T	W	57	8	12.31%	2	2	47	52	0.98	1	1	12	45	7	1	A
I	1006292	A	M	33	2	5.71%	2	1	46	25	0.98	1	1	12	21	0	2	C
I	1008723	G	R	29	2	6.45%	2	1	44	37	0.98	1	1	13	16	0	2	A
I	1025161	C	Y	20	6	23.08%	2	2	39	35	0.98	1	1	13	7	3	3	T
I	1027635	T	W	18	3	13.04%	1	1	35	34	0.98	1	1	18	0	0	3	A
I	1038404	C	M	44	5	10.2%	2	1	50	37	0.98	1	1	23	21	0	5	A
I	1048647	T	W	12	2	14.29%	2	1	49	37	0.98	1	1	4	8	2	0	A
I	1072254	A	M	26	2	7.14%	2	1	41	31	0.98	1	1	15	11	0	2	C
I	1081931	A	R	34	4	10.53%	2	2	49	37	0.98	1	1	17	17	2	2	G
I	1090484	A	M	38	2	5%	2	1	46	37	0.98	1	1	21	17	2	0	C
I	1090489	G	R	36	2	5.26%	2	1	47	37	0.98	1	1	21	15	2	0	A
I	1090882	G	K	22	2	8.33%	2	1	42	25	0.98	1	1	13	9	2	0	T
I	1091338	G	K	25	2	7.41%	2	1	40	37	0.98	1	1	15	10	2	0	T
I	1117222	A	W	19	2	9.52%	2	1	41	51	0.98	1	1	13	6	0	2	T
I	1117242	A	M	20	3	13.04%	2	1	44	29	0.98	1	1	17	3	0	3	C
I	1149121	A	M	32	2	5.88%	2	2	45	25	0.98	1	1	16	16	1	1	C
I	1150095	C	M	22	4	15.38%	2	1	44	34	0.98	1	1	12	10	0	4	A
I	1150815	T	K	19	2	9.52%	2	1	45	25	0.98	1	1	10	9	2	0	G
I	1150826	C	M	16	2	11.11%	2	1	49	31	0.98	1	1	8	8	2	0	A
I	1152157	G	K	37	2	5.13%	2	2	43	21	0.98	1	1	14	23	1	1	T
I	1183504	C	M	32	2	5.88%	2	2	45	37	0.98	1	1	15	17	1	1	A
I	1208695	T	Y	33	2	5.71%	2	1	52	31	0.98	1	1	17	16	0	2	C
I	1257701	T	Y	25	2	7.41%	2	1	48	31	0.98	1	1	13	12	0	2	C
I	1274157	T	Y	26	2	7.14%	2	2	49	37	0.98	1	1	17	9	1	1	C
I	1280389	T	K	32	2	5.88%	2	2	47	37	0.98	1	1	19	13	1	1	G
I	1311558	T	K	26	2	7.14%	2	1	41	25	0.98	1	1	15	11	2	0	G
I	1321617	C	M	25	2	7.41%	2	1	43	29	0.98	1	1	6	19	2	0	A
I	1321624	C	M	20	2	9.09%	2	2	43	33	0.98	1	1	6	14	1	1	A
I	1340683	T	K	20	2	9.09%	2	1	38	25	0.98	1	1	9	11	2	0	G
I	1352568	T	Y	13	2	13.33%	2	1	37	37	0.98	1	1	8	5	2	0	C
I	1372814	T	Y	33	2	5.71%	2	2	50	37	0.98	1	1	19	14	1	1	C
I	1380094	A	W	26	2	7.14%	2	1	43	25	0.98	1	1	13	13	0	2	T
I	1380119	G	K	24	3	11.11%	2	1	43	30	0.98	1	1	19	5	0	3	T
I	1380126	A	M	26	3	10.34%	2	1	39	33	0.98	1	1	16	10	0	3	C
I	1381430	G	K	31	2	6.06%	2	1	39	25	0.98	1	1	23	8	0	2	T
I	1393835	G	K	8	4	33.33%	2	1	38	32	0.98	1	1	1	7	4	0	T
I	1410509	C	M	38	2	5%	2	1	45	25	0.98	1	1	17	21	2	0	A
I	1424709	A	C	0	3	100%	0	2	0	37	0.98	0	1	0	0	2	1	C
I	1428177	G	S	22	2	8.33%	2	1	38	37	0.98	1	1	7	15	0	2	C
I	1476336	G	K	22	2	8.33%	2	1	45	23	0.98	1	1	11	11	2	0	T
I	1477787	T	W	37	2	5.13%	2	1	53	31	0.98	1	1	17	20	2	0	A
I	1487564	G	K	14	3	17.65%	2	1	44	61	0.98	1	1	9	5	0	3	T
I	1491145	T	W	21	3	12.5%	2	2	43	74	0.98	1	1	14	7	2	1	A
I	1492893	A	M	20	2	9.09%	2	1	42	37	0.98	1	1	12	8	2	0	C
I	1494970	G	K	17	2	10.53%	2	1	42	31	0.98	1	1	6	11	2	0	T
I	1521417	A	R	37	2	5.13%	2	1	43	74	0.98	1	1	13	24	0	2	G
I	1535072	T	W	21	2	8.7%	2	1	38	25	0.98	1	1	4	17	2	0	A
I	1535089	T	W	18	3	14.29%	2	1	40	33	0.98	1	1	3	15	3	0	A
I	1535115	G	K	23	2	8%	2	1	43	31	0.98	1	1	5	18	2	0	T
I	1535332	G	K	28	2	6.67%	2	1	41	27	0.98	1	1	22	6	0	2	T
I	1539572	A	M	6	3	30%	2	1	37	25	0.98	1	1	5	1	0	3	C
I	1545074	T	K	14	2	12.5%	2	1	36	31	0.98	1	1	2	12	2	0	G
I	1545171	C	Y	22	3	12%	2	1	42	37	0.98	1	1	9	13	3	0	T
I	1578156	T	W	18	2	10%	2	1	47	27	0.98	1	1	10	8	2	0	A
I	1578188	G	K	21	2	8.7%	2	1	42	25	0.98	1	1	8	13	2	0	T
I	1591203	A	R	29	2	6.45%	2	2	54	42	0.98	1	1	9	20	1	1	G
I	1597656	C	Y	26	2	7.14%	2	2	47	55	0.98	1	1	10	16	1	1	T
I	1597832	A	W	27	2	6.9%	2	2	50	74	0.98	1	1	8	19	1	1	T
I	1627570	T	W	26	2	7.14%	2	2	48	37	0.98	1	1	15	11	1	1	A
I	1635000	A	R	30	3	9.09%	2	1	44	37	0.98	1	1	19	11	0	3	G
I	1649749	C	M	12	2	14.29%	2	1	40	25	0.98	1	1	1	11	2	0	A
I	1666906	C	M	12	2	14.29%	2	2	37	31	0.98	1	1	3	9	1	1	A
I	1667143	T	W	12	2	14.29%	2	1	35	28	0.98	1	1	7	5	2	0	A
I	1667166	G	S	20	2	9.09%	2	1	42	31	0.98	1	1	12	8	2	0	C
I	1669966	T	K	28	2	6.67%	2	1	41	25	0.98	1	1	17	11	2	0	G
I	1674632	G	R	26	2	7.14%	2	2	47	37	0.98	1	1	17	9	1	1	A
I	1715738	A	M	45	4	8.16%	2	2	49	37	0.98	1	1	28	17	2	2	C
I	1732168	G	K	24	2	7.69%	2	1	40	25	0.98	1	1	6	18	2	0	T
I	1741629	A	W	39	3	7.14%	2	1	37	37	0.98	1	1	14	25	3	0	T
I	1748115	C	M	31	2	6.06%	2	1	47	31	0.98	1	1	23	8	2	0	A
I	1762256	A	M	25	2	7.41%	2	2	47	37	0.98	1	1	15	10	1	1	C
I	1783458	C	T	0	40	100%	0	2	0	43	0.98	0	1	0	0	27	13	T
I	1789108	G	T	0	22	100%	0	2	0	42	0.98	0	1	0	0	8	14	T
I	1796477	T	Y	18	2	10%	2	2	45	37	0.98	1	1	7	11	1	1	C
I	1812890	A	W	20	2	9.09%	2	1	37	29	0.98	1	1	9	11	0	2	T
I	1812922	C	M	22	3	12%	2	1	40	29	0.98	1	1	14	8	0	3	A
I	1829368	C	M	15	2	11.76%	2	1	45	31	0.98	1	1	10	5	0	2	A
I	1830170	C	Y	28	3	9.68%	2	1	46	37	0.98	1	1	19	9	3	0	T
I	1834120	C	M	15	2	11.76%	2	1	38	33	0.98	1	1	13	2	0	2	A
I	1834141	C	M	14	2	12.5%	2	1	36	31	0.98	1	1	13	1	0	2	A
I	1834158	A	W	8	3	27.27%	2	1	36	29	0.98	1	1	5	3	0	3	T
I	1834160	G	K	7	8	53.33%	2	1	31	28	0.98	1	1	6	1	0	8	T
I	1834174	A	M	9	2	18.18%	2	1	34	25	0.98	1	1	4	5	0	2	C
I	1834456	C	M	30	2	6.25%	2	1	41	25	0.98	1	1	25	5	0	2	A
I	1835490	C	S	35	2	5.41%	2	2	44	55	0.98	1	1	15	20	1	1	G
I	1839864	G	K	35	2	5.41%	2	1	42	37	0.98	1	1	10	25	2	0	T
I	1842792	A	M	27	2	6.9%	2	2	48	31	0.98	1	1	9	18	1	1	C
I	1853222	T	Y	37	2	5.13%	2	2	46	74	0.98	1	1	18	19	1	1	C
I	1855448	A	M	20	2	9.09%	2	1	41	25	0.98	1	1	11	9	2	0	C
I	1860886	A	M	26	3	10.34%	2	1	38	27	0.98	1	1	25	1	0	3	C
I	1883485	A	M	19	2	9.09%	2	2	37	74	0.98	1	1	9	10	1	1	C
I	1885519	A	R	37	2	5.13%	2	2	45	55	0.98	1	1	11	26	1	1	G
I	1885929	T	K	22	2	8.33%	2	2	47	37	0.98	1	1	10	12	1	1	G
I	1888068	G	K	26	2	7.14%	2	2	40	31	0.98	1	1	20	6	1	1	T
I	1893605	T	W	29	2	6.45%	2	1	40	29	0.98	1	1	2	27	2	0	A
I	1943774	G	R	31	3	8.57%	1	1	37	34	0.98	1	1	31	0	0	3	A
I	1943784	A	M	29	2	5.88%	2	1	36	31	0.98	1	1	28	1	0	2	C
I	1955754	C	Y	4	2	22.22%	2	1	36	33	0.98	1	1	3	1	0	2	+TT
I	1965310	T	W	20	2	9.09%	2	1	43	31	0.98	1	1	5	15	2	0	A
I	1965341	G	K	21	3	12.5%	2	1	49	29	0.98	1	1	2	19	3	0	T
I	1965386	G	K	22	2	8.33%	2	1	45	31	0.98	1	1	5	17	2	0	T
I	1999192	G	C	0	32	96.97%	0	2	0	41	0.98	0	1	0	0	20	12	C
I	2025000	C	Y	13	2	8.7%	1	1	36	27	0.98	1	1	13	0	0	2	+T
I	2025033	C	M	21	2	8.7%	2	1	39	31	0.98	1	1	2	19	2	0	A
I	2042000	G	K	38	2	5%	2	1	37	37	0.98	1	1	13	25	2	0	T
I	2042015	G	K	31	3	8.82%	2	1	37	29	0.98	1	1	12	19	3	0	T
I	2047763	T	Y	19	2	9.52%	2	1	48	37	0.98	1	1	10	9	0	2	C
I	2048260	C	Y	25	2	7.41%	2	1	43	74	0.98	1	1	12	13	0	2	T
I	2053488	T	K	18	2	10%	2	1	40	28	0.98	1	1	2	16	2	0	G
I	2053958	C	Y	20	2	9.09%	2	2	40	74	0.98	1	1	11	9	1	1	T
I	2065380	A	W	35	2	5.41%	2	1	52	33	0.98	1	1	22	13	0	2	T
I	2069549	T	K	15	3	16.67%	2	1	37	29	0.98	1	1	8	7	3	0	G
I	2085782	T	K	13	2	13.33%	2	1	50	37	0.98	1	1	5	8	0	2	G
I	2090478	C	M	18	2	10%	2	1	48	37	0.98	1	1	9	9	0	2	A
I	2093210	C	M	37	2	5.13%	2	1	42	27	0.98	1	1	27	10	0	2	A
I	2093273	A	M	32	3	8.57%	2	1	44	33	0.98	1	1	28	4	0	3	C
I	2099270	A	M	19	2	9.52%	2	2	42	37	0.98	1	1	8	11	1	1	C
I	2104091	G	T	0	15	100%	0	2	0	43	0.98	0	1	0	0	7	8	T
I	2104097	C	A	0	14	100%	0	2	0	42	0.98	0	1	0	0	6	8	A
I	2104259	C	Y	11	2	15.38%	2	2	39	37	0.98	1	1	4	7	1	1	T
I	2107792	G	K	21	2	8.7%	2	1	46	27	0.98	1	1	3	18	2	0	T
I	2108548	T	Y	57	3	5%	2	1	45	37	0.98	1	1	32	25	0	3	C
I	2108549	G	R	56	3	5.08%	2	1	47	29	0.98	1	1	32	24	0	3	A
I	2108559	A	R	58	4	6.45%	2	2	42	46	0.98	1	1	35	23	1	3	G
I	2108607	A	W	43	4	8.51%	2	2	41	37	0.98	1	1	27	16	2	2	T
I	2117983	A	M	21	2	8.7%	2	1	47	25	0.98	1	1	15	6	0	2	C
I	2124336	A	M	14	4	22.22%	2	1	40	34	0.98	1	1	12	2	0	4	C
I	2131980	T	W	35	2	5.41%	2	2	47	27	0.98	1	1	17	18	1	1	A
I	2138161	T	W	23	3	11.54%	2	1	45	37	0.98	1	1	16	7	0	3	A
I	2174479	G	K	28	2	6.67%	2	1	42	31	0.98	1	1	18	10	0	2	T
I	2174507	G	K	23	2	8%	2	1	42	29	0.98	1	1	15	8	0	2	T
I	2174539	C	M	20	3	13.04%	2	1	46	33	0.98	1	1	13	7	0	3	A
I	2186343	A	W	16	2	11.11%	2	1	44	31	0.98	1	1	3	13	2	0	T
I	2186370	C	S	21	2	8.7%	2	1	40	25	0.98	1	1	8	13	2	0	G
I	2192759	T	K	19	2	9.52%	2	2	50	37	0.98	1	1	13	6	1	1	G
I	2208023	T	W	36	2	5.26%	2	1	39	37	0.98	1	1	20	16	0	2	A
I	2208497	T	W	32	2	5.88%	2	1	39	37	0.98	1	1	15	17	2	0	A
I	2227936	T	W	2	2	13.33%	1	1	42	37	0.98	1	1	2	0	0	2	A
I	2229543	A	R	13	2	13.33%	2	2	43	37	0.98	1	1	3	10	1	1	G
I	2235425	G	R	20	2	9.09%	2	2	48	37	0.98	1	1	8	12	1	1	A
I	2254866	G	K	24	2	7.69%	2	1	41	27	0.98	1	1	8	16	2	0	T
I	2277279	A	M	19	2	9.52%	2	1	38	25	0.98	1	1	11	8	0	2	C
I	2277989	C	A	0	11	100%	0	2	0	47	0.98	0	1	0	0	5	6	A
I	2300701	C	Y	25	2	7.41%	2	2	46	55	0.98	1	1	10	15	1	1	T
I	2323320	T	K	27	4	12.9%	2	1	44	31	0.98	1	1	7	20	4	0	G
I	2328956	A	M	40	4	9.09%	2	2	46	37	0.98	1	1	22	18	2	2	C
I	2330148	T	W	18	2	10%	2	1	40	25	0.98	1	1	8	10	2	0	A
I	2355869	T	Y	20	6	23.08%	2	2	44	49	0.98	1	1	8	12	3	3	C
I	2375409	A	M	32	2	5.88%	2	1	45	55	0.98	1	1	19	13	0	2	C
I	2390770	A	W	27	2	6.9%	2	2	48	74	0.98	1	1	14	13	1	1	T
I	2414559	C	M	16	2	11.11%	2	1	47	31	0.98	1	1	12	4	0	2	A
I	2421577	C	A	0	2	100%	0	2	0	37	0.98	0	1	0	0	1	1	A
I	2480108	A	M	25	2	7.41%	2	1	43	31	0.98	1	1	15	10	0	2	C
I	2496047	T	W	14	2	12.5%	2	1	41	25	0.98	1	1	12	2	0	2	A
I	2503979	G	K	37	2	5.13%	2	1	38	27	0.98	1	1	27	10	0	2	T
I	2503986	A	M	36	3	7.69%	2	1	39	29	0.98	1	1	25	11	0	3	C
I	2506044	T	A	0	38	100%	0	2	0	45	0.98	0	1	0	0	15	23	A
I	2507968	T	Y	31	2	6.06%	2	1	39	37	0.98	1	1	20	11	0	2	C
I	2520502	G	K	34	2	5.56%	2	1	48	25	0.98	1	1	19	15	0	2	T
I	2525740	C	M	33	2	5.71%	2	1	41	27	0.98	1	1	17	16	2	0	A
I	2556757	A	M	15	3	15.79%	1	1	32	30	0.98	1	1	15	0	0	3	C
I	2564887	G	K	22	2	8.33%	2	1	37	31	0.98	1	1	21	1	0	2	T
I	2571599	A	R	30	4	11.76%	2	2	47	37	0.98	1	1	19	11	2	2	G
I	2591940	T	K	31	3	8.82%	2	1	45	25	0.98	1	1	17	14	3	0	G
I	2605764	T	A	0	41	100%	0	2	0	46	0.98	0	1	0	0	13	28	A
I	2610796	C	Y	52	4	7.14%	2	2	40	37	0.98	1	1	35	17	2	2	T
I	2641998	C	Y	3	2	28.57%	1	1	27	33	0.98	1	1	3	0	0	2	+T
I	2681925	C	M	18	2	10%	2	1	45	25	0.98	1	1	10	8	0	2	A
I	2696467	A	W	7	4	36.36%	2	1	44	26	0.98	1	1	3	4	0	4	T
I	2696475	C	M	6	2	25%	2	1	37	27	0.98	1	1	4	2	0	2	A
I	2706476	A	W	26	2	7.14%	2	1	41	31	0.98	1	1	20	6	0	2	T
I	2712077	T	W	33	2	5.71%	2	2	49	31	0.98	1	1	13	20	1	1	A
I	2729828	G	R	36	4	10%	2	1	43	64	0.98	1	1	21	15	0	4	A
I	2747078	A	G	0	26	100%	0	2	0	45	0.98	0	1	0	0	7	19	G
I	2755050	C	M	27	2	6.9%	2	1	42	31	0.98	1	1	6	21	2	0	A
I	2759650	T	Y	19	2	9.52%	2	1	48	37	0.98	1	1	7	12	0	2	C
I	2776324	A	R	30	2	6.25%	2	2	42	55	0.98	1	1	15	15	1	1	G
I	2788443	G	K	35	2	5.41%	2	1	45	31	0.98	1	1	10	25	2	0	T
I	2804257	G	K	11	2	15.38%	2	1	50	25	0.98	1	1	2	9	2	0	T
I	2811416	A	W	22	2	8.33%	2	1	43	37	0.98	1	1	8	14	0	2	T
I	2814521	G	K	15	2	11.76%	2	1	41	25	0.98	1	1	9	6	0	2	T
I	2831219	T	K	16	2	11.11%	2	1	53	49	0.98	1	1	6	10	0	2	G
I	2857044	G	R	24	2	7.69%	2	1	43	37	0.98	1	1	12	12	2	0	A
I	2861161	C	M	36	2	5.26%	2	2	40	55	0.98	1	1	22	14	1	1	A
I	2881324	C	M	28	5	15.15%	2	1	43	44	0.98	1	1	17	11	0	5	A
I	2886667	G	R	30	4	11.76%	2	2	41	37	0.98	1	1	14	16	2	2	A
I	2891070	G	K	24	3	11.11%	2	1	43	25	0.98	1	1	11	13	0	3	T
I	2891110	A	W	25	2	7.41%	2	1	42	25	0.98	1	1	17	8	0	2	T
I	2893728	A	R	31	2	6.06%	2	2	50	37	0.98	1	1	14	17	1	1	G
I	2897636	A	R	45	5	10%	2	2	55	49	0.98	1	1	18	27	4	1	G
I	2919877	T	K	37	2	5.13%	2	1	43	25	0.98	1	1	22	15	2	0	G
I	2921288	A	M	29	2	6.45%	2	1	51	37	0.98	1	1	16	13	2	0	C
I	2925896	A	W	57	4	6.56%	2	1	44	37	0.98	1	1	21	36	4	0	T
I	2932765	T	Y	21	3	12.5%	2	1	47	45	0.98	1	1	11	10	0	3	C
I	2942994	C	Y	92	6	6.12%	2	2	46	37	0.98	1	1	47	45	4	2	T
I	2943858	T	Y	104	8	7.14%	2	2	45	40	0.98	1	1	49	55	3	5	C
I	2944248	A	M	158	10	5.92%	2	2	46	35	0.98	1	1	73	85	7	3	C
I	2944257	C	Y	148	11	6.92%	2	2	44	40	0.98	1	1	74	74	7	4	T
I	2959787	G	K	5	3	37.5%	2	1	44	25	0.98	1	1	2	3	3	0	T
I	2959802	C	M	11	2	15.38%	2	1	35	33	0.98	1	1	4	7	2	0	A
I	2960782	C	Y	6	2	9.09%	2	1	43	37	0.98	1	1	2	4	0	2	+T
I	2960792	A	W	21	4	16%	2	2	51	49	0.98	1	1	10	11	2	2	T
I	2965918	T	W	35	3	7.89%	2	2	46	37	0.98	1	1	17	18	1	2	A
I	2971391	G	R	34	2	5.56%	2	1	50	68	0.98	1	1	17	17	2	0	A
I	3021919	A	M	38	2	5%	2	1	44	31	0.98	1	1	24	14	0	2	C
I	3024963	G	S	31	2	6.06%	2	1	48	31	0.98	1	1	12	19	0	2	C
I	3036899	T	W	33	2	5.71%	2	1	45	74	0.98	1	1	18	15	0	2	A
I	3040590	A	M	27	2	6.9%	2	1	50	31	0.98	1	1	14	13	0	2	C
I	3077567	C	M	16	2	11.11%	2	1	40	27	0.98	1	1	6	10	2	0	A
I	3077570	T	W	14	2	12.5%	2	1	42	31	0.98	1	1	6	8	2	0	A
I	3080245	T	K	31	2	6.06%	2	1	49	25	0.98	1	1	13	18	2	0	G
I	3105440	C	M	43	3	6.52%	2	2	44	61	0.98	1	1	22	21	1	2	A
I	3111508	A	G	0	35	100%	0	2	0	46	0.98	0	1	0	0	26	9	G
I	3115841	C	A	0	38	100%	0	2	0	46	0.98	0	1	0	0	26	12	A
I	3119299	G	A	0	15	100%	0	2	0	42	0.98	0	1	0	0	8	7	A
I	3153191	T	W	32	2	5.88%	2	2	45	31	0.98	1	1	15	17	1	1	A
I	3162047	T	K	12	2	14.29%	2	1	37	31	0.98	1	1	1	11	2	0	G
I	3166776	G	K	2	2	8%	1	1	37	33	0.98	1	1	2	0	0	2	+TTT
I	3179238	G	C	0	32	100%	0	2	0	42	0.98	0	1	0	0	16	16	C
I	3183683	G	K	27	2	6.9%	2	2	53	37	0.98	1	1	14	13	1	1	T
I	3184245	C	M	14	2	12.5%	2	1	40	27	0.98	1	1	6	8	0	2	A
I	3209242	A	R	25	2	7.41%	2	2	40	37	0.98	1	1	14	11	1	1	G
I	3210197	A	W	21	3	12%	2	2	43	33	0.98	1	1	15	6	1	2	T
I	3217431	T	Y	31	4	11.43%	2	2	43	37	0.98	1	1	12	19	2	2	C
I	3229830	C	Y	31	2	6.06%	2	2	54	37	0.98	1	1	18	13	1	1	T
I	3241463	T	W	38	2	5%	2	1	43	25	0.98	1	1	14	24	0	2	A
I	3241477	A	W	29	2	6.45%	2	1	46	33	0.98	1	1	10	19	0	2	T
I	3241516	C	M	23	4	14.81%	2	1	45	29	0.98	1	1	14	9	0	4	A
I	3258342	A	M	25	2	7.41%	2	1	51	31	0.98	1	1	8	17	0	2	C
I	3262329	T	W	30	2	6.25%	2	2	54	37	0.98	1	1	9	21	1	1	A
I	3289141	T	W	27	3	10%	2	2	45	49	0.98	1	1	10	17	2	1	A
I	3303396	T	Y	18	2	10%	2	2	42	37	0.98	1	1	7	11	1	1	C
I	3303422	T	Y	29	2	6.45%	2	1	42	49	0.98	1	1	19	10	0	2	C
I	3326463	T	K	23	2	8%	2	1	43	55	0.98	1	1	8	15	2	0	G
I	3335350	A	M	54	8	12.9%	2	1	46	30	0.98	1	1	38	16	0	8	C
I	3340905	A	M	20	2	9.09%	2	1	44	25	0.98	1	1	13	7	0	2	C
I	3348485	A	M	20	2	9.09%	2	2	44	37	0.98	1	1	12	8	1	1	C
I	3348619	T	K	18	3	14.29%	2	1	38	29	0.98	1	1	1	17	3	0	G
I	3366675	A	M	32	2	5.88%	2	1	43	31	0.98	1	1	7	25	0	2	C
I	3374050	T	W	14	2	12.5%	2	2	40	37	0.98	1	1	8	6	1	1	A
I	3374056	A	W	15	2	11.76%	2	2	40	37	0.98	1	1	9	6	1	1	T
I	3382528	G	S	45	3	6.25%	2	1	44	36	0.98	1	1	24	21	0	3	C
I	3390781	A	R	32	2	5.88%	2	2	45	37	0.98	1	1	16	16	1	1	G
I	3396163	T	Y	35	2	5.41%	2	2	46	37	0.98	1	1	18	17	1	1	C
I	3430037	T	K	34	2	5.56%	2	1	48	37	0.98	1	1	14	20	2	0	G
I	3431653	A	M	24	2	7.69%	2	1	41	37	0.98	1	1	10	14	0	2	C
I	3450131	T	A	0	2	100%	0	1	0	37	0.98	0	1	0	0	0	2	A
I	3454524	A	R	36	2	5.26%	2	1	44	37	0.98	1	1	15	21	2	0	G
I	3463638	C	Y	24	2	7.69%	2	2	47	74	0.98	1	1	10	14	1	1	T
I	3465490	A	W	14	2	12.5%	2	2	52	37	0.98	1	1	6	8	1	1	T
I	3466016	T	Y	22	2	8.33%	2	2	42	55	0.98	1	1	16	6	1	1	C
I	3474564	T	Y	33	2	5.71%	2	1	42	37	0.98	1	1	13	20	2	0	C
I	3477691	G	K	35	2	5.41%	2	1	43	33	0.98	1	1	15	20	2	0	T
I	3477701	C	M	32	2	5.88%	2	1	44	29	0.98	1	1	12	20	2	0	A
I	3486554	C	Y	31	2	6.06%	2	1	46	37	0.98	1	1	7	24	0	2	T
I	3487832	T	W	33	2	5.71%	2	1	48	37	0.98	1	1	10	23	0	2	A
I	3495813	T	K	38	4	9.52%	2	1	50	31	0.98	1	1	22	16	4	0	G
I	3496281	G	S	32	3	8.57%	2	2	49	29	0.98	1	1	17	15	1	2	C
I	3496409	C	M	17	2	10.53%	2	1	41	27	0.98	1	1	2	15	2	0	A
I	3496415	C	M	19	2	9.52%	2	1	37	25	0.98	1	1	2	17	2	0	A
I	3517352	A	M	29	2	6.45%	2	1	43	31	0.98	1	1	15	14	0	2	C
I	3528277	T	Y	36	2	5.26%	2	1	43	55	0.98	1	1	15	21	0	2	C
I	3538450	A	T	0	16	100%	0	2	0	47	0.98	0	1	0	0	6	10	T
I	3540201	A	W	24	2	7.69%	2	2	46	37	0.98	1	1	9	15	1	1	T
I	3548913	T	A	0	12	100%	0	2	0	51	0.98	0	1	0	0	8	4	A
I	3555816	A	R	24	2	7.69%	2	2	45	31	0.98	1	1	14	10	1	1	G
I	3559641	C	Y	42	3	6.67%	2	1	43	37	0.98	1	1	19	23	0	3	T
I	3574171	A	R	29	4	12.12%	2	2	42	37	0.98	1	1	7	22	2	2	G
I	3575205	C	M	10	2	13.33%	2	1	40	31	0.98	1	1	8	2	0	2	A
I	3576756	T	Y	0	3	37.5%	0	1	0	33	0.98	0	1	0	0	3	0	C
I	3583106	G	A	0	49	100%	0	2	0	52	0.98	0	1	0	0	22	27	A
I	3585340	A	R	32	2	5.88%	2	2	44	74	0.98	1	1	12	20	1	1	G
I	3591173	C	M	26	2	7.14%	2	1	51	74	0.98	1	1	13	13	2	0	A
I	3595031	A	M	20	2	9.09%	2	1	44	37	0.98	1	1	12	8	2	0	C
I	3603013	G	K	12	2	14.29%	2	1	39	25	0.98	1	1	8	4	0	2	T
I	3610396	C	Y	7	2	18.18%	2	1	32	37	0.98	1	1	5	2	0	2	+T
I	3612162	T	Y	36	2	5.26%	2	2	47	37	0.98	1	1	20	16	1	1	C
I	3625197	G	K	19	3	13.64%	2	1	40	29	0.98	1	1	4	15	3	0	T
I	3625204	C	M	18	2	10%	2	1	41	31	0.98	1	1	4	14	2	0	A
I	3640715	C	M	31	2	6.06%	2	1	43	29	0.98	1	1	20	11	0	2	A
I	3645865	C	M	10	2	16.67%	2	1	37	25	0.98	1	1	9	1	0	2	A
I	3655296	A	R	38	2	5%	2	2	41	37	0.98	1	1	21	17	1	1	G
I	3655312	T	Y	37	2	5.13%	2	2	42	37	0.98	1	1	19	18	1	1	C
I	3657380	G	K	30	2	6.25%	2	1	36	33	0.98	1	1	27	3	0	2	T
I	3657385	G	K	29	2	6.45%	2	1	37	29	0.98	1	1	25	4	0	2	T
I	3657392	A	W	31	2	6.06%	2	1	40	27	0.98	1	1	23	8	0	2	T
I	3659772	G	K	35	2	5.41%	2	1	41	25	0.98	1	1	9	26	2	0	T
I	3660144	C	M	40	3	6.98%	2	1	41	25	0.98	1	1	19	21	0	3	A
I	3660180	G	K	40	3	6.98%	2	1	44	29	0.98	1	1	32	8	0	3	T
I	3693301	A	W	25	2	7.41%	2	1	42	74	0.98	1	1	18	7	2	0	T
I	3700385	T	W	4	2	7.14%	1	1	49	37	0.98	1	1	4	0	0	2	A
I	3718147	T	W	30	2	6.25%	2	1	46	31	0.98	1	1	18	12	2	0	A
I	3732788	G	S	24	2	7.69%	2	2	47	37	0.98	1	1	9	15	1	1	C
I	3747597	T	K	31	2	6.06%	2	1	47	25	0.98	1	1	16	15	2	0	G
I	3756171	T	K	35	2	5.41%	2	1	48	29	0.98	1	1	10	25	2	0	G
I	3761504	C	M	66	4	5.71%	2	2	48	46	0.98	1	1	39	27	3	1	A
I	3761560	T	Y	65	6	8.45%	2	2	48	55	0.98	1	1	42	23	5	1	C
I	3761566	T	Y	70	6	7.89%	2	2	47	55	0.98	1	1	49	21	5	1	C
I	3769267	G	R	25	2	7.41%	2	1	43	37	0.98	1	1	12	13	2	0	A
I	3772875	A	W	25	2	7.41%	2	2	48	37	0.98	1	1	17	8	1	1	T
I	3780769	G	K	68	6	8.11%	2	2	49	59	0.98	1	1	29	39	4	2	T
I	3786029	C	Y	5	6	54.55%	2	1	37	35	0.98	1	1	2	3	0	6	T
I	3786035	C	Y	5	6	54.55%	2	1	37	35	0.98	1	1	2	3	0	6	T
I	3786160	A	M	32	2	5.88%	2	1	43	33	0.98	1	1	26	6	0	2	C
I	3800448	A	R	34	2	5.56%	2	2	44	37	0.98	1	1	16	18	1	1	G
I	3807119	A	M	46	3	6.12%	2	1	47	37	0.98	1	1	16	30	3	0	C
I	3819087	T	K	27	2	6.9%	2	1	37	37	0.98	1	1	8	19	2	0	G
I	3846798	C	M	23	2	8%	2	1	45	27	0.98	1	1	4	19	2	0	A
I	3848418	C	Y	20	2	9.09%	2	2	47	74	0.98	1	1	7	13	1	1	T
I	3860935	G	K	19	5	20.83%	2	2	42	44	0.98	1	1	15	4	1	4	T
I	3872709	A	W	26	2	7.14%	2	2	45	37	0.98	1	1	15	11	1	1	T
I	3872711	G	K	26	2	7.14%	2	2	45	37	0.98	1	1	15	11	1	1	T
I	3872724	T	W	29	2	6.45%	2	2	45	37	0.98	1	1	19	10	1	1	A
I	3872730	C	Y	29	2	6.45%	2	2	45	37	0.98	1	1	19	10	1	1	T
I	3876868	C	M	45	4	8.16%	2	2	44	43	0.98	1	1	10	35	3	1	A
I	3882491	T	W	38	2	5%	2	1	44	25	0.98	1	1	11	27	2	0	A
I	3882513	G	K	28	2	6.67%	2	1	46	27	0.98	1	1	13	15	2	0	T
I	3910552	C	M	33	2	5.71%	2	1	38	27	0.98	1	1	28	5	0	2	A
I	3944325	T	Y	30	2	6.25%	2	2	42	37	0.98	1	1	23	7	1	1	C
I	3954978	A	R	36	2	5.26%	2	1	43	31	0.98	1	1	20	16	2	0	G
I	3959146	T	K	25	2	7.41%	2	1	42	31	0.98	1	1	9	16	2	0	G
I	3983670	T	Y	169	11	6.11%	2	2	50	36	0.98	1	1	95	74	2	9	C
I	3984278	C	Y	113	17	13.08%	2	2	46	43	0.98	1	1	64	49	14	3	T
I	3986755	A	R	35	2	5.41%	2	2	45	55	0.98	1	1	19	16	1	1	G
I	3986794	C	Y	34	2	5.56%	2	2	47	31	0.98	1	1	19	15	1	1	T
I	3988433	T	W	53	3	5.36%	2	2	51	37	0.98	1	1	29	24	2	1	A
I	3988940	A	R	63	16	20.25%	2	2	50	48	0.98	1	1	31	32	5	11	G
I	3988943	G	R	67	15	18.29%	2	2	50	46	0.98	1	1	30	37	4	11	A
I	3988952	G	R	67	16	19.28%	2	2	49	44	0.98	1	1	30	37	5	11	A
I	3988970	A	R	65	12	15.58%	2	2	48	43	0.98	1	1	31	34	4	8	G
I	3988971	A	R	67	10	12.99%	2	2	47	43	0.98	1	1	30	37	4	6	G
I	3988981	G	R	59	13	18.06%	2	2	50	42	0.98	1	1	30	29	4	9	A
I	3988996	C	S	61	5	7.58%	2	2	48	42	0.98	1	1	29	32	1	4	G
I	3989282	A	R	8	21	72.41%	2	2	41	38	0.98	1	1	3	5	16	5	G
I	3989285	G	R	8	18	69.23%	2	2	40	35	0.98	1	1	3	5	13	5	A
I	3989294	G	A	6	18	75%	2	2	37	38	0.98	1	1	3	3	13	5	A
I	3989313	A	R	3	2	40%	2	2	33	37	0.98	1	1	2	1	1	1	G
I	3989384	G	A	0	28	100%	0	2	0	42	0.98	0	1	0	0	15	13	A
I	3989390	G	A	0	29	100%	0	2	0	46	0.98	0	1	0	0	14	15	A
I	3989404	T	C	0	35	100%	0	2	0	44	0.98	0	1	0	0	15	20	C
I	3992214	C	A	1	11	91.67%	1	2	37	44	0.98	1	1	1	0	3	8	A
I	4002786	G	K	25	2	7.41%	2	1	40	31	0.98	1	1	20	5	2	0	T
I	4010136	T	K	37	2	5.13%	2	1	48	55	0.98	1	1	9	28	2	0	G
I	4018546	C	M	38	2	5%	2	2	45	22	0.98	1	1	17	21	1	1	A
I	4060041	C	Y	28	2	6.67%	2	1	46	37	0.98	1	1	17	11	2	0	T
I	4063685	A	R	87	5	5.43%	2	2	45	33	0.98	1	1	35	52	3	2	G
I	4063868	A	W	65	4	5.8%	2	2	45	39	0.98	1	1	33	32	2	2	T
I	4063871	G	R	60	4	6.15%	2	2	43	33	0.98	1	1	25	35	3	1	A
I	4063876	T	Y	54	5	8.47%	2	2	45	39	0.98	1	1	22	32	3	2	C
I	4078841	G	K	24	2	7.69%	2	1	41	49	0.98	1	1	10	14	2	0	T
I	4102784	G	S	47	3	6%	2	1	44	37	0.98	1	1	14	33	3	0	C
I	4107302	C	Y	46	3	6%	2	1	46	34	0.98	1	1	27	19	0	3	T
I	4107309	A	R	53	3	5.36%	2	1	45	30	0.98	1	1	24	29	0	3	G
I	4135196	T	Y	31	3	8.82%	2	1	46	33	0.98	1	1	13	18	0	3	C
I	4148810	A	M	12	2	14.29%	1	1	37	27	0.98	1	1	12	0	0	2	C
I	4163544	A	W	38	2	5%	2	1	47	37	0.98	1	1	17	21	0	2	T
I	4192110	A	M	29	4	12.12%	2	1	48	37	0.98	1	1	13	16	0	4	C
I	4202533	T	K	29	2	6.45%	2	1	45	37	0.98	1	1	9	20	2	0	G
I	4202540	G	K	28	2	6.67%	2	1	42	25	0.98	1	1	10	18	2	0	T
I	4232981	G	R	52	3	5.45%	2	1	40	29	0.98	1	1	39	13	0	3	A
I	4232991	G	R	13	7	12.5%	2	2	48	31	0.98	1	1	5	8	1	6	A
I	4241118	G	R	16	2	5.13%	2	1	42	37	0.98	1	1	14	2	0	2	A
I	4268143	G	K	22	2	8.33%	2	1	45	25	0.98	1	1	10	12	2	0	T
I	4268916	T	K	25	4	13.79%	2	1	42	30	0.98	1	1	6	19	4	0	G
I	4268949	T	W	30	2	6.25%	2	1	40	27	0.98	1	1	5	25	2	0	A
I	4299742	A	M	38	2	5%	2	2	45	37	0.98	1	1	24	14	1	1	C
I	4300921	A	W	30	2	6.25%	2	2	48	37	0.98	1	1	9	21	1	1	T
I	4316464	T	Y	31	4	11.43%	2	1	44	39	0.98	1	1	13	18	4	0	C
I	4316512	T	Y	31	3	8.82%	2	2	46	34	0.98	1	1	12	19	1	2	C
I	4316641	T	Y	31	2	6.06%	2	1	41	37	0.98	1	1	13	18	0	2	C
I	4316710	T	K	21	2	8.7%	2	1	46	37	0.98	1	1	8	13	0	2	G
I	4316806	T	Y	29	2	6.45%	2	1	38	37	0.98	1	1	10	19	2	0	C
I	4320204	T	K	30	2	6.25%	2	1	44	31	0.98	1	1	15	15	2	0	G
I	4323849	T	Y	35	2	5.41%	2	2	47	37	0.98	1	1	19	16	1	1	C
I	4332042	T	W	31	2	6.06%	2	1	50	25	0.98	1	1	14	17	2	0	A
I	4344167	A	M	36	2	5.26%	2	2	54	31	0.98	1	1	22	14	1	1	C
I	4375421	A	T	0	14	100%	0	2	0	39	0.98	0	1	0	0	8	6	T
I	4385128	C	S	19	2	9.52%	2	1	48	37	0.98	1	1	8	11	2	0	G
I	4400697	C	Y	32	2	5.71%	2	2	42	74	0.98	1	1	19	13	1	1	T
I	4420380	T	Y	20	2	9.09%	2	2	41	37	0.98	1	1	11	9	1	1	C
I	4442714	G	A	0	54	100%	0	2	0	48	0.98	0	1	0	0	13	41	A
I	4457210	G	K	22	2	8.33%	2	1	44	25	0.98	1	1	10	12	2	0	T
I	4475014	A	R	38	2	5%	2	2	47	55	0.98	1	1	21	17	1	1	G
I	4486237	G	K	13	2	13.33%	2	1	45	31	0.98	1	1	9	4	0	2	T
I	4486311	C	M	9	2	18.18%	2	1	38	33	0.98	1	1	7	2	0	2	A
I	4505672	G	R	18	2	9.52%	2	1	42	37	0.98	1	1	5	13	2	0	A
I	4505673	G	K	29	2	6.45%	2	1	42	37	0.98	1	1	17	12	2	0	T
I	4505677	C	M	19	2	9.52%	2	1	42	31	0.98	1	1	7	12	2	0	A
I	4514479	A	W	7	2	22.22%	1	1	41	31	0.98	1	1	7	0	0	2	T
I	4531712	A	W	20	2	9.09%	2	1	46	55	0.98	1	1	11	9	0	2	T
I	4542158	A	M	25	2	7.41%	2	2	44	37	0.98	1	1	16	9	1	1	C
I	4553031	T	Y	28	2	6.67%	2	2	48	37	0.98	1	1	14	14	1	1	C
I	4555615	A	M	17	2	10.53%	2	1	42	25	0.98	1	1	9	8	0	2	C
I	4557449	T	K	21	2	8.7%	2	1	43	27	0.98	1	1	10	11	2	0	G
I	4562150	A	W	25	2	7.41%	2	2	48	37	0.98	1	1	9	16	1	1	T
I	4569761	T	K	20	2	9.09%	2	1	38	25	0.98	1	1	6	14	2	0	G
I	4577289	A	W	25	3	10.71%	2	2	48	37	0.98	1	1	15	10	1	2	T
I	4581394	A	M	33	2	5.71%	2	2	50	74	0.98	1	1	15	18	1	1	C
I	4582665	T	W	24	3	11.11%	2	1	38	31	0.98	1	1	4	20	3	0	A
I	4599595	G	K	16	2	11.11%	2	1	41	25	0.98	1	1	8	8	0	2	T
I	4599620	C	M	10	2	16.67%	2	1	41	25	0.98	1	1	7	3	0	2	A
I	4604640	A	W	21	2	8.7%	2	1	40	27	0.98	1	1	16	5	0	2	T
I	4604644	A	W	18	2	10%	2	1	38	25	0.98	1	1	15	3	0	2	T
I	4628556	G	R	16	2	11.11%	2	1	43	31	0.98	1	1	9	7	2	0	A
I	4628561	C	Y	15	2	11.76%	2	1	40	37	0.98	1	1	9	6	2	0	T
I	4632555	A	R	35	2	5.41%	2	1	43	37	0.98	1	1	23	12	2	0	G
I	4646996	A	R	38	2	5%	2	2	49	37	0.98	1	1	19	19	1	1	G
I	4648145	G	K	22	2	7.69%	2	1	43	37	0.98	1	1	18	4	2	0	T
I	4648160	G	T	2	6	75%	1	2	33	45	0.98	1	1	2	0	5	1	T
I	4648161	G	T	4	21	84%	1	2	35	47	0.98	1	1	4	0	13	8	T
I	4657095	C	M	20	3	13.04%	2	1	42	29	0.98	1	1	14	6	0	3	A
I	4659500	T	W	34	2	5.56%	2	1	41	25	0.98	1	1	14	20	2	0	A
I	4662431	G	R	21	2	8.7%	2	1	49	37	0.98	1	1	13	8	2	0	A
I	4667405	T	Y	17	2	10.53%	2	2	47	37	0.98	1	1	12	5	1	1	C
I	4688576	A	R	39	3	7.14%	2	2	50	49	0.98	1	1	25	14	2	1	G
I	4697683	C	Y	28	2	6.67%	2	2	44	74	0.98	1	1	14	14	1	1	T
I	4700092	T	W	37	2	5.13%	2	1	49	25	0.98	1	1	13	24	2	0	A
I	4703232	G	S	42	5	10.64%	2	1	47	44	0.98	1	1	16	26	0	5	C
I	4715384	G	K	34	2	5.56%	2	1	41	31	0.98	1	1	24	10	2	0	T
I	4716349	G	R	56	3	5.08%	2	2	42	37	0.98	1	1	25	31	1	2	A
I	4716429	T	Y	51	4	7.27%	2	1	48	37	0.98	1	1	23	28	0	4	C
I	4716436	T	Y	52	3	5.45%	2	1	49	37	0.98	1	1	24	28	0	3	C
I	4716438	T	W	53	3	5.36%	2	1	49	37	0.98	1	1	23	30	0	3	A
I	4716613	C	M	30	2	6.25%	2	1	42	25	0.98	1	1	13	17	0	2	A
I	4716635	C	M	27	2	6.9%	2	1	40	25	0.98	1	1	13	14	0	2	A
I	4716658	C	M	17	3	15%	2	1	44	33	0.98	1	1	10	7	0	3	A
I	4718757	C	M	58	4	6.45%	2	1	52	55	0.98	1	1	29	29	0	4	A
I	4728037	A	W	24	2	7.69%	2	1	49	25	0.98	1	1	12	12	0	2	T
I	4743363	T	W	34	2	5.56%	2	2	45	37	0.98	1	1	16	18	1	1	A
I	4764253	G	R	7	3	9.38%	2	1	44	34	0.98	1	1	4	3	0	3	A
I	4795089	A	M	35	2	5.41%	2	1	46	25	0.98	1	1	19	16	0	2	C
I	4796893	G	T	0	26	100%	0	2	0	47	0.98	0	1	0	0	12	14	T
I	4801075	A	R	38	2	5%	2	2	42	37	0.98	1	1	19	19	1	1	G
I	4809221	A	M	22	2	8.33%	2	1	49	55	0.98	1	1	8	14	0	2	C
I	4810271	T	W	34	2	5.56%	2	1	37	31	0.98	1	1	16	18	0	2	A
I	4810467	T	W	31	4	11.43%	2	2	45	37	0.98	1	1	8	23	2	2	A
I	4818512	A	R	28	2	6.67%	2	2	43	37	0.98	1	1	14	14	1	1	G
I	4829890	C	M	30	2	6.25%	2	2	53	37	0.98	1	1	9	21	1	1	A
I	4830398	T	Y	38	2	5%	2	2	49	55	0.98	1	1	24	14	1	1	C
I	4838525	C	M	25	2	7.41%	2	2	44	37	0.98	1	1	15	10	1	1	A
I	4847481	G	K	34	2	5.56%	2	2	47	37	0.98	1	1	18	16	1	1	T
I	4860146	A	G	0	12	100%	0	2	0	40	0.98	0	1	0	0	11	1	G
I	4866061	T	K	22	2	8.33%	2	2	46	49	0.98	1	1	10	12	1	1	G
I	4885260	T	Y	26	2	7.14%	2	2	47	37	0.98	1	1	9	17	1	1	C
I	4889587	T	Y	27	3	10%	2	2	47	37	0.98	1	1	8	19	2	1	C
I	4889589	T	K	24	3	11.11%	2	2	45	37	0.98	1	1	8	16	2	1	G
I	4893935	T	W	23	2	8%	2	1	36	33	0.98	1	1	21	2	0	2	A
I	4919603	A	G	0	58	100%	0	2	0	40	0.98	0	1	0	0	17	41	G
I	4930668	G	K	33	2	5.71%	2	2	47	37	0.98	1	1	15	18	1	1	T
I	4958085	A	W	26	2	7.14%	2	1	44	43	0.98	1	1	15	11	0	2	T
I	4959999	C	M	38	2	5%	2	1	43	25	0.98	1	1	17	21	0	2	A
I	4965426	T	K	25	2	7.41%	2	1	45	25	0.98	1	1	6	19	2	0	G
I	4978214	A	W	12	5	29.41%	2	1	46	37	0.98	1	1	3	9	0	5	T
I	4980947	A	W	37	2	5.13%	2	2	49	49	0.98	1	1	8	29	1	1	T
I	4992872	C	S	37	2	5.13%	2	2	45	55	0.98	1	1	14	23	1	1	G
I	5036862	A	M	24	4	14.29%	2	1	39	32	0.98	1	1	22	2	0	4	C
I	5046142	A	M	28	2	6.67%	2	2	50	37	0.98	1	1	11	17	1	1	C
I	5053555	T	W	33	2	5.71%	2	2	44	31	0.98	1	1	14	19	1	1	A
I	5068741	T	Y	31	4	11.43%	2	2	48	37	0.98	1	1	18	13	2	2	C
I	5081297	G	K	21	4	16%	2	2	41	37	0.98	1	1	14	7	3	1	T
I	5081300	A	M	20	5	20%	2	2	43	37	0.98	1	1	13	7	3	2	C
I	5156975	A	M	49	3	5.77%	2	2	47	33	0.98	1	1	30	19	2	1	C
I	5175150	C	M	37	2	5.13%	2	2	40	25	0.98	1	1	9	28	1	1	A
I	5226887	C	M	33	2	5.71%	2	1	45	37	0.98	1	1	16	17	2	0	A
I	5238853	C	M	36	2	5.26%	2	2	42	37	0.98	1	1	25	11	1	1	A
I	5248660	A	W	24	2	7.69%	2	1	45	25	0.98	1	1	10	14	0	2	T
I	5248873	A	M	28	2	6.67%	2	1	48	37	0.98	1	1	11	17	0	2	C
I	5259412	C	M	37	2	5.13%	2	2	45	37	0.98	1	1	17	20	1	1	A
I	5269998	T	Y	23	2	8%	2	2	53	25	0.98	1	1	11	12	1	1	C
I	5271466	A	T	0	7	100%	0	1	0	40	0.98	0	1	0	0	0	7	T
I	5300784	G	K	22	2	8.33%	2	1	39	37	0.98	1	1	8	14	2	0	T
I	5314462	T	W	38	2	5%	2	2	45	37	0.98	1	1	13	25	1	1	A
I	5325807	A	W	28	3	9.68%	2	2	40	37	0.98	1	1	9	19	2	1	T
I	5351210	G	K	34	2	5.56%	2	1	43	37	0.98	1	1	18	16	0	2	T
I	5360699	G	K	7	2	22.22%	2	1	35	25	0.98	1	1	1	6	2	0	T
I	5400080	C	T	0	30	100%	0	2	0	47	0.98	0	1	0	0	17	13	T
I	5404383	T	K	24	2	7.69%	2	2	47	61	0.98	1	1	8	16	1	1	G
I	5417039	C	M	35	2	5.41%	2	1	50	31	0.98	1	1	15	20	2	0	A
I	5493031	T	W	28	2	6.67%	2	1	47	25	0.98	1	1	11	17	2	0	A
I	5522222	T	W	25	2	7.41%	2	2	44	37	0.98	1	1	9	16	1	1	A
I	5522464	T	Y	32	2	5.88%	2	2	48	37	0.98	1	1	21	11	1	1	C
I	5542796	C	M	33	2	5.71%	2	1	45	74	0.98	1	1	12	21	0	2	A
I	5562193	A	R	24	11	31.43%	2	2	52	47	0.98	1	1	15	9	7	4	G
I	5568014	G	R	21	3	12.5%	2	1	40	49	0.98	1	1	12	9	3	0	A
I	5571521	C	M	23	2	8%	2	1	43	31	0.98	1	1	13	10	2	0	A
I	5571526	A	M	24	3	11.11%	2	1	44	37	0.98	1	1	13	11	3	0	C
I	5572199	T	Y	49	5	9.26%	2	2	49	51	0.98	1	1	31	18	3	2	C
I	5572207	C	Y	49	5	9.26%	2	2	50	51	0.98	1	1	33	16	3	2	T
I	5572215	T	Y	49	6	10.91%	2	2	48	52	0.98	1	1	33	16	4	2	C
I	5572218	T	Y	49	5	9.26%	2	2	48	59	0.98	1	1	34	15	3	2	C
I	5573210	G	R	82	5	5.75%	2	2	53	52	0.98	1	1	37	45	4	1	A
I	5573444	T	Y	74	4	5.13%	2	2	53	46	0.98	1	1	37	37	2	2	C
I	5573452	A	R	75	4	5.06%	2	2	55	46	0.98	1	1	39	36	2	2	G
I	5573770	A	R	25	2	7.41%	2	1	44	74	0.98	1	1	7	18	2	0	G
I	5574112	T	K	33	2	5.71%	2	1	50	74	0.98	1	1	21	12	2	0	G
I	5576809	C	Y	18	10	35.71%	2	2	37	51	0.98	1	1	11	7	6	4	T
I	5579055	C	Y	8	6	42.86%	2	2	50	55	0.98	1	1	2	6	2	4	T
II	1357	C	S	75	5	6.25%	2	2	47	51	0.98	1	1	31	44	3	2	G
II	5135	C	S	33	3	8.33%	2	2	49	61	0.98	1	1	19	14	1	2	G
II	5157	A	W	28	2	6.67%	2	2	52	55	0.98	1	1	18	10	1	1	T
II	7360	G	K	36	2	5.26%	2	1	45	49	0.98	1	1	18	18	2	0	T
II	14290	A	R	23	2	8%	2	1	51	55	0.98	1	1	13	10	0	2	G
II	28784	A	W	35	2	5.41%	2	1	53	55	0.98	1	1	13	22	2	0	T
II	53240	T	W	24	5	17.24%	2	1	34	29	0.98	1	1	21	3	0	5	A
II	53245	C	M	25	4	13.79%	2	1	38	26	0.98	1	1	18	7	0	4	A
II	53249	A	M	23	4	14.81%	2	1	39	34	0.98	1	1	18	5	0	4	C
II	105544	T	Y	30	3	9.09%	2	1	55	49	0.98	1	1	18	12	3	0	C
II	105709	C	Y	57	5	8.06%	2	2	48	37	0.98	1	1	35	22	4	1	T
II	105808	T	Y	52	8	13.33%	2	2	50	60	0.98	1	1	28	24	7	1	C
II	105862	T	Y	63	5	7.35%	2	2	45	66	0.98	1	1	33	30	1	4	C
II	105874	T	Y	72	7	8.86%	2	2	48	51	0.98	1	1	40	32	4	3	C
II	105886	T	Y	67	13	16.25%	2	2	49	44	0.98	1	1	39	28	7	6	C
II	105889	C	Y	70	14	16.67%	2	2	48	43	0.98	1	1	42	28	8	6	T
II	105916	C	Y	68	8	10.53%	2	2	46	50	0.98	1	1	44	24	2	6	T
II	105973	T	Y	51	3	5.56%	2	2	47	61	0.98	1	1	31	20	1	2	C
II	105974	A	R	49	3	5.77%	2	2	47	61	0.98	1	1	30	19	1	2	G
II	105988	A	R	43	3	6.52%	2	2	46	49	0.98	1	1	24	19	1	2	G
II	105991	C	Y	44	3	6.38%	2	2	45	49	0.98	1	1	24	20	1	2	T
II	106102	G	K	54	3	5.26%	2	1	45	37	0.98	1	1	25	29	3	0	T
II	106150	T	Y	59	4	6.35%	2	2	48	52	0.98	1	1	25	34	3	1	C
II	106156	A	W	53	6	10.17%	2	2	50	61	0.98	1	1	22	31	3	3	T
II	106342	C	M	49	3	5.77%	2	2	45	33	0.98	1	1	20	29	2	1	A
II	106346	G	R	50	3	5.66%	2	2	45	37	0.98	1	1	20	30	2	1	A
II	106414	C	Y	50	3	5.66%	2	2	49	61	0.98	1	1	19	31	1	2	T
II	106638	T	Y	35	2	5.41%	2	1	45	37	0.98	1	1	16	19	0	2	C
II	106762	A	R	28	3	9.68%	2	1	48	49	0.98	1	1	8	20	0	3	G
II	111414	C	Y	27	2	6.9%	2	2	41	55	0.98	1	1	13	14	1	1	T
II	111538	G	R	30	5	14.29%	2	1	45	37	0.98	1	1	17	13	5	0	A
II	111830	T	Y	42	3	6.67%	2	1	50	33	0.98	1	1	17	25	3	0	C
II	111834	T	K	42	3	6.67%	2	1	51	37	0.98	1	1	16	26	3	0	G
II	112020	A	W	37	2	5.13%	2	1	51	74	0.98	1	1	24	13	0	2	T
II	112026	G	R	37	2	5.13%	2	1	50	74	0.98	1	1	23	14	0	2	A
II	112059	T	Y	36	3	7.69%	2	1	47	40	0.98	1	1	21	15	0	3	C
II	112063	T	Y	36	3	7.69%	2	1	46	40	0.98	1	1	21	15	0	3	C
II	112065	G	R	36	2	5.26%	2	1	47	31	0.98	1	1	21	15	0	2	A
II	112074	A	M	34	4	10.53%	2	2	45	55	0.98	1	1	21	13	1	3	C
II	112092	G	R	30	3	9.09%	2	1	45	37	0.98	1	1	17	13	3	0	A
II	112240	T	W	48	4	7.69%	2	2	47	46	0.98	1	1	20	28	1	3	A
II	112242	C	M	46	4	8%	2	2	48	46	0.98	1	1	20	26	1	3	A
II	112245	A	W	42	3	6.67%	2	2	48	49	0.98	1	1	20	22	1	2	T
II	112260	A	R	49	6	10.91%	2	2	50	43	0.98	1	1	27	22	2	4	G
II	112287	A	R	42	5	10.64%	2	2	49	56	0.98	1	1	24	18	4	1	G
II	112290	G	R	44	5	10.2%	2	2	48	59	0.98	1	1	26	18	4	1	A
II	112302	G	R	47	6	11.11%	2	2	46	49	0.98	1	1	32	15	5	1	A
II	112347	A	R	47	5	9.62%	2	2	45	47	0.98	1	1	33	14	2	3	G
II	112368	G	R	43	5	10.42%	2	2	51	54	0.98	1	1	26	17	3	2	A
II	112467	A	R	39	4	9.3%	2	1	46	37	0.98	1	1	16	23	0	4	G
II	123161	T	Y	24	2	7.69%	2	1	44	49	0.98	1	1	13	11	2	0	C
II	132338	C	S	34	2	5.56%	2	2	48	37	0.98	1	1	23	11	1	1	G
II	172637	A	M	34	2	5.56%	2	2	39	37	0.98	1	1	10	24	1	1	C
II	172792	C	M	33	2	5.71%	2	1	52	25	0.98	1	1	13	20	2	0	A
II	182495	A	M	16	2	11.11%	2	1	53	31	0.98	1	1	8	8	0	2	C
II	207749	T	Y	31	2	6.06%	2	2	45	37	0.98	1	1	14	17	1	1	C
II	214859	A	R	35	2	5.41%	2	2	43	37	0.98	1	1	21	14	1	1	G
II	228516	A	W	32	2	5.88%	2	2	43	37	0.98	1	1	18	14	1	1	T
II	228634	A	R	35	2	5.41%	2	2	46	37	0.98	1	1	17	18	1	1	G
II	231091	T	Y	37	3	7.5%	2	1	45	29	0.98	1	1	18	19	3	0	C
II	237134	C	M	19	2	9.52%	2	1	37	25	0.98	1	1	13	6	0	2	A
II	238324	G	K	37	2	5.13%	2	1	41	37	0.98	1	1	15	22	2	0	T
II	243150	G	K	30	3	9.09%	2	1	41	25	0.98	1	1	21	9	0	3	T
II	245918	T	Y	27	2	6.9%	2	1	49	30	0.98	1	1	10	17	0	2	C
II	257070	T	W	27	2	6.9%	2	2	48	37	0.98	1	1	13	14	1	1	A
II	257487	C	Y	58	5	7.94%	2	2	49	37	0.98	1	1	39	19	3	2	T
II	257946	A	R	74	6	7.5%	2	2	49	67	0.98	1	1	32	42	3	3	G
II	258378	C	S	32	2	5.88%	2	1	44	37	0.98	1	1	19	13	2	0	G
II	266718	A	C	0	31	100%	0	2	0	42	0.98	0	1	0	0	10	21	C
II	266780	T	A	0	32	100%	0	2	0	38	0.98	0	1	0	0	20	12	A
II	272623	T	K	29	4	12.12%	2	2	41	37	0.98	1	1	19	10	2	2	G
II	276539	A	T	0	45	100%	0	2	0	45	0.98	0	1	0	0	27	18	T
II	277998	G	S	13	2	13.33%	2	2	48	37	0.98	1	1	6	7	1	1	C
II	278002	T	W	12	2	14.29%	2	2	49	37	0.98	1	1	6	6	1	1	A
II	295791	A	M	23	3	11.54%	2	2	49	49	0.98	1	1	13	10	2	1	C
II	332369	A	W	27	2	6.9%	2	2	49	37	0.98	1	1	21	6	1	1	T
II	353385	G	K	19	2	9.52%	2	1	44	31	0.98	1	1	10	9	0	2	T
II	353395	G	K	18	2	10%	2	1	45	25	0.98	1	1	9	9	0	2	T
II	353409	G	K	14	2	12.5%	2	1	47	37	0.98	1	1	8	6	0	2	T
II	370583	A	M	36	2	5.26%	2	1	46	37	0.98	1	1	26	10	2	0	C
II	370586	C	S	34	2	5.56%	2	1	46	37	0.98	1	1	25	9	2	0	G
II	393982	G	K	14	2	12.5%	2	2	41	37	0.98	1	1	5	9	1	1	T
II	395049	G	K	40	6	13.04%	2	2	50	37	0.98	1	1	21	19	3	3	T
II	395227	G	K	30	2	6.25%	2	2	43	37	0.98	1	1	18	12	1	1	T
II	412832	A	W	30	2	6.25%	2	1	48	29	0.98	1	1	17	13	0	2	T
II	434605	G	S	33	2	5.71%	2	2	43	37	0.98	1	1	17	16	1	1	C
II	434611	G	S	31	2	6.06%	2	2	43	37	0.98	1	1	15	16	1	1	C
II	446513	C	S	34	3	8.11%	2	1	39	37	0.98	1	1	8	26	3	0	G
II	450263	A	M	14	3	17.65%	2	1	43	29	0.98	1	1	12	2	0	3	C
II	465749	T	Y	28	4	12.5%	2	2	43	37	0.98	1	1	18	10	2	2	C
II	474060	T	K	34	2	5.56%	2	1	45	31	0.98	1	1	19	15	0	2	G
II	500787	A	W	35	2	5.41%	2	2	43	31	0.98	1	1	20	15	1	1	T
II	503329	C	M	18	2	10%	2	1	38	27	0.98	1	1	13	5	0	2	A
II	520035	T	W	19	4	17.39%	2	2	46	37	0.98	1	1	14	5	2	2	A
II	520040	T	W	20	4	16.67%	2	2	46	37	0.98	1	1	15	5	2	2	A
II	525064	A	W	26	2	7.14%	2	2	44	29	0.98	1	1	21	5	1	1	T
II	526883	G	K	54	3	5.17%	2	1	48	34	0.98	1	1	26	28	0	3	T
II	526951	C	Y	88	247	73.73%	2	2	53	54	0.98	1	1	28	60	103	144	T
II	526998	G	R	73	7	8.75%	2	2	43	49	0.98	1	1	42	31	6	1	A
II	529879	C	Y	25	3	10.71%	2	2	40	37	0.98	1	1	16	9	2	1	T
II	540583	G	K	13	4	23.53%	2	1	36	27	0.98	1	1	2	11	4	0	T
II	540586	C	M	15	3	16.67%	2	1	45	29	0.98	1	1	6	9	3	0	A
II	540591	C	M	15	4	21.05%	2	1	38	29	0.98	1	1	1	14	4	0	A
II	540601	T	W	20	2	9.09%	2	1	41	33	0.98	1	1	10	10	2	0	A
II	540603	C	M	15	8	34.78%	2	1	41	28	0.98	1	1	5	10	8	0	A
II	540611	G	K	18	2	10%	2	1	40	33	0.98	1	1	5	13	2	0	T
II	561045	A	W	10	2	16.67%	2	1	44	27	0.98	1	1	6	4	0	2	T
II	577784	T	K	44	5	10.2%	2	2	46	56	0.98	1	1	33	11	3	2	G
II	577787	C	M	46	4	8%	2	2	45	55	0.98	1	1	35	11	2	2	A
II	578896	T	K	36	2	5.26%	2	1	44	25	0.98	1	1	16	20	2	0	G
II	597470	T	W	31	2	6.06%	2	1	46	22	0.98	1	1	8	23	2	0	A
II	603280	T	A	0	3	100%	0	1	0	37	0.98	0	1	0	0	0	3	A
II	604439	C	Y	35	2	5.41%	2	2	47	37	0.98	1	1	17	18	1	1	T
II	610738	G	K	26	2	7.14%	2	1	41	22	0.98	1	1	4	22	2	0	T
II	610740	C	M	22	2	8.33%	2	1	47	23	0.98	1	1	2	20	2	0	A
II	623988	T	Y	34	2	5.56%	2	1	42	62	0.98	1	1	16	18	2	0	C
II	638602	A	R	28	2	6.67%	2	1	41	37	0.98	1	1	10	18	0	2	G
II	645086	C	M	12	2	14.29%	2	1	39	27	0.98	1	1	8	4	0	2	A
II	655892	G	K	28	2	6.67%	2	1	43	33	0.98	1	1	9	19	0	2	T
II	670493	G	R	90	5	5.26%	2	2	43	37	0.98	1	1	37	53	2	3	A
II	670673	T	Y	90	7	7.14%	2	2	46	35	0.98	1	1	48	42	5	2	C
II	671077	C	Y	92	6	6.12%	2	2	44	43	0.98	1	1	49	43	3	3	T
II	675486	A	R	31	3	8.82%	2	2	46	37	0.98	1	1	19	12	2	1	G
II	685728	G	A	0	29	100%	0	2	0	41	0.98	0	1	0	0	18	11	A
II	688988	A	R	100	9	8.26%	2	2	46	48	0.98	1	1	61	39	6	3	G
II	689140	T	Y	102	6	5.56%	2	2	47	37	0.98	1	1	57	45	3	3	C
II	689212	T	Y	110	9	7.56%	2	2	45	41	0.98	1	1	54	56	7	2	C
II	689218	T	Y	109	7	6.03%	2	2	47	37	0.98	1	1	56	53	6	1	C
II	689313	C	Y	117	8	6.35%	2	2	48	36	0.98	1	1	61	56	7	1	T
II	689330	T	Y	104	27	20.61%	2	2	49	41	0.98	1	1	49	55	13	14	C
II	689356	T	Y	115	9	7.26%	2	2	47	39	0.98	1	1	53	62	6	3	C
II	689485	A	T	0	67	100%	0	2	0	37	0.98	0	1	0	0	32	35	T
II	689487	A	C	0	68	100%	0	2	0	38	0.98	0	1	0	0	35	33	C
II	689500	T	Y	70	7	9.09%	2	2	41	37	0.98	1	1	35	35	6	1	C
II	689578	T	Y	91	8	8.08%	2	2	45	37	0.98	1	1	39	52	5	3	C
II	689686	T	Y	81	13	13.83%	2	2	42	38	0.98	1	1	42	39	8	5	C
II	689709	C	Y	75	4	5.06%	2	2	40	37	0.98	1	1	38	37	1	3	T
II	689711	T	K	72	4	5.13%	2	2	41	37	0.98	1	1	37	35	2	2	G
II	689752	T	Y	76	6	7.32%	2	2	41	37	0.98	1	1	41	35	4	2	C
II	689794	T	C	5	93	94.9%	2	2	42	44	0.98	1	1	3	2	43	50	C
II	689834	G	S	94	12	11.32%	2	2	46	35	0.98	1	1	39	55	6	6	C
II	689902	T	Y	110	14	11.29%	2	2	44	37	0.98	1	1	47	63	9	5	C
II	689925	C	Y	103	15	12.71%	2	2	43	41	0.98	1	1	47	56	10	5	T
II	689996	A	R	110	13	10.48%	2	2	46	42	0.98	1	1	60	50	5	8	G
II	690040	T	Y	120	14	10.45%	2	2	47	46	0.98	1	1	63	57	7	7	C
II	690066	C	S	144	9	5.88%	2	2	47	39	0.98	1	1	71	73	6	3	G
II	690071	G	S	139	10	6.33%	2	2	47	41	0.98	1	1	70	69	7	3	C
II	690071	G	K	139	9	5.7%	2	2	47	34	0.98	1	1	70	69	3	6	C
II	690078	C	S	145	9	5.84%	2	2	46	33	0.98	1	1	74	71	7	2	G
II	690079	A	W	149	11	6.88%	2	2	46	35	0.98	1	1	76	73	8	3	T
II	690112	T	Y	135	11	7.53%	2	2	46	37	0.98	1	1	61	74	4	7	C
II	690190	T	Y	126	12	8.7%	2	2	45	41	0.98	1	1	57	69	6	6	C
II	690213	T	Y	116	8	6.45%	2	2	44	40	0.98	1	1	47	69	4	4	C
II	690215	G	K	119	7	5.56%	2	2	45	37	0.98	1	1	50	69	3	4	T
II	690283	C	Y	101	8	7.34%	2	2	44	46	0.98	1	1	46	55	4	4	T
II	690508	C	Y	106	9	7.83%	2	2	44	40	0.98	1	1	54	52	3	6	T
II	690537	G	S	91	6	5.61%	2	2	45	37	0.98	1	1	39	52	3	3	C
II	690537	G	K	91	10	9.35%	2	2	45	37	0.98	1	1	39	52	4	6	T
II	690580	T	Y	102	6	5.56%	2	2	48	37	0.98	1	1	44	58	3	3	C
II	690586	C	Y	106	6	5.36%	2	2	48	37	0.98	1	1	48	58	3	3	T
II	690604	A	W	103	7	6.36%	2	1	45	42	0.98	1	1	49	54	0	7	T
II	690685	T	K	100	6	5.66%	2	2	49	43	0.98	1	1	55	45	2	4	G
II	690770	G	S	93	12	11.43%	2	2	46	39	0.98	1	1	46	47	8	4	C
II	690910	T	Y	108	8	6.9%	2	2	45	41	0.98	1	1	54	54	3	5	C
II	690933	C	Y	98	12	10.81%	2	2	47	36	0.98	1	1	49	49	6	6	T
II	690976	T	Y	112	6	5.08%	2	2	45	48	0.98	1	1	52	60	4	2	C
II	691054	T	Y	86	8	8.51%	2	2	46	36	0.98	1	1	40	46	4	4	C
II	691087	A	W	94	5	5.05%	2	2	42	34	0.98	1	1	46	48	3	2	T
II	691113	C	Y	89	8	8.25%	2	2	43	34	0.98	1	1	40	49	4	4	T
II	691156	C	Y	102	8	7.27%	2	2	42	38	0.98	1	1	56	46	5	3	T
II	691223	G	S	95	5	5%	2	2	45	42	0.98	1	1	56	39	2	3	C
II	691228	C	Y	99	6	5.71%	2	2	45	43	0.98	1	1	57	42	3	3	T
II	691234	T	Y	96	8	7.62%	2	2	48	34	0.98	1	1	55	41	3	5	C
II	691480	T	Y	74	6	7.5%	2	2	43	37	0.98	1	1	25	49	3	3	C
II	691504	A	T	9	35	79.55%	2	2	41	41	0.98	1	1	4	5	13	22	T
II	691506	C	G	9	36	80%	2	2	42	40	0.98	1	1	4	5	14	22	G
II	691511	G	C	7	35	83.33%	2	2	40	42	0.98	1	1	3	4	13	22	C
II	691516	T	C	6	36	85.71%	2	2	33	39	0.98	1	1	1	5	14	22	C
II	691522	T	C	6	34	85%	2	2	37	41	0.98	1	1	1	5	13	21	C
II	691545	C	Y	22	3	12%	2	2	39	37	0.98	1	1	8	14	1	2	T
II	691547	T	Y	24	2	7.69%	2	1	39	31	0.98	1	1	10	14	0	2	C
II	691560	T	C	1	16	94.12%	1	2	25	41	0.98	1	1	0	1	6	10	C
II	691562	C	Y	21	6	22.22%	2	2	36	41	0.98	1	1	10	11	3	3	T
II	691617	C	Y	45	6	11.76%	2	2	44	35	0.98	1	1	28	17	2	4	T
II	691634	T	Y	53	10	15.87%	2	2	45	40	0.98	1	1	31	22	5	5	C
II	691660	T	Y	67	5	6.94%	2	2	44	39	0.98	1	1	40	27	2	3	C
II	691774	T	Y	123	10	7.52%	2	2	47	39	0.98	1	1	61	62	6	4	C
II	691876	C	Y	116	7	5.69%	2	2	48	42	0.98	1	1	59	57	2	5	T
II	691882	T	Y	117	9	7.14%	2	2	47	42	0.98	1	1	59	58	3	6	C
II	692020	T	Y	109	8	6.84%	2	2	49	34	0.98	1	1	43	66	2	6	C
II	692026	T	Y	102	7	6.42%	2	2	49	39	0.98	1	1	38	64	2	5	C
II	692051	G	K	100	7	6.36%	2	2	48	31	0.98	1	1	35	65	3	4	T
II	692164	C	Y	60	8	11.59%	2	2	45	35	0.98	1	1	30	30	3	5	T
II	692193	T	Y	35	7	16.67%	2	2	55	37	0.98	1	1	26	9	2	5	C
II	692195	G	K	35	7	16.28%	2	2	56	37	0.98	1	1	26	9	2	5	T
II	692203	A	W	41	3	6.82%	2	2	50	34	0.98	1	1	28	13	2	1	T
II	692272	C	Y	36	5	12.2%	2	2	43	34	0.98	1	1	15	21	4	1	T
II	692278	T	Y	33	3	8.11%	2	2	47	33	0.98	1	1	9	24	2	1	C
II	692301	T	Y	25	2	7.14%	2	2	47	37	0.98	1	1	9	16	1	1	C
II	692303	C	S	20	7	24.14%	2	2	48	35	0.98	1	1	7	13	4	3	G
II	692303	C	Y	20	2	6.9%	2	2	48	37	0.98	1	1	7	13	1	1	G
II	692310	C	S	25	2	7.41%	2	2	45	55	0.98	1	1	11	14	1	1	G
II	692311	A	W	21	2	8.7%	2	2	44	49	0.98	1	1	9	12	1	1	T
II	692344	C	Y	17	3	15%	2	2	46	37	0.98	1	1	9	8	1	2	T
II	692377	T	K	6	3	33.33%	1	2	42	61	0.98	1	1	0	6	2	1	G
II	692458	T	Y	6	2	25%	2	1	37	37	0.98	1	1	3	3	2	0	C
II	692481	C	Y	8	4	33.33%	2	2	40	37	0.98	1	1	7	1	1	3	T
II	692530	C	Y	27	2	6.9%	2	2	46	55	0.98	1	1	13	14	1	1	T
II	692553	C	Y	23	4	14.81%	2	2	49	35	0.98	1	1	13	10	1	3	T
II	692596	T	Y	21	2	8.33%	2	2	50	37	0.98	1	1	9	12	1	1	C
II	692710	T	Y	4	6	60%	1	2	64	37	0.98	1	1	4	0	4	2	C
II	692735	G	K	26	3	10.34%	2	2	45	46	0.98	1	1	18	8	1	2	T
II	692776	C	Y	53	3	5.36%	2	1	46	33	0.98	1	1	36	17	3	0	T
II	692805	C	Y	63	4	5.97%	2	2	45	37	0.98	1	1	45	18	2	2	T
II	692848	T	Y	88	6	6.38%	2	2	47	33	0.98	1	1	60	28	5	1	C
II	692884	T	Y	85	7	7.61%	2	1	48	35	0.98	1	1	52	33	7	0	C
II	693028	T	Y	106	9	7.83%	2	2	46	41	0.98	1	1	54	52	4	5	C
II	693055	T	W	104	11	9.57%	2	2	43	50	0.98	1	1	57	47	2	9	A
II	693106	T	Y	103	18	14.88%	2	2	43	37	0.98	1	1	59	44	9	9	C
II	693172	C	Y	132	7	5.04%	2	2	46	37	0.98	1	1	74	58	4	3	T
II	693244	T	Y	131	17	11.41%	2	2	47	38	0.98	1	1	61	70	9	8	C
II	693345	C	Y	86	9	9.28%	2	2	46	36	0.98	1	1	29	57	4	5	T
II	693347	T	K	91	5	5%	2	1	45	35	0.98	1	1	28	63	0	5	G
II	693388	T	Y	86	5	5.49%	2	2	44	33	0.98	1	1	24	62	2	3	C
II	693455	T	Y	56	3	5.08%	2	2	41	49	0.98	1	1	25	31	1	2	C
II	693499	C	T	0	35	97.22%	0	2	0	36	0.98	0	1	0	0	27	8	T
II	693529	T	K	46	4	8%	2	2	39	37	0.98	1	1	31	15	1	3	G
II	693595	C	Y	70	9	11.39%	2	2	48	37	0.98	1	1	43	27	6	3	T
II	693610	T	Y	82	6	6.82%	2	2	49	34	0.98	1	1	47	35	4	2	C
II	693633	C	Y	82	5	5.75%	2	2	48	42	0.98	1	1	48	34	4	1	T
II	693709	T	K	100	6	5.66%	2	2	45	43	0.98	1	1	48	52	5	1	G
II	693754	T	Y	109	7	6.03%	2	2	44	40	0.98	1	1	50	59	4	3	C
II	693820	T	Y	114	8	6.56%	2	2	47	36	0.98	1	1	62	52	4	4	C
II	693964	T	Y	144	9	5.88%	2	2	46	37	0.98	1	1	71	73	4	5	C
II	694006	C	Y	170	9	5.03%	2	2	45	45	0.98	1	1	91	79	6	3	T
II	694171	C	Y	137	18	11.61%	2	2	46	40	0.98	1	1	57	80	12	6	T
II	694402	T	Y	133	12	8.28%	2	2	44	39	0.98	1	1	67	66	6	6	C
II	694474	C	Y	146	9	5.81%	2	2	44	44	0.98	1	1	82	64	2	7	T
II	694540	T	Y	124	14	10.07%	2	2	46	38	0.98	1	1	65	59	9	5	C
II	694546	T	Y	124	15	10.79%	2	2	48	35	0.98	1	1	61	63	11	4	C
II	694641	C	Y	137	8	5.48%	2	2	43	33	0.98	1	1	63	74	2	6	T
II	694684	T	Y	138	10	6.71%	2	2	43	39	0.98	1	1	62	76	1	9	C
II	694756	T	Y	104	8	7.14%	2	2	42	40	0.98	1	1	41	63	4	4	C
II	694838	T	Y	95	13	12.04%	2	2	42	35	0.98	1	1	42	53	5	8	C
II	694982	T	Y	105	7	6.25%	2	2	48	34	0.98	1	1	42	63	5	2	C
II	695041	T	K	100	7	6.54%	2	2	45	37	0.98	1	1	47	53	4	3	G
II	695107	C	Y	94	6	6%	2	2	46	43	0.98	1	1	40	54	3	3	T
II	695145	C	Y	107	8	6.96%	2	2	45	37	0.98	1	1	55	52	5	3	T
II	695188	T	Y	112	9	7.44%	2	2	45	40	0.98	1	1	53	59	5	4	C
II	695332	C	Y	129	8	5.8%	2	2	46	39	0.98	1	1	60	69	4	4	T
II	695404	T	Y	107	62	36.69%	2	2	48	48	0.98	1	1	57	50	35	27	C
II	695620	C	Y	145	9	5.84%	2	2	46	36	0.98	1	1	69	76	4	5	T
II	695666	T	Y	111	11	9.02%	2	2	47	36	0.98	1	1	45	66	6	5	C
II	695827	C	T	0	43	100%	0	2	0	39	0.98	0	1	0	0	16	27	T
II	695874	C	S	57	3	5%	2	1	38	37	0.98	1	1	28	29	0	3	G
II	695939	G	K	66	6	8.22%	2	2	37	35	0.98	1	1	35	31	2	4	T
II	695947	A	W	74	4	5.13%	2	2	39	34	0.98	1	1	38	36	2	2	T
II	695980	T	Y	75	8	9.64%	2	2	40	37	0.98	1	1	40	35	5	3	C
II	696088	C	Y	103	9	8.04%	2	2	43	34	0.98	1	1	61	42	3	6	T
II	696166	T	Y	120	14	10.45%	2	2	44	41	0.98	1	1	59	61	12	2	C
II	696184	A	W	126	7	5.26%	2	2	43	44	0.98	1	1	70	56	5	2	T
II	696186	C	S	127	8	5.93%	2	2	44	43	0.98	1	1	69	58	6	2	G
II	696196	C	Y	133	7	5%	2	2	45	50	0.98	1	1	67	66	5	2	T
II	696199	T	W	123	8	6.11%	2	2	45	33	0.98	1	1	64	59	5	3	A
II	696232	C	Y	128	7	5.19%	2	2	46	42	0.98	1	1	67	61	1	6	T
II	696261	C	Y	120	11	8.33%	2	2	46	42	0.98	1	1	67	53	5	6	T
II	696304	C	Y	140	9	6.04%	2	2	48	43	0.98	1	1	82	58	3	6	T
II	696350	T	Y	156	18	10.29%	2	2	43	38	0.98	1	1	97	59	11	7	C
II	696376	T	Y	172	12	6.52%	2	2	44	34	0.98	1	1	101	71	8	4	C
II	696543	C	Y	253	22	8%	2	2	47	38	0.98	1	1	112	141	5	17	T
II	696558	C	S	257	14	5.17%	2	2	46	34	0.98	1	1	110	147	3	11	G
II	696592	T	Y	210	12	5.41%	2	2	45	39	0.98	1	1	75	135	6	6	C
II	696638	T	Y	111	73	39.67%	2	2	47	39	0.98	1	1	45	66	31	42	C
II	696664	T	Y	114	43	27.22%	2	2	48	41	0.98	1	1	48	66	20	23	C
II	696693	T	Y	110	8	6.78%	2	2	46	38	0.98	1	1	52	58	5	3	C
II	696695	G	K	109	6	5.17%	2	2	46	39	0.98	1	1	53	56	4	2	T
II	696700	C	Y	103	7	6.36%	2	2	47	42	0.98	1	1	52	51	1	6	T
II	696760	A	W	85	5	5.56%	2	2	48	37	0.98	1	1	38	47	2	3	T
II	696762	C	S	85	5	5.56%	2	2	49	37	0.98	1	1	37	48	2	3	G
II	696767	G	S	78	7	8.14%	2	2	50	37	0.98	1	1	33	45	3	4	C
II	696774	C	S	74	13	14.94%	2	2	48	37	0.98	1	1	29	45	9	4	G
II	696775	A	W	74	12	13.95%	2	2	49	37	0.98	1	1	31	43	8	4	T
II	696808	C	Y	65	52	44.07%	2	2	46	43	0.98	1	1	17	48	31	21	T
II	696831	C	Y	99	11	10%	2	1	46	40	0.98	1	1	54	45	0	11	T
II	696846	C	S	105	10	8.7%	2	1	47	36	0.98	1	1	56	49	0	10	G
II	696847	A	W	101	11	9.82%	2	2	47	35	0.98	1	1	56	45	2	9	T
II	696922	T	Y	114	8	6.56%	2	2	48	36	0.98	1	1	62	52	4	4	C
II	697060	T	Y	112	11	8.94%	2	2	48	37	0.98	1	1	54	58	9	2	C
II	697105	C	M	113	9	7.38%	2	2	48	36	0.98	1	1	53	60	7	2	A
II	697124	A	R	116	7	5.65%	2	2	47	42	0.98	1	1	55	61	5	2	G
II	697196	A	R	92	8	8%	2	2	45	38	0.98	1	1	56	36	2	6	G
II	697456	T	Y	110	9	7.5%	2	2	43	47	0.98	1	1	51	59	8	1	C
II	697628	A	R	81	6	6.9%	2	1	46	35	0.98	1	1	43	38	6	0	G
II	697642	T	Y	83	7	7.78%	2	2	47	37	0.98	1	1	43	40	6	1	C
II	697847	G	S	97	7	6.73%	2	2	44	39	0.98	1	1	52	45	4	3	C
II	697858	T	Y	94	15	13.76%	2	2	44	51	0.98	1	1	52	42	8	7	C
II	697879	T	W	100	19	15.97%	2	2	46	54	0.98	1	1	49	51	12	7	A
II	698027	G	S	89	7	7.29%	2	2	48	52	0.98	1	1	29	60	3	4	C
II	698032	T	Y	86	8	8.51%	2	2	47	54	0.98	1	1	27	59	4	4	C
II	698038	T	Y	76	5	6.17%	2	2	47	59	0.98	1	1	28	48	3	2	C
II	698084	G	R	63	4	5.97%	2	2	45	37	0.98	1	1	23	40	1	3	A
II	699951	T	G	0	25	100%	0	2	0	46	0.98	0	1	0	0	11	14	G
II	699952	G	T	0	25	100%	0	2	0	45	0.98	0	1	0	0	10	15	T
II	699961	A	T	0	27	100%	0	2	0	45	0.98	0	1	0	0	11	16	T
II	700019	T	A	0	14	100%	0	2	0	38	0.98	0	1	0	0	3	11	A
II	700020	C	T	0	15	100%	0	2	0	39	0.98	0	1	0	0	3	12	T
II	700021	A	C	0	15	100%	0	2	0	37	0.98	0	1	0	0	3	12	C
II	700024	T	A	0	14	100%	0	2	0	37	0.98	0	1	0	0	3	11	A
II	700028	A	T	0	15	100%	0	2	0	41	0.98	0	1	0	0	3	12	T
II	700113	A	T	0	17	100%	0	2	0	49	0.98	0	1	0	0	8	9	T
II	714067	A	M	32	2	5.88%	2	1	46	31	0.98	1	1	20	12	0	2	C
II	716367	G	K	33	2	5.71%	2	1	46	31	0.98	1	1	10	23	2	0	T
II	718525	T	Y	30	3	9.09%	2	2	43	37	0.98	1	1	16	14	2	1	C
II	718531	C	Y	28	3	9.68%	2	2	44	37	0.98	1	1	16	12	2	1	T
II	744895	A	M	21	2	8.7%	2	1	41	25	0.98	1	1	15	6	0	2	C
II	778777	A	M	21	2	8.7%	2	2	42	37	0.98	1	1	13	8	1	1	C
II	782380	A	M	19	4	17.39%	2	1	35	28	0.98	1	1	18	1	0	4	C
II	789035	T	K	36	3	7.69%	2	2	44	24	0.98	1	1	10	26	2	1	G
II	793925	A	W	32	2	5.88%	2	2	46	37	0.98	1	1	14	18	1	1	T
II	811676	A	W	19	2	9.52%	2	1	39	33	0.98	1	1	13	6	0	2	T
II	832031	G	K	23	2	8%	2	1	42	25	0.98	1	1	8	15	2	0	T
II	859495	A	W	22	2	8.33%	2	1	45	29	0.98	1	1	16	6	0	2	T
II	869806	G	C	0	34	100%	0	2	0	44	0.98	0	1	0	0	18	16	C
II	879033	T	A	0	11	100%	0	2	0	37	0.98	0	1	0	0	7	4	A
II	882523	T	Y	28	2	6.67%	2	2	43	37	0.98	1	1	8	20	1	1	C
II	923266	A	M	12	2	14.29%	2	1	40	31	0.98	1	1	11	1	0	2	C
II	923543	C	A	0	32	100%	0	2	0	47	0.98	0	1	0	0	16	16	A
II	924911	C	M	36	2	5.26%	2	1	47	27	0.98	1	1	21	15	0	2	A
II	928586	A	W	25	2	7.41%	2	1	46	31	0.98	1	1	8	17	0	2	T
II	935630	T	K	25	2	7.41%	2	1	45	31	0.98	1	1	10	15	2	0	G
II	935759	A	W	15	2	11.76%	2	2	44	37	0.98	1	1	10	5	1	1	T
II	943554	C	A	0	22	100%	0	2	0	52	0.98	0	1	0	0	10	12	A
II	953201	A	G	0	25	100%	0	2	0	42	0.98	0	1	0	0	11	14	G
II	957061	T	K	8	2	20%	2	1	55	37	0.98	1	1	3	5	0	2	G
II	967094	A	G	0	22	100%	0	2	0	48	0.98	0	1	0	0	13	9	G
II	986865	G	R	17	2	10.53%	2	2	44	37	0.98	1	1	6	11	1	1	A
II	992981	A	W	29	2	6.45%	2	2	44	25	0.98	1	1	19	10	1	1	T
II	993743	A	M	29	2	6.45%	2	1	43	31	0.98	1	1	14	15	2	0	C
II	997671	G	R	10	3	21.43%	2	2	39	61	0.98	1	1	7	3	1	2	A
II	997680	A	R	15	2	11.76%	2	1	43	37	0.98	1	1	9	6	0	2	G
II	1019511	A	W	3	2	40%	1	1	37	37	0.98	1	1	3	0	0	2	T
II	1019628	C	M	14	2	12.5%	2	1	37	31	0.98	1	1	2	12	2	0	A
II	1019641	G	K	17	2	10.53%	2	1	34	27	0.98	1	1	3	14	2	0	T
II	1019657	G	K	18	4	18.18%	2	1	36	34	0.98	1	1	2	16	4	0	T
II	1019681	G	K	20	2	9.09%	2	1	37	33	0.98	1	1	3	17	2	0	T
II	1031616	T	K	22	2	8.33%	2	1	51	37	0.98	1	1	13	9	2	0	G
II	1043641	T	W	26	2	7.14%	2	2	43	37	0.98	1	1	18	8	1	1	A
II	1043729	T	W	25	2	7.41%	2	2	47	37	0.98	1	1	14	11	1	1	A
II	1071542	A	M	23	2	8%	2	2	45	37	0.98	1	1	12	11	1	1	C
II	1074552	T	K	25	2	7.41%	2	1	37	27	0.98	1	1	3	22	2	0	G
II	1081711	C	M	16	2	11.11%	2	1	41	29	0.98	1	1	6	10	2	0	A
II	1085205	C	M	16	2	11.11%	2	1	45	25	0.98	1	1	11	5	0	2	A
II	1086596	T	W	29	2	6.45%	2	1	43	37	0.98	1	1	7	22	0	2	A
II	1102116	T	K	11	2	15.38%	2	1	41	27	0.98	1	1	2	9	2	0	G
II	1110443	T	K	17	2	10.53%	2	1	47	28	0.98	1	1	4	13	2	0	G
II	1110483	A	W	16	2	11.11%	2	1	52	27	0.98	1	1	5	11	2	0	T
II	1117450	C	M	27	2	6.9%	2	1	39	25	0.98	1	1	10	17	2	0	A
II	1121763	T	Y	35	2	5.41%	2	2	46	37	0.98	1	1	16	19	1	1	C
II	1147370	A	R	29	2	6.45%	2	2	45	48	0.98	1	1	19	10	1	1	G
II	1149971	G	K	12	2	14.29%	2	1	46	33	0.98	1	1	2	10	2	0	T
II	1149977	G	K	11	3	21.43%	1	1	39	31	0.98	1	1	0	11	3	0	T
II	1155903	T	A	0	23	100%	0	2	0	49	0.98	0	1	0	0	7	16	A
II	1159678	G	C	0	16	100%	0	2	0	44	0.98	0	1	0	0	10	6	C
II	1159694	A	T	0	18	100%	0	2	0	42	0.98	0	1	0	0	11	7	T
II	1200815	T	K	38	2	5%	2	2	47	25	0.98	1	1	17	21	1	1	G
II	1205239	G	K	8	3	27.27%	2	1	41	29	0.98	1	1	2	6	3	0	T
II	1238172	T	Y	33	4	10.81%	2	2	49	37	0.98	1	1	15	18	2	2	C
II	1261524	T	K	36	2	5.26%	2	1	47	31	0.98	1	1	14	22	2	0	G
II	1261726	G	K	32	2	5.88%	2	2	50	37	0.98	1	1	20	12	1	1	T
II	1267842	C	M	5	2	28.57%	2	1	44	37	0.98	1	1	2	3	0	2	A
II	1267844	A	W	6	2	25%	2	1	43	31	0.98	1	1	2	4	0	2	T
II	1268713	T	W	13	2	13.33%	2	2	42	37	0.98	1	1	6	7	1	1	A
II	1277481	G	K	5	3	21.43%	1	1	37	37	0.98	1	1	5	0	0	3	+TT
II	1278230	C	S	26	2	7.14%	2	1	46	37	0.98	1	1	10	16	2	0	G
II	1296052	T	Y	35	2	5.41%	2	2	57	68	0.98	1	1	20	15	1	1	C
II	1300034	C	M	25	11	30.56%	2	2	42	54	0.98	1	1	16	9	9	2	A
II	1300043	C	M	25	14	35.9%	2	2	43	49	0.98	1	1	14	11	11	3	A
II	1300044	G	K	36	2	5.26%	2	1	46	29	0.98	1	1	22	14	2	0	T
II	1300049	C	M	25	15	37.5%	2	2	45	44	0.98	1	1	14	11	11	4	A
II	1300055	G	R	25	17	39.53%	2	2	42	59	0.98	1	1	16	9	11	6	A
II	1300061	G	R	27	16	36.36%	2	2	43	60	0.98	1	1	18	9	12	4	A
II	1300067	G	R	25	16	35.56%	2	2	41	59	0.98	1	1	16	9	11	5	A
II	1300067	G	K	25	3	6.67%	2	2	41	26	0.98	1	1	16	9	2	1	A
II	1300073	G	R	23	22	47.83%	2	2	42	61	0.98	1	1	16	7	15	7	A
II	1300079	T	W	22	24	52.17%	2	2	42	58	0.98	1	1	13	9	14	10	A
II	1300082	G	R	26	20	43.48%	2	2	44	50	0.98	1	1	15	11	13	7	A
II	1300103	C	M	30	30	48.39%	2	2	45	66	0.98	1	1	19	11	17	13	A
II	1300115	G	R	28	33	50.77%	2	2	44	69	0.98	1	1	18	10	21	12	A
II	1300121	C	M	28	38	57.58%	2	2	43	60	0.98	1	1	17	11	21	17	A
II	1300124	C	M	28	36	55.38%	2	2	44	63	0.98	1	1	17	11	21	15	A
II	1300130	C	M	36	32	47.06%	2	2	45	58	0.98	1	1	23	13	17	15	A
II	1323791	C	M	18	2	10%	2	1	45	25	0.98	1	1	7	11	0	2	A
II	1323832	C	M	15	2	11.76%	2	1	43	25	0.98	1	1	4	11	0	2	A
II	1347996	C	Y	33	2	5.71%	2	2	45	37	0.98	1	1	15	18	1	1	T
II	1385375	T	W	29	2	6.45%	2	2	51	21	0.98	1	1	14	15	1	1	A
II	1398444	G	K	28	2	6.67%	2	1	44	25	0.98	1	1	10	18	0	2	T
II	1398454	A	W	29	2	6.45%	2	1	41	31	0.98	1	1	13	16	0	2	T
II	1401659	T	W	27	6	18.18%	2	2	45	37	0.98	1	1	14	13	3	3	A
II	1413588	T	C	0	29	100%	0	2	0	49	0.98	0	1	0	0	12	17	C
II	1413677	T	W	30	4	11.76%	2	2	45	34	0.98	1	1	14	16	2	2	A
II	1438303	G	K	26	2	7.14%	2	2	41	27	0.98	1	1	10	16	1	1	T
II	1445107	G	K	22	2	8.33%	2	1	46	31	0.98	1	1	13	9	2	0	T
II	1451262	G	K	35	2	5.41%	2	2	52	37	0.98	1	1	13	22	1	1	T
II	1457038	G	K	36	2	5.26%	2	1	43	29	0.98	1	1	9	27	2	0	T
II	1457056	C	M	36	2	5.26%	2	1	44	27	0.98	1	1	9	27	2	0	A
II	1473591	T	Y	29	2	6.45%	2	2	48	55	0.98	1	1	18	11	1	1	C
II	1485303	A	R	16	2	11.11%	2	1	43	37	0.98	1	1	11	5	2	0	G
II	1493377	G	K	36	2	5.26%	2	1	48	37	0.98	1	1	17	19	0	2	T
II	1507700	T	Y	38	2	5%	2	2	48	31	0.98	1	1	17	21	1	1	C
II	1508239	G	K	29	2	6.45%	2	1	45	37	0.98	1	1	8	21	0	2	T
II	1525056	A	W	37	3	7.5%	2	1	41	37	0.98	1	1	12	25	0	3	T
II	1528792	G	R	13	2	13.33%	2	2	50	37	0.98	1	1	7	6	1	1	A
II	1529564	C	Y	35	2	5.41%	2	2	50	37	0.98	1	1	12	23	1	1	T
II	1553845	G	K	24	2	7.69%	2	2	50	29	0.98	1	1	11	13	1	1	T
II	1562414	T	K	29	2	6.45%	2	2	49	49	0.98	1	1	19	10	1	1	G
II	1571447	A	R	30	2	6.25%	2	1	42	49	0.98	1	1	10	20	2	0	G
II	1588936	G	R	4	5	33.33%	2	2	33	42	0.98	1	1	3	1	1	4	A
II	1597177	A	W	25	2	7.41%	2	2	42	25	0.98	1	1	18	7	1	1	T
II	1609273	C	M	40	4	9.09%	2	1	42	37	0.98	1	1	16	24	0	4	A
II	1609312	A	R	46	4	8%	2	1	46	37	0.98	1	1	20	26	4	0	G
II	1632708	C	M	34	2	5.56%	2	2	43	23	0.98	1	1	14	20	1	1	A
II	1638609	G	K	38	5	11.63%	2	1	44	37	0.98	1	1	24	14	5	0	T
II	1641073	C	M	91	8	8.08%	2	2	50	58	0.98	1	1	38	53	4	4	A
II	1647261	A	W	23	2	8%	2	2	47	37	0.98	1	1	6	17	1	1	T
II	1647729	C	Y	28	2	6.67%	2	2	48	37	0.98	1	1	12	16	1	1	T
II	1671988	C	Y	24	2	7.69%	2	1	47	62	0.98	1	1	13	11	0	2	T
II	1672859	C	T	0	31	100%	0	2	0	48	0.98	0	1	0	0	21	10	T
II	1673002	G	C	0	39	100%	0	2	0	44	0.98	0	1	0	0	16	23	C
II	1678693	T	A	0	20	100%	0	2	0	42	0.98	0	1	0	0	14	6	A
II	1683324	T	G	0	50	100%	0	2	0	42	0.98	0	1	0	0	12	38	G
II	1697124	C	T	0	36	100%	0	2	0	49	0.98	0	1	0	0	21	15	T
II	1709559	T	K	37	3	7.5%	2	2	49	37	0.98	1	1	22	15	2	1	G
II	1709562	C	M	38	2	5%	2	2	48	37	0.98	1	1	22	16	1	1	A
II	1716272	C	Y	14	11	44%	2	2	34	52	0.98	1	1	4	10	5	6	T
II	1716273	T	Y	20	7	25.93%	2	2	37	42	0.98	1	1	10	10	2	5	C
II	1716288	G	T	0	12	100%	0	2	0	52	0.98	0	1	0	0	3	9	T
II	1716318	A	G	0	33	100%	0	2	0	43	0.98	0	1	0	0	10	23	G
II	1716320	T	G	0	33	100%	0	2	0	44	0.98	0	1	0	0	12	21	G
II	1716326	G	T	0	37	100%	0	2	0	48	0.98	0	1	0	0	14	23	T
II	1725589	C	M	34	2	5.56%	2	2	48	23	0.98	1	1	17	17	1	1	A
II	1731442	T	Y	28	2	6.67%	2	1	57	37	0.98	1	1	12	16	0	2	C
II	1746374	A	W	34	2	5.56%	2	1	44	31	0.98	1	1	20	14	0	2	T
II	1751787	T	W	24	2	7.69%	2	1	45	27	0.98	1	1	9	15	2	0	A
II	1768785	T	Y	30	2	6.25%	2	1	46	49	0.98	1	1	20	10	0	2	C
II	1784826	G	A	0	28	100%	0	2	0	52	0.98	0	1	0	0	12	16	A
II	1790942	A	M	30	2	6.25%	2	1	47	31	0.98	1	1	19	11	0	2	C
II	1792174	G	K	18	4	18.18%	2	1	40	31	0.98	1	1	10	8	4	0	T
II	1792175	A	M	18	5	21.74%	2	1	42	37	0.98	1	1	10	8	5	0	C
II	1840781	A	W	38	2	5%	2	1	44	25	0.98	1	1	15	23	0	2	T
II	1849777	G	A	0	18	100%	0	2	0	49	0.98	0	1	0	0	9	9	A
II	1868122	G	K	8	2	8.33%	2	1	41	37	0.98	1	1	7	1	0	2	+T
II	1874376	C	M	36	2	5.26%	2	1	41	23	0.98	1	1	27	9	2	0	A
II	1893505	A	R	21	2	8.7%	2	1	47	37	0.98	1	1	9	12	0	2	G
II	1906870	T	K	30	2	6.25%	2	1	48	31	0.98	1	1	12	18	2	0	G
II	1907962	T	Y	31	2	6.06%	2	1	44	31	0.98	1	1	16	15	0	2	C
II	1938474	T	K	32	2	5.88%	2	1	40	25	0.98	1	1	16	16	0	2	G
II	1939680	C	M	39	3	7.14%	2	1	41	31	0.98	1	1	32	7	0	3	A
II	1939692	C	M	31	2	6.06%	2	1	42	33	0.98	1	1	22	9	0	2	A
II	1939741	C	M	29	2	6.45%	2	1	41	27	0.98	1	1	20	9	0	2	A
II	1950050	A	R	0	2	6.9%	0	1	0	37	0.98	0	1	0	0	0	2	G
II	1951081	G	K	36	2	5.26%	2	1	47	31	0.98	1	1	10	26	2	0	T
II	1951093	G	K	33	2	5.71%	2	1	46	22	0.98	1	1	11	22	2	0	T
II	1951098	C	M	41	3	6.82%	2	1	48	33	0.98	1	1	19	22	3	0	A
II	1962419	T	A	0	62	100%	0	2	0	49	0.98	0	1	0	0	30	32	A
II	1962439	A	G	0	56	100%	0	2	0	48	0.98	0	1	0	0	28	28	G
II	1962458	T	A	0	51	100%	0	2	0	45	0.98	0	1	0	0	27	24	A
II	1978950	T	W	25	2	7.41%	2	1	40	37	0.98	1	1	13	12	2	0	A
II	1978974	A	R	27	2	6.9%	2	1	44	37	0.98	1	1	14	13	2	0	G
II	1978980	T	W	31	2	6.06%	2	1	44	37	0.98	1	1	19	12	2	0	A
II	1978982	A	R	30	2	6.25%	2	1	43	31	0.98	1	1	18	12	2	0	G
II	1981941	C	M	22	2	8.33%	2	1	50	31	0.98	1	1	12	10	0	2	A
II	1985862	T	W	24	2	7.69%	2	1	46	37	0.98	1	1	15	9	2	0	A
II	1987098	C	A	0	29	100%	0	2	0	48	0.98	0	1	0	0	16	13	A
II	2020626	C	M	36	2	5.26%	2	1	47	31	0.98	1	1	23	13	0	2	A
II	2023193	G	K	2	3	60%	1	1	33	37	0.98	1	1	2	0	0	3	T
II	2024731	C	S	13	2	13.33%	2	1	51	37	0.98	1	1	8	5	2	0	G
II	2032632	T	K	27	2	6.9%	2	2	41	31	0.98	1	1	12	15	1	1	G
II	2044929	A	T	0	26	100%	0	2	0	48	0.98	0	1	0	0	16	10	T
II	2045694	A	R	30	2	6.25%	2	2	42	37	0.98	1	1	21	9	1	1	G
II	2075792	A	M	22	3	12%	2	1	37	29	0.98	1	1	21	1	0	3	C
II	2076194	T	W	27	2	6.9%	2	1	46	27	0.98	1	1	10	17	2	0	A
II	2083377	T	Y	21	2	8.7%	2	1	47	37	0.98	1	1	12	9	2	0	C
II	2084578	G	R	23	2	8%	2	2	38	37	0.98	1	1	8	15	1	1	A
II	2085977	A	M	26	2	7.14%	2	1	45	25	0.98	1	1	10	16	0	2	C
II	2086048	A	R	29	2	6.45%	2	2	42	37	0.98	1	1	15	14	1	1	G
II	2086054	T	Y	30	2	6.25%	2	2	45	37	0.98	1	1	14	16	1	1	C
II	2090533	G	K	23	2	8%	2	1	40	29	0.98	1	1	17	6	0	2	T
II	2090588	C	M	22	2	8.33%	2	1	43	27	0.98	1	1	17	5	0	2	A
II	2106000	C	Y	25	2	7.41%	2	1	42	37	0.98	1	1	13	12	2	0	T
II	2108181	C	M	28	3	9.68%	2	1	37	37	0.98	1	1	22	6	0	3	A
II	2115845	A	G	0	101	100%	0	2	0	47	0.98	0	1	0	0	36	65	G
II	2118229	A	W	59	4	6.35%	2	2	49	34	0.98	1	1	35	24	2	2	T
II	2118923	A	W	35	2	5.41%	2	2	45	37	0.98	1	1	12	23	1	1	T
II	2126051	G	K	17	2	10.53%	1	1	39	33	0.98	1	1	17	0	0	2	T
II	2146718	C	M	19	2	9.52%	2	1	46	37	0.98	1	1	13	6	2	0	A
II	2166770	T	W	18	3	14.29%	2	1	48	33	0.98	1	1	9	9	3	0	A
II	2170087	T	K	19	2	9.52%	2	2	46	37	0.98	1	1	11	8	1	1	G
II	2172508	A	R	27	2	6.9%	2	2	42	55	0.98	1	1	13	14	1	1	G
II	2177631	C	Y	29	2	6.45%	2	2	40	37	0.98	1	1	18	11	1	1	T
II	2211605	A	W	26	2	7.14%	2	1	49	25	0.98	1	1	14	12	2	0	T
II	2213800	C	M	38	2	5%	2	1	39	27	0.98	1	1	18	20	0	2	A
II	2218030	G	R	47	4	7.84%	2	1	54	37	0.98	1	1	22	25	0	4	A
II	2218101	T	Y	35	8	18.6%	2	2	49	40	0.98	1	1	19	16	4	4	C
II	2228775	T	G	0	27	100%	0	2	0	46	0.98	0	1	0	0	7	20	G
II	2228777	G	T	0	29	100%	0	2	0	45	0.98	0	1	0	0	9	20	T
II	2320949	G	K	26	2	7.14%	2	1	42	25	0.98	1	1	6	20	2	0	T
II	2327059	A	R	54	4	6.9%	2	2	42	46	0.98	1	1	26	28	3	1	G
II	2336829	T	K	37	7	15.56%	2	2	48	35	0.98	1	1	16	21	3	4	G
II	2355990	A	W	30	4	11.76%	2	2	48	34	0.98	1	1	14	16	2	2	T
II	2360237	T	W	36	2	5.26%	2	1	41	31	0.98	1	1	8	28	2	0	A
II	2394097	T	Y	37	2	5.13%	2	1	45	37	0.98	1	1	22	15	0	2	C
II	2399474	A	M	28	2	6.67%	2	1	48	25	0.98	1	1	16	12	0	2	C
II	2403176	T	Y	38	11	22.45%	2	2	44	60	0.98	1	1	16	22	8	3	C
II	2404914	G	K	19	3	13.64%	2	1	42	30	0.98	1	1	8	11	3	0	T
II	2411941	C	M	14	2	12.5%	2	1	47	25	0.98	1	1	5	9	2	0	A
II	2421416	C	M	19	2	9.52%	2	1	38	31	0.98	1	1	2	17	2	0	A
II	2421441	G	K	20	2	9.09%	2	1	38	25	0.98	1	1	4	16	2	0	T
II	2433144	T	K	22	2	8.33%	2	1	47	27	0.98	1	1	16	6	2	0	G
II	2436580	C	G	0	54	100%	0	2	0	45	0.98	0	1	0	0	19	35	G
II	2437543	T	W	57	4	6.56%	2	1	42	37	0.98	1	1	37	20	4	0	A
II	2437547	G	R	61	4	6.15%	2	1	45	37	0.98	1	1	34	27	4	0	A
II	2437553	T	W	64	5	7.25%	2	1	45	37	0.98	1	1	34	30	5	0	A
II	2437558	T	Y	69	4	5.48%	2	1	45	37	0.98	1	1	32	37	4	0	C
II	2437564	A	W	64	11	14.67%	2	2	43	35	0.98	1	1	28	36	6	5	T
II	2437567	T	Y	63	9	12.5%	2	2	43	37	0.98	1	1	28	35	6	3	C
II	2437570	T	W	64	11	14.67%	2	2	43	34	0.98	1	1	29	35	6	5	A
II	2437571	G	S	65	10	13.33%	2	2	45	40	0.98	1	1	28	37	6	4	C
II	2437612	A	W	108	43	28.48%	2	2	47	43	0.98	1	1	54	54	25	18	T
II	2437627	C	Y	67	89	56.69%	2	2	46	47	0.98	1	1	28	39	50	39	T
II	2437629	G	R	118	37	23.87%	2	2	47	43	0.98	1	1	57	61	22	15	A
II	2437646	G	R	126	63	33.33%	2	2	47	45	0.98	1	1	62	64	37	26	A
II	2437684	T	W	153	72	32%	2	2	53	45	0.98	1	1	81	72	38	34	A
II	2437688	A	R	151	72	32.29%	2	2	53	45	0.98	1	1	78	73	37	35	G
II	2437720	A	W	197	11	5.29%	2	2	48	42	0.98	1	1	108	89	5	6	T
II	2437737	A	R	179	12	6.28%	2	2	49	51	0.98	1	1	97	82	6	6	G
II	2437754	G	R	189	10	5.03%	2	2	50	37	0.98	1	1	101	88	3	7	A
II	2437769	A	W	146	30	17.05%	2	2	48	44	0.98	1	1	77	69	14	16	T
II	2437771	A	M	148	24	13.95%	2	2	49	43	0.98	1	1	76	72	11	13	C
II	2437780	A	W	151	16	9.58%	2	2	49	40	0.98	1	1	74	77	5	11	T
II	2437855	A	M	82	63	43.45%	2	2	43	48	0.98	1	1	34	48	28	35	C
II	2437918	T	Y	77	37	32.46%	2	2	48	48	0.98	1	1	38	39	14	23	C
II	2437936	A	W	78	22	22%	2	2	48	46	0.98	1	1	36	42	9	13	T
II	2437942	G	K	77	21	21.43%	2	2	48	40	0.98	1	1	39	38	6	15	T
II	2437951	C	Y	78	14	15.22%	2	2	48	38	0.98	1	1	32	46	3	11	T
II	2437970	G	R	84	10	10.64%	2	2	46	37	0.98	1	1	29	55	1	9	A
II	2443142	G	K	5	2	28.57%	2	1	49	31	0.98	1	1	4	1	0	2	T
II	2443873	T	W	13	2	8%	2	1	43	33	0.98	1	1	12	1	0	2	A
II	2444543	T	C	0	61	100%	0	2	0	49	0.98	0	1	0	0	32	29	C
II	2445439	G	R	25	2	7.41%	2	2	51	37	0.98	1	1	14	11	1	1	A
II	2467336	T	K	19	2	9.52%	2	2	41	37	0.98	1	1	9	10	1	1	G
II	2475025	G	S	34	2	5.56%	2	2	49	37	0.98	1	1	12	22	1	1	C
II	2488048	T	K	18	4	18.18%	2	1	35	29	0.98	1	1	1	17	4	0	G
II	2488051	A	W	19	2	9.52%	2	2	40	29	0.98	1	1	5	14	1	1	T
II	2488087	G	K	15	2	11.76%	1	1	37	33	0.98	1	1	0	15	2	0	T
II	2488147	G	K	15	2	11.76%	2	1	41	22	0.98	1	1	3	12	0	2	T
II	2493226	T	K	48	3	5.88%	2	1	45	27	0.98	1	1	21	27	3	0	G
II	2506091	A	M	23	2	8%	2	1	48	31	0.98	1	1	11	12	2	0	C
II	2513166	T	W	44	6	12%	2	2	47	35	0.98	1	1	27	17	3	3	A
II	2523624	C	M	6	3	17.65%	1	1	41	29	0.98	1	1	6	0	0	3	A
II	2525724	G	R	43	3	6.52%	2	2	46	74	0.98	1	1	18	25	2	1	A
II	2536702	A	M	36	5	12.2%	2	1	42	28	0.98	1	1	30	6	0	5	C
II	2538916	T	Y	22	2	8.33%	2	1	47	29	0.98	1	1	11	11	0	2	C
II	2543291	A	M	17	3	15%	2	1	41	37	0.98	1	1	10	7	0	3	C
II	2574577	T	K	33	2	5.71%	2	1	40	31	0.98	1	1	19	14	2	0	G
II	2618590	T	K	35	2	5.41%	2	2	48	37	0.98	1	1	19	16	1	1	G
II	2618595	A	R	37	2	5.13%	2	2	48	37	0.98	1	1	19	18	1	1	G
II	2619952	T	K	25	2	7.41%	2	2	44	37	0.98	1	1	10	15	1	1	G
II	2630607	C	M	3	2	6.45%	1	1	46	37	0.98	1	1	3	0	0	2	A
II	2638189	C	Y	25	2	7.41%	2	1	41	37	0.98	1	1	11	14	0	2	T
II	2646528	C	M	34	2	5.56%	2	1	50	37	0.98	1	1	18	16	2	0	A
II	2651266	A	W	26	2	7.14%	2	1	46	25	0.98	1	1	11	15	0	2	T
II	2662075	G	K	17	2	10.53%	2	1	36	37	0.98	1	1	13	4	2	0	T
II	2676336	C	T	0	12	100%	0	2	0	49	0.98	0	1	0	0	7	5	T
II	2687742	T	Y	29	3	9.38%	2	2	50	40	0.98	1	1	11	18	2	1	C
II	2688937	A	W	32	2	5.88%	2	1	42	33	0.98	1	1	18	14	0	2	T
II	2688953	G	K	28	2	6.67%	2	2	43	25	0.98	1	1	13	15	1	1	T
II	2692887	A	W	22	2	8.33%	2	2	48	37	0.98	1	1	10	12	1	1	T
II	2701876	T	K	8	2	20%	2	2	50	37	0.98	1	1	3	5	1	1	G
II	2729073	C	M	24	2	7.69%	2	1	47	31	0.98	1	1	15	9	0	2	A
II	2729080	G	K	20	3	13.04%	2	1	49	34	0.98	1	1	11	9	0	3	T
II	2729142	A	M	18	2	10%	2	1	39	33	0.98	1	1	8	10	0	2	C
II	2743529	G	R	23	2	8%	2	2	43	37	0.98	1	1	7	16	1	1	A
II	2755340	T	Y	10	2	16.67%	2	1	40	55	0.98	1	1	2	8	2	0	C
II	2770728	C	M	8	2	20%	2	1	36	33	0.98	1	1	4	4	0	2	A
II	2770761	C	M	7	2	22.22%	2	1	40	25	0.98	1	1	5	2	0	2	A
II	2790588	C	M	19	2	9.52%	2	1	46	22	0.98	1	1	9	10	0	2	A
II	2793041	C	Y	32	2	5.88%	2	2	43	74	0.98	1	1	17	15	1	1	T
II	2805964	A	M	34	6	15%	2	2	39	61	0.98	1	1	22	12	4	2	C
II	2806053	G	A	0	29	100%	0	2	0	42	0.98	0	1	0	0	13	16	A
II	2808811	G	K	18	3	14.29%	2	1	35	29	0.98	1	1	4	14	3	0	T
II	2816898	C	M	21	2	8.7%	2	1	42	25	0.98	1	1	9	12	0	2	A
II	2828346	A	W	20	2	9.09%	2	2	53	37	0.98	1	1	11	9	1	1	T
II	2836238	A	M	27	2	6.9%	2	1	40	33	0.98	1	1	21	6	0	2	C
II	2838850	A	R	20	2	9.09%	2	1	45	37	0.98	1	1	8	12	2	0	G
II	2843604	T	W	36	2	5.26%	2	1	51	37	0.98	1	1	25	11	2	0	A
II	2860948	T	K	34	2	5.56%	2	1	48	25	0.98	1	1	17	17	0	2	G
II	2861851	G	K	32	2	5.88%	2	2	41	49	0.98	1	1	15	17	1	1	T
II	2886936	A	M	35	2	5.41%	2	1	43	37	0.98	1	1	20	15	0	2	C
II	2894619	C	M	23	2	8%	2	1	43	33	0.98	1	1	8	15	0	2	A
II	2901143	C	S	38	2	5%	2	1	43	37	0.98	1	1	22	16	2	0	G
II	2901509	G	T	0	77	100%	0	2	0	45	0.98	0	1	0	0	24	53	T
II	2914938	G	K	33	2	5.71%	2	1	44	55	0.98	1	1	16	17	2	0	T
II	2918717	A	R	32	2	5.88%	2	1	48	55	0.98	1	1	13	19	2	0	G
II	2930521	T	K	36	2	5.26%	2	1	51	37	0.98	1	1	16	20	2	0	G
II	2930606	A	W	29	2	6.45%	2	1	43	31	0.98	1	1	16	13	0	2	T
II	2930611	A	W	30	2	6.25%	2	1	43	25	0.98	1	1	16	14	0	2	T
II	2953738	T	K	37	2	5.13%	2	1	48	37	0.98	1	1	16	21	2	0	G
II	2955075	C	M	26	2	7.14%	2	1	40	25	0.98	1	1	17	9	0	2	A
II	2955111	C	M	21	3	12.5%	2	1	40	33	0.98	1	1	16	5	0	3	A
II	2955127	A	M	18	3	14.29%	2	1	43	25	0.98	1	1	14	4	0	3	C
II	2960610	T	K	53	3	5.36%	2	1	52	25	0.98	1	1	24	29	3	0	G
II	2982649	T	W	34	2	5.56%	2	1	48	37	0.98	1	1	17	17	2	0	A
II	2987576	G	S	31	2	6.06%	2	2	44	37	0.98	1	1	13	18	1	1	C
II	3003157	A	M	34	2	5.56%	2	1	51	25	0.98	1	1	18	16	2	0	C
II	3006137	A	T	0	23	100%	0	2	0	37	0.98	0	1	0	0	15	8	T
II	3017563	C	M	20	2	9.09%	2	1	43	25	0.98	1	1	5	15	2	0	A
II	3052978	A	R	13	2	13.33%	2	1	48	37	0.98	1	1	6	7	0	2	G
II	3087745	A	M	20	2	9.09%	2	1	46	31	0.98	1	1	12	8	2	0	C
II	3097890	T	W	22	2	8.33%	2	2	44	31	0.98	1	1	16	6	1	1	A
II	3097898	A	R	22	2	8.33%	2	2	43	55	0.98	1	1	16	6	1	1	G
II	3107909	C	M	27	2	6.9%	2	2	47	37	0.98	1	1	17	10	1	1	A
II	3163024	C	M	18	2	10%	2	1	37	25	0.98	1	1	10	8	2	0	A
II	3164524	G	K	32	2	5.88%	2	1	42	31	0.98	1	1	4	28	2	0	T
II	3170831	T	Y	27	2	6.9%	2	2	42	74	0.98	1	1	12	15	1	1	C
II	3190711	A	R	10	4	28.57%	2	2	39	37	0.98	1	1	4	6	2	2	G
II	3204199	A	W	34	2	5.56%	2	1	46	37	0.98	1	1	10	24	0	2	T
II	3209545	G	K	30	2	6.25%	2	1	44	68	0.98	1	1	17	13	2	0	T
II	3242960	T	W	38	2	5%	2	1	42	25	0.98	1	1	30	8	2	0	A
II	3255434	A	R	35	2	5.41%	2	1	45	37	0.98	1	1	23	12	0	2	G
II	3273780	C	Y	36	2	5.26%	2	1	44	55	0.98	1	1	23	13	0	2	T
II	3298572	A	W	17	2	10.53%	2	2	46	37	0.98	1	1	6	11	1	1	T
II	3298629	T	W	21	2	8.7%	2	2	49	37	0.98	1	1	6	15	1	1	A
II	3323896	C	M	20	2	9.09%	2	1	42	27	0.98	1	1	3	17	2	0	A
II	3323925	G	K	20	2	9.09%	2	1	36	33	0.98	1	1	1	19	2	0	T
II	3339489	T	K	27	2	6.9%	2	1	38	33	0.98	1	1	7	20	2	0	G
II	3339506	C	M	27	2	6.9%	2	1	41	25	0.98	1	1	4	23	2	0	A
II	3344259	G	K	15	2	11.76%	2	2	49	37	0.98	1	1	11	4	1	1	T
II	3363601	A	W	32	2	5.88%	2	1	44	25	0.98	1	1	13	19	0	2	T
II	3380529	T	K	22	2	8.33%	2	1	42	25	0.98	1	1	9	13	2	0	G
II	3380560	T	K	35	2	5.41%	2	1	43	25	0.98	1	1	19	16	2	0	G
II	3388342	A	R	35	2	5.41%	2	1	47	49	0.98	1	1	17	18	0	2	G
II	3388343	G	R	36	2	5.26%	2	2	48	68	0.98	1	1	17	19	1	1	A
II	3438618	A	M	30	2	6.25%	2	1	44	74	0.98	1	1	12	18	0	2	C
II	3446152	T	Y	26	2	7.14%	2	2	40	37	0.98	1	1	18	8	1	1	C
II	3451323	A	W	27	2	6.9%	2	1	46	49	0.98	1	1	14	13	0	2	T
II	3494814	A	M	38	3	7.32%	2	1	47	61	0.98	1	1	19	19	0	3	C
II	3499730	G	S	28	2	6.67%	2	1	41	37	0.98	1	1	18	10	2	0	C
II	3505644	A	W	28	4	12.5%	2	2	43	61	0.98	1	1	15	13	1	3	T
II	3505710	C	M	24	3	11.11%	2	1	43	29	0.98	1	1	12	12	0	3	A
II	3505724	C	M	22	3	12%	2	1	44	29	0.98	1	1	11	11	0	3	A
II	3518887	G	K	22	2	8.33%	2	1	43	25	0.98	1	1	14	8	0	2	T
II	3524722	C	Y	50	4	7.41%	2	2	43	74	0.98	1	1	32	18	1	3	T
II	3532163	A	M	21	2	8.7%	2	1	36	25	0.98	1	1	18	3	0	2	C
II	3545259	T	K	8	2	20%	2	1	40	37	0.98	1	1	1	7	2	0	G
II	3547409	A	R	31	2	6.06%	2	1	50	37	0.98	1	1	23	8	0	2	G
II	3553638	A	M	31	2	6.06%	2	2	46	37	0.98	1	1	19	12	1	1	C
II	3579137	T	Y	19	2	9.52%	2	2	42	37	0.98	1	1	12	7	1	1	C
II	3582542	A	M	28	2	6.67%	2	1	39	31	0.98	1	1	12	16	0	2	C
II	3606915	T	K	17	3	15%	2	1	45	29	0.98	1	1	3	14	3	0	G
II	3619997	G	K	41	3	6.82%	2	1	45	37	0.98	1	1	27	14	3	0	T
II	3626175	T	Y	16	2	11.11%	2	2	40	37	0.98	1	1	9	7	1	1	C
II	3628375	A	R	21	2	8.7%	2	1	43	55	0.98	1	1	8	13	2	0	G
II	3632740	A	W	33	4	10.81%	2	2	45	37	0.98	1	1	12	21	2	2	T
II	3637516	A	R	31	2	6.06%	2	1	46	74	0.98	1	1	16	15	2	0	G
II	3639437	A	R	16	2	11.11%	2	1	45	37	0.98	1	1	7	9	2	0	G
II	3664440	A	M	26	2	7.14%	2	1	40	33	0.98	1	1	20	6	0	2	C
II	3666419	G	S	40	3	6.98%	2	1	45	33	0.98	1	1	19	21	0	3	C
II	3696838	G	R	32	2	5.88%	2	2	46	37	0.98	1	1	17	15	1	1	A
II	3769193	A	M	10	2	16.67%	2	1	38	22	0.98	1	1	8	2	0	2	C
II	3799350	G	R	4	3	23.08%	2	1	43	33	0.98	1	1	3	1	0	3	A
II	3804512	T	Y	29	2	6.45%	2	2	41	37	0.98	1	1	10	19	1	1	C
II	3805087	C	M	17	4	19.05%	2	1	45	34	0.98	1	1	9	8	4	0	A
II	3810789	T	W	38	2	5%	2	1	48	37	0.98	1	1	17	21	2	0	A
II	3815064	C	M	13	2	13.33%	2	1	39	29	0.98	1	1	1	12	2	0	A
II	3816977	C	Y	38	2	5%	2	2	44	37	0.98	1	1	20	18	1	1	T
II	3836589	C	M	25	2	7.41%	2	2	48	37	0.98	1	1	11	14	1	1	A
II	3837231	G	K	29	2	6.45%	2	1	41	25	0.98	1	1	13	16	0	2	T
II	3845815	T	K	48	3	5.88%	2	1	46	33	0.98	1	1	12	36	3	0	G
II	3860185	C	M	28	3	5.56%	2	1	48	37	0.98	1	1	6	22	3	0	A
II	3860190	A	M	26	10	27.78%	2	2	48	39	0.98	1	1	7	19	9	1	C
II	3861531	A	W	5	2	28.57%	1	1	37	33	0.98	1	1	0	5	2	0	T
II	3865996	A	R	28	2	6.67%	2	2	39	55	0.98	1	1	22	6	1	1	G
II	3893738	C	S	44	3	6.38%	2	2	49	49	0.98	1	1	18	26	2	1	G
II	3910669	A	M	38	3	7.32%	2	1	51	33	0.98	1	1	21	17	0	3	C
II	3929275	G	K	11	2	15.38%	2	1	40	25	0.98	1	1	7	4	2	0	T
II	3929283	C	M	7	2	22.22%	2	1	40	33	0.98	1	1	4	3	2	0	A
II	3947304	T	W	28	2	6.67%	2	2	46	37	0.98	1	1	14	14	1	1	A
II	3949098	T	K	27	2	6.9%	2	2	40	55	0.98	1	1	11	16	1	1	G
II	3951265	G	R	22	2	8.33%	2	2	46	37	0.98	1	1	8	14	1	1	A
II	3953993	A	W	62	4	6.06%	2	1	44	23	0.98	1	1	34	28	0	4	T
II	3980573	C	M	24	2	7.69%	2	1	42	33	0.98	1	1	6	18	2	0	A
II	3980632	T	Y	14	8	36.36%	2	2	39	49	0.98	1	1	6	8	3	5	C
II	3982906	T	K	33	2	5.71%	2	1	45	37	0.98	1	1	20	13	2	0	G
II	3990559	T	W	21	2	8.7%	2	2	45	37	0.98	1	1	15	6	1	1	A
II	4028142	A	M	22	2	8.33%	2	1	44	25	0.98	1	1	16	6	0	2	C
II	4031423	G	K	13	2	13.33%	2	1	46	37	0.98	1	1	7	6	0	2	T
II	4037197	A	R	70	14	15.91%	2	2	45	43	0.98	1	1	20	50	9	5	G
II	4037236	G	K	49	4	7.41%	2	2	45	37	0.98	1	1	21	28	2	2	T
II	4037243	C	M	53	3	5.36%	2	1	48	25	0.98	1	1	23	30	3	0	A
II	4057574	T	K	35	2	5.41%	2	2	48	49	0.98	1	1	16	19	1	1	G
II	4059179	G	K	27	2	6.9%	2	1	44	25	0.98	1	1	16	11	0	2	T
II	4072613	C	S	29	2	6.45%	2	2	49	37	0.98	1	1	15	14	1	1	G
II	4081471	G	K	19	2	9.52%	2	1	44	25	0.98	1	1	8	11	2	0	T
II	4084715	G	S	37	2	5.13%	2	2	45	37	0.98	1	1	17	20	1	1	C
II	4088643	C	M	31	3	8.82%	2	1	45	29	0.98	1	1	22	9	0	3	A
II	4092671	A	M	33	2	5.71%	2	1	50	25	0.98	1	1	20	13	0	2	C
II	4097340	C	Y	37	2	5.13%	2	2	43	37	0.98	1	1	23	14	1	1	T
II	4097435	A	W	32	2	5.88%	2	1	42	37	0.98	1	1	14	18	0	2	T
II	4100773	C	Y	33	2	5.71%	2	2	40	74	0.98	1	1	16	17	1	1	T
II	4107253	G	K	6	4	28.57%	2	1	36	35	0.98	1	1	3	3	0	4	T
II	4122326	T	C	0	49	100%	0	2	0	50	0.98	0	1	0	0	23	26	C
II	4130104	G	R	36	2	5.26%	2	1	44	68	0.98	1	1	13	23	2	0	A
II	4134119	G	S	29	3	9.38%	2	2	45	49	0.98	1	1	17	12	2	1	C
II	4177505	A	M	21	2	8.7%	2	1	47	55	0.98	1	1	10	11	2	0	C
II	4192704	A	R	24	2	7.69%	2	2	45	55	0.98	1	1	14	10	1	1	G
II	4207026	C	M	27	2	6.9%	2	1	47	31	0.98	1	1	17	10	0	2	A
II	4215623	T	W	32	2	5.88%	2	1	49	37	0.98	1	1	8	24	2	0	A
II	4230366	T	Y	33	3	8.33%	2	1	49	61	0.98	1	1	13	20	0	3	C
II	4250700	G	K	29	2	6.45%	2	1	42	25	0.98	1	1	11	18	2	0	T
II	4251246	G	S	38	2	5%	2	1	49	37	0.98	1	1	11	27	0	2	C
II	4253431	A	R	32	2	5.88%	2	2	44	37	0.98	1	1	22	10	1	1	G
II	4273518	A	M	51	3	5.56%	2	1	47	37	0.98	1	1	27	24	3	0	C
II	4273780	T	Y	35	2	5.41%	2	2	49	37	0.98	1	1	19	16	1	1	C
II	4274000	A	R	40	3	6.98%	2	1	50	37	0.98	1	1	23	17	0	3	G
II	4293587	A	R	34	2	5.56%	2	1	47	55	0.98	1	1	12	22	2	0	G
II	4301063	G	R	16	4	20%	2	2	43	28	0.98	1	1	9	7	2	2	A
II	4301792	T	K	29	2	6.45%	2	1	43	31	0.98	1	1	9	20	2	0	G
II	4308430	T	W	25	2	7.41%	2	1	41	37	0.98	1	1	14	11	2	0	A
II	4313661	C	S	39	3	7.14%	2	2	43	49	0.98	1	1	24	15	2	1	G
II	4329011	C	M	13	2	13.33%	2	1	45	25	0.98	1	1	5	8	0	2	A
II	4335431	T	W	25	2	7.41%	2	1	43	25	0.98	1	1	13	12	0	2	A
II	4338842	G	K	32	2	5.88%	2	2	41	31	0.98	1	1	12	20	1	1	T
II	4369670	C	M	25	2	7.41%	2	1	41	31	0.98	1	1	13	12	0	2	A
II	4376285	T	Y	34	4	10.53%	2	2	44	37	0.98	1	1	13	21	2	2	C
II	4377324	A	R	31	2	6.06%	2	1	48	37	0.98	1	1	13	18	2	0	G
II	4387575	C	M	22	2	8.33%	2	1	38	25	0.98	1	1	3	19	2	0	A
II	4387587	G	K	25	2	7.41%	2	1	36	33	0.98	1	1	4	21	2	0	T
II	4387606	T	W	29	2	6.45%	2	1	39	27	0.98	1	1	8	21	2	0	A
II	4397067	G	R	22	3	12%	2	1	45	37	0.98	1	1	11	11	3	0	A
II	4397070	T	Y	25	3	10.71%	2	1	44	37	0.98	1	1	11	14	3	0	C
II	4400666	A	C	0	18	100%	0	2	0	47	0.98	0	1	0	0	9	9	C
II	4422513	G	R	70	4	5.41%	2	2	47	33	0.98	1	1	30	40	3	1	A
II	4422685	A	R	47	4	7.84%	2	2	46	37	0.98	1	1	22	25	1	3	G
II	4422786	T	Y	53	5	8.62%	2	2	47	42	0.98	1	1	29	24	3	2	C
II	4422789	A	W	51	5	8.93%	2	2	47	51	0.98	1	1	29	22	3	2	T
II	4422918	A	W	52	4	7.14%	2	2	44	35	0.98	1	1	24	28	2	2	T
II	4423500	C	Y	63	5	7.35%	2	2	44	51	0.98	1	1	39	24	4	1	T
II	4423525	G	R	68	4	5.56%	2	2	48	37	0.98	1	1	39	29	3	1	A
II	4423551	T	W	61	4	6.15%	2	2	44	33	0.98	1	1	34	27	2	2	A
II	4423624	A	R	67	5	6.94%	2	2	48	32	0.98	1	1	35	32	4	1	G
II	4435791	G	K	36	2	5.26%	2	2	44	55	0.98	1	1	16	20	1	1	T
II	4436940	A	R	74	4	5.13%	2	2	46	40	0.98	1	1	35	39	1	3	G
II	4443368	T	K	37	2	5.13%	2	2	43	37	0.98	1	1	26	11	1	1	G
II	4497145	C	M	18	2	10%	2	1	41	27	0.98	1	1	3	15	2	0	A
II	4497198	A	W	28	2	6.67%	2	1	44	25	0.98	1	1	10	18	2	0	T
II	4497276	T	Y	22	3	12%	2	1	43	37	0.98	1	1	6	16	0	3	C
II	4498896	T	Y	13	2	13.33%	2	1	45	37	0.98	1	1	10	3	0	2	C
II	4500023	T	Y	15	2	11.76%	2	2	38	55	0.98	1	1	9	6	1	1	C
II	4502746	C	S	11	2	15.38%	2	2	38	37	0.98	1	1	5	6	1	1	G
II	4505717	A	R	27	6	18.18%	2	2	42	35	0.98	1	1	11	16	2	4	G
II	4505734	A	R	32	2	5.88%	2	1	37	37	0.98	1	1	14	18	0	2	G
II	4507767	T	W	55	3	5.17%	2	2	51	74	0.98	1	1	30	25	1	2	A
II	4507789	G	S	54	5	8.47%	2	2	50	64	0.98	1	1	28	26	3	2	C
II	4513966	A	R	47	16	25.4%	2	2	49	43	0.98	1	1	17	30	6	10	G
II	4513980	A	W	56	13	18.84%	2	2	49	41	0.98	1	1	24	32	3	10	T
II	4517020	C	Y	101	8	7.34%	2	1	48	37	0.98	1	1	52	49	0	8	T
II	4518017	T	Y	107	6	5.31%	2	2	48	55	0.98	1	1	45	62	2	4	C
II	4518139	T	Y	100	6	5.66%	2	2	47	53	0.98	1	1	37	63	5	1	C
II	4518427	T	Y	56	4	6.56%	2	1	45	55	0.98	1	1	27	29	4	0	C
II	4518435	T	Y	54	3	5.26%	2	1	44	49	0.98	1	1	25	29	3	0	C
II	4521636	C	Y	12	11	47.83%	2	2	46	43	0.98	1	1	6	6	2	9	T
II	4523882	C	Y	37	22	37.29%	2	2	43	45	0.98	1	1	15	22	14	8	T
II	4525822	C	Y	15	5	25%	2	1	41	37	0.98	1	1	8	7	0	5	T
II	4525966	C	Y	21	5	19.23%	2	2	46	59	0.98	1	1	9	12	1	4	T
II	4527852	C	M	56	3	5.08%	2	1	40	27	0.98	1	1	34	22	0	3	A
II	4527860	A	W	57	3	5%	2	1	40	25	0.98	1	1	31	26	0	3	T
II	4527879	G	S	52	14	21.21%	2	2	46	36	0.98	1	1	22	30	8	6	C
II	4527881	C	Y	42	14	24.56%	2	2	43	42	0.98	1	1	22	20	8	6	T
II	4529116	T	Y	81	70	46.36%	2	2	47	51	0.98	1	1	46	35	34	36	C
II	4529965	A	R	53	36	40.45%	2	2	48	49	0.98	1	1	24	29	13	23	G
II	4530007	G	R	95	9	8.65%	2	2	46	60	0.98	1	1	44	51	4	5	A
II	4530323	G	R	53	6	10.17%	2	2	42	41	0.98	1	1	20	33	2	4	A
II	4530797	C	Y	79	17	17.71%	2	2	48	47	0.98	1	1	38	41	10	7	T
II	4531033	G	S	60	57	48.72%	2	2	44	41	0.98	1	1	37	23	37	20	C
II	4531092	G	R	56	44	44%	2	2	46	45	0.98	1	1	34	22	23	21	A
II	4531414	T	Y	79	79	50%	2	2	44	46	0.98	1	1	46	33	51	28	C
II	4531592	G	R	86	59	40.41%	2	2	44	45	0.98	1	1	53	33	19	40	A
II	4531749	C	Y	90	40	30.77%	2	2	43	38	0.98	1	1	31	59	25	15	T
II	4531764	A	R	65	65	50%	2	2	42	41	0.98	1	1	21	44	39	26	G
II	4532088	G	K	64	79	55.24%	2	2	47	44	0.98	1	1	39	25	42	37	T
II	4532323	C	Y	114	22	16.18%	2	2	43	50	0.98	1	1	76	38	10	12	T
II	4533394	T	Y	79	69	46.62%	2	2	46	48	0.98	1	1	41	38	29	40	C
II	4533451	T	Y	74	62	45.59%	2	2	42	46	0.98	1	1	33	41	29	33	C
II	4533598	G	R	78	42	35%	2	2	42	39	0.98	1	1	43	35	24	18	A
II	4533617	A	R	90	48	34.78%	2	2	43	41	0.98	1	1	42	48	27	21	G
II	4533636	C	Y	97	59	37.82%	2	2	46	46	0.98	1	1	39	58	24	35	T
II	4533744	T	Y	127	63	33.16%	2	2	44	46	0.98	1	1	57	70	33	30	C
II	4533922	G	R	155	80	34.04%	2	2	49	44	0.98	1	1	57	98	30	50	A
II	4533994	T	Y	130	111	46.06%	2	2	45	46	0.98	1	1	80	50	67	44	C
II	4534246	C	M	154	83	35.02%	2	2	43	44	0.98	1	1	77	77	43	40	A
II	4534498	A	M	113	70	38.25%	2	2	43	44	0.98	1	1	69	44	41	29	C
II	4537214	T	Y	291	68	18.89%	2	2	49	46	0.98	1	1	181	110	50	18	C
II	4537402	A	R	252	19	7.01%	2	2	46	50	0.98	1	1	139	113	7	12	G
II	4537670	A	R	106	7	6.19%	2	2	43	38	0.98	1	1	63	43	4	3	G
II	4537844	T	Y	71	30	29.7%	2	2	45	45	0.98	1	1	37	34	10	20	C
II	4537980	C	Y	144	19	11.66%	2	2	47	44	0.98	1	1	75	69	3	16	T
II	4538027	A	R	198	41	17.15%	2	2	48	45	0.98	1	1	110	88	33	8	G
II	4538036	G	K	180	281	60.95%	2	2	48	56	0.98	1	1	119	61	203	78	T
II	4538038	A	R	185	344	65.03%	2	2	48	54	0.98	1	1	128	57	257	87	G
II	4538047	G	R	709	40	5.34%	2	2	54	59	0.98	1	1	518	191	30	10	A
II	4538048	C	Y	270	475	63.59%	2	2	51	56	0.98	1	1	196	74	349	126	T
II	4538052	A	R	207	555	72.74%	2	2	49	56	0.98	1	1	152	55	404	151	G
II	4538091	T	Y	303	494	61.06%	2	2	49	59	0.98	1	1	167	136	294	200	C
II	4538114	A	R	178	100	35.97%	2	2	46	47	0.98	1	1	103	75	15	85	G
II	4538115	G	K	186	102	35.42%	2	2	46	47	0.98	1	1	112	74	15	87	T
II	4538116	G	R	186	100	34.97%	2	2	46	47	0.98	1	1	111	75	15	85	A
II	4538118	G	R	180	101	35.94%	2	2	45	47	0.98	1	1	110	70	15	86	A
II	4538122	G	S	180	100	35.71%	2	2	47	47	0.98	1	1	107	73	15	85	C
II	4538125	A	W	190	102	34.93%	2	2	46	46	0.98	1	1	114	76	15	87	T
II	4538126	C	S	193	102	34.58%	2	2	46	47	0.98	1	1	116	77	15	87	G
II	4538128	A	R	190	99	33.9%	2	2	47	47	0.98	1	1	114	76	16	83	G
II	4538155	T	K	335	69	17.08%	2	2	47	40	0.98	1	1	162	173	2	67	G
II	4538164	A	W	216	177	44.92%	2	2	49	43	0.98	1	1	128	88	16	161	T
II	4538203	A	W	245	22	8.24%	2	2	49	51	0.98	1	1	99	146	7	15	T
II	4538216	A	W	244	21	7.92%	2	2	50	52	0.98	1	1	98	146	7	14	T
II	4538238	T	K	262	22	7.75%	2	2	51	48	0.98	1	1	108	154	5	17	G
II	4538244	A	R	258	20	7.19%	2	2	49	48	0.98	1	1	103	155	5	15	G
II	4538541	C	Y	88	5	5.32%	2	1	43	37	0.98	1	1	51	37	5	0	T
II	4538556	T	Y	81	10	10.99%	2	2	43	40	0.98	1	1	59	22	9	1	C
II	4538770	T	Y	80	31	27.93%	2	2	43	39	0.98	1	1	53	27	29	2	C
II	4538906	C	Y	188	50	21.01%	2	2	49	48	0.98	1	1	89	99	31	19	T
II	4539524	G	R	51	54	51.43%	2	2	47	45	0.98	1	1	28	23	25	29	A
II	4539673	T	W	26	30	53.57%	2	2	41	44	0.98	1	1	9	17	11	19	A
II	4539725	T	Y	31	27	46.55%	2	2	45	46	0.98	1	1	10	21	10	17	C
III	4730	T	W	537	31	5.46%	2	2	47	39	0.98	1	1	335	202	13	18	A
III	5850	A	M	458	53	10.11%	2	1	38	29	0.98	1	1	417	41	0	53	C
III	15600	T	W	563	31	5.22%	2	2	45	40	0.98	1	1	342	221	13	18	A
III	16720	A	M	454	60	11.43%	2	1	38	30	0.98	1	1	423	31	0	60	C
III	32885	T	K	19	2	9.52%	2	1	50	37	0.98	1	1	7	12	2	0	G
III	32890	G	R	20	2	9.09%	2	1	49	31	0.98	1	1	8	12	2	0	A
III	32908	C	Y	22	4	15.38%	2	2	48	55	0.98	1	1	11	11	3	1	T
III	32920	T	Y	25	2	7.41%	2	1	50	37	0.98	1	1	12	13	2	0	C
III	32932	A	W	25	2	7.41%	2	1	51	37	0.98	1	1	12	13	2	0	T
III	32989	A	M	23	2	8%	2	2	49	55	0.98	1	1	9	14	1	1	C
III	33004	T	Y	26	5	16.13%	2	1	46	61	0.98	1	1	17	9	0	5	C
III	33006	C	S	29	4	12.12%	2	1	44	64	0.98	1	1	20	9	0	4	G
III	69590	A	W	20	2	9.09%	2	1	48	25	0.98	1	1	14	6	0	2	T
III	112854	T	Y	25	3	10.71%	2	1	49	37	0.98	1	1	8	17	3	0	C
III	123340	N	A	0	24	96%	0	2	0	39	0.98	0	1	0	0	8	16	A
III	141452	T	W	27	2	6.9%	2	1	43	22	0.98	1	1	8	19	2	0	A
III	169237	A	W	25	2	7.41%	2	2	45	37	0.98	1	1	11	14	1	1	T
III	201880	T	Y	21	2	8.7%	2	2	48	37	0.98	1	1	11	10	1	1	C
III	206098	G	K	33	2	5.71%	2	1	47	31	0.98	1	1	18	15	0	2	T
III	212014	G	K	6	3	33.33%	1	1	37	34	0.98	1	1	0	6	3	0	T
III	212033	T	W	6	2	25%	1	1	35	22	0.98	1	1	0	6	2	0	A
III	213777	G	S	34	2	5.56%	2	2	44	74	0.98	1	1	17	17	1	1	C
III	213787	G	K	31	2	6.06%	2	2	44	74	0.98	1	1	15	16	1	1	T
III	218751	G	K	23	2	8%	2	1	40	25	0.98	1	1	16	7	0	2	T
III	227730	A	T	0	34	100%	0	2	0	46	0.98	0	1	0	0	15	19	T
III	228170	A	R	44	3	6.38%	2	2	49	61	0.98	1	1	18	26	2	1	G
III	260280	C	M	6	2	25%	1	1	47	25	0.98	1	1	0	6	2	0	A
III	260301	G	K	8	2	20%	2	1	43	31	0.98	1	1	2	6	2	0	T
III	283562	T	K	34	2	5.56%	2	1	41	49	0.98	1	1	22	12	2	0	G
III	284657	C	A	0	14	100%	0	2	0	42	0.98	0	1	0	0	5	9	A
III	291577	G	S	37	2	5.13%	2	1	45	31	0.98	1	1	14	23	0	2	C
III	302332	G	K	25	2	7.41%	2	1	42	25	0.98	1	1	4	21	2	0	T
III	343024	G	K	17	2	10.53%	2	1	34	25	0.98	1	1	4	13	2	0	T
III	348336	A	M	35	2	5.41%	2	1	43	25	0.98	1	1	15	20	2	0	C
III	354948	T	K	28	2	6.67%	2	2	47	37	0.98	1	1	15	13	1	1	G
III	363619	C	Y	25	2	7.41%	2	1	42	37	0.98	1	1	7	18	0	2	T
III	376170	T	K	25	2	7.41%	2	1	55	31	0.98	1	1	14	11	0	2	G
III	380886	T	K	25	2	7.41%	2	2	42	49	0.98	1	1	13	12	1	1	G
III	391203	T	W	34	2	5.56%	2	2	56	37	0.98	1	1	16	18	1	1	A
III	402942	G	K	27	2	6.9%	2	2	44	37	0.98	1	1	9	18	1	1	T
III	411149	C	M	33	2	5.71%	2	2	49	25	0.98	1	1	8	25	1	1	A
III	427447	G	S	24	2	7.69%	2	1	45	55	0.98	1	1	9	15	2	0	C
III	435384	T	W	24	2	7.69%	2	1	48	55	0.98	1	1	5	19	2	0	A
III	435426	C	S	31	2	6.06%	2	1	42	37	0.98	1	1	7	24	0	2	G
III	439332	A	M	28	2	6.67%	2	2	48	37	0.98	1	1	11	17	1	1	C
III	443086	T	K	31	2	6.06%	2	1	49	37	0.98	1	1	17	14	2	0	G
III	458595	C	M	29	2	6.45%	2	2	50	37	0.98	1	1	20	9	1	1	A
III	480568	T	W	17	2	10.53%	2	1	46	37	0.98	1	1	9	8	2	0	A
III	489619	G	R	75	4	5.06%	2	2	50	37	0.98	1	1	38	37	1	3	A
III	489623	C	Y	76	4	5%	2	2	49	37	0.98	1	1	39	37	1	3	T
III	532622	A	W	46	4	8%	2	1	44	29	0.98	1	1	23	23	0	4	T
III	568768	T	Y	19	2	9.52%	2	2	38	37	0.98	1	1	12	7	1	1	C
III	611200	C	M	30	2	6.25%	2	1	41	23	0.98	1	1	10	20	0	2	A
III	619160	C	M	10	2	16.67%	2	1	43	31	0.98	1	1	3	7	2	0	A
III	619167	G	K	12	3	20%	2	1	40	30	0.98	1	1	3	9	3	0	T
III	675759	G	K	36	2	5.26%	2	2	43	37	0.98	1	1	25	11	1	1	T
III	682660	T	K	28	2	6.67%	2	1	42	25	0.98	1	1	15	13	2	0	G
III	687349	A	W	36	2	5.26%	2	2	51	37	0.98	1	1	17	19	1	1	T
III	704317	G	K	13	2	13.33%	2	1	43	25	0.98	1	1	10	3	0	2	T
III	704322	A	W	12	2	14.29%	2	1	46	25	0.98	1	1	10	2	0	2	T
III	704961	C	S	21	2	8.7%	2	1	47	37	0.98	1	1	11	10	0	2	G
III	719971	G	T	0	6	100%	0	2	0	35	0.98	0	1	0	0	3	3	T
III	719976	G	A	0	6	100%	0	2	0	35	0.98	0	1	0	0	3	3	A
III	719978	G	A	0	6	100%	0	2	0	35	0.98	0	1	0	0	3	3	A
III	719979	A	T	0	6	100%	0	2	0	37	0.98	0	1	0	0	3	3	T
III	719981	G	T	0	6	100%	0	2	0	37	0.98	0	1	0	0	3	3	T
III	719985	G	T	0	6	100%	0	2	0	37	0.98	0	1	0	0	3	3	T
III	719987	G	T	0	5	100%	0	2	0	34	0.98	0	1	0	0	2	3	T
III	719988	A	T	0	5	100%	0	2	0	37	0.98	0	1	0	0	3	2	T
III	719990	G	T	0	6	100%	0	2	0	37	0.98	0	1	0	0	3	3	T
III	719991	A	T	0	6	100%	0	2	0	37	0.98	0	1	0	0	3	3	T
III	720001	C	T	0	16	100%	0	2	0	48	0.98	0	1	0	0	6	10	T
III	776729	A	R	20	2	9.09%	2	1	38	68	0.98	1	1	3	17	2	0	G
III	785625	G	K	24	2	7.69%	2	1	50	33	0.98	1	1	9	15	2	0	T
III	795302	G	K	26	2	7.14%	2	1	38	37	0.98	1	1	3	23	2	0	T
III	838836	G	S	35	2	5.41%	2	1	49	25	0.98	1	1	24	11	2	0	C
III	843268	C	M	38	2	5%	2	1	42	25	0.98	1	1	14	24	2	0	A
III	844427	G	R	26	2	7.14%	2	1	42	74	0.98	1	1	14	12	0	2	A
III	863739	A	R	36	2	5.26%	2	2	47	37	0.98	1	1	20	16	1	1	G
III	880396	C	M	21	2	8.7%	2	1	44	31	0.98	1	1	18	3	0	2	A
III	909260	C	M	23	2	8%	2	1	41	37	0.98	1	1	9	14	0	2	A
III	909265	A	M	23	2	8%	2	1	41	37	0.98	1	1	9	14	0	2	C
III	909270	A	M	27	2	6.9%	2	1	40	37	0.98	1	1	11	16	0	2	C
III	928401	T	K	31	2	6.06%	2	1	45	25	0.98	1	1	19	12	2	0	G
III	928811	C	S	31	2	6.06%	2	2	53	37	0.98	1	1	18	13	1	1	G
III	932957	A	W	24	2	7.69%	2	2	47	22	0.98	1	1	9	15	1	1	T
III	955558	A	R	32	2	5.88%	2	1	43	37	0.98	1	1	23	9	2	0	G
III	959983	G	R	94	6	6%	2	1	44	35	0.98	1	1	51	43	0	6	A
III	962376	C	Y	619	62	9.08%	2	2	52	52	0.98	1	1	306	313	33	29	T
III	962610	C	Y	300	17	5.36%	2	2	47	43	0.98	1	1	167	133	9	8	T
III	963322	G	R	115	22	16.06%	2	2	48	51	0.98	1	1	41	74	6	16	A
III	963343	A	G	13	105	88.98%	2	2	44	47	0.98	1	1	4	9	36	69	G
III	964096	T	K	20	2	9.09%	2	1	40	37	0.98	1	1	6	14	2	0	G
III	966171	C	M	29	3	9.38%	2	1	40	33	0.98	1	1	4	25	3	0	A
III	966218	C	M	36	2	5.26%	2	1	41	25	0.98	1	1	8	28	2	0	A
III	974896	G	K	48	3	5.88%	2	2	45	37	0.98	1	1	32	16	2	1	T
III	981310	A	M	10	3	23.08%	1	1	39	31	0.98	1	1	10	0	0	3	C
III	983273	T	K	26	3	10.34%	2	1	40	29	0.98	1	1	7	19	3	0	G
III	984974	T	W	36	2	5.26%	2	1	42	31	0.98	1	1	7	29	2	0	A
III	991453	T	K	33	2	5.71%	2	2	39	43	0.98	1	1	14	19	1	1	G
III	1036244	C	M	18	2	10%	2	1	44	31	0.98	1	1	13	5	0	2	A
III	1058594	A	M	29	2	6.45%	2	1	42	25	0.98	1	1	23	6	0	2	C
III	1071415	A	R	20	3	13.04%	2	1	49	61	0.98	1	1	6	14	0	3	G
III	1082294	G	K	150	10	6.25%	2	2	45	51	0.98	1	1	67	83	6	4	T
III	1084109	A	R	27	2	6.9%	2	2	41	37	0.98	1	1	17	10	1	1	G
III	1084286	G	K	54	30	35.71%	2	2	52	45	0.98	1	1	31	23	13	17	T
III	1086750	C	M	43	5	10.42%	2	2	41	37	0.98	1	1	17	26	1	4	A
III	1086789	A	R	42	5	10.64%	2	2	43	49	0.98	1	1	16	26	2	3	G
III	1095550	G	K	14	2	5.41%	2	1	43	33	0.98	1	1	13	1	0	2	-T
III	1098041	A	W	18	3	14.29%	2	1	47	37	0.98	1	1	12	6	3	0	T
III	1098042	A	W	18	3	14.29%	2	1	45	33	0.98	1	1	12	6	3	0	T
III	1114661	C	M	71	28	28.28%	2	2	47	40	0.98	1	1	31	40	12	16	A
III	1121421	C	M	82	29	26.13%	2	2	51	52	0.98	1	1	35	47	16	13	A
III	1124321	G	K	83	5	5.68%	2	1	47	25	0.98	1	1	34	49	5	0	T
III	1128181	C	M	67	33	33%	2	2	50	51	0.98	1	1	32	35	18	15	A
III	1134941	C	M	61	18	22.78%	2	2	52	45	0.98	1	1	23	38	8	10	A
III	1135100	C	M	23	2	8%	2	2	44	37	0.98	1	1	13	10	1	1	A
III	1135111	T	W	19	2	9.52%	2	2	45	37	0.98	1	1	10	9	1	1	A
III	1135112	T	W	20	2	9.09%	2	2	43	31	0.98	1	1	11	9	1	1	A
III	1135113	C	S	19	2	9.52%	2	2	45	37	0.98	1	1	11	8	1	1	G
III	1135124	T	Y	26	2	7.14%	2	2	41	37	0.98	1	1	16	10	1	1	C
III	1135125	T	W	26	2	7.14%	2	2	40	37	0.98	1	1	16	10	1	1	A
III	1135131	T	Y	22	3	12%	2	2	39	37	0.98	1	1	13	9	1	2	C
III	1139296	T	Y	21	4	16%	2	2	45	55	0.98	1	1	8	13	3	1	C
III	1168328	T	C	0	18	100%	0	2	0	39	0.98	0	1	0	0	13	5	C
III	1168363	G	R	3	11	73.33%	1	2	37	39	0.98	1	1	3	0	7	4	A
III	1179128	A	W	34	2	5.56%	2	2	47	55	0.98	1	1	14	20	1	1	T
III	1188584	T	Y	18	4	18.18%	2	2	46	37	0.98	1	1	8	10	2	2	C
III	1225963	C	M	40	3	6.98%	2	1	42	29	0.98	1	1	11	29	3	0	A
III	1252478	C	M	31	2	6.06%	2	1	42	25	0.98	1	1	18	13	0	2	A
III	1252505	G	K	14	10	30.3%	2	1	41	34	0.98	1	1	13	1	0	10	T
III	1270419	A	W	35	3	7.89%	2	1	43	74	0.98	1	1	15	20	0	3	T
III	1284047	A	R	14	2	12.5%	2	2	42	37	0.98	1	1	5	9	1	1	G
III	1304432	C	Y	30	2	6.25%	2	1	45	37	0.98	1	1	9	21	2	0	T
III	1314162	T	K	26	2	7.14%	2	2	48	25	0.98	1	1	12	14	1	1	G
III	1350529	T	K	31	2	6.06%	2	2	48	31	0.98	1	1	18	13	1	1	G
III	1364065	G	S	45	4	8.16%	2	1	42	37	0.98	1	1	30	15	0	4	C
III	1370532	T	W	21	3	12.5%	2	2	54	37	0.98	1	1	8	13	1	2	A
III	1372667	C	Y	26	2	7.14%	2	2	46	37	0.98	1	1	19	7	1	1	T
III	1374938	A	T	0	19	100%	0	2	0	44	0.98	0	1	0	0	10	9	T
III	1380406	G	K	28	2	6.67%	2	1	51	33	0.98	1	1	19	9	2	0	T
III	1384806	C	M	13	2	13.33%	2	2	53	37	0.98	1	1	8	5	1	1	A
III	1386891	A	R	19	2	9.52%	2	2	48	74	0.98	1	1	11	8	1	1	G
III	1395394	G	K	2	2	50%	1	1	55	37	0.98	1	1	2	0	0	2	T
III	1432012	T	K	14	2	12.5%	2	1	41	31	0.98	1	1	9	5	2	0	G
III	1432023	C	M	14	2	12.5%	2	1	35	25	0.98	1	1	5	9	2	0	A
III	1432077	T	W	24	2	7.69%	2	1	39	25	0.98	1	1	9	15	2	0	A
III	1445514	T	K	24	5	17.24%	2	1	45	27	0.98	1	1	7	17	5	0	G
III	1451595	G	K	31	2	6.06%	2	1	47	25	0.98	1	1	21	10	0	2	T
III	1451631	A	M	36	2	5.26%	2	1	44	25	0.98	1	1	22	14	0	2	C
III	1457075	C	M	15	2	11.76%	2	1	39	31	0.98	1	1	8	7	0	2	A
III	1457121	G	K	15	2	11.76%	2	1	37	25	0.98	1	1	9	6	0	2	T
III	1457124	C	M	12	2	14.29%	2	1	38	25	0.98	1	1	6	6	0	2	A
III	1466432	G	R	120	7	5.51%	2	2	48	42	0.98	1	1	61	59	5	2	A
III	1466437	G	R	119	7	5.56%	2	2	49	42	0.98	1	1	57	62	5	2	A
III	1466439	C	Y	121	7	5.47%	2	2	48	40	0.98	1	1	58	63	5	2	T
III	1469033	A	W	33	2	5.71%	2	2	50	37	0.98	1	1	17	16	1	1	T
III	1479052	T	W	24	2	7.69%	2	1	42	55	0.98	1	1	18	6	2	0	A
III	1479053	T	W	24	2	7.69%	2	1	44	55	0.98	1	1	18	6	2	0	A
III	1493950	A	R	115	39	25.32%	2	2	45	51	0.98	1	1	33	82	21	18	G
III	1494129	T	K	146	48	24.74%	2	2	44	44	0.98	1	1	75	71	17	31	G
III	1494164	A	R	90	44	32.84%	2	2	45	45	0.98	1	1	36	54	12	32	G
III	1494181	A	W	96	38	28.36%	2	2	46	45	0.98	1	1	33	63	12	26	T
III	1494187	T	W	97	30	23.62%	2	2	45	43	0.98	1	1	33	64	9	21	A
III	1494192	G	R	100	24	19.35%	2	2	44	44	0.98	1	1	35	65	9	15	A
III	1494282	G	R	101	97	48.99%	2	2	42	37	0.98	1	1	39	62	34	63	A
III	1494303	G	R	90	51	36.17%	2	2	42	37	0.98	1	1	44	46	14	37	A
III	1494306	A	W	88	46	34.07%	2	2	43	38	0.98	1	1	40	48	11	35	T
III	1494312	A	R	92	45	32.85%	2	2	42	38	0.98	1	1	46	46	12	33	G
III	1494315	A	R	89	46	34.07%	2	2	44	38	0.98	1	1	46	43	13	33	G
III	1494318	A	R	93	46	33.09%	2	2	44	39	0.98	1	1	47	46	13	33	G
III	1494327	T	K	91	44	32.59%	2	2	45	38	0.98	1	1	50	41	13	31	G
III	1499389	C	Y	83	9	9.78%	2	2	42	45	0.98	1	1	39	44	3	6	T
III	1499390	A	W	78	10	11.36%	2	2	43	44	0.98	1	1	38	40	3	7	T
III	1499855	T	K	55	3	5.17%	2	1	42	30	0.98	1	1	16	39	3	0	G
III	1499919	T	W	51	3	5.56%	2	1	42	29	0.98	1	1	15	36	3	0	A
III	1516003	T	K	9	2	18.18%	2	1	37	27	0.98	1	1	1	8	2	0	G
III	1524314	G	K	22	2	8.33%	2	1	42	31	0.98	1	1	12	10	0	2	T
III	1538911	T	Y	33	2	5.71%	2	1	47	74	0.98	1	1	17	16	2	0	C
III	1545954	T	W	21	4	16%	2	1	42	25	0.98	1	1	9	12	4	0	A
III	1545961	T	W	21	2	8.7%	2	1	43	31	0.98	1	1	9	12	2	0	A
III	1557157	A	R	32	2	5.88%	2	2	48	37	0.98	1	1	16	16	1	1	G
III	1559646	T	W	15	2	11.76%	2	1	38	33	0.98	1	1	2	13	2	0	A
III	1614427	T	K	33	2	5.71%	2	2	49	55	0.98	1	1	18	15	1	1	G
III	1628627	T	Y	34	2	5.56%	2	2	47	37	0.98	1	1	18	16	1	1	C
III	1649178	A	W	23	2	8%	2	1	40	27	0.98	1	1	17	6	0	2	T
III	1649192	A	M	19	2	9.52%	2	1	42	31	0.98	1	1	15	4	0	2	C
III	1708202	C	T	0	70	100%	0	2	0	47	0.98	0	1	0	0	33	37	T
III	1711941	T	K	33	2	5.71%	2	2	50	37	0.98	1	1	14	19	1	1	G
III	1717339	G	K	11	3	21.43%	2	1	35	25	0.98	1	1	2	9	3	0	T
III	1722273	G	R	26	2	7.14%	2	2	51	37	0.98	1	1	9	17	1	1	A
III	1722279	A	R	25	2	7.41%	2	2	47	37	0.98	1	1	10	15	1	1	G
III	1759471	C	M	23	2	8%	2	2	44	25	0.98	1	1	11	12	1	1	A
III	1760149	G	S	31	6	16.22%	2	2	49	37	0.98	1	1	8	23	3	3	C
III	1765401	G	T	0	64	100%	0	2	0	51	0.98	0	1	0	0	40	24	T
III	1766097	A	M	16	2	11.11%	2	1	40	31	0.98	1	1	5	11	0	2	C
III	1774235	T	Y	4	3	12%	2	1	55	37	0.98	1	1	3	1	3	0	C
III	1780951	A	W	25	2	7.41%	2	1	48	25	0.98	1	1	8	17	0	2	T
III	1829122	C	S	19	2	9.52%	2	1	46	74	0.98	1	1	9	10	2	0	G
III	1847833	T	K	22	2	8.33%	2	1	45	37	0.98	1	1	10	12	0	2	G
III	1847839	A	W	21	2	8.7%	2	1	50	37	0.98	1	1	11	10	0	2	T
III	1856463	G	K	26	6	18.75%	2	2	46	37	0.98	1	1	14	12	3	3	T
III	1860634	G	K	29	3	9.38%	2	1	47	49	0.98	1	1	19	10	3	0	T
III	1867800	T	Y	34	2	5.41%	2	2	46	37	0.98	1	1	14	20	1	1	C
III	1868373	C	M	19	2	9.52%	2	1	44	29	0.98	1	1	7	12	2	0	A
III	1894020	C	Y	36	2	5.26%	2	2	39	55	0.98	1	1	21	15	1	1	T
III	1900673	C	M	20	2	9.09%	2	2	41	37	0.98	1	1	13	7	1	1	A
III	1917722	C	M	35	2	5.41%	2	2	50	37	0.98	1	1	28	7	1	1	A
III	1921203	A	W	21	2	8.7%	2	1	45	25	0.98	1	1	5	16	0	2	T
III	1933963	C	M	17	2	10.53%	2	1	42	25	0.98	1	1	11	6	0	2	A
III	1934209	A	R	17	2	10.53%	2	2	45	37	0.98	1	1	7	10	1	1	G
III	1945463	C	M	22	2	8.33%	2	1	46	25	0.98	1	1	8	14	0	2	A
III	1953756	T	G	0	26	100%	0	2	0	52	0.98	0	1	0	0	10	16	G
III	1957727	C	M	31	2	6.06%	2	1	43	37	0.98	1	1	17	14	2	0	A
III	1958505	G	R	35	2	5.41%	2	2	47	37	0.98	1	1	15	20	1	1	A
III	1973974	G	S	26	2	7.14%	2	2	54	37	0.98	1	1	14	12	1	1	C
III	2014980	T	W	19	2	9.52%	2	2	42	37	0.98	1	1	9	10	1	1	A
III	2028182	C	M	17	2	10.53%	2	1	44	27	0.98	1	1	14	3	0	2	A
III	2037091	A	M	28	3	9.68%	2	2	43	61	0.98	1	1	19	9	1	2	C
III	2045145	A	R	21	5	19.23%	2	1	45	34	0.98	1	1	9	12	0	5	G
III	2068712	A	M	31	2	6.06%	2	1	49	31	0.98	1	1	15	16	0	2	C
III	2091832	T	W	15	2	11.76%	2	2	41	37	0.98	1	1	9	6	1	1	A
III	2100622	C	Y	55	12	17.91%	2	2	50	37	0.98	1	1	28	27	6	6	T
III	2102835	T	Y	23	2	8%	2	2	46	37	0.98	1	1	15	8	1	1	C
III	2119559	A	R	31	2	6.06%	2	1	43	37	0.98	1	1	11	20	0	2	G
III	2119560	C	Y	32	2	5.88%	2	1	43	37	0.98	1	1	12	20	0	2	T
III	2133864	T	W	23	2	7.69%	2	1	46	37	0.98	1	1	11	12	0	2	A
III	2141360	G	K	9	2	18.18%	2	2	54	55	0.98	1	1	4	5	1	1	T
III	2150137	T	Y	25	2	7.41%	2	1	47	31	0.98	1	1	20	5	2	0	C
III	2153048	C	Y	39	7	15.22%	2	2	44	35	0.98	1	1	19	20	4	3	T
III	2155034	A	R	8	2	20%	2	2	50	37	0.98	1	1	6	2	1	1	G
III	2179264	A	M	32	2	5.88%	2	1	46	25	0.98	1	1	14	18	0	2	C
III	2201482	G	K	31	3	8.82%	2	2	40	22	0.98	1	1	16	15	2	1	T
III	2201494	C	M	30	2	6.25%	2	1	43	22	0.98	1	1	18	12	2	0	A
III	2202541	C	M	26	3	10.34%	2	1	38	34	0.98	1	1	25	1	0	3	A
III	2206542	T	Y	32	2	5.88%	2	1	47	37	0.98	1	1	21	11	0	2	C
III	2209340	G	K	31	2	6.06%	2	1	38	23	0.98	1	1	20	11	0	2	T
III	2222132	A	M	24	3	11.11%	2	1	37	27	0.98	1	1	23	1	0	3	C
III	2283735	G	K	19	3	13.64%	2	1	39	29	0.98	1	1	5	14	3	0	T
III	2290988	C	M	10	4	28.57%	2	2	37	37	0.98	1	1	5	5	2	2	A
III	2294032	C	M	25	2	7.41%	2	1	42	25	0.98	1	1	8	17	2	0	A
III	2298956	T	W	12	2	14.29%	2	1	46	31	0.98	1	1	5	7	2	0	A
III	2325803	A	W	19	2	9.52%	2	1	43	37	0.98	1	1	9	10	2	0	T
III	2334185	A	M	38	2	5%	2	2	55	49	0.98	1	1	17	21	1	1	C
III	2338195	G	R	16	2	11.11%	2	2	37	37	0.98	1	1	10	6	1	1	A
III	2339855	G	S	18	2	10%	2	1	42	68	0.98	1	1	10	8	2	0	C
III	2373486	G	K	25	2	7.41%	2	1	41	25	0.98	1	1	14	11	2	0	T
III	2376521	G	S	20	4	16.67%	2	2	40	37	0.98	1	1	7	13	2	2	C
III	2381979	G	T	0	9	100%	0	2	0	37	0.98	0	1	0	0	5	4	T
III	2382049	C	M	6	2	25%	2	1	46	25	0.98	1	1	3	3	2	0	A
III	2382441	A	R	26	2	7.14%	2	1	43	55	0.98	1	1	17	9	0	2	G
III	2430480	T	W	30	3	9.09%	2	1	50	49	0.98	1	1	13	17	3	0	A
III	2430481	C	Y	30	3	9.09%	2	1	50	49	0.98	1	1	13	17	3	0	T
III	2430484	A	W	29	3	9.38%	2	1	50	49	0.98	1	1	13	16	3	0	T
III	2430486	T	Y	30	3	9.09%	2	1	50	45	0.98	1	1	13	17	3	0	C
III	2447413	T	K	945	128	11.93%	2	1	38	30	0.98	1	1	114	831	128	0	G
III	2448311	A	W	73	14	16.09%	2	2	38	35	0.98	1	1	46	27	1	13	T
III	2448544	T	W	1386	126	8.33%	2	2	47	50	0.98	1	1	611	775	61	65	A
