Chrom	Position	Ref	Cons	Reads1	Reads2	VarFreq	Strands1	Strands2	Qual1	Qual2	Pvalue	MapQual1	MapQual2	Reads1Plus	Reads1Minus	Reads2Plus	Reads2Minus	VarAllele
chr_II_telomeric_gap	4787	G	A	0	211	100%	0	2	0	40	0.98	0	1	0	0	91	120	A
chr_II_telomeric_gap	10519	A	M	119	9	7.03%	2	1	38	25	0.98	1	1	32	87	9	0	C
I	459	C	M	262	257	49.52%	2	2	40	40	0.98	1	1	139	123	131	126	A
I	783	T	Y	259	252	49.32%	2	2	40	39	0.98	1	1	117	142	125	127	C
I	798	G	R	279	226	44.75%	2	2	40	40	0.98	1	1	122	157	117	109	A
I	955	C	Y	239	288	54.65%	2	2	40	39	0.98	1	1	111	128	136	152	T
I	1055	T	Y	405	107	20.9%	2	2	40	39	0.98	1	1	218	187	61	46	C
I	1133	A	R	255	258	50.29%	2	2	39	39	0.98	1	1	153	102	149	109	G
I	1455	C	Y	264	242	47.83%	2	2	39	39	0.98	1	1	115	149	103	139	T
I	1514	C	S	275	262	48.79%	2	2	40	39	0.98	1	1	148	127	124	138	G
I	1750	G	R	390	130	25%	2	2	39	39	0.98	1	1	182	208	70	60	A
I	2224	C	Y	504	32	5.97%	2	2	39	39	0.98	1	1	262	242	19	13	T
I	2582	T	Y	285	244	46.12%	2	2	39	40	0.98	1	1	150	135	104	140	C
I	3431	A	R	258	243	48.5%	2	2	40	40	0.98	1	1	140	118	122	121	G
I	4666	G	R	394	123	23.79%	2	2	39	39	0.98	1	1	200	194	64	59	A
I	4668	C	S	396	119	23.11%	2	2	39	39	0.98	1	1	200	196	67	52	G
I	6281	A	R	332	46	12.17%	2	1	38	29	0.98	1	1	32	300	46	0	G
I	6398	G	R	256	22	7.83%	2	1	36	26	0.98	1	1	246	10	0	22	A
I	6402	G	R	288	31	9.72%	2	1	37	28	0.98	1	1	246	42	0	31	A
I	6583	G	R	398	175	30.54%	2	2	39	40	0.98	1	1	192	206	63	112	A
I	6727	G	R	377	148	28.19%	2	2	39	40	0.98	1	1	181	196	57	91	A
I	6912	A	M	386	30	7.21%	2	1	40	40	0.98	1	1	200	186	0	30	C
I	7209	C	M	216	22	9.24%	2	2	37	30	0.98	1	1	44	172	21	1	A
I	8666	G	R	208	227	52.18%	2	2	40	40	0.98	1	1	99	109	101	126	A
I	10913	G	R	169	216	56.1%	2	2	39	40	0.98	1	1	96	73	122	94	A
I	17069	T	K	153	9	5.56%	2	1	38	27	0.98	1	1	105	48	0	9	G
I	18218	G	R	231	18	7.23%	2	1	40	39	0.98	1	1	126	105	18	0	A
I	18318	G	R	243	14	5.45%	2	1	40	40	0.98	1	1	134	109	14	0	A
I	18475	C	Y	212	20	8.62%	2	1	39	41	0.98	1	1	104	108	0	20	T
I	20568	A	W	63	4	5.97%	2	1	38	40	0.98	1	1	12	51	4	0	T
I	27395	T	K	76	5	6.17%	2	1	36	27	0.98	1	1	18	58	0	5	G
I	29359	T	W	196	13	6.22%	2	2	40	40	0.98	1	1	76	120	4	9	A
I	29373	T	Y	167	16	8.47%	2	2	39	39	0.98	1	1	61	106	4	12	C
I	43385	A	M	125	8	6.02%	2	1	39	28	0.98	1	1	44	81	8	0	C
I	43390	A	M	130	7	5.11%	2	1	39	28	0.98	1	1	48	82	7	0	C
I	55279	A	M	76	6	7.32%	2	1	39	24	0.98	1	1	25	51	6	0	C
I	206442	T	K	97	6	5.83%	2	1	39	26	0.98	1	1	65	32	0	6	G
I	206477	C	Y	73	5	6.41%	2	1	39	36	0.98	1	1	28	45	5	0	T
I	221907	T	K	112	10	8.2%	2	1	39	30	0.98	1	1	93	19	0	10	G
I	239721	C	M	133	10	6.99%	2	1	39	30	0.98	1	1	21	112	10	0	A
I	323721	T	Y	138	26	15.85%	2	1	39	26	0.98	1	1	124	14	0	26	C
I	383288	A	M	112	6	5.08%	2	1	39	26	0.98	1	1	14	98	6	0	C
I	402374	T	K	137	9	6.16%	2	1	39	25	0.98	1	1	104	33	0	9	G
I	440084	T	W	50	13	8.39%	2	2	40	37	0.98	1	1	28	22	7	6	A
I	453369	G	R	47	19	16.24%	2	2	39	38	0.98	1	1	33	14	1	18	A
I	456726	G	K	133	10	6.99%	2	1	38	28	0.98	1	1	98	35	0	10	T
I	470379	C	A	1	3	75%	1	2	40	34	0.98	1	1	0	1	1	2	A
I	470391	C	M	3	4	57.14%	1	2	40	40	0.98	1	1	3	0	1	3	A
I	473427	G	K	66	7	7.22%	2	1	38	36	0.98	1	1	37	29	0	7	+T
I	503788	A	M	131	10	7.09%	2	1	38	30	0.98	1	1	23	108	10	0	C
I	503792	A	M	132	10	7.04%	2	1	38	30	0.98	1	1	29	103	10	0	C
I	520986	C	M	178	24	11.88%	2	2	40	40	0.98	1	1	89	89	12	12	A
I	523603	G	A	0	231	100%	0	2	0	40	0.98	0	1	0	0	101	130	A
I	523883	G	A	0	219	100%	0	2	0	40	0.98	0	1	0	0	117	102	A
I	527156	C	A	0	245	100%	0	2	0	40	0.98	0	1	0	0	125	120	A
I	573847	A	R	146	12	7.59%	2	1	38	28	0.98	1	1	24	122	12	0	G
I	574751	A	M	129	13	9.15%	2	1	39	30	0.98	1	1	19	110	13	0	C
I	666513	C	Y	138	16	10.39%	2	1	38	27	0.98	1	1	16	122	16	0	T
I	682994	C	Y	10	4	28.57%	2	2	40	40	0.98	1	1	7	3	3	1	T
I	691576	T	K	125	18	12.59%	2	1	39	32	0.98	1	1	110	15	0	18	G
I	755616	C	Y	125	13	9.42%	2	1	38	25	0.98	1	1	17	108	13	0	T
I	759334	G	T	0	197	100%	0	2	0	39	0.98	0	1	0	0	96	101	T
I	823797	A	R	174	11	5.95%	2	1	37	25	0.98	1	1	72	102	11	0	G
I	862964	G	T	0	193	100%	0	2	0	40	0.98	0	1	0	0	91	102	T
I	934908	T	W	59	8	8%	2	2	39	36	0.98	1	1	43	16	1	7	A
I	934941	T	Y	81	5	5.81%	2	1	38	30	0.98	1	1	20	61	5	0	C
I	934959	A	M	94	10	9.62%	2	1	39	25	0.98	1	1	28	66	10	0	C
I	957958	A	R	142	8	5.33%	2	1	36	28	0.98	1	1	39	103	8	0	G
I	965438	C	M	42	8	8.33%	2	2	39	38	0.98	1	1	33	9	1	7	A
I	965460	C	M	81	5	5.81%	2	1	37	33	0.98	1	1	26	55	5	0	A
I	965533	A	M	163	9	5.23%	2	1	39	29	0.98	1	1	84	79	9	0	C
I	995067	T	K	121	7	5.47%	2	1	37	28	0.98	1	1	75	46	0	7	G
I	1027635	T	W	75	6	7.14%	2	1	39	40	0.98	1	1	56	19	0	6	A
I	1027669	G	R	88	8	8.33%	2	1	39	36	0.98	1	1	20	68	8	0	A
I	1053973	G	S	107	9	7.69%	2	1	39	27	0.98	1	1	105	2	0	9	C
I	1053976	T	Y	129	24	15.69%	2	1	38	26	0.98	1	1	106	23	0	24	C
I	1053977	T	Y	123	15	10.87%	2	1	39	28	0.98	1	1	106	17	0	15	C
I	1077211	T	Y	112	27	19.42%	2	1	39	30	0.98	1	1	102	10	0	27	C
I	1079583	T	W	65	10	10.53%	2	2	39	40	0.98	1	1	43	22	1	9	A
I	1079611	T	Y	99	6	5.71%	2	1	38	26	0.98	1	1	43	56	6	0	C
I	1079660	A	M	127	8	5.88%	2	1	39	26	0.98	1	1	59	68	8	0	C
I	1110942	A	M	144	10	6.45%	2	1	38	24	0.98	1	1	36	108	10	0	C
I	1110948	A	M	153	12	7.27%	2	1	39	34	0.98	1	1	41	112	12	0	C
I	1118371	A	R	121	7	5.47%	2	1	36	26	0.98	1	1	26	95	7	0	G
I	1118372	A	R	95	24	20.17%	2	1	37	30	0.98	1	1	6	89	24	0	G
I	1148135	A	M	97	6	5.83%	2	1	37	26	0.98	1	1	29	68	6	0	C
I	1148139	A	M	96	7	6.8%	2	1	38	29	0.98	1	1	28	68	7	0	C
I	1148170	A	M	127	9	6.62%	2	1	38	28	0.98	1	1	57	70	9	0	C
I	1149061	T	K	137	12	8.05%	2	1	38	29	0.98	1	1	92	45	0	12	G
I	1181279	C	Y	115	8	6.45%	2	1	39	24	0.98	1	1	1	114	8	0	T
I	1290901	G	R	139	8	5.44%	2	1	37	26	0.98	1	1	109	30	0	8	A
I	1357592	T	Y	118	7	5.6%	2	1	38	30	0.98	1	1	92	26	0	7	C
I	1379789	T	Y	161	12	6.94%	2	1	38	30	0.98	1	1	135	26	0	12	C
I	1424709	A	M	0	2	28.57%	0	2	0	40	0.98	0	1	0	0	1	1	C
I	1424709	A	W	0	5	71.43%	0	2	0	40	0.98	0	1	0	0	3	2	T
I	1496318	A	M	33	3	8.33%	2	2	40	34	0.98	1	1	22	11	2	1	C
I	1505169	T	K	171	9	5%	2	1	39	27	0.98	1	1	130	41	0	9	G
I	1571014	T	Y	164	10	5.75%	2	1	38	32	0.98	1	1	128	36	0	10	C
I	1595046	A	R	147	13	8.12%	2	1	38	30	0.98	1	1	91	56	0	13	G
I	1595053	A	R	138	9	6.12%	2	1	37	31	0.98	1	1	91	47	0	9	G
I	1595056	C	Y	62	11	7.8%	2	1	37	35	0.98	1	1	36	26	0	11	+T
I	1595086	A	M	119	8	6.3%	2	1	39	32	0.98	1	1	33	86	8	0	C
I	1622936	G	R	125	9	6.72%	2	1	38	27	0.98	1	1	107	18	0	9	A
I	1664031	G	R	136	12	8.11%	2	1	39	30	0.98	1	1	135	1	0	12	A
I	1667031	C	Y	78	5	6.02%	2	1	36	30	0.98	1	1	24	54	5	0	T
I	1765306	C	M	54	6	7.41%	2	2	38	40	0.98	1	1	36	18	2	4	A
I	1765340	A	M	84	5	5.62%	2	1	39	27	0.98	1	1	29	55	5	0	C
I	1765343	T	Y	95	9	8.65%	2	1	38	31	0.98	1	1	34	61	9	0	C
I	1765348	T	Y	96	7	6.8%	2	1	39	33	0.98	1	1	34	62	7	0	C
I	1783458	C	T	0	240	100%	0	2	0	40	0.98	0	1	0	0	131	109	T
I	1837945	G	K	74	4	5.13%	2	1	38	24	0.98	1	1	26	48	4	0	T
I	1905908	C	Y	133	11	7.64%	2	1	38	26	0.98	1	1	21	112	11	0	T
I	1907099	C	Y	106	6	5.36%	2	1	38	26	0.98	1	1	22	84	6	0	T
I	1954183	G	R	97	6	5.83%	2	1	37	29	0.98	1	1	32	65	6	0	A
I	1955754	C	Y	61	12	11.11%	2	1	39	38	0.98	1	1	39	22	0	12	+TT
I	1955853	T	W	8	10	8.85%	2	1	40	40	0.98	1	1	2	6	0	10	A
I	1956751	C	Y	104	9	7.96%	2	1	39	27	0.98	1	1	11	93	9	0	T
I	1996583	A	R	152	19	11.11%	2	1	38	32	0.98	1	1	25	127	19	0	G
I	1999192	G	C	0	231	100%	0	2	0	39	0.98	0	1	0	0	108	123	C
I	2007112	A	M	126	14	10%	2	1	39	33	0.98	1	1	18	108	14	0	C
I	2007129	A	M	138	9	6.12%	2	1	39	29	0.98	1	1	30	108	9	0	C
I	2012908	T	K	143	14	8.92%	2	1	39	29	0.98	1	1	128	15	0	14	G
I	2068538	T	K	125	7	5.3%	2	1	39	30	0.98	1	1	103	22	0	7	G
I	2104091	G	T	0	251	100%	0	2	0	39	0.98	0	1	0	0	120	131	T
I	2104097	C	A	0	252	100%	0	2	0	40	0.98	0	1	0	0	125	127	A
I	2115117	T	Y	130	9	6.47%	2	1	37	25	0.98	1	1	103	27	0	9	C
I	2139856	G	K	24	13	6.4%	2	1	40	35	0.98	1	1	8	16	0	13	+T
I	2227936	T	W	28	22	22.92%	2	2	37	39	0.98	1	1	17	11	5	17	A
I	2231773	C	M	164	12	6.82%	2	1	37	29	0.98	1	1	65	99	12	0	A
I	2421577	C	A	3	11	78.57%	1	2	40	38	0.98	1	1	0	3	5	6	A
I	2483794	A	R	154	13	7.78%	2	1	38	28	0.98	1	1	42	112	13	0	G
I	2499150	T	W	21	2	8.7%	2	1	39	40	0.98	1	1	11	10	2	0	A
I	2506044	T	A	0	199	100%	0	2	0	40	0.98	0	1	0	0	101	98	A
I	2525734	A	M	119	9	7.03%	2	1	38	27	0.98	1	1	30	89	9	0	C
I	2588073	T	W	202	17	7.76%	2	2	39	40	0.98	1	1	103	99	10	7	A
I	2605746	T	K	148	8	5.13%	2	1	39	30	0.98	1	1	88	60	0	8	G
I	2605763	T	K	136	12	8.11%	2	1	39	28	0.98	1	1	96	40	0	12	G
I	2605764	T	A	0	159	100%	0	2	0	39	0.98	0	1	0	0	94	65	A
I	2605777	C	M	120	8	6.2%	2	1	38	30	0.98	1	1	92	28	0	8	A
I	2605861	T	K	2	2	50%	2	1	40	40	0.98	1	1	1	1	2	0	G
I	2612213	C	S	122	7	5.43%	1	1	40	26	0.98	1	1	0	122	7	0	G
I	2616795	A	R	143	10	6.54%	2	1	39	35	0.98	1	1	56	87	10	0	G
I	2651398	G	R	85	11	11.46%	1	1	39	31	0.98	1	1	85	0	0	11	A
I	2651400	T	Y	109	9	7.63%	2	1	37	27	0.98	1	1	87	22	0	9	C
I	2683903	C	Y	9	3	25%	2	2	40	34	0.98	1	1	4	5	2	1	T
I	2684616	T	K	137	8	5.52%	2	1	39	27	0.98	1	1	118	19	0	8	G
I	2743288	T	K	146	10	6.41%	2	1	39	24	0.98	1	1	112	34	0	10	G
I	2747057	A	M	132	8	5.71%	2	1	38	30	0.98	1	1	60	72	8	0	C
I	2747078	A	G	0	170	100%	0	2	0	38	0.98	0	1	0	0	96	74	G
I	2751237	A	W	29	7	19.44%	2	2	40	37	0.98	1	1	18	11	4	3	T
I	2810512	G	R	140	16	10.26%	2	1	38	30	0.98	1	1	118	22	0	16	A
I	2855375	A	R	121	17	12.32%	2	1	38	29	0.98	1	1	21	100	17	0	G
I	2871745	T	K	136	17	11.11%	2	1	39	29	0.98	1	1	118	18	0	17	G
I	2944161	T	Y	145	8	5.23%	2	2	39	36	0.98	1	1	86	59	4	4	C
I	2944170	G	R	135	8	5.59%	2	2	39	33	0.98	1	1	89	46	3	5	A
I	2959751	A	R	135	8	5.59%	2	1	38	26	0.98	1	1	97	38	0	8	G
I	2959794	A	M	100	13	11.5%	2	1	38	24	0.98	1	1	22	78	13	0	C
I	2959806	A	M	118	9	7.09%	2	1	38	32	0.98	1	1	35	83	9	0	C
I	2959817	A	M	124	10	7.46%	2	1	39	28	0.98	1	1	40	84	10	0	C
I	2968338	A	M	89	6	6.32%	2	1	39	24	0.98	1	1	6	83	6	0	C
I	2968343	A	M	97	8	7.62%	2	1	39	24	0.98	1	1	17	80	8	0	C
I	2968345	T	Y	97	6	5.83%	2	1	40	24	0.98	1	1	17	80	6	0	C
I	3111508	A	G	0	224	100%	0	2	0	39	0.98	0	1	0	0	99	125	G
I	3115841	C	A	0	214	100%	0	2	0	40	0.98	0	1	0	0	97	117	A
I	3119299	G	A	0	242	100%	0	2	0	39	0.98	0	1	0	0	117	125	A
I	3166811	C	M	101	10	9.01%	2	1	39	27	0.98	1	1	31	70	10	0	A
I	3179238	G	C	0	229	100%	0	2	0	39	0.98	0	1	0	0	100	129	C
I	3206937	G	S	121	7	5.43%	1	1	39	28	0.98	1	1	121	0	0	7	C
I	3300831	C	Y	6	2	25%	1	1	37	32	0.98	1	1	6	0	2	0	T
I	3300844	A	M	14	4	22.22%	2	1	37	28	0.98	1	1	10	4	4	0	C
I	3308331	G	R	117	10	7.87%	2	1	36	28	0.98	1	1	76	41	0	10	A
I	3321441	T	K	164	9	5.2%	2	1	39	25	0.98	1	1	125	39	0	9	G
I	3366077	A	M	131	18	12.08%	2	1	40	30	0.98	1	1	24	107	18	0	C
I	3405019	T	Y	106	7	6.19%	2	1	38	33	0.98	1	1	50	56	7	0	C
I	3405038	A	M	129	7	5.15%	2	1	39	26	0.98	1	1	64	65	7	0	C
I	3408729	T	Y	132	7	5.04%	2	1	38	29	0.98	1	1	78	54	0	7	C
I	3450131	T	W	0	3	30%	0	2	0	40	0.98	0	1	0	0	2	1	A
I	3450131	T	K	0	7	70%	0	2	0	40	0.98	0	1	0	0	2	5	G
I	3538450	A	T	1	186	99.47%	1	2	40	39	0.98	1	1	1	0	108	78	T
I	3538456	A	W	0	10	5.03%	0	2	0	38	0.98	0	1	0	0	6	4	+AT
I	3548567	G	K	57	3	5%	2	2	39	37	0.98	1	1	13	44	1	2	T
I	3548913	T	A	0	205	100%	0	2	0	38	0.98	0	1	0	0	119	86	A
I	3576273	A	M	130	8	5.76%	2	1	38	24	0.98	1	1	41	89	8	0	C
I	3576756	T	Y	39	65	30.81%	2	2	40	38	0.98	1	1	19	20	24	41	C
I	3577647	A	R	117	8	6.4%	2	1	38	26	0.98	1	1	72	45	0	8	G
I	3580034	C	Y	68	10	8.4%	2	2	39	35	0.98	1	1	38	30	2	8	+T
I	3583106	G	A	0	248	100%	0	2	0	40	0.98	0	1	0	0	123	125	A
I	3609896	T	K	122	7	5.38%	2	1	38	26	0.98	1	1	87	35	0	7	G
I	3609913	C	M	136	12	8.11%	2	1	38	26	0.98	1	1	34	102	12	0	A
I	3634687	T	Y	62	4	6.06%	2	2	34	28	0.98	1	1	34	28	1	3	C
I	3700385	T	W	39	7	5.83%	2	1	39	37	0.98	1	1	28	11	0	7	A
I	3761504	C	M	272	17	5.88%	2	1	39	40	0.98	1	1	170	102	17	0	A
I	3761560	T	Y	257	28	9.82%	2	2	40	38	0.98	1	1	144	113	9	19	C
I	3761566	T	Y	259	29	10.07%	2	2	40	39	0.98	1	1	143	116	8	21	C
I	3846495	G	S	210	34	13.93%	2	2	40	41	0.98	1	1	77	133	14	20	C
I	3879924	C	Y	124	7	5.34%	2	1	38	24	0.98	1	1	19	105	7	0	T
I	3919051	G	R	131	7	5.07%	2	1	38	24	0.98	1	1	114	17	0	7	A
I	3948704	T	K	118	9	7.09%	2	1	40	29	0.98	1	1	100	18	0	9	G
I	3984278	C	Y	151	16	9.58%	2	2	42	45	0.98	1	1	63	88	15	1	T
I	3984617	T	Y	198	11	5.26%	2	2	44	44	0.98	1	1	114	84	2	9	C
I	3992214	C	A	0	168	100%	0	2	0	40	0.98	0	1	0	0	77	91	A
I	3992215	C	M	132	9	6.38%	2	1	38	29	0.98	1	1	38	94	9	0	A
I	3992218	T	Y	128	7	5.04%	2	1	38	24	0.98	1	1	36	92	7	0	C
I	3993794	T	K	128	7	5.19%	2	1	39	26	0.98	1	1	81	47	0	7	G
I	3993843	T	Y	144	13	8.28%	2	1	39	30	0.98	1	1	48	96	13	0	C
I	3993852	G	R	154	10	6.1%	2	1	38	28	0.98	1	1	59	95	10	0	A
I	4048261	T	Y	115	15	11.54%	2	1	37	31	0.98	1	1	90	25	0	15	C
I	4051857	A	R	134	10	6.94%	2	1	37	27	0.98	1	1	40	94	10	0	G
I	4139646	A	R	165	11	6.25%	2	1	39	29	0.98	1	1	62	103	11	0	G
I	4153632	T	K	133	8	5.67%	2	1	38	28	0.98	1	1	68	65	0	8	G
I	4179662	T	K	110	7	5.98%	2	1	37	26	0.98	1	1	61	49	0	7	G
I	4203556	T	Y	131	9	6.43%	2	1	38	34	0.98	1	1	23	108	9	0	C
I	4235614	C	Y	119	16	11.85%	2	1	39	28	0.98	1	1	5	114	16	0	T
I	4276890	G	K	21	12	7.95%	2	1	39	40	0.98	1	1	4	17	0	12	+T
I	4291193	G	R	141	14	9.03%	2	1	39	29	0.98	1	1	135	6	0	14	A
I	4291196	T	Y	133	53	28.49%	2	1	39	33	0.98	1	1	130	3	0	53	C
I	4316584	C	Y	118	7	5.6%	2	2	40	37	0.98	1	1	54	64	2	5	T
I	4316683	A	R	96	8	7.69%	2	2	37	33	0.98	1	1	44	52	5	3	G
I	4319077	T	Y	160	13	7.51%	2	1	38	30	0.98	1	1	129	31	0	13	C
I	4320175	A	R	137	16	10.46%	2	1	37	27	0.98	1	1	43	94	16	0	G
I	4362865	A	R	148	10	6.33%	2	2	38	25	0.98	1	1	116	32	1	9	G
I	4362879	T	K	125	20	13.79%	2	1	39	27	0.98	1	1	113	12	0	20	G
I	4375421	A	T	0	226	100%	0	2	0	39	0.98	0	1	0	0	115	111	T
I	4434034	A	M	150	19	11.24%	2	1	38	28	0.98	1	1	27	123	19	0	C
I	4442714	G	A	0	218	100%	0	2	0	39	0.98	0	1	0	0	103	115	A
I	4514478	T	K	96	9	8.41%	2	1	39	32	0.98	1	1	71	25	0	9	G
I	4563532	G	R	112	9	7.38%	2	1	39	27	0.98	1	1	108	4	0	9	A
I	4604677	G	K	73	7	8.75%	2	1	38	35	0.98	1	1	26	47	7	0	T
I	4648160	G	T	0	37	100%	0	2	0	38	0.98	0	1	0	0	13	24	T
I	4648161	G	T	19	123	86.62%	2	2	36	39	0.98	1	1	11	8	84	39	T
I	4693391	C	Y	107	8	6.96%	2	1	38	26	0.98	1	1	15	92	8	0	T
I	4709628	A	M	135	8	5.59%	2	1	39	28	0.98	1	1	20	115	8	0	C
I	4709646	A	M	144	8	5.26%	2	1	40	28	0.98	1	1	31	113	8	0	C
I	4715526	T	K	139	10	6.71%	2	1	38	32	0.98	1	1	106	33	0	10	G
I	4826153	T	K	168	10	5.62%	2	1	39	32	0.98	1	1	124	44	0	10	G
I	4855227	T	Y	121	9	6.92%	2	1	38	27	0.98	1	1	98	23	0	9	C
I	4911426	A	R	69	6	8%	2	1	39	32	0.98	1	1	33	36	0	6	G
I	4911430	A	R	58	6	9.38%	2	1	38	32	0.98	1	1	32	26	0	6	G
I	4912236	C	Y	118	9	7.09%	2	1	37	25	0.98	1	1	11	107	9	0	T
I	4919603	A	G	0	218	100%	0	2	0	39	0.98	0	1	0	0	102	116	G
I	4926046	C	Y	52	8	7.62%	2	1	38	36	0.98	1	1	28	24	0	8	+T
I	4933967	T	K	135	13	8.78%	2	1	39	27	0.98	1	1	118	17	0	13	G
I	4941716	T	K	122	8	6.15%	2	1	39	26	0.98	1	1	106	16	0	8	G
I	5020798	A	R	170	26	13.27%	2	1	38	30	0.98	1	1	28	142	26	0	G
I	5035815	T	Y	128	8	5.88%	2	1	38	32	0.98	1	1	113	15	0	8	C
I	5078225	T	K	141	19	11.88%	2	1	39	29	0.98	1	1	123	18	0	19	G
I	5096437	A	R	126	11	8.03%	2	1	38	28	0.98	1	1	82	44	0	11	G
I	5096470	G	K	90	11	10.89%	2	1	37	32	0.98	1	1	23	67	11	0	T
I	5123442	T	K	146	11	6.96%	2	1	37	29	0.98	1	1	103	43	0	11	G
I	5148415	A	W	13	3	18.75%	2	1	40	40	0.98	1	1	5	8	3	0	T
I	5154973	T	Y	150	16	9.64%	2	1	37	27	0.98	1	1	106	44	0	16	C
I	5155573	T	K	136	11	7.48%	2	1	39	26	0.98	1	1	91	45	0	11	G
I	5155589	G	R	134	8	5.63%	2	1	37	34	0.98	1	1	91	43	0	8	A
I	5155596	G	R	98	6	5.77%	2	1	38	32	0.98	1	1	88	10	0	6	A
I	5157518	T	K	108	17	13.6%	2	1	39	28	0.98	1	1	100	8	0	17	G
I	5157532	T	K	108	11	9.24%	2	1	39	31	0.98	1	1	103	5	0	11	G
I	5173430	G	K	42	20	10.99%	2	2	38	38	0.98	1	1	18	24	1	19	+T
I	5174647	A	M	131	14	9.66%	2	1	39	28	0.98	1	1	20	111	14	0	C
I	5174652	A	M	133	7	5%	2	1	39	26	0.98	1	1	22	111	7	0	C
I	5175873	T	K	137	17	11.04%	2	1	39	29	0.98	1	1	117	20	0	17	G
I	5176921	T	K	118	8	6.35%	2	1	38	32	0.98	1	1	62	56	0	8	G
I	5176926	T	W	47	18	12.86%	2	2	38	39	0.98	1	1	24	23	2	16	A
I	5177795	A	M	64	5	7.25%	2	1	39	24	0.98	1	1	15	49	5	0	C
I	5211709	A	R	109	6	5.22%	2	1	37	29	0.98	1	1	18	91	6	0	G
I	5217131	G	K	186	29	13.49%	2	2	39	39	0.98	1	1	105	81	10	19	T
I	5271466	A	T	0	52	100%	0	2	0	40	0.98	0	1	0	0	18	34	T
I	5343507	A	M	163	9	5.23%	2	1	39	24	0.98	1	1	50	113	9	0	C
I	5400080	C	T	0	251	100%	0	2	0	39	0.98	0	1	0	0	144	107	T
I	5462288	G	R	118	7	5.56%	2	1	38	24	0.98	1	1	108	10	0	7	A
I	5516133	G	R	131	7	5.07%	2	1	38	28	0.98	1	1	102	29	0	7	A
I	5559383	A	M	58	4	6.45%	2	1	38	28	0.98	1	1	28	30	4	0	C
I	5562193	A	R	197	139	41.37%	2	2	39	40	0.98	1	1	94	103	99	40	G
I	5569168	A	R	312	19	5.74%	2	2	40	40	0.98	1	1	111	201	10	9	G
I	5572215	T	Y	197	11	5.29%	2	2	39	40	0.98	1	1	97	100	3	8	C
I	5572218	T	Y	202	12	5.61%	2	2	39	40	0.98	1	1	100	102	3	9	C
I	5576809	C	Y	169	147	46.52%	2	2	39	40	0.98	1	1	77	92	77	70	T
I	5579055	C	Y	38	40	51.28%	1	1	40	40	0.98	1	1	0	38	0	40	T
II	5027	G	S	239	14	5.53%	2	2	40	40	0.98	1	1	130	109	7	7	C
II	7207	T	Y	205	42	17%	2	2	39	39	0.98	1	1	98	107	27	15	C
II	15830	T	W	33	4	7.27%	2	1	41	36	0.98	1	1	22	11	0	4	A
II	46943	G	R	57	11	16.18%	2	1	37	31	0.98	1	1	19	38	11	0	A
II	64667	A	R	135	8	5.59%	2	1	37	30	0.98	1	1	37	98	8	0	G
II	71987	T	K	106	6	5.36%	2	1	38	26	0.98	1	1	89	17	0	6	G
II	128002	A	W	8	2	18.18%	2	1	37	40	0.98	1	1	7	1	0	2	T
II	146080	C	Y	9	3	25%	2	2	40	40	0.98	1	1	6	3	1	2	T
II	243133	T	K	141	14	9.03%	2	1	38	34	0.98	1	1	95	46	0	14	G
II	243151	T	K	128	7	5.19%	2	1	38	30	0.98	1	1	95	33	0	7	G
II	266718	A	C	0	213	100%	0	2	0	39	0.98	0	1	0	0	122	91	C
II	266780	T	A	0	235	100%	0	2	0	40	0.98	0	1	0	0	115	120	A
II	276539	A	T	0	210	100%	0	2	0	39	0.98	0	1	0	0	114	96	T
II	290666	G	R	160	9	5.33%	2	1	37	31	0.98	1	1	91	69	0	9	A
II	317515	T	Y	136	29	17.58%	2	1	38	28	0.98	1	1	116	20	0	29	C
II	329050	G	R	123	10	7.52%	2	1	38	25	0.98	1	1	106	17	0	10	A
II	424707	T	Y	131	15	10.27%	2	1	37	25	0.98	1	1	95	36	0	15	C
II	424708	G	R	118	13	9.92%	2	1	38	28	0.98	1	1	96	22	0	13	A
II	429429	C	Y	110	6	5.04%	2	1	39	26	0.98	1	1	5	105	6	0	T
II	481407	T	Y	130	14	9.72%	2	1	38	28	0.98	1	1	110	20	0	14	C
II	484520	T	K	131	7	5.07%	2	1	39	26	0.98	1	1	87	44	0	7	G
II	515638	T	Y	133	11	7.64%	2	1	38	25	0.98	1	1	110	23	0	11	C
II	520662	A	R	76	6	7.32%	2	1	38	26	0.98	1	1	31	45	6	0	G
II	521731	G	K	131	7	5%	2	1	38	33	0.98	1	1	93	38	0	7	T
II	528142	C	Y	133	12	8.28%	2	1	38	32	0.98	1	1	23	110	12	0	T
II	559448	G	R	150	10	6.25%	2	1	38	27	0.98	1	1	113	37	0	10	A
II	561064	T	K	94	5	5%	2	1	37	30	0.98	1	1	49	45	0	5	G
II	603280	T	A	0	5	100%	0	2	0	40	0.98	0	1	0	0	3	2	A
II	603306	C	A	0	9	100%	0	2	0	40	0.98	0	1	0	0	2	7	A
II	618262	T	K	153	10	6.13%	2	1	39	24	0.98	1	1	119	34	0	10	G
II	618271	T	K	152	15	8.98%	2	1	39	29	0.98	1	1	123	29	0	15	G
II	618276	T	K	151	10	6.21%	2	1	39	32	0.98	1	1	125	26	0	10	G
II	618282	T	K	155	12	7.19%	2	1	39	26	0.98	1	1	126	29	0	12	G
II	632737	C	Y	129	13	9.15%	2	1	38	24	0.98	1	1	24	105	13	0	T
II	645063	T	K	130	7	5.11%	2	1	37	26	0.98	1	1	61	69	0	7	G
II	671077	C	Y	158	10	5.95%	2	2	38	35	0.98	1	1	104	54	1	9	T
II	673143	A	M	145	12	7.64%	2	1	38	25	0.98	1	1	74	71	12	0	C
II	685728	G	A	0	219	100%	0	2	0	39	0.98	0	1	0	0	82	137	A
II	689485	A	T	0	148	100%	0	2	0	39	0.98	0	1	0	0	69	79	T
II	689487	A	C	0	152	100%	0	2	0	39	0.98	0	1	0	0	72	80	C
II	689794	T	C	0	160	100%	0	2	0	41	0.98	0	1	0	0	80	80	C
II	690283	C	Y	144	8	5.26%	2	2	37	34	0.98	1	1	79	65	5	3	T
II	692166	G	S	29	2	6.45%	2	2	42	32	0.98	1	1	5	24	1	1	C
II	692170	T	Y	29	2	6.45%	2	2	41	40	0.98	1	1	5	24	1	1	C
II	692193	T	Y	9	13	59.09%	2	1	52	40	0.98	1	1	3	6	0	13	C
II	692195	G	K	8	11	57.89%	2	1	46	40	0.98	1	1	3	5	0	11	T
II	692524	C	Y	4	4	50%	2	1	35	36	0.98	1	1	2	2	0	4	T
II	692710	T	C	0	6	100%	0	1	0	37	0.98	0	1	0	0	6	0	C
II	692776	C	Y	31	5	13.89%	2	1	39	40	0.98	1	1	27	4	5	0	T
II	692805	C	Y	41	5	10.87%	2	1	37	40	0.98	1	1	39	2	5	0	T
II	692807	T	K	45	5	10%	2	1	40	36	0.98	1	1	43	2	5	0	G
II	693499	C	T	0	81	97.59%	0	2	0	39	0.98	0	1	0	0	60	21	T
II	693754	T	Y	146	11	7.01%	2	2	40	37	0.98	1	1	62	84	10	1	C
II	694546	T	Y	190	10	5%	2	2	40	36	0.98	1	1	102	88	2	8	C
II	694720	C	Y	187	12	6.03%	2	1	40	38	0.98	1	1	81	106	0	12	T
II	695827	C	T	0	105	100%	0	2	0	39	0.98	0	1	0	0	45	60	T
II	699951	T	G	5	196	97.51%	2	2	40	39	0.98	1	1	3	2	90	106	G
II	699952	G	T	0	196	97.51%	0	2	0	40	0.98	0	1	0	0	91	105	T
II	699961	A	T	0	213	100%	0	2	0	40	0.98	0	1	0	0	99	114	T
II	700019	T	A	2	171	98.84%	1	2	40	40	0.98	1	1	0	2	91	80	A
II	700020	C	T	2	169	98.83%	1	2	40	40	0.98	1	1	0	2	91	78	T
II	700021	A	C	2	171	98.84%	1	2	40	40	0.98	1	1	0	2	91	80	C
II	700024	T	A	0	174	100%	0	2	0	39	0.98	0	1	0	0	93	81	A
II	700028	A	T	0	176	100%	0	2	0	40	0.98	0	1	0	0	94	82	T
II	700113	A	T	0	215	100%	0	2	0	40	0.98	0	1	0	0	121	94	T
II	819356	C	M	85	10	10.53%	2	1	38	30	0.98	1	1	59	26	0	10	A
II	819360	G	R	79	8	9.2%	2	1	38	30	0.98	1	1	59	20	0	8	A
II	819361	C	M	75	15	16.3%	2	1	39	31	0.98	1	1	58	17	0	15	A
II	832390	C	Y	137	11	7.43%	2	1	39	25	0.98	1	1	11	126	11	0	T
II	837485	C	M	107	20	15.75%	2	1	39	31	0.98	1	1	20	87	20	0	A
II	869806	G	C	0	229	100%	0	2	0	40	0.98	0	1	0	0	106	123	C
II	879033	T	A	0	175	100%	0	2	0	40	0.98	0	1	0	0	82	93	A
II	898328	T	Y	160	10	5.88%	2	1	37	28	0.98	1	1	113	47	0	10	C
II	923543	C	A	0	238	100%	0	2	0	40	0.98	0	1	0	0	127	111	A
II	943554	C	A	0	248	100%	0	2	0	39	0.98	0	1	0	0	128	120	A
II	953201	A	G	0	238	100%	0	2	0	40	0.98	0	1	0	0	138	100	G
II	967094	A	G	0	208	100%	0	2	0	39	0.98	0	1	0	0	101	107	G
II	991126	A	R	162	10	5.81%	2	1	39	28	0.98	1	1	63	99	10	0	G
II	991749	T	K	126	15	10.64%	2	1	39	30	0.98	1	1	109	17	0	15	G
II	997668	G	R	159	31	16.32%	2	2	38	39	0.98	1	1	90	69	12	19	A
II	997671	G	R	133	37	19.27%	2	2	39	38	0.98	1	1	79	54	14	23	A
II	1020449	T	Y	151	10	6.21%	2	1	37	25	0.98	1	1	109	42	0	10	C
II	1032352	G	R	118	15	11.28%	2	1	38	25	0.98	1	1	101	17	0	15	A
II	1044910	A	R	65	4	5.63%	2	1	40	24	0.98	1	1	24	41	0	4	G
II	1155903	T	A	0	233	100%	0	2	0	39	0.98	0	1	0	0	120	113	A
II	1159678	G	C	0	218	100%	0	2	0	39	0.98	0	1	0	0	124	94	C
II	1159694	A	T	0	221	100%	0	2	0	40	0.98	0	1	0	0	128	93	T
II	1163155	T	A	3	10	76.92%	2	2	40	40	0.98	1	1	2	1	4	6	A
II	1255439	T	K	128	13	9.22%	2	1	39	27	0.98	1	1	114	14	0	13	G
II	1265908	G	S	117	9	7.14%	2	1	39	24	0.98	1	1	112	5	0	9	C
II	1265910	T	Y	124	8	6.06%	2	1	39	24	0.98	1	1	111	13	0	8	C
II	1282579	A	M	141	12	7.84%	2	1	39	26	0.98	1	1	16	125	12	0	C
II	1302966	C	Y	130	7	5.11%	2	1	38	33	0.98	1	1	20	110	7	0	T
II	1308619	T	K	13	5	27.78%	2	2	38	33	0.98	1	1	8	5	3	2	G
II	1396879	G	R	142	9	5.96%	2	1	38	28	0.98	1	1	121	21	0	9	A
II	1413588	T	C	0	198	100%	0	2	0	40	0.98	0	1	0	0	104	94	C
II	1448456	C	Y	139	12	7.95%	2	1	39	26	0.98	1	1	10	129	12	0	T
II	1467503	A	M	106	12	10.17%	2	1	38	26	0.98	1	1	17	89	12	0	C
II	1528107	A	M	137	12	8.05%	2	1	38	30	0.98	1	1	33	104	12	0	C
II	1549770	T	Y	139	9	6.08%	2	1	37	25	0.98	1	1	93	46	0	9	C
II	1555935	C	M	195	50	20.41%	2	2	39	38	0.98	1	1	123	72	11	39	A
II	1588936	G	R	58	14	10.69%	2	2	37	38	0.98	1	1	33	25	2	12	A
II	1588987	A	M	134	8	5.63%	2	1	39	32	0.98	1	1	52	82	8	0	C
II	1621729	C	Y	106	8	7.02%	2	1	38	24	0.98	1	1	15	91	8	0	T
II	1635337	G	T	0	9	100%	0	2	0	40	0.98	0	1	0	0	5	4	T
II	1672859	C	T	0	225	100%	0	2	0	40	0.98	0	1	0	0	100	125	T
II	1673002	G	C	0	250	100%	0	2	0	39	0.98	0	1	0	0	133	117	C
II	1678206	A	W	25	6	19.35%	2	2	40	34	0.98	1	1	10	15	4	2	T
II	1678372	T	Y	119	11	8.46%	2	1	37	29	0.98	1	1	95	24	0	11	C
II	1678693	T	A	0	168	100%	0	2	0	40	0.98	0	1	0	0	89	79	A
II	1683324	T	G	0	215	100%	0	2	0	39	0.98	0	1	0	0	119	96	G
II	1697124	C	T	0	236	100%	0	2	0	40	0.98	0	1	0	0	120	116	T
II	1716256	G	K	79	13	11.02%	2	1	37	31	0.98	1	1	58	21	0	13	+T
II	1716272	C	Y	59	101	63.12%	2	2	38	39	0.98	1	1	22	37	48	53	T
II	1716273	T	Y	65	94	59.12%	2	2	36	38	0.98	1	1	25	40	45	49	C
II	1716288	G	T	3	132	97.78%	2	2	29	39	0.98	1	1	2	1	67	65	T
II	1716318	A	G	0	159	100%	0	2	0	38	0.98	0	1	0	0	77	82	G
II	1716320	T	G	0	163	100%	0	2	0	39	0.98	0	1	0	0	81	82	G
II	1716326	G	T	0	169	100%	0	2	0	39	0.98	0	1	0	0	85	84	T
II	1731339	C	Y	152	9	5.59%	2	2	38	34	0.98	1	1	58	94	2	7	T
II	1731340	T	Y	150	9	5.66%	2	2	39	34	0.98	1	1	50	100	5	4	C
II	1748647	A	R	30	3	9.09%	2	1	40	34	0.98	1	1	16	14	0	3	G
II	1749171	G	R	103	12	10.43%	2	1	37	25	0.98	1	1	95	8	0	12	A
II	1784826	G	A	0	206	100%	0	2	0	39	0.98	0	1	0	0	95	111	A
II	1817320	A	M	154	13	7.78%	2	1	39	24	0.98	1	1	56	98	13	0	C
II	1849777	G	A	0	223	100%	0	2	0	40	0.98	0	1	0	0	119	104	A
II	1855356	T	Y	115	51	30.72%	2	1	39	30	0.98	1	1	113	2	0	51	C
II	1861421	G	T	0	3	100%	0	2	0	40	0.98	0	1	0	0	1	2	T
II	1868122	G	K	49	9	7.32%	2	1	39	38	0.98	1	1	32	17	0	9	+T
II	1894460	C	Y	192	36	15.79%	2	2	40	38	0.98	1	1	108	84	17	19	T
II	1952078	A	M	145	10	6.45%	2	1	38	27	0.98	1	1	20	125	10	0	C
II	1952084	A	M	150	8	5.06%	2	1	39	28	0.98	1	1	28	122	8	0	C
II	1962419	T	A	0	221	100%	0	2	0	40	0.98	0	1	0	0	108	113	A
II	1962439	A	G	0	240	100%	0	2	0	39	0.98	0	1	0	0	116	124	G
II	1962458	T	A	0	237	100%	0	2	0	40	0.98	0	1	0	0	119	118	A
II	1987098	C	A	0	215	100%	0	2	0	39	0.98	0	1	0	0	107	108	A
II	1987102	G	S	2	3	60%	2	2	40	40	0.98	1	1	1	1	2	1	C
II	2044929	A	T	0	243	100%	0	2	0	39	0.98	0	1	0	0	123	120	T
II	2049892	T	W	4	3	42.86%	2	1	40	34	0.98	1	1	1	3	0	3	A
II	2065196	T	Y	152	12	7.32%	2	1	38	32	0.98	1	1	115	37	0	12	C
II	2115443	C	Y	60	6	9.09%	2	1	39	24	0.98	1	1	2	58	6	0	T
II	2115444	A	R	62	48	43.64%	2	1	40	32	0.98	1	1	3	59	48	0	G
II	2115447	C	Y	71	14	16.47%	2	1	38	26	0.98	1	1	11	60	14	0	T
II	2115448	A	R	74	11	12.94%	2	1	38	26	0.98	1	1	15	59	11	0	G
II	2115451	C	Y	70	20	22.22%	2	1	39	28	0.98	1	1	7	63	20	0	T
II	2115478	C	Y	81	8	8.99%	2	1	38	26	0.98	1	1	24	57	8	0	T
II	2148295	G	K	2	4	66.67%	1	1	40	40	0.98	1	1	0	2	4	0	T
II	2163451	T	K	159	9	5.36%	2	1	38	24	0.98	1	1	97	62	0	9	G
II	2197621	T	Y	110	10	8.33%	2	1	38	24	0.98	1	1	36	74	10	0	C
II	2228775	T	G	5	211	97.69%	2	2	40	39	0.98	1	1	2	3	107	104	G
II	2228777	G	T	1	216	99.54%	1	2	40	40	0.98	1	1	1	0	108	108	T
II	2293298	A	R	18	2	10%	2	1	40	40	0.98	1	1	13	5	2	0	G
II	2318732	T	K	170	9	5.03%	2	1	39	25	0.98	1	1	116	54	0	9	G
II	2318817	T	Y	118	9	7.09%	2	1	38	25	0.98	1	1	51	67	9	0	C
II	2333320	G	S	105	51	32.69%	2	1	39	28	0.98	1	1	102	3	0	51	C
II	2333321	T	Y	129	25	16.23%	2	1	39	27	0.98	1	1	104	25	0	25	C
II	2436580	C	G	0	238	100%	0	2	0	40	0.98	0	1	0	0	109	129	G
II	2437612	A	W	290	36	11.01%	2	2	41	37	0.98	1	1	141	149	29	7	T
II	2437627	C	Y	238	113	32.19%	2	2	39	38	0.98	1	1	99	139	89	24	T
II	2437629	G	R	291	64	18.03%	2	2	42	38	0.98	1	1	138	153	53	11	A
II	2437646	G	R	326	53	13.98%	2	2	42	39	0.98	1	1	166	160	41	12	A
II	2437651	T	W	345	28	7.47%	2	2	42	36	0.98	1	1	169	176	23	5	A
II	2437655	G	R	349	34	8.85%	2	2	41	36	0.98	1	1	172	177	32	2	A
II	2437661	T	W	330	40	10.7%	2	2	41	34	0.98	1	1	154	176	35	5	A
II	2437666	T	Y	360	34	8.63%	2	2	42	35	0.98	1	1	172	188	30	4	C
II	2437684	T	W	229	176	43.35%	2	2	47	40	0.98	1	1	167	62	29	147	A
II	2437688	A	R	223	174	43.83%	2	2	48	39	0.98	1	1	165	58	35	139	G
II	2437720	A	W	356	22	5.79%	2	2	41	35	0.98	1	1	167	189	12	10	T
II	2437737	A	R	353	22	5.87%	2	2	41	38	0.98	1	1	170	183	12	10	G
II	2437754	G	R	335	18	5.1%	2	2	41	36	0.98	1	1	157	178	9	9	A
II	2437769	A	W	296	19	5.96%	2	2	39	34	0.98	1	1	145	151	7	12	T
II	2437771	A	M	311	23	6.89%	2	2	39	37	0.98	1	1	149	162	11	12	C
II	2437855	A	M	194	85	30.47%	2	2	39	40	0.98	1	1	136	58	8	77	C
II	2437918	T	Y	190	44	18.8%	2	2	40	40	0.98	1	1	119	71	4	40	C
II	2437936	A	W	202	34	14.35%	2	1	40	38	0.98	1	1	117	85	0	34	T
II	2437942	G	K	199	35	14.96%	2	2	39	39	0.98	1	1	122	77	1	34	T
II	2437951	C	Y	191	32	14.35%	2	2	40	38	0.98	1	1	111	80	2	30	T
II	2437970	G	R	214	20	8.55%	2	2	40	38	0.98	1	1	112	102	1	19	A
II	2437978	T	Y	226	15	6.22%	2	2	40	38	0.98	1	1	116	110	1	14	C
II	2443873	T	W	59	7	7.53%	2	1	39	40	0.98	1	1	43	16	0	7	A
II	2443898	C	M	55	4	6.78%	2	1	38	24	0.98	1	1	13	42	4	0	A
II	2444543	T	C	0	233	100%	0	2	0	39	0.98	0	1	0	0	113	120	C
II	2473281	C	Y	139	8	5.44%	2	1	39	28	0.98	1	1	7	132	8	0	T
II	2523606	T	K	92	5	5.15%	2	1	39	27	0.98	1	1	67	25	0	5	G
II	2523615	T	K	74	4	5.13%	2	1	39	24	0.98	1	1	59	15	0	4	G
II	2523624	C	M	60	5	7.69%	2	1	39	24	0.98	1	1	51	9	0	5	A
II	2552672	A	R	127	15	10.49%	2	1	39	28	0.98	1	1	96	31	0	15	G
II	2579475	C	M	122	9	6.87%	2	1	37	29	0.98	1	1	24	98	9	0	A
II	2622859	T	Y	133	14	9.52%	2	1	37	26	0.98	1	1	108	25	0	14	C
II	2640785	T	W	39	11	8.73%	2	1	39	35	0.98	1	1	25	14	0	11	A
II	2664810	T	K	141	11	7.24%	2	1	39	28	0.98	1	1	116	25	0	11	G
II	2676336	C	T	0	241	100%	0	2	0	40	0.98	0	1	0	0	98	143	T
II	2691938	T	K	127	10	7.3%	2	1	39	27	0.98	1	1	108	19	0	10	G
II	2755340	T	Y	41	6	12.77%	2	2	39	40	0.98	1	1	14	27	3	3	C
II	2798041	T	C	1	5	83.33%	1	2	40	40	0.98	1	1	1	0	2	3	C
II	2798515	G	A	0	11	100%	0	2	0	40	0.98	0	1	0	0	6	5	A
II	2806053	G	A	0	252	100%	0	2	0	39	0.98	0	1	0	0	97	155	A
II	2901509	G	T	0	250	100%	0	2	0	40	0.98	0	1	0	0	144	106	T
II	2972491	G	R	127	7	5.22%	2	1	38	24	0.98	1	1	116	11	0	7	A
II	2988149	G	K	138	9	6.08%	2	2	37	32	0.98	1	1	75	63	1	8	T
II	3006137	A	T	0	259	100%	0	2	0	39	0.98	0	1	0	0	151	108	T
II	3047425	A	R	146	9	5.81%	2	1	38	29	0.98	1	1	29	117	9	0	G
II	3072324	A	M	144	11	7.1%	2	1	38	24	0.98	1	1	47	97	11	0	C
II	3163649	T	Y	139	10	6.71%	2	1	38	25	0.98	1	1	118	21	0	10	C
II	3168292	A	R	97	37	27.61%	2	1	36	32	0.98	1	1	13	84	37	0	G
II	3168957	T	K	129	19	12.84%	2	1	39	31	0.98	1	1	110	19	0	19	G
II	3171788	G	R	47	9	5.77%	2	2	38	40	0.98	1	1	27	20	3	6	A
II	3174356	T	W	179	25	12.25%	2	2	39	38	0.98	1	1	97	82	16	9	A
II	3216210	T	K	139	8	5.44%	2	1	39	30	0.98	1	1	102	37	0	8	G
II	3253453	C	Y	47	12	7.27%	2	1	37	37	0.98	1	1	22	25	0	12	+T
II	3287931	T	K	173	10	5.46%	2	1	39	25	0.98	1	1	108	65	0	10	G
II	3380160	A	M	112	9	7.44%	2	1	39	27	0.98	1	1	32	80	9	0	C
II	3383709	G	S	112	11	8.94%	2	1	39	26	0.98	1	1	94	18	0	11	C
II	3383710	T	Y	133	10	6.99%	2	1	38	33	0.98	1	1	94	39	0	10	C
II	3391058	A	R	158	23	12.71%	2	1	38	30	0.98	1	1	34	124	23	0	G
II	3394039	T	K	153	16	9.47%	2	1	39	25	0.98	1	1	131	22	0	16	G
II	3394043	T	K	145	8	5.23%	2	1	39	30	0.98	1	1	129	16	0	8	G
II	3403445	A	M	123	16	11.51%	2	1	39	28	0.98	1	1	13	110	16	0	C
II	3413844	A	R	123	10	7.52%	2	1	38	28	0.98	1	1	22	101	10	0	G
II	3417583	T	Y	105	21	16.67%	2	1	38	27	0.98	1	1	96	9	0	21	C
II	3505880	T	K	147	8	5.16%	2	1	39	26	0.98	1	1	96	51	0	8	G
II	3529047	T	Y	147	8	5.16%	2	1	39	30	0.98	1	1	105	42	0	8	C
II	3634818	A	M	102	17	14.17%	2	1	38	28	0.98	1	1	27	75	17	0	C
II	3661793	T	Y	186	10	5.1%	2	1	38	28	0.98	1	1	64	122	10	0	C
II	3676710	T	K	135	8	5.59%	2	1	39	28	0.98	1	1	95	40	0	8	G
II	3715166	C	M	159	9	5.36%	2	1	37	32	0.98	1	1	53	106	9	0	A
II	3741603	G	R	133	13	8.9%	2	1	39	26	0.98	1	1	126	7	0	13	A
II	3777533	T	K	87	5	5.43%	2	1	39	24	0.98	1	1	53	34	0	5	G
II	3777536	T	K	86	6	6.52%	2	1	39	24	0.98	1	1	51	35	0	6	G
II	3799433	C	M	144	10	6.49%	2	2	38	28	0.98	1	1	59	85	9	1	A
II	3815052	A	M	81	12	12.9%	2	1	39	30	0.98	1	1	16	65	12	0	C
II	3838102	A	M	27	2	6.9%	2	1	39	40	0.98	1	1	14	13	2	0	C
II	3856940	A	M	127	10	7.3%	2	1	39	32	0.98	1	1	47	80	10	0	C
II	3856946	A	M	133	7	5%	2	1	39	28	0.98	1	1	50	83	7	0	C
II	3857829	A	M	122	10	7.58%	2	1	39	27	0.98	1	1	8	114	10	0	C
II	3858456	C	Y	133	13	8.84%	2	1	39	24	0.98	1	1	7	126	13	0	T
II	3860190	A	M	35	15	30%	2	2	40	40	0.98	1	1	13	22	10	5	C
II	3861636	C	Y	108	21	16.28%	2	1	39	29	0.98	1	1	4	104	21	0	T
II	3975211	T	K	104	10	8.77%	2	1	39	27	0.98	1	1	52	52	0	10	G
II	3985396	A	R	142	8	5.33%	2	1	38	34	0.98	1	1	37	105	8	0	G
II	3985398	C	Y	137	10	6.8%	2	1	37	25	0.98	1	1	35	102	10	0	T
II	4003297	A	R	163	9	5.23%	2	1	38	29	0.98	1	1	50	113	9	0	G
II	4047402	A	R	109	8	6.84%	2	1	38	28	0.98	1	1	87	22	0	8	G
II	4070314	C	S	131	10	7.04%	2	1	38	25	0.98	1	1	23	108	10	0	G
II	4075200	A	M	129	11	7.86%	2	1	39	28	0.98	1	1	27	102	11	0	C
II	4122326	T	C	0	269	100%	0	2	0	39	0.98	0	1	0	0	135	134	C
II	4222342	A	M	92	9	8.91%	2	1	39	29	0.98	1	1	82	10	0	9	C
II	4273713	C	Y	62	6	8.82%	2	1	39	46	0.98	1	1	31	31	0	6	T
II	4273787	G	R	77	7	8.33%	2	2	38	33	0.98	1	1	45	32	5	2	A
II	4400666	A	C	0	215	100%	0	2	0	39	0.98	0	1	0	0	117	98	C
II	4419921	T	W	47	13	8.02%	2	1	39	37	0.98	1	1	35	12	0	13	A
II	4437274	A	R	118	11	8.53%	2	1	37	25	0.98	1	1	34	84	11	0	G
II	4497010	A	R	168	9	5.08%	2	2	39	40	0.98	1	1	75	93	6	3	G
II	4497094	T	K	146	16	9.88%	2	1	39	29	0.98	1	1	105	41	0	16	G
II	4497276	T	Y	174	11	5.95%	2	1	39	40	0.98	1	1	106	68	0	11	C
II	4505717	A	R	205	40	16.33%	2	2	39	39	0.98	1	1	111	94	17	23	G
II	4507897	C	S	221	18	7.53%	2	2	39	40	0.98	1	1	105	116	7	11	G
II	4513966	A	R	361	44	10.86%	2	2	39	40	0.98	1	1	173	188	21	23	G
II	4513980	A	W	375	39	9.42%	2	2	39	39	0.98	1	1	183	192	21	18	T
II	4517047	T	Y	250	27	7.16%	2	2	40	40	0.98	1	1	122	128	13	14	C
II	4521636	C	Y	166	144	46.45%	2	2	39	39	0.98	1	1	77	89	83	61	T
II	4523882	C	Y	208	195	48.39%	2	2	39	39	0.98	1	1	105	103	114	81	T
II	4525226	T	K	232	15	6.07%	2	1	39	27	0.98	1	1	184	48	0	15	G
II	4525340	G	K	154	35	13.51%	2	1	37	30	0.98	1	1	111	43	0	35	+T
II	4525822	C	Y	258	97	27.32%	2	2	39	39	0.98	1	1	123	135	29	68	T
II	4525894	C	Y	196	31	13.66%	2	1	39	36	0.98	1	1	113	83	0	31	T
II	4525966	C	Y	206	65	23.99%	2	2	40	39	0.98	1	1	117	89	25	40	T
II	4526147	C	Y	164	18	9.89%	2	1	36	25	0.98	1	1	31	133	18	0	T
II	4526148	A	R	164	12	6.82%	2	1	36	28	0.98	1	1	28	136	12	0	G
II	4526151	C	Y	126	11	7.86%	2	1	37	28	0.98	1	1	3	123	11	0	T
II	4526266	T	Y	122	14	10.29%	2	1	37	26	0.98	1	1	107	15	0	14	C
II	4526824	T	K	134	8	5.63%	2	1	37	24	0.98	1	1	76	58	0	8	G
II	4527879	G	S	431	138	24.25%	2	2	39	39	0.98	1	1	243	188	71	67	C
II	4527881	C	Y	432	142	24.74%	2	2	39	39	0.98	1	1	244	188	73	69	T
II	4529116	T	Y	271	242	47.17%	2	2	39	40	0.98	1	1	150	121	125	117	C
II	4529965	A	R	294	251	46.06%	2	2	39	39	0.98	1	1	152	142	130	121	G
II	4530797	C	Y	400	116	22.48%	2	2	39	40	0.98	1	1	213	187	53	63	T
II	4531033	G	S	247	257	50.99%	2	2	40	39	0.98	1	1	119	128	131	126	C
II	4531092	G	R	256	267	51.05%	2	2	40	40	0.98	1	1	138	118	145	122	A
II	4531414	T	Y	273	266	49.35%	2	2	40	40	0.98	1	1	130	143	102	164	C
II	4531492	A	R	451	119	20.88%	2	2	39	39	0.98	1	1	226	225	48	71	G
II	4531592	G	R	279	268	48.99%	2	2	40	39	0.98	1	1	143	136	146	122	A
II	4531749	C	Y	271	252	48.18%	2	2	40	40	0.98	1	1	142	129	119	133	T
II	4531764	A	R	242	290	54.51%	2	2	40	39	0.98	1	1	125	117	130	160	G
II	4532088	G	K	251	295	54.03%	2	2	39	39	0.98	1	1	129	122	163	132	T
II	4532323	C	Y	657	43	6.14%	2	2	39	40	0.98	1	1	401	256	24	19	T
II	4533394	T	Y	507	500	49.65%	2	2	40	39	0.98	1	1	205	302	222	278	C
II	4533451	T	Y	550	551	50.05%	2	2	40	39	0.98	1	1	224	326	243	308	C
II	4533598	G	R	723	299	29.26%	2	2	39	40	0.98	1	1	414	309	175	124	A
II	4533617	A	R	734	319	30.29%	2	2	39	40	0.98	1	1	405	329	190	129	G
II	4533636	C	Y	561	498	47.03%	2	2	40	40	0.98	1	1	322	239	260	238	T
II	4533744	T	Y	740	290	28.16%	2	2	40	40	0.98	1	1	359	381	133	157	C
II	4533922	G	R	667	312	31.87%	2	2	39	39	0.98	1	1	340	327	167	145	A
II	4533994	T	Y	529	498	48.49%	2	2	40	40	0.98	1	1	243	286	231	267	C
II	4534246	C	M	731	330	31.07%	2	2	40	39	0.98	1	1	382	349	169	161	A
II	4534498	A	M	748	303	28.83%	2	2	40	40	0.98	1	1	361	387	148	155	C
II	4536550	C	M	885	270	23.38%	2	2	39	40	0.98	1	1	491	394	150	120	A
II	4537214	T	Y	792	252	24.14%	2	2	40	39	0.98	1	1	427	365	134	118	C
II	4537236	G	R	1090	78	6.68%	2	1	39	40	0.98	1	1	588	502	0	78	A
II	4537248	A	R	1119	78	6.52%	2	1	40	40	0.98	1	1	586	533	0	78	G
II	4537402	A	R	1012	65	6.04%	2	2	39	40	0.98	1	1	500	512	32	33	G
II	4537844	T	Y	705	162	18.69%	2	2	39	39	0.98	1	1	295	410	60	102	C
II	4538036	G	K	506	92	15.38%	2	2	38	42	0.98	1	1	201	305	89	3	T
II	4538038	A	R	485	95	16.38%	2	2	38	42	0.98	1	1	185	300	91	4	G
II	4538048	C	Y	521	100	16.1%	2	2	39	42	0.98	1	1	228	293	97	3	T
II	4538052	A	R	500	139	21.75%	2	2	39	42	0.98	1	1	206	294	133	6	G
II	4538091	T	Y	513	104	16.46%	2	2	39	40	0.98	1	1	226	287	92	12	C
II	4538114	A	R	510	32	5.9%	2	1	40	40	0.98	1	1	223	287	0	32	G
II	4538115	G	K	510	32	5.9%	2	1	40	39	0.98	1	1	224	286	0	32	T
II	4538116	G	R	503	32	5.98%	2	1	40	39	0.98	1	1	221	282	0	32	A
II	4538118	G	R	511	33	6.07%	2	1	40	39	0.98	1	1	226	285	0	33	A
II	4538122	G	S	507	33	6.11%	2	1	39	38	0.98	1	1	228	279	0	33	C
II	4538125	A	W	508	32	5.93%	2	1	40	38	0.98	1	1	223	285	0	32	T
II	4538126	C	S	508	33	6.1%	2	1	40	40	0.98	1	1	224	284	0	33	G
II	4538128	A	R	514	29	5.3%	2	1	40	39	0.98	1	1	229	285	0	29	G
II	4538155	T	K	565	46	7.53%	2	1	39	40	0.98	1	1	247	318	0	46	G
II	4538164	A	W	534	96	15.24%	2	1	39	39	0.98	1	1	271	263	0	96	T
II	4538366	G	R	370	37	9.09%	2	2	37	37	0.98	1	1	120	250	5	32	A
II	4538541	C	Y	515	35	6.36%	2	1	40	40	0.98	1	1	230	285	35	0	T
II	4538556	T	Y	502	62	10.99%	2	1	40	40	0.98	1	1	226	276	62	0	C
II	4538591	G	R	517	111	17.65%	2	2	40	39	0.98	1	1	298	219	81	30	A
II	4538770	T	Y	768	124	13.9%	2	2	39	39	0.98	1	1	490	278	119	5	C
II	4538906	C	Y	804	51	5.96%	2	2	39	37	0.98	1	1	363	441	17	34	T
II	4539524	G	R	859	247	22.33%	2	2	40	39	0.98	1	1	360	499	108	139	A
II	4539673	T	W	574	190	24.87%	2	2	40	40	0.98	1	1	133	441	50	140	A
II	4539725	T	Y	466	160	25.52%	2	2	40	40	0.98	1	1	36	430	17	143	C
III	32071	A	R	142	11	7.19%	2	1	37	29	0.98	1	1	41	101	11	0	G
III	72841	T	K	122	7	5.43%	2	1	38	28	0.98	1	1	90	32	0	7	G
III	72845	T	K	114	14	10.94%	2	1	38	26	0.98	1	1	89	25	0	14	G
III	107013	A	R	129	12	8.51%	2	1	39	29	0.98	1	1	30	99	12	0	G
III	113536	C	M	103	6	5.5%	2	1	39	32	0.98	1	1	98	5	0	6	A
III	123340	N	A	0	158	100%	0	2	0	38	0.98	0	1	0	0	76	82	A
III	207168	T	K	81	9	10%	2	1	39	29	0.98	1	1	70	11	0	9	G
III	207192	G	R	93	5	5.1%	2	1	37	24	0.98	1	1	35	58	5	0	A
III	207199	T	Y	106	7	6.19%	2	1	37	28	0.98	1	1	43	63	7	0	C
III	208135	C	Y	72	5	6.49%	2	2	33	33	0.98	1	1	43	29	4	1	T
III	208140	C	M	101	8	7.27%	2	1	38	26	0.98	1	1	90	11	0	8	A
III	210599	T	Y	133	7	5%	2	1	38	33	0.98	1	1	100	33	0	7	C
III	227730	A	T	0	247	100%	0	2	0	39	0.98	0	1	0	0	111	136	T
III	231515	C	M	127	7	5.22%	2	1	38	26	0.98	1	1	47	80	7	0	A
III	253907	A	W	59	19	11.24%	2	2	38	36	0.98	1	1	28	31	11	8	+T
III	284657	C	A	0	220	100%	0	2	0	40	0.98	0	1	0	0	116	104	A
III	285344	C	Y	154	9	5.52%	2	1	39	27	0.98	1	1	63	91	9	0	T
III	286616	C	M	115	15	11.54%	2	1	38	32	0.98	1	1	31	84	15	0	A
III	286620	G	R	114	10	8.06%	2	1	38	32	0.98	1	1	30	84	10	0	A
III	299709	A	R	121	10	7.63%	2	1	38	25	0.98	1	1	14	107	10	0	G
III	365748	A	M	33	2	5.71%	2	1	38	40	0.98	1	1	18	15	2	0	C
III	368336	T	K	143	9	5.92%	2	1	38	27	0.98	1	1	101	42	0	9	G
III	381316	T	Y	130	22	14.47%	2	1	38	30	0.98	1	1	114	16	0	22	C
III	389918	A	M	135	12	8.11%	2	1	39	32	0.98	1	1	21	114	12	0	C
III	389933	A	M	138	21	13.21%	2	1	39	30	0.98	1	1	33	105	21	0	C
III	393123	T	Y	138	18	11.54%	2	1	37	25	0.98	1	1	114	24	0	18	C
III	423611	T	K	150	9	5.66%	2	1	39	25	0.98	1	1	115	35	0	9	G
III	489924	A	R	169	13	7.14%	2	1	37	32	0.98	1	1	34	135	13	0	G
III	563337	G	R	145	8	5.23%	2	1	38	24	0.98	1	1	124	21	0	8	A
III	568652	C	Y	136	8	5.56%	2	2	37	26	0.98	1	1	80	56	1	7	T
III	594520	A	R	122	10	7.58%	2	1	37	25	0.98	1	1	32	90	10	0	G
III	623552	C	M	172	13	7.03%	2	1	38	30	0.98	1	1	49	123	13	0	A
III	698652	T	K	145	13	8.23%	2	1	39	32	0.98	1	1	120	25	0	13	G
III	714637	T	Y	147	8	5.16%	2	1	37	24	0.98	1	1	118	29	0	8	C
III	717678	T	W	53	3	5.36%	2	2	37	34	0.98	1	1	17	36	1	2	A
III	719971	G	T	0	71	100%	0	2	0	40	0.98	0	1	0	0	30	41	T
III	719976	G	A	0	66	100%	0	2	0	40	0.98	0	1	0	0	27	39	A
III	719978	G	A	0	66	100%	0	2	0	39	0.98	0	1	0	0	27	39	A
III	719979	A	T	0	66	100%	0	2	0	40	0.98	0	1	0	0	27	39	T
III	719981	G	T	0	66	100%	0	2	0	40	0.98	0	1	0	0	27	39	T
III	719985	G	T	0	66	100%	0	2	0	39	0.98	0	1	0	0	27	39	T
III	719987	G	T	0	66	100%	0	2	0	39	0.98	0	1	0	0	27	39	T
III	719988	A	T	0	66	100%	0	2	0	40	0.98	0	1	0	0	27	39	T
III	719990	G	T	0	66	100%	0	2	0	40	0.98	0	1	0	0	27	39	T
III	719991	A	T	0	70	100%	0	2	0	40	0.98	0	1	0	0	30	40	T
III	720001	C	T	0	191	100%	0	2	0	40	0.98	0	1	0	0	100	91	T
III	742669	T	K	149	8	5.1%	2	1	39	24	0.98	1	1	117	32	0	8	G
III	742729	C	Y	85	19	18.27%	2	1	39	30	0.98	1	1	5	80	19	0	T
III	742768	C	Y	115	9	7.26%	2	1	38	31	0.98	1	1	18	97	9	0	T
III	763541	T	Y	177	10	5.35%	2	1	38	28	0.98	1	1	126	51	0	10	C
III	799326	T	K	140	8	5.41%	2	1	39	26	0.98	1	1	104	36	0	8	G
III	799365	T	K	128	12	8.57%	2	1	39	26	0.98	1	1	117	11	0	12	G
III	936683	C	M	108	9	7.69%	2	1	38	25	0.98	1	1	61	47	0	9	A
III	936692	A	R	105	9	7.89%	2	1	38	27	0.98	1	1	57	48	0	9	G
III	936699	C	Y	85	23	21.3%	2	1	39	29	0.98	1	1	54	31	0	23	T
III	962376	C	Y	586	64	9.85%	2	2	42	39	0.98	1	1	275	311	35	29	T
III	962574	T	Y	80	17	17.53%	2	2	41	39	0.98	1	1	39	41	10	7	C
III	962610	C	Y	217	15	6.47%	2	2	41	38	0.98	1	1	124	93	13	2	T
III	963322	G	R	201	11	5.19%	2	1	39	38	0.98	1	1	126	75	0	11	A
III	963343	A	G	5	195	97.5%	1	2	40	40	0.98	1	1	0	5	126	69	G
III	985842	A	M	61	7	10.29%	2	1	38	26	0.98	1	1	3	58	7	0	C
III	985847	T	K	54	4	6.9%	2	1	36	24	0.98	1	1	15	39	0	4	G
III	985860	A	M	52	3	5.36%	2	1	36	29	0.98	1	1	15	37	3	0	C
III	985861	T	K	52	3	5.26%	2	1	36	24	0.98	1	1	16	36	0	3	G
III	985871	C	Y	32	9	21.95%	2	1	35	36	0.98	1	1	14	18	0	9	T
III	1047073	A	M	136	14	9.33%	2	1	39	31	0.98	1	1	36	100	14	0	C
III	1075653	G	K	560	36	6.04%	2	2	39	40	0.98	1	1	234	326	18	18	T
III	1082294	G	K	591	35	5.59%	2	2	39	40	0.98	1	1	218	373	14	21	T
III	1084286	G	K	231	101	30.42%	2	2	39	39	0.98	1	1	131	100	41	60	T
III	1095644	A	M	191	12	5.91%	2	1	39	28	0.98	1	1	82	109	12	0	C
III	1114661	C	M	182	71	28.06%	2	2	39	41	0.98	1	1	69	113	19	52	A
III	1121421	C	M	172	68	28.33%	2	2	40	39	0.98	1	1	71	101	30	38	A
III	1123824	C	Y	23	2	8%	1	1	39	40	0.98	1	1	0	23	2	0	T
III	1128181	C	M	175	66	27.39%	2	2	39	40	0.98	1	1	59	116	28	38	A
III	1134941	C	M	199	83	29.43%	2	2	40	39	0.98	1	1	82	117	45	38	A
III	1168328	T	C	1	154	99.35%	1	2	24	38	0.98	1	1	0	1	86	68	C
III	1168363	G	A	0	157	100%	0	2	0	39	0.98	0	1	0	0	90	67	A
III	1168400	T	Y	127	11	7.97%	2	1	38	28	0.98	1	1	54	73	11	0	C
III	1207130	T	K	135	10	6.9%	2	1	39	25	0.98	1	1	117	18	0	10	G
III	1248467	A	M	142	13	8.39%	2	1	39	25	0.98	1	1	36	106	13	0	C
III	1248473	A	M	155	10	6.06%	2	1	38	30	0.98	1	1	46	109	10	0	C
III	1252491	T	K	79	10	11.24%	2	1	39	25	0.98	1	1	44	35	0	10	G
III	1252495	T	K	70	4	5.41%	2	1	39	28	0.98	1	1	44	26	0	4	G
III	1252505	G	K	49	9	14.52%	2	1	38	36	0.98	1	1	30	19	0	9	T
III	1285827	T	Y	134	13	8.84%	2	1	37	28	0.98	1	1	113	21	0	13	C
III	1341577	A	R	146	10	6.41%	2	1	37	27	0.98	1	1	39	107	10	0	G
III	1349571	T	K	169	23	11.98%	2	1	39	30	0.98	1	1	147	22	0	23	G
III	1374938	A	T	0	243	100%	0	2	0	40	0.98	0	1	0	0	122	121	T
III	1395394	G	K	123	26	16.77%	2	1	39	32	0.98	1	1	100	23	0	26	T
III	1395420	G	K	94	6	6%	2	2	38	29	0.98	1	1	31	63	5	1	T
III	1395445	G	K	100	7	6.54%	2	2	36	26	0.98	1	1	35	65	3	4	T
III	1430577	A	R	135	63	31.82%	2	1	39	32	0.98	1	1	4	131	63	0	G
III	1430578	C	S	128	22	14.67%	1	1	39	30	0.98	1	1	0	128	22	0	G
III	1430582	C	Y	146	11	7.01%	2	1	38	28	0.98	1	1	16	130	11	0	T
III	1450125	A	R	171	12	6.56%	2	1	37	29	0.98	1	1	87	84	12	0	G
III	1493950	A	R	129	51	28.33%	2	1	40	40	0.98	1	1	69	60	51	0	G
III	1494129	T	K	253	57	18.39%	2	2	41	39	0.98	1	1	129	124	17	40	G
III	1494164	A	R	196	34	14.78%	2	2	39	38	0.98	1	1	134	62	13	21	G
III	1494181	A	W	192	21	9.86%	2	2	39	37	0.98	1	1	125	67	11	10	T
III	1494282	G	R	193	100	34.13%	2	2	39	37	0.98	1	1	101	92	18	82	A
III	1494303	G	R	199	64	24.33%	2	2	39	40	0.98	1	1	101	98	10	54	A
III	1494306	A	W	202	60	22.9%	2	2	40	39	0.98	1	1	102	100	10	50	T
III	1494312	A	R	195	58	22.92%	2	2	39	39	0.98	1	1	98	97	10	48	G
III	1494315	A	R	192	57	22.89%	2	2	39	39	0.98	1	1	95	97	10	47	G
III	1494318	A	R	194	57	22.71%	2	2	40	40	0.98	1	1	94	100	10	47	G
III	1494327	T	K	207	55	20.99%	2	2	39	40	0.98	1	1	107	100	11	44	G
III	1530141	A	R	132	9	6.38%	2	2	38	27	0.98	1	1	98	34	1	8	G
III	1535559	C	Y	144	9	5.88%	2	1	38	27	0.98	1	1	37	107	9	0	T
III	1544660	G	R	144	13	8.28%	2	1	38	28	0.98	1	1	84	60	0	13	A
III	1561154	A	M	138	11	7.33%	2	1	39	25	0.98	1	1	29	109	11	0	C
III	1575947	C	S	84	5	5.32%	2	1	38	36	0.98	1	1	66	18	0	5	G
III	1575947	C	Y	84	5	5.32%	2	1	38	30	0.98	1	1	66	18	0	5	G
III	1575951	G	K	51	13	11.4%	2	2	38	36	0.98	1	1	30	21	2	11	+T
III	1575980	A	M	99	7	6.6%	2	1	38	30	0.98	1	1	29	70	7	0	C
III	1655389	G	S	98	11	10%	2	1	38	24	0.98	1	1	90	8	0	11	C
III	1655392	G	S	91	28	23.33%	2	1	39	26	0.98	1	1	90	1	0	28	C
III	1655393	T	Y	91	59	39.33%	2	1	39	33	0.98	1	1	88	3	0	59	C
III	1655396	T	Y	101	24	19.2%	2	1	38	32	0.98	1	1	89	12	0	24	C
III	1655397	T	Y	118	16	11.94%	2	1	38	29	0.98	1	1	93	25	0	16	C
III	1669049	A	R	124	37	22.98%	2	1	38	29	0.98	1	1	6	118	37	0	G
III	1713002	C	M	142	12	7.79%	2	1	39	28	0.98	1	1	32	110	12	0	A
III	1716815	T	Y	134	12	8.22%	2	1	38	26	0.98	1	1	112	22	0	12	C
III	1731092	A	M	150	13	7.98%	2	1	38	28	0.98	1	1	44	106	13	0	C
III	1756401	A	W	7	5	41.67%	2	2	40	40	0.98	1	1	5	2	2	3	T
III	1765401	G	T	0	246	100%	0	2	0	39	0.98	0	1	0	0	113	133	T
III	1789835	A	M	136	13	8.72%	2	1	39	28	0.98	1	1	31	105	13	0	C
III	1812807	A	M	156	11	6.59%	2	1	39	26	0.98	1	1	15	141	11	0	C
III	1821897	T	K	136	13	8.72%	2	1	39	32	0.98	1	1	98	38	0	13	G
III	1864995	C	Y	122	7	5.43%	2	1	37	30	0.98	1	1	21	101	7	0	T
III	1929127	A	R	55	7	7.61%	2	1	36	37	0.98	1	1	43	12	7	0	-G
III	2024772	A	R	127	7	5.22%	2	1	39	26	0.98	1	1	18	109	7	0	G
III	2024773	A	R	119	17	12.5%	2	1	40	28	0.98	1	1	10	109	17	0	G
III	2067529	T	K	154	18	10.47%	2	1	38	29	0.98	1	1	86	68	0	18	G
III	2067537	T	K	145	9	5.84%	2	1	38	31	0.98	1	1	87	58	0	9	G
III	2067590	C	M	117	10	7.87%	2	1	38	33	0.98	1	1	25	92	10	0	A
III	2067593	G	R	130	7	5.11%	2	1	38	26	0.98	1	1	39	91	7	0	A
III	2067818	G	R	84	10	10.53%	2	1	38	33	0.98	1	1	45	39	0	10	A
III	2067829	G	R	72	7	8.86%	2	1	38	33	0.98	1	1	36	36	0	7	A
III	2067833	G	R	70	6	7.89%	2	1	38	34	0.98	1	1	40	30	0	6	A
III	2071511	G	K	156	9	5.45%	2	1	38	29	0.98	1	1	91	65	0	9	T
III	2071516	G	K	136	8	5.48%	2	2	37	30	0.98	1	1	87	49	1	7	T
III	2074534	A	M	143	9	5.92%	2	1	38	31	0.98	1	1	30	113	9	0	C
III	2181754	A	M	158	9	5.39%	2	1	39	24	0.98	1	1	45	113	9	0	C
III	2237157	T	K	120	12	9.09%	2	1	39	33	0.98	1	1	112	8	0	12	G
III	2265171	T	K	149	9	5.7%	2	1	39	24	0.98	1	1	119	30	0	9	G
III	2306228	A	R	151	14	8.48%	2	1	38	27	0.98	1	1	29	122	14	0	G
III	2381979	G	T	0	157	100%	0	2	0	38	0.98	0	1	0	0	90	67	T
III	2382011	T	K	108	6	5.22%	2	1	39	29	0.98	1	1	78	30	0	6	G
III	2382014	T	K	103	7	6.36%	2	1	39	28	0.98	1	1	79	24	0	7	G
III	2382019	T	W	57	5	8.06%	2	1	39	40	0.98	1	1	39	18	5	0	A
III	2420273	A	M	101	15	12.93%	2	1	39	26	0.98	1	1	29	72	15	0	C
III	2448311	A	W	917	51	5.14%	2	2	38	38	0.98	1	1	530	387	42	9	T
