Chrom	Position	Ref	Cons	Reads1	Reads2	VarFreq	Strands1	Strands2	Qual1	Qual2	Pvalue	MapQual1	MapQual2	Reads1Plus	Reads1Minus	Reads2Plus	Reads2Minus	VarAllele
chr_II_telomeric_gap	4787	G	A	0	14	100%	0	2	0	52	0.98	0	1	0	0	11	3	A
I	224	G	R	52	17	24.64%	2	2	46	46	0.98	1	1	25	27	9	8	A
I	459	C	M	41	60	59.41%	2	2	47	45	0.98	1	1	15	26	30	30	A
I	783	T	Y	44	63	58.88%	2	2	40	40	0.98	1	1	25	19	26	37	C
I	798	G	R	64	40	38.46%	2	2	41	41	0.98	1	1	35	29	20	20	A
I	955	C	Y	57	46	44.66%	2	2	41	42	0.98	1	1	26	31	29	17	T
I	1055	T	Y	112	16	12.5%	2	2	48	36	0.98	1	1	49	63	9	7	C
I	1133	A	R	64	57	47.11%	2	2	43	43	0.98	1	1	24	40	14	43	G
I	1455	C	Y	51	27	34.62%	2	2	45	39	0.98	1	1	31	20	17	10	T
I	1514	C	S	52	16	23.53%	2	2	44	43	0.98	1	1	18	34	4	12	G
I	1750	G	R	53	13	19.7%	2	2	48	47	0.98	1	1	20	33	7	6	A
I	2224	C	Y	37	13	26%	2	2	45	39	0.98	1	1	26	11	9	4	T
I	2582	T	Y	32	23	41.82%	2	2	43	51	0.98	1	1	18	14	13	10	C
I	3431	A	R	53	39	42.39%	2	2	46	51	0.98	1	1	24	29	20	19	G
I	4052	T	W	53	3	5.36%	2	2	38	37	0.98	1	1	27	26	1	2	A
I	4666	G	R	24	3	11.11%	2	2	38	37	0.98	1	1	9	15	1	2	A
I	4668	C	S	32	3	8.57%	2	1	41	37	0.98	1	1	16	16	0	3	G
I	4675	G	K	32	2	5.88%	2	1	38	23	0.98	1	1	14	18	2	0	T
I	6358	A	W	36	2	5.26%	2	1	42	31	0.98	1	1	19	17	0	2	T
I	6583	G	R	13	12	48%	2	2	42	49	0.98	1	1	8	5	8	4	A
I	6727	G	R	7	6	46.15%	2	2	42	43	0.98	1	1	1	6	1	5	A
I	7192	C	M	17	8	21.05%	2	1	35	28	0.98	1	1	11	6	0	8	A
I	8666	G	R	15	21	58.33%	2	2	37	39	0.98	1	1	5	10	7	14	A
I	10913	G	R	9	12	57.14%	2	2	41	39	0.98	1	1	6	3	7	5	A
I	17512	T	Y	22	3	12%	2	2	45	37	0.98	1	1	7	15	1	2	C
I	17558	A	R	25	3	10.71%	2	2	42	37	0.98	1	1	13	12	1	2	G
I	17723	A	R	24	2	7.69%	2	1	46	37	0.98	1	1	11	13	0	2	G
I	17875	A	R	35	3	7.89%	2	1	40	45	0.98	1	1	25	10	3	0	G
I	17889	T	Y	34	3	8.11%	2	2	40	37	0.98	1	1	24	10	2	1	C
I	17929	G	R	42	4	8.7%	2	2	49	55	0.98	1	1	20	22	1	3	A
I	17957	T	Y	41	3	6.82%	2	2	54	74	0.98	1	1	17	24	2	1	C
I	18099	A	R	45	14	23.73%	2	2	41	39	0.98	1	1	31	14	11	3	G
I	18104	A	R	47	8	14.55%	2	2	41	41	0.98	1	1	34	13	7	1	G
I	18140	T	Y	73	7	8.75%	2	2	41	37	0.98	1	1	61	12	6	1	C
I	18218	G	R	90	8	8.16%	2	1	50	37	0.98	1	1	64	26	8	0	A
I	18318	G	R	84	22	20.75%	2	2	43	45	0.98	1	1	38	46	18	4	A
I	18475	C	Y	53	35	39.77%	2	2	43	50	0.98	1	1	10	43	4	31	T
I	20330	A	W	8	2	20%	2	1	41	37	0.98	1	1	3	5	0	2	T
I	27288	A	W	27	2	6.9%	2	1	41	27	0.98	1	1	13	14	0	2	T
I	28424	C	S	43	4	8.51%	2	2	43	46	0.98	1	1	19	24	2	2	G
I	28446	A	W	41	3	6.82%	2	2	44	49	0.98	1	1	20	21	2	1	T
I	29359	T	W	26	2	6.67%	2	2	47	37	0.98	1	1	13	13	1	1	A
I	29373	T	Y	20	4	15.38%	2	2	49	35	0.98	1	1	10	10	2	2	C
I	78570	G	K	20	2	9.09%	2	1	42	25	0.98	1	1	6	14	2	0	T
I	94835	A	R	16	2	11.11%	2	2	43	37	0.98	1	1	9	7	1	1	G
I	96157	G	R	22	5	18.52%	2	1	44	37	0.98	1	1	11	11	0	5	A
I	96227	T	Y	26	2	7.14%	2	1	39	74	0.98	1	1	19	7	2	0	C
I	98629	A	M	36	8	18.18%	2	1	39	37	0.98	1	1	28	8	8	0	C
I	98632	C	Y	34	8	19.05%	2	1	41	37	0.98	1	1	26	8	8	0	T
I	98639	A	W	46	13	22.03%	2	2	40	42	0.98	1	1	35	11	11	2	T
I	98777	T	Y	90	12	11.76%	2	2	50	49	0.98	1	1	40	50	3	9	C
I	98786	G	R	86	13	13.13%	2	1	48	39	0.98	1	1	35	51	0	13	A
I	98794	T	Y	93	8	7.92%	2	1	46	40	0.98	1	1	43	50	0	8	C
I	98795	T	Y	94	8	7.84%	2	1	46	41	0.98	1	1	44	50	0	8	C
I	99057	T	Y	91	10	9.9%	2	2	46	37	0.98	1	1	50	41	8	2	C
I	99066	G	R	95	14	12.84%	2	2	52	52	0.98	1	1	45	50	6	8	A
I	99204	A	W	59	28	32.18%	2	2	45	39	0.98	1	1	25	34	1	27	T
I	99211	A	R	52	8	13.33%	2	1	44	37	0.98	1	1	23	29	0	8	G
I	99214	G	K	50	7	12.28%	2	1	45	37	0.98	1	1	21	29	0	7	T
I	110495	A	M	6	2	25%	2	1	36	37	0.98	1	1	3	3	0	2	C
I	137482	A	W	20	2	9.09%	2	1	48	37	0.98	1	1	4	16	0	2	T
I	169817	A	M	5	4	44.44%	1	1	37	26	0.98	1	1	5	0	0	4	C
I	193999	A	M	18	2	10%	2	1	40	25	0.98	1	1	10	8	0	2	C
I	199427	A	R	10	2	16.67%	2	2	40	37	0.98	1	1	7	3	1	1	G
I	199430	G	R	10	2	16.67%	2	2	44	37	0.98	1	1	7	3	1	1	A
I	220354	G	R	22	3	12%	2	1	40	37	0.98	1	1	11	11	0	3	A
I	233562	C	M	22	2	8.33%	2	2	47	37	0.98	1	1	9	13	1	1	A
I	240212	A	W	8	2	20%	2	1	41	25	0.98	1	1	5	3	0	2	T
I	247612	T	Y	38	2	5%	2	1	41	25	0.98	1	1	22	16	2	0	C
I	313064	T	W	20	2	9.09%	2	2	49	37	0.98	1	1	11	9	1	1	A
I	375627	C	M	27	2	6.9%	2	1	45	37	0.98	1	1	13	14	2	0	A
I	411404	C	M	12	2	14.29%	2	1	42	25	0.98	1	1	2	10	2	0	A
I	413107	C	M	26	2	7.14%	2	1	43	22	0.98	1	1	7	19	2	0	A
I	456982	C	S	17	2	10.53%	2	2	55	37	0.98	1	1	8	9	1	1	G
I	457522	T	Y	12	2	14.29%	2	2	45	37	0.98	1	1	6	6	1	1	C
I	473469	C	M	12	2	14.29%	2	1	36	29	0.98	1	1	4	8	2	0	A
I	482346	G	R	17	2	10.53%	2	2	39	37	0.98	1	1	9	8	1	1	A
I	519015	T	W	36	2	5.26%	2	2	40	25	0.98	1	1	25	11	1	1	A
I	521837	C	M	16	2	11.11%	2	1	41	25	0.98	1	1	13	3	0	2	A
I	521850	A	R	20	4	16.67%	2	2	51	37	0.98	1	1	13	7	2	2	G
I	523603	G	A	0	22	100%	0	2	0	46	0.98	0	1	0	0	13	9	A
I	523883	G	A	0	27	100%	0	2	0	47	0.98	0	1	0	0	11	16	A
I	527156	C	A	0	19	100%	0	2	0	46	0.98	0	1	0	0	13	6	A
I	592903	T	Y	8	2	20%	2	1	40	31	0.98	1	1	6	2	2	0	C
I	628428	T	Y	9	2	18.18%	2	1	35	37	0.98	1	1	5	4	2	0	C
I	650099	C	M	4	4	36.36%	1	1	37	32	0.98	1	1	4	0	0	4	A
I	652508	T	K	8	2	20%	2	1	45	37	0.98	1	1	1	7	2	0	G
I	679461	T	W	10	2	16.67%	2	1	46	25	0.98	1	1	7	3	0	2	A
I	697538	C	M	20	2	9.09%	2	2	45	37	0.98	1	1	7	13	1	1	A
I	701539	C	M	22	3	12%	2	1	40	37	0.98	1	1	5	17	3	0	A
I	755748	T	K	24	3	11.11%	2	1	52	33	0.98	1	1	16	8	0	3	G
I	759334	G	T	0	5	100%	0	2	0	44	0.98	0	1	0	0	3	2	T
I	766035	C	Y	16	2	11.11%	2	2	47	37	0.98	1	1	9	7	1	1	T
I	790358	A	M	21	2	8.7%	2	2	45	37	0.98	1	1	9	12	1	1	C
I	834098	A	M	19	2	9.52%	2	1	50	37	0.98	1	1	7	12	2	0	C
I	852226	T	K	38	2	5%	2	1	44	37	0.98	1	1	21	17	2	0	G
I	949545	T	K	8	2	20%	2	1	41	27	0.98	1	1	2	6	2	0	G
I	949558	G	K	9	2	18.18%	2	1	36	31	0.98	1	1	3	6	2	0	T
I	959032	A	M	32	2	5.88%	2	2	46	43	0.98	1	1	12	20	1	1	C
I	1005796	A	R	21	2	8.7%	2	1	47	37	0.98	1	1	12	9	0	2	G
I	1008723	G	R	12	2	14.29%	2	1	46	37	0.98	1	1	8	4	0	2	A
I	1038404	C	M	27	3	10%	2	1	40	37	0.98	1	1	11	16	0	3	A
I	1038491	G	K	19	3	13.64%	2	1	37	33	0.98	1	1	8	11	3	0	T
I	1043392	G	R	10	2	16.67%	2	2	43	37	0.98	1	1	5	5	1	1	A
I	1095886	G	K	9	3	25%	2	1	46	49	0.98	1	1	3	6	3	0	T
I	1127932	G	S	34	2	5.56%	2	1	50	31	0.98	1	1	17	17	0	2	C
I	1147273	C	Y	25	2	7.41%	2	2	43	31	0.98	1	1	13	12	1	1	T
I	1150441	T	Y	25	2	7.41%	2	2	45	37	0.98	1	1	18	7	1	1	C
I	1170311	C	M	27	2	6.9%	2	2	45	37	0.98	1	1	17	10	1	1	A
I	1187129	G	R	26	2	7.14%	2	1	45	37	0.98	1	1	14	12	2	0	A
I	1193377	C	Y	16	2	11.11%	2	2	46	37	0.98	1	1	3	13	1	1	T
I	1216890	G	R	15	2	11.76%	2	2	42	37	0.98	1	1	7	8	1	1	A
I	1220808	G	S	17	2	10.53%	2	1	41	37	0.98	1	1	9	8	0	2	C
I	1252332	A	W	20	2	9.09%	2	1	43	31	0.98	1	1	12	8	0	2	T
I	1256511	G	R	25	2	7.41%	2	2	42	37	0.98	1	1	17	8	1	1	A
I	1256514	A	M	24	2	7.69%	2	2	43	37	0.98	1	1	15	9	1	1	C
I	1266631	T	W	18	2	10%	2	1	41	25	0.98	1	1	6	12	2	0	A
I	1279781	T	W	19	2	9.52%	2	1	46	37	0.98	1	1	9	10	0	2	A
I	1306122	G	K	14	2	12.5%	2	1	42	37	0.98	1	1	3	11	2	0	T
I	1373673	C	M	29	2	6.45%	2	2	41	68	0.98	1	1	9	20	1	1	A
I	1380029	A	W	19	2	9.52%	2	1	38	25	0.98	1	1	11	8	0	2	T
I	1380087	C	M	14	2	12.5%	2	1	39	25	0.98	1	1	10	4	0	2	A
I	1393829	A	W	9	2	18.18%	2	1	48	31	0.98	1	1	1	8	2	0	T
I	1400735	T	K	19	2	9.52%	2	2	42	37	0.98	1	1	10	9	1	1	G
I	1405887	G	R	19	2	9.52%	2	1	38	37	0.98	1	1	7	12	2	0	A
I	1428177	G	S	19	2	9.52%	2	1	44	37	0.98	1	1	8	11	0	2	C
I	1477559	C	M	27	2	6.9%	2	1	44	23	0.98	1	1	13	14	2	0	A
I	1487267	A	W	18	2	10%	2	1	45	37	0.98	1	1	7	11	0	2	T
I	1497833	A	M	28	2	6.67%	2	1	38	31	0.98	1	1	10	18	2	0	C
I	1512022	A	M	8	2	20%	2	2	46	37	0.98	1	1	5	3	1	1	C
I	1526026	T	Y	25	2	7.41%	2	1	45	31	0.98	1	1	22	3	0	2	C
I	1533586	C	M	11	2	15.38%	2	1	43	25	0.98	1	1	4	7	2	0	A
I	1545171	C	Y	7	4	36.36%	2	1	35	37	0.98	1	1	3	4	4	0	T
I	1623852	A	R	25	2	7.41%	2	2	45	37	0.98	1	1	13	12	1	1	G
I	1627570	T	W	13	2	13.33%	2	2	37	37	0.98	1	1	7	6	1	1	A
I	1698201	C	S	30	6	16.67%	2	2	49	49	0.98	1	1	18	12	1	5	G
I	1713593	T	K	18	2	10%	2	1	48	25	0.98	1	1	11	7	2	0	G
I	1732168	G	K	20	3	13.04%	2	1	38	25	0.98	1	1	5	15	3	0	T
I	1765306	C	M	6	2	25%	1	1	38	37	0.98	1	1	6	0	0	2	A
I	1779717	G	K	20	2	9.09%	2	2	36	37	0.98	1	1	7	13	1	1	T
I	1783458	C	T	0	24	100%	0	2	0	46	0.98	0	1	0	0	12	12	T
I	1812890	A	W	15	2	11.76%	2	1	37	25	0.98	1	1	10	5	0	2	T
I	1834158	A	W	5	2	28.57%	1	1	33	25	0.98	1	1	5	0	0	2	T
I	1834160	G	K	4	5	55.56%	1	1	37	29	0.98	1	1	4	0	0	5	T
I	1834174	A	M	7	3	30%	2	1	32	25	0.98	1	1	4	3	0	3	C
I	1834432	G	K	14	2	12.5%	2	1	48	33	0.98	1	1	10	4	0	2	T
I	1834456	C	M	9	2	18.18%	2	1	37	33	0.98	1	1	6	3	0	2	A
I	1834470	G	K	8	2	20%	2	1	35	27	0.98	1	1	4	4	0	2	T
I	1852128	G	K	6	2	25%	1	1	49	27	0.98	1	1	0	6	2	0	T
I	1857646	G	R	65	4	5.8%	2	2	45	37	0.98	1	1	39	26	2	2	A
I	1887283	G	K	21	2	8.7%	2	2	36	22	0.98	1	1	2	19	1	1	T
I	1890175	G	K	6	2	25%	2	1	40	31	0.98	1	1	4	2	0	2	T
I	1893575	C	M	9	2	18.18%	1	1	35	33	0.98	1	1	0	9	2	0	A
I	1893582	C	M	10	2	16.67%	2	1	39	27	0.98	1	1	2	8	2	0	A
I	1898080	A	R	8	2	20%	2	2	37	37	0.98	1	1	4	4	1	1	G
I	1925949	G	K	17	2	10.53%	2	2	48	37	0.98	1	1	7	10	1	1	T
I	1933003	G	K	24	2	7.69%	2	1	49	37	0.98	1	1	10	14	0	2	T
I	1954206	C	M	17	2	10.53%	2	1	37	25	0.98	1	1	4	13	2	0	A
I	1955754	C	Y	2	2	33.33%	1	1	37	29	0.98	1	1	2	0	0	2	T
I	1957073	C	M	8	2	20%	2	1	46	25	0.98	1	1	6	2	0	2	A
I	1964019	C	S	20	2	9.09%	2	2	41	37	0.98	1	1	8	12	1	1	G
I	1964020	C	Y	17	2	10.53%	2	2	42	37	0.98	1	1	8	9	1	1	T
I	1980574	G	K	25	2	7.41%	2	1	44	31	0.98	1	1	5	20	2	0	T
I	1999192	G	C	0	22	100%	0	2	0	44	0.98	0	1	0	0	14	8	C
I	2025036	G	K	9	2	18.18%	2	1	37	25	0.98	1	1	1	8	2	0	T
I	2042015	G	K	7	2	22.22%	2	1	38	25	0.98	1	1	4	3	2	0	T
I	2048260	C	Y	17	2	10.53%	2	1	39	74	0.98	1	1	8	9	0	2	T
I	2053488	T	K	6	2	25%	2	1	35	31	0.98	1	1	1	5	2	0	G
I	2093273	A	M	10	3	23.08%	2	1	34	29	0.98	1	1	8	2	0	3	C
I	2104091	G	T	0	13	100%	0	2	0	38	0.98	0	1	0	0	5	8	T
I	2104097	C	A	0	13	100%	0	2	0	39	0.98	0	1	0	0	5	8	A
I	2109626	G	K	38	2	5%	2	2	42	37	0.98	1	1	16	22	1	1	T
I	2118318	G	K	8	6	42.86%	2	2	46	35	0.98	1	1	5	3	2	4	T
I	2121712	T	W	13	2	13.33%	2	1	45	22	0.98	1	1	8	5	2	0	A
I	2174479	G	K	17	2	10.53%	2	1	42	33	0.98	1	1	13	4	0	2	T
I	2174496	C	M	20	2	9.09%	2	1	41	33	0.98	1	1	13	7	0	2	A
I	2174528	G	K	14	3	17.65%	2	1	44	29	0.98	1	1	10	4	0	3	T
I	2191572	T	Y	22	2	8.33%	2	2	43	37	0.98	1	1	9	13	1	1	C
I	2222212	T	Y	19	2	9.52%	2	2	40	37	0.98	1	1	10	9	1	1	C
I	2254937	G	K	18	3	14.29%	2	1	37	29	0.98	1	1	4	14	3	0	T
I	2313379	A	M	23	4	14.81%	2	2	41	37	0.98	1	1	13	10	2	2	C
I	2313385	C	Y	22	5	18.52%	2	2	39	44	0.98	1	1	13	9	2	3	T
I	2323320	T	K	17	3	15%	2	1	39	25	0.98	1	1	3	14	3	0	G
I	2385990	G	R	15	2	11.76%	2	1	51	37	0.98	1	1	6	9	0	2	A
I	2456096	A	W	6	10	62.5%	2	2	37	46	0.98	1	1	4	2	7	3	T
I	2479312	A	W	21	2	8.7%	2	1	45	37	0.98	1	1	11	10	2	0	T
I	2480039	G	K	13	2	13.33%	2	1	43	25	0.98	1	1	7	6	0	2	T
I	2506044	T	A	0	25	100%	0	2	0	43	0.98	0	1	0	0	12	13	A
I	2544949	T	K	17	3	15%	1	1	39	34	0.98	1	1	0	17	3	0	G
I	2552970	A	R	11	2	15.38%	2	1	43	37	0.98	1	1	8	3	2	0	G
I	2556757	A	M	7	2	22.22%	1	1	35	25	0.98	1	1	7	0	0	2	C
I	2578255	G	K	17	3	15%	2	1	44	29	0.98	1	1	10	7	0	3	T
I	2605764	T	A	0	25	100%	0	2	0	46	0.98	0	1	0	0	7	18	A
I	2607210	G	R	6	2	25%	2	2	43	37	0.98	1	1	5	1	1	1	A
I	2664035	T	W	23	2	8%	2	2	45	37	0.98	1	1	13	10	1	1	A
I	2681902	T	W	18	2	10%	2	1	43	25	0.98	1	1	9	9	2	0	A
I	2696495	A	M	6	2	25%	2	1	34	24	0.98	1	1	5	1	0	2	C
I	2729828	G	R	13	2	13.33%	2	2	37	55	0.98	1	1	7	6	1	1	A
I	2747078	A	G	0	18	100%	0	2	0	37	0.98	0	1	0	0	5	13	G
I	2881324	C	M	18	2	10%	2	1	43	37	0.98	1	1	11	7	0	2	A
I	2891127	C	M	9	2	18.18%	2	1	40	29	0.98	1	1	5	4	0	2	A
I	2895301	T	Y	25	3	10.71%	2	2	48	49	0.98	1	1	21	4	2	1	C
I	2943630	A	R	74	4	5.13%	2	2	43	34	0.98	1	1	39	35	3	1	G
I	2944041	T	Y	70	4	5.41%	2	2	44	37	0.98	1	1	30	40	2	2	C
I	2944596	T	Y	65	4	5.8%	2	2	43	35	0.98	1	1	38	27	1	3	C
I	2950171	A	M	27	2	6.9%	2	1	39	31	0.98	1	1	11	16	0	2	C
I	2960218	C	M	51	3	5.56%	2	1	43	29	0.98	1	1	33	18	0	3	A
I	2977278	G	K	6	2	25%	2	1	40	25	0.98	1	1	3	3	2	0	T
I	2987165	G	R	22	2	8.33%	2	2	46	37	0.98	1	1	5	17	1	1	A
I	3011384	A	M	24	2	7.69%	2	1	39	37	0.98	1	1	11	13	0	2	C
I	3025458	C	Y	14	2	12.5%	2	1	44	55	0.98	1	1	7	7	2	0	T
I	3033365	C	M	9	2	18.18%	2	1	48	31	0.98	1	1	2	7	2	0	A
I	3042439	C	Y	27	2	6.9%	2	2	42	68	0.98	1	1	9	18	1	1	T
I	3063098	A	W	32	2	5.88%	2	1	45	22	0.98	1	1	15	17	0	2	T
I	3065489	T	Y	18	2	10%	2	1	43	37	0.98	1	1	8	10	0	2	C
I	3111508	A	G	0	13	100%	0	2	0	44	0.98	0	1	0	0	10	3	G
I	3115841	C	A	0	25	100%	0	2	0	39	0.98	0	1	0	0	16	9	A
I	3119299	G	A	0	8	100%	0	2	0	43	0.98	0	1	0	0	3	5	A
I	3140751	T	K	20	2	9.09%	2	2	40	25	0.98	1	1	5	15	1	1	G
I	3153191	T	W	15	2	11.76%	2	1	46	37	0.98	1	1	6	9	0	2	A
I	3166847	G	K	14	2	12.5%	2	1	37	27	0.98	1	1	6	8	2	0	T
I	3179238	G	C	0	29	100%	0	2	0	43	0.98	0	1	0	0	18	11	C
I	3231755	G	K	25	2	7.41%	2	1	43	25	0.98	1	1	13	12	2	0	T
I	3239473	T	Y	32	2	5.88%	2	1	44	74	0.98	1	1	20	12	0	2	C
I	3241516	C	M	9	2	18.18%	2	1	34	25	0.98	1	1	7	2	0	2	A
I	3276294	T	W	19	2	9.52%	2	2	49	37	0.98	1	1	5	14	1	1	A
I	3295704	G	K	10	2	16.67%	2	1	39	27	0.98	1	1	8	2	0	2	T
I	3348408	T	Y	13	2	13.33%	2	2	45	37	0.98	1	1	8	5	1	1	C
I	3369199	A	W	34	2	5.56%	2	1	48	25	0.98	1	1	16	18	0	2	T
I	3391134	A	R	5	2	28.57%	1	1	51	31	0.98	1	1	0	5	2	0	G
I	3404604	C	M	3	2	40%	2	1	37	31	0.98	1	1	2	1	0	2	A
I	3450131	T	A	0	2	100%	0	1	0	37	0.98	0	1	0	0	0	2	A
I	3548913	T	A	0	7	100%	0	2	0	42	0.98	0	1	0	0	4	3	A
I	3566242	A	W	16	2	11.11%	2	1	43	37	0.98	1	1	5	11	2	0	T
I	3577744	G	S	22	2	8.33%	2	1	42	37	0.98	1	1	11	11	0	2	C
I	3577745	T	Y	22	2	8.33%	2	1	42	37	0.98	1	1	11	11	0	2	C
I	3583106	G	A	0	25	100%	0	2	0	50	0.98	0	1	0	0	10	15	A
I	3625182	T	W	9	2	18.18%	2	1	43	25	0.98	1	1	4	5	2	0	A
I	3642095	C	M	22	2	8.33%	2	1	40	25	0.98	1	1	7	15	0	2	A
I	3642160	A	M	7	3	30%	2	1	37	29	0.98	1	1	2	5	0	3	C
I	3659714	C	M	38	2	5%	2	1	39	31	0.98	1	1	19	19	0	2	A
I	3660132	C	M	15	2	11.76%	2	1	36	25	0.98	1	1	4	11	0	2	A
I	3672146	C	M	22	2	8.33%	2	1	42	37	0.98	1	1	14	8	2	0	A
I	3701122	A	R	36	2	5.26%	2	1	43	37	0.98	1	1	15	21	2	0	G
I	3725302	T	Y	32	2	5.88%	2	2	49	68	0.98	1	1	14	18	1	1	C
I	3761560	T	Y	44	3	6.38%	2	2	46	49	0.98	1	1	28	16	2	1	C
I	3761566	T	Y	47	3	6%	2	2	46	49	0.98	1	1	32	15	2	1	C
I	3795779	G	K	15	2	11.76%	2	1	42	31	0.98	1	1	12	3	0	2	T
I	3807119	A	M	30	2	6.25%	2	1	43	37	0.98	1	1	11	19	2	0	C
I	3827593	C	M	26	2	7.14%	2	2	39	25	0.98	1	1	18	8	1	1	A
I	3846238	G	K	25	2	7.41%	2	1	42	37	0.98	1	1	12	13	2	0	T
I	3902038	G	S	24	2	7.69%	2	1	43	31	0.98	1	1	14	10	0	2	C
I	3912475	A	R	20	2	9.09%	2	1	44	37	0.98	1	1	11	9	2	0	G
I	3965728	A	W	15	2	11.76%	2	2	49	37	0.98	1	1	8	7	1	1	T
I	3984118	G	R	65	5	7.14%	2	2	41	37	0.98	1	1	34	31	1	4	A
I	3984278	C	Y	98	8	7.55%	2	2	47	37	0.98	1	1	50	48	6	2	T
I	3987791	T	K	28	3	9.68%	2	1	41	37	0.98	1	1	14	14	3	0	G
I	3987819	T	K	33	2	5.71%	2	1	42	31	0.98	1	1	9	24	2	0	G
I	3988247	A	W	40	3	6.98%	2	2	40	31	0.98	1	1	18	22	1	2	T
I	3988320	A	R	28	2	6.67%	2	1	47	37	0.98	1	1	17	11	2	0	G
I	3988324	T	Y	28	3	9.68%	2	1	45	37	0.98	1	1	18	10	3	0	C
I	3992169	G	K	11	2	15.38%	2	1	35	31	0.98	1	1	4	7	0	2	T
I	3992171	G	K	11	3	21.43%	2	1	35	25	0.98	1	1	4	7	0	3	T
I	3992179	C	M	7	2	22.22%	2	1	35	25	0.98	1	1	3	4	0	2	A
I	3992214	C	A	0	14	100%	0	2	0	36	0.98	0	1	0	0	2	12	A
I	3994671	A	M	8	2	20%	2	2	46	31	0.98	1	1	3	5	1	1	C
I	4026884	T	Y	40	4	9.09%	2	1	43	37	0.98	1	1	20	20	0	4	C
I	4026889	T	K	39	4	9.3%	2	1	41	37	0.98	1	1	18	21	0	4	G
I	4028648	G	K	6	2	25%	2	1	43	31	0.98	1	1	2	4	2	0	T
I	4063562	C	Y	67	5	6.76%	2	2	42	39	0.98	1	1	29	38	4	1	T
I	4063568	A	R	70	4	5.41%	2	2	42	49	0.98	1	1	31	39	3	1	G
I	4063601	T	Y	71	4	5.33%	2	2	39	32	0.98	1	1	32	39	1	3	C
I	4063876	T	Y	36	2	5.26%	2	1	45	37	0.98	1	1	18	18	0	2	C
I	4081440	T	Y	23	2	8%	2	1	41	37	0.98	1	1	12	11	0	2	C
I	4091489	C	M	15	4	21.05%	2	2	49	37	0.98	1	1	5	10	2	2	A
I	4107321	A	W	32	2	5.88%	2	1	40	22	0.98	1	1	15	17	0	2	T
I	4110158	T	Y	24	2	7.69%	2	2	41	37	0.98	1	1	11	13	1	1	C
I	4135196	T	Y	36	3	7.69%	2	1	45	37	0.98	1	1	19	17	0	3	C
I	4137038	G	K	20	2	9.09%	2	1	38	25	0.98	1	1	11	9	2	0	T
I	4138779	G	K	36	3	7.69%	2	1	46	37	0.98	1	1	22	14	3	0	T
I	4175207	A	W	19	2	9.52%	2	1	40	37	0.98	1	1	11	8	2	0	T
I	4192110	A	M	7	2	22.22%	2	1	52	37	0.98	1	1	3	4	0	2	C
I	4198042	A	R	17	2	10.53%	2	1	36	37	0.98	1	1	2	15	2	0	G
I	4234734	T	W	18	2	10%	2	1	37	31	0.98	1	1	6	12	2	0	A
I	4250834	C	S	34	2	5.56%	2	1	44	31	0.98	1	1	12	22	2	0	G
I	4268916	T	K	16	2	11.11%	2	1	44	33	0.98	1	1	3	13	2	0	G
I	4316443	C	Y	24	2	7.69%	2	2	43	55	0.98	1	1	12	12	1	1	T
I	4316572	G	R	15	3	16.67%	2	2	43	49	0.98	1	1	9	6	2	1	A
I	4316590	C	S	18	2	10%	2	2	39	37	0.98	1	1	10	8	1	1	G
I	4316683	A	R	28	3	9.68%	2	2	41	38	0.98	1	1	16	12	2	1	G
I	4316857	C	Y	28	2	6.67%	2	2	49	37	0.98	1	1	12	16	1	1	T
I	4332025	T	K	16	2	11.11%	2	1	42	31	0.98	1	1	4	12	2	0	G
I	4333379	C	Y	29	3	9.38%	2	2	46	49	0.98	1	1	17	12	2	1	T
I	4375421	A	T	0	10	100%	0	2	0	41	0.98	0	1	0	0	1	9	T
I	4382792	C	Y	19	2	9.52%	2	1	42	37	0.98	1	1	8	11	0	2	T
I	4395135	C	M	17	3	15%	2	1	40	30	0.98	1	1	13	4	0	3	A
I	4400046	C	M	14	2	12.5%	2	1	38	33	0.98	1	1	8	6	0	2	A
I	4436525	T	W	13	2	13.33%	2	1	45	25	0.98	1	1	11	2	2	0	A
I	4442714	G	A	0	29	100%	0	2	0	43	0.98	0	1	0	0	11	18	A
I	4472197	C	M	21	4	16%	2	1	38	32	0.98	1	1	4	17	4	0	A
I	4472205	T	W	24	2	7.69%	2	1	36	25	0.98	1	1	7	17	2	0	A
I	4472222	G	K	24	2	7.69%	2	1	40	25	0.98	1	1	7	17	2	0	T
I	4505218	T	Y	15	2	11.76%	2	2	46	37	0.98	1	1	8	7	1	1	C
I	4529762	G	K	17	3	15%	2	2	43	37	0.98	1	1	8	9	2	1	T
I	4529764	A	R	18	3	14.29%	2	2	41	37	0.98	1	1	8	10	2	1	G
I	4529768	A	R	19	3	13.64%	2	2	42	37	0.98	1	1	8	11	2	1	G
I	4529780	A	R	19	4	17.39%	2	2	44	46	0.98	1	1	7	12	2	2	G
I	4551820	T	Y	24	2	7.69%	2	1	46	37	0.98	1	1	13	11	0	2	C
I	4586279	C	M	11	2	15.38%	2	1	42	31	0.98	1	1	6	5	2	0	A
I	4594488	A	M	13	2	13.33%	2	2	43	37	0.98	1	1	9	4	1	1	C
I	4595049	C	S	14	2	12.5%	2	2	43	37	0.98	1	1	4	10	1	1	G
I	4612118	C	M	16	2	11.11%	2	1	39	31	0.98	1	1	7	9	2	0	A
I	4642521	A	R	11	2	15.38%	2	2	43	37	0.98	1	1	5	6	1	1	G
I	4648123	A	W	16	2	11.11%	2	1	36	27	0.98	1	1	12	4	0	2	T
I	4648160	G	K	3	2	40%	1	1	33	31	0.98	1	1	3	0	2	0	T
I	4648161	G	K	5	11	68.75%	2	2	34	34	0.98	1	1	4	1	8	3	T
I	4653942	T	K	24	2	7.69%	2	2	38	37	0.98	1	1	14	10	1	1	G
I	4657345	A	W	13	2	13.33%	2	2	47	37	0.98	1	1	6	7	1	1	T
I	4659444	T	K	10	2	16.67%	2	1	36	31	0.98	1	1	2	8	2	0	G
I	4660666	T	W	26	2	7.14%	2	2	50	74	0.98	1	1	10	16	1	1	A
I	4671232	T	Y	23	2	8%	2	2	44	68	0.98	1	1	8	15	1	1	C
I	4716429	T	Y	39	4	9.3%	2	1	44	46	0.98	1	1	18	21	0	4	C
I	4716436	T	Y	38	4	9.52%	2	2	44	37	0.98	1	1	18	20	1	3	C
I	4716438	T	W	40	4	9.09%	2	2	44	37	0.98	1	1	18	22	1	3	A
I	4716658	C	M	8	2	20%	2	1	39	31	0.98	1	1	6	2	0	2	A
I	4716660	A	W	8	2	20%	2	1	35	31	0.98	1	1	6	2	0	2	T
I	4771707	G	R	13	2	13.33%	2	1	44	37	0.98	1	1	4	9	2	0	A
I	4829622	A	W	18	2	10%	2	2	45	37	0.98	1	1	9	9	1	1	T
I	4838088	A	W	29	2	6.45%	2	2	42	37	0.98	1	1	11	18	1	1	T
I	4854723	C	M	4	3	42.86%	1	1	30	26	0.98	1	1	0	4	3	0	A
I	4910993	T	W	34	2	5.56%	2	1	44	37	0.98	1	1	19	15	2	0	A
I	4911431	G	K	9	2	16.67%	2	1	35	37	0.98	1	1	7	2	0	2	T
I	4911467	A	W	10	2	16.67%	1	1	36	27	0.98	1	1	0	10	2	0	T
I	4919603	A	G	0	31	100%	0	2	0	44	0.98	0	1	0	0	3	28	G
I	4971449	T	K	17	2	10.53%	2	2	41	37	0.98	1	1	8	9	1	1	G
I	4975851	T	K	8	2	20%	2	1	36	25	0.98	1	1	5	3	2	0	G
I	4991157	A	M	34	2	5.56%	2	1	48	31	0.98	1	1	20	14	0	2	C
I	5036816	G	K	23	2	8%	2	1	37	29	0.98	1	1	19	4	0	2	T
I	5046142	A	M	16	2	11.11%	2	2	40	37	0.98	1	1	7	9	1	1	C
I	5111753	C	M	26	2	7.14%	2	2	51	22	0.98	1	1	13	13	1	1	A
I	5125284	G	K	25	2	7.41%	2	1	49	31	0.98	1	1	10	15	2	0	T
I	5179165	G	S	14	2	12.5%	2	1	44	37	0.98	1	1	7	7	0	2	C
I	5181161	A	M	13	2	13.33%	2	1	53	25	0.98	1	1	5	8	0	2	C
I	5285353	C	Y	10	2	16.67%	2	2	37	37	0.98	1	1	8	2	1	1	T
I	5288105	G	K	31	2	6.06%	2	2	44	25	0.98	1	1	13	18	1	1	T
I	5300725	T	K	4	3	42.86%	1	1	46	29	0.98	1	1	0	4	3	0	G
I	5302602	C	S	11	2	15.38%	2	1	41	37	0.98	1	1	9	2	0	2	G
I	5400080	C	T	0	13	100%	0	2	0	41	0.98	0	1	0	0	4	9	T
I	5412798	T	Y	19	2	9.52%	2	1	49	37	0.98	1	1	8	11	0	2	C
I	5471450	T	Y	8	2	20%	2	2	43	37	0.98	1	1	5	3	1	1	C
I	5474852	A	R	11	2	15.38%	2	1	41	37	0.98	1	1	6	5	0	2	G
I	5517179	A	M	7	2	22.22%	2	1	52	37	0.98	1	1	3	4	0	2	C
I	5534392	A	R	6	2	25%	2	2	35	37	0.98	1	1	2	4	1	1	G
I	5557345	C	M	4	2	33.33%	2	1	37	27	0.98	1	1	2	2	2	0	A
I	5562193	A	R	20	14	41.18%	2	2	49	41	0.98	1	1	9	11	9	5	G
I	5568014	G	R	14	2	12.5%	2	1	37	37	0.98	1	1	9	5	0	2	A
I	5569168	A	R	31	2	6.06%	2	1	40	37	0.98	1	1	11	20	0	2	G
I	5571061	T	W	8	3	27.27%	2	1	37	37	0.98	1	1	4	4	0	3	A
I	5573076	T	Y	67	4	5.63%	2	2	41	46	0.98	1	1	36	31	3	1	C
I	5573564	T	Y	32	2	5.88%	2	2	38	37	0.98	1	1	11	21	1	1	C
I	5573598	T	Y	30	2	6.25%	2	1	37	37	0.98	1	1	21	9	2	0	C
I	5573633	G	K	29	2	6.45%	2	1	39	37	0.98	1	1	20	9	2	0	T
I	5573638	T	Y	31	2	6.06%	2	1	39	37	0.98	1	1	22	9	2	0	C
I	5573770	A	R	34	2	5.56%	2	2	43	55	0.98	1	1	7	27	1	1	G
I	5573950	T	Y	30	2	6.25%	2	1	44	31	0.98	1	1	16	14	2	0	C
I	5576809	C	Y	8	7	46.67%	2	2	55	42	0.98	1	1	4	4	4	3	T
I	5579055	C	T	0	5	100%	0	1	0	44	0.98	0	1	0	0	0	5	T
II	1335	A	W	40	3	6.98%	2	2	45	49	0.98	1	1	14	26	1	2	T
II	1357	C	S	37	3	7.5%	2	1	45	61	0.98	1	1	14	23	0	3	G
II	7224	C	M	10	2	16.67%	2	2	40	42	0.98	1	1	2	8	1	1	A
II	21984	T	Y	27	2	6.9%	2	2	41	37	0.98	1	1	12	15	1	1	C
II	36998	A	W	43	3	6.52%	2	1	49	37	0.98	1	1	25	18	3	0	T
II	69581	A	M	18	2	10%	2	1	37	31	0.98	1	1	8	10	0	2	C
II	91624	G	S	11	2	15.38%	2	2	40	37	0.98	1	1	9	2	1	1	C
II	105544	T	Y	28	3	9.68%	2	1	52	49	0.98	1	1	15	13	3	0	C
II	105613	C	Y	33	4	10.81%	2	2	43	61	0.98	1	1	15	18	3	1	T
II	105617	C	Y	32	4	11.11%	2	2	43	58	0.98	1	1	15	17	3	1	T
II	105709	C	Y	51	7	12.07%	2	1	44	37	0.98	1	1	31	20	7	0	T
II	105808	T	Y	50	9	15.25%	2	2	49	49	0.98	1	1	22	28	4	5	C
II	105829	C	Y	54	7	11.48%	2	2	51	56	0.98	1	1	25	29	3	4	T
II	105862	T	Y	53	12	18.46%	2	2	48	51	0.98	1	1	24	29	5	7	C
II	105874	T	Y	60	16	21.05%	2	2	49	44	0.98	1	1	32	28	8	8	C
II	105886	T	Y	66	24	26.67%	2	2	46	46	0.98	1	1	32	34	19	5	C
II	105889	C	Y	64	24	26.97%	2	2	44	45	0.98	1	1	31	33	19	5	T
II	105916	C	Y	71	15	17.44%	2	2	46	41	0.98	1	1	39	32	8	7	T
II	105931	A	W	64	6	8.45%	2	2	50	43	0.98	1	1	41	23	5	1	T
II	105934	T	K	69	6	8%	2	2	50	41	0.98	1	1	45	24	5	1	G
II	105936	T	W	69	6	8%	2	2	50	43	0.98	1	1	45	24	5	1	A
II	105973	T	Y	68	4	5.56%	2	2	52	46	0.98	1	1	42	26	3	1	C
II	105974	A	R	68	4	5.56%	2	2	52	46	0.98	1	1	42	26	3	1	G
II	106102	G	K	46	3	6.12%	2	1	43	37	0.98	1	1	20	26	3	0	T
II	106111	T	Y	47	4	7.84%	2	1	45	46	0.98	1	1	16	31	4	0	C
II	106113	G	R	48	4	7.69%	2	1	44	46	0.98	1	1	17	31	4	0	A
II	106117	G	R	45	4	8.16%	2	1	46	46	0.98	1	1	16	29	4	0	A
II	106150	T	Y	61	8	11.59%	2	2	46	60	0.98	1	1	28	33	5	3	C
II	106156	A	W	59	9	13.24%	2	2	47	57	0.98	1	1	29	30	5	4	T
II	106207	C	Y	67	6	8.22%	2	1	45	37	0.98	1	1	37	30	0	6	T
II	106462	T	Y	60	6	9.09%	2	1	41	35	0.98	1	1	25	35	6	0	C
II	106465	T	Y	61	6	8.96%	2	1	40	37	0.98	1	1	25	36	6	0	C
II	106638	T	Y	46	3	6.12%	2	2	44	49	0.98	1	1	9	37	2	1	C
II	108789	A	M	19	2	9.52%	2	1	40	55	0.98	1	1	1	18	0	2	C
II	111414	C	Y	13	8	38.1%	2	1	45	46	0.98	1	1	7	6	8	0	T
II	111538	G	R	41	8	16.33%	2	1	40	38	0.98	1	1	34	7	8	0	A
II	111762	A	R	51	7	12.07%	2	2	44	42	0.98	1	1	31	20	4	3	G
II	111772	T	Y	46	3	6.12%	2	1	46	33	0.98	1	1	30	16	3	0	C
II	111777	A	R	48	3	5.88%	2	1	46	37	0.98	1	1	32	16	3	0	G
II	111780	A	W	48	3	5.88%	2	1	45	37	0.98	1	1	29	19	3	0	T
II	111783	A	R	48	3	5.88%	2	1	47	37	0.98	1	1	29	19	3	0	G
II	111785	T	Y	48	3	5.88%	2	1	47	37	0.98	1	1	29	19	3	0	C
II	111906	A	W	46	5	9.8%	2	2	40	49	0.98	1	1	23	23	3	2	T
II	111909	G	R	45	5	10%	2	2	40	49	0.98	1	1	19	26	3	2	A
II	111969	A	R	56	3	5.08%	2	2	47	37	0.98	1	1	34	22	2	1	G
II	112002	G	R	56	3	5.08%	2	1	48	49	0.98	1	1	34	22	0	3	A
II	112059	T	Y	52	3	5.45%	2	2	45	61	0.98	1	1	28	24	1	2	C
II	112063	T	Y	53	3	5.36%	2	2	43	61	0.98	1	1	26	27	1	2	C
II	112065	G	R	53	3	5.36%	2	2	42	61	0.98	1	1	26	27	1	2	A
II	112074	A	M	53	4	7.02%	2	2	41	46	0.98	1	1	28	25	1	3	C
II	112202	C	Y	56	3	5.08%	2	1	49	61	0.98	1	1	25	31	0	3	T
II	112203	G	R	57	3	5%	2	1	49	61	0.98	1	1	25	32	0	3	A
II	112240	T	W	50	4	7.41%	2	1	48	46	0.98	1	1	24	26	0	4	A
II	112242	C	M	50	4	7.41%	2	1	47	46	0.98	1	1	24	26	0	4	A
II	112245	A	W	46	4	8%	2	1	48	46	0.98	1	1	24	22	0	4	T
II	112260	A	R	47	10	17.54%	2	2	50	40	0.98	1	1	28	19	2	8	G
II	112287	A	R	47	5	9.62%	2	1	47	51	0.98	1	1	27	20	0	5	G
II	112290	G	R	44	5	10.2%	2	1	44	44	0.98	1	1	25	19	0	5	A
II	112302	G	R	42	6	12.5%	2	2	40	37	0.98	1	1	26	16	4	2	A
II	112314	G	R	39	8	17.02%	2	2	45	36	0.98	1	1	22	17	7	1	A
II	112368	G	R	42	8	16%	2	2	47	50	0.98	1	1	20	22	3	5	A
II	112539	G	R	24	2	7.41%	2	2	47	74	0.98	1	1	11	13	1	1	A
II	112540	A	M	26	2	7.14%	2	2	46	74	0.98	1	1	13	13	1	1	C
II	112542	T	Y	25	2	7.41%	2	2	46	74	0.98	1	1	12	13	1	1	C
II	112545	A	R	24	2	7.69%	2	2	47	74	0.98	1	1	11	13	1	1	G
II	112559	A	R	22	2	8.33%	2	2	46	74	0.98	1	1	9	13	1	1	G
II	112563	A	R	23	3	11.54%	2	2	45	74	0.98	1	1	10	13	2	1	G
II	112766	A	R	25	2	7.41%	2	1	48	31	0.98	1	1	10	15	0	2	G
II	117094	G	R	13	4	23.53%	2	2	42	34	0.98	1	1	5	8	2	2	A
II	194276	A	W	19	2	9.52%	2	2	38	37	0.98	1	1	9	10	1	1	T
II	234567	T	W	24	2	7.69%	2	1	42	37	0.98	1	1	5	19	2	0	A
II	257527	C	Y	22	2	8.33%	2	1	42	37	0.98	1	1	14	8	2	0	T
II	257597	C	M	16	2	11.11%	2	1	37	27	0.98	1	1	12	4	0	2	A
II	266718	A	C	0	32	100%	0	2	0	42	0.98	0	1	0	0	9	23	C
II	266780	T	A	0	14	100%	0	2	0	36	0.98	0	1	0	0	7	7	A
II	276539	A	T	0	24	100%	0	2	0	42	0.98	0	1	0	0	8	16	T
II	295791	A	M	16	2	11.11%	2	2	43	37	0.98	1	1	10	6	1	1	C
II	306481	G	R	11	2	15.38%	2	2	40	37	0.98	1	1	5	6	1	1	A
II	318202	T	W	23	2	8%	2	2	43	37	0.98	1	1	12	11	1	1	A
II	330460	C	M	20	2	9.09%	2	1	41	25	0.98	1	1	10	10	0	2	A
II	410135	C	M	12	2	14.29%	2	1	44	31	0.98	1	1	1	11	2	0	A
II	443755	G	K	17	2	10.53%	2	1	39	37	0.98	1	1	7	10	0	2	T
II	446513	C	S	18	2	10%	2	1	38	37	0.98	1	1	4	14	2	0	G
II	492075	A	W	11	2	15.38%	2	1	49	37	0.98	1	1	5	6	2	0	T
II	499690	A	W	24	2	7.69%	2	1	43	25	0.98	1	1	12	12	0	2	T
II	503462	A	R	16	2	11.11%	2	1	39	25	0.98	1	1	7	9	2	0	G
II	521981	T	Y	34	2	5.56%	2	2	43	33	0.98	1	1	17	17	1	1	C
II	526951	C	Y	22	4	15.38%	2	2	50	37	0.98	1	1	3	19	2	2	T
II	529854	C	M	3	3	50%	2	1	33	22	0.98	1	1	2	1	3	0	A
II	531589	C	M	11	2	15.38%	2	1	37	25	0.98	1	1	9	2	0	2	A
II	568919	T	W	14	2	12.5%	2	1	37	37	0.98	1	1	6	8	2	0	A
II	603280	T	A	0	2	100%	0	1	0	37	0.98	0	1	0	0	0	2	A
II	670673	T	Y	60	6	9.09%	2	2	43	43	0.98	1	1	31	29	2	4	C
II	671077	C	Y	74	4	5.13%	2	2	46	37	0.98	1	1	40	34	1	3	T
II	672017	A	R	38	2	5%	2	1	42	37	0.98	1	1	20	18	0	2	G
II	685670	C	Y	19	2	9.52%	2	2	46	37	0.98	1	1	11	8	1	1	T
II	685728	G	A	0	18	100%	0	2	0	40	0.98	0	1	0	0	13	5	A
II	688988	A	R	71	4	5.33%	2	2	46	43	0.98	1	1	46	25	3	1	G
II	689061	C	Y	66	6	8.33%	2	2	47	34	0.98	1	1	36	30	3	3	T
II	689137	C	S	61	4	6.06%	2	2	42	34	0.98	1	1	23	38	1	3	G
II	689207	G	S	63	5	7.35%	2	1	46	35	0.98	1	1	29	34	5	0	C
II	689212	T	Y	61	5	7.58%	2	2	47	35	0.98	1	1	24	37	3	2	C
II	689218	T	Y	67	4	5.63%	2	2	45	35	0.98	1	1	27	40	3	1	C
II	689241	C	Y	64	4	5.88%	2	2	44	37	0.98	1	1	28	36	2	2	T
II	689330	T	Y	46	11	19.3%	2	2	43	35	0.98	1	1	25	21	6	5	C
II	689385	T	Y	48	3	5.88%	2	1	42	33	0.98	1	1	21	27	3	0	C
II	689485	A	T	0	51	100%	0	2	0	38	0.98	0	1	0	0	27	24	T
II	689487	A	C	0	55	100%	0	2	0	38	0.98	0	1	0	0	30	25	C
II	689500	T	Y	50	3	5.66%	2	2	39	37	0.98	1	1	26	24	2	1	C
II	689578	T	Y	59	4	6.35%	2	2	47	37	0.98	1	1	30	29	3	1	C
II	689650	C	Y	68	4	5.56%	2	1	43	42	0.98	1	1	39	29	4	0	T
II	689794	T	C	0	81	100%	0	2	0	44	0.98	0	1	0	0	36	45	C
II	689902	T	Y	72	5	6.49%	2	1	44	37	0.98	1	1	34	38	5	0	C
II	689996	A	R	78	9	10.23%	2	2	42	41	0.98	1	1	38	40	6	3	G
II	690040	T	Y	83	6	6.74%	2	2	45	51	0.98	1	1	42	41	3	3	C
II	690112	T	Y	83	5	5.68%	2	2	48	42	0.98	1	1	42	41	2	3	C
II	690136	A	W	75	4	5.06%	2	2	48	55	0.98	1	1	34	41	1	3	T
II	690138	C	S	76	4	5%	2	2	48	49	0.98	1	1	34	42	1	3	G
II	690184	C	Y	63	4	5.97%	2	2	48	46	0.98	1	1	31	32	2	2	T
II	690190	T	Y	71	5	6.58%	2	2	47	44	0.98	1	1	38	33	3	2	C
II	690213	T	Y	69	4	5.48%	2	2	43	55	0.98	1	1	42	27	2	2	C
II	690215	G	K	70	4	5.41%	2	2	44	55	0.98	1	1	41	29	2	2	T
II	690283	C	Y	61	4	6.06%	2	1	44	37	0.98	1	1	32	29	4	0	T
II	690298	T	Y	65	6	8.45%	2	2	46	43	0.98	1	1	33	32	4	2	C
II	690436	T	Y	64	4	5.88%	2	2	44	35	0.98	1	1	21	43	2	2	C
II	690442	T	Y	65	5	7.14%	2	2	45	35	0.98	1	1	24	41	3	2	C
II	690537	G	S	51	4	7.02%	2	2	44	31	0.98	1	1	23	28	1	3	C
II	690685	T	K	56	5	8.2%	2	2	46	35	0.98	1	1	26	30	1	4	G
II	690760	C	Y	46	4	8%	2	2	49	46	0.98	1	1	18	28	2	2	T
II	690770	G	S	39	6	13.04%	2	2	49	43	0.98	1	1	12	27	3	3	C
II	690789	C	Y	37	3	7.5%	2	2	46	33	0.98	1	1	13	24	1	2	T
II	690791	T	K	38	2	5%	2	2	50	37	0.98	1	1	11	27	1	1	G
II	690832	T	Y	29	2	6.45%	2	1	48	55	0.98	1	1	12	17	0	2	C
II	690863	G	S	19	5	20%	2	1	49	37	0.98	1	1	9	10	0	5	C
II	690870	C	S	23	2	8%	2	1	49	37	0.98	1	1	11	12	0	2	G
II	690871	A	W	24	2	7.69%	2	1	50	31	0.98	1	1	11	13	0	2	T
II	690933	C	Y	19	3	13.64%	2	1	47	37	0.98	1	1	11	8	3	0	T
II	690935	T	K	20	2	9.09%	2	1	46	55	0.98	1	1	12	8	2	0	G
II	690964	T	W	23	2	8%	2	2	51	33	0.98	1	1	10	13	1	1	A
II	691077	T	Y	25	4	13.79%	2	2	39	55	0.98	1	1	13	12	2	2	C
II	691079	G	K	23	4	14.29%	2	2	41	55	0.98	1	1	11	12	2	2	T
II	691087	A	W	24	2	7.69%	2	1	38	33	0.98	1	1	14	10	0	2	T
II	691113	C	Y	20	3	13.04%	2	2	39	37	0.98	1	1	12	8	2	1	T
II	691115	T	K	20	4	16.67%	2	2	38	46	0.98	1	1	13	7	2	2	G
II	691156	C	Y	23	2	8%	2	2	44	33	0.98	1	1	12	11	1	1	T
II	691234	T	Y	20	2	8.7%	2	1	46	29	0.98	1	1	8	12	0	2	C
II	691295	G	K	20	3	13.04%	2	2	38	37	0.98	1	1	6	14	1	2	T
II	691342	T	Y	18	2	10%	2	1	43	37	0.98	1	1	7	11	2	0	C
II	691374	C	S	20	2	9.09%	2	2	42	31	0.98	1	1	12	8	1	1	G
II	691375	A	W	18	2	10%	2	2	41	37	0.98	1	1	11	7	1	1	T
II	691441	T	K	13	3	18.75%	2	2	42	33	0.98	1	1	7	6	1	2	G
II	691480	T	Y	15	3	16.67%	2	2	48	37	0.98	1	1	8	7	2	1	C
II	691516	T	Y	20	2	9.09%	2	2	45	37	0.98	1	1	11	9	1	1	C
II	691545	C	Y	18	2	10%	2	2	47	37	0.98	1	1	9	9	1	1	T
II	691547	T	K	18	2	10%	2	2	46	37	0.98	1	1	9	9	1	1	G
II	691560	T	Y	16	6	27.27%	2	2	50	37	0.98	1	1	6	10	3	3	C
II	691634	T	Y	20	3	13.04%	2	2	46	37	0.98	1	1	8	12	2	1	C
II	691660	T	Y	22	3	12%	2	2	48	34	0.98	1	1	13	9	1	2	C
II	691698	C	S	30	2	6.25%	2	2	45	37	0.98	1	1	18	12	1	1	G
II	691742	C	S	35	2	5.41%	2	1	45	37	0.98	1	1	21	14	2	0	G
II	691770	G	S	37	2	5.13%	2	1	46	37	0.98	1	1	22	15	2	0	C
II	691876	C	Y	32	3	8.57%	2	1	46	33	0.98	1	1	18	14	3	0	T
II	691900	A	W	33	2	5.71%	2	1	47	37	0.98	1	1	16	17	2	0	T
II	691902	C	S	33	2	5.71%	2	1	45	31	0.98	1	1	16	17	2	0	G
II	691938	G	S	30	2	6.25%	2	2	45	33	0.98	1	1	9	21	1	1	C
II	691954	C	Y	26	4	13.33%	2	2	46	46	0.98	1	1	8	18	2	2	T
II	692020	T	Y	22	5	18.52%	2	2	45	50	0.98	1	1	6	16	1	4	C
II	692026	T	Y	25	2	7.41%	2	2	45	55	0.98	1	1	7	18	1	1	C
II	692193	T	Y	16	2	11.11%	2	1	50	37	0.98	1	1	11	5	0	2	C
II	692195	G	K	15	2	11.11%	2	1	51	37	0.98	1	1	10	5	0	2	T
II	692206	C	Y	13	2	13.33%	2	2	54	37	0.98	1	1	9	4	1	1	T
II	692303	C	S	8	3	23.08%	2	1	34	37	0.98	1	1	3	5	0	3	G
II	692303	C	Y	8	2	15.38%	2	1	34	31	0.98	1	1	3	5	0	2	G
II	692310	C	S	12	3	20%	2	1	35	37	0.98	1	1	5	7	0	3	G
II	692341	G	K	9	2	18.18%	2	2	37	55	0.98	1	1	2	7	1	1	T
II	692377	T	K	3	3	50%	2	1	33	34	0.98	1	1	1	2	0	3	G
II	692386	C	Y	5	2	28.57%	2	1	42	37	0.98	1	1	3	2	0	2	T
II	692524	C	Y	9	2	18.18%	2	2	39	49	0.98	1	1	4	5	1	1	T
II	692884	T	Y	9	2	18.18%	2	2	49	33	0.98	1	1	4	5	1	1	C
II	693028	T	Y	17	2	10.53%	2	2	52	55	0.98	1	1	11	6	1	1	C
II	693095	C	S	28	2	6.45%	2	1	44	37	0.98	1	1	20	8	2	0	G
II	693100	C	Y	25	2	7.41%	2	1	45	37	0.98	1	1	20	5	0	2	T
II	693106	T	Y	28	6	17.65%	2	2	37	32	0.98	1	1	20	8	5	1	C
II	693129	C	Y	28	4	12.12%	2	2	41	37	0.98	1	1	19	9	3	1	T
II	693131	T	K	32	2	5.88%	2	2	43	31	0.98	1	1	22	10	1	1	G
II	693172	C	Y	30	4	11.76%	2	2	45	30	0.98	1	1	14	16	3	1	T
II	693203	G	K	24	4	13.79%	2	2	45	41	0.98	1	1	10	14	1	3	T
II	693244	T	Y	27	3	10%	2	2	48	37	0.98	1	1	9	18	1	2	C
II	693273	C	Y	20	3	13.04%	2	1	43	33	0.98	1	1	5	15	0	3	T
II	693286	C	Y	24	2	7.41%	2	2	45	37	0.98	1	1	4	20	1	1	T
II	693345	C	Y	14	2	12.5%	2	2	45	37	0.98	1	1	6	8	1	1	T
II	693354	C	S	16	2	11.11%	2	2	43	31	0.98	1	1	6	10	1	1	G
II	693388	T	Y	11	2	15.38%	2	2	43	37	0.98	1	1	3	8	1	1	C
II	693610	T	Y	20	3	13.04%	2	2	41	37	0.98	1	1	12	8	2	1	C
II	693673	G	K	18	3	14.29%	2	1	43	37	0.98	1	1	11	7	3	0	T
II	693738	G	S	27	3	10%	2	1	45	37	0.98	1	1	17	10	3	0	C
II	693754	T	Y	21	6	22.22%	2	2	44	37	0.98	1	1	13	8	4	2	C
II	693777	T	Y	20	4	16.67%	2	1	48	32	0.98	1	1	11	9	4	0	C
II	693820	T	Y	21	3	12.5%	2	2	47	40	0.98	1	1	15	6	1	2	C
II	693902	C	S	33	14	29.79%	2	2	40	44	0.98	1	1	15	18	11	3	G
II	693919	T	W	46	3	6.12%	2	1	42	37	0.98	1	1	29	17	0	3	A
II	693921	C	S	46	4	7.84%	2	1	41	37	0.98	1	1	29	17	4	0	G
II	693964	T	Y	67	4	5.63%	2	1	47	37	0.98	1	1	43	24	4	0	C
II	693988	A	W	73	4	5.19%	2	2	48	37	0.98	1	1	53	20	2	2	T
II	693990	C	S	73	4	5.19%	2	2	48	37	0.98	1	1	51	22	3	1	G
II	694171	C	Y	72	9	11.11%	2	2	45	37	0.98	1	1	38	34	3	6	T
II	694294	T	Y	76	4	5%	2	2	44	46	0.98	1	1	33	43	3	1	C
II	694402	T	Y	69	4	5.48%	2	2	44	37	0.98	1	1	34	35	1	3	C
II	694420	A	W	76	4	5%	2	2	44	37	0.98	1	1	38	38	1	3	T
II	694474	C	Y	68	5	6.85%	2	2	44	42	0.98	1	1	31	37	1	4	T
II	694497	T	Y	72	4	5.19%	2	2	46	37	0.98	1	1	34	38	1	3	C
II	694499	G	K	73	5	6.41%	2	2	44	35	0.98	1	1	33	40	1	4	T
II	694540	T	Y	71	4	5.33%	2	2	44	37	0.98	1	1	31	40	2	2	C
II	694546	T	Y	72	5	6.49%	2	2	45	37	0.98	1	1	35	37	3	2	C
II	694641	C	Y	68	10	12.82%	2	2	42	45	0.98	1	1	37	31	5	5	T
II	694643	T	Y	73	5	6.17%	2	2	43	39	0.98	1	1	38	35	2	3	C
II	694650	C	S	74	4	5.13%	2	2	43	37	0.98	1	1	42	32	1	3	G
II	694684	T	Y	65	5	7.14%	2	2	41	31	0.98	1	1	36	29	3	2	C
II	694838	T	Y	60	5	7.69%	2	2	43	37	0.98	1	1	23	37	3	2	C
II	694982	T	Y	58	13	18.31%	2	2	47	37	0.98	1	1	27	31	6	7	C
II	695008	T	Y	74	4	5.13%	2	2	45	37	0.98	1	1	32	42	1	3	C
II	695041	T	K	79	6	6.98%	2	2	44	37	0.98	1	1	42	37	4	2	G
II	695086	T	Y	66	4	5.71%	2	2	45	37	0.98	1	1	28	38	3	1	C
II	695107	C	Y	64	5	7.25%	2	2	46	37	0.98	1	1	25	39	4	1	T
II	695145	C	Y	61	5	7.58%	2	2	43	35	0.98	1	1	27	34	4	1	T
II	695188	T	Y	67	6	8.22%	2	2	39	41	0.98	1	1	28	39	4	2	C
II	695427	T	Y	81	6	6.9%	2	2	44	37	0.98	1	1	37	44	5	1	C
II	695579	T	K	70	4	5.41%	2	2	44	37	0.98	1	1	33	37	3	1	G
II	695666	T	Y	64	6	8.57%	2	2	43	34	0.98	1	1	20	44	4	2	C
II	695827	C	T	0	33	100%	0	2	0	38	0.98	0	1	0	0	17	16	T
II	695839	T	W	40	3	6.98%	2	1	38	37	0.98	1	1	21	19	3	0	A
II	695939	G	K	42	5	10.2%	2	2	38	34	0.98	1	1	19	23	1	4	T
II	696045	C	Y	48	5	9.43%	2	2	39	37	0.98	1	1	32	16	4	1	T
II	696047	T	K	51	3	5.56%	2	1	38	37	0.98	1	1	32	19	3	0	G
II	696166	T	Y	70	5	6.67%	2	2	46	34	0.98	1	1	32	38	3	2	C
II	696238	C	Y	81	7	7.95%	2	2	43	37	0.98	1	1	50	31	4	3	T
II	696261	C	Y	76	4	5%	2	2	42	46	0.98	1	1	51	25	2	2	T
II	696331	A	W	87	5	5.43%	2	2	42	40	0.98	1	1	52	35	2	3	T
II	696350	T	Y	86	8	8.51%	2	2	40	34	0.98	1	1	45	41	6	2	C
II	696376	T	Y	85	5	5.56%	2	2	41	34	0.98	1	1	44	41	2	3	C
II	696448	C	Y	99	6	5.71%	2	2	45	35	0.98	1	1	38	61	1	5	T
II	696638	T	Y	74	8	9.52%	2	2	42	37	0.98	1	1	35	39	7	1	C
II	697019	G	S	76	5	6.17%	2	2	43	42	0.98	1	1	42	34	2	3	C
II	697210	T	Y	76	4	5%	2	2	46	37	0.98	1	1	31	45	2	2	C
II	697340	A	R	67	4	5.63%	2	2	47	34	0.98	1	1	38	29	3	1	G
II	697341	C	Y	66	6	8.33%	2	2	47	37	0.98	1	1	37	29	5	1	T
II	697420	T	Y	58	6	9.38%	2	2	43	37	0.98	1	1	28	30	4	2	C
II	697816	T	Y	62	5	7.46%	2	2	49	42	0.98	1	1	31	31	4	1	C
II	699951	T	G	0	18	100%	0	2	0	45	0.98	0	1	0	0	8	10	G
II	699952	G	T	0	16	100%	0	2	0	47	0.98	0	1	0	0	7	9	T
II	699961	A	T	0	19	100%	0	2	0	44	0.98	0	1	0	0	9	10	T
II	700019	T	A	1	13	92.86%	1	2	37	37	0.98	1	1	0	1	3	10	A
II	700020	C	T	1	13	92.86%	1	2	37	37	0.98	1	1	0	1	3	10	T
II	700021	A	C	1	13	92.86%	1	2	37	36	0.98	1	1	0	1	3	10	C
II	700024	T	A	0	12	100%	0	2	0	36	0.98	0	1	0	0	3	9	A
II	700028	A	T	0	14	100%	0	2	0	37	0.98	0	1	0	0	3	11	T
II	700113	A	T	0	10	100%	0	2	0	40	0.98	0	1	0	0	3	7	T
II	728184	G	K	17	2	10.53%	2	1	35	27	0.98	1	1	9	8	0	2	T
II	729565	G	S	32	2	5.88%	2	1	40	31	0.98	1	1	13	19	2	0	C
II	748137	A	R	10	2	16.67%	2	1	43	31	0.98	1	1	8	2	2	0	G
II	782375	G	R	9	2	18.18%	2	1	45	25	0.98	1	1	8	1	0	2	A
II	830131	A	M	19	2	9.52%	2	1	46	25	0.98	1	1	9	10	0	2	C
II	830900	C	Y	30	2	6.25%	2	1	39	74	0.98	1	1	5	25	2	0	T
II	869806	G	C	0	18	100%	0	2	0	40	0.98	0	1	0	0	10	8	C
II	879033	T	A	0	7	100%	0	2	0	42	0.98	0	1	0	0	4	3	A
II	898903	G	K	10	2	16.67%	2	1	43	55	0.98	1	1	6	4	0	2	T
II	923543	C	A	0	12	100%	0	2	0	43	0.98	0	1	0	0	9	3	A
II	943554	C	A	0	13	100%	0	2	0	42	0.98	0	1	0	0	8	5	A
II	953201	A	G	0	5	100%	0	2	0	49	0.98	0	1	0	0	3	2	G
II	965365	C	M	11	2	15.38%	2	2	40	37	0.98	1	1	3	8	1	1	A
II	967094	A	G	0	11	100%	0	2	0	37	0.98	0	1	0	0	4	7	G
II	967168	C	S	13	2	13.33%	2	2	38	37	0.98	1	1	4	9	1	1	G
II	968696	T	Y	4	3	42.86%	1	1	34	37	0.98	1	1	4	0	0	3	C
II	973498	A	R	25	2	7.41%	2	2	46	37	0.98	1	1	13	12	1	1	G
II	997668	G	R	7	2	22.22%	2	2	56	37	0.98	1	1	5	2	1	1	A
II	997671	G	R	7	2	22.22%	2	2	54	31	0.98	1	1	5	2	1	1	A
II	1017283	T	K	26	2	7.14%	2	2	47	49	0.98	1	1	10	16	1	1	G
II	1025596	A	W	23	2	8%	2	2	44	61	0.98	1	1	9	14	1	1	T
II	1085195	G	K	13	3	18.75%	2	1	38	26	0.98	1	1	11	2	0	3	T
II	1143190	G	K	13	2	13.33%	2	1	39	25	0.98	1	1	6	7	0	2	T
II	1144572	T	W	25	4	13.79%	2	1	39	37	0.98	1	1	16	9	0	4	A
II	1155903	T	A	0	24	100%	0	2	0	44	0.98	0	1	0	0	7	17	A
II	1159678	G	C	0	14	100%	0	2	0	48	0.98	0	1	0	0	8	6	C
II	1159694	A	T	0	13	100%	0	2	0	47	0.98	0	1	0	0	7	6	T
II	1166629	A	R	25	4	13.79%	2	2	40	37	0.98	1	1	14	11	2	2	G
II	1217319	T	Y	12	2	14.29%	2	1	42	37	0.98	1	1	4	8	2	0	C
II	1236350	G	K	27	2	6.9%	2	1	50	31	0.98	1	1	10	17	2	0	T
II	1277481	G	K	5	2	16.67%	2	1	37	31	0.98	1	1	4	1	0	2	+TT
II	1280221	T	Y	24	2	7.69%	2	2	43	37	0.98	1	1	14	10	1	1	C
II	1300034	C	M	14	4	22.22%	2	2	38	37	0.98	1	1	8	6	1	3	A
II	1300043	C	M	14	4	22.22%	2	2	39	37	0.98	1	1	9	5	1	3	A
II	1300049	C	M	14	4	22.22%	2	2	39	46	0.98	1	1	9	5	2	2	A
II	1300055	G	R	16	3	15.79%	2	2	38	37	0.98	1	1	10	6	1	2	A
II	1300061	G	R	15	4	21.05%	2	2	37	46	0.98	1	1	9	6	2	2	A
II	1300067	G	R	16	3	15.79%	2	2	37	49	0.98	1	1	9	7	2	1	A
II	1300073	G	R	15	4	21.05%	2	2	37	46	0.98	1	1	9	6	2	2	A
II	1300079	T	W	15	3	15.79%	2	2	36	41	0.98	1	1	8	7	2	1	A
II	1300082	G	R	16	4	20%	2	2	36	55	0.98	1	1	8	8	2	2	A
II	1300099	A	R	21	2	8.7%	2	2	44	33	0.98	1	1	12	9	1	1	G
II	1300103	C	M	17	4	17.39%	2	2	35	58	0.98	1	1	10	7	3	1	A
II	1300115	G	R	16	6	27.27%	2	2	38	67	0.98	1	1	9	7	5	1	A
II	1300121	C	M	14	7	33.33%	2	2	38	61	0.98	1	1	9	5	6	1	A
II	1300124	C	M	14	7	33.33%	2	2	38	67	0.98	1	1	9	5	5	2	A
II	1300130	C	M	16	6	27.27%	2	2	37	56	0.98	1	1	10	6	5	1	A
II	1377099	T	K	17	2	10.53%	2	1	37	37	0.98	1	1	5	12	2	0	G
II	1384492	A	W	9	2	18.18%	2	1	38	22	0.98	1	1	3	6	0	2	T
II	1413588	T	C	0	22	100%	0	2	0	47	0.98	0	1	0	0	10	12	C
II	1434497	G	R	20	2	9.09%	2	2	49	37	0.98	1	1	8	12	1	1	A
II	1476496	G	K	22	2	8.33%	2	1	37	31	0.98	1	1	14	8	2	0	T
II	1484154	T	Y	16	2	11.11%	2	2	41	37	0.98	1	1	10	6	1	1	C
II	1525056	A	W	32	2	5.88%	2	1	40	37	0.98	1	1	13	19	0	2	T
II	1588936	G	R	2	2	28.57%	1	1	37	33	0.98	1	1	2	0	0	2	A
II	1589171	C	M	9	2	18.18%	2	2	41	31	0.98	1	1	2	7	1	1	A
II	1610642	G	K	31	2	6.06%	2	1	36	27	0.98	1	1	23	8	0	2	T
II	1612926	G	K	17	2	10.53%	2	1	39	25	0.98	1	1	4	13	2	0	T
II	1634891	C	Y	10	2	16.67%	2	2	39	37	0.98	1	1	7	3	1	1	T
II	1636654	G	R	39	3	7.14%	2	2	43	37	0.98	1	1	24	15	2	1	A
II	1672859	C	T	0	11	100%	0	2	0	41	0.98	0	1	0	0	9	2	T
II	1673002	G	C	0	25	100%	0	2	0	46	0.98	0	1	0	0	14	11	C
II	1678693	T	A	0	8	100%	0	2	0	54	0.98	0	1	0	0	2	6	A
II	1683324	T	G	0	39	100%	0	2	0	43	0.98	0	1	0	0	15	24	G
II	1697124	C	T	0	16	100%	0	2	0	48	0.98	0	1	0	0	10	6	T
II	1716272	C	Y	3	5	62.5%	1	2	45	38	0.98	1	1	0	3	4	1	T
II	1716288	G	T	0	3	100%	0	2	0	37	0.98	0	1	0	0	2	1	T
II	1716289	G	K	9	2	18.18%	1	1	37	31	0.98	1	1	0	9	2	0	T
II	1716318	A	G	0	13	100%	0	2	0	35	0.98	0	1	0	0	4	9	G
II	1716320	T	G	0	12	100%	0	2	0	37	0.98	0	1	0	0	3	9	G
II	1716326	G	T	0	15	100%	0	2	0	36	0.98	0	1	0	0	6	9	T
II	1735921	C	M	18	3	14.29%	2	2	47	37	0.98	1	1	9	9	1	2	A
II	1746374	A	W	21	2	8.7%	2	1	39	37	0.98	1	1	17	4	0	2	T
II	1752357	C	Y	8	2	20%	2	1	41	37	0.98	1	1	5	3	0	2	T
II	1753483	G	K	4	2	33.33%	2	1	37	25	0.98	1	1	1	3	2	0	T
II	1776724	C	M	8	2	20%	2	1	41	31	0.98	1	1	5	3	0	2	A
II	1784826	G	A	0	19	100%	0	2	0	50	0.98	0	1	0	0	10	9	A
II	1821030	T	Y	21	2	8.7%	2	2	39	37	0.98	1	1	8	13	1	1	C
II	1821636	T	W	20	2	9.09%	2	2	43	37	0.98	1	1	11	9	1	1	A
II	1849777	G	A	0	9	100%	0	2	0	41	0.98	0	1	0	0	5	4	A
II	1859622	T	K	17	2	10.53%	2	1	47	55	0.98	1	1	5	12	2	0	G
II	1910362	A	W	17	2	10.53%	2	2	42	55	0.98	1	1	6	11	1	1	T
II	1962419	T	A	0	30	100%	0	2	0	46	0.98	0	1	0	0	10	20	A
II	1962439	A	G	0	29	100%	0	2	0	46	0.98	0	1	0	0	11	18	G
II	1962458	T	A	0	25	100%	0	2	0	44	0.98	0	1	0	0	11	14	A
II	1981642	T	Y	12	2	14.29%	2	2	46	31	0.98	1	1	2	10	1	1	C
II	1987098	C	A	0	18	100%	0	2	0	43	0.98	0	1	0	0	10	8	A
II	2012619	G	S	36	2	5.26%	2	1	46	31	0.98	1	1	17	19	0	2	C
II	2021866	T	Y	22	2	8.33%	2	1	41	37	0.98	1	1	14	8	0	2	C
II	2044929	A	T	0	12	100%	0	2	0	44	0.98	0	1	0	0	8	4	T
II	2083022	T	Y	8	2	20%	2	1	54	49	0.98	1	1	4	4	0	2	C
II	2090581	G	K	11	2	15.38%	2	1	35	25	0.98	1	1	9	2	0	2	T
II	2090588	C	M	10	2	16.67%	2	1	33	25	0.98	1	1	8	2	0	2	A
II	2095508	A	R	9	2	18.18%	2	1	60	55	0.98	1	1	3	6	0	2	G
II	2108181	C	M	21	2	8.7%	2	1	44	37	0.98	1	1	13	8	0	2	A
II	2132828	T	Y	24	2	7.69%	2	1	44	25	0.98	1	1	14	10	0	2	C
II	2147728	C	Y	17	2	10.53%	2	1	47	37	0.98	1	1	10	7	0	2	T
II	2150927	T	Y	10	2	16.67%	2	2	37	37	0.98	1	1	7	3	1	1	C
II	2180404	C	M	15	2	11.76%	2	1	49	74	0.98	1	1	5	10	0	2	A
II	2212489	A	W	30	2	6.25%	2	1	39	31	0.98	1	1	16	14	0	2	T
II	2218101	T	Y	17	7	29.17%	2	2	45	37	0.98	1	1	9	8	4	3	C
II	2228775	T	G	1	17	94.44%	1	2	37	41	0.98	1	1	1	0	8	9	G
II	2228777	G	T	0	18	100%	0	2	0	39	0.98	0	1	0	0	8	10	T
II	2231953	A	M	19	2	9.52%	2	2	52	37	0.98	1	1	9	10	1	1	C
II	2252558	A	M	26	2	7.14%	2	1	39	55	0.98	1	1	11	15	0	2	C
II	2269460	T	K	9	3	25%	2	1	39	33	0.98	1	1	2	7	3	0	G
II	2317198	T	W	7	2	22.22%	2	1	40	28	0.98	1	1	4	3	2	0	A
II	2403176	T	Y	18	5	21.74%	2	2	47	66	0.98	1	1	7	11	3	2	C
II	2404888	G	K	10	2	16.67%	2	1	41	31	0.98	1	1	1	9	2	0	T
II	2404914	G	K	11	2	15.38%	2	1	39	31	0.98	1	1	2	9	2	0	T
II	2404948	G	K	14	2	12.5%	2	1	36	37	0.98	1	1	6	8	2	0	T
II	2436580	C	G	0	38	100%	0	2	0	46	0.98	0	1	0	0	13	25	G
II	2437553	T	W	38	2	5%	2	1	48	37	0.98	1	1	19	19	2	0	A
II	2437564	A	W	37	2	5.13%	2	2	46	33	0.98	1	1	21	16	1	1	T
II	2437612	A	W	64	16	20%	2	2	46	43	0.98	1	1	33	31	10	6	T
II	2437627	C	Y	43	44	50.57%	2	2	47	46	0.98	1	1	17	26	31	13	T
II	2437629	G	R	62	22	25.58%	2	2	48	41	0.98	1	1	28	34	19	3	A
II	2437646	G	R	78	20	20.41%	2	2	44	40	0.98	1	1	44	34	14	6	A
II	2437684	T	W	64	47	42.34%	2	2	54	42	0.98	1	1	35	29	21	26	A
II	2437688	A	R	64	45	41.28%	2	2	53	41	0.98	1	1	34	30	21	24	G
II	2437769	A	W	87	11	11.22%	2	2	44	46	0.98	1	1	49	38	6	5	T
II	2437771	A	M	85	11	11.46%	2	2	44	42	0.98	1	1	49	36	7	4	C
II	2437780	A	W	85	5	5.56%	2	2	45	35	0.98	1	1	42	43	4	1	T
II	2437855	A	M	46	40	45.98%	2	2	42	48	0.98	1	1	16	30	15	25	C
II	2437918	T	Y	48	28	36.84%	2	2	46	48	0.98	1	1	20	28	9	19	C
II	2437936	A	W	56	18	24.32%	2	2	44	49	0.98	1	1	21	35	6	12	T
II	2437942	G	K	54	21	28%	2	2	45	47	0.98	1	1	23	31	9	12	T
II	2437951	C	Y	60	17	22.08%	2	2	45	45	0.98	1	1	25	35	4	13	T
II	2437970	G	R	61	12	16.44%	2	2	44	38	0.98	1	1	24	37	1	11	A
II	2437978	T	Y	54	10	15.38%	2	1	45	35	0.98	1	1	24	30	0	10	C
II	2437985	A	W	55	8	12.7%	2	1	45	37	0.98	1	1	23	32	0	8	T
II	2437987	A	M	55	8	12.7%	2	1	45	35	0.98	1	1	23	32	0	8	C
II	2443873	T	W	3	2	22.22%	1	1	49	29	0.98	1	1	3	0	0	2	A
II	2444543	T	C	0	36	100%	0	2	0	49	0.98	0	1	0	0	20	16	C
II	2445530	A	M	20	2	9.09%	2	2	40	37	0.98	1	1	5	15	1	1	C
II	2484299	A	M	24	2	7.69%	2	1	44	37	0.98	1	1	17	7	0	2	C
II	2487095	C	S	10	2	16.67%	2	1	51	37	0.98	1	1	4	6	0	2	G
II	2488031	G	R	17	2	10.53%	2	1	49	37	0.98	1	1	9	8	0	2	A
II	2488048	T	K	13	4	23.53%	2	1	49	26	0.98	1	1	2	11	4	0	G
II	2488065	G	K	13	2	13.33%	2	1	42	29	0.98	1	1	5	8	2	0	T
II	2513166	T	W	21	3	12.5%	2	2	47	37	0.98	1	1	10	11	2	1	A
II	2527705	G	R	11	2	15.38%	2	1	46	37	0.98	1	1	4	7	0	2	A
II	2536702	A	M	20	3	13.04%	2	1	43	29	0.98	1	1	15	5	0	3	C
II	2591936	G	K	9	2	18.18%	2	1	38	31	0.98	1	1	5	4	2	0	T
II	2591942	G	K	11	2	15.38%	2	1	39	25	0.98	1	1	5	6	2	0	T
II	2630607	C	M	3	2	18.18%	2	1	49	37	0.98	1	1	2	1	0	2	A
II	2666946	G	K	22	2	8.33%	2	1	50	31	0.98	1	1	8	14	2	0	T
II	2676336	C	T	0	8	100%	0	2	0	50	0.98	0	1	0	0	6	2	T
II	2685123	T	K	18	2	10%	2	1	40	37	0.98	1	1	5	13	2	0	G
II	2685299	T	K	14	2	12.5%	2	2	48	37	0.98	1	1	7	7	1	1	G
II	2689068	C	M	18	2	10%	2	1	48	27	0.98	1	1	7	11	2	0	A
II	2713122	A	W	16	2	11.11%	2	2	48	37	0.98	1	1	10	6	1	1	T
II	2742044	G	S	18	2	10%	2	1	49	37	0.98	1	1	14	4	0	2	C
II	2754648	A	M	19	2	9.52%	2	1	47	68	0.98	1	1	10	9	2	0	C
II	2766641	T	K	17	2	10.53%	2	1	39	25	0.98	1	1	6	11	2	0	G
II	2766705	T	W	16	2	11.11%	2	1	41	25	0.98	1	1	7	9	2	0	A
II	2806053	G	A	0	22	100%	0	2	0	44	0.98	0	1	0	0	11	11	A
II	2894681	A	W	9	2	18.18%	2	1	35	25	0.98	1	1	5	4	0	2	T
II	2901509	G	T	0	32	100%	0	2	0	37	0.98	0	1	0	0	10	22	T
II	2901843	C	M	22	2	8.33%	2	1	39	31	0.98	1	1	9	13	0	2	A
II	2906946	A	R	13	2	13.33%	2	1	41	37	0.98	1	1	8	5	2	0	G
II	2924012	G	R	12	2	14.29%	2	2	44	37	0.98	1	1	5	7	1	1	A
II	2942897	G	K	15	2	11.76%	2	1	40	31	0.98	1	1	10	5	0	2	T
II	2955098	C	M	11	2	15.38%	2	1	42	25	0.98	1	1	7	4	0	2	A
II	2963957	A	R	10	2	16.67%	2	2	54	37	0.98	1	1	5	5	1	1	G
II	3006137	A	T	0	13	100%	0	2	0	39	0.98	0	1	0	0	6	7	T
II	3024930	G	R	30	2	6.25%	2	1	48	37	0.98	1	1	12	18	0	2	A
II	3158075	T	W	18	2	10%	2	2	44	37	0.98	1	1	6	12	1	1	A
II	3170831	T	Y	14	2	12.5%	2	1	47	68	0.98	1	1	6	8	0	2	C
II	3180550	G	K	15	2	11.76%	2	1	43	25	0.98	1	1	10	5	2	0	T
II	3266198	T	K	12	2	14.29%	2	1	41	25	0.98	1	1	3	9	2	0	G
II	3323866	C	M	8	2	20%	1	1	38	33	0.98	1	1	0	8	2	0	A
II	3361075	T	Y	8	2	20%	2	2	46	37	0.98	1	1	6	2	1	1	C
II	3380153	A	W	9	3	25%	2	1	30	25	0.98	1	1	8	1	3	0	T
II	3380529	T	K	20	2	9.09%	2	1	36	31	0.98	1	1	6	14	2	0	G
II	3464982	T	K	28	2	6.67%	2	1	38	55	0.98	1	1	5	23	2	0	G
II	3514751	G	K	20	2	9.09%	2	1	41	22	0.98	1	1	9	11	0	2	T
II	3524722	C	Y	24	3	11.11%	2	1	44	74	0.98	1	1	11	13	3	0	T
II	3619997	G	K	16	2	11.11%	2	1	57	37	0.98	1	1	7	9	2	0	T
II	3646392	T	W	9	2	18.18%	2	1	39	31	0.98	1	1	3	6	2	0	A
II	3700620	A	M	17	3	15%	2	1	43	37	0.98	1	1	9	8	0	3	C
II	3723812	G	S	24	2	7.69%	2	2	49	37	0.98	1	1	14	10	1	1	C
II	3758607	A	W	22	3	12%	2	1	45	37	0.98	1	1	7	15	3	0	T
II	3786549	T	K	15	2	11.76%	2	1	42	25	0.98	1	1	6	9	2	0	G
II	3794248	G	K	18	2	10%	2	1	47	33	0.98	1	1	9	9	0	2	T
II	3799350	G	R	1	2	20%	1	1	37	31	0.98	1	1	1	0	0	2	A
II	3805883	G	R	14	2	12.5%	2	2	37	37	0.98	1	1	7	7	1	1	A
II	3818408	C	M	29	2	6.45%	2	1	43	22	0.98	1	1	15	14	2	0	A
II	3840540	C	Y	22	2	8.33%	2	1	41	37	0.98	1	1	14	8	0	2	T
II	3845823	C	M	23	2	8%	2	1	40	33	0.98	1	1	7	16	2	0	A
II	3860190	A	M	17	7	29.17%	2	2	42	37	0.98	1	1	3	14	6	1	C
II	3898213	G	K	18	2	10%	2	1	43	37	0.98	1	1	7	11	2	0	T
II	3898214	A	M	18	2	10%	2	1	43	37	0.98	1	1	7	11	2	0	C
II	3910669	A	M	16	2	11.11%	2	1	41	37	0.98	1	1	6	10	0	2	C
II	3946816	A	M	19	2	9.52%	2	1	44	37	0.98	1	1	10	9	2	0	C
II	3966432	T	W	7	2	22.22%	2	1	43	37	0.98	1	1	4	3	0	2	A
II	3971280	C	Y	11	2	15.38%	2	1	39	37	0.98	1	1	6	5	0	2	T
II	4122326	T	C	0	27	100%	0	2	0	47	0.98	0	1	0	0	13	14	C
II	4159974	G	K	14	2	12.5%	2	1	44	37	0.98	1	1	9	5	2	0	T
II	4161996	C	M	17	2	10.53%	2	1	39	37	0.98	1	1	6	11	0	2	A
II	4168161	T	K	11	2	15.38%	2	2	46	37	0.98	1	1	3	8	1	1	G
II	4185239	T	Y	14	2	12.5%	2	1	37	31	0.98	1	1	9	5	2	0	C
II	4187259	C	S	16	2	11.11%	2	1	47	74	0.98	1	1	10	6	0	2	G
II	4194807	T	K	8	2	20%	2	2	55	37	0.98	1	1	2	6	1	1	G
II	4204913	C	M	29	3	9.38%	2	1	40	29	0.98	1	1	9	20	3	0	A
II	4207017	A	W	20	2	9.09%	2	1	43	25	0.98	1	1	14	6	0	2	T
II	4253156	C	M	15	2	11.76%	2	2	41	37	0.98	1	1	10	5	1	1	A
II	4254962	A	W	19	2	9.52%	2	1	40	37	0.98	1	1	6	13	2	0	T
II	4265280	C	Y	11	4	26.67%	2	2	43	37	0.98	1	1	1	10	2	2	T
II	4273713	C	Y	26	2	7.14%	2	1	44	31	0.98	1	1	11	15	2	0	T
II	4273780	T	Y	31	2	6.06%	2	2	43	37	0.98	1	1	12	19	1	1	C
II	4273835	A	R	28	4	12.5%	2	2	45	46	0.98	1	1	10	18	3	1	G
II	4273838	A	R	28	2	6.67%	2	1	51	55	0.98	1	1	11	17	0	2	G
II	4273848	C	Y	29	2	6.45%	2	1	47	33	0.98	1	1	12	17	0	2	T
II	4273853	A	R	31	3	8.82%	2	2	44	53	0.98	1	1	12	19	2	1	G
II	4278455	T	K	6	2	25%	2	2	49	37	0.98	1	1	2	4	1	1	G
II	4311801	G	K	21	2	8.7%	2	1	46	23	0.98	1	1	11	10	2	0	T
II	4315875	T	Y	18	2	10%	2	2	45	37	0.98	1	1	10	8	1	1	C
II	4335384	G	K	10	2	16.67%	2	2	43	22	0.98	1	1	5	5	1	1	T
II	4335429	C	M	14	2	12.5%	2	1	41	25	0.98	1	1	10	4	0	2	A
II	4345324	G	K	8	2	20%	2	1	36	37	0.98	1	1	3	5	2	0	T
II	4345325	A	W	7	2	22.22%	2	1	37	31	0.98	1	1	2	5	2	0	T
II	4345346	G	K	11	2	15.38%	2	1	34	25	0.98	1	1	5	6	2	0	T
II	4346429	T	W	17	2	10.53%	2	2	41	31	0.98	1	1	7	10	1	1	A
II	4387568	G	K	14	2	12.5%	2	1	41	33	0.98	1	1	4	10	2	0	T
II	4400666	A	C	0	20	100%	0	2	0	40	0.98	0	1	0	0	6	14	C
II	4406173	G	K	20	2	9.09%	2	2	39	25	0.98	1	1	9	11	1	1	T
II	4422096	T	Y	49	3	5.66%	2	2	47	37	0.98	1	1	24	25	1	2	C
II	4422270	T	Y	56	5	8.2%	2	2	40	44	0.98	1	1	30	26	3	2	C
II	4422366	C	Y	42	4	8.7%	2	2	44	37	0.98	1	1	20	22	2	2	T
II	4422369	T	W	42	3	6.67%	2	2	44	37	0.98	1	1	18	24	2	1	A
II	4422375	T	Y	36	3	7.5%	2	2	41	37	0.98	1	1	11	25	2	1	C
II	4422469	G	R	42	4	8.7%	2	2	38	43	0.98	1	1	23	19	1	3	A
II	4422660	C	Y	49	3	5.77%	2	2	43	37	0.98	1	1	30	19	1	2	T
II	4422759	A	R	42	3	6.67%	2	2	43	37	0.98	1	1	21	21	2	1	G
II	4423500	C	Y	45	3	6.25%	2	2	45	34	0.98	1	1	26	19	2	1	T
II	4423551	T	W	40	3	6.98%	2	1	40	34	0.98	1	1	21	19	0	3	A
II	4424211	G	R	52	3	5.45%	2	2	46	37	0.98	1	1	21	31	1	2	A
II	4424552	A	M	32	2	5.88%	2	2	46	37	0.98	1	1	13	19	1	1	C
II	4424634	C	M	30	2	6.25%	2	2	39	33	0.98	1	1	19	11	1	1	A
II	4435091	C	M	22	2	8.33%	2	1	40	25	0.98	1	1	11	11	2	0	A
II	4436936	C	Y	42	3	6.67%	2	2	42	37	0.98	1	1	19	23	1	2	T
II	4437789	G	R	76	8	9.52%	2	2	44	37	0.98	1	1	42	34	7	1	A
II	4437796	C	Y	77	7	8.33%	2	2	44	37	0.98	1	1	43	34	6	1	T
II	4437800	A	R	76	9	10.59%	2	2	44	39	0.98	1	1	42	34	7	2	G
II	4452498	G	R	16	2	11.11%	2	1	46	37	0.98	1	1	5	11	0	2	A
II	4452500	C	Y	14	2	12.5%	2	1	46	37	0.98	1	1	5	9	0	2	T
II	4481464	T	Y	45	4	8.16%	2	2	43	37	0.98	1	1	20	25	2	2	C
II	4481684	C	Y	71	4	5.33%	2	2	45	37	0.98	1	1	34	37	3	1	T
II	4481692	A	R	72	4	5.26%	2	2	46	37	0.98	1	1	34	38	3	1	G
II	4481694	G	K	71	4	5.33%	2	2	45	37	0.98	1	1	34	37	3	1	T
II	4481706	A	M	66	5	7.04%	2	2	49	37	0.98	1	1	34	32	3	2	C
II	4505717	A	R	14	4	22.22%	2	2	41	46	0.98	1	1	7	7	2	2	G
II	4513966	A	R	40	3	6.98%	2	1	43	37	0.98	1	1	17	23	0	3	G
II	4516143	T	Y	21	2	8.7%	2	1	48	37	0.98	1	1	11	10	2	0	C
II	4516145	T	Y	21	2	8.7%	2	1	48	37	0.98	1	1	11	10	2	0	C
II	4516202	G	K	23	2	8%	2	1	42	37	0.98	1	1	12	11	2	0	T
II	4517044	T	Y	74	4	5.06%	2	2	43	33	0.98	1	1	39	35	2	2	C
II	4517905	T	Y	86	9	9.47%	2	2	43	52	0.98	1	1	51	35	8	1	C
II	4517914	C	Y	86	9	9.47%	2	2	45	53	0.98	1	1	53	33	8	1	T
II	4518027	T	Y	92	6	6.06%	2	2	48	49	0.98	1	1	35	57	4	2	C
II	4518185	A	R	51	5	8.93%	2	1	42	37	0.98	1	1	28	23	0	5	G
II	4518189	C	S	52	5	8.77%	2	1	43	37	0.98	1	1	27	25	0	5	G
II	4518505	T	Y	38	2	5%	2	1	41	55	0.98	1	1	23	15	0	2	C
II	4518532	C	Y	37	3	7.5%	2	1	44	37	0.98	1	1	20	17	0	3	T
II	4518548	A	R	39	3	7.14%	2	2	41	37	0.98	1	1	23	16	1	2	G
II	4518806	C	Y	46	3	6.12%	2	1	45	37	0.98	1	1	22	24	0	3	T
II	4521636	C	Y	7	7	50%	2	2	37	47	0.98	1	1	3	4	3	4	T
II	4523882	C	Y	19	31	62%	2	2	38	42	0.98	1	1	12	7	20	11	T
II	4525357	G	K	23	2	8%	2	1	38	25	0.98	1	1	4	19	2	0	T
II	4525822	C	Y	4	3	42.86%	2	2	37	37	0.98	1	1	1	3	1	2	T
II	4525894	C	Y	12	3	20%	2	1	39	37	0.98	1	1	3	9	0	3	T
II	4525966	C	Y	13	2	13.33%	2	1	44	37	0.98	1	1	4	9	0	2	T
II	4526825	A	W	13	3	18.75%	2	1	35	26	0.98	1	1	9	4	0	3	T
II	4527879	G	S	29	6	17.14%	2	2	39	42	0.98	1	1	12	17	5	1	C
II	4527881	C	Y	20	8	28.57%	2	2	37	49	0.98	1	1	12	8	4	4	T
II	4529116	T	Y	60	39	39.39%	2	2	48	47	0.98	1	1	32	28	17	22	C
II	4529965	A	R	34	24	41.38%	2	2	51	46	0.98	1	1	17	17	11	13	G
II	4530323	G	R	35	9	20.45%	2	2	41	37	0.98	1	1	11	24	1	8	A
II	4530797	C	Y	50	14	21.88%	2	2	45	50	0.98	1	1	22	28	6	8	T
II	4531033	G	S	56	18	24.32%	2	2	42	49	0.98	1	1	34	22	11	7	C
II	4531092	G	R	52	21	28.77%	2	2	47	40	0.98	1	1	23	29	10	11	A
II	4531414	T	Y	68	68	50%	2	2	43	44	0.98	1	1	50	18	48	20	C
II	4531492	A	R	120	12	9.09%	2	2	46	37	0.98	1	1	62	58	8	4	G
II	4531592	G	R	57	55	49.11%	2	2	37	41	0.98	1	1	27	30	25	30	A
II	4531749	C	Y	67	39	36.79%	2	2	43	37	0.98	1	1	25	42	21	18	T
II	4531764	A	R	44	54	55.1%	2	2	39	39	0.98	1	1	15	29	29	25	G
II	4532088	G	K	30	49	62.03%	2	2	49	43	0.98	1	1	22	8	31	18	T
II	4532323	C	Y	77	30	27.78%	2	2	41	48	0.98	1	1	44	33	19	11	T
II	4533394	T	Y	56	44	44%	2	2	42	45	0.98	1	1	31	25	17	27	C
II	4533451	T	Y	40	28	41.18%	2	2	40	43	0.98	1	1	18	22	10	18	C
II	4533598	G	R	42	40	48.78%	2	2	45	40	0.98	1	1	30	12	23	17	A
II	4533617	A	R	46	42	47.73%	2	2	45	42	0.98	1	1	30	16	18	24	G
II	4533636	C	Y	57	38	40%	2	2	46	47	0.98	1	1	24	33	22	16	T
II	4533744	T	Y	67	61	47.66%	2	2	46	42	0.98	1	1	34	33	35	26	C
II	4533922	G	R	86	87	50.29%	2	2	42	43	0.98	1	1	28	58	35	52	A
II	4533994	T	Y	126	79	38.54%	2	2	42	42	0.98	1	1	80	46	49	30	C
II	4534246	C	M	88	92	51.11%	2	2	44	42	0.98	1	1	37	51	42	50	A
II	4534498	A	M	56	63	52.94%	2	2	44	42	0.98	1	1	32	24	40	23	C
II	4536550	C	M	143	27	15.88%	2	2	42	41	0.98	1	1	97	46	15	12	A
II	4536728	A	R	163	13	6.88%	2	2	42	39	0.98	1	1	65	98	12	1	G
II	4537214	T	Y	211	41	16.27%	2	2	48	47	0.98	1	1	122	89	18	23	C
II	4537395	G	R	50	3	5.66%	2	1	44	37	0.98	1	1	30	20	3	0	A
II	4537402	A	R	165	9	5.17%	2	2	45	35	0.98	1	1	89	76	2	7	G
II	4537844	T	Y	44	21	32.31%	2	2	44	42	0.98	1	1	26	18	10	11	C
II	4537980	C	Y	89	7	7.29%	2	2	44	42	0.98	1	1	49	40	1	6	T
II	4538027	A	R	131	19	12.67%	2	2	45	48	0.98	1	1	81	50	17	2	G
II	4538036	G	K	128	156	54.93%	2	2	45	54	0.98	1	1	86	42	119	37	T
II	4538038	A	R	131	188	58.93%	2	2	44	53	0.98	1	1	93	38	147	41	G
II	4538047	G	R	423	56	11.69%	2	2	51	49	0.98	1	1	324	99	44	12	A
II	4538048	C	Y	230	245	51.58%	2	2	49	53	0.98	1	1	169	61	195	50	T
II	4538052	A	R	138	346	71.49%	2	2	46	52	0.98	1	1	98	40	271	75	G
II	4538065	G	R	446	49	9.9%	2	2	53	46	0.98	1	1	330	116	36	13	A
II	4538091	T	Y	217	268	53.82%	2	2	45	56	0.98	1	1	132	85	180	88	C
II	4538114	A	R	126	54	30%	2	2	44	39	0.98	1	1	86	40	5	49	G
II	4538115	G	K	126	55	30.39%	2	2	44	39	0.98	1	1	86	40	5	50	T
II	4538116	G	R	128	55	30.05%	2	2	44	39	0.98	1	1	87	41	5	50	A
II	4538118	G	R	121	52	30.06%	2	2	44	39	0.98	1	1	84	37	5	47	A
II	4538122	G	S	123	55	30.9%	2	2	45	39	0.98	1	1	81	42	5	50	C
II	4538125	A	W	129	55	29.89%	2	2	44	39	0.98	1	1	86	43	5	50	T
II	4538126	C	S	128	54	29.67%	2	2	44	39	0.98	1	1	85	43	5	49	G
II	4538128	A	R	126	53	29.44%	2	2	44	39	0.98	1	1	85	41	5	48	G
II	4538155	T	K	214	43	16.73%	2	2	43	36	0.98	1	1	90	124	1	42	G
II	4538164	A	W	137	118	46.27%	2	2	44	39	0.98	1	1	79	58	5	113	T
II	4538203	A	W	140	26	15.66%	2	2	46	43	0.98	1	1	53	87	1	25	T
II	4538216	A	W	137	26	15.95%	2	2	46	44	0.98	1	1	51	86	1	25	T
II	4538238	T	K	143	25	14.88%	2	2	48	43	0.98	1	1	54	89	1	24	G
II	4538244	A	R	139	24	14.72%	2	2	47	43	0.98	1	1	52	87	1	23	G
II	4538531	T	W	47	5	9.62%	2	1	42	37	0.98	1	1	19	28	5	0	A
II	4538532	C	Y	47	5	9.62%	2	1	42	37	0.98	1	1	19	28	5	0	T
II	4538541	C	Y	41	5	10.87%	2	1	43	34	0.98	1	1	19	22	5	0	T
II	4538556	T	Y	32	8	19.51%	2	1	41	37	0.98	1	1	22	10	8	0	C
II	4538591	G	R	33	6	15.38%	2	2	43	43	0.98	1	1	28	5	5	1	A
II	4538770	T	Y	35	17	32.69%	2	2	42	45	0.98	1	1	22	13	16	1	C
II	4538906	C	Y	145	24	14.2%	2	2	44	44	0.98	1	1	94	51	17	7	T
II	4539524	G	R	36	23	38.98%	2	2	46	51	0.98	1	1	20	16	11	12	A
II	4539673	T	W	21	11	34.38%	2	2	41	41	0.98	1	1	6	15	3	8	A
II	4539725	T	Y	15	15	50%	2	2	48	46	0.98	1	1	7	8	3	12	C
III	4730	T	W	390	21	5.11%	2	2	45	45	0.98	1	1	232	158	5	16	A
III	5074	G	R	269	15	5.28%	2	2	41	41	0.98	1	1	151	118	4	11	A
III	5850	A	M	310	28	8.14%	2	1	37	30	0.98	1	1	294	16	0	28	C
III	12428	G	R	48	4	5%	2	1	41	37	0.98	1	1	24	24	0	4	A
III	15600	T	W	412	24	5.5%	2	2	46	42	0.98	1	1	246	166	8	16	A
III	16720	A	M	326	42	11.17%	2	1	37	31	0.98	1	1	310	16	0	42	C
III	32885	T	K	15	4	21.05%	2	1	46	46	0.98	1	1	6	9	4	0	G
III	32890	G	R	16	3	15.79%	2	1	46	49	0.98	1	1	7	9	3	0	A
III	32908	C	Y	20	2	9.09%	2	1	48	55	0.98	1	1	8	12	2	0	T
III	32920	T	Y	23	3	11.54%	2	1	44	37	0.98	1	1	12	11	3	0	C
III	32932	A	W	22	2	8.33%	2	1	49	37	0.98	1	1	11	11	2	0	T
III	32944	G	R	22	2	8.33%	2	1	47	37	0.98	1	1	11	11	2	0	A
III	32962	A	R	20	2	9.09%	2	1	49	37	0.98	1	1	11	9	2	0	G
III	32969	C	Y	20	2	9.09%	2	1	48	37	0.98	1	1	11	9	2	0	T
III	32973	G	R	20	2	9.09%	2	1	48	37	0.98	1	1	12	8	2	0	A
III	33004	T	Y	24	2	7.69%	2	1	45	74	0.98	1	1	18	6	0	2	C
III	33006	C	S	26	2	7.14%	2	1	45	74	0.98	1	1	19	7	0	2	G
III	47030	G	K	21	2	8.7%	2	1	42	31	0.98	1	1	13	8	2	0	T
III	64834	C	T	2	9	81.82%	1	2	55	41	0.98	1	1	0	2	7	2	T
III	68715	A	W	23	2	8%	2	2	45	37	0.98	1	1	9	14	1	1	T
III	85047	T	Y	6	2	25%	2	1	35	37	0.98	1	1	2	4	2	0	C
III	96459	T	K	14	2	12.5%	2	2	49	31	0.98	1	1	9	5	1	1	G
III	113028	T	W	22	2	8.33%	2	1	39	37	0.98	1	1	10	12	0	2	A
III	117005	C	S	16	2	11.11%	2	1	60	74	0.98	1	1	10	6	2	0	G
III	121582	T	W	20	2	9.09%	2	2	44	37	0.98	1	1	11	9	1	1	A
III	123340	N	A	0	13	100%	0	2	0	47	0.98	0	1	0	0	4	9	A
III	141415	C	M	17	2	10.53%	2	1	38	22	0.98	1	1	2	15	2	0	A
III	158765	T	K	10	2	16.67%	2	2	48	37	0.98	1	1	8	2	1	1	G
III	178917	T	K	11	2	15.38%	2	1	40	37	0.98	1	1	1	10	2	0	G
III	184523	A	R	16	2	11.11%	2	2	44	37	0.98	1	1	8	8	1	1	G
III	205830	T	Y	23	2	8%	2	2	41	37	0.98	1	1	9	14	1	1	C
III	211925	C	Y	11	2	15.38%	2	1	40	55	0.98	1	1	2	9	0	2	T
III	212564	T	Y	30	2	6.25%	2	2	44	74	0.98	1	1	21	9	1	1	C
III	212679	T	K	43	6	12.24%	2	2	44	61	0.98	1	1	31	12	3	3	G
III	212882	C	Y	40	4	9.09%	2	1	45	46	0.98	1	1	17	23	0	4	T
III	212887	C	Y	38	2	5%	2	1	43	37	0.98	1	1	15	23	0	2	T
III	212888	C	S	37	2	5.13%	2	1	44	37	0.98	1	1	15	22	0	2	G
III	213032	G	R	28	2	6.67%	2	1	42	37	0.98	1	1	11	17	2	0	A
III	213033	T	W	28	2	6.67%	2	1	44	37	0.98	1	1	10	18	2	0	A
III	213038	T	Y	26	2	7.14%	2	1	44	37	0.98	1	1	10	16	2	0	C
III	213316	C	S	21	2	8.7%	2	2	45	37	0.98	1	1	13	8	1	1	G
III	213318	C	S	22	2	8.33%	2	2	43	37	0.98	1	1	14	8	1	1	G
III	213635	C	Y	26	2	7.14%	2	1	42	55	0.98	1	1	13	13	0	2	T
III	226999	G	K	27	2	6.9%	2	2	45	37	0.98	1	1	15	12	1	1	T
III	227003	C	Y	26	2	7.14%	2	2	45	37	0.98	1	1	13	13	1	1	T
III	227078	A	R	21	2	8.7%	2	1	46	55	0.98	1	1	6	15	0	2	G
III	227096	A	R	25	2	7.41%	2	1	44	37	0.98	1	1	6	19	0	2	G
III	227284	A	M	18	2	10%	2	2	42	25	0.98	1	1	10	8	1	1	C
III	227395	C	S	22	2	8.33%	2	1	43	37	0.98	1	1	10	12	0	2	G
III	227397	C	S	23	2	8%	2	1	42	37	0.98	1	1	10	13	0	2	G
III	227730	A	T	0	27	100%	0	2	0	47	0.98	0	1	0	0	16	11	T
III	227769	T	Y	23	2	8%	2	1	42	37	0.98	1	1	11	12	2	0	C
III	227776	T	Y	21	2	8.7%	2	1	41	37	0.98	1	1	10	11	2	0	C
III	227779	C	M	22	2	8.33%	2	1	42	37	0.98	1	1	10	12	2	0	A
III	227780	A	R	20	2	9.09%	2	1	42	37	0.98	1	1	9	11	2	0	G
III	227825	C	S	31	4	11.43%	2	2	38	37	0.98	1	1	19	12	2	2	G
III	227826	A	R	32	4	11.11%	2	2	37	37	0.98	1	1	20	12	2	2	G
III	227831	A	R	36	2	5.26%	2	1	39	55	0.98	1	1	23	13	2	0	G
III	228170	A	R	31	4	11.43%	2	1	46	37	0.98	1	1	14	17	0	4	G
III	265677	G	K	14	2	12.5%	2	1	40	37	0.98	1	1	9	5	0	2	T
III	276008	T	W	29	2	6.45%	2	2	42	37	0.98	1	1	12	17	1	1	A
III	286528	G	K	5	2	28.57%	1	1	37	31	0.98	1	1	0	5	0	2	T
III	294773	C	Y	12	2	14.29%	2	2	46	74	0.98	1	1	5	7	1	1	T
III	320283	A	R	26	2	7.14%	2	1	41	37	0.98	1	1	5	21	2	0	G
III	343079	G	K	10	2	16.67%	2	1	37	29	0.98	1	1	7	3	2	0	T
III	391121	T	W	19	3	13.64%	2	2	42	37	0.98	1	1	9	10	1	2	A
III	427582	A	W	23	2	8%	2	2	45	37	0.98	1	1	11	12	1	1	T
III	434667	C	M	7	2	22.22%	2	2	35	36	0.98	1	1	2	5	1	1	A
III	446619	G	K	4	2	33.33%	2	1	34	25	0.98	1	1	2	2	2	0	T
III	462427	C	Y	15	2	11.76%	2	2	41	37	0.98	1	1	3	12	1	1	T
III	481109	T	Y	12	2	14.29%	2	1	42	55	0.98	1	1	7	5	0	2	C
III	489619	G	R	53	4	7.02%	2	2	46	37	0.98	1	1	24	29	1	3	A
III	489623	C	Y	51	4	7.27%	2	2	46	37	0.98	1	1	25	26	1	3	T
III	489656	A	R	45	3	6.25%	2	1	48	37	0.98	1	1	27	18	0	3	G
III	489659	T	Y	46	3	6.12%	2	1	48	37	0.98	1	1	28	18	0	3	C
III	566142	T	Y	30	2	6.25%	2	1	47	37	0.98	1	1	17	13	2	0	C
III	613328	T	W	17	2	10.53%	2	2	45	37	0.98	1	1	4	13	1	1	A
III	668344	G	K	14	2	12.5%	2	1	41	25	0.98	1	1	6	8	0	2	T
III	720001	C	T	0	7	100%	0	2	0	42	0.98	0	1	0	0	1	6	T
III	751319	T	W	8	3	27.27%	2	1	43	37	0.98	1	1	3	5	0	3	A
III	758929	T	K	22	2	8.33%	2	1	46	37	0.98	1	1	11	11	2	0	G
III	814871	T	Y	18	2	10%	2	2	49	37	0.98	1	1	12	6	1	1	C
III	822745	T	W	13	2	13.33%	2	1	36	31	0.98	1	1	6	7	2	0	A
III	840624	G	K	26	2	7.14%	2	1	41	25	0.98	1	1	10	16	2	0	T
III	889140	A	M	19	2	9.52%	2	1	42	37	0.98	1	1	11	8	2	0	C
III	897866	C	M	14	2	12.5%	2	1	39	31	0.98	1	1	11	3	0	2	A
III	907628	A	R	14	2	12.5%	2	2	44	37	0.98	1	1	7	7	1	1	G
III	944705	C	M	6	2	25%	2	2	47	23	0.98	1	1	2	4	1	1	A
III	959983	G	R	78	7	8.24%	2	2	40	40	0.98	1	1	33	45	4	3	A
III	959997	C	S	81	5	5.81%	2	2	42	37	0.98	1	1	36	45	1	4	G
III	961333	T	Y	52	3	5.45%	2	2	44	37	0.98	1	1	23	29	2	1	C
III	961483	C	Y	49	3	5.77%	2	1	41	37	0.98	1	1	26	23	0	3	T
III	962376	C	Y	416	49	10.52%	2	2	49	51	0.98	1	1	193	223	24	25	T
III	963322	G	R	74	9	10.84%	2	2	46	43	0.98	1	1	33	41	1	8	A
III	963343	A	G	4	77	95.06%	1	2	34	44	0.98	1	1	0	4	34	43	G
III	986052	T	W	19	2	9.52%	2	2	43	37	0.98	1	1	11	8	1	1	A
III	1009849	G	K	25	2	7.41%	2	1	45	37	0.98	1	1	12	13	0	2	T
III	1021634	T	W	15	2	11.76%	2	2	37	37	0.98	1	1	13	2	1	1	A
III	1082294	G	K	87	6	6.45%	2	2	42	43	0.98	1	1	28	59	4	2	T
III	1084286	G	K	44	10	18.52%	2	2	47	40	0.98	1	1	27	17	5	5	T
III	1098041	A	W	11	2	15.38%	2	1	34	37	0.98	1	1	5	6	2	0	T
III	1098042	A	W	10	2	16.67%	2	1	37	37	0.98	1	1	4	6	2	0	T
III	1110016	G	R	21	2	8.7%	2	1	45	37	0.98	1	1	14	7	2	0	A
III	1110082	C	Y	35	2	5.41%	2	1	48	37	0.98	1	1	14	21	2	0	T
III	1114661	C	M	42	15	26.32%	2	2	44	44	0.98	1	1	16	26	8	7	A
III	1114851	T	Y	29	2	6.45%	2	1	43	37	0.98	1	1	17	12	2	0	C
III	1117561	G	K	37	2	5.13%	2	1	48	25	0.98	1	1	14	23	2	0	T
III	1121421	C	M	31	12	27.91%	2	2	45	51	0.98	1	1	16	15	8	4	A
III	1128181	C	M	44	13	22.81%	2	2	46	37	0.98	1	1	15	29	11	2	A
III	1131081	G	K	39	4	9.3%	2	1	39	25	0.98	1	1	19	20	4	0	T
III	1131108	C	M	37	3	7.5%	2	1	41	25	0.98	1	1	16	21	3	0	A
III	1134941	C	M	31	14	31.11%	2	2	42	41	0.98	1	1	5	26	7	7	A
III	1168328	T	C	0	5	100%	0	2	0	44	0.98	0	1	0	0	4	1	C
III	1168363	G	A	2	7	77.78%	1	2	37	42	0.98	1	1	2	0	5	2	A
III	1171183	A	R	18	2	10%	2	2	40	37	0.98	1	1	6	12	1	1	G
III	1171187	C	M	18	2	10%	2	2	40	37	0.98	1	1	6	12	1	1	A
III	1189429	C	M	30	2	6.25%	2	2	47	37	0.98	1	1	16	14	1	1	A
III	1219997	T	Y	27	2	6.9%	2	2	48	37	0.98	1	1	12	15	1	1	C
III	1241747	T	Y	24	2	7.69%	2	1	39	37	0.98	1	1	11	13	0	2	C
III	1242455	G	K	27	2	6.9%	2	1	40	37	0.98	1	1	15	12	2	0	T
III	1252503	G	K	13	3	18.75%	2	2	43	33	0.98	1	1	10	3	1	2	T
III	1252505	G	K	12	5	26.32%	2	1	40	35	0.98	1	1	11	1	0	5	T
III	1270419	A	W	16	3	15.79%	2	2	41	74	0.98	1	1	9	7	1	2	T
III	1289382	G	K	17	2	10.53%	2	1	43	27	0.98	1	1	5	12	2	0	T
III	1300084	T	Y	13	2	13.33%	2	1	41	37	0.98	1	1	4	9	2	0	C
III	1315095	T	Y	12	2	14.29%	2	2	40	37	0.98	1	1	5	7	1	1	C
III	1374938	A	T	0	8	100%	0	2	0	35	0.98	0	1	0	0	6	2	T
III	1386230	C	S	15	2	11.76%	2	2	42	31	0.98	1	1	8	7	1	1	G
III	1392405	G	K	4	2	33.33%	2	1	37	25	0.98	1	1	2	2	0	2	T
III	1392415	G	K	4	2	33.33%	2	1	37	25	0.98	1	1	2	2	0	2	T
III	1395394	G	K	0	2	40%	0	1	0	37	0.98	0	1	0	0	0	2	T
III	1431078	G	K	22	2	8.33%	2	1	42	31	0.98	1	1	13	9	0	2	T
III	1432077	T	W	12	2	14.29%	2	1	43	31	0.98	1	1	4	8	2	0	A
III	1466248	T	Y	73	4	5.19%	2	2	46	37	0.98	1	1	41	32	3	1	C
III	1489915	T	K	28	2	6.67%	2	1	47	25	0.98	1	1	14	14	2	0	G
III	1493950	A	R	72	27	27.27%	2	2	47	48	0.98	1	1	27	45	14	13	G
III	1494129	T	K	139	25	15.24%	2	2	46	37	0.98	1	1	77	62	7	18	G
III	1494164	A	R	81	26	24.3%	2	2	46	38	0.98	1	1	34	47	4	22	G
III	1494181	A	W	81	27	25%	2	2	46	38	0.98	1	1	30	51	6	21	T
III	1494187	T	W	77	21	21.43%	2	2	45	38	0.98	1	1	30	47	6	15	A
III	1494192	G	R	76	8	9.52%	2	2	45	36	0.98	1	1	29	47	1	7	A
III	1494282	G	R	61	78	56.12%	2	2	39	37	0.98	1	1	19	42	18	60	A
III	1494303	G	R	56	39	41.05%	2	2	40	37	0.98	1	1	22	34	4	35	A
III	1494306	A	W	55	37	40.22%	2	2	39	37	0.98	1	1	21	34	3	34	T
III	1494312	A	R	60	37	38.14%	2	2	38	37	0.98	1	1	26	34	3	34	G
III	1494315	A	R	59	35	37.23%	2	2	38	37	0.98	1	1	26	33	3	32	G
III	1494318	A	R	56	35	38.46%	2	2	39	37	0.98	1	1	25	31	4	31	G
III	1494327	T	K	52	28	35%	2	2	39	38	0.98	1	1	25	27	3	25	G
III	1499389	C	Y	47	3	6%	2	2	45	37	0.98	1	1	26	21	1	2	T
III	1499390	A	W	48	3	5.88%	2	2	44	37	0.98	1	1	28	20	1	2	T
III	1517026	C	M	27	2	6.9%	2	2	46	37	0.98	1	1	10	17	1	1	A
III	1534545	C	Y	9	2	18.18%	2	1	37	37	0.98	1	1	2	7	0	2	T
III	1550199	C	Y	20	2	9.09%	2	2	40	37	0.98	1	1	13	7	1	1	T
III	1574798	C	M	85	7	7.61%	2	1	43	37	0.98	1	1	59	26	7	0	A
III	1574913	A	R	92	6	6.12%	2	2	47	65	0.98	1	1	31	61	3	3	G
III	1578502	T	Y	18	2	10%	2	2	42	37	0.98	1	1	9	9	1	1	C
III	1582141	C	Y	107	7	6.14%	2	1	49	37	0.98	1	1	81	26	7	0	T
III	1586208	T	W	16	3	15.79%	2	1	46	37	0.98	1	1	9	7	3	0	A
III	1587874	T	Y	21	2	8.7%	2	2	41	37	0.98	1	1	6	15	1	1	C
III	1600302	G	R	28	2	6.67%	2	1	42	31	0.98	1	1	16	12	2	0	A
III	1649192	A	M	12	3	20%	2	1	41	29	0.98	1	1	10	2	0	3	C
III	1712148	G	K	15	2	11.76%	2	1	43	25	0.98	1	1	5	10	2	0	T
III	1721040	G	K	11	2	15.38%	2	2	40	37	0.98	1	1	3	8	1	1	T
III	1721045	C	M	11	2	15.38%	2	2	40	37	0.98	1	1	3	8	1	1	A
III	1724744	G	R	17	3	15%	2	2	38	37	0.98	1	1	7	10	2	1	A
III	1725972	A	M	13	2	13.33%	2	1	50	37	0.98	1	1	6	7	0	2	C
III	1765401	G	T	0	37	100%	0	2	0	47	0.98	0	1	0	0	21	16	T
III	1780658	T	Y	19	2	9.52%	2	1	44	37	0.98	1	1	9	10	0	2	C
III	1783010	G	S	24	2	7.69%	2	2	55	37	0.98	1	1	18	6	1	1	C
III	1836057	T	K	27	2	6.9%	2	1	46	37	0.98	1	1	13	14	2	0	G
III	1867974	A	W	14	2	12.5%	2	2	44	37	0.98	1	1	9	5	1	1	T
III	1894020	C	Y	11	5	31.25%	2	2	43	44	0.98	1	1	6	5	4	1	T
III	1901529	C	M	14	2	12.5%	2	1	41	25	0.98	1	1	6	8	2	0	A
III	1914021	G	R	15	2	11.76%	2	2	49	37	0.98	1	1	11	4	1	1	A
III	1942535	C	M	12	2	14.29%	2	1	38	31	0.98	1	1	8	4	0	2	A
III	1942548	C	M	9	2	18.18%	2	1	42	27	0.98	1	1	5	4	0	2	A
III	2010881	T	Y	19	2	9.52%	2	1	39	31	0.98	1	1	6	13	0	2	C
III	2013011	C	M	18	2	10%	2	2	39	37	0.98	1	1	7	11	1	1	A
III	2013879	A	W	24	2	7.69%	2	2	38	25	0.98	1	1	7	17	1	1	T
III	2028140	C	M	18	3	14.29%	2	1	39	27	0.98	1	1	15	3	0	3	A
III	2028156	C	M	17	2	10.53%	2	1	36	27	0.98	1	1	16	1	0	2	A
III	2028201	A	M	19	3	13.04%	2	1	38	31	0.98	1	1	13	6	0	3	C
III	2030028	G	S	38	2	5%	2	2	41	37	0.98	1	1	20	18	1	1	C
III	2051791	T	Y	17	2	10.53%	2	2	37	37	0.98	1	1	11	6	1	1	C
III	2076510	C	M	14	2	12.5%	2	1	37	25	0.98	1	1	4	10	2	0	A
III	2115603	C	Y	30	2	6.25%	2	1	44	31	0.98	1	1	17	13	2	0	T
III	2115609	T	K	32	2	5.88%	2	1	45	37	0.98	1	1	17	15	2	0	G
III	2133864	T	W	7	2	22.22%	2	1	47	37	0.98	1	1	4	3	0	2	A
III	2152860	C	M	19	2	9.52%	1	1	35	31	0.98	1	1	19	0	2	0	A
III	2181519	G	K	15	2	11.76%	2	1	43	37	0.98	1	1	6	9	0	2	T
III	2181526	C	Y	17	2	10.53%	2	1	43	37	0.98	1	1	8	9	0	2	T
III	2202552	A	M	13	2	13.33%	2	1	43	25	0.98	1	1	10	3	0	2	C
III	2208522	C	M	18	2	10%	2	2	45	37	0.98	1	1	10	8	1	1	A
III	2224911	T	W	15	2	11.76%	2	2	46	55	0.98	1	1	9	6	1	1	A
III	2308732	C	M	10	2	16.67%	2	1	37	37	0.98	1	1	3	7	2	0	A
III	2308734	C	M	10	2	16.67%	2	1	37	37	0.98	1	1	3	7	2	0	A
III	2332207	T	K	15	2	11.76%	2	1	42	31	0.98	1	1	4	11	2	0	G
III	2399689	T	K	12	2	14.29%	2	2	46	37	0.98	1	1	8	4	1	1	G
III	2422529	A	R	39	3	7.14%	2	2	47	61	0.98	1	1	8	31	1	2	G
III	2431090	A	R	8	2	20%	2	2	46	37	0.98	1	1	2	6	1	1	G
III	2431133	G	K	13	2	13.33%	2	2	41	55	0.98	1	1	5	8	1	1	T
III	2447413	T	K	507	35	6.46%	2	1	37	31	0.98	1	1	46	461	35	0	G
III	2448311	A	W	45	5	10%	2	1	36	37	0.98	1	1	32	13	0	5	T
III	2448544	T	W	804	79	8.95%	2	2	47	52	0.98	1	1	345	459	36	43	A
