Chrom	Position	Ref	Cons	Reads1	Reads2	VarFreq	Strands1	Strands2	Qual1	Qual2	Pvalue	MapQual1	MapQual2	Reads1Plus	Reads1Minus	Reads2Plus	Reads2Minus	VarAllele
chr_II_telomeric_gap	4787	G	A	0	17	100%	0	2	0	42	0.98	0	1	0	0	13	4	A
chr_II_telomeric_gap	16408	T	W	12	2	14.29%	2	2	46	25	0.98	1	1	10	2	1	1	A
I	224	G	R	54	7	11.48%	2	2	45	52	0.98	1	1	30	24	4	3	A
I	459	C	M	45	56	55.45%	2	2	45	48	0.98	1	1	18	27	26	30	A
I	475	C	Y	96	7	6.19%	2	2	47	40	0.98	1	1	44	52	6	1	+ACCAAT
I	783	T	Y	47	55	53.92%	2	2	40	40	0.98	1	1	25	22	25	30	C
I	798	G	R	56	38	40.43%	2	2	42	38	0.98	1	1	32	24	18	20	A
I	955	C	Y	49	57	53.77%	2	2	42	41	0.98	1	1	22	27	40	17	T
I	1055	T	Y	122	10	7.58%	2	2	47	37	0.98	1	1	52	70	4	6	C
I	1133	A	R	53	69	56.56%	2	2	50	42	0.98	1	1	21	32	16	53	G
I	1455	C	Y	33	28	45.9%	2	2	43	44	0.98	1	1	18	15	11	17	T
I	1514	C	S	46	27	36.99%	2	2	44	47	0.98	1	1	21	25	8	19	G
I	1750	G	R	27	12	30.77%	2	2	53	53	0.98	1	1	9	18	7	5	A
I	2224	C	Y	43	6	12.24%	2	2	41	37	0.98	1	1	19	24	5	1	T
I	2582	T	Y	35	21	37.5%	2	2	47	45	0.98	1	1	20	15	15	6	C
I	2636	A	R	54	5	8.47%	2	2	42	37	0.98	1	1	34	20	1	4	G
I	2651	C	Y	53	5	8.62%	2	1	45	37	0.98	1	1	37	16	0	5	T
I	3431	A	R	75	27	26.47%	2	2	43	45	0.98	1	1	36	39	11	16	G
I	4666	G	R	21	10	32.26%	2	2	45	40	0.98	1	1	10	11	4	6	A
I	4668	C	S	29	7	19.44%	2	2	49	37	0.98	1	1	18	11	1	6	G
I	4695	G	K	31	3	8.82%	2	1	39	27	0.98	1	1	10	21	3	0	T
I	5677	G	K	22	2	5.13%	1	1	38	31	0.98	1	1	22	0	0	2	-A
I	6583	G	R	25	7	21.88%	2	2	41	42	0.98	1	1	12	13	5	2	A
I	6727	G	R	19	3	13.64%	2	1	41	49	0.98	1	1	10	9	0	3	A
I	7192	C	M	34	4	8%	2	1	40	34	0.98	1	1	27	7	0	4	A
I	8666	G	R	33	17	34%	2	2	40	45	0.98	1	1	10	23	3	14	A
I	10913	G	R	8	16	66.67%	2	2	43	40	0.98	1	1	2	6	9	7	A
I	17297	A	M	37	2	5.13%	2	1	42	55	0.98	1	1	17	20	2	0	C
I	17706	G	R	35	3	7.89%	2	2	43	37	0.98	1	1	20	15	2	1	A
I	17845	A	R	38	2	5%	2	1	48	74	0.98	1	1	23	15	2	0	G
I	17941	C	Y	46	3	6.12%	2	2	47	49	0.98	1	1	22	24	1	2	T
I	17957	T	Y	51	4	7.27%	2	2	49	46	0.98	1	1	20	31	1	3	C
I	17965	A	R	53	4	7.02%	2	2	49	37	0.98	1	1	20	33	1	3	G
I	18099	A	R	57	22	27.85%	2	2	46	39	0.98	1	1	39	18	18	4	G
I	18104	A	R	70	5	6.67%	2	2	44	47	0.98	1	1	52	18	4	1	G
I	18140	T	Y	86	7	7.53%	2	2	46	40	0.98	1	1	63	23	5	2	C
I	18209	G	R	99	6	5.71%	2	1	52	53	0.98	1	1	54	45	6	0	A
I	18218	G	R	97	9	8.49%	2	2	54	35	0.98	1	1	58	39	5	4	A
I	18219	G	R	98	6	5.77%	2	1	51	55	0.98	1	1	50	48	6	0	A
I	18318	G	R	67	29	30.21%	2	2	44	46	0.98	1	1	28	39	24	5	A
I	18475	C	Y	48	44	47.83%	2	2	47	52	0.98	1	1	18	30	11	33	T
I	19177	A	R	38	2	5%	2	1	47	37	0.98	1	1	14	24	0	2	G
I	20045	A	R	19	3	13.64%	2	1	46	49	0.98	1	1	13	6	0	3	G
I	20047	A	R	18	3	14.29%	2	1	46	37	0.98	1	1	12	6	0	3	G
I	24595	T	K	62	5	7.46%	2	2	46	56	0.98	1	1	19	43	3	2	G
I	28393	G	R	52	3	5.45%	2	2	41	49	0.98	1	1	4	48	2	1	A
I	28424	C	S	24	5	17.24%	2	2	45	59	0.98	1	1	5	19	2	3	G
I	28446	A	W	21	6	22.22%	2	2	44	51	0.98	1	1	7	14	2	4	T
I	35724	C	Y	17	2	10.53%	2	1	46	37	0.98	1	1	9	8	2	0	T
I	35802	A	R	25	2	7.41%	2	1	52	37	0.98	1	1	15	10	2	0	G
I	46714	T	Y	36	2	5.26%	2	2	46	37	0.98	1	1	17	19	1	1	C
I	95363	A	M	21	2	8.7%	2	1	44	25	0.98	1	1	6	15	0	2	C
I	96157	G	R	15	2	11.76%	2	1	52	68	0.98	1	1	9	6	2	0	A
I	98629	A	M	44	3	6.38%	2	1	40	37	0.98	1	1	30	14	3	0	C
I	98632	C	Y	44	3	6.38%	2	1	40	37	0.98	1	1	30	14	3	0	T
I	98639	A	W	54	14	20.59%	2	2	40	42	0.98	1	1	37	17	13	1	T
I	98777	T	Y	98	18	15.52%	2	2	54	45	0.98	1	1	42	56	8	10	C
I	98786	G	R	105	11	9.48%	2	2	50	37	0.98	1	1	45	60	1	10	A
I	98794	T	Y	101	6	5.61%	2	1	52	43	0.98	1	1	47	54	0	6	C
I	98795	T	Y	103	6	5.5%	2	1	51	43	0.98	1	1	49	54	0	6	C
I	99057	T	Y	99	10	9.09%	2	2	47	44	0.98	1	1	57	42	8	2	C
I	99066	G	R	98	13	11.71%	2	2	49	49	0.98	1	1	46	52	10	3	A
I	99204	A	W	53	15	22.06%	2	2	50	39	0.98	1	1	18	35	2	13	T
I	99211	A	R	44	5	10.2%	2	2	46	37	0.98	1	1	16	28	1	4	G
I	99214	G	K	43	5	10.42%	2	2	47	37	0.98	1	1	16	27	1	4	T
I	101871	A	R	0	2	7.69%	0	1	0	33	0.98	0	1	0	0	0	2	G
I	133995	A	W	14	2	12.5%	2	2	44	37	0.98	1	1	10	4	1	1	T
I	147907	C	M	24	4	14.29%	2	2	43	34	0.98	1	1	10	14	2	2	A
I	165568	A	M	21	2	8.7%	2	1	44	74	0.98	1	1	7	14	2	0	C
I	165571	C	M	20	2	9.09%	2	1	44	74	0.98	1	1	6	14	2	0	A
I	168927	G	R	14	2	12.5%	2	2	44	37	0.98	1	1	10	4	1	1	A
I	169817	A	M	11	2	15.38%	2	1	35	37	0.98	1	1	10	1	0	2	C
I	220354	G	R	17	3	15%	2	1	47	37	0.98	1	1	5	12	0	3	A
I	235256	G	K	13	2	13.33%	2	1	44	37	0.98	1	1	6	7	0	2	T
I	291928	A	W	20	2	9.09%	2	2	45	37	0.98	1	1	9	11	1	1	T
I	292744	A	R	31	2	6.06%	2	1	46	37	0.98	1	1	16	15	2	0	G
I	325033	A	W	29	2	6.45%	2	2	47	37	0.98	1	1	18	11	1	1	T
I	335159	T	W	23	3	11.54%	2	1	42	70	0.98	1	1	14	9	3	0	A
I	359543	C	M	14	2	12.5%	2	1	45	25	0.98	1	1	8	6	0	2	A
I	395164	T	W	34	2	5.56%	2	1	52	22	0.98	1	1	20	14	2	0	A
I	397346	A	R	65	6	8.45%	2	1	47	37	0.98	1	1	21	44	0	6	G
I	397354	A	R	58	4	6.45%	2	1	47	37	0.98	1	1	23	35	0	4	G
I	402438	T	Y	53	3	5.36%	2	2	42	37	0.98	1	1	37	16	2	1	C
I	402769	T	Y	58	5	7.94%	2	2	48	44	0.98	1	1	23	35	1	4	C
I	409512	T	K	8	2	20%	2	2	37	37	0.98	1	1	6	2	1	1	G
I	411363	T	K	30	2	6.06%	2	1	42	31	0.98	1	1	21	9	2	0	G
I	411373	C	M	31	2	6.06%	2	1	42	25	0.98	1	1	15	16	2	0	A
I	420511	A	W	12	2	14.29%	2	1	35	37	0.98	1	1	5	7	2	0	T
I	454931	G	S	23	2	8%	2	2	44	37	0.98	1	1	15	8	1	1	C
I	473427	G	K	9	4	25%	2	1	33	37	0.98	1	1	7	2	0	4	T
I	482865	T	K	23	2	8%	2	2	47	37	0.98	1	1	10	13	1	1	G
I	488297	T	W	26	2	7.14%	2	2	43	37	0.98	1	1	10	16	1	1	A
I	490366	A	W	11	4	26.67%	2	2	43	37	0.98	1	1	7	4	2	2	T
I	495198	T	Y	12	2	14.29%	2	1	40	37	0.98	1	1	4	8	0	2	C
I	523603	G	A	0	23	100%	0	2	0	46	0.98	0	1	0	0	10	13	A
I	523883	G	A	0	29	100%	0	2	0	45	0.98	0	1	0	0	20	9	A
I	527156	C	A	0	22	100%	0	2	0	40	0.98	0	1	0	0	16	6	A
I	545280	G	S	20	4	16.67%	2	2	38	34	0.98	1	1	8	12	2	2	C
I	545286	C	Y	23	3	11.54%	2	2	38	37	0.98	1	1	9	14	1	2	T
I	557063	A	W	31	2	6.06%	2	1	43	31	0.98	1	1	17	14	0	2	T
I	559336	G	R	25	2	7.41%	2	2	51	37	0.98	1	1	7	18	1	1	A
I	610935	G	R	25	2	7.41%	2	1	43	37	0.98	1	1	16	9	0	2	A
I	639323	A	W	26	2	7.14%	2	2	46	55	0.98	1	1	5	21	1	1	T
I	649207	T	K	30	2	6.25%	2	2	46	37	0.98	1	1	9	21	1	1	G
I	701502	T	K	16	3	15.79%	2	1	44	29	0.98	1	1	2	14	3	0	G
I	703577	C	Y	23	2	8%	2	2	43	31	0.98	1	1	10	13	1	1	T
I	705252	C	Y	21	2	8.7%	2	1	50	37	0.98	1	1	12	9	2	0	T
I	759334	G	T	0	8	100%	0	2	0	37	0.98	0	1	0	0	2	6	T
I	765508	G	K	5	3	37.5%	2	1	39	30	0.98	1	1	2	3	3	0	T
I	818047	C	M	27	2	6.9%	2	2	45	37	0.98	1	1	20	7	1	1	A
I	862907	C	M	13	2	13.33%	2	1	38	27	0.98	1	1	10	3	0	2	A
I	862964	G	T	0	20	100%	0	2	0	48	0.98	0	1	0	0	9	11	T
I	872985	T	K	9	2	18.18%	2	1	39	37	0.98	1	1	5	4	0	2	G
I	883520	G	K	14	2	12.5%	2	1	41	23	0.98	1	1	6	8	2	0	T
I	934631	G	K	14	2	12.5%	2	2	48	23	0.98	1	1	7	7	1	1	T
I	934907	T	W	12	2	14.29%	2	1	37	27	0.98	1	1	10	2	0	2	A
I	934908	T	W	6	3	27.27%	1	1	40	34	0.98	1	1	6	0	0	3	A
I	949545	T	K	9	7	43.75%	2	1	36	31	0.98	1	1	1	8	7	0	G
I	949570	G	K	13	3	18.75%	2	1	38	25	0.98	1	1	6	7	3	0	T
I	949587	G	K	11	2	15.38%	2	1	38	25	0.98	1	1	5	6	2	0	T
I	1024740	T	K	25	2	7.41%	2	2	49	49	0.98	1	1	12	13	1	1	G
I	1027691	C	M	17	2	10.53%	2	1	39	25	0.98	1	1	3	14	2	0	A
I	1029579	G	K	19	2	9.52%	2	2	56	37	0.98	1	1	10	9	1	1	T
I	1038404	C	M	37	3	7.5%	2	1	44	37	0.98	1	1	14	23	0	3	A
I	1038491	G	K	27	2	6.9%	2	1	37	37	0.98	1	1	8	19	2	0	T
I	1064397	A	M	15	2	11.76%	2	1	51	55	0.98	1	1	4	11	2	0	C
I	1079592	A	M	9	2	18.18%	2	2	45	37	0.98	1	1	6	3	1	1	C
I	1091266	G	K	9	2	18.18%	2	1	41	20	0.98	1	1	7	2	0	2	T
I	1091314	C	M	8	2	20%	2	2	44	49	0.98	1	1	7	1	1	1	A
I	1107561	G	K	35	2	5.41%	2	2	43	31	0.98	1	1	13	22	1	1	T
I	1117242	A	M	9	2	18.18%	2	1	38	25	0.98	1	1	7	2	0	2	C
I	1124571	A	R	33	2	5.71%	2	2	49	37	0.98	1	1	17	16	1	1	G
I	1149158	A	M	28	2	6.67%	2	2	46	31	0.98	1	1	18	10	1	1	C
I	1152099	A	W	18	2	10%	2	2	37	37	0.98	1	1	12	6	1	1	T
I	1205078	T	Y	22	2	8.33%	2	1	46	37	0.98	1	1	10	12	2	0	C
I	1216942	T	Y	24	2	7.69%	2	1	39	37	0.98	1	1	8	16	2	0	C
I	1233848	C	M	31	2	6.06%	2	1	40	25	0.98	1	1	19	12	0	2	A
I	1286054	T	K	24	2	7.69%	2	1	46	31	0.98	1	1	13	11	2	0	G
I	1292038	T	Y	26	2	7.14%	2	2	42	37	0.98	1	1	12	14	1	1	C
I	1326869	A	W	9	2	18.18%	2	2	45	37	0.98	1	1	3	6	1	1	T
I	1339048	C	Y	15	2	11.76%	2	1	43	37	0.98	1	1	6	9	0	2	T
I	1365241	G	K	24	2	7.69%	2	2	43	37	0.98	1	1	10	14	1	1	T
I	1380087	C	M	15	2	11.76%	2	1	39	27	0.98	1	1	10	5	0	2	A
I	1380126	A	M	15	7	31.82%	2	1	37	33	0.98	1	1	13	2	0	7	C
I	1387874	A	M	26	3	10.34%	2	2	51	49	0.98	1	1	13	13	2	1	C
I	1393835	G	K	12	2	14.29%	2	1	41	24	0.98	1	1	2	10	2	0	T
I	1428177	G	S	11	2	15.38%	2	1	38	37	0.98	1	1	4	7	0	2	C
I	1430656	C	S	21	5	19.23%	2	1	45	44	0.98	1	1	12	9	0	5	G
I	1436891	A	R	19	2	9.52%	2	2	48	37	0.98	1	1	10	9	1	1	G
I	1463775	G	R	28	2	6.67%	2	2	49	37	0.98	1	1	13	15	1	1	A
I	1535115	G	K	13	2	13.33%	2	1	39	25	0.98	1	1	3	10	2	0	T
I	1541521	T	K	22	2	8.33%	2	1	43	25	0.98	1	1	3	19	2	0	G
I	1545074	T	K	11	4	26.67%	2	1	38	32	0.98	1	1	3	8	4	0	G
I	1545093	C	M	7	2	22.22%	2	1	45	29	0.98	1	1	1	6	2	0	A
I	1545171	C	Y	16	3	15.79%	2	1	45	33	0.98	1	1	6	10	3	0	T
I	1563968	A	R	92	6	6.12%	2	2	43	67	0.98	1	1	60	32	3	3	G
I	1564004	C	Y	102	6	5.56%	2	2	50	67	0.98	1	1	57	45	2	4	T
I	1564005	A	R	103	6	5.5%	2	2	50	65	0.98	1	1	57	46	2	4	G
I	1564042	T	K	105	6	5.41%	2	1	52	55	0.98	1	1	53	52	0	6	G
I	1564062	C	Y	101	6	5.61%	2	1	52	37	0.98	1	1	47	54	0	6	T
I	1596931	T	W	27	2	6.9%	2	2	47	37	0.98	1	1	14	13	1	1	A
I	1607960	A	W	35	2	5.41%	2	1	47	37	0.98	1	1	20	15	0	2	T
I	1627570	T	W	15	2	11.76%	2	2	50	37	0.98	1	1	11	4	1	1	A
I	1635000	A	R	19	3	13.64%	2	2	48	37	0.98	1	1	8	11	1	2	G
I	1637936	T	K	14	2	12.5%	2	1	46	37	0.98	1	1	9	5	2	0	G
I	1659687	A	G	0	19	100%	0	2	0	40	0.98	0	1	0	0	6	13	G
I	1696272	C	Y	15	2	11.76%	2	2	51	31	0.98	1	1	9	6	1	1	T
I	1721745	A	R	21	2	8.7%	2	1	49	37	0.98	1	1	9	12	0	2	G
I	1743146	T	K	30	2	6.25%	2	1	43	37	0.98	1	1	18	12	0	2	G
I	1754631	T	G	0	18	100%	0	2	0	45	0.98	0	1	0	0	8	10	G
I	1762303	C	M	25	4	13.79%	2	2	45	37	0.98	1	1	16	9	2	2	A
I	1768396	C	Y	27	2	6.9%	2	2	43	37	0.98	1	1	17	10	1	1	T
I	1783458	C	T	0	44	100%	0	2	0	45	0.98	0	1	0	0	22	22	T
I	1812922	C	M	19	2	9.52%	2	1	42	25	0.98	1	1	13	6	0	2	A
I	1824583	G	R	19	2	9.52%	2	2	38	31	0.98	1	1	16	3	1	1	A
I	1829350	A	W	17	2	10.53%	2	1	37	31	0.98	1	1	12	5	0	2	T
I	1834141	C	M	12	2	14.29%	2	1	40	25	0.98	1	1	11	1	0	2	A
I	1834148	T	W	12	2	14.29%	2	1	34	25	0.98	1	1	9	3	0	2	A
I	1834158	A	W	11	4	26.67%	2	1	38	28	0.98	1	1	9	2	0	4	T
I	1834160	G	K	9	6	40%	2	1	43	33	0.98	1	1	8	1	0	6	T
I	1834174	A	M	13	2	13.33%	2	1	41	31	0.98	1	1	10	3	0	2	C
I	1834432	G	K	13	2	13.33%	2	1	43	31	0.98	1	1	11	2	0	2	T
I	1834473	C	M	14	2	12.5%	2	1	37	25	0.98	1	1	13	1	0	2	A
I	1857489	A	W	49	4	7.55%	2	2	51	29	0.98	1	1	22	27	2	2	T
I	1894733	A	R	12	2	14.29%	2	2	46	37	0.98	1	1	8	4	1	1	G
I	1924649	A	W	20	2	9.09%	2	2	44	37	0.98	1	1	11	9	1	1	T
I	1935736	A	R	19	2	9.52%	2	2	48	55	0.98	1	1	8	11	1	1	G
I	1943784	A	M	14	4	21.05%	1	1	36	29	0.98	1	1	14	0	0	4	C
I	1999192	G	C	0	18	100%	0	2	0	47	0.98	0	1	0	0	11	7	C
I	2004615	G	K	13	2	13.33%	2	1	38	37	0.98	1	1	7	6	0	2	T
I	2004620	G	R	13	2	13.33%	2	1	38	37	0.98	1	1	8	5	0	2	A
I	2025033	C	M	12	2	14.29%	1	1	37	27	0.98	1	1	0	12	2	0	A
I	2048260	C	Y	12	3	20%	2	2	46	74	0.98	1	1	7	5	1	2	T
I	2053488	T	K	5	2	28.57%	2	1	37	37	0.98	1	1	1	4	2	0	G
I	2053958	C	Y	11	2	15.38%	2	1	42	74	0.98	1	1	5	6	0	2	T
I	2077645	G	R	33	2	5.71%	2	2	48	74	0.98	1	1	15	18	1	1	A
I	2093273	A	M	13	4	23.53%	2	1	37	26	0.98	1	1	11	2	0	4	C
I	2095283	T	K	22	2	8.33%	2	1	43	25	0.98	1	1	12	10	2	0	G
I	2104091	G	T	0	11	100%	0	2	0	50	0.98	0	1	0	0	5	6	T
I	2104097	C	A	0	13	100%	0	2	0	48	0.98	0	1	0	0	7	6	A
I	2108559	A	R	28	2	6.67%	2	1	48	37	0.98	1	1	11	17	0	2	G
I	2174452	G	K	25	2	7.41%	2	1	43	27	0.98	1	1	16	9	0	2	T
I	2181719	C	Y	12	2	14.29%	2	1	46	37	0.98	1	1	4	8	2	0	T
I	2188932	A	M	24	2	7.69%	2	2	56	37	0.98	1	1	9	15	1	1	C
I	2204495	C	M	13	2	13.33%	2	2	43	37	0.98	1	1	5	8	1	1	A
I	2235271	A	M	11	2	15.38%	2	1	58	31	0.98	1	1	7	4	0	2	C
I	2270712	A	M	21	2	8.7%	2	1	42	37	0.98	1	1	4	17	0	2	C
I	2323320	T	K	18	2	10%	2	1	44	31	0.98	1	1	4	14	2	0	G
I	2323408	G	K	22	2	8.33%	2	2	44	37	0.98	1	1	3	19	1	1	T
I	2327021	C	M	7	2	20%	2	1	38	31	0.98	1	1	5	2	0	2	A
I	2331027	C	S	33	2	5.71%	2	1	44	37	0.98	1	1	13	20	2	0	G
I	2381632	T	Y	38	2	5%	2	2	47	37	0.98	1	1	24	14	1	1	C
I	2401281	G	K	23	2	8%	2	2	47	27	0.98	1	1	18	5	1	1	T
I	2414559	C	M	13	2	13.33%	2	1	42	25	0.98	1	1	6	7	0	2	A
I	2416715	G	R	18	2	10%	2	2	45	37	0.98	1	1	9	9	1	1	A
I	2421577	C	M	1	2	66.67%	1	2	37	31	0.98	1	1	1	0	1	1	A
I	2431051	G	R	22	2	8.33%	2	2	39	37	0.98	1	1	9	13	1	1	A
I	2506044	T	A	0	28	100%	0	2	0	47	0.98	0	1	0	0	13	15	A
I	2556757	A	M	5	2	28.57%	1	1	33	27	0.98	1	1	5	0	0	2	C
I	2564887	G	K	17	3	15%	2	1	40	29	0.98	1	1	13	4	0	3	T
I	2578473	C	Y	1	3	6.38%	1	1	25	45	0.98	1	1	1	0	3	0	+T
I	2605764	T	A	0	27	100%	0	2	0	52	0.98	0	1	0	0	13	14	A
I	2684959	T	W	21	2	8.7%	2	1	39	37	0.98	1	1	5	16	2	0	A
I	2684964	C	Y	20	2	9.09%	2	1	40	37	0.98	1	1	5	15	2	0	T
I	2696495	A	M	8	5	38.46%	2	1	43	25	0.98	1	1	7	1	0	5	C
I	2697473	G	K	34	2	5.56%	2	2	43	74	0.98	1	1	15	19	1	1	T
I	2706471	C	M	17	2	10.53%	2	1	39	27	0.98	1	1	12	5	0	2	A
I	2706498	A	W	19	2	9.52%	2	1	48	22	0.98	1	1	12	7	0	2	T
I	2747078	A	G	0	12	100%	0	2	0	37	0.98	0	1	0	0	4	8	G
I	2790506	T	Y	9	2	18.18%	2	1	56	31	0.98	1	1	7	2	2	0	C
I	2834552	C	T	0	24	100%	0	2	0	41	0.98	0	1	0	0	10	14	T
I	2888401	A	R	17	2	10.53%	2	2	56	37	0.98	1	1	9	8	1	1	G
I	2897636	A	R	39	3	7.14%	2	1	40	37	0.98	1	1	17	22	3	0	G
I	2942961	C	Y	5	13	72.22%	2	2	42	37	0.98	1	1	1	4	5	8	T
I	2942976	C	Y	4	6	60%	2	2	46	35	0.98	1	1	2	2	1	5	T
I	2942994	C	Y	5	3	37.5%	2	2	37	49	0.98	1	1	3	2	1	2	T
I	2943051	T	Y	18	2	10%	2	1	36	37	0.98	1	1	13	5	0	2	C
I	2943168	C	A	14	44	75.86%	2	2	50	40	0.98	1	1	4	10	17	27	A
I	2943393	C	Y	43	23	34.85%	2	2	47	42	0.98	1	1	20	23	17	6	T
I	2943600	C	M	67	10	12.99%	2	2	43	39	0.98	1	1	34	33	3	7	A
I	2944074	T	Y	69	4	5.48%	2	1	48	37	0.98	1	1	36	33	4	0	C
I	2944257	C	Y	95	6	5.94%	2	2	49	31	0.98	1	1	42	53	5	1	T
I	2944464	C	M	91	6	6.12%	2	2	47	37	0.98	1	1	44	47	1	5	A
I	2944575	C	Y	82	5	5.75%	2	2	46	36	0.98	1	1	33	49	3	2	T
I	2944602	A	R	81	6	6.9%	2	1	45	37	0.98	1	1	36	45	0	6	G
I	2944929	T	Y	40	3	6.98%	2	1	45	49	0.98	1	1	23	17	0	3	C
I	2945450	C	M	38	2	5%	2	1	44	27	0.98	1	1	18	20	2	0	A
I	2958928	G	K	18	2	10%	2	1	40	27	0.98	1	1	14	4	0	2	T
I	2973291	C	M	16	2	11.11%	2	1	39	31	0.98	1	1	12	4	0	2	A
I	2995015	A	W	21	2	8.7%	2	1	45	31	0.98	1	1	11	10	0	2	T
I	3004549	T	W	19	2	9.52%	2	1	42	37	0.98	1	1	10	9	2	0	A
I	3027198	T	W	29	2	6.45%	2	1	42	42	0.98	1	1	13	16	2	0	A
I	3036899	T	W	21	3	12.5%	2	2	42	65	0.98	1	1	15	6	1	2	A
I	3061181	T	K	38	2	5%	2	1	42	22	0.98	1	1	10	28	2	0	G
I	3093784	A	W	21	2	8.7%	2	2	44	37	0.98	1	1	7	14	1	1	T
I	3098640	T	K	38	2	5%	2	1	47	62	0.98	1	1	20	18	2	0	G
I	3100300	C	M	10	2	16.67%	2	1	38	27	0.98	1	1	6	4	0	2	A
I	3111508	A	G	0	21	100%	0	2	0	41	0.98	0	1	0	0	13	8	G
I	3115841	C	A	0	38	100%	0	2	0	44	0.98	0	1	0	0	23	15	A
I	3119299	G	A	0	14	100%	0	2	0	39	0.98	0	1	0	0	6	8	A
I	3162047	T	K	8	2	20%	2	1	35	31	0.98	1	1	1	7	2	0	G
I	3166776	G	K	6	4	17.39%	1	2	35	34	0.98	1	1	6	0	1	3	T
I	3179238	G	C	0	28	100%	0	2	0	46	0.98	0	1	0	0	17	11	C
I	3191429	G	K	13	3	18.75%	2	1	40	33	0.98	1	1	2	11	3	0	T
I	3238514	A	W	34	2	5.56%	2	2	52	37	0.98	1	1	16	18	1	1	T
I	3289441	T	Y	15	2	11.76%	2	1	52	33	0.98	1	1	11	4	2	0	C
I	3330779	G	R	10	2	16.67%	2	2	51	37	0.98	1	1	3	7	1	1	A
I	3331980	T	K	25	2	7.41%	2	1	44	37	0.98	1	1	14	11	0	2	G
I	3331987	G	R	25	2	7.41%	2	1	44	37	0.98	1	1	13	12	0	2	A
I	3335328	A	W	30	3	9.09%	2	1	43	27	0.98	1	1	16	14	0	3	T
I	3335350	A	M	34	4	10.53%	2	1	44	24	0.98	1	1	22	12	0	4	C
I	3369153	C	S	24	2	7.69%	2	1	48	37	0.98	1	1	17	7	0	2	G
I	3399781	G	K	21	2	8.7%	2	1	43	27	0.98	1	1	5	16	2	0	T
I	3411463	G	R	18	2	10%	2	2	47	37	0.98	1	1	8	10	1	1	A
I	3438251	A	M	52	3	5.45%	2	2	44	49	0.98	1	1	34	18	1	2	C
I	3439838	T	W	9	2	18.18%	2	1	43	37	0.98	1	1	1	8	0	2	A
I	3471132	C	M	16	2	11.11%	2	2	41	55	0.98	1	1	7	9	1	1	A
I	3472350	A	W	22	2	8.33%	2	1	46	22	0.98	1	1	15	7	0	2	T
I	3473986	C	Y	34	2	5.56%	2	2	44	37	0.98	1	1	18	16	1	1	T
I	3480006	T	Y	28	2	6.67%	2	2	48	37	0.98	1	1	15	13	1	1	C
I	3496409	C	M	13	2	13.33%	1	1	38	27	0.98	1	1	0	13	2	0	A
I	3519693	A	M	8	3	27.27%	2	1	35	29	0.98	1	1	7	1	0	3	C
I	3529207	C	M	21	2	8.7%	2	2	43	25	0.98	1	1	14	7	1	1	A
I	3538450	A	T	0	10	90.91%	0	2	0	50	0.98	0	1	0	0	6	4	T
I	3548913	T	A	0	8	100%	0	2	0	43	0.98	0	1	0	0	5	3	A
I	3557789	T	W	10	2	16.67%	2	1	34	25	0.98	1	1	4	6	2	0	A
I	3566242	A	W	14	2	12.5%	2	1	52	37	0.98	1	1	8	6	2	0	T
I	3576756	T	Y	0	5	62.5%	0	2	0	59	0.98	0	1	0	0	3	2	C
I	3577787	T	W	11	5	16.13%	2	2	55	44	0.98	1	1	2	9	3	2	A
I	3583106	G	A	0	33	100%	0	2	0	47	0.98	0	1	0	0	11	22	A
I	3600925	T	K	27	2	6.9%	2	1	42	31	0.98	1	1	18	9	2	0	G
I	3610345	C	M	14	2	12.5%	2	1	43	31	0.98	1	1	6	8	0	2	A
I	3618085	G	R	19	2	9.52%	2	2	48	37	0.98	1	1	12	7	1	1	A
I	3625197	G	K	13	2	13.33%	2	1	38	31	0.98	1	1	7	6	2	0	T
I	3645103	C	Y	18	2	10%	2	1	43	37	0.98	1	1	10	8	0	2	T
I	3645865	C	M	6	3	33.33%	1	1	31	25	0.98	1	1	6	0	0	3	A
I	3646322	C	T	0	14	100%	0	2	0	41	0.98	0	1	0	0	7	7	T
I	3648588	A	W	17	2	10.53%	2	1	44	37	0.98	1	1	11	6	0	2	T
I	3651567	T	W	28	2	6.67%	2	1	57	25	0.98	1	1	18	10	2	0	A
I	3673346	T	W	24	2	7.69%	2	2	44	74	0.98	1	1	13	11	1	1	A
I	3676166	A	M	27	2	6.9%	2	1	39	25	0.98	1	1	8	19	0	2	C
I	3682135	A	W	21	2	8.7%	2	1	49	31	0.98	1	1	11	10	0	2	T
I	3700385	T	W	2	2	11.11%	1	2	36	37	0.98	1	1	2	0	1	1	A
I	3700465	C	M	22	2	8.33%	2	1	36	27	0.98	1	1	7	15	2	0	A
I	3711357	C	Y	37	2	5.13%	2	2	45	37	0.98	1	1	16	21	1	1	T
I	3735939	C	M	27	3	10%	2	1	44	37	0.98	1	1	13	14	0	3	A
I	3735941	C	Y	25	3	10.71%	2	1	45	37	0.98	1	1	12	13	0	3	T
I	3754655	A	M	32	2	5.88%	2	1	43	25	0.98	1	1	16	16	0	2	C
I	3761002	A	G	0	10	100%	0	1	0	35	0.98	0	1	0	0	10	0	G
I	3790897	A	W	14	2	12.5%	2	2	42	37	0.98	1	1	6	8	1	1	T
I	3834251	C	M	7	2	22.22%	2	1	37	33	0.98	1	1	6	1	0	2	A
I	3846421	A	M	34	2	5.56%	2	2	40	55	0.98	1	1	16	18	1	1	C
I	3846514	T	K	33	2	5.71%	2	1	40	55	0.98	1	1	14	19	2	0	G
I	3846781	G	S	16	2	11.11%	2	1	40	25	0.98	1	1	4	12	2	0	C
I	3846837	T	K	23	2	8%	2	1	39	37	0.98	1	1	5	18	2	0	G
I	3848400	A	W	20	2	9.09%	2	2	49	37	0.98	1	1	10	10	1	1	T
I	3855792	T	W	22	2	8.33%	2	1	38	37	0.98	1	1	7	15	2	0	A
I	3879202	A	M	22	2	8.33%	2	2	47	49	0.98	1	1	12	10	1	1	C
I	3879455	C	M	8	2	20%	2	2	38	27	0.98	1	1	3	5	1	1	A
I	3889239	A	R	27	2	6.9%	2	1	47	68	0.98	1	1	10	17	0	2	G
I	3910557	G	K	23	2	8%	2	1	43	25	0.98	1	1	18	5	0	2	T
I	3920442	G	K	19	2	9.52%	2	2	40	37	0.98	1	1	4	15	1	1	T
I	3926199	G	R	29	2	6.45%	2	2	48	31	0.98	1	1	10	19	1	1	A
I	3935394	G	K	20	2	9.09%	2	1	46	25	0.98	1	1	8	12	2	0	T
I	3942126	A	R	17	2	10.53%	2	2	43	37	0.98	1	1	10	7	1	1	G
I	3984278	C	Y	99	15	13.04%	2	2	45	37	0.98	1	1	44	55	10	5	T
I	3987791	T	K	23	2	8%	2	1	41	31	0.98	1	1	8	15	2	0	G
I	3992214	C	A	1	14	93.33%	1	2	25	39	0.98	1	1	1	0	3	11	A
I	3996055	G	S	85	6	6.52%	2	2	46	45	0.98	1	1	45	40	3	3	C
I	3996061	G	R	89	6	6.32%	2	2	45	43	0.98	1	1	47	42	3	3	A
I	4012923	T	W	28	5	15.15%	2	2	42	37	0.98	1	1	14	14	3	2	A
I	4015488	G	K	27	4	12.9%	2	2	55	37	0.98	1	1	15	12	2	2	T
I	4063796	T	Y	70	4	5.41%	2	1	51	34	0.98	1	1	26	44	4	0	C
I	4063876	T	Y	53	3	5.36%	2	2	43	34	0.98	1	1	14	39	1	2	C
I	4079713	A	R	107	7	6.14%	2	2	45	39	0.98	1	1	58	49	3	4	G
I	4081440	T	Y	30	6	16.67%	2	1	49	37	0.98	1	1	8	22	0	6	C
I	4101607	A	W	16	2	11.11%	2	2	45	37	0.98	1	1	7	9	1	1	T
I	4107311	A	W	30	2	6.25%	2	1	46	33	0.98	1	1	13	17	0	2	T
I	4135196	T	Y	25	4	13.79%	2	2	50	37	0.98	1	1	12	13	1	3	C
I	4148810	A	M	4	3	42.86%	1	1	46	31	0.98	1	1	4	0	0	3	C
I	4156709	T	K	17	2	10.53%	2	2	41	37	0.98	1	1	5	12	1	1	G
I	4159659	G	K	5	2	28.57%	2	1	33	27	0.98	1	1	4	1	0	2	T
I	4192110	A	M	18	2	10%	2	1	39	37	0.98	1	1	6	12	0	2	C
I	4193962	A	W	21	5	19.23%	2	2	43	32	0.98	1	1	14	7	3	2	T
I	4202533	T	K	21	2	8.7%	2	1	36	27	0.98	1	1	1	20	2	0	G
I	4214138	T	K	18	2	10%	2	1	43	31	0.98	1	1	5	13	2	0	G
I	4221399	T	Y	28	2	6.67%	2	2	48	55	0.98	1	1	14	14	1	1	C
I	4221559	T	W	33	2	5.71%	2	1	42	25	0.98	1	1	12	21	2	0	A
I	4223083	C	M	17	2	10.53%	2	1	51	31	0.98	1	1	6	11	0	2	A
I	4234717	C	M	22	2	8.33%	2	1	40	25	0.98	1	1	10	12	2	0	A
I	4234734	T	W	23	2	8%	2	1	41	25	0.98	1	1	11	12	2	0	A
I	4249514	T	K	19	2	9.52%	2	2	40	25	0.98	1	1	10	9	1	1	G
I	4275755	T	K	18	2	9.52%	2	1	46	55	0.98	1	1	14	4	2	0	G
I	4292355	A	R	13	2	13.33%	2	1	42	37	0.98	1	1	9	4	0	2	G
I	4294065	T	W	31	2	6.06%	2	1	43	31	0.98	1	1	23	8	2	0	A
I	4316443	C	Y	27	2	6.9%	2	1	45	37	0.98	1	1	13	14	2	0	T
I	4316695	G	R	23	2	8%	2	1	48	37	0.98	1	1	10	13	0	2	A
I	4338681	A	W	28	2	6.67%	2	2	42	37	0.98	1	1	18	10	1	1	T
I	4353726	G	K	13	4	23.53%	2	2	42	58	0.98	1	1	6	7	2	2	T
I	4367785	A	W	19	3	13.64%	2	1	44	29	0.98	1	1	7	12	0	3	T
I	4375421	A	T	0	17	100%	0	2	0	47	0.98	0	1	0	0	11	6	T
I	4395135	C	M	26	2	7.14%	2	1	47	27	0.98	1	1	18	8	0	2	A
I	4395197	A	M	13	2	13.33%	2	1	31	27	0.98	1	1	6	7	0	2	C
I	4427777	C	M	7	2	22.22%	2	1	35	27	0.98	1	1	6	1	0	2	A
I	4442714	G	A	0	38	100%	0	2	0	45	0.98	0	1	0	0	14	24	A
I	4457210	G	K	9	3	25%	2	1	46	30	0.98	1	1	6	3	3	0	T
I	4472185	C	M	19	2	9.52%	2	1	42	31	0.98	1	1	7	12	2	0	A
I	4533293	T	W	10	2	16.67%	2	1	39	27	0.98	1	1	1	9	2	0	A
I	4549043	C	G	0	17	100%	0	2	0	46	0.98	0	1	0	0	10	7	G
I	4551345	T	Y	19	2	9.52%	2	1	37	37	0.98	1	1	5	14	0	2	C
I	4582665	T	W	13	2	13.33%	2	1	44	33	0.98	1	1	1	12	2	0	A
I	4638563	T	W	22	5	18.52%	2	2	44	37	0.98	1	1	6	16	3	2	A
I	4660666	T	W	16	2	11.11%	2	1	42	74	0.98	1	1	7	9	2	0	A
I	4673845	A	W	7	2	22.22%	2	1	45	25	0.98	1	1	3	4	0	2	T
I	4688174	T	K	20	2	9.09%	2	2	50	37	0.98	1	1	10	10	1	1	G
I	4699301	C	S	19	2	9.52%	2	1	46	37	0.98	1	1	10	9	2	0	G
I	4704734	A	W	17	2	10.53%	2	2	43	37	0.98	1	1	6	11	1	1	T
I	4716343	T	W	49	3	5.77%	2	1	45	49	0.98	1	1	15	34	0	3	A
I	4716349	G	R	49	3	5.77%	2	1	45	37	0.98	1	1	17	32	0	3	A
I	4716429	T	Y	31	8	20.51%	2	2	41	46	0.98	1	1	11	20	1	7	C
I	4716436	T	Y	29	3	9.38%	2	2	40	37	0.98	1	1	11	18	1	2	C
I	4716438	T	W	30	3	9.09%	2	2	41	37	0.98	1	1	11	19	1	2	A
I	4716658	C	M	7	2	22.22%	1	1	39	33	0.98	1	1	7	0	0	2	A
I	4730579	C	M	13	2	13.33%	2	2	48	37	0.98	1	1	8	5	1	1	A
I	4731789	T	W	31	2	6.06%	2	2	40	37	0.98	1	1	18	13	1	1	A
I	4764253	G	R	5	2	7.14%	2	1	36	37	0.98	1	1	3	2	0	2	A
I	4824997	T	Y	17	2	10.53%	2	2	50	74	0.98	1	1	10	7	1	1	C
I	4831043	T	Y	30	4	11.76%	2	1	46	34	0.98	1	1	23	7	4	0	C
I	4840062	C	M	13	2	13.33%	2	1	47	25	0.98	1	1	9	4	0	2	A
I	4854686	C	S	18	6	25%	2	2	54	37	0.98	1	1	14	4	2	4	G
I	4866233	G	K	16	2	11.11%	2	1	41	31	0.98	1	1	9	7	2	0	T
I	4881977	G	R	16	2	11.11%	2	2	41	37	0.98	1	1	5	11	1	1	A
I	4881982	T	W	19	2	9.52%	2	2	42	37	0.98	1	1	7	12	1	1	A
I	4893925	G	K	14	2	12.5%	2	1	37	33	0.98	1	1	13	1	0	2	T
I	4893936	C	M	14	2	12.5%	2	1	36	29	0.98	1	1	13	1	0	2	A
I	4899437	G	K	18	2	10%	2	2	48	37	0.98	1	1	15	3	1	1	T
I	4916695	G	K	27	2	6.9%	2	1	43	31	0.98	1	1	6	21	2	0	T
I	4919603	A	G	0	29	100%	0	2	0	40	0.98	0	1	0	0	4	25	G
I	4926585	G	K	27	2	6.9%	2	2	45	37	0.98	1	1	14	13	1	1	T
I	4960313	A	M	29	2	6.45%	2	2	44	37	0.98	1	1	3	26	1	1	C
I	4965426	T	K	14	2	12.5%	2	1	49	25	0.98	1	1	5	9	2	0	G
I	5004848	T	K	31	2	6.06%	2	2	42	37	0.98	1	1	14	17	1	1	G
I	5034939	G	S	34	3	8.11%	2	2	46	45	0.98	1	1	13	21	1	2	C
I	5036862	A	M	15	2	11.11%	2	1	34	31	0.98	1	1	11	4	0	2	C
I	5042938	G	K	25	2	7.41%	2	1	38	31	0.98	1	1	13	12	0	2	T
I	5046056	G	K	15	2	11.76%	2	2	47	74	0.98	1	1	4	11	1	1	T
I	5046142	A	M	20	4	16.67%	2	2	50	37	0.98	1	1	11	9	2	2	C
I	5068284	G	S	20	2	9.09%	2	1	39	25	0.98	1	1	3	17	2	0	C
I	5081831	C	Y	30	2	6.25%	2	2	45	37	0.98	1	1	16	14	1	1	T
I	5099974	C	Y	26	2	7.14%	2	1	49	37	0.98	1	1	19	7	2	0	T
I	5106228	A	W	9	2	18.18%	2	2	37	37	0.98	1	1	2	7	1	1	T
I	5106229	A	W	9	2	18.18%	2	2	35	37	0.98	1	1	2	7	1	1	T
I	5107205	A	M	19	4	17.39%	2	2	40	37	0.98	1	1	8	11	2	2	C
I	5159185	T	Y	33	2	5.71%	2	1	52	37	0.98	1	1	16	17	2	0	C
I	5175160	T	W	14	2	12.5%	2	1	38	31	0.98	1	1	2	12	2	0	A
I	5200242	C	S	83	6	6.74%	2	2	49	47	0.98	1	1	42	41	4	2	G
I	5201050	A	W	29	2	6.45%	2	2	43	31	0.98	1	1	19	10	1	1	T
I	5263185	A	R	21	2	8.7%	2	2	44	37	0.98	1	1	9	12	1	1	G
I	5263193	T	Y	20	2	9.09%	2	1	50	37	0.98	1	1	10	10	0	2	C
I	5263251	A	R	16	3	15.79%	2	1	47	49	0.98	1	1	8	8	0	3	G
I	5304091	G	R	20	2	9.09%	2	2	46	74	0.98	1	1	10	10	1	1	A
I	5368265	C	M	38	4	9.52%	2	1	43	33	0.98	1	1	14	24	4	0	A
I	5380007	C	S	18	2	10%	2	2	45	37	0.98	1	1	10	8	1	1	G
I	5400080	C	T	0	13	100%	0	2	0	42	0.98	0	1	0	0	5	8	T
I	5415402	C	M	25	2	7.41%	2	1	42	37	0.98	1	1	13	12	2	0	A
I	5416956	G	K	18	2	10%	2	1	49	25	0.98	1	1	6	12	2	0	T
I	5420719	T	Y	16	2	11.11%	2	1	45	37	0.98	1	1	7	9	2	0	C
I	5425997	T	K	20	2	9.09%	2	1	48	25	0.98	1	1	9	11	2	0	G
I	5435995	A	R	24	2	7.69%	2	2	39	25	0.98	1	1	8	16	1	1	G
I	5474852	A	R	19	3	13.64%	2	1	50	33	0.98	1	1	7	12	0	3	G
I	5517179	A	M	15	2	11.76%	2	1	45	37	0.98	1	1	7	8	0	2	C
I	5528609	A	M	32	4	11.11%	2	2	46	34	0.98	1	1	12	20	2	2	C
I	5550767	T	W	19	2	9.52%	2	2	49	37	0.98	1	1	4	15	1	1	A
I	5562193	A	R	19	7	26.92%	2	2	50	42	0.98	1	1	11	8	6	1	G
I	5572613	T	Y	31	2	6.06%	2	1	37	37	0.98	1	1	23	8	2	0	C
I	5572617	C	Y	27	2	6.9%	2	1	38	37	0.98	1	1	22	5	2	0	T
I	5572683	A	M	27	2	6.9%	2	1	38	25	0.98	1	1	22	5	0	2	C
I	5573076	T	Y	75	6	7.41%	2	2	44	43	0.98	1	1	36	39	5	1	C
I	5573112	A	M	63	4	5.97%	2	2	44	46	0.98	1	1	36	27	2	2	C
I	5573156	G	R	71	6	7.79%	2	1	45	49	0.98	1	1	41	30	6	0	A
I	5573198	T	Y	84	7	7.69%	2	2	45	52	0.98	1	1	30	54	6	1	C
I	5573210	G	R	82	6	6.82%	2	2	47	59	0.98	1	1	25	57	5	1	A
I	5573310	T	Y	66	5	7.04%	2	2	43	59	0.98	1	1	22	44	2	3	C
I	5573676	T	Y	35	2	5.41%	2	1	41	49	0.98	1	1	23	12	2	0	C
I	5573686	C	Y	30	2	6.25%	2	1	43	37	0.98	1	1	22	8	0	2	T
I	5573770	A	R	29	4	12.12%	2	2	44	55	0.98	1	1	10	19	1	3	G
I	5574088	A	M	28	2	6.67%	2	2	47	49	0.98	1	1	15	13	1	1	C
I	5574112	T	K	26	5	16.13%	2	1	44	51	0.98	1	1	16	10	0	5	G
I	5576809	C	Y	6	6	50%	2	2	43	47	0.98	1	1	4	2	4	2	T
I	5579055	C	Y	8	5	38.46%	1	1	41	59	0.98	1	1	0	8	0	5	T
II	3899	T	Y	22	2	8.33%	2	1	49	37	0.98	1	1	9	13	0	2	C
II	5104	G	R	59	4	6.35%	2	2	38	64	0.98	1	1	8	51	1	3	A
II	5135	C	S	50	4	7.41%	2	2	42	55	0.98	1	1	25	25	1	3	G
II	5157	A	W	48	5	9.43%	2	2	41	59	0.98	1	1	25	23	2	3	T
II	15862	C	M	15	2	11.76%	2	1	38	27	0.98	1	1	5	10	2	0	A
II	53240	T	W	14	2	12.5%	2	1	38	25	0.98	1	1	6	8	0	2	A
II	53249	A	M	8	3	25%	2	1	51	33	0.98	1	1	4	4	0	3	C
II	73644	G	K	14	2	12.5%	2	2	43	22	0.98	1	1	6	8	1	1	T
II	78369	G	K	14	2	12.5%	2	1	41	25	0.98	1	1	12	2	0	2	T
II	78380	G	K	18	2	10%	2	1	38	31	0.98	1	1	15	3	0	2	T
II	78386	G	K	18	2	10%	2	1	40	31	0.98	1	1	15	3	0	2	T
II	105544	T	Y	14	2	12.5%	2	1	53	37	0.98	1	1	9	5	2	0	C
II	105613	C	Y	23	4	14.81%	2	2	48	55	0.98	1	1	19	4	3	1	T
II	105617	C	Y	21	4	16%	2	2	49	55	0.98	1	1	18	3	3	1	T
II	105631	C	Y	22	3	12%	2	2	48	49	0.98	1	1	18	4	2	1	T
II	105709	C	Y	55	7	11.29%	2	1	42	37	0.98	1	1	41	14	7	0	T
II	105772	A	R	48	3	5.88%	2	2	49	49	0.98	1	1	23	25	1	2	G
II	105776	A	R	52	3	5.45%	2	2	50	45	0.98	1	1	25	27	1	2	G
II	105808	T	Y	46	8	14.81%	2	2	52	60	0.98	1	1	19	27	6	2	C
II	105829	C	Y	53	7	11.67%	2	2	50	67	0.98	1	1	22	31	4	3	T
II	105862	T	Y	56	5	8.2%	2	2	46	46	0.98	1	1	23	33	1	4	C
II	105874	T	Y	58	8	12.12%	2	2	50	36	0.98	1	1	27	31	3	5	C
II	105886	T	Y	57	15	20.83%	2	2	48	41	0.98	1	1	29	28	9	6	C
II	105889	C	Y	55	14	20.29%	2	2	48	42	0.98	1	1	27	28	8	6	T
II	105916	C	Y	57	11	16.18%	2	2	49	53	0.98	1	1	34	23	4	7	T
II	105931	A	W	48	7	12.73%	2	2	47	42	0.98	1	1	34	14	4	3	T
II	105934	T	K	53	6	10.17%	2	2	48	43	0.98	1	1	39	14	3	3	G
II	105936	T	W	54	6	10%	2	2	47	43	0.98	1	1	40	14	3	3	A
II	105973	T	Y	53	6	10.17%	2	2	51	35	0.98	1	1	33	20	2	4	C
II	105974	A	R	52	6	10.34%	2	2	51	37	0.98	1	1	32	20	2	4	G
II	105988	A	R	51	3	5.56%	2	2	50	49	0.98	1	1	29	22	2	1	G
II	106102	G	K	46	3	6.12%	2	1	41	37	0.98	1	1	20	26	3	0	T
II	106111	T	Y	51	3	5.56%	2	2	41	37	0.98	1	1	23	28	2	1	C
II	106113	G	R	51	3	5.56%	2	2	41	37	0.98	1	1	23	28	2	1	A
II	106117	G	R	46	3	6.12%	2	2	41	37	0.98	1	1	23	23	2	1	A
II	106150	T	Y	41	7	14.58%	2	2	45	51	0.98	1	1	22	19	3	4	C
II	106156	A	W	45	7	13.46%	2	2	44	58	0.98	1	1	26	19	3	4	T
II	106174	T	Y	46	3	6%	2	1	48	49	0.98	1	1	23	23	0	3	C
II	106207	C	Y	42	3	6.67%	2	2	50	49	0.98	1	1	22	20	1	2	T
II	106638	T	Y	23	3	11.54%	2	1	41	37	0.98	1	1	10	13	0	3	C
II	111414	C	Y	22	4	15.38%	2	1	40	37	0.98	1	1	13	9	4	0	T
II	111762	A	R	48	3	5.88%	2	2	48	37	0.98	1	1	21	27	1	2	G
II	111798	A	R	47	3	6%	2	2	46	61	0.98	1	1	19	28	2	1	G
II	111801	A	W	46	3	6.12%	2	2	46	61	0.98	1	1	18	28	2	1	T
II	111804	G	R	46	3	6.12%	2	2	45	61	0.98	1	1	18	28	2	1	A
II	111810	T	K	46	3	6.12%	2	2	46	61	0.98	1	1	18	28	2	1	G
II	111817	G	R	47	3	6%	2	2	45	61	0.98	1	1	20	27	2	1	A
II	111819	A	R	45	3	6.25%	2	2	45	61	0.98	1	1	20	25	2	1	G
II	111822	G	R	47	3	6%	2	2	46	57	0.98	1	1	19	28	2	1	A
II	112059	T	Y	38	2	5%	2	2	44	55	0.98	1	1	23	15	1	1	C
II	112063	T	Y	38	2	5%	2	2	40	55	0.98	1	1	21	17	1	1	C
II	112065	G	R	38	2	5%	2	2	41	55	0.98	1	1	21	17	1	1	A
II	112074	A	M	38	2	5%	2	2	39	55	0.98	1	1	20	18	1	1	C
II	112185	A	R	42	4	8.7%	2	2	44	55	0.98	1	1	12	30	1	3	G
II	112188	C	Y	42	4	8.7%	2	2	45	55	0.98	1	1	11	31	1	3	T
II	112202	C	Y	47	4	7.84%	2	2	45	46	0.98	1	1	11	36	2	2	T
II	112203	G	R	47	4	7.84%	2	2	46	46	0.98	1	1	11	36	2	2	A
II	112240	T	W	41	3	6.82%	2	2	44	37	0.98	1	1	14	27	2	1	A
II	112242	C	M	41	3	6.82%	2	2	44	37	0.98	1	1	15	26	2	1	A
II	112245	A	W	37	2	5.13%	2	1	46	37	0.98	1	1	13	24	2	0	T
II	112260	A	R	39	4	9.3%	2	2	48	37	0.98	1	1	21	18	1	3	G
II	112302	G	R	39	4	9.3%	2	2	43	52	0.98	1	1	22	17	3	1	A
II	112368	G	R	30	5	14.29%	2	1	55	51	0.98	1	1	17	13	0	5	A
II	112559	A	R	29	2	6.45%	2	1	49	55	0.98	1	1	16	13	2	0	G
II	112563	A	R	28	2	6.67%	2	1	47	55	0.98	1	1	16	12	2	0	G
II	112632	G	R	25	3	10.71%	2	2	48	49	0.98	1	1	7	18	2	1	A
II	112766	A	R	16	3	15.79%	2	1	41	49	0.98	1	1	3	13	0	3	G
II	144046	T	Y	36	2	5.26%	2	1	43	74	0.98	1	1	17	19	2	0	C
II	168160	C	A	0	42	100%	0	2	0	52	0.98	0	1	0	0	20	22	A
II	172637	A	M	22	2	8.33%	2	2	50	37	0.98	1	1	12	10	1	1	C
II	192021	G	K	14	2	12.5%	2	2	41	37	0.98	1	1	4	10	1	1	T
II	194181	T	W	18	2	10%	2	2	51	37	0.98	1	1	11	7	1	1	A
II	216817	A	M	29	2	6.45%	2	1	45	25	0.98	1	1	12	17	0	2	C
II	234589	C	M	19	2	9.52%	2	1	46	27	0.98	1	1	7	12	2	0	A
II	237180	A	M	12	2	14.29%	2	1	41	31	0.98	1	1	10	2	0	2	C
II	245704	T	Y	22	2	8.33%	2	1	41	74	0.98	1	1	8	14	0	2	C
II	257487	C	Y	42	4	8.7%	2	1	48	37	0.98	1	1	26	16	4	0	T
II	257946	A	R	42	7	14.29%	2	2	45	54	0.98	1	1	11	31	3	4	G
II	258378	C	S	27	2	6.9%	2	1	51	37	0.98	1	1	14	13	2	0	G
II	266718	A	C	0	27	100%	0	2	0	41	0.98	0	1	0	0	9	18	C
II	266780	T	A	0	18	100%	0	2	0	39	0.98	0	1	0	0	10	8	A
II	276539	A	T	0	19	100%	0	2	0	42	0.98	0	1	0	0	12	7	T
II	286312	A	R	20	2	9.09%	2	2	48	37	0.98	1	1	13	7	1	1	G
II	306481	G	R	16	2	11.11%	2	2	38	37	0.98	1	1	10	6	1	1	A
II	367806	C	Y	24	2	7.69%	2	2	46	74	0.98	1	1	10	14	1	1	T
II	459276	A	R	10	2	16.67%	2	2	40	37	0.98	1	1	7	3	1	1	G
II	526951	C	Y	47	28	36.84%	2	2	49	46	0.98	1	1	15	32	17	11	T
II	528057	G	R	35	2	5.41%	2	1	46	37	0.98	1	1	15	20	2	0	A
II	540586	C	M	11	2	15.38%	2	1	39	25	0.98	1	1	2	9	2	0	A
II	540591	C	M	9	3	25%	2	1	43	26	0.98	1	1	2	7	3	0	A
II	540611	G	K	10	3	23.08%	2	1	39	29	0.98	1	1	4	6	3	0	T
II	578064	T	W	32	2	5.88%	2	1	41	27	0.98	1	1	8	24	2	0	A
II	602028	G	K	27	2	6.9%	2	1	44	37	0.98	1	1	13	14	2	0	T
II	613742	T	K	28	2	6.67%	2	1	47	31	0.98	1	1	13	15	2	0	G
II	670673	T	Y	69	5	6.76%	2	2	49	37	0.98	1	1	38	31	3	2	C
II	685728	G	A	0	22	100%	0	2	0	49	0.98	0	1	0	0	11	11	A
II	688916	A	R	57	4	6.56%	2	2	47	37	0.98	1	1	29	28	3	1	G
II	688927	A	W	65	4	5.8%	2	2	48	37	0.98	1	1	35	30	1	3	T
II	688988	A	R	56	5	8.2%	2	2	51	46	0.98	1	1	30	26	3	2	G
II	689038	T	Y	69	4	5.48%	2	2	51	37	0.98	1	1	33	36	2	2	C
II	689137	C	S	63	6	8.33%	2	2	48	39	0.98	1	1	27	36	1	5	G
II	689140	T	Y	64	6	8.57%	2	2	47	47	0.98	1	1	24	40	1	5	C
II	689330	T	Y	56	13	18.84%	2	2	44	38	0.98	1	1	24	32	7	6	C
II	689356	T	Y	65	7	9.72%	2	2	46	37	0.98	1	1	31	34	3	4	C
II	689362	C	Y	66	4	5.71%	2	2	47	37	0.98	1	1	33	33	1	3	T
II	689485	A	T	0	47	100%	0	2	0	41	0.98	0	1	0	0	21	26	T
II	689487	A	C	0	46	100%	0	2	0	42	0.98	0	1	0	0	22	24	C
II	689601	C	Y	67	6	8.22%	2	2	45	35	0.98	1	1	37	30	3	3	T
II	689686	T	Y	72	5	6.49%	2	2	46	34	0.98	1	1	38	34	4	1	C
II	689711	T	Y	62	4	5.88%	2	2	45	35	0.98	1	1	33	29	1	3	C
II	689752	T	Y	59	5	7.81%	2	2	48	44	0.98	1	1	22	37	3	2	C
II	689794	T	C	0	71	100%	0	2	0	45	0.98	0	1	0	0	31	40	C
II	689996	A	R	82	8	8.89%	2	2	47	41	0.98	1	1	48	34	2	6	G
II	690040	T	Y	86	8	8.42%	2	2	43	41	0.98	1	1	45	41	5	3	C
II	690112	T	Y	91	9	9%	2	2	46	36	0.98	1	1	41	50	3	6	C
II	690190	T	Y	84	11	11.58%	2	2	45	42	0.98	1	1	34	50	5	6	C
II	690213	T	Y	81	7	7.95%	2	2	46	42	0.98	1	1	36	45	3	4	C
II	690215	G	K	79	8	9.09%	2	2	47	39	0.98	1	1	34	45	3	5	T
II	690283	C	Y	79	5	5.95%	2	2	45	35	0.98	1	1	34	45	2	3	T
II	690537	G	S	74	6	7.06%	2	2	43	35	0.98	1	1	36	38	4	2	C
II	690580	T	Y	81	5	5.81%	2	1	46	35	0.98	1	1	41	40	5	0	C
II	690770	G	S	85	13	13.27%	2	2	43	47	0.98	1	1	45	40	6	7	C
II	690832	T	Y	83	7	7.78%	2	1	46	42	0.98	1	1	36	47	7	0	C
II	690910	T	Y	89	5	5.32%	2	2	49	37	0.98	1	1	44	45	3	2	C
II	690933	C	Y	91	9	8.82%	2	2	46	34	0.98	1	1	52	39	3	6	T
II	690976	T	Y	101	9	8.18%	2	2	48	37	0.98	1	1	53	48	5	4	C
II	691036	T	W	89	5	5.32%	2	2	46	42	0.98	1	1	47	42	2	3	A
II	691038	G	S	86	5	5.49%	2	2	46	51	0.98	1	1	45	41	2	3	C
II	691048	C	Y	91	5	5.21%	2	2	45	39	0.98	1	1	48	43	3	2	T
II	691054	T	Y	91	7	7.14%	2	2	46	37	0.98	1	1	46	45	4	3	C
II	691079	G	K	85	7	7.45%	2	2	44	40	0.98	1	1	46	39	2	5	T
II	691113	C	Y	73	9	10.84%	2	2	41	35	0.98	1	1	34	39	7	2	T
II	691115	T	Y	73	5	6.17%	2	2	43	37	0.98	1	1	35	38	4	1	C
II	691156	C	Y	83	7	7.78%	2	2	41	41	0.98	1	1	39	44	3	4	T
II	691223	G	S	73	6	7.5%	2	2	44	35	0.98	1	1	30	43	3	3	C
II	691228	C	Y	74	4	5.13%	2	2	43	35	0.98	1	1	31	43	1	3	T
II	691324	A	W	78	5	6.02%	2	2	42	37	0.98	1	1	38	40	3	2	T
II	691326	C	S	78	5	6.02%	2	2	43	37	0.98	1	1	37	41	3	2	G
II	691331	G	S	77	7	8.33%	2	2	43	37	0.98	1	1	34	43	5	2	C
II	691436	A	R	79	9	10.11%	2	2	46	36	0.98	1	1	43	36	5	4	G
II	691560	T	Y	62	8	11.27%	2	2	44	41	0.98	1	1	28	34	4	4	C
II	691634	T	Y	71	11	13.41%	2	2	41	39	0.98	1	1	34	37	6	5	C
II	691768	C	Y	89	7	7.22%	2	2	44	37	0.98	1	1	51	38	3	4	T
II	692051	G	K	56	3	5.08%	2	2	52	33	0.98	1	1	19	37	1	2	T
II	692092	C	Y	52	4	7.14%	2	1	46	34	0.98	1	1	17	35	0	4	T
II	692123	G	S	44	5	10.2%	2	1	43	35	0.98	1	1	15	29	0	5	C
II	692130	C	S	44	4	8.33%	2	1	43	43	0.98	1	1	15	29	0	4	G
II	692131	A	W	43	5	10.42%	2	1	42	39	0.98	1	1	15	28	0	5	T
II	692164	C	Y	38	4	9.52%	2	2	46	32	0.98	1	1	15	23	2	2	T
II	692170	T	Y	38	4	9.3%	2	2	49	46	0.98	1	1	16	22	1	3	C
II	692193	T	Y	34	4	10.26%	2	2	49	37	0.98	1	1	17	17	1	3	C
II	692195	G	K	32	4	10.81%	2	2	51	37	0.98	1	1	17	15	1	3	T
II	692202	C	S	36	2	5.26%	2	2	50	37	0.98	1	1	17	19	1	1	G
II	692203	A	W	36	2	5.26%	2	2	50	31	0.98	1	1	17	19	1	1	T
II	692272	C	Y	36	2	5.26%	2	2	48	37	0.98	1	1	16	20	1	1	T
II	692301	T	Y	21	4	16%	2	2	47	46	0.98	1	1	8	13	1	3	C
II	692303	C	S	19	4	14.81%	2	2	49	34	0.98	1	1	8	11	2	2	G
II	692303	C	Y	19	4	14.81%	2	2	49	46	0.98	1	1	8	11	1	3	G
II	692310	C	S	21	2	8.7%	2	2	48	31	0.98	1	1	11	10	1	1	G
II	692481	C	Y	7	2	22.22%	2	2	33	37	0.98	1	1	4	3	1	1	T
II	692483	T	K	6	3	33.33%	2	2	33	37	0.98	1	1	3	3	1	2	G
II	692512	T	W	15	2	11.76%	2	2	43	31	0.98	1	1	7	8	1	1	A
II	692553	C	Y	15	2	11.11%	2	2	48	37	0.98	1	1	9	6	1	1	T
II	692555	T	K	16	3	15.79%	2	2	50	37	0.98	1	1	7	9	1	2	G
II	692771	G	S	33	2	5.71%	2	2	43	42	0.98	1	1	22	11	1	1	C
II	692776	C	Y	33	3	8.33%	2	2	45	41	0.98	1	1	21	12	2	1	T
II	692782	T	Y	42	4	8.7%	2	2	46	39	0.98	1	1	25	17	3	1	C
II	692884	T	Y	68	4	5.56%	2	2	52	46	0.98	1	1	41	27	2	2	C
II	692962	T	Y	73	6	7.59%	2	2	46	49	0.98	1	1	48	25	3	3	C
II	693028	T	Y	80	5	5.88%	2	2	45	35	0.98	1	1	50	30	4	1	C
II	693057	C	Y	83	5	5.68%	2	2	46	41	0.98	1	1	44	39	4	1	T
II	693059	T	K	80	5	5.88%	2	2	48	35	0.98	1	1	42	38	3	2	G
II	693106	T	Y	70	12	14.63%	2	2	43	39	0.98	1	1	35	35	7	5	C
II	693172	C	Y	79	6	7.06%	2	2	49	43	0.98	1	1	42	37	4	2	T
II	693316	C	Y	60	4	6.25%	2	2	43	37	0.98	1	1	21	39	1	3	T
II	693388	T	Y	56	3	5.08%	2	1	45	37	0.98	1	1	13	43	3	0	C
II	693484	T	W	25	2	7.41%	2	1	41	37	0.98	1	1	11	14	2	0	A
II	693486	G	S	26	2	7.14%	2	1	40	37	0.98	1	1	12	14	2	0	C
II	693498	G	S	23	2	8%	2	1	38	37	0.98	1	1	15	8	2	0	C
II	693499	C	M	1	2	8.7%	1	1	22	37	0.98	1	1	0	1	2	0	A
II	693499	C	T	1	20	86.96%	1	2	22	36	0.98	1	1	0	1	13	7	T
II	693502	C	Y	24	2	7.69%	2	2	36	55	0.98	1	1	16	8	1	1	T
II	693534	G	S	36	2	5.26%	2	1	39	37	0.98	1	1	24	12	2	0	C
II	693610	T	Y	63	4	5.97%	2	2	44	37	0.98	1	1	45	18	2	2	C
II	693709	T	K	91	5	5.21%	2	2	46	35	0.98	1	1	45	46	4	1	G
II	693754	T	Y	98	7	6.67%	2	1	48	37	0.98	1	1	42	56	7	0	C
II	693820	T	Y	85	5	5.56%	2	2	46	35	0.98	1	1	41	44	4	1	C
II	693923	T	K	85	5	5.43%	2	2	41	33	0.98	1	1	44	41	2	3	G
II	693964	T	Y	93	12	11.43%	2	2	43	35	0.98	1	1	51	42	6	6	C
II	694029	C	Y	105	6	5.41%	2	2	44	37	0.98	1	1	55	50	4	2	T
II	694105	T	K	107	6	5.31%	2	2	47	37	0.98	1	1	48	59	5	1	G
II	694171	C	Y	85	6	6.59%	2	2	45	37	0.98	1	1	44	41	4	2	T
II	694252	C	Y	93	5	5.1%	2	2	44	44	0.98	1	1	56	37	4	1	T
II	694420	A	W	110	6	5.17%	2	2	43	37	0.98	1	1	53	57	1	5	T
II	694427	C	S	108	6	5.08%	2	2	43	37	0.98	1	1	50	58	2	4	G
II	694465	G	K	105	7	6.19%	2	2	43	38	0.98	1	1	52	53	5	2	T
II	694470	G	S	108	7	6.09%	2	2	43	35	0.98	1	1	57	51	4	3	C
II	694546	T	Y	101	6	5.61%	2	2	45	35	0.98	1	1	52	49	2	4	C
II	694569	T	Y	82	8	8.89%	2	2	43	49	0.98	1	1	33	49	2	6	C
II	694571	G	K	82	10	10.87%	2	2	42	46	0.98	1	1	35	47	2	8	T
II	694612	C	Y	95	8	7.77%	2	2	45	46	0.98	1	1	37	58	3	5	T
II	694641	C	Y	88	5	5.32%	2	2	44	37	0.98	1	1	37	51	2	3	T
II	694684	T	Y	94	6	6%	2	2	42	35	0.98	1	1	35	59	3	3	C
II	694720	C	Y	83	5	5.68%	2	1	44	37	0.98	1	1	37	46	0	5	T
II	694756	T	Y	70	6	7.89%	2	2	41	41	0.98	1	1	36	34	2	4	C
II	694838	T	Y	71	6	7.79%	2	1	42	37	0.98	1	1	32	39	6	0	C
II	694982	T	Y	77	9	10.47%	2	2	44	40	0.98	1	1	39	38	7	2	C
II	695008	T	Y	76	5	6.17%	2	2	47	42	0.98	1	1	41	35	1	4	C
II	695107	C	Y	73	7	8.75%	2	2	45	35	0.98	1	1	36	37	3	4	T
II	695145	C	Y	72	4	5.19%	2	2	46	34	0.98	1	1	33	39	3	1	T
II	695473	C	T	5	45	90%	2	2	49	46	0.98	1	1	3	2	14	31	T
II	695476	T	C	5	45	90%	2	2	51	46	0.98	1	1	3	2	12	33	C
II	695478	G	C	9	42	82.35%	2	2	45	47	0.98	1	1	4	5	12	30	C
II	695479	T	A	9	41	82%	2	2	39	47	0.98	1	1	4	5	12	29	A
II	695554	T	Y	33	2	5.71%	2	2	48	37	0.98	1	1	8	25	1	1	C
II	695577	C	Y	24	2	7.69%	2	1	41	37	0.98	1	1	7	17	0	2	T
II	695579	T	K	26	3	10.34%	2	2	42	37	0.98	1	1	7	19	1	2	G
II	695608	T	W	9	4	30.77%	2	1	41	37	0.98	1	1	7	2	0	4	A
II	695610	G	S	9	4	30.77%	2	1	42	37	0.98	1	1	6	3	0	4	C
II	695615	C	S	9	4	30.77%	2	1	41	37	0.98	1	1	5	4	0	4	G
II	695620	C	Y	8	4	33.33%	2	1	38	37	0.98	1	1	4	4	0	4	T
II	695626	C	Y	4	4	50%	2	1	52	37	0.98	1	1	1	3	0	4	T
II	695908	T	Y	9	3	25%	2	2	57	37	0.98	1	1	7	2	1	2	C
II	695939	G	K	14	2	12.5%	2	2	50	37	0.98	1	1	10	4	1	1	T
II	695944	C	Y	14	2	12.5%	2	2	49	29	0.98	1	1	10	4	1	1	T
II	695980	T	Y	10	2	16.67%	2	2	38	31	0.98	1	1	5	5	1	1	C
II	696160	C	Y	19	2	9.52%	2	1	53	33	0.98	1	1	11	8	0	2	T
II	696184	A	W	15	2	11.76%	2	2	53	37	0.98	1	1	9	6	1	1	T
II	696186	C	S	15	2	11.76%	2	2	52	37	0.98	1	1	9	6	1	1	G
II	696191	C	S	15	2	11.76%	2	1	53	36	0.98	1	1	8	7	2	0	G
II	696198	G	S	12	3	20%	2	2	52	46	0.98	1	1	6	6	2	1	C
II	696199	T	W	12	2	14.29%	2	1	46	22	0.98	1	1	5	7	2	0	A
II	696202	C	Y	12	2	14.29%	2	2	56	37	0.98	1	1	6	6	1	1	T
II	696220	T	W	11	2	15.38%	2	2	58	37	0.98	1	1	4	7	1	1	A
II	696222	G	S	11	2	15.38%	2	2	52	37	0.98	1	1	3	8	1	1	C
II	696232	C	Y	9	2	18.18%	2	1	47	51	0.98	1	1	5	4	0	2	T
II	696238	C	Y	6	3	33.33%	2	2	55	45	0.98	1	1	2	4	1	2	T
II	696278	C	Y	7	2	22.22%	2	2	43	31	0.98	1	1	2	5	1	1	T
II	696304	C	Y	6	2	25%	2	1	43	37	0.98	1	1	2	4	0	2	T
II	696486	C	S	24	2	7.69%	2	1	56	55	0.98	1	1	13	11	0	2	G
II	696490	C	Y	24	2	7.69%	2	2	58	37	0.98	1	1	12	12	1	1	T
II	696510	C	S	27	2	6.9%	2	2	55	28	0.98	1	1	14	13	1	1	G
II	696520	C	Y	25	2	7.41%	2	1	56	34	0.98	1	1	13	12	2	0	T
II	696742	C	Y	9	2	18.18%	2	1	56	55	0.98	1	1	3	6	0	2	T
II	696778	C	Y	8	2	20%	2	1	60	55	0.98	1	1	3	5	0	2	T
II	697444	T	W	3	2	40%	2	1	37	55	0.98	1	1	2	1	2	0	A
II	697446	G	S	3	2	40%	2	1	37	55	0.98	1	1	2	1	2	0	C
II	697456	T	Y	3	2	40%	2	1	37	55	0.98	1	1	2	1	2	0	C
II	697525	G	K	3	5	62.5%	1	1	49	37	0.98	1	1	3	0	5	0	T
II	697530	G	S	4	5	55.56%	2	1	46	37	0.98	1	1	3	1	5	0	C
II	697531	T	W	3	5	62.5%	2	1	49	37	0.98	1	1	2	1	5	0	A
II	697600	C	T	0	5	100%	0	1	0	37	0.98	0	1	0	0	5	0	T
II	697912	T	W	5	6	54.55%	2	2	51	35	0.98	1	1	2	3	5	1	A
II	697914	G	S	5	6	54.55%	2	2	49	37	0.98	1	1	2	3	5	1	C
II	697919	C	S	5	9	64.29%	2	2	49	35	0.98	1	1	2	3	8	1	G
II	697921	G	K	13	2	13.33%	2	2	44	37	0.98	1	1	10	3	1	1	T
II	697926	G	C	3	10	76.92%	2	1	49	40	0.98	1	1	1	2	10	0	C
II	697927	T	A	3	9	75%	2	1	40	41	0.98	1	1	1	2	9	0	A
II	697991	T	K	35	2	5.41%	2	1	45	37	0.98	1	1	24	11	2	0	G
II	699951	T	G	0	19	100%	0	2	0	51	0.98	0	1	0	0	9	10	G
II	699952	G	T	0	18	100%	0	2	0	50	0.98	0	1	0	0	8	10	T
II	699961	A	T	0	19	100%	0	2	0	50	0.98	0	1	0	0	9	10	T
II	700019	T	A	0	14	100%	0	2	0	38	0.98	0	1	0	0	5	9	A
II	700020	C	T	0	14	100%	0	2	0	38	0.98	0	1	0	0	5	9	T
II	700021	A	C	0	14	100%	0	2	0	37	0.98	0	1	0	0	5	9	C
II	700024	T	A	0	14	100%	0	2	0	39	0.98	0	1	0	0	5	9	A
II	700028	A	T	0	13	100%	0	2	0	39	0.98	0	1	0	0	4	9	T
II	700113	A	T	0	22	100%	0	2	0	51	0.98	0	1	0	0	14	8	T
II	718956	T	Y	34	4	10.53%	2	2	43	37	0.98	1	1	21	13	2	2	C
II	761758	G	K	31	2	6.06%	2	2	50	31	0.98	1	1	15	16	1	1	T
II	812785	C	M	17	2	10.53%	2	1	44	25	0.98	1	1	7	10	2	0	A
II	819261	A	R	11	2	15.38%	2	1	47	37	0.98	1	1	7	4	2	0	G
II	824672	G	K	16	4	20%	2	1	41	31	0.98	1	1	5	11	4	0	T
II	824688	T	W	22	2	8.33%	2	1	43	37	0.98	1	1	10	12	2	0	A
II	832031	G	K	16	2	11.11%	2	1	46	33	0.98	1	1	6	10	2	0	T
II	846502	T	K	29	2	6.45%	2	1	43	37	0.98	1	1	15	14	0	2	G
II	869806	G	C	0	29	100%	0	2	0	45	0.98	0	1	0	0	18	11	C
II	879033	T	A	0	11	100%	0	2	0	39	0.98	0	1	0	0	4	7	A
II	907384	G	K	18	3	14.29%	2	1	39	37	0.98	1	1	13	5	3	0	T
II	923250	G	K	5	2	28.57%	2	1	37	33	0.98	1	1	3	2	0	2	T
II	923543	C	A	0	12	100%	0	2	0	54	0.98	0	1	0	0	7	5	A
II	927038	A	M	18	2	10%	2	2	46	55	0.98	1	1	8	10	1	1	C
II	939847	C	M	29	2	6.45%	2	1	49	37	0.98	1	1	13	16	0	2	A
II	943554	C	A	0	24	100%	0	2	0	44	0.98	0	1	0	0	13	11	A
II	944805	G	K	15	2	11.76%	2	1	40	27	0.98	1	1	13	2	0	2	T
II	953201	A	G	0	12	100%	0	2	0	47	0.98	0	1	0	0	6	6	G
II	967094	A	G	0	17	100%	0	2	0	48	0.98	0	1	0	0	8	9	G
II	976328	A	R	11	2	15.38%	2	2	47	37	0.98	1	1	4	7	1	1	G
II	997668	G	R	21	5	19.23%	2	2	37	39	0.98	1	1	11	10	4	1	A
II	997671	G	R	18	7	24.14%	2	2	38	44	0.98	1	1	11	7	4	3	A
II	997756	A	M	21	3	12.5%	2	2	45	31	0.98	1	1	7	14	2	1	C
II	1011175	A	W	24	2	7.69%	2	2	46	31	0.98	1	1	11	13	1	1	T
II	1029512	T	Y	23	2	8%	2	2	45	37	0.98	1	1	9	14	1	1	C
II	1044679	A	R	29	2	6.45%	2	1	45	37	0.98	1	1	9	20	0	2	G
II	1045411	A	R	31	3	8.82%	2	1	42	33	0.98	1	1	18	13	3	0	G
II	1047497	T	W	31	2	6.06%	2	1	41	25	0.98	1	1	13	18	2	0	A
II	1049006	T	W	14	2	12.5%	2	2	35	37	0.98	1	1	8	6	1	1	A
II	1050284	G	K	25	2	7.41%	2	1	47	37	0.98	1	1	18	7	2	0	T
II	1052576	A	R	15	2	11.76%	2	2	44	55	0.98	1	1	9	6	1	1	G
II	1074552	T	K	13	2	13.33%	2	1	40	31	0.98	1	1	2	11	2	0	G
II	1085125	G	K	14	2	12.5%	2	1	38	27	0.98	1	1	7	7	0	2	T
II	1085205	C	M	15	4	21.05%	2	1	44	28	0.98	1	1	10	5	0	4	A
II	1087237	T	Y	20	2	9.09%	2	2	46	31	0.98	1	1	12	8	1	1	C
II	1093671	G	S	15	4	21.05%	2	2	48	37	0.98	1	1	10	5	2	2	C
II	1102116	T	K	12	2	14.29%	2	1	41	27	0.98	1	1	2	10	2	0	G
II	1104941	G	K	13	4	19.05%	1	1	43	35	0.98	1	1	13	0	0	4	T
II	1117441	G	S	13	2	13.33%	2	1	37	31	0.98	1	1	4	9	2	0	C
II	1117725	C	M	34	2	5.56%	2	1	43	37	0.98	1	1	26	8	2	0	A
II	1149971	G	K	5	3	37.5%	1	1	32	34	0.98	1	1	0	5	3	0	T
II	1155903	T	A	0	24	100%	0	2	0	44	0.98	0	1	0	0	4	20	A
II	1159678	G	C	0	16	100%	0	2	0	38	0.98	0	1	0	0	6	10	C
II	1159694	A	T	0	16	100%	0	2	0	41	0.98	0	1	0	0	6	10	T
II	1180074	G	R	27	2	6.9%	2	1	42	37	0.98	1	1	4	23	0	2	A
II	1194049	T	Y	13	5	27.78%	2	2	41	37	0.98	1	1	7	6	3	2	C
II	1204751	A	R	16	2	11.11%	2	2	50	37	0.98	1	1	10	6	1	1	G
II	1217319	T	Y	12	2	14.29%	2	1	40	37	0.98	1	1	8	4	2	0	C
II	1242872	A	R	24	2	7.69%	2	1	46	37	0.98	1	1	13	11	2	0	G
II	1262225	C	S	19	2	9.52%	2	1	46	55	0.98	1	1	5	14	2	0	G
II	1262232	A	R	19	2	9.52%	2	1	44	74	0.98	1	1	6	13	2	0	G
II	1268604	C	M	4	2	33.33%	2	2	31	37	0.98	1	1	3	1	1	1	A
II	1285057	A	M	18	2	10%	2	2	40	31	0.98	1	1	6	12	1	1	C
II	1300034	C	M	33	6	15%	2	2	41	52	0.98	1	1	15	18	3	3	A
II	1300043	C	M	32	11	25%	2	2	40	53	0.98	1	1	15	17	5	6	A
II	1300049	C	M	29	10	23.26%	2	2	41	56	0.98	1	1	14	15	6	4	A
II	1300049	C	S	29	3	6.98%	2	1	41	46	0.98	1	1	14	15	3	0	A
II	1300055	G	R	35	13	27.08%	2	2	42	46	0.98	1	1	19	16	6	7	A
II	1300061	G	R	38	11	22.45%	2	2	43	50	0.98	1	1	20	18	5	6	A
II	1300067	G	R	40	14	25.93%	2	2	45	46	0.98	1	1	22	18	8	6	A
II	1300073	G	R	36	15	29.41%	2	2	44	50	0.98	1	1	21	15	11	4	A
II	1300079	T	W	29	20	40.82%	2	2	44	48	0.98	1	1	15	14	13	7	A
II	1300082	G	R	33	15	30%	2	2	46	54	0.98	1	1	16	17	11	4	A
II	1300103	C	M	34	22	39.29%	2	2	47	55	0.98	1	1	18	16	15	7	A
II	1300115	G	R	26	22	40.74%	2	2	39	58	0.98	1	1	15	11	17	5	A
II	1300115	G	S	26	4	7.41%	2	2	39	71	0.98	1	1	15	11	2	2	A
II	1300121	C	M	22	23	50%	2	2	41	57	0.98	1	1	13	9	19	4	A
II	1300124	C	M	21	24	52.17%	2	2	41	57	0.98	1	1	13	8	18	6	A
II	1300130	C	M	28	19	38.78%	2	2	42	53	0.98	1	1	16	12	14	5	A
II	1300157	T	W	21	2	8.7%	2	1	39	31	0.98	1	1	8	13	0	2	A
II	1347996	C	Y	29	2	6.45%	2	2	40	37	0.98	1	1	15	14	1	1	T
II	1389266	G	K	15	2	11.76%	2	1	45	51	0.98	1	1	9	6	2	0	T
II	1392425	T	K	19	2	9.52%	2	1	46	27	0.98	1	1	5	14	2	0	G
II	1403439	C	M	19	2	9.52%	2	1	50	31	0.98	1	1	13	6	0	2	A
II	1413588	T	C	0	19	100%	0	2	0	48	0.98	0	1	0	0	6	13	C
II	1439985	G	K	17	2	10.53%	2	1	42	37	0.98	1	1	10	7	2	0	T
II	1442348	T	W	12	2	14.29%	2	2	39	37	0.98	1	1	6	6	1	1	A
II	1445107	G	K	10	2	16.67%	2	1	46	25	0.98	1	1	4	6	2	0	T
II	1457086	C	M	27	3	10%	2	1	48	26	0.98	1	1	12	15	3	0	A
II	1484154	T	Y	15	2	11.76%	2	2	54	37	0.98	1	1	7	8	1	1	C
II	1509235	T	K	27	2	6.9%	2	1	39	25	0.98	1	1	17	10	2	0	G
II	1521112	G	R	17	3	15%	2	1	45	37	0.98	1	1	7	10	0	3	A
II	1521113	T	Y	18	3	14.29%	2	1	44	29	0.98	1	1	8	10	0	3	C
II	1555935	C	M	4	4	50%	2	2	41	33	0.98	1	1	2	2	3	1	A
II	1566291	A	R	17	2	10.53%	2	1	46	37	0.98	1	1	8	9	0	2	G
II	1568594	A	M	32	2	5.88%	2	2	45	37	0.98	1	1	17	15	1	1	C
II	1586876	A	R	20	2	9.09%	2	2	40	37	0.98	1	1	8	12	1	1	G
II	1588936	G	R	2	4	40%	1	1	33	35	0.98	1	1	2	0	0	4	A
II	1604790	C	Y	31	3	8.82%	2	1	44	37	0.98	1	1	16	15	0	3	T
II	1604791	C	Y	30	3	9.09%	2	1	45	37	0.98	1	1	16	14	0	3	T
II	1613039	A	R	27	3	10%	2	1	51	29	0.98	1	1	14	13	3	0	G
II	1635004	A	M	26	2	7.14%	2	1	44	29	0.98	1	1	22	4	0	2	C
II	1658147	C	M	24	2	7.69%	2	1	42	31	0.98	1	1	15	9	0	2	A
II	1665264	A	R	12	2	14.29%	2	1	48	37	0.98	1	1	4	8	2	0	G
II	1668709	A	W	33	2	5.56%	2	1	46	37	0.98	1	1	14	19	2	0	T
II	1671988	C	Y	14	2	12.5%	2	2	51	37	0.98	1	1	11	3	1	1	T
II	1672859	C	T	0	26	100%	0	2	0	46	0.98	0	1	0	0	17	9	T
II	1673002	G	C	0	24	100%	0	2	0	45	0.98	0	1	0	0	10	14	C
II	1678693	T	A	0	19	100%	0	2	0	43	0.98	0	1	0	0	12	7	A
II	1683324	T	G	0	29	100%	0	2	0	42	0.98	0	1	0	0	8	21	G
II	1690828	T	Y	18	2	10%	2	2	42	37	0.98	1	1	8	10	1	1	C
II	1697124	C	T	0	17	100%	0	2	0	50	0.98	0	1	0	0	11	6	T
II	1716272	C	T	3	11	78.57%	2	2	30	43	0.98	1	1	1	2	5	6	T
II	1716273	T	Y	12	6	33.33%	2	1	36	31	0.98	1	1	4	8	0	6	C
II	1716288	G	T	0	12	100%	0	2	0	46	0.98	0	1	0	0	4	8	T
II	1716318	A	G	0	17	100%	0	2	0	42	0.98	0	1	0	0	2	15	G
II	1716320	T	G	0	18	100%	0	2	0	40	0.98	0	1	0	0	3	15	G
II	1716326	G	T	0	20	100%	0	2	0	45	0.98	0	1	0	0	4	16	T
II	1726395	A	R	16	2	11.11%	2	1	43	37	0.98	1	1	8	8	2	0	G
II	1731436	T	Y	15	2	11.76%	2	1	52	37	0.98	1	1	7	8	2	0	C
II	1743464	A	R	37	2	5.13%	2	1	48	37	0.98	1	1	19	18	0	2	G
II	1751778	T	W	18	2	10%	2	1	45	25	0.98	1	1	9	9	2	0	A
II	1764874	A	R	21	2	8.7%	2	2	47	61	0.98	1	1	10	11	1	1	G
II	1780174	C	M	18	2	10%	2	1	49	25	0.98	1	1	11	7	0	2	A
II	1784826	G	A	0	23	100%	0	2	0	47	0.98	0	1	0	0	6	17	A
II	1794595	C	M	24	2	7.69%	2	1	40	27	0.98	1	1	10	14	0	2	A
II	1805307	G	K	8	4	33.33%	1	1	34	31	0.98	1	1	8	0	0	4	T
II	1823468	A	M	24	2	7.69%	2	1	47	25	0.98	1	1	10	14	0	2	C
II	1825376	C	Y	12	2	14.29%	2	2	43	37	0.98	1	1	8	4	1	1	T
II	1832062	T	W	22	2	8.33%	2	2	50	37	0.98	1	1	12	10	1	1	A
II	1849199	T	Y	23	2	8%	2	2	49	55	0.98	1	1	13	10	1	1	C
II	1849777	G	A	0	15	100%	0	2	0	39	0.98	0	1	0	0	10	5	A
II	1901042	C	Y	16	2	11.11%	2	2	46	37	0.98	1	1	13	3	1	1	T
II	1910028	A	R	23	2	8%	2	2	50	31	0.98	1	1	12	11	1	1	G
II	1910643	T	W	11	2	15.38%	2	1	45	25	0.98	1	1	3	8	2	0	A
II	1930466	G	K	30	2	6.25%	2	2	51	37	0.98	1	1	18	12	1	1	T
II	1939707	G	K	11	2	15.38%	2	1	38	21	0.98	1	1	9	2	2	0	T
II	1942265	C	Y	25	2	7.41%	2	2	46	49	0.98	1	1	13	12	1	1	T
II	1951073	T	K	35	2	5.41%	2	1	43	25	0.98	1	1	12	23	2	0	G
II	1958717	A	R	25	2	7.41%	2	1	40	37	0.98	1	1	10	15	2	0	G
II	1962419	T	A	0	32	100%	0	2	0	47	0.98	0	1	0	0	15	17	A
II	1962439	A	G	0	35	100%	0	2	0	48	0.98	0	1	0	0	18	17	G
II	1962458	T	A	0	36	100%	0	2	0	46	0.98	0	1	0	0	19	17	A
II	1972442	G	R	22	2	8.33%	2	2	42	37	0.98	1	1	9	13	1	1	A
II	1979303	T	Y	20	2	9.09%	2	2	45	37	0.98	1	1	8	12	1	1	C
II	1987098	C	A	0	20	100%	0	2	0	42	0.98	0	1	0	0	9	11	A
II	2020122	C	Y	20	2	9.09%	2	1	40	37	0.98	1	1	10	10	0	2	T
II	2044536	G	K	23	4	14.81%	2	2	40	34	0.98	1	1	11	12	2	2	T
II	2044929	A	T	0	19	100%	0	2	0	50	0.98	0	1	0	0	11	8	T
II	2065329	T	K	15	2	11.76%	2	1	37	25	0.98	1	1	8	7	2	0	G
II	2088780	A	R	16	2	11.11%	2	2	43	37	0.98	1	1	9	7	1	1	G
II	2090259	C	Y	27	4	12.9%	2	2	43	34	0.98	1	1	10	17	2	2	T
II	2115428	T	A	0	56	100%	0	2	0	44	0.98	0	1	0	0	30	26	A
II	2145280	A	W	24	2	7.69%	2	2	44	31	0.98	1	1	13	11	1	1	T
II	2177631	C	Y	15	4	21.05%	2	2	41	37	0.98	1	1	9	6	2	2	T
II	2180081	G	R	33	4	10.81%	2	2	53	37	0.98	1	1	13	20	2	2	A
II	2192448	G	R	22	2	8.33%	2	1	48	55	0.98	1	1	15	7	2	0	A
II	2195722	T	Y	27	2	6.9%	2	2	49	37	0.98	1	1	12	15	1	1	C
II	2208648	G	K	28	2	6.67%	2	2	49	37	0.98	1	1	10	18	1	1	T
II	2213423	G	A	0	35	100%	0	2	0	41	0.98	0	1	0	0	20	15	A
II	2218030	G	R	27	4	12.9%	2	2	54	46	0.98	1	1	8	19	1	3	A
II	2218101	T	Y	26	11	29.73%	2	2	43	39	0.98	1	1	10	16	5	6	C
II	2228775	T	G	1	20	95.24%	1	2	37	43	0.98	1	1	1	0	7	13	G
II	2228777	G	T	0	17	100%	0	2	0	41	0.98	0	1	0	0	7	10	T
II	2310130	G	K	17	2	10.53%	2	1	44	25	0.98	1	1	9	8	2	0	T
II	2318220	C	M	11	2	15.38%	2	1	39	25	0.98	1	1	5	6	0	2	A
II	2320949	G	K	12	2	14.29%	2	1	46	25	0.98	1	1	4	8	2	0	T
II	2322887	A	M	26	2	7.14%	2	1	47	37	0.98	1	1	19	7	0	2	C
II	2339678	C	M	15	2	11.76%	2	2	45	37	0.98	1	1	10	5	1	1	A
II	2351280	C	S	9	2	18.18%	2	1	49	68	0.98	1	1	2	7	0	2	G
II	2360227	T	W	27	2	6.9%	2	1	44	27	0.98	1	1	9	18	2	0	A
II	2360253	G	K	29	2	6.45%	2	1	47	31	0.98	1	1	10	19	2	0	T
II	2403176	T	Y	20	4	16.67%	2	1	53	55	0.98	1	1	11	9	4	0	C
II	2413855	T	W	21	3	12.5%	2	1	50	37	0.98	1	1	10	11	0	3	A
II	2428704	C	M	16	2	11.11%	2	2	50	25	0.98	1	1	7	9	1	1	A
II	2436580	C	G	0	41	100%	0	2	0	47	0.98	0	1	0	0	12	29	G
II	2437564	A	W	45	3	6.25%	2	2	41	49	0.98	1	1	25	20	1	2	T
II	2437567	T	Y	43	5	10.42%	2	2	42	44	0.98	1	1	23	20	3	2	C
II	2437570	T	W	44	3	6.38%	2	2	42	49	0.98	1	1	24	20	1	2	A
II	2437571	G	S	45	3	6.25%	2	2	42	49	0.98	1	1	24	21	1	2	C
II	2437612	A	W	68	22	24.44%	2	2	44	38	0.98	1	1	39	29	14	8	T
II	2437627	C	Y	46	46	50%	2	2	43	45	0.98	1	1	26	20	30	16	T
II	2437629	G	R	68	23	25.27%	2	2	49	38	0.98	1	1	39	29	15	8	A
II	2437646	G	R	87	23	20.91%	2	2	42	41	0.98	1	1	55	32	18	5	A
II	2437651	T	W	105	7	6.25%	2	2	47	31	0.98	1	1	70	35	5	2	A
II	2437661	T	W	108	10	8.4%	2	2	49	29	0.98	1	1	67	41	8	2	A
II	2437666	T	Y	113	7	5.83%	2	2	48	31	0.98	1	1	69	44	6	1	C
II	2437684	T	W	83	42	33.6%	2	2	50	49	0.98	1	1	53	30	25	17	A
II	2437688	A	R	88	38	30.16%	2	2	50	50	0.98	1	1	56	32	20	18	G
II	2437720	A	W	126	11	8.03%	2	2	51	33	0.98	1	1	74	52	7	4	T
II	2437737	A	R	121	12	8.96%	2	2	49	35	0.98	1	1	60	61	7	5	G
II	2437754	G	R	134	9	6.29%	2	2	48	34	0.98	1	1	64	70	7	2	A
II	2437769	A	W	109	15	12.1%	2	2	47	41	0.98	1	1	51	58	7	8	T
II	2437771	A	M	110	13	10.57%	2	2	48	40	0.98	1	1	49	61	7	6	C
II	2437855	A	M	55	30	35.29%	2	2	40	45	0.98	1	1	28	27	9	21	C
II	2437871	A	R	74	5	6.33%	2	1	48	37	0.98	1	1	35	39	0	5	G
II	2437918	T	Y	63	15	19.23%	2	2	49	42	0.98	1	1	30	33	7	8	C
II	2437936	A	W	72	6	7.69%	2	2	50	47	0.98	1	1	30	42	5	1	T
II	2437942	G	K	71	7	8.97%	2	2	50	49	0.98	1	1	31	40	5	2	T
II	2437951	C	Y	71	6	7.79%	2	2	48	39	0.98	1	1	27	44	4	2	T
II	2444543	T	C	0	31	100%	0	2	0	48	0.98	0	1	0	0	16	15	C
II	2484673	C	M	22	2	8.33%	2	1	41	22	0.98	1	1	16	6	0	2	A
II	2523615	T	W	7	2	22.22%	2	1	38	25	0.98	1	1	4	3	0	2	A
II	2523624	C	M	2	2	28.57%	1	1	37	33	0.98	1	1	2	0	0	2	A
II	2581529	A	M	11	11	50%	2	2	47	37	0.98	1	1	5	6	5	6	C
II	2588049	C	M	36	2	5.26%	2	2	43	37	0.98	1	1	16	20	1	1	A
II	2619488	G	K	8	2	20%	1	1	37	31	0.98	1	1	0	8	2	0	T
II	2619952	T	K	21	2	8.7%	2	2	48	37	0.98	1	1	14	7	1	1	G
II	2621088	A	R	19	2	9.52%	2	2	46	37	0.98	1	1	7	12	1	1	G
II	2640785	T	W	10	3	7.89%	2	1	35	31	0.98	1	1	9	1	0	3	A
II	2650665	C	M	22	2	8.33%	2	2	43	25	0.98	1	1	13	9	1	1	A
II	2663650	T	Y	14	2	12.5%	2	2	50	37	0.98	1	1	8	6	1	1	C
II	2663796	G	K	15	2	11.76%	2	1	40	27	0.98	1	1	12	3	0	2	T
II	2670593	C	Y	7	3	30%	2	1	52	37	0.98	1	1	3	4	0	3	T
II	2676336	C	T	0	13	100%	0	2	0	45	0.98	0	1	0	0	9	4	T
II	2684996	C	M	27	2	6.9%	2	2	48	74	0.98	1	1	14	13	1	1	A
II	2694556	G	K	9	2	18.18%	2	1	48	22	0.98	1	1	2	7	2	0	T
II	2694800	C	M	13	2	13.33%	2	1	42	37	0.98	1	1	6	7	0	2	A
II	2729066	C	M	12	2	14.29%	2	1	40	25	0.98	1	1	6	6	0	2	A
II	2749466	T	W	24	2	7.69%	2	1	49	31	0.98	1	1	16	8	2	0	A
II	2751231	C	S	24	2	7.69%	2	2	49	37	0.98	1	1	10	14	1	1	G
II	2759151	A	M	37	5	11.9%	2	2	42	51	0.98	1	1	22	15	2	3	C
II	2765748	C	M	18	2	10%	2	1	39	27	0.98	1	1	14	4	0	2	A
II	2781273	A	W	13	2	13.33%	2	2	39	37	0.98	1	1	6	7	1	1	T
II	2789195	C	Y	16	4	20%	2	2	43	37	0.98	1	1	11	5	2	2	T
II	2798515	G	A	0	3	100%	0	1	0	37	0.98	0	1	0	0	3	0	A
II	2802104	G	K	17	2	10.53%	2	1	41	25	0.98	1	1	11	6	0	2	T
II	2804779	C	M	16	2	11.11%	2	2	52	27	0.98	1	1	7	9	1	1	A
II	2805964	A	M	16	3	15.79%	2	2	45	61	0.98	1	1	10	6	1	2	C
II	2806053	G	A	0	21	100%	0	2	0	38	0.98	0	1	0	0	10	11	A
II	2806897	T	Y	26	3	10.34%	2	1	52	61	0.98	1	1	7	19	0	3	C
II	2808306	C	M	32	2	5.88%	2	1	49	61	0.98	1	1	17	15	0	2	A
II	2836238	A	M	20	2	9.09%	2	1	42	29	0.98	1	1	15	5	0	2	C
II	2861751	A	M	19	6	24%	2	2	38	37	0.98	1	1	6	13	3	3	C
II	2901509	G	T	0	47	100%	0	2	0	42	0.98	0	1	0	0	18	29	T
II	2914774	C	M	26	2	7.14%	2	1	44	27	0.98	1	1	14	12	0	2	A
II	2926808	A	M	19	2	9.52%	2	1	50	37	0.98	1	1	8	11	0	2	C
II	2931956	T	Y	18	2	10%	2	1	43	37	0.98	1	1	7	11	0	2	C
II	2941614	G	K	9	2	18.18%	2	1	53	31	0.98	1	1	2	7	2	0	T
II	2956088	A	M	35	2	5.41%	2	2	46	74	0.98	1	1	16	19	1	1	C
II	3002469	A	W	14	2	12.5%	2	1	43	25	0.98	1	1	7	7	0	2	T
II	3006137	A	T	0	13	100%	0	2	0	45	0.98	0	1	0	0	8	5	T
II	3016083	A	M	31	2	6.06%	2	2	41	31	0.98	1	1	14	17	1	1	C
II	3073542	C	M	14	3	17.65%	2	1	38	33	0.98	1	1	6	8	3	0	A
II	3076934	T	W	12	2	14.29%	2	2	40	37	0.98	1	1	4	8	1	1	A
II	3079034	T	Y	19	2	9.52%	2	2	50	37	0.98	1	1	6	13	1	1	C
II	3083740	A	R	24	2	7.69%	2	2	47	31	0.98	1	1	11	13	1	1	G
II	3095911	T	K	19	2	9.52%	2	1	50	37	0.98	1	1	11	8	2	0	G
II	3112440	T	W	19	2	9.52%	2	1	43	27	0.98	1	1	6	13	2	0	A
II	3112447	G	K	20	2	9.09%	2	1	46	25	0.98	1	1	6	14	2	0	T
II	3112475	G	K	20	2	9.09%	2	1	48	31	0.98	1	1	5	15	2	0	T
II	3149809	A	W	21	2	8.7%	2	1	41	37	0.98	1	1	10	11	2	0	T
II	3164471	T	K	20	3	13.04%	2	1	44	25	0.98	1	1	2	18	3	0	G
II	3198905	C	Y	15	2	11.76%	2	2	44	37	0.98	1	1	3	12	1	1	T
II	3279051	A	M	22	2	8.33%	2	1	46	25	0.98	1	1	11	11	2	0	C
II	3300845	A	R	22	2	8.33%	2	1	43	37	0.98	1	1	9	13	2	0	G
II	3351690	G	R	24	2	7.69%	2	1	49	37	0.98	1	1	11	13	2	0	A
II	3352473	T	Y	22	2	8.33%	2	1	47	37	0.98	1	1	13	9	2	0	C
II	3358672	T	K	22	2	8.33%	2	2	44	31	0.98	1	1	8	14	1	1	G
II	3362597	T	Y	18	2	10%	2	1	49	37	0.98	1	1	7	11	2	0	C
II	3374653	T	Y	24	2	7.69%	2	2	45	49	0.98	1	1	15	9	1	1	C
II	3381186	C	Y	26	2	7.14%	2	2	42	31	0.98	1	1	18	8	1	1	T
II	3408321	T	W	5	10	66.67%	2	2	44	46	0.98	1	1	2	3	3	7	A
II	3432854	A	W	22	2	8.33%	2	2	50	37	0.98	1	1	15	7	1	1	T
II	3432983	T	W	27	2	6.9%	2	2	50	37	0.98	1	1	11	16	1	1	A
II	3432988	T	W	27	2	6.9%	2	2	48	37	0.98	1	1	11	16	1	1	A
II	3435237	T	W	25	2	7.41%	2	2	43	37	0.98	1	1	11	14	1	1	A
II	3473919	A	R	17	6	26.09%	2	2	41	41	0.98	1	1	10	7	5	1	G
II	3484345	C	Y	27	2	6.9%	2	2	43	37	0.98	1	1	19	8	1	1	T
II	3488102	A	R	32	2	5.88%	2	2	44	74	0.98	1	1	12	20	1	1	G
II	3505724	C	M	16	2	11.11%	2	1	43	31	0.98	1	1	10	6	0	2	A
II	3505767	A	W	17	2	10.53%	2	1	46	25	0.98	1	1	9	8	0	2	T
II	3526787	C	M	11	2	15.38%	2	1	50	55	0.98	1	1	3	8	2	0	A
II	3538936	A	W	18	2	10%	2	1	45	25	0.98	1	1	6	12	0	2	T
II	3565420	A	W	37	4	9.76%	2	2	38	34	0.98	1	1	12	25	2	2	T
II	3603889	A	R	38	2	5%	2	2	43	37	0.98	1	1	15	23	1	1	G
II	3620164	A	M	18	4	18.18%	2	2	45	37	0.98	1	1	13	5	1	3	C
II	3626175	T	Y	9	2	18.18%	2	2	37	37	0.98	1	1	4	5	1	1	C
II	3634822	C	M	6	2	25%	2	1	41	25	0.98	1	1	3	3	2	0	A
II	3634898	G	K	8	2	20%	2	1	39	25	0.98	1	1	3	5	2	0	T
II	3634915	G	K	6	3	33.33%	2	1	35	27	0.98	1	1	2	4	3	0	T
II	3639381	A	W	13	2	13.33%	2	1	55	31	0.98	1	1	6	7	0	2	T
II	3648236	A	M	17	2	10.53%	2	1	44	31	0.98	1	1	8	9	0	2	C
II	3655600	T	Y	20	2	9.09%	2	2	45	37	0.98	1	1	14	6	1	1	C
II	3664407	A	W	12	2	14.29%	2	1	51	27	0.98	1	1	3	9	0	2	T
II	3664440	A	M	8	3	27.27%	2	1	38	30	0.98	1	1	5	3	0	3	C
II	3719264	C	M	26	2	7.14%	2	2	40	61	0.98	1	1	13	13	1	1	A
II	3750760	A	W	20	4	16.67%	2	2	42	34	0.98	1	1	11	9	2	2	T
II	3752717	T	Y	16	2	11.11%	2	2	47	37	0.98	1	1	10	6	1	1	C
II	3761768	G	S	26	3	10.34%	2	1	53	37	0.98	1	1	9	17	3	0	C
II	3824323	A	R	14	2	12.5%	2	1	42	37	0.98	1	1	5	9	0	2	G
II	3824328	C	Y	14	2	12.5%	2	1	43	37	0.98	1	1	5	9	0	2	T
II	3826638	T	Y	20	2	9.09%	2	2	40	37	0.98	1	1	13	7	1	1	C
II	3860185	C	M	23	3	6.82%	2	1	41	61	0.98	1	1	3	20	3	0	A
II	3860190	A	M	20	7	25.93%	2	1	42	38	0.98	1	1	3	17	7	0	C
II	3861465	T	K	6	3	33.33%	2	1	38	27	0.98	1	1	3	3	3	0	G
II	3861515	T	K	6	2	25%	1	1	37	31	0.98	1	1	0	6	2	0	G
II	3922176	G	S	27	2	6.9%	2	2	39	55	0.98	1	1	11	16	1	1	C
II	3932540	G	K	16	2	11.11%	2	1	44	25	0.98	1	1	13	3	0	2	T
II	3934788	G	R	30	2	6.25%	2	2	44	37	0.98	1	1	11	19	1	1	A
II	3951265	G	R	24	2	7.69%	2	2	42	37	0.98	1	1	10	14	1	1	A
II	3966432	T	W	17	2	10.53%	2	1	45	37	0.98	1	1	5	12	0	2	A
II	3980260	T	K	29	2	6.45%	2	1	52	31	0.98	1	1	16	13	2	0	G
II	3985571	A	R	12	2	14.29%	2	2	42	37	0.98	1	1	7	5	1	1	G
II	4007421	G	A	0	28	100%	0	2	0	46	0.98	0	1	0	0	15	13	A
II	4023306	A	W	15	2	11.76%	2	2	49	68	0.98	1	1	10	5	1	1	T
II	4037197	A	R	45	6	10.91%	2	2	43	39	0.98	1	1	12	33	3	3	G
II	4037236	G	K	31	2	6.06%	2	1	41	27	0.98	1	1	20	11	2	0	T
II	4075681	T	K	18	2	10%	2	1	43	25	0.98	1	1	9	9	2	0	G
II	4077460	T	Y	19	2	9.52%	2	2	45	55	0.98	1	1	9	10	1	1	C
II	4107253	G	K	5	2	22.22%	1	1	35	25	0.98	1	1	5	0	0	2	T
II	4122326	T	C	0	26	100%	0	2	0	46	0.98	0	1	0	0	10	16	C
II	4134069	A	R	13	2	13.33%	2	2	38	55	0.98	1	1	5	8	1	1	G
II	4134119	G	S	16	3	15.79%	2	2	44	49	0.98	1	1	11	5	2	1	C
II	4164200	G	K	27	2	6.9%	2	1	43	37	0.98	1	1	11	16	2	0	T
II	4185508	T	W	30	2	6.25%	2	1	49	31	0.98	1	1	19	11	0	2	A
II	4187259	C	S	25	2	7.41%	2	2	45	74	0.98	1	1	14	11	1	1	G
II	4230366	T	Y	15	3	16.67%	2	1	46	61	0.98	1	1	6	9	0	3	C
II	4255804	A	W	16	2	11.11%	2	2	47	37	0.98	1	1	8	8	1	1	T
II	4268148	G	R	19	2	9.52%	2	1	43	37	0.98	1	1	6	13	2	0	A
II	4273464	T	Y	31	2	6.06%	2	1	45	37	0.98	1	1	15	16	2	0	C
II	4273713	C	Y	24	3	11.11%	2	2	48	40	0.98	1	1	12	12	2	1	T
II	4308414	C	M	7	3	16.67%	2	1	54	34	0.98	1	1	4	3	0	3	A
II	4308430	T	W	16	2	11.11%	2	1	41	29	0.98	1	1	3	13	2	0	A
II	4317248	T	Y	7	2	22.22%	2	2	35	37	0.98	1	1	3	4	1	1	C
II	4335394	C	M	24	2	7.69%	2	2	39	25	0.98	1	1	14	10	1	1	A
II	4340314	C	M	12	2	14.29%	2	2	41	37	0.98	1	1	5	7	1	1	A
II	4340316	G	R	12	2	14.29%	2	2	42	37	0.98	1	1	5	7	1	1	A
II	4345274	T	K	10	2	16.67%	2	1	49	31	0.98	1	1	4	6	2	0	G
II	4361105	A	M	22	2	8.33%	2	1	43	31	0.98	1	1	12	10	2	0	C
II	4397067	G	R	15	3	16.67%	2	1	41	37	0.98	1	1	3	12	3	0	A
II	4397070	T	Y	14	3	17.65%	2	1	42	37	0.98	1	1	3	11	3	0	C
II	4400666	A	C	0	12	100%	0	2	0	48	0.98	0	1	0	0	3	9	C
II	4419910	G	K	11	2	15.38%	2	1	35	25	0.98	1	1	8	3	0	2	T
II	4422096	T	Y	57	3	5%	2	2	47	32	0.98	1	1	25	32	1	2	C
II	4422366	C	Y	53	3	5.36%	2	2	40	49	0.98	1	1	27	26	2	1	T
II	4422375	T	Y	48	3	5.77%	2	2	41	49	0.98	1	1	25	23	2	1	C
II	4422546	A	R	60	4	6.25%	2	2	43	37	0.98	1	1	25	35	1	3	G
II	4422552	G	R	53	3	5.36%	2	2	43	37	0.98	1	1	27	26	1	2	A
II	4422685	A	R	41	3	6.82%	2	2	45	37	0.98	1	1	26	15	1	2	G
II	4422895	G	R	50	3	5.66%	2	1	45	53	0.98	1	1	26	24	3	0	A
II	4423204	G	R	60	4	6.25%	2	2	44	41	0.98	1	1	34	26	2	2	A
II	4423525	G	R	56	4	6.67%	2	2	49	37	0.98	1	1	26	30	3	1	A
II	4424001	A	R	54	3	5.26%	2	2	44	37	0.98	1	1	28	26	1	2	G
II	4424055	C	Y	49	3	5.77%	2	2	40	33	0.98	1	1	17	32	2	1	T
II	4424634	C	M	47	3	6%	2	2	43	33	0.98	1	1	23	24	1	2	A
II	4437789	G	R	120	9	6.92%	2	2	47	41	0.98	1	1	67	53	8	1	A
II	4437796	C	Y	124	9	6.77%	2	2	47	39	0.98	1	1	68	56	8	1	T
II	4437800	A	R	125	9	6.72%	2	2	46	41	0.98	1	1	70	55	8	1	G
II	4452482	G	S	23	2	8%	2	1	41	37	0.98	1	1	11	12	2	0	C
II	4452483	A	R	23	2	8%	2	1	39	37	0.98	1	1	11	12	2	0	G
II	4452498	G	R	23	3	11.54%	2	2	41	40	0.98	1	1	9	14	2	1	A
II	4452500	C	Y	25	3	10.71%	2	2	42	57	0.98	1	1	9	16	2	1	T
II	4459035	T	Y	40	3	6.98%	2	2	52	49	0.98	1	1	20	20	2	1	C
II	4481464	T	Y	69	5	6.76%	2	1	45	37	0.98	1	1	30	39	5	0	C
II	4492902	T	W	23	2	8%	2	1	45	37	0.98	1	1	14	9	2	0	A
II	4500023	T	Y	11	2	15.38%	2	1	46	37	0.98	1	1	4	7	0	2	C
II	4505717	A	R	12	2	14.29%	2	2	41	49	0.98	1	1	6	6	1	1	G
II	4507767	T	W	33	2	5.71%	2	2	51	74	0.98	1	1	13	20	1	1	A
II	4509025	A	R	31	2	6.06%	2	1	46	37	0.98	1	1	19	12	2	0	G
II	4513966	A	R	32	3	8.57%	2	2	43	37	0.98	1	1	14	18	1	2	G
II	4515631	A	M	7	9	56.25%	2	2	42	45	0.98	1	1	1	6	5	4	C
II	4517047	T	Y	58	6	7.59%	2	2	47	35	0.98	1	1	40	18	5	1	C
II	4517483	C	M	33	2	5.71%	2	1	42	25	0.98	1	1	25	8	0	2	A
II	4518027	T	Y	115	7	5.74%	2	2	50	61	0.98	1	1	39	76	4	3	C
II	4518139	T	Y	116	8	6.45%	2	2	44	52	0.98	1	1	43	73	3	5	C
II	4518490	G	R	55	3	5.17%	2	2	44	37	0.98	1	1	27	28	2	1	A
II	4518532	C	Y	47	3	6%	2	1	44	37	0.98	1	1	27	20	0	3	T
II	4518548	A	R	49	3	5.77%	2	2	48	37	0.98	1	1	27	22	1	2	G
II	4521636	C	Y	12	5	29.41%	2	2	40	44	0.98	1	1	8	4	4	1	T
II	4523882	C	Y	19	17	47.22%	2	2	38	43	0.98	1	1	13	6	12	5	T
II	4525357	G	K	43	3	6.52%	2	1	41	33	0.98	1	1	11	32	3	0	T
II	4525822	C	Y	13	3	18.75%	2	2	45	37	0.98	1	1	9	4	2	1	T
II	4525894	C	Y	11	2	15.38%	2	1	40	37	0.98	1	1	2	9	0	2	T
II	4525966	C	Y	17	4	19.05%	2	2	40	37	0.98	1	1	6	11	1	3	T
II	4527852	C	M	35	2	5.41%	2	1	42	25	0.98	1	1	23	12	0	2	A
II	4527879	G	S	27	8	22.86%	2	2	48	38	0.98	1	1	12	15	4	4	C
II	4527881	C	Y	19	10	34.48%	2	2	38	42	0.98	1	1	13	6	4	6	T
II	4529116	T	Y	72	32	30.77%	2	2	49	45	0.98	1	1	36	36	13	19	C
II	4529965	A	R	37	26	41.27%	2	2	46	52	0.98	1	1	8	29	10	16	G
II	4529973	G	R	63	5	7.35%	2	2	45	59	0.98	1	1	16	47	2	3	A
II	4530119	C	Y	56	3	5.08%	2	1	45	37	0.98	1	1	34	22	0	3	T
II	4530323	G	R	35	6	14.63%	2	2	43	35	0.98	1	1	16	19	4	2	A
II	4530797	C	Y	40	12	23.08%	2	2	47	56	0.98	1	1	22	18	6	6	T
II	4531033	G	S	51	23	31.08%	2	2	43	41	0.98	1	1	32	19	13	10	C
II	4531092	G	R	51	24	32%	2	2	44	47	0.98	1	1	24	27	11	13	A
II	4531414	T	Y	49	70	58.82%	2	2	43	45	0.98	1	1	39	10	48	22	C
II	4531492	A	R	111	12	9.76%	2	2	49	37	0.98	1	1	69	42	6	6	G
II	4531592	G	R	63	43	40.57%	2	2	43	40	0.98	1	1	30	33	18	25	A
II	4531749	C	Y	63	29	31.18%	2	2	44	36	0.98	1	1	24	39	12	17	T
II	4531764	A	R	55	42	43.3%	2	2	40	39	0.98	1	1	21	34	25	17	G
II	4532072	G	R	94	6	6%	2	2	44	41	0.98	1	1	65	29	1	5	A
II	4532073	A	W	90	5	5.26%	2	2	44	44	0.98	1	1	65	25	1	4	T
II	4532088	G	K	46	52	53.06%	2	2	47	46	0.98	1	1	29	17	36	16	T
II	4532323	C	Y	79	11	12.22%	2	2	42	43	0.98	1	1	53	26	7	4	T
II	4533394	T	Y	62	43	40.95%	2	2	44	42	0.98	1	1	28	34	19	24	C
II	4533451	T	Y	51	41	44.57%	2	2	41	42	0.98	1	1	16	35	18	23	C
II	4533598	G	R	72	33	31.43%	2	2	46	36	0.98	1	1	42	30	19	14	A
II	4533617	A	R	83	35	29.66%	2	2	48	42	0.98	1	1	37	46	17	18	G
II	4533636	C	Y	80	50	38.46%	2	2	47	49	0.98	1	1	32	48	20	30	T
II	4533744	T	Y	89	47	34.56%	2	2	46	47	0.98	1	1	28	61	21	26	C
II	4533922	G	R	122	50	29.07%	2	2	46	46	0.98	1	1	51	71	20	30	A
II	4533994	T	Y	99	100	50.25%	2	2	43	42	0.98	1	1	58	41	61	39	C
II	4534246	C	M	110	47	29.94%	2	2	45	44	0.98	1	1	42	68	20	27	A
II	4534498	A	M	80	51	38.93%	2	2	45	44	0.98	1	1	51	29	37	14	C
II	4536550	C	M	126	49	28%	2	2	42	41	0.98	1	1	79	47	32	17	A
II	4536728	A	R	195	13	5.73%	2	1	46	40	0.98	1	1	84	111	13	0	G
II	4537214	T	Y	136	154	53.1%	2	2	46	50	0.98	1	1	79	57	87	67	C
II	4537402	A	R	187	15	7.43%	2	2	47	40	0.98	1	1	96	91	3	12	G
II	4537665	G	R	50	4	5.56%	2	1	44	35	0.98	1	1	27	23	0	4	A
II	4537844	T	Y	58	16	21.62%	2	2	47	43	0.98	1	1	32	26	8	8	C
II	4537892	A	R	83	6	6.74%	2	1	47	37	0.98	1	1	21	62	6	0	G
II	4537980	C	Y	66	8	10.81%	2	1	45	40	0.98	1	1	23	43	0	8	T
II	4538027	A	R	68	19	21.84%	2	2	46	51	0.98	1	1	28	40	17	2	G
II	4538036	G	K	58	113	66.08%	2	2	46	55	0.98	1	1	33	25	83	30	T
II	4538038	A	R	58	137	70.26%	2	2	46	55	0.98	1	1	34	24	101	36	G
II	4538047	G	R	231	134	36.71%	2	2	53	53	0.98	1	1	171	60	100	34	A
II	4538048	C	Y	186	181	49.32%	2	2	51	54	0.98	1	1	138	48	133	48	T
II	4538052	A	G	76	291	79.29%	2	2	48	54	0.98	1	1	58	18	210	81	G
II	4538065	G	R	267	120	31.01%	2	2	55	53	0.98	1	1	191	76	78	42	A
II	4538084	A	R	354	24	6.35%	2	2	55	47	0.98	1	1	237	117	19	5	G
II	4538085	T	K	356	26	6.81%	2	2	54	47	0.98	1	1	239	117	21	5	G
II	4538091	T	Y	219	152	38.38%	2	2	49	58	0.98	1	1	120	99	89	63	C
II	4538091	T	K	219	25	6.31%	2	2	49	48	0.98	1	1	120	99	20	5	C
II	4538114	A	R	56	56	50%	2	2	43	43	0.98	1	1	40	16	4	52	G
II	4538115	G	K	56	58	50.88%	2	2	43	43	0.98	1	1	40	16	4	54	T
II	4538116	G	R	56	57	50.44%	2	2	43	42	0.98	1	1	40	16	4	53	A
II	4538118	G	R	57	57	50%	2	2	43	43	0.98	1	1	41	16	4	53	A
II	4538122	G	S	56	58	50.88%	2	2	46	42	0.98	1	1	37	19	4	54	C
II	4538125	A	W	56	56	50%	2	2	45	43	0.98	1	1	37	19	4	52	T
II	4538126	C	S	58	58	50%	2	2	47	42	0.98	1	1	35	23	4	54	G
II	4538128	A	R	59	58	49.57%	2	2	46	43	0.98	1	1	37	22	4	54	G
II	4538164	A	W	60	70	53.85%	2	2	50	38	0.98	1	1	40	20	2	68	T
II	4538203	A	W	61	65	51.59%	2	2	53	46	0.98	1	1	22	39	7	58	T
II	4538216	A	W	65	66	50.38%	2	2	53	47	0.98	1	1	24	41	7	59	T
II	4538238	T	K	75	63	45.65%	2	2	51	45	0.98	1	1	29	46	7	56	G
II	4538244	A	R	72	63	46.67%	2	2	49	44	0.98	1	1	28	44	7	56	G
II	4538366	G	R	57	5	8.06%	2	2	56	59	0.98	1	1	31	26	1	4	A
II	4538531	T	W	39	5	11.36%	2	1	47	37	0.98	1	1	24	15	5	0	A
II	4538532	C	Y	38	5	11.63%	2	1	47	37	0.98	1	1	24	14	5	0	T
II	4538541	C	Y	38	7	15.56%	2	1	45	37	0.98	1	1	24	14	7	0	T
II	4538556	T	Y	31	17	35.42%	2	1	44	36	0.98	1	1	22	9	17	0	C
II	4538591	G	R	30	15	33.33%	2	2	46	39	0.98	1	1	22	8	14	1	A
II	4538770	T	Y	52	7	11.86%	2	2	46	40	0.98	1	1	35	17	4	3	C
II	4538906	C	Y	151	14	8.48%	2	2	46	47	0.98	1	1	102	49	9	5	T
II	4539133	A	W	292	29	8.95%	2	2	47	68	0.98	1	1	116	176	13	16	T
II	4539146	A	W	285	30	9.52%	2	2	48	67	0.98	1	1	107	178	13	17	T
II	4539168	T	K	273	30	9.9%	2	2	47	62	0.98	1	1	93	180	12	18	G
II	4539174	A	R	273	29	9.6%	2	2	45	62	0.98	1	1	92	181	11	18	G
II	4539524	G	R	64	4	5.88%	2	2	47	46	0.98	1	1	30	34	3	1	A
II	4539673	T	W	39	5	11.36%	2	2	42	42	0.98	1	1	16	23	3	2	A
II	4539725	T	Y	42	3	6.67%	2	2	42	37	0.98	1	1	14	28	2	1	C
III	5276	T	K	454	38	7.71%	2	2	41	36	0.98	1	1	325	129	35	3	G
III	5850	A	M	323	37	10.05%	2	1	38	29	0.98	1	1	295	28	0	37	C
III	12428	G	R	42	5	6.67%	2	1	39	33	0.98	1	1	25	17	0	5	A
III	15944	G	R	260	16	5.8%	2	2	41	39	0.98	1	1	135	125	3	13	A
III	16146	T	K	452	41	8.32%	2	2	40	37	0.98	1	1	344	108	40	1	G
III	16720	A	M	318	38	10.44%	2	1	38	29	0.98	1	1	299	19	0	38	C
III	29151	T	Y	15	3	16.67%	2	2	46	57	0.98	1	1	9	6	1	2	C
III	29156	C	M	15	3	16.67%	2	2	44	57	0.98	1	1	9	6	1	2	A
III	31884	T	Y	26	2	7.14%	2	2	44	74	0.98	1	1	18	8	1	1	C
III	33004	T	Y	22	7	24.14%	2	2	47	68	0.98	1	1	14	8	3	4	C
III	33006	C	S	21	7	25%	2	2	44	67	0.98	1	1	14	7	3	4	G
III	46494	A	W	16	4	20%	2	2	43	34	0.98	1	1	10	6	2	2	T
III	57877	A	M	31	2	6.06%	2	2	51	49	0.98	1	1	14	17	1	1	C
III	77354	G	R	18	2	10%	2	2	43	37	0.98	1	1	6	12	1	1	A
III	88663	C	M	8	2	20%	2	1	45	25	0.98	1	1	5	3	0	2	A
III	90298	C	Y	22	2	8.33%	2	1	44	37	0.98	1	1	10	12	0	2	T
III	90313	T	Y	27	2	6.9%	2	1	42	37	0.98	1	1	15	12	0	2	C
III	99466	T	Y	15	2	11.76%	2	1	43	49	0.98	1	1	1	14	2	0	C
III	114467	G	R	76	4	5%	2	1	43	37	0.98	1	1	44	32	4	0	A
III	114533	A	R	121	21	14.79%	2	2	46	55	0.98	1	1	84	37	13	8	G
III	114569	C	Y	128	23	15.23%	2	2	53	69	0.98	1	1	69	59	11	12	T
III	114570	A	R	129	23	15.13%	2	2	53	70	0.98	1	1	69	60	11	12	G
III	114607	T	K	135	23	14.56%	2	2	55	64	0.98	1	1	69	66	8	15	G
III	117005	C	S	17	3	15%	2	2	50	45	0.98	1	1	6	11	2	1	G
III	122100	C	Y	28	2	6.67%	2	1	44	37	0.98	1	1	19	9	2	0	T
III	123340	N	A	0	13	100%	0	2	0	42	0.98	0	1	0	0	5	8	A
III	125677	A	W	26	2	7.14%	2	1	48	37	0.98	1	1	14	12	0	2	T
III	141403	C	M	19	2	9.52%	2	1	37	27	0.98	1	1	3	16	2	0	A
III	153322	A	R	23	2	8%	2	2	42	37	0.98	1	1	9	14	1	1	G
III	158655	A	R	13	2	13.33%	2	2	36	74	0.98	1	1	7	6	1	1	G
III	174747	G	R	26	2	7.14%	2	1	46	37	0.98	1	1	12	14	0	2	A
III	189389	C	S	15	2	11.76%	2	1	38	37	0.98	1	1	6	9	2	0	G
III	193302	A	W	19	2	9.52%	2	1	46	55	0.98	1	1	11	8	0	2	T
III	207199	T	W	14	2	12.5%	2	1	40	27	0.98	1	1	3	11	2	0	A
III	212014	G	K	7	2	22.22%	1	1	35	31	0.98	1	1	0	7	2	0	T
III	212887	C	Y	29	2	6.45%	2	1	45	37	0.98	1	1	16	13	2	0	T
III	212888	C	S	30	2	6.25%	2	1	45	37	0.98	1	1	16	14	2	0	G
III	213617	C	Y	24	2	7.69%	2	2	52	55	0.98	1	1	13	11	1	1	T
III	227045	G	R	19	2	9.52%	2	1	46	55	0.98	1	1	8	11	0	2	A
III	227078	A	R	22	2	8.33%	2	1	40	37	0.98	1	1	9	13	0	2	G
III	227084	G	R	21	2	8.7%	2	1	42	37	0.98	1	1	8	13	0	2	A
III	227096	A	R	22	2	8.33%	2	1	44	37	0.98	1	1	11	11	0	2	G
III	227730	A	T	0	33	100%	0	2	0	51	0.98	0	1	0	0	19	14	T
III	253932	C	Y	8	2	20%	2	1	34	31	0.98	1	1	2	6	2	0	T
III	265205	C	M	13	10	43.48%	2	2	42	38	0.98	1	1	6	7	7	3	A
III	265288	T	W	17	2	10.53%	2	1	44	27	0.98	1	1	14	3	0	2	A
III	284657	C	A	0	5	100%	0	2	0	44	0.98	0	1	0	0	1	4	A
III	293952	T	W	16	2	11.11%	2	1	37	37	0.98	1	1	7	9	2	0	A
III	293953	G	K	17	2	10.53%	2	1	39	31	0.98	1	1	8	9	2	0	T
III	331806	T	W	20	4	16.67%	2	2	46	37	0.98	1	1	14	6	2	2	A
III	343042	G	K	14	2	12.5%	2	1	46	25	0.98	1	1	3	11	2	0	T
III	348320	G	S	25	2	7.41%	2	1	38	25	0.98	1	1	9	16	2	0	C
III	360201	A	M	10	2	16.67%	1	1	36	29	0.98	1	1	10	0	0	2	C
III	379849	A	W	27	2	6.9%	2	1	43	31	0.98	1	1	9	18	0	2	T
III	402942	G	K	15	4	21.05%	2	2	45	37	0.98	1	1	7	8	2	2	T
III	422796	T	K	19	2	9.52%	2	1	44	31	0.98	1	1	12	7	2	0	G
III	489251	C	G	0	31	100%	0	2	0	40	0.98	0	1	0	0	27	4	G
III	489505	C	M	94	6	6%	2	2	50	74	0.98	1	1	28	66	4	2	A
III	489507	T	Y	94	7	6.93%	2	2	50	72	0.98	1	1	27	67	4	3	C
III	489511	A	M	94	10	9.62%	2	2	50	74	0.98	1	1	29	65	6	4	C
III	489619	G	R	84	8	8.7%	2	1	50	46	0.98	1	1	52	32	0	8	A
III	489623	C	Y	84	8	8.7%	2	1	48	46	0.98	1	1	52	32	0	8	T
III	500225	C	Y	72	12	14.29%	2	2	44	40	0.98	1	1	33	39	1	11	T
III	500228	A	R	74	12	13.95%	2	2	45	40	0.98	1	1	34	40	1	11	G
III	500232	T	Y	75	11	12.79%	2	2	45	40	0.98	1	1	35	40	1	10	C
III	517730	G	T	0	17	100%	0	2	0	38	0.98	0	1	0	0	6	11	T
III	523523	T	K	23	2	8%	2	2	41	37	0.98	1	1	15	8	1	1	G
III	534127	T	K	17	2	10.53%	2	1	37	25	0.98	1	1	5	12	2	0	G
III	535632	T	K	19	2	9.52%	2	1	49	25	0.98	1	1	10	9	2	0	G
III	546338	T	Y	30	2	6.25%	2	1	42	55	0.98	1	1	19	11	0	2	C
III	562558	T	Y	25	2	7.41%	2	1	43	37	0.98	1	1	17	8	0	2	C
III	564418	C	Y	21	2	8.7%	2	2	44	31	0.98	1	1	7	14	1	1	T
III	569337	C	Y	17	5	22.73%	2	2	40	34	0.98	1	1	6	11	2	3	T
III	574955	A	R	9	3	25%	2	1	48	29	0.98	1	1	2	7	0	3	G
III	581017	T	K	7	2	22.22%	2	1	40	25	0.98	1	1	4	3	2	0	G
III	586603	G	R	15	10	40%	2	2	49	43	0.98	1	1	6	9	4	6	A
III	587658	A	R	18	2	10%	2	2	41	55	0.98	1	1	12	6	1	1	G
III	602818	C	M	15	4	21.05%	2	2	45	37	0.98	1	1	10	5	2	2	A
III	619152	A	W	8	2	20%	2	1	43	27	0.98	1	1	4	4	2	0	T
III	624753	A	W	17	2	10.53%	2	2	46	37	0.98	1	1	9	8	1	1	T
III	626743	T	Y	38	2	5%	2	1	47	37	0.98	1	1	18	20	0	2	C
III	632060	C	M	16	2	11.11%	2	2	50	37	0.98	1	1	9	7	1	1	A
III	632137	T	K	15	2	11.76%	2	2	43	37	0.98	1	1	4	11	1	1	G
III	667059	A	W	22	2	8.33%	2	2	46	37	0.98	1	1	8	14	1	1	T
III	701885	G	R	103	8	7.21%	2	1	52	37	0.98	1	1	61	42	8	0	A
III	701905	A	M	109	8	6.84%	2	2	53	55	0.98	1	1	64	45	6	2	C
III	701942	T	Y	100	7	6.54%	2	2	53	68	0.98	1	1	56	44	4	3	C
III	701943	G	R	101	8	7.34%	2	2	53	63	0.98	1	1	57	44	5	3	A
III	701979	T	Y	102	8	7.27%	2	2	45	56	0.98	1	1	39	63	1	7	C
III	704119	C	Y	11	2	15.38%	2	2	43	37	0.98	1	1	1	10	1	1	T
III	711312	C	Y	19	2	9.52%	2	2	50	37	0.98	1	1	7	12	1	1	T
III	720001	C	T	0	11	100%	0	2	0	44	0.98	0	1	0	0	4	7	T
III	733519	A	R	14	2	12.5%	2	2	46	37	0.98	1	1	8	6	1	1	G
III	756891	G	K	19	2	9.52%	2	1	43	27	0.98	1	1	12	7	0	2	T
III	784604	G	K	23	2	8%	2	1	40	25	0.98	1	1	20	3	0	2	T
III	816345	C	M	13	2	13.33%	2	1	43	25	0.98	1	1	5	8	2	0	A
III	826915	A	M	13	2	13.33%	2	1	36	37	0.98	1	1	5	8	2	0	C
III	833259	T	K	13	3	18.75%	2	1	37	29	0.98	1	1	2	11	3	0	G
III	836825	C	Y	26	2	7.14%	2	1	48	37	0.98	1	1	10	16	2	0	T
III	875445	A	M	19	2	9.52%	2	1	46	37	0.98	1	1	9	10	2	0	C
III	934482	T	K	21	2	8.7%	2	2	42	37	0.98	1	1	12	9	1	1	G
III	960062	G	R	57	3	5%	2	1	45	37	0.98	1	1	27	30	0	3	A
III	963343	A	G	0	60	100%	0	2	0	48	0.98	0	1	0	0	21	39	G
III	990615	G	R	30	2	6.25%	2	1	50	37	0.98	1	1	12	18	2	0	A
III	1009849	G	K	21	2	8.7%	2	2	50	55	0.98	1	1	16	5	1	1	T
III	1013067	T	K	22	2	8.33%	2	2	43	37	0.98	1	1	7	15	1	1	G
III	1013073	C	S	22	2	8.33%	2	2	39	37	0.98	1	1	6	16	1	1	G
III	1035630	T	Y	29	2	6.45%	2	2	47	37	0.98	1	1	21	8	1	1	C
III	1055739	T	Y	16	2	11.11%	2	2	39	37	0.98	1	1	13	3	1	1	C
III	1058594	A	M	18	2	10%	2	1	40	27	0.98	1	1	15	3	0	2	C
III	1095189	A	R	18	2	10%	2	1	43	29	0.98	1	1	12	6	2	0	G
III	1104990	G	K	16	2	11.11%	2	2	42	23	0.98	1	1	8	8	1	1	T
III	1117561	G	K	37	2	5.13%	2	1	42	31	0.98	1	1	20	17	2	0	T
III	1117592	T	W	37	3	7.5%	2	1	44	29	0.98	1	1	14	23	3	0	A
III	1124348	C	M	31	2	6.06%	2	1	45	22	0.98	1	1	16	15	2	0	A
III	1124352	T	W	26	2	7.14%	2	1	49	29	0.98	1	1	13	13	2	0	A
III	1131132	T	K	35	2	5.41%	2	1	46	31	0.98	1	1	13	22	2	0	G
III	1158378	G	S	24	2	7.69%	2	2	48	37	0.98	1	1	13	11	1	1	C
III	1165951	G	S	32	2	5.88%	2	2	45	37	0.98	1	1	14	18	1	1	C
III	1168328	T	C	0	10	100%	0	2	0	33	0.98	0	1	0	0	6	4	C
III	1168363	G	A	2	7	77.78%	1	2	37	37	0.98	1	1	2	0	6	1	A
III	1171465	C	M	21	2	8.7%	2	2	44	37	0.98	1	1	10	11	1	1	A
III	1175691	T	K	20	2	9.09%	2	1	42	25	0.98	1	1	12	8	2	0	G
III	1175945	A	R	25	2	7.41%	2	1	39	42	0.98	1	1	15	10	0	2	G
III	1200086	A	W	20	3	13.04%	2	1	49	49	0.98	1	1	12	8	3	0	T
III	1200366	T	Y	24	2	7.69%	2	1	42	37	0.98	1	1	11	13	2	0	C
III	1209316	T	Y	16	2	11.11%	2	2	44	37	0.98	1	1	10	6	1	1	C
III	1225877	T	K	25	3	10.71%	2	1	42	29	0.98	1	1	12	13	3	0	G
III	1225963	C	M	31	2	6.06%	2	1	40	29	0.98	1	1	9	22	2	0	A
III	1241747	T	Y	29	2	6.45%	2	1	43	37	0.98	1	1	13	16	0	2	C
III	1252505	G	K	9	4	28.57%	1	1	41	32	0.98	1	1	9	0	0	4	T
III	1265450	G	S	24	2	7.69%	2	1	44	37	0.98	1	1	13	11	2	0	C
III	1270419	A	W	22	4	15.38%	2	2	43	74	0.98	1	1	11	11	1	3	T
III	1289362	T	K	15	2	11.76%	2	1	45	25	0.98	1	1	7	8	2	0	G
III	1336430	C	M	32	2	5.88%	2	1	44	25	0.98	1	1	22	10	0	2	A
III	1358647	T	Y	9	2	18.18%	2	1	48	55	0.98	1	1	6	3	2	0	C
III	1364065	G	S	13	3	18.75%	2	1	47	37	0.98	1	1	5	8	0	3	C
III	1374938	A	T	0	18	100%	0	2	0	38	0.98	0	1	0	0	13	5	T
III	1379322	A	R	24	4	14.29%	2	2	47	37	0.98	1	1	17	7	2	2	G
III	1380402	C	M	27	2	6.9%	2	1	48	22	0.98	1	1	11	16	2	0	A
III	1383012	C	Y	35	2	5.41%	2	1	52	37	0.98	1	1	20	15	0	2	T
III	1383570	T	Y	32	2	5.88%	2	2	45	37	0.98	1	1	12	20	1	1	C
III	1423073	C	M	18	2	10%	2	1	47	25	0.98	1	1	10	8	2	0	A
III	1432023	C	M	10	3	23.08%	2	1	44	30	0.98	1	1	4	6	3	0	A
III	1439790	A	M	11	3	21.43%	1	1	34	33	0.98	1	1	11	0	0	3	C
III	1440328	C	M	17	2	10.53%	2	1	43	25	0.98	1	1	11	6	0	2	A
III	1445514	T	K	13	4	23.53%	2	1	42	28	0.98	1	1	3	10	4	0	G
III	1445520	T	K	16	3	15.79%	2	1	42	29	0.98	1	1	4	12	3	0	G
III	1466432	G	R	94	7	6.93%	2	2	47	37	0.98	1	1	54	40	4	3	A
III	1466437	G	R	95	8	7.77%	2	2	48	41	0.98	1	1	53	42	5	3	A
III	1466439	C	Y	94	8	7.84%	2	2	48	41	0.98	1	1	51	43	5	3	T
III	1474195	A	M	21	2	8.7%	2	2	47	37	0.98	1	1	11	10	1	1	C
III	1479994	T	W	26	2	7.14%	2	1	45	31	0.98	1	1	13	13	0	2	A
III	1493950	A	R	76	21	21.65%	2	2	43	51	0.98	1	1	23	53	9	12	G
III	1494129	T	K	128	32	19.88%	2	2	45	45	0.98	1	1	77	51	8	24	G
III	1494164	A	R	65	37	36.27%	2	2	47	44	0.98	1	1	33	32	10	27	G
III	1494181	A	W	68	30	30.61%	2	2	47	45	0.98	1	1	33	35	8	22	T
III	1494187	T	W	70	23	24.73%	2	2	46	40	0.98	1	1	31	39	6	17	A
III	1494192	G	R	72	16	18.18%	2	2	47	38	0.98	1	1	33	39	2	14	A
III	1494282	G	R	66	94	58.75%	2	2	42	36	0.98	1	1	23	43	38	56	A
III	1494303	G	R	70	45	39.13%	2	2	46	37	0.98	1	1	29	41	9	36	A
III	1494306	A	W	67	44	39.64%	2	2	45	35	0.98	1	1	25	42	8	36	T
III	1494312	A	R	71	45	38.79%	2	2	46	36	0.98	1	1	31	40	8	37	G
III	1494315	A	R	69	45	39.47%	2	2	46	36	0.98	1	1	30	39	8	37	G
III	1494318	A	R	67	45	40.18%	2	2	47	36	0.98	1	1	31	36	9	36	G
III	1494327	T	K	63	39	38.24%	2	2	46	36	0.98	1	1	31	32	8	31	G
III	1499389	C	Y	42	4	8.7%	2	1	42	46	0.98	1	1	26	16	0	4	T
III	1499390	A	W	42	4	8.7%	2	1	42	43	0.98	1	1	26	16	0	4	T
III	1499438	T	K	26	2	7.14%	2	1	43	49	0.98	1	1	6	20	2	0	G
III	1500288	G	S	40	3	6.98%	2	1	44	37	0.98	1	1	23	17	0	3	C
III	1510429	G	R	25	2	7.41%	2	1	40	37	0.98	1	1	10	15	0	2	A
III	1516003	T	K	5	2	28.57%	2	1	34	31	0.98	1	1	1	4	2	0	G
III	1534545	C	Y	10	2	16.67%	2	1	48	37	0.98	1	1	4	6	0	2	T
III	1574913	A	R	92	6	6.12%	2	2	51	49	0.98	1	1	39	53	2	4	G
III	1591674	T	K	31	2	6.06%	2	1	47	37	0.98	1	1	15	16	2	0	G
III	1598408	A	R	35	2	5.41%	2	2	49	37	0.98	1	1	20	15	1	1	G
III	1664734	C	M	10	3	23.08%	2	1	39	49	0.98	1	1	2	8	0	3	A
III	1683902	G	K	27	2	6.9%	2	1	40	37	0.98	1	1	7	20	0	2	T
III	1700191	T	Y	29	2	6.45%	2	2	42	37	0.98	1	1	20	9	1	1	C
III	1715701	C	M	35	2	5.41%	2	2	40	37	0.98	1	1	30	5	1	1	A
III	1717329	T	K	9	2	18.18%	2	1	42	31	0.98	1	1	1	8	2	0	G
III	1718427	G	K	16	2	10.53%	2	1	38	31	0.98	1	1	11	5	0	2	T
III	1724744	G	R	30	3	9.09%	2	2	50	33	0.98	1	1	14	16	1	2	A
III	1730554	A	W	17	6	26.09%	2	2	39	37	0.98	1	1	6	11	3	3	T
III	1730558	T	W	16	6	27.27%	2	2	39	33	0.98	1	1	5	11	3	3	A
III	1759628	A	R	16	2	11.11%	2	1	39	74	0.98	1	1	8	8	2	0	G
III	1765401	G	T	0	52	100%	0	2	0	47	0.98	0	1	0	0	29	23	T
III	1774235	T	Y	0	2	9.52%	0	1	0	37	0.98	0	1	0	0	2	0	C
III	1823247	A	W	27	3	10%	2	1	39	37	0.98	1	1	15	12	0	3	T
III	1826025	C	M	30	2	6.25%	2	1	44	37	0.98	1	1	17	13	0	2	A
III	1839007	G	K	21	2	8.7%	2	2	49	37	0.98	1	1	8	13	1	1	T
III	1855565	C	Y	32	2	5.88%	2	2	45	37	0.98	1	1	16	16	1	1	T
III	1884374	G	K	16	4	20%	2	2	49	34	0.98	1	1	10	6	2	2	T
III	1899666	A	W	22	3	12%	2	1	48	37	0.98	1	1	11	11	0	3	T
III	1953719	T	Y	13	2	13.33%	2	1	42	55	0.98	1	1	5	8	2	0	C
III	2002680	T	K	30	2	6.25%	2	1	43	37	0.98	1	1	7	23	0	2	G
III	2002962	C	M	17	2	10.53%	2	1	43	25	0.98	1	1	4	13	0	2	A
III	2006761	C	M	19	2	9.52%	2	1	48	61	0.98	1	1	7	12	0	2	A
III	2009668	G	K	9	3	25%	2	1	39	30	0.98	1	1	5	4	0	3	T
III	2013537	G	R	32	2	5.88%	2	2	50	37	0.98	1	1	18	14	1	1	A
III	2030028	G	S	28	2	6.67%	2	2	46	37	0.98	1	1	16	12	1	1	C
III	2037091	A	M	17	2	10.53%	2	2	42	74	0.98	1	1	14	3	1	1	C
III	2049819	A	W	12	2	14.29%	2	1	45	27	0.98	1	1	7	5	0	2	T
III	2067469	C	M	5	2	28.57%	2	1	42	31	0.98	1	1	2	3	0	2	A
III	2067914	T	Y	14	2	12.5%	2	1	37	37	0.98	1	1	7	7	0	2	C
III	2077062	C	M	14	2	12.5%	2	2	43	25	0.98	1	1	6	8	1	1	A
III	2084582	A	M	37	2	5.13%	2	1	42	25	0.98	1	1	12	25	0	2	C
III	2097002	A	R	20	2	9.09%	2	2	52	55	0.98	1	1	10	10	1	1	G
III	2098224	G	S	23	2	8%	2	2	42	37	0.98	1	1	14	9	1	1	C
III	2116696	C	S	19	2	9.52%	2	2	39	37	0.98	1	1	6	13	1	1	G
III	2125335	G	R	13	2	13.33%	2	2	47	37	0.98	1	1	5	8	1	1	A
III	2133864	T	W	13	3	18.75%	2	1	42	37	0.98	1	1	9	4	0	3	A
III	2137464	C	M	23	3	11.54%	2	1	44	33	0.98	1	1	9	14	3	0	A
III	2145342	T	W	45	3	6.25%	2	2	44	56	0.98	1	1	15	30	1	2	A
III	2150597	C	S	13	2	13.33%	1	1	35	33	0.98	1	1	0	13	2	0	G
III	2152636	A	M	8	2	20%	2	2	46	37	0.98	1	1	2	6	1	1	C
III	2201476	G	K	10	2	16.67%	2	2	42	23	0.98	1	1	4	6	1	1	T
III	2202552	A	M	17	2	10.53%	2	1	51	33	0.98	1	1	15	2	0	2	C
III	2209473	G	K	31	2	6.06%	2	2	52	37	0.98	1	1	3	28	1	1	T
III	2212966	A	W	20	2	9.09%	2	2	36	37	0.98	1	1	5	15	1	1	T
III	2227988	C	S	14	2	12.5%	2	1	43	25	0.98	1	1	11	3	0	2	G
III	2260500	T	W	25	2	7.41%	2	1	41	31	0.98	1	1	13	12	2	0	A
III	2267349	C	Y	25	2	7.41%	2	1	42	37	0.98	1	1	9	16	2	0	T
III	2283735	G	K	16	2	11.11%	2	1	42	27	0.98	1	1	4	12	2	0	T
III	2297331	A	R	15	2	11.76%	2	1	45	55	0.98	1	1	6	9	0	2	G
III	2308732	C	M	12	2	14.29%	2	1	46	37	0.98	1	1	7	5	2	0	A
III	2308734	C	M	12	2	14.29%	2	1	44	37	0.98	1	1	7	5	2	0	A
III	2328398	G	K	28	2	6.67%	2	1	47	22	0.98	1	1	10	18	2	0	T
III	2381979	G	T	0	7	100%	0	2	0	42	0.98	0	1	0	0	6	1	T
III	2415236	C	M	12	2	14.29%	2	2	43	74	0.98	1	1	4	8	1	1	A
III	2419788	T	K	18	2	10%	2	2	45	37	0.98	1	1	9	9	1	1	G
III	2419792	A	M	19	2	9.52%	2	2	46	31	0.98	1	1	10	9	1	1	C
III	2430861	T	Y	14	2	12.5%	2	2	44	37	0.98	1	1	7	7	1	1	C
III	2430999	C	T	0	6	100%	0	2	0	43	0.98	0	1	0	0	5	1	T
III	2431090	A	R	6	2	25%	2	2	55	37	0.98	1	1	3	3	1	1	G
III	2431133	G	K	10	3	23.08%	2	1	51	49	0.98	1	1	2	8	3	0	T
III	2431152	T	K	14	3	17.65%	2	2	52	49	0.98	1	1	8	6	2	1	G
III	2431265	G	R	19	2	9.52%	2	1	50	68	0.98	1	1	11	8	2	0	A
III	2431268	T	K	17	2	10.53%	2	1	52	74	0.98	1	1	11	6	2	0	G
III	2431278	A	R	16	2	11.11%	2	1	53	74	0.98	1	1	10	6	2	0	G
III	2435137	C	Y	14	2	12.5%	2	1	52	37	0.98	1	1	8	6	2	0	T
III	2440586	A	R	252	14	5.26%	2	2	47	36	0.98	1	1	112	140	3	11	G
III	2447413	T	K	715	62	7.97%	2	1	38	30	0.98	1	1	85	630	62	0	G
III	2448310	A	W	55	5	8.33%	2	2	39	34	0.98	1	1	45	10	2	3	T
III	2448311	A	W	62	8	11.27%	2	1	39	35	0.98	1	1	51	11	0	8	T
III	2448544	T	W	1101	79	6.69%	2	2	47	50	0.98	1	1	468	633	41	38	A
mitochondrial	1139	A	W	2806	150	5.07%	2	2	44	36	0.98	1	1	1459	1347	129	21	T
