Chrom	Position	Ref	Cons	Reads1	Reads2	VarFreq	Strands1	Strands2	Qual1	Qual2	Pvalue	MapQual1	MapQual2	Reads1Plus	Reads1Minus	Reads2Plus	Reads2Minus	VarAllele
chr_II_telomeric_gap	4787	G	A	0	15	100%	0	2	0	45	0.98	0	1	0	0	9	6	A
I	459	C	M	43	68	61.26%	2	2	47	48	0.98	1	1	15	28	33	35	A
I	783	T	Y	63	30	32.26%	2	2	42	40	0.98	1	1	43	20	13	17	C
I	798	G	R	69	25	26.6%	2	2	44	37	0.98	1	1	46	23	15	10	A
I	955	C	Y	78	69	46.94%	2	2	44	45	0.98	1	1	33	45	42	27	T
I	1055	T	Y	129	26	16.77%	2	2	51	37	0.98	1	1	48	81	11	15	C
I	1133	A	R	68	90	56.96%	2	2	45	49	0.98	1	1	28	40	28	62	G
I	1455	C	Y	44	39	46.99%	2	2	47	48	0.98	1	1	24	20	22	17	T
I	1514	C	S	36	41	53.25%	2	2	48	43	0.98	1	1	14	22	17	24	G
I	1750	G	R	55	14	20.29%	2	2	52	51	0.98	1	1	25	30	2	12	A
I	2582	T	Y	37	35	48.61%	2	2	43	45	0.98	1	1	30	7	21	14	C
I	2822	C	Y	63	5	7.35%	2	1	41	44	0.98	1	1	38	25	0	5	T
I	3431	A	R	47	60	56.07%	2	2	51	50	0.98	1	1	20	27	29	31	G
I	4666	G	R	29	5	14.71%	2	2	45	39	0.98	1	1	14	15	4	1	A
I	4668	C	S	39	4	9.3%	2	2	48	43	0.98	1	1	23	16	3	1	G
I	5677	G	K	30	3	5.66%	2	1	39	26	0.98	1	1	29	1	0	3	-A
I	6583	G	R	28	16	36.36%	2	2	44	44	0.98	1	1	12	16	10	6	A
I	6727	G	R	28	11	28.21%	2	2	38	36	0.98	1	1	18	10	3	8	A
I	6912	A	M	69	6	8%	2	1	50	35	0.98	1	1	38	31	0	6	C
I	7192	C	M	41	4	7.27%	2	1	39	31	0.98	1	1	34	7	0	4	A
I	8666	G	R	39	26	40%	2	2	46	45	0.98	1	1	20	19	11	15	A
I	10913	G	R	9	9	50%	2	2	35	43	0.98	1	1	6	3	4	5	A
I	17608	C	Y	33	4	10.81%	2	1	46	37	0.98	1	1	21	12	0	4	T
I	17639	T	Y	34	2	5.56%	2	1	46	37	0.98	1	1	21	13	0	2	C
I	17706	G	R	36	2	5.26%	2	2	45	31	0.98	1	1	17	19	1	1	A
I	17723	A	R	33	4	10.81%	2	2	42	55	0.98	1	1	15	18	3	1	G
I	17733	A	R	33	2	5.71%	2	1	40	55	0.98	1	1	15	18	2	0	G
I	17957	T	Y	61	4	6.15%	2	2	51	46	0.98	1	1	26	35	3	1	C
I	17965	A	R	60	5	7.69%	2	2	52	56	0.98	1	1	23	37	3	2	G
I	18099	A	R	66	22	25%	2	2	47	43	0.98	1	1	43	23	18	4	G
I	18104	A	R	76	11	12.64%	2	2	45	57	0.98	1	1	51	25	8	3	G
I	18140	T	Y	87	15	14.71%	2	2	46	51	0.98	1	1	64	23	10	5	C
I	18218	G	R	103	16	13.45%	2	2	56	38	0.98	1	1	64	39	11	5	A
I	18318	G	R	81	42	34.15%	2	2	44	45	0.98	1	1	31	50	32	10	A
I	18470	C	S	117	8	6.4%	2	2	49	55	0.98	1	1	29	88	2	6	G
I	18471	C	Y	118	8	6.35%	2	2	49	55	0.98	1	1	29	89	2	6	T
I	18475	C	Y	72	55	43.31%	2	2	48	47	0.98	1	1	21	51	10	45	T
I	27402	A	M	1	2	12.5%	1	1	74	37	0.98	1	1	1	0	0	2	C
I	28393	G	R	85	5	5.56%	2	1	41	59	0.98	1	1	15	70	5	0	A
I	28424	C	S	48	5	9.43%	2	2	50	66	0.98	1	1	23	25	3	2	G
I	28446	A	W	48	3	5.88%	2	2	51	74	0.98	1	1	24	24	2	1	T
I	29373	T	Y	28	2	6.45%	2	1	46	55	0.98	1	1	12	16	2	0	C
I	31879	C	S	9	2	18.18%	2	1	43	37	0.98	1	1	4	5	2	0	G
I	43227	T	Y	15	2	11.76%	2	1	44	55	0.98	1	1	13	2	0	2	C
I	49315	A	R	17	2	10.53%	2	2	42	37	0.98	1	1	9	8	1	1	G
I	78133	T	W	27	2	6.9%	2	2	47	74	0.98	1	1	9	18	1	1	A
I	94835	A	R	32	2	5.88%	2	2	46	37	0.98	1	1	18	14	1	1	G
I	95555	C	M	13	2	13.33%	2	1	51	37	0.98	1	1	8	5	2	0	A
I	96157	G	R	26	2	7.14%	2	1	51	37	0.98	1	1	17	9	0	2	A
I	96227	T	Y	20	3	13.04%	2	1	49	74	0.98	1	1	15	5	3	0	C
I	98629	A	M	53	7	11.67%	2	1	45	37	0.98	1	1	29	24	7	0	C
I	98632	C	Y	54	7	11.48%	2	1	45	37	0.98	1	1	29	25	7	0	T
I	98639	A	W	73	11	13.1%	2	2	45	47	0.98	1	1	41	32	10	1	T
I	98777	T	Y	130	18	12.16%	2	2	52	61	0.98	1	1	62	68	10	8	C
I	99057	T	Y	140	12	7.89%	2	2	50	43	0.98	1	1	76	64	10	2	C
I	99066	G	R	128	21	14.09%	2	2	55	54	0.98	1	1	69	59	14	7	A
I	99204	A	W	87	23	20.91%	2	2	46	42	0.98	1	1	36	51	4	19	T
I	99211	A	R	85	6	6.59%	2	2	45	37	0.98	1	1	36	49	1	5	G
I	99214	G	K	82	6	6.82%	2	2	47	37	0.98	1	1	33	49	1	5	T
I	101871	A	R	2	5	10.64%	1	2	33	37	0.98	1	1	2	0	3	2	G
I	106317	G	K	23	2	8%	2	1	50	25	0.98	1	1	12	11	2	0	T
I	114927	T	C	0	26	100%	0	2	0	47	0.98	0	1	0	0	15	11	C
I	134064	C	Y	35	2	5.41%	2	2	50	37	0.98	1	1	23	12	1	1	T
I	134073	G	R	34	2	5.56%	2	2	50	37	0.98	1	1	23	11	1	1	A
I	134076	C	Y	35	2	5.41%	2	2	50	37	0.98	1	1	24	11	1	1	T
I	145983	A	W	21	2	8.7%	2	1	44	25	0.98	1	1	14	7	0	2	T
I	146518	C	Y	33	2	5.71%	2	1	50	37	0.98	1	1	15	18	2	0	T
I	149051	T	K	38	2	5%	2	2	45	31	0.98	1	1	16	22	1	1	G
I	155854	A	W	27	4	12.9%	2	2	43	37	0.98	1	1	6	21	2	2	T
I	157398	C	S	32	2	5.88%	2	1	42	37	0.98	1	1	14	18	0	2	G
I	166093	A	M	38	2	5%	2	1	50	25	0.98	1	1	15	23	0	2	C
I	172939	A	M	34	2	5.56%	2	1	46	33	0.98	1	1	20	14	0	2	C
I	193999	A	M	31	3	8.82%	2	1	41	29	0.98	1	1	12	19	0	3	C
I	202373	C	M	5	2	28.57%	2	1	34	25	0.98	1	1	2	3	2	0	A
I	239703	A	M	18	2	10%	2	1	56	25	0.98	1	1	10	8	0	2	C
I	241378	G	K	18	2	10%	2	1	40	27	0.98	1	1	14	4	0	2	T
I	243900	G	R	19	2	9.52%	2	2	40	37	0.98	1	1	7	12	1	1	A
I	290700	C	S	33	2	5.71%	2	1	49	55	0.98	1	1	12	21	2	0	G
I	291744	A	R	34	2	5.56%	2	2	42	49	0.98	1	1	22	12	1	1	G
I	306884	A	M	29	2	6.45%	2	1	47	25	0.98	1	1	23	6	0	2	C
I	335159	T	W	27	2	6.9%	2	1	47	74	0.98	1	1	19	8	0	2	A
I	350515	A	R	28	2	6.67%	2	1	53	55	0.98	1	1	12	16	2	0	G
I	400891	C	S	25	3	10.71%	2	1	49	37	0.98	1	1	20	5	3	0	G
I	411376	T	W	38	2	5%	2	1	44	27	0.98	1	1	17	21	2	0	A
I	411398	T	W	33	2	5.56%	2	1	42	25	0.98	1	1	6	27	2	0	A
I	411400	C	M	34	2	5.56%	2	1	36	31	0.98	1	1	5	29	2	0	A
I	411408	T	W	37	2	5.13%	2	1	37	25	0.98	1	1	9	28	2	0	A
I	411414	T	W	37	2	5.13%	2	1	35	31	0.98	1	1	7	30	2	0	A
I	417642	A	W	23	2	8%	2	1	45	25	0.98	1	1	14	9	0	2	T
I	417677	C	M	25	2	7.41%	2	1	45	31	0.98	1	1	19	6	0	2	A
I	437627	C	M	16	2	11.11%	2	1	53	25	0.98	1	1	6	10	0	2	A
I	450989	T	Y	33	2	5.71%	2	1	47	37	0.98	1	1	18	15	0	2	C
I	473427	G	K	13	3	15%	2	1	35	34	0.98	1	1	11	2	0	3	T
I	482739	T	K	37	3	7.5%	2	2	50	37	0.98	1	1	20	17	1	2	G
I	486897	G	K	15	3	16.67%	2	2	44	57	0.98	1	1	8	7	1	2	T
I	496838	C	M	25	3	10.71%	2	2	48	49	0.98	1	1	8	17	1	2	A
I	498954	T	W	20	2	9.09%	2	1	40	31	0.98	1	1	11	9	2	0	A
I	517803	A	M	31	2	6.06%	2	1	43	25	0.98	1	1	15	16	0	2	C
I	521590	G	S	36	3	7.69%	2	1	46	37	0.98	1	1	21	15	0	3	C
I	521766	G	K	37	2	5.13%	2	1	41	31	0.98	1	1	22	15	0	2	T
I	523099	G	K	31	2	6.06%	2	1	39	25	0.98	1	1	10	21	2	0	T
I	523162	G	K	26	2	7.14%	2	1	41	25	0.98	1	1	11	15	2	0	T
I	523603	G	A	0	46	100%	0	2	0	42	0.98	0	1	0	0	20	26	A
I	523883	G	A	0	42	100%	0	2	0	46	0.98	0	1	0	0	26	16	A
I	527156	C	A	0	30	100%	0	2	0	51	0.98	0	1	0	0	13	17	A
I	541775	C	M	16	2	11.11%	2	1	45	37	0.98	1	1	12	4	0	2	A
I	553923	T	W	21	2	8.7%	2	2	39	37	0.98	1	1	9	12	1	1	A
I	582489	A	W	17	2	10%	2	2	42	37	0.98	1	1	6	11	1	1	T
I	584561	A	R	31	2	6.06%	2	1	47	74	0.98	1	1	22	9	0	2	G
I	598604	T	W	13	2	13.33%	2	1	48	37	0.98	1	1	6	7	0	2	A
I	650099	C	M	4	4	33.33%	2	1	37	37	0.98	1	1	2	2	0	4	A
I	653915	G	K	23	2	8%	2	1	49	31	0.98	1	1	14	9	2	0	T
I	673135	A	M	19	2	9.52%	2	2	53	49	0.98	1	1	9	10	1	1	C
I	694215	G	R	10	3	23.08%	2	1	37	33	0.98	1	1	5	5	0	3	A
I	738817	C	Y	15	3	16.67%	2	2	44	37	0.98	1	1	4	11	1	2	T
I	759334	G	T	0	13	100%	0	2	0	42	0.98	0	1	0	0	5	8	T
I	801911	C	T	0	30	100%	0	2	0	44	0.98	0	1	0	0	15	15	T
I	804151	T	W	26	4	13.33%	2	2	45	46	0.98	1	1	17	9	1	3	A
I	804925	A	R	30	6	16.67%	2	2	46	47	0.98	1	1	10	20	3	3	G
I	814537	A	W	17	3	15%	2	2	42	49	0.98	1	1	5	12	2	1	T
I	831920	T	K	14	3	17.65%	2	1	44	30	0.98	1	1	2	12	3	0	G
I	862964	G	T	0	28	100%	0	2	0	54	0.98	0	1	0	0	16	12	T
I	870814	A	R	24	2	7.69%	2	2	44	55	0.98	1	1	11	13	1	1	G
I	874403	C	M	14	2	12.5%	2	1	36	27	0.98	1	1	10	4	0	2	A
I	889254	G	K	31	2	6.06%	2	2	48	37	0.98	1	1	21	10	1	1	T
I	889316	A	M	25	2	7.41%	2	1	46	31	0.98	1	1	10	15	0	2	C
I	895107	G	K	29	2	6.45%	2	2	45	31	0.98	1	1	15	14	1	1	T
I	921391	T	W	27	2	6.9%	2	2	41	31	0.98	1	1	12	15	1	1	A
I	921850	C	M	26	2	7.14%	2	2	42	37	0.98	1	1	13	13	1	1	A
I	949545	T	K	8	11	57.89%	2	1	49	30	0.98	1	1	1	7	11	0	G
I	949549	T	K	13	2	13.33%	2	1	40	31	0.98	1	1	8	5	2	0	G
I	949587	G	K	12	2	14.29%	2	1	47	31	0.98	1	1	4	8	2	0	T
I	959283	T	Y	37	2	5.13%	2	1	45	31	0.98	1	1	25	12	0	2	C
I	960643	G	K	40	16	28.57%	2	2	45	52	0.98	1	1	19	21	10	6	T
I	964191	T	Y	31	2	6.06%	2	1	50	74	0.98	1	1	15	16	0	2	C
I	964264	T	Y	38	2	5%	2	2	44	37	0.98	1	1	14	24	1	1	C
I	967918	C	M	37	2	5.13%	2	1	45	27	0.98	1	1	14	23	2	0	A
I	974263	C	M	27	2	6.9%	2	1	50	31	0.98	1	1	9	18	0	2	A
I	1004651	G	R	32	2	5.88%	2	1	43	31	0.98	1	1	20	12	2	0	A
I	1008723	G	R	26	2	7.14%	2	1	44	37	0.98	1	1	11	15	0	2	A
I	1033839	A	W	15	2	11.76%	2	2	48	37	0.98	1	1	8	7	1	1	T
I	1038404	C	M	36	4	10%	2	2	49	46	0.98	1	1	14	22	1	3	A
I	1038491	G	K	27	3	10%	2	1	43	33	0.98	1	1	11	16	3	0	T
I	1048253	T	K	28	2	6.67%	2	2	41	37	0.98	1	1	13	15	1	1	G
I	1149181	A	M	34	2	5.56%	2	1	45	25	0.98	1	1	17	17	0	2	C
I	1152134	A	W	33	2	5.71%	2	1	51	31	0.98	1	1	11	22	0	2	T
I	1165099	T	K	32	2	5.88%	2	1	40	25	0.98	1	1	19	13	2	0	G
I	1176361	T	Y	36	2	5.26%	2	1	43	31	0.98	1	1	24	12	0	2	C
I	1183504	C	M	19	4	17.39%	2	2	46	37	0.98	1	1	12	7	3	1	A
I	1189988	A	M	33	2	5.71%	2	2	50	28	0.98	1	1	14	19	1	1	C
I	1236561	T	Y	23	2	8%	2	2	42	68	0.98	1	1	14	9	1	1	C
I	1253413	T	W	34	2	5.56%	2	1	46	37	0.98	1	1	12	22	0	2	A
I	1266507	A	W	25	2	7.41%	2	1	41	37	0.98	1	1	20	5	2	0	T
I	1268065	A	W	34	2	5.56%	2	2	51	55	0.98	1	1	12	22	1	1	T
I	1271611	G	R	31	2	6.06%	2	2	48	55	0.98	1	1	12	19	1	1	A
I	1272818	A	R	15	2	11.76%	2	1	41	74	0.98	1	1	8	7	0	2	G
I	1312374	C	S	26	2	7.14%	2	2	48	31	0.98	1	1	14	12	1	1	G
I	1312378	A	R	27	2	6.9%	2	2	48	31	0.98	1	1	16	11	1	1	G
I	1315581	G	S	32	2	5.88%	2	2	46	37	0.98	1	1	12	20	1	1	C
I	1358993	T	K	10	2	16.67%	2	2	46	37	0.98	1	1	7	3	1	1	G
I	1366222	T	K	22	2	8.33%	2	2	48	31	0.98	1	1	7	15	1	1	G
I	1375683	A	M	27	2	6.9%	2	2	44	31	0.98	1	1	22	5	1	1	C
I	1376494	A	M	34	2	5.56%	2	1	44	31	0.98	1	1	21	13	0	2	C
I	1380084	G	K	25	2	7.41%	2	1	42	27	0.98	1	1	15	10	0	2	T
I	1380087	C	M	27	3	10%	2	1	43	29	0.98	1	1	15	12	0	3	A
I	1380126	A	M	27	2	6.9%	2	1	44	25	0.98	1	1	21	6	0	2	C
I	1381469	A	M	21	3	12.5%	2	1	43	30	0.98	1	1	12	9	0	3	C
I	1406619	A	R	35	2	5.41%	2	2	49	37	0.98	1	1	16	19	1	1	G
I	1424598	T	K	26	2	7.14%	2	1	44	31	0.98	1	1	13	13	0	2	G
I	1424709	A	C	0	2	100%	0	1	0	37	0.98	0	1	0	0	2	0	C
I	1428177	G	S	40	3	6.98%	2	1	46	37	0.98	1	1	15	25	0	3	C
I	1430656	C	S	29	2	6.45%	2	2	49	37	0.98	1	1	15	14	1	1	G
I	1438311	A	R	25	2	7.41%	2	2	46	37	0.98	1	1	13	12	1	1	G
I	1447575	A	W	17	2	10.53%	2	1	40	31	0.98	1	1	15	2	0	2	T
I	1459259	A	R	33	2	5.71%	2	1	50	55	0.98	1	1	18	15	2	0	G
I	1478752	G	S	32	2	5.88%	2	1	41	37	0.98	1	1	13	19	0	2	C
I	1482378	A	M	12	2	14.29%	2	1	52	37	0.98	1	1	5	7	0	2	C
I	1487012	A	W	35	2	5.41%	2	1	43	37	0.98	1	1	18	17	2	0	T
I	1535053	T	K	18	2	10%	2	1	46	25	0.98	1	1	9	9	2	0	G
I	1535056	G	K	18	2	10%	2	1	47	25	0.98	1	1	9	9	2	0	T
I	1535334	A	W	32	2	5.88%	2	1	38	31	0.98	1	1	24	8	0	2	T
I	1535363	G	K	27	2	6.9%	2	1	42	27	0.98	1	1	23	4	0	2	T
I	1538835	T	Y	32	2	5.88%	2	1	41	37	0.98	1	1	11	21	0	2	C
I	1543089	T	Y	37	2	5.13%	2	1	50	37	0.98	1	1	23	14	0	2	C
I	1545074	T	K	6	4	40%	1	1	35	34	0.98	1	1	0	6	4	0	G
I	1545171	C	Y	20	2	9.09%	2	1	44	37	0.98	1	1	9	11	2	0	T
I	1551404	A	R	17	2	10.53%	2	1	46	31	0.98	1	1	10	7	2	0	G
I	1578140	T	K	13	2	13.33%	2	1	36	25	0.98	1	1	3	10	2	0	G
I	1582837	C	A	0	21	100%	0	2	0	40	0.98	0	1	0	0	10	11	A
I	1591752	T	W	11	3	21.43%	2	1	51	33	0.98	1	1	5	6	3	0	A
I	1627570	T	W	22	2	8.33%	2	2	44	37	0.98	1	1	13	9	1	1	A
I	1630482	G	C	0	19	100%	0	2	0	40	0.98	0	1	0	0	6	13	C
I	1648109	G	K	47	3	6%	2	1	44	37	0.98	1	1	23	24	3	0	T
I	1653058	C	M	29	2	6.45%	2	1	45	25	0.98	1	1	9	20	2	0	A
I	1653062	C	M	27	2	6.9%	2	1	46	25	0.98	1	1	7	20	2	0	A
I	1666906	C	M	11	3	21.43%	2	1	43	25	0.98	1	1	5	6	3	0	A
I	1684768	T	Y	27	2	6.9%	2	1	46	74	0.98	1	1	12	15	2	0	C
I	1689437	C	M	25	4	13.79%	2	2	43	34	0.98	1	1	6	19	2	2	A
I	1692377	C	Y	24	2	7.69%	2	2	41	31	0.98	1	1	12	12	1	1	T
I	1692534	T	K	22	2	8.33%	2	2	42	37	0.98	1	1	10	12	1	1	G
I	1702831	C	Y	17	2	10.53%	2	2	45	37	0.98	1	1	11	6	1	1	T
I	1769620	T	W	20	2	9.09%	2	1	48	31	0.98	1	1	7	13	2	0	A
I	1783458	C	T	0	40	100%	0	2	0	44	0.98	0	1	0	0	19	21	T
I	1812890	A	W	25	2	7.41%	2	1	40	25	0.98	1	1	11	14	0	2	T
I	1812922	C	M	16	2	11.11%	2	1	38	27	0.98	1	1	13	3	0	2	A
I	1812931	A	M	21	2	8.7%	2	1	41	31	0.98	1	1	12	9	0	2	C
I	1821620	A	R	10	2	16.67%	2	2	42	37	0.98	1	1	4	6	1	1	G
I	1825926	G	K	13	2	13.33%	2	1	36	25	0.98	1	1	3	10	2	0	T
I	1829368	C	M	19	3	13.64%	2	1	39	26	0.98	1	1	14	5	0	3	A
I	1830170	C	Y	28	2	6.67%	2	1	48	31	0.98	1	1	22	6	2	0	T
I	1831692	A	M	16	2	11.11%	2	1	39	27	0.98	1	1	14	2	0	2	C
I	1834120	C	M	16	2	11.11%	1	1	36	37	0.98	1	1	16	0	0	2	A
I	1834141	C	M	11	7	38.89%	2	1	41	26	0.98	1	1	10	1	0	7	A
I	1834160	G	K	8	7	46.67%	2	1	38	30	0.98	1	1	7	1	0	7	T
I	1834430	A	W	29	2	6.45%	2	1	42	25	0.98	1	1	22	7	0	2	T
I	1834432	G	K	30	3	9.09%	2	1	42	25	0.98	1	1	20	10	0	3	T
I	1840324	T	K	22	2	8.33%	2	1	46	37	0.98	1	1	10	12	2	0	G
I	1890184	C	M	10	2	11.76%	2	1	41	31	0.98	1	1	6	4	0	2	A
I	1916858	T	Y	36	2	5.26%	2	2	44	55	0.98	1	1	21	15	1	1	C
I	1936424	A	R	31	2	6.06%	2	2	50	37	0.98	1	1	14	17	1	1	G
I	1937690	G	S	36	2	5.26%	2	1	50	25	0.98	1	1	17	19	2	0	C
I	1943774	G	R	21	3	12.5%	1	1	37	31	0.98	1	1	21	0	0	3	A
I	1965374	G	K	18	2	10%	2	1	48	33	0.98	1	1	6	12	2	0	T
I	1988337	A	M	21	2	8.7%	2	2	44	37	0.98	1	1	10	11	1	1	C
I	1999192	G	C	0	29	100%	0	2	0	47	0.98	0	1	0	0	18	11	C
I	2025036	G	K	17	2	10.53%	2	1	37	27	0.98	1	1	3	14	2	0	T
I	2025039	G	K	18	3	14.29%	2	1	37	29	0.98	1	1	3	15	3	0	T
I	2053488	T	K	21	3	12.5%	2	1	39	25	0.98	1	1	1	20	3	0	G
I	2053958	C	Y	14	2	12.5%	2	2	44	61	0.98	1	1	5	9	1	1	T
I	2072206	T	K	25	2	7.41%	2	1	43	31	0.98	1	1	14	11	2	0	G
I	2093200	G	K	22	2	8.33%	2	1	46	37	0.98	1	1	14	8	0	2	T
I	2093268	A	M	22	2	8.33%	2	1	43	25	0.98	1	1	13	9	0	2	C
I	2093273	A	M	18	3	14.29%	2	1	44	26	0.98	1	1	14	4	0	3	C
I	2104091	G	T	0	25	100%	0	2	0	45	0.98	0	1	0	0	10	15	T
I	2104097	C	A	0	23	100%	0	2	0	46	0.98	0	1	0	0	9	14	A
I	2104259	C	Y	27	2	6.9%	2	2	44	37	0.98	1	1	16	11	1	1	T
I	2107463	T	K	28	2	6.67%	2	1	39	25	0.98	1	1	21	7	2	0	G
I	2108559	A	R	53	6	10.17%	2	1	44	41	0.98	1	1	27	26	0	6	G
I	2130672	C	Y	24	4	14.29%	2	2	47	55	0.98	1	1	13	11	2	2	T
I	2132219	C	M	19	2	9.52%	2	1	46	25	0.98	1	1	9	10	0	2	A
I	2135050	A	R	52	3	5.45%	2	1	46	65	0.98	1	1	33	19	0	3	G
I	2143735	T	Y	14	2	12.5%	2	2	55	37	0.98	1	1	7	7	1	1	C
I	2144308	T	Y	38	2	5%	2	2	48	37	0.98	1	1	20	18	1	1	C
I	2178180	T	K	26	2	7.14%	2	2	51	37	0.98	1	1	14	12	1	1	G
I	2221971	G	K	30	2	6.25%	2	1	44	31	0.98	1	1	12	18	0	2	T
I	2227936	T	W	1	3	25%	1	1	37	33	0.98	1	1	1	0	0	3	A
I	2230569	A	R	29	2	6.45%	2	1	42	37	0.98	1	1	11	18	2	0	G
I	2231264	T	Y	19	2	9.52%	2	1	40	43	0.98	1	1	16	3	0	2	C
I	2235218	C	S	25	6	19.35%	2	2	48	37	0.98	1	1	9	16	3	3	G
I	2281035	A	W	36	2	5.26%	2	2	41	37	0.98	1	1	16	20	1	1	T
I	2306909	G	R	13	2	13.33%	2	1	44	61	0.98	1	1	9	4	2	0	A
I	2323320	T	K	33	6	15.38%	2	1	45	29	0.98	1	1	6	27	6	0	G
I	2323335	A	W	38	2	5%	2	1	41	31	0.98	1	1	9	29	2	0	T
I	2327008	C	M	12	2	14.29%	2	1	42	25	0.98	1	1	8	4	0	2	A
I	2330154	G	K	15	2	11.76%	2	1	39	31	0.98	1	1	3	12	2	0	T
I	2331027	C	S	33	2	5.71%	2	1	50	55	0.98	1	1	13	20	2	0	G
I	2355869	T	Y	20	2	9.09%	2	2	45	37	0.98	1	1	4	16	1	1	C
I	2360371	G	R	25	2	7.41%	2	2	45	37	0.98	1	1	13	12	1	1	A
I	2375199	A	W	38	2	5%	2	1	46	25	0.98	1	1	18	20	0	2	T
I	2376076	T	W	30	2	6.25%	2	2	48	37	0.98	1	1	16	14	1	1	A
I	2416908	A	R	20	3	11.11%	2	2	43	49	0.98	1	1	15	5	2	1	G
I	2443448	A	M	27	6	18.18%	2	2	39	35	0.98	1	1	15	12	3	3	C
I	2450715	T	Y	24	2	7.69%	2	2	52	37	0.98	1	1	18	6	1	1	C
I	2458477	A	M	37	2	5.13%	2	1	46	55	0.98	1	1	22	15	0	2	C
I	2480055	C	M	22	2	8.33%	2	1	39	25	0.98	1	1	15	7	0	2	A
I	2484007	A	W	27	2	6.9%	2	2	46	49	0.98	1	1	18	9	1	1	T
I	2493446	G	S	14	2	12.5%	2	2	47	37	0.98	1	1	8	6	1	1	C
I	2503984	T	W	25	2	7.41%	2	1	38	27	0.98	1	1	21	4	0	2	A
I	2506044	T	A	0	30	100%	0	2	0	44	0.98	0	1	0	0	17	13	A
I	2511761	A	W	27	2	6.9%	2	1	43	27	0.98	1	1	19	8	0	2	T
I	2537170	G	R	38	2	5%	2	2	45	37	0.98	1	1	22	16	1	1	A
I	2544949	T	K	37	3	7.5%	2	1	35	29	0.98	1	1	3	34	3	0	G
I	2556757	A	M	12	3	18.75%	2	1	42	27	0.98	1	1	11	1	0	3	C
I	2562808	T	W	22	2	8.33%	2	2	50	37	0.98	1	1	9	13	1	1	A
I	2605764	T	A	0	30	100%	0	2	0	48	0.98	0	1	0	0	13	17	A
I	2605863	T	W	32	2	5.88%	2	1	40	33	0.98	1	1	12	20	2	0	A
I	2639028	C	M	17	2	10.53%	2	1	47	25	0.98	1	1	8	9	2	0	A
I	2693171	A	W	20	2	9.09%	2	1	49	25	0.98	1	1	7	13	0	2	T
I	2719441	T	Y	10	2	16.67%	2	1	43	37	0.98	1	1	6	4	2	0	C
I	2727269	A	W	36	2	5.26%	2	1	42	37	0.98	1	1	5	31	0	2	T
I	2740811	A	W	16	2	11.11%	2	2	42	37	0.98	1	1	8	8	1	1	T
I	2747078	A	G	0	23	100%	0	2	0	38	0.98	0	1	0	0	7	16	G
I	2751919	A	M	34	2	5.56%	2	2	49	37	0.98	1	1	15	19	1	1	C
I	2756987	A	W	17	2	10.53%	2	1	45	37	0.98	1	1	9	8	2	0	T
I	2759873	T	Y	10	2	16.67%	1	1	37	37	0.98	1	1	0	10	0	2	C
I	2765894	A	W	24	2	7.69%	2	2	50	37	0.98	1	1	11	13	1	1	T
I	2788931	A	M	31	2	6.06%	2	2	51	25	0.98	1	1	15	16	1	1	C
I	2810316	G	K	19	2	9.52%	2	1	42	27	0.98	1	1	9	10	0	2	T
I	2814517	G	K	9	2	18.18%	2	2	42	23	0.98	1	1	2	7	1	1	T
I	2824830	T	K	28	2	6.67%	2	1	43	31	0.98	1	1	6	22	2	0	G
I	2824837	C	M	25	2	7.41%	2	1	40	27	0.98	1	1	5	20	2	0	A
I	2845755	T	K	22	2	8.33%	2	1	51	55	0.98	1	1	12	10	2	0	G
I	2858011	A	R	21	4	16%	2	2	44	37	0.98	1	1	11	10	2	2	G
I	2881324	C	M	34	2	5.56%	2	1	51	55	0.98	1	1	14	20	0	2	A
I	2891127	C	M	13	2	13.33%	2	1	42	27	0.98	1	1	4	9	0	2	A
I	2892519	A	R	19	2	9.52%	2	2	42	55	0.98	1	1	10	9	1	1	G
I	2897636	A	R	48	6	11.11%	2	1	42	33	0.98	1	1	17	31	6	0	G
I	2905501	T	K	30	2	6.25%	2	1	45	55	0.98	1	1	20	10	2	0	G
I	2908809	A	R	31	2	6.06%	2	1	40	31	0.98	1	1	17	14	2	0	G
I	2926235	A	M	56	3	5.08%	2	1	42	33	0.98	1	1	40	16	0	3	C
I	2931053	T	W	17	2	10.53%	2	1	41	31	0.98	1	1	13	4	2	0	A
I	2931450	G	R	79	9	10.23%	2	1	49	37	0.98	1	1	47	32	9	0	A
I	2943954	A	R	96	9	8.49%	2	2	48	31	0.98	1	1	47	49	7	2	G
I	2944074	T	Y	85	8	8.6%	2	2	46	33	0.98	1	1	34	51	7	1	C
I	2944308	T	Y	123	8	6.11%	2	1	47	37	0.98	1	1	72	51	8	0	C
I	2970063	A	R	49	4	7.55%	2	2	48	34	0.98	1	1	23	26	2	2	G
I	2977268	A	W	22	2	8.33%	2	1	41	25	0.98	1	1	10	12	2	0	T
I	2993754	T	Y	31	2	6.06%	2	2	52	49	0.98	1	1	17	14	1	1	C
I	2994434	C	A	0	23	100%	0	2	0	51	0.98	0	1	0	0	8	15	A
I	3004549	T	W	23	2	8%	2	1	40	37	0.98	1	1	11	12	2	0	A
I	3036899	T	W	37	2	5.13%	2	1	44	74	0.98	1	1	20	17	0	2	A
I	3057319	A	M	29	2	6.45%	2	1	44	37	0.98	1	1	15	14	0	2	C
I	3063188	T	K	38	2	5%	2	2	46	37	0.98	1	1	20	18	1	1	G
I	3072061	C	M	38	2	5%	2	2	47	37	0.98	1	1	25	13	1	1	A
I	3111508	A	G	0	17	100%	0	2	0	45	0.98	0	1	0	0	9	8	G
I	3115841	C	A	0	50	100%	0	2	0	51	0.98	0	1	0	0	37	13	A
I	3116510	T	K	33	4	10.81%	2	1	43	74	0.98	1	1	18	15	0	4	G
I	3119299	G	A	0	17	100%	0	2	0	37	0.98	0	1	0	0	4	13	A
I	3137560	C	M	30	6	16.67%	2	2	48	37	0.98	1	1	14	16	1	5	A
I	3142196	T	W	19	2	9.52%	2	2	45	31	0.98	1	1	7	12	1	1	A
I	3162047	T	K	6	3	33.33%	2	1	46	27	0.98	1	1	4	2	3	0	G
I	3166776	G	K	4	2	8.7%	1	1	49	29	0.98	1	1	4	0	0	2	+TTT
I	3177594	T	Y	36	2	5.26%	2	2	46	55	0.98	1	1	26	10	1	1	C
I	3179238	G	C	0	45	100%	0	2	0	47	0.98	0	1	0	0	25	20	C
I	3186798	G	A	0	46	100%	0	2	0	48	0.98	0	1	0	0	23	23	A
I	3189178	T	W	28	2	6.67%	2	2	49	37	0.98	1	1	14	14	1	1	A
I	3191429	G	K	25	3	10.71%	1	1	36	26	0.98	1	1	0	25	3	0	T
I	3215874	T	K	23	2	8%	2	1	46	37	0.98	1	1	13	10	2	0	G
I	3245952	A	R	10	2	16.67%	2	2	39	37	0.98	1	1	2	8	1	1	G
I	3257938	A	M	16	2	11.11%	2	1	50	37	0.98	1	1	8	8	2	0	C
I	3259533	A	M	35	2	5.41%	2	1	50	37	0.98	1	1	18	17	2	0	C
I	3280342	G	S	22	2	8.33%	2	2	44	36	0.98	1	1	10	12	1	1	C
I	3281939	C	M	30	2	6.25%	2	2	48	25	0.98	1	1	17	13	1	1	A
I	3285148	G	S	26	2	7.14%	2	1	42	37	0.98	1	1	13	13	2	0	C
I	3294780	G	T	0	40	100%	0	2	0	45	0.98	0	1	0	0	14	26	T
I	3303396	T	Y	20	3	13.04%	2	2	41	57	0.98	1	1	3	17	1	2	C
I	3306642	T	K	26	2	7.14%	2	1	43	31	0.98	1	1	8	18	2	0	G
I	3311750	A	M	29	2	6.45%	2	1	43	37	0.98	1	1	17	12	0	2	C
I	3313229	G	R	29	2	6.45%	2	2	52	61	0.98	1	1	17	12	1	1	A
I	3324804	G	K	19	2	9.52%	2	2	38	29	0.98	1	1	7	12	1	1	T
I	3349299	G	R	20	3	13.04%	2	1	46	37	0.98	1	1	12	8	3	0	A
I	3349589	C	S	30	2	6.25%	2	2	45	37	0.98	1	1	16	14	1	1	G
I	3370734	G	R	22	2	8.33%	2	2	50	37	0.98	1	1	13	9	1	1	A
I	3388107	T	K	33	2	5.71%	2	1	40	55	0.98	1	1	8	25	2	0	G
I	3390731	A	M	36	2	5.26%	2	1	48	37	0.98	1	1	17	19	0	2	C
I	3392508	G	S	24	2	7.69%	2	1	44	31	0.98	1	1	10	14	0	2	C
I	3392511	T	Y	24	2	7.69%	2	1	42	37	0.98	1	1	11	13	0	2	C
I	3392516	G	K	26	2	7.14%	2	1	42	37	0.98	1	1	11	15	0	2	T
I	3403293	A	W	27	2	6.9%	2	1	48	74	0.98	1	1	7	20	2	0	T
I	3403298	C	M	27	2	6.9%	2	1	49	74	0.98	1	1	7	20	2	0	A
I	3404991	C	M	9	2	12.5%	2	1	41	25	0.98	1	1	7	2	0	2	A
I	3415487	G	S	10	2	16.67%	2	1	37	25	0.98	1	1	9	1	0	2	C
I	3420112	T	Y	32	2	5.88%	2	2	47	37	0.98	1	1	19	13	1	1	C
I	3443146	T	K	23	2	8%	2	1	50	37	0.98	1	1	12	11	2	0	G
I	3443157	G	K	20	2	9.09%	2	1	42	33	0.98	1	1	8	12	2	0	T
I	3450131	T	A	0	3	100%	0	1	0	37	0.98	0	1	0	0	0	3	A
I	3471082	C	S	16	2	11.11%	2	2	48	31	0.98	1	1	6	10	1	1	G
I	3490536	A	R	35	2	5.41%	2	1	51	37	0.98	1	1	16	19	2	0	G
I	3494590	A	M	16	2	11.11%	2	2	47	31	0.98	1	1	4	12	1	1	C
I	3495300	C	M	21	2	8.7%	2	2	48	37	0.98	1	1	9	12	1	1	A
I	3534326	A	M	19	2	9.52%	2	1	40	25	0.98	1	1	6	13	0	2	C
I	3538450	A	T	0	16	100%	0	2	0	43	0.98	0	1	0	0	5	11	T
I	3543492	G	S	27	2	6.9%	2	2	41	37	0.98	1	1	10	17	1	1	C
I	3548913	T	A	0	15	100%	0	2	0	42	0.98	0	1	0	0	7	8	A
I	3553445	A	M	40	3	6.98%	2	1	47	33	0.98	1	1	21	19	0	3	C
I	3566242	A	W	27	2	6.9%	2	1	49	37	0.98	1	1	14	13	2	0	T
I	3574791	G	K	20	2	9.09%	2	1	42	28	0.98	1	1	7	13	0	2	T
I	3576756	T	Y	1	2	18.18%	1	1	74	55	0.98	1	1	0	1	2	0	C
I	3580034	C	Y	5	2	15.38%	2	1	33	31	0.98	1	1	4	1	0	2	+T
I	3583106	G	A	0	54	100%	0	2	0	51	0.98	0	1	0	0	23	31	A
I	3606504	A	M	34	2	5.56%	2	2	47	31	0.98	1	1	22	12	1	1	C
I	3618085	G	R	31	2	6.06%	2	2	39	37	0.98	1	1	20	11	1	1	A
I	3627577	T	Y	27	2	6.9%	2	1	49	37	0.98	1	1	18	9	0	2	C
I	3631356	T	Y	25	2	7.41%	2	1	46	55	0.98	1	1	15	10	2	0	C
I	3640705	G	K	31	2	6.06%	2	1	44	25	0.98	1	1	23	8	0	2	T
I	3640723	A	M	32	2	5.88%	2	1	41	25	0.98	1	1	23	9	0	2	C
I	3645880	A	M	14	3	17.65%	2	1	50	29	0.98	1	1	9	5	0	3	C
I	3657502	A	W	24	2	7.69%	2	1	39	31	0.98	1	1	18	6	0	2	T
I	3657523	A	M	30	2	6.25%	2	1	39	37	0.98	1	1	23	7	0	2	C
I	3660180	G	K	20	2	9.09%	2	1	39	29	0.98	1	1	19	1	0	2	T
I	3680717	A	M	35	2	5.41%	2	1	42	55	0.98	1	1	18	17	2	0	C
I	3686574	A	R	22	2	8.33%	2	2	44	37	0.98	1	1	9	13	1	1	G
I	3707774	T	Y	14	2	12.5%	2	2	46	31	0.98	1	1	5	9	1	1	C
I	3723065	G	R	18	12	40%	2	2	40	48	0.98	1	1	8	10	8	4	A
I	3725841	A	W	20	2	9.09%	2	1	46	25	0.98	1	1	12	8	0	2	T
I	3730191	T	W	35	6	14.63%	2	2	56	37	0.98	1	1	11	24	3	3	A
I	3747887	C	S	36	3	7.69%	2	1	43	37	0.98	1	1	16	20	3	0	G
I	3747892	C	S	36	2	5.26%	2	1	44	37	0.98	1	1	16	20	2	0	G
I	3754675	A	W	39	3	7.14%	2	1	46	26	0.98	1	1	17	22	0	3	T
I	3756171	T	K	23	2	8%	2	1	39	29	0.98	1	1	5	18	2	0	G
I	3761504	C	M	64	7	9.86%	2	2	49	52	0.98	1	1	37	27	2	5	A
I	3761560	T	Y	70	7	9.09%	2	2	49	51	0.98	1	1	45	25	6	1	C
I	3761566	T	Y	68	8	10.53%	2	2	47	59	0.98	1	1	47	21	5	3	C
I	3766545	T	W	24	2	7.69%	2	2	46	37	0.98	1	1	9	15	1	1	A
I	3778776	C	Y	76	6	7.32%	2	1	49	37	0.98	1	1	47	29	0	6	T
I	3778777	C	Y	69	6	8%	2	1	47	37	0.98	1	1	46	23	0	6	T
I	3780769	G	K	77	5	6.1%	2	1	50	51	0.98	1	1	34	43	5	0	T
I	3787673	C	Y	56	4	6.67%	2	1	51	37	0.98	1	1	27	29	4	0	T
I	3787766	A	R	48	13	21.31%	2	1	44	36	0.98	1	1	26	22	13	0	G
I	3790897	A	W	18	4	18.18%	2	2	46	37	0.98	1	1	9	9	2	2	T
I	3807119	A	M	49	3	5.77%	2	1	46	37	0.98	1	1	27	22	3	0	C
I	3831510	T	W	17	2	10.53%	2	2	47	37	0.98	1	1	9	8	1	1	A
I	3846787	C	M	37	2	5.13%	2	1	39	31	0.98	1	1	6	31	2	0	A
I	3851264	T	W	25	2	7.41%	2	2	50	37	0.98	1	1	13	12	1	1	A
I	3862035	A	R	20	2	9.09%	2	2	41	37	0.98	1	1	11	9	1	1	G
I	3866138	A	W	12	2	14.29%	2	1	49	37	0.98	1	1	2	10	2	0	T
I	3866142	A	R	8	2	20%	2	1	54	37	0.98	1	1	2	6	2	0	G
I	3866932	A	M	35	2	5.41%	2	1	50	31	0.98	1	1	19	16	0	2	C
I	3867799	A	W	36	2	5.26%	2	1	50	33	0.98	1	1	15	21	0	2	T
I	3885577	C	Y	27	2	6.9%	2	2	45	37	0.98	1	1	17	10	1	1	T
I	3900994	A	W	26	2	7.14%	2	2	41	37	0.98	1	1	18	8	1	1	T
I	3910557	G	K	25	2	7.41%	2	1	39	25	0.98	1	1	20	5	0	2	T
I	3910609	A	M	15	2	11.76%	2	1	39	31	0.98	1	1	12	3	0	2	C
I	3911531	A	R	38	2	5%	2	2	51	55	0.98	1	1	21	17	1	1	G
I	3983489	A	R	165	10	5.71%	2	2	47	40	0.98	1	1	79	86	9	1	G
I	3983670	T	Y	181	10	5.24%	2	2	48	36	0.98	1	1	87	94	3	7	C
I	3984278	C	Y	125	18	12.59%	2	2	46	39	0.98	1	1	72	53	12	6	T
I	3986088	G	R	16	2	11.11%	2	1	50	31	0.98	1	1	8	8	2	0	A
I	3987329	A	W	26	2	7.14%	2	2	44	37	0.98	1	1	14	12	1	1	T
I	3987811	T	K	33	2	5.71%	2	1	42	25	0.98	1	1	8	25	2	0	G
I	3992127	A	M	18	2	10%	2	1	41	31	0.98	1	1	6	12	0	2	C
I	3992214	C	A	0	8	100%	0	2	0	35	0.98	0	1	0	0	1	7	A
I	3993810	T	W	2	2	28.57%	2	1	37	31	0.98	1	1	1	1	0	2	A
I	3993921	G	K	7	2	22.22%	2	2	38	25	0.98	1	1	3	4	1	1	T
I	4006450	G	S	33	2	5.71%	2	1	48	74	0.98	1	1	16	17	0	2	C
I	4061865	T	Y	36	2	5.26%	2	2	49	37	0.98	1	1	22	14	1	1	C
I	4063529	A	R	102	6	5.56%	2	2	48	33	0.98	1	1	42	60	4	2	G
I	4063562	C	Y	100	6	5.61%	2	2	45	37	0.98	1	1	37	63	5	1	T
I	4063796	T	Y	95	5	5%	2	1	51	38	0.98	1	1	48	47	5	0	C
I	4063876	T	Y	70	5	6.67%	2	2	47	30	0.98	1	1	32	38	3	2	C
I	4082409	C	M	16	4	20%	2	2	48	37	0.98	1	1	7	9	2	2	A
I	4122133	C	M	22	2	8.33%	2	1	40	25	0.98	1	1	12	10	0	2	A
I	4138779	G	K	47	4	7.84%	2	2	48	46	0.98	1	1	26	21	3	1	T
I	4140045	A	R	30	2	6.25%	2	1	42	37	0.98	1	1	9	21	2	0	G
I	4141496	C	M	24	3	11.11%	2	2	43	37	0.98	1	1	12	12	2	1	A
I	4145295	C	M	37	2	5.13%	2	2	47	37	0.98	1	1	25	12	1	1	A
I	4161311	C	M	19	2	9.52%	2	1	51	25	0.98	1	1	14	5	0	2	A
I	4177943	G	K	22	2	8.33%	2	1	40	22	0.98	1	1	18	4	0	2	T
I	4192110	A	M	18	3	14.29%	2	1	48	37	0.98	1	1	8	10	0	3	C
I	4214534	C	Y	25	2	7.41%	2	2	47	37	0.98	1	1	13	12	1	1	T
I	4234734	T	W	24	2	7.69%	2	1	39	33	0.98	1	1	9	15	2	0	A
I	4237500	T	W	19	2	9.52%	2	2	48	37	0.98	1	1	9	10	1	1	A
I	4250203	A	R	25	2	7.41%	2	2	41	37	0.98	1	1	17	8	1	1	G
I	4266179	T	K	22	2	8.33%	2	1	39	31	0.98	1	1	14	8	2	0	G
I	4268916	T	K	36	3	7.69%	2	1	44	27	0.98	1	1	6	30	3	0	G
I	4305496	C	M	37	2	5.13%	2	1	46	25	0.98	1	1	24	13	0	2	A
I	4313499	A	R	27	2	6.9%	2	1	48	55	0.98	1	1	13	14	2	0	G
I	4316464	T	Y	29	4	12.12%	2	2	44	37	0.98	1	1	16	13	3	1	C
I	4316485	G	R	34	2	5.56%	2	2	41	37	0.98	1	1	22	12	1	1	A
I	4316500	C	M	25	2	7.41%	2	1	43	37	0.98	1	1	15	10	2	0	A
I	4316549	T	Y	23	2	8%	2	1	43	37	0.98	1	1	11	12	0	2	C
I	4316584	C	Y	25	2	7.41%	2	1	46	37	0.98	1	1	12	13	0	2	T
I	4316599	T	K	34	2	5.56%	2	1	48	37	0.98	1	1	11	23	0	2	G
I	4316641	T	Y	33	2	5.71%	2	1	44	37	0.98	1	1	9	24	0	2	C
I	4316683	A	R	37	4	9.76%	2	2	45	39	0.98	1	1	18	19	2	2	G
I	4316686	G	R	36	3	7.69%	2	2	45	61	0.98	1	1	17	19	1	2	A
I	4316710	T	Y	34	4	10.53%	2	2	47	37	0.98	1	1	19	15	3	1	C
I	4316806	T	Y	27	2	6.9%	2	1	52	37	0.98	1	1	14	13	2	0	C
I	4316857	C	Y	34	3	8.11%	2	1	45	49	0.98	1	1	15	19	0	3	T
I	4333379	C	Y	48	5	9.43%	2	1	51	37	0.98	1	1	30	18	5	0	T
I	4337088	T	K	27	2	6.9%	2	1	48	25	0.98	1	1	11	16	2	0	G
I	4353726	G	K	37	5	11.9%	2	2	38	74	0.98	1	1	17	20	3	2	T
I	4364727	A	M	4	2	33.33%	1	1	37	31	0.98	1	1	0	4	0	2	C
I	4375421	A	T	0	16	100%	0	2	0	41	0.98	0	1	0	0	6	10	T
I	4378721	T	Y	16	2	11.11%	2	1	37	37	0.98	1	1	13	3	0	2	C
I	4380566	T	W	9	5	35.71%	2	2	37	42	0.98	1	1	5	4	2	3	A
I	4388940	C	S	55	4	6.78%	2	2	52	37	0.98	1	1	26	29	2	2	G
I	4395179	G	K	16	2	11.11%	2	1	43	25	0.98	1	1	9	7	0	2	T
I	4400046	C	M	20	2	9.09%	2	1	43	27	0.98	1	1	13	7	0	2	A
I	4417218	G	S	29	2	6.45%	2	2	52	37	0.98	1	1	10	19	1	1	C
I	4442714	G	A	0	62	100%	0	2	0	51	0.98	0	1	0	0	24	38	A
I	4453621	A	R	25	2	7.41%	2	2	45	55	0.98	1	1	9	16	1	1	G
I	4457183	T	K	25	2	7.41%	2	1	49	25	0.98	1	1	17	8	2	0	G
I	4472201	T	W	33	5	13.16%	2	1	44	27	0.98	1	1	9	24	5	0	A
I	4472205	T	W	36	2	5.26%	2	1	45	31	0.98	1	1	12	24	2	0	A
I	4501125	A	M	25	2	7.41%	2	1	43	37	0.98	1	1	12	13	0	2	C
I	4504518	G	S	33	2	5.71%	2	1	44	25	0.98	1	1	15	18	0	2	C
I	4516200	G	R	24	2	7.69%	2	2	47	31	0.98	1	1	8	16	1	1	A
I	4557468	T	W	18	2	10%	2	1	39	27	0.98	1	1	5	13	2	0	A
I	4557500	C	M	17	2	10.53%	2	1	42	25	0.98	1	1	9	8	2	0	A
I	4582665	T	W	16	3	15.79%	2	1	35	34	0.98	1	1	3	13	3	0	A
I	4593831	T	K	22	2	8.33%	2	1	51	31	0.98	1	1	15	7	2	0	G
I	4604649	C	Y	10	3	20%	2	1	34	30	0.98	1	1	9	1	0	3	T
I	4612085	C	M	31	2	6.06%	2	1	40	25	0.98	1	1	22	9	2	0	A
I	4612113	C	M	31	2	6.06%	2	1	40	25	0.98	1	1	23	8	2	0	A
I	4612145	T	W	32	2	5.88%	2	1	40	31	0.98	1	1	19	13	2	0	A
I	4648160	G	T	1	6	85.71%	1	2	25	35	0.98	1	1	1	0	5	1	T
I	4648161	G	K	9	12	57.14%	2	2	34	46	0.98	1	1	8	1	8	4	T
I	4660666	T	W	31	2	6.06%	2	1	43	74	0.98	1	1	21	10	0	2	A
I	4700982	A	W	13	2	13.33%	2	1	44	25	0.98	1	1	4	9	2	0	T
I	4701784	C	M	19	2	9.52%	2	1	48	25	0.98	1	1	7	12	2	0	A
I	4712418	A	R	31	2	6.06%	2	2	50	37	0.98	1	1	16	15	1	1	G
I	4731109	T	W	11	2	15.38%	2	2	47	37	0.98	1	1	6	5	1	1	A
I	4732982	T	Y	21	2	8.7%	2	1	42	49	0.98	1	1	13	8	0	2	C
I	4764253	G	R	12	3	8.11%	2	1	43	31	0.98	1	1	10	2	0	3	A
I	4771707	G	R	36	8	18.18%	2	2	51	41	0.98	1	1	13	23	5	3	A
I	4786075	T	Y	19	2	9.52%	2	2	46	55	0.98	1	1	7	12	1	1	C
I	4840062	C	M	23	2	8%	2	1	45	25	0.98	1	1	11	12	0	2	A
I	4876626	T	K	32	2	5.88%	2	1	51	31	0.98	1	1	16	16	2	0	G
I	4878387	A	R	19	2	9.52%	2	1	39	36	0.98	1	1	8	11	2	0	G
I	4894280	G	K	28	2	6.67%	2	1	45	25	0.98	1	1	17	11	0	2	T
I	4914830	G	S	12	2	14.29%	2	1	46	37	0.98	1	1	5	7	0	2	C
I	4919603	A	G	0	43	100%	0	2	0	43	0.98	0	1	0	0	8	35	G
I	4923654	T	K	21	2	8.7%	2	1	47	37	0.98	1	1	3	18	2	0	G
I	4928798	T	Y	36	2	5.26%	2	1	48	37	0.98	1	1	17	19	0	2	C
I	4953374	A	W	19	2	9.52%	2	1	43	23	0.98	1	1	5	14	2	0	T
I	4959986	G	K	33	2	5.71%	2	1	43	31	0.98	1	1	16	17	0	2	T
I	4959999	C	M	35	2	5.41%	2	1	41	27	0.98	1	1	17	18	0	2	A
I	4965426	T	K	14	2	12.5%	2	1	46	27	0.98	1	1	5	9	2	0	G
I	4965999	A	W	40	3	6.98%	2	1	46	37	0.98	1	1	16	24	3	0	T
I	4966001	T	K	44	4	8.33%	2	1	45	37	0.98	1	1	17	27	4	0	G
I	4978214	A	W	17	6	26.09%	2	1	47	35	0.98	1	1	9	8	0	6	T
I	4999491	T	W	34	2	5.56%	2	2	45	55	0.98	1	1	16	18	1	1	A
I	5005004	A	M	38	3	7.32%	2	1	44	30	0.98	1	1	33	5	0	3	C
I	5017153	A	W	20	4	16.67%	2	2	43	37	0.98	1	1	8	12	2	2	T
I	5036848	G	K	26	2	7.14%	1	1	39	27	0.98	1	1	26	0	0	2	T
I	5036862	A	M	26	5	16.13%	2	1	40	28	0.98	1	1	25	1	0	5	C
I	5037230	C	M	18	14	43.75%	2	2	41	43	0.98	1	1	7	11	9	5	A
I	5041435	A	M	32	2	5.88%	2	1	47	31	0.98	1	1	13	19	0	2	C
I	5042906	C	M	38	2	5%	2	1	40	25	0.98	1	1	22	16	0	2	A
I	5042964	C	M	29	2	6.45%	2	1	44	25	0.98	1	1	13	16	0	2	A
I	5046142	A	M	37	3	7.5%	2	2	52	37	0.98	1	1	17	20	1	2	C
I	5068259	G	K	25	2	7.41%	2	1	41	29	0.98	1	1	7	18	2	0	T
I	5068271	G	K	25	2	7.41%	2	1	41	25	0.98	1	1	6	19	2	0	T
I	5068741	T	Y	33	4	10.81%	2	2	44	37	0.98	1	1	9	24	2	2	C
I	5068795	G	R	22	4	15.38%	2	2	47	37	0.98	1	1	10	12	2	2	A
I	5101769	C	Y	26	2	7.14%	2	1	43	37	0.98	1	1	13	13	2	0	T
I	5127194	G	R	22	3	12%	2	1	39	37	0.98	1	1	5	17	3	0	A
I	5142627	A	R	1	3	11.54%	1	2	37	66	0.98	1	1	1	0	1	2	G
I	5142650	A	M	22	2	8.33%	2	1	52	55	0.98	1	1	10	12	0	2	C
I	5154550	G	R	18	2	10%	2	1	44	37	0.98	1	1	11	7	2	0	A
I	5173113	C	M	18	2	10%	2	1	45	25	0.98	1	1	6	12	0	2	A
I	5176771	G	K	11	2	15.38%	2	2	43	37	0.98	1	1	4	7	1	1	T
I	5176918	G	K	11	2	15.38%	2	1	40	31	0.98	1	1	6	5	0	2	T
I	5179165	G	S	38	3	7.32%	2	1	45	37	0.98	1	1	19	19	0	3	C
I	5181326	G	K	26	2	7.14%	2	1	44	24	0.98	1	1	18	8	0	2	T
I	5199768	C	Y	34	3	8.11%	2	1	51	33	0.98	1	1	21	13	3	0	T
I	5245473	T	Y	36	2	5.26%	2	2	47	23	0.98	1	1	19	17	1	1	C
I	5263209	A	R	21	2	8.7%	2	2	45	29	0.98	1	1	8	13	1	1	G
I	5266579	A	M	35	2	5.41%	2	2	40	55	0.98	1	1	19	16	1	1	C
I	5295073	T	K	24	2	7.69%	2	1	47	37	0.98	1	1	10	14	2	0	G
I	5300229	G	T	0	12	100%	0	2	0	42	0.98	0	1	0	0	11	1	T
I	5300775	C	M	18	2	10%	2	1	46	25	0.98	1	1	6	12	2	0	A
I	5300803	C	M	13	3	18.75%	2	2	43	22	0.98	1	1	4	9	2	1	A
I	5324157	A	W	15	2	11.76%	2	2	37	37	0.98	1	1	8	7	1	1	T
I	5325807	A	W	28	3	9.68%	2	1	41	33	0.98	1	1	10	18	3	0	T
I	5335934	T	K	24	2	7.69%	2	2	45	74	0.98	1	1	12	12	1	1	G
I	5336076	T	Y	28	2	6.67%	2	2	41	49	0.98	1	1	15	13	1	1	C
I	5342895	T	Y	26	2	7.14%	2	2	45	37	0.98	1	1	13	13	1	1	C
I	5344753	A	R	29	2	6.45%	2	2	41	37	0.98	1	1	10	19	1	1	G
I	5352178	T	Y	24	2	7.69%	2	1	48	31	0.98	1	1	10	14	2	0	C
I	5377864	C	S	27	2	6.9%	2	2	52	37	0.98	1	1	17	10	1	1	G
I	5389794	G	A	0	20	100%	0	2	0	49	0.98	0	1	0	0	9	11	A
I	5397668	T	Y	21	2	8.7%	2	1	50	37	0.98	1	1	6	15	2	0	C
I	5400080	C	T	0	22	100%	0	2	0	46	0.98	0	1	0	0	10	12	T
I	5428557	A	R	35	2	5.41%	2	1	48	31	0.98	1	1	14	21	0	2	G
I	5445627	G	K	19	2	9.52%	2	1	47	27	0.98	1	1	8	11	2	0	T
I	5497366	G	R	27	2	6.9%	2	2	50	37	0.98	1	1	12	15	1	1	A
I	5515903	G	K	22	2	8.33%	2	1	45	22	0.98	1	1	9	13	2	0	T
I	5520086	A	R	18	2	10%	2	2	50	37	0.98	1	1	6	12	1	1	G
I	5534392	A	R	13	2	13.33%	2	2	45	37	0.98	1	1	4	9	1	1	G
I	5562193	A	R	35	21	37.5%	2	2	48	44	0.98	1	1	17	18	17	4	G
I	5568014	G	R	23	8	25.81%	2	2	39	41	0.98	1	1	11	12	2	6	A
I	5568679	A	W	12	2	14.29%	2	1	49	31	0.98	1	1	7	5	2	0	T
I	5569168	A	R	43	3	6.52%	2	2	46	49	0.98	1	1	17	26	1	2	G
I	5569182	A	W	49	3	5.77%	2	2	49	49	0.98	1	1	18	31	1	2	T
I	5572199	T	Y	54	4	6.9%	2	2	44	55	0.98	1	1	32	22	3	1	C
I	5572207	C	Y	55	4	6.78%	2	2	44	55	0.98	1	1	34	21	3	1	T
I	5572215	T	Y	52	4	7.14%	2	2	44	52	0.98	1	1	31	21	3	1	C
I	5572218	T	Y	47	4	7.84%	2	2	44	55	0.98	1	1	28	19	3	1	C
I	5573059	A	R	36	6	14.29%	2	2	50	55	0.98	1	1	13	23	3	3	G
I	5573076	T	Y	31	6	16.22%	2	2	47	49	0.98	1	1	9	22	3	3	C
I	5573085	C	Y	23	4	14.81%	2	2	46	55	0.98	1	1	9	14	2	2	T
I	5573112	A	M	5	10	66.67%	2	2	44	48	0.98	1	1	1	4	9	1	C
I	5573123	T	C	3	9	75%	2	2	49	45	0.98	1	1	1	2	8	1	C
I	5573156	G	R	30	2	6.25%	2	2	45	55	0.98	1	1	19	11	1	1	A
I	5573188	T	Y	42	3	6.67%	2	2	49	61	0.98	1	1	20	22	1	2	C
I	5573189	C	Y	44	3	6.38%	2	2	49	61	0.98	1	1	22	22	1	2	T
I	5573198	T	Y	53	6	10.17%	2	2	54	67	0.98	1	1	25	28	2	4	C
I	5573210	G	R	66	7	9.59%	2	2	56	57	0.98	1	1	34	32	1	6	A
I	5573444	T	Y	43	13	23.21%	2	2	49	50	0.98	1	1	20	23	2	11	C
I	5573452	A	R	45	13	22.41%	2	2	50	49	0.98	1	1	19	26	2	11	G
I	5573468	G	R	45	8	15.09%	2	2	48	50	0.98	1	1	16	29	2	6	A
I	5573480	C	Y	40	8	16.67%	2	2	48	40	0.98	1	1	14	26	1	7	T
I	5573520	A	R	33	3	8.33%	2	1	44	37	0.98	1	1	9	24	0	3	G
I	5573534	T	Y	32	2	5.88%	2	1	46	37	0.98	1	1	7	25	0	2	C
I	5573676	T	Y	3	5	62.5%	2	2	57	59	0.98	1	1	1	2	2	3	C
I	5573729	G	R	6	2	25%	2	1	67	68	0.98	1	1	3	3	2	0	A
I	5573770	A	R	3	7	70%	1	2	61	63	0.98	1	1	3	0	4	3	G
I	5573801	G	R	10	4	28.57%	2	1	66	37	0.98	1	1	7	3	4	0	A
I	5574049	C	Y	26	4	13.33%	2	1	45	34	0.98	1	1	16	10	0	4	T
I	5574050	A	R	26	4	13.33%	2	1	45	37	0.98	1	1	16	10	0	4	G
I	5574088	A	M	31	2	6.06%	2	1	47	37	0.98	1	1	22	9	0	2	C
I	5574112	T	K	37	2	5.13%	2	2	49	37	0.98	1	1	28	9	1	1	G
I	5576809	C	Y	12	9	42.86%	2	2	43	48	0.98	1	1	7	5	6	3	T
I	5579055	C	Y	7	7	50%	2	1	58	47	0.98	1	1	2	5	0	7	T
II	5135	C	S	47	5	9.62%	2	2	49	59	0.98	1	1	18	29	2	3	G
II	5157	A	W	41	3	6.82%	2	2	51	61	0.98	1	1	19	22	1	2	T
II	5440	G	K	31	2	6.06%	2	2	41	25	0.98	1	1	15	16	1	1	T
II	7021	T	Y	32	2	5.88%	2	2	47	55	0.98	1	1	13	19	1	1	C
II	10405	G	K	7	2	22.22%	2	1	35	33	0.98	1	1	1	6	2	0	T
II	15855	C	M	18	2	10%	2	1	44	31	0.98	1	1	7	11	2	0	A
II	15915	G	K	27	2	6.9%	2	1	46	28	0.98	1	1	11	16	2	0	T
II	34265	G	K	41	3	6.82%	2	2	44	49	0.98	1	1	20	21	1	2	T
II	48002	T	K	37	2	5.13%	2	1	48	37	0.98	1	1	21	16	2	0	G
II	53240	T	W	14	2	12.5%	2	1	45	37	0.98	1	1	9	5	0	2	A
II	53249	A	M	14	4	22.22%	2	1	46	43	0.98	1	1	8	6	0	4	C
II	105613	C	Y	37	5	11.9%	2	2	42	59	0.98	1	1	22	15	3	2	T
II	105617	C	Y	36	5	12.2%	2	2	42	59	0.98	1	1	21	15	3	2	T
II	105631	C	Y	39	3	7.14%	2	2	44	57	0.98	1	1	22	17	2	1	T
II	105709	C	Y	74	8	9.76%	2	1	47	37	0.98	1	1	49	25	8	0	T
II	105808	T	Y	79	9	10.23%	2	2	52	53	0.98	1	1	48	31	8	1	C
II	105829	C	Y	80	7	8.05%	2	2	54	61	0.98	1	1	44	36	4	3	T
II	105862	T	Y	74	8	9.76%	2	2	48	60	0.98	1	1	35	39	3	5	C
II	105874	T	Y	79	14	15.05%	2	2	49	52	0.98	1	1	37	42	11	3	C
II	105886	T	Y	85	15	15%	2	2	49	46	0.98	1	1	41	44	11	4	C
II	105889	C	Y	84	15	15.15%	2	2	47	46	0.98	1	1	40	44	11	4	T
II	105916	C	Y	78	15	16.13%	2	2	48	48	0.98	1	1	41	37	3	12	T
II	105931	A	W	65	9	12.16%	2	2	48	43	0.98	1	1	34	31	3	6	T
II	105934	T	K	73	8	9.88%	2	2	46	44	0.98	1	1	40	33	3	5	G
II	105936	T	W	72	8	10%	2	2	46	44	0.98	1	1	41	31	3	5	A
II	105973	T	Y	70	8	10.26%	2	2	50	50	0.98	1	1	32	38	1	7	C
II	105974	A	R	71	8	10.13%	2	2	49	50	0.98	1	1	33	38	1	7	G
II	105988	A	R	66	6	8.33%	2	2	50	49	0.98	1	1	31	35	2	4	G
II	105991	C	Y	65	6	8.45%	2	2	49	49	0.98	1	1	26	39	2	4	T
II	106102	G	K	61	5	7.58%	2	1	44	37	0.98	1	1	23	38	5	0	T
II	106111	T	Y	68	5	6.85%	2	1	45	37	0.98	1	1	28	40	5	0	C
II	106113	G	R	69	5	6.76%	2	1	46	37	0.98	1	1	28	41	5	0	A
II	106117	G	R	64	5	7.25%	2	1	47	37	0.98	1	1	28	36	5	0	A
II	106150	T	Y	71	8	10.13%	2	2	51	55	0.98	1	1	32	39	6	2	C
II	106156	A	W	67	8	10.67%	2	2	53	55	0.98	1	1	31	36	6	2	T
II	106207	C	Y	73	13	15.12%	2	2	51	46	0.98	1	1	40	33	2	11	T
II	106414	C	Y	51	4	7.27%	2	2	43	55	0.98	1	1	25	26	2	2	T
II	106465	T	Y	48	3	5.88%	2	2	45	33	0.98	1	1	26	22	2	1	C
II	106762	A	R	28	2	6.67%	2	1	44	74	0.98	1	1	10	18	0	2	G
II	111414	C	Y	26	9	25.71%	2	2	45	53	0.98	1	1	15	11	8	1	T
II	111538	G	R	45	4	8.16%	2	1	47	55	0.98	1	1	29	16	4	0	A
II	111762	A	R	58	6	9.38%	2	2	45	43	0.98	1	1	40	18	2	4	G
II	111830	T	Y	64	6	8.57%	2	2	52	47	0.98	1	1	32	32	5	1	C
II	111834	T	K	60	6	9.09%	2	2	52	49	0.98	1	1	30	30	5	1	G
II	112020	A	W	53	3	5.36%	2	2	48	49	0.98	1	1	22	31	1	2	T
II	112026	G	R	54	5	8.47%	2	2	48	44	0.98	1	1	23	31	3	2	A
II	112059	T	Y	45	9	16.67%	2	2	50	53	0.98	1	1	26	19	2	7	C
II	112063	T	Y	45	9	16.67%	2	2	48	53	0.98	1	1	27	18	2	7	C
II	112065	G	R	46	9	16.36%	2	2	49	53	0.98	1	1	27	19	2	7	A
II	112074	A	M	42	12	22.22%	2	2	46	49	0.98	1	1	25	17	2	10	C
II	112092	G	R	47	4	7.84%	2	2	44	46	0.98	1	1	31	16	3	1	A
II	112202	C	Y	51	6	10.53%	2	2	51	61	0.98	1	1	25	26	3	3	T
II	112203	G	R	50	6	10.71%	2	2	53	61	0.98	1	1	25	25	3	3	A
II	112240	T	W	57	5	8.06%	2	2	50	44	0.98	1	1	28	29	1	4	A
II	112242	C	M	56	5	8.2%	2	2	50	42	0.98	1	1	28	28	1	4	A
II	112245	A	W	52	5	8.77%	2	2	50	44	0.98	1	1	27	25	1	4	T
II	112260	A	R	71	10	12.35%	2	2	52	38	0.98	1	1	38	33	5	5	G
II	112287	A	R	67	5	6.94%	2	2	53	51	0.98	1	1	40	27	2	3	G
II	112290	G	R	66	7	9.46%	2	2	52	52	0.98	1	1	41	25	2	5	A
II	112302	G	R	72	8	10%	2	2	48	40	0.98	1	1	48	24	5	3	A
II	112314	G	R	72	7	8.86%	2	2	51	39	0.98	1	1	45	27	4	3	A
II	112347	A	R	64	7	9.86%	2	2	53	59	0.98	1	1	37	27	3	4	G
II	112368	G	R	64	10	13.51%	2	2	55	64	0.98	1	1	34	30	5	5	A
II	112766	A	R	26	3	10.34%	2	1	55	37	0.98	1	1	14	12	0	3	G
II	144046	T	Y	49	3	5.77%	2	2	45	74	0.98	1	1	32	17	1	2	C
II	155581	A	M	38	2	5%	2	1	43	31	0.98	1	1	22	16	0	2	C
II	174788	T	Y	37	2	5.13%	2	1	48	42	0.98	1	1	23	14	2	0	C
II	201591	G	K	16	2	11.11%	2	1	41	37	0.98	1	1	7	9	2	0	T
II	203793	T	K	27	2	6.9%	2	2	52	55	0.98	1	1	15	12	1	1	G
II	230841	G	S	25	2	7.41%	2	1	45	55	0.98	1	1	17	8	0	2	C
II	237155	C	M	19	2	9.52%	2	1	46	31	0.98	1	1	14	5	0	2	A
II	237164	A	W	20	2	9.09%	2	1	42	27	0.98	1	1	16	4	0	2	T
II	239665	A	M	33	2	5.71%	2	1	47	37	0.98	1	1	14	19	0	2	C
II	257487	C	Y	55	3	5.17%	2	2	52	37	0.98	1	1	36	19	2	1	T
II	257946	A	R	61	5	7.58%	2	2	50	66	0.98	1	1	29	32	2	3	G
II	260378	G	K	37	2	5.13%	2	2	47	55	0.98	1	1	20	17	1	1	T
II	260382	A	M	35	2	5.41%	2	2	47	55	0.98	1	1	17	18	1	1	C
II	266718	A	C	0	39	100%	0	2	0	47	0.98	0	1	0	0	6	33	C
II	266780	T	A	0	19	100%	0	2	0	40	0.98	0	1	0	0	8	11	A
II	270999	A	M	27	2	6.9%	2	2	40	37	0.98	1	1	13	14	1	1	C
II	276539	A	T	0	46	100%	0	2	0	47	0.98	0	1	0	0	20	26	T
II	298457	G	K	20	2	9.09%	2	1	41	29	0.98	1	1	12	8	0	2	T
II	300257	G	K	12	2	14.29%	2	2	46	37	0.98	1	1	4	8	1	1	T
II	309141	T	K	20	2	9.09%	2	2	42	25	0.98	1	1	13	7	1	1	G
II	367524	C	Y	21	4	16%	2	2	45	37	0.98	1	1	10	11	2	2	T
II	369300	T	K	32	2	5.88%	2	1	44	25	0.98	1	1	18	14	2	0	G
II	388172	A	R	27	2	6.9%	2	1	43	74	0.98	1	1	14	13	2	0	G
II	394808	A	M	35	2	5.41%	2	1	48	31	0.98	1	1	22	13	0	2	C
II	395131	A	M	21	2	8.7%	2	1	47	22	0.98	1	1	15	6	0	2	C
II	410130	G	K	17	2	10.53%	2	1	48	31	0.98	1	1	8	9	2	0	T
II	410135	C	M	21	2	8.7%	2	1	41	25	0.98	1	1	9	12	2	0	A
II	411127	A	M	17	2	10.53%	2	1	45	37	0.98	1	1	8	9	0	2	C
II	415340	A	R	29	2	6.45%	2	1	42	55	0.98	1	1	15	14	2	0	G
II	417333	A	R	31	2	6.06%	2	1	44	37	0.98	1	1	15	16	0	2	G
II	431958	T	K	13	2	13.33%	2	2	51	37	0.98	1	1	7	6	1	1	G
II	441354	A	W	32	2	5.88%	2	1	46	37	0.98	1	1	22	10	2	0	T
II	446513	C	S	39	3	7.14%	2	1	45	33	0.98	1	1	17	22	3	0	G
II	450236	G	K	23	2	8%	2	1	41	25	0.98	1	1	17	6	0	2	T
II	450247	A	W	20	2	9.09%	2	1	42	25	0.98	1	1	17	3	0	2	T
II	450263	A	M	17	4	19.05%	2	1	40	27	0.98	1	1	15	2	0	4	C
II	471661	G	R	25	2	7.41%	2	2	49	37	0.98	1	1	14	11	1	1	A
II	480533	T	Y	28	2	6.67%	2	2	40	37	0.98	1	1	12	16	1	1	C
II	503345	A	W	14	3	17.65%	2	1	38	26	0.98	1	1	6	8	0	3	T
II	503367	A	M	19	2	9.52%	2	1	38	31	0.98	1	1	8	11	0	2	C
II	503573	T	W	35	2	5.41%	2	2	55	37	0.98	1	1	17	18	1	1	A
II	515526	C	S	32	2	5.88%	2	2	44	37	0.98	1	1	20	12	1	1	G
II	517670	T	W	17	2	10.53%	2	2	43	37	0.98	1	1	8	9	1	1	A
II	522800	G	R	0	2	11.11%	0	1	0	37	0.98	0	1	0	0	0	2	A
II	526951	C	Y	41	3	6.25%	2	2	53	57	0.98	1	1	13	28	1	2	T
II	526954	G	K	30	2	6.25%	2	2	57	33	0.98	1	1	10	20	1	1	T
II	526965	T	Y	30	3	8.82%	2	1	57	31	0.98	1	1	10	20	3	0	C
II	529107	T	Y	33	2	5.71%	2	1	47	37	0.98	1	1	16	17	0	2	C
II	529844	G	K	9	3	25%	2	1	39	23	0.98	1	1	6	3	3	0	T
II	545606	A	R	28	2	6.67%	2	2	41	37	0.98	1	1	6	22	1	1	G
II	546609	T	Y	26	2	7.14%	2	1	44	37	0.98	1	1	14	12	2	0	C
II	560272	T	W	64	5	7.25%	2	2	51	37	0.98	1	1	38	26	3	2	A
II	561065	A	W	7	2	22.22%	2	1	45	31	0.98	1	1	3	4	0	2	T
II	574491	C	M	23	2	8%	2	1	45	33	0.98	1	1	8	15	0	2	A
II	578896	T	K	22	2	8.33%	2	1	43	37	0.98	1	1	7	15	2	0	G
II	603280	T	A	0	5	100%	0	1	0	37	0.98	0	1	0	0	0	5	A
II	614494	T	Y	18	3	14.29%	2	1	44	33	0.98	1	1	9	9	0	3	C
II	621946	T	W	11	2	15.38%	2	2	40	37	0.98	1	1	7	4	1	1	A
II	623580	A	R	22	2	8.33%	2	1	44	55	0.98	1	1	12	10	2	0	G
II	628356	T	Y	36	3	7.69%	2	2	48	49	0.98	1	1	24	12	1	2	C
II	649862	A	R	21	2	8.7%	2	2	53	62	0.98	1	1	12	9	1	1	G
II	657441	A	R	31	2	6.06%	2	2	49	74	0.98	1	1	19	12	1	1	G
II	660239	T	Y	31	2	6.06%	2	1	45	37	0.98	1	1	8	23	2	0	C
II	670397	C	M	107	10	8.55%	2	2	47	47	0.98	1	1	59	48	3	7	A
II	670463	C	Y	95	5	5%	2	2	47	37	0.98	1	1	60	35	4	1	T
II	670646	A	W	110	6	5.17%	2	2	46	35	0.98	1	1	46	64	4	2	T
II	670673	T	Y	100	7	6.54%	2	2	45	40	0.98	1	1	64	36	3	4	C
II	671198	T	Y	76	4	5%	2	2	45	37	0.98	1	1	44	32	2	2	C
II	677177	A	R	32	2	5.88%	2	1	52	37	0.98	1	1	17	15	2	0	G
II	679474	A	R	32	7	17.95%	2	2	42	33	0.98	1	1	20	12	2	5	G
II	685728	G	A	0	33	100%	0	2	0	51	0.98	0	1	0	0	15	18	A
II	689038	T	Y	106	6	5.36%	2	1	47	37	0.98	1	1	67	39	6	0	C
II	689137	C	S	99	8	7.48%	2	2	48	45	0.98	1	1	56	43	6	2	G
II	689140	T	Y	96	6	5.88%	2	1	47	35	0.98	1	1	51	45	6	0	C
II	689218	T	Y	103	6	5.5%	2	2	45	37	0.98	1	1	43	60	4	2	C
II	689241	C	Y	103	7	6.36%	2	2	43	42	0.98	1	1	46	57	3	4	T
II	689330	T	Y	117	21	15.22%	2	2	46	43	0.98	1	1	45	72	8	13	C
II	689356	T	Y	128	7	5.19%	2	2	48	41	0.98	1	1	51	77	3	4	C
II	689485	A	T	0	78	100%	0	2	0	38	0.98	0	1	0	0	45	33	T
II	689487	A	C	0	83	100%	0	2	0	38	0.98	0	1	0	0	47	36	C
II	689500	T	Y	80	6	6.98%	2	2	40	43	0.98	1	1	43	37	4	2	C
II	689539	T	W	94	5	5.05%	2	2	44	34	0.98	1	1	53	41	3	2	A
II	689578	T	Y	110	7	5.98%	2	2	45	35	0.98	1	1	52	58	5	2	C
II	689601	C	Y	109	6	5.22%	2	2	45	37	0.98	1	1	54	55	3	3	T
II	689686	T	Y	124	8	6.06%	2	2	43	40	0.98	1	1	58	66	5	3	C
II	689752	T	Y	121	11	8.33%	2	2	45	34	0.98	1	1	62	59	8	3	C
II	689781	C	Y	110	6	5.17%	2	2	46	43	0.98	1	1	61	49	3	3	T
II	689794	T	C	3	118	97.52%	2	2	49	46	0.98	1	1	1	2	64	54	C
II	689902	T	Y	123	7	5.38%	2	2	44	42	0.98	1	1	57	66	4	3	C
II	689925	C	Y	115	7	5.74%	2	2	43	35	0.98	1	1	56	59	3	4	T
II	689996	A	R	102	15	12.71%	2	2	47	37	0.98	1	1	55	47	7	8	G
II	690001	T	K	113	6	5.04%	2	2	49	43	0.98	1	1	59	54	3	3	G
II	690040	T	Y	113	22	16.3%	2	2	48	40	0.98	1	1	56	57	17	5	C
II	690190	T	Y	146	19	11.52%	2	2	47	49	0.98	1	1	72	74	8	11	C
II	690215	G	K	148	8	5.06%	2	2	48	49	0.98	1	1	83	65	2	6	T
II	690283	C	Y	128	8	5.84%	2	2	49	40	0.98	1	1	69	59	4	4	T
II	690622	C	Y	125	8	6.02%	2	2	49	38	0.98	1	1	64	61	5	3	T
II	690685	T	K	114	12	9.52%	2	2	46	40	0.98	1	1	54	60	4	8	G
II	690770	G	S	115	13	10.16%	2	2	49	36	0.98	1	1	45	70	8	5	C
II	690868	C	Y	28	15	34.88%	2	2	53	44	0.98	1	1	14	14	6	9	T
II	690870	C	S	32	11	25.58%	2	2	52	43	0.98	1	1	15	17	6	5	G
II	690871	A	W	33	11	25%	2	2	52	42	0.98	1	1	17	16	6	5	T
II	690874	C	Y	31	11	26.19%	2	2	54	42	0.98	1	1	16	15	6	5	T
II	690897	T	Y	38	3	7.32%	2	1	60	37	0.98	1	1	17	21	3	0	C
II	690899	G	K	37	3	7.5%	2	1	55	33	0.98	1	1	16	21	3	0	T
II	690904	T	Y	36	2	5.26%	2	2	57	37	0.98	1	1	13	23	1	1	C
II	690910	T	Y	33	2	5.71%	2	2	55	33	0.98	1	1	14	19	1	1	C
II	690976	T	Y	30	3	9.09%	2	2	57	34	0.98	1	1	14	16	2	1	C
II	691007	C	Y	22	2	8.33%	2	2	56	37	0.98	1	1	14	8	1	1	T
II	691018	C	Y	23	2	8%	2	2	54	28	0.98	1	1	13	10	1	1	T
II	691036	T	W	21	2	8.7%	2	1	58	37	0.98	1	1	11	10	2	0	A
II	691038	G	S	20	3	13.04%	2	1	57	34	0.98	1	1	9	11	3	0	C
II	691043	C	S	21	2	8.7%	2	1	59	37	0.98	1	1	11	10	2	0	G
II	691048	C	Y	20	3	13.04%	2	2	57	37	0.98	1	1	11	9	2	1	T
II	691054	T	Y	15	5	25%	2	2	56	46	0.98	1	1	8	7	3	2	C
II	691077	T	Y	15	2	11.76%	2	1	55	51	0.98	1	1	8	7	2	0	C
II	691079	G	K	16	2	11.11%	2	1	55	45	0.98	1	1	10	6	2	0	T
II	691113	C	Y	11	3	21.43%	2	2	53	49	0.98	1	1	8	3	1	2	T
II	691115	T	K	13	2	13.33%	2	1	49	55	0.98	1	1	10	3	0	2	G
II	691156	C	Y	13	4	23.53%	2	2	49	37	0.98	1	1	6	7	3	1	T
II	691195	A	W	18	2	10%	2	2	49	33	0.98	1	1	11	7	1	1	T
II	691216	A	W	23	4	14.81%	2	2	48	32	0.98	1	1	12	11	2	2	T
II	691218	C	S	24	3	11.11%	2	2	48	34	0.98	1	1	12	12	1	2	G
II	691223	G	S	21	7	25%	2	2	49	34	0.98	1	1	10	11	4	3	C
II	691228	C	Y	25	2	7.41%	2	1	48	37	0.98	1	1	12	13	0	2	T
II	691234	T	Y	22	2	8.33%	2	2	44	33	0.98	1	1	12	10	1	1	C
II	691257	T	Y	21	3	12.5%	2	2	48	45	0.98	1	1	8	13	2	1	C
II	691259	G	S	19	2	8.33%	2	2	48	55	0.98	1	1	8	11	1	1	C
II	691259	G	K	19	3	12.5%	2	2	48	46	0.98	1	1	8	11	1	2	T
II	691303	A	W	20	2	9.09%	2	2	47	37	0.98	1	1	10	10	1	1	T
II	691365	T	Y	7	2	20%	2	1	52	31	0.98	1	1	4	3	2	0	C
II	691367	C	Y	5	2	25%	2	1	59	37	0.98	1	1	3	2	2	0	T
II	691374	C	S	7	2	22.22%	2	2	38	37	0.98	1	1	4	3	1	1	G
II	691375	A	W	5	2	28.57%	2	2	44	37	0.98	1	1	3	2	1	1	T
II	691434	G	S	9	2	18.18%	2	2	52	37	0.98	1	1	3	6	1	1	C
II	691436	A	R	7	4	36.36%	2	2	51	46	0.98	1	1	3	4	2	2	G
II	691441	T	K	10	4	28.57%	2	2	49	37	0.98	1	1	5	5	2	2	G
II	691446	G	S	12	2	14.29%	2	2	52	33	0.98	1	1	5	7	1	1	C
II	691447	T	W	12	3	20%	2	2	47	49	0.98	1	1	5	7	1	2	A
II	691480	T	Y	44	4	8.33%	2	2	46	46	0.98	1	1	26	18	1	3	C
II	691560	T	Y	76	11	12.64%	2	1	51	34	0.98	1	1	49	27	11	0	C
II	691634	T	Y	98	10	9.26%	2	1	46	34	0.98	1	1	53	45	10	0	C
II	691689	T	Y	107	6	5.26%	2	2	46	48	0.98	1	1	59	48	1	5	C
II	691691	G	K	107	6	5.31%	2	2	47	44	0.98	1	1	57	50	3	3	T
II	691774	T	Y	132	7	5.04%	2	2	45	51	0.98	1	1	60	72	2	5	C
II	692020	T	Y	112	11	8.94%	2	2	46	36	0.98	1	1	45	67	3	8	C
II	692026	T	Y	111	10	8.26%	2	2	45	34	0.98	1	1	42	69	4	6	C
II	692128	C	Y	73	4	5.19%	2	2	43	42	0.98	1	1	23	50	1	3	T
II	692164	C	Y	50	6	10.71%	2	2	42	37	0.98	1	1	17	33	4	2	T
II	692170	T	Y	54	4	6.9%	2	2	40	53	0.98	1	1	21	33	1	3	C
II	692193	T	Y	19	13	40.62%	2	2	45	37	0.98	1	1	10	9	2	11	C
II	692195	G	K	18	12	38.71%	2	2	45	34	0.98	1	1	9	9	2	10	T
II	692272	C	Y	14	6	30%	2	2	40	47	0.98	1	1	5	9	2	4	T
II	692278	T	Y	16	2	11.11%	2	1	41	37	0.98	1	1	4	12	2	0	C
II	692301	T	Y	5	2	28.57%	1	2	37	37	0.98	1	1	0	5	1	1	C
II	692303	C	Y	5	5	45.45%	2	2	34	31	0.98	1	1	1	4	2	3	T
II	692442	G	C	1	4	80%	1	2	37	37	0.98	1	1	0	1	1	3	C
II	692458	T	Y	15	2	11.76%	2	2	48	37	0.98	1	1	7	8	1	1	C
II	692481	C	Y	21	4	15.38%	2	1	49	37	0.98	1	1	15	6	0	4	T
II	692514	G	S	33	2	5.71%	2	1	53	37	0.98	1	1	16	17	2	0	C
II	692524	C	Y	30	4	11.76%	2	2	53	34	0.98	1	1	16	14	1	3	T
II	692534	C	S	35	2	5.41%	2	1	54	55	0.98	1	1	18	17	2	0	G
II	692553	C	S	27	3	9.09%	2	2	52	31	0.98	1	1	15	12	1	2	G
II	692553	C	Y	27	3	9.09%	2	2	52	34	0.98	1	1	15	12	1	2	G
II	692555	T	K	32	3	8.57%	2	2	53	31	0.98	1	1	17	15	2	1	G
II	692596	T	Y	25	3	10.71%	2	2	47	45	0.98	1	1	11	14	1	2	C
II	692602	C	Y	19	3	13.64%	2	1	51	34	0.98	1	1	9	10	0	3	T
II	692627	C	S	11	3	21.43%	2	2	49	30	0.98	1	1	2	9	1	2	G
II	692638	C	Y	8	2	20%	2	1	47	55	0.98	1	1	2	6	0	2	T
II	692710	T	C	2	6	75%	1	2	37	37	0.98	1	1	2	0	5	1	C
II	692776	C	Y	54	3	5.26%	2	2	45	37	0.98	1	1	43	11	2	1	T
II	692782	T	Y	63	6	8.7%	2	2	47	43	0.98	1	1	48	15	4	2	C
II	692956	T	Y	132	9	6.38%	2	2	49	41	0.98	1	1	79	53	8	1	C
II	693028	T	Y	109	14	11.38%	2	2	46	36	0.98	1	1	56	53	10	4	C
II	693059	T	K	119	8	6.25%	2	2	43	39	0.98	1	1	65	54	5	3	G
II	693106	T	Y	115	19	14.07%	2	2	43	43	0.98	1	1	61	54	14	5	C
II	693129	C	Y	126	8	5.93%	2	2	42	30	0.98	1	1	66	60	5	3	T
II	693172	C	Y	151	8	5.03%	2	2	46	40	0.98	1	1	90	61	4	4	T
II	693201	T	Y	146	8	5.19%	2	2	47	44	0.98	1	1	83	63	6	2	C
II	693244	T	Y	149	14	8.59%	2	2	49	43	0.98	1	1	74	75	5	9	C
II	693250	T	Y	158	11	6.51%	2	2	49	35	0.98	1	1	74	84	6	5	C
II	693388	T	Y	108	12	9.92%	2	2	50	44	0.98	1	1	28	80	4	8	C
II	693419	C	S	101	6	5.61%	2	1	45	34	0.98	1	1	29	72	0	6	G
II	693424	C	Y	98	6	5.77%	2	1	46	34	0.98	1	1	28	70	0	6	T
II	693462	C	S	56	3	5.08%	2	1	44	37	0.98	1	1	21	35	0	3	G
II	693484	T	W	37	2	5.13%	2	2	43	31	0.98	1	1	19	18	1	1	A
II	693486	G	S	35	2	5.41%	2	2	43	31	0.98	1	1	18	17	1	1	C
II	693491	C	Y	36	2	5.26%	2	1	39	37	0.98	1	1	23	13	0	2	T
II	693496	C	Y	35	2	5.41%	2	1	39	55	0.98	1	1	23	12	0	2	T
II	693499	C	T	1	34	94.44%	1	2	37	35	0.98	1	1	1	0	25	9	T
II	693568	T	Y	72	4	5.26%	2	2	42	37	0.98	1	1	51	21	3	1	C
II	693595	C	Y	84	5	5.62%	2	2	45	37	0.98	1	1	58	26	4	1	T
II	693610	T	Y	105	10	8.7%	2	2	49	42	0.98	1	1	65	40	6	4	C
II	693754	T	Y	147	15	9.26%	2	2	47	40	0.98	1	1	70	77	9	6	C
II	693820	T	Y	143	14	8.92%	2	2	46	39	0.98	1	1	68	75	7	7	C
II	693849	C	Y	136	9	6.21%	2	2	44	34	0.98	1	1	70	66	5	4	T
II	693851	T	K	133	8	5.52%	2	2	45	34	0.98	1	1	66	67	4	4	G
II	693921	C	Y	138	12	7.79%	2	2	40	39	0.98	1	1	76	62	8	4	T
II	693964	T	Y	165	10	5.71%	2	2	45	44	0.98	1	1	80	85	5	5	C
II	693995	C	S	193	13	6.28%	2	2	46	42	0.98	1	1	110	83	3	10	G
II	694006	C	Y	198	16	7.48%	2	2	47	38	0.98	1	1	106	92	6	10	T
II	694029	C	Y	195	12	5.77%	2	2	48	37	0.98	1	1	99	96	10	2	T
II	694171	C	Y	154	9	5.52%	2	2	49	37	0.98	1	1	57	97	4	5	T
II	694294	T	Y	130	7	5.11%	2	1	48	37	0.98	1	1	64	66	7	0	C
II	694540	T	Y	148	12	7.5%	2	2	44	35	0.98	1	1	72	76	11	1	C
II	694546	T	Y	149	9	5.7%	2	2	46	36	0.98	1	1	78	71	7	2	C
II	694641	C	Y	165	12	6.78%	2	2	44	39	0.98	1	1	84	81	4	8	T
II	694643	T	K	168	10	5.49%	2	2	45	38	0.98	1	1	84	84	3	7	G
II	694756	T	Y	125	8	6.02%	2	2	44	41	0.98	1	1	46	79	5	3	C
II	694821	C	Y	115	8	6.5%	2	2	45	37	0.98	1	1	49	66	5	3	T
II	694823	T	K	119	7	5.56%	2	2	46	35	0.98	1	1	52	67	4	3	G
II	694838	T	Y	127	11	7.97%	2	2	43	35	0.98	1	1	56	71	7	4	C
II	694864	T	Y	119	12	9.16%	2	2	46	43	0.98	1	1	55	64	5	7	C
II	694936	C	Y	125	7	5.3%	2	2	47	37	0.98	1	1	55	70	3	4	T
II	694982	T	Y	115	19	14.18%	2	2	44	38	0.98	1	1	44	71	10	9	C
II	695107	C	Y	121	9	6.92%	2	2	47	40	0.98	1	1	75	46	4	5	T
II	695188	T	Y	141	10	6.58%	2	2	46	34	0.98	1	1	70	71	6	4	C
II	695427	T	Y	119	8	6.3%	2	2	46	40	0.98	1	1	60	59	7	1	C
II	695548	T	Y	133	9	6.34%	2	2	45	41	0.98	1	1	62	71	7	2	C
II	695647	A	W	105	9	7.89%	2	2	46	35	0.98	1	1	37	68	5	4	T
II	695666	T	Y	99	15	13.16%	2	2	43	38	0.98	1	1	30	69	9	6	C
II	695827	C	T	0	46	100%	0	2	0	42	0.98	0	1	0	0	26	20	T
II	695842	T	Y	57	5	8.06%	2	2	41	37	0.98	1	1	30	27	2	3	C
II	695865	C	Y	57	6	9.38%	2	2	40	37	0.98	1	1	30	27	2	4	T
II	695908	T	Y	70	4	5.41%	2	2	41	37	0.98	1	1	32	38	2	2	C
II	695937	T	Y	91	5	5.21%	2	2	40	33	0.98	1	1	47	44	2	3	C
II	695939	G	K	91	7	7.07%	2	2	39	33	0.98	1	1	45	46	2	5	T
II	695980	T	Y	85	7	7.61%	2	2	41	41	0.98	1	1	45	40	4	3	C
II	696018	C	S	95	6	5.94%	2	2	41	35	0.98	1	1	53	42	3	3	G
II	696019	A	W	92	5	5.15%	2	2	40	37	0.98	1	1	53	39	3	2	T
II	696045	C	Y	96	11	10.19%	2	2	40	39	0.98	1	1	55	41	3	8	T
II	696166	T	Y	149	12	7.45%	2	2	49	36	0.98	1	1	81	68	8	4	C
II	696261	C	Y	139	9	6.08%	2	2	46	44	0.98	1	1	80	59	5	4	T
II	696263	T	K	140	8	5.33%	2	2	46	36	0.98	1	1	77	63	5	3	G
II	696331	A	W	147	14	8.7%	2	2	46	39	0.98	1	1	78	69	8	6	T
II	696350	T	Y	154	20	11.49%	2	2	45	35	0.98	1	1	79	75	11	9	C
II	696376	T	Y	159	15	8.62%	2	2	46	34	0.98	1	1	82	77	8	7	C
II	696592	T	Y	136	9	6.21%	2	2	45	41	0.98	1	1	62	74	6	3	C
II	696619	A	W	125	8	6.02%	2	2	46	40	0.98	1	1	70	55	5	3	T
II	696638	T	Y	120	17	12.41%	2	2	45	37	0.98	1	1	60	60	13	4	C
II	696664	T	Y	136	10	6.85%	2	2	44	39	0.98	1	1	70	66	7	3	C
II	696670	C	Y	147	8	5.16%	2	2	44	44	0.98	1	1	76	71	7	1	T
II	696736	C	Y	148	8	5.06%	2	2	45	37	0.98	1	1	76	72	2	6	T
II	697060	T	Y	114	10	8.06%	2	2	45	43	0.98	1	1	61	53	6	4	C
II	697196	A	R	136	9	6.21%	2	2	47	35	0.98	1	1	66	70	4	5	G
II	697210	T	Y	147	10	6.37%	2	2	47	36	0.98	1	1	73	74	6	4	C
II	697354	T	Y	140	10	6.67%	2	2	46	44	0.98	1	1	79	61	7	3	C
II	697485	T	Y	130	7	5.11%	2	2	44	37	0.98	1	1	65	65	4	3	C
II	697628	A	R	128	7	5.19%	2	2	48	37	0.98	1	1	64	64	3	4	G
II	697793	G	R	116	10	7.94%	2	2	48	46	0.98	1	1	47	69	3	7	A
II	699951	T	G	0	15	100%	0	2	0	48	0.98	0	1	0	0	4	11	G
II	699952	G	T	0	15	100%	0	2	0	48	0.98	0	1	0	0	4	11	T
II	699961	A	T	0	17	100%	0	2	0	45	0.98	0	1	0	0	5	12	T
II	700019	T	A	0	10	100%	0	2	0	42	0.98	0	1	0	0	3	7	A
II	700020	C	T	0	10	100%	0	2	0	44	0.98	0	1	0	0	3	7	T
II	700021	A	C	0	10	100%	0	2	0	43	0.98	0	1	0	0	3	7	C
II	700024	T	A	0	9	100%	0	2	0	45	0.98	0	1	0	0	3	6	A
II	700028	A	T	0	12	100%	0	2	0	43	0.98	0	1	0	0	4	8	T
II	700113	A	T	0	15	100%	0	2	0	43	0.98	0	1	0	0	7	8	T
II	705209	C	M	32	2	5.88%	2	1	47	37	0.98	1	1	23	9	0	2	A
II	718525	T	Y	27	2	6.9%	2	2	50	37	0.98	1	1	17	10	1	1	C
II	718531	C	Y	21	2	8.7%	2	2	51	37	0.98	1	1	16	5	1	1	T
II	734376	A	W	36	2	5.26%	2	2	48	37	0.98	1	1	11	25	1	1	T
II	736591	T	K	36	2	5.26%	2	1	39	23	0.98	1	1	18	18	0	2	G
II	756498	G	K	24	2	7.69%	2	2	49	25	0.98	1	1	8	16	1	1	T
II	768502	T	K	36	2	5.26%	2	2	48	37	0.98	1	1	20	16	1	1	G
II	769601	A	W	21	2	8.7%	2	1	45	37	0.98	1	1	10	11	0	2	T
II	776723	T	Y	35	2	5.41%	2	1	48	37	0.98	1	1	18	17	0	2	C
II	782380	A	M	12	5	29.41%	1	1	37	29	0.98	1	1	12	0	0	5	C
II	789052	G	K	45	3	6.25%	2	1	41	33	0.98	1	1	12	33	3	0	T
II	803104	T	W	30	4	11.76%	2	2	52	37	0.98	1	1	13	17	2	2	A
II	824695	G	K	22	2	8.33%	2	1	43	31	0.98	1	1	13	9	2	0	T
II	841850	C	M	30	2	6.25%	2	1	44	27	0.98	1	1	20	10	0	2	A
II	846475	A	W	34	3	8.11%	2	1	48	33	0.98	1	1	20	14	0	3	T
II	847473	T	W	6	2	25%	2	1	37	37	0.98	1	1	5	1	2	0	A
II	847481	T	W	6	2	25%	2	1	35	37	0.98	1	1	5	1	2	0	A
II	847499	T	W	9	2	18.18%	2	2	40	37	0.98	1	1	4	5	1	1	A
II	850456	C	Y	17	2	10.53%	2	2	52	24	0.98	1	1	10	7	1	1	T
II	860061	A	R	28	2	6.67%	2	2	50	37	0.98	1	1	13	15	1	1	G
II	867049	T	Y	30	2	6.25%	2	2	44	37	0.98	1	1	10	20	1	1	C
II	869806	G	C	0	29	100%	0	2	0	42	0.98	0	1	0	0	11	18	C
II	879033	T	A	0	14	100%	0	2	0	50	0.98	0	1	0	0	6	8	A
II	884898	C	S	34	7	17.07%	2	2	46	42	0.98	1	1	13	21	4	3	G
II	890313	G	K	20	2	9.09%	2	1	41	29	0.98	1	1	13	7	2	0	T
II	890637	C	M	12	3	20%	2	2	36	33	0.98	1	1	6	6	1	2	A
II	895582	A	R	21	2	8.7%	2	1	42	37	0.98	1	1	4	17	2	0	G
II	904232	G	K	20	2	9.09%	2	1	55	31	0.98	1	1	12	8	0	2	T
II	923543	C	A	0	21	100%	0	2	0	49	0.98	0	1	0	0	14	7	A
II	935759	A	W	15	2	11.76%	2	2	42	37	0.98	1	1	10	5	1	1	T
II	943554	C	A	0	13	100%	0	2	0	36	0.98	0	1	0	0	7	6	A
II	953201	A	G	0	16	100%	0	2	0	43	0.98	0	1	0	0	9	7	G
II	965734	A	M	20	3	13.04%	2	1	41	30	0.98	1	1	9	11	3	0	C
II	967094	A	G	0	12	100%	0	2	0	40	0.98	0	1	0	0	2	10	G
II	986930	T	K	32	2	5.88%	2	2	45	37	0.98	1	1	23	9	1	1	G
II	997668	G	R	11	4	26.67%	2	2	39	39	0.98	1	1	6	5	2	2	A
II	997671	G	R	12	4	25%	2	2	35	55	0.98	1	1	6	6	1	3	A
II	1004482	G	K	11	2	15.38%	2	1	44	49	0.98	1	1	6	5	2	0	T
II	1023778	A	R	38	2	5%	2	1	50	37	0.98	1	1	24	14	2	0	G
II	1034651	C	S	29	2	6.45%	2	2	51	37	0.98	1	1	18	11	1	1	G
II	1034704	T	Y	29	3	9.38%	2	2	42	37	0.98	1	1	15	14	2	1	C
II	1045183	A	R	31	2	6.06%	2	1	48	31	0.98	1	1	18	13	2	0	G
II	1045264	G	R	38	2	5%	2	2	46	37	0.98	1	1	23	15	1	1	A
II	1045363	G	R	29	2	6.45%	2	1	49	37	0.98	1	1	12	17	2	0	A
II	1045366	A	W	28	2	6.67%	2	1	48	37	0.98	1	1	13	15	2	0	T
II	1045411	A	R	25	2	7.41%	2	2	45	37	0.98	1	1	10	15	1	1	G
II	1067244	C	Y	20	2	9.09%	2	2	46	37	0.98	1	1	14	6	1	1	T
II	1085205	C	M	20	3	13.04%	2	1	40	29	0.98	1	1	12	8	0	3	A
II	1095616	T	K	38	2	5%	2	2	43	37	0.98	1	1	13	25	1	1	G
II	1110528	C	M	15	2	11.76%	2	1	42	25	0.98	1	1	6	9	2	0	A
II	1114499	T	K	33	2	5.71%	2	1	42	74	0.98	1	1	17	16	0	2	G
II	1120983	A	M	34	2	5.56%	2	2	49	37	0.98	1	1	15	19	1	1	C
II	1132468	T	K	23	2	8%	2	2	42	31	0.98	1	1	11	12	1	1	G
II	1152479	T	K	29	2	6.45%	2	1	43	25	0.98	1	1	11	18	2	0	G
II	1155903	T	A	0	29	100%	0	2	0	45	0.98	0	1	0	0	8	21	A
II	1159678	G	C	0	17	100%	0	2	0	48	0.98	0	1	0	0	8	9	C
II	1159694	A	T	0	20	100%	0	2	0	49	0.98	0	1	0	0	9	11	T
II	1163155	T	A	0	2	100%	0	1	0	55	0.98	0	1	0	0	2	0	A
II	1172958	G	K	19	2	9.52%	2	1	44	22	0.98	1	1	5	14	2	0	T
II	1186107	G	R	36	2	5.26%	2	1	40	37	0.98	1	1	14	22	2	0	A
II	1194049	T	Y	23	4	14.81%	2	2	41	37	0.98	1	1	15	8	2	2	C
II	1205223	T	K	3	2	40%	2	1	37	31	0.98	1	1	1	2	2	0	G
II	1205273	C	M	8	2	20%	2	1	35	25	0.98	1	1	2	6	2	0	A
II	1217319	T	Y	15	2	11.76%	2	1	42	37	0.98	1	1	5	10	2	0	C
II	1232732	T	W	23	2	8%	2	1	44	37	0.98	1	1	13	10	2	0	A
II	1234433	G	K	27	2	6.9%	2	2	43	31	0.98	1	1	12	15	1	1	T
II	1243344	C	Y	20	2	9.09%	2	1	46	28	0.98	1	1	11	9	0	2	T
II	1260376	G	S	20	2	9.09%	2	1	40	74	0.98	1	1	8	12	0	2	C
II	1264777	C	M	4	2	33.33%	1	1	37	27	0.98	1	1	4	0	0	2	A
II	1277481	G	K	7	2	14.29%	2	1	37	37	0.98	1	1	6	1	0	2	+TT
II	1277530	C	M	6	3	33.33%	2	1	43	33	0.98	1	1	1	5	3	0	A
II	1277565	A	W	9	2	18.18%	2	1	41	25	0.98	1	1	4	5	2	0	T
II	1300034	C	M	29	10	25.64%	2	2	44	51	0.98	1	1	14	15	4	6	A
II	1300043	C	M	30	12	28.57%	2	2	44	52	0.98	1	1	12	18	4	8	A
II	1300049	C	M	29	13	30.95%	2	2	43	50	0.98	1	1	12	17	5	8	A
II	1300055	G	R	33	10	23.26%	2	2	43	53	0.98	1	1	16	17	4	6	A
II	1300061	G	R	29	14	32.56%	2	2	44	56	0.98	1	1	14	15	6	8	A
II	1300067	G	R	30	15	33.33%	2	2	44	52	0.98	1	1	17	13	7	8	A
II	1300073	G	R	32	14	29.79%	2	2	43	53	0.98	1	1	17	15	8	6	A
II	1300079	T	W	28	17	36.17%	2	2	44	52	0.98	1	1	14	14	10	7	A
II	1300082	G	R	34	16	30.77%	2	2	44	52	0.98	1	1	18	16	9	7	A
II	1300103	C	M	37	18	32.73%	2	2	51	58	0.98	1	1	22	15	11	7	A
II	1300115	G	R	33	21	37.5%	2	2	47	63	0.98	1	1	22	11	12	9	A
II	1300121	C	M	35	20	35.71%	2	2	48	64	0.98	1	1	23	12	10	10	A
II	1300124	C	M	35	19	34.55%	2	2	49	64	0.98	1	1	24	11	9	10	A
II	1300130	C	M	33	21	38.89%	2	2	47	64	0.98	1	1	21	12	11	10	A
II	1323787	G	K	18	2	10%	2	1	40	25	0.98	1	1	6	12	0	2	T
II	1323811	C	M	14	2	12.5%	2	1	46	27	0.98	1	1	4	10	0	2	A
II	1335890	T	W	27	2	6.9%	2	2	50	37	0.98	1	1	14	13	1	1	A
II	1344772	C	M	14	2	12.5%	2	2	46	23	0.98	1	1	8	6	1	1	A
II	1379836	T	K	36	2	5.26%	2	2	47	55	0.98	1	1	14	22	1	1	G
II	1382901	G	K	41	3	6.82%	2	1	49	37	0.98	1	1	30	11	3	0	T
II	1389279	G	K	17	2	10.53%	2	1	49	25	0.98	1	1	12	5	0	2	T
II	1389298	C	M	21	2	8.7%	2	1	46	22	0.98	1	1	12	9	0	2	A
II	1389302	C	M	20	2	9.09%	2	1	46	31	0.98	1	1	12	8	0	2	A
II	1403407	C	M	31	2	6.06%	2	1	46	31	0.98	1	1	20	11	0	2	A
II	1410336	T	K	31	2	6.06%	2	2	44	37	0.98	1	1	20	11	1	1	G
II	1413588	T	C	0	36	100%	0	2	0	47	0.98	0	1	0	0	17	19	C
II	1475163	T	Y	28	2	6.67%	2	2	44	37	0.98	1	1	15	13	1	1	C
II	1484154	T	Y	21	2	8.7%	2	2	47	37	0.98	1	1	9	12	1	1	C
II	1507860	A	M	25	2	7.41%	2	1	41	31	0.98	1	1	19	6	0	2	C
II	1510501	C	M	14	2	12.5%	2	1	44	31	0.98	1	1	4	10	2	0	A
II	1512602	A	R	27	2	6.9%	2	2	41	37	0.98	1	1	16	11	1	1	G
II	1514694	A	R	20	2	9.09%	2	2	43	37	0.98	1	1	11	9	1	1	G
II	1525056	A	W	36	2	5.26%	2	1	45	37	0.98	1	1	17	19	0	2	T
II	1536469	A	R	20	2	9.09%	2	1	40	31	0.98	1	1	11	9	0	2	G
II	1538780	T	W	14	4	22.22%	2	2	44	37	0.98	1	1	6	8	2	2	A
II	1566359	C	Y	22	2	8.33%	2	2	50	37	0.98	1	1	13	9	1	1	T
II	1569449	C	M	22	2	8.33%	2	1	40	27	0.98	1	1	18	4	0	2	A
II	1577348	A	R	42	3	6.67%	2	2	47	61	0.98	1	1	28	14	1	2	G
II	1600979	G	R	14	2	12.5%	2	2	43	37	0.98	1	1	5	9	1	1	A
II	1613039	A	R	26	4	13.33%	2	2	52	64	0.98	1	1	11	15	2	2	G
II	1613045	A	R	26	4	13.33%	2	2	52	46	0.98	1	1	11	15	1	3	G
II	1613089	A	W	25	2	7.41%	2	2	51	37	0.98	1	1	9	16	1	1	T
II	1621246	T	K	11	2	15.38%	2	2	40	37	0.98	1	1	10	1	1	1	G
II	1629044	T	Y	28	2	6.67%	2	2	47	49	0.98	1	1	11	17	1	1	C
II	1634837	T	Y	23	3	11.54%	2	2	49	34	0.98	1	1	16	7	2	1	C
II	1634843	T	Y	19	3	11.54%	2	2	48	42	0.98	1	1	15	4	1	2	C
II	1672859	C	T	0	32	100%	0	2	0	48	0.98	0	1	0	0	18	14	T
II	1673002	G	C	0	33	100%	0	2	0	45	0.98	0	1	0	0	12	21	C
II	1678693	T	A	0	29	100%	0	2	0	45	0.98	0	1	0	0	14	15	A
II	1683324	T	G	0	37	100%	0	2	0	42	0.98	0	1	0	0	8	29	G
II	1697124	C	T	0	38	100%	0	2	0	44	0.98	0	1	0	0	20	18	T
II	1709547	C	M	27	2	6.9%	2	1	56	28	0.98	1	1	16	11	2	0	A
II	1716272	C	Y	10	15	57.69%	2	2	30	41	0.98	1	1	3	7	7	8	T
II	1716273	T	Y	8	9	52.94%	2	2	56	37	0.98	1	1	4	4	2	7	C
II	1716288	G	T	0	17	100%	0	2	0	41	0.98	0	1	0	0	5	12	T
II	1716289	G	K	20	2	9.09%	1	1	40	31	0.98	1	1	0	20	2	0	T
II	1716318	A	G	0	19	100%	0	2	0	40	0.98	0	1	0	0	4	15	G
II	1716320	T	G	0	22	100%	0	2	0	39	0.98	0	1	0	0	7	15	G
II	1716326	G	T	0	21	100%	0	2	0	41	0.98	0	1	0	0	8	13	T
II	1726724	A	R	38	2	5%	2	1	48	55	0.98	1	1	21	17	2	0	G
II	1727767	A	R	30	2	6.25%	2	2	46	37	0.98	1	1	23	7	1	1	G
II	1728394	C	Y	35	2	5.41%	2	2	46	37	0.98	1	1	19	16	1	1	T
II	1731371	A	R	27	2	6.9%	2	1	45	33	0.98	1	1	15	12	0	2	G
II	1755343	A	M	33	2	5.71%	2	1	46	37	0.98	1	1	21	12	0	2	C
II	1784826	G	A	0	31	100%	0	2	0	46	0.98	0	1	0	0	17	14	A
II	1805315	C	Y	7	2	22.22%	2	1	37	29	0.98	1	1	6	1	0	2	T
II	1813820	A	M	32	2	5.88%	2	1	47	28	0.98	1	1	19	13	2	0	C
II	1818021	C	M	18	2	10%	2	1	46	31	0.98	1	1	11	7	0	2	A
II	1819153	T	K	20	2	9.09%	2	1	42	25	0.98	1	1	9	11	2	0	G
II	1838961	A	W	29	2	6.45%	2	1	50	31	0.98	1	1	18	11	0	2	T
II	1849502	T	K	17	4	19.05%	2	2	46	37	0.98	1	1	7	10	3	1	G
II	1849777	G	A	0	15	100%	0	2	0	43	0.98	0	1	0	0	5	10	A
II	1852890	A	R	30	2	6.25%	2	2	43	37	0.98	1	1	16	14	1	1	G
II	1853107	A	R	26	2	7.14%	2	2	42	55	0.98	1	1	12	14	1	1	G
II	1873779	T	W	4	2	8.7%	1	1	46	37	0.98	1	1	0	4	2	0	A
II	1873782	C	M	21	4	16%	2	1	42	46	0.98	1	1	11	10	0	4	A
II	1881151	G	S	25	2	7.41%	2	2	51	55	0.98	1	1	14	11	1	1	C
II	1902526	T	Y	23	2	8%	2	2	45	31	0.98	1	1	9	14	1	1	C
II	1918494	T	Y	30	2	6.25%	2	2	43	37	0.98	1	1	19	11	1	1	C
II	1928187	C	Y	29	2	6.45%	2	2	50	37	0.98	1	1	10	19	1	1	T
II	1931960	C	M	21	2	8.7%	2	2	47	37	0.98	1	1	11	10	1	1	A
II	1934769	C	M	31	2	6.06%	2	2	45	37	0.98	1	1	17	14	1	1	A
II	1935112	T	Y	31	2	6.06%	2	2	44	37	0.98	1	1	11	20	1	1	C
II	1949740	A	R	35	2	5.41%	2	1	51	37	0.98	1	1	18	17	2	0	G
II	1951073	T	K	54	6	10%	2	1	46	30	0.98	1	1	26	28	6	0	G
II	1951084	G	K	55	3	5.17%	2	1	46	33	0.98	1	1	27	28	3	0	T
II	1962419	T	A	0	45	100%	0	2	0	47	0.98	0	1	0	0	25	20	A
II	1962439	A	G	0	47	100%	0	2	0	46	0.98	0	1	0	0	27	20	G
II	1962458	T	A	0	50	100%	0	2	0	46	0.98	0	1	0	0	32	18	A
II	1987098	C	A	0	25	100%	0	2	0	39	0.98	0	1	0	0	17	8	A
II	1996802	C	Y	30	2	6.25%	2	2	44	37	0.98	1	1	14	16	1	1	T
II	2002772	G	S	21	2	8.7%	2	2	49	37	0.98	1	1	8	13	1	1	C
II	2015560	T	W	32	2	5.88%	2	1	48	31	0.98	1	1	12	20	2	0	A
II	2022922	G	K	6	2	25%	2	1	54	31	0.98	1	1	3	3	0	2	T
II	2032028	T	Y	36	13	26.53%	2	2	50	51	0.98	1	1	25	11	4	9	C
II	2044929	A	T	0	22	100%	0	2	0	51	0.98	0	1	0	0	7	15	T
II	2045364	A	R	27	2	6.9%	2	2	53	37	0.98	1	1	17	10	1	1	G
II	2064993	T	W	30	2	6.25%	2	1	38	25	0.98	1	1	9	21	2	0	A
II	2065347	A	W	22	2	8.33%	2	1	41	31	0.98	1	1	5	17	2	0	T
II	2079047	T	Y	28	2	6.67%	2	2	52	74	0.98	1	1	16	12	1	1	C
II	2095508	A	R	13	2	13.33%	2	1	42	74	0.98	1	1	7	6	0	2	G
II	2108181	C	M	31	2	6.06%	2	1	47	55	0.98	1	1	20	11	0	2	A
II	2141698	G	R	9	11	55%	2	2	47	38	0.98	1	1	5	4	6	5	A
II	2141860	G	R	21	5	19.23%	2	2	45	42	0.98	1	1	11	10	4	1	A
II	2142744	T	W	22	3	12%	2	1	45	23	0.98	1	1	10	12	3	0	A
II	2157361	T	K	28	2	6.67%	2	2	48	31	0.98	1	1	14	14	1	1	G
II	2157652	T	K	15	2	11.76%	2	2	39	37	0.98	1	1	3	12	1	1	G
II	2157657	C	S	15	2	11.76%	2	2	41	37	0.98	1	1	3	12	1	1	G
II	2158110	C	M	27	2	6.9%	2	1	45	25	0.98	1	1	13	14	2	0	A
II	2164972	G	R	19	14	42.42%	2	2	48	44	0.98	1	1	7	12	7	7	A
II	2177631	C	Y	24	2	7.69%	2	2	43	37	0.98	1	1	13	11	1	1	T
II	2185540	C	M	24	2	7.69%	2	1	42	31	0.98	1	1	13	11	0	2	A
II	2195722	T	Y	18	5	21.74%	2	2	49	44	0.98	1	1	8	10	3	2	C
II	2198815	A	M	30	2	6.25%	2	1	39	25	0.98	1	1	23	7	2	0	C
II	2210208	T	W	27	2	6.9%	2	1	40	25	0.98	1	1	13	14	2	0	A
II	2213769	A	W	32	2	5.88%	2	1	45	27	0.98	1	1	18	14	0	2	T
II	2218101	T	Y	24	6	20%	2	2	41	37	0.98	1	1	16	8	3	3	C
II	2228350	A	R	21	2	8.7%	2	1	44	37	0.98	1	1	9	12	2	0	G
II	2228775	T	G	1	16	94.12%	1	2	37	37	0.98	1	1	1	0	7	9	G
II	2228777	G	T	0	17	100%	0	2	0	39	0.98	0	1	0	0	8	9	T
II	2233844	C	M	20	2	9.09%	2	1	40	25	0.98	1	1	17	3	0	2	A
II	2233907	T	W	13	2	13.33%	2	1	47	27	0.98	1	1	6	7	0	2	A
II	2233908	C	M	14	2	12.5%	2	1	46	31	0.98	1	1	8	6	0	2	A
II	2244145	A	M	22	2	8.33%	2	2	49	49	0.98	1	1	13	9	1	1	C
II	2257874	G	R	30	4	11.76%	2	2	48	37	0.98	1	1	16	14	2	2	A
II	2265010	A	R	22	2	8.33%	2	1	43	37	0.98	1	1	15	7	2	0	G
II	2285041	T	W	33	2	5.71%	2	2	52	37	0.98	1	1	14	19	1	1	A
II	2292407	G	K	11	2	15.38%	2	1	40	25	0.98	1	1	3	8	0	2	T
II	2297419	A	M	25	2	7.41%	2	2	38	37	0.98	1	1	11	14	1	1	C
II	2298440	T	K	36	2	5.26%	2	2	42	68	0.98	1	1	19	17	1	1	G
II	2307733	G	R	27	2	6.9%	2	2	47	37	0.98	1	1	13	14	1	1	A
II	2308376	A	M	23	2	8%	2	2	47	37	0.98	1	1	10	13	1	1	C
II	2308765	A	M	14	2	12.5%	2	1	41	55	0.98	1	1	9	5	0	2	C
II	2317172	T	K	14	3	17.65%	2	1	36	25	0.98	1	1	3	11	3	0	G
II	2318192	A	W	16	2	11.11%	2	1	46	25	0.98	1	1	7	9	0	2	T
II	2320938	T	K	22	3	12%	2	1	45	26	0.98	1	1	6	16	3	0	G
II	2360227	T	W	34	5	12.5%	2	1	46	30	0.98	1	1	8	26	5	0	A
II	2360253	G	K	35	3	7.89%	2	1	41	25	0.98	1	1	10	25	3	0	T
II	2364205	T	Y	28	2	6.67%	2	1	43	31	0.98	1	1	15	13	0	2	C
II	2391389	A	W	31	2	6.06%	2	2	50	37	0.98	1	1	13	18	1	1	T
II	2403176	T	Y	29	7	19.44%	2	2	45	58	0.98	1	1	16	13	6	1	C
II	2423168	A	R	33	2	5.71%	2	2	44	55	0.98	1	1	19	14	1	1	G
II	2430159	T	W	24	2	7.69%	2	2	46	37	0.98	1	1	12	12	1	1	A
II	2436580	C	G	0	54	100%	0	2	0	48	0.98	0	1	0	0	22	32	G
II	2437534	T	Y	52	3	5.45%	2	2	48	37	0.98	1	1	28	24	2	1	C
II	2437564	A	W	61	5	7.58%	2	2	46	37	0.98	1	1	34	27	2	3	T
II	2437567	T	Y	57	5	7.94%	2	2	48	37	0.98	1	1	32	25	2	3	C
II	2437570	T	W	57	6	9.52%	2	2	48	35	0.98	1	1	33	24	2	4	A
II	2437571	G	S	59	8	11.94%	2	2	48	41	0.98	1	1	35	24	3	5	C
II	2437612	A	W	113	47	29.38%	2	2	45	44	0.98	1	1	60	53	25	22	T
II	2437627	C	Y	62	94	60.26%	2	2	43	50	0.98	1	1	32	30	52	42	T
II	2437629	G	R	111	43	27.92%	2	2	49	44	0.98	1	1	55	56	27	16	A
II	2437646	G	R	122	59	32.6%	2	2	45	46	0.98	1	1	65	57	38	21	A
II	2437661	T	W	179	10	5.29%	2	1	49	34	0.98	1	1	92	87	10	0	A
II	2437666	T	Y	177	11	5.85%	2	2	51	41	0.98	1	1	89	88	10	1	C
II	2437684	T	W	137	53	27.89%	2	2	57	42	0.98	1	1	76	61	26	27	A
II	2437688	A	R	136	52	27.66%	2	2	57	43	0.98	1	1	77	59	25	27	G
II	2437720	A	W	184	11	5.61%	2	2	50	40	0.98	1	1	102	82	9	2	T
II	2437737	A	R	171	17	9.04%	2	2	47	41	0.98	1	1	86	85	13	4	G
II	2437754	G	R	185	10	5.13%	2	2	47	42	0.98	1	1	91	94	8	2	A
II	2437769	A	W	141	28	16.57%	2	2	46	44	0.98	1	1	67	74	13	15	T
II	2437771	A	M	135	29	17.68%	2	2	47	41	0.98	1	1	60	75	17	12	C
II	2437780	A	W	137	14	9.27%	2	2	47	41	0.98	1	1	60	77	6	8	T
II	2437783	T	Y	140	8	5.41%	2	2	46	38	0.98	1	1	59	81	2	6	C
II	2437786	T	W	137	10	6.8%	2	2	47	41	0.98	1	1	56	81	6	4	A
II	2437787	G	S	137	9	6.16%	2	2	47	42	0.98	1	1	55	82	5	4	C
II	2437855	A	M	71	47	39.83%	2	2	44	47	0.98	1	1	29	42	15	32	C
II	2437918	T	Y	81	31	27.68%	2	2	46	51	0.98	1	1	35	46	8	23	C
II	2437936	A	W	89	18	16.82%	2	2	48	54	0.98	1	1	40	49	6	12	T
II	2437942	G	K	87	19	17.92%	2	2	47	52	0.98	1	1	39	48	7	12	T
II	2437951	C	Y	93	17	15.45%	2	2	48	51	0.98	1	1	38	55	6	11	T
II	2437970	G	R	103	12	10.43%	2	2	48	49	0.98	1	1	41	62	3	9	A
II	2438876	C	M	28	2	6.67%	2	2	46	37	0.98	1	1	13	15	1	1	A
II	2443244	C	M	7	2	22.22%	2	1	35	25	0.98	1	1	1	6	2	0	A
II	2443873	T	W	3	3	20%	2	1	45	34	0.98	1	1	2	1	0	3	A
II	2444543	T	C	0	45	100%	0	2	0	49	0.98	0	1	0	0	24	21	C
II	2476823	A	R	27	2	6.9%	2	1	47	37	0.98	1	1	15	12	2	0	G
II	2488048	T	K	4	3	42.86%	2	1	44	26	0.98	1	1	1	3	3	0	G
II	2488065	G	K	6	3	33.33%	2	1	33	30	0.98	1	1	2	4	3	0	T
II	2488087	G	K	6	3	33.33%	2	1	49	26	0.98	1	1	3	3	3	0	T
II	2488104	T	W	12	2	14.29%	2	1	39	33	0.98	1	1	6	6	2	0	A
II	2491077	C	M	30	2	6.25%	2	1	43	29	0.98	1	1	8	22	2	0	A
II	2508177	G	R	27	2	6.9%	2	1	44	61	0.98	1	1	7	20	2	0	A
II	2508320	T	Y	29	2	6.45%	2	2	53	37	0.98	1	1	18	11	1	1	C
II	2523624	C	M	5	2	25%	1	1	32	31	0.98	1	1	5	0	0	2	A
II	2528742	C	Y	36	2	5.26%	2	2	44	37	0.98	1	1	19	17	1	1	T
II	2536639	A	M	36	2	5.26%	2	1	47	25	0.98	1	1	20	16	0	2	C
II	2536702	A	M	34	8	19.05%	2	1	44	27	0.98	1	1	25	9	0	8	C
II	2554900	T	W	43	3	6.52%	2	2	47	37	0.98	1	1	24	19	1	2	A
II	2567212	T	W	16	2	11.11%	2	2	43	37	0.98	1	1	11	5	1	1	A
II	2577192	G	R	28	2	6.67%	2	2	46	49	0.98	1	1	11	17	1	1	A
II	2587504	T	Y	28	2	6.45%	2	1	42	37	0.98	1	1	15	13	0	2	C
II	2594777	C	S	14	2	12.5%	2	2	45	37	0.98	1	1	10	4	1	1	G
II	2599058	G	S	34	2	5.56%	2	1	45	37	0.98	1	1	17	17	0	2	C
II	2618728	A	W	15	2	11.76%	2	1	41	31	0.98	1	1	9	6	0	2	T
II	2619448	G	K	11	2	15.38%	1	1	35	37	0.98	1	1	11	0	0	2	T
II	2619952	T	K	25	2	7.41%	2	2	51	37	0.98	1	1	11	14	1	1	G
II	2655655	A	R	24	2	7.69%	2	2	51	37	0.98	1	1	6	18	1	1	G
II	2676336	C	T	0	12	100%	0	2	0	43	0.98	0	1	0	0	4	8	T
II	2694800	C	M	12	2	14.29%	2	1	41	37	0.98	1	1	6	6	0	2	A
II	2709185	G	K	27	2	6.9%	2	1	41	25	0.98	1	1	23	4	0	2	T
II	2714168	C	M	28	2	6.67%	2	2	49	25	0.98	1	1	15	13	1	1	A
II	2729142	A	M	18	2	10%	2	1	48	25	0.98	1	1	13	5	0	2	C
II	2734313	T	Y	32	3	8.57%	2	2	44	37	0.98	1	1	6	26	2	1	C
II	2739966	C	M	18	2	10%	2	1	40	31	0.98	1	1	8	10	2	0	A
II	2755342	T	Y	33	2	5.71%	2	2	46	49	0.98	1	1	13	20	1	1	C
II	2755648	C	M	28	2	6.67%	2	1	45	27	0.98	1	1	14	14	0	2	A
II	2756370	A	M	20	2	9.09%	2	1	56	31	0.98	1	1	8	12	0	2	C
II	2765076	G	R	18	2	10%	2	1	46	37	0.98	1	1	6	12	2	0	A
II	2770784	A	M	3	2	40%	1	1	37	33	0.98	1	1	3	0	0	2	C
II	2782671	T	Y	18	2	10%	2	1	41	55	0.98	1	1	13	5	0	2	C
II	2800618	G	R	32	2	5.88%	2	2	48	37	0.98	1	1	16	16	1	1	A
II	2806053	G	A	0	32	100%	0	2	0	43	0.98	0	1	0	0	19	13	A
II	2814111	T	W	21	2	8.7%	2	1	44	31	0.98	1	1	7	14	2	0	A
II	2826278	A	W	21	2	8.7%	2	2	45	49	0.98	1	1	17	4	1	1	T
II	2826555	C	S	29	2	6.45%	2	1	47	31	0.98	1	1	12	17	0	2	G
II	2848619	T	W	46	4	8%	2	2	45	37	0.98	1	1	27	19	2	2	A
II	2861851	G	K	27	2	6.9%	2	2	42	37	0.98	1	1	13	14	1	1	T
II	2890358	T	Y	24	2	7.69%	2	1	41	55	0.98	1	1	13	11	0	2	C
II	2894536	C	M	14	2	12.5%	2	1	40	31	0.98	1	1	11	3	0	2	A
II	2900969	C	M	13	2	13.33%	2	1	41	31	0.98	1	1	9	4	2	0	A
II	2901509	G	T	0	49	100%	0	2	0	44	0.98	0	1	0	0	17	32	T
II	2940290	G	R	34	2	5.56%	2	2	39	37	0.98	1	1	22	12	1	1	A
II	2942897	G	K	19	3	13.64%	2	1	41	27	0.98	1	1	16	3	0	3	T
II	2942985	A	M	16	2	11.11%	2	1	35	25	0.98	1	1	6	10	0	2	C
II	2955111	C	M	12	2	14.29%	2	1	37	31	0.98	1	1	7	5	0	2	A
II	2955127	A	M	8	2	20%	2	1	36	27	0.98	1	1	7	1	0	2	C
II	3004016	A	W	15	4	21.05%	2	2	58	37	0.98	1	1	8	7	2	2	T
II	3005117	A	R	32	2	5.88%	2	1	50	31	0.98	1	1	15	17	2	0	G
II	3005729	A	M	29	2	6.45%	2	1	46	25	0.98	1	1	15	14	0	2	C
II	3006137	A	T	0	14	100%	0	2	0	47	0.98	0	1	0	0	5	9	T
II	3010168	T	W	23	2	8%	2	2	43	37	0.98	1	1	10	13	1	1	A
II	3051431	G	R	20	2	9.09%	2	2	44	74	0.98	1	1	10	10	1	1	A
II	3053041	C	Y	27	2	6.9%	2	2	45	37	0.98	1	1	18	9	1	1	T
II	3109825	T	Y	26	2	7.14%	2	1	45	37	0.98	1	1	14	12	0	2	C
II	3128106	G	A	0	31	100%	0	2	0	44	0.98	0	1	0	0	11	20	A
II	3139640	A	M	13	2	13.33%	2	1	41	37	0.98	1	1	8	5	0	2	C
II	3139644	G	K	10	2	16.67%	2	1	37	29	0.98	1	1	7	3	0	2	T
II	3164471	T	K	26	2	7.14%	2	1	41	25	0.98	1	1	5	21	2	0	G
II	3170831	T	Y	28	2	6.67%	2	1	44	74	0.98	1	1	12	16	2	0	C
II	3171792	A	W	27	2	6.9%	2	2	41	37	0.98	1	1	17	10	1	1	T
II	3201207	C	M	16	3	15.79%	2	1	48	26	0.98	1	1	5	11	3	0	A
II	3201235	G	K	25	2	7.41%	2	1	46	29	0.98	1	1	10	15	2	0	T
II	3201263	C	M	34	2	5.56%	2	1	43	25	0.98	1	1	18	16	2	0	A
II	3266198	T	K	17	3	15%	2	1	41	29	0.98	1	1	6	11	3	0	G
II	3275248	A	M	38	2	5%	2	1	47	37	0.98	1	1	24	14	0	2	C
II	3279044	G	K	23	2	8%	2	1	48	33	0.98	1	1	7	16	2	0	T
II	3304613	G	K	11	2	15.38%	2	1	43	31	0.98	1	1	2	9	2	0	T
II	3309459	T	Y	34	2	5.56%	2	1	44	31	0.98	1	1	24	10	0	2	C
II	3309720	A	R	35	2	5.41%	2	2	46	37	0.98	1	1	19	16	1	1	G
II	3339489	T	K	15	2	11.76%	2	1	34	31	0.98	1	1	5	10	2	0	G
II	3346756	T	W	27	2	6.9%	2	2	37	37	0.98	1	1	18	9	1	1	A
II	3347847	T	Y	22	2	8.33%	2	1	49	37	0.98	1	1	8	14	2	0	C
II	3350479	T	K	37	2	5.13%	2	2	49	31	0.98	1	1	19	18	1	1	G
II	3353370	A	W	28	2	6.67%	2	1	47	22	0.98	1	1	9	19	0	2	T
II	3380529	T	K	30	2	6.25%	2	1	37	31	0.98	1	1	2	28	2	0	G
II	3383511	G	K	29	2	6.45%	2	1	42	37	0.98	1	1	16	13	0	2	T
II	3405955	C	Y	30	2	6.25%	2	1	49	37	0.98	1	1	13	17	2	0	T
II	3453409	C	M	27	2	6.9%	2	2	42	37	0.98	1	1	15	12	1	1	A
II	3458329	T	W	25	2	7.41%	2	2	46	37	0.98	1	1	15	10	1	1	A
II	3482727	A	R	35	2	5.41%	2	1	48	37	0.98	1	1	22	13	2	0	G
II	3485865	A	R	17	2	10.53%	2	1	45	55	0.98	1	1	9	8	0	2	G
II	3513604	C	M	26	2	7.14%	2	1	48	25	0.98	1	1	16	10	0	2	A
II	3524722	C	Y	31	2	6.06%	2	1	43	61	0.98	1	1	12	19	2	0	T
II	3528884	G	K	24	2	7.69%	2	1	36	27	0.98	1	1	23	1	0	2	T
II	3532163	A	M	12	5	29.41%	2	1	37	30	0.98	1	1	11	1	0	5	C
II	3545259	T	K	10	3	23.08%	2	1	34	29	0.98	1	1	4	6	3	0	G
II	3545268	G	K	7	2	22.22%	2	1	42	25	0.98	1	1	1	6	2	0	T
II	3575050	T	K	27	2	6.9%	2	1	50	37	0.98	1	1	15	12	2	0	G
II	3592874	T	W	9	2	18.18%	2	2	49	37	0.98	1	1	4	5	1	1	A
II	3620164	A	M	33	3	8.33%	2	1	46	61	0.98	1	1	16	17	0	3	C
II	3621286	T	W	28	2	6.67%	2	2	48	37	0.98	1	1	7	21	1	1	A
II	3654378	A	M	26	2	7.14%	2	1	44	37	0.98	1	1	13	13	0	2	C
II	3664429	C	M	32	2	5.88%	2	1	41	33	0.98	1	1	28	4	0	2	A
II	3664435	C	M	31	2	6.06%	2	2	44	33	0.98	1	1	25	6	1	1	A
II	3725187	A	R	30	2	6.25%	2	1	46	31	0.98	1	1	21	9	2	0	G
II	3736331	T	Y	38	2	5%	2	2	41	37	0.98	1	1	20	18	1	1	C
II	3750760	A	W	36	2	5.26%	2	2	51	37	0.98	1	1	21	15	1	1	T
II	3753002	G	K	32	2	5.88%	2	1	48	25	0.98	1	1	19	13	2	0	T
II	3761762	A	M	27	2	6.9%	2	2	50	33	0.98	1	1	14	13	1	1	C
II	3761768	G	S	32	3	8.57%	2	1	49	33	0.98	1	1	16	16	3	0	C
II	3762457	C	Y	20	2	9.09%	2	1	46	37	0.98	1	1	9	11	2	0	T
II	3773238	A	W	36	2	5.26%	2	2	40	25	0.98	1	1	19	17	1	1	T
II	3773582	G	K	28	2	6.67%	2	2	46	37	0.98	1	1	13	15	1	1	T
II	3779690	T	W	25	4	13.79%	2	2	38	37	0.98	1	1	7	18	2	2	A
II	3786566	T	W	18	2	10%	2	1	42	27	0.98	1	1	10	8	2	0	A
II	3786567	C	M	19	2	9.52%	2	1	44	25	0.98	1	1	10	9	2	0	A
II	3792375	T	W	28	2	6.67%	2	1	43	27	0.98	1	1	15	13	2	0	A
II	3794305	A	W	25	2	7.41%	2	1	43	24	0.98	1	1	14	11	0	2	T
II	3794314	C	M	20	3	13.04%	2	1	42	27	0.98	1	1	15	5	0	3	A
II	3799301	C	M	15	3	16.67%	2	1	41	31	0.98	1	1	7	8	0	3	A
II	3807986	G	K	33	2	5.71%	2	1	39	29	0.98	1	1	27	6	0	2	T
II	3816194	A	M	23	2	8%	2	1	46	68	0.98	1	1	12	11	2	0	C
II	3826166	T	W	28	2	6.67%	2	1	42	37	0.98	1	1	11	17	0	2	A
II	3845187	C	M	13	2	13.33%	1	1	36	25	0.98	1	1	13	0	0	2	A
II	3845815	T	K	35	2	5.41%	2	1	42	31	0.98	1	1	15	20	2	0	G
II	3845852	T	W	35	2	5.41%	2	1	41	27	0.98	1	1	12	23	2	0	A
II	3860185	C	M	36	5	7.69%	2	1	45	37	0.98	1	1	7	29	5	0	A
II	3860190	A	M	34	12	26.09%	2	2	43	39	0.98	1	1	7	27	9	3	C
II	3861465	T	K	10	2	16.67%	1	1	37	37	0.98	1	1	0	10	2	0	G
II	3861796	T	K	37	2	5.13%	2	1	48	31	0.98	1	1	21	16	0	2	G
II	3898213	G	K	15	2	11.76%	2	1	46	37	0.98	1	1	2	13	2	0	T
II	3898214	A	M	16	2	11.11%	2	1	44	37	0.98	1	1	3	13	2	0	C
II	3922645	C	M	25	2	7.41%	2	1	41	25	0.98	1	1	11	14	2	0	A
II	3932537	C	M	13	2	13.33%	2	1	42	31	0.98	1	1	8	5	0	2	A
II	3952621	A	M	18	2	10%	2	1	48	37	0.98	1	1	11	7	0	2	C
II	3966432	T	W	17	2	10.53%	2	1	42	37	0.98	1	1	6	11	0	2	A
II	3975235	C	M	15	2	5.88%	2	1	37	37	0.98	1	1	10	5	0	2	A
II	3991697	G	K	22	2	8.33%	2	2	55	37	0.98	1	1	12	10	1	1	T
II	4031487	G	K	10	2	16.67%	2	1	50	25	0.98	1	1	2	8	2	0	T
II	4037197	A	R	65	5	6.85%	2	2	46	42	0.98	1	1	25	40	4	1	G
II	4056107	T	K	24	2	7.69%	2	2	47	31	0.98	1	1	16	8	1	1	G
II	4059190	G	K	17	2	10.53%	2	1	48	27	0.98	1	1	8	9	0	2	T
II	4059200	A	M	20	2	9.09%	2	1	55	31	0.98	1	1	7	13	0	2	C
II	4070366	T	Y	28	2	6.67%	2	1	41	55	0.98	1	1	15	13	0	2	C
II	4076763	C	M	32	3	8.57%	2	1	46	37	0.98	1	1	12	20	3	0	A
II	4081609	T	K	33	2	5.71%	2	2	44	31	0.98	1	1	18	15	1	1	G
II	4104715	C	M	17	2	10.53%	2	2	43	37	0.98	1	1	6	11	1	1	A
II	4107253	G	K	1	3	42.86%	1	1	37	37	0.98	1	1	1	0	0	3	T
II	4122326	T	C	0	37	100%	0	2	0	48	0.98	0	1	0	0	15	22	C
II	4134119	G	S	34	11	24.44%	2	2	47	40	0.98	1	1	20	14	6	5	C
II	4142201	G	K	22	3	12%	2	1	36	26	0.98	1	1	5	17	3	0	T
II	4144961	C	S	37	2	5.13%	2	2	50	37	0.98	1	1	15	22	1	1	G
II	4161611	A	W	35	3	7.89%	2	2	40	49	0.98	1	1	14	21	2	1	T
II	4163472	C	M	20	6	23.08%	2	2	43	43	0.98	1	1	10	10	4	2	A
II	4164464	A	W	22	3	12%	2	2	45	49	0.98	1	1	9	13	2	1	T
II	4187259	C	S	29	3	9.38%	2	2	46	74	0.98	1	1	10	19	1	2	G
II	4190678	G	R	37	2	5.13%	2	1	52	31	0.98	1	1	12	25	2	0	A
II	4198633	A	R	34	2	5.56%	2	2	49	68	0.98	1	1	17	17	1	1	G
II	4200632	C	M	24	2	7.69%	2	1	49	37	0.98	1	1	15	9	0	2	A
II	4204902	T	K	45	3	6.25%	2	1	51	25	0.98	1	1	16	29	3	0	G
II	4207003	C	M	32	2	5.88%	2	1	48	25	0.98	1	1	19	13	0	2	A
II	4207026	C	M	26	2	7.14%	2	1	51	31	0.98	1	1	14	12	0	2	A
II	4223752	G	K	39	4	9.3%	2	2	49	37	0.98	1	1	26	13	2	2	T
II	4273583	G	R	37	2	5.13%	2	1	53	37	0.98	1	1	17	20	2	0	A
II	4273616	G	R	40	3	6.98%	2	2	54	61	0.98	1	1	16	24	2	1	A
II	4273835	A	R	46	3	6%	2	1	51	29	0.98	1	1	25	21	0	3	G
II	4301063	G	R	16	2	11.11%	2	1	46	61	0.98	1	1	9	7	0	2	A
II	4322398	T	Y	28	2	6.67%	2	1	44	49	0.98	1	1	16	12	2	0	C
II	4328993	C	M	17	2	10.53%	2	1	48	31	0.98	1	1	12	5	0	2	A
II	4329043	T	K	17	2	10.53%	2	1	39	37	0.98	1	1	7	10	2	0	G
II	4338035	T	Y	38	2	5%	2	2	49	55	0.98	1	1	22	16	1	1	C
II	4338762	A	M	13	3	18.75%	2	1	34	37	0.98	1	1	11	2	0	3	C
II	4339496	T	K	26	2	7.14%	2	2	48	31	0.98	1	1	12	14	1	1	G
II	4345325	A	W	19	2	9.52%	2	1	39	37	0.98	1	1	8	11	2	0	T
II	4377628	G	R	31	2	6.06%	2	2	41	37	0.98	1	1	16	15	1	1	A
II	4387568	G	K	21	2	8.7%	2	1	45	31	0.98	1	1	7	14	2	0	T
II	4400666	A	C	0	15	100%	0	2	0	39	0.98	0	1	0	0	5	10	C
II	4422469	G	R	75	5	6.17%	2	1	45	34	0.98	1	1	28	47	0	5	A
II	4422660	C	Y	51	5	8.93%	2	2	46	37	0.98	1	1	28	23	3	2	T
II	4422685	A	R	48	3	5.88%	2	2	47	37	0.98	1	1	28	20	2	1	G
II	4422825	G	S	70	5	6.67%	2	2	47	42	0.98	1	1	31	39	1	4	C
II	4422948	A	R	54	15	21.74%	2	2	47	51	0.98	1	1	18	36	4	11	G
II	4422963	T	Y	48	6	11.11%	2	2	47	38	0.98	1	1	19	29	2	4	C
II	4422966	A	R	52	3	5.45%	2	1	47	49	0.98	1	1	22	30	0	3	G
II	4422969	G	R	52	4	7.14%	2	2	47	32	0.98	1	1	21	31	1	3	A
II	4422972	G	R	49	3	5.77%	2	2	47	33	0.98	1	1	21	28	1	2	A
II	4422987	T	K	43	4	8.51%	2	1	48	33	0.98	1	1	17	26	0	4	G
II	4423359	T	W	20	2	9.09%	2	1	56	31	0.98	1	1	13	7	2	0	A
II	4423500	C	T	7	26	78.79%	2	2	42	36	0.98	1	1	5	2	20	6	T
II	4423525	G	R	24	4	14.29%	2	1	37	31	0.98	1	1	18	6	4	0	A
II	4423563	A	G	3	14	82.35%	1	2	45	36	0.98	1	1	3	0	8	6	G
II	4423569	A	T	3	13	81.25%	1	2	45	37	0.98	1	1	3	0	7	6	T
II	4423574	A	G	3	10	76.92%	1	2	45	37	0.98	1	1	3	0	6	4	G
II	4423578	A	R	7	6	46.15%	2	2	42	37	0.98	1	1	6	1	5	1	G
II	4423590	T	Y	11	2	15.38%	2	1	39	37	0.98	1	1	8	3	2	0	C
II	4423658	A	T	0	18	94.74%	0	2	0	41	0.98	0	1	0	0	11	7	T
II	4426603	A	R	34	2	5.56%	2	1	43	37	0.98	1	1	11	23	2	0	G
II	4446453	T	W	27	2	6.9%	2	2	42	25	0.98	1	1	12	15	1	1	A
II	4452498	G	R	28	4	12.5%	2	2	44	49	0.98	1	1	13	15	2	2	A
II	4452500	C	Y	27	4	12.9%	2	2	44	61	0.98	1	1	13	14	1	3	T
II	4459070	C	Y	46	3	6.12%	2	2	56	74	0.98	1	1	21	25	1	2	T
II	4459071	T	Y	45	3	6.25%	2	2	56	74	0.98	1	1	21	24	1	2	C
II	4474478	T	Y	15	4	21.05%	2	1	54	46	0.98	1	1	7	8	4	0	C
II	4497276	T	Y	17	2	10.53%	2	1	53	37	0.98	1	1	10	7	0	2	C
II	4505717	A	R	21	4	16%	2	1	42	34	0.98	1	1	11	10	0	4	G
II	4507717	C	M	37	2	5.13%	2	2	49	55	0.98	1	1	15	22	1	1	A
II	4507767	T	W	53	3	5.36%	2	2	50	37	0.98	1	1	28	25	2	1	A
II	4507789	G	S	51	5	8.93%	2	2	51	51	0.98	1	1	28	23	3	2	C
II	4511567	G	S	82	6	6.82%	2	2	52	55	0.98	1	1	57	25	4	2	C
II	4513966	A	R	41	8	16.33%	2	1	48	49	0.98	1	1	14	27	0	8	G
II	4513980	A	W	50	5	9.09%	2	1	47	51	0.98	1	1	25	25	0	5	T
II	4516018	T	Y	25	2	7.41%	2	2	44	55	0.98	1	1	15	10	1	1	C
II	4516041	C	M	26	2	7.14%	2	1	39	37	0.98	1	1	13	13	2	0	A
II	4516059	T	W	24	2	7.69%	2	1	48	37	0.98	1	1	11	13	2	0	A
II	4516143	T	Y	29	4	12.12%	2	1	42	37	0.98	1	1	12	17	4	0	C
II	4516145	T	Y	32	4	11.11%	2	1	42	37	0.98	1	1	14	18	4	0	C
II	4516627	G	K	62	9	11.39%	2	2	47	45	0.98	1	1	29	33	7	2	T
II	4518010	A	R	168	9	5.08%	2	2	47	52	0.98	1	1	64	104	2	7	G
II	4518017	T	Y	167	10	5.65%	2	2	47	48	0.98	1	1	59	108	3	7	C
II	4518189	C	S	95	5	5%	2	2	47	44	0.98	1	1	55	40	1	4	G
II	4518273	T	Y	70	12	14.63%	2	2	47	54	0.98	1	1	38	32	4	8	C
II	4518281	A	R	76	11	12.64%	2	2	46	50	0.98	1	1	43	33	4	7	G
II	4518297	G	R	75	6	7.41%	2	2	44	45	0.98	1	1	39	36	2	4	A
II	4518309	C	Y	68	5	6.85%	2	2	44	37	0.98	1	1	37	31	1	4	T
II	4518393	T	Y	65	4	5.8%	2	1	44	46	0.98	1	1	21	44	4	0	C
II	4518532	C	Y	72	6	7.69%	2	2	48	49	0.98	1	1	45	27	1	5	T
II	4518548	A	R	66	6	8.33%	2	2	49	43	0.98	1	1	37	29	3	3	G
II	4521636	C	Y	11	9	45%	2	2	37	45	0.98	1	1	5	6	4	5	T
II	4523882	C	Y	28	26	48.15%	2	2	47	45	0.98	1	1	17	11	13	13	T
II	4525357	G	K	50	3	5.66%	2	1	44	27	0.98	1	1	12	38	3	0	T
II	4525822	C	Y	19	6	24%	2	2	38	41	0.98	1	1	8	11	1	5	T
II	4525966	C	Y	23	4	14.81%	2	2	49	34	0.98	1	1	12	11	2	2	T
II	4527833	A	W	34	2	5.56%	2	1	38	25	0.98	1	1	21	13	0	2	T
II	4527879	G	S	36	5	12.2%	2	2	44	42	0.98	1	1	16	20	4	1	C
II	4527881	C	Y	25	5	16.13%	2	2	41	42	0.98	1	1	17	8	3	2	T
II	4529116	T	Y	53	63	54.31%	2	2	50	48	0.98	1	1	22	31	33	30	C
II	4529421	T	Y	84	5	5.62%	2	2	47	44	0.98	1	1	32	52	4	1	C
II	4529725	G	R	74	10	11.9%	2	2	45	40	0.98	1	1	23	51	9	1	A
II	4529896	G	R	75	4	5.06%	2	1	50	46	0.98	1	1	33	42	4	0	A
II	4529965	A	R	31	39	55.71%	2	2	49	49	0.98	1	1	12	19	14	25	G
II	4530797	C	Y	48	9	15.79%	2	2	51	53	0.98	1	1	22	26	3	6	T
II	4531033	G	S	38	60	61.22%	2	2	49	48	0.98	1	1	23	15	42	18	C
II	4531092	G	R	34	58	63.04%	2	2	42	45	0.98	1	1	17	17	27	31	A
II	4531414	T	Y	70	99	58.58%	2	2	46	46	0.98	1	1	44	26	70	29	C
II	4531492	A	R	148	17	10.3%	2	2	49	37	0.98	1	1	86	62	12	5	G
II	4531592	G	R	81	78	49.06%	2	2	44	46	0.98	1	1	41	40	32	46	A
II	4531749	C	Y	65	47	41.96%	2	2	47	35	0.98	1	1	21	44	19	28	T
II	4531764	A	R	60	55	47.83%	2	2	46	39	0.98	1	1	20	40	28	27	G
II	4532088	G	K	52	71	57.72%	2	2	44	50	0.98	1	1	33	19	42	29	T
II	4533394	T	Y	55	63	53.39%	2	2	45	49	0.98	1	1	30	25	24	39	C
II	4533451	T	Y	44	50	53.19%	2	2	42	48	0.98	1	1	21	23	23	27	C
II	4533598	G	R	64	30	31.91%	2	2	47	52	0.98	1	1	27	37	15	15	A
II	4533617	A	R	73	34	31.78%	2	2	46	47	0.98	1	1	24	49	16	18	G
II	4533636	C	Y	63	54	46.15%	2	2	51	47	0.98	1	1	24	39	17	37	T
II	4533744	T	Y	105	34	24.46%	2	2	50	48	0.98	1	1	59	46	15	19	C
II	4533922	G	R	157	31	16.49%	2	2	48	43	0.98	1	1	60	97	15	16	A
II	4533994	T	Y	100	108	51.92%	2	2	45	46	0.98	1	1	58	42	66	42	C
II	4534246	C	M	132	47	26.26%	2	2	46	44	0.98	1	1	64	68	24	23	A
II	4534498	A	M	107	35	24.65%	2	2	46	47	0.98	1	1	59	48	19	16	C
II	4536550	C	M	149	44	22.8%	2	2	43	44	0.98	1	1	99	50	26	18	A
II	4537214	T	Y	231	75	24.51%	2	2	52	50	0.98	1	1	138	93	41	34	C
II	4537402	A	R	217	14	6.06%	2	1	48	44	0.98	1	1	118	99	0	14	G
II	4537844	T	Y	67	10	12.99%	2	2	44	40	0.98	1	1	34	33	2	8	C
II	4538027	A	R	180	21	10.45%	2	2	49	49	0.98	1	1	107	73	18	3	G
II	4538036	G	K	182	162	47.09%	2	2	48	57	0.98	1	1	130	52	117	45	T
II	4538038	A	R	176	202	53.44%	2	2	47	56	0.98	1	1	133	43	150	52	G
II	4538047	G	R	520	98	15.86%	2	2	54	55	0.98	1	1	381	139	66	32	A
II	4538048	C	Y	339	281	45.32%	2	2	51	57	0.98	1	1	251	88	199	82	T
II	4538052	A	R	192	432	69.23%	2	2	49	57	0.98	1	1	145	47	303	129	G
II	4538065	G	R	564	98	14.8%	2	2	57	55	0.98	1	1	398	166	56	42	A
II	4538091	T	Y	294	329	50.93%	2	2	50	60	0.98	1	1	187	107	202	127	C
II	4538100	C	Y	218	14	6.03%	2	2	48	54	0.98	1	1	136	82	9	5	T
II	4538114	A	R	180	27	13.04%	2	2	45	42	0.98	1	1	119	61	4	23	G
II	4538115	G	K	182	28	13.33%	2	2	46	44	0.98	1	1	119	63	4	24	T
II	4538116	G	R	181	28	13.4%	2	2	47	44	0.98	1	1	118	63	4	24	A
II	4538118	G	R	174	26	13%	2	2	45	45	0.98	1	1	114	60	4	22	A
II	4538122	G	S	174	28	13.86%	2	2	46	43	0.98	1	1	110	64	4	24	C
II	4538125	A	W	189	28	12.9%	2	2	47	43	0.98	1	1	123	66	4	24	T
II	4538126	C	S	191	27	12.39%	2	2	47	42	0.98	1	1	123	68	4	23	G
II	4538128	A	R	191	27	12.27%	2	2	47	43	0.98	1	1	124	67	4	23	G
II	4538155	T	K	243	76	23.75%	2	2	46	40	0.98	1	1	154	89	6	70	G
II	4538164	A	W	213	106	33.23%	2	2	49	41	0.98	1	1	140	73	10	96	T
II	4538203	A	W	229	39	14.55%	2	2	52	43	0.98	1	1	95	134	3	36	T
II	4538216	A	W	230	39	14.5%	2	2	52	43	0.98	1	1	93	137	3	36	T
II	4538238	T	K	239	37	13.41%	2	2	53	43	0.98	1	1	103	136	3	34	G
II	4538244	A	R	238	37	13.45%	2	2	52	41	0.98	1	1	105	133	4	33	G
II	4538591	G	R	57	5	8.06%	2	2	42	51	0.98	1	1	46	11	2	3	A
II	4538770	T	Y	78	12	13.33%	2	1	44	37	0.98	1	1	53	25	12	0	C
II	4539524	G	R	48	16	25%	2	2	45	48	0.98	1	1	23	25	7	9	A
II	4539673	T	W	41	11	21.15%	2	2	44	39	0.98	1	1	19	22	5	6	A
II	4539725	T	Y	34	12	26.09%	2	2	47	43	0.98	1	1	14	20	4	8	C
III	4730	T	A	6	38	86.36%	2	2	39	43	0.98	1	1	2	4	24	14	A
III	5074	G	A	2	25	92.59%	1	2	49	43	0.98	1	1	0	2	5	20	A
III	5207	C	T	1	11	91.67%	1	2	37	35	0.98	1	1	0	1	8	3	T
III	5276	T	G	3	56	91.8%	2	1	49	36	0.98	1	1	2	1	56	0	G
III	5464	C	G	5	71	93.42%	2	2	51	46	0.98	1	1	3	2	23	48	G
III	5487	T	Y	10	2	16.67%	2	2	45	37	0.98	1	1	6	4	1	1	C
III	5661	A	M	8	11	57.89%	1	1	35	35	0.98	1	1	0	8	0	11	C
III	5783	C	Y	2	3	60%	2	1	37	37	0.98	1	1	1	1	0	3	T
III	5841	A	R	6	2	25%	2	1	37	29	0.98	1	1	3	3	2	0	G
III	9812	T	W	29	6	5.88%	2	1	52	35	0.98	1	1	26	3	0	6	A
III	15600	T	W	9	21	70%	2	2	38	43	0.98	1	1	3	6	16	5	A
III	15601	T	W	24	3	11.11%	2	2	37	49	0.98	1	1	11	13	1	2	A
III	15944	G	A	2	23	92%	1	2	25	42	0.98	1	1	2	0	2	21	A
III	16077	C	Y	3	8	72.73%	2	2	45	37	0.98	1	1	2	1	4	4	T
III	16146	T	G	4	44	89.8%	2	1	46	36	0.98	1	1	3	1	44	0	G
III	16334	C	G	4	82	95.35%	2	2	58	47	0.98	1	1	2	2	24	58	G
III	16357	T	Y	10	6	37.5%	2	1	49	43	0.98	1	1	5	5	0	6	C
III	16531	A	C	3	18	85.71%	2	2	49	35	0.98	1	1	1	2	1	17	C
III	16653	C	Y	5	4	44.44%	2	2	59	37	0.98	1	1	3	2	2	2	T
III	16711	A	R	4	4	50%	2	1	46	40	0.98	1	1	2	2	4	0	G
III	20682	T	W	26	6	6.9%	2	1	54	33	0.98	1	1	25	1	0	6	A
III	29067	T	Y	31	2	6.06%	2	1	49	55	0.98	1	1	16	15	0	2	C
III	29071	A	R	31	4	11.43%	2	2	48	55	0.98	1	1	16	15	1	3	G
III	29121	G	R	34	2	5.56%	2	1	52	74	0.98	1	1	17	17	2	0	A
III	29133	A	R	25	5	16.67%	2	2	52	68	0.98	1	1	14	11	3	2	G
III	29151	T	Y	17	3	15%	2	1	51	49	0.98	1	1	12	5	0	3	C
III	29156	C	M	17	3	15%	2	1	50	49	0.98	1	1	12	5	0	3	A
III	32885	T	K	31	4	11.43%	2	2	48	52	0.98	1	1	12	19	2	2	G
III	32890	G	R	32	4	11.11%	2	2	49	55	0.98	1	1	12	20	2	2	A
III	32989	A	M	37	3	7.5%	2	2	50	74	0.98	1	1	17	20	2	1	C
III	33004	T	Y	34	10	22.73%	2	2	46	62	0.98	1	1	21	13	3	7	C
III	33006	C	S	34	10	22.73%	2	2	45	62	0.98	1	1	21	13	3	7	G
III	49817	A	R	31	2	6.06%	2	2	47	31	0.98	1	1	14	17	1	1	G
III	52316	G	K	22	2	8.33%	2	1	41	25	0.98	1	1	8	14	0	2	T
III	69377	A	M	16	2	11.11%	2	1	45	37	0.98	1	1	6	10	0	2	C
III	70057	G	R	36	2	5.26%	2	2	56	31	0.98	1	1	20	16	1	1	A
III	77084	A	R	34	2	5.56%	2	2	47	37	0.98	1	1	18	16	1	1	G
III	85010	C	Y	11	3	21.43%	2	1	43	37	0.98	1	1	9	2	0	3	T
III	88147	T	Y	25	2	7.41%	2	2	49	37	0.98	1	1	17	8	1	1	C
III	88690	G	K	18	3	14.29%	2	1	44	26	0.98	1	1	13	5	0	3	T
III	104507	A	M	28	2	6.67%	2	1	46	61	0.98	1	1	14	14	0	2	C
III	117005	C	S	33	2	5.71%	2	1	56	47	0.98	1	1	19	14	0	2	G
III	123260	G	K	30	2	6.25%	2	1	50	25	0.98	1	1	16	14	0	2	T
III	123340	N	A	0	17	100%	0	2	0	42	0.98	0	1	0	0	3	14	A
III	139580	T	W	31	2	6.06%	2	2	50	37	0.98	1	1	18	13	1	1	A
III	149267	C	M	19	2	9.52%	2	1	44	31	0.98	1	1	13	6	2	0	A
III	151071	G	A	0	40	100%	0	2	0	45	0.98	0	1	0	0	17	23	A
III	151414	G	K	23	2	8%	2	1	44	25	0.98	1	1	6	17	2	0	T
III	151467	T	W	26	2	7.14%	2	1	45	31	0.98	1	1	11	15	2	0	A
III	151906	A	M	36	2	5.26%	2	2	46	74	0.98	1	1	20	16	1	1	C
III	174557	G	K	33	2	5.71%	2	1	50	37	0.98	1	1	13	20	2	0	T
III	174765	A	R	35	2	5.41%	2	2	46	33	0.98	1	1	15	20	1	1	G
III	175048	C	Y	46	3	6.12%	2	2	45	37	0.98	1	1	19	27	2	1	T
III	177231	T	W	23	2	8%	2	2	45	37	0.98	1	1	20	3	1	1	A
III	182428	T	W	31	2	6.06%	2	1	45	37	0.98	1	1	16	15	2	0	A
III	206124	G	K	27	2	6.9%	2	1	47	31	0.98	1	1	15	12	0	2	T
III	212033	T	W	10	2	16.67%	2	1	33	27	0.98	1	1	3	7	2	0	A
III	212059	T	W	13	2	13.33%	2	1	38	25	0.98	1	1	4	9	2	0	A
III	212477	G	R	32	3	8.57%	2	1	51	37	0.98	1	1	15	17	3	0	A
III	212483	G	R	30	3	9.09%	2	1	53	37	0.98	1	1	13	17	3	0	A
III	212679	T	K	44	3	6.38%	2	2	47	61	0.98	1	1	25	19	2	1	G
III	212882	C	Y	49	3	5.77%	2	2	47	61	0.98	1	1	29	20	1	2	T
III	212887	C	Y	50	3	5.66%	2	1	48	49	0.98	1	1	31	19	0	3	T
III	212888	C	S	52	3	5.45%	2	1	48	49	0.98	1	1	31	21	0	3	G
III	213777	G	S	31	2	6.06%	2	1	50	74	0.98	1	1	14	17	2	0	C
III	213787	G	K	26	2	7.14%	2	1	52	74	0.98	1	1	10	16	2	0	T
III	218751	G	K	27	2	6.9%	2	1	39	25	0.98	1	1	9	18	0	2	T
III	220253	T	K	18	2	10%	2	1	42	37	0.98	1	1	8	10	0	2	G
III	220256	A	R	17	2	10.53%	2	1	42	37	0.98	1	1	8	9	0	2	G
III	227078	A	R	46	3	6.12%	2	1	45	37	0.98	1	1	21	25	0	3	G
III	227730	A	T	0	47	100%	0	2	0	50	0.98	0	1	0	0	26	21	T
III	227750	G	K	50	3	5.66%	2	2	51	37	0.98	1	1	25	25	2	1	T
III	227752	C	S	50	3	5.66%	2	2	50	37	0.98	1	1	26	24	2	1	G
III	227825	C	S	52	4	7.14%	2	2	47	74	0.98	1	1	20	32	3	1	G
III	227826	A	R	50	4	7.41%	2	2	47	74	0.98	1	1	19	31	3	1	G
III	228170	A	R	38	10	20.83%	2	2	49	46	0.98	1	1	19	19	2	8	G
III	243788	G	S	22	2	8.33%	2	1	47	37	0.98	1	1	8	14	2	0	C
III	260280	C	M	8	2	20%	2	1	43	31	0.98	1	1	4	4	2	0	A
III	283018	C	M	37	2	5.13%	2	2	58	31	0.98	1	1	22	15	1	1	A
III	284657	C	A	0	10	100%	0	2	0	48	0.98	0	1	0	0	5	5	A
III	287455	G	K	36	2	5.26%	2	1	41	37	0.98	1	1	12	24	0	2	T
III	306696	G	S	16	3	15.79%	2	2	46	37	0.98	1	1	10	6	2	1	C
III	323048	T	Y	30	2	6.25%	2	1	44	37	0.98	1	1	11	19	0	2	C
III	329334	T	Y	30	2	6.25%	2	2	43	55	0.98	1	1	21	9	1	1	C
III	350027	T	W	33	3	8.33%	2	2	51	29	0.98	1	1	11	22	2	1	A
III	360201	A	M	15	2	11.76%	2	1	38	29	0.98	1	1	13	2	0	2	C
III	391121	T	W	20	2	9.09%	2	2	45	55	0.98	1	1	10	10	1	1	A
III	400327	T	W	23	2	8%	2	1	53	25	0.98	1	1	13	10	2	0	A
III	424466	A	R	19	3	13.64%	2	2	42	74	0.98	1	1	6	13	2	1	G
III	434068	A	R	10	2	16.67%	2	1	38	37	0.98	1	1	2	8	0	2	G
III	435549	C	M	22	2	8.33%	2	1	46	25	0.98	1	1	18	4	0	2	A
III	435575	G	K	18	2	10%	2	1	42	29	0.98	1	1	16	2	0	2	T
III	435590	C	M	19	2	9.52%	2	1	43	33	0.98	1	1	15	4	0	2	A
III	464010	A	R	25	2	7.41%	2	2	47	55	0.98	1	1	10	15	1	1	G
III	489619	G	R	79	6	7.06%	2	2	51	37	0.98	1	1	45	34	2	4	A
III	489623	C	Y	78	5	6.02%	2	2	50	37	0.98	1	1	43	35	2	3	T
III	510184	T	W	42	3	6.67%	2	2	50	49	0.98	1	1	21	21	1	2	A
III	521672	C	Y	41	4	8.89%	2	2	41	34	0.98	1	1	22	19	2	2	T
III	549094	T	W	13	3	18.75%	2	2	34	34	0.98	1	1	7	6	2	1	A
III	549125	A	W	20	2	9.09%	2	1	39	31	0.98	1	1	6	14	2	0	T
III	555500	T	K	32	2	5.88%	2	1	43	25	0.98	1	1	17	15	2	0	G
III	563341	A	M	31	2	6.06%	2	1	47	25	0.98	1	1	14	17	0	2	C
III	580836	T	W	30	2	6.25%	2	1	47	37	0.98	1	1	16	14	0	2	A
III	583570	C	M	27	2	6.9%	2	2	38	30	0.98	1	1	2	25	1	1	A
III	583603	T	W	24	2	7.69%	2	1	39	27	0.98	1	1	3	21	2	0	A
III	606348	T	W	17	2	10.53%	2	1	38	33	0.98	1	1	7	10	2	0	A
III	636463	A	M	32	2	5.88%	2	1	45	37	0.98	1	1	25	7	0	2	C
III	646451	G	R	36	2	5.26%	2	1	47	37	0.98	1	1	18	18	2	0	A
III	650902	A	R	23	2	8%	2	1	43	37	0.98	1	1	9	14	2	0	G
III	659516	A	M	28	2	6.67%	2	2	45	31	0.98	1	1	11	17	1	1	C
III	687174	G	R	33	2	5.71%	2	2	47	37	0.98	1	1	16	17	1	1	A
III	704961	C	S	10	2	16.67%	2	2	44	37	0.98	1	1	4	6	1	1	G
III	705695	T	K	38	2	5%	2	1	45	37	0.98	1	1	23	15	2	0	G
III	706176	T	K	23	2	8%	2	2	39	55	0.98	1	1	6	17	1	1	G
III	720001	C	T	0	10	100%	0	2	0	43	0.98	0	1	0	0	2	8	T
III	796238	G	S	26	2	7.14%	2	2	49	37	0.98	1	1	12	14	1	1	C
III	815451	T	Y	30	2	6.25%	2	1	46	55	0.98	1	1	17	13	0	2	C
III	827275	G	K	11	2	15.38%	2	1	37	37	0.98	1	1	3	8	2	0	T
III	833259	T	K	19	3	13.64%	2	1	44	29	0.98	1	1	7	12	3	0	G
III	833297	T	W	28	2	6.67%	2	1	47	37	0.98	1	1	11	17	2	0	A
III	889278	G	K	25	2	7.41%	2	1	43	31	0.98	1	1	19	6	0	2	T
III	897796	A	M	22	2	8.33%	2	1	40	25	0.98	1	1	12	10	0	2	C
III	897842	T	K	21	2	8.7%	2	1	39	25	0.98	1	1	14	7	0	2	G
III	897874	A	M	18	2	10%	2	1	47	31	0.98	1	1	13	5	0	2	C
III	899424	G	R	34	2	5.56%	2	2	43	31	0.98	1	1	13	21	1	1	A
III	904897	C	M	32	2	5.88%	2	1	47	25	0.98	1	1	14	18	0	2	A
III	909260	C	M	19	2	9.52%	2	1	42	37	0.98	1	1	10	9	0	2	A
III	909265	A	M	23	2	8%	2	1	42	37	0.98	1	1	12	11	0	2	C
III	909270	A	M	24	2	7.69%	2	1	44	37	0.98	1	1	10	14	0	2	C
III	928310	G	S	31	2	6.06%	2	1	47	37	0.98	1	1	23	8	0	2	C
III	936706	T	K	4	2	33.33%	1	2	49	31	0.98	1	1	4	0	1	1	G
III	958241	C	Y	15	2	7.69%	2	1	38	25	0.98	1	1	11	4	0	2	-T
III	958263	G	K	27	3	10%	2	1	38	37	0.98	1	1	2	25	3	0	T
III	962376	C	Y	640	56	8.05%	2	2	53	52	0.98	1	1	299	341	28	28	T
III	963322	G	R	109	9	7.63%	2	1	50	49	0.98	1	1	48	61	0	9	A
III	963343	A	G	7	100	93.46%	1	2	47	49	0.98	1	1	0	7	36	64	G
III	966198	G	K	35	2	5.41%	2	1	40	33	0.98	1	1	12	23	2	0	T
III	966536	A	W	38	8	17.39%	2	2	44	41	0.98	1	1	18	20	3	5	T
III	983273	T	K	21	2	8.7%	2	1	41	27	0.98	1	1	1	20	2	0	G
III	984964	T	K	29	2	6.45%	2	1	40	22	0.98	1	1	9	20	2	0	G
III	985871	C	Y	8	2	16.67%	2	1	37	31	0.98	1	1	7	1	0	2	T
III	1025809	T	Y	37	2	5.13%	2	1	41	37	0.98	1	1	16	21	0	2	C
III	1040038	T	W	35	2	5.41%	2	1	45	31	0.98	1	1	22	13	2	0	A
III	1040749	A	R	19	2	9.52%	2	2	44	37	0.98	1	1	11	8	1	1	G
III	1058588	T	W	26	2	7.14%	2	1	41	29	0.98	1	1	21	5	0	2	A
III	1058594	A	M	26	3	10.34%	2	1	39	29	0.98	1	1	20	6	0	3	C
III	1063576	T	K	21	2	8.7%	2	1	48	31	0.98	1	1	13	8	2	0	G
III	1071415	A	R	19	3	13.64%	2	2	47	74	0.98	1	1	8	11	2	1	G
III	1075653	G	K	150	10	6.25%	2	2	47	48	0.98	1	1	53	97	6	4	T
III	1084110	A	R	10	2	15.38%	2	2	48	37	0.98	1	1	5	5	1	1	G
III	1084115	A	W	16	2	11.11%	2	2	50	37	0.98	1	1	8	8	1	1	T
III	1084116	A	R	17	2	10.53%	2	2	47	37	0.98	1	1	9	8	1	1	G
III	1084127	G	S	28	2	6.67%	2	2	47	37	0.98	1	1	15	13	1	1	C
III	1084129	A	W	27	2	6.9%	2	2	50	37	0.98	1	1	15	12	1	1	T
III	1084286	G	K	71	30	29.7%	2	2	47	46	0.98	1	1	41	30	7	23	T
III	1090364	T	K	25	3	10.71%	2	1	44	28	0.98	1	1	6	19	3	0	G
III	1095583	G	K	34	2	5.56%	2	1	47	25	0.98	1	1	16	18	2	0	T
III	1098041	A	W	12	3	20%	2	1	36	37	0.98	1	1	6	6	3	0	T
III	1098042	A	W	12	3	20%	2	1	35	37	0.98	1	1	6	6	3	0	T
III	1114661	C	M	64	18	21.95%	2	2	52	42	0.98	1	1	28	36	12	6	A
III	1116926	A	M	22	2	8.33%	2	1	50	51	0.98	1	1	11	11	2	0	C
III	1121421	C	M	67	25	27.17%	2	2	52	50	0.98	1	1	24	43	14	11	A
III	1121598	T	Y	7	2	22.22%	2	2	47	49	0.98	1	1	3	4	1	1	C
III	1123686	A	M	26	2	7.14%	2	1	47	37	0.98	1	1	12	14	0	2	C
III	1128181	C	M	64	20	23.81%	2	2	47	48	0.98	1	1	23	41	9	11	A
III	1131108	C	M	76	4	5%	2	1	47	25	0.98	1	1	26	50	4	0	A
III	1134941	C	M	65	20	23.53%	2	2	50	41	0.98	1	1	23	42	12	8	A
III	1135100	C	M	28	2	6.67%	2	1	46	37	0.98	1	1	9	19	2	0	A
III	1135111	T	W	14	2	12.5%	2	1	44	37	0.98	1	1	4	10	2	0	A
III	1135112	T	W	14	2	12.5%	2	1	44	37	0.98	1	1	4	10	2	0	A
III	1135113	C	S	13	2	13.33%	2	1	45	37	0.98	1	1	4	9	2	0	G
III	1135124	T	Y	16	2	11.11%	2	1	40	37	0.98	1	1	9	7	2	0	C
III	1135125	T	W	15	2	11.76%	2	1	40	37	0.98	1	1	8	7	2	0	A
III	1135131	T	Y	18	2	10%	2	1	39	37	0.98	1	1	11	7	2	0	C
III	1139296	T	Y	18	3	14.29%	2	2	42	74	0.98	1	1	7	11	2	1	C
III	1156024	G	R	31	2	6.06%	2	1	44	37	0.98	1	1	12	19	2	0	A
III	1168328	T	C	0	13	100%	0	2	0	40	0.98	0	1	0	0	9	4	C
III	1168363	G	R	4	8	66.67%	1	2	37	40	0.98	1	1	4	0	6	2	A
III	1200366	T	Y	23	2	8%	2	1	50	37	0.98	1	1	11	12	2	0	C
III	1214254	T	K	24	2	7.69%	2	2	44	55	0.98	1	1	8	16	1	1	G
III	1240556	T	K	32	2	5.88%	2	1	43	25	0.98	1	1	19	13	2	0	G
III	1252499	C	M	18	2	10%	2	1	42	33	0.98	1	1	13	5	0	2	A
III	1252503	G	K	16	2	10.53%	2	1	42	33	0.98	1	1	13	3	0	2	T
III	1252505	G	K	12	8	34.78%	2	1	39	35	0.98	1	1	11	1	0	8	T
III	1259398	G	R	17	2	10.53%	2	2	43	37	0.98	1	1	11	6	1	1	A
III	1270419	A	W	29	4	12.12%	2	2	46	55	0.98	1	1	15	14	3	1	T
III	1298210	A	R	30	2	6.25%	2	1	51	37	0.98	1	1	11	19	0	2	G
III	1298211	G	R	30	2	6.25%	2	1	48	37	0.98	1	1	12	18	0	2	A
III	1331349	A	R	24	2	7.69%	2	2	44	37	0.98	1	1	9	15	1	1	G
III	1333236	G	R	16	3	15.79%	2	1	46	49	0.98	1	1	9	7	3	0	A
III	1338700	C	M	21	7	25%	2	2	42	63	0.98	1	1	12	9	4	3	A
III	1345211	C	Y	34	2	5.56%	2	1	45	37	0.98	1	1	16	18	0	2	T
III	1349355	A	M	31	2	6.06%	2	1	46	27	0.98	1	1	19	12	0	2	C
III	1363835	T	Y	30	2	6.25%	2	2	43	37	0.98	1	1	11	19	1	1	C
III	1364065	G	S	28	2	6.67%	2	1	44	37	0.98	1	1	14	14	0	2	C
III	1373085	A	M	20	2	9.09%	2	1	44	31	0.98	1	1	7	13	0	2	C
III	1374938	A	T	0	20	95.24%	0	2	0	38	0.98	0	1	0	0	14	6	T
III	1392355	G	K	9	2	18.18%	2	1	41	27	0.98	1	1	2	7	0	2	T
III	1395394	G	T	0	4	80%	0	1	0	35	0.98	0	1	0	0	0	4	T
III	1395701	A	W	13	3	10.71%	2	1	47	37	0.98	1	1	6	7	3	0	+AATGTAATGT
III	1411409	A	W	17	2	10.53%	2	2	51	37	0.98	1	1	9	8	1	1	T
III	1422227	A	R	17	4	19.05%	2	2	42	74	0.98	1	1	4	13	1	3	G
III	1426977	G	S	23	2	8%	2	2	47	33	0.98	1	1	9	14	1	1	C
III	1436738	T	K	12	2	14.29%	2	1	39	25	0.98	1	1	7	5	2	0	G
III	1439447	A	R	23	2	8%	2	1	50	55	0.98	1	1	10	13	2	0	G
III	1439790	A	M	11	3	21.43%	1	1	35	26	0.98	1	1	11	0	0	3	C
III	1445514	T	K	27	2	6.9%	2	1	48	25	0.98	1	1	8	19	2	0	G
III	1457090	G	K	13	2	13.33%	2	1	46	31	0.98	1	1	6	7	0	2	T
III	1457137	A	M	8	3	27.27%	2	1	49	34	0.98	1	1	5	3	0	3	C
III	1458379	C	M	29	2	6.45%	2	1	49	25	0.98	1	1	16	13	2	0	A
III	1466432	G	R	134	8	5.63%	2	2	48	41	0.98	1	1	72	62	4	4	A
III	1466437	G	R	135	8	5.59%	2	2	49	38	0.98	1	1	68	67	4	4	A
III	1466439	C	Y	133	9	6.34%	2	2	48	39	0.98	1	1	64	69	5	4	T
III	1471865	A	R	16	2	11.11%	2	1	45	37	0.98	1	1	8	8	0	2	G
III	1471967	T	W	23	2	7.69%	2	1	43	31	0.98	1	1	17	6	0	2	A
III	1471987	A	M	22	3	12%	2	1	44	25	0.98	1	1	16	6	0	3	C
III	1483662	C	Y	33	2	5.71%	2	2	51	68	0.98	1	1	22	11	1	1	T
III	1483666	A	R	32	2	5.88%	2	2	50	74	0.98	1	1	20	12	1	1	G
III	1493950	A	R	120	44	26.83%	2	2	47	50	0.98	1	1	52	68	28	16	G
III	1494129	T	K	171	53	23.66%	2	2	44	48	0.98	1	1	90	81	20	33	G
III	1494164	A	R	103	52	33.55%	2	2	48	49	0.98	1	1	41	62	16	36	G
III	1494181	A	W	108	45	29.41%	2	2	47	50	0.98	1	1	34	74	16	29	T
III	1494187	T	W	110	36	24.66%	2	2	48	50	0.98	1	1	28	82	14	22	A
III	1494192	G	R	106	27	20.15%	2	2	48	51	0.98	1	1	27	79	12	15	A
III	1494282	G	R	117	112	48.91%	2	2	43	38	0.98	1	1	36	81	51	61	A
III	1494303	G	R	88	64	42.11%	2	2	46	39	0.98	1	1	40	48	27	37	A
III	1494306	A	W	85	56	39.72%	2	2	44	39	0.98	1	1	38	47	21	35	T
III	1494312	A	R	86	56	39.44%	2	2	46	39	0.98	1	1	42	44	21	35	G
III	1494315	A	R	84	56	40%	2	2	46	39	0.98	1	1	45	39	22	34	G
III	1494318	A	R	83	55	39.86%	2	2	46	39	0.98	1	1	45	38	21	34	G
III	1494327	T	K	78	43	35.54%	2	2	45	41	0.98	1	1	46	32	15	28	G
III	1497308	T	K	33	2	5.71%	2	2	48	25	0.98	1	1	17	16	1	1	G
III	1530981	A	R	33	2	5.71%	2	1	47	37	0.98	1	1	19	14	2	0	G
III	1553839	A	M	19	2	9.52%	2	1	43	25	0.98	1	1	9	10	2	0	C
III	1559653	C	M	12	2	14.29%	2	1	33	27	0.98	1	1	2	10	2	0	A
III	1574913	A	R	145	13	8.23%	2	2	53	59	0.98	1	1	59	86	6	7	G
III	1588327	C	M	34	2	5.56%	2	2	46	37	0.98	1	1	18	16	1	1	A
III	1590655	C	S	36	2	5.26%	2	1	46	74	0.98	1	1	19	17	2	0	G
III	1607591	G	K	25	2	7.41%	2	1	44	31	0.98	1	1	10	15	0	2	T
III	1674555	A	W	22	2	8.33%	2	1	46	25	0.98	1	1	16	6	0	2	T
III	1674618	C	Y	9	2	11.76%	2	1	43	28	0.98	1	1	5	4	0	2	-T
III	1698426	A	R	30	10	25%	2	2	54	45	0.98	1	1	17	13	5	5	G
III	1711935	A	W	3	2	5.88%	2	1	45	33	0.98	1	1	1	2	0	2	+T
III	1711948	A	W	34	2	5.56%	2	1	45	29	0.98	1	1	12	22	2	0	T
III	1717329	T	K	8	3	27.27%	2	1	47	34	0.98	1	1	5	3	3	0	G
III	1717339	G	K	9	6	40%	2	1	40	28	0.98	1	1	2	7	6	0	T
III	1724880	C	M	29	2	6.45%	2	2	39	37	0.98	1	1	11	18	1	1	A
III	1729684	T	K	14	2	12.5%	2	1	45	29	0.98	1	1	4	10	2	0	G
III	1761599	T	K	30	2	6.25%	2	1	50	49	0.98	1	1	13	17	0	2	G
III	1765401	G	T	0	45	100%	0	2	0	52	0.98	0	1	0	0	21	24	T
III	1783010	G	S	33	2	5.71%	2	1	51	61	0.98	1	1	14	19	2	0	C
III	1794868	T	Y	15	2	11.76%	2	2	46	37	0.98	1	1	10	5	1	1	C
III	1811009	A	W	20	2	9.09%	2	1	48	25	0.98	1	1	11	9	0	2	T
III	1816638	A	R	36	3	7.69%	2	2	52	70	0.98	1	1	14	22	2	1	G
III	1829122	C	S	21	2	8.7%	2	2	45	55	0.98	1	1	16	5	1	1	G
III	1830542	C	Y	13	2	13.33%	2	2	51	37	0.98	1	1	3	10	1	1	T
III	1831134	A	M	34	2	5.56%	2	2	48	37	0.98	1	1	26	8	1	1	C
III	1834018	T	K	31	2	6.06%	2	1	45	25	0.98	1	1	4	27	2	0	G
III	1841756	T	W	34	2	5.56%	2	1	45	31	0.98	1	1	18	16	2	0	A
III	1845482	T	K	36	2	5.26%	2	1	46	28	0.98	1	1	20	16	2	0	G
III	1845640	A	M	31	2	6.06%	2	2	52	55	0.98	1	1	21	10	1	1	C
III	1894020	C	Y	23	4	14.81%	2	1	38	37	0.98	1	1	14	9	4	0	T
III	1895206	C	M	22	2	8.33%	2	2	44	49	0.98	1	1	11	11	1	1	A
III	1901574	G	K	28	2	6.67%	2	1	44	33	0.98	1	1	6	22	2	0	T
III	1945523	A	W	24	2	7.69%	2	1	48	25	0.98	1	1	15	9	0	2	T
III	1953262	G	K	11	2	15.38%	2	1	44	25	0.98	1	1	8	3	0	2	T
III	1969575	T	K	33	2	5.71%	2	2	53	37	0.98	1	1	23	10	1	1	G
III	1992978	T	K	29	2	6.45%	2	2	46	55	0.98	1	1	11	18	1	1	G
III	2009668	G	K	14	2	12.5%	2	1	47	37	0.98	1	1	10	4	0	2	T
III	2009686	A	M	15	2	11.76%	2	1	38	37	0.98	1	1	13	2	0	2	C
III	2014926	C	Y	25	2	7.41%	2	2	43	37	0.98	1	1	8	17	1	1	T
III	2023775	A	R	28	2	6.67%	2	1	39	37	0.98	1	1	5	23	2	0	G
III	2028201	A	M	19	3	13.64%	2	1	41	29	0.98	1	1	15	4	0	3	C
III	2044489	G	K	28	2	6.67%	2	2	52	31	0.98	1	1	11	17	1	1	T
III	2049742	G	K	28	2	6.67%	2	1	43	27	0.98	1	1	10	18	0	2	T
III	2049748	C	M	28	2	6.67%	2	1	44	25	0.98	1	1	15	13	0	2	A
III	2066530	G	R	29	2	6.45%	2	1	43	37	0.98	1	1	14	15	2	0	A
III	2069021	T	W	26	2	7.14%	2	1	47	37	0.98	1	1	15	11	2	0	A
III	2133957	C	M	23	2	8%	2	2	50	37	0.98	1	1	13	10	1	1	A
III	2145361	C	M	59	4	6.35%	2	2	53	52	0.98	1	1	22	37	1	3	A
III	2150596	G	K	23	2	8%	2	1	45	29	0.98	1	1	4	19	2	0	T
III	2152834	G	K	29	2	6.45%	2	1	41	25	0.98	1	1	17	12	2	0	T
III	2162272	T	Y	24	2	7.69%	2	2	42	55	0.98	1	1	13	11	1	1	C
III	2165765	T	W	20	2	9.09%	2	2	49	37	0.98	1	1	12	8	1	1	A
III	2178374	A	W	22	2	8.33%	2	1	51	25	0.98	1	1	11	11	0	2	T
III	2201476	G	K	15	3	16.67%	2	2	47	23	0.98	1	1	7	8	2	1	T
III	2202526	G	K	31	3	8.82%	2	1	42	29	0.98	1	1	24	7	0	3	T
III	2202541	C	M	28	4	12.5%	2	1	42	31	0.98	1	1	21	7	0	4	A
III	2208005	A	R	38	2	5%	2	1	44	37	0.98	1	1	20	18	2	0	G
III	2214364	C	Y	45	8	15.09%	2	2	49	37	0.98	1	1	24	21	4	4	T
III	2245395	T	K	16	2	11.11%	2	1	38	31	0.98	1	1	2	14	2	0	G
III	2253902	T	K	36	2	5.26%	2	2	42	37	0.98	1	1	19	17	1	1	G
III	2257556	A	R	31	2	6.06%	2	1	47	37	0.98	1	1	20	11	2	0	G
III	2305559	A	M	31	2	6.06%	2	1	46	37	0.98	1	1	11	20	0	2	C
III	2338068	T	Y	38	2	5%	2	2	44	37	0.98	1	1	25	13	1	1	C
III	2345873	T	K	24	2	7.69%	2	1	44	31	0.98	1	1	9	15	2	0	G
III	2352923	A	R	22	2	8.33%	2	1	40	37	0.98	1	1	10	12	2	0	G
III	2358196	T	W	19	2	9.52%	2	1	43	74	0.98	1	1	11	8	2	0	A
III	2381979	G	T	0	12	100%	0	2	0	48	0.98	0	1	0	0	8	4	T
III	2413009	G	S	30	2	6.25%	2	1	44	31	0.98	1	1	12	18	2	0	C
III	2413014	G	S	21	2	8.7%	2	1	41	37	0.98	1	1	9	12	2	0	C
III	2426302	T	W	12	4	25%	2	1	39	37	0.98	1	1	4	8	4	0	A
III	2431133	G	K	17	2	10.53%	2	1	50	37	0.98	1	1	5	12	2	0	T
III	2431152	T	K	17	2	10.53%	2	2	53	74	0.98	1	1	10	7	1	1	G
III	2447413	T	K	1298	151	10.42%	2	1	38	30	0.98	1	1	140	1158	151	0	G
III	2448310	A	W	85	10	10.53%	2	2	38	36	0.98	1	1	64	21	1	9	T
III	2448311	A	W	136	15	9.93%	2	1	40	35	0.98	1	1	83	53	0	15	T
