Chrom	Position	Ref	Cons	Reads1	Reads2	VarFreq	Strands1	Strands2	Qual1	Qual2	Pvalue	MapQual1	MapQual2	Reads1Plus	Reads1Minus	Reads2Plus	Reads2Minus	VarAllele
chr_II_telomeric_gap	4787	G	A	0	232	100%	0	2	0	39	0.98	0	1	0	0	102	130	A
I	224	G	R	299	69	18.75%	2	2	40	39	0.98	1	1	264	35	59	10	A
I	459	C	M	246	369	60%	2	2	40	40	0.98	1	1	131	115	203	166	A
I	783	T	Y	242	403	62.48%	2	2	39	40	0.98	1	1	121	121	178	225	C
I	798	G	R	352	273	43.68%	2	2	40	39	0.98	1	1	161	191	125	148	A
I	955	C	Y	348	297	45.98%	2	2	39	39	0.98	1	1	167	181	142	155	T
I	1055	T	Y	486	121	19.93%	2	2	39	39	0.98	1	1	267	219	75	46	C
I	1133	A	R	358	296	45.26%	2	2	40	40	0.98	1	1	212	146	164	132	G
I	1455	C	Y	326	302	48.09%	2	2	40	40	0.98	1	1	138	188	149	153	T
I	1514	C	S	333	313	48.45%	2	2	39	39	0.98	1	1	165	168	176	137	G
I	1750	G	R	507	89	14.93%	2	2	39	39	0.98	1	1	242	265	43	46	A
I	2224	C	Y	506	98	16.23%	2	2	39	39	0.98	1	1	249	257	48	50	T
I	2582	T	Y	314	321	50.47%	2	2	40	40	0.98	1	1	144	170	162	159	C
I	3431	A	R	304	323	51.52%	2	2	39	40	0.98	1	1	153	151	159	164	G
I	4666	G	R	445	116	20.68%	2	2	40	39	0.98	1	1	265	180	62	54	A
I	4668	C	S	448	113	20.14%	2	2	40	39	0.98	1	1	263	185	63	50	G
I	6280	A	R	340	26	7.1%	2	1	38	27	0.98	1	1	30	310	26	0	G
I	6281	A	R	331	68	17.04%	2	1	38	30	0.98	1	1	16	315	68	0	G
I	6398	G	R	236	30	11.03%	2	2	37	26	0.98	1	1	233	3	2	28	A
I	6401	T	Y	292	29	8.87%	2	1	37	26	0.98	1	1	260	32	0	29	C
I	6402	G	R	273	30	9.55%	2	2	36	28	0.98	1	1	248	25	1	29	A
I	6583	G	R	426	170	28.52%	2	2	40	40	0.98	1	1	224	202	70	100	A
I	6727	G	R	419	130	23.64%	2	2	39	40	0.98	1	1	209	210	41	89	A
I	6912	A	M	421	32	7.06%	2	1	40	40	0.98	1	1	206	215	0	32	C
I	7209	C	M	222	18	7.5%	2	1	38	32	0.98	1	1	39	183	18	0	A
I	8666	G	R	208	243	53.88%	2	2	40	40	0.98	1	1	98	110	110	133	A
I	10913	G	R	153	199	56.53%	2	2	40	40	0.98	1	1	77	76	120	79	A
I	17069	T	K	124	9	6.77%	2	1	39	34	0.98	1	1	96	28	0	9	G
I	18099	A	R	138	10	6.76%	2	1	39	40	0.98	1	1	63	75	10	0	G
I	18140	T	Y	157	11	6.55%	2	2	40	40	0.98	1	1	87	70	10	1	C
I	18218	G	R	187	35	15.77%	2	2	41	40	0.98	1	1	111	76	32	3	A
I	18318	G	R	180	14	7.22%	2	2	39	42	0.98	1	1	96	84	13	1	A
I	18475	C	Y	182	28	13.33%	2	1	39	40	0.98	1	1	83	99	0	28	T
I	20579	A	M	76	4	5%	2	1	39	32	0.98	1	1	26	50	4	0	C
I	27395	T	K	60	6	9.09%	2	1	36	29	0.98	1	1	16	44	0	6	G
I	29359	T	W	188	17	8.29%	2	2	40	39	0.98	1	1	90	98	3	14	A
I	29373	T	Y	168	14	7.37%	2	2	40	38	0.98	1	1	76	92	1	13	C
I	43334	T	K	61	4	6.15%	2	1	38	28	0.98	1	1	37	24	0	4	G
I	43390	A	M	123	7	5.38%	2	1	39	24	0.98	1	1	62	61	7	0	C
I	96878	C	Y	139	9	6.08%	2	1	37	29	0.98	1	1	16	123	9	0	T
I	153938	C	A	0	200	100%	0	2	0	39	0.98	0	1	0	0	105	95	A
I	206477	C	Y	76	4	5%	2	1	39	40	0.98	1	1	26	50	4	0	T
I	221907	T	K	102	12	10.53%	2	1	39	25	0.98	1	1	85	17	0	12	G
I	239721	C	M	118	8	6.35%	2	1	39	26	0.98	1	1	13	105	8	0	A
I	323721	T	Y	128	14	9.86%	2	1	39	27	0.98	1	1	116	12	0	14	C
I	440084	T	W	48	9	6.67%	2	2	39	36	0.98	1	1	27	21	5	4	A
I	453369	G	R	49	17	16.5%	2	1	39	39	0.98	1	1	34	15	0	17	A
I	453416	A	M	121	7	5.47%	2	1	38	28	0.98	1	1	46	75	7	0	C
I	456726	G	K	127	11	7.91%	2	1	38	29	0.98	1	1	97	30	0	11	T
I	470391	C	M	5	5	50%	2	2	36	40	0.98	1	1	4	1	3	2	A
I	473423	C	Y	87	9	9.38%	2	1	39	40	0.98	1	1	59	28	0	9	T
I	473427	G	K	63	12	11.32%	2	1	38	38	0.98	1	1	31	32	0	12	+T
I	473465	T	Y	85	6	6.59%	2	1	39	25	0.98	1	1	27	58	6	0	C
I	502136	A	M	109	10	8.4%	2	1	38	27	0.98	1	1	24	85	10	0	C
I	503792	A	M	115	8	6.5%	2	1	38	30	0.98	1	1	29	86	8	0	C
I	523603	G	A	0	232	100%	0	2	0	39	0.98	0	1	0	0	117	115	A
I	523883	G	A	0	236	100%	0	2	0	40	0.98	0	1	0	0	104	132	A
I	527156	C	A	0	235	100%	0	2	0	39	0.98	0	1	0	0	128	107	A
I	562745	A	W	65	8	5.41%	2	2	38	40	0.98	1	1	39	26	2	6	+T
I	573847	A	R	145	10	6.45%	2	1	39	30	0.98	1	1	14	131	10	0	G
I	574751	A	M	107	10	8.55%	2	1	40	30	0.98	1	1	17	90	10	0	C
I	666513	C	Y	106	9	7.83%	2	1	39	31	0.98	1	1	11	95	9	0	T
I	682994	C	Y	9	5	35.71%	2	2	40	40	0.98	1	1	4	5	4	1	T
I	691576	T	K	106	9	7.83%	2	1	39	31	0.98	1	1	87	19	0	9	G
I	755616	C	Y	114	13	10.24%	2	1	38	27	0.98	1	1	13	101	13	0	T
I	759334	G	T	0	231	100%	0	2	0	39	0.98	0	1	0	0	119	112	T
I	862964	G	T	0	167	100%	0	2	0	40	0.98	0	1	0	0	82	85	T
I	922263	A	M	130	7	5.11%	2	1	38	30	0.98	1	1	22	108	7	0	C
I	934908	T	W	48	4	5.71%	2	1	40	40	0.98	1	1	36	12	0	4	A
I	957958	A	R	130	11	7.8%	2	1	36	28	0.98	1	1	31	99	11	0	G
I	957961	A	R	127	11	7.97%	2	1	36	31	0.98	1	1	28	99	11	0	G
I	960025	G	K	31	10	5.18%	2	1	40	38	0.98	1	1	11	20	0	10	+T
I	965431	T	K	95	5	5%	2	1	40	27	0.98	1	1	79	16	0	5	G
I	965438	C	M	41	14	13.33%	2	1	40	40	0.98	1	1	35	6	0	14	A
I	965460	C	M	85	7	7.61%	2	1	39	30	0.98	1	1	26	59	7	0	A
I	965469	T	Y	112	6	5.08%	2	1	37	24	0.98	1	1	52	60	6	0	C
I	995095	A	M	88	7	7.37%	2	1	38	28	0.98	1	1	24	64	7	0	C
I	1027635	T	W	58	11	15.49%	2	1	39	39	0.98	1	1	46	12	0	11	A
I	1027669	G	R	62	6	8.82%	2	1	39	32	0.98	1	1	14	48	6	0	A
I	1053976	T	Y	136	10	6.85%	2	1	39	30	0.98	1	1	91	45	0	10	C
I	1077211	T	Y	118	29	19.73%	2	1	38	30	0.98	1	1	104	14	0	29	C
I	1079583	T	W	65	9	9.38%	2	2	40	39	0.98	1	1	53	12	1	8	A
I	1110948	A	M	157	12	7.1%	2	1	39	28	0.98	1	1	44	113	12	0	C
I	1118372	A	R	105	20	16%	2	1	37	28	0.98	1	1	26	79	20	0	G
I	1148170	A	M	146	11	7.01%	2	1	38	24	0.98	1	1	75	71	11	0	C
I	1149061	T	K	143	10	6.54%	2	1	38	30	0.98	1	1	104	39	0	10	G
I	1149937	C	M	105	6	5.36%	2	1	37	34	0.98	1	1	25	80	6	0	A
I	1149948	C	M	122	7	5.38%	2	1	39	28	0.98	1	1	41	81	7	0	A
I	1181279	C	Y	123	7	5.26%	2	1	39	28	0.98	1	1	2	121	7	0	T
I	1181283	A	R	138	12	8%	2	1	38	32	0.98	1	1	17	121	12	0	G
I	1254655	T	W	42	9	6.77%	2	1	39	40	0.98	1	1	24	18	0	9	A
I	1265599	T	K	111	7	5.93%	2	1	39	26	0.98	1	1	100	11	0	7	G
I	1285554	T	K	122	7	5.43%	2	1	38	30	0.98	1	1	86	36	0	7	G
I	1357592	T	Y	112	10	8.2%	2	1	38	30	0.98	1	1	91	21	0	10	C
I	1358767	T	K	124	10	7.46%	2	1	39	28	0.98	1	1	91	33	0	10	G
I	1358820	G	R	111	7	5.93%	2	1	35	33	0.98	1	1	55	56	7	0	A
I	1424709	A	M	0	3	30%	0	1	0	40	0.98	0	1	0	0	3	0	C
I	1424709	A	W	0	7	70%	0	2	0	40	0.98	0	1	0	0	4	3	T
I	1491108	C	Y	206	15	6.79%	2	2	40	40	0.98	1	1	108	98	8	7	T
I	1493254	T	K	151	61	28.77%	2	2	40	39	0.98	1	1	68	83	31	30	G
I	1494938	C	M	34	10	5.05%	2	2	39	40	0.98	1	1	16	18	3	7	A
I	1496318	A	M	21	4	16%	2	2	40	40	0.98	1	1	13	8	2	2	C
I	1571014	T	Y	175	11	5.91%	2	1	39	29	0.98	1	1	122	53	0	11	C
I	1595046	A	R	112	8	6.67%	2	1	39	26	0.98	1	1	77	35	0	8	G
I	1595053	A	R	113	9	7.38%	2	1	38	27	0.98	1	1	81	32	0	9	G
I	1595056	C	Y	42	17	13.71%	2	1	37	38	0.98	1	1	23	19	0	17	+T
I	1595086	A	M	108	7	6.09%	2	1	38	24	0.98	1	1	36	72	7	0	C
I	1599280	T	K	114	7	5.79%	2	1	38	26	0.98	1	1	62	52	0	7	G
I	1664031	G	R	115	16	12.12%	2	1	39	26	0.98	1	1	109	6	0	16	A
I	1666841	G	K	112	6	5%	2	1	39	34	0.98	1	1	50	62	0	6	T
I	1667031	C	Y	77	5	6.1%	2	1	36	30	0.98	1	1	26	51	5	0	T
I	1783458	C	T	0	224	100%	0	2	0	40	0.98	0	1	0	0	122	102	T
I	1804497	T	K	140	10	6.67%	2	1	39	26	0.98	1	1	104	36	0	10	G
I	1823566	A	R	162	9	5.26%	2	1	38	32	0.98	1	1	35	127	9	0	G
I	1852148	C	M	141	8	5.37%	2	1	37	30	0.98	1	1	38	103	8	0	A
I	1905525	T	K	28	8	8.16%	2	1	38	40	0.98	1	1	17	11	8	0	G
I	1907099	C	Y	121	9	6.92%	2	1	39	24	0.98	1	1	23	98	9	0	T
I	1955754	C	Y	53	11	9.65%	2	1	38	38	0.98	1	1	30	23	0	11	+TT
I	1955786	A	M	79	6	7.06%	2	1	38	25	0.98	1	1	37	42	6	0	C
I	1955853	T	W	5	14	13.46%	2	2	36	34	0.98	1	1	1	4	3	11	A
I	1955870	C	M	99	7	6.6%	2	1	37	30	0.98	1	1	33	66	7	0	A
I	1956751	C	Y	107	10	8.55%	2	1	38	28	0.98	1	1	11	96	10	0	T
I	1996583	A	R	151	22	12.72%	2	1	39	30	0.98	1	1	40	111	22	0	G
I	1999192	G	C	0	239	100%	0	2	0	39	0.98	0	1	0	0	105	134	C
I	2007112	A	M	143	16	10.06%	2	1	39	25	0.98	1	1	37	106	16	0	C
I	2012908	T	K	112	13	10.4%	2	1	40	26	0.98	1	1	104	8	0	13	G
I	2025031	A	M	80	6	6.98%	2	1	39	34	0.98	1	1	22	58	6	0	C
I	2028412	G	R	117	8	6.4%	2	1	38	30	0.98	1	1	95	22	0	8	A
I	2041982	G	R	44	3	6.38%	2	1	39	24	0.98	1	1	12	32	3	0	A
I	2068538	T	K	129	10	7.19%	2	1	39	30	0.98	1	1	105	24	0	10	G
I	2104091	G	T	0	195	100%	0	2	0	40	0.98	0	1	0	0	109	86	T
I	2104097	C	A	0	198	100%	0	2	0	40	0.98	0	1	0	0	109	89	A
I	2115117	T	Y	119	20	14.39%	2	1	39	30	0.98	1	1	105	14	0	20	C
I	2139856	G	K	19	9	5.42%	2	1	40	40	0.98	1	1	8	11	0	9	+T
I	2227936	T	W	26	12	13.79%	2	2	38	40	0.98	1	1	16	10	3	9	A
I	2231773	C	M	147	8	5.16%	2	1	38	32	0.98	1	1	60	87	8	0	A
I	2287856	C	M	193	14	6.76%	2	2	39	42	0.98	1	1	71	122	7	7	A
I	2310667	A	R	149	9	5.7%	2	1	38	29	0.98	1	1	29	120	9	0	G
I	2335898	T	K	150	8	5.06%	2	1	38	28	0.98	1	1	118	32	0	8	G
I	2419079	A	R	151	8	5.03%	2	1	38	24	0.98	1	1	46	105	8	0	G
I	2421577	C	M	3	5	62.5%	1	2	40	40	0.98	1	1	0	3	2	3	A
I	2483794	A	R	166	9	5.14%	2	1	39	31	0.98	1	1	61	105	9	0	G
I	2506044	T	A	0	221	100%	0	2	0	40	0.98	0	1	0	0	103	118	A
I	2605763	T	K	122	10	7.58%	2	1	39	32	0.98	1	1	94	28	0	10	G
I	2605764	T	A	1	155	99.36%	1	2	24	40	0.98	1	1	0	1	94	61	A
I	2605777	C	M	116	9	7.2%	2	2	38	29	0.98	1	1	93	23	1	8	A
I	2605861	T	G	1	4	80%	1	2	40	40	0.98	1	1	1	0	3	1	G
I	2616795	A	R	180	12	6.25%	2	1	38	28	0.98	1	1	73	107	12	0	G
I	2651395	G	R	128	7	5.19%	2	1	37	24	0.98	1	1	102	26	0	7	A
I	2651398	G	R	109	11	9.17%	2	1	39	25	0.98	1	1	104	5	0	11	A
I	2651400	T	Y	140	9	6.04%	2	1	37	27	0.98	1	1	105	35	0	9	C
I	2684616	T	K	108	7	6.09%	2	1	40	35	0.98	1	1	93	15	0	7	G
I	2743288	T	K	154	11	6.67%	2	1	39	29	0.98	1	1	130	24	0	11	G
I	2747078	A	G	1	176	99.44%	1	2	24	38	0.98	1	1	1	0	96	80	G
I	2810512	G	R	122	12	8.96%	2	1	38	28	0.98	1	1	105	17	0	12	A
I	2821607	A	M	138	9	6.12%	2	1	38	27	0.98	1	1	17	121	9	0	C
I	2871745	T	K	126	13	9.35%	2	1	39	31	0.98	1	1	108	18	0	13	G
I	2943729	C	Y	98	8	7.55%	2	2	39	36	0.98	1	1	56	42	2	6	T
I	2943738	A	R	87	5	5.43%	2	2	39	36	0.98	1	1	48	39	1	4	G
I	2959806	A	M	108	6	5.26%	2	1	38	29	0.98	1	1	37	71	6	0	C
I	2968343	A	M	123	7	5.38%	2	1	39	28	0.98	1	1	15	108	7	0	C
I	3111508	A	G	0	213	100%	0	2	0	39	0.98	0	1	0	0	107	106	G
I	3115841	C	A	0	220	100%	0	2	0	40	0.98	0	1	0	0	131	89	A
I	3119299	G	A	0	232	100%	0	2	0	40	0.98	0	1	0	0	103	129	A
I	3144685	A	R	89	7	7.29%	2	1	39	29	0.98	1	1	55	34	0	7	G
I	3149060	G	R	145	8	5.23%	2	1	38	30	0.98	1	1	91	54	0	8	A
I	3166811	C	M	99	18	15.38%	2	1	39	27	0.98	1	1	24	75	18	0	A
I	3179238	G	C	0	225	100%	0	2	0	40	0.98	0	1	0	0	95	130	C
I	3206937	G	S	110	21	16.03%	2	1	40	25	0.98	1	1	109	1	0	21	C
I	3282123	G	C	0	241	100%	0	2	0	40	0.98	0	1	0	0	104	137	C
I	3300835	T	Y	25	2	7.41%	2	1	39	32	0.98	1	1	24	1	0	2	C
I	3300844	A	M	22	6	21.43%	2	1	37	37	0.98	1	1	10	12	6	0	C
I	3300854	G	K	32	2	5.88%	2	2	34	24	0.98	1	1	19	13	1	1	T
I	3313341	T	K	135	12	8.16%	2	1	39	26	0.98	1	1	101	34	0	12	G
I	3323073	C	Y	149	11	6.88%	2	1	38	29	0.98	1	1	120	29	0	11	T
I	3405019	T	Y	84	6	6.67%	2	1	38	32	0.98	1	1	36	48	6	0	C
I	3405038	A	M	103	6	5.5%	2	1	38	24	0.98	1	1	46	57	6	0	C
I	3406518	C	S	162	18	10%	2	1	38	30	0.98	1	1	48	114	18	0	G
I	3450131	T	W	0	5	50%	0	2	0	40	0.98	0	1	0	0	2	3	A
I	3450131	T	K	0	5	50%	0	2	0	40	0.98	0	1	0	0	4	1	A
I	3538450	A	T	1	172	99.42%	1	2	40	39	0.98	1	1	0	1	93	79	T
I	3548567	G	K	63	5	7.35%	2	1	39	33	0.98	1	1	19	44	5	0	T
I	3548913	T	A	0	177	100%	0	2	0	39	0.98	0	1	0	0	103	74	A
I	3576273	A	M	120	9	6.98%	2	1	37	29	0.98	1	1	46	74	9	0	C
I	3576756	T	Y	41	65	33.33%	2	2	37	37	0.98	1	1	19	22	29	36	C
I	3580029	G	K	94	6	5.77%	2	1	37	29	0.98	1	1	50	44	0	6	T
I	3580034	C	Y	57	9	9.38%	2	1	38	32	0.98	1	1	29	28	0	9	+T
I	3583106	G	A	0	250	100%	0	2	0	40	0.98	0	1	0	0	130	120	A
I	3585131	G	K	180	17	8.63%	2	2	40	40	0.98	1	1	91	89	10	7	T
I	3609896	T	K	146	8	5.16%	2	1	38	26	0.98	1	1	105	41	0	8	G
I	3634687	T	Y	41	10	19.61%	2	1	36	28	0.98	1	1	30	11	0	10	C
I	3634688	G	R	48	3	5.88%	2	1	34	24	0.98	1	1	37	11	0	3	A
I	3645091	G	K	161	9	5.26%	2	1	39	27	0.98	1	1	107	54	0	9	T
I	3700522	C	Y	179	24	11.82%	2	2	39	40	0.98	1	1	99	80	11	13	T
I	3740553	A	R	127	13	9.29%	2	1	38	28	0.98	1	1	28	99	13	0	G
I	3761560	T	Y	221	24	9.8%	2	2	40	39	0.98	1	1	117	104	8	16	C
I	3761566	T	Y	229	28	10.89%	2	2	39	39	0.98	1	1	116	113	8	20	C
I	3783129	G	R	103	7	6.36%	2	1	38	28	0.98	1	1	96	7	0	7	A
I	3879924	C	Y	98	11	10.09%	2	1	39	29	0.98	1	1	14	84	11	0	T
I	3900375	A	R	139	9	6.08%	2	1	37	31	0.98	1	1	40	99	9	0	G
I	3919051	G	R	140	8	5.41%	2	1	39	28	0.98	1	1	126	14	0	8	A
I	3948704	T	K	138	8	5.48%	2	1	39	27	0.98	1	1	119	19	0	8	G
I	3969608	A	M	121	7	5.47%	2	1	38	28	0.98	1	1	26	95	7	0	C
I	3984278	C	Y	144	9	5.88%	2	2	42	40	0.98	1	1	55	89	8	1	T
I	3988646	G	R	130	17	11.56%	2	2	39	37	0.98	1	1	63	67	14	3	A
I	3988970	A	R	87	6	6.45%	2	2	41	32	0.98	1	1	39	48	1	5	G
I	3988973	G	R	84	5	5.62%	2	2	39	34	0.98	1	1	36	48	2	3	A
I	3990923	T	Y	121	7	5.47%	2	1	39	30	0.98	1	1	105	16	0	7	C
I	3992156	T	K	107	6	5.31%	2	1	38	26	0.98	1	1	66	41	0	6	G
I	3992214	C	A	1	107	99.07%	1	2	24	40	0.98	1	1	1	0	56	51	A
I	3992215	C	M	75	4	5.06%	2	1	38	24	0.98	1	1	22	53	4	0	A
I	3992218	T	Y	75	8	9.3%	2	1	38	32	0.98	1	1	22	53	8	0	C
I	4004016	G	K	36	10	7.94%	2	2	37	36	0.98	1	1	22	14	1	9	+T
I	4048261	T	Y	124	15	10.79%	2	1	38	32	0.98	1	1	98	26	0	15	C
I	4051857	A	R	141	12	7.84%	2	1	37	25	0.98	1	1	41	100	12	0	G
I	4055026	T	K	162	13	7.43%	2	1	38	27	0.98	1	1	86	76	0	13	G
I	4055052	T	W	33	11	5.56%	2	2	39	38	0.98	1	1	19	14	3	8	A
I	4063871	G	R	133	7	5%	2	2	39	36	0.98	1	1	95	38	5	2	A
I	4063876	T	Y	145	8	5.23%	2	2	39	43	0.98	1	1	102	43	4	4	C
I	4139644	C	Y	150	9	5.62%	2	1	39	27	0.98	1	1	68	82	9	0	T
I	4139646	A	R	150	14	8.54%	2	1	40	29	0.98	1	1	69	81	14	0	G
I	4139648	C	Y	140	9	6%	2	1	39	25	0.98	1	1	60	80	9	0	T
I	4140105	A	M	160	11	6.43%	2	1	38	37	0.98	1	1	71	89	11	0	C
I	4179613	T	K	152	8	5%	2	1	38	26	0.98	1	1	62	90	0	8	G
I	4235614	C	Y	149	8	5.1%	2	1	37	24	0.98	1	1	44	105	8	0	T
I	4276890	G	K	21	20	12.82%	2	1	39	38	0.98	1	1	6	15	0	20	+T
I	4291193	G	R	114	18	13.64%	2	1	39	26	0.98	1	1	110	4	0	18	A
I	4291196	T	Y	111	63	36.21%	2	1	39	32	0.98	1	1	109	2	0	63	C
I	4316683	A	R	101	6	5.61%	2	1	38	32	0.98	1	1	56	45	0	6	G
I	4319077	T	Y	153	21	12.07%	2	1	38	30	0.98	1	1	127	26	0	21	C
I	4320175	A	R	175	10	5.41%	2	1	38	28	0.98	1	1	61	114	10	0	G
I	4362879	T	K	121	17	12.32%	2	1	39	28	0.98	1	1	107	14	0	17	G
I	4374343	G	R	10	2	16.67%	2	1	40	40	0.98	1	1	5	5	0	2	A
I	4375421	A	T	0	222	100%	0	2	0	40	0.98	0	1	0	0	108	114	T
I	4410192	G	S	3	3	50%	1	2	40	40	0.98	1	1	0	3	2	1	C
I	4414699	T	K	87	5	5.43%	2	1	39	27	0.98	1	1	57	30	0	5	G
I	4434034	A	M	142	12	7.79%	2	1	39	26	0.98	1	1	24	118	12	0	C
I	4434061	A	M	157	13	7.65%	2	1	39	28	0.98	1	1	41	116	13	0	C
I	4442714	G	A	1	181	99.45%	1	2	24	40	0.98	1	1	0	1	98	83	A
I	4455163	C	M	176	10	5.38%	2	2	37	30	0.98	1	1	79	97	8	2	A
I	4563532	G	R	105	7	6.14%	2	1	39	30	0.98	1	1	100	5	0	7	A
I	4578760	T	K	116	7	5.69%	2	1	39	28	0.98	1	1	95	21	0	7	G
I	4604677	G	K	70	10	12.5%	2	1	38	30	0.98	1	1	22	48	10	0	T
I	4648160	G	T	3	48	94.12%	2	2	40	39	0.98	1	1	1	2	17	31	T
I	4648161	G	T	24	120	83.33%	2	2	39	40	0.98	1	1	14	10	70	50	T
I	4674511	T	K	130	7	5.11%	2	1	39	24	0.98	1	1	96	34	0	7	G
I	4693388	A	R	166	9	5.14%	2	1	39	36	0.98	1	1	64	102	9	0	G
I	4709628	A	M	109	12	9.92%	2	1	39	26	0.98	1	1	10	99	12	0	C
I	4709646	A	M	126	8	5.97%	2	1	39	26	0.98	1	1	25	101	8	0	C
I	4715526	T	K	115	9	7.26%	2	1	39	31	0.98	1	1	88	27	0	9	G
I	4738581	C	M	185	15	7.5%	2	2	40	42	0.98	1	1	106	79	8	7	A
I	4768389	T	Y	152	10	6.17%	2	1	37	32	0.98	1	1	109	43	0	10	C
I	4796244	T	Y	219	13	5.6%	2	2	40	38	0.98	1	1	110	109	6	7	C
I	4826153	T	K	149	8	5.1%	2	1	39	26	0.98	1	1	122	27	0	8	G
I	4855227	T	Y	125	20	13.79%	2	1	38	30	0.98	1	1	109	16	0	20	C
I	4911426	A	R	70	6	7.89%	2	1	38	26	0.98	1	1	25	45	0	6	G
I	4911430	A	R	54	3	5.26%	2	1	39	40	0.98	1	1	23	31	0	3	G
I	4912232	C	Y	157	10	5.99%	2	1	37	28	0.98	1	1	35	122	10	0	T
I	4912236	C	Y	133	8	5.63%	2	1	39	24	0.98	1	1	8	125	8	0	T
I	4916612	T	K	116	7	5.69%	2	1	39	33	0.98	1	1	76	40	0	7	G
I	4919603	A	G	0	231	100%	0	2	0	40	0.98	0	1	0	0	128	103	G
I	4926046	C	Y	47	8	7.41%	2	1	39	28	0.98	1	1	32	15	0	8	+T
I	4941716	T	K	139	11	7.33%	2	1	39	28	0.98	1	1	116	23	0	11	G
I	5020798	A	R	176	11	5.88%	2	1	37	31	0.98	1	1	51	125	11	0	G
I	5035815	T	Y	126	16	11.27%	2	1	38	30	0.98	1	1	112	14	0	16	C
I	5078225	T	K	116	19	14.07%	2	1	38	29	0.98	1	1	99	17	0	19	G
I	5082143	A	R	165	12	6.78%	2	1	38	30	0.98	1	1	68	97	12	0	G
I	5096431	C	Y	114	8	6.56%	2	1	39	28	0.98	1	1	74	40	0	8	T
I	5096470	G	K	71	14	16.47%	2	2	36	32	0.98	1	1	20	51	13	1	T
I	5154973	T	Y	154	11	6.67%	2	1	38	29	0.98	1	1	108	46	0	11	C
I	5157518	T	K	115	8	6.5%	2	1	39	28	0.98	1	1	91	24	0	8	G
I	5157532	T	K	103	9	8.04%	2	1	39	27	0.98	1	1	86	17	0	9	G
I	5173430	G	K	34	16	10.67%	2	1	39	39	0.98	1	1	16	18	0	16	+T
I	5174647	A	M	139	20	12.58%	2	1	39	27	0.98	1	1	24	115	20	0	C
I	5175873	T	K	124	15	10.79%	2	1	40	27	0.98	1	1	104	20	0	15	G
I	5176926	T	W	42	7	5.47%	2	2	39	37	0.98	1	1	24	18	1	6	A
I	5177795	A	M	55	4	6.56%	2	1	39	32	0.98	1	1	20	35	4	0	C
I	5211709	A	R	97	13	11.82%	2	1	38	31	0.98	1	1	21	76	13	0	G
I	5271466	A	T	0	61	100%	0	2	0	40	0.98	0	1	0	0	17	44	T
I	5368263	C	Y	6	2	25%	2	1	40	40	0.98	1	1	4	2	2	0	T
I	5400080	C	T	0	211	100%	0	2	0	40	0.98	0	1	0	0	124	87	T
I	5445004	C	Y	128	7	5.19%	2	1	39	24	0.98	1	1	14	114	7	0	T
I	5483108	T	Y	172	10	5.49%	2	1	38	30	0.98	1	1	117	55	0	10	C
I	5535700	A	W	184	60	24.59%	2	2	39	38	0.98	1	1	91	93	29	31	T
I	5535704	G	R	174	73	29.55%	2	2	39	38	0.98	1	1	85	89	34	39	A
I	5559301	G	R	20	2	9.09%	2	1	37	24	0.98	1	1	19	1	2	0	A
I	5562193	A	R	188	130	40.88%	2	2	39	40	0.98	1	1	97	91	83	47	G
I	5569147	G	R	303	16	5.02%	2	2	40	39	0.98	1	1	114	189	1	15	A
I	5569168	A	R	300	24	7.41%	2	2	40	38	0.98	1	1	86	214	16	8	G
I	5569182	A	W	301	24	7.38%	2	2	40	39	0.98	1	1	93	208	14	10	T
I	5574340	A	M	157	13	7.65%	2	1	38	25	0.98	1	1	60	97	13	0	C
I	5576809	C	Y	179	157	46.73%	2	2	39	40	0.98	1	1	88	91	85	72	T
I	5579055	C	Y	43	57	57%	1	1	39	39	0.98	1	1	0	43	0	57	T
II	7207	T	Y	231	24	9.41%	2	2	39	39	0.98	1	1	123	108	12	12	C
II	15820	A	R	54	3	5.26%	2	1	39	24	0.98	1	1	24	30	0	3	G
II	15830	T	W	32	7	14.58%	2	2	40	37	0.98	1	1	15	17	3	4	A
II	46943	G	R	64	5	7.25%	2	2	38	24	0.98	1	1	17	47	4	1	A
II	64667	A	R	111	10	8.26%	2	1	38	30	0.98	1	1	38	73	10	0	G
II	76820	A	W	193	60	23.72%	2	2	39	38	0.98	1	1	95	98	33	27	T
II	76824	G	R	187	60	24.29%	2	2	39	39	0.98	1	1	94	93	33	27	A
II	113240	T	K	125	7	5.3%	2	1	38	30	0.98	1	1	87	38	0	7	G
II	210287	G	K	232	18	7.2%	2	2	39	41	0.98	1	1	118	114	5	13	T
II	243133	T	K	143	8	5.3%	2	1	39	28	0.98	1	1	93	50	0	8	G
II	243507	C	M	184	28	13.21%	2	2	41	40	0.98	1	1	93	91	14	14	A
II	266718	A	C	0	227	100%	0	2	0	40	0.98	0	1	0	0	126	101	C
II	266780	T	A	0	238	100%	0	2	0	40	0.98	0	1	0	0	112	126	A
II	276539	A	T	0	219	100%	0	2	0	39	0.98	0	1	0	0	133	86	T
II	290666	G	R	162	15	8.47%	2	1	36	25	0.98	1	1	100	62	0	15	A
II	308731	A	R	143	15	9.49%	2	1	38	28	0.98	1	1	22	121	15	0	G
II	317515	T	Y	136	20	12.82%	2	1	38	31	0.98	1	1	107	29	0	20	C
II	329050	G	R	106	12	10.17%	2	1	39	30	0.98	1	1	100	6	0	12	A
II	329054	G	R	114	9	7.32%	2	1	39	31	0.98	1	1	105	9	0	9	A
II	355454	T	W	46	10	6.33%	2	2	39	38	0.98	1	1	22	24	3	7	A
II	410078	A	R	120	8	6.25%	2	1	38	26	0.98	1	1	78	42	0	8	G
II	424707	T	Y	134	17	11.26%	2	1	38	27	0.98	1	1	117	17	0	17	C
II	424708	G	R	130	13	9.09%	2	1	38	25	0.98	1	1	116	14	0	13	A
II	484555	A	W	131	7	5.07%	2	2	39	40	0.98	1	1	60	71	2	5	T
II	515638	T	Y	135	12	8.16%	2	1	38	29	0.98	1	1	87	48	0	12	C
II	526938	T	K	222	16	6.72%	2	2	40	40	0.98	1	1	122	100	8	8	G
II	526951	C	Y	189	25	11.16%	2	2	39	39	0.98	1	1	99	90	10	15	T
II	526954	G	K	185	20	9.76%	2	2	40	38	0.98	1	1	92	93	14	6	T
II	526965	T	Y	190	16	7.77%	2	2	40	36	0.98	1	1	82	108	12	4	C
II	528142	C	Y	114	28	19.72%	2	1	38	29	0.98	1	1	22	92	28	0	T
II	570663	T	K	133	8	5.67%	2	1	38	28	0.98	1	1	94	39	0	8	G
II	570699	T	K	122	9	6.87%	2	1	38	29	0.98	1	1	96	26	0	9	G
II	603280	T	A	0	7	100%	0	2	0	40	0.98	0	1	0	0	4	3	A
II	603306	C	A	0	12	100%	0	2	0	40	0.98	0	1	0	0	7	5	A
II	618253	T	K	166	12	6.74%	2	1	39	28	0.98	1	1	112	54	0	12	G
II	618271	T	K	163	13	7.39%	2	1	39	27	0.98	1	1	122	41	0	13	G
II	618276	T	K	155	9	5.49%	2	1	39	25	0.98	1	1	124	31	0	9	G
II	632737	C	Y	132	7	5.04%	2	1	37	28	0.98	1	1	33	99	7	0	T
II	670673	T	Y	149	11	6.88%	2	2	39	38	0.98	1	1	71	78	6	5	C
II	685728	G	A	0	232	100%	0	2	0	40	0.98	0	1	0	0	114	118	A
II	689485	A	T	0	184	100%	0	2	0	39	0.98	0	1	0	0	95	89	T
II	689487	A	C	0	184	99.46%	0	2	0	39	0.98	0	1	0	0	94	90	C
II	689794	T	C	1	167	99.4%	1	2	40	41	0.98	1	1	0	1	82	85	C
II	691247	A	T	4	141	96.58%	1	2	50	39	0.98	1	1	4	0	69	72	T
II	692183	A	W	23	2	8%	1	2	40	56	0.98	1	1	0	23	1	1	T
II	692193	T	C	4	12	75%	2	1	53	40	0.98	1	1	1	3	0	12	C
II	692195	G	K	4	10	71.43%	2	1	60	38	0.98	1	1	1	3	0	10	T
II	692301	T	C	1	10	90.91%	1	1	40	40	0.98	1	1	0	1	0	10	C
II	692303	C	T	0	13	100%	0	1	0	37	0.98	0	1	0	0	0	13	T
II	692354	C	G	0	13	100%	0	1	0	40	0.98	0	1	0	0	0	13	G
II	694684	T	C	0	22	100%	0	1	0	39	0.98	0	1	0	0	0	22	C
II	694694	C	G	0	19	100%	0	1	0	40	0.98	0	1	0	0	0	19	G
II	695548	T	Y	7	4	36.36%	1	1	40	40	0.98	1	1	7	0	0	4	C
II	695630	C	S	2	3	60%	1	1	40	40	0.98	1	1	2	0	0	3	G
II	695827	C	T	0	6	100%	0	1	0	40	0.98	0	1	0	0	0	6	T
II	696486	C	S	13	2	13.33%	2	2	38	32	0.98	1	1	6	7	1	1	G
II	696592	T	C	0	8	100%	0	2	0	40	0.98	0	1	0	0	4	4	C
II	696659	C	G	1	5	83.33%	1	1	40	40	0.98	1	1	1	0	5	0	G
II	696670	C	T	1	13	92.86%	1	2	40	38	0.98	1	1	1	0	12	1	T
II	696837	C	Y	27	2	6.9%	1	1	38	32	0.98	1	1	27	0	2	0	T
II	696839	T	K	28	2	6.67%	1	1	38	40	0.98	1	1	28	0	2	0	G
II	696868	A	T	1	17	94.44%	1	1	40	40	0.98	1	1	0	1	17	0	T
II	696870	C	G	1	17	94.44%	1	1	40	39	0.98	1	1	0	1	17	0	G
II	696890	C	S	6	8	57.14%	2	1	40	38	0.98	1	1	4	2	8	0	G
II	696904	T	W	6	10	62.5%	2	2	37	40	0.98	1	1	5	1	9	1	A
II	696906	G	S	4	11	73.33%	2	2	40	40	0.98	1	1	3	1	10	1	C
II	696911	C	G	1	14	93.33%	1	2	40	38	0.98	1	1	0	1	12	2	G
II	699951	T	G	1	190	99.48%	1	2	40	39	0.98	1	1	1	0	92	98	G
II	699952	G	T	0	191	99.48%	0	2	0	40	0.98	0	1	0	0	92	99	T
II	699961	A	T	0	202	100%	0	2	0	40	0.98	0	1	0	0	94	108	T
II	700019	T	A	1	164	99.39%	1	2	40	40	0.98	1	1	0	1	78	86	A
II	700020	C	T	1	164	99.39%	1	2	40	40	0.98	1	1	0	1	78	86	T
II	700021	A	C	0	163	99.39%	0	2	0	40	0.98	0	1	0	0	78	85	C
II	700024	T	A	0	167	100%	0	2	0	40	0.98	0	1	0	0	79	88	A
II	700028	A	T	0	171	100%	0	2	0	40	0.98	0	1	0	0	79	92	T
II	700113	A	T	0	227	100%	0	2	0	40	0.98	0	1	0	0	108	119	T
II	832390	C	Y	140	14	9.09%	2	1	38	29	0.98	1	1	18	122	14	0	T
II	837485	C	M	82	11	11.83%	2	1	39	27	0.98	1	1	19	63	11	0	A
II	841811	A	R	150	8	5.06%	2	1	38	30	0.98	1	1	118	32	0	8	G
II	847455	T	K	112	11	8.94%	2	1	37	24	0.98	1	1	53	59	0	11	G
II	847473	T	K	131	10	7.09%	2	2	37	29	0.98	1	1	48	83	1	9	G
II	869806	G	C	0	232	100%	0	2	0	40	0.98	0	1	0	0	114	118	C
II	879033	T	A	0	226	100%	0	2	0	40	0.98	0	1	0	0	97	129	A
II	888600	C	M	4	2	33.33%	2	1	40	40	0.98	1	1	3	1	2	0	A
II	889911	A	R	152	8	5%	2	1	38	24	0.98	1	1	82	70	0	8	G
II	889916	C	Y	129	7	5.15%	2	2	37	25	0.98	1	1	83	46	1	6	T
II	898325	G	R	157	12	7.1%	2	1	38	24	0.98	1	1	104	53	0	12	A
II	898328	T	Y	159	13	7.56%	2	1	38	26	0.98	1	1	104	55	0	13	C
II	923543	C	A	0	222	100%	0	2	0	40	0.98	0	1	0	0	111	111	A
II	943554	C	A	0	210	100%	0	2	0	39	0.98	0	1	0	0	98	112	A
II	953201	A	G	0	235	100%	0	2	0	39	0.98	0	1	0	0	123	112	G
II	967094	A	G	0	233	100%	0	2	0	40	0.98	0	1	0	0	109	124	G
II	991749	T	K	94	8	7.84%	2	1	39	26	0.98	1	1	82	12	0	8	G
II	997668	G	R	159	34	17.62%	2	2	38	39	0.98	1	1	90	69	14	20	A
II	997671	G	R	138	39	19.6%	2	2	39	39	0.98	1	1	78	60	16	23	A
II	1019511	A	W	28	7	20%	2	2	40	40	0.98	1	1	20	8	3	4	T
II	1020447	G	R	112	10	8.2%	2	1	38	24	0.98	1	1	99	13	0	10	A
II	1020449	T	Y	132	15	10.2%	2	1	37	29	0.98	1	1	102	30	0	15	C
II	1032352	G	R	150	16	9.64%	2	1	38	25	0.98	1	1	114	36	0	16	A
II	1081559	C	S	161	55	25.46%	2	2	40	39	0.98	1	1	87	74	28	27	G
II	1094423	C	M	213	13	5.75%	2	2	40	40	0.98	1	1	101	112	10	3	A
II	1104941	G	K	88	5	5.38%	2	1	38	40	0.98	1	1	61	27	0	5	T
II	1155903	T	A	0	214	100%	0	2	0	40	0.98	0	1	0	0	92	122	A
II	1159678	G	C	0	212	100%	0	2	0	39	0.98	0	1	0	0	90	122	C
II	1159694	A	T	0	213	100%	0	2	0	40	0.98	0	1	0	0	86	127	T
II	1163155	T	A	3	10	76.92%	2	2	40	40	0.98	1	1	2	1	4	6	A
II	1187785	G	K	128	7	5.15%	2	1	38	24	0.98	1	1	95	33	0	7	T
II	1225132	C	Y	131	7	5.07%	2	1	39	26	0.98	1	1	110	21	0	7	T
II	1255425	T	K	147	8	5.16%	2	1	39	28	0.98	1	1	118	29	0	8	G
II	1255444	T	K	130	7	5.11%	2	1	39	35	0.98	1	1	115	15	0	7	G
II	1265908	G	S	125	7	5.3%	2	1	39	24	0.98	1	1	119	6	0	7	C
II	1265909	T	Y	133	8	5.67%	2	1	38	28	0.98	1	1	116	17	0	8	C
II	1265910	T	Y	129	11	7.86%	2	1	38	28	0.98	1	1	119	10	0	11	C
II	1266289	T	W	37	11	6.04%	2	1	39	38	0.98	1	1	25	12	0	11	A
II	1267087	T	K	120	7	5.47%	2	1	39	24	0.98	1	1	105	15	0	7	G
II	1277479	T	K	75	6	7.41%	2	1	38	26	0.98	1	1	50	25	0	6	G
II	1290518	A	M	129	17	11.64%	2	1	38	26	0.98	1	1	26	103	17	0	C
II	1389139	C	Y	57	9	5.49%	2	2	37	38	0.98	1	1	29	28	4	5	+T
II	1413588	T	C	0	174	100%	0	2	0	40	0.98	0	1	0	0	95	79	C
II	1427896	C	Y	162	9	5.26%	2	1	39	34	0.98	1	1	61	101	9	0	T
II	1453981	G	R	124	10	7.35%	2	1	38	25	0.98	1	1	110	14	0	10	A
II	1453990	G	R	136	10	6.85%	2	1	38	24	0.98	1	1	113	23	0	10	A
II	1456227	A	M	125	7	5.3%	2	1	37	28	0.98	1	1	48	77	7	0	C
II	1467503	A	M	115	15	11.54%	2	1	40	33	0.98	1	1	22	93	15	0	C
II	1528107	A	M	120	11	8.4%	2	1	39	28	0.98	1	1	22	98	11	0	C
II	1545017	T	K	140	8	5.41%	2	1	37	28	0.98	1	1	86	54	0	8	G
II	1549770	T	Y	136	8	5.56%	2	1	37	30	0.98	1	1	99	37	0	8	C
II	1552841	A	R	170	12	6.59%	2	2	40	36	0.98	1	1	84	86	6	6	G
II	1553290	A	R	124	8	5.1%	2	1	40	39	0.98	1	1	41	83	0	8	G
II	1555935	C	M	190	43	18.45%	2	2	39	39	0.98	1	1	117	73	12	31	A
II	1588936	G	R	43	17	12.88%	2	2	38	40	0.98	1	1	29	14	4	13	A
II	1599258	A	M	140	8	5.41%	2	1	39	30	0.98	1	1	30	110	8	0	C
II	1609178	A	W	252	46	15.44%	2	2	39	40	0.98	1	1	125	127	33	13	T
II	1621729	C	Y	103	6	5.5%	2	1	38	29	0.98	1	1	14	89	6	0	T
II	1631967	G	R	145	11	7.05%	2	1	38	25	0.98	1	1	114	31	0	11	A
II	1634843	T	Y	133	15	7.28%	2	2	40	38	0.98	1	1	71	62	12	3	C
II	1672859	C	T	0	197	100%	0	2	0	40	0.98	0	1	0	0	92	105	T
II	1673002	G	C	0	201	100%	0	2	0	39	0.98	0	1	0	0	100	101	C
II	1678206	A	R	12	2	9.52%	2	1	38	32	0.98	1	1	7	5	0	2	G
II	1678206	A	W	12	7	33.33%	2	2	38	37	0.98	1	1	7	5	6	1	T
II	1678372	T	Y	149	9	5.7%	2	1	38	29	0.98	1	1	117	32	0	9	C
II	1678693	T	A	0	211	100%	0	2	0	40	0.98	0	1	0	0	102	109	A
II	1682319	A	R	131	9	6.43%	2	1	38	27	0.98	1	1	17	114	9	0	G
II	1683324	T	G	0	193	100%	0	2	0	41	0.98	0	1	0	0	105	88	G
II	1697124	C	T	0	221	100%	0	2	0	40	0.98	0	1	0	0	99	122	T
II	1716272	C	Y	48	89	64.96%	2	2	37	39	0.98	1	1	19	29	52	37	T
II	1716273	T	Y	50	83	61.94%	2	2	38	38	0.98	1	1	21	29	49	34	C
II	1716288	G	T	4	112	96.55%	2	2	32	39	0.98	1	1	2	2	63	49	T
II	1716318	A	G	0	145	100%	0	2	0	38	0.98	0	1	0	0	74	71	G
II	1716320	T	G	0	152	100%	0	2	0	39	0.98	0	1	0	0	82	70	G
II	1716326	G	T	0	160	100%	0	2	0	38	0.98	0	1	0	0	84	76	T
II	1748581	G	R	79	7	8.14%	2	1	37	24	0.98	1	1	50	29	0	7	A
II	1749171	G	R	94	6	6%	2	1	38	29	0.98	1	1	81	13	0	6	A
II	1784826	G	A	0	209	100%	0	2	0	39	0.98	0	1	0	0	115	94	A
II	1826215	T	K	133	8	5.67%	2	1	39	28	0.98	1	1	94	39	0	8	G
II	1830246	T	Y	155	12	7.19%	2	1	38	29	0.98	1	1	131	24	0	12	C
II	1833810	T	Y	133	10	6.99%	2	1	37	30	0.98	1	1	100	33	0	10	C
II	1849777	G	A	0	180	100%	0	2	0	39	0.98	0	1	0	0	91	89	A
II	1855356	T	Y	145	40	21.62%	2	1	39	33	0.98	1	1	142	3	0	40	C
II	1859075	T	K	116	7	5.69%	2	1	39	26	0.98	1	1	99	17	0	7	G
II	1861421	G	T	0	4	100%	0	1	0	36	0.98	0	1	0	0	0	4	T
II	1868122	G	K	51	11	8.46%	2	1	39	40	0.98	1	1	21	30	0	11	+T
II	1941575	G	K	164	9	5.08%	2	2	38	32	0.98	1	1	109	55	2	7	T
II	1952071	T	K	127	32	20.13%	2	2	39	38	0.98	1	1	23	104	9	23	G
II	1962419	T	A	0	213	100%	0	2	0	39	0.98	0	1	0	0	115	98	A
II	1962439	A	G	0	219	100%	0	2	0	40	0.98	0	1	0	0	108	111	G
II	1962458	T	A	0	210	100%	0	2	0	39	0.98	0	1	0	0	100	110	A
II	1964861	T	K	144	8	5.26%	2	1	39	29	0.98	1	1	112	32	0	8	G
II	1987098	C	A	0	200	100%	0	2	0	40	0.98	0	1	0	0	87	113	A
II	1987118	G	K	6	3	33.33%	2	2	37	34	0.98	1	1	4	2	1	2	T
II	2015268	G	T	0	219	100%	0	2	0	40	0.98	0	1	0	0	92	127	T
II	2023193	G	K	67	5	5%	2	1	40	36	0.98	1	1	42	25	0	5	+TT
II	2044929	A	T	0	224	100%	0	2	0	40	0.98	0	1	0	0	132	92	T
II	2049892	T	W	5	3	37.5%	2	2	40	40	0.98	1	1	1	4	1	2	A
II	2065196	T	Y	145	9	5.84%	2	1	37	25	0.98	1	1	95	50	0	9	C
II	2112977	G	R	142	8	5.33%	2	1	39	30	0.98	1	1	89	53	0	8	A
II	2115436	T	K	140	20	12.5%	2	2	40	40	0.98	1	1	79	61	12	8	G
II	2115443	C	Y	76	11	12.64%	2	1	39	26	0.98	1	1	4	72	11	0	T
II	2115444	A	R	74	40	35.09%	2	1	39	32	0.98	1	1	3	71	40	0	G
II	2115447	C	Y	76	14	15.56%	2	1	39	26	0.98	1	1	7	69	14	0	T
II	2115448	A	R	87	13	13%	2	1	38	30	0.98	1	1	19	68	13	0	G
II	2115451	C	Y	76	15	16.48%	2	1	39	25	0.98	1	1	7	69	15	0	T
II	2115478	C	Y	86	11	11.34%	2	1	38	25	0.98	1	1	16	70	11	0	T
II	2127934	T	K	157	9	5.42%	2	1	38	29	0.98	1	1	112	45	0	9	G
II	2197621	T	Y	98	8	7.48%	2	1	39	28	0.98	1	1	42	56	8	0	C
II	2228775	T	G	2	214	99.07%	2	2	36	40	0.98	1	1	1	1	110	104	G
II	2228777	G	T	2	218	99.09%	2	2	36	40	0.98	1	1	1	1	112	106	T
II	2333320	G	S	102	50	32.89%	1	1	39	31	0.98	1	1	102	0	0	50	C
II	2359224	A	R	166	11	6.21%	2	1	39	31	0.98	1	1	57	109	11	0	G
II	2435371	A	R	127	11	7.97%	2	1	38	29	0.98	1	1	28	99	11	0	G
II	2436580	C	G	0	212	100%	0	2	0	40	0.98	0	1	0	0	98	114	G
II	2437564	A	W	188	11	5.53%	2	2	40	38	0.98	1	1	91	97	9	2	T
II	2437567	T	Y	187	12	6.03%	2	2	41	40	0.98	1	1	90	97	9	3	C
II	2437571	G	S	190	11	5.47%	2	2	40	40	0.98	1	1	89	101	9	2	C
II	2437612	A	W	269	49	15.31%	2	2	41	38	0.98	1	1	128	141	34	15	T
II	2437627	C	Y	219	140	39%	2	2	40	40	0.98	1	1	93	126	92	48	T
II	2437629	G	R	293	66	18.38%	2	2	43	39	0.98	1	1	136	157	54	12	A
II	2437646	G	R	300	76	20.21%	2	2	43	37	0.98	1	1	150	150	47	29	A
II	2437651	T	W	356	26	6.81%	2	2	42	35	0.98	1	1	166	190	24	2	A
II	2437655	G	R	351	33	8.59%	2	2	41	35	0.98	1	1	166	185	31	2	A
II	2437661	T	W	340	28	7.57%	2	2	41	35	0.98	1	1	153	187	24	4	A
II	2437666	T	Y	378	23	5.74%	2	2	42	34	0.98	1	1	175	203	21	2	C
II	2437684	T	W	228	155	40.26%	2	2	47	38	0.98	1	1	147	81	37	118	A
II	2437688	A	R	241	155	39.14%	2	2	48	39	0.98	1	1	155	86	40	115	G
II	2437720	A	W	359	21	5.51%	2	2	44	35	0.98	1	1	164	195	13	8	T
II	2437737	A	R	339	26	7.12%	2	2	43	38	0.98	1	1	166	173	17	9	G
II	2437754	G	R	331	18	5.16%	2	2	43	35	0.98	1	1	167	164	10	8	A
II	2437769	A	W	268	39	12.62%	2	2	39	36	0.98	1	1	134	134	19	20	T
II	2437771	A	M	279	46	14.15%	2	2	40	37	0.98	1	1	132	147	25	21	C
II	2437780	A	W	259	22	7.75%	2	2	39	36	0.98	1	1	112	147	11	11	T
II	2437855	A	M	184	102	35.66%	2	2	40	40	0.98	1	1	113	71	22	80	C
II	2437918	T	Y	194	50	20.49%	2	2	40	39	0.98	1	1	119	75	2	48	C
II	2437936	A	W	198	32	13.85%	2	2	40	39	0.98	1	1	112	86	1	31	T
II	2437942	G	K	196	37	15.88%	2	2	39	40	0.98	1	1	117	79	2	35	T
II	2437951	C	Y	198	27	12%	2	2	40	40	0.98	1	1	111	87	1	26	T
II	2437970	G	R	200	15	6.98%	2	2	39	40	0.98	1	1	104	96	1	14	A
II	2437978	T	Y	201	12	5.63%	2	2	39	40	0.98	1	1	104	97	1	11	C
II	2443872	T	W	87	6	6.45%	2	1	39	40	0.98	1	1	63	24	0	6	A
II	2443873	T	W	57	15	15.46%	2	2	39	40	0.98	1	1	39	18	1	14	A
II	2443898	C	M	75	6	7.41%	2	1	39	24	0.98	1	1	12	63	6	0	A
II	2444543	T	C	0	233	100%	0	2	0	39	0.98	0	1	0	0	121	112	C
II	2473281	C	Y	120	7	5.51%	2	1	39	28	0.98	1	1	8	112	7	0	T
II	2552672	A	R	119	9	7.03%	2	1	38	24	0.98	1	1	89	30	0	9	G
II	2579475	C	M	129	17	11.64%	2	1	38	32	0.98	1	1	49	80	17	0	A
II	2622859	T	Y	124	21	14.48%	2	1	37	29	0.98	1	1	98	26	0	21	C
II	2622860	T	Y	144	11	7.1%	2	1	37	28	0.98	1	1	98	46	0	11	C
II	2640785	T	W	34	9	7.2%	2	2	39	38	0.98	1	1	23	11	2	7	A
II	2656039	T	Y	142	9	5.96%	2	1	38	29	0.98	1	1	116	26	0	9	C
II	2664810	T	K	138	9	6.12%	2	1	39	27	0.98	1	1	111	27	0	9	G
II	2676336	C	T	0	232	100%	0	2	0	40	0.98	0	1	0	0	109	123	T
II	2691938	T	K	131	15	10.27%	2	1	39	26	0.98	1	1	107	24	0	15	G
II	2730252	T	Y	131	13	9.03%	2	1	38	25	0.98	1	1	99	32	0	13	C
II	2798041	T	Y	3	2	40%	2	1	40	40	0.98	1	1	1	2	0	2	C
II	2798515	G	A	0	13	100%	0	2	0	40	0.98	0	1	0	0	7	6	A
II	2806053	G	A	0	199	100%	0	2	0	40	0.98	0	1	0	0	95	104	A
II	2811496	A	M	5	2	28.57%	2	1	40	40	0.98	1	1	3	2	0	2	C
II	2901509	G	T	0	229	100%	0	2	0	39	0.98	0	1	0	0	136	93	T
II	2937651	G	R	124	8	6.06%	2	1	40	28	0.98	1	1	116	8	0	8	A
II	2972491	G	R	134	11	7.59%	2	1	38	29	0.98	1	1	104	30	0	11	A
II	2988171	A	M	110	11	9.09%	2	1	38	28	0.98	1	1	30	80	11	0	C
II	3005807	C	Y	106	10	8.62%	2	1	38	27	0.98	1	1	12	94	10	0	T
II	3006137	A	T	0	228	100%	0	2	0	40	0.98	0	1	0	0	126	102	T
II	3047425	A	R	116	15	11.45%	2	1	39	26	0.98	1	1	13	103	15	0	G
II	3072324	A	M	141	11	7.24%	2	1	39	28	0.98	1	1	40	101	11	0	C
II	3156751	C	Y	103	8	7.21%	2	1	38	24	0.98	1	1	8	95	8	0	T
II	3163649	T	Y	138	11	7.38%	2	1	39	25	0.98	1	1	106	32	0	11	C
II	3168292	A	R	117	34	22.52%	2	1	37	31	0.98	1	1	10	107	34	0	G
II	3168957	T	K	135	8	5.59%	2	1	38	26	0.98	1	1	116	19	0	8	G
II	3171788	G	R	37	8	5.93%	2	2	40	40	0.98	1	1	21	16	1	7	A
II	3253453	C	Y	45	10	7.46%	2	1	38	33	0.98	1	1	18	27	0	10	+T
II	3287931	T	K	153	9	5.56%	2	1	39	26	0.98	1	1	103	50	0	9	G
II	3380160	A	M	118	12	9.23%	2	1	39	28	0.98	1	1	32	86	12	0	C
II	3383709	G	S	127	8	5.88%	2	1	40	26	0.98	1	1	95	32	0	8	C
II	3391058	A	R	154	16	9.41%	2	1	38	30	0.98	1	1	37	117	16	0	G
II	3394039	T	K	122	9	6.87%	2	1	39	32	0.98	1	1	101	21	0	9	G
II	3394043	T	K	118	8	6.35%	2	1	39	24	0.98	1	1	99	19	0	8	G
II	3408078	G	R	100	6	5.66%	2	1	37	24	0.98	1	1	79	21	0	6	A
II	3413844	A	R	118	8	6.35%	2	1	37	26	0.98	1	1	34	84	8	0	G
II	3417583	T	Y	109	18	14.17%	2	1	38	32	0.98	1	1	101	8	0	18	C
II	3505880	T	K	145	12	7.64%	2	1	38	28	0.98	1	1	97	48	0	12	G
II	3529047	T	Y	149	10	6.29%	2	1	38	33	0.98	1	1	100	49	0	10	C
II	3634818	A	M	98	17	14.78%	2	1	38	30	0.98	1	1	22	76	17	0	C
II	3676710	T	K	134	9	6.29%	2	1	39	29	0.98	1	1	96	38	0	9	G
II	3676720	T	K	122	12	8.96%	2	1	39	28	0.98	1	1	91	31	0	12	G
II	3741603	G	R	142	8	5.33%	2	1	38	28	0.98	1	1	121	21	0	8	A
II	3750961	G	K	172	50	22.52%	2	2	40	40	0.98	1	1	99	73	31	19	T
II	3799433	C	M	138	10	6.76%	2	1	38	25	0.98	1	1	58	80	10	0	A
II	3815052	A	M	91	12	11.65%	2	1	39	30	0.98	1	1	20	71	12	0	C
II	3815069	A	M	121	11	8.33%	2	1	38	28	0.98	1	1	49	72	11	0	C
II	3838897	T	K	94	5	5.05%	2	1	39	27	0.98	1	1	53	41	0	5	G
II	3856940	A	M	108	10	8.47%	2	1	38	27	0.98	1	1	39	69	10	0	C
II	3856946	A	M	104	7	6.31%	2	1	39	26	0.98	1	1	37	67	7	0	C
II	3857829	A	M	96	14	12.73%	2	1	39	29	0.98	1	1	4	92	14	0	C
II	3860190	A	M	28	12	30%	2	2	39	40	0.98	1	1	16	12	10	2	C
II	3861636	C	Y	78	23	22.77%	2	1	37	27	0.98	1	1	8	70	23	0	T
II	3975211	T	K	102	11	9.73%	2	1	39	28	0.98	1	1	68	34	0	11	G
II	3985398	C	Y	145	10	6.45%	2	1	39	27	0.98	1	1	22	123	10	0	T
II	4007000	C	M	119	7	5.56%	2	1	37	30	0.98	1	1	45	74	7	0	A
II	4036165	C	Y	111	9	7.5%	2	1	39	27	0.98	1	1	11	100	9	0	T
II	4052426	A	M	114	7	5.79%	2	1	40	26	0.98	1	1	18	96	7	0	C
II	4070314	C	S	127	12	8.63%	2	1	39	26	0.98	1	1	9	118	12	0	G
II	4075200	A	M	135	10	6.9%	2	1	39	27	0.98	1	1	35	100	10	0	C
II	4079374	G	K	146	57	27.94%	2	2	39	39	0.98	1	1	65	81	33	24	T
II	4122326	T	C	0	220	100%	0	2	0	39	0.98	0	1	0	0	104	116	C
II	4222332	T	K	86	5	5.49%	2	1	39	33	0.98	1	1	76	10	0	5	G
II	4222342	A	M	81	7	7.95%	2	1	39	26	0.98	1	1	73	8	0	7	C
II	4266425	C	S	97	9	8.49%	2	1	39	23	0.98	1	1	1	96	9	0	G
II	4274027	A	R	114	6	5%	2	1	40	32	0.98	1	1	75	39	0	6	G
II	4279991	A	R	147	8	5.16%	2	1	37	30	0.98	1	1	46	101	8	0	G
II	4400666	A	C	0	201	100%	0	2	0	39	0.98	0	1	0	0	114	87	C
II	4419921	T	W	33	11	9.32%	2	2	39	40	0.98	1	1	22	11	2	9	A
II	4437274	A	R	165	11	6.25%	2	1	39	31	0.98	1	1	50	115	11	0	G
II	4446521	C	Y	123	9	6.82%	2	1	37	27	0.98	1	1	33	90	9	0	T
II	4497094	T	K	133	11	7.64%	2	1	38	26	0.98	1	1	84	49	0	11	G
II	4497110	G	K	138	10	6.71%	2	1	37	32	0.98	1	1	91	47	0	10	T
II	4505717	A	R	202	18	8.18%	2	2	39	40	0.98	1	1	83	119	3	15	G
II	4513966	A	R	340	35	9.33%	2	2	39	40	0.98	1	1	161	179	14	21	G
II	4513980	A	W	357	30	7.75%	2	2	39	38	0.98	1	1	172	185	11	19	T
II	4517044	T	Y	423	25	5.57%	2	2	39	39	0.98	1	1	222	201	12	13	C
II	4517047	T	Y	319	44	9.65%	2	2	39	39	0.98	1	1	170	149	22	22	C
II	4521636	C	Y	150	135	47.37%	2	2	39	40	0.98	1	1	70	80	76	59	T
II	4523882	C	Y	203	246	54.79%	2	2	39	39	0.98	1	1	106	97	134	112	T
II	4525226	T	K	264	14	5.04%	2	1	39	25	0.98	1	1	207	57	0	14	G
II	4525340	G	K	176	33	11.42%	2	1	38	35	0.98	1	1	134	42	0	33	+T
II	4525822	C	Y	267	95	26.24%	2	2	39	39	0.98	1	1	127	140	18	77	T
II	4525894	C	Y	226	39	14.72%	2	1	39	40	0.98	1	1	115	111	0	39	T
II	4525966	C	Y	258	47	15.41%	2	2	40	39	0.98	1	1	120	138	13	34	T
II	4526147	C	Y	116	17	12.78%	2	1	37	27	0.98	1	1	8	108	17	0	T
II	4526148	A	R	133	16	10.67%	2	1	37	27	0.98	1	1	24	109	16	0	G
II	4526151	C	S	104	8	6.56%	2	1	37	24	0.98	1	1	3	101	8	0	G
II	4526151	C	Y	104	10	8.2%	2	1	37	24	0.98	1	1	3	101	10	0	T
II	4526266	T	Y	134	36	21.18%	2	1	38	30	0.98	1	1	126	8	0	36	C
II	4526267	T	Y	141	13	8.44%	2	1	38	25	0.98	1	1	126	15	0	13	C
II	4526269	G	R	141	8	5.37%	2	1	38	28	0.98	1	1	123	18	0	8	A
II	4526824	T	K	128	9	6.57%	2	1	38	27	0.98	1	1	76	52	0	9	G
II	4526831	A	R	133	10	6.99%	2	1	37	30	0.98	1	1	76	57	0	10	G
II	4526833	C	Y	139	8	5.44%	2	1	38	24	0.98	1	1	82	57	0	8	T
II	4527879	G	S	474	128	21.26%	2	2	40	39	0.98	1	1	205	269	59	69	C
II	4527881	C	Y	468	130	21.74%	2	2	40	40	0.98	1	1	201	267	64	66	T
II	4529116	T	Y	321	298	48.14%	2	2	39	40	0.98	1	1	152	169	139	159	C
II	4529965	A	R	350	339	49.2%	2	2	39	40	0.98	1	1	172	178	177	162	G
II	4530323	G	R	520	113	17.85%	2	2	40	40	0.98	1	1	249	271	59	54	A
II	4530797	C	Y	505	146	22.43%	2	2	39	40	0.98	1	1	273	232	75	71	T
II	4531033	G	S	367	291	44.22%	2	2	39	40	0.98	1	1	176	191	148	143	C
II	4531092	G	R	349	294	45.72%	2	2	40	40	0.98	1	1	193	156	151	143	A
II	4531414	T	Y	352	283	44.57%	2	2	40	40	0.98	1	1	149	203	111	172	C
II	4531492	A	R	499	130	20.67%	2	2	40	39	0.98	1	1	222	277	57	73	G
II	4531592	G	R	338	308	47.68%	2	2	39	40	0.98	1	1	186	152	162	146	A
II	4531749	C	Y	327	305	48.26%	2	2	40	40	0.98	1	1	171	156	167	138	T
II	4531764	A	R	233	400	63.19%	2	2	39	40	0.98	1	1	111	122	212	188	G
II	4532088	G	K	226	421	65.07%	2	2	40	40	0.98	1	1	116	110	199	222	T
II	4532323	C	Y	720	143	16.57%	2	2	40	40	0.98	1	1	437	283	94	49	T
II	4533394	T	Y	606	590	49.33%	2	2	39	40	0.98	1	1	291	315	279	311	C
II	4533451	T	Y	631	637	50.24%	2	2	40	40	0.98	1	1	309	322	293	344	C
II	4533598	G	R	736	438	37.28%	2	2	40	40	0.98	1	1	425	311	234	204	A
II	4533617	A	R	758	468	38.17%	2	2	39	40	0.98	1	1	415	343	249	219	G
II	4533636	C	Y	634	599	48.58%	2	2	40	40	0.98	1	1	336	298	330	269	T
II	4533744	T	Y	755	492	39.45%	2	2	40	40	0.98	1	1	378	377	245	247	C
II	4533922	G	R	671	449	40.05%	2	2	39	40	0.98	1	1	336	335	232	217	A
II	4533994	T	Y	625	597	48.85%	2	2	40	39	0.98	1	1	259	366	266	331	C
II	4534246	C	M	818	386	32.06%	2	2	40	40	0.98	1	1	434	384	191	195	A
II	4534498	A	M	853	406	32.25%	2	2	40	40	0.98	1	1	437	416	216	190	C
II	4536550	C	M	1054	230	17.91%	2	2	40	39	0.98	1	1	596	458	119	111	A
II	4536728	A	R	652	55	5.54%	2	2	39	38	0.98	1	1	241	411	18	37	G
II	4537214	T	Y	738	461	38.45%	2	2	40	40	0.98	1	1	385	353	235	226	C
II	4537236	G	R	1215	101	7.67%	2	1	39	39	0.98	1	1	622	593	0	101	A
II	4537248	A	R	1236	101	7.55%	2	1	39	39	0.98	1	1	632	604	0	101	G
II	4537402	A	R	1087	87	7.41%	2	2	39	39	0.98	1	1	527	560	38	49	G
II	4537844	T	Y	631	126	16.64%	2	2	40	40	0.98	1	1	169	462	60	66	C
II	4537892	A	R	563	38	6.32%	2	2	40	40	0.98	1	1	134	429	37	1	G
II	4537980	C	Y	290	19	6.15%	2	2	39	38	0.98	1	1	90	200	3	16	T
II	4538036	G	K	223	158	41.47%	2	2	38	41	0.98	1	1	86	137	155	3	T
II	4538038	A	R	210	160	43.24%	2	2	38	40	0.98	1	1	76	134	157	3	G
II	4538047	G	R	348	26	6.95%	2	2	39	41	0.98	1	1	228	120	16	10	A
II	4538048	C	Y	219	162	42.52%	2	2	38	41	0.98	1	1	93	126	158	4	T
II	4538052	A	R	203	187	47.95%	2	2	39	41	0.98	1	1	80	123	179	8	G
II	4538065	G	R	375	23	5.78%	2	2	40	38	0.98	1	1	247	128	18	5	A
II	4538091	T	Y	268	118	29.57%	2	2	38	38	0.98	1	1	96	172	113	5	C
II	4538114	A	R	210	69	24.73%	2	1	40	39	0.98	1	1	90	120	0	69	G
II	4538115	G	K	208	68	24.64%	2	1	39	39	0.98	1	1	89	119	0	68	T
II	4538116	G	R	208	71	25.45%	2	1	39	39	0.98	1	1	89	119	0	71	A
II	4538118	G	R	209	71	25.36%	2	1	39	39	0.98	1	1	89	120	0	71	A
II	4538122	G	S	203	68	25.09%	2	1	39	38	0.98	1	1	91	112	0	68	C
II	4538125	A	W	209	70	25.09%	2	1	40	39	0.98	1	1	92	117	0	70	T
II	4538126	C	S	210	71	25.27%	2	1	39	39	0.98	1	1	92	118	0	71	G
II	4538128	A	R	212	71	25%	2	1	39	40	0.98	1	1	92	120	0	71	G
II	4538142	A	R	339	23	6.35%	2	1	39	40	0.98	1	1	95	244	0	23	G
II	4538145	A	W	348	21	5.69%	2	1	40	40	0.98	1	1	99	249	0	21	T
II	4538155	T	K	322	45	12.26%	2	1	39	40	0.98	1	1	101	221	0	45	G
II	4538164	A	W	214	138	39.2%	2	1	40	38	0.98	1	1	100	114	0	138	T
II	4538203	A	W	228	20	7.87%	2	1	40	38	0.98	1	1	119	109	0	20	T
II	4538216	A	W	234	20	7.87%	2	1	40	40	0.98	1	1	119	115	0	20	T
II	4538238	T	K	232	20	7.94%	2	1	40	39	0.98	1	1	126	106	0	20	G
II	4538244	A	R	237	19	7.42%	2	1	40	40	0.98	1	1	128	109	0	19	G
II	4538366	G	R	149	29	16.29%	2	1	38	40	0.98	1	1	55	94	0	29	A
II	4538531	T	W	202	19	8.56%	2	1	40	40	0.98	1	1	84	118	19	0	A
II	4538532	C	Y	206	23	10.04%	2	1	40	40	0.98	1	1	84	122	23	0	T
II	4538541	C	Y	198	59	22.96%	2	1	40	39	0.98	1	1	83	115	59	0	T
II	4538556	T	Y	198	109	35.5%	2	1	40	40	0.98	1	1	84	114	109	0	C
II	4538591	G	R	243	175	41.87%	2	2	40	39	0.98	1	1	150	93	155	20	A
II	4538770	T	Y	605	104	14.67%	2	2	40	40	0.98	1	1	479	126	84	20	C
II	4538906	C	Y	733	101	12.11%	2	2	38	38	0.98	1	1	315	418	37	64	T
II	4539524	G	R	990	155	13.47%	2	2	40	40	0.98	1	1	412	578	75	80	A
II	4539673	T	W	718	108	13.06%	2	2	39	40	0.98	1	1	174	544	31	77	A
II	4539725	T	Y	603	97	13.86%	2	2	40	41	0.98	1	1	66	537	14	83	C
III	72845	T	K	109	10	8.4%	2	1	39	34	0.98	1	1	87	22	0	10	G
III	113533	T	K	97	7	6.73%	2	1	39	26	0.98	1	1	86	11	0	7	G
III	113536	C	M	98	7	6.67%	2	1	39	33	0.98	1	1	90	8	0	7	A
III	123340	N	A	0	139	100%	0	2	0	39	0.98	0	1	0	0	66	73	A
III	207168	T	K	70	9	11.25%	2	1	39	31	0.98	1	1	52	18	0	9	G
III	207192	G	R	75	4	5.06%	2	1	36	28	0.98	1	1	26	49	4	0	A
III	210238	G	R	114	7	5.74%	2	1	37	28	0.98	1	1	90	24	0	7	A
III	227730	A	T	0	245	100%	0	2	0	39	0.98	0	1	0	0	127	118	T
III	253907	A	W	45	11	8.09%	2	2	37	37	0.98	1	1	24	21	6	5	+T
III	284657	C	A	0	191	100%	0	2	0	40	0.98	0	1	0	0	89	102	A
III	285344	C	Y	154	10	6.1%	2	1	39	24	0.98	1	1	61	93	10	0	T
III	286410	G	K	137	10	6.8%	2	1	38	30	0.98	1	1	81	56	0	10	T
III	286616	C	M	104	17	14.05%	2	1	38	35	0.98	1	1	30	74	17	0	A
III	286619	C	M	124	7	5.34%	2	1	37	30	0.98	1	1	49	75	7	0	A
III	286620	G	R	111	12	9.68%	2	1	38	30	0.98	1	1	34	77	12	0	A
III	299709	A	R	117	8	6.4%	2	1	38	32	0.98	1	1	21	96	8	0	G
III	365748	A	M	25	2	7.41%	2	1	39	40	0.98	1	1	10	15	2	0	C
III	381316	T	Y	115	32	21.77%	2	1	39	32	0.98	1	1	111	4	0	32	C
III	381317	T	Y	134	14	9.46%	2	1	37	26	0.98	1	1	110	24	0	14	C
III	389918	A	M	118	16	11.94%	2	1	39	31	0.98	1	1	10	108	16	0	C
III	389925	T	Y	129	8	5.84%	2	1	38	28	0.98	1	1	26	103	8	0	C
III	389933	A	M	125	14	10.07%	2	1	39	33	0.98	1	1	24	101	14	0	C
III	393123	T	Y	120	18	13.04%	2	1	37	26	0.98	1	1	95	25	0	18	C
III	393132	G	R	101	9	8.18%	2	1	38	25	0.98	1	1	95	6	0	9	A
III	393137	G	R	108	13	10.74%	2	1	38	26	0.98	1	1	93	15	0	13	A
III	450385	G	R	125	99	44.2%	2	2	39	40	0.98	1	1	55	70	47	52	A
III	594520	A	R	132	11	7.69%	2	1	39	28	0.98	1	1	18	114	11	0	G
III	618618	A	R	111	8	6.72%	2	1	38	24	0.98	1	1	33	78	8	0	G
III	623552	C	M	150	11	6.83%	2	1	38	32	0.98	1	1	34	116	11	0	A
III	717678	T	W	35	2	5.26%	2	1	38	40	0.98	1	1	18	17	2	0	A
III	719971	G	T	0	82	100%	0	2	0	39	0.98	0	1	0	0	37	45	T
III	719976	G	A	0	77	100%	0	2	0	40	0.98	0	1	0	0	35	42	A
III	719978	G	A	0	78	100%	0	2	0	39	0.98	0	1	0	0	35	43	A
III	719979	A	T	1	78	98.73%	1	2	40	39	0.98	1	1	0	1	35	43	T
III	719981	G	T	0	78	100%	0	2	0	40	0.98	0	1	0	0	35	43	T
III	719985	G	T	0	79	100%	0	2	0	40	0.98	0	1	0	0	35	44	T
III	719987	G	T	0	79	100%	0	2	0	39	0.98	0	1	0	0	35	44	T
III	719988	A	T	0	79	100%	0	2	0	40	0.98	0	1	0	0	35	44	T
III	719990	G	T	0	78	100%	0	2	0	40	0.98	0	1	0	0	35	43	T
III	719991	A	T	0	79	100%	0	2	0	39	0.98	0	1	0	0	35	44	T
III	720001	C	T	0	196	100%	0	2	0	39	0.98	0	1	0	0	92	104	T
III	720549	A	R	106	9	7.83%	2	1	37	32	0.98	1	1	69	37	0	9	G
III	722893	C	Y	82	6	6.74%	2	1	39	26	0.98	1	1	2	80	6	0	T
III	742669	T	K	143	11	7.14%	2	1	39	26	0.98	1	1	113	30	0	11	G
III	742729	C	Y	92	15	14.02%	2	1	38	28	0.98	1	1	33	59	15	0	T
III	782673	A	M	136	10	6.85%	2	1	39	25	0.98	1	1	35	101	10	0	C
III	782987	A	M	131	7	5.07%	2	1	38	26	0.98	1	1	43	88	7	0	C
III	799365	T	K	132	9	6.38%	2	1	39	25	0.98	1	1	115	17	0	9	G
III	936692	A	R	98	9	8.41%	2	1	37	29	0.98	1	1	59	39	0	9	G
III	936699	C	Y	83	20	19.42%	2	1	38	28	0.98	1	1	53	30	0	20	T
III	958966	G	R	192	13	6.34%	2	2	40	40	0.98	1	1	98	94	9	4	A
III	959736	A	C	0	194	100%	0	2	0	39	0.98	0	1	0	0	76	118	C
III	962376	C	Y	355	50	12.35%	2	2	41	42	0.98	1	1	170	185	26	24	T
III	962574	T	Y	65	11	14.47%	2	2	39	40	0.98	1	1	32	33	8	3	C
III	963322	G	R	150	10	6.25%	2	1	40	40	0.98	1	1	89	61	0	10	A
III	963343	A	G	6	156	96.3%	1	2	40	40	0.98	1	1	0	6	96	60	G
III	966123	A	R	91	6	6.19%	2	1	38	26	0.98	1	1	54	37	0	6	G
III	970572	A	M	105	16	13.22%	2	1	38	30	0.98	1	1	26	79	16	0	C
III	970575	A	M	113	9	7.38%	2	1	38	29	0.98	1	1	34	79	9	0	C
III	985871	C	Y	49	7	12.5%	2	2	35	32	0.98	1	1	16	33	1	6	T
III	999315	A	M	132	12	8.33%	2	1	39	30	0.98	1	1	16	116	12	0	C
III	1047073	A	M	130	15	10.34%	2	1	39	28	0.98	1	1	35	95	15	0	C
III	1047084	A	M	149	9	5.7%	2	1	39	27	0.98	1	1	55	94	9	0	C
III	1075653	G	K	547	32	5.53%	2	2	40	39	0.98	1	1	189	358	18	14	T
III	1084286	G	K	154	56	26.67%	2	2	39	39	0.98	1	1	80	74	20	36	T
III	1086655	A	W	235	57	19.52%	2	2	40	40	0.98	1	1	126	109	46	11	T
III	1095574	A	M	108	6	5.26%	2	1	39	26	0.98	1	1	38	70	6	0	C
III	1095644	A	M	158	9	5.39%	2	1	39	29	0.98	1	1	76	82	9	0	C
III	1114661	C	M	157	63	28.64%	2	2	39	40	0.98	1	1	59	98	34	29	A
III	1121421	C	M	152	69	31.22%	2	2	40	40	0.98	1	1	55	97	34	35	A
III	1128181	C	M	186	62	25%	2	2	40	40	0.98	1	1	69	117	33	29	A
III	1128356	C	Y	51	3	5.56%	2	2	40	40	0.98	1	1	28	23	1	2	T
III	1134941	C	M	167	49	22.69%	2	2	40	41	0.98	1	1	50	117	26	23	A
III	1168328	T	C	0	144	100%	0	2	0	39	0.98	0	1	0	0	75	69	C
III	1168363	G	A	0	137	100%	0	2	0	39	0.98	0	1	0	0	67	70	A
III	1176583	A	M	110	8	6.78%	2	1	39	26	0.98	1	1	9	101	8	0	C
III	1207130	T	K	121	8	6.2%	2	1	39	26	0.98	1	1	106	15	0	8	G
III	1239214	T	W	33	9	5.23%	2	2	39	40	0.98	1	1	15	18	1	8	A
III	1252491	T	K	82	7	7.87%	2	1	39	26	0.98	1	1	45	37	0	7	G
III	1252495	T	K	72	5	6.49%	2	1	39	24	0.98	1	1	40	32	0	5	G
III	1252505	G	K	52	5	8.2%	2	1	39	33	0.98	1	1	29	23	0	5	T
III	1266987	C	Y	128	61	32.28%	2	2	40	40	0.98	1	1	47	81	28	33	T
III	1267291	T	K	126	7	5.26%	2	1	38	28	0.98	1	1	110	16	0	7	G
III	1285827	T	Y	154	12	7.23%	2	1	38	32	0.98	1	1	132	22	0	12	C
III	1349571	T	K	141	17	10.76%	2	1	39	27	0.98	1	1	116	25	0	17	G
III	1374938	A	T	0	232	100%	0	2	0	40	0.98	0	1	0	0	121	111	T
III	1395394	G	K	102	21	16.41%	2	1	38	32	0.98	1	1	74	28	0	21	T
III	1395419	C	Y	80	5	5.88%	2	1	37	30	0.98	1	1	25	55	5	0	T
III	1395445	G	K	93	8	7.92%	2	2	37	26	0.98	1	1	31	62	7	1	T
III	1400856	T	K	136	11	7.48%	2	1	39	28	0.98	1	1	112	24	0	11	G
III	1430572	C	Y	163	9	5.23%	2	1	37	27	0.98	1	1	35	128	9	0	T
III	1430577	A	R	134	58	30.21%	2	1	38	33	0.98	1	1	8	126	58	0	G
III	1430578	C	S	126	26	17.11%	2	1	39	29	0.98	1	1	1	125	26	0	G
III	1430583	A	R	152	12	7.32%	2	1	38	25	0.98	1	1	26	126	12	0	G
III	1430585	A	R	163	11	6.32%	2	1	38	27	0.98	1	1	40	123	11	0	G
III	1493950	A	R	122	56	31.46%	2	1	40	39	0.98	1	1	63	59	56	0	G
III	1494129	T	K	226	55	19.57%	2	2	41	37	0.98	1	1	107	119	22	33	G
III	1494164	A	R	154	40	20.62%	2	2	39	36	0.98	1	1	91	63	24	16	G
III	1494181	A	W	168	25	12.95%	2	2	38	37	0.98	1	1	92	76	18	7	T
III	1494187	T	W	168	14	7.65%	2	2	39	34	0.98	1	1	99	69	11	3	A
III	1494192	G	R	176	12	6.38%	2	1	39	35	0.98	1	1	102	74	12	0	A
III	1494282	G	R	202	100	33.11%	2	2	39	38	0.98	1	1	113	89	32	68	A
III	1494303	G	R	187	77	29.17%	2	2	39	40	0.98	1	1	102	85	27	50	A
III	1494306	A	W	191	73	27.65%	2	2	40	38	0.98	1	1	105	86	27	46	T
III	1494312	A	R	199	74	27.11%	2	2	39	39	0.98	1	1	110	89	28	46	G
III	1494315	A	R	198	74	27.21%	2	2	39	39	0.98	1	1	111	87	28	46	G
III	1494318	A	R	203	73	26.45%	2	2	40	40	0.98	1	1	112	91	27	46	G
III	1494327	T	K	211	70	24.91%	2	2	40	39	0.98	1	1	119	92	28	42	G
III	1535559	C	Y	157	10	5.99%	2	1	38	24	0.98	1	1	47	110	10	0	T
III	1544660	G	R	168	12	6.67%	2	1	38	29	0.98	1	1	114	54	0	12	A
III	1561154	A	M	127	11	7.97%	2	1	38	28	0.98	1	1	25	102	11	0	C
III	1575947	C	Y	92	7	6.8%	2	1	39	26	0.98	1	1	72	20	0	7	T
III	1575951	G	K	63	11	9.24%	2	1	38	31	0.98	1	1	39	24	0	11	+T
III	1575980	A	M	94	5	5.05%	2	1	39	27	0.98	1	1	28	66	5	0	C
III	1655392	G	S	130	15	10.27%	1	1	40	26	0.98	1	1	130	0	0	15	C
III	1655393	T	Y	136	39	22.29%	2	1	39	33	0.98	1	1	129	7	0	39	C
III	1655396	T	Y	145	20	12.12%	2	1	38	32	0.98	1	1	126	19	0	20	C
III	1655397	T	Y	154	14	8.33%	2	1	38	26	0.98	1	1	126	28	0	14	C
III	1669049	A	R	103	39	27.46%	2	1	38	29	0.98	1	1	5	98	39	0	G
III	1674639	A	M	104	7	6.25%	2	1	38	28	0.98	1	1	25	79	7	0	C
III	1713002	C	M	130	9	6.47%	2	1	38	34	0.98	1	1	40	90	9	0	A
III	1756401	A	W	7	2	22.22%	2	2	40	40	0.98	1	1	3	4	1	1	T
III	1758863	C	M	121	10	7.63%	2	1	38	27	0.98	1	1	24	97	10	0	A
III	1765401	G	T	0	220	100%	0	2	0	39	0.98	0	1	0	0	109	111	T
III	1821897	T	K	111	6	5.13%	2	1	38	26	0.98	1	1	79	32	0	6	G
III	1821902	T	K	106	7	6.19%	2	1	39	28	0.98	1	1	75	31	0	7	G
III	1934234	G	R	140	8	5.41%	2	1	37	28	0.98	1	1	111	29	0	8	A
III	2024773	A	R	139	27	16.27%	2	1	38	31	0.98	1	1	17	122	27	0	G
III	2024778	C	S	124	9	6.77%	2	1	39	27	0.98	1	1	2	122	9	0	G
III	2067529	T	K	107	17	13.71%	2	1	38	28	0.98	1	1	71	36	0	17	G
III	2067537	T	K	100	13	11.5%	2	1	37	28	0.98	1	1	66	34	0	13	G
III	2067818	G	R	86	8	8.51%	2	1	39	32	0.98	1	1	58	28	0	8	A
III	2067829	G	R	74	4	5.13%	2	1	38	32	0.98	1	1	50	24	0	4	A
III	2067833	G	R	68	4	5.56%	2	1	38	36	0.98	1	1	47	21	0	4	A
III	2071516	G	K	167	15	8.24%	2	1	38	32	0.98	1	1	113	54	0	15	T
III	2074534	A	M	146	9	5.81%	2	1	38	24	0.98	1	1	26	120	9	0	C
III	2076412	G	K	130	11	7.8%	2	1	37	29	0.98	1	1	72	58	0	11	T
III	2084084	T	Y	192	32	14.29%	2	2	40	39	0.98	1	1	104	88	22	10	C
III	2112953	G	R	75	5	6.25%	2	1	38	27	0.98	1	1	69	6	0	5	A
III	2234737	T	Y	112	12	9.68%	2	1	37	28	0.98	1	1	85	27	0	12	C
III	2237157	T	K	131	11	7.75%	2	1	39	26	0.98	1	1	119	12	0	11	G
III	2306228	A	R	140	13	8.5%	2	1	38	28	0.98	1	1	34	106	13	0	G
III	2324864	A	M	134	8	5.63%	2	1	39	26	0.98	1	1	37	97	8	0	C
III	2364367	A	W	185	21	10.19%	2	2	39	38	0.98	1	1	93	92	12	9	T
III	2381979	G	T	0	150	100%	0	2	0	38	0.98	0	1	0	0	68	82	T
III	2382011	T	K	107	7	6.14%	2	1	38	24	0.98	1	1	58	49	0	7	G
III	2382014	T	K	100	8	7.41%	2	1	38	28	0.98	1	1	58	42	0	8	G
III	2382019	T	W	51	3	5.56%	2	2	39	29	0.98	1	1	29	22	2	1	A
III	2420273	A	M	83	5	5.68%	2	1	39	30	0.98	1	1	31	52	5	0	C
III	2439901	A	R	2649	417	13.59%	2	2	40	39	0.98	1	1	1683	966	4	413	G
III	2448311	A	W	707	40	5.17%	2	2	38	39	0.98	1	1	403	304	34	6	T
III	2450790	A	R	3726	389	9.45%	2	2	39	39	0.98	1	1	1708	2018	7	382	G
