Chrom	Position	Ref	Cons	Reads1	Reads2	VarFreq	Strands1	Strands2	Qual1	Qual2	Pvalue	MapQual1	MapQual2	Reads1Plus	Reads1Minus	Reads2Plus	Reads2Minus	VarAllele
chr_II_telomeric_gap	4787	G	A	0	24	100%	0	2	0	47	0.98	0	1	0	0	14	10	A
I	459	C	M	87	95	52.2%	2	2	45	46	0.98	1	1	28	59	42	53	A
I	783	T	Y	105	63	37.5%	2	2	44	41	0.98	1	1	63	42	34	29	C
I	798	G	R	105	64	37.87%	2	2	47	39	0.98	1	1	72	33	37	27	A
I	955	C	Y	94	91	49.19%	2	2	43	46	0.98	1	1	44	50	63	28	T
I	1055	T	Y	181	28	13.4%	2	2	49	38	0.98	1	1	64	117	8	20	C
I	1133	A	R	100	137	57.81%	2	2	45	47	0.98	1	1	34	66	40	97	G
I	1455	C	Y	61	61	50%	2	2	44	46	0.98	1	1	36	25	35	26	T
I	1514	C	S	56	58	50.88%	2	2	48	45	0.98	1	1	26	30	27	31	G
I	1750	G	R	86	30	25.86%	2	2	51	47	0.98	1	1	39	47	10	20	A
I	2582	T	Y	52	56	51.85%	2	2	51	45	0.98	1	1	34	18	35	21	C
I	3431	A	R	74	84	53.16%	2	2	51	50	0.98	1	1	38	36	43	41	G
I	4645	C	M	33	2	5.71%	2	1	40	25	0.98	1	1	8	25	2	0	A
I	4666	G	R	39	10	20.41%	2	2	39	38	0.98	1	1	14	25	7	3	A
I	4668	C	S	48	6	11.11%	2	2	44	39	0.98	1	1	26	22	2	4	G
I	6583	G	R	26	23	46.94%	2	2	44	47	0.98	1	1	13	13	9	14	A
I	6727	G	R	29	7	19.44%	2	2	45	42	0.98	1	1	8	21	2	5	A
I	6912	A	M	73	4	5.19%	2	1	54	37	0.98	1	1	48	25	0	4	C
I	8666	G	R	42	40	48.78%	2	2	46	49	0.98	1	1	10	32	18	22	A
I	10913	G	R	14	12	46.15%	2	2	41	38	0.98	1	1	7	7	7	5	A
I	17459	A	R	46	3	6.12%	2	2	48	49	0.98	1	1	24	22	1	2	G
I	17558	A	R	46	3	6.12%	2	2	45	53	0.98	1	1	20	26	2	1	G
I	17723	A	R	43	3	6.52%	2	1	54	61	0.98	1	1	19	24	0	3	G
I	18099	A	R	101	25	19.84%	2	2	49	39	0.98	1	1	66	35	21	4	G
I	18140	T	Y	130	7	5.11%	2	2	48	47	0.98	1	1	102	28	5	2	C
I	18318	G	R	113	47	29.38%	2	2	44	50	0.98	1	1	49	64	38	9	A
I	18475	C	Y	96	82	46.07%	2	2	47	55	0.98	1	1	28	68	25	57	T
I	19177	A	R	76	5	6.17%	2	2	49	42	0.98	1	1	31	45	1	4	G
I	28424	C	S	61	6	8.96%	2	2	51	61	0.98	1	1	30	31	2	4	G
I	29359	T	W	52	6	10.34%	2	2	54	41	0.98	1	1	24	28	5	1	A
I	29373	T	Y	46	7	12.73%	2	2	54	46	0.98	1	1	23	23	5	2	C
I	55244	T	W	13	2	8%	2	1	42	27	0.98	1	1	12	1	0	2	A
I	70051	T	K	15	2	11.76%	2	1	53	55	0.98	1	1	6	9	2	0	G
I	70936	G	S	32	2	5.88%	2	1	49	37	0.98	1	1	15	17	0	2	C
I	78562	T	K	22	2	8.33%	2	1	38	31	0.98	1	1	7	15	2	0	G
I	78666	G	K	38	2	5%	2	1	43	25	0.98	1	1	20	18	2	0	T
I	88959	C	S	34	2	5.56%	2	1	49	37	0.98	1	1	14	20	0	2	G
I	96157	G	R	48	4	7.69%	2	1	50	37	0.98	1	1	30	18	0	4	A
I	98629	A	M	68	7	9.33%	2	1	47	37	0.98	1	1	43	25	7	0	C
I	98632	C	Y	69	8	10.39%	2	1	47	37	0.98	1	1	42	27	8	0	T
I	98639	A	W	84	15	15.15%	2	2	47	39	0.98	1	1	54	30	14	1	T
I	98777	T	Y	176	23	11.56%	2	2	53	52	0.98	1	1	87	89	12	11	C
I	98786	G	R	182	13	6.67%	2	2	52	42	0.98	1	1	90	92	1	12	A
I	99066	G	R	157	18	10.29%	2	2	55	63	0.98	1	1	75	82	11	7	A
I	99204	A	W	94	15	13.76%	2	2	46	41	0.98	1	1	30	64	1	14	T
I	99211	A	R	80	8	9.09%	2	2	45	41	0.98	1	1	27	53	1	7	G
I	99214	G	K	78	8	9.3%	2	1	46	37	0.98	1	1	25	53	0	8	T
I	101871	A	R	2	3	6.82%	1	2	68	31	0.98	1	1	0	2	1	2	G
I	110495	A	M	16	2	11.11%	2	1	40	33	0.98	1	1	14	2	0	2	C
I	137482	A	W	52	3	5.45%	2	2	47	49	0.98	1	1	19	33	1	2	T
I	145991	A	W	28	2	6.67%	2	1	46	25	0.98	1	1	19	9	0	2	T
I	153110	G	K	31	3	8.82%	2	1	45	24	0.98	1	1	19	12	0	3	T
I	169798	G	K	13	2	13.33%	2	1	38	27	0.98	1	1	12	1	0	2	T
I	169817	A	M	12	2	14.29%	1	1	42	33	0.98	1	1	12	0	0	2	C
I	174741	A	R	28	2	6.67%	2	1	47	37	0.98	1	1	11	17	0	2	G
I	191866	C	M	26	3	10.34%	2	1	38	27	0.98	1	1	23	3	0	3	A
I	219475	T	W	36	2	5.26%	2	1	51	55	0.98	1	1	18	18	0	2	A
I	282680	T	Y	34	2	5.56%	2	1	48	55	0.98	1	1	16	18	0	2	C
I	335159	T	W	28	3	9.68%	2	2	44	57	0.98	1	1	17	11	1	2	A
I	359564	G	K	31	2	6.06%	2	1	44	31	0.98	1	1	15	16	0	2	T
I	411365	G	K	37	2	5.13%	2	1	48	25	0.98	1	1	17	20	2	0	T
I	420511	A	W	29	2	6.45%	2	1	42	37	0.98	1	1	19	10	2	0	T
I	437635	A	M	21	2	8.7%	2	1	35	31	0.98	1	1	9	12	0	2	C
I	441530	C	M	37	2	5.13%	2	1	41	27	0.98	1	1	9	28	2	0	A
I	464017	C	M	16	2	10%	2	1	48	31	0.98	1	1	8	8	0	2	A
I	473427	G	K	13	4	22.22%	1	1	37	32	0.98	1	1	13	0	0	4	T
I	523065	T	W	21	2	8.7%	2	1	44	31	0.98	1	1	6	15	2	0	A
I	523099	G	K	22	2	8.33%	2	1	43	31	0.98	1	1	11	11	2	0	T
I	523603	G	A	0	52	100%	0	2	0	44	0.98	0	1	0	0	37	15	A
I	523883	G	A	0	48	100%	0	2	0	46	0.98	0	1	0	0	22	26	A
I	527156	C	A	0	22	100%	0	2	0	47	0.98	0	1	0	0	15	7	A
I	553340	A	W	33	2	5.71%	2	2	49	25	0.98	1	1	16	17	1	1	T
I	562725	A	W	18	2	10%	2	1	46	25	0.98	1	1	17	1	0	2	T
I	634460	T	W	23	2	8%	2	1	50	25	0.98	1	1	8	15	2	0	A
I	638093	A	M	30	3	9.09%	2	1	42	25	0.98	1	1	22	8	0	3	C
I	647233	T	W	22	2	8.33%	2	1	44	25	0.98	1	1	8	14	2	0	A
I	652508	T	K	28	2	6.67%	2	1	42	25	0.98	1	1	13	15	2	0	G
I	652512	A	W	25	2	7.41%	2	1	48	27	0.98	1	1	11	14	2	0	T
I	667054	A	M	35	2	5.41%	2	1	46	55	0.98	1	1	21	14	0	2	C
I	759334	G	T	0	15	100%	0	2	0	45	0.98	0	1	0	0	7	8	T
I	820043	A	R	31	2	6.06%	2	2	54	55	0.98	1	1	16	15	1	1	G
I	831920	T	K	9	2	18.18%	2	1	50	33	0.98	1	1	2	7	2	0	G
I	831975	C	M	16	2	11.11%	2	1	44	27	0.98	1	1	3	13	2	0	A
I	839118	C	M	31	2	6.06%	2	1	46	27	0.98	1	1	10	21	2	0	A
I	855791	T	W	30	2	6.25%	2	2	50	37	0.98	1	1	13	17	1	1	A
I	862964	G	T	0	22	100%	0	2	0	54	0.98	0	1	0	0	10	12	T
I	909520	T	Y	30	3	9.09%	2	2	50	49	0.98	1	1	16	14	2	1	C
I	913846	A	M	19	2	9.52%	2	2	46	37	0.98	1	1	9	10	1	1	C
I	921391	T	W	28	2	6.67%	2	2	47	37	0.98	1	1	16	12	1	1	A
I	924201	T	W	33	2	5.71%	2	2	47	37	0.98	1	1	22	11	1	1	A
I	926368	A	R	33	2	5.71%	2	1	50	31	0.98	1	1	17	16	2	0	G
I	935529	G	K	35	2	5.41%	2	1	49	33	0.98	1	1	16	19	0	2	T
I	947379	G	K	38	2	5%	2	2	45	55	0.98	1	1	23	15	1	1	T
I	949545	T	K	20	13	39.39%	2	1	45	28	0.98	1	1	7	13	13	0	G
I	949587	G	K	27	3	10%	2	1	42	30	0.98	1	1	6	21	3	0	T
I	954450	C	M	23	2	8%	2	1	38	31	0.98	1	1	4	19	2	0	A
I	958580	T	W	69	4	5.48%	2	2	53	37	0.98	1	1	37	32	2	2	A
I	959813	T	K	27	2	6.9%	2	1	39	61	0.98	1	1	5	22	0	2	G
I	973312	C	M	36	2	5.26%	2	2	47	37	0.98	1	1	17	19	1	1	A
I	982297	G	R	51	6	10.53%	2	2	52	47	0.98	1	1	28	23	3	3	A
I	993669	C	M	15	2	11.76%	2	1	49	27	0.98	1	1	10	5	0	2	A
I	995280	C	M	18	2	10%	2	1	41	25	0.98	1	1	10	8	0	2	A
I	1027635	T	W	15	2	10%	1	1	37	37	0.98	1	1	15	0	0	2	A
I	1044734	C	S	50	5	9.09%	2	2	50	37	0.98	1	1	16	34	3	2	G
I	1117242	A	M	26	2	7.14%	2	1	45	25	0.98	1	1	19	7	0	2	C
I	1151907	A	M	34	2	5.56%	2	2	45	25	0.98	1	1	12	22	1	1	C
I	1153915	C	M	15	2	11.76%	2	1	42	27	0.98	1	1	7	8	0	2	A
I	1154007	G	K	11	2	15.38%	2	1	42	29	0.98	1	1	8	3	0	2	T
I	1154013	A	M	14	2	12.5%	2	1	44	25	0.98	1	1	8	6	0	2	C
I	1157300	G	S	38	2	5%	2	1	47	68	0.98	1	1	21	17	0	2	C
I	1168031	A	R	35	2	5.41%	2	1	52	28	0.98	1	1	15	20	2	0	G
I	1183424	T	K	15	3	16.67%	2	1	41	37	0.98	1	1	10	5	0	3	G
I	1183504	C	M	20	2	9.09%	2	2	45	37	0.98	1	1	13	7	1	1	A
I	1200123	G	S	34	4	10.53%	2	2	43	37	0.98	1	1	20	14	2	2	C
I	1215097	A	R	21	2	8.7%	2	1	50	31	0.98	1	1	13	8	0	2	G
I	1221206	A	W	18	2	10%	2	1	37	31	0.98	1	1	7	11	0	2	T
I	1253518	G	K	32	2	5.88%	2	1	43	31	0.98	1	1	12	20	2	0	T
I	1257335	G	R	39	13	25%	2	2	44	58	0.98	1	1	9	30	6	7	A
I	1307686	T	K	28	2	6.67%	2	1	42	31	0.98	1	1	12	16	2	0	G
I	1308466	T	K	18	3	14.29%	2	1	44	33	0.98	1	1	7	11	3	0	G
I	1326074	A	R	22	2	8.33%	2	2	47	31	0.98	1	1	9	13	1	1	G
I	1336673	A	W	30	2	6.25%	2	2	45	37	0.98	1	1	20	10	1	1	T
I	1358745	G	K	19	2	9.52%	2	1	39	25	0.98	1	1	17	2	0	2	T
I	1380122	T	W	18	3	14.29%	2	1	40	24	0.98	1	1	9	9	0	3	A
I	1380126	A	M	17	5	22.73%	2	1	45	30	0.98	1	1	7	10	0	5	C
I	1393835	G	K	27	3	10%	2	1	41	37	0.98	1	1	3	24	3	0	T
I	1424709	A	C	0	2	100%	0	2	0	55	0.98	0	1	0	0	1	1	C
I	1447512	G	K	15	3	16.67%	2	1	48	26	0.98	1	1	10	5	0	3	T
I	1447553	C	M	23	2	8%	2	1	42	37	0.98	1	1	20	3	0	2	A
I	1447597	G	K	23	2	8%	2	1	42	29	0.98	1	1	18	5	0	2	T
I	1458455	A	W	37	2	5.13%	2	2	50	37	0.98	1	1	10	27	1	1	T
I	1535069	G	K	30	2	6.25%	2	1	41	29	0.98	1	1	15	15	2	0	T
I	1545074	T	K	16	3	15.79%	2	1	36	25	0.98	1	1	2	14	3	0	G
I	1556231	G	K	24	2	7.69%	2	1	40	27	0.98	1	1	4	20	2	0	T
I	1611722	T	W	28	2	6.67%	2	1	41	27	0.98	1	1	6	22	2	0	A
I	1624365	A	R	32	2	5.88%	2	2	43	37	0.98	1	1	18	14	1	1	G
I	1626914	G	R	29	2	6.45%	2	2	49	37	0.98	1	1	15	14	1	1	A
I	1649841	T	W	25	2	7.41%	2	1	46	31	0.98	1	1	12	13	2	0	A
I	1653062	C	M	26	2	7.14%	2	1	45	31	0.98	1	1	6	20	2	0	A
I	1666856	G	K	16	2	11.11%	2	1	47	31	0.98	1	1	6	10	2	0	T
I	1667143	T	W	18	3	14.29%	2	1	44	26	0.98	1	1	9	9	3	0	A
I	1675912	G	K	32	2	5.88%	2	1	43	20	0.98	1	1	12	20	2	0	T
I	1676852	G	K	35	2	5.41%	2	1	47	37	0.98	1	1	21	14	2	0	T
I	1694560	G	R	26	2	7.14%	2	2	47	37	0.98	1	1	14	12	1	1	A
I	1697164	A	W	29	4	12.12%	2	1	46	28	0.98	1	1	7	22	4	0	T
I	1702070	A	W	21	2	8.7%	2	2	45	37	0.98	1	1	17	4	1	1	T
I	1732163	T	K	32	3	8.57%	2	1	46	33	0.98	1	1	12	20	3	0	G
I	1732199	T	W	31	2	6.06%	2	1	49	27	0.98	1	1	16	15	2	0	A
I	1759468	A	R	17	2	10.53%	2	1	42	31	0.98	1	1	12	5	0	2	G
I	1783458	C	T	0	39	100%	0	2	0	48	0.98	0	1	0	0	22	17	T
I	1796223	C	M	31	2	6.06%	2	2	47	37	0.98	1	1	14	17	1	1	A
I	1807845	G	R	23	2	8%	2	2	46	37	0.98	1	1	12	11	1	1	A
I	1812887	G	K	30	2	6.25%	2	1	37	31	0.98	1	1	16	14	0	2	T
I	1812922	C	M	26	2	7.14%	2	1	46	25	0.98	1	1	21	5	0	2	A
I	1834141	C	M	20	2	9.09%	2	1	36	25	0.98	1	1	19	1	0	2	A
I	1834160	G	K	11	5	31.25%	2	1	42	33	0.98	1	1	10	1	0	5	T
I	1845297	A	M	18	2	10%	2	2	51	37	0.98	1	1	9	9	1	1	C
I	1852128	G	K	19	3	13.64%	2	1	34	31	0.98	1	1	3	16	3	0	T
I	1852134	C	M	18	3	14.29%	2	1	40	27	0.98	1	1	2	16	3	0	A
I	1852148	C	M	21	3	12.5%	2	1	39	27	0.98	1	1	1	20	3	0	A
I	1852154	G	K	27	2	6.9%	2	1	44	33	0.98	1	1	5	22	2	0	T
I	1852288	A	M	23	2	8%	2	1	54	37	0.98	1	1	10	13	0	2	C
I	1855506	C	M	25	2	7.41%	2	1	44	25	0.98	1	1	14	11	2	0	A
I	1857279	T	Y	104	6	5.45%	2	2	50	41	0.98	1	1	53	51	5	1	C
I	1877377	G	S	37	2	5.13%	2	1	41	37	0.98	1	1	19	18	0	2	C
I	1893575	C	M	32	2	5.88%	2	1	38	25	0.98	1	1	3	29	2	0	A
I	1896309	T	K	28	2	6.67%	2	1	52	31	0.98	1	1	10	18	2	0	G
I	1924303	A	W	31	2	6.06%	2	2	45	31	0.98	1	1	8	23	1	1	T
I	1943774	G	R	23	3	11.54%	2	1	37	33	0.98	1	1	22	1	0	3	A
I	1943784	A	M	18	3	14.29%	1	1	34	25	0.98	1	1	18	0	0	3	C
I	1954149	C	M	31	2	6.06%	2	1	42	25	0.98	1	1	22	9	0	2	A
I	1955754	C	Y	11	3	17.65%	2	1	35	31	0.98	1	1	9	2	0	3	T
I	1980648	C	M	28	2	6.67%	2	1	50	22	0.98	1	1	8	20	2	0	A
I	1995564	T	K	37	2	5.13%	2	1	45	55	0.98	1	1	15	22	2	0	G
I	1999192	G	C	0	38	100%	0	2	0	45	0.98	0	1	0	0	19	19	C
I	2015039	T	Y	17	2	10.53%	2	2	50	37	0.98	1	1	6	11	1	1	C
I	2017082	G	K	35	2	5.41%	2	1	45	22	0.98	1	1	11	24	2	0	T
I	2025000	C	Y	12	2	10.53%	1	1	38	31	0.98	1	1	12	0	0	2	+T
I	2048260	C	Y	15	3	16.67%	2	2	41	74	0.98	1	1	6	9	2	1	T
I	2053488	T	K	27	2	6.9%	2	1	42	27	0.98	1	1	2	25	2	0	G
I	2053500	G	K	27	2	6.9%	2	1	39	27	0.98	1	1	10	17	2	0	T
I	2053528	G	K	20	2	9.09%	2	1	38	29	0.98	1	1	5	15	2	0	T
I	2053958	C	Y	19	2	9.52%	2	2	47	61	0.98	1	1	11	8	1	1	T
I	2087588	A	W	38	2	5%	2	2	43	31	0.98	1	1	11	27	1	1	T
I	2093273	A	M	33	4	10.81%	2	1	44	29	0.98	1	1	27	6	0	4	C
I	2098509	A	M	37	2	5.13%	2	1	46	31	0.98	1	1	19	18	0	2	C
I	2104091	G	T	0	17	100%	0	2	0	43	0.98	0	1	0	0	5	12	T
I	2104097	C	A	0	17	100%	0	2	0	45	0.98	0	1	0	0	4	13	A
I	2107792	G	K	20	2	9.09%	2	1	43	27	0.98	1	1	3	17	2	0	T
I	2115751	A	R	25	2	7.41%	2	2	42	37	0.98	1	1	16	9	1	1	G
I	2124316	G	K	35	2	5.41%	2	1	40	33	0.98	1	1	30	5	0	2	T
I	2124336	A	M	33	2	5.71%	2	1	42	27	0.98	1	1	27	6	0	2	C
I	2132199	C	M	28	2	6.67%	2	1	49	37	0.98	1	1	7	21	0	2	A
I	2174479	G	K	28	2	6.67%	2	1	44	27	0.98	1	1	14	14	0	2	T
I	2174528	G	K	14	2	12.5%	2	1	42	31	0.98	1	1	10	4	0	2	T
I	2186348	G	K	31	2	6.06%	2	1	40	37	0.98	1	1	8	23	2	0	T
I	2189281	T	W	21	2	8.7%	2	2	47	31	0.98	1	1	6	15	1	1	A
I	2206658	G	T	0	65	100%	0	2	0	49	0.98	0	1	0	0	31	34	T
I	2214665	A	M	37	2	5.13%	2	2	45	37	0.98	1	1	21	16	1	1	C
I	2216563	A	R	28	2	6.67%	2	1	44	37	0.98	1	1	16	12	2	0	G
I	2218553	A	W	31	2	5.88%	2	1	45	28	0.98	1	1	12	19	0	2	T
I	2227936	T	W	1	3	21.43%	1	1	25	34	0.98	1	1	1	0	0	3	A
I	2233550	A	R	37	2	5.13%	2	2	45	36	0.98	1	1	18	19	1	1	G
I	2233563	A	W	31	2	6.06%	2	1	45	33	0.98	1	1	18	13	0	2	T
I	2235218	C	S	35	2	5.41%	2	2	46	37	0.98	1	1	19	16	1	1	G
I	2243495	T	W	17	2	10.53%	2	1	45	31	0.98	1	1	12	5	0	2	A
I	2250662	C	M	36	2	5.26%	2	1	46	55	0.98	1	1	17	19	0	2	A
I	2254937	G	K	30	2	6.25%	2	1	49	29	0.98	1	1	10	20	2	0	T
I	2254946	C	M	33	3	8.33%	2	1	47	30	0.98	1	1	12	21	3	0	A
I	2275436	G	R	32	2	5.88%	2	2	50	55	0.98	1	1	18	14	1	1	A
I	2314352	C	M	31	2	6.06%	2	2	50	37	0.98	1	1	16	15	1	1	A
I	2323320	T	K	27	3	10%	2	1	43	27	0.98	1	1	6	21	3	0	G
I	2323389	T	W	30	2	6.25%	2	1	41	25	0.98	1	1	8	22	2	0	A
I	2327021	C	M	10	2	13.33%	2	1	41	31	0.98	1	1	7	3	0	2	A
I	2350152	A	R	26	2	7.14%	2	2	51	31	0.98	1	1	16	10	1	1	G
I	2350234	G	R	31	2	6.06%	2	2	41	37	0.98	1	1	16	15	1	1	A
I	2357321	C	M	26	2	7.14%	2	2	48	37	0.98	1	1	7	19	1	1	A
I	2368815	A	R	34	2	5.56%	2	2	42	37	0.98	1	1	25	9	1	1	G
I	2396503	A	W	25	2	7.41%	2	1	42	31	0.98	1	1	8	17	0	2	T
I	2447386	A	M	34	2	5.56%	2	1	48	25	0.98	1	1	11	23	0	2	C
I	2447843	A	R	34	2	5.56%	2	2	55	37	0.98	1	1	21	13	1	1	G
I	2480108	A	M	26	2	7.14%	2	1	47	37	0.98	1	1	18	8	0	2	C
I	2482720	A	M	15	3	16.67%	2	1	36	31	0.98	1	1	13	2	0	3	C
I	2489607	T	Y	33	2	5.71%	2	1	47	49	0.98	1	1	21	12	0	2	C
I	2503979	G	K	39	3	7.14%	2	1	39	26	0.98	1	1	31	8	0	3	T
I	2503986	A	M	38	3	7.14%	2	1	40	34	0.98	1	1	32	6	0	3	C
I	2506044	T	A	0	54	100%	0	2	0	44	0.98	0	1	0	0	22	32	A
I	2525356	G	K	20	2	9.09%	2	1	42	25	0.98	1	1	12	8	2	0	T
I	2544949	T	K	25	2	7.41%	2	1	37	37	0.98	1	1	1	24	2	0	G
I	2585285	T	Y	33	2	5.71%	2	1	48	55	0.98	1	1	21	12	0	2	C
I	2605764	T	A	0	42	100%	0	2	0	48	0.98	0	1	0	0	11	31	A
I	2611002	A	M	38	2	5%	2	1	48	37	0.98	1	1	22	16	0	2	C
I	2621072	A	W	38	2	5%	2	2	47	31	0.98	1	1	19	19	1	1	T
I	2621753	T	K	36	2	5.26%	2	1	51	37	0.98	1	1	17	19	2	0	G
I	2645597	A	M	34	2	5.56%	2	1	57	55	0.98	1	1	17	17	0	2	C
I	2673501	C	A	1	23	95.83%	1	2	37	46	0.98	1	1	0	1	7	16	A
I	2675135	A	W	34	2	5.56%	2	1	48	27	0.98	1	1	11	23	0	2	T
I	2695211	T	Y	35	2	5.41%	2	1	49	42	0.98	1	1	14	21	0	2	C
I	2696495	A	M	18	3	13.64%	2	1	40	26	0.98	1	1	16	2	0	3	C
I	2700656	A	R	29	2	6.45%	2	1	50	37	0.98	1	1	13	16	2	0	G
I	2706463	A	W	37	2	5.13%	2	1	42	31	0.98	1	1	23	14	0	2	T
I	2706483	G	K	25	3	10.71%	2	2	44	33	0.98	1	1	19	6	1	2	T
I	2715066	T	K	30	2	6.25%	2	1	44	37	0.98	1	1	13	17	2	0	G
I	2729828	G	R	30	2	6.25%	2	1	42	74	0.98	1	1	14	16	2	0	A
I	2744830	G	R	24	5	17.24%	2	2	47	34	0.98	1	1	13	11	3	2	A
I	2747078	A	G	0	24	100%	0	2	0	42	0.98	0	1	0	0	6	18	G
I	2751237	A	W	3	2	40%	1	1	33	37	0.98	1	1	3	0	0	2	T
I	2765740	A	W	23	2	8%	2	2	45	37	0.98	1	1	12	11	1	1	T
I	2814456	C	M	16	2	11.11%	2	1	41	27	0.98	1	1	10	6	0	2	A
I	2814521	G	K	16	2	11.11%	2	1	39	25	0.98	1	1	13	3	0	2	T
I	2824140	A	W	30	2	6.25%	2	1	45	25	0.98	1	1	18	12	0	2	T
I	2824837	C	M	22	2	8.33%	2	1	40	27	0.98	1	1	5	17	2	0	A
I	2834205	T	K	29	2	6.45%	2	1	42	27	0.98	1	1	8	21	2	0	G
I	2867797	C	S	35	2	5.41%	2	1	53	31	0.98	1	1	12	23	2	0	G
I	2874338	G	K	7	2	22.22%	2	1	41	25	0.98	1	1	1	6	2	0	T
I	2881324	C	M	58	4	6.45%	2	2	42	64	0.98	1	1	40	18	3	1	A
I	2938587	C	Y	33	2	5.71%	2	2	56	37	0.98	1	1	19	14	1	1	T
I	2951151	G	A	0	54	100%	0	2	0	47	0.98	0	1	0	0	23	31	A
I	2970063	A	R	51	7	12.07%	2	2	45	37	0.98	1	1	28	23	3	4	G
I	3026620	G	R	38	2	5%	2	2	47	37	0.98	1	1	24	14	1	1	A
I	3027057	T	K	39	4	9.3%	2	2	44	34	0.98	1	1	14	25	2	2	G
I	3033365	C	M	27	2	6.9%	2	1	43	31	0.98	1	1	8	19	2	0	A
I	3077567	C	M	24	3	11.11%	2	1	42	33	0.98	1	1	10	14	3	0	A
I	3077589	C	M	23	2	8%	2	1	42	27	0.98	1	1	11	12	2	0	A
I	3085106	T	K	32	2	5.88%	2	2	46	37	0.98	1	1	18	14	1	1	G
I	3088089	T	K	25	2	7.41%	2	1	43	31	0.98	1	1	11	14	0	2	G
I	3093784	A	W	33	2	5.71%	2	2	50	37	0.98	1	1	10	23	1	1	T
I	3111508	A	G	0	26	100%	0	2	0	42	0.98	0	1	0	0	22	4	G
I	3115841	C	A	0	42	100%	0	2	0	50	0.98	0	1	0	0	26	16	A
I	3119299	G	A	0	26	100%	0	2	0	44	0.98	0	1	0	0	18	8	A
I	3122973	T	W	12	2	14.29%	2	2	42	37	0.98	1	1	6	6	1	1	A
I	3156614	A	M	28	2	6.67%	2	1	48	49	0.98	1	1	11	17	0	2	C
I	3166776	G	K	5	2	8.7%	2	1	37	33	0.98	1	1	4	1	0	2	+TTT
I	3179238	G	C	0	73	100%	0	2	0	45	0.98	0	1	0	0	38	35	C
I	3191429	G	K	32	2	5.88%	1	1	34	27	0.98	1	1	0	32	2	0	T
I	3206525	T	Y	21	2	8.7%	2	1	47	37	0.98	1	1	8	13	2	0	C
I	3250456	A	R	17	2	10.53%	2	1	48	49	0.98	1	1	7	10	2	0	G
I	3257938	A	M	29	2	6.45%	2	1	45	37	0.98	1	1	15	14	2	0	C
I	3262329	T	W	38	2	5%	2	2	48	37	0.98	1	1	16	22	1	1	A
I	3262370	A	R	37	2	5.13%	2	2	46	37	0.98	1	1	15	22	1	1	G
I	3272156	T	W	38	2	5%	2	1	47	25	0.98	1	1	19	19	2	0	A
I	3292264	G	R	31	2	6.06%	2	2	50	74	0.98	1	1	15	16	1	1	A
I	3307830	C	M	24	2	7.69%	2	1	42	31	0.98	1	1	7	17	2	0	A
I	3365873	C	Y	55	3	5.17%	2	2	40	49	0.98	1	1	25	30	1	2	T
I	3382474	C	Y	51	4	7.27%	2	2	49	37	0.98	1	1	22	29	2	2	T
I	3404604	C	M	10	2	16.67%	2	2	42	23	0.98	1	1	6	4	1	1	A
I	3469989	G	R	22	2	8.33%	2	2	44	31	0.98	1	1	12	10	1	1	A
I	3477642	T	W	31	2	6.06%	2	1	44	25	0.98	1	1	12	19	2	0	A
I	3508714	A	M	19	2	9.52%	2	1	38	25	0.98	1	1	9	10	2	0	C
I	3519683	G	K	19	2	9.52%	2	1	42	31	0.98	1	1	16	3	0	2	T
I	3519693	A	M	22	2	8.33%	2	1	39	25	0.98	1	1	18	4	0	2	C
I	3538450	A	T	0	20	100%	0	2	0	48	0.98	0	1	0	0	12	8	T
I	3548913	T	A	0	13	100%	0	2	0	48	0.98	0	1	0	0	4	9	A
I	3572574	A	C	0	16	100%	0	2	0	54	0.98	0	1	0	0	8	8	C
I	3576756	T	Y	2	4	30.77%	2	2	37	37	0.98	1	1	1	1	3	1	C
I	3577787	T	W	31	8	11.11%	2	2	49	52	0.98	1	1	8	23	7	1	A
I	3577813	T	Y	79	5	5.95%	2	2	47	44	0.98	1	1	55	24	2	3	C
I	3583106	G	A	0	45	100%	0	2	0	54	0.98	0	1	0	0	23	22	A
I	3618296	A	M	35	2	5.41%	2	1	46	27	0.98	1	1	20	15	0	2	C
I	3642149	C	M	23	2	8%	2	1	46	27	0.98	1	1	8	15	0	2	A
I	3645852	A	W	13	2	13.33%	2	1	44	25	0.98	1	1	10	3	0	2	T
I	3645865	C	M	14	3	17.65%	2	1	48	30	0.98	1	1	10	4	0	3	A
I	3645880	A	M	16	2	11.11%	2	1	46	37	0.98	1	1	13	3	0	2	C
I	3657385	G	K	29	2	6.45%	2	1	42	29	0.98	1	1	23	6	0	2	T
I	3657401	C	M	27	3	10%	2	1	40	27	0.98	1	1	22	5	0	3	A
I	3657523	A	M	26	2	7.14%	2	1	36	25	0.98	1	1	21	5	0	2	C
I	3660180	G	K	21	2	8.7%	2	1	44	25	0.98	1	1	17	4	0	2	T
I	3660191	C	M	24	2	7.69%	2	1	36	27	0.98	1	1	19	5	0	2	A
I	3712201	G	K	19	5	20.83%	2	2	49	37	0.98	1	1	9	10	3	2	T
I	3717150	T	W	30	2	6.25%	2	2	46	37	0.98	1	1	11	19	1	1	A
I	3718787	A	W	41	3	6.82%	2	1	41	30	0.98	1	1	33	8	0	3	T
I	3756171	T	K	28	2	6.67%	2	1	41	24	0.98	1	1	2	26	2	0	G
I	3761504	C	M	103	7	6.36%	2	2	49	59	0.98	1	1	58	45	6	1	A
I	3761560	T	Y	118	11	8.53%	2	2	47	50	0.98	1	1	72	46	8	3	C
I	3761566	T	Y	113	11	8.87%	2	2	47	50	0.98	1	1	70	43	8	3	C
I	3776839	G	K	21	2	8.7%	2	1	47	22	0.98	1	1	15	6	0	2	T
I	3776925	G	K	22	2	8.33%	2	1	41	27	0.98	1	1	11	11	2	0	T
I	3785905	A	W	6	3	33.33%	2	2	41	49	0.98	1	1	4	2	1	2	T
I	3787793	A	R	71	4	5.33%	2	2	46	64	0.98	1	1	38	33	2	2	G
I	3787826	G	R	78	5	6.02%	2	2	48	51	0.98	1	1	52	26	4	1	A
I	3787988	C	Y	84	20	19.23%	2	2	45	51	0.98	1	1	43	41	13	7	T
I	3788014	A	R	91	19	17.27%	2	2	48	55	0.98	1	1	46	45	12	7	G
I	3846495	G	C	0	62	100%	0	2	0	43	0.98	0	1	0	0	33	29	C
I	3846794	C	M	31	3	8.82%	2	1	42	29	0.98	1	1	7	24	3	0	A
I	3846796	T	W	30	3	9.09%	2	1	40	26	0.98	1	1	8	22	3	0	A
I	3846798	C	M	33	3	8.33%	2	1	41	33	0.98	1	1	9	24	3	0	A
I	3850713	A	R	31	2	6.06%	2	2	47	55	0.98	1	1	15	16	1	1	G
I	3858712	C	M	19	2	9.52%	2	1	46	25	0.98	1	1	13	6	2	0	A
I	3862320	T	W	35	2	5.41%	2	2	47	37	0.98	1	1	19	16	1	1	A
I	3910568	G	K	38	2	5%	2	1	38	29	0.98	1	1	36	2	0	2	T
I	3910598	G	K	31	2	6.06%	2	1	45	31	0.98	1	1	26	5	0	2	T
I	3910600	T	W	31	2	6.06%	2	1	40	25	0.98	1	1	22	9	0	2	A
I	3910609	A	M	33	4	10.81%	2	1	43	34	0.98	1	1	21	12	0	4	C
I	3918499	A	W	34	2	5.56%	2	1	40	25	0.98	1	1	22	12	0	2	T
I	3956517	G	R	16	4	20%	2	2	46	37	0.98	1	1	2	14	2	2	A
I	3963562	T	Y	35	2	5.41%	2	1	50	55	0.98	1	1	19	16	0	2	C
I	3984278	C	Y	179	25	12.25%	2	2	49	45	0.98	1	1	91	88	20	5	T
I	3987124	C	M	15	2	11.76%	2	1	40	37	0.98	1	1	9	6	0	2	A
I	3987138	C	M	11	2	15.38%	2	1	43	25	0.98	1	1	6	5	0	2	A
I	3992214	C	A	2	12	85.71%	2	2	37	41	0.98	1	1	1	1	2	10	A
I	4028632	T	K	19	2	9.52%	2	1	46	31	0.98	1	1	7	12	2	0	G
I	4028643	G	K	22	2	8.33%	2	1	49	31	0.98	1	1	8	14	2	0	T
I	4048025	A	W	34	3	8.11%	2	1	37	33	0.98	1	1	20	14	0	3	T
I	4055052	T	W	5	2	6.9%	2	2	44	27	0.98	1	1	4	1	1	1	A
I	4059009	T	A	0	32	100%	0	2	0	50	0.98	0	1	0	0	14	18	A
I	4135196	T	Y	60	4	6.25%	2	2	45	37	0.98	1	1	28	32	1	3	C
I	4149385	T	W	36	2	5.26%	2	2	45	31	0.98	1	1	21	15	1	1	A
I	4159666	C	M	14	2	12.5%	2	1	41	25	0.98	1	1	10	4	0	2	A
I	4169802	G	A	0	24	100%	0	2	0	48	0.98	0	1	0	0	15	9	A
I	4171520	A	T	1	70	98.59%	1	2	37	50	0.98	1	1	1	0	38	32	T
I	4192110	A	M	28	4	12.5%	2	1	42	37	0.98	1	1	8	20	0	4	C
I	4215178	C	M	23	2	8%	2	1	44	27	0.98	1	1	20	3	0	2	A
I	4217628	G	K	25	2	7.41%	2	2	50	29	0.98	1	1	11	14	1	1	T
I	4223343	C	M	15	2	11.76%	2	1	40	25	0.98	1	1	9	6	0	2	A
I	4223376	C	M	12	2	14.29%	2	1	44	33	0.98	1	1	7	5	0	2	A
I	4225837	G	R	40	3	6.98%	2	2	48	49	0.98	1	1	23	17	1	2	A
I	4268143	G	K	28	2	6.67%	2	1	41	31	0.98	1	1	11	17	2	0	T
I	4268916	T	K	35	2	5.41%	2	1	41	25	0.98	1	1	3	32	2	0	G
I	4271642	A	R	37	2	5.13%	2	2	50	55	0.98	1	1	18	19	1	1	G
I	4273511	T	K	28	2	6.67%	2	2	44	31	0.98	1	1	9	19	1	1	G
I	4277344	T	W	35	2	5.41%	2	2	49	37	0.98	1	1	20	15	1	1	A
I	4280119	T	Y	33	2	5.71%	2	1	43	37	0.98	1	1	18	15	2	0	C
I	4316464	T	Y	48	6	11.11%	2	2	54	35	0.98	1	1	26	22	5	1	C
I	4316488	A	R	45	3	6.25%	2	1	49	33	0.98	1	1	23	22	3	0	G
I	4316493	G	K	46	3	6.12%	2	2	49	49	0.98	1	1	22	24	2	1	T
I	4316497	A	R	42	3	6.67%	2	2	49	49	0.98	1	1	17	25	2	1	G
I	4316683	A	R	41	3	6.82%	2	2	50	34	0.98	1	1	25	16	2	1	G
I	4333379	C	Y	53	3	5.36%	2	2	48	49	0.98	1	1	34	19	2	1	T
I	4353726	G	K	20	2	9.09%	2	2	43	37	0.98	1	1	8	12	1	1	T
I	4375421	A	T	0	18	100%	0	2	0	37	0.98	0	1	0	0	8	10	T
I	4378721	T	Y	27	2	6.9%	2	1	42	37	0.98	1	1	14	13	0	2	C
I	4395197	A	M	21	2	8.7%	2	1	45	25	0.98	1	1	13	8	0	2	C
I	4442714	G	A	0	48	100%	0	2	0	50	0.98	0	1	0	0	14	34	A
I	4472168	C	M	34	2	5.56%	2	1	45	25	0.98	1	1	13	21	2	0	A
I	4494355	C	Y	19	2	9.52%	2	1	47	37	0.98	1	1	14	5	0	2	T
I	4531107	A	R	21	3	12.5%	2	2	48	74	0.98	1	1	12	9	1	2	G
I	4556927	A	M	19	2	9.52%	2	1	38	49	0.98	1	1	11	8	0	2	C
I	4582665	T	W	34	4	10.53%	2	2	34	46	0.98	1	1	2	32	3	1	A
I	4582674	G	K	33	2	5.71%	2	1	40	27	0.98	1	1	7	26	2	0	T
I	4643357	A	M	35	2	5.41%	2	1	40	31	0.98	1	1	15	20	0	2	C
I	4648112	G	K	25	2	7.41%	2	1	45	25	0.98	1	1	11	14	0	2	T
I	4648145	G	K	36	3	7.5%	2	2	40	37	0.98	1	1	29	7	1	2	T
I	4648160	G	T	3	10	76.92%	2	2	34	40	0.98	1	1	1	2	4	6	T
I	4648161	G	T	8	31	79.49%	2	2	36	42	0.98	1	1	7	1	18	13	T
I	4659444	T	K	26	2	7.14%	2	1	44	25	0.98	1	1	13	13	2	0	G
I	4700258	G	S	32	2	5.88%	2	2	55	37	0.98	1	1	15	17	1	1	C
I	4700979	T	K	18	2	10%	2	1	36	37	0.98	1	1	6	12	2	0	G
I	4701004	G	K	17	2	10.53%	2	1	41	31	0.98	1	1	3	14	2	0	T
I	4716561	A	R	38	2	5%	2	1	44	55	0.98	1	1	15	23	0	2	G
I	4716629	G	K	30	2	6.25%	2	1	50	25	0.98	1	1	18	12	0	2	T
I	4716658	C	M	25	8	24.24%	2	1	45	28	0.98	1	1	17	8	0	8	A
I	4723133	C	Y	29	2	6.45%	2	1	46	37	0.98	1	1	19	10	0	2	T
I	4723137	T	Y	28	2	6.67%	2	1	45	37	0.98	1	1	18	10	0	2	C
I	4724750	T	Y	33	2	5.71%	2	1	47	74	0.98	1	1	18	15	2	0	C
I	4726093	C	Y	41	3	6.82%	2	2	51	37	0.98	1	1	13	28	2	1	T
I	4726094	A	R	42	3	6.67%	2	2	50	37	0.98	1	1	14	28	2	1	G
I	4737375	T	K	16	2	11.11%	2	2	46	37	0.98	1	1	8	8	1	1	G
I	4813762	T	Y	31	2	6.06%	2	1	53	31	0.98	1	1	16	15	0	2	C
I	4815642	C	Y	26	2	7.14%	2	1	46	31	0.98	1	1	6	20	2	0	T
I	4816311	T	W	26	2	7.14%	2	1	46	74	0.98	1	1	20	6	0	2	A
I	4854739	A	W	7	2	22.22%	1	1	41	29	0.98	1	1	0	7	2	0	T
I	4854763	G	K	9	2	18.18%	1	1	36	29	0.98	1	1	0	9	2	0	T
I	4885180	T	K	23	2	8%	2	1	43	25	0.98	1	1	11	12	2	0	G
I	4885465	G	K	25	4	13.79%	2	1	40	27	0.98	1	1	14	11	4	0	T
I	4919603	A	G	0	51	100%	0	2	0	46	0.98	0	1	0	0	16	35	G
I	4926071	A	W	13	2	13.33%	2	1	36	33	0.98	1	1	6	7	2	0	T
I	4982385	T	K	33	2	5.71%	2	2	47	37	0.98	1	1	14	19	1	1	G
I	4982386	C	Y	34	2	5.56%	2	2	47	37	0.98	1	1	15	19	1	1	T
I	4988809	A	R	29	2	6.45%	2	2	44	37	0.98	1	1	15	14	1	1	G
I	5008229	G	K	23	2	8%	2	1	49	31	0.98	1	1	14	9	0	2	T
I	5008237	C	M	22	2	8.33%	2	1	49	25	0.98	1	1	11	11	0	2	A
I	5008380	T	Y	19	4	17.39%	2	2	48	37	0.98	1	1	12	7	2	2	C
I	5022122	C	M	11	2	15.38%	2	1	40	27	0.98	1	1	6	5	0	2	A
I	5036849	T	W	34	2	5.56%	2	1	40	27	0.98	1	1	28	6	0	2	A
I	5036862	A	M	34	3	8.11%	2	1	37	30	0.98	1	1	31	3	0	3	C
I	5055773	T	K	33	2	5.71%	2	2	52	31	0.98	1	1	20	13	1	1	G
I	5076498	T	K	29	2	6.45%	2	2	47	55	0.98	1	1	11	18	1	1	G
I	5081297	G	K	25	2	7.41%	2	1	41	37	0.98	1	1	18	7	2	0	T
I	5081300	A	M	27	2	6.9%	2	1	39	37	0.98	1	1	19	8	2	0	C
I	5119517	A	W	33	3	8.33%	2	1	44	37	0.98	1	1	20	13	3	0	T
I	5127194	G	R	32	3	8.57%	2	2	42	33	0.98	1	1	14	18	2	1	A
I	5150858	T	K	68	6	8.11%	2	2	46	37	0.98	1	1	35	33	3	3	G
I	5183077	T	K	16	2	11.11%	1	1	38	33	0.98	1	1	0	16	2	0	G
I	5245745	G	R	36	2	5.26%	2	2	43	74	0.98	1	1	17	19	1	1	A
I	5271466	A	T	0	7	100%	0	1	0	33	0.98	0	1	0	0	0	7	T
I	5291914	G	K	28	2	6.67%	2	1	50	27	0.98	1	1	13	15	0	2	T
I	5300725	T	K	25	4	13.79%	2	1	47	28	0.98	1	1	11	14	4	0	G
I	5337289	A	M	26	2	7.14%	2	2	44	31	0.98	1	1	16	10	1	1	C
I	5380480	A	M	32	2	5.88%	2	1	45	37	0.98	1	1	19	13	0	2	C
I	5400080	C	T	0	30	100%	0	2	0	47	0.98	0	1	0	0	12	18	T
I	5474433	G	S	35	2	5.41%	2	2	47	37	0.98	1	1	13	22	1	1	C
I	5481743	A	M	36	2	5.26%	2	1	46	37	0.98	1	1	16	20	0	2	C
I	5492635	T	W	76	4	5%	2	2	50	37	0.98	1	1	54	22	2	2	A
I	5501256	G	K	18	2	10%	2	2	41	37	0.98	1	1	3	15	1	1	T
I	5511003	G	S	23	2	8%	2	2	46	37	0.98	1	1	13	10	1	1	C
I	5520874	T	K	26	2	7.14%	2	2	44	37	0.98	1	1	7	19	1	1	G
I	5534392	A	R	18	2	10%	2	2	44	37	0.98	1	1	9	9	1	1	G
I	5557224	A	W	18	2	10%	2	2	42	31	0.98	1	1	11	7	1	1	T
I	5557272	G	K	14	2	12.5%	2	1	39	25	0.98	1	1	13	1	0	2	T
I	5561630	A	W	37	2	5.13%	2	1	46	31	0.98	1	1	18	19	0	2	T
I	5562193	A	R	33	25	43.1%	2	2	50	46	0.98	1	1	17	16	18	7	G
I	5562989	C	Y	29	2	6.45%	2	1	48	37	0.98	1	1	14	15	0	2	T
I	5568014	G	R	34	3	8.11%	2	2	39	37	0.98	1	1	14	20	1	2	A
I	5569168	A	R	68	9	11.69%	2	2	50	52	0.98	1	1	30	38	2	7	G
I	5569182	A	W	74	7	8.64%	2	2	49	49	0.98	1	1	35	39	2	5	T
I	5573076	T	Y	98	6	5.77%	2	2	47	61	0.98	1	1	43	55	2	4	C
I	5573676	T	Y	41	6	12.77%	2	2	48	55	0.98	1	1	22	19	4	2	C
I	5573770	A	R	35	4	10%	2	1	48	55	0.98	1	1	15	20	4	0	G
I	5576809	C	Y	12	13	52%	2	2	45	38	0.98	1	1	8	4	4	9	T
I	5579055	C	Y	7	10	58.82%	2	2	68	48	0.98	1	1	1	6	2	8	T
II	5135	C	S	61	4	6.15%	2	2	50	55	0.98	1	1	37	24	2	2	G
II	5157	A	W	66	6	8.33%	2	2	50	61	0.98	1	1	42	24	5	1	T
II	6074	T	Y	45	3	6.25%	2	1	50	37	0.98	1	1	31	14	3	0	C
II	7207	T	Y	30	9	22.5%	2	2	42	49	0.98	1	1	15	15	6	3	C
II	7224	C	M	33	2	5.71%	2	1	41	33	0.98	1	1	19	14	0	2	A
II	13554	C	M	35	2	5.41%	2	1	51	22	0.98	1	1	17	18	2	0	A
II	15827	G	K	17	2	10.53%	2	1	45	31	0.98	1	1	15	2	0	2	T
II	15830	T	W	14	2	9.09%	2	2	42	51	0.98	1	1	8	6	1	1	A
II	42444	T	W	21	2	8.7%	2	2	51	25	0.98	1	1	9	12	1	1	A
II	46943	G	R	19	2	9.52%	2	1	34	28	0.98	1	1	2	17	2	0	A
II	53240	T	W	28	4	12.5%	2	1	37	27	0.98	1	1	22	6	0	4	A
II	53249	A	M	25	5	16.67%	2	1	42	33	0.98	1	1	19	6	0	5	C
II	78405	A	M	29	3	9.38%	2	1	43	33	0.98	1	1	24	5	0	3	C
II	86346	T	Y	25	2	7.41%	2	2	48	47	0.98	1	1	16	9	1	1	C
II	104462	A	W	35	2	5.41%	2	2	46	25	0.98	1	1	23	12	1	1	T
II	105410	C	Y	36	2	5.26%	2	1	45	37	0.98	1	1	20	16	2	0	T
II	105613	C	Y	51	3	5.56%	2	2	42	49	0.98	1	1	21	30	2	1	T
II	105709	C	Y	65	5	7.14%	2	1	44	37	0.98	1	1	34	31	5	0	T
II	105808	T	Y	68	7	9.33%	2	2	50	63	0.98	1	1	36	32	2	5	C
II	105829	C	Y	70	8	10.26%	2	2	51	64	0.98	1	1	34	36	4	4	T
II	105862	T	Y	69	9	11.54%	2	2	45	64	0.98	1	1	36	33	4	5	C
II	105874	T	Y	75	15	16.67%	2	2	50	59	0.98	1	1	41	34	5	10	C
II	105886	T	Y	78	12	13.33%	2	2	54	50	0.98	1	1	39	39	9	3	C
II	105889	C	Y	77	12	13.48%	2	2	52	50	0.98	1	1	37	40	9	3	T
II	105916	C	Y	79	8	9.2%	2	2	51	58	0.98	1	1	39	40	5	3	T
II	105973	T	Y	77	7	8.33%	2	2	52	47	0.98	1	1	42	35	2	5	C
II	105974	A	R	78	7	8.24%	2	2	51	47	0.98	1	1	43	35	2	5	G
II	106150	T	Y	68	5	6.85%	2	2	48	51	0.98	1	1	33	35	3	2	C
II	106156	A	W	66	5	7.04%	2	2	48	51	0.98	1	1	33	33	3	2	T
II	106174	T	Y	77	6	7.23%	2	2	50	49	0.98	1	1	38	39	4	2	C
II	106207	C	Y	82	5	5.75%	2	2	50	66	0.98	1	1	38	44	2	3	T
II	106393	C	Y	56	3	5.08%	2	2	48	45	0.98	1	1	29	27	2	1	T
II	106396	A	W	57	3	5%	2	2	48	49	0.98	1	1	27	30	2	1	T
II	106399	C	Y	56	3	5.08%	2	2	47	49	0.98	1	1	27	29	2	1	T
II	106404	G	R	56	3	5.08%	2	2	47	49	0.98	1	1	27	29	2	1	A
II	106414	C	Y	56	5	8.2%	2	2	44	42	0.98	1	1	27	29	3	2	T
II	106638	T	Y	61	10	14.08%	2	2	43	59	0.98	1	1	24	37	3	7	C
II	111414	C	Y	40	6	13.04%	2	2	44	59	0.98	1	1	15	25	4	2	T
II	111762	A	R	67	4	5.63%	2	2	50	37	0.98	1	1	35	32	3	1	G
II	111772	T	Y	60	4	6.25%	2	1	51	37	0.98	1	1	30	30	4	0	C
II	111777	A	R	62	4	6.06%	2	1	51	37	0.98	1	1	33	29	4	0	G
II	111780	A	W	66	4	5.71%	2	1	54	37	0.98	1	1	32	34	4	0	T
II	111783	A	R	66	4	5.71%	2	1	54	37	0.98	1	1	30	36	4	0	G
II	111785	T	Y	67	4	5.63%	2	1	54	37	0.98	1	1	30	37	4	0	C
II	111798	A	R	65	5	7.14%	2	2	52	59	0.98	1	1	30	35	3	2	G
II	111801	A	W	64	5	7.25%	2	2	51	59	0.98	1	1	29	35	3	2	T
II	111804	G	R	63	5	7.35%	2	2	51	59	0.98	1	1	28	35	3	2	A
II	111810	T	K	63	4	5.97%	2	2	53	55	0.98	1	1	27	36	2	2	G
II	112059	T	Y	58	4	6.45%	2	2	52	46	0.98	1	1	28	30	1	3	C
II	112063	T	Y	57	4	6.56%	2	2	49	46	0.98	1	1	26	31	1	3	C
II	112065	G	R	56	4	6.67%	2	2	50	46	0.98	1	1	26	30	1	3	A
II	112074	A	M	47	7	12.96%	2	2	49	45	0.98	1	1	20	27	1	6	C
II	112240	T	W	77	5	6.1%	2	2	52	51	0.98	1	1	33	44	3	2	A
II	112242	C	M	79	5	5.95%	2	2	51	51	0.98	1	1	35	44	3	2	A
II	112245	A	W	71	6	7.79%	2	2	52	49	0.98	1	1	33	38	4	2	T
II	112260	A	R	82	13	13.68%	2	2	51	59	0.98	1	1	43	39	6	7	G
II	112287	A	R	82	6	6.82%	2	2	54	49	0.98	1	1	42	40	3	3	G
II	112290	G	R	81	6	6.9%	2	2	53	49	0.98	1	1	41	40	3	3	A
II	112302	G	R	86	11	11.22%	2	2	50	47	0.98	1	1	47	39	8	3	A
II	112314	G	R	92	11	10.68%	2	2	50	47	0.98	1	1	51	41	8	3	A
II	112347	A	R	79	14	15.05%	2	2	50	52	0.98	1	1	49	30	9	5	G
II	112368	G	R	79	11	12.22%	2	2	52	61	0.98	1	1	48	31	5	6	A
II	112632	G	R	39	4	9.3%	2	1	48	71	0.98	1	1	14	25	4	0	A
II	133898	G	R	37	2	5.13%	2	2	40	68	0.98	1	1	19	18	1	1	A
II	133903	A	W	35	2	5.41%	2	2	38	74	0.98	1	1	19	16	1	1	T
II	197350	C	Y	29	2	6.45%	2	2	49	37	0.98	1	1	17	12	1	1	T
II	201102	A	R	28	2	6.67%	2	1	47	55	0.98	1	1	13	15	2	0	G
II	201565	G	K	17	2	10.53%	2	1	38	31	0.98	1	1	5	12	2	0	T
II	203051	G	K	23	2	8%	2	1	46	27	0.98	1	1	9	14	2	0	T
II	203127	C	M	24	2	7.69%	2	1	41	31	0.98	1	1	9	15	2	0	A
II	206540	G	K	44	3	6.38%	2	1	47	30	0.98	1	1	24	20	0	3	T
II	234883	G	S	31	2	6.06%	2	2	44	37	0.98	1	1	15	16	1	1	C
II	237180	A	M	25	4	13.79%	2	1	42	34	0.98	1	1	17	8	0	4	C
II	257487	C	Y	54	5	8.47%	2	2	49	44	0.98	1	1	34	20	4	1	T
II	257527	C	Y	55	3	5.17%	2	2	42	37	0.98	1	1	36	19	2	1	T
II	257597	C	M	46	3	6.12%	2	1	42	30	0.98	1	1	33	13	0	3	A
II	257614	G	K	39	4	9.3%	2	1	44	25	0.98	1	1	25	14	0	4	T
II	257946	A	R	66	4	5.71%	2	1	49	74	0.98	1	1	24	42	0	4	G
II	266718	A	C	0	48	100%	0	2	0	46	0.98	0	1	0	0	13	35	C
II	266780	T	A	0	35	100%	0	2	0	43	0.98	0	1	0	0	19	16	A
II	269409	A	W	20	2	9.09%	2	1	49	27	0.98	1	1	10	10	2	0	T
II	269663	C	S	27	2	6.9%	2	2	49	37	0.98	1	1	17	10	1	1	G
II	276539	A	T	0	55	100%	0	2	0	47	0.98	0	1	0	0	26	29	T
II	285177	T	W	17	2	10.53%	2	1	45	25	0.98	1	1	5	12	2	0	A
II	288670	T	Y	32	2	5.88%	2	2	52	37	0.98	1	1	16	16	1	1	C
II	306481	G	R	25	4	13.79%	2	2	45	37	0.98	1	1	10	15	2	2	A
II	315348	C	Y	19	2	9.52%	2	2	44	74	0.98	1	1	15	4	1	1	T
II	326365	G	K	29	2	6.45%	2	2	51	36	0.98	1	1	12	17	1	1	T
II	332436	C	M	27	2	6.9%	2	2	45	37	0.98	1	1	22	5	1	1	A
II	353331	C	M	27	2	6.9%	2	1	46	27	0.98	1	1	13	14	0	2	A
II	353401	A	W	26	2	7.14%	2	1	44	24	0.98	1	1	21	5	0	2	T
II	359941	C	M	35	2	5.41%	2	2	46	31	0.98	1	1	20	15	1	1	A
II	366714	G	K	24	2	7.69%	2	1	38	25	0.98	1	1	13	11	2	0	T
II	398572	C	M	29	2	6.45%	2	1	46	37	0.98	1	1	11	18	2	0	A
II	407998	T	K	24	2	7.69%	2	2	52	49	0.98	1	1	9	15	1	1	G
II	450263	A	M	27	5	15.62%	2	1	41	33	0.98	1	1	22	5	0	5	C
II	476974	A	R	32	2	5.88%	2	1	45	55	0.98	1	1	13	19	2	0	G
II	484502	G	K	24	2	7.69%	2	1	48	31	0.98	1	1	15	9	0	2	T
II	503573	T	W	46	4	8%	2	2	52	37	0.98	1	1	19	27	2	2	A
II	520601	G	K	29	2	6.45%	2	2	38	27	0.98	1	1	26	3	1	1	T
II	522138	A	M	29	3	9.38%	2	1	40	37	0.98	1	1	10	19	0	3	C
II	526945	G	K	203	15	6.85%	2	2	51	42	0.98	1	1	103	100	6	9	T
II	526951	C	T	178	827	82.13%	2	2	50	56	0.98	1	1	81	97	347	480	T
II	526998	G	R	107	33	23.57%	2	2	44	44	0.98	1	1	60	47	17	16	A
II	529837	A	W	26	3	10.34%	2	1	42	29	0.98	1	1	18	8	0	3	T
II	529872	C	M	22	2	8.33%	2	1	37	31	0.98	1	1	18	4	0	2	A
II	529881	A	M	26	4	12.9%	2	1	44	31	0.98	1	1	21	5	0	4	C
II	531603	G	K	20	2	9.09%	2	1	44	25	0.98	1	1	19	1	0	2	T
II	540583	G	K	21	2	8.7%	2	2	43	49	0.98	1	1	6	15	1	1	T
II	540601	T	W	19	2	9.52%	2	1	40	31	0.98	1	1	3	16	2	0	A
II	561062	G	K	9	2	18.18%	2	1	39	31	0.98	1	1	8	1	0	2	T
II	575809	A	R	37	2	5.13%	2	1	49	49	0.98	1	1	16	21	2	0	G
II	603280	T	A	0	2	100%	0	1	0	31	0.98	0	1	0	0	0	2	A
II	612132	C	M	21	2	8.7%	2	1	53	28	0.98	1	1	11	10	0	2	A
II	621953	T	Y	10	3	23.08%	2	2	50	37	0.98	1	1	8	2	2	1	C
II	650304	T	Y	38	2	5%	2	2	48	37	0.98	1	1	28	10	1	1	C
II	670673	T	Y	116	9	7.2%	2	2	50	36	0.98	1	1	68	48	2	7	C
II	685728	G	A	0	30	100%	0	2	0	50	0.98	0	1	0	0	20	10	A
II	688988	A	R	111	7	5.93%	2	2	50	31	0.98	1	1	70	41	3	4	G
II	689020	A	W	105	6	5.41%	2	2	50	37	0.98	1	1	56	49	2	4	T
II	689022	C	S	106	7	6.19%	2	2	50	34	0.98	1	1	55	51	3	4	G
II	689330	T	Y	98	20	16.81%	2	2	45	37	0.98	1	1	46	52	11	9	C
II	689356	T	Y	100	7	6.54%	2	2	43	35	0.98	1	1	44	56	5	2	C
II	689485	A	T	0	70	100%	0	2	0	38	0.98	0	1	0	0	37	33	T
II	689487	A	C	0	69	100%	0	2	0	39	0.98	0	1	0	0	37	32	C
II	689500	T	Y	72	4	5.26%	2	2	40	37	0.98	1	1	37	35	1	3	C
II	689601	C	Y	111	6	5.13%	2	2	49	43	0.98	1	1	42	69	1	5	T
II	689752	T	Y	19	16	45.71%	2	2	38	42	0.98	1	1	6	13	5	11	C
II	689781	C	T	2	6	75%	1	1	37	35	0.98	1	1	0	2	0	6	T
II	689783	T	K	3	6	66.67%	2	1	33	37	0.98	1	1	1	2	0	6	G
II	689794	T	Y	2	5	71.43%	2	2	55	44	0.98	1	1	1	1	1	4	C
II	689996	A	R	3	3	50%	2	1	49	31	0.98	1	1	2	1	0	3	G
II	690001	T	K	2	4	66.67%	1	2	37	55	0.98	1	1	2	0	1	3	G
II	690006	G	S	7	3	30%	2	2	52	33	0.98	1	1	3	4	1	2	C
II	690040	T	Y	11	18	62.07%	2	2	44	55	0.98	1	1	4	7	8	10	C
II	690046	C	Y	34	3	8.11%	2	1	55	61	0.98	1	1	14	20	0	3	T
II	690112	T	Y	36	4	10%	2	2	61	35	0.98	1	1	12	24	1	3	C
II	690143	C	S	35	2	5.41%	2	1	58	37	0.98	1	1	11	24	0	2	G
II	690150	G	S	30	2	6.25%	2	2	58	33	0.98	1	1	10	20	1	1	C
II	690213	T	Y	2	5	71.43%	2	2	37	42	0.98	1	1	1	1	1	4	C
II	690215	G	T	2	6	75%	2	2	37	39	0.98	1	1	1	1	2	4	T
II	690283	C	Y	2	4	66.67%	2	2	37	55	0.98	1	1	1	1	2	2	T
II	690910	T	Y	5	2	28.57%	2	2	66	37	0.98	1	1	2	3	1	1	C
II	691634	T	Y	7	4	36.36%	2	2	67	44	0.98	1	1	5	2	2	2	C
II	691799	G	S	3	2	33.33%	2	1	49	37	0.98	1	1	1	2	2	0	C
II	692051	G	K	5	2	28.57%	2	1	46	55	0.98	1	1	2	3	0	2	T
II	693066	C	S	4	2	33.33%	2	1	39	33	0.98	1	1	1	3	0	2	G
II	693088	T	W	8	2	20%	2	1	38	37	0.98	1	1	6	2	0	2	A
II	693095	C	S	9	2	18.18%	2	2	36	37	0.98	1	1	6	3	1	1	G
II	693142	C	Y	10	2	16.67%	2	1	44	49	0.98	1	1	3	7	0	2	T
II	693182	C	S	9	3	25%	2	1	56	46	0.98	1	1	2	7	0	3	G
II	693244	T	Y	7	8	53.33%	2	2	42	35	0.98	1	1	2	5	2	6	C
II	694756	T	Y	5	3	37.5%	2	2	42	45	0.98	1	1	4	1	2	1	C
II	694823	T	K	4	2	33.33%	2	1	55	37	0.98	1	1	2	2	0	2	G
II	694838	T	Y	4	5	55.56%	2	2	49	33	0.98	1	1	1	3	2	3	C
II	694982	T	Y	4	8	66.67%	2	2	43	43	0.98	1	1	2	2	3	5	C
II	695827	C	T	0	8	100%	0	2	0	41	0.98	0	1	0	0	1	7	T
II	695831	G	S	7	2	22.22%	2	1	36	33	0.98	1	1	1	6	2	0	C
II	695842	T	Y	10	2	16.67%	2	1	54	29	0.98	1	1	7	3	2	0	C
II	695865	C	Y	10	2	16.67%	2	2	43	28	0.98	1	1	8	2	1	1	T
II	695980	T	Y	4	5	55.56%	2	1	46	34	0.98	1	1	2	2	5	0	C
II	696184	A	W	6	2	25%	1	1	47	37	0.98	1	1	6	0	2	0	T
II	696186	C	S	6	2	25%	1	1	47	37	0.98	1	1	6	0	2	0	G
II	696238	C	T	2	7	77.78%	1	1	31	35	0.98	1	1	2	0	7	0	T
II	696304	C	Y	13	3	18.75%	2	2	39	37	0.98	1	1	12	1	2	1	T
II	696331	A	W	8	6	42.86%	2	1	40	33	0.98	1	1	4	4	6	0	T
II	696350	T	Y	13	12	48%	2	2	37	35	0.98	1	1	10	3	9	3	C
II	696376	T	Y	34	2	5.56%	2	2	41	37	0.98	1	1	25	9	1	1	C
II	696619	A	W	92	6	6.12%	2	2	49	31	0.98	1	1	48	44	5	1	T
II	696638	T	Y	81	16	16.33%	2	2	49	37	0.98	1	1	36	45	12	4	C
II	696765	T	Y	89	5	5.32%	2	1	45	37	0.98	1	1	48	41	5	0	C
II	696837	C	Y	107	7	6.14%	2	2	48	34	0.98	1	1	61	46	2	5	T
II	696868	A	W	105	9	7.89%	2	2	49	34	0.98	1	1	58	47	8	1	T
II	696870	C	S	103	9	8.04%	2	1	50	36	0.98	1	1	55	48	9	0	G
II	697060	T	Y	115	8	6.5%	2	2	48	35	0.98	1	1	64	51	2	6	C
II	697088	A	R	108	6	5.22%	2	2	50	37	0.98	1	1	54	54	2	4	G
II	697105	C	M	105	7	6.25%	2	2	47	44	0.98	1	1	50	55	5	2	A
II	697124	A	R	114	8	6.5%	2	2	47	50	0.98	1	1	57	57	4	4	G
II	697210	T	Y	144	8	5.26%	2	2	48	41	0.98	1	1	76	68	4	4	C
II	699951	T	G	0	15	100%	0	2	0	57	0.98	0	1	0	0	5	10	G
II	699952	G	T	0	14	100%	0	2	0	59	0.98	0	1	0	0	4	10	T
II	699961	A	T	0	18	100%	0	2	0	56	0.98	0	1	0	0	6	12	T
II	700019	T	A	0	18	100%	0	2	0	51	0.98	0	1	0	0	7	11	A
II	700020	C	T	0	19	100%	0	2	0	50	0.98	0	1	0	0	7	12	T
II	700021	A	C	0	19	100%	0	2	0	50	0.98	0	1	0	0	7	12	C
II	700024	T	A	0	17	100%	0	2	0	50	0.98	0	1	0	0	7	10	A
II	700028	A	T	0	19	100%	0	2	0	50	0.98	0	1	0	0	7	12	T
II	700113	A	T	0	22	100%	0	2	0	49	0.98	0	1	0	0	14	8	T
II	719806	A	M	32	2	5.88%	2	1	52	25	0.98	1	1	23	9	0	2	C
II	778549	T	Y	23	2	8%	2	1	45	36	0.98	1	1	9	14	0	2	C
II	780224	G	K	56	3	5.08%	2	1	43	25	0.98	1	1	18	38	3	0	T
II	789035	T	K	35	2	5.41%	2	1	43	31	0.98	1	1	7	28	2	0	G
II	789052	G	K	40	3	6.98%	2	1	45	26	0.98	1	1	5	35	3	0	T
II	789066	C	M	40	3	6.98%	2	1	42	26	0.98	1	1	6	34	3	0	A
II	824650	T	W	25	2	7.41%	2	1	36	27	0.98	1	1	6	19	2	0	A
II	859574	A	M	19	2	9.52%	2	1	45	27	0.98	1	1	11	8	0	2	C
II	869806	G	C	0	55	100%	0	2	0	47	0.98	0	1	0	0	32	23	C
II	879033	T	A	0	15	100%	0	2	0	46	0.98	0	1	0	0	8	7	A
II	887820	G	K	25	3	10.71%	2	1	41	25	0.98	1	1	8	17	3	0	T
II	887846	C	M	28	2	6.67%	2	1	47	25	0.98	1	1	12	16	2	0	A
II	909626	A	M	19	2	9.52%	2	2	43	37	0.98	1	1	9	10	1	1	C
II	923212	A	W	18	2	10%	2	1	46	37	0.98	1	1	11	7	0	2	T
II	923543	C	A	0	27	100%	0	2	0	54	0.98	0	1	0	0	12	15	A
II	924975	C	Y	28	2	6.67%	2	2	41	37	0.98	1	1	13	15	1	1	T
II	925579	T	W	38	2	5%	2	1	48	25	0.98	1	1	15	23	2	0	A
II	936733	A	R	28	2	6.67%	2	1	51	55	0.98	1	1	14	14	2	0	G
II	943554	C	A	0	34	100%	0	2	0	47	0.98	0	1	0	0	22	12	A
II	953201	A	G	0	19	100%	0	2	0	47	0.98	0	1	0	0	7	12	G
II	960002	T	W	31	7	18.42%	2	2	52	37	0.98	1	1	15	16	3	4	A
II	960358	A	M	18	2	10%	2	2	48	37	0.98	1	1	9	9	1	1	C
II	967094	A	G	0	21	100%	0	2	0	49	0.98	0	1	0	0	10	11	G
II	984834	G	K	33	2	5.71%	2	1	40	31	0.98	1	1	13	20	0	2	T
II	997668	G	R	15	4	21.05%	2	2	40	34	0.98	1	1	5	10	2	2	A
II	997671	G	R	13	4	22.22%	2	2	42	34	0.98	1	1	4	9	2	2	A
II	999075	A	M	38	2	5%	2	2	43	37	0.98	1	1	16	22	1	1	C
II	1011174	A	W	36	2	5.26%	2	1	45	31	0.98	1	1	21	15	2	0	T
II	1011175	A	W	37	2	5.13%	2	1	46	37	0.98	1	1	21	16	2	0	T
II	1044679	A	R	37	3	7.5%	2	2	52	37	0.98	1	1	19	18	1	2	G
II	1057746	C	Y	25	6	19.35%	2	2	42	35	0.98	1	1	10	15	3	3	T
II	1058835	G	R	30	2	6.25%	2	2	52	37	0.98	1	1	12	18	1	1	A
II	1074552	T	K	29	3	9.38%	2	1	42	33	0.98	1	1	6	23	3	0	G
II	1078251	C	M	33	4	10.81%	2	1	40	27	0.98	1	1	26	7	0	4	A
II	1081711	C	M	21	2	8.7%	2	1	43	29	0.98	1	1	8	13	2	0	A
II	1085205	C	M	18	2	10%	2	1	45	27	0.98	1	1	11	7	0	2	A
II	1085210	C	M	19	3	13.64%	2	1	40	25	0.98	1	1	9	10	0	3	A
II	1086101	T	Y	28	2	6.67%	2	2	44	31	0.98	1	1	13	15	1	1	C
II	1086973	G	K	20	2	9.09%	2	1	40	27	0.98	1	1	14	6	2	0	T
II	1095610	G	K	37	2	5.13%	2	2	43	37	0.98	1	1	19	18	1	1	T
II	1095616	T	K	37	2	5.13%	2	2	41	37	0.98	1	1	17	20	1	1	G
II	1097080	A	M	28	2	6.67%	2	1	41	31	0.98	1	1	16	12	0	2	C
II	1102147	C	M	26	2	7.14%	2	1	43	27	0.98	1	1	7	19	2	0	A
II	1143259	C	M	21	2	8.7%	2	1	41	25	0.98	1	1	10	11	0	2	A
II	1146179	G	R	24	2	7.69%	2	1	47	74	0.98	1	1	15	9	0	2	A
II	1149971	G	K	24	4	14.29%	2	1	36	29	0.98	1	1	1	23	4	0	T
II	1149977	G	K	23	5	17.86%	1	1	38	33	0.98	1	1	0	23	5	0	T
II	1154815	T	K	36	2	5.26%	2	1	51	55	0.98	1	1	19	17	2	0	G
II	1155903	T	A	0	40	100%	0	2	0	44	0.98	0	1	0	0	5	35	A
II	1159678	G	C	0	21	100%	0	2	0	47	0.98	0	1	0	0	10	11	C
II	1159694	A	T	0	22	100%	0	2	0	46	0.98	0	1	0	0	11	11	T
II	1160259	C	M	18	2	10%	2	1	47	25	0.98	1	1	11	7	0	2	A
II	1187140	G	K	36	2	5.26%	2	2	52	31	0.98	1	1	15	21	1	1	T
II	1205223	T	K	11	2	15.38%	2	1	45	31	0.98	1	1	4	7	2	0	G
II	1205247	C	M	8	4	33.33%	2	2	39	26	0.98	1	1	2	6	3	1	A
II	1205254	C	M	11	2	15.38%	2	1	43	31	0.98	1	1	2	9	2	0	A
II	1228965	G	R	28	2	6.67%	2	1	45	55	0.98	1	1	15	13	2	0	A
II	1245351	C	M	27	2	6.9%	2	2	44	31	0.98	1	1	5	22	1	1	A
II	1259622	T	Y	22	2	8.33%	2	2	42	74	0.98	1	1	13	9	1	1	C
II	1277481	G	K	6	3	21.43%	2	1	39	37	0.98	1	1	4	2	0	3	T
II	1283299	A	M	31	2	6.06%	2	2	47	55	0.98	1	1	15	16	1	1	C
II	1300034	C	M	28	5	15.15%	2	2	40	42	0.98	1	1	14	14	3	2	A
II	1300043	C	M	31	5	13.51%	2	2	40	40	0.98	1	1	14	17	2	3	A
II	1300049	C	M	28	7	20%	2	2	43	47	0.98	1	1	13	15	4	3	A
II	1300055	G	R	33	6	15.38%	2	2	43	55	0.98	1	1	15	18	4	2	A
II	1300061	G	R	35	8	18.6%	2	2	44	48	0.98	1	1	18	17	2	6	A
II	1300067	G	R	41	9	18%	2	2	43	55	0.98	1	1	20	21	4	5	A
II	1300073	G	R	39	9	18.75%	2	2	43	55	0.98	1	1	22	17	3	6	A
II	1300079	T	W	33	11	25%	2	2	41	62	0.98	1	1	20	13	4	7	A
II	1300082	G	R	35	12	25.53%	2	2	42	56	0.98	1	1	20	15	5	7	A
II	1300103	C	M	33	18	34.62%	2	2	45	56	0.98	1	1	19	14	10	8	A
II	1300115	G	R	31	20	38.46%	2	2	43	62	0.98	1	1	19	12	11	9	A
II	1300121	C	M	35	20	36.36%	2	2	45	56	0.98	1	1	21	14	10	10	A
II	1300124	C	M	35	19	35.19%	2	2	46	57	0.98	1	1	22	13	9	10	A
II	1300130	C	M	40	15	26.79%	2	2	47	58	0.98	1	1	24	16	7	8	A
II	1300153	G	R	37	2	5.13%	2	1	44	31	0.98	1	1	18	19	0	2	A
II	1323811	C	M	19	2	9.52%	2	1	46	25	0.98	1	1	11	8	0	2	A
II	1376445	T	K	32	2	5.88%	2	1	47	25	0.98	1	1	17	15	0	2	G
II	1386129	C	M	36	2	5.26%	2	1	50	24	0.98	1	1	17	19	0	2	A
II	1389221	C	M	25	2	7.41%	2	1	39	25	0.98	1	1	12	13	2	0	A
II	1392527	A	M	35	2	5.41%	2	1	42	31	0.98	1	1	10	25	0	2	C
II	1403439	C	M	25	3	10.71%	2	1	46	30	0.98	1	1	22	3	0	3	A
II	1413588	T	C	0	41	100%	0	2	0	52	0.98	0	1	0	0	20	21	C
II	1418602	A	R	29	2	6.45%	2	2	40	55	0.98	1	1	19	10	1	1	G
II	1453276	G	K	19	4	17.39%	2	2	49	37	0.98	1	1	4	15	2	2	T
II	1457025	T	K	24	2	7.69%	2	1	49	31	0.98	1	1	9	15	2	0	G
II	1458784	G	K	25	2	7.41%	2	1	49	31	0.98	1	1	9	16	2	0	T
II	1474423	T	W	34	2	5.56%	2	1	46	25	0.98	1	1	19	15	2	0	A
II	1474462	T	W	35	2	5.41%	2	2	45	31	0.98	1	1	15	20	1	1	A
II	1521001	C	M	26	2	7.14%	2	1	48	23	0.98	1	1	10	16	0	2	A
II	1525050	G	S	45	3	6.25%	2	1	48	37	0.98	1	1	18	27	0	3	C
II	1525056	A	W	42	4	8.7%	2	1	47	37	0.98	1	1	18	24	0	4	T
II	1545027	C	M	11	2	12.5%	2	1	45	33	0.98	1	1	4	7	0	2	A
II	1549018	A	M	30	2	6.25%	2	1	41	27	0.98	1	1	17	13	0	2	C
II	1555935	C	M	9	4	30.77%	2	2	47	30	0.98	1	1	3	6	3	1	A
II	1568594	A	M	55	4	6.78%	2	2	48	37	0.98	1	1	22	33	2	2	C
II	1569423	G	K	35	2	5.41%	2	1	41	27	0.98	1	1	26	9	0	2	T
II	1569449	C	M	27	2	6.9%	2	1	40	27	0.98	1	1	26	1	0	2	A
II	1600211	C	M	36	34	47.89%	2	2	46	47	0.98	1	1	22	14	16	18	A
II	1606809	G	K	136	10	6.85%	2	2	50	59	0.98	1	1	63	73	7	3	T
II	1611040	T	Y	86	22	20.37%	2	2	49	47	0.98	1	1	47	39	16	6	C
II	1611066	G	R	85	22	20.56%	2	2	46	47	0.98	1	1	46	39	15	7	A
II	1611201	G	K	92	10	9.8%	2	1	48	35	0.98	1	1	36	56	0	10	T
II	1611228	C	Y	95	9	8.65%	2	1	46	35	0.98	1	1	32	63	0	9	T
II	1611261	T	Y	87	5	5.43%	2	1	46	34	0.98	1	1	36	51	0	5	C
II	1618418	C	M	59	16	20.51%	2	2	45	52	0.98	1	1	39	20	13	3	A
II	1627944	G	K	25	2	7.41%	2	1	47	25	0.98	1	1	17	8	0	2	T
II	1629997	G	K	47	13	21.67%	2	2	46	56	0.98	1	1	13	34	5	8	T
II	1636681	C	M	83	5	5.68%	2	1	49	37	0.98	1	1	51	32	5	0	A
II	1636816	C	Y	73	26	26.26%	2	2	45	47	0.98	1	1	36	37	17	9	T
II	1636842	A	R	74	27	26.73%	2	2	49	47	0.98	1	1	33	41	16	11	G
II	1645549	C	M	45	28	37.84%	2	2	48	50	0.98	1	1	33	12	18	10	A
II	1649164	T	K	34	2	5.56%	2	2	50	68	0.98	1	1	20	14	1	1	G
II	1658147	C	M	32	2	5.88%	2	1	44	31	0.98	1	1	20	12	0	2	A
II	1672859	C	T	0	42	100%	0	2	0	47	0.98	0	1	0	0	25	17	T
II	1673002	G	C	0	41	100%	0	2	0	46	0.98	0	1	0	0	19	22	C
II	1677420	T	W	35	2	5.41%	2	1	51	25	0.98	1	1	11	24	0	2	A
II	1678693	T	A	0	32	100%	0	2	0	45	0.98	0	1	0	0	20	12	A
II	1683324	T	G	0	50	100%	0	2	0	45	0.98	0	1	0	0	19	31	G
II	1684533	C	M	23	2	8%	2	1	44	29	0.98	1	1	12	11	0	2	A
II	1697124	C	T	0	45	100%	0	2	0	48	0.98	0	1	0	0	25	20	T
II	1714614	G	K	34	3	8.11%	2	1	43	27	0.98	1	1	19	15	0	3	T
II	1714689	A	M	40	4	9.09%	2	1	40	27	0.98	1	1	30	10	0	4	C
II	1716272	C	T	6	23	79.31%	1	2	34	41	0.98	1	1	0	6	16	7	T
II	1716273	T	Y	12	9	42.86%	2	2	40	37	0.98	1	1	2	10	3	6	C
II	1716288	G	T	1	20	95.24%	1	2	25	43	0.98	1	1	1	0	11	9	T
II	1716318	A	G	0	30	100%	0	2	0	42	0.98	0	1	0	0	11	19	G
II	1716320	T	G	0	29	100%	0	2	0	43	0.98	0	1	0	0	9	20	G
II	1716326	G	T	0	32	100%	0	2	0	46	0.98	0	1	0	0	13	19	T
II	1716346	G	K	30	4	11.76%	2	1	48	25	0.98	1	1	10	20	4	0	T
II	1731339	C	Y	51	5	8.77%	2	2	49	42	0.98	1	1	20	31	3	2	T
II	1731371	A	R	44	3	6.38%	2	2	48	46	0.98	1	1	23	21	1	2	G
II	1731436	T	Y	47	3	6%	2	1	53	34	0.98	1	1	27	20	3	0	C
II	1744287	C	M	38	2	5%	2	1	49	24	0.98	1	1	17	21	0	2	A
II	1746414	G	K	33	2	5.71%	2	1	40	22	0.98	1	1	21	12	0	2	T
II	1761475	A	M	49	4	7.55%	2	2	46	37	0.98	1	1	25	24	2	2	C
II	1762151	C	Y	14	4	22.22%	2	2	47	34	0.98	1	1	4	10	2	2	T
II	1776724	C	M	11	2	15.38%	2	1	43	25	0.98	1	1	6	5	0	2	A
II	1776748	G	K	13	2	13.33%	2	1	45	31	0.98	1	1	8	5	0	2	T
II	1784826	G	A	0	51	100%	0	2	0	47	0.98	0	1	0	0	24	27	A
II	1785853	A	R	35	2	5.41%	2	2	46	37	0.98	1	1	19	16	1	1	G
II	1785879	G	K	36	2	5.26%	2	2	43	31	0.98	1	1	19	17	1	1	T
II	1805261	G	K	19	2	9.52%	2	1	38	37	0.98	1	1	13	6	0	2	T
II	1805303	G	K	17	2	10.53%	2	1	36	31	0.98	1	1	13	4	0	2	T
II	1825376	C	Y	31	2	6.06%	2	2	50	37	0.98	1	1	16	15	1	1	T
II	1849777	G	A	0	18	100%	0	2	0	45	0.98	0	1	0	0	10	8	A
II	1881311	G	K	24	2	7.69%	2	2	48	37	0.98	1	1	13	11	1	1	T
II	1897509	A	W	37	2	5.13%	2	1	49	31	0.98	1	1	17	20	0	2	T
II	1902512	T	Y	31	2	6.06%	2	1	49	37	0.98	1	1	9	22	0	2	C
II	1939661	G	K	34	2	5.56%	2	1	46	31	0.98	1	1	22	12	2	0	T
II	1939692	C	M	31	4	11.43%	2	2	45	32	0.98	1	1	19	12	1	3	A
II	1939741	C	M	25	3	10.71%	2	2	44	32	0.98	1	1	14	11	1	2	A
II	1951073	T	K	45	3	6.25%	2	1	42	27	0.98	1	1	12	33	3	0	G
II	1951109	T	W	49	3	5.77%	2	1	42	30	0.98	1	1	13	36	3	0	A
II	1953322	T	Y	36	2	5.26%	2	1	44	49	0.98	1	1	18	18	2	0	C
II	1955495	T	W	1	2	6.67%	1	1	74	33	0.98	1	1	1	0	0	2	A
II	1962419	T	A	0	57	100%	0	2	0	49	0.98	0	1	0	0	26	31	A
II	1962439	A	G	0	61	100%	0	2	0	50	0.98	0	1	0	0	29	32	G
II	1962458	T	A	0	64	100%	0	2	0	50	0.98	0	1	0	0	31	33	A
II	1971456	C	Y	47	3	6%	2	1	43	34	0.98	1	1	24	23	3	0	T
II	1987098	C	A	0	45	100%	0	2	0	49	0.98	0	1	0	0	23	22	A
II	2022952	G	K	4	2	33.33%	2	1	49	31	0.98	1	1	2	2	0	2	T
II	2044929	A	T	0	34	100%	0	2	0	48	0.98	0	1	0	0	15	19	T
II	2052831	T	K	18	2	10%	2	1	36	31	0.98	1	1	10	8	2	0	G
II	2065315	G	K	22	2	8.33%	2	1	40	25	0.98	1	1	11	11	2	0	T
II	2090581	G	K	31	4	11.43%	2	1	39	27	0.98	1	1	25	6	0	4	T
II	2090588	C	M	29	3	9.38%	2	2	39	34	0.98	1	1	26	3	1	2	A
II	2096157	A	W	38	2	5%	2	2	49	37	0.98	1	1	20	18	1	1	T
II	2108181	C	M	32	2	5.88%	2	1	47	37	0.98	1	1	16	16	0	2	A
II	2133988	T	W	8	2	20%	2	2	35	37	0.98	1	1	6	2	1	1	A
II	2141644	A	R	27	2	6.9%	2	2	50	37	0.98	1	1	11	16	1	1	G
II	2141939	A	M	31	2	6.06%	2	1	50	37	0.98	1	1	17	14	0	2	C
II	2147728	C	Y	31	2	6.06%	2	1	41	37	0.98	1	1	10	21	0	2	T
II	2158056	T	K	20	2	9.09%	2	1	43	25	0.98	1	1	4	16	2	0	G
II	2195722	T	Y	49	3	5.77%	2	2	46	49	0.98	1	1	22	27	1	2	C
II	2218030	G	R	48	3	5.88%	2	1	48	37	0.98	1	1	17	31	0	3	A
II	2218101	T	Y	28	3	9.68%	2	2	48	37	0.98	1	1	15	13	2	1	C
II	2228775	T	G	2	29	93.55%	1	2	55	48	0.98	1	1	2	0	11	18	G
II	2228777	G	T	0	28	100%	0	2	0	50	0.98	0	1	0	0	11	17	T
II	2233914	G	K	23	2	8%	2	1	41	20	0.98	1	1	16	7	0	2	T
II	2257874	G	R	30	2	6.25%	2	2	48	37	0.98	1	1	16	14	1	1	A
II	2276564	C	M	35	2	5.41%	2	1	50	31	0.98	1	1	12	23	2	0	A
II	2310073	G	K	17	2	10.53%	2	1	47	25	0.98	1	1	8	9	2	0	T
II	2313408	G	K	33	2	5.71%	2	2	45	37	0.98	1	1	23	10	1	1	T
II	2317172	T	K	22	3	12%	2	1	44	33	0.98	1	1	6	16	3	0	G
II	2317198	T	W	26	2	7.14%	2	1	42	27	0.98	1	1	6	20	2	0	A
II	2319101	C	S	17	2	10.53%	2	2	43	37	0.98	1	1	9	8	1	1	G
II	2321846	G	K	30	2	6.25%	2	1	48	25	0.98	1	1	6	24	2	0	T
II	2338550	G	K	23	2	8%	2	1	40	25	0.98	1	1	13	10	2	0	T
II	2356236	T	Y	26	2	7.14%	2	1	38	31	0.98	1	1	16	10	0	2	C
II	2360227	T	W	52	4	7.14%	2	1	41	28	0.98	1	1	13	39	4	0	A
II	2382014	T	K	33	2	5.71%	2	1	52	37	0.98	1	1	15	18	2	0	G
II	2403176	T	Y	46	3	6.12%	2	2	48	61	0.98	1	1	22	24	2	1	C
II	2421411	T	K	12	4	25%	2	1	33	31	0.98	1	1	1	11	4	0	G
II	2424713	A	R	24	2	7.69%	2	2	44	37	0.98	1	1	15	9	1	1	G
II	2424717	C	Y	25	2	7.41%	2	2	44	37	0.98	1	1	16	9	1	1	T
II	2436580	C	G	0	61	100%	0	2	0	49	0.98	0	1	0	0	22	39	G
II	2437564	A	W	111	6	5.13%	2	2	47	49	0.98	1	1	62	49	4	2	T
II	2437567	T	Y	109	8	6.84%	2	2	47	43	0.98	1	1	60	49	5	3	C
II	2437570	T	W	109	7	6.03%	2	2	48	45	0.98	1	1	59	50	5	2	A
II	2437571	G	S	112	6	5.08%	2	2	47	49	0.98	1	1	61	51	4	2	C
II	2437612	A	W	150	48	24.24%	2	2	45	44	0.98	1	1	76	74	26	22	T
II	2437627	C	Y	111	97	46.63%	2	2	45	48	0.98	1	1	55	56	57	40	T
II	2437629	G	R	171	44	20.47%	2	2	47	41	0.98	1	1	87	84	29	15	A
II	2437646	G	R	175	64	26.78%	2	2	46	49	0.98	1	1	98	77	39	25	A
II	2437651	T	W	233	14	5.67%	2	2	50	36	0.98	1	1	129	104	10	4	A
II	2437666	T	Y	238	14	5.56%	2	2	52	31	0.98	1	1	116	122	10	4	C
II	2437684	T	W	171	83	32.68%	2	2	55	46	0.98	1	1	91	80	36	47	A
II	2437688	A	R	171	83	32.68%	2	2	54	46	0.98	1	1	90	81	35	48	G
II	2437720	A	W	241	22	8.37%	2	2	52	34	0.98	1	1	129	112	12	10	T
II	2437737	A	R	229	24	9.49%	2	2	50	40	0.98	1	1	112	117	12	12	G
II	2437754	G	R	236	14	5.6%	2	2	50	41	0.98	1	1	116	120	4	10	A
II	2437769	A	W	191	29	13.18%	2	2	48	42	0.98	1	1	97	94	13	16	T
II	2437771	A	M	190	29	13.24%	2	2	49	42	0.98	1	1	93	97	12	17	C
II	2437780	A	W	197	17	7.94%	2	2	48	37	0.98	1	1	88	109	7	10	T
II	2437783	T	Y	196	13	6.22%	2	2	48	37	0.98	1	1	90	106	7	6	C
II	2437786	T	W	193	11	5.39%	2	2	48	38	0.98	1	1	89	104	5	6	A
II	2437855	A	M	103	91	46.91%	2	2	47	50	0.98	1	1	51	52	29	62	C
II	2437871	A	R	178	12	6.32%	2	1	52	37	0.98	1	1	89	89	0	12	G
II	2437918	T	Y	118	47	28.48%	2	2	47	57	0.98	1	1	56	62	17	30	C
II	2437936	A	W	125	35	21.88%	2	2	49	52	0.98	1	1	65	60	10	25	T
II	2437942	G	K	120	34	22.08%	2	2	49	51	0.98	1	1	64	56	11	23	T
II	2437951	C	Y	124	28	18.42%	2	2	48	51	0.98	1	1	58	66	6	22	T
II	2437970	G	R	128	20	13.51%	2	2	48	43	0.98	1	1	56	72	5	15	A
II	2437978	T	Y	125	11	8.09%	2	2	49	47	0.98	1	1	57	68	3	8	C
II	2437985	A	W	128	8	5.88%	2	2	48	41	0.98	1	1	57	71	1	7	T
II	2437987	A	M	128	7	5.19%	2	2	48	42	0.98	1	1	58	70	1	6	C
II	2444543	T	C	0	55	100%	0	2	0	45	0.98	0	1	0	0	32	23	C
II	2450593	A	W	33	2	5.71%	2	2	49	37	0.98	1	1	15	18	1	1	T
II	2451420	A	M	26	2	7.14%	2	1	51	55	0.98	1	1	15	11	2	0	C
II	2457283	G	K	27	2	6.9%	2	2	56	29	0.98	1	1	14	13	1	1	T
II	2467585	C	M	30	4	11.76%	2	2	45	37	0.98	1	1	22	8	2	2	A
II	2467589	T	Y	28	2	6.67%	2	2	47	31	0.98	1	1	19	9	1	1	C
II	2473262	T	Y	23	2	8%	2	1	46	37	0.98	1	1	10	13	0	2	C
II	2488048	T	K	14	7	33.33%	2	1	39	30	0.98	1	1	7	7	7	0	G
II	2488053	G	K	16	4	20%	2	1	43	25	0.98	1	1	7	9	4	0	T
II	2488065	G	K	15	3	16.67%	2	1	37	34	0.98	1	1	5	10	3	0	T
II	2489129	C	S	21	2	8.7%	2	1	45	37	0.98	1	1	16	5	2	0	G
II	2508177	G	R	33	2	5.71%	2	2	43	37	0.98	1	1	10	23	1	1	A
II	2508943	T	K	11	3	21.43%	2	1	38	37	0.98	1	1	2	9	3	0	G
II	2523606	T	W	20	2	9.09%	2	1	40	31	0.98	1	1	16	4	0	2	A
II	2528028	C	M	14	2	12.5%	2	1	51	31	0.98	1	1	9	5	2	0	A
II	2536702	A	M	49	5	9.26%	2	1	43	27	0.98	1	1	33	16	0	5	C
II	2570540	G	K	34	2	5.56%	2	1	44	25	0.98	1	1	21	13	0	2	T
II	2592308	A	M	30	2	6.25%	2	1	46	37	0.98	1	1	16	14	2	0	C
II	2593081	G	K	31	2	6.06%	2	1	46	29	0.98	1	1	18	13	0	2	T
II	2630607	C	M	1	2	9.52%	1	1	48	49	0.98	1	1	0	1	0	2	A
II	2638951	G	K	20	2	9.09%	2	1	46	25	0.98	1	1	15	5	0	2	T
II	2647449	G	K	19	2	9.52%	2	1	47	25	0.98	1	1	9	10	0	2	T
II	2655500	G	K	25	4	13.79%	2	2	52	37	0.98	1	1	18	7	2	2	T
II	2655655	A	R	29	4	12.12%	2	2	48	37	0.98	1	1	18	11	2	2	G
II	2676336	C	T	0	19	100%	0	2	0	50	0.98	0	1	0	0	13	6	T
II	2709229	C	M	32	2	5.88%	2	1	39	25	0.98	1	1	26	6	0	2	A
II	2709233	A	M	32	2	5.88%	2	1	42	27	0.98	1	1	22	10	0	2	C
II	2711207	G	K	22	2	8.33%	2	1	36	25	0.98	1	1	6	16	2	0	T
II	2711219	G	K	19	2	9.52%	2	1	39	27	0.98	1	1	2	17	2	0	T
II	2711242	G	K	16	2	11.11%	2	1	38	24	0.98	1	1	2	14	2	0	T
II	2713164	T	K	22	2	8.33%	2	1	49	31	0.98	1	1	10	12	2	0	G
II	2715957	A	M	34	2	5.56%	2	1	41	37	0.98	1	1	15	19	0	2	C
II	2729080	G	K	19	2	9.52%	2	1	40	31	0.98	1	1	12	7	0	2	T
II	2729095	C	M	15	2	11.76%	2	1	48	28	0.98	1	1	11	4	0	2	A
II	2729142	A	M	16	2	11.11%	2	1	40	31	0.98	1	1	10	6	0	2	C
II	2739943	G	K	10	3	23.08%	2	1	41	33	0.98	1	1	5	5	3	0	T
II	2739966	C	M	13	2	13.33%	2	1	37	31	0.98	1	1	5	8	2	0	A
II	2739978	G	K	14	3	17.65%	2	1	40	29	0.98	1	1	7	7	3	0	T
II	2739986	G	K	16	2	11.11%	2	1	39	25	0.98	1	1	10	6	2	0	T
II	2765770	C	M	21	3	12.5%	2	1	45	27	0.98	1	1	13	8	0	3	A
II	2770784	A	M	9	2	18.18%	2	1	49	27	0.98	1	1	7	2	0	2	C
II	2798042	T	K	36	2	5.26%	2	1	48	31	0.98	1	1	16	20	2	0	G
II	2798515	G	A	0	2	100%	0	1	0	37	0.98	0	1	0	0	2	0	A
II	2798704	C	M	12	2	14.29%	2	1	33	24	0.98	1	1	9	3	0	2	A
II	2805922	A	W	51	3	5.56%	2	1	45	26	0.98	1	1	32	19	0	3	T
II	2805964	A	M	38	2	5%	2	2	47	37	0.98	1	1	20	18	1	1	C
II	2805965	G	K	32	2	5.88%	2	1	47	25	0.98	1	1	20	12	0	2	T
II	2806053	G	A	0	35	100%	0	2	0	45	0.98	0	1	0	0	10	25	A
II	2811175	A	M	32	3	8.57%	2	1	49	33	0.98	1	1	13	19	0	3	C
II	2880128	G	S	26	2	7.14%	2	2	50	37	0.98	1	1	16	10	1	1	C
II	2901509	G	T	0	75	100%	0	2	0	47	0.98	0	1	0	0	34	41	T
II	2919873	C	M	37	2	5.13%	2	2	47	25	0.98	1	1	24	13	1	1	A
II	2929710	T	Y	42	3	6.67%	2	1	45	37	0.98	1	1	24	18	0	3	C
II	2942985	A	M	17	3	15%	2	1	37	29	0.98	1	1	12	5	0	3	C
II	2955111	C	M	21	2	8.7%	2	1	41	37	0.98	1	1	13	8	0	2	A
II	2955120	G	K	17	2	10.53%	2	1	42	31	0.98	1	1	14	3	0	2	T
II	2955127	A	M	17	3	15%	2	1	45	26	0.98	1	1	12	5	0	3	C
II	2961592	G	K	22	2	8.33%	2	1	42	31	0.98	1	1	14	8	0	2	T
II	2995803	C	M	29	2	6.45%	2	2	45	37	0.98	1	1	10	19	1	1	A
II	3006137	A	T	0	17	100%	0	2	0	47	0.98	0	1	0	0	11	6	T
II	3017563	C	M	24	4	14.29%	2	1	46	26	0.98	1	1	7	17	4	0	A
II	3024930	G	R	48	3	5.88%	2	1	50	37	0.98	1	1	16	32	0	3	A
II	3029991	T	K	23	2	8%	2	1	39	31	0.98	1	1	12	11	2	0	G
II	3040704	T	Y	28	2	6.67%	2	2	51	31	0.98	1	1	18	10	1	1	C
II	3067827	T	Y	29	2	6.45%	2	1	51	55	0.98	1	1	18	11	0	2	C
II	3107968	A	R	23	2	8%	2	1	45	31	0.98	1	1	12	11	2	0	G
II	3112414	C	M	20	2	9.09%	2	1	45	25	0.98	1	1	6	14	2	0	A
II	3164471	T	K	26	4	13.33%	2	1	47	29	0.98	1	1	7	19	4	0	G
II	3170831	T	Y	30	2	6.25%	2	2	52	74	0.98	1	1	15	15	1	1	C
II	3174932	T	K	10	2	16.67%	2	1	39	33	0.98	1	1	1	9	2	0	G
II	3201216	G	K	31	2	6.06%	2	1	44	22	0.98	1	1	11	20	2	0	T
II	3201220	C	M	34	2	5.56%	2	1	46	29	0.98	1	1	12	22	2	0	A
II	3214235	T	W	28	2	6.67%	2	1	51	49	0.98	1	1	14	14	2	0	A
II	3220107	A	M	37	2	5.13%	2	1	49	25	0.98	1	1	23	14	2	0	C
II	3229800	C	M	32	2	5.88%	2	2	43	25	0.98	1	1	9	23	1	1	A
II	3323853	T	K	12	3	20%	2	1	41	33	0.98	1	1	3	9	3	0	G
II	3326207	A	W	31	2	6.06%	2	2	47	47	0.98	1	1	15	16	1	1	T
II	3339506	C	M	35	2	5.41%	2	1	40	31	0.98	1	1	8	27	2	0	A
II	3345972	G	K	31	2	6.06%	2	1	44	37	0.98	1	1	15	16	2	0	T
II	3376637	A	R	34	2	5.56%	2	1	49	37	0.98	1	1	22	12	2	0	G
II	3380532	T	K	38	2	5%	2	1	41	24	0.98	1	1	15	23	2	0	G
II	3407657	G	S	23	2	8%	2	1	48	37	0.98	1	1	11	12	2	0	C
II	3411037	C	M	33	2	5.71%	2	1	47	25	0.98	1	1	19	14	0	2	A
II	3512954	A	W	13	2	13.33%	2	1	46	25	0.98	1	1	4	9	2	0	T
II	3518250	C	S	18	4	18.18%	2	2	59	37	0.98	1	1	7	11	2	2	G
II	3532163	A	M	18	2	9.52%	2	1	38	33	0.98	1	1	17	1	0	2	C
II	3546721	T	W	24	2	7.69%	2	2	47	37	0.98	1	1	15	9	1	1	A
II	3552748	A	R	36	2	5.26%	2	1	50	55	0.98	1	1	16	20	2	0	G
II	3600383	T	W	25	2	7.41%	2	1	42	25	0.98	1	1	7	18	2	0	A
II	3606915	T	K	22	2	8.33%	2	1	44	31	0.98	1	1	5	17	2	0	G
II	3619005	T	K	35	2	5.41%	2	1	49	74	0.98	1	1	19	16	0	2	G
II	3625907	C	Y	40	8	16.67%	2	2	48	51	0.98	1	1	19	21	2	6	T
II	3639381	A	W	18	2	10%	2	1	43	31	0.98	1	1	10	8	0	2	T
II	3661810	C	M	19	2	9.52%	2	1	40	25	0.98	1	1	8	11	2	0	A
II	3661837	T	W	19	2	9.52%	2	1	45	25	0.98	1	1	8	11	2	0	A
II	3664435	C	M	32	2	5.88%	2	1	41	27	0.98	1	1	22	10	0	2	A
II	3672128	A	R	30	2	6.25%	2	1	47	74	0.98	1	1	13	17	2	0	G
II	3693524	C	Y	27	2	6.9%	2	2	45	37	0.98	1	1	15	12	1	1	T
II	3701239	G	R	15	2	11.11%	2	1	43	37	0.98	1	1	12	3	0	2	A
II	3715150	A	W	19	2	9.52%	2	1	43	25	0.98	1	1	11	8	0	2	T
II	3761795	G	S	38	2	5%	2	1	54	37	0.98	1	1	20	18	0	2	C
II	3769193	A	M	11	5	31.25%	2	1	39	29	0.98	1	1	7	4	0	5	C
II	3786559	T	W	13	2	13.33%	2	1	47	31	0.98	1	1	5	8	2	0	A
II	3796053	T	Y	38	2	5%	2	2	52	37	0.98	1	1	23	15	1	1	C
II	3808058	A	R	23	2	8%	2	2	45	37	0.98	1	1	19	4	1	1	G
II	3845187	C	M	12	5	29.41%	1	1	34	29	0.98	1	1	12	0	0	5	A
II	3856897	T	W	26	2	7.14%	2	1	45	37	0.98	1	1	13	13	0	2	A
II	3860190	A	M	23	12	33.33%	2	2	52	41	0.98	1	1	6	17	10	2	C
II	3861465	T	K	12	4	25%	1	1	38	29	0.98	1	1	0	12	4	0	G
II	3861471	C	S	10	2	16.67%	1	1	35	22	0.98	1	1	0	10	2	0	G
II	3864302	C	S	37	2	5.13%	2	2	53	49	0.98	1	1	22	15	1	1	G
II	3866267	A	R	27	2	6.9%	2	1	50	37	0.98	1	1	14	13	2	0	G
II	3868522	T	K	30	2	6.25%	2	1	42	37	0.98	1	1	21	9	2	0	G
II	3902706	T	K	29	2	6.45%	2	1	47	31	0.98	1	1	17	12	2	0	G
II	3904936	G	K	24	2	7.69%	2	1	43	25	0.98	1	1	17	7	0	2	T
II	3954517	C	A	0	20	100%	0	2	0	46	0.98	0	1	0	0	10	10	A
II	3968068	A	M	22	2	8.33%	2	2	49	37	0.98	1	1	10	12	1	1	C
II	3969821	C	M	23	2	8%	2	1	44	37	0.98	1	1	12	11	0	2	A
II	3990559	T	W	22	2	8.33%	2	1	46	74	0.98	1	1	13	9	0	2	A
II	4003346	T	Y	36	2	5.26%	2	1	44	55	0.98	1	1	27	9	0	2	C
II	4031460	A	W	10	3	13.64%	2	1	39	34	0.98	1	1	8	2	0	3	T
II	4033342	G	K	15	3	16.67%	2	1	47	29	0.98	1	1	8	7	0	3	T
II	4037197	A	R	68	4	5.41%	2	2	46	46	0.98	1	1	26	42	3	1	G
II	4048304	C	Y	18	2	10%	2	2	47	37	0.98	1	1	9	9	1	1	T
II	4048807	T	W	29	2	6.45%	2	2	48	74	0.98	1	1	20	9	1	1	A
II	4059194	G	K	16	2	11.11%	2	1	42	31	0.98	1	1	12	4	0	2	T
II	4068772	G	K	29	2	6.45%	2	1	51	37	0.98	1	1	16	13	0	2	T
II	4102565	G	K	27	2	6.9%	2	1	39	22	0.98	1	1	14	13	0	2	T
II	4107253	G	K	2	5	45.45%	1	1	37	37	0.98	1	1	2	0	0	5	T
II	4122326	T	C	0	53	100%	0	2	0	49	0.98	0	1	0	0	23	30	C
II	4144638	A	W	27	2	6.9%	2	1	46	31	0.98	1	1	16	11	0	2	T
II	4145137	G	K	27	2	6.9%	2	2	46	25	0.98	1	1	9	18	1	1	T
II	4146890	G	K	20	2	9.09%	2	1	43	29	0.98	1	1	3	17	2	0	T
II	4187259	C	S	27	2	6.9%	2	1	46	74	0.98	1	1	14	13	2	0	G
II	4197541	T	K	37	2	5.13%	2	1	50	55	0.98	1	1	17	20	0	2	G
II	4202422	T	W	9	2	18.18%	2	1	40	27	0.98	1	1	6	3	0	2	A
II	4273713	C	Y	75	4	5%	2	2	51	46	0.98	1	1	34	41	2	2	T
II	4288505	A	W	38	2	5%	2	1	41	29	0.98	1	1	13	25	0	2	T
II	4293614	T	K	23	2	8%	2	2	50	74	0.98	1	1	6	17	1	1	G
II	4308430	T	W	21	2	8.7%	2	1	41	33	0.98	1	1	8	13	2	0	A
II	4320968	A	R	34	2	5.56%	2	2	46	31	0.98	1	1	16	18	1	1	G
II	4324889	C	M	29	2	6.45%	2	1	38	27	0.98	1	1	2	27	2	0	A
II	4327728	C	M	29	2	6.45%	2	2	49	28	0.98	1	1	15	14	1	1	A
II	4331453	G	R	38	4	9.52%	2	2	48	46	0.98	1	1	18	20	1	3	A
II	4335440	A	W	31	2	6.06%	2	1	41	25	0.98	1	1	23	8	0	2	T
II	4336628	A	M	29	6	17.14%	2	2	48	37	0.98	1	1	17	12	3	3	C
II	4338754	C	M	18	2	10%	2	1	40	25	0.98	1	1	14	4	0	2	A
II	4353243	A	W	32	2	5.88%	2	2	44	31	0.98	1	1	22	10	1	1	T
II	4398625	G	K	35	2	5.41%	2	1	45	31	0.98	1	1	14	21	0	2	T
II	4400666	A	C	0	27	100%	0	2	0	40	0.98	0	1	0	0	9	18	C
II	4401640	T	Y	36	2	5.26%	2	1	46	37	0.98	1	1	14	22	0	2	C
II	4422366	C	Y	94	5	5%	2	2	46	44	0.98	1	1	51	43	4	1	T
II	4422375	T	Y	86	7	7.45%	2	2	45	38	0.98	1	1	43	43	5	2	C
II	4437789	G	R	156	10	6.02%	2	2	49	44	0.98	1	1	82	74	8	2	A
II	4437796	C	Y	160	9	5.33%	2	2	49	45	0.98	1	1	87	73	7	2	T
II	4437800	A	R	157	13	7.6%	2	2	49	51	0.98	1	1	83	74	9	4	G
II	4442908	C	M	36	2	5.26%	2	1	44	37	0.98	1	1	23	13	0	2	A
II	4452498	G	R	37	3	7.5%	2	2	46	61	0.98	1	1	18	19	1	2	A
II	4452500	C	Y	36	3	7.69%	2	2	45	61	0.98	1	1	19	17	1	2	T
II	4452629	T	Y	49	3	5.77%	2	2	51	74	0.98	1	1	23	26	2	1	C
II	4454112	T	W	15	2	11.76%	2	1	50	37	0.98	1	1	6	9	0	2	A
II	4458984	T	Y	57	3	5%	2	2	46	61	0.98	1	1	27	30	1	2	C
II	4459813	T	Y	41	6	12.77%	2	2	49	33	0.98	1	1	15	26	3	3	C
II	4497010	A	R	30	3	9.09%	2	1	45	37	0.98	1	1	16	14	3	0	G
II	4497028	G	R	29	4	12.12%	2	1	45	37	0.98	1	1	15	14	4	0	A
II	4497158	C	M	21	2	8.7%	2	1	37	25	0.98	1	1	4	17	2	0	A
II	4497162	C	M	23	2	8%	2	1	38	28	0.98	1	1	4	19	2	0	A
II	4497200	G	K	23	2	8%	2	1	37	27	0.98	1	1	6	17	2	0	T
II	4502746	C	S	11	3	21.43%	2	2	43	37	0.98	1	1	4	7	1	2	G
II	4505717	A	R	30	9	23.08%	2	2	39	41	0.98	1	1	16	14	2	7	G
II	4507572	G	K	29	2	6.45%	2	1	41	29	0.98	1	1	14	15	0	2	T
II	4513966	A	R	48	13	21.31%	2	2	46	36	0.98	1	1	21	27	1	12	G
II	4513980	A	W	50	12	19.35%	2	2	45	37	0.98	1	1	24	26	1	11	T
II	4517047	T	Y	87	6	5%	2	2	46	39	0.98	1	1	47	40	4	2	C
II	4518515	T	Y	77	5	6.1%	2	2	45	51	0.98	1	1	38	39	4	1	C
II	4518532	C	Y	81	7	7.95%	2	1	45	42	0.98	1	1	42	39	0	7	T
II	4518548	A	R	79	5	5.95%	2	2	44	42	0.98	1	1	40	39	1	4	G
II	4520494	T	Y	33	2	5.71%	2	2	39	55	0.98	1	1	25	8	1	1	C
II	4521636	C	Y	11	11	50%	2	2	35	42	0.98	1	1	7	4	4	7	T
II	4523882	C	Y	41	47	53.41%	2	2	46	44	0.98	1	1	25	16	26	21	T
II	4525822	C	Y	20	3	13.04%	2	2	48	37	0.98	1	1	9	11	1	2	T
II	4525894	C	Y	24	2	7.69%	2	1	45	37	0.98	1	1	8	16	0	2	T
II	4525966	C	Y	25	7	21.88%	2	2	45	51	0.98	1	1	12	13	3	4	T
II	4527879	G	S	46	14	23.33%	2	2	45	36	0.98	1	1	27	19	11	3	C
II	4527881	C	Y	37	13	25.49%	2	2	40	38	0.98	1	1	27	10	9	4	T
II	4529116	T	Y	73	80	52.29%	2	2	49	47	0.98	1	1	40	33	46	34	C
II	4529965	A	R	59	62	51.24%	2	2	47	49	0.98	1	1	20	39	21	41	G
II	4530797	C	Y	78	40	33.9%	2	2	50	52	0.98	1	1	42	36	18	22	T
II	4531033	G	S	54	56	50.91%	2	2	46	44	0.98	1	1	25	29	35	21	C
II	4531092	G	R	47	55	53.92%	2	2	49	45	0.98	1	1	25	22	26	29	A
II	4531414	T	Y	75	123	62.12%	2	2	48	47	0.98	1	1	45	30	96	27	C
II	4531492	A	R	166	21	11.23%	2	2	50	35	0.98	1	1	111	55	13	8	G
II	4531592	G	R	80	102	56.04%	2	2	46	45	0.98	1	1	42	38	44	58	A
II	4531749	C	Y	99	67	40.36%	2	2	46	41	0.98	1	1	43	56	39	28	T
II	4531764	A	R	98	64	39.51%	2	2	44	40	0.98	1	1	41	57	38	26	G
II	4532088	G	K	72	81	52.94%	2	2	49	47	0.98	1	1	43	29	53	28	T
II	4533394	T	Y	66	55	45.45%	2	2	47	45	0.98	1	1	32	34	28	27	C
II	4533451	T	Y	50	48	48.98%	2	2	43	47	0.98	1	1	23	27	25	23	C
II	4533598	G	R	63	33	34.38%	2	2	45	42	0.98	1	1	33	30	17	16	A
II	4533617	A	R	68	38	35.51%	2	2	47	44	0.98	1	1	31	37	18	20	G
II	4533636	C	Y	76	47	38.21%	2	2	47	47	0.98	1	1	38	38	16	31	T
II	4533744	T	Y	143	48	25.13%	2	2	47	46	0.98	1	1	77	66	26	22	C
II	4533922	G	R	177	69	28.05%	2	2	48	49	0.98	1	1	74	103	29	40	A
II	4533994	T	Y	153	148	49.01%	2	2	46	47	0.98	1	1	101	52	91	57	C
II	4534246	C	M	213	57	21.11%	2	2	45	45	0.98	1	1	103	110	20	37	A
II	4534498	A	M	136	39	22.29%	2	2	45	46	0.98	1	1	86	50	21	18	C
II	4536550	C	M	184	64	25.81%	2	2	48	48	0.98	1	1	96	88	36	28	A
II	4536728	A	R	256	17	5.35%	2	2	52	49	0.98	1	1	121	135	14	3	G
II	4537214	T	Y	281	83	22.8%	2	2	51	52	0.98	1	1	145	136	45	38	C
II	4537919	A	M	108	6	5.26%	2	1	49	35	0.98	1	1	42	66	6	0	C
II	4538027	A	R	274	24	8.05%	2	2	50	48	0.98	1	1	184	90	19	5	G
II	4538036	G	K	281	210	42.77%	2	2	50	55	0.98	1	1	196	85	147	63	T
II	4538038	A	R	292	291	49.91%	2	2	49	54	0.98	1	1	211	81	209	82	G
II	4538047	G	R	917	193	17.39%	2	2	55	59	0.98	1	1	637	280	131	62	A
II	4538048	C	Y	700	414	37.16%	2	2	54	55	0.98	1	1	483	217	290	124	T
II	4538052	A	R	367	778	67.95%	2	2	51	57	0.98	1	1	257	110	519	259	G
II	4538065	G	R	1037	165	13.73%	2	2	58	57	0.98	1	1	666	371	102	63	A
II	4538091	T	Y	518	602	51.5%	2	2	53	59	0.98	1	1	314	204	331	271	C
II	4538100	C	Y	407	23	5.35%	2	2	48	52	0.98	1	1	228	179	19	4	T
II	4538114	A	R	316	56	15.05%	2	2	47	42	0.98	1	1	193	123	4	52	G
II	4538115	G	K	321	56	14.85%	2	2	47	42	0.98	1	1	199	122	4	52	T
II	4538116	G	R	321	56	14.85%	2	2	47	42	0.98	1	1	201	120	4	52	A
II	4538118	G	R	313	54	14.71%	2	2	47	43	0.98	1	1	200	113	4	50	A
II	4538122	G	S	319	55	14.71%	2	2	48	41	0.98	1	1	190	129	4	51	C
II	4538125	A	W	323	56	14.78%	2	2	47	42	0.98	1	1	200	123	4	52	T
II	4538126	C	S	327	56	14.62%	2	2	48	42	0.98	1	1	201	126	4	52	G
II	4538128	A	R	327	53	13.62%	2	2	47	42	0.98	1	1	202	125	4	49	G
II	4538155	T	K	492	73	12.87%	2	2	48	43	0.98	1	1	232	260	6	67	G
II	4538164	A	W	352	217	38.14%	2	2	50	45	0.98	1	1	199	153	25	192	T
II	4538203	A	W	361	61	14.39%	2	2	52	49	0.98	1	1	140	221	10	51	T
II	4538216	A	W	352	63	15.18%	2	2	52	49	0.98	1	1	137	215	11	52	T
II	4538238	T	K	366	60	14.08%	2	2	53	47	0.98	1	1	143	223	9	51	G
II	4538244	A	R	358	60	14.35%	2	2	52	44	0.98	1	1	141	217	9	51	G
III	5850	A	M	952	129	11.6%	2	1	38	30	0.98	1	1	870	82	0	129	C
III	16720	A	M	920	108	10.31%	2	1	38	30	0.98	1	1	852	68	0	108	C
III	29067	T	Y	32	2	5.88%	2	2	52	74	0.98	1	1	17	15	1	1	C
III	29071	A	R	32	2	5.88%	2	2	50	74	0.98	1	1	17	15	1	1	G
III	29133	A	R	28	4	12.5%	2	2	53	55	0.98	1	1	15	13	2	2	G
III	29151	T	Y	16	2	11.11%	2	2	53	74	0.98	1	1	7	9	1	1	C
III	29156	C	M	15	2	11.76%	2	2	54	74	0.98	1	1	5	10	1	1	A
III	33004	T	Y	15	4	21.05%	2	2	46	61	0.98	1	1	10	5	3	1	C
III	33006	C	S	15	4	21.05%	2	2	48	64	0.98	1	1	9	6	3	1	G
III	36966	G	R	26	2	7.14%	2	2	46	37	0.98	1	1	12	14	1	1	A
III	36967	G	R	27	2	6.9%	2	2	46	37	0.98	1	1	13	14	1	1	A
III	61430	A	W	21	2	8.7%	2	1	39	27	0.98	1	1	17	4	0	2	T
III	88701	A	M	28	5	15.15%	2	1	41	26	0.98	1	1	16	12	0	5	C
III	91003	A	R	22	2	8.33%	2	2	54	37	0.98	1	1	6	16	1	1	G
III	112854	T	Y	22	2	8.33%	2	1	51	33	0.98	1	1	5	17	2	0	C
III	116364	A	W	34	3	8.11%	2	2	38	33	0.98	1	1	14	20	1	2	T
III	117005	C	S	30	3	9.09%	2	2	52	49	0.98	1	1	14	16	2	1	G
III	121582	T	W	40	6	13.04%	2	2	46	37	0.98	1	1	17	23	3	3	A
III	123340	N	A	0	18	100%	0	2	0	45	0.98	0	1	0	0	11	7	A
III	141403	C	M	18	2	10%	2	1	41	25	0.98	1	1	6	12	2	0	A
III	159357	A	M	21	2	8.7%	2	1	47	27	0.98	1	1	13	8	0	2	C
III	165717	G	S	32	2	5.88%	2	2	50	37	0.98	1	1	17	15	1	1	C
III	177943	T	Y	22	2	8.33%	2	1	48	37	0.98	1	1	5	17	0	2	C
III	178917	T	K	14	2	12.5%	2	1	40	37	0.98	1	1	2	12	2	0	G
III	180270	T	Y	34	2	5.56%	2	2	49	74	0.98	1	1	14	20	1	1	C
III	194151	A	M	23	2	8%	2	1	55	37	0.98	1	1	13	10	0	2	C
III	212483	G	R	43	3	6.52%	2	2	48	49	0.98	1	1	20	23	1	2	A
III	212679	T	K	49	4	7.55%	2	2	52	64	0.98	1	1	20	29	2	2	G
III	213032	G	R	51	3	5.56%	2	2	47	61	0.98	1	1	20	31	2	1	A
III	213038	T	Y	49	3	5.77%	2	2	47	61	0.98	1	1	19	30	2	1	C
III	224089	A	R	37	2	5.13%	2	2	45	37	0.98	1	1	15	22	1	1	G
III	226999	G	K	57	3	5%	2	2	45	37	0.98	1	1	27	30	2	1	T
III	227730	A	T	0	57	100%	0	2	0	50	0.98	0	1	0	0	24	33	T
III	284657	C	A	0	13	100%	0	2	0	38	0.98	0	1	0	0	7	6	A
III	286543	G	K	14	2	12.5%	2	1	36	23	0.98	1	1	5	9	0	2	T
III	302344	C	M	37	2	5.13%	2	1	42	25	0.98	1	1	11	26	2	0	A
III	306190	G	R	34	4	10.53%	2	1	53	46	0.98	1	1	19	15	0	4	A
III	324792	C	M	26	2	7.14%	2	2	47	31	0.98	1	1	11	15	1	1	A
III	324795	G	K	26	2	7.14%	2	2	47	37	0.98	1	1	11	15	1	1	T
III	353962	G	K	36	2	5.26%	2	2	50	37	0.98	1	1	18	18	1	1	T
III	355338	A	W	22	2	8.33%	2	1	38	25	0.98	1	1	16	6	0	2	T
III	371491	G	K	30	2	6.25%	2	2	43	25	0.98	1	1	14	16	1	1	T
III	371551	G	K	25	2	7.41%	2	1	41	27	0.98	1	1	23	2	0	2	T
III	399987	A	W	33	2	5.71%	2	2	46	37	0.98	1	1	18	15	1	1	T
III	446687	G	K	13	2	13.33%	2	1	46	25	0.98	1	1	7	6	2	0	T
III	479929	T	W	26	2	7.14%	2	2	42	37	0.98	1	1	8	18	1	1	A
III	486792	T	K	37	2	5.13%	2	1	53	62	0.98	1	1	14	23	0	2	G
III	489152	T	Y	95	5	5%	2	2	51	59	0.98	1	1	57	38	4	1	C
III	510306	A	M	35	2	5.41%	2	1	50	31	0.98	1	1	19	16	0	2	C
III	534155	G	K	16	3	15.79%	2	1	44	29	0.98	1	1	3	13	3	0	T
III	535669	T	W	51	4	7.27%	2	1	44	31	0.98	1	1	24	27	4	0	A
III	535934	T	W	38	2	5%	2	2	51	37	0.98	1	1	21	17	1	1	A
III	574955	A	R	27	3	10%	2	1	40	33	0.98	1	1	10	17	0	3	G
III	575066	T	W	23	2	8%	2	1	50	37	0.98	1	1	16	7	0	2	A
III	619167	G	K	12	2	14.29%	2	1	43	31	0.98	1	1	3	9	2	0	T
III	632990	A	R	37	2	5.13%	2	2	42	37	0.98	1	1	22	15	1	1	G
III	651951	A	M	30	2	6.25%	2	2	47	37	0.98	1	1	15	15	1	1	C
III	684182	G	K	17	2	10.53%	2	1	36	31	0.98	1	1	6	11	2	0	T
III	762907	A	M	51	3	5.56%	2	1	45	25	0.98	1	1	28	23	0	3	C
III	790585	T	W	39	3	7.14%	2	2	46	29	0.98	1	1	20	19	2	1	A
III	790589	C	S	47	3	6%	2	2	45	33	0.98	1	1	27	20	2	1	G
III	790593	T	W	42	3	6.67%	2	2	45	29	0.98	1	1	27	15	2	1	A
III	795302	G	K	23	3	11.54%	2	1	42	29	0.98	1	1	8	15	3	0	T
III	833259	T	K	25	4	13.79%	2	1	39	31	0.98	1	1	5	20	4	0	G
III	897531	C	M	10	2	5.13%	2	1	51	37	0.98	1	1	7	3	0	2	A
III	932696	G	K	19	3	13.64%	2	1	38	24	0.98	1	1	5	14	3	0	T
III	961288	A	R	90	5	5.26%	2	2	46	44	0.98	1	1	51	39	3	2	G
III	962376	C	Y	736	89	10.77%	2	2	53	53	0.98	1	1	369	367	45	44	T
III	962714	T	K	777	41	5.01%	2	2	50	50	0.98	1	1	378	399	19	22	G
III	962948	T	K	962	70	6.78%	2	2	49	46	0.98	1	1	415	547	25	45	G
III	963322	G	R	162	20	10.99%	2	2	50	46	0.98	1	1	70	92	7	13	A
III	963343	A	G	12	162	93.1%	2	2	43	49	0.98	1	1	1	11	67	95	G
III	970892	C	Y	15	2	8.7%	2	1	39	33	0.98	1	1	12	3	0	2	-T
III	983773	A	R	35	2	5.41%	2	1	47	37	0.98	1	1	16	19	0	2	G
III	985904	C	M	15	2	11.76%	2	1	36	37	0.98	1	1	1	14	2	0	A
III	1047885	T	Y	37	2	5.13%	2	1	42	55	0.98	1	1	26	11	0	2	C
III	1071415	A	R	22	3	12%	2	1	47	74	0.98	1	1	8	14	0	3	G
III	1074282	C	M	29	2	6.45%	2	2	43	25	0.98	1	1	11	18	1	1	A
III	1084110	A	R	30	2	6.25%	2	2	43	37	0.98	1	1	16	14	1	1	G
III	1084115	A	W	33	2	5.71%	2	2	44	37	0.98	1	1	15	18	1	1	T
III	1084116	A	R	36	2	5.26%	2	2	43	37	0.98	1	1	15	21	1	1	G
III	1084127	G	S	33	2	5.71%	2	2	47	37	0.98	1	1	20	13	1	1	C
III	1084128	A	W	33	2	5.71%	2	2	46	37	0.98	1	1	21	12	1	1	T
III	1084129	A	W	33	2	5.71%	2	2	44	37	0.98	1	1	21	12	1	1	T
III	1084168	A	R	54	8	12.9%	2	2	48	46	0.98	1	1	21	33	4	4	G
III	1084286	G	K	94	39	29.32%	2	2	48	51	0.98	1	1	51	43	16	23	T
III	1104237	C	M	34	2	5.56%	2	1	46	22	0.98	1	1	21	13	0	2	A
III	1114661	C	M	79	25	24.04%	2	2	54	46	0.98	1	1	44	35	14	11	A
III	1114786	T	Y	65	11	14.47%	2	2	45	40	0.98	1	1	30	35	7	4	C
III	1116926	A	M	28	2	6.67%	2	1	50	37	0.98	1	1	10	18	0	2	C
III	1121421	C	M	87	20	18.69%	2	2	50	51	0.98	1	1	34	53	13	7	A
III	1121546	T	Y	48	9	15.79%	2	2	53	41	0.98	1	1	25	23	6	3	C
III	1123686	A	M	37	2	5.13%	2	2	47	49	0.98	1	1	14	23	1	1	C
III	1128181	C	M	92	23	20%	2	2	50	46	0.98	1	1	33	59	11	12	A
III	1128306	T	Y	53	10	15.87%	2	2	48	45	0.98	1	1	30	23	7	3	C
III	1128371	T	Y	47	5	9.62%	2	2	48	44	0.98	1	1	24	23	3	2	C
III	1130446	A	M	27	3	10%	2	1	53	33	0.98	1	1	11	16	0	3	C
III	1134941	C	M	81	33	28.95%	2	2	50	45	0.98	1	1	36	45	17	16	A
III	1135066	T	Y	49	11	18.33%	2	2	45	50	0.98	1	1	25	24	5	6	C
III	1139296	T	Y	20	4	16.67%	2	2	52	52	0.98	1	1	9	11	2	2	C
III	1145051	A	R	27	2	6.9%	2	2	47	37	0.98	1	1	11	16	1	1	G
III	1156534	G	R	26	2	7.14%	2	2	43	37	0.98	1	1	17	9	1	1	A
III	1168328	T	C	0	13	100%	0	2	0	42	0.98	0	1	0	0	8	5	C
III	1168363	G	A	1	11	91.67%	1	2	25	37	0.98	1	1	0	1	10	1	A
III	1173242	T	W	38	2	5%	2	1	48	25	0.98	1	1	15	23	2	0	A
III	1186169	C	Y	37	2	5.13%	2	2	50	31	0.98	1	1	23	14	1	1	T
III	1186960	T	W	28	2	6.67%	2	1	44	37	0.98	1	1	19	9	2	0	A
III	1188159	T	Y	33	2	5.71%	2	2	52	49	0.98	1	1	14	19	1	1	C
III	1225877	T	K	41	3	6.82%	2	1	45	29	0.98	1	1	22	19	3	0	G
III	1252499	C	M	23	3	11.54%	2	1	37	25	0.98	1	1	21	2	0	3	A
III	1252503	G	K	22	3	12%	2	1	37	30	0.98	1	1	18	4	0	3	T
III	1252505	G	K	17	6	20%	1	1	35	35	0.98	1	1	17	0	0	6	T
III	1290981	T	K	16	2	11.11%	2	1	50	31	0.98	1	1	8	8	2	0	G
III	1298690	T	Y	30	2	6.25%	2	2	45	37	0.98	1	1	15	15	1	1	C
III	1298691	A	R	32	2	5.88%	2	2	45	37	0.98	1	1	16	16	1	1	G
III	1345546	G	R	30	2	6.25%	2	1	52	37	0.98	1	1	13	17	0	2	A
III	1345551	C	M	31	2	6.06%	2	1	47	37	0.98	1	1	11	20	0	2	A
III	1352490	G	K	31	2	6.06%	2	2	44	37	0.98	1	1	26	5	1	1	T
III	1363924	C	Y	37	3	7.5%	2	2	44	37	0.98	1	1	18	19	1	2	T
III	1367623	A	R	34	4	10.53%	2	2	48	37	0.98	1	1	18	16	2	2	G
III	1370532	T	W	29	2	6.45%	2	1	50	31	0.98	1	1	5	24	2	0	A
III	1372667	C	Y	24	2	7.69%	2	1	50	37	0.98	1	1	16	8	0	2	T
III	1374938	A	T	0	43	100%	0	2	0	41	0.98	0	1	0	0	27	16	T
III	1379052	C	M	43	4	8.51%	2	2	49	37	0.98	1	1	22	21	2	2	A
III	1392415	G	K	9	2	18.18%	2	1	39	27	0.98	1	1	8	1	0	2	T
III	1392423	A	W	8	3	27.27%	2	1	39	23	0.98	1	1	6	2	0	3	T
III	1395394	G	K	5	4	36.36%	2	1	33	37	0.98	1	1	4	1	0	4	T
III	1397623	A	M	24	2	7.69%	2	1	44	25	0.98	1	1	11	13	0	2	C
III	1420546	G	S	56	3	5.08%	2	1	43	29	0.98	1	1	26	30	3	0	C
III	1439525	C	M	34	2	5.56%	2	2	48	37	0.98	1	1	21	13	1	1	A
III	1439790	A	M	9	2	18.18%	1	1	35	27	0.98	1	1	9	0	0	2	C
III	1446724	G	K	38	2	5%	2	1	47	31	0.98	1	1	10	28	0	2	T
III	1446760	C	M	37	2	5.13%	2	1	45	25	0.98	1	1	11	26	0	2	A
III	1451600	G	K	29	4	12.12%	2	1	47	26	0.98	1	1	14	15	0	4	T
III	1451609	G	K	26	3	10.34%	2	1	46	25	0.98	1	1	15	11	0	3	T
III	1457075	C	M	19	2	9.52%	2	1	41	27	0.98	1	1	12	7	0	2	A
III	1466432	G	R	121	8	6.2%	2	2	53	41	0.98	1	1	53	68	5	3	A
III	1466437	G	R	124	8	6.06%	2	2	54	41	0.98	1	1	52	72	5	3	A
III	1466439	C	Y	122	8	6.15%	2	2	53	41	0.98	1	1	51	71	5	3	T
III	1479063	T	Y	27	2	6.9%	2	1	42	42	0.98	1	1	16	11	0	2	C
III	1493950	A	R	129	49	27.53%	2	2	45	48	0.98	1	1	57	72	32	17	G
III	1494129	T	K	199	53	21.03%	2	2	47	49	0.98	1	1	105	94	16	37	G
III	1494164	A	R	127	55	30.22%	2	2	49	48	0.98	1	1	68	59	16	39	G
III	1494181	A	W	128	46	26.44%	2	2	47	48	0.98	1	1	67	61	13	33	T
III	1494187	T	W	135	40	22.86%	2	2	47	47	0.98	1	1	64	71	11	29	A
III	1494192	G	R	138	27	16.36%	2	2	47	45	0.98	1	1	64	74	9	18	A
III	1494282	G	R	118	141	54.44%	2	2	48	39	0.98	1	1	44	74	56	85	A
III	1494303	G	R	109	83	43.23%	2	2	49	41	0.98	1	1	43	66	30	53	A
III	1494306	A	W	106	79	42.7%	2	2	48	39	0.98	1	1	40	66	25	54	T
III	1494312	A	R	104	80	43.48%	2	2	50	40	0.98	1	1	42	62	27	53	G
III	1494315	A	R	107	77	41.85%	2	2	50	40	0.98	1	1	47	60	26	51	G
III	1494318	A	R	111	76	40.64%	2	2	49	40	0.98	1	1	48	63	26	50	G
III	1494327	T	K	112	65	36.72%	2	2	48	41	0.98	1	1	50	62	19	46	G
III	1499389	C	Y	109	15	12.1%	2	2	44	40	0.98	1	1	64	45	7	8	T
III	1499390	A	W	109	16	12.8%	2	2	43	41	0.98	1	1	64	45	8	8	T
III	1534545	C	Y	25	2	7.41%	2	1	44	55	0.98	1	1	10	15	0	2	T
III	1545954	T	W	21	2	8.7%	2	1	40	25	0.98	1	1	11	10	2	0	A
III	1547032	C	M	18	2	10%	2	1	47	27	0.98	1	1	8	10	2	0	A
III	1557520	C	M	26	2	7.14%	2	1	44	37	0.98	1	1	7	19	0	2	A
III	1559635	T	K	16	2	11.11%	2	1	41	29	0.98	1	1	2	14	2	0	G
III	1574913	A	R	162	9	5.26%	2	2	52	56	0.98	1	1	50	112	4	5	G
III	1594884	G	K	24	2	7.69%	2	1	46	23	0.98	1	1	15	9	0	2	T
III	1606132	A	M	28	2	6.67%	2	1	54	55	0.98	1	1	14	14	0	2	C
III	1647325	C	M	25	3	10.71%	2	1	43	30	0.98	1	1	9	16	3	0	A
III	1649192	A	M	16	3	15.79%	2	1	37	26	0.98	1	1	15	1	0	3	C
III	1650171	G	K	31	3	8.82%	2	2	46	49	0.98	1	1	13	18	2	1	T
III	1667995	C	Y	32	2	5.88%	2	2	50	37	0.98	1	1	14	18	1	1	T
III	1674600	G	K	18	2	10%	2	1	39	31	0.98	1	1	8	10	0	2	T
III	1674618	C	Y	7	2	16.67%	2	1	50	33	0.98	1	1	4	3	0	2	-TT
III	1685492	C	M	27	2	6.9%	2	1	47	37	0.98	1	1	13	14	0	2	A
III	1691010	G	R	34	2	5.56%	2	2	49	55	0.98	1	1	17	17	1	1	A
III	1703143	A	M	34	2	5.56%	2	1	46	25	0.98	1	1	12	22	2	0	C
III	1712123	T	K	25	2	7.41%	2	1	39	37	0.98	1	1	3	22	2	0	G
III	1715701	C	M	48	7	12.73%	2	2	49	35	0.98	1	1	33	15	3	4	A
III	1717329	T	K	18	2	10%	2	1	41	25	0.98	1	1	4	14	2	0	G
III	1729684	T	K	22	2	8.33%	2	2	40	25	0.98	1	1	3	19	1	1	G
III	1756401	A	W	1	2	66.67%	1	1	37	37	0.98	1	1	1	0	2	0	T
III	1765401	G	T	0	66	100%	0	2	0	49	0.98	0	1	0	0	39	27	T
III	1774235	T	Y	1	2	8.33%	1	2	37	55	0.98	1	1	1	0	1	1	C
III	1800622	T	W	29	2	6.45%	2	1	54	37	0.98	1	1	19	10	2	0	A
III	1802577	C	M	25	2	7.41%	2	1	48	25	0.98	1	1	17	8	2	0	A
III	1834027	G	K	26	2	7.14%	2	1	38	27	0.98	1	1	1	25	2	0	T
III	1834035	G	K	24	2	7.69%	1	1	36	29	0.98	1	1	0	24	2	0	T
III	1834046	C	M	28	2	6.67%	2	1	36	29	0.98	1	1	2	26	2	0	A
III	1868373	C	M	18	2	10%	2	1	45	31	0.98	1	1	6	12	2	0	A
III	1922942	T	K	32	2	5.88%	2	1	50	37	0.98	1	1	19	13	2	0	G
III	1929847	A	M	29	2	6.45%	2	1	52	37	0.98	1	1	15	14	0	2	C
III	1930465	A	M	18	2	10%	2	1	39	49	0.98	1	1	17	1	0	2	C
III	1932910	T	Y	36	2	5.26%	2	2	42	37	0.98	1	1	9	27	1	1	C
III	1958511	T	Y	38	2	5%	2	2	43	29	0.98	1	1	13	25	1	1	C
III	1969886	C	Y	44	3	6.38%	2	2	46	49	0.98	1	1	20	24	1	2	T
III	1983036	A	M	29	3	9.38%	2	1	42	29	0.98	1	1	24	5	0	3	C
III	2004175	T	W	28	2	6.67%	2	2	46	37	0.98	1	1	17	11	1	1	A
III	2020203	G	S	20	2	9.09%	2	2	44	37	0.98	1	1	12	8	1	1	C
III	2028190	C	M	27	2	6.9%	2	1	42	27	0.98	1	1	20	7	0	2	A
III	2033989	A	R	14	4	22.22%	2	2	49	37	0.98	1	1	10	4	2	2	G
III	2035172	T	W	9	2	18.18%	2	1	45	74	0.98	1	1	4	5	0	2	A
III	2049588	T	K	31	2	6.06%	2	1	45	31	0.98	1	1	20	11	2	0	G
III	2092276	T	Y	37	2	5.13%	2	1	51	55	0.98	1	1	15	22	0	2	C
III	2094201	A	M	26	2	7.14%	2	1	56	31	0.98	1	1	11	15	0	2	C
III	2100622	C	Y	47	6	11.32%	2	2	51	35	0.98	1	1	22	25	3	3	T
III	2103187	C	Y	50	3	5.66%	2	2	50	61	0.98	1	1	31	19	2	1	T
III	2108726	C	M	36	2	5.26%	2	1	40	37	0.98	1	1	27	9	0	2	A
III	2117609	T	W	31	3	8.82%	2	2	46	37	0.98	1	1	10	21	1	2	A
III	2135013	C	M	27	2	6.9%	2	1	48	25	0.98	1	1	13	14	0	2	A
III	2150591	T	K	38	3	7.14%	2	1	38	27	0.98	1	1	4	34	3	0	G
III	2150603	G	K	38	2	5%	2	1	40	29	0.98	1	1	3	35	2	0	T
III	2151783	A	R	36	2	5.26%	2	2	43	37	0.98	1	1	21	15	1	1	G
III	2158928	A	R	169	37	17.96%	2	2	54	38	0.98	1	1	84	85	3	34	G
III	2192382	G	K	24	3	11.11%	2	1	44	23	0.98	1	1	13	11	0	3	T
III	2201482	G	K	16	3	15.79%	2	2	42	23	0.98	1	1	5	11	2	1	T
III	2201489	G	K	25	2	7.41%	2	1	42	22	0.98	1	1	12	13	0	2	T
III	2201501	A	M	26	2	7.14%	2	1	42	27	0.98	1	1	15	11	0	2	C
III	2212874	A	M	30	2	6.25%	2	1	43	37	0.98	1	1	12	18	0	2	C
III	2222120	C	M	22	2	8.33%	2	1	42	29	0.98	1	1	20	2	0	2	A
III	2245400	G	K	21	2	8.7%	2	1	38	27	0.98	1	1	2	19	2	0	T
III	2245436	C	M	25	2	7.41%	2	1	44	29	0.98	1	1	6	19	2	0	A
III	2247155	G	K	35	2	5.41%	2	1	45	25	0.98	1	1	16	19	2	0	T
III	2287899	T	W	17	2	10.53%	2	1	37	27	0.98	1	1	15	2	0	2	A
III	2295860	C	Y	31	2	6.06%	2	2	45	74	0.98	1	1	22	9	1	1	T
III	2305559	A	M	31	2	6.06%	2	2	47	37	0.98	1	1	11	20	1	1	C
III	2326992	G	K	19	2	9.52%	2	2	50	37	0.98	1	1	11	8	1	1	T
III	2338603	A	R	38	2	5%	2	2	48	31	0.98	1	1	15	23	1	1	G
III	2367801	C	M	33	2	5.71%	2	1	43	25	0.98	1	1	15	18	0	2	A
III	2381979	G	T	0	12	100%	0	2	0	40	0.98	0	1	0	0	8	4	T
III	2420242	A	W	16	2	11.11%	2	1	48	31	0.98	1	1	12	4	0	2	T
III	2420276	C	M	24	2	7.69%	2	1	38	25	0.98	1	1	11	13	2	0	A
III	2430985	A	R	18	2	10%	2	1	49	37	0.98	1	1	10	8	0	2	G
III	2431133	G	K	26	3	10.34%	2	2	54	40	0.98	1	1	11	15	2	1	T
III	2434958	G	K	23	2	8%	2	1	43	49	0.98	1	1	6	17	2	0	T
III	2434963	A	R	22	2	8.33%	2	1	44	55	0.98	1	1	6	16	2	0	G
III	2447413	T	K	821	105	11.34%	2	1	38	30	0.98	1	1	88	733	105	0	G
III	2448311	A	W	62	6	8.82%	2	2	39	35	0.98	1	1	38	24	1	5	T
III	2448544	T	W	1199	200	14.29%	2	2	49	50	0.98	1	1	535	664	104	96	A
mating_type_region	16803	A	W	23	4	14.81%	2	2	47	46	0.98	1	1	9	14	1	3	T
mating_type_region	16808	T	Y	24	3	11.11%	2	2	48	40	0.98	1	1	10	14	1	2	C
