Chrom	Position	Ref	Cons	Reads1	Reads2	VarFreq	Strands1	Strands2	Qual1	Qual2	Pvalue	MapQual1	MapQual2	Reads1Plus	Reads1Minus	Reads2Plus	Reads2Minus	VarAllele
chr_II_telomeric_gap	4787	G	A	0	10	100%	0	2	0	51	0.98	0	1	0	0	6	4	A
I	224	G	R	44	18	29.03%	2	2	47	48	0.98	1	1	23	21	9	9	A
I	459	C	A	13	74	85.06%	2	2	44	50	0.98	1	1	2	11	34	40	A
I	783	T	Y	22	23	51.11%	2	2	40	40	0.98	1	1	14	8	11	12	C
I	798	G	R	35	11	23.91%	2	2	40	40	0.98	1	1	24	11	4	7	A
I	955	C	Y	60	25	29.41%	2	2	44	49	0.98	1	1	35	25	16	9	T
I	1055	T	Y	89	10	10.1%	2	2	49	34	0.98	1	1	34	55	5	5	C
I	1133	A	R	66	37	35.92%	2	2	46	48	0.98	1	1	19	47	11	26	G
I	1455	C	Y	39	23	37.1%	2	2	49	44	0.98	1	1	17	22	11	12	T
I	1514	C	S	36	19	34.55%	2	2	44	46	0.98	1	1	11	25	7	12	G
I	1750	G	R	49	8	14.04%	2	2	53	50	0.98	1	1	24	25	5	3	A
I	2224	C	Y	31	13	29.55%	2	2	47	43	0.98	1	1	18	13	6	7	T
I	2540	C	Y	42	4	8.7%	2	1	47	55	0.98	1	1	16	26	4	0	T
I	2582	T	Y	35	18	33.96%	2	2	49	53	0.98	1	1	23	12	11	7	C
I	3431	A	R	58	37	38.95%	2	2	48	53	0.98	1	1	27	31	23	14	G
I	4052	T	W	30	2	6.25%	2	2	43	55	0.98	1	1	14	16	1	1	A
I	4053	C	Y	24	2	6.06%	2	2	43	55	0.98	1	1	12	12	1	1	+TGTCAT
I	4666	G	R	29	3	9.38%	2	2	43	37	0.98	1	1	12	17	1	2	A
I	4668	C	S	36	2	5.26%	2	1	49	37	0.98	1	1	19	17	0	2	G
I	5431	C	Y	41	8	16.33%	2	2	46	41	0.98	1	1	17	24	1	7	T
I	5677	G	R	13	2	6.06%	2	1	37	31	0.98	1	1	12	1	0	2	A
I	5677	G	K	13	3	9.09%	2	1	37	31	0.98	1	1	12	1	0	3	T
I	5679	A	W	28	2	6.67%	2	1	44	25	0.98	1	1	16	12	0	2	T
I	6583	G	R	12	5	29.41%	2	2	51	37	0.98	1	1	8	4	3	2	A
I	6727	G	R	11	5	31.25%	2	2	55	49	0.98	1	1	4	7	3	2	A
I	6912	A	M	28	2	6.67%	2	1	52	37	0.98	1	1	16	12	0	2	C
I	7192	C	M	18	3	12.5%	2	1	41	33	0.98	1	1	14	4	0	3	A
I	8666	G	R	19	17	47.22%	2	2	44	47	0.98	1	1	5	14	6	11	A
I	10913	G	R	8	6	42.86%	2	2	37	43	0.98	1	1	5	3	2	4	A
I	17965	A	R	35	3	7.89%	2	2	58	49	0.98	1	1	17	18	1	2	G
I	18099	A	R	38	10	20.83%	2	2	44	37	0.98	1	1	26	12	9	1	G
I	18140	T	Y	48	5	9.43%	2	2	47	51	0.98	1	1	39	9	4	1	C
I	18218	G	R	59	8	11.94%	2	1	50	35	0.98	1	1	41	18	8	0	A
I	18318	G	R	67	18	21.18%	2	2	45	47	0.98	1	1	39	28	15	3	A
I	18475	C	Y	50	32	39.02%	2	2	49	52	0.98	1	1	10	40	7	25	T
I	19174	A	R	33	2	5.71%	2	2	45	37	0.98	1	1	17	16	1	1	G
I	19177	A	R	32	2	5.88%	2	2	50	37	0.98	1	1	17	15	1	1	G
I	19185	G	R	33	2	5.71%	2	2	50	37	0.98	1	1	17	16	1	1	A
I	28424	C	S	14	2	12.5%	2	1	44	74	0.98	1	1	7	7	0	2	G
I	28446	A	W	12	3	20%	2	1	43	61	0.98	1	1	7	5	0	3	T
I	29359	T	W	26	2	7.14%	2	1	50	33	0.98	1	1	12	14	0	2	A
I	29373	T	Y	20	3	12.5%	2	1	48	46	0.98	1	1	10	10	0	3	C
I	43335	G	R	7	2	22.22%	1	1	37	33	0.98	1	1	7	0	0	2	A
I	87074	G	K	14	2	12.5%	2	1	49	37	0.98	1	1	11	3	2	0	T
I	98629	A	M	26	2	7.14%	2	1	45	37	0.98	1	1	16	10	2	0	C
I	98632	C	Y	27	2	6.9%	2	1	46	37	0.98	1	1	16	11	2	0	T
I	98639	A	W	36	8	18.18%	2	1	49	41	0.98	1	1	21	15	8	0	T
I	98786	G	R	73	5	6.41%	2	2	54	51	0.98	1	1	25	48	3	2	A
I	98794	T	Y	70	4	5.41%	2	2	57	46	0.98	1	1	25	45	2	2	C
I	98795	T	Y	71	4	5.33%	2	2	55	46	0.98	1	1	26	45	2	2	C
I	98919	C	M	62	4	6.06%	2	1	49	30	0.98	1	1	16	46	4	0	A
I	99066	G	R	72	6	7.69%	2	2	55	67	0.98	1	1	47	25	5	1	A
I	99204	A	W	53	13	19.7%	2	2	44	42	0.98	1	1	15	38	2	11	T
I	99211	A	R	46	5	9.8%	2	1	43	37	0.98	1	1	16	30	0	5	G
I	99214	G	K	43	5	10.42%	2	1	46	37	0.98	1	1	14	29	0	5	T
I	115243	A	R	21	2	8.7%	2	1	51	37	0.98	1	1	12	9	2	0	G
I	116013	T	Y	23	2	8%	2	1	49	55	0.98	1	1	7	16	0	2	C
I	132181	T	Y	28	2	6.67%	2	2	43	35	0.98	1	1	15	13	1	1	C
I	133995	A	W	24	2	7.69%	2	1	50	55	0.98	1	1	14	10	2	0	T
I	137846	T	K	22	2	8.33%	2	1	45	31	0.98	1	1	11	11	2	0	G
I	140510	T	Y	18	2	10%	2	2	48	31	0.98	1	1	14	4	1	1	C
I	145995	G	K	16	2	11.11%	2	1	50	27	0.98	1	1	14	2	0	2	T
I	169817	A	M	6	2	25%	2	1	38	31	0.98	1	1	5	1	0	2	C
I	191896	T	W	17	2	10.53%	2	1	39	31	0.98	1	1	16	1	0	2	A
I	192897	A	R	20	2	9.09%	2	1	49	68	0.98	1	1	6	14	0	2	G
I	223597	T	Y	16	2	11.11%	2	2	41	49	0.98	1	1	10	6	1	1	C
I	229842	T	W	27	2	6.9%	2	2	47	37	0.98	1	1	13	14	1	1	A
I	240248	G	K	5	2	28.57%	1	1	39	25	0.98	1	1	5	0	0	2	T
I	274064	C	Y	17	2	10.53%	2	2	44	37	0.98	1	1	8	9	1	1	T
I	279184	T	K	20	2	9.09%	2	1	53	55	0.98	1	1	7	13	0	2	G
I	307981	C	M	26	2	7.14%	2	2	50	37	0.98	1	1	16	10	1	1	A
I	343747	A	W	18	2	10%	2	2	49	31	0.98	1	1	10	8	1	1	T
I	397341	G	R	47	3	6%	2	1	48	37	0.98	1	1	15	32	0	3	A
I	412038	C	M	11	2	15.38%	2	1	44	31	0.98	1	1	3	8	2	0	A
I	441599	G	K	9	2	18.18%	1	2	45	21	0.98	1	1	9	0	1	1	T
I	447857	G	K	14	2	12.5%	2	1	46	37	0.98	1	1	9	5	2	0	T
I	482739	T	K	16	2	11.11%	2	2	42	37	0.98	1	1	5	11	1	1	G
I	523603	G	A	0	14	100%	0	2	0	52	0.98	0	1	0	0	9	5	A
I	523883	G	A	0	19	100%	0	2	0	55	0.98	0	1	0	0	10	9	A
I	527156	C	A	0	18	100%	0	2	0	57	0.98	0	1	0	0	12	6	A
I	614024	C	M	19	2	9.52%	2	1	44	55	0.98	1	1	9	10	2	0	A
I	643745	C	S	16	2	11.11%	2	1	44	74	0.98	1	1	7	9	2	0	G
I	660885	T	Y	29	2	6.45%	2	1	45	55	0.98	1	1	13	16	0	2	C
I	690137	A	R	9	2	18.18%	2	2	49	42	0.98	1	1	6	3	1	1	G
I	735163	T	W	14	2	12.5%	2	1	53	25	0.98	1	1	8	6	2	0	A
I	800141	G	R	26	2	7.14%	2	2	49	37	0.98	1	1	16	10	1	1	A
I	802308	G	S	27	2	6.9%	2	2	51	42	0.98	1	1	11	16	1	1	C
I	813204	G	K	10	2	16.67%	2	1	47	27	0.98	1	1	3	7	2	0	T
I	813236	T	W	16	2	11.11%	2	1	45	25	0.98	1	1	6	10	2	0	A
I	833811	T	Y	23	2	8%	2	1	49	42	0.98	1	1	16	7	0	2	C
I	862964	G	T	0	20	100%	0	2	0	48	0.98	0	1	0	0	12	8	T
I	879009	C	M	7	2	22.22%	1	1	52	25	0.98	1	1	0	7	2	0	A
I	931932	T	Y	11	2	15.38%	2	2	43	37	0.98	1	1	1	10	1	1	C
I	949545	T	K	13	2	13.33%	2	1	40	37	0.98	1	1	2	11	2	0	G
I	961656	C	T	0	16	100%	0	2	0	48	0.98	0	1	0	0	8	8	T
I	966396	A	M	12	2	14.29%	2	1	49	37	0.98	1	1	9	3	2	0	C
I	982425	T	Y	21	2	8.7%	2	2	45	74	0.98	1	1	15	6	1	1	C
I	995061	G	K	12	2	14.29%	2	1	38	31	0.98	1	1	7	5	0	2	T
I	1025434	A	W	10	2	16.67%	2	1	44	31	0.98	1	1	5	5	0	2	T
I	1029401	A	M	15	2	11.76%	2	2	43	37	0.98	1	1	5	10	1	1	C
I	1038491	G	K	19	2	9.52%	2	1	43	37	0.98	1	1	5	14	2	0	T
I	1150847	G	S	13	2	13.33%	2	1	40	37	0.98	1	1	11	2	0	2	C
I	1151696	A	R	20	2	9.09%	2	2	49	37	0.98	1	1	13	7	1	1	G
I	1157685	T	K	12	2	14.29%	2	1	42	37	0.98	1	1	5	7	2	0	G
I	1167210	T	W	9	2	18.18%	2	2	45	37	0.98	1	1	5	4	1	1	A
I	1261954	G	S	18	2	10%	2	1	45	37	0.98	1	1	9	9	0	2	C
I	1265167	T	Y	27	2	6.9%	2	1	50	74	0.98	1	1	15	12	0	2	C
I	1325734	G	S	11	2	15.38%	2	2	50	37	0.98	1	1	2	9	1	1	C
I	1330830	C	Y	15	2	11.76%	2	1	46	37	0.98	1	1	6	9	2	0	T
I	1417188	T	Y	26	2	7.14%	2	2	54	37	0.98	1	1	11	15	1	1	C
I	1424709	A	C	0	2	100%	0	1	0	37	0.98	0	1	0	0	2	0	C
I	1507851	C	M	12	2	14.29%	2	1	51	23	0.98	1	1	2	10	2	0	A
I	1535053	T	K	9	2	18.18%	2	1	40	31	0.98	1	1	2	7	2	0	G
I	1561537	G	K	12	2	14.29%	2	1	48	37	0.98	1	1	4	8	2	0	T
I	1580729	T	Y	12	2	14.29%	2	2	49	55	0.98	1	1	8	4	1	1	C
I	1627570	T	W	17	2	10.53%	2	2	44	37	0.98	1	1	9	8	1	1	A
I	1667644	T	Y	24	2	7.69%	2	2	45	37	0.98	1	1	10	14	1	1	C
I	1709554	A	W	16	2	11.11%	2	2	49	37	0.98	1	1	11	5	1	1	T
I	1741208	T	Y	16	2	11.11%	2	1	46	37	0.98	1	1	11	5	2	0	C
I	1782399	A	M	17	2	10.53%	2	2	52	37	0.98	1	1	11	6	1	1	C
I	1783458	C	T	0	22	100%	0	2	0	45	0.98	0	1	0	0	11	11	T
I	1793006	G	S	17	2	10.53%	2	2	47	55	0.98	1	1	6	11	1	1	C
I	1837916	G	K	5	2	20%	1	1	51	37	0.98	1	1	5	0	0	2	-T
I	1839864	G	K	26	2	7.14%	2	1	45	37	0.98	1	1	9	17	2	0	T
I	1852128	G	K	9	2	18.18%	1	1	36	29	0.98	1	1	0	9	2	0	T
I	1852148	C	M	11	2	15.38%	1	1	35	29	0.98	1	1	0	11	2	0	A
I	1857196	C	Y	41	3	6.82%	2	2	52	33	0.98	1	1	22	19	1	2	T
I	1857273	T	W	37	2	5.13%	2	1	50	31	0.98	1	1	15	22	0	2	A
I	1857307	G	R	34	2	5.56%	2	2	48	33	0.98	1	1	14	20	1	1	A
I	1857387	C	Y	35	4	10.26%	2	2	48	37	0.98	1	1	15	20	2	2	T
I	1857391	G	R	33	4	10.81%	2	2	48	37	0.98	1	1	14	19	3	1	A
I	1857415	A	R	35	2	5.41%	2	1	48	37	0.98	1	1	18	17	2	0	G
I	1857649	G	R	34	2	5.56%	2	2	49	55	0.98	1	1	20	14	1	1	A
I	1906455	T	Y	21	2	8.7%	2	1	41	37	0.98	1	1	15	6	0	2	C
I	1969158	T	W	22	2	8.33%	2	1	49	22	0.98	1	1	12	10	2	0	A
I	1997364	G	R	19	2	9.52%	2	2	48	33	0.98	1	1	10	9	1	1	A
I	1999192	G	C	0	12	100%	0	2	0	48	0.98	0	1	0	0	7	5	C
I	2025872	T	Y	8	2	20%	2	1	50	37	0.98	1	1	2	6	0	2	C
I	2053528	G	K	5	2	28.57%	2	1	50	27	0.98	1	1	1	4	2	0	T
I	2079480	T	K	12	2	14.29%	2	1	48	31	0.98	1	1	3	9	0	2	G
I	2093273	A	M	17	2	10.53%	2	1	44	31	0.98	1	1	12	5	0	2	C
I	2104091	G	T	0	6	100%	0	2	0	47	0.98	0	1	0	0	3	3	T
I	2104097	C	A	0	6	100%	0	2	0	49	0.98	0	1	0	0	3	3	A
I	2154950	G	K	10	3	23.08%	2	2	48	37	0.98	1	1	5	5	2	1	T
I	2174496	C	M	16	2	11.11%	2	1	42	27	0.98	1	1	8	8	0	2	A
I	2174514	C	M	9	2	18.18%	2	1	42	25	0.98	1	1	4	5	0	2	A
I	2254882	G	K	15	2	11.76%	2	1	48	33	0.98	1	1	7	8	2	0	T
I	2254899	G	K	15	3	16.67%	2	1	50	33	0.98	1	1	6	9	3	0	T
I	2276593	A	M	30	2	6.25%	2	1	47	31	0.98	1	1	12	18	0	2	C
I	2288066	G	S	22	4	15.38%	2	2	48	37	0.98	1	1	12	10	2	2	C
I	2462347	C	S	16	2	11.11%	2	1	45	37	0.98	1	1	7	9	2	0	G
I	2496050	A	M	5	2	28.57%	2	1	44	37	0.98	1	1	4	1	0	2	C
I	2506044	T	A	0	25	100%	0	2	0	43	0.98	0	1	0	0	12	13	A
I	2580520	A	W	15	2	11.76%	2	2	41	37	0.98	1	1	5	10	1	1	T
I	2585211	T	K	14	2	12.5%	2	1	52	25	0.98	1	1	7	7	2	0	G
I	2597647	A	R	17	2	10.53%	2	1	48	37	0.98	1	1	6	11	2	0	G
I	2605764	T	A	0	21	100%	0	2	0	46	0.98	0	1	0	0	5	16	A
I	2605813	T	Y	17	2	10.53%	2	1	39	55	0.98	1	1	3	14	0	2	C
I	2610796	C	Y	22	3	12%	2	2	47	49	0.98	1	1	14	8	1	2	T
I	2639029	T	W	23	2	8%	2	1	44	33	0.98	1	1	12	11	2	0	A
I	2641998	C	Y	6	2	22.22%	2	1	33	33	0.98	1	1	5	1	0	2	T
I	2686562	A	W	4	2	33.33%	2	2	46	25	0.98	1	1	3	1	1	1	T
I	2702772	T	Y	31	2	6.06%	2	1	44	49	0.98	1	1	20	11	0	2	C
I	2706463	A	W	13	3	18.75%	2	1	48	26	0.98	1	1	8	5	0	3	T
I	2732603	C	S	25	2	7.41%	2	1	54	37	0.98	1	1	11	14	0	2	G
I	2747028	A	W	9	2	18.18%	2	1	41	37	0.98	1	1	7	2	0	2	T
I	2747078	A	G	0	16	100%	0	2	0	41	0.98	0	1	0	0	6	10	G
I	2751237	A	W	1	2	66.67%	1	1	37	31	0.98	1	1	1	0	0	2	T
I	2762895	A	W	15	2	11.76%	2	1	53	37	0.98	1	1	8	7	2	0	T
I	2854082	G	R	44	5	10.2%	2	2	51	51	0.98	1	1	23	21	3	2	A
I	2881324	C	M	22	4	15.38%	2	2	47	46	0.98	1	1	14	8	1	3	A
I	2937975	C	M	7	2	22.22%	2	1	52	28	0.98	1	1	3	4	0	2	A
I	2943945	C	Y	59	4	6.35%	2	1	48	35	0.98	1	1	29	30	4	0	T
I	2944161	T	Y	76	4	5%	2	1	52	32	0.98	1	1	39	37	0	4	C
I	2944416	T	Y	55	3	5.17%	2	1	48	37	0.98	1	1	28	27	3	0	C
I	2945382	T	K	27	2	6.9%	2	1	43	31	0.98	1	1	9	18	2	0	G
I	2990428	C	S	11	2	15.38%	2	2	49	37	0.98	1	1	6	5	1	1	G
I	3011881	T	W	21	2	8.7%	2	2	55	37	0.98	1	1	9	12	1	1	A
I	3028125	T	W	20	2	9.09%	2	2	46	31	0.98	1	1	11	9	1	1	A
I	3028989	C	M	22	2	8.33%	2	2	46	55	0.98	1	1	8	14	1	1	A
I	3036899	T	W	23	2	8%	2	2	44	74	0.98	1	1	12	11	1	1	A
I	3051138	T	K	12	2	14.29%	2	1	40	37	0.98	1	1	8	4	2	0	G
I	3077547	T	K	5	2	28.57%	1	1	35	29	0.98	1	1	0	5	2	0	G
I	3077589	C	M	13	2	13.33%	2	1	42	31	0.98	1	1	5	8	2	0	A
I	3084204	A	R	24	2	7.69%	2	1	44	37	0.98	1	1	19	5	2	0	G
I	3093678	A	W	10	2	16.67%	2	1	48	61	0.98	1	1	7	3	2	0	T
I	3111508	A	G	0	16	100%	0	2	0	53	0.98	0	1	0	0	9	7	G
I	3115841	C	A	0	19	100%	0	2	0	46	0.98	0	1	0	0	9	10	A
I	3119299	G	A	0	9	100%	0	2	0	39	0.98	0	1	0	0	4	5	A
I	3130237	G	S	12	2	14.29%	2	2	48	31	0.98	1	1	6	6	1	1	C
I	3159128	A	M	38	2	5%	2	1	43	55	0.98	1	1	20	18	0	2	C
I	3179238	G	C	0	20	100%	0	2	0	49	0.98	0	1	0	0	8	12	C
I	3235197	A	R	20	2	9.09%	2	2	55	37	0.98	1	1	14	6	1	1	G
I	3240517	A	R	15	2	11.76%	2	2	43	55	0.98	1	1	7	8	1	1	G
I	3245952	A	R	7	2	22.22%	2	2	52	37	0.98	1	1	5	2	1	1	G
I	3262163	T	Y	15	2	11.76%	2	2	41	55	0.98	1	1	6	9	1	1	C
I	3295738	G	K	10	2	16.67%	2	1	43	24	0.98	1	1	6	4	0	2	T
I	3296504	A	R	26	2	7.14%	2	1	47	37	0.98	1	1	14	12	2	0	G
I	3305856	G	K	24	2	7.69%	2	1	42	31	0.98	1	1	11	13	2	0	T
I	3333322	T	Y	22	2	8.33%	2	2	49	42	0.98	1	1	11	11	1	1	C
I	3343000	A	M	29	2	6.45%	2	1	44	31	0.98	1	1	13	16	2	0	C
I	3343003	G	K	28	4	12.5%	2	2	41	37	0.98	1	1	12	16	2	2	T
I	3343031	T	K	19	2	9.52%	2	1	44	25	0.98	1	1	11	8	2	0	G
I	3378237	A	M	25	2	7.41%	2	1	54	55	0.98	1	1	16	9	0	2	C
I	3390813	T	Y	15	2	11.76%	2	2	46	31	0.98	1	1	9	6	1	1	C
I	3402283	C	M	28	2	6.67%	2	2	48	31	0.98	1	1	15	13	1	1	A
I	3405037	C	M	7	3	30%	2	1	43	26	0.98	1	1	3	4	3	0	A
I	3458724	T	Y	15	2	11.76%	2	2	46	42	0.98	1	1	6	9	1	1	C
I	3538450	A	T	0	9	100%	0	2	0	49	0.98	0	1	0	0	5	4	T
I	3548913	T	A	0	5	100%	0	2	0	49	0.98	0	1	0	0	1	4	A
I	3557792	C	M	10	2	16.67%	2	1	40	27	0.98	1	1	2	8	2	0	A
I	3572217	A	M	15	2	11.76%	2	2	49	42	0.98	1	1	13	2	1	1	C
I	3576756	T	Y	1	2	40%	1	1	37	37	0.98	1	1	0	1	2	0	C
I	3577656	T	C	3	12	80%	2	2	37	45	0.98	1	1	1	2	6	6	C
I	3583106	G	A	0	35	100%	0	2	0	49	0.98	0	1	0	0	17	18	A
I	3607668	T	Y	16	3	15.79%	2	2	53	49	0.98	1	1	10	6	1	2	C
I	3645880	A	M	10	2	16.67%	2	1	42	25	0.98	1	1	5	5	0	2	C
I	3657385	G	K	9	2	18.18%	1	1	35	29	0.98	1	1	9	0	0	2	T
I	3659744	G	K	20	3	13.04%	2	1	42	26	0.98	1	1	6	14	3	0	T
I	3660191	C	M	12	2	14.29%	2	1	40	25	0.98	1	1	11	1	0	2	A
I	3718765	G	K	14	2	12.5%	2	1	44	22	0.98	1	1	9	5	0	2	T
I	3736798	C	Y	15	2	11.76%	2	2	43	37	0.98	1	1	10	5	1	1	T
I	3761504	C	M	35	3	7.89%	2	2	47	74	0.98	1	1	23	12	1	2	A
I	3761560	T	Y	38	8	17.39%	2	2	54	60	0.98	1	1	20	18	6	2	C
I	3761566	T	Y	39	8	17.02%	2	2	50	60	0.98	1	1	22	17	6	2	C
I	3778776	C	Y	34	2	5.56%	2	1	45	37	0.98	1	1	24	10	0	2	T
I	3778777	C	Y	30	2	6.25%	2	1	46	37	0.98	1	1	23	7	0	2	T
I	3780769	G	K	33	3	8.33%	2	2	50	61	0.98	1	1	16	17	2	1	T
I	3786533	A	M	27	2	6.9%	2	1	46	37	0.98	1	1	14	13	0	2	C
I	3787831	T	Y	25	2	7.41%	2	2	45	49	0.98	1	1	15	10	1	1	C
I	3807119	A	M	26	2	7.14%	2	1	47	37	0.98	1	1	11	15	2	0	C
I	3844750	T	G	4	13	76.47%	2	2	55	50	0.98	1	1	2	2	12	1	G
I	3866559	A	M	19	2	9.52%	2	1	46	55	0.98	1	1	10	9	0	2	C
I	3873642	G	K	36	2	5.26%	2	2	46	37	0.98	1	1	11	25	1	1	T
I	3879458	T	W	12	2	14.29%	2	1	47	25	0.98	1	1	6	6	2	0	A
I	3959358	A	R	18	2	10%	2	1	50	37	0.98	1	1	13	5	2	0	G
I	3984278	C	Y	67	8	10.67%	2	2	46	49	0.98	1	1	40	27	3	5	T
I	3985711	G	K	18	2	10%	2	2	39	37	0.98	1	1	9	9	1	1	T
I	3988174	T	Y	31	2	6.06%	2	2	47	55	0.98	1	1	18	13	1	1	C
I	3995637	A	R	35	2	5.41%	2	1	44	55	0.98	1	1	30	5	2	0	G
I	3996055	G	S	68	4	5.56%	2	1	55	55	0.98	1	1	33	35	0	4	C
I	3996061	G	R	70	5	6.67%	2	1	54	59	0.98	1	1	37	33	0	5	A
I	4009156	T	G	1	6	85.71%	1	1	74	43	0.98	1	1	1	0	0	6	G
I	4028034	G	R	12	2	14.29%	2	1	45	31	0.98	1	1	8	4	0	2	A
I	4063679	C	Y	39	4	9.3%	2	2	48	44	0.98	1	1	17	22	2	2	T
I	4063718	T	Y	48	3	5.88%	2	2	48	26	0.98	1	1	22	26	1	2	C
I	4063802	G	R	55	4	6.78%	2	2	53	41	0.98	1	1	27	28	2	2	A
I	4172146	T	Y	27	2	6.9%	2	2	55	74	0.98	1	1	16	11	1	1	C
I	4192110	A	M	12	2	14.29%	2	1	39	37	0.98	1	1	7	5	0	2	C
I	4216396	C	M	13	2	13.33%	2	1	53	37	0.98	1	1	6	7	0	2	A
I	4268916	T	K	16	2	11.11%	2	1	35	25	0.98	1	1	1	15	2	0	G
I	4273537	A	R	14	2	12.5%	2	1	52	37	0.98	1	1	7	7	2	0	G
I	4288731	T	Y	16	2	11.11%	2	1	40	55	0.98	1	1	4	12	0	2	C
I	4298216	G	R	6	2	25%	2	2	41	31	0.98	1	1	3	3	1	1	A
I	4316443	C	Y	20	2	9.09%	2	1	57	29	0.98	1	1	7	13	0	2	T
I	4316946	A	W	11	2	15.38%	2	1	47	37	0.98	1	1	3	8	0	2	T
I	4344434	T	W	27	2	6.9%	2	2	49	37	0.98	1	1	11	16	1	1	A
I	4375421	A	T	0	14	100%	0	2	0	43	0.98	0	1	0	0	5	9	T
I	4400697	C	Y	24	2	7.69%	2	2	39	31	0.98	1	1	16	8	1	1	T
I	4442714	G	A	0	18	100%	0	2	0	42	0.98	0	1	0	0	5	13	A
I	4455149	G	R	0	2	40%	0	2	0	49	0.98	0	1	0	0	1	1	A
I	4488899	A	W	21	2	8.7%	2	2	45	37	0.98	1	1	12	9	1	1	T
I	4489573	T	Y	14	2	12.5%	2	1	41	37	0.98	1	1	7	7	0	2	C
I	4498387	A	R	30	2	6.25%	2	2	48	68	0.98	1	1	15	15	1	1	G
I	4557449	T	K	11	3	21.43%	2	1	43	30	0.98	1	1	3	8	3	0	G
I	4581911	G	R	8	2	20%	2	2	46	37	0.98	1	1	4	4	1	1	A
I	4582665	T	W	14	3	17.65%	2	1	34	30	0.98	1	1	1	13	3	0	A
I	4584957	C	Y	9	4	30.77%	2	2	41	37	0.98	1	1	4	5	2	2	T
I	4648160	G	T	0	3	100%	0	2	0	37	0.98	0	1	0	0	2	1	T
I	4648161	G	T	2	13	86.67%	1	2	37	38	0.98	1	1	2	0	9	4	T
I	4686246	C	Y	25	2	7.41%	2	1	50	37	0.98	1	1	11	14	2	0	T
I	4716429	T	Y	20	3	13.04%	2	1	45	37	0.98	1	1	8	12	0	3	C
I	4716436	T	Y	16	4	20%	2	1	45	37	0.98	1	1	9	7	0	4	C
I	4716438	T	W	17	4	19.05%	2	1	47	37	0.98	1	1	8	9	0	4	A
I	4716658	C	M	17	3	15%	2	1	39	26	0.98	1	1	14	3	0	3	A
I	4756368	A	R	20	2	9.09%	2	1	49	55	0.98	1	1	4	16	0	2	G
I	4771707	G	R	26	2	7.14%	2	2	44	37	0.98	1	1	11	15	1	1	A
I	4785121	A	M	3	2	40%	2	1	30	33	0.98	1	1	2	1	0	2	C
I	4885425	T	K	17	2	10.53%	2	1	47	25	0.98	1	1	5	12	2	0	G
I	4885450	C	M	19	2	9.52%	2	1	49	33	0.98	1	1	6	13	2	0	A
I	4885465	G	K	19	3	13.64%	2	1	46	31	0.98	1	1	5	14	3	0	T
I	4889587	T	Y	14	2	12.5%	2	2	50	37	0.98	1	1	8	6	1	1	C
I	4889589	T	K	14	2	12.5%	2	2	47	37	0.98	1	1	8	6	1	1	G
I	4919603	A	G	0	21	100%	0	2	0	53	0.98	0	1	0	0	5	16	G
I	4923278	C	S	22	2	8.33%	2	1	48	37	0.98	1	1	9	13	0	2	G
I	4942055	C	Y	29	2	6.45%	2	1	51	37	0.98	1	1	16	13	0	2	T
I	4996103	T	Y	17	2	10.53%	2	2	57	55	0.98	1	1	13	4	1	1	C
I	5036848	G	K	23	3	11.54%	2	1	40	30	0.98	1	1	22	1	0	3	T
I	5036862	A	M	22	3	12%	2	1	37	30	0.98	1	1	20	2	0	3	C
I	5051618	C	M	12	2	14.29%	2	1	41	28	0.98	1	1	7	5	2	0	A
I	5051653	T	W	16	2	11.11%	2	1	45	29	0.98	1	1	5	11	2	0	A
I	5103863	A	M	22	2	8.33%	2	1	46	49	0.98	1	1	7	15	0	2	C
I	5114574	G	K	20	2	9.09%	2	2	45	55	0.98	1	1	10	10	1	1	T
I	5192766	A	W	13	2	13.33%	2	1	48	25	0.98	1	1	8	5	0	2	T
I	5229721	T	K	22	2	8.33%	2	2	48	37	0.98	1	1	10	12	1	1	G
I	5243630	A	R	22	2	8.33%	2	1	41	37	0.98	1	1	7	15	2	0	G
I	5252193	G	R	11	2	15.38%	2	2	50	37	0.98	1	1	6	5	1	1	A
I	5258022	T	K	22	2	8.33%	2	1	47	55	0.98	1	1	6	16	2	0	G
I	5260890	T	Y	21	2	8.7%	2	2	53	49	0.98	1	1	7	14	1	1	C
I	5263230	A	R	20	2	9.09%	2	1	46	37	0.98	1	1	8	12	0	2	G
I	5267472	T	K	18	2	10%	2	2	42	37	0.98	1	1	10	8	1	1	G
I	5275802	A	W	6	3	33.33%	2	2	49	45	0.98	1	1	4	2	1	2	T
I	5300784	G	K	12	2	14.29%	2	1	35	25	0.98	1	1	1	11	2	0	T
I	5320872	T	Y	18	2	10%	2	1	45	55	0.98	1	1	7	11	0	2	C
I	5365087	A	M	30	2	6.25%	2	2	46	49	0.98	1	1	18	12	1	1	C
I	5400080	C	T	0	16	100%	0	2	0	47	0.98	0	1	0	0	6	10	T
I	5431678	G	K	19	2	9.52%	2	1	49	31	0.98	1	1	11	8	2	0	T
I	5441693	G	S	10	2	16.67%	2	2	39	37	0.98	1	1	2	8	1	1	C
I	5517179	A	M	16	2	11.11%	2	1	47	37	0.98	1	1	8	8	0	2	C
I	5534392	A	R	12	2	14.29%	2	2	42	37	0.98	1	1	4	8	1	1	G
I	5562193	A	R	11	11	50%	2	2	63	44	0.98	1	1	4	7	8	3	G
I	5569168	A	R	23	2	8%	2	1	49	37	0.98	1	1	8	15	0	2	G
I	5569182	A	W	24	2	7.69%	2	1	45	37	0.98	1	1	9	15	0	2	T
I	5573059	A	R	39	3	7.14%	2	2	47	61	0.98	1	1	16	23	2	1	G
I	5573076	T	Y	40	5	11.11%	2	2	45	49	0.98	1	1	18	22	4	1	C
I	5573112	A	M	31	3	8.82%	2	2	47	74	0.98	1	1	20	11	2	1	C
I	5573123	T	Y	30	4	11.76%	2	2	46	64	0.98	1	1	20	10	3	1	C
I	5573305	C	Y	55	3	5.17%	2	1	50	33	0.98	1	1	25	30	0	3	T
I	5573480	C	Y	38	2	5%	2	1	52	55	0.98	1	1	16	22	0	2	T
I	5573564	T	Y	21	2	8.7%	2	2	48	37	0.98	1	1	8	13	1	1	C
I	5573661	G	R	15	2	11.76%	2	2	56	74	0.98	1	1	11	4	1	1	A
I	5573676	T	Y	11	2	15.38%	2	2	57	55	0.98	1	1	9	2	1	1	C
I	5573851	T	Y	19	2	9.52%	2	1	46	37	0.98	1	1	10	9	2	0	C
I	5576809	C	Y	6	5	45.45%	2	2	41	34	0.98	1	1	3	3	1	4	T
I	5579055	C	Y	4	4	50%	2	1	64	55	0.98	1	1	2	2	0	4	T
II	1420	C	Y	31	2	6.06%	2	2	40	74	0.98	1	1	25	6	1	1	T
II	5104	G	R	40	3	6.98%	2	2	43	49	0.98	1	1	9	31	1	2	A
II	5135	C	S	34	4	10.53%	2	2	49	55	0.98	1	1	17	17	1	3	G
II	5157	A	W	35	3	7.89%	2	2	46	45	0.98	1	1	18	17	1	2	T
II	26584	T	Y	28	2	6.67%	2	2	52	55	0.98	1	1	18	10	1	1	C
II	86772	T	Y	16	2	11.11%	2	1	43	37	0.98	1	1	9	7	0	2	C
II	101519	A	R	27	2	6.9%	2	1	48	36	0.98	1	1	8	19	2	0	G
II	105544	T	Y	24	2	7.69%	2	1	54	37	0.98	1	1	17	7	2	0	C
II	105709	C	Y	23	3	11.54%	2	2	52	61	0.98	1	1	11	12	1	2	T
II	105808	T	Y	26	3	10.34%	2	2	52	61	0.98	1	1	10	16	2	1	C
II	105829	C	Y	31	2	6.06%	2	2	52	74	0.98	1	1	13	18	1	1	T
II	105862	T	Y	30	2	6.06%	2	1	54	37	0.98	1	1	15	15	2	0	C
II	105874	T	Y	34	4	10.53%	2	2	53	46	0.98	1	1	18	16	3	1	C
II	105886	T	Y	33	6	15.38%	2	2	52	61	0.98	1	1	17	16	5	1	C
II	105889	C	Y	34	6	15%	2	2	50	61	0.98	1	1	16	18	5	1	T
II	105916	C	Y	31	5	13.89%	2	2	53	59	0.98	1	1	15	16	1	4	T
II	105931	A	W	28	2	6.67%	2	2	55	74	0.98	1	1	14	14	1	1	T
II	105934	T	K	29	2	6.45%	2	2	56	74	0.98	1	1	14	15	1	1	G
II	105936	T	W	28	2	6.67%	2	2	56	74	0.98	1	1	15	13	1	1	A
II	105988	A	R	31	2	6.06%	2	1	52	55	0.98	1	1	17	14	0	2	G
II	105991	C	Y	31	2	6.06%	2	1	52	55	0.98	1	1	16	15	0	2	T
II	106174	T	Y	42	4	8.7%	2	2	51	74	0.98	1	1	23	19	2	2	C
II	106207	C	Y	41	3	6.82%	2	2	52	74	0.98	1	1	22	19	2	1	T
II	106267	T	Y	36	2	5.26%	2	1	42	37	0.98	1	1	16	20	2	0	C
II	106270	A	W	37	2	5.13%	2	1	46	37	0.98	1	1	17	20	2	0	T
II	106414	C	Y	33	3	8.33%	2	2	47	74	0.98	1	1	11	22	2	1	T
II	111414	C	Y	23	2	8%	2	1	42	37	0.98	1	1	8	15	2	0	T
II	111538	G	R	34	3	8.11%	2	1	52	45	0.98	1	1	21	13	3	0	A
II	111909	G	R	23	2	8%	2	1	44	37	0.98	1	1	11	12	2	0	A
II	111993	A	R	19	2	9.52%	2	2	52	55	0.98	1	1	10	9	1	1	G
II	112074	A	M	20	4	16.67%	2	2	40	64	0.98	1	1	5	15	3	1	C
II	112302	G	R	21	3	12.5%	2	1	48	49	0.98	1	1	14	7	3	0	A
II	112314	G	R	19	4	17.39%	2	1	50	46	0.98	1	1	14	5	4	0	A
II	112766	A	R	11	3	21.43%	2	1	51	37	0.98	1	1	7	4	0	3	G
II	116547	G	K	8	2	20%	2	2	41	22	0.98	1	1	3	5	1	1	T
II	247907	A	W	8	2	20%	2	2	64	37	0.98	1	1	7	1	1	1	T
II	257608	G	K	14	2	12.5%	2	1	45	27	0.98	1	1	12	2	0	2	T
II	266718	A	C	0	20	100%	0	2	0	43	0.98	0	1	0	0	6	14	C
II	266780	T	A	0	11	100%	0	2	0	47	0.98	0	1	0	0	6	5	A
II	269413	G	K	18	2	10%	2	1	44	25	0.98	1	1	9	9	2	0	T
II	276539	A	T	0	21	100%	0	2	0	51	0.98	0	1	0	0	9	12	T
II	343464	A	R	12	2	14.29%	2	2	55	68	0.98	1	1	8	4	1	1	G
II	349654	A	R	31	2	6.06%	2	1	52	37	0.98	1	1	15	16	2	0	G
II	410068	G	K	23	3	11.54%	2	1	42	31	0.98	1	1	19	4	0	3	T
II	445714	A	R	35	2	5.41%	2	1	49	37	0.98	1	1	18	17	2	0	G
II	510045	C	S	19	2	9.52%	2	2	42	55	0.98	1	1	5	14	1	1	G
II	511704	C	M	23	3	11.54%	2	1	44	37	0.98	1	1	15	8	3	0	A
II	526875	T	Y	21	2	8.7%	2	2	54	37	0.98	1	1	11	10	1	1	C
II	526951	C	Y	42	7	14.29%	2	1	49	45	0.98	1	1	22	20	7	0	T
II	526954	G	K	32	3	8.57%	2	1	48	33	0.98	1	1	23	9	0	3	T
II	526965	T	Y	27	4	12.9%	2	2	50	33	0.98	1	1	21	6	2	2	C
II	529854	C	M	3	2	40%	1	1	27	31	0.98	1	1	3	0	2	0	A
II	540591	C	M	8	2	20%	2	1	42	31	0.98	1	1	3	5	2	0	A
II	540603	C	M	10	3	23.08%	2	1	43	30	0.98	1	1	5	5	3	0	A
II	594355	A	R	30	2	6.25%	2	2	43	37	0.98	1	1	13	17	1	1	G
II	602647	C	S	4	9	69.23%	2	2	37	49	0.98	1	1	2	2	4	5	G
II	655396	G	K	25	2	7.41%	2	2	48	37	0.98	1	1	11	14	1	1	T
II	655398	T	W	25	2	7.41%	2	2	49	37	0.98	1	1	11	14	1	1	A
II	658618	T	Y	23	2	8%	2	2	61	37	0.98	1	1	11	12	1	1	C
II	670673	T	Y	45	6	11.76%	2	2	44	41	0.98	1	1	26	19	3	3	C
II	685728	G	A	0	13	100%	0	2	0	45	0.98	0	1	0	0	8	5	A
II	687748	C	Y	16	2	11.11%	2	2	40	55	0.98	1	1	6	10	1	1	T
II	687997	T	K	23	2	8%	2	1	47	55	0.98	1	1	14	9	2	0	G
II	688988	A	R	37	4	9.76%	2	2	45	35	0.98	1	1	22	15	2	2	G
II	689027	C	S	39	3	7.14%	2	1	47	46	0.98	1	1	16	23	0	3	G
II	689137	C	S	47	3	5.88%	2	2	51	45	0.98	1	1	17	30	1	2	G
II	689212	T	Y	30	2	6.25%	2	2	51	37	0.98	1	1	13	17	1	1	C
II	689241	C	Y	24	2	7.69%	2	2	47	37	0.98	1	1	9	15	1	1	T
II	689284	C	Y	18	2	10%	2	1	44	37	0.98	1	1	9	9	0	2	T
II	689313	C	Y	11	3	21.43%	2	2	53	37	0.98	1	1	6	5	1	2	T
II	689315	T	K	10	3	23.08%	2	2	51	33	0.98	1	1	5	5	1	2	G
II	689330	T	Y	9	3	25%	2	2	56	37	0.98	1	1	4	5	1	2	C
II	689428	C	Y	8	2	20%	2	1	51	37	0.98	1	1	3	5	0	2	T
II	689884	T	W	4	7	63.64%	2	1	49	37	0.98	1	1	2	2	7	0	A
II	689886	G	S	4	7	63.64%	2	1	55	37	0.98	1	1	2	2	7	0	C
II	689891	C	S	6	8	57.14%	2	1	49	37	0.98	1	1	4	2	8	0	G
II	689896	C	Y	5	11	68.75%	2	1	51	37	0.98	1	1	3	2	11	0	T
II	689902	T	Y	16	2	11.11%	2	1	44	33	0.98	1	1	13	3	2	0	C
II	689925	C	Y	20	2	9.09%	2	1	45	27	0.98	1	1	16	4	2	0	T
II	690046	C	Y	32	2	5.88%	2	1	55	37	0.98	1	1	19	13	2	0	T
II	690393	T	Y	49	3	5.77%	2	2	49	37	0.98	1	1	21	28	2	1	C
II	690465	C	Y	43	4	8.51%	2	1	47	37	0.98	1	1	23	20	0	4	T
II	690508	C	Y	46	3	6.12%	2	2	47	49	0.98	1	1	23	23	2	1	T
II	690770	G	S	44	4	8.33%	2	2	49	29	0.98	1	1	20	24	1	3	C
II	690904	T	Y	33	3	8.33%	2	2	47	37	0.98	1	1	16	17	2	1	C
II	691223	G	S	56	3	5.08%	2	2	41	37	0.98	1	1	30	26	2	1	C
II	691234	T	Y	49	3	5.77%	2	2	42	34	0.98	1	1	27	22	2	1	C
II	691560	T	Y	41	3	6.82%	2	1	49	49	0.98	1	1	19	22	3	0	C
II	691634	T	Y	37	3	7.5%	2	2	47	37	0.98	1	1	19	18	2	1	C
II	691882	T	Y	56	3	5.08%	2	2	47	33	0.98	1	1	37	19	1	2	C
II	691986	C	S	53	4	7.02%	2	1	46	33	0.98	1	1	15	38	0	4	G
II	691987	A	W	55	3	5.17%	2	1	47	37	0.98	1	1	15	40	0	3	T
II	692020	T	Y	48	4	7.69%	2	2	43	32	0.98	1	1	13	35	1	3	C
II	692092	C	Y	32	2	5.88%	2	2	47	31	0.98	1	1	10	22	1	1	T
II	692154	C	S	30	2	6.25%	2	1	48	55	0.98	1	1	16	14	2	0	G
II	692193	T	Y	15	5	25%	2	1	55	37	0.98	1	1	12	3	0	5	C
II	692195	G	K	15	5	25%	2	1	57	37	0.98	1	1	12	3	0	5	T
II	692304	T	W	11	2	15.38%	2	2	49	37	0.98	1	1	3	8	1	1	A
II	692884	T	Y	35	3	7.89%	2	1	52	37	0.98	1	1	16	19	3	0	C
II	693028	T	Y	27	5	15.62%	2	2	47	44	0.98	1	1	15	12	2	3	C
II	693106	T	Y	40	7	14.89%	2	2	42	39	0.98	1	1	28	12	6	1	C
II	693244	T	Y	54	7	11.48%	2	2	49	34	0.98	1	1	22	32	1	6	C
II	693316	C	Y	43	3	6.52%	2	2	43	34	0.98	1	1	12	31	1	2	T
II	693345	C	Y	31	3	8.82%	2	2	46	37	0.98	1	1	10	21	1	2	T
II	693347	T	K	32	2	5.88%	2	2	47	37	0.98	1	1	10	22	1	1	G
II	693414	C	S	23	2	8%	2	2	45	37	0.98	1	1	10	13	1	1	G
II	693499	C	T	0	12	100%	0	2	0	37	0.98	0	1	0	0	8	4	T
II	693568	T	Y	30	2	6.25%	2	1	39	37	0.98	1	1	22	8	0	2	C
II	693595	C	Y	36	3	7.69%	2	2	41	33	0.98	1	1	25	11	1	2	T
II	693709	T	K	45	3	6.25%	2	2	52	28	0.98	1	1	22	23	1	2	G
II	693754	T	Y	53	6	10.17%	2	2	49	37	0.98	1	1	20	33	4	2	C
II	693849	C	Y	55	3	5.17%	2	2	46	37	0.98	1	1	33	22	1	2	T
II	693921	C	Y	44	3	6.25%	2	2	45	37	0.98	1	1	23	21	1	2	T
II	693964	T	Y	51	5	8.93%	2	2	44	35	0.98	1	1	23	28	3	2	C
II	694006	C	Y	70	5	6.67%	2	2	48	44	0.98	1	1	36	34	3	2	T
II	694276	A	W	61	4	6.06%	2	2	45	46	0.98	1	1	33	28	1	3	T
II	694294	T	Y	59	4	6.35%	2	2	47	37	0.98	1	1	31	28	3	1	C
II	694474	C	Y	55	3	5.17%	2	2	45	34	0.98	1	1	25	30	2	1	T
II	694546	T	Y	47	4	7.84%	2	2	46	35	0.98	1	1	21	26	3	1	C
II	694618	T	Y	56	3	5.08%	2	2	48	37	0.98	1	1	21	35	1	2	C
II	694641	C	Y	52	4	7.14%	2	1	47	37	0.98	1	1	21	31	0	4	T
II	694643	T	Y	50	3	5.45%	2	1	48	37	0.98	1	1	19	31	0	3	C
II	694756	T	Y	50	3	5.66%	2	2	46	49	0.98	1	1	32	18	2	1	C
II	694838	T	Y	45	3	6.25%	2	1	50	34	0.98	1	1	22	23	0	3	C
II	694864	T	Y	41	3	6.82%	2	2	47	49	0.98	1	1	16	25	2	1	C
II	694982	T	Y	42	4	8.7%	2	2	45	37	0.98	1	1	22	20	3	1	C
II	695185	G	S	35	2	5.41%	2	1	48	37	0.98	1	1	18	17	2	0	C
II	695827	C	T	0	16	100%	0	2	0	43	0.98	0	1	0	0	12	4	T
II	695908	T	Y	30	2	6.25%	2	2	37	37	0.98	1	1	17	13	1	1	C
II	695944	C	Y	36	3	7.69%	2	1	39	37	0.98	1	1	22	14	0	3	T
II	695980	T	Y	36	2	5.26%	2	1	40	37	0.98	1	1	22	14	0	2	C
II	696376	T	Y	54	3	5.26%	2	2	45	37	0.98	1	1	35	19	2	1	C
II	696592	T	Y	56	3	5.08%	2	1	49	37	0.98	1	1	24	32	3	0	C
II	696619	A	W	56	3	5.08%	2	1	48	34	0.98	1	1	29	27	0	3	T
II	696664	T	Y	61	5	7.58%	2	2	45	37	0.98	1	1	24	37	3	2	C
II	696837	C	Y	38	2	5%	2	1	43	55	0.98	1	1	19	19	0	2	T
II	696922	T	Y	47	3	6%	2	2	45	33	0.98	1	1	22	25	2	1	C
II	696945	C	Y	45	3	6.25%	2	2	45	37	0.98	1	1	21	24	2	1	T
II	697642	T	Y	39	4	9.3%	2	2	50	35	0.98	1	1	18	21	2	2	C
II	699951	T	G	0	15	100%	0	2	0	51	0.98	0	1	0	0	5	10	G
II	699952	G	T	0	15	100%	0	2	0	51	0.98	0	1	0	0	5	10	T
II	699961	A	T	0	15	100%	0	2	0	51	0.98	0	1	0	0	5	10	T
II	700019	T	A	0	7	100%	0	2	0	42	0.98	0	1	0	0	1	6	A
II	700020	C	T	0	7	100%	0	2	0	42	0.98	0	1	0	0	1	6	T
II	700021	A	C	0	7	100%	0	2	0	42	0.98	0	1	0	0	1	6	C
II	700024	T	A	0	7	100%	0	2	0	42	0.98	0	1	0	0	1	6	A
II	700028	A	T	0	7	100%	0	2	0	42	0.98	0	1	0	0	1	6	T
II	700113	A	T	0	12	100%	0	2	0	49	0.98	0	1	0	0	5	7	T
II	706473	T	K	23	2	8%	2	2	48	49	0.98	1	1	12	11	1	1	G
II	718531	C	Y	22	4	15.38%	2	2	48	37	0.98	1	1	11	11	2	2	T
II	770116	C	S	10	2	16.67%	2	1	46	37	0.98	1	1	4	6	2	0	G
II	780035	A	R	23	2	8%	2	2	49	55	0.98	1	1	14	9	1	1	G
II	782375	G	R	11	2	15.38%	2	1	39	33	0.98	1	1	10	1	0	2	A
II	798548	A	M	20	2	9.09%	2	1	49	37	0.98	1	1	11	9	0	2	C
II	798597	T	Y	19	2	9.52%	2	1	50	49	0.98	1	1	13	6	0	2	C
II	802678	C	M	19	2	9.52%	2	2	46	37	0.98	1	1	12	7	1	1	A
II	845887	C	M	12	2	14.29%	2	1	46	31	0.98	1	1	6	6	0	2	A
II	869806	G	C	0	17	100%	0	2	0	44	0.98	0	1	0	0	6	11	C
II	879033	T	A	0	7	100%	0	2	0	47	0.98	0	1	0	0	4	3	A
II	916610	T	W	15	2	11.76%	2	2	48	31	0.98	1	1	5	10	1	1	A
II	923543	C	A	0	18	100%	0	2	0	49	0.98	0	1	0	0	6	12	A
II	943554	C	A	0	11	100%	0	2	0	40	0.98	0	1	0	0	6	5	A
II	953201	A	G	0	16	100%	0	2	0	41	0.98	0	1	0	0	6	10	G
II	967094	A	G	0	10	100%	0	2	0	51	0.98	0	1	0	0	4	6	G
II	996023	A	M	19	2	9.52%	2	2	44	55	0.98	1	1	11	8	1	1	C
II	1024078	A	R	36	2	5.26%	2	2	52	37	0.98	1	1	19	17	1	1	G
II	1030542	A	R	15	2	11.76%	2	1	41	37	0.98	1	1	8	7	2	0	G
II	1035000	A	R	20	2	9.09%	2	1	44	37	0.98	1	1	11	9	2	0	G
II	1074552	T	K	8	2	20%	2	1	36	31	0.98	1	1	2	6	2	0	G
II	1081688	T	K	12	2	14.29%	2	1	41	37	0.98	1	1	3	9	2	0	G
II	1104941	G	K	12	2	13.33%	1	1	36	33	0.98	1	1	12	0	0	2	T
II	1115144	G	K	12	2	14.29%	2	1	41	42	0.98	1	1	1	11	2	0	T
II	1117450	C	M	23	2	8%	2	1	41	37	0.98	1	1	10	13	2	0	A
II	1137760	A	R	16	2	11.11%	2	2	46	37	0.98	1	1	10	6	1	1	G
II	1153293	A	M	18	2	10%	2	2	46	37	0.98	1	1	10	8	1	1	C
II	1155903	T	A	0	10	100%	0	2	0	46	0.98	0	1	0	0	2	8	A
II	1159678	G	C	0	8	100%	0	2	0	46	0.98	0	1	0	0	4	4	C
II	1159694	A	T	0	11	100%	0	2	0	56	0.98	0	1	0	0	4	7	T
II	1173802	T	Y	15	2	11.76%	2	1	46	37	0.98	1	1	5	10	0	2	C
II	1256887	T	Y	14	2	12.5%	2	1	40	37	0.98	1	1	7	7	0	2	C
II	1258011	C	M	13	2	13.33%	2	2	50	37	0.98	1	1	7	6	1	1	A
II	1265312	T	K	27	2	6.9%	2	1	43	42	0.98	1	1	19	8	0	2	G
II	1279417	C	Y	21	2	8.7%	2	1	48	37	0.98	1	1	15	6	0	2	T
II	1295591	G	R	23	2	8%	2	2	49	37	0.98	1	1	7	16	1	1	A
II	1300034	C	M	18	6	25%	2	2	42	38	0.98	1	1	8	10	3	3	A
II	1300042	A	W	23	3	11.54%	2	2	39	37	0.98	1	1	10	13	2	1	T
II	1300043	C	M	20	4	14.29%	2	2	41	43	0.98	1	1	9	11	1	3	A
II	1300043	C	S	20	4	14.29%	2	2	41	37	0.98	1	1	9	11	2	2	A
II	1300049	C	M	19	3	11.54%	2	2	42	49	0.98	1	1	9	10	1	2	A
II	1300049	C	S	19	4	15.38%	2	2	42	34	0.98	1	1	9	10	2	2	G
II	1300055	G	R	27	2	6.9%	2	2	40	55	0.98	1	1	13	14	1	1	A
II	1300061	G	R	23	3	11.54%	2	2	41	45	0.98	1	1	11	12	2	1	A
II	1300067	G	R	24	2	7.69%	2	2	40	55	0.98	1	1	11	13	1	1	A
II	1300073	G	R	22	4	15.38%	2	2	41	46	0.98	1	1	10	12	2	2	A
II	1300079	T	W	19	6	21.43%	2	2	41	49	0.98	1	1	9	10	4	2	A
II	1300079	T	K	19	3	10.71%	2	2	41	37	0.98	1	1	9	10	2	1	A
II	1300082	G	R	22	5	17.24%	2	2	43	44	0.98	1	1	11	11	3	2	A
II	1300082	G	K	22	2	6.9%	2	2	43	33	0.98	1	1	11	11	1	1	A
II	1300085	A	R	27	3	10%	2	2	47	37	0.98	1	1	13	14	2	1	G
II	1300091	A	R	26	4	13.33%	2	2	46	35	0.98	1	1	12	14	3	1	G
II	1300097	A	R	25	3	10.71%	2	2	53	37	0.98	1	1	14	11	2	1	G
II	1300103	C	M	19	7	26.92%	2	2	43	48	0.98	1	1	8	11	6	1	A
II	1300115	G	R	17	5	20.83%	2	2	42	47	0.98	1	1	9	8	3	2	A
II	1300118	A	W	23	2	8%	2	1	47	29	0.98	1	1	11	12	2	0	T
II	1300121	C	M	18	6	22.22%	2	2	42	61	0.98	1	1	8	10	3	3	A
II	1300121	C	Y	18	3	11.11%	2	2	42	37	0.98	1	1	8	10	2	1	A
II	1300124	C	M	18	5	19.23%	2	2	48	57	0.98	1	1	9	9	2	3	A
II	1300124	C	Y	18	3	11.54%	2	2	48	34	0.98	1	1	9	9	2	1	A
II	1300130	C	M	17	8	32%	2	2	49	48	0.98	1	1	8	9	4	4	A
II	1313357	A	M	19	2	9.52%	2	2	52	55	0.98	1	1	9	10	1	1	C
II	1314824	A	R	16	2	11.11%	2	1	48	37	0.98	1	1	7	9	2	0	G
II	1314879	T	Y	18	2	10%	2	1	44	37	0.98	1	1	5	13	2	0	C
II	1319347	C	M	11	2	15.38%	2	1	43	25	0.98	1	1	6	5	0	2	A
II	1359720	A	R	21	2	8.7%	2	1	47	37	0.98	1	1	8	13	2	0	G
II	1392425	T	K	13	2	13.33%	2	1	45	37	0.98	1	1	4	9	2	0	G
II	1398509	G	K	15	2	11.76%	2	1	50	31	0.98	1	1	9	6	0	2	T
II	1403439	C	M	10	2	16.67%	2	1	48	27	0.98	1	1	9	1	0	2	A
II	1405171	C	M	14	2	12.5%	2	2	45	37	0.98	1	1	9	5	1	1	A
II	1413588	T	C	0	20	100%	0	2	0	47	0.98	0	1	0	0	10	10	C
II	1445087	G	K	11	2	15.38%	2	1	40	27	0.98	1	1	7	4	2	0	T
II	1473125	C	Y	8	2	20%	2	2	50	37	0.98	1	1	3	5	1	1	T
II	1504518	A	W	30	2	6.25%	2	1	56	27	0.98	1	1	20	10	0	2	T
II	1565393	G	R	8	2	20%	2	2	40	37	0.98	1	1	5	3	1	1	A
II	1577348	A	R	24	2	7.69%	2	2	44	55	0.98	1	1	12	12	1	1	G
II	1578439	T	W	20	2	9.09%	2	2	45	37	0.98	1	1	8	12	1	1	A
II	1588936	G	R	2	3	50%	1	1	33	37	0.98	1	1	2	0	0	3	A
II	1598043	C	M	7	7	50%	2	2	44	60	0.98	1	1	3	4	1	6	A
II	1606809	G	K	73	5	6.41%	2	2	50	64	0.98	1	1	27	46	2	3	T
II	1635004	A	M	16	2	11.11%	2	1	43	33	0.98	1	1	11	5	0	2	C
II	1636715	T	Y	37	2	5.13%	2	1	50	55	0.98	1	1	19	18	2	0	C
II	1659853	C	Y	23	3	11.54%	2	2	55	37	0.98	1	1	14	9	1	2	T
II	1672859	C	T	0	30	100%	0	2	0	50	0.98	0	1	0	0	16	14	T
II	1673002	G	C	0	27	100%	0	2	0	47	0.98	0	1	0	0	9	18	C
II	1678693	T	A	0	9	100%	0	2	0	48	0.98	0	1	0	0	6	3	A
II	1683324	T	G	0	25	100%	0	2	0	44	0.98	0	1	0	0	10	15	G
II	1697124	C	T	0	16	100%	0	2	0	47	0.98	0	1	0	0	11	5	T
II	1709559	T	K	20	2	9.09%	2	1	48	25	0.98	1	1	8	12	0	2	G
II	1709562	C	M	20	3	13.04%	2	1	53	37	0.98	1	1	7	13	0	3	A
II	1716272	C	Y	7	7	50%	2	2	34	39	0.98	1	1	1	6	6	1	T
II	1716288	G	T	0	6	100%	0	2	0	49	0.98	0	1	0	0	4	2	T
II	1716318	A	G	0	16	100%	0	2	0	37	0.98	0	1	0	0	6	10	G
II	1716320	T	G	0	15	100%	0	2	0	39	0.98	0	1	0	0	5	10	G
II	1716326	G	T	0	19	100%	0	2	0	46	0.98	0	1	0	0	8	11	T
II	1728071	T	Y	25	2	7.41%	2	2	48	42	0.98	1	1	17	8	1	1	C
II	1751787	T	W	20	2	9.09%	2	1	40	27	0.98	1	1	11	9	2	0	A
II	1781033	T	K	10	2	16.67%	2	1	47	55	0.98	1	1	4	6	2	0	G
II	1784826	G	A	0	16	100%	0	2	0	49	0.98	0	1	0	0	6	10	A
II	1849777	G	A	0	14	100%	0	2	0	47	0.98	0	1	0	0	6	8	A
II	1874374	T	Y	23	2	8%	2	2	46	61	0.98	1	1	17	6	1	1	C
II	1879898	T	Y	18	2	10%	2	1	54	55	0.98	1	1	9	9	2	0	C
II	1900256	T	Y	9	2	18.18%	2	2	53	37	0.98	1	1	4	5	1	1	C
II	1949417	A	M	15	2	11.76%	2	1	44	55	0.98	1	1	9	6	0	2	C
II	1951073	T	K	32	3	8.57%	2	1	40	29	0.98	1	1	6	26	3	0	G
II	1962419	T	A	0	29	100%	0	2	0	45	0.98	0	1	0	0	12	17	A
II	1962439	A	G	0	27	100%	0	2	0	41	0.98	0	1	0	0	13	14	G
II	1962458	T	A	0	23	100%	0	2	0	46	0.98	0	1	0	0	12	11	A
II	1969736	G	R	12	32	72.73%	2	2	59	40	0.98	1	1	6	6	26	6	A
II	1987098	C	A	0	19	100%	0	2	0	47	0.98	0	1	0	0	10	9	A
II	1989357	T	W	13	2	13.33%	2	1	56	31	0.98	1	1	5	8	2	0	A
II	1999723	T	W	23	3	11.54%	2	1	47	33	0.98	1	1	10	13	3	0	A
II	1999724	T	W	23	3	11.54%	2	1	47	37	0.98	1	1	9	14	3	0	A
II	2020329	G	R	33	2	5.71%	2	2	48	37	0.98	1	1	18	15	1	1	A
II	2020330	T	Y	33	2	5.71%	2	2	47	37	0.98	1	1	18	15	1	1	C
II	2034928	A	R	20	2	9.09%	2	1	43	25	0.98	1	1	12	8	2	0	G
II	2044929	A	T	0	7	100%	0	2	0	52	0.98	0	1	0	0	4	3	T
II	2096935	C	M	24	2	7.69%	2	2	46	29	0.98	1	1	14	10	1	1	A
II	2110008	A	W	10	2	16.67%	2	2	44	31	0.98	1	1	4	6	1	1	T
II	2116774	A	R	13	2	13.33%	2	1	54	37	0.98	1	1	6	7	2	0	G
II	2136659	A	M	7	2	22.22%	2	1	56	37	0.98	1	1	5	2	0	2	C
II	2141938	C	M	8	2	20%	2	1	50	25	0.98	1	1	3	5	2	0	A
II	2164486	G	S	27	2	6.9%	2	2	45	55	0.98	1	1	13	14	1	1	C
II	2200029	G	R	35	3	7.89%	2	1	48	49	0.98	1	1	17	18	0	3	A
II	2228775	T	G	0	7	100%	0	2	0	37	0.98	0	1	0	0	6	1	G
II	2228777	G	T	0	7	100%	0	2	0	37	0.98	0	1	0	0	6	1	T
II	2249258	G	R	19	2	9.52%	2	2	40	37	0.98	1	1	14	5	1	1	A
II	2255132	G	R	8	2	20%	2	2	49	25	0.98	1	1	5	3	1	1	A
II	2269460	T	K	7	2	22.22%	2	1	47	29	0.98	1	1	2	5	2	0	G
II	2281494	G	K	22	2	8.33%	2	2	48	37	0.98	1	1	12	10	1	1	T
II	2293880	T	Y	30	2	6.25%	2	2	51	37	0.98	1	1	11	19	1	1	C
II	2298335	T	K	22	2	8.33%	2	2	51	31	0.98	1	1	12	10	1	1	G
II	2298749	T	K	30	2	6.25%	2	2	51	37	0.98	1	1	7	23	1	1	G
II	2323971	T	K	13	2	13.33%	2	2	55	31	0.98	1	1	7	6	1	1	G
II	2358692	G	K	9	2	18.18%	2	2	45	37	0.98	1	1	5	4	1	1	T
II	2403176	T	Y	19	2	9.52%	2	1	44	55	0.98	1	1	10	9	2	0	C
II	2421411	T	K	4	3	42.86%	1	1	37	30	0.98	1	1	0	4	3	0	G
II	2436580	C	G	0	20	100%	0	2	0	49	0.98	0	1	0	0	9	11	G
II	2437555	C	M	50	3	5.66%	2	2	46	31	0.98	1	1	24	26	1	2	A
II	2437571	G	S	51	4	7.27%	2	2	48	37	0.98	1	1	25	26	2	2	C
II	2437612	A	W	74	20	21.28%	2	2	45	48	0.98	1	1	42	32	13	7	T
II	2437627	C	Y	51	53	50.96%	2	2	45	49	0.98	1	1	26	25	35	18	T
II	2437629	G	R	76	28	26.92%	2	2	46	42	0.98	1	1	43	33	19	9	A
II	2437646	G	R	89	29	24.58%	2	2	44	48	0.98	1	1	53	36	20	9	A
II	2437651	T	W	105	8	7.08%	2	2	49	38	0.98	1	1	65	40	6	2	A
II	2437655	G	R	110	6	5.17%	2	2	48	39	0.98	1	1	66	44	5	1	A
II	2437666	T	Y	113	6	5.04%	2	2	49	39	0.98	1	1	66	47	4	2	C
II	2437684	T	W	92	28	23.33%	2	2	51	43	0.98	1	1	61	31	14	14	A
II	2437688	A	R	89	27	23.28%	2	2	54	42	0.98	1	1	57	32	16	11	G
II	2437769	A	W	88	18	16.98%	2	2	49	41	0.98	1	1	44	44	6	12	T
II	2437771	A	M	90	17	15.89%	2	2	49	45	0.98	1	1	44	46	6	11	C
II	2437780	A	W	93	9	8.82%	2	2	48	35	0.98	1	1	43	50	1	8	T
II	2437783	T	Y	89	6	6.32%	2	2	48	35	0.98	1	1	39	50	1	5	C
II	2437786	T	W	94	6	6%	2	2	48	43	0.98	1	1	39	55	1	5	A
II	2437855	A	M	51	41	44.57%	2	2	42	51	0.98	1	1	18	33	12	29	C
II	2437871	A	R	89	6	6.32%	2	1	48	43	0.98	1	1	34	55	0	6	G
II	2437918	T	Y	55	23	29.49%	2	2	47	54	0.98	1	1	28	27	8	15	C
II	2437936	A	W	59	12	16.9%	2	2	48	52	0.98	1	1	34	25	4	8	T
II	2437942	G	K	52	11	17.46%	2	2	47	49	0.98	1	1	30	22	5	6	T
II	2437951	C	Y	52	7	11.86%	2	2	48	58	0.98	1	1	26	26	3	4	T
II	2437970	G	R	60	5	7.69%	2	2	49	51	0.98	1	1	24	36	2	3	A
II	2437978	T	Y	59	4	6.35%	2	2	48	55	0.98	1	1	24	35	1	3	C
II	2437985	A	W	56	4	6.56%	2	2	49	46	0.98	1	1	20	36	1	3	T
II	2444543	T	C	0	24	100%	0	2	0	46	0.98	0	1	0	0	13	11	C
II	2458899	C	S	15	2	11.76%	2	1	44	49	0.98	1	1	6	9	2	0	G
II	2474301	A	M	15	2	11.76%	2	1	41	55	0.98	1	1	4	11	0	2	C
II	2490699	C	M	11	2	15.38%	2	2	43	37	0.98	1	1	8	3	1	1	A
II	2493218	T	Y	19	2	9.52%	2	2	47	74	0.98	1	1	9	10	1	1	C
II	2619952	T	K	20	6	23.08%	2	2	53	37	0.98	1	1	11	9	3	3	G
II	2676336	C	T	0	13	100%	0	2	0	51	0.98	0	1	0	0	6	7	T
II	2711688	A	R	26	2	7.14%	2	2	46	37	0.98	1	1	20	6	1	1	G
II	2729095	C	M	17	2	10.53%	2	1	41	31	0.98	1	1	9	8	0	2	A
II	2734599	A	W	15	2	11.76%	2	1	48	31	0.98	1	1	8	7	0	2	T
II	2770784	A	M	6	2	25%	2	1	43	37	0.98	1	1	3	3	0	2	C
II	2793041	C	Y	12	2	14.29%	2	2	56	55	0.98	1	1	6	6	1	1	T
II	2798515	G	A	0	4	100%	0	2	0	37	0.98	0	1	0	0	3	1	A
II	2806053	G	A	0	19	100%	0	2	0	45	0.98	0	1	0	0	13	6	A
II	2836238	A	M	12	2	14.29%	2	1	37	24	0.98	1	1	10	2	0	2	C
II	2901509	G	T	0	33	100%	0	2	0	42	0.98	0	1	0	0	12	21	T
II	2914774	C	M	20	3	13.04%	2	1	45	26	0.98	1	1	13	7	0	3	A
II	2955098	C	M	8	2	20%	1	1	35	37	0.98	1	1	8	0	0	2	A
II	2955105	T	W	10	2	16.67%	2	1	41	31	0.98	1	1	8	2	0	2	A
II	3006137	A	T	0	10	100%	0	2	0	51	0.98	0	1	0	0	1	9	T
II	3008790	A	R	31	2	6.06%	2	1	50	74	0.98	1	1	15	16	2	0	G
II	3164471	T	K	16	2	11.11%	2	1	44	27	0.98	1	1	4	12	2	0	G
II	3254243	G	S	15	2	11.76%	2	1	46	37	0.98	1	1	8	7	0	2	C
II	3296664	A	W	13	2	13.33%	2	2	42	31	0.98	1	1	6	7	1	1	T
II	3323879	G	K	9	2	18.18%	2	1	38	31	0.98	1	1	1	8	2	0	T
II	3323896	C	M	11	2	15.38%	2	1	34	31	0.98	1	1	2	9	2	0	A
II	3408729	C	Y	18	2	10%	2	2	46	37	0.98	1	1	13	5	1	1	T
II	3440946	A	M	30	2	6.25%	2	2	50	55	0.98	1	1	17	13	1	1	C
II	3492393	C	M	15	2	11.76%	2	1	46	27	0.98	1	1	8	7	0	2	A
II	3514678	A	W	20	2	9.09%	2	2	45	49	0.98	1	1	12	8	1	1	T
II	3522821	A	M	13	2	13.33%	2	2	51	37	0.98	1	1	7	6	1	1	C
II	3532163	A	M	7	3	25%	2	1	50	29	0.98	1	1	5	2	0	3	C
II	3532563	G	R	7	4	36.36%	2	2	58	37	0.98	1	1	4	3	2	2	A
II	3540390	C	Y	13	2	13.33%	2	2	45	37	0.98	1	1	5	8	1	1	T
II	3552067	T	W	21	2	8.7%	2	2	44	37	0.98	1	1	15	6	1	1	A
II	3635589	A	R	7	2	22.22%	2	1	44	37	0.98	1	1	2	5	0	2	G
II	3664429	C	M	12	2	14.29%	2	1	45	27	0.98	1	1	11	1	0	2	A
II	3664435	C	M	11	2	15.38%	2	1	43	27	0.98	1	1	10	1	0	2	A
II	3685053	T	Y	9	2	18.18%	2	2	53	37	0.98	1	1	5	4	1	1	C
II	3750231	T	K	16	2	11.11%	2	2	50	55	0.98	1	1	8	8	1	1	G
II	3773031	T	Y	21	2	8.7%	2	2	54	68	0.98	1	1	9	12	1	1	C
II	3851971	C	Y	20	2	9.09%	2	2	41	37	0.98	1	1	6	14	1	1	T
II	3860190	A	M	6	2	25%	2	1	49	37	0.98	1	1	3	3	2	0	C
II	3861465	T	K	4	4	50%	2	1	42	32	0.98	1	1	1	3	4	0	G
II	3934707	T	Y	15	3	16.67%	2	2	51	49	0.98	1	1	8	7	1	2	C
II	3947304	T	W	22	2	8.33%	2	1	43	74	0.98	1	1	9	13	2	0	A
II	3951265	G	R	17	3	15%	2	2	47	49	0.98	1	1	5	12	2	1	A
II	3955171	T	K	10	2	16.67%	2	2	39	37	0.98	1	1	8	2	1	1	G
II	4122326	T	C	0	25	100%	0	2	0	54	0.98	0	1	0	0	11	14	C
II	4136626	A	M	15	2	11.76%	2	1	44	37	0.98	1	1	6	9	0	2	C
II	4136681	T	Y	16	2	11.11%	2	1	53	37	0.98	1	1	7	9	0	2	C
II	4179088	A	M	8	2	20%	2	1	44	37	0.98	1	1	6	2	0	2	C
II	4204921	T	W	33	2	5.71%	2	1	45	31	0.98	1	1	16	17	2	0	A
II	4204949	G	K	33	2	5.71%	2	1	44	25	0.98	1	1	13	20	2	0	T
II	4227092	G	R	7	3	30%	2	2	45	49	0.98	1	1	5	2	2	1	A
II	4246424	A	M	28	2	6.67%	2	1	53	37	0.98	1	1	17	11	0	2	C
II	4273553	G	R	29	2	6.45%	2	2	47	31	0.98	1	1	22	7	1	1	A
II	4273577	A	R	28	3	9.68%	2	2	52	37	0.98	1	1	21	7	2	1	G
II	4273664	T	K	30	2	6.25%	2	1	46	55	0.98	1	1	13	17	2	0	G
II	4274064	T	K	18	2	10%	2	1	53	49	0.98	1	1	8	10	0	2	G
II	4313533	T	Y	19	2	9.52%	2	1	54	37	0.98	1	1	10	9	0	2	C
II	4321021	A	R	19	2	9.52%	2	2	50	37	0.98	1	1	9	10	1	1	G
II	4329056	T	K	11	2	15.38%	2	1	44	25	0.98	1	1	6	5	0	2	G
II	4335375	C	M	14	2	12.5%	2	2	38	25	0.98	1	1	7	7	1	1	A
II	4345274	T	K	9	2	18.18%	2	1	46	27	0.98	1	1	2	7	2	0	G
II	4400422	G	K	13	2	13.33%	2	1	45	37	0.98	1	1	9	4	0	2	T
II	4400666	A	C	0	8	100%	0	2	0	41	0.98	0	1	0	0	4	4	C
II	4422375	T	Y	45	3	6.25%	2	2	41	33	0.98	1	1	19	26	2	1	C
II	4423311	T	Y	38	2	5%	2	1	43	37	0.98	1	1	18	20	2	0	C
II	4423500	C	Y	33	4	10.81%	2	2	51	32	0.98	1	1	14	19	2	2	T
II	4423549	A	R	32	4	11.11%	2	2	43	37	0.98	1	1	15	17	2	2	G
II	4424545	G	R	38	2	5%	2	2	56	37	0.98	1	1	26	12	1	1	A
II	4424547	G	K	35	5	12.5%	2	2	57	33	0.98	1	1	26	9	3	2	T
II	4424552	A	M	36	2	5.26%	2	2	54	37	0.98	1	1	26	10	1	1	C
II	4437789	G	R	62	7	10.14%	2	2	52	37	0.98	1	1	38	24	6	1	A
II	4437796	C	Y	65	7	9.72%	2	2	50	37	0.98	1	1	39	26	6	1	T
II	4437800	A	R	64	7	9.86%	2	2	49	47	0.98	1	1	38	26	5	2	G
II	4452482	G	S	11	2	15.38%	2	2	40	74	0.98	1	1	6	5	1	1	C
II	4452483	A	R	12	2	14.29%	2	2	40	74	0.98	1	1	6	6	1	1	G
II	4452498	G	R	9	3	25%	2	2	41	61	0.98	1	1	6	3	2	1	A
II	4452500	C	Y	10	3	23.08%	2	2	38	61	0.98	1	1	6	4	2	1	T
II	4459096	C	Y	23	3	11.54%	2	2	53	74	0.98	1	1	10	13	1	2	T
II	4459100	A	R	22	3	12%	2	2	52	74	0.98	1	1	10	12	1	2	G
II	4459104	C	M	23	3	11.54%	2	2	54	74	0.98	1	1	11	12	1	2	A
II	4459108	A	R	23	2	8%	2	2	53	74	0.98	1	1	11	12	1	1	G
II	4459116	C	M	24	2	7.69%	2	2	56	74	0.98	1	1	10	14	1	1	A
II	4459118	C	Y	25	2	7.14%	2	2	53	74	0.98	1	1	12	13	1	1	T
II	4470390	T	Y	14	2	12.5%	2	1	52	55	0.98	1	1	5	9	0	2	C
II	4481464	T	Y	33	2	5.71%	2	2	55	55	0.98	1	1	20	13	1	1	C
II	4502746	C	S	6	3	33.33%	2	2	43	45	0.98	1	1	2	4	1	2	G
II	4504401	A	M	23	2	8%	2	1	48	31	0.98	1	1	9	14	0	2	C
II	4507767	T	W	18	5	21.74%	2	2	40	59	0.98	1	1	7	11	1	4	A
II	4507789	G	S	19	4	17.39%	2	2	44	55	0.98	1	1	10	9	1	3	C
II	4513966	A	R	22	3	12%	2	1	50	45	0.98	1	1	6	16	0	3	G
II	4513980	A	W	25	3	10.71%	2	1	48	33	0.98	1	1	8	17	0	3	T
II	4517044	T	Y	48	3	5.88%	2	2	49	31	0.98	1	1	22	26	1	2	C
II	4518273	T	Y	44	5	10.2%	2	2	49	44	0.98	1	1	22	22	4	1	C
II	4518281	A	R	45	4	8.16%	2	2	49	46	0.98	1	1	25	20	3	1	G
II	4518297	G	R	41	4	8.89%	2	1	49	37	0.98	1	1	22	19	4	0	A
II	4518309	C	Y	41	3	6.82%	2	2	48	49	0.98	1	1	23	18	2	1	T
II	4518427	T	Y	51	5	8.93%	2	2	50	51	0.98	1	1	26	25	2	3	C
II	4518435	T	Y	51	3	5.56%	2	2	50	49	0.98	1	1	22	29	2	1	C
II	4518490	G	R	55	3	5.17%	2	1	48	49	0.98	1	1	26	29	3	0	A
II	4518515	T	Y	51	3	5.56%	2	2	49	37	0.98	1	1	30	21	1	2	C
II	4521636	C	Y	5	2	28.57%	2	1	44	74	0.98	1	1	1	4	0	2	T
II	4523882	C	Y	20	17	45.95%	2	2	46	42	0.98	1	1	10	10	13	4	T
II	4525822	C	Y	6	2	25%	2	1	43	37	0.98	1	1	4	2	0	2	T
II	4525966	C	Y	12	2	14.29%	2	2	46	31	0.98	1	1	4	8	1	1	T
II	4526870	C	M	13	2	13.33%	1	1	36	31	0.98	1	1	0	13	2	0	A
II	4526872	C	M	17	2	10.53%	2	1	35	31	0.98	1	1	4	13	2	0	A
II	4527879	G	S	19	2	9.52%	2	2	44	42	0.98	1	1	10	9	1	1	C
II	4527881	C	Y	18	5	21.74%	2	2	41	34	0.98	1	1	12	6	1	4	T
II	4528494	G	R	39	4	9.3%	2	1	42	37	0.98	1	1	23	16	0	4	A
II	4528495	A	W	38	4	9.52%	2	1	42	37	0.98	1	1	22	16	0	4	T
II	4529116	T	Y	70	35	33.33%	2	2	47	50	0.98	1	1	37	33	17	18	C
II	4529965	A	R	37	22	37.29%	2	2	48	46	0.98	1	1	11	26	10	12	G
II	4530323	G	R	35	9	20.45%	2	2	48	41	0.98	1	1	9	26	2	7	A
II	4530797	C	Y	44	9	16.67%	2	2	54	52	0.98	1	1	29	15	5	4	T
II	4531033	G	S	38	16	29.63%	2	2	48	40	0.98	1	1	24	14	7	9	C
II	4531092	G	R	41	26	38.81%	2	2	41	44	0.98	1	1	19	22	14	12	A
II	4531414	T	Y	54	39	41.94%	2	2	47	48	0.98	1	1	39	15	27	12	C
II	4531492	A	R	101	6	5.61%	2	2	50	37	0.98	1	1	61	40	4	2	G
II	4531592	G	R	60	35	36.84%	2	2	45	49	0.98	1	1	28	32	12	23	A
II	4531749	C	Y	55	15	21.43%	2	2	41	41	0.98	1	1	24	31	7	8	T
II	4531764	A	R	40	36	47.37%	2	2	41	42	0.98	1	1	18	22	24	12	G
II	4532088	G	T	18	65	78.31%	2	2	56	47	0.98	1	1	10	8	39	26	T
II	4532323	C	Y	48	17	26.15%	2	2	42	43	0.98	1	1	28	20	7	10	T
II	4533394	T	Y	35	28	44.44%	2	2	51	48	0.98	1	1	15	20	12	16	C
II	4533451	T	Y	35	21	37.5%	2	2	43	49	0.98	1	1	16	19	10	11	C
II	4533598	G	R	22	23	51.11%	2	2	47	38	0.98	1	1	15	7	13	10	A
II	4533617	A	R	24	27	52.94%	2	2	50	44	0.98	1	1	15	9	11	16	G
II	4533636	C	Y	39	20	33.9%	2	2	44	51	0.98	1	1	13	26	13	7	T
II	4533744	T	Y	43	48	52.75%	2	2	49	52	0.98	1	1	23	20	19	29	C
II	4533922	G	R	73	49	40.16%	2	2	49	47	0.98	1	1	40	33	23	26	A
II	4533994	T	Y	87	56	39.16%	2	2	48	46	0.98	1	1	63	24	32	24	C
II	4534246	C	M	67	58	46.4%	2	2	48	49	0.98	1	1	34	33	35	23	A
II	4534498	A	M	53	49	48.04%	2	2	43	49	0.98	1	1	33	20	31	18	C
II	4535326	T	K	151	8	5.03%	2	2	44	40	0.98	1	1	77	74	7	1	G
II	4536550	C	M	99	19	16.1%	2	2	45	44	0.98	1	1	64	35	15	4	A
II	4537214	T	Y	160	34	17.53%	2	2	51	51	0.98	1	1	101	59	17	17	C
II	4537402	A	R	147	11	6.96%	2	2	51	49	0.98	1	1	79	68	4	7	G
II	4537844	T	Y	13	6	31.58%	2	2	42	43	0.98	1	1	3	10	2	4	C
II	4537980	C	Y	61	4	6.15%	2	2	51	61	0.98	1	1	39	22	2	2	T
II	4538027	A	R	70	13	15.66%	2	2	55	54	0.98	1	1	39	31	9	4	G
II	4538036	G	K	72	93	56.36%	2	2	50	55	0.98	1	1	48	24	62	31	T
II	4538038	A	R	72	122	62.89%	2	2	49	55	0.98	1	1	50	22	89	33	G
II	4538047	G	R	339	35	9.36%	2	2	56	56	0.98	1	1	239	100	25	10	A
II	4538048	C	Y	203	167	45.14%	2	2	55	56	0.98	1	1	142	61	118	49	T
II	4538052	A	G	93	283	75.27%	2	2	51	57	0.98	1	1	69	24	197	86	G
II	4538065	G	R	371	29	7.25%	2	2	59	58	0.98	1	1	248	123	19	10	A
II	4538091	T	Y	133	246	62.92%	2	2	52	60	0.98	1	1	82	51	143	103	C
II	4538114	A	R	82	31	27.43%	2	2	48	44	0.98	1	1	49	33	4	27	G
II	4538115	G	K	84	30	26.32%	2	2	49	44	0.98	1	1	51	33	4	26	T
II	4538116	G	R	84	30	26.32%	2	2	49	44	0.98	1	1	51	33	4	26	A
II	4538118	G	R	77	31	28.7%	2	2	47	43	0.98	1	1	49	28	4	27	A
II	4538122	G	S	75	31	29.25%	2	2	50	44	0.98	1	1	44	31	4	27	C
II	4538125	A	W	76	31	28.97%	2	2	49	44	0.98	1	1	46	30	4	27	T
II	4538126	C	S	77	31	28.7%	2	2	51	43	0.98	1	1	45	32	4	27	G
II	4538128	A	R	77	30	27.78%	2	2	50	44	0.98	1	1	44	33	4	26	G
II	4538155	T	K	124	29	18.95%	2	2	47	42	0.98	1	1	54	70	2	27	G
II	4538164	A	W	86	64	42.67%	2	2	51	41	0.98	1	1	51	35	3	61	T
II	4538203	A	W	97	9	8.49%	2	2	48	45	0.98	1	1	39	58	2	7	T
II	4538216	A	W	95	9	8.65%	2	2	49	45	0.98	1	1	38	57	2	7	T
II	4538238	T	K	104	9	7.96%	2	2	51	45	0.98	1	1	41	63	2	7	G
II	4538244	A	R	103	8	7.21%	2	2	50	46	0.98	1	1	37	66	2	6	G
II	4538531	T	W	29	2	6.45%	2	1	44	31	0.98	1	1	15	14	2	0	A
II	4538532	C	Y	28	2	6.67%	2	1	42	37	0.98	1	1	16	12	2	0	T
II	4538541	C	Y	21	2	8.7%	2	1	42	37	0.98	1	1	16	5	2	0	T
II	4538556	T	Y	17	3	15%	2	1	42	37	0.98	1	1	14	3	3	0	C
II	4538591	G	R	11	7	38.89%	2	2	42	37	0.98	1	1	9	2	6	1	A
II	4538770	T	Y	14	10	41.67%	2	2	39	45	0.98	1	1	8	6	7	3	C
II	4538906	C	Y	99	30	23.26%	2	2	50	53	0.98	1	1	70	29	22	8	T
II	4539524	G	R	16	14	46.67%	2	2	42	44	0.98	1	1	11	5	8	6	A
II	4539673	T	W	13	6	31.58%	2	1	45	41	0.98	1	1	4	9	0	6	A
II	4539725	T	Y	16	7	30.43%	2	2	40	52	0.98	1	1	6	10	2	5	C
III	5276	T	K	399	23	5.45%	2	2	43	36	0.98	1	1	299	100	21	2	G
III	5464	C	S	556	34	5.75%	2	2	44	46	0.98	1	1	230	326	11	23	G
III	5850	A	M	153	34	17.17%	2	1	38	31	0.98	1	1	138	15	0	34	C
III	16334	C	S	524	29	5.24%	2	2	44	46	0.98	1	1	228	296	9	20	G
III	16720	A	M	191	33	14.22%	2	1	38	31	0.98	1	1	172	19	0	33	C
III	29097	T	Y	19	2	9.09%	2	2	49	74	0.98	1	1	6	13	1	1	C
III	29109	A	W	20	2	9.09%	2	1	49	55	0.98	1	1	7	13	0	2	T
III	29121	G	R	21	2	8.7%	2	1	47	55	0.98	1	1	8	13	0	2	A
III	32885	T	K	11	2	15.38%	2	1	47	74	0.98	1	1	7	4	0	2	G
III	32890	G	R	11	2	15.38%	2	1	46	74	0.98	1	1	7	4	0	2	A
III	33004	T	Y	12	5	29.41%	2	2	55	74	0.98	1	1	4	8	2	3	C
III	33006	C	S	12	5	29.41%	2	2	54	74	0.98	1	1	4	8	2	3	G
III	50602	A	W	21	2	8.7%	2	1	39	29	0.98	1	1	15	6	0	2	T
III	50688	A	M	6	2	25%	2	1	45	31	0.98	1	1	2	4	0	2	C
III	85010	C	Y	12	2	14.29%	2	1	46	37	0.98	1	1	9	3	0	2	T
III	88701	A	M	11	2	15.38%	2	1	43	25	0.98	1	1	4	7	0	2	C
III	90467	T	Y	21	2	8.7%	2	2	46	74	0.98	1	1	9	12	1	1	C
III	106139	A	M	14	2	12.5%	2	2	41	37	0.98	1	1	9	5	1	1	C
III	117005	C	S	12	2	14.29%	2	2	54	37	0.98	1	1	5	7	1	1	G
III	123340	N	A	0	7	100%	0	2	0	51	0.98	0	1	0	0	5	2	A
III	174859	T	Y	23	3	11.54%	2	1	43	49	0.98	1	1	15	8	3	0	C
III	189401	A	M	13	2	13.33%	2	2	53	49	0.98	1	1	6	7	1	1	C
III	212679	T	K	16	3	15.79%	2	2	46	61	0.98	1	1	9	7	1	2	G
III	212687	C	Y	17	2	10.53%	2	1	48	37	0.98	1	1	11	6	0	2	T
III	212944	G	R	18	2	10%	2	1	52	55	0.98	1	1	7	11	2	0	A
III	227078	A	R	26	2	7.14%	2	2	50	37	0.98	1	1	13	13	1	1	G
III	227096	A	R	26	2	7.14%	2	2	47	68	0.98	1	1	12	14	1	1	G
III	227730	A	T	0	29	100%	0	2	0	42	0.98	0	1	0	0	11	18	T
III	227825	C	S	28	3	9.68%	2	2	44	70	0.98	1	1	13	15	1	2	G
III	227826	A	R	28	3	9.68%	2	2	44	70	0.98	1	1	12	16	1	2	G
III	227831	A	R	28	3	9.68%	2	2	45	74	0.98	1	1	11	17	1	2	G
III	234627	A	M	3	6	66.67%	2	2	49	43	0.98	1	1	2	1	2	4	C
III	244930	T	K	16	2	11.11%	2	1	50	55	0.98	1	1	6	10	2	0	G
III	267382	A	R	22	2	8%	2	2	54	37	0.98	1	1	12	10	1	1	G
III	303279	A	M	20	2	9.09%	2	1	46	37	0.98	1	1	7	13	0	2	C
III	346463	A	R	30	2	6.25%	2	1	48	37	0.98	1	1	17	13	2	0	G
III	357410	C	M	22	2	8.33%	2	1	44	21	0.98	1	1	9	13	0	2	A
III	359026	T	W	14	2	12.5%	2	1	44	31	0.98	1	1	7	7	2	0	A
III	361811	A	M	26	2	7.14%	2	1	45	55	0.98	1	1	11	15	2	0	C
III	403834	C	Y	18	2	10%	2	2	53	37	0.98	1	1	10	8	1	1	T
III	445439	T	K	9	2	18.18%	2	1	49	33	0.98	1	1	5	4	2	0	G
III	514849	T	W	17	2	10.53%	2	1	51	37	0.98	1	1	9	8	2	0	A
III	556474	G	R	25	2	7.41%	2	1	45	37	0.98	1	1	17	8	2	0	A
III	573041	A	M	17	2	10.53%	2	2	53	55	0.98	1	1	9	8	1	1	C
III	575491	A	R	19	2	9.52%	2	2	54	37	0.98	1	1	15	4	1	1	G
III	617987	T	Y	31	2	6.06%	2	1	49	23	0.98	1	1	9	22	0	2	C
III	635132	A	R	22	2	8.33%	2	2	41	49	0.98	1	1	12	10	1	1	G
III	713355	T	Y	23	2	8%	2	2	41	49	0.98	1	1	7	16	1	1	C
III	720001	C	T	0	5	100%	0	2	0	44	0.98	0	1	0	0	3	2	T
III	759698	A	R	25	2	7.41%	2	2	51	31	0.98	1	1	10	15	1	1	G
III	762679	A	R	14	3	17.65%	2	1	49	49	0.98	1	1	8	6	3	0	G
III	784445	A	M	19	2	9.52%	2	1	46	31	0.98	1	1	6	13	0	2	C
III	790589	C	S	23	3	11.54%	2	1	46	33	0.98	1	1	13	10	3	0	G
III	790593	T	W	21	3	12.5%	2	1	47	33	0.98	1	1	12	9	3	0	A
III	833259	T	K	10	2	16.67%	2	1	45	29	0.98	1	1	3	7	2	0	G
III	841119	C	M	37	2	5.13%	2	2	47	25	0.98	1	1	22	15	1	1	A
III	842940	T	K	15	2	11.76%	2	1	46	25	0.98	1	1	2	13	2	0	G
III	900099	C	Y	17	2	10.53%	2	2	42	37	0.98	1	1	7	10	1	1	T
III	906684	A	W	14	2	12.5%	2	2	47	37	0.98	1	1	7	7	1	1	T
III	915166	A	R	9	2	18.18%	2	1	48	37	0.98	1	1	4	5	2	0	G
III	932644	T	K	8	2	20%	2	1	47	31	0.98	1	1	1	7	2	0	G
III	933373	C	M	4	2	33.33%	1	1	37	27	0.98	1	1	0	4	2	0	A
III	959953	G	K	55	3	5.17%	2	1	52	37	0.98	1	1	25	30	0	3	T
III	962376	C	Y	329	29	8.1%	2	2	55	56	0.98	1	1	161	168	12	17	T
III	963322	G	R	61	4	6.15%	2	2	49	55	0.98	1	1	17	44	2	2	A
III	963343	A	G	4	57	93.44%	2	2	46	50	0.98	1	1	1	3	16	41	G
III	966198	G	K	21	2	8.7%	2	1	49	27	0.98	1	1	6	15	2	0	T
III	1036081	A	M	25	4	13.79%	2	1	48	33	0.98	1	1	10	15	4	0	C
III	1036082	A	M	26	4	13.33%	2	1	47	27	0.98	1	1	10	16	4	0	C
III	1071531	C	Y	11	2	15.38%	2	2	53	37	0.98	1	1	4	7	1	1	T
III	1084286	G	K	26	10	27.78%	2	2	47	40	0.98	1	1	14	12	4	6	T
III	1089408	A	R	16	2	11.11%	2	1	53	49	0.98	1	1	7	9	0	2	G
III	1089413	G	K	16	2	11.11%	2	1	54	55	0.98	1	1	7	9	0	2	T
III	1089414	A	R	16	2	11.11%	2	1	53	55	0.98	1	1	7	9	0	2	G
III	1109531	T	Y	26	3	10.34%	2	2	48	49	0.98	1	1	17	9	2	1	C
III	1109532	C	M	26	3	10.34%	2	2	48	49	0.98	1	1	17	9	2	1	A
III	1109537	T	Y	26	3	10.34%	2	2	50	49	0.98	1	1	16	10	2	1	C
III	1110801	G	K	36	4	10%	2	1	48	25	0.98	1	1	17	19	4	0	T
III	1110814	C	M	36	2	5.26%	2	1	44	27	0.98	1	1	18	18	2	0	A
III	1110828	C	M	37	2	5.13%	2	1	45	31	0.98	1	1	16	21	2	0	A
III	1110832	T	W	33	2	5.71%	2	1	45	25	0.98	1	1	11	22	2	0	A
III	1114661	C	M	32	12	27.27%	2	2	49	46	0.98	1	1	14	18	8	4	A
III	1121421	C	M	40	8	16.67%	2	2	50	41	0.98	1	1	15	25	7	1	A
III	1128181	C	M	40	17	29.82%	2	2	47	40	0.98	1	1	14	26	8	9	A
III	1134941	C	M	29	16	35.56%	2	2	53	41	0.98	1	1	11	18	12	4	A
III	1156430	C	S	19	2	9.52%	2	1	51	37	0.98	1	1	12	7	0	2	G
III	1168328	T	C	0	7	100%	0	2	0	45	0.98	0	1	0	0	6	1	C
III	1168363	G	A	2	6	75%	1	1	42	41	0.98	1	1	2	0	6	0	A
III	1215846	A	R	13	2	13.33%	2	2	64	37	0.98	1	1	8	5	1	1	G
III	1252503	G	K	9	2	16.67%	2	1	36	27	0.98	1	1	7	2	0	2	T
III	1252505	G	K	6	4	33.33%	1	1	33	33	0.98	1	1	6	0	0	4	T
III	1253201	G	S	7	2	22.22%	2	2	42	37	0.98	1	1	2	5	1	1	C
III	1270419	A	W	12	2	14.29%	2	2	43	61	0.98	1	1	6	6	1	1	T
III	1284820	T	Y	16	2	11.11%	2	1	46	55	0.98	1	1	9	7	2	0	C
III	1298747	A	R	11	2	15.38%	2	1	50	31	0.98	1	1	2	9	2	0	G
III	1299613	G	K	11	2	15.38%	2	1	41	33	0.98	1	1	4	7	0	2	T
III	1372667	C	Y	12	2	14.29%	2	2	55	37	0.98	1	1	9	3	1	1	T
III	1374938	A	T	0	18	100%	0	2	0	44	0.98	0	1	0	0	7	11	T
III	1392365	A	W	5	2	28.57%	2	1	37	31	0.98	1	1	1	4	0	2	T
III	1432023	C	M	6	2	25%	2	1	45	31	0.98	1	1	2	4	2	0	A
III	1447982	T	Y	32	2	5.88%	2	2	52	55	0.98	1	1	16	16	1	1	C
III	1449492	G	S	21	2	8.7%	2	1	45	37	0.98	1	1	15	6	0	2	C
III	1454866	T	K	9	2	18.18%	2	1	43	37	0.98	1	1	6	3	2	0	G
III	1462088	T	K	12	2	14.29%	2	1	42	37	0.98	1	1	7	5	2	0	G
III	1493950	A	R	55	22	28.57%	2	2	50	57	0.98	1	1	26	29	14	8	G
III	1494129	T	K	93	22	19.13%	2	2	49	48	0.98	1	1	47	46	6	16	G
III	1494164	A	R	54	25	31.25%	2	2	43	48	0.98	1	1	25	29	5	20	G
III	1494181	A	W	51	20	28.17%	2	2	46	50	0.98	1	1	22	29	5	15	T
III	1494187	T	W	50	14	21.88%	2	2	44	46	0.98	1	1	19	31	2	12	A
III	1494192	G	R	47	10	17.54%	2	2	46	43	0.98	1	1	17	30	2	8	A
III	1494282	G	R	40	67	62.62%	2	2	45	38	0.98	1	1	14	26	25	42	A
III	1494303	G	R	39	34	46.58%	2	2	45	37	0.98	1	1	17	22	12	22	A
III	1494306	A	W	35	35	50%	2	2	43	38	0.98	1	1	14	21	12	23	T
III	1494312	A	R	41	32	43.84%	2	2	42	39	0.98	1	1	19	22	11	21	G
III	1494315	A	R	39	33	45.83%	2	2	41	38	0.98	1	1	19	20	11	22	G
III	1494318	A	R	41	33	44.59%	2	2	43	37	0.98	1	1	20	21	11	22	G
III	1494327	T	K	39	31	44.29%	2	2	44	39	0.98	1	1	21	18	11	20	G
III	1499389	C	Y	32	6	15.79%	2	2	48	41	0.98	1	1	16	16	3	3	T
III	1499390	A	W	34	6	15%	2	2	46	43	0.98	1	1	17	17	3	3	T
III	1499438	T	K	29	2	6.45%	2	1	49	27	0.98	1	1	8	21	2	0	G
III	1539336	T	K	24	2	7.69%	2	2	52	31	0.98	1	1	10	14	1	1	G
III	1559641	G	K	6	2	25%	2	1	41	33	0.98	1	1	1	5	2	0	T
III	1559653	C	M	5	2	28.57%	2	2	35	33	0.98	1	1	1	4	1	1	A
III	1570144	A	R	8	2	20%	2	2	49	37	0.98	1	1	5	3	1	1	G
III	1572696	T	Y	19	2	9.52%	2	1	42	37	0.98	1	1	4	15	0	2	C
III	1575532	T	Y	20	2	9.09%	2	1	41	37	0.98	1	1	4	16	0	2	C
III	1581400	G	K	12	2	14.29%	2	2	43	25	0.98	1	1	3	9	1	1	T
III	1584509	G	K	16	2	11.11%	2	1	50	37	0.98	1	1	6	10	0	2	T
III	1588172	C	M	18	2	10%	2	2	53	37	0.98	1	1	11	7	1	1	A
III	1589646	A	R	27	2	6.9%	2	1	45	37	0.98	1	1	12	15	2	0	G
III	1613815	T	Y	24	2	7.69%	2	1	48	74	0.98	1	1	13	11	2	0	C
III	1629377	A	R	29	3	9.38%	2	1	47	49	0.98	1	1	16	13	3	0	G
III	1688242	G	R	32	3	8.57%	2	1	52	37	0.98	1	1	15	17	0	3	A
III	1694818	T	K	38	2	5%	2	1	53	55	0.98	1	1	16	22	2	0	G
III	1696322	G	K	20	2	9.09%	2	1	47	31	0.98	1	1	12	8	2	0	T
III	1719105	T	K	10	2	16.67%	2	2	44	49	0.98	1	1	4	6	1	1	G
III	1741394	G	K	30	2	6.25%	2	1	55	37	0.98	1	1	14	16	0	2	T
III	1765401	G	T	0	26	100%	0	2	0	52	0.98	0	1	0	0	17	9	T
III	1774236	C	S	13	2	13.33%	2	1	42	31	0.98	1	1	9	4	2	0	G
III	1790074	T	W	12	2	14.29%	2	2	47	37	0.98	1	1	7	5	1	1	A
III	1848523	T	K	13	2	13.33%	2	1	50	37	0.98	1	1	7	6	2	0	G
III	1950563	C	S	29	2	6.45%	2	1	49	37	0.98	1	1	12	17	2	0	G
III	1958367	T	K	19	2	9.52%	2	2	44	55	0.98	1	1	10	9	1	1	G
III	1992596	T	K	20	2	9.09%	2	2	49	49	0.98	1	1	9	11	1	1	G
III	1996410	T	K	12	2	14.29%	2	2	48	55	0.98	1	1	6	6	1	1	G
III	2018440	T	Y	23	2	8%	2	1	51	68	0.98	1	1	9	14	0	2	C
III	2026114	C	M	15	2	11.76%	2	1	40	37	0.98	1	1	6	9	0	2	A
III	2049784	A	W	11	2	15.38%	2	1	42	25	0.98	1	1	4	7	0	2	T
III	2067046	G	K	21	2	8.7%	2	2	52	37	0.98	1	1	8	13	1	1	T
III	2111454	G	R	19	2	9.52%	2	2	38	37	0.98	1	1	4	15	1	1	A
III	2128710	G	R	24	2	7.69%	2	2	43	37	0.98	1	1	19	5	1	1	A
III	2145322	A	W	27	2	6.9%	2	1	51	31	0.98	1	1	10	17	0	2	T
III	2145341	G	S	30	3	9.09%	2	2	53	49	0.98	1	1	11	19	1	2	C
III	2145342	T	W	30	3	9.09%	2	2	53	45	0.98	1	1	11	19	1	2	A
III	2184198	A	W	16	2	11.11%	2	2	47	31	0.98	1	1	11	5	1	1	T
III	2184199	T	K	16	2	11.11%	2	2	47	31	0.98	1	1	11	5	1	1	G
III	2247111	T	Y	25	2	7.41%	2	2	47	37	0.98	1	1	14	11	1	1	C
III	2298883	T	Y	8	2	20%	2	2	37	37	0.98	1	1	2	6	1	1	C
III	2321523	A	R	22	2	8.33%	2	2	53	31	0.98	1	1	16	6	1	1	G
III	2367399	C	M	12	2	14.29%	2	1	45	25	0.98	1	1	6	6	0	2	A
III	2425753	A	M	27	2	6.9%	2	2	56	55	0.98	1	1	14	13	1	1	C
III	2430999	C	Y	7	2	22.22%	2	1	40	33	0.98	1	1	4	3	2	0	T
III	2447413	T	K	262	50	16.03%	2	1	38	29	0.98	1	1	43	219	50	0	G
III	2448311	A	W	38	3	7.32%	2	1	37	33	0.98	1	1	26	12	0	3	T
III	2448544	T	W	715	60	7.73%	2	2	50	51	0.98	1	1	350	365	40	20	A
mating_type_region	463	T	K	4	3	42.86%	1	2	37	49	0.98	1	1	4	0	1	2	G
