Chrom	Position	Ref	Cons	Reads1	Reads2	VarFreq	Strands1	Strands2	Qual1	Qual2	Pvalue	MapQual1	MapQual2	Reads1Plus	Reads1Minus	Reads2Plus	Reads2Minus	VarAllele
chr_II_telomeric_gap	3466	A	M	23	2	8%	2	2	46	25	0.98	1	1	13	10	1	1	C
chr_II_telomeric_gap	4787	G	A	0	15	100%	0	2	0	46	0.98	0	1	0	0	7	8	A
chr_II_telomeric_gap	17639	A	W	30	2	6.25%	2	2	49	37	0.98	1	1	14	16	1	1	T
I	459	C	M	55	62	52.99%	2	2	48	45	0.98	1	1	26	29	22	40	A
I	783	T	Y	82	51	38.35%	2	2	46	41	0.98	1	1	53	29	21	30	C
I	798	G	R	91	33	26.61%	2	2	49	38	0.98	1	1	63	28	16	17	A
I	955	C	Y	75	78	50.98%	2	2	48	48	0.98	1	1	33	42	48	30	T
I	1055	T	Y	136	21	13.29%	2	2	49	37	0.98	1	1	53	83	13	8	C
I	1133	A	R	87	80	47.9%	2	2	50	46	0.98	1	1	39	48	22	58	G
I	1455	C	Y	39	36	48%	2	2	48	46	0.98	1	1	18	21	15	21	T
I	1514	C	S	38	38	50%	2	2	47	43	0.98	1	1	14	24	10	28	G
I	1750	G	R	69	20	22.47%	2	2	48	47	0.98	1	1	36	33	10	10	A
I	2582	T	Y	56	40	41.67%	2	2	47	52	0.98	1	1	34	22	23	17	C
I	2651	C	Y	84	5	5.62%	2	2	47	49	0.98	1	1	46	38	1	4	T
I	2822	C	Y	69	4	5.48%	2	1	44	55	0.98	1	1	40	29	0	4	T
I	3431	A	R	62	48	43.64%	2	2	49	57	0.98	1	1	35	27	27	21	G
I	4635	T	K	24	3	11.11%	2	1	43	29	0.98	1	1	14	10	3	0	G
I	4657	G	K	30	2	6.25%	2	1	44	25	0.98	1	1	12	18	2	0	T
I	4666	G	R	21	10	32.26%	2	2	41	56	0.98	1	1	9	12	5	5	A
I	4668	C	S	34	10	22.73%	2	2	45	50	0.98	1	1	22	12	3	7	G
I	6583	G	R	27	14	34.15%	2	2	42	38	0.98	1	1	14	13	9	5	A
I	6727	G	R	14	5	26.32%	2	2	46	34	0.98	1	1	3	11	3	2	A
I	6912	A	M	46	5	9.8%	2	1	48	32	0.98	1	1	23	23	0	5	C
I	7192	C	M	36	5	8.62%	2	1	40	33	0.98	1	1	28	8	0	5	A
I	8666	G	R	40	28	41.18%	2	2	47	45	0.98	1	1	20	20	12	16	A
I	10913	G	R	6	6	50%	2	2	41	43	0.98	1	1	4	2	3	3	A
I	17252	C	Y	49	3	5.77%	2	1	52	61	0.98	1	1	17	32	3	0	T
I	17558	A	R	35	4	10.26%	2	2	48	64	0.98	1	1	20	15	2	2	G
I	17690	T	Y	44	3	6.38%	2	2	47	49	0.98	1	1	21	23	2	1	C
I	17811	A	R	42	3	6.67%	2	2	44	61	0.98	1	1	20	22	1	2	G
I	17929	G	R	66	6	8.33%	2	2	48	55	0.98	1	1	40	26	4	2	A
I	17941	C	Y	71	5	6.58%	2	2	49	59	0.98	1	1	42	29	1	4	T
I	18099	A	R	83	25	23.15%	2	2	46	42	0.98	1	1	52	31	21	4	G
I	18104	A	R	86	12	12.24%	2	2	46	49	0.98	1	1	61	25	7	5	G
I	18140	T	Y	107	19	15.08%	2	2	47	55	0.98	1	1	83	24	9	10	C
I	18218	G	R	131	16	10.88%	2	2	53	36	0.98	1	1	87	44	13	3	A
I	18219	G	R	134	8	5.63%	2	2	50	55	0.98	1	1	87	47	5	3	A
I	18318	G	R	98	55	35.95%	2	2	46	49	0.98	1	1	41	57	39	16	A
I	18475	C	Y	78	67	46.21%	2	2	49	52	0.98	1	1	20	58	15	52	T
I	18709	T	K	27	2	6.9%	2	1	45	37	0.98	1	1	9	18	2	0	G
I	24620	A	W	69	5	6.76%	2	1	52	74	0.98	1	1	23	46	5	0	T
I	24642	C	S	64	6	8.45%	2	2	51	65	0.98	1	1	27	37	5	1	G
I	28424	C	S	49	5	9.26%	2	2	53	66	0.98	1	1	26	23	2	3	G
I	28446	A	W	44	4	8.33%	2	2	51	64	0.98	1	1	26	18	1	3	T
I	29359	T	W	39	4	9.3%	2	2	57	44	0.98	1	1	24	15	2	2	A
I	29373	T	Y	39	5	11.36%	2	2	61	40	0.98	1	1	23	16	3	2	C
I	52184	C	Y	26	2	7.14%	2	2	46	31	0.98	1	1	16	10	1	1	T
I	56953	A	W	28	2	6.67%	2	2	47	55	0.98	1	1	14	14	1	1	T
I	68033	C	Y	38	2	5%	2	1	48	37	0.98	1	1	19	19	0	2	T
I	94835	A	R	12	2	14.29%	2	2	45	37	0.98	1	1	2	10	1	1	G
I	96157	G	R	22	2	8.33%	2	2	49	55	0.98	1	1	13	9	1	1	A
I	98629	A	M	56	6	9.68%	2	1	41	37	0.98	1	1	32	24	6	0	C
I	98632	C	Y	54	6	10%	2	1	41	37	0.98	1	1	33	21	6	0	T
I	98639	A	W	62	13	17.33%	2	1	43	38	0.98	1	1	45	17	13	0	T
I	98777	T	Y	115	17	12.88%	2	2	56	58	0.98	1	1	44	71	7	10	C
I	98786	G	R	126	8	5.97%	2	1	53	37	0.98	1	1	43	83	0	8	A
I	98794	T	Y	123	9	6.82%	2	1	53	41	0.98	1	1	46	77	0	9	C
I	98795	T	Y	124	8	6.02%	2	1	53	41	0.98	1	1	47	77	0	8	C
I	99057	T	Y	114	10	8.06%	2	2	49	40	0.98	1	1	70	44	6	4	C
I	99066	G	R	112	21	15.79%	2	2	53	57	0.98	1	1	65	47	13	8	A
I	99204	A	W	74	19	20.43%	2	1	43	37	0.98	1	1	26	48	0	19	T
I	99211	A	R	62	4	6.06%	2	1	42	37	0.98	1	1	23	39	0	4	G
I	99214	G	K	59	4	6.35%	2	1	44	37	0.98	1	1	22	37	0	4	T
I	106276	T	W	17	2	10.53%	2	1	40	25	0.98	1	1	7	10	2	0	A
I	145956	C	M	27	2	6.9%	2	1	49	27	0.98	1	1	19	8	0	2	A
I	145986	C	M	18	2	10%	2	1	43	37	0.98	1	1	12	6	0	2	A
I	145995	G	K	15	2	11.76%	2	1	42	25	0.98	1	1	11	4	0	2	T
I	146005	A	M	13	3	18.75%	2	1	45	33	0.98	1	1	10	3	0	3	C
I	152113	C	S	35	2	5.41%	2	1	46	55	0.98	1	1	22	13	2	0	G
I	168956	T	K	11	2	15.38%	2	1	47	55	0.98	1	1	8	3	0	2	G
I	168959	G	K	14	2	12.5%	2	1	46	55	0.98	1	1	9	5	0	2	T
I	169817	A	M	7	2	22.22%	2	1	37	27	0.98	1	1	5	2	0	2	C
I	170357	A	R	19	4	17.39%	2	2	43	34	0.98	1	1	8	11	2	2	G
I	175571	T	W	30	2	6.25%	2	2	49	37	0.98	1	1	14	16	1	1	A
I	191866	C	M	20	3	13.04%	2	1	39	29	0.98	1	1	17	3	0	3	A
I	209839	A	M	25	2	7.41%	2	1	48	37	0.98	1	1	14	11	0	2	C
I	220354	G	R	14	2	12.5%	2	1	46	37	0.98	1	1	8	6	0	2	A
I	227248	A	M	14	2	12.5%	2	1	59	37	0.98	1	1	11	3	0	2	C
I	246969	G	K	8	2	20%	2	2	46	37	0.98	1	1	2	6	1	1	T
I	250341	G	R	37	2	5.13%	2	2	52	37	0.98	1	1	17	20	1	1	A
I	250449	T	Y	37	2	5.13%	2	1	46	37	0.98	1	1	18	19	0	2	C
I	264545	T	K	20	2	9.09%	2	2	48	37	0.98	1	1	14	6	1	1	G
I	267057	T	K	15	2	11.76%	2	2	49	37	0.98	1	1	6	9	1	1	G
I	276570	T	K	21	2	8.7%	2	1	49	25	0.98	1	1	6	15	2	0	G
I	293239	A	R	28	2	6.67%	2	2	47	55	0.98	1	1	13	15	1	1	G
I	296225	T	Y	9	2	18.18%	2	2	49	37	0.98	1	1	5	4	1	1	C
I	335159	T	W	22	2	8.33%	2	2	42	74	0.98	1	1	12	10	1	1	A
I	359569	A	W	19	2	9.52%	2	1	38	49	0.98	1	1	12	7	0	2	T
I	359577	C	M	19	2	9.52%	2	1	39	22	0.98	1	1	12	7	0	2	A
I	365660	A	M	14	2	12.5%	2	1	50	25	0.98	1	1	8	6	0	2	C
I	366852	T	W	30	2	6.25%	2	2	38	37	0.98	1	1	10	20	1	1	A
I	367235	A	R	21	2	8.7%	2	1	45	74	0.98	1	1	8	13	0	2	G
I	379600	T	K	20	2	9.09%	2	2	49	55	0.98	1	1	11	9	1	1	G
I	397346	A	R	74	4	5.13%	2	1	47	46	0.98	1	1	29	45	0	4	G
I	397354	A	R	56	5	8.2%	2	2	46	51	0.98	1	1	24	32	1	4	G
I	402433	C	Y	61	4	6.15%	2	1	44	37	0.98	1	1	43	18	4	0	T
I	402438	T	Y	67	4	5.63%	2	1	45	37	0.98	1	1	50	17	4	0	C
I	402769	T	Y	57	4	6.56%	2	1	53	55	0.98	1	1	23	34	0	4	C
I	408233	T	K	38	2	5%	2	1	48	55	0.98	1	1	15	23	2	0	G
I	411423	C	M	23	2	8%	2	1	39	27	0.98	1	1	3	20	2	0	A
I	420511	A	W	10	2	16.67%	2	1	46	37	0.98	1	1	3	7	2	0	T
I	428073	G	S	11	2	15.38%	2	1	50	37	0.98	1	1	5	6	0	2	C
I	442858	T	K	8	2	20%	2	1	44	31	0.98	1	1	3	5	2	0	G
I	471933	T	Y	25	2	7.41%	2	1	42	37	0.98	1	1	10	15	0	2	C
I	473397	G	K	13	2	13.33%	2	1	35	31	0.98	1	1	8	5	0	2	T
I	473422	G	K	11	2	15.38%	2	1	36	25	0.98	1	1	4	7	0	2	T
I	473427	G	K	5	5	41.67%	1	1	30	28	0.98	1	1	5	0	0	5	T
I	482739	T	K	25	2	7.41%	2	1	55	37	0.98	1	1	16	9	0	2	G
I	487013	A	M	15	2	11.76%	2	2	51	37	0.98	1	1	8	7	1	1	C
I	488297	T	W	24	2	7.69%	2	2	45	37	0.98	1	1	13	11	1	1	A
I	500482	A	R	20	2	9.09%	2	2	46	37	0.98	1	1	8	12	1	1	G
I	519002	G	K	34	2	5.56%	2	1	49	37	0.98	1	1	18	16	0	2	T
I	523603	G	A	0	31	100%	0	2	0	45	0.98	0	1	0	0	18	13	A
I	523883	G	A	0	35	100%	0	2	0	53	0.98	0	1	0	0	17	18	A
I	524605	G	R	34	2	5.56%	2	2	46	31	0.98	1	1	16	18	1	1	A
I	527156	C	A	0	16	100%	0	2	0	43	0.98	0	1	0	0	10	6	A
I	556985	G	R	33	4	10.81%	2	2	46	46	0.98	1	1	12	21	2	2	A
I	569149	G	K	26	2	7.14%	2	1	39	27	0.98	1	1	5	21	2	0	T
I	592132	G	R	19	2	9.52%	2	2	49	37	0.98	1	1	11	8	1	1	A
I	600504	C	M	13	2	13.33%	2	1	48	29	0.98	1	1	9	4	2	0	A
I	601725	C	Y	25	2	7.41%	2	2	42	37	0.98	1	1	17	8	1	1	T
I	617322	G	R	37	2	5.13%	2	1	49	37	0.98	1	1	19	18	2	0	A
I	647047	A	W	20	2	9.09%	2	2	47	37	0.98	1	1	8	12	1	1	T
I	658324	A	M	31	2	6.06%	2	1	44	25	0.98	1	1	13	18	2	0	C
I	701502	T	K	26	3	10.34%	2	1	43	30	0.98	1	1	9	17	3	0	G
I	701567	T	W	23	2	8%	2	1	41	25	0.98	1	1	9	14	2	0	A
I	709918	C	S	25	2	7.41%	2	1	41	37	0.98	1	1	14	11	2	0	G
I	759334	G	T	0	10	100%	0	2	0	39	0.98	0	1	0	0	3	7	T
I	793942	G	K	6	2	25%	2	1	37	28	0.98	1	1	2	4	2	0	T
I	794987	T	Y	32	2	5.88%	2	2	47	49	0.98	1	1	17	15	1	1	C
I	831920	T	K	8	3	27.27%	2	1	44	34	0.98	1	1	3	5	3	0	G
I	857369	A	M	18	2	10%	2	1	51	31	0.98	1	1	8	10	2	0	C
I	857688	C	S	14	2	12.5%	2	1	47	55	0.98	1	1	2	12	0	2	G
I	862964	G	T	0	8	100%	0	1	0	41	0.98	0	1	0	0	8	0	T
I	866477	A	W	28	2	6.67%	2	1	43	31	0.98	1	1	18	10	2	0	T
I	866508	A	M	30	2	6.25%	2	2	41	51	0.98	1	1	19	11	1	1	C
I	880497	T	W	28	2	6.67%	2	2	47	37	0.98	1	1	16	12	1	1	A
I	885256	C	M	24	2	7.69%	2	2	40	61	0.98	1	1	9	15	1	1	A
I	907466	T	W	19	2	9.52%	2	1	42	27	0.98	1	1	8	11	2	0	A
I	911124	T	W	38	2	5%	2	2	45	37	0.98	1	1	17	21	1	1	A
I	914767	A	W	20	3	13.04%	2	2	49	33	0.98	1	1	6	14	2	1	T
I	928917	T	W	29	2	6.45%	2	1	48	31	0.98	1	1	20	9	2	0	A
I	935585	G	K	19	2	9.52%	2	1	46	33	0.98	1	1	10	9	0	2	T
I	937634	A	M	23	2	8%	2	1	50	37	0.98	1	1	16	7	0	2	C
I	946049	G	R	17	2	10.53%	2	2	46	37	0.98	1	1	9	8	1	1	A
I	949545	T	K	8	5	38.46%	1	1	32	33	0.98	1	1	0	8	5	0	G
I	964191	T	Y	26	2	7.14%	2	2	51	74	0.98	1	1	14	12	1	1	C
I	967918	C	M	33	2	5.71%	2	1	48	25	0.98	1	1	15	18	2	0	A
I	977246	G	K	29	2	6.45%	2	2	44	37	0.98	1	1	20	9	1	1	T
I	994383	T	K	32	2	5.88%	2	2	53	31	0.98	1	1	12	20	1	1	G
I	1000605	T	K	25	2	7.41%	2	1	45	37	0.98	1	1	14	11	2	0	G
I	1008723	G	R	20	3	13.04%	2	1	48	37	0.98	1	1	13	7	0	3	A
I	1035426	A	W	23	2	8%	2	1	52	31	0.98	1	1	18	5	0	2	T
I	1066952	A	R	29	2	6.45%	2	2	45	31	0.98	1	1	8	21	1	1	G
I	1069443	A	W	25	2	7.41%	2	2	46	37	0.98	1	1	13	12	1	1	T
I	1071348	A	M	32	2	5.88%	2	1	45	37	0.98	1	1	19	13	0	2	C
I	1096891	T	W	22	2	8.33%	2	1	42	31	0.98	1	1	5	17	2	0	A
I	1097449	T	Y	24	2	7.69%	2	1	44	37	0.98	1	1	15	9	2	0	C
I	1102267	T	K	26	2	7.14%	2	2	57	37	0.98	1	1	15	11	1	1	G
I	1115001	C	M	15	2	11.76%	2	1	50	37	0.98	1	1	7	8	0	2	A
I	1142883	T	K	38	2	5%	2	2	54	37	0.98	1	1	18	20	1	1	G
I	1142897	A	W	35	2	5.41%	2	2	55	37	0.98	1	1	17	18	1	1	T
I	1152173	T	Y	34	2	5.56%	2	2	46	25	0.98	1	1	8	26	1	1	C
I	1181248	T	K	19	2	9.52%	2	1	44	31	0.98	1	1	6	13	2	0	G
I	1194784	T	Y	32	2	5.88%	2	2	47	37	0.98	1	1	9	23	1	1	C
I	1194790	A	R	32	2	5.88%	2	2	46	37	0.98	1	1	10	22	1	1	G
I	1216890	G	R	31	4	11.43%	2	2	50	37	0.98	1	1	20	11	2	2	A
I	1221870	T	W	14	2	12.5%	2	1	49	55	0.98	1	1	8	6	0	2	A
I	1308496	G	S	23	2	8%	2	1	44	31	0.98	1	1	11	12	2	0	C
I	1308528	T	W	25	2	7.41%	2	1	46	27	0.98	1	1	11	14	2	0	A
I	1332936	G	S	21	2	8.7%	2	1	41	37	0.98	1	1	10	11	0	2	C
I	1333936	A	R	32	2	5.88%	2	2	49	37	0.98	1	1	11	21	1	1	G
I	1341178	G	S	28	3	9.68%	2	2	51	49	0.98	1	1	19	9	1	2	C
I	1343631	A	M	32	2	5.88%	2	2	43	43	0.98	1	1	22	10	1	1	C
I	1352512	G	R	11	2	15.38%	2	1	34	37	0.98	1	1	6	5	0	2	A
I	1352568	T	Y	12	2	14.29%	2	2	43	74	0.98	1	1	7	5	1	1	C
I	1366554	G	K	28	2	6.67%	2	2	47	37	0.98	1	1	14	14	1	1	T
I	1380119	G	K	16	2	11.11%	2	1	47	31	0.98	1	1	15	1	0	2	T
I	1381469	A	M	21	6	22.22%	2	1	48	31	0.98	1	1	13	8	0	6	C
I	1481480	T	Y	13	2	13.33%	2	1	42	37	0.98	1	1	5	8	0	2	C
I	1482922	A	R	16	2	11.11%	2	1	40	31	0.98	1	1	11	5	2	0	G
I	1490826	G	K	11	2	15.38%	2	2	50	37	0.98	1	1	6	5	1	1	T
I	1535053	T	K	16	2	11.11%	2	1	37	27	0.98	1	1	5	11	2	0	G
I	1545171	C	Y	17	2	10.53%	2	1	52	37	0.98	1	1	6	11	2	0	T
I	1563703	T	Y	34	2	5.56%	2	1	45	37	0.98	1	1	19	15	2	0	C
I	1578154	C	M	8	3	27.27%	2	1	42	27	0.98	1	1	3	5	3	0	A
I	1578193	T	W	12	2	14.29%	2	1	44	25	0.98	1	1	3	9	2	0	A
I	1595030	C	M	12	2	14.29%	2	1	39	25	0.98	1	1	10	2	0	2	A
I	1689437	C	M	35	2	5.41%	2	2	48	37	0.98	1	1	11	24	1	1	A
I	1715167	T	Y	24	2	7.69%	2	2	46	37	0.98	1	1	11	13	1	1	C
I	1757712	T	W	33	2	5.71%	2	2	45	37	0.98	1	1	18	15	1	1	A
I	1768809	G	S	24	2	7.69%	2	1	46	37	0.98	1	1	10	14	0	2	C
I	1779706	C	Y	10	9	47.37%	2	2	49	41	0.98	1	1	6	4	4	5	T
I	1779711	A	R	11	8	42.11%	2	2	53	37	0.98	1	1	6	5	4	4	G
I	1783458	C	T	0	37	100%	0	2	0	46	0.98	0	1	0	0	21	16	T
I	1812890	A	W	25	2	7.41%	2	1	46	25	0.98	1	1	13	12	0	2	T
I	1812922	C	M	23	2	8%	2	1	41	37	0.98	1	1	13	10	0	2	A
I	1834160	G	K	10	2	16.67%	2	1	41	25	0.98	1	1	8	2	0	2	T
I	1834456	C	M	20	2	9.09%	2	1	40	33	0.98	1	1	11	9	0	2	A
I	1852128	G	K	13	2	13.33%	2	1	44	31	0.98	1	1	3	10	2	0	T
I	1852134	C	M	14	2	12.5%	2	1	39	27	0.98	1	1	3	11	2	0	A
I	1855480	G	K	20	2	9.09%	2	1	48	25	0.98	1	1	8	12	2	0	T
I	1857307	G	R	88	6	6.38%	2	2	46	37	0.98	1	1	50	38	5	1	A
I	1875501	A	W	24	2	7.69%	2	2	44	37	0.98	1	1	14	10	1	1	T
I	1893203	T	Y	23	2	8%	2	2	47	36	0.98	1	1	7	16	1	1	C
I	1893562	T	K	14	3	17.65%	2	1	36	29	0.98	1	1	3	11	3	0	G
I	1893575	C	M	16	4	20%	2	1	37	29	0.98	1	1	2	14	4	0	A
I	1893582	C	M	16	3	15.79%	2	1	41	30	0.98	1	1	4	12	3	0	A
I	1893602	C	M	28	2	6.67%	2	1	41	31	0.98	1	1	5	23	2	0	A
I	1911965	A	R	31	2	6.06%	2	2	47	37	0.98	1	1	17	14	1	1	G
I	1943784	A	M	10	2	12.5%	2	1	45	37	0.98	1	1	8	2	0	2	C
I	1965323	C	M	8	3	27.27%	2	1	41	26	0.98	1	1	2	6	3	0	A
I	1965386	G	K	11	2	15.38%	2	1	35	33	0.98	1	1	6	5	2	0	T
I	1976757	T	Y	28	2	6.67%	2	2	60	37	0.98	1	1	12	16	1	1	C
I	1979674	G	K	45	3	6.25%	2	2	50	41	0.98	1	1	21	24	1	2	T
I	1993888	C	Y	25	2	7.41%	2	1	46	31	0.98	1	1	10	15	2	0	T
I	1999192	G	C	0	19	100%	0	2	0	46	0.98	0	1	0	0	10	9	C
I	2002909	T	Y	10	2	16.67%	2	2	43	74	0.98	1	1	3	7	1	1	C
I	2024993	G	K	17	2	10.53%	2	1	35	25	0.98	1	1	11	6	0	2	T
I	2041948	T	W	10	2	11.76%	1	1	35	28	0.98	1	1	10	0	0	2	A
I	2048260	C	Y	19	3	13.64%	2	1	48	70	0.98	1	1	9	10	3	0	T
I	2058282	G	R	16	2	11.11%	2	2	43	37	0.98	1	1	6	10	1	1	A
I	2093254	C	M	23	2	8%	2	1	36	25	0.98	1	1	18	5	0	2	A
I	2093273	A	M	20	5	20%	2	1	42	32	0.98	1	1	15	5	0	5	C
I	2104091	G	T	0	6	100%	0	2	0	49	0.98	0	1	0	0	3	3	T
I	2104097	C	A	0	8	100%	0	2	0	46	0.98	0	1	0	0	3	5	A
I	2108549	G	R	48	3	5.88%	2	1	41	49	0.98	1	1	25	23	0	3	A
I	2108559	A	R	47	4	7.84%	2	2	41	46	0.98	1	1	27	20	1	3	G
I	2115066	A	R	19	2	9.52%	2	1	45	37	0.98	1	1	12	7	2	0	G
I	2124336	A	M	15	2	11.76%	2	1	40	33	0.98	1	1	13	2	0	2	C
I	2130672	C	Y	23	2	8%	2	2	47	74	0.98	1	1	9	14	1	1	T
I	2136274	A	M	15	2	11.76%	2	2	49	37	0.98	1	1	6	9	1	1	C
I	2138832	A	M	9	2	18.18%	2	2	41	37	0.98	1	1	5	4	1	1	C
I	2155605	T	Y	29	2	6.45%	2	1	45	68	0.98	1	1	10	19	0	2	C
I	2199580	A	R	33	2	5.71%	2	2	43	37	0.98	1	1	18	15	1	1	G
I	2235218	C	S	22	7	24.14%	2	2	53	40	0.98	1	1	15	7	3	4	G
I	2254860	C	M	12	2	14.29%	2	1	40	28	0.98	1	1	4	8	2	0	A
I	2254930	T	W	18	2	10%	2	1	49	27	0.98	1	1	12	6	2	0	A
I	2272775	A	W	33	2	5.71%	2	2	42	37	0.98	1	1	17	16	1	1	T
I	2272782	G	R	29	2	6.45%	2	2	43	37	0.98	1	1	15	14	1	1	A
I	2285476	T	W	14	2	12.5%	2	2	57	31	0.98	1	1	3	11	1	1	A
I	2300701	C	Y	28	2	6.67%	2	2	49	74	0.98	1	1	14	14	1	1	T
I	2310926	C	M	30	2	6.25%	2	1	48	25	0.98	1	1	15	15	2	0	A
I	2321508	A	M	16	4	20%	2	2	53	34	0.98	1	1	5	11	2	2	C
I	2323320	T	K	28	3	9.68%	2	1	46	27	0.98	1	1	8	20	3	0	G
I	2334566	T	K	36	2	5.26%	2	1	48	31	0.98	1	1	15	21	2	0	G
I	2350183	T	W	11	2	15.38%	2	1	47	25	0.98	1	1	6	5	2	0	A
I	2365927	T	K	24	2	7.69%	2	1	50	31	0.98	1	1	9	15	2	0	G
I	2367171	T	W	23	2	8%	2	2	48	31	0.98	1	1	8	15	1	1	A
I	2367754	G	K	14	2	12.5%	2	1	37	22	0.98	1	1	4	10	2	0	T
I	2370010	A	R	37	2	5.13%	2	1	49	49	0.98	1	1	16	21	0	2	G
I	2377509	T	W	36	2	5.26%	2	2	46	37	0.98	1	1	21	15	1	1	A
I	2425197	A	W	16	2	11.11%	2	2	54	37	0.98	1	1	10	6	1	1	T
I	2436667	C	M	15	2	11.76%	2	2	51	48	0.98	1	1	8	7	1	1	A
I	2443395	G	K	30	2	6.25%	2	1	44	74	0.98	1	1	14	16	0	2	T
I	2458776	A	M	37	2	5.13%	2	1	50	25	0.98	1	1	18	19	0	2	C
I	2460895	A	M	26	2	7.14%	2	1	55	37	0.98	1	1	17	9	0	2	C
I	2495588	T	Y	25	2	7.41%	2	1	52	49	0.98	1	1	20	5	0	2	C
I	2506044	T	A	0	34	100%	0	2	0	53	0.98	0	1	0	0	15	19	A
I	2544949	T	K	15	4	21.05%	2	1	35	32	0.98	1	1	1	14	4	0	G
I	2564887	G	K	23	2	8%	2	1	43	27	0.98	1	1	14	9	0	2	T
I	2578255	G	K	21	2	8.7%	2	1	46	31	0.98	1	1	17	4	0	2	T
I	2589701	A	M	35	2	5.41%	2	1	53	31	0.98	1	1	17	18	0	2	C
I	2594451	G	S	6	2	25%	2	2	53	37	0.98	1	1	2	4	1	1	C
I	2605764	T	A	0	29	100%	0	2	0	41	0.98	0	1	0	0	11	18	A
I	2654406	A	M	28	2	6.67%	2	2	54	25	0.98	1	1	13	15	1	1	C
I	2658536	C	M	15	2	11.76%	2	1	40	27	0.98	1	1	4	11	2	0	A
I	2662132	T	K	21	2	8.7%	2	1	50	49	0.98	1	1	11	10	0	2	G
I	2692762	A	R	35	2	5.41%	2	2	53	37	0.98	1	1	17	18	1	1	G
I	2701256	A	R	22	2	8.33%	2	1	47	55	0.98	1	1	10	12	2	0	G
I	2706483	G	K	22	2	8.33%	2	1	41	33	0.98	1	1	17	5	0	2	T
I	2741266	G	K	22	2	8.33%	2	1	43	37	0.98	1	1	18	4	0	2	T
I	2747078	A	G	0	21	100%	0	2	0	40	0.98	0	1	0	0	6	15	G
I	2811295	C	M	41	3	6.82%	2	1	41	33	0.98	1	1	18	23	3	0	A
I	2834205	T	K	18	2	10%	2	1	43	31	0.98	1	1	4	14	2	0	G
I	2835727	T	K	11	2	15.38%	1	1	39	27	0.98	1	1	0	11	2	0	G
I	2847297	T	Y	22	2	8.33%	2	1	51	37	0.98	1	1	12	10	0	2	C
I	2881324	C	M	41	3	6.82%	2	1	43	61	0.98	1	1	26	15	0	3	A
I	2897636	A	R	31	2	6.06%	2	1	41	37	0.98	1	1	19	12	2	0	G
I	2909978	A	M	25	2	7.41%	2	1	46	31	0.98	1	1	15	10	0	2	C
I	2911482	A	M	32	2	5.88%	2	1	44	25	0.98	1	1	18	14	0	2	C
I	2941184	A	W	19	2	9.52%	2	2	48	22	0.98	1	1	7	12	1	1	T
I	2943858	T	Y	114	6	5%	2	2	49	53	0.98	1	1	53	61	5	1	C
I	2945432	T	K	49	3	5.77%	2	1	45	23	0.98	1	1	19	30	3	0	G
I	2946127	T	K	24	2	7.69%	2	1	51	31	0.98	1	1	11	13	2	0	G
I	2977253	T	W	15	2	11.76%	2	2	43	25	0.98	1	1	7	8	1	1	A
I	2977293	C	M	13	2	13.33%	2	1	49	31	0.98	1	1	3	10	2	0	A
I	2994434	C	M	15	3	16.67%	2	1	51	49	0.98	1	1	6	9	0	3	A
I	3004549	T	W	17	2	10.53%	2	1	42	37	0.98	1	1	6	11	2	0	A
I	3015688	G	K	12	2	14.29%	2	1	45	25	0.98	1	1	10	2	0	2	T
I	3033382	G	K	31	2	6.06%	2	1	43	25	0.98	1	1	14	17	2	0	T
I	3036899	T	W	32	2	5.88%	2	1	46	74	0.98	1	1	13	19	0	2	A
I	3072061	C	M	36	2	5.26%	2	2	52	31	0.98	1	1	20	16	1	1	A
I	3082288	T	Y	15	2	11.76%	2	1	48	31	0.98	1	1	7	8	2	0	C
I	3111508	A	G	0	23	100%	0	2	0	48	0.98	0	1	0	0	14	9	G
I	3115841	C	A	0	51	100%	0	2	0	47	0.98	0	1	0	0	30	21	A
I	3153191	T	W	33	4	10.81%	2	2	48	46	0.98	1	1	19	14	2	2	A
I	3166797	A	W	28	2	6.67%	2	1	47	31	0.98	1	1	16	12	2	0	T
I	3179238	G	C	0	32	100%	0	2	0	43	0.98	0	1	0	0	17	15	C
I	3191953	T	W	14	2	12.5%	2	1	46	74	0.98	1	1	11	3	2	0	A
I	3197799	A	W	36	2	5.26%	2	2	43	37	0.98	1	1	19	17	1	1	T
I	3211680	A	M	15	2	11.76%	2	2	49	55	0.98	1	1	7	8	1	1	C
I	3220110	T	Y	29	2	6.45%	2	1	45	37	0.98	1	1	12	17	0	2	C
I	3239877	A	M	23	2	8%	2	2	38	37	0.98	1	1	11	12	1	1	C
I	3245952	A	R	5	2	28.57%	2	2	51	37	0.98	1	1	4	1	1	1	G
I	3268840	T	K	11	2	15.38%	2	1	38	31	0.98	1	1	7	4	2	0	G
I	3289378	A	R	20	2	9.09%	2	1	48	37	0.98	1	1	8	12	2	0	G
I	3294896	T	Y	34	2	5.56%	2	2	43	49	0.98	1	1	13	21	1	1	C
I	3303424	C	M	28	2	6.67%	2	1	46	27	0.98	1	1	17	11	2	0	A
I	3304642	T	W	22	2	8.33%	2	1	46	25	0.98	1	1	8	14	2	0	A
I	3316674	T	K	32	2	5.88%	2	1	48	37	0.98	1	1	11	21	2	0	G
I	3332359	T	Y	26	2	7.14%	2	1	42	37	0.98	1	1	14	12	0	2	C
I	3349214	T	W	33	2	5.71%	2	2	51	37	0.98	1	1	16	17	1	1	A
I	3354669	A	M	16	2	11.11%	2	1	45	31	0.98	1	1	4	12	0	2	C
I	3365183	T	K	35	2	5.41%	2	1	48	31	0.98	1	1	15	20	2	0	G
I	3366422	C	S	21	2	8.7%	2	1	42	37	0.98	1	1	10	11	0	2	G
I	3370734	G	R	18	4	18.18%	2	2	47	34	0.98	1	1	12	6	2	2	A
I	3417175	G	R	21	4	16%	2	2	49	34	0.98	1	1	10	11	2	2	A
I	3435934	A	M	20	2	9.09%	2	1	38	37	0.98	1	1	8	12	0	2	C
I	3438251	A	M	45	3	6.25%	2	2	48	49	0.98	1	1	27	18	2	1	C
I	3480379	T	K	29	3	9.38%	2	1	42	33	0.98	1	1	6	23	3	0	G
I	3501258	T	K	30	2	6.25%	2	2	51	55	0.98	1	1	17	13	1	1	G
I	3520012	G	K	16	2	11.11%	2	1	51	29	0.98	1	1	6	10	2	0	T
I	3529142	A	W	23	2	8%	2	1	47	27	0.98	1	1	7	16	0	2	T
I	3529214	A	W	20	2	9.09%	2	1	43	33	0.98	1	1	11	9	0	2	T
I	3538450	A	T	0	11	100%	0	2	0	42	0.98	0	1	0	0	4	7	T
I	3543492	G	S	24	2	7.69%	2	2	46	37	0.98	1	1	8	16	1	1	C
I	3548913	T	A	0	7	100%	0	2	0	45	0.98	0	1	0	0	1	6	A
I	3576756	T	Y	2	3	50%	1	1	37	33	0.98	1	1	0	2	3	0	C
I	3580066	C	M	12	2	14.29%	2	1	37	31	0.98	1	1	2	10	2	0	A
I	3583106	G	A	0	40	100%	0	2	0	49	0.98	0	1	0	0	23	17	A
I	3628057	G	R	30	2	6.25%	2	2	50	37	0.98	1	1	18	12	1	1	A
I	3645880	A	M	16	4	20%	2	1	41	34	0.98	1	1	14	2	0	4	C
I	3649286	A	R	39	4	9.3%	2	2	49	37	0.98	1	1	16	23	2	2	G
I	3662367	T	Y	18	2	10%	2	1	51	37	0.98	1	1	12	6	0	2	C
I	3673346	T	W	19	2	9.52%	2	1	40	74	0.98	1	1	6	13	0	2	A
I	3700385	T	W	1	2	20%	1	1	37	33	0.98	1	1	1	0	0	2	A
I	3732897	C	M	21	2	8.7%	2	1	46	37	0.98	1	1	11	10	0	2	A
I	3747619	C	Y	30	2	6.25%	2	1	53	55	0.98	1	1	17	13	2	0	T
I	3754706	C	M	35	2	5.41%	2	1	46	27	0.98	1	1	18	17	0	2	A
I	3756171	T	K	24	3	11.11%	2	1	44	27	0.98	1	1	3	21	3	0	G
I	3761504	C	M	84	8	8.7%	2	2	50	54	0.98	1	1	53	31	4	4	A
I	3761560	T	Y	72	7	8.86%	2	2	51	52	0.98	1	1	45	27	5	2	C
I	3761566	T	Y	71	7	8.97%	2	2	50	52	0.98	1	1	45	26	5	2	C
I	3778776	C	Y	42	7	14.29%	2	1	45	37	0.98	1	1	24	18	0	7	T
I	3778777	C	Y	39	7	15.22%	2	1	44	37	0.98	1	1	24	15	0	7	T
I	3780769	G	K	71	6	7.79%	2	2	51	67	0.98	1	1	29	42	4	2	T
I	3807119	A	M	33	2	5.71%	2	1	49	37	0.98	1	1	15	18	2	0	C
I	3811297	C	Y	23	2	8%	2	1	56	55	0.98	1	1	8	15	2	0	T
I	3825758	G	R	15	2	11.76%	2	2	41	25	0.98	1	1	10	5	1	1	A
I	3832251	A	M	16	2	11.11%	2	1	43	37	0.98	1	1	8	8	0	2	C
I	3846755	T	K	17	2	10.53%	2	1	36	31	0.98	1	1	1	16	2	0	G
I	3877223	A	M	36	2	5.26%	2	1	43	22	0.98	1	1	17	19	0	2	C
I	3877521	G	K	12	2	14.29%	2	1	37	25	0.98	1	1	6	6	0	2	T
I	3879466	A	W	20	2	9.09%	2	2	52	31	0.98	1	1	8	12	1	1	T
I	3880402	T	Y	49	4	7.55%	2	2	45	37	0.98	1	1	14	35	2	2	C
I	3899747	T	W	28	2	6.67%	2	1	49	33	0.98	1	1	13	15	2	0	A
I	3910609	A	M	12	2	14.29%	2	1	39	25	0.98	1	1	9	3	0	2	C
I	3912659	A	M	27	2	6.9%	2	1	42	37	0.98	1	1	8	19	0	2	C
I	3941176	A	M	28	2	6.67%	2	1	44	25	0.98	1	1	9	19	0	2	C
I	3983489	A	R	158	10	5.95%	2	2	48	42	0.98	1	1	86	72	5	5	G
I	3983670	T	Y	181	10	5.24%	2	2	52	40	0.98	1	1	95	86	2	8	C
I	3984278	C	Y	145	16	9.94%	2	2	48	38	0.98	1	1	64	81	14	2	T
I	3986794	C	Y	23	2	8%	2	2	46	37	0.98	1	1	6	17	1	1	T
I	3989696	A	R	53	3	5.36%	2	1	44	37	0.98	1	1	20	33	0	3	G
I	3992214	C	A	0	7	100%	0	2	0	42	0.98	0	1	0	0	3	4	A
I	3992657	C	Y	23	4	14.81%	2	1	49	37	0.98	1	1	10	13	0	4	T
I	3995707	A	R	76	4	5%	2	2	54	74	0.98	1	1	52	24	2	2	G
I	4001482	T	Y	33	2	5.71%	2	1	44	37	0.98	1	1	11	22	0	2	C
I	4006450	G	S	25	2	7.41%	2	2	43	74	0.98	1	1	18	7	1	1	C
I	4014440	A	R	22	2	8.33%	2	1	48	42	0.98	1	1	10	12	2	0	G
I	4041476	C	Y	8	2	20%	2	2	43	37	0.98	1	1	6	2	1	1	T
I	4053336	T	W	38	2	5%	2	1	42	25	0.98	1	1	21	17	2	0	A
I	4062156	T	K	35	2	5.41%	2	2	47	37	0.98	1	1	20	15	1	1	G
I	4063685	A	R	104	7	6.25%	2	2	47	33	0.98	1	1	44	60	4	3	G
I	4063835	T	Y	82	5	5.75%	2	2	48	42	0.98	1	1	34	48	3	2	C
I	4063868	A	W	65	5	7.14%	2	2	50	34	0.98	1	1	33	32	1	4	T
I	4063871	G	R	63	4	5.97%	2	2	49	35	0.98	1	1	30	33	2	2	A
I	4070040	T	K	34	2	5.56%	2	2	53	37	0.98	1	1	16	18	1	1	G
I	4079865	G	R	174	12	6.45%	2	2	53	41	0.98	1	1	92	82	7	5	A
I	4080855	A	R	33	2	5.71%	2	1	48	37	0.98	1	1	19	14	2	0	G
I	4110374	A	M	40	3	6.98%	2	1	47	33	0.98	1	1	21	19	0	3	C
I	4111650	T	K	33	2	5.71%	2	1	50	25	0.98	1	1	19	14	2	0	G
I	4135196	T	Y	37	3	7.5%	2	1	44	33	0.98	1	1	13	24	0	3	C
I	4148810	A	M	12	2	14.29%	1	1	33	33	0.98	1	1	12	0	0	2	C
I	4178126	T	K	27	2	6.9%	2	1	43	55	0.98	1	1	10	17	2	0	G
I	4191878	A	W	25	2	7.41%	2	2	44	37	0.98	1	1	18	7	1	1	T
I	4192110	A	M	19	4	17.39%	2	1	44	34	0.98	1	1	8	11	0	4	C
I	4199672	A	M	38	3	7.32%	2	2	44	45	0.98	1	1	27	11	1	2	C
I	4212436	A	M	13	3	18.75%	2	1	37	29	0.98	1	1	10	3	0	3	C
I	4213854	T	Y	28	2	6.67%	2	1	59	55	0.98	1	1	16	12	0	2	C
I	4221515	T	K	22	4	15.38%	2	1	44	28	0.98	1	1	10	12	4	0	G
I	4221549	A	W	30	2	6.25%	2	2	44	37	0.98	1	1	19	11	1	1	T
I	4234717	C	M	33	3	8.33%	2	1	42	34	0.98	1	1	13	20	3	0	A
I	4234762	T	K	37	2	5.13%	2	1	43	27	0.98	1	1	14	23	2	0	G
I	4241131	A	W	21	4	16%	2	2	47	37	0.98	1	1	10	11	2	2	T
I	4243847	G	K	18	2	9.52%	2	1	44	27	0.98	1	1	11	7	0	2	T
I	4268916	T	K	28	5	15.15%	2	1	39	32	0.98	1	1	5	23	5	0	G
I	4268955	G	K	34	2	5.56%	2	1	41	25	0.98	1	1	8	26	2	0	T
I	4298141	T	K	17	2	10.53%	2	2	47	55	0.98	1	1	12	5	1	1	G
I	4316464	T	Y	28	4	12.5%	2	1	52	37	0.98	1	1	14	14	4	0	C
I	4316584	C	Y	32	3	8.57%	2	2	47	37	0.98	1	1	21	11	1	2	T
I	4316809	T	Y	45	3	6.25%	2	1	46	34	0.98	1	1	21	24	0	3	C
I	4316962	T	Y	34	2	5.41%	2	1	49	37	0.98	1	1	11	23	0	2	C
I	4317034	C	M	31	2	6.06%	2	2	48	37	0.98	1	1	11	20	1	1	A
I	4317357	A	R	25	2	7.41%	2	2	39	37	0.98	1	1	15	10	1	1	G
I	4375421	A	T	0	14	100%	0	2	0	47	0.98	0	1	0	0	4	10	T
I	4378721	T	Y	20	3	13.04%	2	1	48	33	0.98	1	1	12	8	0	3	C
I	4383725	T	W	19	2	9.52%	2	2	60	37	0.98	1	1	9	10	1	1	A
I	4416089	G	K	30	2	6.25%	2	2	45	37	0.98	1	1	12	18	1	1	T
I	4419529	A	R	32	4	11.11%	2	2	47	37	0.98	1	1	15	17	2	2	G
I	4427777	C	M	17	2	10.53%	2	1	43	37	0.98	1	1	12	5	0	2	A
I	4438811	G	S	10	2	16.67%	2	2	62	37	0.98	1	1	5	5	1	1	C
I	4442505	T	Y	31	2	6.06%	2	2	57	37	0.98	1	1	13	18	1	1	C
I	4442714	G	A	0	48	100%	0	2	0	55	0.98	0	1	0	0	24	24	A
I	4444986	C	M	20	2	9.09%	2	1	41	37	0.98	1	1	9	11	0	2	A
I	4445029	G	S	19	2	9.52%	2	1	48	37	0.98	1	1	10	9	0	2	C
I	4472168	C	M	18	2	10%	2	1	51	31	0.98	1	1	6	12	2	0	A
I	4497354	T	Y	34	2	5.56%	2	2	45	31	0.98	1	1	20	14	1	1	C
I	4500040	A	M	29	2	6.45%	2	1	43	37	0.98	1	1	13	16	0	2	C
I	4501190	C	S	28	2	6.67%	2	2	45	37	0.98	1	1	9	19	1	1	G
I	4531712	A	W	17	3	15%	2	1	50	37	0.98	1	1	7	10	0	3	T
I	4569538	A	R	19	2	9.52%	2	2	48	37	0.98	1	1	2	17	1	1	G
I	4572445	A	M	7	2	22.22%	2	1	40	31	0.98	1	1	1	6	0	2	C
I	4581394	A	M	28	3	9.68%	2	2	43	70	0.98	1	1	16	12	1	2	C
I	4604677	G	K	8	2	20%	1	1	34	37	0.98	1	1	0	8	2	0	T
I	4604689	G	K	10	2	16.67%	2	1	35	25	0.98	1	1	2	8	2	0	T
I	4604729	T	W	10	2	16.67%	2	1	35	25	0.98	1	1	3	7	2	0	A
I	4648123	A	W	29	2	6.45%	2	1	40	25	0.98	1	1	15	14	0	2	T
I	4648160	G	T	1	9	90%	1	2	37	39	0.98	1	1	1	0	6	3	T
I	4648161	G	K	7	16	69.57%	2	2	38	46	0.98	1	1	6	1	11	5	T
I	4659544	A	W	28	2	6.67%	2	1	47	21	0.98	1	1	20	8	2	0	T
I	4685328	A	R	18	2	10%	2	2	43	37	0.98	1	1	16	2	1	1	G
I	4693849	T	K	37	2	5.13%	2	2	44	37	0.98	1	1	21	16	1	1	G
I	4701663	C	M	16	2	11.11%	2	1	47	31	0.98	1	1	9	7	2	0	A
I	4709870	G	R	15	2	11.76%	2	2	39	37	0.98	1	1	2	13	1	1	A
I	4716429	T	Y	29	2	6.45%	2	2	40	55	0.98	1	1	17	12	1	1	C
I	4723875	T	W	28	2	6.67%	2	1	51	37	0.98	1	1	18	10	2	0	A
I	4764253	G	R	9	3	13.64%	2	1	42	34	0.98	1	1	5	4	0	3	A
I	4768354	A	R	31	2	6.06%	2	2	49	49	0.98	1	1	14	17	1	1	G
I	4771080	A	M	31	2	6.06%	2	2	52	37	0.98	1	1	16	15	1	1	C
I	4771707	G	R	26	4	13.33%	2	2	45	37	0.98	1	1	6	20	2	2	A
I	4793759	A	M	24	2	7.69%	2	2	44	37	0.98	1	1	10	14	1	1	C
I	4803238	A	M	22	2	8.33%	2	1	44	28	0.98	1	1	6	16	0	2	C
I	4824119	T	Y	29	2	6.45%	2	2	47	55	0.98	1	1	21	8	1	1	C
I	4893945	A	M	12	2	14.29%	2	1	40	27	0.98	1	1	10	2	0	2	C
I	4896512	C	M	27	2	6.9%	2	2	42	49	0.98	1	1	11	16	1	1	A
I	4914358	A	M	30	2	6.25%	2	1	47	25	0.98	1	1	14	16	0	2	C
I	4919603	A	G	0	25	100%	0	2	0	39	0.98	0	1	0	0	6	19	G
I	4923135	T	Y	34	2	5.56%	2	2	49	37	0.98	1	1	26	8	1	1	C
I	4959999	C	M	30	2	6.25%	2	1	42	31	0.98	1	1	17	13	0	2	A
I	4960151	T	K	37	2	5.13%	2	2	51	31	0.98	1	1	14	23	1	1	G
I	4978214	A	W	12	6	33.33%	2	1	43	37	0.98	1	1	6	6	0	6	T
I	5005004	A	M	26	2	7.14%	2	1	44	31	0.98	1	1	21	5	0	2	C
I	5017665	T	W	33	2	5.71%	2	2	51	37	0.98	1	1	18	15	1	1	A
I	5020368	T	K	14	2	12.5%	2	1	43	22	0.98	1	1	9	5	2	0	G
I	5022757	G	K	25	2	7.41%	2	1	41	25	0.98	1	1	22	3	0	2	T
I	5036860	T	W	21	2	8.7%	2	1	37	25	0.98	1	1	18	3	0	2	A
I	5046142	A	M	13	2	13.33%	2	2	48	25	0.98	1	1	4	9	1	1	C
I	5051664	T	W	31	2	6.06%	2	1	45	25	0.98	1	1	8	23	2	0	A
I	5068795	G	R	34	2	5.56%	2	2	43	37	0.98	1	1	18	16	1	1	A
I	5068979	G	S	32	2	5.88%	2	2	41	37	0.98	1	1	16	16	1	1	C
I	5087105	G	K	20	2	9.09%	2	1	45	31	0.98	1	1	7	13	2	0	T
I	5096540	C	M	10	2	16.67%	2	1	38	29	0.98	1	1	5	5	2	0	A
I	5111072	T	Y	23	2	8%	2	1	47	31	0.98	1	1	10	13	0	2	C
I	5116193	C	M	38	2	5%	2	2	44	33	0.98	1	1	16	22	1	1	A
I	5122370	A	M	23	2	8%	2	1	45	55	0.98	1	1	11	12	0	2	C
I	5128244	T	Y	36	2	5.26%	2	2	45	55	0.98	1	1	23	13	1	1	C
I	5159392	T	Y	25	2	7.41%	2	1	45	37	0.98	1	1	9	16	0	2	C
I	5188588	T	W	11	2	15.38%	2	2	47	37	0.98	1	1	3	8	1	1	A
I	5212000	T	Y	17	2	10.53%	2	2	48	37	0.98	1	1	11	6	1	1	C
I	5258308	G	K	33	2	5.71%	2	1	45	55	0.98	1	1	21	12	0	2	T
I	5263230	A	R	38	2	5%	2	1	50	55	0.98	1	1	12	26	0	2	G
I	5263251	A	R	37	2	5.13%	2	1	50	37	0.98	1	1	13	24	0	2	G
I	5271466	A	T	0	5	100%	0	1	0	37	0.98	0	1	0	0	0	5	T
I	5284399	A	R	17	2	10.53%	2	1	42	55	0.98	1	1	5	12	2	0	G
I	5325807	A	W	21	3	12.5%	2	2	41	32	0.98	1	1	6	15	2	1	T
I	5348976	A	R	24	2	7.69%	2	1	46	55	0.98	1	1	9	15	2	0	G
I	5351475	G	K	20	2	9.09%	2	1	40	25	0.98	1	1	8	12	2	0	T
I	5368273	G	K	2	3	5.26%	2	2	37	61	0.98	1	1	1	1	1	2	+T
I	5400080	C	T	0	9	100%	0	2	0	45	0.98	0	1	0	0	4	5	T
I	5420179	C	M	23	2	8%	2	1	46	37	0.98	1	1	9	14	0	2	A
I	5431678	G	K	24	2	7.69%	2	1	43	27	0.98	1	1	8	16	2	0	T
I	5435319	A	W	18	2	10%	2	2	47	37	0.98	1	1	9	9	1	1	T
I	5438317	A	R	34	2	5.56%	2	1	49	37	0.98	1	1	16	18	2	0	G
I	5459102	G	R	16	2	11.11%	2	2	43	37	0.98	1	1	10	6	1	1	A
I	5484362	A	M	35	2	5.41%	2	1	46	31	0.98	1	1	9	26	0	2	C
I	5517179	A	M	27	2	6.9%	2	1	51	31	0.98	1	1	18	9	0	2	C
I	5534392	A	R	12	4	25%	2	2	43	37	0.98	1	1	5	7	2	2	G
I	5535483	A	M	34	2	5.56%	2	1	49	37	0.98	1	1	26	8	0	2	C
I	5562193	A	R	29	14	32.56%	2	2	52	39	0.98	1	1	16	13	11	3	G
I	5568014	G	R	24	5	17.24%	2	2	35	34	0.98	1	1	10	14	3	2	A
I	5569168	A	R	45	8	15.09%	2	2	49	50	0.98	1	1	15	30	2	6	G
I	5569182	A	W	52	7	11.86%	2	2	46	47	0.98	1	1	19	33	1	6	T
I	5570818	G	K	9	2	18.18%	2	2	39	29	0.98	1	1	7	2	1	1	T
I	5572683	A	M	18	2	10%	2	1	44	31	0.98	1	1	11	7	0	2	C
I	5573076	T	Y	72	5	6.49%	2	2	45	66	0.98	1	1	31	41	1	4	C
I	5573112	A	M	56	6	9.68%	2	2	45	49	0.98	1	1	34	22	3	3	C
I	5573123	T	Y	51	7	12.07%	2	2	45	47	0.98	1	1	31	20	4	3	C
I	5573198	T	Y	111	7	5.93%	2	2	52	47	0.98	1	1	46	65	4	3	C
I	5573444	T	Y	77	6	7.23%	2	2	47	43	0.98	1	1	32	45	2	4	C
I	5573452	A	R	75	6	7.41%	2	2	47	51	0.98	1	1	31	44	2	4	G
I	5573468	G	R	69	6	8%	2	2	50	51	0.98	1	1	26	43	4	2	A
I	5573480	C	Y	69	4	5.48%	2	2	48	61	0.98	1	1	30	39	1	3	T
I	5573661	G	R	33	4	10.81%	2	2	43	43	0.98	1	1	10	23	2	2	A
I	5573676	T	Y	33	8	19.51%	2	2	45	60	0.98	1	1	14	19	5	3	C
I	5573686	C	Y	34	2	5.56%	2	1	52	37	0.98	1	1	16	18	0	2	T
I	5573770	A	R	31	7	18.42%	2	2	48	58	0.98	1	1	11	20	4	3	G
I	5573801	G	R	38	2	5%	2	1	52	37	0.98	1	1	16	22	2	0	A
I	5573851	T	Y	38	2	5%	2	1	44	37	0.98	1	1	21	17	2	0	C
I	5573897	A	R	31	2	6.06%	2	1	45	55	0.98	1	1	22	9	2	0	G
I	5576809	C	Y	11	10	47.62%	2	2	46	40	0.98	1	1	5	6	7	3	T
I	5579055	C	Y	3	4	57.14%	1	2	74	46	0.98	1	1	0	3	1	3	T
II	1335	A	W	73	6	7.59%	2	2	53	61	0.98	1	1	27	46	3	3	T
II	5157	A	W	56	6	9.68%	2	2	51	43	0.98	1	1	23	33	2	4	T
II	7207	T	Y	15	4	21.05%	2	2	45	37	0.98	1	1	6	9	3	1	C
II	7224	C	M	13	2	13.33%	2	1	40	37	0.98	1	1	5	8	0	2	A
II	41113	G	K	26	2	7.14%	2	1	46	29	0.98	1	1	11	15	2	0	T
II	46913	T	W	9	3	18.75%	2	1	44	34	0.98	1	1	6	3	0	3	A
II	46943	G	R	14	2	12.5%	2	1	37	55	0.98	1	1	1	13	2	0	A
II	53245	C	M	9	2	18.18%	2	1	36	31	0.98	1	1	8	1	0	2	A
II	53249	A	M	7	2	22.22%	2	1	33	31	0.98	1	1	5	2	0	2	C
II	73491	A	M	21	2	8.7%	2	1	48	37	0.98	1	1	18	3	0	2	C
II	99025	T	K	38	2	5%	2	1	40	37	0.98	1	1	12	26	2	0	G
II	104723	G	K	24	2	7.69%	2	2	51	74	0.98	1	1	16	8	1	1	T
II	105475	C	Y	34	2	5.56%	2	1	46	55	0.98	1	1	28	6	2	0	T
II	105484	A	W	33	2	5.71%	2	1	46	55	0.98	1	1	28	5	2	0	T
II	105494	A	W	33	2	5.71%	2	1	48	55	0.98	1	1	24	9	2	0	T
II	105499	T	Y	33	2	5.71%	2	1	47	55	0.98	1	1	23	10	2	0	C
II	105508	C	Y	36	2	5.26%	2	1	52	55	0.98	1	1	21	15	2	0	T
II	105544	T	Y	39	7	15.22%	2	2	56	52	0.98	1	1	20	19	6	1	C
II	105613	C	Y	52	3	5.45%	2	2	49	65	0.98	1	1	25	27	1	2	T
II	105617	C	Y	52	3	5.45%	2	2	49	65	0.98	1	1	24	28	1	2	T
II	105709	C	Y	68	6	8.11%	2	2	47	43	0.98	1	1	38	30	5	1	T
II	105772	A	R	71	4	5.33%	2	2	49	46	0.98	1	1	31	40	2	2	G
II	105776	A	R	73	4	5.19%	2	2	49	46	0.98	1	1	34	39	2	2	G
II	105808	T	Y	67	8	10.67%	2	2	49	50	0.98	1	1	32	35	2	6	C
II	105829	C	Y	70	9	11.39%	2	2	53	45	0.98	1	1	33	37	4	5	T
II	105862	T	Y	74	11	12.94%	2	2	54	36	0.98	1	1	36	38	6	5	C
II	105874	T	Y	79	16	16.84%	2	2	54	43	0.98	1	1	43	36	10	6	C
II	105886	T	Y	76	19	20%	2	2	51	46	0.98	1	1	43	33	13	6	C
II	105889	C	Y	78	19	19.59%	2	2	52	46	0.98	1	1	45	33	13	6	T
II	105916	C	Y	80	16	16.67%	2	2	51	43	0.98	1	1	49	31	8	8	T
II	105931	A	W	65	11	14.47%	2	2	48	46	0.98	1	1	42	23	6	5	T
II	105934	T	K	72	9	11.11%	2	2	49	45	0.98	1	1	47	25	5	4	G
II	105936	T	W	72	9	11.11%	2	2	48	45	0.98	1	1	48	24	5	4	A
II	105973	T	Y	72	7	8.86%	2	2	49	58	0.98	1	1	42	30	3	4	C
II	105974	A	R	70	7	9.09%	2	2	50	58	0.98	1	1	41	29	3	4	G
II	106084	T	Y	68	4	5.56%	2	2	45	46	0.98	1	1	20	48	1	3	C
II	106102	G	K	73	5	6.41%	2	2	46	39	0.98	1	1	31	42	4	1	T
II	106207	C	Y	71	8	10.13%	2	2	49	49	0.98	1	1	33	38	3	5	T
II	106414	C	Y	54	8	12.9%	2	2	47	43	0.98	1	1	26	28	6	2	T
II	106638	T	Y	40	8	16.67%	2	2	45	46	0.98	1	1	10	30	4	4	C
II	106762	A	R	23	3	11.54%	2	2	46	61	0.98	1	1	9	14	1	2	G
II	111414	C	Y	26	9	25.71%	2	2	43	45	0.98	1	1	10	16	8	1	T
II	111538	G	R	46	8	14.81%	2	2	50	50	0.98	1	1	32	14	6	2	A
II	111772	T	Y	47	3	6%	2	2	48	37	0.98	1	1	29	18	2	1	C
II	111777	A	R	48	3	5.88%	2	2	48	33	0.98	1	1	30	18	2	1	G
II	111780	A	W	47	3	6%	2	2	47	37	0.98	1	1	29	18	2	1	T
II	111783	A	R	49	3	5.77%	2	2	48	37	0.98	1	1	29	20	2	1	G
II	111785	T	Y	48	3	5.88%	2	2	49	37	0.98	1	1	28	20	2	1	C
II	111906	A	W	58	6	9.38%	2	2	44	55	0.98	1	1	31	27	5	1	T
II	111909	G	R	57	6	9.52%	2	2	47	55	0.98	1	1	29	28	5	1	A
II	112063	T	Y	52	3	5.45%	2	1	44	37	0.98	1	1	24	28	0	3	C
II	112065	G	R	54	3	5.26%	2	1	45	37	0.98	1	1	27	27	0	3	A
II	112074	A	M	50	9	15.25%	2	1	40	37	0.98	1	1	26	24	0	9	C
II	112202	C	Y	66	4	5.71%	2	2	51	46	0.98	1	1	30	36	1	3	T
II	112203	G	R	67	4	5.63%	2	2	50	46	0.98	1	1	30	37	1	3	A
II	112260	A	R	70	6	7.89%	2	2	53	49	0.98	1	1	38	32	3	3	G
II	112287	A	R	63	8	11.27%	2	2	53	43	0.98	1	1	35	28	2	6	G
II	112290	G	R	63	8	11.27%	2	2	49	46	0.98	1	1	32	31	2	6	A
II	112302	G	R	66	11	14.29%	2	2	47	47	0.98	1	1	40	26	8	3	A
II	112314	G	R	67	7	9.46%	2	2	50	43	0.98	1	1	41	26	5	2	A
II	112347	A	R	63	8	11.27%	2	2	51	66	0.98	1	1	39	24	3	5	G
II	112352	C	M	61	5	7.58%	2	1	46	27	0.98	1	1	43	18	0	5	A
II	112368	G	R	62	12	16.22%	2	2	55	57	0.98	1	1	32	30	3	9	A
II	112467	A	R	55	4	6.78%	2	1	45	39	0.98	1	1	21	34	0	4	G
II	112559	A	R	37	3	7.5%	2	1	49	66	0.98	1	1	15	22	0	3	G
II	112563	A	R	37	3	7.5%	2	1	48	74	0.98	1	1	15	22	0	3	G
II	112722	A	R	23	3	11.54%	2	1	52	61	0.98	1	1	11	12	0	3	G
II	112728	A	R	26	2	7.14%	2	1	52	55	0.98	1	1	12	14	0	2	G
II	112731	A	R	24	2	7.69%	2	1	53	55	0.98	1	1	12	12	0	2	G
II	112734	G	R	26	2	7.14%	2	1	51	55	0.98	1	1	13	13	0	2	A
II	112737	G	K	26	2	7.14%	2	1	49	55	0.98	1	1	12	14	0	2	T
II	112740	C	S	25	2	7.41%	2	1	51	55	0.98	1	1	12	13	0	2	G
II	112743	A	W	25	2	7.41%	2	1	48	49	0.98	1	1	12	13	0	2	T
II	112746	G	R	26	2	7.14%	2	1	49	49	0.98	1	1	11	15	0	2	A
II	112749	T	K	27	2	6.9%	2	1	46	55	0.98	1	1	12	15	0	2	G
II	112766	A	R	27	2	6.9%	2	1	45	55	0.98	1	1	12	15	0	2	G
II	116883	G	K	18	2	10%	2	1	53	25	0.98	1	1	13	5	2	0	T
II	132917	T	Y	37	2	5.13%	2	1	44	55	0.98	1	1	22	15	0	2	C
II	144046	T	Y	31	3	8.82%	2	2	50	74	0.98	1	1	18	13	2	1	C
II	146007	C	M	25	2	7.41%	2	1	45	27	0.98	1	1	10	15	2	0	A
II	237156	A	W	12	3	20%	1	1	37	30	0.98	1	1	12	0	0	3	T
II	243155	C	M	20	2	9.09%	2	1	39	31	0.98	1	1	11	9	0	2	A
II	251481	T	K	32	2	5.88%	2	1	52	37	0.98	1	1	13	19	2	0	G
II	252847	A	M	22	2	8.33%	2	2	51	25	0.98	1	1	14	8	1	1	C
II	257487	C	Y	35	4	10.26%	2	2	44	46	0.98	1	1	21	14	3	1	T
II	257946	A	R	42	5	10.64%	2	2	54	56	0.98	1	1	19	23	3	2	G
II	260332	C	Y	33	2	5.71%	2	2	45	31	0.98	1	1	20	13	1	1	T
II	266718	A	C	0	33	100%	0	2	0	45	0.98	0	1	0	0	8	25	C
II	266780	T	A	0	23	100%	0	2	0	49	0.98	0	1	0	0	15	8	A
II	267843	A	R	34	2	5.41%	2	2	43	37	0.98	1	1	14	20	1	1	G
II	276539	A	T	0	37	100%	0	2	0	48	0.98	0	1	0	0	13	24	T
II	298013	A	M	23	2	8%	2	1	43	25	0.98	1	1	13	10	0	2	C
II	324232	G	S	33	2	5.71%	2	2	47	55	0.98	1	1	20	13	1	1	C
II	339408	T	K	3	3	50%	2	1	45	27	0.98	1	1	1	2	3	0	G
II	351888	A	M	30	2	6.25%	2	2	41	74	0.98	1	1	21	9	1	1	C
II	353409	G	K	22	3	12%	2	1	46	29	0.98	1	1	16	6	0	3	T
II	376003	A	M	19	2	9.52%	2	1	44	25	0.98	1	1	7	12	0	2	C
II	442028	G	R	31	2	6.06%	2	2	44	37	0.98	1	1	25	6	1	1	A
II	443755	G	K	35	2	5.41%	2	1	48	37	0.98	1	1	20	15	0	2	T
II	446513	C	S	28	2	6.67%	2	1	49	37	0.98	1	1	11	17	2	0	G
II	450263	A	M	15	5	25%	2	1	45	29	0.98	1	1	13	2	0	5	C
II	471971	T	K	20	2	9.09%	2	1	49	25	0.98	1	1	11	9	2	0	G
II	488677	G	K	26	2	7.14%	2	1	45	74	0.98	1	1	13	13	2	0	T
II	516477	C	M	27	2	6.9%	2	2	52	37	0.98	1	1	15	12	1	1	A
II	529877	C	M	23	2	8%	2	1	38	25	0.98	1	1	9	14	2	0	A
II	529881	A	M	21	3	12.5%	2	1	39	33	0.98	1	1	17	4	0	3	C
II	540586	C	M	14	2	12.5%	2	1	38	27	0.98	1	1	1	13	2	0	A
II	572643	G	K	28	2	6.67%	2	1	42	33	0.98	1	1	17	11	0	2	T
II	572719	A	M	35	2	5.41%	2	1	42	25	0.98	1	1	28	7	0	2	C
II	580401	A	M	15	2	11.76%	2	2	43	37	0.98	1	1	7	8	1	1	C
II	613742	T	K	14	2	12.5%	2	2	44	51	0.98	1	1	4	10	1	1	G
II	620211	A	R	22	2	8.33%	2	2	48	37	0.98	1	1	9	13	1	1	G
II	668237	C	M	33	2	5.71%	2	1	49	25	0.98	1	1	15	18	0	2	A
II	670493	G	R	101	6	5.61%	2	2	46	37	0.98	1	1	41	60	3	3	A
II	670646	A	W	89	5	5.32%	2	2	46	34	0.98	1	1	36	53	4	1	T
II	670673	T	Y	70	10	12.5%	2	2	49	35	0.98	1	1	36	34	6	4	C
II	671077	C	Y	77	7	8.33%	2	2	47	37	0.98	1	1	36	41	4	3	T
II	679435	A	M	18	2	10%	2	2	55	37	0.98	1	1	7	11	1	1	C
II	679440	G	R	17	2	10.53%	2	2	56	37	0.98	1	1	7	10	1	1	A
II	685728	G	A	1	24	96%	1	2	37	42	0.98	1	1	0	1	13	11	A
II	689020	A	W	87	5	5.43%	2	2	50	35	0.98	1	1	51	36	2	3	T
II	689022	C	S	88	5	5.38%	2	2	50	35	0.98	1	1	52	36	2	3	G
II	689137	C	S	129	9	6.47%	2	2	51	49	0.98	1	1	67	62	3	6	G
II	689212	T	Y	114	8	6.56%	2	2	52	34	0.98	1	1	53	61	5	3	C
II	689330	T	Y	106	24	18.46%	2	2	46	37	0.98	1	1	64	42	16	8	C
II	689356	T	Y	116	12	9.3%	2	2	45	33	0.98	1	1	75	41	11	1	C
II	689457	T	Y	73	7	8.75%	2	2	40	37	0.98	1	1	39	34	5	2	C
II	689459	G	K	73	4	5.19%	2	2	41	37	0.98	1	1	40	33	2	2	T
II	689485	A	T	0	71	100%	0	2	0	40	0.98	0	1	0	0	36	35	T
II	689487	A	C	0	71	100%	0	2	0	40	0.98	0	1	0	0	33	38	C
II	689500	T	Y	78	6	7.14%	2	2	42	37	0.98	1	1	35	43	3	3	C
II	689578	T	Y	110	7	5.98%	2	2	46	39	0.98	1	1	54	56	3	4	C
II	689601	C	Y	112	7	5.83%	2	2	47	42	0.98	1	1	57	55	2	5	T
II	689686	T	Y	106	10	8.62%	2	2	42	42	0.98	1	1	52	54	5	5	C
II	689781	C	Y	83	6	6.74%	2	2	46	35	0.98	1	1	41	42	3	3	T
II	689783	T	K	82	5	5.62%	2	2	47	35	0.98	1	1	37	45	2	3	G
II	689794	T	C	3	98	97.03%	1	2	61	47	0.98	1	1	3	0	46	52	C
II	689902	T	Y	108	9	7.69%	2	2	46	44	0.98	1	1	45	63	6	3	C
II	690001	T	K	113	6	5.04%	2	2	48	41	0.98	1	1	70	43	4	2	G
II	690040	T	Y	109	22	16.79%	2	2	49	47	0.98	1	1	53	56	9	13	C
II	690190	T	Y	136	12	8.11%	2	2	47	52	0.98	1	1	79	57	6	6	C
II	690256	T	Y	133	7	5%	2	2	50	37	0.98	1	1	85	48	2	5	C
II	690283	C	Y	125	8	6.02%	2	2	50	40	0.98	1	1	73	52	3	5	T
II	690537	G	S	111	10	7.94%	2	2	46	34	0.98	1	1	54	57	8	2	C
II	690539	T	K	121	9	6.87%	2	2	47	35	0.98	1	1	57	64	6	3	G
II	690685	T	K	117	14	10.69%	2	2	47	37	0.98	1	1	60	57	6	8	G
II	690770	G	S	122	10	7.58%	2	2	45	37	0.98	1	1	67	55	5	5	C
II	690832	T	Y	124	8	6.06%	2	2	47	46	0.98	1	1	53	71	6	2	C
II	690838	C	Y	127	9	6.62%	2	2	46	40	0.98	1	1	55	72	6	3	T
II	690904	T	Y	117	7	5.6%	2	2	46	37	0.98	1	1	44	73	5	2	C
II	691054	T	Y	125	9	6.72%	2	2	48	36	0.98	1	1	66	59	1	8	C
II	691113	C	Y	106	11	9.4%	2	2	46	35	0.98	1	1	51	55	5	6	T
II	691216	A	W	111	8	6.72%	2	2	42	32	0.98	1	1	58	53	6	2	T
II	691234	T	Y	111	11	8.94%	2	2	43	35	0.98	1	1	58	53	9	2	C
II	691436	A	R	124	11	8.15%	2	2	46	43	0.98	1	1	65	59	6	5	G
II	691560	T	Y	109	18	14.17%	2	2	48	36	0.98	1	1	53	56	6	12	C
II	691617	C	Y	131	8	5.76%	2	2	46	35	0.98	1	1	66	65	4	4	T
II	691634	T	Y	128	13	9.15%	2	2	48	35	0.98	1	1	59	69	7	6	C
II	691774	T	Y	130	8	5.8%	2	2	48	36	0.98	1	1	58	72	5	3	C
II	691876	C	Y	124	7	5.34%	2	2	47	41	0.98	1	1	62	62	1	6	T
II	691882	T	Y	128	11	7.91%	2	2	46	35	0.98	1	1	62	66	8	3	C
II	692020	T	Y	131	9	6.38%	2	2	50	36	0.98	1	1	50	81	5	4	C
II	692092	C	Y	130	12	8.45%	2	2	49	48	0.98	1	1	53	77	11	1	T
II	692164	C	Y	105	6	5.41%	2	2	50	35	0.98	1	1	48	57	1	5	T
II	692170	T	Y	95	7	6.8%	2	2	49	46	0.98	1	1	45	50	5	2	C
II	692193	T	Y	59	12	16.9%	2	2	53	35	0.98	1	1	35	24	5	7	C
II	692195	G	S	54	5	7.25%	2	2	53	33	0.98	1	1	31	23	4	1	C
II	692195	G	K	54	10	14.49%	2	2	53	35	0.98	1	1	31	23	2	8	T
II	692262	C	S	52	3	5.45%	2	1	47	29	0.98	1	1	21	31	0	3	G
II	692278	T	Y	40	7	14.89%	2	2	50	40	0.98	1	1	16	24	4	3	C
II	692301	T	Y	30	2	6.25%	2	2	51	37	0.98	1	1	13	17	1	1	C
II	692303	C	S	22	6	18.75%	2	2	54	49	0.98	1	1	9	13	5	1	G
II	692303	C	Y	22	4	12.5%	2	1	54	31	0.98	1	1	9	13	0	4	G
II	692334	G	S	30	2	6.25%	2	1	51	37	0.98	1	1	17	13	0	2	C
II	692344	C	Y	29	4	12.12%	2	2	48	37	0.98	1	1	13	16	2	2	T
II	692372	G	R	21	2	8.7%	2	2	47	55	0.98	1	1	12	9	1	1	A
II	692377	T	K	17	6	25%	2	2	45	41	0.98	1	1	7	10	4	2	G
II	692382	G	S	17	2	10.53%	2	2	45	37	0.98	1	1	9	8	1	1	C
II	692416	T	Y	5	3	37.5%	2	2	44	45	0.98	1	1	2	3	1	2	C
II	692418	C	S	6	2	25%	2	2	41	37	0.98	1	1	2	4	1	1	G
II	692419	A	W	6	2	25%	2	2	39	37	0.98	1	1	2	4	1	1	T
II	692422	T	Y	3	4	57.14%	2	2	37	46	0.98	1	1	1	2	1	3	C
II	692442	G	C	0	5	100%	0	2	0	37	0.98	0	1	0	0	1	4	C
II	692452	T	Y	9	2	18.18%	2	2	42	37	0.98	1	1	2	7	1	1	C
II	692483	T	K	21	2	8.7%	2	1	50	37	0.98	1	1	10	11	0	2	G
II	692524	C	Y	29	6	17.14%	2	2	52	41	0.98	1	1	10	19	2	4	T
II	692530	C	Y	32	5	13.51%	2	2	49	42	0.98	1	1	12	20	2	3	T
II	692553	C	S	34	2	5.41%	2	2	49	37	0.98	1	1	15	19	1	1	G
II	692584	T	W	30	2	6.25%	2	1	53	37	0.98	1	1	11	19	2	0	A
II	692596	T	Y	22	4	15.38%	2	2	52	37	0.98	1	1	8	14	3	1	C
II	692627	C	S	15	4	21.05%	2	2	55	37	0.98	1	1	2	13	3	1	G
II	692634	G	S	10	2	16.67%	2	1	50	37	0.98	1	1	2	8	2	0	C
II	692635	T	W	12	2	14.29%	2	1	47	31	0.98	1	1	3	9	2	0	A
II	692710	T	Y	3	8	72.73%	2	1	49	37	0.98	1	1	2	1	8	0	C
II	692776	C	Y	70	5	6.67%	2	2	49	35	0.98	1	1	49	21	4	1	T
II	692782	T	Y	85	5	5.56%	2	1	49	51	0.98	1	1	60	25	5	0	C
II	692805	C	Y	90	7	7.22%	2	2	50	35	0.98	1	1	62	28	4	3	T
II	692884	T	Y	114	15	11.63%	2	2	51	41	0.98	1	1	66	48	7	8	C
II	693028	T	Y	105	11	9.48%	2	2	47	34	0.98	1	1	45	60	6	5	C
II	693057	C	Y	109	7	5.98%	2	2	45	47	0.98	1	1	48	61	3	4	T
II	693059	T	K	114	6	5%	2	2	44	48	0.98	1	1	49	65	4	2	G
II	693106	T	Y	118	21	15.11%	2	2	42	42	0.98	1	1	62	56	11	10	C
II	693172	C	Y	143	11	7.1%	2	2	46	41	0.98	1	1	83	60	5	6	T
II	693203	G	K	150	9	5.62%	2	2	48	41	0.98	1	1	76	74	5	4	T
II	693244	T	Y	133	16	10.74%	2	2	50	38	0.98	1	1	54	79	6	10	C
II	693316	C	Y	113	6	5.04%	2	2	46	41	0.98	1	1	38	75	1	5	T
II	693345	C	Y	91	5	5.21%	2	2	45	40	0.98	1	1	23	68	2	3	T
II	693388	T	Y	76	7	8.43%	2	2	45	34	0.98	1	1	17	59	3	4	C
II	693419	C	S	62	4	6.06%	2	2	45	34	0.98	1	1	18	44	2	2	G
II	693426	G	S	57	3	5%	2	2	44	41	0.98	1	1	14	43	2	1	C
II	693493	G	K	39	3	7.14%	2	2	39	33	0.98	1	1	20	19	1	2	T
II	693496	C	Y	36	2	5.26%	2	2	38	37	0.98	1	1	18	18	1	1	T
II	693499	C	T	1	33	94.29%	1	2	74	35	0.98	1	1	0	1	22	11	T
II	693529	T	K	48	4	7.69%	2	2	41	37	0.98	1	1	32	16	2	2	G
II	693538	C	Y	57	3	5%	2	2	40	30	0.98	1	1	34	23	1	2	T
II	693595	C	Y	74	10	11.9%	2	2	47	39	0.98	1	1	42	32	6	4	T
II	693754	T	Y	138	8	5.48%	2	2	48	41	0.98	1	1	68	70	6	2	C
II	693820	T	Y	135	11	7.53%	2	2	47	38	0.98	1	1	72	63	9	2	C
II	693892	C	Y	159	11	6.47%	2	2	43	34	0.98	1	1	99	60	5	6	T
II	693921	C	Y	128	16	10.81%	2	2	43	38	0.98	1	1	81	47	10	6	T
II	693923	T	K	141	9	5.73%	2	2	42	40	0.98	1	1	86	55	4	5	G
II	693964	T	Y	160	14	8.05%	2	2	46	37	0.98	1	1	87	73	10	4	C
II	694105	T	K	191	14	6.83%	2	2	46	39	0.98	1	1	91	100	7	7	G
II	694171	C	Y	166	11	6.21%	2	2	47	40	0.98	1	1	69	97	5	6	T
II	694540	T	Y	127	13	9.29%	2	2	49	35	0.98	1	1	64	63	6	7	C
II	694546	T	Y	134	14	9.46%	2	2	49	36	0.98	1	1	72	62	11	3	C
II	694612	C	Y	170	9	5.03%	2	2	46	41	0.98	1	1	84	86	6	3	T
II	694641	C	Y	157	11	6.51%	2	2	46	43	0.98	1	1	79	78	6	5	T
II	694684	T	Y	163	9	5.2%	2	2	45	39	0.98	1	1	84	79	2	7	C
II	694838	T	Y	111	12	9.76%	2	2	45	38	0.98	1	1	45	66	5	7	C
II	694864	T	Y	131	8	5.76%	2	2	44	39	0.98	1	1	58	73	5	3	C
II	694982	T	Y	112	16	12.5%	2	2	49	36	0.98	1	1	49	63	8	8	C
II	695008	T	Y	124	9	6.77%	2	2	47	34	0.98	1	1	56	68	6	3	C
II	695107	C	Y	98	11	10.09%	2	2	48	42	0.98	1	1	52	46	7	4	T
II	695122	T	Y	120	9	6.98%	2	2	46	37	0.98	1	1	60	60	5	4	C
II	695145	C	Y	121	7	5.47%	2	2	45	35	0.98	1	1	60	61	2	5	T
II	695188	T	Y	119	8	6.25%	2	2	47	35	0.98	1	1	52	67	7	1	C
II	695260	C	Y	128	7	5.19%	2	2	45	45	0.98	1	1	52	76	2	5	T
II	695473	C	S	107	7	6.14%	2	2	47	39	0.98	1	1	63	44	1	6	G
II	695649	C	Y	90	5	5.21%	2	1	54	37	0.98	1	1	46	44	5	0	T
II	695666	T	Y	94	8	7.69%	2	2	50	37	0.98	1	1	44	50	5	3	C
II	695692	T	Y	95	5	5%	2	2	50	35	0.98	1	1	46	49	3	2	C
II	695827	C	T	1	37	97.37%	1	2	37	39	0.98	1	1	0	1	17	20	T
II	695831	G	S	37	2	5%	2	2	39	37	0.98	1	1	15	22	1	1	C
II	695842	T	Y	43	3	6.52%	2	2	37	49	0.98	1	1	20	23	1	2	C
II	695908	T	Y	54	4	6.9%	2	2	38	37	0.98	1	1	24	30	2	2	C
II	695980	T	Y	68	6	8.11%	2	2	41	41	0.98	1	1	31	37	3	3	C
II	696011	G	S	81	5	5.81%	2	2	40	40	0.98	1	1	46	35	2	3	C
II	696045	C	Y	84	6	6.67%	2	2	41	37	0.98	1	1	44	40	3	3	T
II	696160	C	Y	125	7	5.3%	2	2	50	44	0.98	1	1	63	62	4	3	T
II	696238	C	Y	129	8	5.84%	2	2	47	55	0.98	1	1	75	54	4	4	T
II	696350	T	Y	122	14	10.29%	2	2	45	36	0.98	1	1	76	46	10	4	C
II	696376	T	Y	124	10	7.46%	2	2	46	36	0.98	1	1	74	50	9	1	C
II	696619	A	W	97	7	6.73%	2	2	44	35	0.98	1	1	47	50	3	4	T
II	696638	T	Y	92	16	14.81%	2	2	43	35	0.98	1	1	42	50	11	5	C
II	696803	G	S	136	8	5.52%	2	2	48	36	0.98	1	1	67	69	7	1	C
II	696814	T	Y	142	8	5.33%	2	2	47	37	0.98	1	1	69	73	5	3	C
II	696870	C	S	119	7	5.56%	2	2	49	35	0.98	1	1	56	63	5	2	G
II	696945	C	Y	113	7	5.83%	2	2	48	38	0.98	1	1	60	53	5	2	T
II	697060	T	Y	127	7	5.22%	2	2	48	42	0.98	1	1	68	59	6	1	C
II	697088	A	R	128	7	5.19%	2	2	47	42	0.98	1	1	63	65	2	5	G
II	697105	C	M	129	8	5.84%	2	2	48	40	0.98	1	1	60	69	4	4	A
II	697210	T	Y	134	10	6.94%	2	2	46	44	0.98	1	1	64	70	4	6	C
II	697340	A	R	106	6	5.36%	2	2	47	37	0.98	1	1	51	55	3	3	G
II	697456	T	Y	100	9	8.26%	2	2	44	40	0.98	1	1	52	48	3	6	C
II	697462	C	Y	100	6	5.66%	2	2	45	34	0.98	1	1	54	46	1	5	T
II	697528	C	Y	107	6	5.31%	2	2	44	37	0.98	1	1	43	64	4	2	T
II	697701	C	Y	92	6	6.12%	2	2	49	33	0.98	1	1	36	56	3	3	T
II	699951	T	G	0	14	100%	0	2	0	51	0.98	0	1	0	0	8	6	G
II	699952	G	T	0	14	100%	0	2	0	49	0.98	0	1	0	0	8	6	T
II	699961	A	T	0	13	100%	0	2	0	51	0.98	0	1	0	0	7	6	T
II	700019	T	A	0	11	100%	0	2	0	42	0.98	0	1	0	0	2	9	A
II	700020	C	T	0	11	100%	0	2	0	42	0.98	0	1	0	0	2	9	T
II	700021	A	C	0	11	100%	0	2	0	43	0.98	0	1	0	0	2	9	C
II	700024	T	A	0	12	100%	0	2	0	44	0.98	0	1	0	0	3	9	A
II	700028	A	T	0	12	100%	0	2	0	47	0.98	0	1	0	0	3	9	T
II	700113	A	T	0	17	100%	0	2	0	50	0.98	0	1	0	0	9	8	T
II	705135	C	Y	21	2	8.7%	2	2	52	37	0.98	1	1	14	7	1	1	T
II	709291	T	Y	23	2	8%	2	2	47	55	0.98	1	1	9	14	1	1	C
II	742410	A	R	11	2	15.38%	2	1	53	37	0.98	1	1	4	7	2	0	G
II	749473	C	M	8	2	20%	2	2	41	37	0.98	1	1	1	7	1	1	A
II	782380	A	M	9	4	30.77%	2	1	45	27	0.98	1	1	8	1	0	4	C
II	789035	T	K	26	2	7.14%	2	1	40	31	0.98	1	1	4	22	2	0	G
II	814516	A	R	29	2	6.45%	2	1	48	55	0.98	1	1	9	20	0	2	G
II	819431	T	K	14	2	12.5%	2	1	50	31	0.98	1	1	4	10	0	2	G
II	830900	C	Y	40	3	6.98%	2	2	45	74	0.98	1	1	10	30	2	1	T
II	869806	G	C	0	29	100%	0	2	0	47	0.98	0	1	0	0	18	11	C
II	879033	T	A	0	9	100%	0	2	0	37	0.98	0	1	0	0	8	1	A
II	884928	G	K	38	2	5%	2	1	44	31	0.98	1	1	21	17	0	2	T
II	895201	A	W	26	2	7.14%	2	2	47	37	0.98	1	1	9	17	1	1	T
II	898903	G	K	11	2	15.38%	2	1	47	37	0.98	1	1	4	7	0	2	T
II	907384	G	K	23	3	11.54%	2	1	41	37	0.98	1	1	14	9	3	0	T
II	923090	C	Y	14	2	12.5%	2	2	52	31	0.98	1	1	7	7	1	1	T
II	923094	A	R	13	2	13.33%	2	2	51	37	0.98	1	1	6	7	1	1	G
II	923543	C	A	0	14	100%	0	2	0	51	0.98	0	1	0	0	8	6	A
II	938688	T	Y	26	2	7.14%	2	2	43	37	0.98	1	1	11	15	1	1	C
II	943554	C	A	0	14	100%	0	2	0	47	0.98	0	1	0	0	4	10	A
II	944782	A	W	16	2	11.11%	2	1	49	33	0.98	1	1	10	6	0	2	T
II	953201	A	G	0	16	100%	0	2	0	43	0.98	0	1	0	0	11	5	G
II	958938	T	K	27	2	6.9%	2	1	55	31	0.98	1	1	10	17	2	0	G
II	960002	T	W	19	2	9.52%	2	1	47	68	0.98	1	1	11	8	0	2	A
II	967094	A	G	0	11	100%	0	2	0	53	0.98	0	1	0	0	3	8	G
II	970100	C	Y	29	2	6.45%	2	2	48	55	0.98	1	1	18	11	1	1	T
II	989902	T	Y	33	2	5.71%	2	2	53	55	0.98	1	1	17	16	1	1	C
II	993064	A	M	16	2	11.11%	2	1	39	33	0.98	1	1	13	3	0	2	C
II	994251	T	K	33	2	5.71%	2	1	51	37	0.98	1	1	17	16	2	0	G
II	997668	G	R	13	5	27.78%	2	2	40	33	0.98	1	1	8	5	3	2	A
II	997671	G	R	13	5	26.32%	2	2	43	32	0.98	1	1	5	8	2	3	A
II	1001084	G	K	16	2	11.11%	2	2	53	74	0.98	1	1	5	11	1	1	T
II	1008224	G	K	38	2	5%	2	2	52	37	0.98	1	1	17	21	1	1	T
II	1025596	A	W	28	2	6.67%	2	1	54	74	0.98	1	1	17	11	2	0	T
II	1032017	A	R	22	2	8.33%	2	2	43	55	0.98	1	1	16	6	1	1	G
II	1033502	T	Y	17	3	15%	2	2	42	74	0.98	1	1	10	7	2	1	C
II	1033507	C	M	17	3	15%	2	2	43	74	0.98	1	1	10	7	2	1	A
II	1039766	A	R	31	2	6.06%	2	1	42	37	0.98	1	1	8	23	2	0	G
II	1044454	A	W	31	2	6.06%	2	1	52	31	0.98	1	1	14	17	0	2	T
II	1044712	T	W	27	2	6.9%	2	2	44	31	0.98	1	1	10	17	1	1	A
II	1045411	A	R	24	2	7.69%	2	2	49	37	0.98	1	1	13	11	1	1	G
II	1045572	A	R	35	2	5.41%	2	1	50	31	0.98	1	1	17	18	2	0	G
II	1047504	T	W	28	2	6.67%	2	1	43	25	0.98	1	1	7	21	2	0	A
II	1057331	A	R	31	2	6.06%	2	2	52	37	0.98	1	1	17	14	1	1	G
II	1059291	T	W	22	2	8.33%	2	2	59	31	0.98	1	1	9	13	1	1	A
II	1065006	T	W	24	2	7.69%	2	2	41	37	0.98	1	1	15	9	1	1	A
II	1071542	A	M	14	2	12.5%	2	2	40	37	0.98	1	1	6	8	1	1	C
II	1074552	T	K	31	2	6.06%	2	1	41	31	0.98	1	1	8	23	2	0	G
II	1076665	A	M	32	2	5.88%	2	1	45	31	0.98	1	1	20	12	0	2	C
II	1085191	T	W	16	2	11.11%	2	1	43	25	0.98	1	1	9	7	0	2	A
II	1099952	G	S	16	2	11.11%	2	1	43	55	0.98	1	1	9	7	0	2	C
II	1102116	T	K	13	3	18.75%	2	1	40	25	0.98	1	1	3	10	3	0	G
II	1104941	G	K	8	4	26.67%	1	1	37	31	0.98	1	1	8	0	0	4	T
II	1108895	T	K	19	2	9.52%	2	1	50	25	0.98	1	1	5	14	2	0	G
II	1117428	T	W	20	4	16.67%	2	1	40	22	0.98	1	1	7	13	4	0	A
II	1117450	C	M	24	2	7.69%	2	1	41	33	0.98	1	1	10	14	2	0	A
II	1149977	G	K	5	2	28.57%	1	1	37	29	0.98	1	1	0	5	2	0	T
II	1153293	A	M	39	3	7.14%	2	1	45	74	0.98	1	1	25	14	0	3	C
II	1155903	T	A	0	26	100%	0	2	0	46	0.98	0	1	0	0	5	21	A
II	1159678	G	C	0	9	100%	0	2	0	49	0.98	0	1	0	0	4	5	C
II	1159694	A	T	0	7	100%	0	2	0	40	0.98	0	1	0	0	3	4	T
II	1161461	G	K	20	2	9.09%	2	1	47	37	0.98	1	1	12	8	0	2	T
II	1180074	G	R	29	2	6.45%	2	1	45	31	0.98	1	1	13	16	0	2	A
II	1180597	G	K	21	2	8.7%	2	1	40	30	0.98	1	1	7	14	2	0	T
II	1182132	A	M	25	2	7.41%	2	1	43	37	0.98	1	1	9	16	0	2	C
II	1205283	G	K	6	3	33.33%	2	1	48	25	0.98	1	1	3	3	3	0	T
II	1250715	C	S	25	2	7.41%	2	2	44	31	0.98	1	1	12	13	1	1	G
II	1250718	C	S	24	2	7.69%	2	2	42	37	0.98	1	1	11	13	1	1	G
II	1270075	A	R	51	3	5.56%	2	2	48	74	0.98	1	1	22	29	1	2	G
II	1277480	A	W	4	2	33.33%	1	1	37	31	0.98	1	1	4	0	0	2	T
II	1277481	G	K	1	3	50%	1	1	37	37	0.98	1	1	1	0	0	3	T
II	1300034	C	M	27	3	10%	2	1	40	49	0.98	1	1	17	10	3	0	A
II	1300043	C	M	29	5	14.71%	2	1	42	54	0.98	1	1	17	12	5	0	A
II	1300049	C	M	29	8	21.62%	2	2	42	50	0.98	1	1	17	12	7	1	A
II	1300055	G	R	29	9	23.08%	2	2	42	47	0.98	1	1	18	11	7	2	A
II	1300061	G	R	30	10	25%	2	2	42	48	0.98	1	1	18	12	7	3	A
II	1300067	G	R	29	11	27.5%	2	2	40	47	0.98	1	1	18	11	8	3	A
II	1300073	G	R	27	13	32.5%	2	2	40	46	0.98	1	1	19	8	8	5	A
II	1300079	T	W	28	10	25.64%	2	2	38	48	0.98	1	1	17	11	5	5	A
II	1300082	G	R	32	9	21.43%	2	2	40	61	0.98	1	1	19	13	4	5	A
II	1300103	C	M	32	15	31.25%	2	2	43	58	0.98	1	1	18	14	9	6	A
II	1300115	G	R	33	17	33.33%	2	2	43	53	0.98	1	1	22	11	8	9	A
II	1300121	C	M	35	19	35.19%	2	2	44	57	0.98	1	1	22	13	9	10	A
II	1300124	C	M	35	19	35.19%	2	2	44	56	0.98	1	1	22	13	10	9	A
II	1300130	C	M	34	18	33.33%	2	2	43	50	0.98	1	1	21	13	9	9	A
II	1317302	A	W	36	2	5.26%	2	2	51	37	0.98	1	1	19	17	1	1	T
II	1324761	T	K	32	2	5.88%	2	2	45	37	0.98	1	1	15	17	1	1	G
II	1341186	G	K	34	2	5.56%	2	1	50	27	0.98	1	1	22	12	0	2	T
II	1356144	A	R	27	2	6.9%	2	1	45	37	0.98	1	1	13	14	2	0	G
II	1364749	A	R	25	2	7.41%	2	1	46	74	0.98	1	1	14	11	2	0	G
II	1365801	A	W	14	2	12.5%	2	1	55	25	0.98	1	1	8	6	0	2	T
II	1369072	T	W	22	2	8.33%	2	1	45	25	0.98	1	1	18	4	2	0	A
II	1389239	G	K	12	2	14.29%	2	1	37	33	0.98	1	1	8	4	0	2	T
II	1395114	T	K	13	2	13.33%	2	1	43	31	0.98	1	1	8	5	0	2	G
II	1413588	T	C	0	35	100%	0	2	0	51	0.98	0	1	0	0	15	20	C
II	1510422	T	K	7	2	22.22%	1	1	35	22	0.98	1	1	0	7	2	0	G
II	1515170	C	M	24	2	7.69%	2	1	49	31	0.98	1	1	16	8	2	0	A
II	1525050	G	S	26	2	7.14%	2	1	39	37	0.98	1	1	11	15	0	2	C
II	1525056	A	W	23	3	11.54%	2	1	40	37	0.98	1	1	11	12	0	3	T
II	1531117	T	K	8	2	20%	2	1	40	29	0.98	1	1	1	7	2	0	G
II	1555935	C	M	4	3	42.86%	2	1	46	26	0.98	1	1	2	2	3	0	A
II	1556325	A	R	17	2	10.53%	2	1	44	37	0.98	1	1	11	6	2	0	G
II	1568594	A	M	30	2	6.25%	2	2	55	37	0.98	1	1	17	13	1	1	C
II	1585795	T	Y	28	2	6.67%	2	1	46	31	0.98	1	1	20	8	0	2	C
II	1588936	G	R	1	4	66.67%	1	1	29	37	0.98	1	1	1	0	0	4	A
II	1591342	G	K	34	2	5.56%	2	1	49	25	0.98	1	1	15	19	0	2	T
II	1604790	C	Y	38	3	7.14%	2	1	53	37	0.98	1	1	14	24	0	3	T
II	1604791	C	Y	36	3	7.69%	2	1	52	37	0.98	1	1	15	21	0	3	T
II	1606809	G	K	126	8	5.97%	2	2	52	64	0.98	1	1	64	62	3	5	T
II	1672859	C	T	0	35	100%	0	2	0	45	0.98	0	1	0	0	19	16	T
II	1673002	G	C	0	29	100%	0	2	0	45	0.98	0	1	0	0	8	21	C
II	1678693	T	A	0	17	100%	0	2	0	51	0.98	0	1	0	0	9	8	A
II	1683324	T	G	0	44	100%	0	2	0	46	0.98	0	1	0	0	18	26	G
II	1697124	C	T	0	24	100%	0	2	0	42	0.98	0	1	0	0	10	14	T
II	1698154	C	Y	36	4	10%	2	1	50	37	0.98	1	1	18	18	0	4	T
II	1706345	T	Y	22	2	8.33%	2	2	38	37	0.98	1	1	16	6	1	1	C
II	1716272	C	Y	7	7	50%	1	2	37	35	0.98	1	1	0	7	5	2	T
II	1716273	T	Y	11	2	15.38%	2	1	43	37	0.98	1	1	2	9	0	2	C
II	1716288	G	T	0	10	100%	0	2	0	39	0.98	0	1	0	0	3	7	T
II	1716318	A	G	0	14	100%	0	2	0	39	0.98	0	1	0	0	3	11	G
II	1716320	T	G	0	15	100%	0	2	0	42	0.98	0	1	0	0	4	11	G
II	1716326	G	T	0	14	100%	0	2	0	46	0.98	0	1	0	0	3	11	T
II	1722551	G	S	32	2	5.88%	2	1	52	37	0.98	1	1	17	15	0	2	C
II	1726395	A	R	14	2	12.5%	2	1	40	37	0.98	1	1	6	8	2	0	G
II	1727606	T	Y	32	2	5.88%	2	1	45	55	0.98	1	1	9	23	2	0	C
II	1731371	A	R	30	4	11.76%	2	2	50	46	0.98	1	1	18	12	1	3	G
II	1749416	A	M	26	2	7.14%	2	2	48	22	0.98	1	1	15	11	1	1	C
II	1784826	G	A	0	43	100%	0	2	0	52	0.98	0	1	0	0	26	17	A
II	1792382	A	M	25	2	7.41%	2	2	42	37	0.98	1	1	16	9	1	1	C
II	1801501	G	R	36	3	7.69%	2	2	53	33	0.98	1	1	14	22	2	1	A
II	1807098	T	K	21	2	8.7%	2	1	52	37	0.98	1	1	9	12	2	0	G
II	1809517	T	Y	15	2	11.76%	2	2	36	37	0.98	1	1	7	8	1	1	C
II	1818153	C	M	30	2	6.25%	2	1	46	27	0.98	1	1	6	24	2	0	A
II	1825282	A	R	15	2	11.76%	2	2	41	37	0.98	1	1	10	5	1	1	G
II	1846481	T	K	14	2	12.5%	2	2	53	37	0.98	1	1	5	9	1	1	G
II	1848034	T	Y	13	4	23.53%	2	2	49	37	0.98	1	1	8	5	2	2	C
II	1849777	G	A	0	13	100%	0	2	0	40	0.98	0	1	0	0	6	7	A
II	1940556	T	K	28	2	6.67%	2	2	45	31	0.98	1	1	17	11	1	1	G
II	1946951	A	M	15	2	11.76%	2	1	47	49	0.98	1	1	6	9	0	2	C
II	1962419	T	A	0	37	100%	0	2	0	50	0.98	0	1	0	0	22	15	A
II	1962439	A	G	0	35	100%	0	2	0	51	0.98	0	1	0	0	24	11	G
II	1962458	T	A	0	36	100%	0	2	0	48	0.98	0	1	0	0	25	11	A
II	1970408	G	S	34	2	5.56%	2	1	46	37	0.98	1	1	10	24	0	2	C
II	1987098	C	A	0	30	100%	0	2	0	48	0.98	0	1	0	0	15	15	A
II	2012605	T	Y	30	2	6.25%	2	1	49	37	0.98	1	1	11	19	0	2	C
II	2012607	A	R	35	2	5.41%	2	1	47	37	0.98	1	1	14	21	0	2	G
II	2012613	T	Y	32	2	5.88%	2	1	47	37	0.98	1	1	12	20	0	2	C
II	2012619	G	S	31	3	8.82%	2	1	47	37	0.98	1	1	12	19	0	3	C
II	2020514	G	R	60	4	6.25%	2	2	47	37	0.98	1	1	28	32	2	2	A
II	2020515	T	Y	59	4	6.35%	2	2	47	34	0.98	1	1	27	32	2	2	C
II	2020673	A	M	35	2	5.41%	2	1	47	25	0.98	1	1	16	19	0	2	C
II	2040937	G	R	33	2	5.71%	2	2	46	37	0.98	1	1	20	13	1	1	A
II	2044929	A	T	0	20	100%	0	2	0	45	0.98	0	1	0	0	9	11	T
II	2046545	T	Y	30	2	6.25%	2	2	45	37	0.98	1	1	14	16	1	1	C
II	2051619	C	M	21	2	8.7%	2	1	50	37	0.98	1	1	14	7	0	2	A
II	2065005	C	M	26	2	7.14%	2	2	43	33	0.98	1	1	9	17	1	1	A
II	2075544	A	M	33	2	5.71%	2	1	51	37	0.98	1	1	22	11	0	2	C
II	2090600	A	M	14	2	12.5%	2	1	43	37	0.98	1	1	8	6	0	2	C
II	2090606	A	M	12	2	14.29%	2	1	41	31	0.98	1	1	8	4	0	2	C
II	2108677	C	S	17	4	19.05%	2	2	48	37	0.98	1	1	6	11	2	2	G
II	2141993	T	Y	27	2	6.9%	2	2	48	31	0.98	1	1	18	9	1	1	C
II	2173457	G	S	27	2	6.9%	2	1	52	37	0.98	1	1	18	9	2	0	C
II	2177631	C	Y	18	2	10%	2	2	43	37	0.98	1	1	8	10	1	1	T
II	2182894	T	K	31	2	6.06%	2	1	46	23	0.98	1	1	16	15	2	0	G
II	2196631	T	Y	28	2	6.67%	2	2	43	37	0.98	1	1	14	14	1	1	C
II	2196771	A	W	33	2	5.71%	2	1	53	37	0.98	1	1	21	12	2	0	T
II	2205232	G	S	28	2	6.67%	2	1	45	37	0.98	1	1	11	17	2	0	C
II	2209358	C	Y	21	2	8.7%	2	1	50	55	0.98	1	1	5	16	0	2	T
II	2218101	T	Y	20	11	35.48%	2	2	48	35	0.98	1	1	11	9	6	5	C
II	2219281	A	M	17	2	10.53%	2	1	49	37	0.98	1	1	8	9	0	2	C
II	2222992	A	M	33	2	5.71%	2	1	47	25	0.98	1	1	12	21	2	0	C
II	2228775	T	G	0	18	100%	0	2	0	50	0.98	0	1	0	0	9	9	G
II	2228777	G	T	0	19	100%	0	2	0	56	0.98	0	1	0	0	7	12	T
II	2268940	T	W	22	2	8.33%	2	2	53	37	0.98	1	1	11	11	1	1	A
II	2292663	A	W	21	2	8.7%	2	2	45	37	0.98	1	1	12	9	1	1	T
II	2299924	A	R	30	2	6.25%	2	1	46	55	0.98	1	1	7	23	2	0	G
II	2305559	C	M	31	2	6.06%	2	1	42	29	0.98	1	1	15	16	0	2	A
II	2310167	T	W	23	2	8%	2	1	41	25	0.98	1	1	12	11	2	0	A
II	2312647	A	R	14	2	12.5%	2	2	50	37	0.98	1	1	6	8	1	1	G
II	2370543	G	R	21	2	8.7%	2	2	47	37	0.98	1	1	6	15	1	1	A
II	2378628	G	S	38	2	5%	2	2	50	37	0.98	1	1	19	19	1	1	C
II	2385940	A	M	34	2	5.56%	2	1	47	37	0.98	1	1	22	12	0	2	C
II	2403176	T	Y	17	6	26.09%	2	2	45	59	0.98	1	1	7	10	5	1	C
II	2407151	G	K	32	2	5.88%	2	1	50	68	0.98	1	1	11	21	0	2	T
II	2410285	G	R	23	3	11.54%	2	2	47	49	0.98	1	1	19	4	1	2	A
II	2421411	T	K	12	2	14.29%	2	1	37	37	0.98	1	1	2	10	2	0	G
II	2430159	T	W	18	4	18.18%	2	2	43	37	0.98	1	1	6	12	2	2	A
II	2436580	C	G	0	40	100%	0	2	0	49	0.98	0	1	0	0	7	33	G
II	2437553	T	W	57	3	5%	2	1	50	37	0.98	1	1	31	26	3	0	A
II	2437564	A	W	54	4	6.9%	2	2	51	32	0.98	1	1	31	23	2	2	T
II	2437567	T	Y	59	4	6.35%	2	2	50	37	0.98	1	1	30	29	2	2	C
II	2437570	T	W	60	4	6.25%	2	2	50	34	0.98	1	1	30	30	2	2	A
II	2437571	G	S	63	4	5.97%	2	2	49	37	0.98	1	1	33	30	2	2	C
II	2437612	A	W	98	36	26.87%	2	2	49	45	0.98	1	1	55	43	21	15	T
II	2437627	C	Y	78	69	46.94%	2	2	50	48	0.98	1	1	43	35	37	32	T
II	2437629	G	R	126	23	15.44%	2	2	50	46	0.98	1	1	69	57	12	11	A
II	2437646	G	R	127	47	26.86%	2	2	51	47	0.98	1	1	74	53	32	15	A
II	2437651	T	W	159	18	10.17%	2	2	50	30	0.98	1	1	88	71	15	3	A
II	2437655	G	R	168	13	7.18%	2	2	51	33	0.98	1	1	90	78	12	1	A
II	2437661	T	W	166	18	9.78%	2	2	52	33	0.98	1	1	83	83	14	4	A
II	2437666	T	Y	173	18	9.42%	2	2	52	33	0.98	1	1	89	84	15	3	C
II	2437684	T	W	129	62	32.46%	2	2	53	51	0.98	1	1	73	56	27	35	A
II	2437688	A	R	130	59	31.22%	2	2	53	49	0.98	1	1	72	58	25	34	G
II	2437720	A	W	181	19	9.45%	2	2	52	35	0.98	1	1	94	87	11	8	T
II	2437737	A	R	169	17	9.09%	2	2	50	37	0.98	1	1	86	83	8	9	G
II	2437754	G	R	184	13	6.6%	2	2	50	34	0.98	1	1	97	87	10	3	A
II	2437769	A	W	144	33	18.64%	2	2	48	38	0.98	1	1	76	68	18	15	T
II	2437771	A	M	144	28	16.28%	2	2	48	37	0.98	1	1	75	69	13	15	C
II	2437780	A	W	144	15	9.43%	2	2	50	36	0.98	1	1	72	72	4	11	T
II	2437783	T	Y	141	10	6.54%	2	2	49	33	0.98	1	1	71	70	2	8	C
II	2437786	T	W	140	9	6.04%	2	1	50	35	0.98	1	1	68	72	0	9	A
II	2437787	G	S	144	9	5.88%	2	2	49	33	0.98	1	1	71	73	2	7	C
II	2437855	A	M	84	52	38.24%	2	2	46	54	0.98	1	1	40	44	23	29	C
II	2437918	T	Y	96	33	25.58%	2	2	50	49	0.98	1	1	42	54	14	19	C
II	2437936	A	W	104	27	20.61%	2	2	52	47	0.98	1	1	45	59	10	17	T
II	2437942	G	K	98	30	23.44%	2	2	53	48	0.98	1	1	42	56	12	18	T
II	2437951	C	Y	98	24	19.67%	2	2	52	47	0.98	1	1	39	59	8	16	T
II	2437970	G	R	102	14	12.07%	2	2	51	47	0.98	1	1	41	61	4	10	A
II	2437978	T	Y	87	8	8.42%	2	2	51	41	0.98	1	1	37	50	2	6	C
II	2437985	A	W	88	5	5.38%	2	2	49	44	0.98	1	1	35	53	1	4	T
II	2437987	A	M	86	5	5.49%	2	2	51	44	0.98	1	1	35	51	1	4	C
II	2444543	T	C	0	49	100%	0	2	0	45	0.98	0	1	0	0	25	24	C
II	2486173	A	R	31	2	6.06%	2	1	47	37	0.98	1	1	12	19	2	0	G
II	2488048	T	K	13	3	18.75%	2	1	52	37	0.98	1	1	5	8	3	0	G
II	2499293	T	K	13	4	23.53%	2	2	37	34	0.98	1	1	6	7	2	2	G
II	2504918	C	S	11	2	15.38%	2	2	57	37	0.98	1	1	6	5	1	1	G
II	2508943	T	K	11	2	15.38%	2	1	50	27	0.98	1	1	2	9	2	0	G
II	2519075	A	M	21	2	8.7%	2	1	49	33	0.98	1	1	13	8	0	2	C
II	2520800	C	Y	21	2	8.7%	2	2	49	74	0.98	1	1	6	15	1	1	T
II	2525724	G	R	34	2	5.56%	2	1	41	74	0.98	1	1	18	16	2	0	A
II	2528619	C	Y	25	2	7.41%	2	2	45	37	0.98	1	1	11	14	1	1	T
II	2536639	A	M	37	4	9.76%	2	1	41	31	0.98	1	1	16	21	0	4	C
II	2536702	A	M	30	2	6.25%	2	1	47	33	0.98	1	1	18	12	0	2	C
II	2547764	T	W	25	4	13.79%	2	2	50	37	0.98	1	1	10	15	2	2	A
II	2547769	T	W	26	4	13.33%	2	2	50	37	0.98	1	1	11	15	2	2	A
II	2582151	T	K	34	2	5.56%	2	1	45	37	0.98	1	1	20	14	2	0	G
II	2588843	G	K	33	2	5.71%	2	1	46	27	0.98	1	1	18	15	2	0	T
II	2614787	A	R	14	2	12.5%	2	2	39	37	0.98	1	1	8	6	1	1	G
II	2619448	G	K	8	2	20%	1	1	37	33	0.98	1	1	8	0	0	2	T
II	2619952	T	K	22	2	8.33%	2	2	51	37	0.98	1	1	12	10	1	1	G
II	2622794	C	M	26	2	7.14%	2	2	48	31	0.98	1	1	7	19	1	1	A
II	2623223	G	K	32	2	5.88%	2	1	47	49	0.98	1	1	19	13	0	2	T
II	2626688	A	M	18	2	10%	2	2	48	37	0.98	1	1	7	11	1	1	C
II	2630082	T	W	24	2	7.69%	2	2	47	37	0.98	1	1	8	16	1	1	A
II	2635441	A	M	27	2	6.9%	2	1	49	31	0.98	1	1	8	19	0	2	C
II	2640771	G	K	27	2	6.9%	2	1	45	25	0.98	1	1	16	11	0	2	T
II	2640785	T	W	12	3	7.32%	2	1	41	33	0.98	1	1	7	5	0	3	A
II	2661588	T	Y	15	2	11.76%	2	2	51	37	0.98	1	1	9	6	1	1	C
II	2675532	C	M	38	2	5%	2	1	47	22	0.98	1	1	25	13	2	0	A
II	2676336	C	T	0	12	100%	0	2	0	40	0.98	0	1	0	0	10	2	T
II	2709229	C	M	20	3	13.04%	2	1	42	24	0.98	1	1	17	3	0	3	A
II	2729080	G	K	12	2	14.29%	2	1	38	31	0.98	1	1	9	3	0	2	T
II	2729113	C	M	10	2	16.67%	2	1	44	25	0.98	1	1	7	3	0	2	A
II	2729138	C	M	11	2	15.38%	2	1	46	25	0.98	1	1	6	5	0	2	A
II	2734494	C	M	21	2	8.7%	2	1	45	31	0.98	1	1	9	12	0	2	A
II	2805964	A	M	24	3	11.11%	2	2	45	74	0.98	1	1	14	10	1	2	C
II	2806053	G	A	0	22	100%	0	2	0	44	0.98	0	1	0	0	14	8	A
II	2830933	T	K	16	2	11.11%	2	2	43	25	0.98	1	1	11	5	1	1	G
II	2843572	T	W	38	2	5%	2	2	52	37	0.98	1	1	16	22	1	1	A
II	2844085	G	K	14	2	12.5%	2	1	54	31	0.98	1	1	6	8	2	0	T
II	2859415	T	Y	15	2	11.76%	2	2	49	37	0.98	1	1	8	7	1	1	C
II	2868430	A	M	27	2	6.9%	2	1	49	31	0.98	1	1	11	16	0	2	C
II	2901509	G	T	0	55	100%	0	2	0	45	0.98	0	1	0	0	22	33	T
II	2914799	A	M	19	2	9.52%	2	1	44	28	0.98	1	1	14	5	0	2	C
II	2920136	T	Y	27	2	6.9%	2	2	47	37	0.98	1	1	4	23	1	1	C
II	2955098	C	M	9	2	18.18%	2	1	49	25	0.98	1	1	6	3	0	2	A
II	2955127	A	M	10	5	33.33%	2	1	45	32	0.98	1	1	6	4	0	5	C
II	2960089	C	M	28	2	6.67%	2	2	43	37	0.98	1	1	16	12	1	1	A
II	2977716	T	Y	20	2	9.09%	2	1	45	37	0.98	1	1	8	12	0	2	C
II	3006137	A	T	0	10	100%	0	2	0	43	0.98	0	1	0	0	6	4	T
II	3030120	G	K	29	2	6.45%	2	1	47	31	0.98	1	1	16	13	0	2	T
II	3045677	C	Y	20	2	9.09%	2	2	48	37	0.98	1	1	11	9	1	1	T
II	3054906	G	S	30	2	6.25%	2	1	47	37	0.98	1	1	21	9	0	2	C
II	3067146	T	K	11	2	15.38%	2	1	39	25	0.98	1	1	8	3	2	0	G
II	3144875	G	K	19	2	9.52%	2	1	41	37	0.98	1	1	9	10	0	2	T
II	3172673	A	W	27	2	6.9%	2	1	47	31	0.98	1	1	12	15	2	0	T
II	3180418	T	K	15	2	11.76%	2	1	45	27	0.98	1	1	5	10	2	0	G
II	3193068	A	M	24	2	7.69%	2	2	46	25	0.98	1	1	14	10	1	1	C
II	3217219	A	M	28	2	6.67%	2	2	45	55	0.98	1	1	14	14	1	1	C
II	3220624	A	M	49	4	7.55%	2	2	51	37	0.98	1	1	27	22	2	2	C
II	3223586	A	W	15	2	11.76%	2	1	47	31	0.98	1	1	9	6	0	2	T
II	3239565	A	M	28	2	6.67%	2	1	52	31	0.98	1	1	17	11	0	2	C
II	3256169	T	Y	30	2	6.25%	2	1	48	31	0.98	1	1	16	14	0	2	C
II	3285306	A	R	35	2	5.41%	2	2	50	37	0.98	1	1	15	20	1	1	G
II	3331383	A	R	26	2	7.14%	2	1	47	37	0.98	1	1	15	11	2	0	G
II	3339489	T	K	21	2	8.7%	2	1	36	29	0.98	1	1	3	18	2	0	G
II	3360818	T	W	17	2	10.53%	2	2	47	37	0.98	1	1	9	8	1	1	A
II	3374988	T	K	16	2	11.11%	2	2	53	37	0.98	1	1	10	6	1	1	G
II	3379043	T	K	17	2	10.53%	2	2	41	37	0.98	1	1	9	8	1	1	G
II	3419951	A	W	31	2	6.06%	2	2	42	37	0.98	1	1	14	17	1	1	T
II	3464004	G	K	8	2	20%	2	1	44	31	0.98	1	1	3	5	2	0	T
II	3490265	A	R	44	4	8.33%	2	2	47	74	0.98	1	1	16	28	1	3	G
II	3492459	A	M	11	2	15.38%	2	1	43	27	0.98	1	1	7	4	0	2	C
II	3509461	C	M	35	4	10.26%	2	2	51	37	0.98	1	1	16	19	2	2	A
II	3512345	G	K	15	2	11.76%	2	1	46	25	0.98	1	1	3	12	0	2	T
II	3516022	C	S	35	2	5.41%	2	1	43	74	0.98	1	1	15	20	0	2	G
II	3528516	A	R	15	2	11.76%	2	2	56	37	0.98	1	1	8	7	1	1	G
II	3528893	A	M	8	2	20%	2	1	44	37	0.98	1	1	7	1	0	2	C
II	3532163	A	M	11	4	26.67%	2	1	37	33	0.98	1	1	10	1	0	4	C
II	3547479	C	Y	27	2	6.9%	2	2	50	31	0.98	1	1	13	14	1	1	T
II	3594505	C	M	9	2	18.18%	2	1	50	37	0.98	1	1	2	7	2	0	A
II	3594662	C	S	24	2	7.69%	2	2	48	37	0.98	1	1	13	11	1	1	G
II	3606915	T	K	20	2	9.09%	2	1	43	31	0.98	1	1	3	17	2	0	G
II	3609607	C	M	30	2	6.25%	2	2	48	25	0.98	1	1	19	11	1	1	A
II	3619997	G	K	30	2	6.25%	2	1	49	37	0.98	1	1	16	14	2	0	T
II	3626217	C	Y	9	4	30.77%	2	2	37	37	0.98	1	1	4	5	2	2	T
II	3636190	T	W	21	2	8.7%	2	1	49	37	0.98	1	1	13	8	0	2	A
II	3664407	A	W	16	2	11.11%	2	1	37	29	0.98	1	1	12	4	0	2	T
II	3664412	G	K	17	2	10.53%	2	1	41	25	0.98	1	1	14	3	0	2	T
II	3673760	G	S	19	2	9.52%	2	2	40	37	0.98	1	1	10	9	1	1	C
II	3691494	T	W	22	2	8.33%	2	1	42	25	0.98	1	1	11	11	2	0	A
II	3726299	T	K	20	2	9.09%	2	1	47	37	0.98	1	1	10	10	2	0	G
II	3749577	A	W	17	2	10.53%	2	2	41	37	0.98	1	1	9	8	1	1	T
II	3752884	C	M	36	2	5.26%	2	1	49	22	0.98	1	1	14	22	2	0	A
II	3762359	T	W	17	2	10.53%	2	1	49	68	0.98	1	1	13	4	2	0	A
II	3786559	T	W	28	2	6.67%	2	1	48	31	0.98	1	1	14	14	2	0	A
II	3799350	G	R	1	3	42.86%	1	1	37	33	0.98	1	1	1	0	0	3	A
II	3826166	T	W	30	4	11.76%	2	1	47	37	0.98	1	1	14	16	0	4	A
II	3854366	G	R	24	2	7.69%	2	1	45	37	0.98	1	1	11	13	0	2	A
II	3860185	C	M	23	3	7.5%	2	2	51	57	0.98	1	1	9	14	1	2	A
II	3860190	A	M	26	12	31.58%	2	2	51	40	0.98	1	1	9	17	9	3	C
II	3861465	T	K	5	2	28.57%	1	1	37	33	0.98	1	1	0	5	2	0	G
II	3875090	A	M	12	2	14.29%	2	2	49	25	0.98	1	1	9	3	1	1	C
II	3904623	A	W	28	2	6.67%	2	2	48	37	0.98	1	1	12	16	1	1	T
II	3910669	A	M	24	2	7.69%	2	2	50	37	0.98	1	1	12	12	1	1	C
II	3943230	T	K	34	2	5.56%	2	2	45	25	0.98	1	1	16	18	1	1	G
II	3943292	T	K	27	2	6.9%	2	2	46	25	0.98	1	1	18	9	1	1	G
II	3947304	T	W	28	2	6.67%	2	2	44	37	0.98	1	1	13	15	1	1	A
II	3960695	T	Y	31	2	6.06%	2	1	43	37	0.98	1	1	14	17	0	2	C
II	3966432	T	W	18	2	10%	2	1	49	55	0.98	1	1	6	12	0	2	A
II	3973995	C	S	23	2	8%	2	2	44	74	0.98	1	1	11	12	1	1	G
II	3975206	A	W	27	2	6.9%	2	1	37	25	0.98	1	1	23	4	0	2	T
II	3980792	A	M	24	2	7.69%	2	1	44	37	0.98	1	1	8	16	0	2	C
II	4018677	T	K	19	2	9.52%	2	1	40	31	0.98	1	1	6	13	2	0	G
II	4031460	A	W	2	2	40%	2	1	74	37	0.98	1	1	1	1	0	2	T
II	4039204	T	W	24	2	7.69%	2	1	51	37	0.98	1	1	14	10	2	0	A
II	4062130	G	S	33	2	5.71%	2	2	50	37	0.98	1	1	20	13	1	1	C
II	4092835	A	W	28	2	6.67%	2	2	46	37	0.98	1	1	18	10	1	1	T
II	4111172	G	S	12	2	14.29%	2	2	48	37	0.98	1	1	8	4	1	1	C
II	4122276	A	M	32	2	5.88%	2	1	47	31	0.98	1	1	15	17	0	2	C
II	4122326	T	C	0	41	100%	0	2	0	51	0.98	0	1	0	0	18	23	C
II	4134119	G	S	18	2	10%	2	2	55	37	0.98	1	1	11	7	1	1	C
II	4142201	G	K	10	3	23.08%	2	1	43	29	0.98	1	1	3	7	3	0	T
II	4166016	T	Y	34	2	5.56%	2	1	51	74	0.98	1	1	25	9	0	2	C
II	4190678	G	R	52	3	5.45%	2	1	48	29	0.98	1	1	22	30	3	0	A
II	4190683	T	Y	53	3	5.36%	2	1	48	37	0.98	1	1	22	31	3	0	C
II	4221279	T	K	8	2	20%	2	1	43	25	0.98	1	1	5	3	0	2	G
II	4230354	T	K	26	2	7.14%	2	1	48	25	0.98	1	1	11	15	2	0	G
II	4230366	T	Y	26	2	7.14%	2	2	53	55	0.98	1	1	11	15	1	1	C
II	4265233	T	K	21	2	8.7%	2	1	47	74	0.98	1	1	11	10	0	2	G
II	4268148	G	R	14	4	22.22%	2	2	44	37	0.98	1	1	3	11	2	2	A
II	4273553	G	R	52	3	5.45%	2	1	56	49	0.98	1	1	26	26	3	0	A
II	4273577	A	R	52	3	5.45%	2	2	56	46	0.98	1	1	26	26	1	2	G
II	4273621	A	R	55	3	5.17%	2	2	45	53	0.98	1	1	26	29	1	2	G
II	4273664	T	W	54	3	5.26%	2	2	45	37	0.98	1	1	27	27	2	1	A
II	4304898	T	Y	26	3	10.34%	2	2	44	49	0.98	1	1	15	11	2	1	C
II	4344841	C	Y	21	2	8.7%	2	1	43	55	0.98	1	1	10	11	0	2	T
II	4344847	C	Y	22	2	8.33%	2	1	45	49	0.98	1	1	11	11	0	2	T
II	4351764	A	R	11	2	15.38%	2	2	49	37	0.98	1	1	6	5	1	1	G
II	4397499	T	K	13	2	13.33%	2	1	54	37	0.98	1	1	6	7	2	0	G
II	4398641	G	K	19	2	9.52%	2	1	48	25	0.98	1	1	10	9	0	2	T
II	4400666	A	C	0	11	100%	0	2	0	47	0.98	0	1	0	0	1	10	C
II	4414395	C	Y	76	4	5%	2	2	46	37	0.98	1	1	28	48	1	3	T
II	4422375	T	Y	72	4	5.26%	2	2	43	37	0.98	1	1	38	34	3	1	C
II	4422870	T	Y	89	6	6.32%	2	2	51	37	0.98	1	1	48	41	1	5	C
II	4424547	G	K	70	5	6.67%	2	2	49	41	0.98	1	1	36	34	4	1	T
II	4435054	T	K	24	2	7.69%	2	1	44	25	0.98	1	1	8	16	2	0	G
II	4436936	C	Y	63	5	7.35%	2	2	50	50	0.98	1	1	28	35	1	4	T
II	4436940	A	R	67	4	5.63%	2	2	48	55	0.98	1	1	31	36	1	3	G
II	4437789	G	R	122	9	6.87%	2	2	48	45	0.98	1	1	73	49	8	1	A
II	4437796	C	Y	123	8	6.11%	2	2	47	50	0.98	1	1	77	46	7	1	T
II	4437800	A	R	122	8	6.15%	2	2	48	50	0.98	1	1	77	45	7	1	G
II	4447526	T	Y	12	2	14.29%	2	2	43	37	0.98	1	1	9	3	1	1	C
II	4452498	G	R	21	6	22.22%	2	2	38	59	0.98	1	1	14	7	4	2	A
II	4452500	C	Y	22	6	21.43%	2	2	44	59	0.98	1	1	12	10	4	2	T
II	4452629	T	Y	22	2	8.33%	2	1	48	74	0.98	1	1	9	13	0	2	C
II	4458968	T	Y	29	2	6.45%	2	1	48	37	0.98	1	1	17	12	2	0	C
II	4458984	T	Y	32	7	17.95%	2	2	43	68	0.98	1	1	16	16	6	1	C
II	4462491	G	K	7	2	22.22%	2	1	45	33	0.98	1	1	5	2	0	2	T
II	4475214	G	R	27	2	6.9%	2	2	44	37	0.98	1	1	17	10	1	1	A
II	4497188	G	K	12	2	14.29%	2	1	37	27	0.98	1	1	3	9	2	0	T
II	4500023	T	Y	15	2	11.76%	2	2	46	37	0.98	1	1	8	7	1	1	C
II	4503288	T	Y	20	2	9.09%	2	1	48	49	0.98	1	1	9	11	2	0	C
II	4505717	A	R	17	5	22.73%	2	2	47	46	0.98	1	1	8	9	1	4	G
II	4507767	T	W	53	3	5.26%	2	2	49	65	0.98	1	1	32	21	1	2	A
II	4507789	G	S	64	5	7.25%	2	2	51	69	0.98	1	1	40	24	1	4	C
II	4513966	A	R	46	8	14.81%	2	2	48	37	0.98	1	1	13	33	1	7	G
II	4513980	A	W	55	5	8.33%	2	1	46	37	0.98	1	1	21	34	0	5	T
II	4515621	C	M	7	2	18.18%	2	2	39	37	0.98	1	1	5	2	1	1	A
II	4517261	G	K	84	5	5.62%	2	1	43	34	0.98	1	1	26	58	5	0	T
II	4517905	T	Y	169	15	8.15%	2	2	46	51	0.98	1	1	94	75	8	7	C
II	4518010	A	R	171	9	5%	2	2	53	49	0.98	1	1	73	98	2	7	G
II	4518017	T	Y	173	12	6.49%	2	2	51	47	0.98	1	1	67	106	4	8	C
II	4518018	C	Y	175	12	6.42%	2	2	52	49	0.98	1	1	65	110	4	8	T
II	4518139	T	Y	157	10	5.99%	2	2	45	51	0.98	1	1	54	103	4	6	C
II	4518273	T	Y	106	6	5.36%	2	2	46	49	0.98	1	1	53	53	2	4	C
II	4518281	A	R	107	7	6.14%	2	2	47	58	0.98	1	1	56	51	2	5	G
II	4518427	T	Y	92	6	6.12%	2	2	49	55	0.98	1	1	54	38	2	4	C
II	4518490	G	R	78	5	6.02%	2	2	44	44	0.98	1	1	35	43	1	4	A
II	4518515	T	Y	65	4	5.71%	2	2	44	37	0.98	1	1	35	30	3	1	C
II	4518532	C	Y	64	5	7.25%	2	1	48	37	0.98	1	1	34	30	0	5	T
II	4518680	T	Y	66	7	9.59%	2	2	43	37	0.98	1	1	37	29	4	3	C
II	4518726	A	R	69	7	9.21%	2	2	45	37	0.98	1	1	41	28	4	3	G
II	4521636	C	Y	7	10	58.82%	2	2	42	50	0.98	1	1	6	1	6	4	T
II	4523882	C	Y	38	30	44.12%	2	2	46	48	0.98	1	1	20	18	19	11	T
II	4525966	C	Y	22	7	24.14%	2	2	43	47	0.98	1	1	12	10	6	1	T
II	4526150	T	K	38	2	5%	2	1	42	37	0.98	1	1	20	18	2	0	G
II	4526232	A	R	32	2	5.88%	2	2	45	49	0.98	1	1	12	20	1	1	G
II	4526925	C	M	34	2	5.56%	2	1	43	27	0.98	1	1	12	22	2	0	A
II	4526955	G	K	37	2	5.13%	2	1	45	27	0.98	1	1	13	24	2	0	T
II	4527856	A	W	33	2	5.71%	2	1	43	33	0.98	1	1	24	9	0	2	T
II	4527879	G	S	30	10	25%	2	2	48	45	0.98	1	1	14	16	6	4	C
II	4527881	C	Y	22	9	28.12%	2	2	44	43	0.98	1	1	15	7	5	4	T
II	4529116	T	Y	47	53	53%	2	2	47	51	0.98	1	1	19	28	30	23	C
II	4529725	G	R	90	8	8.16%	2	2	45	46	0.98	1	1	31	59	7	1	A
II	4529853	C	Y	70	4	5.41%	2	2	51	46	0.98	1	1	36	34	2	2	T
II	4529896	G	R	76	4	5%	2	2	47	55	0.98	1	1	35	41	3	1	A
II	4529965	A	R	41	55	57.29%	2	2	46	51	0.98	1	1	14	27	22	33	G
II	4530119	C	Y	93	5	5.1%	2	2	51	51	0.98	1	1	50	43	1	4	T
II	4530797	C	Y	55	18	24.66%	2	2	49	47	0.98	1	1	30	25	8	10	T
II	4531033	G	S	41	35	46.05%	2	2	46	46	0.98	1	1	24	17	26	9	C
II	4531092	G	R	44	34	43.04%	2	2	47	47	0.98	1	1	23	21	14	20	A
II	4531414	T	Y	70	104	59.77%	2	2	46	46	0.98	1	1	41	29	68	36	C
II	4531492	A	R	136	17	11.11%	2	2	52	36	0.98	1	1	85	51	11	6	G
II	4531592	G	R	62	72	53.73%	2	2	46	46	0.98	1	1	36	26	23	49	A
II	4531749	C	Y	81	46	36.22%	2	2	47	42	0.98	1	1	31	50	23	23	T
II	4531764	A	R	71	46	39.32%	2	2	46	41	0.98	1	1	24	47	26	20	G
II	4532088	G	K	69	77	52.74%	2	2	46	46	0.98	1	1	47	22	54	23	T
II	4532323	C	Y	103	7	6.36%	2	2	45	45	0.98	1	1	55	48	1	6	T
II	4533394	T	Y	52	46	46.94%	2	2	44	50	0.98	1	1	20	32	25	21	C
II	4533451	T	Y	33	39	54.17%	2	2	44	44	0.98	1	1	18	15	17	22	C
II	4533598	G	R	41	19	31.67%	2	2	45	42	0.98	1	1	23	18	8	11	A
II	4533617	A	R	50	23	31.51%	2	2	44	45	0.98	1	1	26	24	10	13	G
II	4533636	C	Y	38	37	49.33%	2	2	49	41	0.98	1	1	14	24	17	20	T
II	4533744	T	Y	83	36	30.25%	2	2	48	47	0.98	1	1	54	29	21	15	C
II	4533922	G	R	138	44	24.18%	2	2	48	51	0.98	1	1	48	90	18	26	A
II	4533994	T	Y	97	126	56.5%	2	2	48	47	0.98	1	1	52	45	81	45	C
II	4534246	C	M	130	45	25.71%	2	2	45	44	0.98	1	1	63	67	22	23	A
II	4534498	A	M	68	31	31.31%	2	2	45	47	0.98	1	1	44	24	18	13	C
II	4536550	C	M	120	38	24.05%	2	2	47	49	0.98	1	1	76	44	31	7	A
II	4536728	A	R	196	13	5.6%	2	2	50	47	0.98	1	1	90	106	8	5	G
II	4537214	T	Y	212	58	21.4%	2	2	53	52	0.98	1	1	123	89	27	31	C
II	4537248	A	R	272	15	5.23%	2	2	54	41	0.98	1	1	118	154	2	13	G
II	4537402	A	R	168	16	8.7%	2	2	47	42	0.98	1	1	94	74	5	11	G
II	4537844	T	Y	49	12	19.67%	2	2	43	42	0.98	1	1	33	16	5	7	C
II	4538027	A	R	170	20	10.53%	2	2	53	51	0.98	1	1	93	77	16	4	G
II	4538036	G	K	168	156	48.15%	2	2	52	58	0.98	1	1	105	63	111	45	T
II	4538038	A	R	166	215	56.28%	2	2	52	56	0.98	1	1	109	57	156	59	G
II	4538047	G	R	572	115	16.74%	2	2	56	58	0.98	1	1	401	171	80	35	A
II	4538048	C	Y	417	269	39.21%	2	2	55	58	0.98	1	1	287	130	192	77	T
II	4538052	A	R	201	495	71.12%	2	2	53	57	0.98	1	1	130	71	350	145	G
II	4538065	G	R	642	95	12.89%	2	2	59	56	0.98	1	1	421	221	63	32	A
II	4538091	T	Y	309	383	52.97%	2	2	52	62	0.98	1	1	178	131	222	161	C
II	4538100	C	Y	241	18	6.95%	2	2	50	44	0.98	1	1	122	119	12	6	T
II	4538114	A	R	177	40	18.43%	2	2	49	45	0.98	1	1	115	62	7	33	G
II	4538115	G	K	178	40	18.35%	2	2	49	45	0.98	1	1	114	64	7	33	T
II	4538116	G	R	178	40	18.35%	2	2	49	45	0.98	1	1	115	63	7	33	A
II	4538118	G	R	175	40	18.6%	2	2	49	44	0.98	1	1	115	60	7	33	A
II	4538122	G	S	181	40	18.1%	2	2	48	45	0.98	1	1	113	68	7	33	C
II	4538125	A	W	187	39	17.26%	2	2	48	46	0.98	1	1	121	66	7	32	T
II	4538126	C	S	188	40	17.54%	2	2	48	45	0.98	1	1	120	68	7	33	G
II	4538128	A	R	186	38	16.59%	2	2	48	46	0.98	1	1	117	69	8	30	G
II	4538155	T	K	250	59	19.09%	2	2	47	42	0.98	1	1	140	110	5	54	G
II	4538164	A	W	172	131	43.23%	2	2	51	44	0.98	1	1	115	57	18	113	T
II	4538203	A	W	172	43	20%	2	2	52	47	0.98	1	1	70	102	8	35	T
II	4538216	A	W	176	43	19.63%	2	2	51	46	0.98	1	1	70	106	8	35	T
II	4538238	T	K	182	43	19.11%	2	2	52	45	0.98	1	1	74	108	8	35	G
II	4538244	A	R	183	42	18.67%	2	2	51	45	0.98	1	1	74	109	8	34	G
II	4538556	T	Y	54	5	8.47%	2	1	43	37	0.98	1	1	43	11	5	0	C
II	4538591	G	R	52	3	5.45%	2	1	43	37	0.98	1	1	39	13	3	0	A
II	4538770	T	Y	51	13	20.31%	2	2	44	48	0.98	1	1	24	27	11	2	C
II	4539524	G	R	45	12	21.05%	2	2	50	44	0.98	1	1	26	19	10	2	A
II	4539673	T	W	33	12	26.67%	2	2	42	52	0.98	1	1	13	20	5	7	A
II	4539725	T	Y	27	17	38.64%	2	2	46	51	0.98	1	1	8	19	6	11	C
III	113	T	Y	383	23	5.67%	2	2	55	61	0.98	1	1	295	88	17	6	C
III	115	G	R	383	23	5.67%	2	2	55	61	0.98	1	1	292	91	17	6	A
III	4730	T	W	313	30	8.75%	2	2	47	40	0.98	1	1	186	127	14	16	A
III	5464	C	S	728	56	7.14%	2	2	44	50	0.98	1	1	327	401	12	44	G
III	5850	A	M	272	47	14.11%	2	1	38	31	0.98	1	1	255	17	0	47	C
III	12428	G	K	58	4	5.33%	2	2	40	26	0.98	1	1	32	26	1	3	-A
III	15600	T	W	356	24	6.32%	2	2	46	42	0.98	1	1	212	144	9	15	A
III	15944	G	R	211	18	7.83%	2	2	41	43	0.98	1	1	115	96	3	15	A
III	16146	T	K	511	40	7.23%	2	2	44	36	0.98	1	1	374	137	39	1	G
III	16334	C	S	681	61	8.21%	2	2	44	47	0.98	1	1	293	388	13	48	G
III	16720	A	M	276	27	8.71%	2	1	39	32	0.98	1	1	244	32	0	27	C
III	28674	C	Y	32	2	5.88%	2	2	50	74	0.98	1	1	18	14	1	1	T
III	29051	G	K	29	2	6.25%	2	1	51	74	0.98	1	1	13	16	2	0	T
III	29067	T	Y	29	2	6.45%	2	2	53	55	0.98	1	1	13	16	1	1	C
III	29071	A	R	30	3	9.09%	2	2	51	61	0.98	1	1	12	18	2	1	G
III	29109	A	W	30	2	6.25%	2	2	54	55	0.98	1	1	10	20	1	1	T
III	29121	G	R	33	2	5.71%	2	2	54	55	0.98	1	1	13	20	1	1	A
III	29133	A	R	30	2	6.25%	2	2	53	55	0.98	1	1	15	15	1	1	G
III	29151	T	Y	21	2	8.7%	2	2	48	55	0.98	1	1	10	11	1	1	C
III	29156	C	M	21	2	8.7%	2	2	48	49	0.98	1	1	10	11	1	1	A
III	32874	C	M	14	2	12.5%	2	1	52	55	0.98	1	1	2	12	2	0	A
III	32877	T	Y	14	2	12.5%	2	1	51	55	0.98	1	1	3	11	2	0	C
III	32885	T	K	16	2	11.11%	2	1	53	62	0.98	1	1	7	9	0	2	G
III	32890	G	R	17	4	19.05%	2	2	54	61	0.98	1	1	8	9	1	3	A
III	32908	C	Y	22	2	8.33%	2	2	58	55	0.98	1	1	12	10	1	1	T
III	32962	A	R	24	2	7.69%	2	1	61	37	0.98	1	1	12	12	2	0	G
III	32989	A	M	26	2	7.14%	2	1	57	55	0.98	1	1	15	11	2	0	C
III	33004	T	Y	17	9	34.62%	2	2	47	65	0.98	1	1	12	5	5	4	C
III	33006	C	S	17	9	34.62%	2	2	46	65	0.98	1	1	12	5	5	4	G
III	33146	A	M	12	2	14.29%	2	1	47	31	0.98	1	1	5	7	0	2	C
III	61958	A	W	19	2	9.52%	2	2	50	37	0.98	1	1	6	13	1	1	T
III	64221	T	W	29	2	6.45%	2	1	39	25	0.98	1	1	9	20	0	2	A
III	82704	T	W	20	2	9.09%	2	1	39	37	0.98	1	1	14	6	2	0	A
III	84071	G	R	30	2	6.25%	2	1	46	37	0.98	1	1	15	15	0	2	A
III	112854	T	Y	27	2	6.9%	2	1	53	37	0.98	1	1	15	12	2	0	C
III	112880	T	W	32	2	5.88%	2	1	51	51	0.98	1	1	20	12	0	2	A
III	117005	C	S	15	3	16.67%	2	2	51	74	0.98	1	1	4	11	1	2	G
III	121576	G	R	23	2	8%	2	2	46	37	0.98	1	1	9	14	1	1	A
III	121582	T	W	26	2	7.14%	2	2	48	37	0.98	1	1	12	14	1	1	A
III	123340	N	A	0	11	100%	0	2	0	38	0.98	0	1	0	0	4	7	A
III	125942	T	Y	26	2	7.14%	2	2	46	37	0.98	1	1	9	17	1	1	C
III	140895	T	W	25	2	7.41%	2	2	49	37	0.98	1	1	9	16	1	1	A
III	174814	A	W	29	2	6.45%	2	2	44	55	0.98	1	1	10	19	1	1	T
III	174835	T	Y	38	2	5%	2	2	44	51	0.98	1	1	17	21	1	1	C
III	178941	C	M	16	2	11.11%	2	1	37	25	0.98	1	1	4	12	2	0	A
III	205755	T	Y	21	2	8.7%	2	2	44	37	0.98	1	1	8	13	1	1	C
III	205767	T	Y	19	2	9.52%	2	2	42	37	0.98	1	1	7	12	1	1	C
III	206124	G	R	28	2	6.67%	2	2	50	31	0.98	1	1	10	18	1	1	A
III	212679	T	K	70	5	6.67%	2	2	49	66	0.98	1	1	42	28	3	2	G
III	212882	C	Y	53	5	8.62%	2	2	48	37	0.98	1	1	29	24	1	4	T
III	212887	C	Y	54	5	8.47%	2	2	47	42	0.98	1	1	26	28	2	3	T
III	212888	C	S	54	5	8.47%	2	2	46	44	0.98	1	1	26	28	2	3	G
III	212944	G	R	52	3	5.45%	2	2	46	61	0.98	1	1	29	23	2	1	A
III	213629	T	Y	41	7	14.58%	2	2	43	51	0.98	1	1	21	20	3	4	C
III	213635	C	Y	47	7	12.96%	2	2	46	61	0.98	1	1	23	24	1	6	T
III	213668	T	Y	42	4	8.7%	2	1	49	55	0.98	1	1	18	24	0	4	C
III	213777	G	S	46	4	8%	2	1	44	46	0.98	1	1	15	31	4	0	C
III	213787	G	K	38	6	13.64%	2	2	43	43	0.98	1	1	12	26	4	2	T
III	213797	C	Y	41	4	8.7%	2	2	44	46	0.98	1	1	12	29	1	3	T
III	220110	A	M	21	2	8.7%	2	2	46	55	0.98	1	1	9	12	1	1	C
III	220116	A	R	22	2	8.33%	2	2	48	55	0.98	1	1	9	13	1	1	G
III	220215	A	R	14	2	12.5%	2	1	41	37	0.98	1	1	6	8	0	2	G
III	220253	T	K	16	2	10.53%	2	1	44	37	0.98	1	1	9	7	0	2	G
III	220256	A	R	17	2	10.53%	2	1	46	37	0.98	1	1	10	7	0	2	G
III	220534	C	Y	22	2	8.33%	2	1	49	37	0.98	1	1	6	16	0	2	T
III	223614	A	W	26	2	7.14%	2	2	47	25	0.98	1	1	12	14	1	1	T
III	226901	A	R	27	3	10%	2	2	46	61	0.98	1	1	18	9	1	2	G
III	226916	A	R	23	3	11.54%	2	2	44	61	0.98	1	1	14	9	2	1	G
III	226999	G	K	34	2	5.56%	2	1	47	37	0.98	1	1	18	16	2	0	T
III	227003	C	Y	35	2	5.41%	2	1	47	37	0.98	1	1	19	16	2	0	T
III	227395	C	S	35	2	5.41%	2	1	45	37	0.98	1	1	18	17	0	2	G
III	227397	C	S	35	2	5.41%	2	1	45	37	0.98	1	1	17	18	0	2	G
III	227657	G	R	36	3	7.69%	2	2	41	61	0.98	1	1	26	10	2	1	A
III	227662	T	W	32	2	5.88%	2	1	40	55	0.98	1	1	21	11	2	0	A
III	227730	A	T	0	41	100%	0	2	0	50	0.98	0	1	0	0	24	17	T
III	227776	T	Y	38	2	5%	2	1	46	37	0.98	1	1	16	22	2	0	C
III	227825	C	S	52	5	8.77%	2	1	43	37	0.98	1	1	25	27	0	5	G
III	227826	A	R	51	5	8.93%	2	1	43	37	0.98	1	1	25	26	0	5	G
III	227831	A	R	55	3	5.17%	2	2	43	37	0.98	1	1	23	32	1	2	G
III	228170	A	R	64	6	8.57%	2	1	50	37	0.98	1	1	31	33	0	6	G
III	239169	A	R	34	2	5.56%	2	1	47	37	0.98	1	1	15	19	2	0	G
III	239277	T	K	24	2	7.69%	2	1	40	25	0.98	1	1	11	13	0	2	G
III	244120	C	Y	20	3	13.04%	2	2	47	49	0.98	1	1	8	12	1	2	T
III	256183	C	Y	59	5	7.81%	2	2	49	49	0.98	1	1	35	24	2	3	T
III	256185	C	Y	59	5	7.81%	2	2	49	51	0.98	1	1	36	23	2	3	T
III	257506	C	Y	76	4	5%	2	1	47	37	0.98	1	1	32	44	0	4	T
III	273906	T	Y	34	2	5.56%	2	2	49	37	0.98	1	1	19	15	1	1	C
III	284657	C	A	0	10	100%	0	2	0	45	0.98	0	1	0	0	5	5	A
III	291322	C	Y	33	2	5.71%	2	2	50	37	0.98	1	1	12	21	1	1	T
III	302344	C	M	29	2	6.45%	2	1	40	27	0.98	1	1	9	20	2	0	A
III	305025	G	K	22	2	8.33%	2	1	44	74	0.98	1	1	14	8	2	0	T
III	348371	T	W	25	2	7.41%	2	1	46	31	0.98	1	1	14	11	2	0	A
III	353031	A	M	20	2	9.09%	2	1	42	31	0.98	1	1	10	10	0	2	C
III	358925	C	M	24	2	7.69%	2	1	48	25	0.98	1	1	14	10	2	0	A
III	358972	C	Y	33	2	5.71%	2	2	44	37	0.98	1	1	15	18	1	1	T
III	364873	A	M	9	2	18.18%	2	1	44	27	0.98	1	1	7	2	0	2	C
III	369445	C	Y	13	2	13.33%	2	1	41	74	0.98	1	1	3	10	2	0	T
III	374922	C	M	19	2	9.52%	2	1	47	25	0.98	1	1	10	9	0	2	A
III	375023	C	M	31	2	6.06%	2	1	45	37	0.98	1	1	20	11	2	0	A
III	384863	A	R	36	2	5.26%	2	1	51	55	0.98	1	1	21	15	2	0	G
III	395098	C	M	22	2	8.33%	2	2	53	37	0.98	1	1	8	14	1	1	A
III	395761	C	M	37	2	5.13%	2	2	50	31	0.98	1	1	19	18	1	1	A
III	424466	A	R	18	2	10%	2	1	40	74	0.98	1	1	11	7	0	2	G
III	426815	G	K	17	2	10.53%	2	1	43	25	0.98	1	1	3	14	2	0	T
III	427761	G	K	34	2	5.56%	2	1	47	55	0.98	1	1	23	11	0	2	T
III	428087	A	W	30	2	6.25%	2	2	46	55	0.98	1	1	14	16	1	1	T
III	428356	C	Y	37	2	5.13%	2	2	46	37	0.98	1	1	22	15	1	1	T
III	428359	A	R	37	2	5.13%	2	2	45	37	0.98	1	1	22	15	1	1	G
III	430462	T	W	14	2	12.5%	2	2	37	74	0.98	1	1	6	8	1	1	A
III	433658	A	M	20	2	9.09%	2	1	46	55	0.98	1	1	10	10	0	2	C
III	435597	C	M	15	2	11.76%	2	1	43	28	0.98	1	1	9	6	0	2	A
III	459758	A	M	33	2	5.71%	2	1	52	49	0.98	1	1	16	17	0	2	C
III	489623	C	Y	76	5	6.17%	2	2	50	44	0.98	1	1	35	41	2	3	T
III	535610	T	K	20	2	9.09%	2	1	40	25	0.98	1	1	5	15	2	0	G
III	556474	G	R	38	2	5%	2	1	45	61	0.98	1	1	24	14	2	0	A
III	562558	T	Y	15	2	11.76%	2	1	41	37	0.98	1	1	11	4	0	2	C
III	575066	T	W	14	2	12.5%	2	1	50	37	0.98	1	1	8	6	0	2	A
III	575645	T	W	5	2	28.57%	2	2	42	37	0.98	1	1	1	4	1	1	A
III	579808	C	S	25	2	7.41%	2	2	48	37	0.98	1	1	20	5	1	1	G
III	584758	A	R	15	2	11.76%	2	2	50	37	0.98	1	1	6	9	1	1	G
III	615635	T	Y	19	2	9.52%	2	2	45	55	0.98	1	1	10	9	1	1	C
III	615638	A	M	18	2	10%	2	2	47	55	0.98	1	1	10	8	1	1	C
III	636062	A	M	26	2	7.14%	2	1	41	25	0.98	1	1	10	16	0	2	C
III	647235	T	Y	18	2	9.52%	2	2	48	61	0.98	1	1	14	4	1	1	C
III	651951	A	M	20	2	9.09%	2	1	51	55	0.98	1	1	17	3	2	0	C
III	652484	C	M	19	2	9.52%	2	1	50	22	0.98	1	1	9	10	2	0	A
III	668088	T	K	11	2	15.38%	2	1	37	31	0.98	1	1	6	5	2	0	G
III	671602	T	Y	13	2	13.33%	2	1	43	37	0.98	1	1	4	9	0	2	C
III	714368	A	M	3	2	40%	2	1	37	37	0.98	1	1	1	2	0	2	C
III	737963	A	M	26	2	7.14%	2	1	49	37	0.98	1	1	14	12	0	2	C
III	751319	T	W	16	3	15.79%	2	1	45	37	0.98	1	1	7	9	0	3	A
III	760151	A	M	16	2	11.11%	2	1	53	31	0.98	1	1	10	6	0	2	C
III	784614	C	M	21	2	8.7%	2	1	38	31	0.98	1	1	14	7	0	2	A
III	793925	T	Y	28	2	6.67%	2	2	45	37	0.98	1	1	14	14	1	1	C
III	806210	C	S	13	2	13.33%	2	1	41	37	0.98	1	1	7	6	0	2	G
III	822856	A	R	18	2	10%	2	2	51	31	0.98	1	1	10	8	1	1	G
III	833261	A	W	16	3	15.79%	2	1	46	29	0.98	1	1	7	9	3	0	T
III	868928	T	K	34	2	5.56%	2	1	44	31	0.98	1	1	9	25	2	0	G
III	886992	A	W	17	2	10.53%	2	2	42	37	0.98	1	1	9	8	1	1	T
III	887277	C	M	19	2	9.52%	2	1	50	31	0.98	1	1	11	8	0	2	A
III	938415	G	K	28	2	6.67%	2	2	52	37	0.98	1	1	12	16	1	1	T
III	957708	T	Y	19	2	9.52%	2	2	48	74	0.98	1	1	8	11	1	1	C
III	961288	A	R	77	6	7.23%	2	2	49	49	0.98	1	1	47	30	5	1	G
III	962376	C	Y	616	55	8.17%	2	2	55	51	0.98	1	1	303	313	28	27	T
III	963322	G	R	113	25	18.12%	2	2	53	44	0.98	1	1	44	69	7	18	A
III	963343	A	G	13	115	89.84%	2	2	53	49	0.98	1	1	2	11	42	73	G
III	983273	T	K	24	2	7.69%	2	1	45	31	0.98	1	1	5	19	2	0	G
III	984964	T	K	18	3	14.29%	2	1	37	29	0.98	1	1	3	15	3	0	G
III	984967	C	M	21	2	8.7%	2	1	39	37	0.98	1	1	4	17	2	0	A
III	984983	G	K	32	2	5.88%	2	1	38	31	0.98	1	1	16	16	2	0	T
III	984991	T	W	27	4	12.9%	2	1	39	25	0.98	1	1	11	16	4	0	A
III	1015245	A	R	35	2	5.41%	2	1	43	37	0.98	1	1	18	17	2	0	G
III	1041745	T	K	16	2	11.11%	2	2	45	37	0.98	1	1	11	5	1	1	G
III	1058587	C	M	19	2	9.52%	2	1	41	29	0.98	1	1	17	2	0	2	A
III	1063293	A	R	12	2	14.29%	2	2	45	37	0.98	1	1	7	5	1	1	G
III	1075653	G	K	149	17	10.24%	2	2	46	52	0.98	1	1	66	83	8	9	T
III	1084286	G	K	52	22	29.73%	2	2	50	48	0.98	1	1	27	25	5	17	T
III	1088117	G	K	56	4	6.67%	2	1	42	28	0.98	1	1	38	18	0	4	T
III	1090364	T	K	17	2	10.53%	2	1	47	31	0.98	1	1	5	12	2	0	G
III	1093430	T	Y	37	2	5.13%	2	2	52	37	0.98	1	1	19	18	1	1	C
III	1098041	A	W	11	2	15.38%	2	1	47	37	0.98	1	1	7	4	2	0	T
III	1098042	A	W	10	2	16.67%	2	1	46	37	0.98	1	1	7	3	2	0	T
III	1114661	C	M	49	25	33.78%	2	2	51	50	0.98	1	1	23	26	18	7	A
III	1121421	C	M	69	22	24.18%	2	2	53	52	0.98	1	1	27	42	13	9	A
III	1128181	C	M	63	27	30%	2	2	54	53	0.98	1	1	26	37	12	15	A
III	1130446	A	M	25	3	10.71%	2	1	47	49	0.98	1	1	7	18	0	3	C
III	1134941	C	M	61	24	28.24%	2	2	50	51	0.98	1	1	26	35	13	11	A
III	1135100	C	M	33	2	5.71%	2	2	48	37	0.98	1	1	12	21	1	1	A
III	1135111	T	W	24	2	7.69%	2	2	48	37	0.98	1	1	8	16	1	1	A
III	1135112	T	W	23	2	8%	2	2	47	37	0.98	1	1	8	15	1	1	A
III	1135124	T	Y	21	2	8.7%	2	2	55	31	0.98	1	1	6	15	1	1	C
III	1135125	T	W	22	2	8.33%	2	2	54	37	0.98	1	1	6	16	1	1	A
III	1135131	T	Y	28	2	6.67%	2	2	46	31	0.98	1	1	9	19	1	1	C
III	1137206	A	M	34	2	5.56%	2	1	41	37	0.98	1	1	21	13	0	2	C
III	1139296	T	Y	13	2	13.33%	2	2	50	37	0.98	1	1	5	8	1	1	C
III	1143057	A	R	8	2	20%	2	2	40	37	0.98	1	1	4	4	1	1	G
III	1168328	T	C	0	6	100%	0	2	0	35	0.98	0	1	0	0	2	4	C
III	1168644	T	Y	12	2	14.29%	2	1	42	37	0.98	1	1	8	4	0	2	C
III	1185220	G	R	16	2	11.11%	2	2	45	37	0.98	1	1	6	10	1	1	A
III	1213273	G	S	16	4	20%	2	2	46	37	0.98	1	1	9	7	2	2	C
III	1215602	A	M	30	2	6.25%	2	1	50	25	0.98	1	1	12	18	0	2	C
III	1217908	G	S	20	2	9.09%	2	1	42	37	0.98	1	1	11	9	0	2	C
III	1252505	G	K	10	3	23.08%	2	1	49	37	0.98	1	1	9	1	0	3	T
III	1259471	G	K	17	2	10.53%	2	1	52	31	0.98	1	1	7	10	0	2	T
III	1270419	A	W	27	4	12.9%	2	2	43	74	0.98	1	1	17	10	3	1	T
III	1275565	T	Y	31	2	6.06%	2	2	48	37	0.98	1	1	15	16	1	1	C
III	1299064	A	M	30	2	6.25%	2	1	45	31	0.98	1	1	17	13	0	2	C
III	1329810	G	K	22	2	8.33%	2	1	49	37	0.98	1	1	17	5	0	2	T
III	1331042	A	M	21	2	8.7%	2	2	47	37	0.98	1	1	13	8	1	1	C
III	1333789	T	K	25	2	7.41%	2	1	45	25	0.98	1	1	15	10	2	0	G
III	1349324	C	M	16	2	11.11%	2	1	49	27	0.98	1	1	9	7	0	2	A
III	1360674	C	M	29	2	6.45%	2	1	48	29	0.98	1	1	15	14	2	0	A
III	1364065	G	S	24	4	14.29%	2	1	55	37	0.98	1	1	13	11	0	4	C
III	1367623	A	R	26	2	7.14%	2	2	43	37	0.98	1	1	12	14	1	1	G
III	1374938	A	T	0	15	100%	0	2	0	47	0.98	0	1	0	0	10	5	T
III	1398549	A	M	38	2	5%	2	1	49	31	0.98	1	1	10	28	2	0	C
III	1402037	G	K	25	2	7.41%	2	2	51	55	0.98	1	1	13	12	1	1	T
III	1402045	A	W	26	2	7.14%	2	2	52	55	0.98	1	1	12	14	1	1	T
III	1402077	G	K	30	2	6.25%	2	2	55	55	0.98	1	1	16	14	1	1	T
III	1411409	A	W	21	2	8.7%	2	2	40	37	0.98	1	1	9	12	1	1	T
III	1415443	G	S	29	2	6.45%	2	1	52	37	0.98	1	1	8	21	0	2	C
III	1422227	A	R	10	3	23.08%	2	1	44	57	0.98	1	1	4	6	3	0	G
III	1424448	T	K	35	2	5.41%	2	2	51	37	0.98	1	1	22	13	1	1	G
III	1432023	C	M	18	2	10%	2	1	50	25	0.98	1	1	4	14	2	0	A
III	1457124	C	M	18	2	10%	2	1	39	31	0.98	1	1	12	6	0	2	A
III	1471898	C	M	18	2	10%	2	2	43	74	0.98	1	1	9	9	1	1	A
III	1471987	A	M	10	3	23.08%	2	1	49	29	0.98	1	1	7	3	0	3	C
III	1493950	A	R	98	36	26.67%	2	2	45	50	0.98	1	1	35	63	28	8	G
III	1494129	T	K	146	59	28.78%	2	2	45	44	0.98	1	1	70	76	15	44	G
III	1494164	A	R	84	61	42.07%	2	2	45	46	0.98	1	1	31	53	11	50	G
III	1494181	A	W	84	51	37.78%	2	2	44	48	0.98	1	1	30	54	11	40	T
III	1494187	T	W	83	45	35.16%	2	2	44	48	0.98	1	1	29	54	11	34	A
III	1494192	G	R	81	38	31.93%	2	2	44	47	0.98	1	1	28	53	11	27	A
III	1494240	C	Y	63	6	8.7%	2	1	44	37	0.98	1	1	24	39	0	6	T
III	1494282	G	R	68	118	63.44%	2	2	48	38	0.98	1	1	26	42	39	79	A
III	1494303	G	R	79	75	48.7%	2	2	50	39	0.98	1	1	41	38	20	55	A
III	1494306	A	W	77	69	47.26%	2	2	49	39	0.98	1	1	37	40	16	53	T
III	1494312	A	R	79	71	47.33%	2	2	50	40	0.98	1	1	41	38	17	54	G
III	1494315	A	R	81	68	45.64%	2	2	48	40	0.98	1	1	42	39	16	52	G
III	1494318	A	R	78	68	46.58%	2	2	49	40	0.98	1	1	42	36	16	52	G
III	1494327	T	K	83	57	40.43%	2	2	48	40	0.98	1	1	45	38	11	46	G
III	1499389	C	Y	86	12	12.24%	2	2	47	49	0.98	1	1	38	48	6	6	T
III	1499390	A	W	87	12	12.12%	2	2	47	49	0.98	1	1	39	48	6	6	T
III	1508754	C	M	23	2	8%	2	2	42	37	0.98	1	1	18	5	1	1	A
III	1514455	A	M	31	2	6.06%	2	1	55	25	0.98	1	1	15	16	0	2	C
III	1516003	T	K	4	2	33.33%	1	1	46	27	0.98	1	1	0	4	2	0	G
III	1528418	T	Y	30	2	6.25%	2	2	45	31	0.98	1	1	12	18	1	1	C
III	1539800	A	R	29	2	6.45%	2	1	45	37	0.98	1	1	14	15	2	0	G
III	1553994	C	Y	35	2	5.41%	2	2	50	31	0.98	1	1	15	20	1	1	T
III	1576078	T	K	22	2	8.33%	2	1	52	37	0.98	1	1	10	12	0	2	G
III	1581543	A	R	16	2	11.11%	2	2	43	37	0.98	1	1	7	9	1	1	G
III	1582141	C	Y	165	9	5.17%	2	2	54	48	0.98	1	1	114	51	7	2	T
III	1604698	T	Y	14	2	12.5%	2	2	51	37	0.98	1	1	3	11	1	1	C
III	1619071	G	K	12	2	14.29%	2	1	45	37	0.98	1	1	10	2	2	0	T
III	1635351	G	K	22	2	8.33%	2	2	56	37	0.98	1	1	8	14	1	1	T
III	1638378	C	Y	9	2	18.18%	2	1	53	37	0.98	1	1	6	3	0	2	T
III	1649182	G	K	10	2	16.67%	2	1	46	37	0.98	1	1	8	2	2	0	T
III	1649185	A	W	12	2	14.29%	2	1	42	37	0.98	1	1	10	2	2	0	T
III	1650171	G	K	17	2	10.53%	2	1	49	55	0.98	1	1	6	11	2	0	T
III	1690249	G	K	19	2	9.52%	2	2	44	37	0.98	1	1	7	12	1	1	T
III	1748768	C	Y	18	2	10%	2	2	49	55	0.98	1	1	7	11	1	1	T
III	1752777	T	Y	32	2	5.88%	2	1	43	55	0.98	1	1	27	5	0	2	C
III	1759628	A	R	24	2	7.69%	2	1	44	68	0.98	1	1	15	9	0	2	G
III	1765401	G	T	0	37	100%	0	2	0	51	0.98	0	1	0	0	18	19	T
III	1769013	T	W	23	2	8%	2	2	52	31	0.98	1	1	13	10	1	1	A
III	1771298	G	K	16	2	11.11%	2	1	52	37	0.98	1	1	11	5	2	0	T
III	1783010	G	S	33	3	8.33%	2	1	47	74	0.98	1	1	21	12	3	0	C
III	1817548	T	K	23	2	8%	2	1	40	49	0.98	1	1	11	12	2	0	G
III	1829122	C	S	16	2	11.11%	2	2	43	37	0.98	1	1	8	8	1	1	G
III	1835652	T	K	15	2	11.76%	2	2	51	37	0.98	1	1	10	5	1	1	G
III	1840097	G	K	14	2	12.5%	2	1	44	37	0.98	1	1	8	6	2	0	T
III	1848533	T	Y	24	2	7.69%	2	2	49	48	0.98	1	1	6	18	1	1	C
III	1871134	C	Y	22	2	8.33%	2	2	49	37	0.98	1	1	12	10	1	1	T
III	1891788	A	W	17	2	10.53%	2	1	51	37	0.98	1	1	9	8	2	0	T
III	1894020	C	Y	17	2	10.53%	2	2	40	37	0.98	1	1	8	9	1	1	T
III	1935609	T	K	25	2	7.41%	2	1	41	31	0.98	1	1	7	18	2	0	G
III	1940250	C	M	30	4	11.76%	2	2	48	37	0.98	1	1	11	19	2	2	A
III	1941579	A	M	23	2	8%	2	1	47	31	0.98	1	1	9	14	0	2	C
III	1943084	T	K	28	2	6.67%	2	1	47	37	0.98	1	1	12	16	2	0	G
III	1953262	G	K	9	2	18.18%	2	1	37	25	0.98	1	1	5	4	0	2	T
III	1956963	T	K	28	2	6.67%	2	1	45	55	0.98	1	1	14	14	2	0	G
III	1983036	A	M	19	2	9.52%	2	1	45	33	0.98	1	1	16	3	0	2	C
III	2013805	T	K	28	2	6.67%	2	1	44	31	0.98	1	1	6	22	2	0	G
III	2018929	G	K	35	2	5.41%	2	2	47	37	0.98	1	1	16	19	1	1	T
III	2018932	A	R	35	2	5.41%	2	2	46	37	0.98	1	1	16	19	1	1	G
III	2049819	A	W	20	2	9.09%	2	1	40	25	0.98	1	1	10	10	0	2	T
III	2068587	C	Y	32	2	5.88%	2	2	48	37	0.98	1	1	14	18	1	1	T
III	2100622	C	Y	30	8	21.05%	2	2	48	35	0.98	1	1	11	19	4	4	T
III	2133864	T	W	13	4	23.53%	2	2	38	40	0.98	1	1	5	8	1	3	A
III	2138157	G	K	33	2	5.71%	2	1	42	25	0.98	1	1	15	18	2	0	T
III	2138753	A	R	30	2	6.25%	2	1	45	37	0.98	1	1	16	14	2	0	G
III	2139372	C	M	32	2	5.88%	2	1	54	48	0.98	1	1	11	21	0	2	A
III	2144975	A	R	35	2	5.41%	2	2	49	49	0.98	1	1	18	17	1	1	G
III	2150591	T	K	12	2	14.29%	1	1	34	27	0.98	1	1	0	12	2	0	G
III	2181324	A	R	19	2	9.52%	2	2	48	55	0.98	1	1	8	11	1	1	G
III	2181327	C	Y	23	2	8%	2	2	53	37	0.98	1	1	11	12	1	1	T
III	2181355	G	R	28	2	6.67%	2	1	49	55	0.98	1	1	16	12	0	2	A
III	2193426	A	M	19	2	9.52%	2	1	52	49	0.98	1	1	8	11	0	2	C
III	2201471	T	K	14	2	12.5%	2	1	44	25	0.98	1	1	5	9	2	0	G
III	2201476	G	K	12	3	20%	2	1	49	23	0.98	1	1	5	7	3	0	T
III	2201482	G	K	15	2	11.76%	2	1	43	21	0.98	1	1	6	9	2	0	T
III	2202526	G	K	22	2	8.33%	2	1	40	25	0.98	1	1	16	6	0	2	T
III	2202541	C	M	18	2	10%	2	1	39	37	0.98	1	1	16	2	0	2	A
III	2207431	G	K	20	2	9.09%	2	1	47	31	0.98	1	1	8	12	2	0	T
III	2213937	A	M	34	2	5.56%	2	1	47	74	0.98	1	1	18	16	0	2	C
III	2239055	T	Y	16	2	11.11%	2	2	46	37	0.98	1	1	6	10	1	1	C
III	2245395	T	K	12	2	14.29%	2	1	36	37	0.98	1	1	2	10	2	0	G
III	2245436	C	M	6	2	25%	2	1	43	24	0.98	1	1	3	3	2	0	A
III	2247111	T	Y	26	2	7.14%	2	2	47	37	0.98	1	1	12	14	1	1	C
III	2252530	A	M	29	2	6.45%	2	1	45	25	0.98	1	1	10	19	2	0	C
III	2287896	C	M	12	2	14.29%	2	1	43	29	0.98	1	1	11	1	0	2	A
III	2287903	A	M	13	2	13.33%	2	1	40	33	0.98	1	1	12	1	0	2	C
III	2295961	A	R	14	2	12.5%	2	2	47	37	0.98	1	1	7	7	1	1	G
III	2318787	T	Y	11	2	15.38%	2	1	53	37	0.98	1	1	10	1	0	2	C
III	2332781	A	M	11	4	26.67%	2	2	40	31	0.98	1	1	8	3	2	2	C
III	2339916	G	S	15	2	11.76%	2	2	46	37	0.98	1	1	10	5	1	1	C
III	2340078	A	W	28	2	6.67%	2	2	47	74	0.98	1	1	12	16	1	1	T
III	2377820	C	M	36	3	7.69%	2	2	46	33	0.98	1	1	12	24	2	1	A
III	2381979	G	T	0	8	100%	0	2	0	41	0.98	0	1	0	0	4	4	T
III	2397430	T	Y	30	2	6.25%	2	1	47	37	0.98	1	1	13	17	2	0	C
III	2421170	G	R	32	2	5.88%	2	1	53	37	0.98	1	1	18	14	0	2	A
III	2430480	T	W	33	3	8.33%	2	2	48	49	0.98	1	1	12	21	2	1	A
III	2430481	C	Y	34	3	8.11%	2	2	47	49	0.98	1	1	12	22	2	1	T
III	2430484	A	W	33	2	5.71%	2	2	46	55	0.98	1	1	10	23	1	1	T
III	2430486	T	Y	33	3	8.33%	2	2	46	49	0.98	1	1	10	23	2	1	C
III	2430999	C	Y	7	5	41.67%	2	2	33	35	0.98	1	1	2	5	1	4	T
III	2431133	G	K	17	2	10.53%	2	1	47	55	0.98	1	1	8	9	2	0	T
III	2431252	T	Y	29	2	6.45%	2	2	45	74	0.98	1	1	20	9	1	1	C
III	2431257	C	M	30	2	6.25%	2	2	44	74	0.98	1	1	21	9	1	1	A
III	2435063	C	M	17	3	15%	2	2	52	49	0.98	1	1	6	11	1	2	A
III	2447413	T	K	751	89	10.6%	2	2	38	32	0.98	1	1	97	654	88	1	G
III	2448310	A	W	33	2	5.71%	2	1	38	37	0.98	1	1	25	8	0	2	T
III	2448311	A	W	49	8	14.04%	2	1	38	37	0.98	1	1	32	17	0	8	T
III	2448544	T	W	1194	70	5.54%	2	2	49	51	0.98	1	1	529	665	43	27	A
