Chrom	Position	Ref	Cons	Reads1	Reads2	VarFreq	Strands1	Strands2	Qual1	Qual2	Pvalue	MapQual1	MapQual2	Reads1Plus	Reads1Minus	Reads2Plus	Reads2Minus	VarAllele
chr_II_telomeric_gap	4710	C	M	53	4	7.02%	2	1	40	28	0.98	1	1	42	11	0	4	A
chr_II_telomeric_gap	4751	A	M	55	5	8.33%	2	1	40	27	0.98	1	1	44	11	0	5	C
chr_II_telomeric_gap	4787	G	A	0	67	100%	0	2	0	44	0.98	0	1	0	0	38	29	A
chr_II_telomeric_gap	6142	G	K	29	2	6.45%	2	1	41	31	0.98	1	1	5	24	2	0	T
I	459	C	M	158	164	50.93%	2	2	48	46	0.98	1	1	69	89	76	88	A
I	783	T	Y	186	121	39.41%	2	2	43	43	0.98	1	1	113	73	50	71	C
I	798	G	R	191	115	37.58%	2	2	46	41	0.98	1	1	118	73	56	59	A
I	955	C	Y	171	179	51.14%	2	2	45	44	0.98	1	1	77	94	113	66	T
I	1055	T	Y	337	60	15.11%	2	2	49	36	0.98	1	1	125	212	29	31	C
I	1133	A	R	159	227	58.81%	2	2	46	44	0.98	1	1	51	108	62	165	G
I	1455	C	Y	129	120	48.19%	2	2	44	47	0.98	1	1	60	69	44	76	T
I	1514	C	S	111	101	47.64%	2	2	46	45	0.98	1	1	48	63	42	59	G
I	1750	G	R	123	42	25.45%	2	2	52	47	0.98	1	1	70	53	19	23	A
I	2428	G	R	228	13	5.39%	2	2	49	43	0.98	1	1	98	130	10	3	A
I	2582	T	Y	101	82	44.81%	2	2	45	48	0.98	1	1	59	42	48	34	C
I	2651	C	Y	190	10	5%	2	2	46	46	0.98	1	1	106	84	4	6	T
I	2822	C	Y	212	14	6.19%	2	2	44	46	0.98	1	1	128	84	5	9	T
I	3431	A	R	110	176	61.54%	2	2	50	49	0.98	1	1	65	45	88	88	G
I	4666	G	R	78	35	30.97%	2	2	41	42	0.98	1	1	30	48	20	15	A
I	4668	C	S	102	27	20.93%	2	2	42	39	0.98	1	1	57	45	13	14	G
I	6583	G	R	51	86	62.77%	2	2	43	42	0.98	1	1	29	22	46	40	A
I	6727	G	R	48	48	50%	2	2	41	47	0.98	1	1	19	29	18	30	A
I	6912	A	M	81	15	15.62%	2	1	48	35	0.98	1	1	41	40	0	15	C
I	7192	C	M	72	11	7.86%	2	1	40	32	0.98	1	1	61	11	0	11	A
I	8666	G	R	74	76	50.67%	2	2	45	47	0.98	1	1	34	40	27	49	A
I	10913	G	R	44	35	44.3%	2	2	40	41	0.98	1	1	26	18	23	12	A
I	17297	A	M	179	11	5.79%	2	2	45	47	0.98	1	1	64	115	10	1	C
I	17459	A	R	144	8	5.26%	2	2	50	67	0.98	1	1	70	74	3	5	G
I	17558	A	R	126	8	5.97%	2	2	43	35	0.98	1	1	48	78	3	5	G
I	18099	A	R	195	65	25%	2	2	47	40	0.98	1	1	125	70	51	14	G
I	18104	A	R	221	22	9.05%	2	2	46	58	0.98	1	1	162	59	12	10	G
I	18140	T	Y	272	32	10.53%	2	2	47	53	0.98	1	1	212	60	17	15	C
I	18209	G	R	329	18	5.19%	2	2	52	47	0.98	1	1	220	109	16	2	A
I	18218	G	R	322	31	8.78%	2	2	51	39	0.98	1	1	221	101	22	9	A
I	18219	G	R	329	19	5.46%	2	2	50	50	0.98	1	1	216	113	17	2	A
I	18318	G	R	242	101	29.45%	2	2	46	48	0.98	1	1	103	139	76	25	A
I	18475	C	Y	190	157	45.24%	2	2	45	52	0.98	1	1	57	133	45	112	T
I	19174	A	R	151	11	6.79%	2	2	45	36	0.98	1	1	69	82	3	8	G
I	19177	A	R	152	11	6.75%	2	2	45	36	0.98	1	1	70	82	3	8	G
I	19185	G	R	156	9	5.45%	2	2	46	36	0.98	1	1	72	84	3	6	A
I	20330	A	W	30	2	6.25%	2	1	52	37	0.98	1	1	22	8	0	2	T
I	28446	A	W	151	9	5.62%	2	2	47	69	0.98	1	1	88	63	4	5	T
I	29359	T	W	116	24	17.14%	2	2	47	44	0.98	1	1	38	78	13	11	A
I	29373	T	Y	92	31	23.66%	2	2	47	44	0.98	1	1	35	57	16	15	C
I	30999	A	W	50	3	5.66%	2	2	42	57	0.98	1	1	26	24	2	1	T
I	36441	T	G	12	39	76.47%	2	2	41	48	0.98	1	1	4	8	16	23	G
I	43335	G	R	16	2	7.41%	1	1	35	33	0.98	1	1	16	0	0	2	A
I	43335	G	K	16	2	7.41%	1	1	35	37	0.98	1	1	16	0	0	2	+A
I	43389	C	M	35	2	5.41%	2	1	38	27	0.98	1	1	5	30	2	0	A
I	49499	T	W	68	8	10.53%	2	2	45	34	0.98	1	1	32	36	5	3	A
I	96157	G	R	58	6	9.38%	2	1	44	37	0.98	1	1	32	26	0	6	A
I	98629	A	M	148	19	11.38%	2	2	43	40	0.98	1	1	89	59	17	2	C
I	98632	C	Y	143	19	11.73%	2	2	44	40	0.98	1	1	86	57	17	2	T
I	98639	A	W	177	27	13.24%	2	2	45	41	0.98	1	1	112	65	24	3	T
I	98777	T	Y	328	82	20%	2	2	54	56	0.98	1	1	139	189	44	38	C
I	98786	G	R	351	35	9.07%	2	2	53	47	0.98	1	1	149	202	15	20	A
I	99057	T	Y	363	30	7.63%	2	2	51	39	0.98	1	1	200	163	26	4	C
I	99066	G	R	350	47	11.84%	2	2	53	56	0.98	1	1	184	166	29	18	A
I	99204	A	W	219	42	16.09%	2	2	48	39	0.98	1	1	87	132	3	39	T
I	99211	A	R	198	13	6.13%	2	2	46	37	0.98	1	1	88	110	1	12	G
I	99214	G	K	192	13	6.34%	2	2	47	37	0.98	1	1	83	109	1	12	T
I	110495	A	M	38	3	7.32%	2	1	41	25	0.98	1	1	23	15	0	3	C
I	114814	T	W	89	5	5.32%	2	1	42	34	0.98	1	1	48	41	0	5	A
I	145956	C	M	54	3	5.26%	2	1	39	26	0.98	1	1	32	22	0	3	A
I	145995	G	K	45	7	13.46%	2	1	47	28	0.98	1	1	34	11	0	7	T
I	146005	A	M	49	3	5.77%	2	1	42	37	0.98	1	1	32	17	0	3	C
I	169798	G	K	32	3	8.57%	2	1	36	30	0.98	1	1	31	1	0	3	T
I	180324	A	M	23	64	73.56%	2	2	46	47	0.98	1	1	12	11	36	28	C
I	190111	T	W	27	2	6.67%	2	1	40	27	0.98	1	1	24	3	0	2	A
I	191874	G	K	61	4	6.15%	2	1	40	28	0.98	1	1	50	11	0	4	T
I	191919	C	M	56	3	5.08%	2	1	41	25	0.98	1	1	39	17	0	3	A
I	202414	G	K	16	3	15.79%	2	1	44	29	0.98	1	1	5	11	3	0	T
I	211039	G	K	36	2	5.26%	2	2	40	31	0.98	1	1	24	12	1	1	T
I	228758	C	M	22	53	70.67%	2	2	47	45	0.98	1	1	8	14	18	35	A
I	229789	C	S	54	35	39.33%	2	2	48	50	0.98	1	1	31	23	22	13	G
I	335159	T	W	69	4	5.48%	2	2	40	55	0.98	1	1	40	29	1	3	A
I	359410	A	M	34	2	5.56%	2	1	39	33	0.98	1	1	30	4	0	2	C
I	359511	C	M	32	2	5.88%	2	1	45	31	0.98	1	1	16	16	0	2	A
I	359518	C	M	34	2	5.56%	2	1	44	25	0.98	1	1	17	17	0	2	A
I	390847	C	T	1	74	98.67%	1	2	37	48	0.98	1	1	1	0	37	37	T
I	437627	C	M	30	3	9.09%	2	1	40	25	0.98	1	1	19	11	0	3	A
I	470379	C	A	0	2	100%	0	1	0	37	0.98	0	1	0	0	0	2	A
I	473423	C	Y	29	4	12.12%	2	1	33	31	0.98	1	1	23	6	0	4	T
I	473427	G	K	24	15	31.25%	2	1	35	33	0.98	1	1	23	1	0	15	T
I	521837	C	M	53	3	5.36%	2	1	41	29	0.98	1	1	28	25	0	3	A
I	523603	G	A	0	116	100%	0	2	0	47	0.98	0	1	0	0	72	44	A
I	523883	G	A	0	77	100%	0	2	0	46	0.98	0	1	0	0	40	37	A
I	527156	C	A	0	89	100%	0	2	0	44	0.98	0	1	0	0	52	37	A
I	582601	C	M	36	4	10%	2	2	49	34	0.98	1	1	17	19	2	2	A
I	638093	A	M	45	4	8.16%	2	1	42	32	0.98	1	1	32	13	0	4	C
I	652508	T	K	56	5	8.2%	2	1	44	25	0.98	1	1	15	41	5	0	G
I	663023	G	S	34	74	68.52%	2	2	43	43	0.98	1	1	20	14	53	21	C
I	733918	A	W	43	72	62.61%	2	2	45	46	0.98	1	1	20	23	35	37	T
I	759334	G	T	0	35	100%	0	2	0	45	0.98	0	1	0	0	17	18	T
I	765464	A	W	33	2	5.71%	2	1	39	27	0.98	1	1	16	17	0	2	T
I	804925	A	R	78	5	6.02%	2	2	48	34	0.98	1	1	44	34	2	3	G
I	813183	C	M	46	3	6.12%	2	1	45	29	0.98	1	1	15	31	3	0	A
I	839065	C	M	55	3	5.17%	2	1	41	25	0.98	1	1	12	43	3	0	A
I	859935	G	K	64	5	7.25%	2	2	49	37	0.98	1	1	32	32	2	3	T
I	862964	G	T	0	62	100%	0	2	0	48	0.98	0	1	0	0	41	21	T
I	871956	C	Y	32	72	69.23%	2	2	48	47	0.98	1	1	22	10	34	38	T
I	878860	C	M	43	4	8.51%	2	2	47	37	0.98	1	1	22	21	2	2	A
I	878982	T	K	22	4	15.38%	2	1	41	28	0.98	1	1	7	15	4	0	G
I	879016	G	K	24	5	17.24%	2	1	45	25	0.98	1	1	8	16	5	0	T
I	907443	T	K	54	3	5.26%	2	1	42	29	0.98	1	1	13	41	3	0	G
I	936737	T	W	40	3	6.98%	2	1	39	33	0.98	1	1	35	5	0	3	A
I	936740	A	M	40	3	6.98%	2	1	39	25	0.98	1	1	33	7	0	3	C
I	949545	T	K	50	22	30.56%	2	1	38	30	0.98	1	1	6	44	22	0	G
I	965383	C	M	38	2	5%	2	1	40	25	0.98	1	1	24	14	0	2	A
I	965404	C	M	46	3	6.12%	2	1	38	25	0.98	1	1	29	17	0	3	A
I	965415	C	M	37	2	5.13%	2	1	37	25	0.98	1	1	33	4	0	2	A
I	965438	C	M	20	3	7.5%	2	1	40	30	0.98	1	1	18	2	0	3	A
I	965460	C	M	36	2	5.26%	2	1	40	31	0.98	1	1	11	25	2	0	A
I	992835	G	R	70	4	5.41%	2	2	47	34	0.98	1	1	38	32	2	2	A
I	995061	G	K	38	2	5%	2	1	41	24	0.98	1	1	22	16	0	2	T
I	1017121	G	S	27	52	65.82%	2	2	50	44	0.98	1	1	16	11	34	18	C
I	1029779	C	M	49	3	5.77%	2	1	41	30	0.98	1	1	18	31	3	0	A
I	1044896	T	Y	109	7	6.03%	2	2	47	37	0.98	1	1	57	52	4	3	C
I	1051586	T	K	93	5	5.1%	2	2	43	32	0.98	1	1	38	55	4	1	G
I	1061955	C	Y	38	5	11.63%	2	2	45	30	0.98	1	1	22	16	1	4	T
I	1117236	C	M	66	4	5.71%	2	1	41	28	0.98	1	1	53	13	0	4	A
I	1148125	A	W	5	2	28.57%	2	1	44	29	0.98	1	1	3	2	2	0	T
I	1153987	G	K	38	2	5%	2	1	44	25	0.98	1	1	15	23	0	2	T
I	1154007	G	K	26	2	7.14%	2	1	47	31	0.98	1	1	15	11	0	2	T
I	1189929	C	G	0	97	100%	0	2	0	45	0.98	0	1	0	0	58	39	G
I	1192507	G	K	57	3	5%	2	1	37	26	0.98	1	1	16	41	3	0	T
I	1255790	C	Y	68	4	5.56%	2	2	40	37	0.98	1	1	27	41	2	2	T
I	1306066	G	K	38	3	7.32%	2	2	42	28	0.98	1	1	17	21	2	1	T
I	1307686	T	K	36	2	5.26%	2	1	41	31	0.98	1	1	12	24	2	0	G
I	1308466	T	K	35	3	7.89%	2	1	41	33	0.98	1	1	12	23	3	0	G
I	1380126	A	M	71	5	6.58%	2	1	41	29	0.98	1	1	55	16	0	5	C
I	1381469	A	M	81	5	5.75%	2	1	45	30	0.98	1	1	54	27	0	5	C
I	1393829	A	W	45	3	6.25%	2	1	41	31	0.98	1	1	11	34	3	0	T
I	1393835	G	K	44	6	12%	2	1	39	26	0.98	1	1	3	41	6	0	T
I	1424709	A	C	0	3	100%	0	1	0	57	0.98	0	1	0	0	3	0	C
I	1436374	C	M	33	2	5.71%	2	1	40	31	0.98	1	1	22	11	0	2	A
I	1472241	T	W	54	3	5.26%	2	2	45	33	0.98	1	1	28	26	2	1	A
I	1472246	T	W	56	3	5.08%	2	2	46	37	0.98	1	1	28	28	2	1	A
I	1497142	C	M	28	2	6.67%	2	1	46	31	0.98	1	1	12	16	2	0	A
I	1515302	T	W	71	6	7.79%	2	2	45	37	0.98	1	1	35	36	3	3	A
I	1535053	T	K	53	4	7.02%	2	1	45	28	0.98	1	1	19	34	4	0	G
I	1535089	T	W	42	4	8.7%	2	1	49	26	0.98	1	1	13	29	4	0	A
I	1539549	C	M	29	2	6.45%	2	2	37	33	0.98	1	1	27	2	1	1	A
I	1539564	C	M	29	3	9.38%	1	1	35	41	0.98	1	1	29	0	0	3	A
I	1539572	A	M	32	2	5.88%	2	1	37	28	0.98	1	1	28	4	0	2	C
I	1545074	T	K	42	4	8.7%	2	1	39	28	0.98	1	1	4	38	4	0	G
I	1545093	C	M	45	3	6.25%	2	1	39	31	0.98	1	1	7	38	3	0	A
I	1545171	C	Y	72	4	5.26%	2	1	44	37	0.98	1	1	27	45	4	0	T
I	1578188	G	K	49	3	5.77%	2	1	38	30	0.98	1	1	13	36	3	0	T
I	1595053	A	W	35	2	5.41%	2	1	37	25	0.98	1	1	26	9	0	2	T
I	1599171	G	K	35	2	5.41%	2	1	42	31	0.98	1	1	17	18	2	0	T
I	1599239	G	K	32	2	5.88%	2	1	40	25	0.98	1	1	16	16	0	2	T
I	1599705	T	W	36	2	5.26%	2	1	40	31	0.98	1	1	17	19	0	2	A
I	1653041	C	M	68	4	5.56%	2	1	40	28	0.98	1	1	12	56	4	0	A
I	1654350	T	K	32	3	8.57%	2	1	44	29	0.98	1	1	6	26	3	0	G
I	1654359	G	K	29	2	6.45%	2	1	40	29	0.98	1	1	3	26	2	0	T
I	1666856	G	K	22	3	12%	2	1	44	29	0.98	1	1	6	16	3	0	T
I	1666906	C	M	38	2	5%	2	1	43	31	0.98	1	1	17	21	2	0	A
I	1667143	T	W	39	3	7.14%	2	1	41	29	0.98	1	1	21	18	3	0	A
I	1709306	T	K	46	3	6.12%	2	1	46	33	0.98	1	1	15	31	3	0	G
I	1732163	T	K	51	8	13.56%	2	1	44	30	0.98	1	1	21	30	8	0	G
I	1765306	C	M	27	2	5.88%	2	1	37	33	0.98	1	1	24	3	0	2	A
I	1769010	A	W	37	2	5.13%	2	1	41	31	0.98	1	1	8	29	2	0	T
I	1769029	T	W	45	4	8.16%	2	1	38	26	0.98	1	1	10	35	4	0	A
I	1783458	C	T	0	93	100%	0	2	0	48	0.98	0	1	0	0	58	35	T
I	1825920	A	W	34	2	5.56%	2	1	41	25	0.98	1	1	10	24	2	0	T
I	1829831	T	W	76	6	7.32%	2	2	48	43	0.98	1	1	43	33	4	2	A
I	1830464	C	Y	42	6	5.94%	2	1	56	32	0.98	1	1	22	20	0	6	+T
I	1831689	C	M	39	3	7.14%	2	1	42	26	0.98	1	1	22	17	0	3	A
I	1831692	A	M	35	2	5.41%	2	1	43	31	0.98	1	1	22	13	0	2	C
I	1834107	C	M	48	3	5.88%	2	1	40	26	0.98	1	1	40	8	0	3	A
I	1834120	C	M	41	3	6.82%	2	1	39	34	0.98	1	1	36	5	0	3	A
I	1834141	C	M	35	5	12.5%	2	1	43	31	0.98	1	1	28	7	0	5	A
I	1834158	A	W	35	7	16.67%	2	1	38	27	0.98	1	1	30	5	0	7	T
I	1834160	G	K	30	9	23.08%	2	1	39	32	0.98	1	1	25	5	0	9	T
I	1834174	A	M	37	5	11.36%	2	1	43	29	0.98	1	1	24	13	0	5	C
I	1837893	A	W	34	2	5.56%	2	1	38	25	0.98	1	1	24	10	0	2	T
I	1837914	A	W	30	3	9.09%	2	1	36	29	0.98	1	1	26	4	0	3	T
I	1837916	G	K	22	2	5.56%	2	1	36	25	0.98	1	1	20	2	0	2	-TT
I	1852121	T	K	38	2	5%	2	1	46	31	0.98	1	1	17	21	2	0	G
I	1852709	C	M	27	2	6.9%	2	1	37	25	0.98	1	1	10	17	2	0	A
I	1852721	G	K	27	2	6.9%	2	1	40	31	0.98	1	1	10	17	2	0	T
I	1852760	T	W	29	2	6.45%	2	1	41	25	0.98	1	1	19	10	2	0	A
I	1893562	T	K	53	3	5.36%	2	1	38	34	0.98	1	1	13	40	3	0	G
I	1893575	C	M	59	5	7.81%	2	1	37	25	0.98	1	1	7	52	5	0	A
I	1907714	T	K	20	2	9.09%	2	1	41	31	0.98	1	1	12	8	2	0	G
I	1943784	A	M	53	4	6.67%	2	1	37	25	0.98	1	1	47	6	0	4	C
I	1955710	C	M	29	2	6.45%	2	1	44	31	0.98	1	1	18	11	0	2	A
I	1965323	C	M	49	3	5.77%	2	1	43	25	0.98	1	1	15	34	3	0	A
I	1965327	T	W	49	3	5.77%	2	1	45	23	0.98	1	1	18	31	3	0	A
I	1999192	G	C	0	86	100%	0	2	0	46	0.98	0	1	0	0	47	39	C
I	2053925	T	Y	36	4	10%	2	2	45	55	0.98	1	1	24	12	2	2	C
I	2079516	A	W	46	4	8%	2	2	41	41	0.98	1	1	30	16	1	3	T
I	2086472	C	M	79	5	5.95%	2	1	43	28	0.98	1	1	15	64	5	0	A
I	2093273	A	M	71	8	10.13%	2	1	43	29	0.98	1	1	60	11	0	8	C
I	2104091	G	T	0	57	100%	0	2	0	42	0.98	0	1	0	0	19	38	T
I	2104097	C	A	0	58	100%	0	2	0	40	0.98	0	1	0	0	21	37	A
I	2104259	C	Y	43	4	8.51%	2	2	44	37	0.98	1	1	19	24	2	2	T
I	2107792	G	K	48	4	7.69%	2	1	45	27	0.98	1	1	14	34	4	0	T
I	2124336	A	M	54	6	10%	2	1	40	32	0.98	1	1	49	5	0	6	C
I	2208497	T	W	72	4	5.26%	2	1	44	37	0.98	1	1	36	36	4	0	A
I	2227936	T	W	5	2	8%	2	2	33	33	0.98	1	1	4	1	1	1	A
I	2232470	C	Y	47	22	31.88%	2	2	45	48	0.98	1	1	17	30	12	10	T
I	2235218	C	S	56	6	9.38%	2	2	45	37	0.98	1	1	25	31	3	3	G
I	2300846	A	R	67	4	5.63%	2	2	42	37	0.98	1	1	36	31	2	2	G
I	2323320	T	K	68	14	17.07%	2	1	45	28	0.98	1	1	12	56	14	0	G
I	2327021	C	M	43	5	8.33%	2	1	41	27	0.98	1	1	21	22	0	5	A
I	2353312	T	Y	75	4	5.06%	2	2	45	37	0.98	1	1	34	41	2	2	C
I	2355869	T	Y	55	12	17.91%	2	2	41	37	0.98	1	1	15	40	6	6	C
I	2421577	C	M	7	3	30%	2	1	37	37	0.98	1	1	6	1	0	3	A
I	2424539	G	K	38	3	6.12%	2	2	45	28	0.98	1	1	30	8	1	2	+A
I	2442881	G	R	56	22	28.21%	2	2	48	49	0.98	1	1	22	34	10	12	A
I	2480039	G	K	75	4	5.06%	2	1	43	26	0.98	1	1	53	22	0	4	T
I	2480045	C	M	71	4	5.26%	2	1	46	31	0.98	1	1	48	23	0	4	A
I	2480049	A	W	70	5	6.58%	2	1	43	30	0.98	1	1	48	22	0	5	T
I	2480057	A	W	66	5	7.04%	2	1	43	28	0.98	1	1	47	19	0	5	T
I	2480108	A	M	57	3	5%	2	1	39	33	0.98	1	1	48	9	0	3	C
I	2503979	G	K	69	4	5.48%	2	1	42	30	0.98	1	1	53	16	0	4	T
I	2503986	A	M	73	7	8.75%	2	1	41	29	0.98	1	1	56	17	0	7	C
I	2506044	T	A	0	161	100%	0	2	0	49	0.98	0	1	0	0	70	91	A
I	2507464	C	M	61	4	6.15%	2	1	47	46	0.98	1	1	41	20	0	4	A
I	2509355	G	K	19	2	9.52%	2	1	37	31	0.98	1	1	15	4	0	2	T
I	2525239	G	K	34	2	5.56%	2	1	41	25	0.98	1	1	14	20	0	2	T
I	2544949	T	K	57	5	8.06%	2	1	39	31	0.98	1	1	9	48	5	0	G
I	2556737	C	M	27	4	12.9%	2	1	39	33	0.98	1	1	24	3	0	4	A
I	2556757	A	M	25	10	27.03%	2	1	45	29	0.98	1	1	20	5	0	10	C
I	2605764	T	A	0	96	100%	0	2	0	44	0.98	0	1	0	0	36	60	A
I	2641998	C	Y	14	5	20%	2	1	37	33	0.98	1	1	12	2	0	5	T
I	2691779	G	K	53	3	5.36%	2	1	39	29	0.98	1	1	32	21	3	0	T
I	2696467	A	W	26	2	7.14%	2	1	40	31	0.98	1	1	18	8	0	2	T
I	2696495	A	M	25	3	10.71%	2	1	38	25	0.98	1	1	20	5	0	3	C
I	2706463	A	W	94	7	6.93%	2	1	39	26	0.98	1	1	65	29	0	7	T
I	2719274	G	R	27	2	6.9%	2	2	39	37	0.98	1	1	14	13	1	1	A
I	2721146	C	Y	27	50	64.94%	2	2	44	48	0.98	1	1	16	11	26	24	T
I	2747028	A	W	37	3	7.5%	2	1	46	37	0.98	1	1	19	18	0	3	T
I	2747078	A	G	0	62	100%	0	2	0	45	0.98	0	1	0	0	23	39	G
I	2751237	A	W	15	4	21.05%	1	1	43	34	0.98	1	1	15	0	0	4	T
I	2765894	A	W	67	4	5.56%	2	2	48	49	0.98	1	1	23	44	1	3	T
I	2788421	T	K	74	4	5.13%	2	1	46	25	0.98	1	1	26	48	4	0	G
I	2814487	C	S	43	3	6.52%	2	1	40	29	0.98	1	1	22	21	0	3	G
I	2814517	G	K	45	3	6.25%	2	1	38	25	0.98	1	1	26	19	0	3	T
I	2834205	T	K	55	4	6.78%	2	1	42	34	0.98	1	1	15	40	4	0	G
I	2835727	T	K	76	4	5%	2	1	39	28	0.98	1	1	7	69	4	0	G
I	2889766	G	R	54	4	6.9%	2	2	49	34	0.98	1	1	29	25	2	2	A
I	2889771	T	W	54	4	6.9%	2	2	44	37	0.98	1	1	25	29	2	2	A
I	2891127	C	M	56	5	8.2%	2	1	39	27	0.98	1	1	38	18	0	5	A
I	2897636	A	R	109	6	5.22%	2	2	45	61	0.98	1	1	45	64	5	1	G
I	2897706	A	R	45	82	64.57%	2	2	47	48	0.98	1	1	29	16	54	28	G
I	2942022	A	R	175	20	10.26%	2	1	46	34	0.98	1	1	61	114	20	0	G
I	2942994	C	Y	245	14	5.41%	2	2	49	40	0.98	1	1	140	105	7	7	T
I	2959787	G	K	16	2	11.11%	2	1	39	25	0.98	1	1	7	9	2	0	T
I	2959802	C	M	14	2	12.5%	2	1	44	25	0.98	1	1	4	10	2	0	A
I	3015619	G	K	56	3	5.08%	2	1	43	26	0.98	1	1	38	18	0	3	T
I	3015688	G	K	51	5	8.93%	2	1	47	25	0.98	1	1	28	23	0	5	T
I	3018657	C	M	65	4	5.8%	2	2	42	37	0.98	1	1	22	43	2	2	A
I	3030977	A	W	9	2	5.56%	1	2	40	37	0.98	1	1	9	0	1	1	+T
I	3033365	C	Y	46	3	6%	2	1	45	31	0.98	1	1	13	33	3	0	T
I	3077547	T	K	26	2	7.14%	2	1	38	33	0.98	1	1	2	24	2	0	G
I	3111508	A	G	0	73	100%	0	2	0	44	0.98	0	1	0	0	44	29	G
I	3115841	C	A	0	106	100%	0	2	0	49	0.98	0	1	0	0	65	41	A
I	3119299	G	A	0	43	100%	0	2	0	42	0.98	0	1	0	0	23	20	A
I	3124235	G	K	55	3	5.17%	2	1	40	25	0.98	1	1	27	28	3	0	T
I	3162047	T	K	32	10	23.81%	2	1	38	31	0.98	1	1	11	21	10	0	G
I	3162071	T	W	32	2	5.88%	2	2	36	47	0.98	1	1	7	25	1	1	A
I	3166805	G	K	49	3	5.77%	2	1	43	26	0.98	1	1	9	40	3	0	T
I	3177327	G	R	37	77	67.54%	2	2	45	48	0.98	1	1	22	15	46	31	A
I	3179238	G	C	0	113	100%	0	2	0	47	0.98	0	1	0	0	48	65	C
I	3184749	G	K	57	4	6.56%	2	1	43	29	0.98	1	1	27	30	4	0	T
I	3184773	G	K	64	5	7.25%	2	1	42	26	0.98	1	1	35	29	5	0	T
I	3191419	T	K	76	4	5%	2	1	40	28	0.98	1	1	14	62	4	0	G
I	3289363	C	Y	34	16	32%	2	2	48	39	0.98	1	1	14	20	7	9	T
I	3289365	G	R	35	15	30%	2	2	49	39	0.98	1	1	15	20	6	9	A
I	3289374	C	M	31	5	13.89%	2	2	46	37	0.98	1	1	14	17	1	4	A
I	3289378	A	R	27	3	10%	2	1	47	37	0.98	1	1	13	14	0	3	G
I	3289379	C	Y	29	3	9.38%	2	1	47	37	0.98	1	1	14	15	0	3	T
I	3289383	T	Y	30	4	11.76%	2	1	50	37	0.98	1	1	15	15	0	4	C
I	3289385	T	Y	30	5	14.29%	2	1	46	34	0.98	1	1	15	15	0	5	C
I	3300840	C	M	12	2	14.29%	2	1	36	25	0.98	1	1	11	1	2	0	A
I	3303452	C	M	30	2	6.25%	2	1	44	25	0.98	1	1	20	10	2	0	A
I	3348619	T	K	52	3	5.45%	1	1	37	31	0.98	1	1	0	52	3	0	G
I	3413055	A	M	28	2	6.67%	2	1	38	25	0.98	1	1	22	6	0	2	C
I	3415490	A	M	40	3	6.98%	2	1	37	30	0.98	1	1	37	3	0	3	C
I	3443146	T	K	47	5	9.62%	2	1	42	26	0.98	1	1	15	32	5	0	G
I	3443157	G	K	45	3	6.25%	2	1	43	29	0.98	1	1	14	31	3	0	T
I	3496409	C	M	52	3	5.45%	2	1	45	25	0.98	1	1	20	32	3	0	A
I	3508673	T	K	16	2	11.11%	2	1	42	22	0.98	1	1	2	14	2	0	G
I	3508714	A	M	19	2	9.52%	2	1	42	31	0.98	1	1	7	12	2	0	C
I	3519693	A	M	38	2	5%	2	1	40	25	0.98	1	1	35	3	0	2	C
I	3526876	G	K	36	2	5.26%	2	1	50	25	0.98	1	1	19	17	0	2	T
I	3538450	A	T	0	49	100%	0	2	0	47	0.98	0	1	0	0	20	29	T
I	3548576	C	M	20	2	9.09%	2	1	37	27	0.98	1	1	2	18	2	0	A
I	3548844	C	M	26	2	7.14%	2	1	43	27	0.98	1	1	21	5	0	2	A
I	3548913	T	A	0	34	100%	0	2	0	47	0.98	0	1	0	0	14	20	A
I	3559049	G	K	55	28	33.73%	2	2	47	49	0.98	1	1	25	30	12	16	T
I	3571457	T	A	0	83	100%	0	2	0	43	0.98	0	1	0	0	27	56	A
I	3576756	T	Y	6	6	35.29%	2	2	49	40	0.98	1	1	4	2	5	1	C
I	3578367	A	W	25	2	7.41%	2	1	44	25	0.98	1	1	21	4	0	2	T
I	3580034	C	Y	21	3	7.69%	2	2	34	45	0.98	1	1	14	7	2	1	+T
I	3583106	G	A	0	145	100%	0	2	0	53	0.98	0	1	0	0	67	78	A
I	3597552	C	Y	31	2	6.06%	2	1	48	74	0.98	1	1	12	19	2	0	T
I	3618296	A	M	71	6	7.79%	2	1	44	27	0.98	1	1	51	20	0	6	C
I	3625197	G	K	60	4	6.25%	2	1	40	25	0.98	1	1	20	40	4	0	T
I	3634697	G	K	36	2	5.26%	2	1	40	25	0.98	1	1	10	26	2	0	T
I	3645815	C	M	50	5	9.09%	2	1	38	27	0.98	1	1	34	16	0	5	A
I	3645846	C	M	44	3	6.38%	2	1	38	30	0.98	1	1	30	14	0	3	A
I	3645862	G	K	40	3	6.98%	2	1	41	25	0.98	1	1	28	12	0	3	T
I	3645865	C	M	39	8	17.02%	2	1	41	31	0.98	1	1	32	7	0	8	A
I	3645880	A	M	42	6	12.5%	2	1	41	35	0.98	1	1	29	13	0	6	C
I	3646493	C	Y	60	4	6.25%	2	1	46	46	0.98	1	1	22	38	4	0	T
I	3660180	G	K	79	6	7.06%	2	1	41	29	0.98	1	1	64	15	0	6	T
I	3679396	C	Y	32	38	54.29%	2	2	52	49	0.98	1	1	23	9	17	21	T
I	3700378	A	W	55	3	5.17%	2	1	43	30	0.98	1	1	42	13	0	3	T
I	3705678	C	T	0	111	100%	0	2	0	47	0.98	0	1	0	0	50	61	T
I	3713561	T	K	25	2	7.41%	2	1	41	31	0.98	1	1	7	18	2	0	G
I	3761560	T	Y	211	34	13.88%	2	2	48	47	0.98	1	1	128	83	22	12	C
I	3761566	T	Y	203	36	15.06%	2	2	48	47	0.98	1	1	126	77	23	13	C
I	3779760	T	Y	79	5	5.95%	2	2	46	51	0.98	1	1	43	36	2	3	C
I	3780769	G	K	164	13	7.34%	2	1	47	61	0.98	1	1	74	90	13	0	T
I	3785928	A	W	4	2	33.33%	2	2	46	31	0.98	1	1	3	1	1	1	T
I	3786009	C	Y	15	11	42.31%	2	2	54	50	0.98	1	1	9	6	6	5	T
I	3846755	T	K	58	4	6.45%	2	1	40	29	0.98	1	1	13	45	4	0	G
I	3880402	T	Y	139	8	5.44%	2	2	45	37	0.98	1	1	45	94	4	4	C
I	3910598	G	K	62	8	11.43%	2	2	40	33	0.98	1	1	57	5	3	5	T
I	3910609	A	M	55	7	10.77%	2	1	43	28	0.98	1	1	43	12	0	7	C
I	3960538	G	S	61	4	6.15%	2	2	44	37	0.98	1	1	30	31	2	2	C
I	3983769	C	Y	340	18	5.03%	2	2	47	41	0.98	1	1	179	161	4	14	T
I	3984278	C	Y	266	34	11.33%	2	2	46	40	0.98	1	1	150	116	30	4	T
I	3992214	C	A	1	33	97.06%	1	2	25	37	0.98	1	1	1	0	6	27	A
I	3992218	T	W	46	4	8%	2	2	37	28	0.98	1	1	6	40	3	1	A
I	3993770	A	W	32	2	5.88%	2	1	47	33	0.98	1	1	18	14	0	2	T
I	3993796	G	K	30	2	6.25%	2	2	39	25	0.98	1	1	20	10	1	1	T
I	4063640	T	Y	199	11	5.19%	2	2	44	37	0.98	1	1	86	113	4	7	C
I	4063685	A	R	187	12	6%	2	2	45	34	0.98	1	1	74	113	6	6	G
I	4063876	T	Y	135	9	6.25%	2	2	45	37	0.98	1	1	67	68	7	2	C
I	4110230	T	Y	57	3	5%	2	1	39	49	0.98	1	1	18	39	3	0	C
I	4135196	T	Y	128	12	8.57%	2	2	45	37	0.98	1	1	60	68	3	9	C
I	4148810	A	M	22	2	8.33%	2	1	39	29	0.98	1	1	21	1	0	2	C
I	4158778	T	Y	28	2	6.67%	2	2	45	37	0.98	1	1	13	15	1	1	C
I	4179701	C	Y	11	2	8.7%	2	1	34	28	0.98	1	1	10	1	0	2	+T
I	4179730	A	W	32	2	5.88%	2	1	34	37	0.98	1	1	11	21	2	0	T
I	4202533	T	K	59	5	7.81%	2	1	38	33	0.98	1	1	17	42	5	0	G
I	4208136	C	Y	20	57	74.03%	2	2	42	43	0.98	1	1	7	13	31	26	T
I	4215152	A	W	50	3	5.66%	2	2	39	46	0.98	1	1	40	10	1	2	T
I	4215178	C	M	55	3	5.17%	2	1	41	30	0.98	1	1	47	8	0	3	A
I	4215187	A	M	57	3	5%	2	1	41	33	0.98	1	1	50	7	0	3	C
I	4221515	T	K	69	4	5.48%	2	1	42	31	0.98	1	1	26	43	4	0	G
I	4223376	C	M	40	3	6.98%	2	1	45	33	0.98	1	1	25	15	0	3	A
I	4223404	G	K	35	2	5.41%	2	1	39	31	0.98	1	1	25	10	0	2	T
I	4223419	G	K	33	2	5.71%	2	1	40	31	0.98	1	1	22	11	0	2	T
I	4268126	T	W	56	3	5.08%	2	1	46	23	0.98	1	1	17	39	3	0	A
I	4268143	G	K	64	10	13.51%	2	1	40	28	0.98	1	1	18	46	10	0	T
I	4268916	T	K	53	7	11.67%	2	1	40	35	0.98	1	1	9	44	7	0	G
I	4316464	T	Y	67	12	15.19%	2	2	47	45	0.98	1	1	30	37	11	1	C
I	4316518	G	R	69	4	5.48%	2	1	46	37	0.98	1	1	29	40	4	0	A
I	4316584	C	Y	88	6	6.38%	2	2	44	43	0.98	1	1	39	49	3	3	T
I	4316683	A	R	84	9	9.68%	2	2	46	38	0.98	1	1	46	38	5	4	G
I	4316710	T	Y	90	5	5.26%	2	2	44	35	0.98	1	1	51	39	3	2	C
I	4316962	T	Y	75	5	6.25%	2	1	45	39	0.98	1	1	41	34	0	5	C
I	4375421	A	T	1	76	98.7%	1	2	25	45	0.98	1	1	0	1	34	42	T
I	4381124	A	R	38	3	7.32%	2	1	41	37	0.98	1	1	19	19	0	3	G
I	4386268	G	R	17	2	5.71%	2	1	34	37	0.98	1	1	16	1	0	2	A
I	4395135	C	M	72	5	6.49%	2	1	44	29	0.98	1	1	50	22	0	5	A
I	4395197	A	M	43	3	6.52%	2	1	38	23	0.98	1	1	25	18	0	3	C
I	4414234	C	M	45	3	6.25%	2	1	43	30	0.98	1	1	22	23	0	3	A
I	4414753	C	M	30	3	9.09%	2	1	35	25	0.98	1	1	1	29	3	0	A
I	4442714	G	A	0	109	100%	0	2	0	48	0.98	0	1	0	0	33	76	A
I	4455149	G	R	5	4	16.67%	2	1	44	35	0.98	1	1	4	1	0	4	A
I	4455163	C	M	29	3	9.38%	2	2	41	29	0.98	1	1	2	27	2	1	A
I	4472197	C	M	74	6	7.5%	2	1	44	31	0.98	1	1	30	44	6	0	A
I	4472201	T	W	73	4	5.19%	2	1	43	31	0.98	1	1	29	44	4	0	A
I	4481413	A	W	27	3	10%	2	1	37	27	0.98	1	1	21	6	0	3	T
I	4481422	G	K	25	2	7.41%	2	1	44	22	0.98	1	1	20	5	0	2	T
I	4494388	T	Y	31	2	6.06%	2	1	42	33	0.98	1	1	16	15	2	0	C
I	4514479	A	W	49	3	5.77%	2	1	42	37	0.98	1	1	36	13	0	3	T
I	4582665	T	W	53	8	13.11%	2	1	38	28	0.98	1	1	9	44	8	0	A
I	4599624	C	M	42	3	6.67%	2	1	39	30	0.98	1	1	34	8	0	3	A
I	4604677	G	K	41	4	8.89%	2	1	39	29	0.98	1	1	4	37	4	0	T
I	4617374	C	S	60	4	6.25%	2	1	47	46	0.98	1	1	31	29	0	4	G
I	4625829	A	W	37	2	5.13%	2	2	43	37	0.98	1	1	25	12	1	1	T
I	4648160	G	T	3	50	94.34%	1	2	29	36	0.98	1	1	3	0	47	3	T
I	4657095	C	M	57	3	5%	2	1	41	27	0.98	1	1	43	14	0	3	A
I	4659470	T	W	57	3	5%	2	1	41	29	0.98	1	1	15	42	3	0	A
I	4716429	T	Y	125	9	6.72%	2	2	44	43	0.98	1	1	65	60	1	8	C
I	4716658	C	M	60	5	7.69%	2	1	42	26	0.98	1	1	38	22	0	5	A
I	4724176	G	R	56	4	6.67%	2	2	44	37	0.98	1	1	27	29	2	2	A
I	4760647	G	K	53	3	5.36%	2	1	41	27	0.98	1	1	22	31	0	3	T
I	4764253	G	R	18	5	5.56%	2	1	48	32	0.98	1	1	12	6	0	5	A
I	4785121	A	M	15	3	16.67%	2	1	37	33	0.98	1	1	13	2	0	3	C
I	4787203	T	K	57	4	6.56%	2	2	45	37	0.98	1	1	22	35	2	2	G
I	4813928	A	W	41	4	8.89%	2	2	46	37	0.98	1	1	18	23	2	2	T
I	4823683	A	M	90	7	7.22%	2	2	46	31	0.98	1	1	33	57	1	6	C
I	4854714	A	W	19	2	9.52%	2	1	43	25	0.98	1	1	8	11	2	0	T
I	4854723	C	M	20	2	9.09%	2	1	42	25	0.98	1	1	6	14	2	0	A
I	4885422	T	K	55	4	6.78%	2	2	45	39	0.98	1	1	19	36	3	1	G
I	4893945	A	M	49	4	7.41%	2	1	39	29	0.98	1	1	40	9	0	4	C
I	4911426	A	W	35	2	5.26%	2	1	36	31	0.98	1	1	33	2	0	2	T
I	4911430	A	W	36	3	7.69%	2	1	35	34	0.98	1	1	35	1	0	3	T
I	4911431	G	K	30	5	12.2%	2	1	36	35	0.98	1	1	29	1	0	5	T
I	4919603	A	G	0	146	100%	0	2	0	43	0.98	0	1	0	0	28	118	G
I	4965426	T	K	64	6	8.57%	2	1	45	28	0.98	1	1	22	42	6	0	G
I	5008229	G	K	47	3	6%	2	1	41	27	0.98	1	1	35	12	0	3	T
I	5010501	T	W	30	2	6.25%	2	1	42	25	0.98	1	1	10	20	0	2	A
I	5010511	A	M	29	2	6.45%	2	1	39	27	0.98	1	1	14	15	0	2	C
I	5036860	T	W	76	4	5%	2	1	43	27	0.98	1	1	64	12	0	4	A
I	5036862	A	M	76	7	8.43%	2	1	40	28	0.98	1	1	62	14	0	7	C
I	5046142	A	M	76	9	10.59%	2	2	48	38	0.98	1	1	37	39	5	4	C
I	5081297	G	K	70	10	12.5%	2	1	41	35	0.98	1	1	46	24	10	0	T
I	5081300	A	M	69	11	13.75%	2	1	41	37	0.98	1	1	45	24	11	0	C
I	5096386	C	M	37	2	5.13%	2	1	46	31	0.98	1	1	23	14	0	2	A
I	5096442	G	K	11	2	10%	2	2	39	31	0.98	1	1	10	1	1	1	-T
I	5136463	G	K	37	3	7.5%	2	1	41	26	0.98	1	1	32	5	0	3	T
I	5155539	G	K	35	2	5.41%	2	1	43	27	0.98	1	1	21	14	0	2	T
I	5173430	G	K	20	6	6.12%	2	1	46	35	0.98	1	1	16	4	0	6	+T
I	5176890	T	W	38	2	5%	2	1	40	23	0.98	1	1	15	23	0	2	A
I	5181101	G	K	48	3	5.88%	2	1	44	25	0.98	1	1	32	16	0	3	T
I	5181161	A	M	51	4	7.27%	2	1	47	34	0.98	1	1	26	25	0	4	C
I	5183077	T	K	33	2	5.71%	2	1	41	33	0.98	1	1	2	31	2	0	G
I	5271432	C	Y	16	2	9.52%	2	1	37	37	0.98	1	1	15	1	0	2	T
I	5271466	A	T	2	14	87.5%	1	1	25	35	0.98	1	1	0	2	0	14	T
I	5360671	T	K	33	7	17.5%	2	1	41	30	0.98	1	1	3	30	7	0	G
I	5360699	G	K	37	5	11.9%	2	1	36	32	0.98	1	1	5	32	5	0	T
I	5360733	C	M	35	2	5.41%	2	1	41	27	0.98	1	1	9	26	2	0	A
I	5368263	C	Y	17	3	15%	2	1	37	37	0.98	1	1	12	5	3	0	T
I	5400080	C	T	0	74	100%	0	2	0	46	0.98	0	1	0	0	37	37	T
I	5404383	T	K	53	3	5.36%	2	2	45	49	0.98	1	1	32	21	1	2	G
I	5445633	T	K	55	3	5.17%	2	1	44	29	0.98	1	1	25	30	3	0	G
I	5502698	C	M	35	2	5.41%	2	1	38	31	0.98	1	1	19	16	0	2	A
I	5517179	A	M	67	5	6.94%	2	1	46	37	0.98	1	1	34	33	0	5	C
I	5534392	A	R	45	3	6.25%	2	2	46	37	0.98	1	1	25	20	1	2	G
I	5562193	A	R	74	35	32.11%	2	2	48	44	0.98	1	1	38	36	23	12	G
I	5564815	C	M	31	5	13.89%	2	1	45	28	0.98	1	1	23	8	0	5	A
I	5569168	A	R	115	34	22.82%	2	2	46	49	0.98	1	1	52	63	9	25	G
I	5569182	A	W	131	26	16.56%	2	2	47	46	0.98	1	1	70	61	6	20	T
I	5570818	G	K	29	2	6.45%	2	1	39	27	0.98	1	1	23	6	0	2	T
I	5570950	T	K	27	4	12.9%	2	2	39	46	0.98	1	1	10	17	1	3	G
I	5572199	T	Y	132	7	5.04%	2	1	45	42	0.98	1	1	73	59	7	0	C
I	5572207	C	Y	132	8	5.71%	2	1	47	40	0.98	1	1	73	59	8	0	T
I	5572215	T	Y	130	9	6.47%	2	1	45	40	0.98	1	1	72	58	9	0	C
I	5572218	T	Y	129	9	6.47%	2	1	45	45	0.98	1	1	72	57	9	0	C
I	5573076	T	Y	228	17	6.94%	2	2	44	60	0.98	1	1	109	119	11	6	C
I	5573112	A	M	184	16	7.96%	2	2	43	55	0.98	1	1	119	65	8	8	C
I	5573123	T	Y	184	13	6.57%	2	2	42	51	0.98	1	1	111	73	8	5	C
I	5573198	T	Y	257	19	6.88%	2	2	50	52	0.98	1	1	111	146	8	11	C
I	5573210	G	R	271	19	6.55%	2	2	51	54	0.98	1	1	123	148	9	10	A
I	5573452	A	R	221	14	5.96%	2	2	50	52	0.98	1	1	101	120	6	8	G
I	5573598	T	Y	145	10	6.45%	2	2	42	54	0.98	1	1	65	80	7	3	C
I	5573661	G	R	136	10	6.85%	2	2	43	51	0.98	1	1	72	64	6	4	A
I	5573676	T	Y	142	16	10.13%	2	2	43	43	0.98	1	1	81	61	12	4	C
I	5573851	T	Y	139	11	7.33%	2	2	45	47	0.98	1	1	74	65	7	4	C
I	5573950	T	Y	148	10	6.33%	2	2	47	44	0.98	1	1	57	91	5	5	C
I	5576809	C	Y	27	43	61.43%	2	2	40	43	0.98	1	1	18	9	26	17	T
I	5579055	C	Y	20	9	31.03%	2	2	51	46	0.98	1	1	5	15	2	7	T
II	7207	T	Y	50	14	21.88%	2	2	42	44	0.98	1	1	29	21	10	4	C
II	12943	A	R	38	4	9.52%	2	2	50	43	0.98	1	1	18	20	2	2	G
II	15690	G	R	47	3	6%	2	1	44	37	0.98	1	1	18	29	3	0	A
II	15831	A	W	46	3	6%	2	1	41	30	0.98	1	1	22	24	0	3	T
II	23543	C	M	30	2	6.25%	2	1	43	31	0.98	1	1	21	9	0	2	A
II	42245	C	Y	50	3	5.66%	2	2	49	49	0.98	1	1	33	17	2	1	T
II	46913	T	W	30	3	7.32%	2	1	41	34	0.98	1	1	25	5	0	3	A
II	46943	G	R	45	3	6.25%	2	1	35	30	0.98	1	1	9	36	3	0	A
II	53240	T	W	45	5	10%	2	1	41	26	0.98	1	1	27	18	0	5	A
II	53249	A	M	35	13	27.08%	2	1	41	29	0.98	1	1	22	13	0	13	C
II	65372	C	Y	32	25	43.86%	2	2	47	44	0.98	1	1	18	14	10	15	T
II	78405	A	M	40	5	11.11%	2	1	37	28	0.98	1	1	37	3	0	5	C
II	105544	T	Y	98	16	14.04%	2	2	48	46	0.98	1	1	55	43	14	2	C
II	105829	C	Y	201	16	7.37%	2	2	50	52	0.98	1	1	101	100	6	10	T
II	105862	T	Y	197	25	11.21%	2	2	48	52	0.98	1	1	109	88	9	16	C
II	105874	T	Y	198	42	17.43%	2	2	49	48	0.98	1	1	112	86	23	19	C
II	105886	T	Y	194	52	21.14%	2	2	50	46	0.98	1	1	109	85	40	12	C
II	105889	C	Y	191	52	21.4%	2	2	50	46	0.98	1	1	107	84	40	12	T
II	105916	C	Y	212	50	19.08%	2	2	51	48	0.98	1	1	127	85	26	24	T
II	105931	A	W	203	20	8.97%	2	2	50	46	0.98	1	1	123	80	12	8	T
II	105934	T	K	213	19	8.19%	2	2	49	48	0.98	1	1	131	82	12	7	G
II	105936	T	W	215	20	8.51%	2	2	49	48	0.98	1	1	133	82	13	7	A
II	105973	T	Y	205	17	7.66%	2	2	49	55	0.98	1	1	111	94	7	10	C
II	105974	A	R	206	16	7.21%	2	2	49	57	0.98	1	1	112	94	7	9	G
II	106150	T	Y	172	15	8.02%	2	2	49	43	0.98	1	1	86	86	7	8	C
II	106156	A	W	167	16	8.74%	2	2	49	45	0.98	1	1	86	81	11	5	T
II	106174	T	Y	185	15	7.5%	2	2	48	44	0.98	1	1	97	88	10	5	C
II	106207	C	Y	179	19	9.6%	2	2	47	48	0.98	1	1	99	80	6	13	T
II	106414	C	Y	168	9	5.08%	2	2	47	49	0.98	1	1	66	102	5	4	T
II	106638	T	Y	133	14	9.52%	2	2	49	55	0.98	1	1	52	81	6	8	C
II	106762	A	R	83	10	10.75%	2	2	47	48	0.98	1	1	36	47	2	8	G
II	111414	C	Y	87	23	20.91%	2	2	48	51	0.98	1	1	50	37	18	5	T
II	111538	G	R	132	36	21.43%	2	2	48	44	0.98	1	1	94	38	35	1	A
II	111762	A	R	173	12	6.49%	2	2	47	46	0.98	1	1	81	92	5	7	G
II	111906	A	W	149	9	5.7%	2	2	41	49	0.98	1	1	72	77	5	4	T
II	111909	G	R	151	9	5.62%	2	2	43	52	0.98	1	1	67	84	5	4	A
II	112074	A	M	130	18	12.16%	2	2	44	43	0.98	1	1	78	52	2	16	C
II	112092	G	R	141	10	6.58%	2	2	43	40	0.98	1	1	82	59	9	1	A
II	112202	C	Y	166	10	5.68%	2	2	50	54	0.98	1	1	65	101	5	5	T
II	112203	G	R	168	9	5.08%	2	2	50	57	0.98	1	1	65	103	4	5	A
II	112240	T	W	169	10	5.59%	2	2	49	40	0.98	1	1	71	98	5	5	A
II	112242	C	M	170	10	5.56%	2	2	49	39	0.98	1	1	73	97	5	5	A
II	112245	A	W	160	10	5.88%	2	2	49	40	0.98	1	1	69	91	5	5	T
II	112260	A	R	184	27	12.8%	2	2	49	43	0.98	1	1	90	94	12	15	G
II	112287	A	R	180	18	9.09%	2	2	48	45	0.98	1	1	94	86	10	8	G
II	112290	G	R	179	19	9.6%	2	2	48	48	0.98	1	1	95	84	10	9	A
II	112302	G	R	185	27	12.68%	2	2	47	46	0.98	1	1	106	79	18	9	A
II	112314	G	R	184	19	9.36%	2	2	48	44	0.98	1	1	104	80	14	5	A
II	112347	A	R	150	24	13.79%	2	2	48	54	0.98	1	1	96	54	10	14	G
II	112368	G	R	135	29	17.68%	2	2	54	54	0.98	1	1	79	56	10	19	A
II	113233	C	M	34	2	5.56%	2	1	39	25	0.98	1	1	29	5	0	2	A
II	116547	G	K	43	3	6.52%	2	1	41	26	0.98	1	1	17	26	3	0	T
II	124497	G	R	40	3	6.98%	2	2	48	33	0.98	1	1	17	23	1	2	A
II	172637	A	M	93	5	5.1%	2	2	50	44	0.98	1	1	40	53	2	3	C
II	201581	G	K	41	3	6.82%	2	1	42	29	0.98	1	1	10	31	3	0	T
II	209292	G	K	43	4	8.51%	2	2	41	24	0.98	1	1	22	21	1	3	T
II	224356	G	R	51	25	32.89%	2	2	48	49	0.98	1	1	31	20	12	13	A
II	237134	C	M	52	3	5.45%	2	2	37	46	0.98	1	1	38	14	1	2	A
II	237180	A	M	46	6	11.54%	2	1	41	29	0.98	1	1	37	9	0	6	C
II	257487	C	Y	136	16	10.53%	2	2	48	46	0.98	1	1	85	51	9	7	T
II	257946	A	R	132	12	8.33%	2	2	50	58	0.98	1	1	43	89	6	6	G
II	266718	A	C	0	111	100%	0	2	0	43	0.98	0	1	0	0	37	74	C
II	266780	T	A	0	85	100%	0	2	0	47	0.98	0	1	0	0	44	41	A
II	276539	A	T	0	105	100%	0	2	0	44	0.98	0	1	0	0	43	62	T
II	306481	G	R	43	7	14%	2	2	41	37	0.98	1	1	28	15	4	3	A
II	391529	G	K	39	3	7.14%	2	1	41	29	0.98	1	1	10	29	3	0	T
II	396465	A	W	31	2	6.06%	2	1	37	27	0.98	1	1	4	27	2	0	T
II	396485	G	K	24	4	14.29%	2	1	36	28	0.98	1	1	4	20	4	0	T
II	449225	T	W	64	6	8.57%	2	2	49	37	0.98	1	1	41	23	3	3	A
II	457474	A	R	35	2	5.41%	2	1	41	37	0.98	1	1	20	15	0	2	G
II	503345	A	W	36	3	7.69%	2	1	44	27	0.98	1	1	21	15	0	3	T
II	503380	G	K	46	3	6.12%	2	1	42	29	0.98	1	1	26	20	0	3	T
II	519111	C	Y	53	24	31.17%	2	2	46	48	0.98	1	1	20	33	5	19	T
II	520658	G	K	35	2	5.41%	2	1	40	31	0.98	1	1	7	28	2	0	T
II	526951	C	Y	71	35	30.97%	2	2	46	53	0.98	1	1	23	48	13	22	T
II	526954	G	K	42	31	42.47%	2	2	50	44	0.98	1	1	15	27	8	23	T
II	526956	A	R	33	10	22.73%	2	2	53	37	0.98	1	1	13	20	3	7	G
II	527132	G	R	59	4	6.35%	2	1	42	37	0.98	1	1	15	44	0	4	A
II	527133	T	W	59	4	6.35%	2	1	45	37	0.98	1	1	18	41	0	4	A
II	529844	G	K	46	5	9.8%	2	1	40	29	0.98	1	1	24	22	5	0	T
II	529854	C	M	24	3	11.11%	2	1	39	25	0.98	1	1	18	6	3	0	A
II	529868	C	M	44	4	8.33%	2	1	34	25	0.98	1	1	25	19	4	0	A
II	529872	C	M	36	2	5.26%	2	1	33	25	0.98	1	1	30	6	0	2	A
II	529879	C	Y	48	3	5.88%	2	1	38	37	0.98	1	1	35	13	3	0	T
II	540584	A	W	55	4	6.78%	2	1	39	29	0.98	1	1	13	42	4	0	T
II	540603	C	M	50	5	9.09%	2	1	36	27	0.98	1	1	13	37	5	0	A
II	540640	G	K	58	4	6.45%	2	1	37	32	0.98	1	1	13	45	4	0	T
II	545719	A	M	52	3	5.45%	2	1	42	30	0.98	1	1	35	17	0	3	C
II	561041	C	M	34	2	5.56%	2	1	43	33	0.98	1	1	23	11	0	2	A
II	561057	G	K	20	2	9.09%	2	1	43	31	0.98	1	1	14	6	0	2	T
II	561062	G	K	23	3	11.54%	2	1	42	25	0.98	1	1	15	8	0	3	T
II	561065	A	W	19	4	17.39%	2	1	41	34	0.98	1	1	7	12	0	4	T
II	578621	G	K	26	13	33.33%	2	2	40	39	0.98	1	1	16	10	8	5	T
II	603280	T	A	0	5	100%	0	1	0	37	0.98	0	1	0	0	0	5	A
II	603306	C	A	0	2	100%	0	1	0	31	0.98	0	1	0	0	0	2	A
II	645094	G	K	31	2	6.06%	2	2	41	48	0.98	1	1	14	17	1	1	T
II	670397	C	M	68	113	62.43%	2	2	47	43	0.98	1	1	37	31	59	54	A
II	670436	A	W	62	75	54.74%	2	2	49	42	0.98	1	1	28	34	40	35	T
II	670439	C	S	60	68	53.12%	2	2	50	42	0.98	1	1	29	31	38	30	G
II	670658	A	R	82	47	36.43%	2	2	48	41	0.98	1	1	38	44	40	7	G
II	685728	G	A	0	72	100%	0	2	0	47	0.98	0	1	0	0	37	35	A
II	688988	A	R	215	13	5.7%	2	2	48	38	0.98	1	1	115	100	11	2	G
II	689137	C	S	205	11	5.05%	2	2	46	43	0.98	1	1	114	91	8	3	G
II	689330	T	Y	194	30	13.39%	2	2	44	39	0.98	1	1	78	116	15	15	C
II	689485	A	T	0	149	100%	0	2	0	38	0.98	0	1	0	0	85	64	T
II	689487	A	C	1	150	99.34%	1	2	25	38	0.98	1	1	0	1	88	62	C
II	689500	T	Y	148	12	7.5%	2	2	40	36	0.98	1	1	74	74	11	1	C
II	689578	T	Y	170	10	5.52%	2	2	43	33	0.98	1	1	80	90	3	7	C
II	689601	C	Y	165	14	7.82%	2	2	42	37	0.98	1	1	84	81	5	9	T
II	689686	T	Y	166	15	8.29%	2	2	42	39	0.98	1	1	87	79	10	5	C
II	689709	C	Y	162	14	7.91%	2	2	42	37	0.98	1	1	91	71	6	8	T
II	689752	T	Y	170	12	6.59%	2	2	45	37	0.98	1	1	81	89	10	2	C
II	689794	T	C	4	183	97.86%	2	2	55	44	0.98	1	1	3	1	88	95	C
II	689902	T	Y	218	14	6.03%	2	2	45	40	0.98	1	1	114	104	8	6	C
II	689925	C	Y	228	15	6.17%	2	2	44	38	0.98	1	1	131	97	8	7	T
II	689996	A	R	244	25	9.29%	2	2	46	38	0.98	1	1	140	104	14	11	G
II	690040	T	Y	217	41	15.89%	2	2	48	43	0.98	1	1	117	100	24	17	C
II	690112	T	Y	260	20	7.09%	2	2	48	39	0.98	1	1	116	144	10	10	C
II	690190	T	Y	259	19	6.83%	2	2	44	48	0.98	1	1	120	139	11	8	C
II	690283	C	Y	187	26	12.21%	2	2	46	38	0.98	1	1	88	99	11	15	T
II	690298	T	Y	217	12	5.24%	2	2	46	36	0.98	1	1	98	119	8	4	C
II	690321	C	Y	206	17	7.49%	2	2	45	37	0.98	1	1	105	101	8	9	T
II	690537	G	K	192	14	6.48%	2	2	46	36	0.98	1	1	119	73	5	9	T
II	690685	T	K	211	13	5.78%	2	2	48	39	0.98	1	1	107	104	6	7	G
II	690770	G	S	212	18	7.79%	2	2	46	44	0.98	1	1	100	112	10	8	C
II	690832	T	Y	225	13	5.46%	2	2	48	37	0.98	1	1	117	108	5	8	C
II	691113	C	Y	183	14	7.07%	2	2	41	36	0.98	1	1	105	78	7	7	T
II	691228	C	Y	195	13	6.25%	2	2	45	35	0.98	1	1	85	110	2	11	T
II	691234	T	Y	201	12	5.63%	2	2	45	35	0.98	1	1	88	113	4	8	C
II	691436	A	R	208	16	7.14%	2	2	47	39	0.98	1	1	103	105	11	5	G
II	691545	C	Y	197	12	5.74%	2	2	47	40	0.98	1	1	89	108	6	6	T
II	691560	T	Y	188	21	10.05%	2	2	48	40	0.98	1	1	90	98	11	10	C
II	691634	T	Y	180	15	7.69%	2	2	46	35	0.98	1	1	83	97	12	3	C
II	691660	T	Y	188	12	6%	2	2	45	36	0.98	1	1	94	94	6	6	C
II	692193	T	Y	79	15	15.96%	2	2	54	38	0.98	1	1	38	41	3	12	C
II	692195	G	K	79	15	15.46%	2	2	56	39	0.98	1	1	38	41	3	12	T
II	692272	C	Y	80	6	6.98%	2	2	48	41	0.98	1	1	27	53	4	2	T
II	692301	T	Y	63	8	11.11%	2	2	47	35	0.98	1	1	23	40	3	5	C
II	692303	C	S	50	9	12.86%	2	2	50	41	0.98	1	1	17	33	4	5	G
II	692303	C	Y	50	11	15.71%	2	2	50	35	0.98	1	1	17	33	5	6	T
II	692304	T	W	69	4	5.48%	2	2	47	37	0.98	1	1	26	43	2	2	A
II	692311	A	W	67	4	5.63%	2	2	44	39	0.98	1	1	28	39	2	2	T
II	692344	C	Y	49	5	9.26%	2	2	44	37	0.98	1	1	20	29	1	4	T
II	692350	C	Y	40	3	6.98%	2	2	45	49	0.98	1	1	17	23	2	1	T
II	692442	G	C	2	6	75%	1	2	37	37	0.98	1	1	0	2	3	3	C
II	692452	T	Y	10	2	16.67%	2	2	44	37	0.98	1	1	4	6	1	1	C
II	692458	T	Y	16	4	20%	2	2	43	37	0.98	1	1	9	7	1	3	C
II	692481	C	Y	17	2	10.53%	2	2	42	37	0.98	1	1	12	5	1	1	T
II	692496	C	Y	31	2	6.06%	2	1	45	37	0.98	1	1	15	16	2	0	T
II	692524	C	Y	35	3	7.89%	2	1	50	34	0.98	1	1	19	16	0	3	T
II	692530	C	Y	38	2	5%	2	1	52	37	0.98	1	1	19	19	0	2	T
II	692553	C	Y	33	7	17.07%	2	2	51	45	0.98	1	1	17	16	3	4	T
II	692555	T	K	38	5	11.63%	2	2	47	42	0.98	1	1	18	20	2	3	G
II	692596	T	Y	36	3	7.69%	2	2	53	37	0.98	1	1	17	19	2	1	C
II	692627	C	S	27	3	9.68%	2	2	47	37	0.98	1	1	6	21	2	1	G
II	692710	T	Y	5	9	64.29%	2	1	37	37	0.98	1	1	3	2	9	0	C
II	692776	C	Y	85	6	6.59%	2	2	49	39	0.98	1	1	51	34	4	2	T
II	692848	T	Y	154	13	7.74%	2	2	50	34	0.98	1	1	88	66	10	3	C
II	693028	T	Y	175	10	5.41%	2	2	45	40	0.98	1	1	95	80	7	3	C
II	693057	C	Y	188	11	5.53%	2	2	42	33	0.98	1	1	104	84	10	1	T
II	693106	T	Y	183	23	11.17%	2	2	42	39	0.98	1	1	95	88	15	8	C
II	693244	T	Y	223	16	6.67%	2	2	46	38	0.98	1	1	95	128	8	8	C
II	693388	T	Y	129	19	12.84%	2	2	42	39	0.98	1	1	47	82	8	11	C
II	693498	G	S	54	3	5.26%	2	2	36	37	0.98	1	1	39	15	2	1	C
II	693499	C	T	0	55	96.49%	0	2	0	36	0.98	0	1	0	0	40	15	T
II	693529	T	K	93	7	7%	2	2	38	37	0.98	1	1	63	30	4	3	G
II	693595	C	Y	140	11	7.28%	2	2	47	37	0.98	1	1	79	61	3	8	T
II	693820	T	Y	217	15	6.47%	2	2	46	39	0.98	1	1	117	100	6	9	C
II	693849	C	Y	225	13	5.44%	2	2	44	35	0.98	1	1	135	90	7	6	T
II	693921	C	Y	246	15	5.68%	2	2	42	35	0.98	1	1	151	95	7	8	T
II	693964	T	Y	280	29	9.35%	2	2	45	36	0.98	1	1	152	128	16	13	C
II	694144	T	Y	288	16	5.26%	2	2	48	41	0.98	1	1	114	174	11	5	C
II	694171	C	Y	245	25	9.16%	2	2	47	35	0.98	1	1	100	145	9	16	T
II	694209	C	Y	256	14	5.15%	2	2	45	39	0.98	1	1	114	142	9	5	T
II	694540	T	Y	220	12	5.17%	2	2	46	36	0.98	1	1	95	125	5	7	C
II	694612	C	Y	207	11	5.05%	2	2	43	36	0.98	1	1	73	134	6	5	T
II	694641	C	Y	191	16	7.73%	2	2	43	36	0.98	1	1	80	111	9	7	T
II	694684	T	Y	182	18	9%	2	2	41	38	0.98	1	1	83	99	10	8	C
II	694756	T	Y	167	16	8.74%	2	2	44	40	0.98	1	1	82	85	8	8	C
II	694821	C	Y	181	10	5.24%	2	2	47	34	0.98	1	1	89	92	5	5	T
II	694838	T	Y	178	14	7.29%	2	2	45	35	0.98	1	1	79	99	7	7	C
II	694936	C	Y	157	9	5.42%	2	2	47	38	0.98	1	1	60	97	2	7	T
II	694982	T	Y	143	18	11.18%	2	2	46	38	0.98	1	1	54	89	2	16	C
II	695188	T	Y	32	19	37.25%	2	2	52	37	0.98	1	1	17	15	1	18	C
II	695198	C	S	37	11	22.92%	2	1	51	37	0.98	1	1	21	16	0	11	G
II	695212	A	W	38	2	5%	2	1	52	37	0.98	1	1	21	17	0	2	T
II	695224	C	Y	36	2	5.26%	2	2	52	33	0.98	1	1	17	19	1	1	T
II	695226	C	S	30	2	6.25%	2	2	51	51	0.98	1	1	17	13	1	1	G
II	695260	C	Y	38	4	9.3%	2	2	57	55	0.98	1	1	24	14	1	3	T
II	695473	C	S	17	2	10.53%	2	2	47	37	0.98	1	1	13	4	1	1	G
II	695476	T	Y	19	2	9.52%	2	1	46	37	0.98	1	1	14	5	0	2	C
II	695536	A	W	36	2	5.26%	2	1	54	27	0.98	1	1	15	21	0	2	T
II	695554	T	Y	33	2	5.71%	2	1	54	37	0.98	1	1	13	20	2	0	C
II	695647	A	T	0	5	100%	0	2	0	37	0.98	0	1	0	0	2	3	T
II	695666	T	Y	6	4	40%	2	2	46	37	0.98	1	1	4	2	1	3	C
II	695692	T	Y	14	3	17.65%	2	2	44	37	0.98	1	1	5	9	2	1	C
II	695716	A	W	20	2	9.09%	2	2	41	37	0.98	1	1	9	11	1	1	T
II	695802	C	S	18	3	14.29%	2	2	39	37	0.98	1	1	7	11	1	2	G
II	695803	A	W	20	2	9.09%	2	1	40	37	0.98	1	1	8	12	0	2	T
II	695827	C	T	0	9	100%	0	1	0	46	0.98	0	1	0	0	0	9	T
II	695865	C	Y	13	4	23.53%	2	1	54	37	0.98	1	1	4	9	0	4	T
II	695867	T	K	16	2	10.53%	2	1	49	37	0.98	1	1	3	13	0	2	G
II	695908	T	Y	20	3	13.04%	2	1	50	37	0.98	1	1	6	14	0	3	C
II	695939	G	K	21	4	15.38%	2	1	54	34	0.98	1	1	8	13	0	4	T
II	695944	C	Y	20	5	20%	2	1	54	44	0.98	1	1	8	12	0	5	T
II	695968	T	W	20	3	13.04%	2	2	57	37	0.98	1	1	11	9	2	1	A
II	695970	G	S	22	2	8.33%	2	2	54	33	0.98	1	1	11	11	1	1	C
II	695975	C	S	25	2	7.41%	2	2	55	33	0.98	1	1	14	11	1	1	G
II	695980	T	Y	22	3	12%	2	2	48	49	0.98	1	1	11	11	1	2	C
II	695986	C	Y	19	6	24%	2	2	47	32	0.98	1	1	9	10	5	1	T
II	696011	G	S	24	3	11.11%	2	2	43	37	0.98	1	1	18	6	1	2	C
II	696018	C	S	25	3	10.71%	2	2	39	37	0.98	1	1	19	6	2	1	G
II	696019	A	W	23	4	14.81%	2	2	40	34	0.98	1	1	18	5	2	2	T
II	696045	C	Y	24	5	17.24%	2	2	46	37	0.98	1	1	17	7	3	2	T
II	696088	C	Y	27	2	6.9%	2	2	50	33	0.98	1	1	19	8	1	1	T
II	696160	C	Y	30	2	6.25%	2	1	52	31	0.98	1	1	17	13	0	2	T
II	696166	T	Y	25	3	10.71%	2	2	57	45	0.98	1	1	13	12	1	2	C
II	696196	C	Y	21	3	12.5%	2	1	59	38	0.98	1	1	12	9	0	3	T
II	696198	G	S	20	4	16.67%	2	2	61	46	0.98	1	1	10	10	2	2	C
II	696199	T	W	22	3	12%	2	2	55	37	0.98	1	1	10	12	2	1	A
II	696222	G	S	22	2	8.33%	2	1	52	24	0.98	1	1	12	10	0	2	C
II	696238	C	Y	21	3	12.5%	2	2	53	37	0.98	1	1	12	9	2	1	T
II	696261	C	Y	15	3	16.67%	2	2	45	37	0.98	1	1	7	8	2	1	T
II	696331	A	T	0	8	88.89%	0	2	0	37	0.98	0	1	0	0	4	4	T
II	696382	C	Y	21	4	16%	2	2	44	37	0.98	1	1	13	8	3	1	T
II	696405	T	Y	36	2	5.26%	2	1	39	37	0.98	1	1	28	8	0	2	C
II	696487	A	W	59	4	6.35%	2	2	58	30	0.98	1	1	30	29	1	3	T
II	696549	C	Y	48	3	5.88%	2	1	51	31	0.98	1	1	19	29	3	0	T
II	696562	C	Y	47	3	6%	2	2	48	37	0.98	1	1	21	26	2	1	T
II	696592	T	Y	26	2	7.14%	2	1	44	55	0.98	1	1	8	18	2	0	C
II	696619	A	T	0	5	83.33%	0	2	0	44	0.98	0	1	0	0	4	1	T
II	696638	T	Y	14	2	12.5%	2	2	46	37	0.98	1	1	7	7	1	1	C
II	696760	A	W	43	3	6.52%	2	1	47	37	0.98	1	1	29	14	3	0	T
II	696778	C	Y	38	2	5%	2	1	48	37	0.98	1	1	22	16	2	0	T
II	696796	A	W	36	6	14.29%	2	1	50	35	0.98	1	1	19	17	6	0	T
II	696798	C	S	36	6	14.29%	2	1	50	37	0.98	1	1	19	17	6	0	G
II	696803	G	S	31	5	13.89%	2	2	50	34	0.98	1	1	14	17	4	1	C
II	696808	C	Y	30	5	14.29%	2	1	50	34	0.98	1	1	11	19	5	0	T
II	696814	T	Y	34	3	8.11%	2	1	48	29	0.98	1	1	14	20	3	0	C
II	696868	A	W	18	4	18.18%	2	1	41	37	0.98	1	1	16	2	4	0	T
II	696870	C	S	16	4	20%	2	1	43	34	0.98	1	1	14	2	4	0	G
II	696875	C	S	9	22	70.97%	2	2	49	36	0.98	1	1	7	2	20	2	G
II	696880	C	Y	12	27	69.23%	2	2	49	35	0.98	1	1	9	3	25	2	T
II	696886	C	T	12	38	76%	2	2	52	38	0.98	1	1	9	3	33	5	T
II	696907	T	C	14	49	77.78%	2	2	50	40	0.98	1	1	11	3	38	11	C
II	696922	T	Y	72	4	5.26%	2	2	44	37	0.98	1	1	51	21	3	1	C
II	696945	C	Y	85	6	6.59%	2	2	46	37	0.98	1	1	58	27	1	5	T
II	697105	C	M	166	12	6.74%	2	2	49	37	0.98	1	1	98	68	9	3	A
II	697682	G	S	193	15	7.21%	2	2	45	36	0.98	1	1	92	101	6	9	C
II	699951	T	G	1	68	98.55%	1	2	37	48	0.98	1	1	1	0	27	41	G
II	699952	G	T	1	68	98.55%	1	2	25	48	0.98	1	1	1	0	27	41	T
II	699961	A	T	0	71	100%	0	2	0	48	0.98	0	1	0	0	27	44	T
II	700019	T	A	0	55	100%	0	2	0	41	0.98	0	1	0	0	16	39	A
II	700020	C	T	0	57	100%	0	2	0	41	0.98	0	1	0	0	16	41	T
II	700021	A	C	0	56	100%	0	2	0	42	0.98	0	1	0	0	16	40	C
II	700024	T	A	0	58	100%	0	2	0	42	0.98	0	1	0	0	17	41	A
II	700028	A	T	0	57	100%	0	2	0	41	0.98	0	1	0	0	17	40	T
II	700113	A	T	0	59	100%	0	2	0	48	0.98	0	1	0	0	32	27	T
II	782375	G	R	52	4	7.14%	2	1	42	33	0.98	1	1	46	6	0	4	A
II	782380	A	M	55	4	6.67%	2	1	38	27	0.98	1	1	49	6	0	4	C
II	789035	T	K	73	4	5.19%	2	1	44	31	0.98	1	1	21	52	4	0	G
II	819391	G	R	27	2	6.9%	2	1	33	29	0.98	1	1	2	25	2	0	A
II	837485	C	M	13	2	13.33%	2	1	38	31	0.98	1	1	3	10	2	0	A
II	847490	G	R	16	2	10%	2	2	38	33	0.98	1	1	11	5	1	1	A
II	847491	T	W	24	2	7.69%	2	1	39	31	0.98	1	1	13	11	2	0	A
II	859509	C	M	57	3	5%	2	1	43	34	0.98	1	1	31	26	0	3	A
II	869806	G	C	0	96	100%	0	2	0	42	0.98	0	1	0	0	48	48	C
II	879033	T	A	0	47	100%	0	2	0	45	0.98	0	1	0	0	19	28	A
II	889999	C	M	48	3	5.88%	2	1	40	25	0.98	1	1	18	30	3	0	A
II	923266	A	M	31	2	6.06%	2	1	42	37	0.98	1	1	24	7	0	2	C
II	923543	C	A	0	67	100%	0	2	0	51	0.98	0	1	0	0	36	31	A
II	943554	C	A	0	68	100%	0	2	0	46	0.98	0	1	0	0	39	29	A
II	944805	G	K	53	3	5.36%	2	1	41	30	0.98	1	1	45	8	0	3	T
II	953201	A	G	0	54	100%	0	2	0	44	0.98	0	1	0	0	18	36	G
II	967094	A	G	0	42	100%	0	2	0	42	0.98	0	1	0	0	23	19	G
II	968607	G	K	21	2	8.7%	2	2	45	25	0.98	1	1	9	12	1	1	T
II	997659	G	R	53	3	5.36%	2	2	46	30	0.98	1	1	30	23	2	1	A
II	997668	G	R	42	10	18.87%	2	2	45	35	0.98	1	1	23	19	8	2	A
II	997671	G	R	49	13	20.63%	2	2	45	35	0.98	1	1	25	24	10	3	A
II	1019511	A	W	9	2	18.18%	1	1	35	37	0.98	1	1	9	0	0	2	T
II	1019625	T	K	32	2	5.88%	2	1	38	31	0.98	1	1	2	30	2	0	G
II	1067379	G	R	72	4	5.26%	2	2	45	37	0.98	1	1	35	37	2	2	A
II	1074552	T	K	69	4	5.48%	2	1	37	29	0.98	1	1	9	60	4	0	G
II	1081688	T	K	37	3	7.5%	2	1	40	30	0.98	1	1	7	30	3	0	G
II	1081711	C	M	52	3	5.45%	2	1	43	46	0.98	1	1	22	30	3	0	A
II	1093589	G	K	38	3	7.32%	2	1	40	28	0.98	1	1	26	12	0	3	T
II	1102116	T	K	53	5	8.62%	2	1	38	28	0.98	1	1	8	45	5	0	G
II	1110472	G	K	33	2	5.71%	2	1	45	27	0.98	1	1	9	24	2	0	T
II	1115134	T	K	49	3	5.77%	2	1	37	29	0.98	1	1	2	47	3	0	G
II	1126590	C	M	35	2	5.41%	2	1	44	23	0.98	1	1	23	12	2	0	A
II	1143259	C	M	51	4	7.27%	2	1	42	31	0.98	1	1	31	20	0	4	A
II	1149971	G	K	64	5	7.25%	1	1	36	31	0.98	1	1	0	64	5	0	T
II	1149977	G	K	64	7	9.86%	2	1	37	31	0.98	1	1	2	62	7	0	T
II	1155903	T	A	0	84	100%	0	2	0	46	0.98	0	1	0	0	13	71	A
II	1159678	G	C	0	60	100%	0	2	0	42	0.98	0	1	0	0	30	30	C
II	1159694	A	T	0	58	100%	0	2	0	45	0.98	0	1	0	0	28	30	T
II	1163155	T	W	8	3	27.27%	2	2	50	37	0.98	1	1	2	6	1	2	A
II	1177139	G	K	37	2	5.13%	2	2	47	37	0.98	1	1	18	19	1	1	T
II	1195740	T	W	31	2	6.06%	2	2	48	37	0.98	1	1	17	14	1	1	A
II	1205223	T	K	40	3	6.98%	2	1	44	29	0.98	1	1	21	19	3	0	G
II	1205239	G	K	33	2	5.71%	2	1	42	33	0.98	1	1	16	17	2	0	T
II	1205273	C	M	55	4	6.78%	2	1	41	26	0.98	1	1	21	34	4	0	A
II	1217319	T	Y	52	5	8.77%	2	1	44	37	0.98	1	1	26	26	5	0	C
II	1277480	A	W	25	4	13.33%	2	1	37	35	0.98	1	1	24	1	0	4	T
II	1277481	G	K	11	7	21.88%	1	1	37	35	0.98	1	1	11	0	0	7	T
II	1277521	C	M	28	2	6.67%	2	1	39	25	0.98	1	1	1	27	2	0	A
II	1277527	G	K	27	2	6.9%	2	1	38	25	0.98	1	1	2	25	2	0	T
II	1277530	C	M	27	3	10%	2	1	39	25	0.98	1	1	1	26	3	0	A
II	1277544	C	M	28	2	6.67%	2	1	40	25	0.98	1	1	3	25	2	0	A
II	1300034	C	M	59	12	16.9%	2	2	40	46	0.98	1	1	29	30	5	7	A
II	1300043	C	M	60	17	22.08%	2	2	40	49	0.98	1	1	32	28	8	9	A
II	1300049	C	M	63	19	22.89%	2	2	41	50	0.98	1	1	33	30	11	8	A
II	1300055	G	R	67	16	19.05%	2	2	43	60	0.98	1	1	36	31	10	6	A
II	1300061	G	R	71	20	21.74%	2	2	42	57	0.98	1	1	39	32	13	7	A
II	1300067	G	R	74	17	18.48%	2	2	44	55	0.98	1	1	39	35	11	6	A
II	1300073	G	R	76	19	19.79%	2	2	44	56	0.98	1	1	44	32	12	7	A
II	1300079	T	W	66	25	26.88%	2	2	44	56	0.98	1	1	40	26	16	9	A
II	1300082	G	R	69	21	23.08%	2	2	45	54	0.98	1	1	44	25	14	7	A
II	1300103	C	M	87	18	17.14%	2	2	45	57	0.98	1	1	58	29	12	6	A
II	1300115	G	R	78	21	20.79%	2	2	44	63	0.98	1	1	55	23	14	7	A
II	1300121	C	M	76	22	22%	2	2	44	58	0.98	1	1	55	21	13	9	A
II	1300124	C	M	73	23	23.96%	2	2	45	59	0.98	1	1	53	20	14	9	A
II	1300130	C	M	75	21	21.88%	2	2	45	55	0.98	1	1	52	23	14	7	A
II	1308619	T	K	8	2	20%	2	1	54	37	0.98	1	1	4	4	2	0	G
II	1312277	G	K	24	3	11.11%	2	1	38	30	0.98	1	1	5	19	3	0	T
II	1312296	G	K	30	4	11.76%	2	1	38	30	0.98	1	1	3	27	4	0	T
II	1318778	G	K	49	5	9.26%	2	1	44	29	0.98	1	1	32	17	0	5	T
II	1323783	A	W	56	3	5.08%	2	1	39	28	0.98	1	1	26	30	0	3	T
II	1403439	C	M	71	7	8.97%	2	1	44	27	0.98	1	1	52	19	0	7	A
II	1413588	T	C	0	105	100%	0	2	0	49	0.98	0	1	0	0	53	52	C
II	1435474	A	W	38	3	7.32%	2	1	41	33	0.98	1	1	16	22	3	0	T
II	1484154	T	Y	52	4	7.14%	2	2	44	37	0.98	1	1	30	22	2	2	C
II	1510434	A	W	38	2	5%	2	1	40	27	0.98	1	1	8	30	2	0	T
II	1545027	C	M	21	2	5.56%	2	1	43	27	0.98	1	1	14	7	0	2	A
II	1555935	C	M	20	7	25.93%	2	2	39	33	0.98	1	1	13	7	6	1	A
II	1569457	A	M	40	3	6.98%	2	1	44	33	0.98	1	1	26	14	0	3	C
II	1586317	A	M	35	27	43.55%	2	2	40	47	0.98	1	1	24	11	18	9	C
II	1587640	A	R	46	4	8%	2	2	46	37	0.98	1	1	27	19	2	2	G
II	1588936	G	R	10	5	15.62%	2	1	39	37	0.98	1	1	9	1	0	5	A
II	1599330	A	W	61	13	17.57%	2	2	51	57	0.98	1	1	27	34	7	6	T
II	1599331	A	W	60	13	17.81%	2	2	51	58	0.98	1	1	26	34	7	6	T
II	1608906	T	Y	38	2	5%	2	1	45	37	0.98	1	1	11	27	2	0	C
II	1610744	G	R	179	34	15.96%	2	2	46	46	0.98	1	1	91	88	17	17	A
II	1613039	A	R	23	10	30.3%	2	2	45	48	0.98	1	1	7	16	3	7	G
II	1613045	A	R	25	4	13.79%	2	2	47	46	0.98	1	1	8	17	1	3	G
II	1621366	A	W	28	2	6.67%	2	1	45	29	0.98	1	1	11	17	0	2	T
II	1634837	T	Y	34	2	5.56%	2	1	47	29	0.98	1	1	28	6	0	2	C
II	1634843	T	Y	22	5	13.51%	2	2	47	50	0.98	1	1	18	4	4	1	C
II	1635004	A	M	94	7	6.93%	2	1	42	27	0.98	1	1	74	20	0	7	C
II	1637138	C	Y	191	45	19.07%	2	2	45	56	0.98	1	1	93	98	27	18	T
II	1644668	A	W	76	7	8.43%	2	2	47	58	0.98	1	1	27	49	3	4	T
II	1644669	A	W	73	7	8.64%	2	2	47	58	0.98	1	1	26	47	3	4	T
II	1672859	C	T	0	87	100%	0	2	0	46	0.98	0	1	0	0	43	44	T
II	1673002	G	C	0	88	100%	0	2	0	46	0.98	0	1	0	0	49	39	C
II	1678693	T	A	0	57	100%	0	2	0	41	0.98	0	1	0	0	35	22	A
II	1683324	T	G	0	123	100%	0	2	0	45	0.98	0	1	0	0	50	73	G
II	1697124	C	T	0	87	100%	0	2	0	51	0.98	0	1	0	0	47	40	T
II	1714689	A	M	74	6	7.5%	2	1	44	27	0.98	1	1	58	16	0	6	C
II	1716272	C	T	12	53	79.1%	2	2	38	39	0.98	1	1	4	8	31	22	T
II	1716273	T	Y	47	19	28.36%	2	2	38	39	0.98	1	1	19	28	2	17	C
II	1716288	G	T	1	51	98.08%	1	2	25	41	0.98	1	1	1	0	16	35	T
II	1716318	A	G	0	77	100%	0	2	0	41	0.98	0	1	0	0	19	58	G
II	1716320	T	G	0	81	100%	0	2	0	39	0.98	0	1	0	0	21	60	G
II	1716326	G	T	0	93	100%	0	2	0	43	0.98	0	1	0	0	33	60	T
II	1731339	C	Y	83	7	7.78%	2	2	46	37	0.98	1	1	31	52	4	3	T
II	1731371	A	R	69	5	6.76%	2	2	49	35	0.98	1	1	29	40	1	4	G
II	1753512	C	M	41	3	6.82%	2	1	38	30	0.98	1	1	15	26	3	0	A
II	1753551	C	M	50	3	5.66%	2	1	48	34	0.98	1	1	23	27	3	0	A
II	1776747	A	W	34	2	5.56%	2	1	42	25	0.98	1	1	27	7	0	2	T
II	1776751	A	W	33	2	5.71%	2	1	43	37	0.98	1	1	27	6	0	2	T
II	1784826	G	A	0	83	100%	0	2	0	46	0.98	0	1	0	0	53	30	A
II	1805261	G	K	35	2	5.41%	2	1	41	31	0.98	1	1	21	14	0	2	T
II	1805266	G	K	33	2	5.71%	2	1	40	31	0.98	1	1	20	13	0	2	T
II	1805303	G	K	19	3	13.64%	2	1	38	33	0.98	1	1	13	6	0	3	T
II	1805308	A	W	12	2	14.29%	2	1	41	31	0.98	1	1	10	2	0	2	T
II	1849671	C	M	36	2	5.26%	2	1	44	25	0.98	1	1	20	16	2	0	A
II	1849777	G	A	0	52	100%	0	2	0	43	0.98	0	1	0	0	30	22	A
II	1868122	G	K	17	4	8%	2	1	44	29	0.98	1	1	12	5	0	4	T
II	1873782	C	M	56	5	8.2%	2	1	41	34	0.98	1	1	30	26	0	5	A
II	1933060	G	K	43	3	6.52%	2	1	42	30	0.98	1	1	22	21	3	0	T
II	1939692	C	M	64	5	7.25%	2	2	40	27	0.98	1	1	45	19	1	4	A
II	1939707	G	K	50	3	5.66%	2	1	39	24	0.98	1	1	28	22	3	0	T
II	1951073	T	K	116	7	5.69%	2	1	43	29	0.98	1	1	34	82	7	0	G
II	1962419	T	A	0	160	100%	0	2	0	46	0.98	0	1	0	0	98	62	A
II	1962439	A	G	0	158	100%	0	2	0	46	0.98	0	1	0	0	98	60	G
II	1962458	T	A	0	152	100%	0	2	0	46	0.98	0	1	0	0	97	55	A
II	1987098	C	A	0	85	100%	0	2	0	44	0.98	0	1	0	0	55	30	A
II	2022922	G	K	20	2	9.09%	2	1	42	31	0.98	1	1	16	4	0	2	T
II	2022940	C	M	20	3	13.04%	2	1	44	26	0.98	1	1	16	4	0	3	A
II	2022969	G	R	11	4	20%	2	1	38	33	0.98	1	1	10	1	0	4	A
II	2037916	G	R	35	58	62.37%	2	2	51	45	0.98	1	1	14	21	35	23	A
II	2044929	A	T	0	82	100%	0	2	0	51	0.98	0	1	0	0	32	50	T
II	2065299	T	K	49	6	10.91%	2	1	42	29	0.98	1	1	22	27	6	0	G
II	2075792	A	M	50	4	7.41%	2	1	36	29	0.98	1	1	48	2	0	4	C
II	2076194	T	W	56	3	5.08%	2	1	44	25	0.98	1	1	23	33	3	0	A
II	2084578	G	R	85	10	10.53%	2	2	42	37	0.98	1	1	36	49	5	5	A
II	2090577	C	M	49	4	7.55%	2	2	37	36	0.98	1	1	42	7	1	3	A
II	2090581	G	K	48	3	5.88%	2	1	39	30	0.98	1	1	39	9	0	3	T
II	2090588	C	M	49	3	5.77%	2	1	39	25	0.98	1	1	40	9	0	3	A
II	2090606	A	M	50	3	5.66%	2	1	40	29	0.98	1	1	38	12	0	3	C
II	2115428	T	A	0	184	100%	0	2	0	45	0.98	0	1	0	0	82	102	A
II	2133801	T	Y	39	4	9.3%	2	2	38	36	0.98	1	1	16	23	1	3	C
II	2166770	T	W	38	4	9.52%	2	2	47	46	0.98	1	1	20	18	3	1	A
II	2218030	G	R	103	6	5.5%	2	2	52	55	0.98	1	1	49	54	1	5	A
II	2218101	T	Y	85	7	7.61%	2	2	47	37	0.98	1	1	40	45	3	4	C
II	2228775	T	G	1	68	98.55%	1	2	29	43	0.98	1	1	1	0	33	35	G
II	2228777	G	T	1	62	98.41%	1	2	29	44	0.98	1	1	1	0	29	33	T
II	2269460	T	K	33	2	5.71%	2	1	38	25	0.98	1	1	3	30	2	0	G
II	2269465	C	M	36	2	5.26%	2	1	40	25	0.98	1	1	2	34	2	0	A
II	2269477	C	M	38	2	5%	2	1	39	31	0.98	1	1	6	32	2	0	A
II	2317172	T	K	42	8	16%	2	1	42	27	0.98	1	1	10	32	8	0	G
II	2340837	C	M	25	2	7.41%	2	2	46	25	0.98	1	1	14	11	1	1	A
II	2360227	T	W	87	5	5.43%	2	1	42	25	0.98	1	1	19	68	5	0	A
II	2403176	T	Y	82	9	9.89%	2	2	46	56	0.98	1	1	38	44	5	4	C
II	2404888	G	K	31	2	6.06%	2	1	46	25	0.98	1	1	8	23	2	0	T
II	2421411	T	K	32	2	5.88%	1	1	39	31	0.98	1	1	0	32	2	0	G
II	2421422	T	K	35	2	5.41%	2	1	38	31	0.98	1	1	2	33	2	0	G
II	2436580	C	G	0	108	100%	0	2	0	47	0.98	0	1	0	0	40	68	G
II	2437553	T	W	149	9	5.7%	2	2	47	41	0.98	1	1	66	83	8	1	A
II	2437564	A	W	156	10	6.02%	2	2	46	35	0.98	1	1	72	84	9	1	T
II	2437567	T	Y	154	9	5.52%	2	2	48	37	0.98	1	1	69	85	8	1	C
II	2437570	T	W	160	11	6.43%	2	2	46	35	0.98	1	1	72	88	10	1	A
II	2437571	G	S	159	13	7.56%	2	2	47	37	0.98	1	1	69	90	12	1	C
II	2437612	A	W	218	72	24.83%	2	2	47	43	0.98	1	1	110	108	40	32	T
II	2437627	C	Y	159	142	47.18%	2	2	46	50	0.98	1	1	71	88	84	58	T
II	2437629	G	R	248	58	18.95%	2	2	50	47	0.98	1	1	121	127	39	19	A
II	2437646	G	R	251	96	27.67%	2	2	47	48	0.98	1	1	146	105	58	38	A
II	2437651	T	W	320	26	7.51%	2	2	50	34	0.98	1	1	184	136	21	5	A
II	2437655	G	R	329	21	6%	2	2	50	36	0.98	1	1	184	145	18	3	A
II	2437661	T	W	323	26	7.45%	2	2	51	36	0.98	1	1	174	149	21	5	A
II	2437666	T	Y	332	23	6.46%	2	2	50	34	0.98	1	1	181	151	17	6	C
II	2437684	T	W	237	123	34.17%	2	2	56	45	0.98	1	1	136	101	62	61	A
II	2437688	A	R	235	115	32.86%	2	2	57	45	0.98	1	1	132	103	59	56	G
II	2437720	A	W	349	27	7.18%	2	2	50	38	0.98	1	1	192	157	19	8	T
II	2437737	A	R	326	29	8.12%	2	2	48	38	0.98	1	1	182	144	14	15	G
II	2437769	A	W	284	53	15.73%	2	2	48	41	0.98	1	1	154	130	24	29	T
II	2437771	A	M	287	50	14.84%	2	2	48	40	0.98	1	1	152	135	23	27	C
II	2437780	A	W	292	19	6.11%	2	2	48	40	0.98	1	1	152	140	5	14	T
II	2437855	A	M	155	121	43.84%	2	2	45	49	0.98	1	1	72	83	44	77	C
II	2437918	T	Y	166	67	28.63%	2	2	48	51	0.98	1	1	76	90	23	44	C
II	2437936	A	W	192	46	19.33%	2	2	48	50	0.98	1	1	88	104	17	29	T
II	2437942	G	K	179	47	20.8%	2	2	49	51	0.98	1	1	83	96	19	28	T
II	2437951	C	Y	194	39	16.74%	2	2	50	49	0.98	1	1	86	108	11	28	T
II	2437970	G	R	207	26	11.16%	2	2	47	48	0.98	1	1	91	116	6	20	A
II	2437978	T	Y	193	18	8.53%	2	2	46	42	0.98	1	1	89	104	2	16	C
II	2437985	A	W	198	15	7.04%	2	2	47	41	0.98	1	1	89	109	2	13	T
II	2437987	A	M	197	13	6.19%	2	2	47	39	0.98	1	1	90	107	1	12	C
II	2443873	T	W	20	4	7.69%	2	1	39	31	0.98	1	1	19	1	0	4	A
II	2444543	T	C	0	128	100%	0	2	0	48	0.98	0	1	0	0	67	61	C
II	2488048	T	K	40	5	11.11%	2	1	42	33	0.98	1	1	11	29	5	0	G
II	2488051	A	W	44	3	6.38%	2	1	41	26	0.98	1	1	17	27	3	0	T
II	2488053	G	K	47	3	6%	2	1	40	29	0.98	1	1	19	28	3	0	T
II	2488076	T	W	40	3	6.98%	2	1	37	26	0.98	1	1	5	35	3	0	A
II	2508943	T	K	37	6	13.95%	2	1	39	31	0.98	1	1	7	30	6	0	G
II	2513166	T	W	87	6	6.45%	2	2	46	37	0.98	1	1	35	52	4	2	A
II	2523624	C	M	36	5	8.93%	2	1	37	32	0.98	1	1	33	3	0	5	A
II	2523665	T	W	37	2	5.13%	2	1	29	22	0.98	1	1	5	32	2	0	A
II	2528622	T	Y	73	4	5.19%	2	2	47	37	0.98	1	1	24	49	2	2	C
II	2579242	T	W	20	2	9.09%	2	1	42	25	0.98	1	1	11	9	0	2	A
II	2579282	A	M	23	3	11.54%	2	1	42	26	0.98	1	1	13	10	0	3	C
II	2579458	C	M	25	2	5.88%	2	2	40	31	0.98	1	1	13	12	1	1	A
II	2591913	T	W	27	3	5%	2	1	38	33	0.98	1	1	20	7	0	3	A
II	2619952	T	K	65	4	5.8%	2	2	45	37	0.98	1	1	33	32	2	2	G
II	2630607	C	M	10	8	14.29%	2	1	47	33	0.98	1	1	8	2	0	8	A
II	2635576	G	K	41	3	6.82%	2	1	45	32	0.98	1	1	25	16	0	3	T
II	2635581	C	M	38	2	5%	2	1	45	27	0.98	1	1	26	12	0	2	A
II	2651069	G	K	37	2	5.13%	2	1	42	25	0.98	1	1	13	24	2	0	T
II	2662075	G	K	46	4	8%	2	1	43	28	0.98	1	1	22	24	4	0	T
II	2663796	G	K	48	3	5.88%	2	1	47	23	0.98	1	1	27	21	0	3	T
II	2676336	C	T	1	48	97.96%	1	2	25	43	0.98	1	1	1	0	33	15	T
II	2677176	T	Y	37	2	5.13%	2	2	48	37	0.98	1	1	23	14	1	1	C
II	2694586	C	M	35	2	5.41%	2	1	41	27	0.98	1	1	15	20	2	0	A
II	2711194	T	K	34	2	5.56%	2	1	39	25	0.98	1	1	6	28	2	0	G
II	2729095	C	M	53	3	5.36%	2	1	42	26	0.98	1	1	26	27	0	3	A
II	2739955	C	M	50	3	5.66%	2	1	47	23	0.98	1	1	19	31	3	0	A
II	2739978	G	K	49	3	5.77%	2	1	44	25	0.98	1	1	18	31	3	0	T
II	2763579	G	K	56	4	6.67%	2	1	44	30	0.98	1	1	19	37	4	0	T
II	2770784	A	M	7	3	30%	2	1	39	29	0.98	1	1	6	1	0	3	C
II	2798704	C	M	43	3	6.52%	2	1	41	26	0.98	1	1	30	13	0	3	A
II	2798726	G	K	38	3	7.32%	2	1	43	25	0.98	1	1	28	10	0	3	T
II	2798731	A	W	40	3	6.98%	2	1	46	25	0.98	1	1	29	11	0	3	T
II	2798732	G	K	47	3	6%	2	1	43	25	0.98	1	1	29	18	0	3	T
II	2798745	A	W	39	3	7.14%	2	1	47	25	0.98	1	1	27	12	0	3	T
II	2803806	T	W	47	4	7.84%	2	1	41	26	0.98	1	1	21	26	4	0	A
II	2805964	A	M	70	4	5.41%	2	2	47	52	0.98	1	1	43	27	3	1	C
II	2805977	A	M	50	6	10.71%	2	1	40	29	0.98	1	1	26	24	0	6	C
II	2806053	G	A	0	86	100%	0	2	0	42	0.98	0	1	0	0	44	42	A
II	2811175	A	M	74	5	6.33%	2	1	42	32	0.98	1	1	42	32	0	5	C
II	2836238	A	M	55	9	14.06%	2	1	40	30	0.98	1	1	46	9	0	9	C
II	2901509	G	T	0	158	100%	0	2	0	43	0.98	0	1	0	0	54	104	T
II	2955111	C	M	52	8	13.33%	2	1	43	28	0.98	1	1	40	12	0	8	A
II	2955124	T	W	55	3	5.17%	2	1	47	25	0.98	1	1	37	18	0	3	A
II	2955127	A	M	51	5	8.93%	2	1	44	25	0.98	1	1	39	12	0	5	C
II	3006137	A	T	0	50	100%	0	2	0	43	0.98	0	1	0	0	26	24	T
II	3017563	C	M	61	6	8.96%	2	1	40	27	0.98	1	1	16	45	6	0	A
II	3107909	C	M	63	7	10%	2	2	50	37	0.98	1	1	31	32	3	4	A
II	3139607	G	K	18	2	10%	2	1	48	37	0.98	1	1	10	8	0	2	T
II	3139640	A	M	15	2	11.76%	2	1	40	37	0.98	1	1	8	7	0	2	C
II	3156756	T	K	38	2	5%	2	1	48	25	0.98	1	1	16	22	2	0	G
II	3163024	C	M	42	3	6.67%	2	1	43	26	0.98	1	1	13	29	3	0	A
II	3163035	G	K	44	3	6.38%	2	1	42	26	0.98	1	1	11	33	3	0	T
II	3171788	G	R	15	3	7.14%	2	1	37	34	0.98	1	1	14	1	0	3	A
II	3175867	A	W	27	2	6.9%	2	1	38	27	0.98	1	1	20	7	0	2	T
II	3175960	T	W	15	3	16.67%	2	2	43	37	0.98	1	1	5	10	1	2	A
II	3201171	T	K	64	5	7.25%	2	1	44	32	0.98	1	1	12	52	5	0	G
II	3266211	T	W	58	4	6.45%	2	1	42	25	0.98	1	1	17	41	4	0	A
II	3323853	T	K	45	4	8%	2	1	41	35	0.98	1	1	15	30	4	0	G
II	3323866	C	M	46	7	13.21%	2	1	36	26	0.98	1	1	11	35	7	0	A
II	3323879	G	K	53	3	5.36%	2	1	42	26	0.98	1	1	15	38	3	0	T
II	3339489	T	K	40	3	6.98%	2	1	44	31	0.98	1	1	8	32	3	0	G
II	3380529	T	K	74	4	5.13%	2	1	39	31	0.98	1	1	25	49	4	0	G
II	3460581	T	K	77	6	7.23%	2	1	42	30	0.98	1	1	8	69	6	0	G
II	3493049	G	K	28	2	6.67%	2	1	42	25	0.98	1	1	16	12	2	0	T
II	3501830	C	M	23	33	58.93%	2	2	48	47	0.98	1	1	14	9	16	17	A
II	3505724	C	M	57	3	5%	2	1	43	27	0.98	1	1	30	27	0	3	A
II	3508893	G	K	99	6	5.71%	2	2	46	37	0.98	1	1	44	55	3	3	T
II	3512964	G	K	30	2	6.25%	2	1	41	27	0.98	1	1	14	16	2	0	T
II	3528851	G	K	49	4	7.55%	2	1	39	27	0.98	1	1	37	12	0	4	T
II	3532158	G	K	32	2	5.71%	2	1	43	25	0.98	1	1	24	8	0	2	T
II	3532159	T	W	32	3	8.57%	2	1	41	26	0.98	1	1	24	8	0	3	A
II	3532163	A	M	31	3	8.82%	2	1	40	30	0.98	1	1	27	4	0	3	C
II	3545259	T	K	24	5	17.24%	2	1	42	29	0.98	1	1	8	16	5	0	G
II	3545268	G	K	26	2	7.14%	2	1	44	31	0.98	1	1	8	18	2	0	T
II	3545301	G	K	35	2	5.41%	2	1	40	27	0.98	1	1	5	30	2	0	T
II	3592183	C	Y	30	70	70%	2	2	45	52	0.98	1	1	11	19	24	46	T
II	3606915	T	K	27	2	6.9%	2	1	38	27	0.98	1	1	2	25	2	0	G
II	3639381	A	W	34	2	5.56%	2	1	39	31	0.98	1	1	20	14	0	2	T
II	3661757	T	W	25	2	7.41%	2	1	40	37	0.98	1	1	9	16	2	0	A
II	3704074	A	M	14	2	12.5%	2	1	35	31	0.98	1	1	11	3	0	2	C
II	3715149	G	R	20	2	6.9%	2	1	42	33	0.98	1	1	16	4	0	2	A
II	3769109	A	W	35	2	5.41%	2	1	41	31	0.98	1	1	21	14	0	2	T
II	3769110	G	K	36	2	5.26%	2	1	43	25	0.98	1	1	20	16	0	2	T
II	3769122	C	M	33	2	5.71%	2	1	42	27	0.98	1	1	20	13	0	2	A
II	3769193	A	M	24	5	17.24%	2	1	38	28	0.98	1	1	18	6	0	5	C
II	3777583	C	M	32	2	5.88%	2	1	37	27	0.98	1	1	2	30	2	0	A
II	3786591	G	K	49	3	5.77%	2	1	49	25	0.98	1	1	17	32	3	0	T
II	3799350	G	R	11	2	6.45%	2	1	42	37	0.98	1	1	9	2	0	2	A
II	3808390	C	S	46	4	8%	2	2	46	37	0.98	1	1	29	17	2	2	G
II	3815089	G	K	22	2	8.33%	2	1	38	27	0.98	1	1	3	19	2	0	T
II	3838898	G	K	57	3	5%	2	1	41	27	0.98	1	1	47	10	0	3	T
II	3840540	C	Y	52	4	7.14%	2	1	42	37	0.98	1	1	28	24	0	4	T
II	3845187	C	M	41	6	12.77%	2	1	38	30	0.98	1	1	38	3	0	6	A
II	3856894	C	M	64	4	5.88%	2	1	40	28	0.98	1	1	49	15	0	4	A
II	3860185	C	M	74	9	6.52%	2	2	49	39	0.98	1	1	22	52	8	1	A
II	3860190	A	M	64	25	28.09%	2	2	48	41	0.98	1	1	17	47	21	4	C
II	3861465	T	K	25	8	24.24%	2	1	36	31	0.98	1	1	2	23	8	0	G
II	3861515	T	K	19	4	17.39%	2	1	32	27	0.98	1	1	7	12	4	0	G
II	4037197	A	R	177	11	5.56%	2	2	44	41	0.98	1	1	76	101	5	6	G
II	4059190	G	K	52	3	5.45%	2	1	45	30	0.98	1	1	34	18	0	3	T
II	4073159	G	K	57	3	5%	2	1	52	37	0.98	1	1	29	28	0	3	T
II	4088678	G	K	74	4	5.13%	2	1	44	26	0.98	1	1	49	25	0	4	T
II	4107228	G	K	21	3	12.5%	2	1	39	25	0.98	1	1	15	6	0	3	T
II	4107235	G	K	27	2	6.9%	2	1	38	25	0.98	1	1	16	11	0	2	T
II	4107248	G	K	17	2	10%	2	1	36	37	0.98	1	1	12	5	0	2	T
II	4107253	G	K	4	12	48%	1	1	36	33	0.98	1	1	4	0	0	12	T
II	4122326	T	C	0	106	100%	0	2	0	48	0.98	0	1	0	0	57	49	C
II	4146878	A	W	52	3	5.45%	2	1	44	29	0.98	1	1	15	37	3	0	T
II	4190683	T	Y	112	7	5.88%	2	2	47	37	0.98	1	1	47	65	6	1	C
II	4202421	C	M	38	5	11.63%	2	1	44	27	0.98	1	1	34	4	0	5	A
II	4221250	A	W	17	2	10.53%	2	1	42	25	0.98	1	1	11	6	0	2	T
II	4221264	A	M	20	2	9.09%	2	1	35	25	0.98	1	1	12	8	0	2	C
II	4273577	A	R	78	5	6.02%	2	2	49	35	0.98	1	1	39	39	3	2	G
II	4301792	T	K	46	7	13.21%	2	1	41	30	0.98	1	1	13	33	7	0	G
II	4335379	G	K	59	4	6.35%	2	1	41	25	0.98	1	1	39	20	0	4	T
II	4338758	T	W	28	2	6.67%	2	1	37	25	0.98	1	1	21	7	0	2	A
II	4345274	T	K	33	3	8.33%	2	1	43	27	0.98	1	1	5	28	3	0	G
II	4400666	A	C	0	57	100%	0	2	0	43	0.98	0	1	0	0	23	34	C
II	4419876	C	M	22	2	8.33%	2	1	41	25	0.98	1	1	9	13	0	2	A
II	4419913	C	M	17	2	10.53%	2	1	38	37	0.98	1	1	13	4	0	2	A
II	4422919	A	R	129	7	5.15%	2	2	48	37	0.98	1	1	66	63	6	1	G
II	4452498	G	R	71	13	15.48%	2	2	44	56	0.98	1	1	38	33	7	6	A
II	4452500	C	Y	70	13	15.66%	2	2	47	59	0.98	1	1	35	35	6	7	T
II	4452524	A	R	83	6	6.74%	2	2	51	55	0.98	1	1	45	38	3	3	G
II	4452526	T	K	80	7	8.05%	2	2	50	56	0.98	1	1	44	36	3	4	G
II	4452534	C	Y	83	6	6.74%	2	2	49	55	0.98	1	1	44	39	3	3	T
II	4452538	T	K	79	6	7.06%	2	2	49	61	0.98	1	1	40	39	3	3	G
II	4452542	C	Y	83	5	5.68%	2	2	50	59	0.98	1	1	40	43	3	2	T
II	4452598	G	R	96	6	5.88%	2	2	52	59	0.98	1	1	41	55	2	4	A
II	4452629	T	Y	90	7	7.22%	2	2	50	52	0.98	1	1	35	55	3	4	C
II	4453785	A	W	52	3	5.45%	2	2	44	37	0.98	1	1	20	32	1	2	T
II	4459014	G	R	85	6	6.59%	2	2	44	49	0.98	1	1	47	38	2	4	A
II	4485006	G	R	41	4	8.89%	2	2	44	37	0.98	1	1	20	21	2	2	A
II	4497010	A	R	79	5	5.95%	2	2	44	34	0.98	1	1	44	35	4	1	G
II	4497110	G	K	53	6	9.38%	2	2	41	31	0.98	1	1	42	11	1	5	T
II	4497276	T	Y	55	6	9.84%	2	1	41	37	0.98	1	1	27	28	0	6	C
II	4500023	T	Y	42	4	8.7%	2	1	45	46	0.98	1	1	25	17	0	4	C
II	4505717	A	R	53	12	18.46%	2	2	42	50	0.98	1	1	29	24	6	6	G
II	4507767	T	W	144	8	5.26%	2	2	48	50	0.98	1	1	63	81	5	3	A
II	4513966	A	R	122	33	21.29%	2	2	44	40	0.98	1	1	53	69	10	23	G
II	4513980	A	W	129	29	18.35%	2	2	46	40	0.98	1	1	67	62	10	19	T
II	4515616	G	K	40	4	9.09%	2	2	38	30	0.98	1	1	32	8	1	3	T
II	4515621	C	M	26	3	7.89%	2	1	37	30	0.98	1	1	22	4	0	3	A
II	4515749	T	K	23	26	53.06%	2	2	45	37	0.98	1	1	6	17	5	21	G
II	4517047	T	Y	127	25	9.47%	2	2	46	36	0.98	1	1	59	68	13	12	C
II	4518027	T	Y	430	23	5.08%	2	2	48	56	0.98	1	1	148	282	14	9	C
II	4518134	C	Y	291	17	5.52%	2	1	44	43	0.98	1	1	99	192	0	17	T
II	4518139	T	Y	303	24	7.32%	2	2	45	46	0.98	1	1	101	202	8	16	C
II	4518273	T	Y	206	13	5.94%	2	2	47	45	0.98	1	1	91	115	2	11	C
II	4518281	A	R	211	13	5.8%	2	2	47	45	0.98	1	1	100	111	2	11	G
II	4518393	T	Y	173	12	6.49%	2	2	44	49	0.98	1	1	58	115	6	6	C
II	4518427	T	Y	149	14	8.59%	2	2	46	52	0.98	1	1	74	75	8	6	C
II	4518435	T	Y	143	9	5.92%	2	2	47	53	0.98	1	1	66	77	6	3	C
II	4518490	G	R	144	11	7.1%	2	2	47	39	0.98	1	1	72	72	6	5	A
II	4518505	T	Y	140	9	6.04%	2	2	46	39	0.98	1	1	78	62	7	2	C
II	4518515	T	Y	133	13	8.9%	2	2	47	43	0.98	1	1	77	56	10	3	C
II	4518532	C	Y	139	11	7.33%	2	2	45	50	0.98	1	1	84	55	3	8	T
II	4518680	T	Y	152	11	6.75%	2	2	42	47	0.98	1	1	80	72	4	7	C
II	4518726	A	R	152	13	7.88%	2	2	44	39	0.98	1	1	92	60	6	7	G
II	4521636	C	Y	25	30	54.55%	2	2	37	38	0.98	1	1	10	15	23	7	T
II	4523882	C	Y	90	75	45.45%	2	2	48	45	0.98	1	1	48	42	53	22	T
II	4525822	C	Y	41	22	34.92%	2	2	42	38	0.98	1	1	23	18	2	20	T
II	4525894	C	Y	41	11	21.15%	2	1	42	35	0.98	1	1	12	29	0	11	T
II	4525966	C	Y	49	25	33.78%	2	2	46	42	0.98	1	1	23	26	15	10	T
II	4527879	G	S	84	30	26.32%	2	2	44	41	0.98	1	1	50	34	18	12	C
II	4527881	C	Y	65	34	34.34%	2	2	40	42	0.98	1	1	47	18	17	17	T
II	4529116	T	Y	119	219	64.79%	2	2	49	49	0.98	1	1	55	64	113	106	C
II	4529869	A	R	175	14	7.41%	2	2	46	45	0.98	1	1	78	97	4	10	G
II	4529896	G	R	180	12	6.25%	2	2	45	52	0.98	1	1	70	110	6	6	A
II	4529911	T	Y	183	13	6.63%	2	2	47	45	0.98	1	1	89	94	5	8	C
II	4529965	A	R	88	96	52.17%	2	2	50	48	0.98	1	1	38	50	41	55	G
II	4529973	G	R	188	10	5.05%	2	2	49	51	0.98	1	1	73	115	7	3	A
II	4530119	C	Y	226	15	6.22%	2	2	51	44	0.98	1	1	144	82	2	13	T
II	4530797	C	Y	135	43	24.16%	2	2	48	41	0.98	1	1	71	64	27	16	T
II	4531033	G	S	103	98	48.76%	2	2	46	44	0.98	1	1	54	49	55	43	C
II	4531092	G	R	110	117	51.54%	2	2	46	46	0.98	1	1	67	43	64	53	A
II	4531414	T	Y	168	250	59.81%	2	2	44	46	0.98	1	1	119	49	168	82	C
II	4531492	A	R	382	51	11.78%	2	2	49	36	0.98	1	1	223	159	27	24	G
II	4531592	G	R	177	190	51.77%	2	2	44	45	0.98	1	1	96	81	71	119	A
II	4531749	C	Y	192	115	37.46%	2	2	45	40	0.98	1	1	77	115	59	56	T
II	4531764	A	R	182	123	40.33%	2	2	43	42	0.98	1	1	73	109	65	58	G
II	4532088	G	K	153	172	52.92%	2	2	46	48	0.98	1	1	90	63	107	65	T
II	4533394	T	Y	206	192	48.24%	2	2	45	46	0.98	1	1	69	137	85	107	C
II	4533451	T	Y	179	167	48.27%	2	2	42	45	0.98	1	1	60	119	76	91	C
II	4533598	G	R	211	142	40.23%	2	2	44	43	0.98	1	1	132	79	75	67	A
II	4533617	A	R	230	157	40.46%	2	2	46	46	0.98	1	1	132	98	79	78	G
II	4533636	C	Y	192	221	53.51%	2	2	50	49	0.98	1	1	95	97	102	119	T
II	4533744	T	Y	275	208	43.06%	2	2	45	49	0.98	1	1	121	154	110	98	C
II	4533922	G	R	308	220	41.67%	2	2	44	45	0.98	1	1	136	172	99	121	A
II	4533994	T	Y	283	311	52.36%	2	2	44	44	0.98	1	1	165	118	184	127	C
II	4534246	C	M	529	35	6.21%	2	2	45	51	0.98	1	1	253	276	19	16	A
II	4534498	A	M	360	138	27.71%	2	2	45	45	0.98	1	1	205	155	76	62	C
II	4536550	C	M	429	160	27.16%	2	2	45	41	0.98	1	1	257	172	104	56	A
II	4536728	A	R	638	42	5.39%	2	2	47	39	0.98	1	1	274	364	40	2	G
II	4537214	T	Y	644	200	23.7%	2	2	49	51	0.98	1	1	371	273	117	83	C
II	4537402	A	R	588	39	6.22%	2	2	48	45	0.98	1	1	302	286	12	27	G
II	4538027	A	R	608	46	7.03%	2	2	48	52	0.98	1	1	371	237	33	13	G
II	4538036	G	K	604	310	33.92%	2	2	47	56	0.98	1	1	422	182	229	81	T
II	4538038	A	R	602	364	37.68%	2	2	46	55	0.98	1	1	431	171	276	88	G
II	4538047	G	R	1122	129	10.31%	2	2	51	51	0.98	1	1	830	292	100	29	A
II	4538048	C	Y	765	482	38.65%	2	2	48	55	0.98	1	1	567	198	360	122	T
II	4538052	A	R	660	608	47.87%	2	2	47	55	0.98	1	1	484	176	457	151	G
II	4538065	G	R	1178	122	9.38%	2	2	52	50	0.98	1	1	850	328	96	26	A
II	4538091	T	Y	871	424	32.17%	2	2	47	59	0.98	1	1	569	302	261	163	C
II	4538114	A	R	656	150	18.61%	2	2	46	44	0.98	1	1	432	224	22	128	G
II	4538115	G	K	666	150	18.38%	2	2	46	45	0.98	1	1	441	225	22	128	T
II	4538116	G	R	673	149	18.13%	2	2	46	44	0.98	1	1	445	228	22	127	A
II	4538118	G	R	656	149	18.49%	2	2	46	45	0.98	1	1	436	220	23	126	A
II	4538122	G	S	669	148	18.12%	2	2	48	45	0.98	1	1	415	254	22	126	C
II	4538125	A	W	699	150	17.67%	2	2	48	44	0.98	1	1	447	252	22	128	T
II	4538126	C	S	708	150	17.48%	2	2	48	45	0.98	1	1	445	263	22	128	G
II	4538128	A	R	697	149	17.61%	2	2	48	45	0.98	1	1	434	263	22	127	G
II	4538164	A	W	817	185	18.46%	2	2	50	40	0.98	1	1	527	290	12	173	T
II	4538203	A	W	856	69	7.45%	2	2	51	43	0.98	1	1	367	489	10	59	T
II	4538216	A	W	872	69	7.33%	2	2	51	43	0.98	1	1	369	503	10	59	T
II	4538238	T	K	934	68	6.79%	2	2	51	42	0.98	1	1	415	519	10	58	G
II	4538244	A	R	932	65	6.52%	2	2	50	41	0.98	1	1	415	517	10	55	G
II	4538591	G	R	225	12	5.06%	2	2	46	46	0.98	1	1	145	80	10	2	A
III	5850	A	M	2078	264	10.95%	2	1	38	31	0.98	1	1	1909	169	0	264	C
III	16720	A	M	1999	280	11.86%	2	1	38	31	0.98	1	1	1826	173	0	280	C
III	29067	T	Y	62	4	6.06%	2	2	52	55	0.98	1	1	43	19	1	3	C
III	29071	A	R	64	5	7.25%	2	2	52	59	0.98	1	1	42	22	2	3	G
III	29133	A	R	61	6	8.96%	2	2	50	74	0.98	1	1	39	22	5	1	G
III	29151	T	Y	50	4	7.41%	2	2	50	52	0.98	1	1	31	19	1	3	C
III	29156	C	M	51	4	7.27%	2	2	49	55	0.98	1	1	33	18	1	3	A
III	29172	T	Y	43	3	6.52%	2	2	48	40	0.98	1	1	28	15	1	2	C
III	29175	A	M	41	3	6.82%	2	2	47	49	0.98	1	1	26	15	1	2	C
III	29180	T	Y	38	3	7.32%	2	2	46	41	0.98	1	1	21	17	1	2	C
III	32885	T	K	48	5	9.43%	2	2	48	66	0.98	1	1	22	26	3	2	G
III	32890	G	R	48	4	7.69%	2	2	49	71	0.98	1	1	23	25	2	2	A
III	33004	T	Y	77	20	20.62%	2	2	47	64	0.98	1	1	50	27	8	12	C
III	33006	C	S	78	19	19.59%	2	2	47	64	0.98	1	1	50	28	8	11	G
III	50641	T	W	46	3	6.12%	2	1	41	26	0.98	1	1	22	24	0	3	A
III	50688	A	M	35	2	5.41%	2	1	41	31	0.98	1	1	21	14	0	2	C
III	88643	G	K	55	3	5.17%	2	1	41	29	0.98	1	1	33	22	0	3	T
III	88683	G	K	53	5	8.62%	2	1	43	27	0.98	1	1	33	20	0	5	T
III	88701	A	M	63	6	8.7%	2	1	43	27	0.98	1	1	37	26	0	6	C
III	112854	T	Y	71	4	5.33%	2	2	44	35	0.98	1	1	35	36	3	1	C
III	123340	N	A	0	70	100%	0	2	0	40	0.98	0	1	0	0	20	50	A
III	127807	C	M	55	3	5.17%	2	1	42	25	0.98	1	1	22	33	3	0	A
III	146622	G	R	34	77	69.37%	2	2	49	49	0.98	1	1	13	21	44	33	A
III	158655	A	R	47	4	7.84%	2	2	44	55	0.98	1	1	19	28	1	3	G
III	172230	T	Y	79	18	18.56%	2	2	46	47	0.98	1	1	56	23	5	13	C
III	178917	T	K	37	3	7.5%	2	1	36	34	0.98	1	1	3	34	3	0	G
III	184523	A	R	53	3	5.36%	2	2	47	49	0.98	1	1	29	24	1	2	G
III	212002	C	M	23	2	8%	2	1	33	28	0.98	1	1	3	20	2	0	A
III	212014	G	K	36	4	10%	2	1	38	28	0.98	1	1	4	32	4	0	T
III	212031	C	M	35	3	7.89%	2	1	35	29	0.98	1	1	5	30	3	0	A
III	212033	T	W	38	4	9.52%	2	1	35	28	0.98	1	1	4	34	4	0	A
III	212034	C	M	37	5	11.9%	2	1	36	25	0.98	1	1	4	33	5	0	A
III	212679	T	K	123	15	10.87%	2	2	49	53	0.98	1	1	75	48	3	12	G
III	212882	C	Y	128	7	5.19%	2	2	48	47	0.98	1	1	62	66	4	3	T
III	212887	C	Y	128	7	5.15%	2	2	48	45	0.98	1	1	57	71	4	3	T
III	212888	C	S	131	7	5.07%	2	2	48	47	0.98	1	1	58	73	4	3	G
III	213629	T	Y	115	8	6.5%	2	2	46	44	0.98	1	1	68	47	7	1	C
III	213635	C	Y	124	8	6.06%	2	2	48	55	0.98	1	1	76	48	7	1	T
III	220353	G	S	48	3	5.88%	2	1	46	37	0.98	1	1	27	21	0	3	C
III	227078	A	R	100	7	6.54%	2	2	48	56	0.98	1	1	51	49	4	3	G
III	227730	A	T	0	118	100%	0	2	0	46	0.98	0	1	0	0	60	58	T
III	227769	T	Y	122	7	5.43%	2	2	45	35	0.98	1	1	60	62	6	1	C
III	227776	T	Y	123	8	6.11%	2	2	46	37	0.98	1	1	63	60	6	2	C
III	227779	C	M	120	8	6.25%	2	2	46	37	0.98	1	1	60	60	6	2	A
III	227780	A	R	121	8	6.2%	2	2	46	35	0.98	1	1	60	61	6	2	G
III	227825	C	S	135	9	6.25%	2	2	46	50	0.98	1	1	74	61	3	6	G
III	227826	A	R	135	9	6.25%	2	2	45	49	0.98	1	1	75	60	2	7	G
III	228170	A	R	147	15	9.26%	2	2	47	54	0.98	1	1	71	76	3	12	G
III	233231	G	S	63	4	5.97%	2	1	45	37	0.98	1	1	36	27	4	0	C
III	233233	G	R	63	4	5.97%	2	1	46	34	0.98	1	1	37	26	4	0	A
III	233239	T	K	60	4	6.25%	2	1	44	37	0.98	1	1	35	25	4	0	G
III	237335	T	K	38	2	5%	2	1	48	31	0.98	1	1	20	18	2	0	G
III	254009	G	K	52	3	5.45%	2	1	49	31	0.98	1	1	27	25	3	0	T
III	260301	G	K	29	2	6.45%	2	1	40	25	0.98	1	1	15	14	2	0	T
III	265281	C	M	82	6	6.82%	2	1	42	30	0.98	1	1	61	21	0	6	A
III	284657	C	A	0	34	100%	0	2	0	50	0.98	0	1	0	0	20	14	A
III	346257	G	K	28	2	6.67%	2	1	46	25	0.98	1	1	20	8	2	0	T
III	360201	A	M	37	4	9.52%	2	1	40	30	0.98	1	1	35	2	0	4	C
III	391121	T	W	59	4	6.35%	2	2	46	46	0.98	1	1	30	29	1	3	A
III	434607	G	R	29	2	6.45%	2	1	46	37	0.98	1	1	16	13	2	0	A
III	435601	A	M	49	3	5.77%	2	1	44	26	0.98	1	1	38	11	0	3	C
III	481109	T	Y	56	4	6.67%	2	2	47	37	0.98	1	1	20	36	2	2	C
III	532155	G	K	38	2	5%	2	1	47	31	0.98	1	1	25	13	2	0	T
III	575066	T	W	37	2	5.13%	2	1	51	37	0.98	1	1	23	14	0	2	A
III	619167	G	K	32	2	5.88%	2	1	42	31	0.98	1	1	4	28	2	0	T
III	623450	G	K	33	2	5.71%	2	1	38	31	0.98	1	1	25	8	0	2	T
III	623456	G	K	29	2	6.45%	2	1	38	25	0.98	1	1	21	8	0	2	T
III	623496	G	K	27	2	6.9%	2	1	40	25	0.98	1	1	22	5	0	2	T
III	623500	G	K	24	2	7.69%	2	1	40	25	0.98	1	1	20	4	0	2	T
III	623519	C	M	20	2	9.09%	2	1	37	33	0.98	1	1	18	2	0	2	A
III	623537	C	M	15	14	48.28%	2	1	39	33	0.98	1	1	13	2	0	14	A
III	664519	A	M	44	3	6.38%	2	1	38	30	0.98	1	1	41	3	0	3	C
III	684154	T	K	33	2	5.71%	2	1	42	31	0.98	1	1	14	19	2	0	G
III	684182	G	K	34	2	5.56%	2	1	42	31	0.98	1	1	13	21	2	0	T
III	684199	G	K	39	5	11.36%	2	1	43	32	0.98	1	1	11	28	5	0	T
III	704321	C	M	26	2	7.14%	2	1	40	31	0.98	1	1	20	6	0	2	A
III	704332	C	M	25	2	7.41%	2	1	41	31	0.98	1	1	20	5	0	2	A
III	714156	G	K	35	2	5.41%	2	1	43	25	0.98	1	1	19	16	0	2	T
III	719971	G	T	0	11	100%	0	2	0	40	0.98	0	1	0	0	1	10	T
III	719976	G	A	0	10	100%	0	2	0	34	0.98	0	1	0	0	1	9	A
III	719978	G	A	0	10	100%	0	2	0	37	0.98	0	1	0	0	1	9	A
III	719979	A	T	0	9	100%	0	2	0	37	0.98	0	1	0	0	1	8	T
III	719981	G	T	0	10	100%	0	2	0	35	0.98	0	1	0	0	1	9	T
III	719985	G	T	0	9	100%	0	2	0	37	0.98	0	1	0	0	1	8	T
III	719987	G	T	0	9	100%	0	2	0	35	0.98	0	1	0	0	1	8	T
III	719988	A	T	0	10	100%	0	2	0	34	0.98	0	1	0	0	1	9	T
III	719990	G	T	0	10	100%	0	2	0	34	0.98	0	1	0	0	1	9	T
III	719991	A	T	0	9	100%	0	2	0	35	0.98	0	1	0	0	1	8	T
III	720001	C	T	0	21	100%	0	2	0	45	0.98	0	1	0	0	6	15	T
III	790585	T	W	98	6	5.77%	2	1	43	33	0.98	1	1	53	45	6	0	A
III	790589	C	S	107	7	6.14%	2	1	43	35	0.98	1	1	58	49	7	0	G
III	795302	G	K	56	4	6.67%	2	1	42	29	0.98	1	1	13	43	4	0	T
III	806210	C	S	37	2	5.13%	2	1	44	37	0.98	1	1	22	15	0	2	G
III	827275	G	K	20	3	13.04%	2	1	46	33	0.98	1	1	4	16	3	0	T
III	833259	T	K	49	5	9.26%	2	1	42	28	0.98	1	1	13	36	5	0	G
III	874468	G	K	27	2	6.9%	2	1	42	25	0.98	1	1	14	13	0	2	T
III	933375	T	W	27	2	6.9%	2	1	38	31	0.98	1	1	7	20	2	0	A
III	936750	A	W	18	2	10%	2	1	43	25	0.98	1	1	5	13	2	0	T
III	963343	A	G	2	241	99.18%	1	2	37	46	0.98	1	1	0	2	98	143	G
III	966171	C	M	55	7	11.29%	2	1	45	29	0.98	1	1	23	32	7	0	A
III	966218	C	M	84	5	5.62%	2	1	43	25	0.98	1	1	28	56	5	0	A
III	970570	C	M	28	2	6.67%	2	1	37	25	0.98	1	1	4	24	2	0	A
III	981310	A	M	23	2	8%	2	1	39	33	0.98	1	1	22	1	0	2	C
III	1009849	G	K	87	5	5.43%	2	2	48	37	0.98	1	1	49	38	2	3	T
III	1084286	G	K	142	66	31.73%	2	2	49	45	0.98	1	1	79	63	27	39	T
III	1101736	A	W	37	2	5.13%	2	1	44	37	0.98	1	1	18	19	2	0	T
III	1103423	T	W	43	6	6.52%	2	1	41	31	0.98	1	1	32	11	0	6	A
III	1108581	A	M	81	7	7.95%	2	1	42	28	0.98	1	1	69	12	0	7	C
III	1114661	C	M	118	45	27.61%	2	2	49	45	0.98	1	1	45	73	24	21	A
III	1116926	A	M	56	4	6.67%	2	2	50	55	0.98	1	1	24	32	1	3	C
III	1121421	C	M	123	51	29.31%	2	2	49	46	0.98	1	1	49	74	24	27	A
III	1123686	A	M	52	8	13.33%	2	2	48	44	0.98	1	1	12	40	3	5	C
III	1126853	A	G	0	5	100%	0	2	0	37	0.98	0	1	0	0	1	4	G
III	1128181	C	M	148	62	29.52%	2	2	48	41	0.98	1	1	58	90	28	34	A
III	1134941	C	M	135	58	30.05%	2	2	49	48	0.98	1	1	56	79	26	32	A
III	1141226	C	M	24	2	7.69%	2	1	51	27	0.98	1	1	12	12	0	2	A
III	1141287	A	W	24	5	17.24%	2	1	47	28	0.98	1	1	17	7	0	5	T
III	1168328	T	C	0	49	100%	0	2	0	39	0.98	0	1	0	0	38	11	C
III	1168363	G	R	12	27	69.23%	2	2	38	48	0.98	1	1	8	4	18	9	A
III	1225893	G	K	75	5	6.25%	2	1	47	31	0.98	1	1	20	55	5	0	T
III	1252503	G	K	71	7	8.97%	2	1	38	33	0.98	1	1	57	14	0	7	T
III	1252505	G	K	47	14	17.07%	2	1	36	32	0.98	1	1	43	4	0	14	T
III	1270419	A	W	71	5	6.58%	2	2	46	71	0.98	1	1	26	45	2	3	T
III	1291121	A	R	49	4	7.55%	2	2	47	37	0.98	1	1	32	17	2	2	G
III	1309219	T	W	38	2	5%	2	1	53	23	0.98	1	1	20	18	2	0	A
III	1320948	A	R	35	2	5.41%	2	2	46	37	0.98	1	1	11	24	1	1	G
III	1374938	A	T	0	63	100%	0	2	0	45	0.98	0	1	0	0	38	25	T
III	1392355	G	K	32	2	5.88%	2	1	42	31	0.98	1	1	14	18	0	2	T
III	1392368	G	K	35	2	5.41%	2	1	41	25	0.98	1	1	17	18	0	2	T
III	1392404	A	W	40	3	6.98%	2	1	41	25	0.98	1	1	25	15	0	3	T
III	1395427	A	W	12	2	14.29%	2	1	34	25	0.98	1	1	2	10	2	0	T
III	1395445	G	K	13	2	13.33%	2	1	34	31	0.98	1	1	3	10	2	0	T
III	1395456	A	W	10	2	16.67%	2	1	35	31	0.98	1	1	1	9	2	0	T
III	1432012	T	K	37	4	9.76%	2	1	42	25	0.98	1	1	13	24	4	0	G
III	1432014	G	K	35	2	5.41%	2	1	43	27	0.98	1	1	11	24	2	0	T
III	1432023	C	M	35	2	5.41%	2	1	41	31	0.98	1	1	10	25	2	0	A
III	1432028	G	K	37	2	5.13%	2	1	41	25	0.98	1	1	11	26	2	0	T
III	1439790	A	M	26	8	23.53%	2	1	39	32	0.98	1	1	24	2	0	8	C
III	1446760	C	M	49	4	7.55%	2	1	42	32	0.98	1	1	18	31	0	4	A
III	1451631	A	M	93	7	7%	2	1	42	32	0.98	1	1	55	38	0	7	C
III	1471961	G	K	64	4	5.88%	2	1	44	27	0.98	1	1	43	21	0	4	T
III	1471987	A	M	52	3	5.45%	2	1	43	25	0.98	1	1	41	11	0	3	C
III	1493950	A	R	217	77	26.19%	2	2	45	49	0.98	1	1	73	144	48	29	G
III	1494129	T	K	337	103	23.41%	2	2	46	42	0.98	1	1	166	171	32	71	G
III	1494164	A	R	218	91	29.45%	2	2	46	44	0.98	1	1	105	113	23	68	G
III	1494181	A	W	224	82	26.8%	2	2	46	43	0.98	1	1	92	132	21	61	T
III	1494187	T	W	237	67	21.97%	2	2	45	41	0.98	1	1	92	145	17	50	A
III	1494192	G	R	236	49	17.19%	2	2	46	40	0.98	1	1	90	146	12	37	A
III	1494282	G	R	230	200	46.51%	2	2	47	38	0.98	1	1	90	140	70	130	A
III	1494303	G	R	215	120	35.82%	2	2	47	39	0.98	1	1	96	119	36	84	A
III	1494306	A	W	207	119	36.5%	2	2	45	39	0.98	1	1	85	122	36	83	T
III	1494312	A	R	219	114	34.23%	2	2	47	40	0.98	1	1	100	119	30	84	G
III	1494315	A	R	221	109	33.03%	2	2	47	40	0.98	1	1	105	116	30	79	G
III	1494318	A	R	215	111	33.94%	2	2	47	40	0.98	1	1	105	110	29	82	G
III	1494327	T	K	191	104	35.14%	2	2	47	40	0.98	1	1	96	95	28	76	G
III	1499389	C	Y	169	22	11.52%	2	2	44	38	0.98	1	1	85	84	10	12	T
III	1499390	A	W	170	22	11.46%	2	2	44	40	0.98	1	1	86	84	10	12	T
III	1516003	T	K	18	5	21.74%	2	1	39	28	0.98	1	1	2	16	5	0	G
III	1545908	C	M	40	3	6.98%	2	1	38	29	0.98	1	1	8	32	3	0	A
III	1545936	G	K	41	3	6.67%	2	1	41	26	0.98	1	1	11	30	3	0	T
III	1545954	T	W	41	3	6.82%	2	1	40	25	0.98	1	1	15	26	3	0	A
III	1546929	T	K	30	3	9.09%	2	1	36	33	0.98	1	1	6	24	3	0	G
III	1575928	A	W	36	2	5.26%	2	1	41	31	0.98	1	1	24	12	0	2	T
III	1575933	C	M	27	2	6.9%	2	1	37	25	0.98	1	1	20	7	0	2	A
III	1577242	A	W	38	2	5%	2	1	41	29	0.98	1	1	32	6	0	2	T
III	1647333	C	M	59	4	6.35%	2	1	42	27	0.98	1	1	28	31	4	0	A
III	1649186	C	M	52	3	5.45%	2	1	38	30	0.98	1	1	38	14	0	3	A
III	1649192	A	M	47	4	7.84%	2	1	39	29	0.98	1	1	40	7	0	4	C
III	1700191	T	Y	117	7	5.65%	2	2	48	32	0.98	1	1	65	52	2	5	C
III	1703542	G	R	43	3	5.08%	2	1	41	28	0.98	1	1	40	3	0	3	A
III	1717329	T	K	30	4	11.76%	2	1	45	28	0.98	1	1	11	19	4	0	G
III	1717339	G	K	25	3	10.71%	2	1	37	29	0.98	1	1	4	21	3	0	T
III	1717347	C	M	29	2	6.45%	2	1	38	29	0.98	1	1	3	26	2	0	A
III	1729684	T	K	35	3	7.89%	2	1	39	33	0.98	1	1	7	28	3	0	G
III	1756401	A	T	0	2	100%	0	2	0	37	0.98	0	1	0	0	1	1	T
III	1765401	G	T	0	142	100%	0	2	0	49	0.98	0	1	0	0	73	69	T
III	1821969	C	M	35	2	5.41%	2	1	37	22	0.98	1	1	15	20	2	0	A
III	1868310	T	K	41	5	10.87%	2	1	39	34	0.98	1	1	16	25	5	0	G
III	1894020	C	Y	64	4	5.88%	2	2	43	37	0.98	1	1	33	31	3	1	T
III	1933941	G	K	51	3	5.56%	2	1	48	30	0.98	1	1	28	23	0	3	T
III	1933963	C	M	35	2	5.41%	2	1	45	27	0.98	1	1	22	13	0	2	A
III	1991962	T	Y	28	2	6.67%	2	1	39	37	0.98	1	1	19	9	0	2	C
III	2006989	T	W	32	2	5.88%	2	1	42	37	0.98	1	1	18	14	2	0	A
III	2009668	G	K	25	2	7.41%	2	1	39	31	0.98	1	1	22	3	0	2	T
III	2009685	A	M	32	2	5.88%	2	1	41	25	0.98	1	1	21	11	0	2	C
III	2013805	T	K	47	7	12.96%	2	1	41	31	0.98	1	1	12	35	7	0	G
III	2028201	A	M	71	7	8.97%	2	1	42	30	0.98	1	1	58	13	0	7	C
III	2067829	G	R	30	3	9.09%	1	1	36	33	0.98	1	1	30	0	3	0	A
III	2074510	C	Y	30	3	7.69%	2	2	38	33	0.98	1	1	21	9	1	2	-T
III	2132694	C	M	68	6	8.11%	2	2	47	37	0.98	1	1	29	39	3	3	A
III	2150591	T	K	61	10	14.08%	2	1	40	28	0.98	1	1	5	56	10	0	G
III	2158928	A	R	374	115	23.52%	2	2	54	36	0.98	1	1	178	196	7	108	G
III	2170487	G	K	68	4	5.56%	2	2	44	37	0.98	1	1	37	31	2	2	T
III	2201471	T	K	72	6	7.69%	2	1	43	26	0.98	1	1	32	40	6	0	G
III	2201482	G	K	65	6	8.45%	2	2	43	26	0.98	1	1	30	35	2	4	T
III	2202540	T	W	54	4	6.9%	2	1	40	31	0.98	1	1	43	11	0	4	A
III	2202541	C	M	51	6	10.53%	2	1	39	29	0.98	1	1	41	10	0	6	A
III	2202552	A	M	55	4	6.78%	2	1	42	29	0.98	1	1	37	18	0	4	C
III	2228032	A	M	31	3	8.82%	2	1	41	29	0.98	1	1	24	7	0	3	C
III	2262686	T	Y	37	2	5.13%	2	2	42	37	0.98	1	1	21	16	1	1	C
III	2279204	T	K	32	2	5.88%	2	1	42	37	0.98	1	1	12	20	2	0	G
III	2283735	G	K	41	5	10.87%	2	1	37	25	0.98	1	1	6	35	5	0	T
III	2284360	A	W	56	5	8.2%	2	1	40	28	0.98	1	1	35	21	0	5	T
III	2287903	A	M	46	4	8%	2	1	40	33	0.98	1	1	36	10	0	4	C
III	2308732	C	M	44	3	6.25%	2	1	45	33	0.98	1	1	22	22	3	0	A
III	2308734	C	M	46	4	8%	2	1	45	37	0.98	1	1	22	24	4	0	A
III	2309254	G	R	22	44	66.67%	2	2	47	45	0.98	1	1	11	11	23	21	A
III	2311269	T	W	36	2	5.26%	2	1	43	27	0.98	1	1	16	20	2	0	A
III	2381979	G	T	0	43	100%	0	2	0	43	0.98	0	1	0	0	25	18	T
III	2430628	G	A	0	52	100%	0	2	0	44	0.98	0	1	0	0	21	31	A
III	2430999	C	Y	24	3	11.11%	2	2	48	34	0.98	1	1	14	10	2	1	T
III	2431133	G	K	51	11	17.74%	2	2	51	57	0.98	1	1	22	29	6	5	T
III	2431152	T	K	66	12	15.38%	2	2	55	50	0.98	1	1	29	37	8	4	G
III	2435063	C	M	58	9	13.43%	2	2	52	50	0.98	1	1	29	29	4	5	A
III	2439901	A	R	84	12	12.5%	2	1	44	37	0.98	1	1	27	57	0	12	G
III	2440586	A	R	78	6	7.14%	2	2	50	37	0.98	1	1	34	44	2	4	G
III	2447413	T	K	268	29	9.76%	2	1	39	29	0.98	1	1	33	235	29	0	G
III	2447423	C	Y	245	18	6.82%	2	2	38	47	0.98	1	1	12	233	5	13	T
III	2447603	G	K	605	67	9.97%	2	2	45	36	0.98	1	1	430	175	66	1	T
III	2447807	C	S	562	105	15.74%	2	2	41	44	0.98	1	1	333	229	89	16	G
III	2447996	C	M	424	87	16.7%	2	2	43	36	0.98	1	1	122	302	1	86	A
III	2448065	A	R	352	24	6.38%	2	2	45	36	0.98	1	1	191	161	1	23	G
III	2448198	T	Y	256	26	9.22%	2	2	41	44	0.98	1	1	127	129	19	7	C
III	2448311	A	W	41	6	12.77%	2	1	37	35	0.98	1	1	34	7	0	6	T
III	2448544	T	W	407	617	60.2%	2	2	48	49	0.98	1	1	174	233	343	274	A
III	2450790	A	R	88	7	7.37%	2	1	40	37	0.98	1	1	26	62	0	7	G
III	2451475	A	R	77	5	6.1%	2	2	52	42	0.98	1	1	30	47	2	3	G
