Chrom	Position	Ref	Cons	Reads1	Reads2	VarFreq	Strands1	Strands2	Qual1	Qual2	Pvalue	MapQual1	MapQual2	Reads1Plus	Reads1Minus	Reads2Plus	Reads2Minus	VarAllele
chr_II_telomeric_gap	4787	G	A	0	231	100%	0	2	0	40	0.98	0	1	0	0	112	119	A
chr_II_telomeric_gap	8577	A	M	116	7	5.69%	2	1	38	30	0.98	1	1	49	67	7	0	C
chr_II_telomeric_gap	10519	A	M	122	7	5.43%	2	1	39	24	0.98	1	1	13	109	7	0	C
I	224	G	R	344	123	26.34%	2	2	40	39	0.98	1	1	313	31	109	14	A
I	459	C	M	256	498	66.05%	2	2	39	39	0.98	1	1	131	125	265	233	A
I	783	T	Y	307	527	63.19%	2	2	40	39	0.98	1	1	165	142	261	266	C
I	798	G	R	529	309	36.87%	2	2	40	39	0.98	1	1	257	272	160	149	A
I	955	C	Y	477	305	39%	2	2	39	40	0.98	1	1	206	271	138	167	T
I	1055	T	Y	653	152	18.88%	2	2	40	39	0.98	1	1	352	301	85	67	C
I	1133	A	R	503	313	38.36%	2	2	39	40	0.98	1	1	299	204	171	142	G
I	1455	C	Y	541	326	37.6%	2	2	40	39	0.98	1	1	217	324	150	176	T
I	1514	C	S	530	321	37.72%	2	2	39	39	0.98	1	1	256	274	178	143	G
I	1750	G	R	619	138	18.23%	2	2	39	40	0.98	1	1	324	295	62	76	A
I	2224	C	Y	581	207	26.27%	2	2	40	40	0.98	1	1	321	260	121	86	T
I	2582	T	Y	538	330	38.02%	2	2	39	39	0.98	1	1	247	291	162	168	C
I	3431	A	R	466	298	39.01%	2	2	40	39	0.98	1	1	241	225	150	148	G
I	4666	G	R	632	140	18.13%	2	2	39	39	0.98	1	1	335	297	77	63	A
I	4668	C	S	632	139	18.03%	2	2	39	39	0.98	1	1	337	295	77	62	G
I	5676	T	K	317	19	5.65%	2	1	38	33	0.98	1	1	200	117	0	19	G
I	6280	A	R	378	26	6.44%	2	1	38	29	0.98	1	1	42	336	26	0	G
I	6281	A	R	361	69	16.05%	2	1	38	30	0.98	1	1	23	338	69	0	G
I	6398	G	R	255	32	10.88%	2	1	37	27	0.98	1	1	253	2	0	32	A
I	6401	T	Y	345	28	7.51%	2	1	36	26	0.98	1	1	288	57	0	28	C
I	6402	G	R	299	53	15.06%	2	1	36	29	0.98	1	1	268	31	0	53	A
I	6583	G	R	422	146	25.7%	2	2	40	39	0.98	1	1	217	205	60	86	A
I	6727	G	R	467	148	24.07%	2	2	40	41	0.98	1	1	235	232	64	84	A
I	6912	A	M	432	26	5.68%	2	1	40	39	0.98	1	1	203	229	0	26	C
I	7209	C	M	261	21	7.45%	2	1	37	30	0.98	1	1	53	208	21	0	A
I	8666	G	R	237	249	51.23%	2	2	39	39	0.98	1	1	107	130	119	130	A
I	10913	G	R	180	226	55.67%	2	2	39	40	0.98	1	1	91	89	128	98	A
I	14053	A	M	181	11	5.73%	2	1	39	28	0.98	1	1	69	112	11	0	C
I	17069	T	K	160	10	5.88%	2	1	38	28	0.98	1	1	117	43	0	10	G
I	18218	G	R	265	30	10.17%	2	1	39	40	0.98	1	1	151	114	30	0	A
I	18318	G	R	272	17	5.88%	2	1	40	39	0.98	1	1	148	124	17	0	A
I	18475	C	Y	253	31	10.92%	2	1	40	39	0.98	1	1	103	150	0	31	T
I	20568	A	W	89	5	5.26%	2	2	39	38	0.98	1	1	13	76	4	1	T
I	20579	A	M	110	7	5.98%	2	1	38	33	0.98	1	1	26	84	7	0	C
I	29373	T	Y	180	12	5.94%	2	2	40	40	0.98	1	1	53	127	1	11	C
I	39824	G	R	45	18	28.57%	2	1	40	40	0.98	1	1	29	16	0	18	A
I	71675	A	M	126	7	5.26%	2	1	39	26	0.98	1	1	37	89	7	0	C
I	96878	C	Y	125	9	6.72%	2	1	38	27	0.98	1	1	8	117	9	0	T
I	97850	T	K	4	2	33.33%	1	1	40	40	0.98	1	1	0	4	2	0	G
I	206477	C	Y	81	6	6.9%	2	1	39	34	0.98	1	1	33	48	6	0	T
I	221907	T	K	146	8	5.19%	2	1	39	28	0.98	1	1	126	20	0	8	G
I	323721	T	Y	148	18	10.84%	2	1	38	31	0.98	1	1	132	16	0	18	C
I	334063	C	Y	204	11	5.12%	2	2	40	40	0.98	1	1	115	89	6	5	T
I	377479	T	K	129	9	6.52%	2	1	37	24	0.98	1	1	77	52	0	9	G
I	402374	T	K	137	9	6.16%	2	1	39	24	0.98	1	1	103	34	0	9	G
I	453369	G	R	56	15	13.76%	2	2	39	39	0.98	1	1	35	21	1	14	A
I	456726	G	K	111	11	8.8%	2	1	38	25	0.98	1	1	86	25	0	11	T
I	470391	C	M	5	2	28.57%	2	2	36	40	0.98	1	1	3	2	1	1	A
I	473423	C	Y	75	6	7.41%	2	1	39	34	0.98	1	1	48	27	0	6	T
I	473427	G	K	66	9	9.89%	2	1	39	39	0.98	1	1	34	32	0	9	+T
I	473456	A	W	72	4	5.26%	2	2	39	40	0.98	1	1	10	62	2	2	T
I	523603	G	A	0	228	100%	0	2	0	40	0.98	0	1	0	0	113	115	A
I	523883	G	A	0	215	100%	0	2	0	40	0.98	0	1	0	0	97	118	A
I	527156	C	A	0	231	100%	0	2	0	40	0.98	0	1	0	0	114	117	A
I	565106	T	Y	131	12	8.39%	2	1	38	29	0.98	1	1	103	28	0	12	C
I	573847	A	R	144	11	7.1%	2	1	37	29	0.98	1	1	32	112	11	0	G
I	574751	A	M	128	8	5.88%	2	1	39	30	0.98	1	1	19	109	8	0	C
I	666513	C	Y	108	11	9.24%	2	1	39	26	0.98	1	1	10	98	11	0	T
I	691576	T	K	111	10	8.26%	2	1	39	30	0.98	1	1	101	10	0	10	G
I	755616	C	Y	127	15	10.56%	2	1	38	26	0.98	1	1	16	111	15	0	T
I	759334	G	T	0	218	100%	0	2	0	39	0.98	0	1	0	0	95	123	T
I	809103	G	K	137	85	38.29%	2	2	40	39	0.98	1	1	66	71	45	40	T
I	862964	G	T	0	211	100%	0	2	0	40	0.98	0	1	0	0	98	113	T
I	934908	T	W	59	5	5.62%	2	2	39	40	0.98	1	1	46	13	1	4	A
I	954073	A	R	28	3	9.68%	2	1	38	29	0.98	1	1	13	15	0	3	G
I	957958	A	R	143	11	7.14%	2	1	37	25	0.98	1	1	29	114	11	0	G
I	965436	T	W	112	9	7.38%	2	1	39	40	0.98	1	1	86	26	0	9	A
I	965438	C	M	46	18	14.4%	2	2	39	40	0.98	1	1	27	19	1	17	A
I	965460	C	M	82	9	9.89%	2	1	36	31	0.98	1	1	24	58	9	0	A
I	995067	T	K	118	7	5.6%	2	1	38	26	0.98	1	1	84	34	0	7	G
I	995095	A	M	102	8	7.27%	2	1	37	28	0.98	1	1	21	81	8	0	C
I	1027669	G	R	73	4	5.19%	2	1	38	36	0.98	1	1	25	48	4	0	A
I	1053973	G	S	107	6	5.22%	2	1	39	24	0.98	1	1	99	8	0	6	C
I	1053977	T	Y	144	11	7.1%	2	1	39	25	0.98	1	1	104	40	0	11	C
I	1077211	T	Y	134	24	15.19%	2	1	38	30	0.98	1	1	122	12	0	24	C
I	1079583	T	W	74	9	9.57%	2	2	39	40	0.98	1	1	59	15	2	7	A
I	1079606	T	Y	81	6	6.9%	2	1	38	29	0.98	1	1	26	55	6	0	C
I	1110942	A	M	146	12	7.59%	2	1	39	26	0.98	1	1	35	111	12	0	C
I	1110948	A	M	159	12	7.02%	2	1	39	29	0.98	1	1	42	117	12	0	C
I	1118372	A	R	116	21	15.33%	2	1	36	31	0.98	1	1	25	91	21	0	G
I	1148143	A	M	133	7	5%	2	1	38	24	0.98	1	1	52	81	7	0	C
I	1149061	T	K	124	8	6.06%	2	1	39	26	0.98	1	1	88	36	0	8	G
I	1149937	C	M	119	9	7.03%	2	2	38	28	0.98	1	1	28	91	8	1	A
I	1265593	T	K	119	9	6.98%	2	1	39	24	0.98	1	1	102	17	0	9	G
I	1265599	T	K	111	7	5.93%	2	1	39	29	0.98	1	1	99	12	0	7	G
I	1274803	T	W	7	11	5.76%	2	2	35	40	0.98	1	1	3	4	7	4	A
I	1290901	G	R	128	9	6.57%	2	1	37	25	0.98	1	1	103	25	0	9	A
I	1358814	G	R	139	11	7.33%	2	1	36	29	0.98	1	1	63	76	11	0	A
I	1358820	G	R	133	16	10.74%	2	1	37	37	0.98	1	1	52	81	16	0	A
I	1424709	A	T	0	8	100%	0	1	0	36	0.98	0	1	0	0	8	0	T
I	1459619	A	R	112	9	7.44%	2	1	37	31	0.98	1	1	32	80	9	0	G
I	1505169	T	K	175	13	6.91%	2	1	39	26	0.98	1	1	121	54	0	13	G
I	1520662	T	W	194	14	6.73%	2	2	40	40	0.98	1	1	104	90	10	4	A
I	1595053	A	R	106	6	5.36%	2	1	38	26	0.98	1	1	76	30	0	6	G
I	1595056	C	Y	47	14	11.86%	2	1	38	38	0.98	1	1	23	24	0	14	+T
I	1623094	A	M	201	12	5.63%	2	2	39	38	0.98	1	1	106	95	7	5	C
I	1628698	G	R	178	14	7.29%	2	2	39	38	0.98	1	1	93	85	7	7	A
I	1664031	G	R	130	8	5.76%	2	1	39	30	0.98	1	1	123	7	0	8	A
I	1765306	C	M	74	5	5.38%	2	1	39	40	0.98	1	1	50	24	0	5	A
I	1783458	C	T	0	234	100%	0	2	0	40	0.98	0	1	0	0	129	105	T
I	1837945	G	K	67	4	5.63%	2	1	39	36	0.98	1	1	25	42	4	0	T
I	1852148	C	M	135	9	6.25%	2	1	37	31	0.98	1	1	29	106	9	0	A
I	1879376	G	K	148	67	31.16%	2	2	39	39	0.98	1	1	73	75	41	26	T
I	1955754	C	Y	52	8	6.72%	2	1	39	40	0.98	1	1	30	22	0	8	+TT
I	1955786	A	M	91	6	6.19%	2	1	38	24	0.98	1	1	39	52	6	0	C
I	1955853	T	W	9	18	13.74%	2	2	34	37	0.98	1	1	5	4	1	17	A
I	1955870	C	M	121	7	5.47%	2	1	36	33	0.98	1	1	34	87	7	0	A
I	1956751	C	Y	110	10	8.33%	2	1	39	30	0.98	1	1	7	103	10	0	T
I	1956757	C	Y	145	9	5.84%	2	1	37	27	0.98	1	1	37	108	9	0	T
I	1996583	A	R	138	15	9.8%	2	1	38	32	0.98	1	1	43	95	15	0	G
I	1999192	G	C	0	238	100%	0	2	0	40	0.98	0	1	0	0	114	124	C
I	2007112	A	M	134	9	6.29%	2	1	39	27	0.98	1	1	28	106	9	0	C
I	2012908	T	K	98	14	12.5%	2	1	39	29	0.98	1	1	85	13	0	14	G
I	2025031	A	M	71	5	6.58%	2	1	39	24	0.98	1	1	22	49	5	0	C
I	2028412	G	R	129	10	7.19%	2	1	38	25	0.98	1	1	105	24	0	10	A
I	2041982	G	R	56	3	5.08%	2	1	38	24	0.98	1	1	18	38	3	0	A
I	2104091	G	T	0	238	100%	0	2	0	39	0.98	0	1	0	0	118	120	T
I	2104097	C	A	0	243	100%	0	2	0	40	0.98	0	1	0	0	122	121	A
I	2107236	C	Y	125	8	6.02%	2	1	38	30	0.98	1	1	32	93	8	0	T
I	2115117	T	Y	145	14	8.81%	2	1	37	26	0.98	1	1	113	32	0	14	C
I	2118318	G	T	4	231	98.3%	2	2	40	40	0.98	1	1	1	3	124	107	T
I	2227936	T	W	24	11	15.07%	2	2	38	40	0.98	1	1	14	10	3	8	A
I	2231773	C	M	141	10	6.62%	2	1	37	25	0.98	1	1	46	95	10	0	A
I	2396507	T	K	146	8	5.19%	2	1	39	26	0.98	1	1	92	54	0	8	G
I	2421577	C	A	3	9	75%	1	2	40	36	0.98	1	1	0	3	2	7	A
I	2456096	A	T	4	220	98.21%	2	2	40	40	0.98	1	1	3	1	91	129	T
I	2499150	T	W	20	3	13.04%	2	2	40	34	0.98	1	1	5	15	1	2	A
I	2506044	T	A	0	245	100%	0	2	0	40	0.98	0	1	0	0	128	117	A
I	2525734	A	M	123	8	6.11%	2	1	38	30	0.98	1	1	29	94	8	0	C
I	2588073	T	W	213	15	6.58%	2	2	41	39	0.98	1	1	102	111	5	10	A
I	2605763	T	K	137	9	6.16%	2	1	39	29	0.98	1	1	94	43	0	9	G
I	2605764	T	A	0	166	100%	0	2	0	39	0.98	0	1	0	0	93	73	A
I	2616795	A	R	195	11	5.34%	2	1	38	28	0.98	1	1	75	120	11	0	G
I	2651398	G	R	93	14	13.08%	2	1	39	26	0.98	1	1	90	3	0	14	A
I	2651400	T	Y	108	6	5.26%	2	1	38	26	0.98	1	1	91	17	0	6	C
I	2684611	A	R	131	8	5.76%	2	1	39	28	0.98	1	1	119	12	0	8	G
I	2684616	T	K	129	10	7.19%	2	1	39	28	0.98	1	1	120	9	0	10	G
I	2743288	T	K	146	13	8.18%	2	1	39	25	0.98	1	1	123	23	0	13	G
I	2747078	A	G	0	182	100%	0	2	0	39	0.98	0	1	0	0	94	88	G
I	2751237	A	W	26	3	10%	2	2	41	40	0.98	1	1	12	14	1	2	T
I	2810512	G	R	133	11	7.64%	2	1	38	28	0.98	1	1	111	22	0	11	A
I	2855375	A	R	125	10	7.41%	2	1	38	30	0.98	1	1	20	105	10	0	G
I	2871745	T	K	114	8	6.56%	2	1	39	30	0.98	1	1	101	13	0	8	G
I	2942299	A	M	30	2	6.25%	2	1	40	24	0.98	1	1	26	4	2	0	C
I	2943030	T	K	131	7	5.07%	2	1	40	26	0.98	1	1	55	76	0	7	G
I	2943522	G	R	89	5	5.32%	2	2	40	33	0.98	1	1	40	49	3	2	A
I	2943600	C	M	93	6	6.06%	2	2	39	32	0.98	1	1	40	53	1	5	A
I	2943609	T	Y	99	6	5.71%	2	1	39	37	0.98	1	1	40	59	0	6	C
I	2944170	G	R	135	8	5.59%	2	2	39	37	0.98	1	1	85	50	4	4	A
I	2959794	A	M	84	5	5.62%	2	1	39	24	0.98	1	1	19	65	5	0	C
I	3016550	G	R	205	11	5.09%	2	2	39	40	0.98	1	1	123	82	4	7	A
I	3111508	A	G	0	206	100%	0	2	0	40	0.98	0	1	0	0	106	100	G
I	3115841	C	A	0	207	100%	0	2	0	40	0.98	0	1	0	0	112	95	A
I	3119299	G	A	0	215	100%	0	2	0	40	0.98	0	1	0	0	104	111	A
I	3166811	C	M	104	15	12.61%	2	1	38	31	0.98	1	1	33	71	15	0	A
I	3179238	G	C	0	223	100%	0	2	0	40	0.98	0	1	0	0	106	117	C
I	3206937	G	S	123	19	13.29%	1	1	39	27	0.98	1	1	123	0	0	19	C
I	3300844	A	M	12	7	36.84%	2	1	38	30	0.98	1	1	9	3	7	0	C
I	3300854	G	K	32	2	5.88%	2	1	34	24	0.98	1	1	28	4	2	0	T
I	3300864	A	M	45	3	6.25%	2	1	38	29	0.98	1	1	32	13	3	0	C
I	3300868	T	Y	56	4	6.67%	2	1	36	24	0.98	1	1	42	14	4	0	C
I	3366077	A	M	162	12	6.9%	2	1	39	26	0.98	1	1	31	131	12	0	C
I	3408092	A	R	219	12	5.19%	2	2	40	40	0.98	1	1	104	115	6	6	G
I	3440251	T	K	144	8	5.26%	2	1	38	26	0.98	1	1	112	32	0	8	G
I	3450131	T	W	0	3	30%	0	1	0	40	0.98	0	1	0	0	3	0	A
I	3450131	T	K	0	7	70%	0	2	0	37	0.98	0	1	0	0	2	5	G
I	3538450	A	T	2	180	98.36%	1	2	40	39	0.98	1	1	2	0	86	94	T
I	3548530	A	R	82	5	5.75%	2	1	39	30	0.98	1	1	54	28	0	5	G
I	3548913	T	A	0	185	100%	0	2	0	40	0.98	0	1	0	0	104	81	A
I	3560125	T	Y	142	8	5.33%	2	1	38	26	0.98	1	1	104	38	0	8	C
I	3575205	C	M	118	8	6.02%	2	2	37	24	0.98	1	1	90	28	1	7	A
I	3576273	A	M	132	7	5.04%	2	1	38	28	0.98	1	1	45	87	7	0	C
I	3576756	T	Y	47	64	31.53%	2	2	39	38	0.98	1	1	22	25	28	36	C
I	3577637	A	R	123	7	5.38%	2	1	38	30	0.98	1	1	72	51	0	7	G
I	3577647	A	R	115	11	8.73%	2	2	37	28	0.98	1	1	73	42	1	10	G
I	3583106	G	A	0	234	100%	0	2	0	40	0.98	0	1	0	0	118	116	A
I	3609896	T	K	143	10	6.54%	2	1	38	30	0.98	1	1	103	40	0	10	G
I	3634687	T	Y	43	6	12.24%	2	1	36	24	0.98	1	1	33	10	0	6	C
I	3703200	G	R	207	12	5.48%	2	2	40	40	0.98	1	1	97	110	6	6	A
I	3740553	A	R	164	10	5.75%	2	1	38	32	0.98	1	1	34	130	10	0	G
I	3756273	A	R	148	17	10.3%	2	2	39	38	0.98	1	1	56	92	15	2	G
I	3761560	T	Y	218	16	6.84%	2	2	40	39	0.98	1	1	121	97	7	9	C
I	3761566	T	Y	216	18	7.69%	2	2	40	38	0.98	1	1	119	97	7	11	C
I	3879924	C	Y	118	8	6.3%	2	1	38	28	0.98	1	1	18	100	8	0	T
I	3948704	T	K	132	7	5.04%	2	1	39	26	0.98	1	1	111	21	0	7	G
I	3969608	A	M	142	9	5.96%	2	1	39	25	0.98	1	1	35	107	9	0	C
I	3990923	T	Y	154	9	5.52%	2	1	37	29	0.98	1	1	130	24	0	9	C
I	3992152	T	K	132	7	5.04%	2	1	38	26	0.98	1	1	81	51	0	7	G
I	3992214	C	A	0	129	100%	0	2	0	39	0.98	0	1	0	0	61	68	A
I	3992218	T	Y	89	9	9.18%	2	1	39	29	0.98	1	1	24	65	9	0	C
I	3993843	T	Y	108	11	9.24%	2	1	37	24	0.98	1	1	38	70	11	0	C
I	3993852	G	R	119	7	5.56%	2	1	38	30	0.98	1	1	40	79	7	0	A
I	3995045	G	K	102	7	6.42%	2	1	38	30	0.98	1	1	22	80	7	0	T
I	4019857	T	K	124	8	6.06%	2	1	38	28	0.98	1	1	99	25	0	8	G
I	4047524	T	K	127	7	5.22%	2	1	37	30	0.98	1	1	98	29	0	7	G
I	4048261	T	Y	150	13	7.98%	2	1	37	28	0.98	1	1	112	38	0	13	C
I	4051857	A	R	118	29	19.73%	2	1	38	27	0.98	1	1	14	104	29	0	G
I	4139549	A	R	125	8	6.02%	2	1	39	28	0.98	1	1	26	99	8	0	G
I	4139646	A	R	174	17	8.9%	2	1	39	27	0.98	1	1	59	115	17	0	G
I	4179701	C	Y	50	8	7.02%	2	2	36	30	0.98	1	1	24	26	1	7	+T
I	4203556	T	Y	144	9	5.88%	2	1	38	27	0.98	1	1	29	115	9	0	C
I	4235614	C	Y	99	14	12.28%	2	1	39	26	0.98	1	1	4	95	14	0	T
I	4235622	C	Y	127	10	7.3%	2	1	37	28	0.98	1	1	31	96	10	0	T
I	4276890	G	K	23	24	13.87%	2	1	40	39	0.98	1	1	13	10	0	24	+T
I	4277294	A	R	143	8	5.3%	2	1	37	31	0.98	1	1	35	108	8	0	G
I	4291193	G	R	139	20	12.58%	2	1	39	25	0.98	1	1	135	4	0	20	A
I	4291196	T	Y	140	50	26.32%	2	1	39	32	0.98	1	1	136	4	0	50	C
I	4316584	C	Y	109	6	5.13%	2	2	39	37	0.98	1	1	46	63	2	4	T
I	4316683	A	R	90	10	10%	2	2	38	42	0.98	1	1	46	44	5	5	G
I	4316719	T	Y	99	7	6.6%	2	1	39	33	0.98	1	1	47	52	7	0	C
I	4319077	T	Y	144	20	12.2%	2	1	39	31	0.98	1	1	123	21	0	20	C
I	4320175	A	R	161	10	5.85%	2	1	38	32	0.98	1	1	61	100	10	0	G
I	4362865	A	R	149	9	5.7%	2	2	38	25	0.98	1	1	123	26	1	8	G
I	4362879	T	K	130	19	12.75%	2	1	39	29	0.98	1	1	119	11	0	19	G
I	4375421	A	T	0	230	100%	0	2	0	39	0.98	0	1	0	0	120	110	T
I	4379110	T	Y	129	8	5.84%	2	1	37	28	0.98	1	1	90	39	0	8	C
I	4410192	G	S	5	2	28.57%	2	1	40	40	0.98	1	1	4	1	0	2	C
I	4434034	A	M	130	20	13.33%	2	1	38	27	0.98	1	1	24	106	20	0	C
I	4442714	G	A	0	189	100%	0	2	0	39	0.98	0	1	0	0	89	100	A
I	4514478	T	K	83	8	8.7%	2	1	38	28	0.98	1	1	56	27	0	8	G
I	4604677	G	K	81	9	10%	2	1	37	31	0.98	1	1	21	60	9	0	T
I	4648145	G	K	113	10	8.13%	2	2	38	40	0.98	1	1	85	28	1	9	T
I	4648160	G	T	0	53	100%	0	2	0	38	0.98	0	1	0	0	18	35	T
I	4648161	G	T	18	116	86.57%	2	2	37	39	0.98	1	1	13	5	62	54	T
I	4659196	T	K	149	10	6.29%	2	1	38	25	0.98	1	1	112	37	0	10	G
I	4709628	A	M	121	9	6.92%	2	1	40	24	0.98	1	1	4	117	9	0	C
I	4715526	T	K	128	10	7.25%	2	1	38	27	0.98	1	1	91	37	0	10	G
I	4768389	T	Y	138	12	8%	2	1	38	28	0.98	1	1	103	35	0	12	C
I	4826153	T	K	153	9	5.56%	2	1	39	25	0.98	1	1	118	35	0	9	G
I	4855227	T	Y	124	14	10.14%	2	1	38	27	0.98	1	1	103	21	0	14	C
I	4878500	T	K	169	11	6.11%	2	1	38	25	0.98	1	1	108	61	0	11	G
I	4911430	A	R	61	6	8.96%	2	1	38	32	0.98	1	1	35	26	0	6	G
I	4912236	C	Y	103	8	7.21%	2	1	38	26	0.98	1	1	4	99	8	0	T
I	4916612	T	K	114	10	8.06%	2	1	38	28	0.98	1	1	84	30	0	10	G
I	4919603	A	G	0	232	100%	0	2	0	39	0.98	0	1	0	0	107	125	G
I	4926046	C	Y	44	7	6.42%	2	1	39	40	0.98	1	1	24	20	0	7	+T
I	4933967	T	K	134	11	7.59%	2	1	39	28	0.98	1	1	116	18	0	11	G
I	4941716	T	K	126	7	5.26%	2	1	39	26	0.98	1	1	111	15	0	7	G
I	5020798	A	R	185	15	7.5%	2	1	39	32	0.98	1	1	59	126	15	0	G
I	5035815	T	Y	115	22	16.06%	2	1	38	29	0.98	1	1	102	13	0	22	C
I	5078225	T	K	126	18	12.5%	2	1	39	30	0.98	1	1	112	14	0	18	G
I	5078229	T	K	116	13	10.08%	2	1	38	28	0.98	1	1	102	14	0	13	G
I	5096470	G	K	55	11	16.67%	2	2	35	28	0.98	1	1	15	40	10	1	T
I	5148415	A	W	21	2	8.7%	2	1	39	40	0.98	1	1	10	11	2	0	T
I	5157518	T	K	143	12	7.74%	2	1	39	29	0.98	1	1	118	25	0	12	G
I	5157532	T	K	129	11	7.86%	2	1	39	28	0.98	1	1	116	13	0	11	G
I	5173430	G	K	38	20	12.42%	2	1	39	37	0.98	1	1	18	20	0	20	+T
I	5174647	A	M	133	11	7.64%	2	1	39	32	0.98	1	1	22	111	11	0	C
I	5175873	T	K	117	17	12.69%	2	1	39	27	0.98	1	1	89	28	0	17	G
I	5176926	T	W	34	16	12.4%	2	2	39	39	0.98	1	1	21	13	3	13	A
I	5211709	A	R	114	7	5.79%	2	1	38	24	0.98	1	1	27	87	7	0	G
I	5271466	A	T	0	76	100%	0	2	0	39	0.98	0	1	0	0	18	58	T
I	5343507	A	M	161	9	5.29%	2	1	39	25	0.98	1	1	56	105	9	0	C
I	5357300	A	M	129	8	5.84%	2	1	39	30	0.98	1	1	29	100	8	0	C
I	5373675	A	R	140	11	7.28%	2	1	38	29	0.98	1	1	46	94	11	0	G
I	5400080	C	T	0	228	100%	0	2	0	40	0.98	0	1	0	0	143	85	T
I	5462288	G	R	133	7	5%	2	1	38	24	0.98	1	1	109	24	0	7	A
I	5562193	A	R	206	136	39.77%	2	2	38	39	0.98	1	1	95	111	98	38	G
I	5568477	T	Y	211	17	7.46%	2	1	40	40	0.98	1	1	128	83	0	17	C
I	5574340	A	M	174	19	9.84%	2	1	37	27	0.98	1	1	63	111	19	0	C
I	5576809	C	Y	175	162	48.07%	2	2	40	40	0.98	1	1	81	94	96	66	T
I	5579055	C	Y	42	65	60.75%	1	1	39	39	0.98	1	1	0	42	0	65	T
II	7207	T	Y	214	51	19.25%	2	2	39	39	0.98	1	1	105	109	26	25	C
II	12943	A	R	114	7	5.79%	2	2	40	40	0.98	1	1	41	73	4	3	G
II	15830	T	W	49	5	6.76%	2	2	39	40	0.98	1	1	27	22	1	4	A
II	46943	G	R	64	8	11.11%	2	1	38	36	0.98	1	1	16	48	8	0	A
II	64667	A	R	117	9	7.14%	2	1	37	31	0.98	1	1	25	92	9	0	G
II	146080	C	Y	10	3	23.08%	2	2	38	40	0.98	1	1	5	5	2	1	T
II	243133	T	K	158	13	7.6%	2	1	38	30	0.98	1	1	106	52	0	13	G
II	243139	T	K	147	19	11.45%	2	1	38	29	0.98	1	1	104	43	0	19	G
II	243151	T	K	142	12	7.79%	2	1	38	28	0.98	1	1	106	36	0	12	G
II	266718	A	C	0	237	100%	0	2	0	40	0.98	0	1	0	0	126	111	C
II	266780	T	A	0	250	100%	0	2	0	40	0.98	0	1	0	0	108	142	A
II	276539	A	T	0	216	100%	0	2	0	39	0.98	0	1	0	0	115	101	T
II	308731	A	R	147	14	8.7%	2	1	38	26	0.98	1	1	26	121	14	0	G
II	317515	T	Y	154	18	10.47%	2	1	38	28	0.98	1	1	119	35	0	18	C
II	329050	G	R	116	21	15.33%	2	1	39	27	0.98	1	1	108	8	0	21	A
II	329054	G	R	121	10	7.63%	2	1	40	30	0.98	1	1	107	14	0	10	A
II	365230	T	K	138	14	9.21%	2	1	39	27	0.98	1	1	89	49	0	14	G
II	365250	T	K	124	8	6.06%	2	1	39	24	0.98	1	1	95	29	0	8	G
II	365267	T	K	130	9	6.47%	2	1	38	24	0.98	1	1	102	28	0	9	G
II	410078	A	R	127	10	7.3%	2	1	38	32	0.98	1	1	75	52	0	10	G
II	424707	T	Y	124	17	12.06%	2	1	38	30	0.98	1	1	95	29	0	17	C
II	424708	G	R	113	15	11.63%	2	1	38	27	0.98	1	1	96	17	0	15	A
II	481407	T	Y	134	10	6.94%	2	1	38	27	0.98	1	1	102	32	0	10	C
II	515638	T	Y	137	9	6.16%	2	1	37	32	0.98	1	1	105	32	0	9	C
II	521731	G	K	144	8	5.26%	2	1	38	34	0.98	1	1	99	45	0	8	T
II	526938	T	K	208	25	10.73%	2	2	39	40	0.98	1	1	108	100	11	14	G
II	526951	C	Y	183	48	20%	2	2	39	39	0.98	1	1	94	89	19	29	T
II	528142	C	Y	144	16	10%	2	1	38	34	0.98	1	1	19	125	16	0	T
II	570654	T	K	141	9	6%	2	1	39	25	0.98	1	1	97	44	0	9	G
II	603280	T	A	0	4	100%	0	1	0	40	0.98	0	1	0	0	0	4	A
II	603306	C	A	0	10	100%	0	2	0	40	0.98	0	1	0	0	5	5	A
II	618253	T	K	147	9	5.77%	2	1	39	27	0.98	1	1	100	47	0	9	G
II	618271	T	K	131	17	11.49%	2	1	39	28	0.98	1	1	94	37	0	17	G
II	618276	T	K	128	10	7.25%	2	1	39	25	0.98	1	1	97	31	0	10	G
II	618282	T	K	122	14	10.29%	2	1	38	27	0.98	1	1	94	28	0	14	G
II	618287	T	K	117	7	5.65%	2	1	38	28	0.98	1	1	94	23	0	7	G
II	632737	C	Y	116	7	5.69%	2	1	38	26	0.98	1	1	27	89	7	0	T
II	670493	G	R	167	9	5.11%	2	2	39	36	0.98	1	1	66	101	8	1	A
II	670673	T	Y	150	8	5.06%	2	2	40	38	0.98	1	1	40	110	4	4	C
II	671077	C	Y	133	10	6.99%	2	2	38	38	0.98	1	1	105	28	3	7	T
II	685728	G	A	0	219	100%	0	2	0	39	0.98	0	1	0	0	112	107	A
II	689330	T	Y	117	9	7.14%	2	2	39	33	0.98	1	1	57	60	5	4	C
II	689485	A	T	0	145	100%	0	2	0	39	0.98	0	1	0	0	73	72	T
II	689487	A	C	0	148	100%	0	2	0	39	0.98	0	1	0	0	74	74	C
II	689794	T	C	0	137	99.28%	0	2	0	40	0.98	0	1	0	0	62	75	C
II	690537	G	S	126	8	5.8%	2	2	38	32	0.98	1	1	42	84	3	5	C
II	690685	T	K	70	7	9.09%	2	1	39	32	0.98	1	1	3	67	0	7	G
II	690721	T	K	67	4	5.63%	2	1	39	36	0.98	1	1	6	61	0	4	G
II	690863	G	S	8	7	46.67%	2	1	38	40	0.98	1	1	5	3	0	7	C
II	690870	C	S	9	2	18.18%	2	1	40	40	0.98	1	1	6	3	0	2	G
II	690904	T	Y	7	3	30%	2	1	39	40	0.98	1	1	2	5	3	0	C
II	691048	C	Y	5	2	28.57%	2	2	48	60	0.98	1	1	2	3	1	1	T
II	691054	T	Y	3	3	50%	1	2	40	53	0.98	1	1	0	3	2	1	C
II	691634	T	Y	5	2	28.57%	2	1	44	40	0.98	1	1	3	2	2	0	C
II	691768	C	Y	13	2	13.33%	2	1	43	36	0.98	1	1	12	1	0	2	T
II	691797	T	Y	13	2	13.33%	2	1	41	46	0.98	1	1	12	1	0	2	C
II	691799	G	K	12	2	14.29%	2	1	44	36	0.98	1	1	11	1	0	2	T
II	693106	T	Y	2	3	60%	2	2	52	53	0.98	1	1	1	1	2	1	C
II	693172	C	Y	6	2	25%	2	1	62	40	0.98	1	1	3	3	2	0	T
II	693244	T	Y	10	4	28.57%	2	1	48	38	0.98	1	1	8	2	0	4	C
II	693316	C	Y	15	3	16.67%	2	2	45	53	0.98	1	1	10	5	1	2	T
II	693326	C	S	13	4	23.53%	2	2	39	39	0.98	1	1	10	3	3	1	G
II	693345	C	S	12	5	27.78%	2	2	38	35	0.98	1	1	3	9	4	1	G
II	693453	C	Y	11	2	15.38%	2	2	38	36	0.98	1	1	2	9	1	1	T
II	693455	T	K	10	2	16.67%	2	2	42	36	0.98	1	1	2	8	1	1	G
II	693673	G	T	1	8	88.89%	1	1	40	40	0.98	1	1	0	1	8	0	T
II	693754	T	C	2	9	81.82%	1	1	40	38	0.98	1	1	2	0	9	0	C
II	693902	C	S	19	35	64.81%	2	2	41	39	0.98	1	1	15	4	33	2	G
II	693921	C	S	44	15	25%	2	2	40	36	0.98	1	1	41	3	14	1	G
II	694069	G	K	142	9	5.96%	2	2	41	36	0.98	1	1	94	48	8	1	T
II	694641	C	Y	149	8	5.1%	2	2	39	30	0.98	1	1	79	70	4	4	T
II	694982	T	Y	127	9	6.62%	2	2	38	31	0.98	1	1	52	75	6	3	C
II	695827	C	T	0	90	100%	0	2	0	39	0.98	0	1	0	0	48	42	T
II	699951	T	G	2	218	99.09%	2	2	40	40	0.98	1	1	1	1	100	118	G
II	699952	G	T	0	218	99.09%	0	2	0	40	0.98	0	1	0	0	101	117	T
II	699961	A	T	0	236	100%	0	2	0	40	0.98	0	1	0	0	116	120	T
II	700019	T	A	2	175	98.87%	2	2	40	39	0.98	1	1	1	1	84	91	A
II	700020	C	T	2	172	98.85%	2	2	40	39	0.98	1	1	1	1	82	90	T
II	700021	A	C	2	171	98.84%	2	2	40	39	0.98	1	1	1	1	82	89	C
II	700024	T	A	0	174	100%	0	2	0	39	0.98	0	1	0	0	81	93	A
II	700028	A	T	0	175	100%	0	2	0	39	0.98	0	1	0	0	81	94	T
II	700113	A	T	0	219	100%	0	2	0	39	0.98	0	1	0	0	98	121	T
II	819360	G	R	68	6	8.11%	2	2	39	26	0.98	1	1	51	17	1	5	A
II	819361	C	M	63	7	9.86%	2	1	39	30	0.98	1	1	48	15	0	7	A
II	837485	C	M	117	12	9.3%	2	1	39	34	0.98	1	1	32	85	12	0	A
II	869806	G	C	0	224	100%	0	2	0	40	0.98	0	1	0	0	92	132	C
II	879033	T	A	0	214	100%	0	2	0	40	0.98	0	1	0	0	91	123	A
II	888600	C	M	2	3	60%	2	1	40	40	0.98	1	1	1	1	3	0	A
II	923543	C	A	0	223	100%	0	2	0	39	0.98	0	1	0	0	119	104	A
II	943554	C	A	0	231	100%	0	2	0	39	0.98	0	1	0	0	115	116	A
II	953201	A	G	0	231	100%	0	2	0	40	0.98	0	1	0	0	115	116	G
II	967094	A	G	0	211	100%	0	2	0	40	0.98	0	1	0	0	118	93	G
II	991741	T	K	111	6	5.13%	2	1	39	24	0.98	1	1	93	18	0	6	G
II	991749	T	K	104	13	11.11%	2	1	39	33	0.98	1	1	93	11	0	13	G
II	997668	G	R	167	31	15.66%	2	2	38	39	0.98	1	1	102	65	19	12	A
II	997671	G	R	142	40	19.23%	2	2	39	39	0.98	1	1	94	48	21	19	A
II	1019511	A	W	26	7	20.59%	2	2	39	40	0.98	1	1	17	9	3	4	T
II	1020445	G	R	94	6	6%	2	1	38	24	0.98	1	1	85	9	0	6	A
II	1020447	G	R	96	12	11.11%	2	1	38	26	0.98	1	1	87	9	0	12	A
II	1020449	T	Y	109	13	10.66%	2	1	38	28	0.98	1	1	89	20	0	13	C
II	1032352	G	R	136	12	8.05%	2	1	38	32	0.98	1	1	109	27	0	12	A
II	1044682	T	K	78	6	6.9%	2	1	39	31	0.98	1	1	35	43	0	6	G
II	1068514	A	M	142	11	7.19%	2	1	38	28	0.98	1	1	36	106	11	0	C
II	1068524	A	M	156	14	8.24%	2	1	38	26	0.98	1	1	55	101	14	0	C
II	1155903	T	A	0	215	100%	0	2	0	39	0.98	0	1	0	0	108	107	A
II	1159678	G	C	0	226	100%	0	2	0	39	0.98	0	1	0	0	124	102	C
II	1159694	A	T	0	232	100%	0	2	0	40	0.98	0	1	0	0	125	107	T
II	1163155	T	W	7	10	58.82%	2	2	40	38	0.98	1	1	2	5	5	5	A
II	1187785	G	K	117	7	5.6%	2	1	37	35	0.98	1	1	83	34	0	7	T
II	1225132	C	Y	113	16	12.4%	2	1	39	28	0.98	1	1	102	11	0	16	T
II	1255425	T	K	151	8	5.03%	2	1	39	26	0.98	1	1	123	28	0	8	G
II	1255439	T	K	125	20	13.79%	2	1	39	29	0.98	1	1	116	9	0	20	G
II	1265909	T	Y	132	7	5%	2	1	38	30	0.98	1	1	116	16	0	7	C
II	1265910	T	Y	143	10	6.54%	2	1	38	25	0.98	1	1	119	24	0	10	C
II	1277469	T	K	93	6	6.06%	2	1	39	26	0.98	1	1	53	40	0	6	G
II	1277479	T	K	73	4	5.19%	2	1	39	32	0.98	1	1	51	22	0	4	G
II	1277513	T	Y	64	5	7.25%	2	1	38	27	0.98	1	1	17	47	5	0	C
II	1282579	A	M	167	9	5.11%	2	1	39	29	0.98	1	1	35	132	9	0	C
II	1312288	T	Y	112	7	5.88%	2	1	37	24	0.98	1	1	56	56	7	0	C
II	1396879	G	R	143	9	5.92%	2	1	38	31	0.98	1	1	126	17	0	9	A
II	1413588	T	C	0	219	100%	0	2	0	40	0.98	0	1	0	0	113	106	C
II	1448456	C	Y	150	8	5.06%	2	1	38	28	0.98	1	1	28	122	8	0	T
II	1453981	G	R	115	14	10.85%	2	1	39	28	0.98	1	1	106	9	0	14	A
II	1456227	A	M	129	11	7.86%	2	1	39	29	0.98	1	1	47	82	11	0	C
II	1467503	A	M	124	15	10.79%	2	1	38	32	0.98	1	1	25	99	15	0	C
II	1528107	A	M	136	15	9.93%	2	1	38	29	0.98	1	1	30	106	15	0	C
II	1547249	C	Y	114	6	5%	2	1	38	26	0.98	1	1	23	91	6	0	T
II	1549770	T	Y	118	13	9.92%	2	1	37	27	0.98	1	1	88	30	0	13	C
II	1555935	C	M	242	53	17.97%	2	2	39	39	0.98	1	1	143	99	12	41	A
II	1575720	T	K	157	10	5.99%	2	1	38	25	0.98	1	1	115	42	0	10	G
II	1588936	G	R	42	8	9.41%	2	1	38	40	0.98	1	1	20	22	0	8	A
II	1628003	A	M	157	11	6.51%	2	1	39	25	0.98	1	1	23	134	11	0	C
II	1635337	G	T	0	14	100%	0	2	0	40	0.98	0	1	0	0	6	8	T
II	1672859	C	T	0	217	100%	0	2	0	39	0.98	0	1	0	0	104	113	T
II	1673002	G	C	0	215	100%	0	2	0	39	0.98	0	1	0	0	114	101	C
II	1678206	A	W	26	5	15.62%	2	2	40	40	0.98	1	1	12	14	3	2	T
II	1678372	T	Y	120	7	5.51%	2	1	38	28	0.98	1	1	88	32	0	7	C
II	1678693	T	A	0	219	100%	0	2	0	40	0.98	0	1	0	0	123	96	A
II	1683324	T	G	0	191	99.48%	0	2	0	40	0.98	0	1	0	0	108	83	G
II	1697124	C	T	0	223	100%	0	2	0	40	0.98	0	1	0	0	98	125	T
II	1716238	T	K	138	8	5.48%	2	1	38	28	0.98	1	1	85	53	0	8	G
II	1716256	G	K	99	16	11.19%	2	1	38	32	0.98	1	1	68	31	0	16	+T
II	1716272	C	Y	73	102	58.29%	2	2	37	39	0.98	1	1	26	47	50	52	T
II	1716273	T	Y	80	94	54.02%	2	2	36	38	0.98	1	1	33	47	44	50	C
II	1716288	G	T	8	121	93.8%	2	2	34	39	0.98	1	1	4	4	57	64	T
II	1716318	A	G	1	189	99.47%	1	2	24	39	0.98	1	1	1	0	70	119	G
II	1716320	T	G	0	190	100%	0	2	0	39	0.98	0	1	0	0	73	117	G
II	1716326	G	T	0	201	100%	0	2	0	39	0.98	0	1	0	0	82	119	T
II	1738583	T	K	139	11	7.33%	2	1	39	31	0.98	1	1	108	31	0	11	G
II	1748647	A	R	43	9	17.31%	2	1	39	38	0.98	1	1	30	13	0	9	G
II	1749171	G	R	118	12	9.23%	2	1	36	24	0.98	1	1	91	27	0	12	A
II	1749177	G	R	122	7	5.43%	2	1	37	26	0.98	1	1	88	34	0	7	A
II	1784826	G	A	0	230	100%	0	2	0	40	0.98	0	1	0	0	116	114	A
II	1805299	T	K	90	5	5.26%	2	1	39	24	0.98	1	1	54	36	0	5	G
II	1805315	C	Y	66	6	7.23%	2	1	39	37	0.98	1	1	35	31	0	6	+T
II	1811868	A	R	141	18	11.32%	2	1	38	27	0.98	1	1	21	120	18	0	G
II	1819309	C	Y	143	9	5.92%	2	1	37	31	0.98	1	1	51	92	9	0	T
II	1826215	T	K	131	14	9.66%	2	1	37	32	0.98	1	1	87	44	0	14	G
II	1849777	G	A	0	209	100%	0	2	0	40	0.98	0	1	0	0	110	99	A
II	1855356	T	Y	123	37	23.12%	2	1	39	32	0.98	1	1	118	5	0	37	C
II	1868122	G	K	43	7	5.93%	2	1	39	40	0.98	1	1	20	23	0	7	+T
II	1905436	G	K	198	17	7.91%	2	2	40	39	0.98	1	1	94	104	7	10	T
II	1952073	A	M	137	8	5.52%	2	1	39	26	0.98	1	1	21	116	8	0	C
II	1952078	A	M	146	12	7.59%	2	1	39	28	0.98	1	1	24	122	12	0	C
II	1952084	A	M	151	8	5.03%	2	1	39	26	0.98	1	1	30	121	8	0	C
II	1962419	T	A	0	246	100%	0	2	0	40	0.98	0	1	0	0	128	118	A
II	1962439	A	G	0	250	100%	0	2	0	39	0.98	0	1	0	0	129	121	G
II	1962458	T	A	0	247	100%	0	2	0	40	0.98	0	1	0	0	123	124	A
II	1987098	C	A	0	249	100%	0	2	0	39	0.98	0	1	0	0	139	110	A
II	1987118	G	K	6	3	33.33%	2	2	40	40	0.98	1	1	4	2	2	1	T
II	2044929	A	T	0	252	100%	0	2	0	39	0.98	0	1	0	0	118	134	T
II	2049892	T	W	2	2	50%	1	1	40	40	0.98	1	1	0	2	2	0	A
II	2065196	T	Y	144	8	5.26%	2	1	38	28	0.98	1	1	103	41	0	8	C
II	2115443	C	Y	56	12	17.65%	1	1	39	26	0.98	1	1	0	56	12	0	T
II	2115444	A	R	61	35	36.46%	2	1	38	29	0.98	1	1	5	56	35	0	G
II	2115447	C	Y	65	13	16.67%	2	1	37	27	0.98	1	1	13	52	13	0	T
II	2115448	A	R	71	12	14.46%	2	1	36	26	0.98	1	1	19	52	12	0	G
II	2115451	C	Y	64	18	21.95%	2	1	37	25	0.98	1	1	11	53	18	0	T
II	2115478	C	Y	71	8	10.13%	2	1	37	34	0.98	1	1	15	56	8	0	T
II	2197653	G	R	97	6	5.83%	2	1	38	26	0.98	1	1	93	4	0	6	A
II	2197654	G	R	93	7	7%	2	1	38	26	0.98	1	1	83	10	0	7	A
II	2228775	T	G	5	246	98.01%	2	2	40	39	0.98	1	1	2	3	128	118	G
II	2228777	G	T	2	243	99.18%	1	2	40	39	0.98	1	1	0	2	127	116	T
II	2256638	G	R	159	10	5.92%	2	1	37	32	0.98	1	1	128	31	0	10	A
II	2318768	A	R	118	9	7.09%	2	1	38	29	0.98	1	1	86	32	0	9	G
II	2333320	G	S	95	35	26.92%	2	1	39	29	0.98	1	1	91	4	0	35	C
II	2359223	A	R	153	9	5.56%	2	1	38	29	0.98	1	1	36	117	9	0	G
II	2359224	A	R	141	18	11.32%	2	1	39	32	0.98	1	1	21	120	18	0	G
II	2359225	C	S	124	14	10%	2	1	39	25	0.98	1	1	5	119	14	0	G
II	2426350	A	M	143	8	5.3%	2	1	39	30	0.98	1	1	36	107	8	0	C
II	2432392	G	K	129	7	5.15%	2	1	39	26	0.98	1	1	24	105	7	0	T
II	2435371	A	R	150	12	7.41%	2	1	38	26	0.98	1	1	27	123	12	0	G
II	2436580	C	G	0	200	100%	0	2	0	40	0.98	0	1	0	0	99	101	G
II	2437564	A	W	188	10	5.05%	2	1	40	40	0.98	1	1	88	100	10	0	T
II	2437570	T	W	188	10	5.05%	2	1	40	40	0.98	1	1	87	101	10	0	A
II	2437571	G	S	190	15	7.32%	2	2	40	39	0.98	1	1	89	101	13	2	C
II	2437612	A	W	236	42	15%	2	2	41	37	0.98	1	1	126	110	35	7	T
II	2437627	C	Y	187	126	40.26%	2	2	40	40	0.98	1	1	83	104	96	30	T
II	2437629	G	R	259	56	17.78%	2	2	43	39	0.98	1	1	132	127	46	10	A
II	2437646	G	R	256	76	22.89%	2	2	42	38	0.98	1	1	128	128	56	20	A
II	2437651	T	W	296	35	10.57%	2	2	41	35	0.98	1	1	152	144	32	3	A
II	2437655	G	R	302	33	9.85%	2	2	41	36	0.98	1	1	150	152	29	4	A
II	2437661	T	W	288	33	10.22%	2	2	42	34	0.98	1	1	138	150	31	2	A
II	2437666	T	Y	334	30	8.24%	2	2	42	36	0.98	1	1	156	178	28	2	C
II	2437684	T	W	228	133	36.74%	2	2	47	39	0.98	1	1	159	69	14	119	A
II	2437688	A	R	231	139	37.57%	2	2	47	38	0.98	1	1	160	71	19	120	G
II	2437737	A	R	316	19	5.67%	2	2	42	36	0.98	1	1	147	169	14	5	G
II	2437769	A	W	271	23	7.74%	2	2	39	35	0.98	1	1	128	143	11	12	T
II	2437771	A	M	290	27	8.52%	2	2	40	36	0.98	1	1	134	156	18	9	C
II	2437855	A	M	194	75	27.88%	2	2	38	41	0.98	1	1	126	68	16	59	C
II	2437918	T	Y	187	36	16.14%	2	2	40	40	0.98	1	1	117	70	1	35	C
II	2437936	A	W	199	26	11.56%	2	1	40	40	0.98	1	1	122	77	0	26	T
II	2437942	G	K	198	23	10.41%	2	2	39	41	0.98	1	1	122	76	1	22	T
II	2437951	C	Y	197	19	8.8%	2	2	40	40	0.98	1	1	118	79	1	18	T
II	2443212	A	M	74	4	5.13%	2	1	40	32	0.98	1	1	19	55	4	0	C
II	2443872	T	W	103	9	7.89%	2	1	39	38	0.98	1	1	78	25	0	9	A
II	2443873	T	W	66	12	10.34%	2	1	39	40	0.98	1	1	43	23	0	12	A
II	2443898	C	M	73	12	14.12%	2	1	39	26	0.98	1	1	19	54	12	0	A
II	2444543	T	C	0	234	100%	0	2	0	39	0.98	0	1	0	0	116	118	C
II	2551917	C	M	169	74	30.45%	2	2	40	39	0.98	1	1	85	84	34	40	A
II	2552672	A	R	120	9	6.98%	2	1	38	29	0.98	1	1	86	34	0	9	G
II	2579452	T	K	132	7	5.04%	2	1	38	33	0.98	1	1	91	41	0	7	G
II	2579475	C	M	112	13	10.4%	2	1	39	32	0.98	1	1	23	89	13	0	A
II	2622859	T	Y	136	13	8.72%	2	1	37	30	0.98	1	1	96	40	0	13	C
II	2622860	T	Y	152	11	6.75%	2	1	37	26	0.98	1	1	99	53	0	11	C
II	2676336	C	T	0	222	100%	0	2	0	40	0.98	0	1	0	0	99	123	T
II	2730252	T	Y	167	11	6.18%	2	1	37	28	0.98	1	1	117	50	0	11	C
II	2794991	C	Y	146	8	5.19%	2	1	38	24	0.98	1	1	45	101	8	0	T
II	2798515	G	A	0	13	100%	0	2	0	40	0.98	0	1	0	0	8	5	A
II	2806053	G	A	0	233	100%	0	2	0	39	0.98	0	1	0	0	105	128	A
II	2811496	A	M	4	2	33.33%	1	1	40	40	0.98	1	1	4	0	0	2	C
II	2901509	G	T	0	226	100%	0	2	0	39	0.98	0	1	0	0	128	98	T
II	2972491	G	R	138	11	7.38%	2	1	39	28	0.98	1	1	130	8	0	11	A
II	2988171	A	M	113	6	5.04%	2	1	38	29	0.98	1	1	30	83	6	0	C
II	3006137	A	T	0	185	100%	0	2	0	39	0.98	0	1	0	0	91	94	T
II	3047425	A	R	144	12	7.69%	2	1	37	29	0.98	1	1	25	119	12	0	G
II	3072324	A	M	149	15	9.15%	2	1	39	27	0.98	1	1	32	117	15	0	C
II	3163649	T	Y	144	10	6.49%	2	1	39	32	0.98	1	1	112	32	0	10	C
II	3168292	A	R	94	22	18.97%	2	1	38	30	0.98	1	1	6	88	22	0	G
II	3168957	T	K	120	18	13.04%	2	1	39	26	0.98	1	1	103	17	0	18	G
II	3216210	T	K	154	10	6.1%	2	1	39	27	0.98	1	1	131	23	0	10	G
II	3297197	T	K	151	8	5.03%	2	1	38	26	0.98	1	1	105	46	0	8	G
II	3380160	A	M	126	14	10%	2	1	39	28	0.98	1	1	30	96	14	0	C
II	3380167	A	M	140	8	5.41%	2	1	39	32	0.98	1	1	45	95	8	0	C
II	3383710	T	Y	152	8	5%	2	1	38	36	0.98	1	1	88	64	0	8	C
II	3391058	A	R	180	10	5.26%	2	1	38	28	0.98	1	1	31	149	10	0	G
II	3394039	T	K	119	15	11.19%	2	1	39	28	0.98	1	1	102	17	0	15	G
II	3394043	T	K	118	9	7.09%	2	1	39	29	0.98	1	1	103	15	0	9	G
II	3394048	C	M	114	7	5.79%	2	1	38	30	0.98	1	1	101	13	0	7	A
II	3403445	A	M	125	12	8.76%	2	1	39	29	0.98	1	1	19	106	12	0	C
II	3413844	A	R	141	9	6%	2	1	38	24	0.98	1	1	32	109	9	0	G
II	3417583	T	Y	128	15	10.49%	2	1	38	27	0.98	1	1	114	14	0	15	C
II	3505880	T	K	148	12	7.5%	2	1	39	28	0.98	1	1	107	41	0	12	G
II	3579333	C	Y	183	15	7.58%	2	2	40	40	0.98	1	1	92	91	12	3	T
II	3581573	A	R	134	11	7.59%	2	1	38	25	0.98	1	1	30	104	11	0	G
II	3634818	A	M	104	15	12.61%	2	1	38	31	0.98	1	1	25	79	15	0	C
II	3676720	T	K	137	9	6.16%	2	1	39	29	0.98	1	1	99	38	0	9	G
II	3741603	G	R	113	16	12.4%	2	1	37	27	0.98	1	1	95	18	0	16	A
II	3815052	A	M	102	8	7.27%	2	1	39	28	0.98	1	1	25	77	8	0	C
II	3838102	A	M	27	3	10%	2	1	38	40	0.98	1	1	13	14	3	0	C
II	3856940	A	M	106	8	7.02%	2	1	39	26	0.98	1	1	32	74	8	0	C
II	3856946	A	M	107	8	6.96%	2	1	39	30	0.98	1	1	32	75	8	0	C
II	3857829	A	M	120	14	10.45%	2	1	39	30	0.98	1	1	7	113	14	0	C
II	3860190	A	M	31	9	22.5%	2	2	40	40	0.98	1	1	15	16	5	4	C
II	3861636	C	Y	93	22	19.13%	2	1	39	29	0.98	1	1	5	88	22	0	T
II	3975211	T	K	85	10	10.53%	2	1	39	25	0.98	1	1	58	27	0	10	G
II	4003301	C	Y	128	7	5.19%	2	1	38	26	0.98	1	1	29	99	7	0	T
II	4018428	C	Y	107	7	6.14%	2	1	38	24	0.98	1	1	9	98	7	0	T
II	4036165	C	Y	126	9	6.67%	2	1	38	27	0.98	1	1	15	111	9	0	T
II	4070314	C	S	141	14	8.97%	2	1	39	25	0.98	1	1	13	128	14	0	G
II	4122326	T	C	0	237	100%	0	2	0	40	0.98	0	1	0	0	114	123	C
II	4266424	A	R	124	7	5.34%	2	1	38	24	0.98	1	1	18	106	7	0	G
II	4273518	A	M	149	10	6.29%	2	2	40	38	0.98	1	1	25	124	6	4	C
II	4273664	T	W	72	6	7.59%	2	1	41	35	0.98	1	1	38	34	0	6	A
II	4400666	A	C	0	191	100%	0	2	0	39	0.98	0	1	0	0	109	82	C
II	4419921	T	W	38	11	7.38%	2	1	40	40	0.98	1	1	23	15	0	11	A
II	4424265	T	Y	70	4	5.41%	2	2	39	40	0.98	1	1	36	34	1	3	C
II	4437274	A	R	158	9	5.39%	2	1	37	24	0.98	1	1	59	99	9	0	G
II	4497094	T	K	132	14	9.59%	2	1	39	27	0.98	1	1	93	39	0	14	G
II	4497146	T	Y	154	12	7.23%	2	1	38	25	0.98	1	1	51	103	12	0	C
II	4497276	T	Y	202	12	5.61%	2	1	39	40	0.98	1	1	124	78	0	12	C
II	4505717	A	R	204	26	11.3%	2	2	39	39	0.98	1	1	100	104	12	14	G
II	4513966	A	R	381	26	6.39%	2	2	39	38	0.98	1	1	186	195	9	17	G
II	4517012	C	Y	398	39	8.92%	2	2	40	39	0.98	1	1	192	206	18	21	T
II	4517039	T	Y	360	81	18.37%	2	2	39	39	0.98	1	1	174	186	43	38	C
II	4517044	T	Y	360	83	18.74%	2	2	39	39	0.98	1	1	173	187	45	38	C
II	4517047	T	Y	289	84	19.13%	2	2	40	39	0.98	1	1	138	151	45	39	C
II	4521636	C	Y	192	154	44.51%	2	2	39	40	0.98	1	1	101	91	90	64	T
II	4523882	C	Y	272	265	49.35%	2	2	40	40	0.98	1	1	162	110	150	115	T
II	4525340	G	K	192	55	17.41%	2	2	38	35	0.98	1	1	148	44	1	54	+T
II	4525822	C	Y	312	100	24.27%	2	2	39	39	0.98	1	1	154	158	24	76	T
II	4525894	C	Y	232	46	16.55%	2	2	39	39	0.98	1	1	123	109	3	43	T
II	4525966	C	Y	276	52	15.85%	2	2	40	39	0.98	1	1	141	135	9	43	T
II	4526147	C	Y	176	32	15.38%	2	1	37	29	0.98	1	1	21	155	32	0	T
II	4526148	A	R	200	15	6.98%	2	1	37	28	0.98	1	1	39	161	15	0	G
II	4526151	C	Y	147	19	11.24%	2	1	37	27	0.98	1	1	1	146	19	0	T
II	4526266	T	Y	164	38	18.81%	2	1	37	29	0.98	1	1	147	17	0	38	C
II	4526267	T	Y	168	17	9.19%	2	1	38	28	0.98	1	1	145	23	0	17	C
II	4526824	T	K	146	9	5.81%	2	1	39	24	0.98	1	1	92	54	0	9	G
II	4526840	A	R	133	11	7.64%	2	1	37	26	0.98	1	1	84	49	0	11	G
II	4527879	G	S	607	136	18.3%	2	2	39	39	0.98	1	1	287	320	63	73	C
II	4527881	C	Y	589	140	19.2%	2	2	39	39	0.98	1	1	281	308	69	71	T
II	4529116	T	Y	480	273	36.25%	2	2	40	40	0.98	1	1	227	253	127	146	C
II	4529965	A	R	508	296	36.82%	2	2	39	40	0.98	1	1	272	236	153	143	G
II	4530323	G	R	576	188	24.61%	2	2	40	40	0.98	1	1	261	315	82	106	A
II	4530797	C	Y	674	160	19.18%	2	2	39	40	0.98	1	1	348	326	85	75	T
II	4531033	G	S	564	308	35.32%	2	2	39	39	0.98	1	1	276	288	155	153	C
II	4531092	G	R	542	337	38.34%	2	2	40	39	0.98	1	1	303	239	190	147	A
II	4531414	T	Y	534	316	37.18%	2	2	40	40	0.98	1	1	220	314	138	178	C
II	4531492	A	R	681	148	17.85%	2	2	40	40	0.98	1	1	341	340	57	91	G
II	4531592	G	R	464	319	40.74%	2	2	40	39	0.98	1	1	253	211	179	140	A
II	4531749	C	Y	510	296	36.72%	2	2	39	40	0.98	1	1	269	241	145	151	T
II	4531764	A	R	292	530	64.48%	2	2	39	40	0.98	1	1	146	146	255	275	G
II	4532088	G	K	303	532	63.56%	2	2	40	39	0.98	1	1	166	137	259	273	T
II	4532323	C	Y	837	299	26.32%	2	2	40	39	0.98	1	1	522	315	189	110	T
II	4533394	T	Y	976	647	39.86%	2	2	39	40	0.98	1	1	461	515	298	349	C
II	4533451	T	Y	1009	672	39.98%	2	2	40	40	0.98	1	1	451	558	306	366	C
II	4533598	G	R	829	662	44.37%	2	2	40	39	0.98	1	1	415	414	343	319	A
II	4533617	A	R	875	717	45.04%	2	2	39	40	0.98	1	1	431	444	389	328	G
II	4533636	C	Y	950	626	39.72%	2	2	40	40	0.98	1	1	492	458	319	307	T
II	4533744	T	Y	859	728	45.87%	2	2	40	40	0.98	1	1	442	417	381	347	C
II	4533922	G	R	813	652	44.51%	2	2	40	40	0.98	1	1	425	388	319	333	A
II	4533994	T	Y	926	578	38.43%	2	2	40	40	0.98	1	1	405	521	246	332	C
II	4534246	C	M	810	694	46.14%	2	2	40	40	0.98	1	1	422	388	395	299	A
II	4534498	A	M	835	686	45.1%	2	2	39	40	0.98	1	1	410	425	328	358	C
II	4536550	C	M	1286	275	17.62%	2	2	40	39	0.98	1	1	742	544	156	119	A
II	4537214	T	Y	1060	266	20.05%	2	2	39	39	0.98	1	1	555	505	151	115	C
II	4537402	A	R	1424	86	5.7%	2	2	40	40	0.98	1	1	712	712	35	51	G
II	4537844	T	Y	711	345	32.67%	2	2	40	40	0.98	1	1	285	426	66	279	C
II	4537892	A	R	861	59	6.41%	2	2	40	39	0.98	1	1	277	584	29	30	G
II	4538036	G	K	501	124	19.84%	2	2	38	42	0.98	1	1	225	276	122	2	T
II	4538038	A	R	467	125	21.11%	2	2	38	42	0.98	1	1	202	265	122	3	G
II	4538048	C	Y	458	128	21.84%	2	2	39	42	0.98	1	1	211	247	125	3	T
II	4538052	A	R	458	153	25.04%	2	2	38	43	0.98	1	1	212	246	146	7	G
II	4538091	T	Y	501	106	17.21%	2	2	39	42	0.98	1	1	206	295	99	7	C
II	4538114	A	R	477	46	8.8%	2	2	39	38	0.98	1	1	205	272	1	45	G
II	4538115	G	K	479	45	8.59%	2	2	39	38	0.98	1	1	209	270	1	44	T
II	4538116	G	R	481	44	8.38%	2	2	39	39	0.98	1	1	210	271	1	43	A
II	4538118	G	R	479	46	8.76%	2	2	40	39	0.98	1	1	214	265	1	45	A
II	4538122	G	S	483	45	8.52%	2	2	39	40	0.98	1	1	213	270	1	44	C
II	4538125	A	W	487	45	8.46%	2	2	40	38	0.98	1	1	213	274	1	44	T
II	4538126	C	S	488	45	8.44%	2	2	40	39	0.98	1	1	213	275	1	44	G
II	4538128	A	R	490	44	8.21%	2	1	39	40	0.98	1	1	216	274	0	44	G
II	4538155	T	K	566	41	6.75%	2	1	39	39	0.98	1	1	222	344	0	41	G
II	4538164	A	W	502	109	17.84%	2	1	40	39	0.98	1	1	234	268	0	109	T
II	4538366	G	R	334	29	7.99%	2	2	37	38	0.98	1	1	120	214	2	27	A
II	4538541	C	Y	544	40	6.85%	2	1	40	40	0.98	1	1	265	279	40	0	T
II	4538556	T	Y	542	71	11.58%	2	1	40	40	0.98	1	1	270	272	71	0	C
II	4538591	G	R	565	120	17.49%	2	2	40	40	0.98	1	1	358	207	84	36	A
II	4538770	T	Y	782	260	24.95%	2	2	40	39	0.98	1	1	484	298	231	29	C
II	4538906	C	Y	913	81	8.15%	2	2	39	37	0.98	1	1	404	509	33	48	T
II	4539524	G	R	826	417	33.55%	2	2	40	40	0.98	1	1	386	440	201	216	A
II	4539673	T	W	608	306	33.48%	2	2	40	40	0.98	1	1	134	474	61	245	A
II	4539725	T	Y	470	281	37.42%	2	2	40	40	0.98	1	1	46	424	34	247	C
III	64834	C	T	1	275	99.64%	1	2	40	39	0.98	1	1	1	0	159	116	T
III	72841	T	K	128	7	5.19%	2	1	38	28	0.98	1	1	94	34	0	7	G
III	72845	T	K	120	7	5.51%	2	1	39	26	0.98	1	1	97	23	0	7	G
III	107015	C	Y	157	9	5.42%	2	1	37	31	0.98	1	1	40	117	9	0	T
III	113533	T	K	111	7	5.93%	2	1	39	35	0.98	1	1	103	8	0	7	G
III	123340	N	A	0	160	100%	0	2	0	39	0.98	0	1	0	0	67	93	A
III	207168	T	K	80	8	8.99%	2	1	39	28	0.98	1	1	65	15	0	8	G
III	207192	G	R	74	8	9.76%	2	1	37	26	0.98	1	1	21	53	8	0	A
III	207199	T	Y	77	9	10.47%	2	1	39	29	0.98	1	1	20	57	9	0	C
III	208140	C	M	88	10	10%	2	1	39	30	0.98	1	1	68	20	0	10	A
III	221279	G	S	214	23	9.7%	2	2	39	39	0.98	1	1	115	99	10	13	C
III	221280	C	Y	211	25	10.59%	2	2	39	38	0.98	1	1	111	100	10	15	T
III	221285	T	W	199	26	10.88%	2	2	39	38	0.98	1	1	105	94	12	14	A
III	227730	A	T	0	225	100%	0	2	0	40	0.98	0	1	0	0	114	111	T
III	253907	A	W	54	12	8.22%	2	2	37	33	0.98	1	1	28	26	3	9	+T
III	284657	C	A	0	217	100%	0	2	0	39	0.98	0	1	0	0	124	93	A
III	285341	A	R	142	10	6.58%	2	1	38	28	0.98	1	1	56	86	10	0	G
III	285344	C	Y	139	8	5.44%	2	1	39	24	0.98	1	1	56	83	8	0	T
III	286594	T	W	38	9	7.2%	2	2	38	35	0.98	1	1	28	10	1	8	A
III	286616	C	M	122	8	6.15%	2	1	38	32	0.98	1	1	25	97	8	0	A
III	286620	G	R	124	9	6.72%	2	1	39	31	0.98	1	1	27	97	9	0	A
III	365748	A	M	33	2	5.71%	2	2	39	32	0.98	1	1	19	14	1	1	C
III	381316	T	Y	135	31	18.67%	2	1	38	33	0.98	1	1	125	10	0	31	C
III	382032	A	M	130	8	5.8%	2	1	39	24	0.98	1	1	41	89	8	0	C
III	389918	A	M	139	18	11.46%	2	1	39	28	0.98	1	1	21	118	18	0	C
III	389933	A	M	152	18	10.59%	2	1	39	27	0.98	1	1	37	115	18	0	C
III	393123	T	Y	149	10	6.29%	2	1	38	28	0.98	1	1	136	13	0	10	C
III	428482	A	W	183	38	17.19%	2	2	39	40	0.98	1	1	88	95	19	19	T
III	594520	A	R	137	18	11.61%	2	1	38	27	0.98	1	1	26	111	18	0	G
III	618618	A	R	131	10	7.09%	2	1	37	28	0.98	1	1	48	83	10	0	G
III	623552	C	M	113	6	5.04%	2	1	38	32	0.98	1	1	20	93	6	0	A
III	714637	T	Y	117	8	6.4%	2	1	38	28	0.98	1	1	90	27	0	8	C
III	717678	T	W	45	4	8.16%	2	2	37	36	0.98	1	1	18	27	2	2	A
III	719971	G	T	0	75	100%	0	2	0	40	0.98	0	1	0	0	33	42	T
III	719976	G	A	0	72	100%	0	2	0	39	0.98	0	1	0	0	33	39	A
III	719978	G	A	0	72	100%	0	2	0	40	0.98	0	1	0	0	33	39	A
III	719979	A	T	0	72	100%	0	2	0	40	0.98	0	1	0	0	33	39	T
III	719981	G	T	0	72	100%	0	2	0	40	0.98	0	1	0	0	33	39	T
III	719985	G	T	0	72	100%	0	2	0	40	0.98	0	1	0	0	33	39	T
III	719987	G	T	0	72	100%	0	2	0	40	0.98	0	1	0	0	33	39	T
III	719988	A	T	0	72	100%	0	2	0	40	0.98	0	1	0	0	33	39	T
III	719990	G	T	0	72	100%	0	2	0	40	0.98	0	1	0	0	33	39	T
III	719991	A	T	0	74	100%	0	2	0	40	0.98	0	1	0	0	33	41	T
III	720001	C	T	0	205	100%	0	2	0	40	0.98	0	1	0	0	114	91	T
III	720593	A	M	88	10	10.2%	2	1	39	31	0.98	1	1	33	55	10	0	C
III	742669	T	K	127	13	9.29%	2	1	39	27	0.98	1	1	104	23	0	13	G
III	742729	C	Y	103	16	13.45%	2	1	38	30	0.98	1	1	15	88	16	0	T
III	782673	A	M	147	9	5.77%	2	1	39	27	0.98	1	1	36	111	9	0	C
III	936692	A	R	89	10	10.1%	2	1	38	27	0.98	1	1	56	33	0	10	G
III	936699	C	Y	74	13	14.94%	2	1	38	31	0.98	1	1	52	22	0	13	T
III	962376	C	Y	513	51	9.04%	2	2	42	40	0.98	1	1	244	269	32	19	T
III	963343	A	G	5	195	97.5%	1	2	40	40	0.98	1	1	0	5	121	74	G
III	966963	A	R	151	8	5.03%	2	1	38	36	0.98	1	1	70	81	8	0	G
III	970572	A	M	113	9	7.38%	2	1	38	33	0.98	1	1	29	84	9	0	C
III	970575	A	M	119	10	7.75%	2	1	38	27	0.98	1	1	34	85	10	0	C
III	985842	A	M	80	5	5.88%	2	1	36	27	0.98	1	1	17	63	5	0	C
III	985847	T	K	73	5	6.33%	2	1	35	24	0.98	1	1	25	48	0	5	G
III	985857	A	M	62	4	6.06%	2	1	37	24	0.98	1	1	13	49	4	0	C
III	985871	C	Y	60	8	11.76%	2	1	36	32	0.98	1	1	24	36	0	8	T
III	1045722	T	Y	121	7	5.47%	2	1	37	30	0.98	1	1	81	40	0	7	C
III	1047084	A	M	128	9	6.57%	2	1	38	29	0.98	1	1	46	82	9	0	C
III	1084110	A	R	100	7	6.48%	2	2	39	40	0.98	1	1	47	53	4	3	G
III	1084115	A	W	117	7	5.65%	2	2	39	40	0.98	1	1	54	63	4	3	T
III	1084116	A	R	114	7	5.79%	2	2	39	40	0.98	1	1	55	59	4	3	G
III	1084127	G	S	104	6	5.45%	2	2	39	40	0.98	1	1	39	65	3	3	C
III	1084128	A	W	102	8	7.27%	2	2	39	40	0.98	1	1	38	64	4	4	T
III	1084129	A	W	103	7	6.31%	2	2	40	40	0.98	1	1	38	65	4	3	T
III	1084140	G	K	113	7	5.83%	2	2	39	40	0.98	1	1	45	68	4	3	T
III	1084286	G	K	199	68	25.47%	2	2	39	39	0.98	1	1	105	94	29	39	T
III	1114661	C	M	186	55	22.82%	2	2	39	40	0.98	1	1	79	107	23	32	A
III	1116943	G	R	43	5	10.42%	2	1	40	40	0.98	1	1	2	41	0	5	A
III	1117064	C	Y	21	6	22.22%	1	1	39	37	0.98	1	1	0	21	0	6	T
III	1121421	C	M	187	54	22.41%	2	2	40	39	0.98	1	1	75	112	18	36	A
III	1121580	C	M	101	6	5.61%	2	2	40	40	0.98	1	1	53	48	4	2	A
III	1121591	T	W	77	6	7.23%	2	2	39	40	0.98	1	1	37	40	4	2	A
III	1121592	T	W	78	6	7.14%	2	2	39	40	0.98	1	1	38	40	4	2	A
III	1121593	C	S	77	6	7.23%	2	2	39	40	0.98	1	1	39	38	4	2	G
III	1121604	T	Y	92	6	6.12%	2	2	40	40	0.98	1	1	44	48	4	2	C
III	1121605	T	W	93	6	6.06%	2	2	39	40	0.98	1	1	45	48	4	2	A
III	1121611	T	Y	94	8	7.84%	2	2	40	40	0.98	1	1	44	50	5	3	C
III	1123703	G	R	39	11	22%	2	1	41	40	0.98	1	1	1	38	0	11	A
III	1123824	C	Y	17	6	26.09%	1	1	40	40	0.98	1	1	0	17	0	6	T
III	1128181	C	M	187	54	22.41%	2	2	40	39	0.98	1	1	62	125	29	25	A
III	1130463	G	R	36	6	14.29%	1	1	41	40	0.98	1	1	0	36	0	6	A
III	1130490	A	R	38	2	5%	2	1	41	40	0.98	1	1	1	37	0	2	G
III	1130584	C	Y	11	7	38.89%	1	2	35	37	0.98	1	1	0	11	1	6	T
III	1134941	C	M	194	42	17.8%	2	2	39	40	0.98	1	1	80	114	20	22	A
III	1168328	T	C	0	152	100%	0	2	0	39	0.98	0	1	0	0	91	61	C
III	1168363	G	A	1	135	99.26%	1	2	40	39	0.98	1	1	0	1	81	54	A
III	1176600	A	M	132	8	5.71%	2	1	39	24	0.98	1	1	24	108	8	0	C
III	1252491	T	K	75	7	8.54%	2	1	39	26	0.98	1	1	47	28	0	7	G
III	1252505	G	K	54	8	11.94%	2	1	38	39	0.98	1	1	31	23	0	8	T
III	1263835	G	R	230	20	8%	2	2	40	40	0.98	1	1	116	114	12	8	A
III	1267258	T	K	147	9	5.77%	2	1	39	25	0.98	1	1	106	41	0	9	G
III	1284523	A	M	120	9	6.98%	2	1	39	29	0.98	1	1	14	106	9	0	C
III	1285827	T	Y	138	12	8%	2	2	38	29	0.98	1	1	112	26	1	11	C
III	1349571	T	K	151	18	10.65%	2	1	39	25	0.98	1	1	132	19	0	18	G
III	1374938	A	T	0	240	100%	0	2	0	39	0.98	0	1	0	0	124	116	T
III	1395394	G	K	95	19	15.97%	2	1	38	32	0.98	1	1	79	16	0	19	T
III	1430572	C	Y	127	7	5.22%	2	1	38	28	0.98	1	1	28	99	7	0	T
III	1430577	A	R	103	51	33.12%	2	1	39	33	0.98	1	1	1	102	51	0	G
III	1430578	C	S	105	15	12.3%	2	1	39	31	0.98	1	1	3	102	15	0	G
III	1450124	A	R	201	15	6.94%	2	1	38	27	0.98	1	1	51	150	15	0	G
III	1450125	A	R	196	11	5.31%	2	1	38	28	0.98	1	1	48	148	11	0	G
III	1493950	A	R	126	55	30.39%	2	1	39	39	0.98	1	1	63	63	55	0	G
III	1494129	T	K	249	62	19.94%	2	2	43	38	0.98	1	1	110	139	22	40	G
III	1494164	A	R	179	42	19%	2	2	39	37	0.98	1	1	98	81	18	24	G
III	1494181	A	W	181	21	10.4%	2	2	38	35	0.98	1	1	93	88	15	6	T
III	1494187	T	W	185	13	6.53%	2	2	38	35	0.98	1	1	92	93	9	4	A
III	1494192	G	R	180	16	8.16%	2	2	38	34	0.98	1	1	97	83	15	1	A
III	1494282	G	R	195	131	40.18%	2	2	40	38	0.98	1	1	115	80	40	91	A
III	1494303	G	R	183	85	31.72%	2	2	39	39	0.98	1	1	110	73	21	64	A
III	1494306	A	W	187	81	30.22%	2	2	40	39	0.98	1	1	113	74	21	60	T
III	1494312	A	R	186	82	30.6%	2	2	40	39	0.98	1	1	113	73	24	58	G
III	1494315	A	R	186	79	29.81%	2	2	40	39	0.98	1	1	112	74	22	57	G
III	1494318	A	R	185	80	30.19%	2	2	40	40	0.98	1	1	114	71	23	57	G
III	1494327	T	K	199	73	26.84%	2	2	40	39	0.98	1	1	120	79	24	49	G
III	1499389	C	Y	239	18	7%	2	2	39	38	0.98	1	1	105	134	3	15	T
III	1499390	A	W	235	17	6.75%	2	2	39	34	0.98	1	1	103	132	3	14	T
III	1510616	A	R	123	9	6.82%	2	1	38	30	0.98	1	1	77	46	0	9	G
III	1557879	A	M	134	9	6.29%	2	1	38	29	0.98	1	1	34	100	9	0	C
III	1561154	A	M	132	12	8.33%	2	1	39	26	0.98	1	1	30	102	12	0	C
III	1575947	C	Y	103	6	5.22%	2	1	39	32	0.98	1	1	78	25	0	6	T
III	1575951	G	K	54	11	7.8%	2	1	38	38	0.98	1	1	26	28	0	11	+T
III	1575980	A	M	110	10	8.33%	2	1	39	28	0.98	1	1	36	74	10	0	C
III	1655392	G	S	120	9	6.87%	2	1	39	29	0.98	1	1	119	1	0	9	C
III	1655393	T	Y	127	36	22.09%	2	1	39	32	0.98	1	1	118	9	0	36	C
III	1655396	T	Y	141	23	14.02%	2	1	38	28	0.98	1	1	116	25	0	23	C
III	1669049	A	R	136	45	24.86%	2	1	38	29	0.98	1	1	10	126	45	0	G
III	1674639	A	M	101	6	5.61%	2	1	38	32	0.98	1	1	19	82	6	0	C
III	1674664	A	M	148	8	5.13%	2	1	38	30	0.98	1	1	65	83	8	0	C
III	1713002	C	M	130	7	5.11%	2	1	38	35	0.98	1	1	35	95	7	0	A
III	1731092	A	M	140	10	6.67%	2	1	39	27	0.98	1	1	37	103	10	0	C
III	1756401	A	W	6	3	33.33%	2	2	40	40	0.98	1	1	2	4	1	2	T
III	1765401	G	T	0	236	100%	0	2	0	39	0.98	0	1	0	0	112	124	T
III	1789835	A	M	144	8	5.26%	2	1	39	30	0.98	1	1	35	109	8	0	C
III	1812801	A	M	139	9	6.08%	2	1	40	29	0.98	1	1	16	123	9	0	C
III	1812807	A	M	140	12	7.89%	2	1	39	30	0.98	1	1	19	121	12	0	C
III	1821897	T	K	112	9	7.44%	2	1	38	25	0.98	1	1	78	34	0	9	G
III	1821902	T	K	102	7	6.42%	2	1	39	28	0.98	1	1	72	30	0	7	G
III	1929127	A	R	35	7	9.46%	2	1	36	35	0.98	1	1	29	6	7	0	G
III	1934234	G	R	117	8	6.4%	2	1	38	24	0.98	1	1	98	19	0	8	A
III	2029622	A	R	205	29	12.39%	2	2	40	38	0.98	1	1	98	107	17	12	G
III	2067529	T	K	133	20	13.07%	2	1	38	32	0.98	1	1	82	51	0	20	G
III	2067537	T	K	124	15	10.71%	2	1	38	29	0.98	1	1	83	41	0	15	G
III	2067818	G	R	82	8	8.89%	2	1	38	36	0.98	1	1	46	36	0	8	A
III	2067829	G	R	72	12	14.29%	2	1	38	29	0.98	1	1	42	30	0	12	A
III	2067833	G	R	67	9	11.54%	2	1	38	32	0.98	1	1	40	27	0	9	A
III	2067838	T	W	55	3	5%	2	1	38	29	0.98	1	1	42	13	0	3	A
III	2067871	G	R	90	6	6.25%	2	2	38	26	0.98	1	1	26	64	5	1	A
III	2074534	A	M	132	8	5.71%	2	1	38	28	0.98	1	1	34	98	8	0	C
III	2074543	A	M	150	9	5.66%	2	1	38	29	0.98	1	1	51	99	9	0	C
III	2148515	A	M	119	8	6.3%	2	1	39	26	0.98	1	1	36	83	8	0	C
III	2234737	T	Y	129	11	7.86%	2	1	37	29	0.98	1	1	103	26	0	11	C
III	2237157	T	K	145	9	5.84%	2	1	39	25	0.98	1	1	128	17	0	9	G
III	2265137	T	K	132	9	6.38%	2	1	39	27	0.98	1	1	97	35	0	9	G
III	2324864	A	M	166	9	5.14%	2	1	39	32	0.98	1	1	52	114	9	0	C
III	2381979	G	T	0	179	100%	0	2	0	38	0.98	0	1	0	0	94	85	T
III	2382014	T	K	112	10	8.13%	2	1	38	28	0.98	1	1	79	33	0	10	G
III	2382019	T	W	55	6	9.84%	2	2	37	37	0.98	1	1	33	22	4	2	A
III	2420270	A	M	101	6	5.61%	2	1	38	29	0.98	1	1	36	65	6	0	C
III	2420273	A	M	96	11	10.28%	2	1	39	29	0.98	1	1	33	63	11	0	C
III	2431059	C	Y	143	8	5.3%	2	2	38	50	0.98	1	1	61	82	1	7	T
