Chrom	Position	Ref	Cons	Reads1	Reads2	VarFreq	Strands1	Strands2	Qual1	Qual2	Pvalue	MapQual1	MapQual2	Reads1Plus	Reads1Minus	Reads2Plus	Reads2Minus	VarAllele
chr_II_telomeric_gap	4720	G	K	24	2	7.69%	2	1	37	29	0.98	1	1	22	2	0	2	T
chr_II_telomeric_gap	4747	T	W	28	2	6.67%	2	1	39	33	0.98	1	1	23	5	0	2	A
chr_II_telomeric_gap	4787	G	A	0	31	100%	0	2	0	50	0.98	0	1	0	0	22	9	A
chr_II_telomeric_gap	8620	G	K	25	2	7.41%	2	1	37	29	0.98	1	1	4	21	2	0	T
chr_II_telomeric_gap	12069	G	R	36	2	5.26%	2	2	46	37	0.98	1	1	21	15	1	1	A
I	459	C	M	82	85	50.9%	2	2	47	46	0.98	1	1	45	37	34	51	A
I	783	T	Y	100	67	40.12%	2	2	46	41	0.98	1	1	60	40	29	38	C
I	798	G	R	106	61	36.53%	2	2	51	41	0.98	1	1	61	45	30	31	A
I	955	C	Y	97	97	50%	2	2	44	45	0.98	1	1	47	50	58	39	T
I	1055	T	Y	189	32	14.48%	2	2	48	37	0.98	1	1	71	118	16	16	C
I	1133	A	R	95	124	56.36%	2	2	50	45	0.98	1	1	36	59	43	81	G
I	1455	C	Y	53	65	55.08%	2	2	43	44	0.98	1	1	23	30	30	35	T
I	1514	C	S	41	61	59.8%	2	2	46	45	0.98	1	1	9	32	17	44	G
I	1750	G	R	71	22	23.66%	2	2	47	50	0.98	1	1	28	43	11	11	A
I	2428	G	R	109	6	5.22%	2	2	50	40	0.98	1	1	43	66	5	1	A
I	2582	T	Y	40	48	54.55%	2	2	45	45	0.98	1	1	29	11	27	21	C
I	3431	A	R	143	45	23.94%	2	2	50	43	0.98	1	1	70	73	18	27	G
I	4666	G	R	35	21	37.5%	2	2	40	40	0.98	1	1	12	23	8	13	A
I	4668	C	S	48	19	28.36%	2	2	44	38	0.98	1	1	27	21	5	14	G
I	4695	G	K	57	3	5%	2	1	39	29	0.98	1	1	15	42	3	0	T
I	6583	G	R	52	18	25.71%	2	2	46	39	0.98	1	1	27	25	8	10	A
I	6727	G	R	30	19	38.78%	2	2	42	44	0.98	1	1	11	19	7	12	A
I	6912	A	M	74	5	6.33%	2	1	52	37	0.98	1	1	32	42	0	5	C
I	7192	C	M	66	6	6.52%	2	1	39	30	0.98	1	1	58	8	0	6	A
I	8666	G	R	52	42	44.68%	2	2	43	43	0.98	1	1	21	31	14	28	A
I	10913	G	R	23	20	46.51%	2	2	35	40	0.98	1	1	10	13	14	6	A
I	17558	A	R	46	4	8%	2	2	46	43	0.98	1	1	27	19	2	2	G
I	17965	A	R	99	6	5.71%	2	2	55	67	0.98	1	1	44	55	4	2	G
I	18099	A	R	91	25	21.55%	2	2	50	41	0.98	1	1	52	39	22	3	G
I	18140	T	Y	129	12	8.51%	2	2	50	52	0.98	1	1	98	31	9	3	C
I	18218	G	R	147	14	8.7%	2	2	54	38	0.98	1	1	94	53	12	2	A
I	18219	G	R	148	9	5.73%	2	2	52	61	0.98	1	1	91	57	8	1	A
I	18318	G	R	110	49	30.82%	2	2	48	42	0.98	1	1	46	64	43	6	A
I	18475	C	Y	79	79	50%	2	2	47	49	0.98	1	1	26	53	15	64	T
I	20545	C	Y	7	4	28.57%	1	1	38	37	0.98	1	1	7	0	0	4	T
I	20573	C	M	12	2	14.29%	2	2	35	31	0.98	1	1	1	11	1	1	A
I	28424	C	S	65	6	8.45%	2	2	49	67	0.98	1	1	24	41	3	3	G
I	28446	A	W	57	4	6.56%	2	1	51	74	0.98	1	1	25	32	4	0	T
I	29359	T	W	53	4	7.02%	2	2	49	52	0.98	1	1	19	34	2	2	A
I	29373	T	Y	44	6	11.32%	2	2	51	49	0.98	1	1	19	25	4	2	C
I	29549	G	R	26	2	7.14%	2	1	54	37	0.98	1	1	9	17	0	2	A
I	32066	G	K	19	3	13.64%	2	1	45	33	0.98	1	1	4	15	3	0	T
I	94312	G	K	29	2	6.45%	2	1	40	31	0.98	1	1	14	15	0	2	T
I	96157	G	R	21	2	8.7%	2	1	47	55	0.98	1	1	12	9	0	2	A
I	98629	A	M	88	6	6.38%	2	1	46	43	0.98	1	1	50	38	6	0	C
I	98632	C	Y	85	6	6.59%	2	1	46	43	0.98	1	1	50	35	6	0	T
I	98639	A	W	98	15	13.27%	2	2	43	46	0.98	1	1	61	37	14	1	T
I	98777	T	Y	195	23	10.55%	2	2	55	59	0.98	1	1	89	106	17	6	C
I	98786	G	R	201	11	5.19%	2	2	53	43	0.98	1	1	90	111	8	3	A
I	99204	A	W	113	16	12.4%	2	2	47	39	0.98	1	1	47	66	1	15	T
I	99211	A	R	90	7	7.22%	2	1	46	37	0.98	1	1	42	48	0	7	G
I	99214	G	K	88	7	7.37%	2	1	46	35	0.98	1	1	43	45	0	7	T
I	101871	A	R	2	2	5.26%	1	1	37	33	0.98	1	1	2	0	0	2	G
I	110167	G	S	34	2	5.56%	2	2	46	37	0.98	1	1	10	24	1	1	C
I	110495	A	M	19	2	9.52%	1	1	38	27	0.98	1	1	19	0	0	2	C
I	111498	G	R	44	3	6.38%	2	2	48	49	0.98	1	1	22	22	2	1	A
I	111864	G	R	30	2	6.25%	2	1	48	74	0.98	1	1	22	8	0	2	A
I	145961	G	K	37	3	7.5%	2	1	45	25	0.98	1	1	22	15	0	3	T
I	145995	G	K	29	4	12.12%	2	1	46	26	0.98	1	1	20	9	0	4	T
I	169817	A	M	13	3	17.65%	2	1	37	31	0.98	1	1	12	1	0	3	C
I	190112	C	M	6	2	18.18%	1	1	28	25	0.98	1	1	6	0	0	2	A
I	220354	G	R	30	2	6.25%	2	1	45	37	0.98	1	1	14	16	0	2	A
I	226239	T	K	25	2	7.41%	2	1	41	31	0.98	1	1	15	10	2	0	G
I	241393	A	W	34	2	5.56%	2	1	41	25	0.98	1	1	20	14	0	2	T
I	241439	C	M	27	3	10%	2	1	44	26	0.98	1	1	21	6	0	3	A
I	246413	T	Y	25	2	7.41%	2	2	45	37	0.98	1	1	12	13	1	1	C
I	253234	G	K	43	3	6.52%	2	2	43	49	0.98	1	1	24	19	1	2	T
I	305697	C	M	46	3	6.12%	2	1	45	25	0.98	1	1	33	13	0	3	A
I	306293	G	K	26	2	7.14%	2	1	45	74	0.98	1	1	15	11	2	0	T
I	335159	T	W	25	2	7.41%	2	1	38	55	0.98	1	1	18	7	0	2	A
I	348275	C	M	28	2	6.67%	2	2	41	68	0.98	1	1	17	11	1	1	A
I	359567	G	K	30	2	6.25%	2	1	41	31	0.98	1	1	19	11	0	2	T
I	372399	A	M	36	2	5.26%	2	1	45	37	0.98	1	1	21	15	0	2	C
I	375815	A	M	38	2	5%	2	1	44	31	0.98	1	1	21	17	2	0	C
I	382054	A	M	16	2	11.11%	2	1	37	25	0.98	1	1	11	5	0	2	C
I	402185	A	M	23	2	8%	2	1	38	27	0.98	1	1	13	10	2	0	C
I	420511	A	W	19	2	9.52%	2	1	41	31	0.98	1	1	7	12	2	0	T
I	437533	C	M	36	2	5.26%	2	1	45	31	0.98	1	1	18	18	0	2	A
I	441665	G	K	18	2	10%	2	1	40	25	0.98	1	1	11	7	2	0	T
I	453369	G	R	21	2	5.41%	2	1	40	31	0.98	1	1	18	3	0	2	A
I	469936	A	M	32	2	5.88%	2	1	45	22	0.98	1	1	21	11	0	2	C
I	470379	C	A	0	2	100%	0	1	0	37	0.98	0	1	0	0	0	2	A
I	473353	G	K	24	3	11.11%	2	1	40	29	0.98	1	1	10	14	0	3	T
I	473356	A	W	27	2	6.9%	2	1	39	31	0.98	1	1	14	13	0	2	T
I	473427	G	K	9	7	35%	1	1	34	34	0.98	1	1	9	0	0	7	T
I	473461	G	K	26	2	7.14%	2	1	42	31	0.98	1	1	3	23	2	0	T
I	473469	C	M	26	2	7.14%	2	1	38	33	0.98	1	1	3	23	2	0	A
I	473479	G	K	21	2	8.7%	2	1	42	25	0.98	1	1	6	15	2	0	T
I	482739	T	K	52	4	7.14%	2	2	47	43	0.98	1	1	22	30	2	2	G
I	523083	A	M	34	2	5.56%	2	1	43	31	0.98	1	1	13	21	2	0	C
I	523121	A	W	33	2	5.71%	2	1	45	25	0.98	1	1	15	18	2	0	T
I	523603	G	A	0	52	100%	0	2	0	47	0.98	0	1	0	0	25	27	A
I	523883	G	A	1	52	98.11%	1	2	37	43	0.98	1	1	0	1	23	29	A
I	526743	T	W	43	3	6.52%	2	2	45	49	0.98	1	1	19	24	2	1	A
I	527156	C	A	0	54	100%	0	2	0	45	0.98	0	1	0	0	33	21	A
I	553923	T	W	35	2	5.41%	2	2	44	37	0.98	1	1	17	18	1	1	A
I	562705	G	K	26	3	10.34%	2	1	44	33	0.98	1	1	16	10	0	3	T
I	576704	G	K	30	2	6.25%	2	1	47	31	0.98	1	1	12	18	0	2	T
I	583212	A	W	36	2	5.26%	2	1	51	25	0.98	1	1	23	13	0	2	T
I	621292	T	Y	28	2	6.67%	2	2	45	74	0.98	1	1	12	16	1	1	C
I	642348	C	Y	46	4	8%	2	2	47	37	0.98	1	1	31	15	2	2	T
I	649426	T	Y	29	2	6.45%	2	2	42	31	0.98	1	1	16	13	1	1	C
I	652508	T	K	25	2	7.41%	2	1	40	25	0.98	1	1	4	21	2	0	G
I	690530	C	Y	36	2	5.26%	2	2	46	37	0.98	1	1	16	20	1	1	T
I	694215	G	R	21	2	8.7%	2	1	42	37	0.98	1	1	11	10	0	2	A
I	695184	A	W	31	2	6.06%	2	1	53	31	0.98	1	1	20	11	2	0	T
I	702195	A	M	41	3	6.82%	2	2	46	33	0.98	1	1	15	26	2	1	C
I	706503	G	K	20	2	9.09%	2	2	39	25	0.98	1	1	8	12	1	1	T
I	717370	A	W	38	3	7.32%	2	2	48	49	0.98	1	1	21	17	2	1	T
I	748390	A	W	60	5	7.69%	2	1	40	35	0.98	1	1	26	34	0	5	T
I	759334	G	T	0	15	100%	0	2	0	44	0.98	0	1	0	0	2	13	T
I	765478	T	W	10	2	16.67%	2	1	53	37	0.98	1	1	6	4	0	2	A
I	766493	A	W	36	2	5.26%	2	2	45	31	0.98	1	1	15	21	1	1	T
I	797345	A	W	35	2	5.41%	2	1	50	22	0.98	1	1	18	17	0	2	T
I	802002	T	K	38	2	5%	2	1	48	25	0.98	1	1	18	20	2	0	G
I	804925	A	R	43	5	10.42%	2	2	47	42	0.98	1	1	21	22	3	2	G
I	817588	A	W	30	2	6.25%	2	1	46	25	0.98	1	1	13	17	0	2	T
I	831943	T	W	24	3	11.11%	2	1	38	26	0.98	1	1	5	19	3	0	A
I	854596	G	K	21	2	8.7%	2	1	54	25	0.98	1	1	10	11	2	0	T
I	856548	A	W	37	3	7.5%	2	2	42	37	0.98	1	1	17	20	1	2	T
I	862964	G	T	0	31	100%	0	2	0	46	0.98	0	1	0	0	17	14	T
I	874403	C	M	22	2	8.33%	2	1	39	27	0.98	1	1	16	6	0	2	A
I	879025	G	K	15	2	11.76%	2	1	40	25	0.98	1	1	5	10	2	0	T
I	885367	A	M	35	2	5.41%	2	1	45	22	0.98	1	1	20	15	0	2	C
I	921391	T	W	25	2	7.41%	2	2	47	37	0.98	1	1	10	15	1	1	A
I	936666	C	M	21	2	8.7%	2	1	46	31	0.98	1	1	10	11	0	2	A
I	936720	G	K	21	2	8.7%	2	1	44	33	0.98	1	1	13	8	0	2	T
I	944717	A	R	38	2	5%	2	2	46	37	0.98	1	1	20	18	1	1	G
I	949545	T	K	23	11	32.35%	2	1	38	29	0.98	1	1	4	19	11	0	G
I	949587	G	K	31	2	6.06%	2	1	39	31	0.98	1	1	6	25	2	0	T
I	972621	A	R	37	2	5.13%	2	2	47	31	0.98	1	1	12	25	1	1	G
I	995016	G	K	19	2	9.52%	2	1	38	25	0.98	1	1	12	7	0	2	T
I	995061	G	K	18	2	10%	2	1	39	31	0.98	1	1	12	6	0	2	T
I	995280	C	M	15	2	11.76%	2	1	44	25	0.98	1	1	4	11	0	2	A
I	1015660	C	M	34	3	8.11%	2	2	43	49	0.98	1	1	16	18	1	2	A
I	1035817	C	M	26	2	7.14%	2	1	43	31	0.98	1	1	11	15	0	2	A
I	1061955	C	Y	17	4	19.05%	2	1	42	28	0.98	1	1	12	5	0	4	T
I	1061956	A	R	16	4	20%	2	1	42	34	0.98	1	1	12	4	0	4	G
I	1079571	C	M	7	2	22.22%	1	1	42	31	0.98	1	1	7	0	0	2	A
I	1083962	G	K	4	3	8.82%	1	2	43	37	0.98	1	1	4	0	1	2	+TT
I	1117242	A	M	27	4	12.9%	2	1	38	33	0.98	1	1	23	4	0	4	C
I	1124159	T	W	27	2	6.9%	2	2	41	37	0.98	1	1	14	13	1	1	A
I	1156173	T	K	38	2	5%	2	2	49	25	0.98	1	1	16	22	1	1	G
I	1156859	T	W	20	2	9.09%	2	1	46	31	0.98	1	1	12	8	0	2	A
I	1167044	A	W	28	2	6.67%	2	2	41	37	0.98	1	1	15	13	1	1	T
I	1183504	C	M	36	2	5.26%	2	2	43	37	0.98	1	1	23	13	1	1	A
I	1185797	G	R	20	2	7.14%	2	1	37	37	0.98	1	1	14	6	0	2	A
I	1216890	G	R	40	4	9.09%	2	2	47	37	0.98	1	1	21	19	2	2	A
I	1222918	A	M	28	2	6.67%	2	1	47	25	0.98	1	1	19	9	0	2	C
I	1228974	A	M	72	4	5.26%	2	2	48	37	0.98	1	1	33	39	2	2	C
I	1241766	T	K	31	2	6.06%	2	2	45	37	0.98	1	1	16	15	1	1	G
I	1306117	C	M	23	2	8%	2	1	40	31	0.98	1	1	8	15	2	0	A
I	1307412	G	K	27	2	6.9%	2	1	48	25	0.98	1	1	14	13	2	0	T
I	1307686	T	K	22	2	8.33%	2	1	40	22	0.98	1	1	3	19	2	0	G
I	1308466	T	K	21	3	12.5%	2	1	43	26	0.98	1	1	8	13	3	0	G
I	1312733	A	M	13	2	13.33%	2	1	49	37	0.98	1	1	7	6	0	2	C
I	1369456	C	M	21	2	8.7%	2	1	47	27	0.98	1	1	8	13	0	2	A
I	1380087	C	M	38	3	7.32%	2	1	40	26	0.98	1	1	24	14	0	3	A
I	1380126	A	M	34	4	10.53%	2	1	45	32	0.98	1	1	26	8	0	4	C
I	1381469	A	M	33	3	8.33%	2	1	46	33	0.98	1	1	22	11	0	3	C
I	1393835	G	K	12	2	14.29%	2	1	34	37	0.98	1	1	2	10	2	0	T
I	1413163	T	K	27	2	6.9%	2	1	42	27	0.98	1	1	10	17	2	0	G
I	1418699	A	R	25	6	19.35%	2	2	41	37	0.98	1	1	14	11	3	3	G
I	1424709	A	C	0	2	100%	0	1	0	37	0.98	0	1	0	0	2	0	C
I	1424750	G	S	26	2	7.14%	2	2	46	37	0.98	1	1	20	6	1	1	C
I	1430656	C	S	46	5	9.8%	2	2	42	59	0.98	1	1	22	24	3	2	G
I	1436356	C	M	14	2	12.5%	2	1	43	25	0.98	1	1	8	6	0	2	A
I	1436408	G	K	13	2	13.33%	2	1	42	37	0.98	1	1	9	4	0	2	T
I	1436891	A	R	36	2	5.26%	2	2	45	31	0.98	1	1	17	19	1	1	G
I	1447587	A	W	10	3	23.08%	2	1	41	26	0.98	1	1	7	3	0	3	T
I	1447618	A	M	12	2	14.29%	2	1	41	31	0.98	1	1	10	2	0	2	C
I	1502784	C	M	36	2	5.26%	2	1	46	31	0.98	1	1	20	16	0	2	A
I	1519828	G	R	30	2	6.25%	2	1	46	37	0.98	1	1	14	16	2	0	A
I	1529301	G	R	4	4	50%	2	2	46	43	0.98	1	1	2	2	2	2	A
I	1533546	T	K	27	2	6.9%	2	1	43	25	0.98	1	1	11	16	2	0	G
I	1535068	T	W	19	2	9.52%	2	1	47	25	0.98	1	1	3	16	2	0	A
I	1535089	T	W	25	5	16.67%	2	1	44	30	0.98	1	1	3	22	5	0	A
I	1539564	C	M	27	2	6.9%	2	1	37	27	0.98	1	1	25	2	0	2	A
I	1539572	A	M	26	2	7.14%	2	1	38	33	0.98	1	1	24	2	0	2	C
I	1545074	T	K	23	2	8%	2	1	39	27	0.98	1	1	3	20	2	0	G
I	1545171	C	Y	31	3	8.82%	2	1	42	37	0.98	1	1	9	22	3	0	T
I	1595030	C	M	23	3	11.54%	2	1	38	26	0.98	1	1	19	4	0	3	A
I	1609734	A	W	33	2	5.71%	2	1	43	23	0.98	1	1	12	21	0	2	T
I	1625092	T	Y	2	4	10.26%	1	2	55	37	0.98	1	1	2	0	3	1	C
I	1626914	G	R	22	2	8.33%	2	2	43	37	0.98	1	1	11	11	1	1	A
I	1653028	T	K	33	2	5.71%	2	1	38	31	0.98	1	1	8	25	2	0	G
I	1666856	G	K	13	2	13.33%	2	1	37	25	0.98	1	1	5	8	2	0	T
I	1666900	G	K	17	2	10.53%	2	1	50	25	0.98	1	1	8	9	2	0	T
I	1666906	C	M	19	2	9.52%	2	1	44	25	0.98	1	1	9	10	2	0	A
I	1667143	T	W	12	2	14.29%	2	1	41	25	0.98	1	1	7	5	2	0	A
I	1678315	G	R	28	2	6.67%	2	2	48	37	0.98	1	1	15	13	1	1	A
I	1692431	G	K	22	2	8.33%	2	1	47	25	0.98	1	1	16	6	2	0	T
I	1697164	A	W	28	3	9.68%	2	1	44	25	0.98	1	1	7	21	3	0	T
I	1732174	T	W	18	2	10%	2	1	54	31	0.98	1	1	7	11	2	0	A
I	1759145	T	Y	32	10	23.81%	2	2	50	35	0.98	1	1	15	17	5	5	C
I	1761626	A	R	30	2	6.25%	2	1	44	37	0.98	1	1	19	11	0	2	G
I	1761632	C	M	28	2	6.67%	2	1	48	37	0.98	1	1	17	11	0	2	A
I	1761634	T	W	28	2	6.67%	2	1	47	31	0.98	1	1	17	11	0	2	A
I	1779706	C	Y	34	14	29.17%	2	2	47	37	0.98	1	1	17	17	7	7	T
I	1783458	C	T	0	38	100%	0	2	0	44	0.98	0	1	0	0	22	16	T
I	1792942	T	K	32	2	5.88%	2	1	49	25	0.98	1	1	13	19	2	0	G
I	1812929	T	W	33	2	5.71%	2	1	45	25	0.98	1	1	23	10	0	2	A
I	1814022	C	M	35	2	5.41%	2	1	48	31	0.98	1	1	15	20	0	2	A
I	1827483	A	W	10	2	16.67%	2	2	35	37	0.98	1	1	4	6	1	1	T
I	1834158	A	W	14	2	12.5%	2	1	44	33	0.98	1	1	8	6	0	2	T
I	1834160	G	K	11	5	31.25%	2	1	38	28	0.98	1	1	9	2	0	5	T
I	1834174	A	M	13	3	18.75%	2	1	42	29	0.98	1	1	9	4	0	3	C
I	1837136	A	M	25	2	7.41%	2	2	42	37	0.98	1	1	12	13	1	1	C
I	1857715	G	R	86	5	5.49%	2	2	45	44	0.98	1	1	54	32	3	2	A
I	1874213	A	W	50	10	16.67%	2	1	45	48	0.98	1	1	34	16	10	0	T
I	1883014	G	R	28	2	6.67%	2	2	44	37	0.98	1	1	18	10	1	1	A
I	1891370	A	G	0	43	100%	0	2	0	46	0.98	0	1	0	0	24	19	G
I	1893562	T	K	29	3	9.38%	2	1	43	23	0.98	1	1	8	21	3	0	G
I	1893575	C	M	30	3	9.09%	2	1	42	33	0.98	1	1	5	25	3	0	A
I	1893582	C	M	36	4	10%	2	1	43	30	0.98	1	1	7	29	4	0	A
I	1898197	T	W	33	4	10.81%	2	2	46	37	0.98	1	1	17	16	2	2	A
I	1899089	T	K	39	4	9.3%	2	2	41	31	0.98	1	1	26	13	2	2	G
I	1899093	T	W	43	3	6.52%	2	2	43	37	0.98	1	1	28	15	2	1	A
I	1905040	T	Y	28	2	6.67%	2	2	47	37	0.98	1	1	12	16	1	1	C
I	1905516	C	Y	8	2	20%	1	1	32	31	0.98	1	1	8	0	0	2	T
I	1943771	T	W	26	2	6.9%	2	1	38	29	0.98	1	1	25	1	0	2	A
I	1943774	G	R	27	2	6.9%	2	1	43	33	0.98	1	1	24	3	0	2	A
I	1943784	A	M	27	2	6.45%	2	1	39	25	0.98	1	1	21	6	0	2	C
I	1955870	C	M	21	2	8.7%	2	1	38	31	0.98	1	1	7	14	2	0	A
I	1965386	G	K	31	2	6.06%	2	1	41	31	0.98	1	1	10	21	2	0	T
I	1987948	C	M	25	2	7.41%	2	1	39	31	0.98	1	1	8	17	2	0	A
I	1999192	G	C	0	44	100%	0	2	0	46	0.98	0	1	0	0	25	19	C
I	2004434	T	K	32	2	5.88%	2	1	49	25	0.98	1	1	19	13	2	0	G
I	2025000	C	Y	17	5	16.13%	2	1	37	29	0.98	1	1	15	2	0	5	+T
I	2025033	C	M	22	3	12%	2	1	39	25	0.98	1	1	2	20	3	0	A
I	2025051	C	M	22	3	12%	2	1	37	29	0.98	1	1	5	17	3	0	A
I	2048260	C	Y	26	2	7.14%	2	1	42	74	0.98	1	1	13	13	2	0	T
I	2049124	G	R	33	2	5.71%	2	2	47	37	0.98	1	1	20	13	1	1	A
I	2053488	T	K	25	3	10.34%	2	1	40	26	0.98	1	1	5	20	3	0	G
I	2053520	T	W	27	2	6.9%	2	1	41	25	0.98	1	1	4	23	2	0	A
I	2053528	G	K	30	2	6.25%	2	1	40	25	0.98	1	1	6	24	2	0	T
I	2066224	C	S	57	3	5%	2	1	45	37	0.98	1	1	39	18	3	0	G
I	2093273	A	M	35	5	12.5%	2	1	43	30	0.98	1	1	30	5	0	5	C
I	2101607	A	M	20	2	9.09%	2	2	44	25	0.98	1	1	12	8	1	1	C
I	2104091	G	T	0	24	100%	0	2	0	41	0.98	0	1	0	0	5	19	T
I	2104097	C	A	0	24	100%	0	2	0	41	0.98	0	1	0	0	5	19	A
I	2104259	C	Y	18	2	10%	2	2	40	37	0.98	1	1	6	12	1	1	T
I	2116612	T	K	28	2	6.67%	2	1	45	25	0.98	1	1	18	10	2	0	G
I	2124336	A	M	27	2	6.9%	2	1	44	37	0.98	1	1	23	4	0	2	C
I	2129473	T	Y	17	2	10.53%	2	2	50	37	0.98	1	1	9	8	1	1	C
I	2130672	C	Y	24	2	7.69%	2	1	41	74	0.98	1	1	14	10	2	0	T
I	2144308	T	Y	51	4	7.27%	2	2	56	37	0.98	1	1	32	19	2	2	C
I	2154491	T	W	0	2	6.25%	0	2	0	74	0.98	0	1	0	0	1	1	A
I	2168576	C	Y	26	2	7.14%	2	2	45	37	0.98	1	1	17	9	1	1	T
I	2174514	C	M	35	2	5.41%	2	1	40	37	0.98	1	1	26	9	0	2	A
I	2186353	T	K	25	2	7.41%	2	1	44	33	0.98	1	1	8	17	2	0	G
I	2222779	A	M	50	4	7.41%	2	2	47	37	0.98	1	1	22	28	2	2	C
I	2227936	T	W	2	2	13.33%	1	1	37	37	0.98	1	1	2	0	0	2	A
I	2227980	C	M	22	2	8.33%	2	1	39	31	0.98	1	1	8	14	2	0	A
I	2235218	C	S	29	12	29.27%	2	2	49	37	0.98	1	1	17	12	6	6	G
I	2235425	G	R	27	3	10%	2	1	45	37	0.98	1	1	15	12	3	0	A
I	2254906	T	W	38	3	7.32%	2	1	47	23	0.98	1	1	17	21	3	0	A
I	2254937	G	K	35	3	7.89%	2	1	50	29	0.98	1	1	15	20	3	0	T
I	2295944	T	W	38	2	5%	2	1	42	37	0.98	1	1	22	16	2	0	A
I	2309800	T	Y	44	3	6.38%	2	2	45	37	0.98	1	1	24	20	1	2	C
I	2322164	A	M	28	2	6.67%	2	2	36	25	0.98	1	1	21	7	1	1	C
I	2322663	G	K	31	2	6.06%	2	2	37	25	0.98	1	1	14	17	1	1	T
I	2327021	C	M	23	2	7.41%	2	1	36	29	0.98	1	1	11	12	0	2	A
I	2355869	T	Y	31	4	11.43%	2	2	45	55	0.98	1	1	8	23	3	1	C
I	2401833	T	Y	28	2	6.67%	2	1	47	37	0.98	1	1	14	14	0	2	C
I	2480087	C	M	34	2	5.56%	2	1	43	27	0.98	1	1	22	12	0	2	A
I	2480092	G	K	32	2	5.88%	2	1	44	49	0.98	1	1	23	9	0	2	T
I	2480108	A	M	30	2	6.25%	2	1	40	37	0.98	1	1	22	8	0	2	C
I	2482720	A	M	15	2	11.76%	2	1	35	33	0.98	1	1	12	3	0	2	C
I	2503979	G	K	50	3	5.66%	2	1	38	31	0.98	1	1	41	9	0	3	T
I	2503986	A	M	47	3	6%	2	1	38	27	0.98	1	1	38	9	0	3	C
I	2506044	T	A	0	58	100%	0	2	0	46	0.98	0	1	0	0	31	27	A
I	2510808	T	W	32	2	5.88%	2	2	50	37	0.98	1	1	17	15	1	1	A
I	2514104	T	K	52	3	5.45%	2	1	49	33	0.98	1	1	20	32	3	0	G
I	2525276	G	K	24	2	7.69%	2	1	39	25	0.98	1	1	14	10	0	2	T
I	2544949	T	K	34	2	5.56%	1	1	35	25	0.98	1	1	0	34	2	0	G
I	2556737	C	M	16	3	15.79%	1	1	38	30	0.98	1	1	16	0	0	3	A
I	2556757	A	M	14	2	11.11%	2	1	40	31	0.98	1	1	10	4	0	2	C
I	2578326	C	M	37	2	5.13%	2	2	45	55	0.98	1	1	13	24	1	1	A
I	2582647	A	W	20	2	9.09%	2	2	40	37	0.98	1	1	13	7	1	1	T
I	2585240	C	M	29	2	6.45%	2	1	50	29	0.98	1	1	10	19	2	0	A
I	2605764	T	A	0	45	100%	0	2	0	41	0.98	0	1	0	0	15	30	A
I	2610796	C	Y	48	6	11.11%	2	2	46	35	0.98	1	1	25	23	3	3	T
I	2619457	T	W	27	2	6.9%	2	2	43	37	0.98	1	1	13	14	1	1	A
I	2639017	T	W	30	2	6.25%	2	2	49	25	0.98	1	1	13	17	1	1	A
I	2641998	C	Y	8	3	16.67%	2	1	35	24	0.98	1	1	6	2	0	3	+T
I	2658529	T	K	21	2	8.7%	2	1	41	25	0.98	1	1	4	17	2	0	G
I	2662132	T	K	33	2	5.71%	2	2	49	37	0.98	1	1	18	15	1	1	G
I	2666307	T	W	33	2	5.71%	2	1	45	25	0.98	1	1	17	16	2	0	A
I	2670478	C	M	37	2	5.13%	2	2	44	74	0.98	1	1	19	18	1	1	A
I	2672027	A	W	38	2	5%	2	1	44	37	0.98	1	1	14	24	2	0	T
I	2685508	G	R	36	2	5.26%	2	1	45	37	0.98	1	1	22	14	0	2	A
I	2685515	G	K	33	2	5.71%	2	1	44	37	0.98	1	1	20	13	0	2	T
I	2713732	T	Y	36	4	10%	2	2	48	37	0.98	1	1	13	23	2	2	C
I	2713735	A	W	36	4	10%	2	2	48	37	0.98	1	1	13	23	2	2	T
I	2728467	T	K	34	2	5.56%	2	1	43	25	0.98	1	1	17	17	2	0	G
I	2734656	C	M	29	3	9.38%	2	1	35	29	0.98	1	1	15	14	3	0	A
I	2747078	A	G	0	27	100%	0	2	0	41	0.98	0	1	0	0	3	24	G
I	2751237	A	W	5	4	44.44%	1	1	37	34	0.98	1	1	5	0	0	4	T
I	2817075	A	M	37	2	5.13%	2	2	48	31	0.98	1	1	20	17	1	1	C
I	2874656	A	R	23	2	8%	2	2	45	37	0.98	1	1	14	9	1	1	G
I	2875157	T	K	27	2	6.9%	2	1	44	37	0.98	1	1	10	17	0	2	G
I	2891106	C	M	36	2	5.26%	2	1	41	27	0.98	1	1	19	17	0	2	A
I	2891127	C	M	29	3	9.38%	2	1	40	27	0.98	1	1	16	13	0	3	A
I	2897636	A	R	82	5	5.75%	2	2	46	64	0.98	1	1	30	52	4	1	G
I	2904107	A	M	38	2	5%	2	1	46	37	0.98	1	1	24	14	0	2	C
I	2926235	A	M	58	4	6.45%	2	1	46	28	0.98	1	1	37	21	0	4	C
I	2943513	T	Y	123	11	8.21%	2	2	48	36	0.98	1	1	59	64	6	5	C
I	2943522	G	R	106	6	5.36%	2	2	50	32	0.98	1	1	50	56	4	2	A
I	2943600	C	M	111	7	5.93%	2	2	47	35	0.98	1	1	56	55	5	2	A
I	2943609	T	Y	102	8	7.27%	2	2	48	37	0.98	1	1	50	52	6	2	C
I	2944416	T	Y	150	8	5.06%	2	2	46	45	0.98	1	1	76	74	6	2	C
I	2944602	A	R	149	11	6.88%	2	1	45	37	0.98	1	1	83	66	0	11	G
I	2948600	G	K	30	2	6.25%	2	2	44	49	0.98	1	1	17	13	1	1	T
I	2954231	T	Y	35	2	5.41%	2	2	57	68	0.98	1	1	17	18	1	1	C
I	2958994	A	M	27	2	6.9%	2	1	43	25	0.98	1	1	16	11	0	2	C
I	2965228	T	W	28	2	6.67%	2	1	48	25	0.98	1	1	16	12	2	0	A
I	2973333	A	W	17	2	10.53%	2	1	34	31	0.98	1	1	13	4	0	2	T
I	2978948	T	K	35	2	5.41%	2	1	40	25	0.98	1	1	11	24	2	0	G
I	3004148	T	Y	38	4	9.52%	2	2	47	37	0.98	1	1	15	23	2	2	C
I	3004614	C	M	27	2	6.9%	2	2	44	25	0.98	1	1	9	18	1	1	A
I	3033365	C	M	18	3	14.29%	2	1	44	29	0.98	1	1	4	14	3	0	A
I	3077567	C	M	25	3	10.71%	2	1	37	29	0.98	1	1	7	18	3	0	A
I	3077589	C	M	26	2	7.14%	2	1	41	33	0.98	1	1	11	15	2	0	A
I	3091855	T	W	30	2	6.25%	2	1	46	74	0.98	1	1	17	13	2	0	A
I	3093784	A	W	40	5	11.11%	2	2	49	37	0.98	1	1	17	23	3	2	T
I	3100283	T	W	37	2	5.13%	2	1	40	25	0.98	1	1	26	11	0	2	A
I	3111508	A	G	0	32	100%	0	2	0	48	0.98	0	1	0	0	19	13	G
I	3115841	C	A	0	66	100%	0	2	0	48	0.98	0	1	0	0	47	19	A
I	3119299	G	A	0	21	100%	0	2	0	42	0.98	0	1	0	0	12	9	A
I	3140563	C	M	29	2	6.45%	2	1	40	37	0.98	1	1	21	8	0	2	A
I	3144735	G	K	22	2	8.33%	2	1	38	25	0.98	1	1	6	16	2	0	T
I	3144747	T	K	20	2	9.09%	2	1	38	22	0.98	1	1	6	14	2	0	G
I	3146269	A	C	0	29	100%	0	2	0	46	0.98	0	1	0	0	14	15	C
I	3151301	C	M	29	2	6.45%	2	1	46	22	0.98	1	1	11	18	2	0	A
I	3162047	T	K	24	4	14.29%	2	1	40	32	0.98	1	1	9	15	4	0	G
I	3166776	G	K	10	2	6.45%	2	1	38	33	0.98	1	1	8	2	0	2	+TTT
I	3179238	G	C	0	55	100%	0	2	0	45	0.98	0	1	0	0	34	21	C
I	3184543	T	W	38	2	5%	2	1	41	31	0.98	1	1	10	28	2	0	A
I	3184733	T	K	28	2	6.67%	2	1	45	25	0.98	1	1	13	15	2	0	G
I	3184773	G	K	35	2	5.41%	2	1	46	27	0.98	1	1	18	17	2	0	T
I	3208516	G	R	72	4	5.26%	2	1	50	34	0.98	1	1	40	32	0	4	A
I	3240684	T	W	35	2	5.41%	2	2	45	25	0.98	1	1	20	15	1	1	A
I	3241516	C	M	29	2	6.45%	2	1	43	33	0.98	1	1	21	8	0	2	A
I	3260291	A	M	59	4	6.35%	2	1	48	37	0.98	1	1	31	28	0	4	C
I	3262561	C	Y	22	2	8.33%	2	2	43	31	0.98	1	1	8	14	1	1	T
I	3262562	C	M	22	2	8.33%	2	2	43	37	0.98	1	1	8	14	1	1	A
I	3313394	C	S	50	5	9.09%	2	2	43	37	0.98	1	1	32	18	3	2	G
I	3335350	A	M	61	6	8.96%	2	1	45	27	0.98	1	1	43	18	0	6	C
I	3347256	C	M	34	2	5.56%	2	1	43	25	0.98	1	1	17	17	0	2	A
I	3359713	T	K	16	2	11.11%	2	1	52	31	0.98	1	1	11	5	0	2	G
I	3380478	C	M	35	2	5.41%	2	1	46	31	0.98	1	1	16	19	2	0	A
I	3397200	G	K	24	2	7.69%	2	1	43	29	0.98	1	1	16	8	0	2	T
I	3404590	C	M	16	2	11.11%	2	1	39	31	0.98	1	1	12	4	0	2	A
I	3449768	G	R	36	2	5.26%	2	1	45	37	0.98	1	1	12	24	0	2	A
I	3455628	C	M	56	4	6.67%	2	2	46	55	0.98	1	1	24	32	2	2	A
I	3459815	T	K	35	2	5.41%	2	1	45	23	0.98	1	1	17	18	0	2	G
I	3460170	T	Y	22	2	8.33%	2	1	47	55	0.98	1	1	13	9	0	2	C
I	3471132	C	M	21	2	8.7%	2	1	44	37	0.98	1	1	14	7	2	0	A
I	3472350	A	W	48	4	7.69%	2	1	42	28	0.98	1	1	28	20	0	4	T
I	3477624	T	K	36	2	5.26%	2	1	40	31	0.98	1	1	9	27	2	0	G
I	3477676	T	W	37	2	5.13%	2	1	43	33	0.98	1	1	21	16	2	0	A
I	3488139	A	R	41	3	6.67%	2	1	46	37	0.98	1	1	21	20	0	3	G
I	3492595	A	R	40	3	6.98%	2	2	45	70	0.98	1	1	18	22	2	1	G
I	3501055	G	R	20	2	5.41%	2	2	46	55	0.98	1	1	8	12	1	1	A
I	3509314	C	M	37	2	5.13%	2	1	41	33	0.98	1	1	19	18	0	2	A
I	3519683	G	K	11	2	15.38%	2	1	33	22	0.98	1	1	9	2	0	2	T
I	3519693	A	M	10	3	23.08%	2	1	45	25	0.98	1	1	7	3	0	3	C
I	3526406	A	R	38	2	5%	2	2	45	55	0.98	1	1	17	21	1	1	G
I	3526519	A	M	33	2	5.71%	2	1	47	25	0.98	1	1	18	15	0	2	C
I	3538450	A	T	0	21	100%	0	2	0	43	0.98	0	1	0	0	10	11	T
I	3546383	A	W	37	2	5.13%	2	2	44	31	0.98	1	1	20	17	1	1	T
I	3548913	T	A	0	26	100%	0	2	0	41	0.98	0	1	0	0	10	16	A
I	3557757	T	K	22	3	12%	2	1	44	25	0.98	1	1	6	16	3	0	G
I	3557792	C	M	21	2	8.7%	2	1	46	25	0.98	1	1	8	13	2	0	A
I	3576756	T	Y	4	5	33.33%	2	2	61	39	0.98	1	1	3	1	4	1	C
I	3583106	G	A	0	61	100%	0	2	0	50	0.98	0	1	0	0	30	31	A
I	3590359	C	M	31	2	6.06%	2	1	44	25	0.98	1	1	15	16	0	2	A
I	3596338	T	W	36	2	5.26%	2	1	43	31	0.98	1	1	15	21	2	0	A
I	3618296	A	M	41	3	6.82%	2	1	45	25	0.98	1	1	29	12	0	3	C
I	3625189	C	M	23	2	8%	2	1	40	25	0.98	1	1	8	15	2	0	A
I	3643991	G	R	28	4	12.5%	2	2	45	37	0.98	1	1	12	16	2	2	A
I	3645865	C	M	14	4	22.22%	2	1	36	29	0.98	1	1	11	3	0	4	A
I	3645880	A	M	14	4	22.22%	2	1	43	31	0.98	1	1	10	4	0	4	C
I	3657392	A	W	35	2	5.41%	2	1	38	31	0.98	1	1	30	5	0	2	T
I	3670602	A	W	19	6	24%	2	2	48	37	0.98	1	1	9	10	3	3	T
I	3699646	C	M	37	2	5.13%	2	1	48	25	0.98	1	1	19	18	2	0	A
I	3703674	G	R	33	2	5.71%	2	2	43	37	0.98	1	1	19	14	1	1	A
I	3718183	G	K	15	3	16.67%	2	1	40	49	0.98	1	1	11	4	0	3	T
I	3725137	T	Y	90	5	5.26%	2	2	49	37	0.98	1	1	31	59	2	3	C
I	3750299	T	K	39	3	7.14%	2	1	44	33	0.98	1	1	21	18	3	0	G
I	3755989	G	R	54	4	6.78%	2	1	51	37	0.98	1	1	25	29	4	0	A
I	3761504	C	M	116	7	5.69%	2	2	52	52	0.98	1	1	54	62	3	4	A
I	3768014	A	R	24	2	7.69%	2	2	44	37	0.98	1	1	12	12	1	1	G
I	3772787	C	M	35	2	5.41%	2	1	43	27	0.98	1	1	18	17	2	0	A
I	3773161	T	W	36	2	5.26%	2	2	40	37	0.98	1	1	25	11	1	1	A
I	3776966	C	M	25	3	10.71%	2	1	44	25	0.98	1	1	12	13	3	0	A
I	3780769	G	K	104	7	6.31%	2	2	48	63	0.98	1	1	55	49	5	2	T
I	3791511	T	K	33	2	5.71%	2	2	40	29	0.98	1	1	22	11	1	1	G
I	3803622	A	W	32	2	5.88%	2	1	43	25	0.98	1	1	19	13	0	2	T
I	3832371	T	K	31	2	6.06%	2	2	40	31	0.98	1	1	19	12	1	1	G
I	3846785	T	W	35	2	5.41%	2	2	42	28	0.98	1	1	13	22	1	1	A
I	3867937	A	R	57	3	5%	2	2	49	61	0.98	1	1	40	17	1	2	G
I	3876984	T	Y	99	6	5.71%	2	2	43	37	0.98	1	1	44	55	3	3	C
I	3886585	T	Y	33	2	5.71%	2	2	46	31	0.98	1	1	23	10	1	1	C
I	3910575	G	K	44	3	6.38%	2	1	39	29	0.98	1	1	41	3	0	3	T
I	3931434	A	M	31	2	6.06%	2	1	37	25	0.98	1	1	16	15	0	2	C
I	3939071	T	K	27	2	6.9%	2	2	45	74	0.98	1	1	15	12	1	1	G
I	3956398	C	Y	25	3	10.71%	2	1	43	37	0.98	1	1	11	14	3	0	T
I	3975007	A	R	37	2	5.13%	2	1	49	37	0.98	1	1	23	14	0	2	G
I	3984278	C	Y	174	15	7.89%	2	2	47	45	0.98	1	1	99	75	13	2	T
I	3987811	T	K	51	3	5.56%	2	1	41	31	0.98	1	1	19	32	3	0	G
I	3989782	C	T	0	5	100%	0	2	0	34	0.98	0	1	0	0	2	3	T
I	3989877	G	C	0	5	100%	0	2	0	44	0.98	0	1	0	0	4	1	C
I	3989878	A	T	0	5	100%	0	2	0	44	0.98	0	1	0	0	4	1	T
I	3989879	G	A	0	7	100%	0	2	0	40	0.98	0	1	0	0	5	2	A
I	3989919	A	R	39	6	13.33%	2	2	37	37	0.98	1	1	22	17	5	1	G
I	3989927	A	R	41	6	12.77%	2	2	41	37	0.98	1	1	22	19	5	1	G
I	3992214	C	A	1	20	95.24%	1	2	37	40	0.98	1	1	0	1	6	14	A
I	4063796	T	Y	99	8	7.41%	2	1	53	38	0.98	1	1	47	52	0	8	C
I	4063876	T	Y	72	4	5.26%	2	2	50	49	0.98	1	1	33	39	1	3	C
I	4067844	T	Y	28	2	6.67%	2	2	48	30	0.98	1	1	11	17	1	1	C
I	4086764	G	R	23	2	8%	2	2	56	55	0.98	1	1	11	12	1	1	A
I	4093665	T	K	25	2	7.41%	2	1	42	31	0.98	1	1	11	14	2	0	G
I	4108768	T	K	35	2	5.41%	2	1	38	25	0.98	1	1	22	13	2	0	G
I	4128531	C	Y	47	4	7.84%	2	2	44	37	0.98	1	1	23	24	2	2	T
I	4148810	A	M	15	3	16.67%	2	1	41	28	0.98	1	1	12	3	0	3	C
I	4153652	T	W	32	2	5.88%	2	1	39	25	0.98	1	1	16	16	0	2	A
I	4155846	A	M	35	2	5.41%	2	2	43	37	0.98	1	1	16	19	1	1	C
I	4159618	G	K	20	2	9.09%	2	1	39	27	0.98	1	1	12	8	0	2	T
I	4159666	C	M	26	2	7.14%	2	1	37	31	0.98	1	1	22	4	0	2	A
I	4169723	T	W	34	2	5.56%	2	2	43	37	0.98	1	1	13	21	1	1	A
I	4171453	A	R	53	3	5.36%	2	1	47	37	0.98	1	1	23	30	3	0	G
I	4189780	A	R	38	3	7.32%	2	2	45	37	0.98	1	1	20	18	1	2	G
I	4191782	A	W	34	2	5.56%	2	2	52	68	0.98	1	1	14	20	1	1	T
I	4192110	A	M	30	3	9.09%	2	1	39	37	0.98	1	1	13	17	0	3	C
I	4213246	T	K	31	2	6.06%	2	2	44	31	0.98	1	1	16	15	1	1	G
I	4215178	C	M	28	2	6.67%	2	1	37	37	0.98	1	1	26	2	0	2	A
I	4223448	C	M	12	3	20%	2	1	35	23	0.98	1	1	9	3	0	3	A
I	4234710	T	W	23	2	8%	2	1	45	31	0.98	1	1	5	18	2	0	A
I	4234734	T	W	35	2	5.41%	2	1	43	31	0.98	1	1	12	23	2	0	A
I	4242977	A	W	36	2	5.26%	2	1	42	25	0.98	1	1	14	22	0	2	T
I	4252722	A	R	26	2	7.14%	2	1	47	37	0.98	1	1	17	9	2	0	G
I	4252725	C	Y	27	2	6.9%	2	1	49	31	0.98	1	1	18	9	2	0	T
I	4268193	G	K	31	4	11.43%	2	1	43	27	0.98	1	1	15	16	4	0	T
I	4268916	T	K	45	4	8.16%	2	1	41	28	0.98	1	1	12	33	4	0	G
I	4276890	G	K	3	2	9.52%	2	1	49	27	0.98	1	1	1	2	0	2	+T
I	4293205	C	M	72	4	5.26%	2	1	42	37	0.98	1	1	27	45	4	0	A
I	4293237	T	K	55	3	5.17%	2	1	43	37	0.98	1	1	30	25	0	3	G
I	4311416	T	K	37	2	5.13%	2	1	49	25	0.98	1	1	22	15	2	0	G
I	4316464	T	Y	53	4	7.02%	2	1	49	37	0.98	1	1	24	29	4	0	C
I	4316686	G	R	38	2	5%	2	1	46	25	0.98	1	1	22	16	2	0	A
I	4316710	T	Y	34	5	12.82%	2	1	49	34	0.98	1	1	20	14	5	0	C
I	4317202	C	Y	35	2	5.41%	2	2	44	55	0.98	1	1	16	19	1	1	T
I	4317205	T	W	34	2	5.56%	2	2	45	55	0.98	1	1	14	20	1	1	A
I	4352130	A	W	30	2	6.25%	2	1	45	55	0.98	1	1	14	16	0	2	T
I	4352208	T	Y	36	4	10%	2	2	46	37	0.98	1	1	14	22	2	2	C
I	4356049	T	W	53	4	7.02%	2	2	48	37	0.98	1	1	26	27	2	2	A
I	4375421	A	T	0	28	100%	0	2	0	47	0.98	0	1	0	0	13	15	T
I	4388172	T	Y	32	2	5.88%	2	1	45	37	0.98	1	1	17	15	0	2	C
I	4400079	G	K	29	2	6.45%	2	1	46	29	0.98	1	1	10	19	0	2	T
I	4414208	T	W	23	2	8%	2	2	43	37	0.98	1	1	14	9	1	1	A
I	4414210	T	W	23	2	8%	2	2	44	37	0.98	1	1	14	9	1	1	A
I	4414711	G	K	21	2	8.7%	1	1	36	33	0.98	1	1	21	0	2	0	T
I	4434154	A	M	21	2	8.7%	2	2	48	25	0.98	1	1	12	9	1	1	C
I	4442714	G	A	0	70	100%	0	2	0	47	0.98	0	1	0	0	17	53	A
I	4472675	A	W	35	2	5.41%	2	1	39	37	0.98	1	1	11	24	0	2	T
I	4486311	C	M	13	3	18.75%	2	1	37	33	0.98	1	1	9	4	0	3	A
I	4486331	A	W	14	2	12.5%	2	1	36	25	0.98	1	1	7	7	0	2	T
I	4486333	G	K	12	3	20%	2	1	38	29	0.98	1	1	9	3	0	3	T
I	4486344	A	M	13	2	13.33%	2	1	39	31	0.98	1	1	7	6	0	2	C
I	4494430	G	K	15	2	11.11%	2	1	52	31	0.98	1	1	8	7	0	2	T
I	4494433	T	Y	14	2	11.11%	2	2	53	33	0.98	1	1	7	7	1	1	C
I	4494433	T	K	14	2	11.11%	2	2	53	37	0.98	1	1	7	7	1	1	C
I	4494502	G	R	24	2	7.69%	2	2	41	37	0.98	1	1	11	13	1	1	A
I	4494578	T	Y	25	2	7.41%	2	1	43	37	0.98	1	1	14	11	0	2	C
I	4509210	G	K	31	2	6.06%	2	2	45	25	0.98	1	1	12	19	1	1	T
I	4509328	A	W	35	2	5.41%	2	1	43	25	0.98	1	1	23	12	0	2	T
I	4512918	T	Y	42	12	22.22%	2	2	42	36	0.98	1	1	17	25	6	6	C
I	4522029	T	K	36	2	5.26%	2	1	50	25	0.98	1	1	19	17	2	0	G
I	4531712	A	W	33	2	5.71%	2	1	46	37	0.98	1	1	18	15	0	2	T
I	4533230	G	K	26	2	7.14%	2	1	38	25	0.98	1	1	13	13	0	2	T
I	4553903	A	R	38	5	11.63%	2	2	45	44	0.98	1	1	21	17	2	3	G
I	4557449	T	K	27	2	6.9%	2	1	41	25	0.98	1	1	5	22	2	0	G
I	4569477	C	Y	19	2	9.52%	2	1	46	37	0.98	1	1	11	8	0	2	T
I	4582665	T	W	33	3	8.33%	2	1	37	27	0.98	1	1	5	28	3	0	A
I	4599633	G	K	18	2	10%	2	1	35	27	0.98	1	1	9	9	0	2	T
I	4630327	C	Y	13	2	13.33%	2	2	41	37	0.98	1	1	7	6	1	1	T
I	4648145	G	K	25	2	6.9%	2	2	40	37	0.98	1	1	20	5	1	1	T
I	4648160	G	T	2	7	77.78%	2	2	37	37	0.98	1	1	1	1	3	4	T
I	4648161	G	T	6	21	77.78%	2	2	33	38	0.98	1	1	5	1	12	9	T
I	4657032	G	K	30	2	6.25%	2	1	41	29	0.98	1	1	16	14	0	2	T
I	4657095	C	M	19	2	9.52%	2	1	36	29	0.98	1	1	16	3	0	2	A
I	4657121	A	M	16	2	11.11%	2	1	43	25	0.98	1	1	13	3	0	2	C
I	4660666	T	W	35	2	5.41%	2	1	50	74	0.98	1	1	15	20	0	2	A
I	4692161	T	W	41	6	12.77%	2	2	53	37	0.98	1	1	19	22	3	3	A
I	4700979	T	K	25	3	10.71%	2	1	39	29	0.98	1	1	10	15	3	0	G
I	4700982	A	W	22	2	8.33%	2	1	42	31	0.98	1	1	7	15	2	0	T
I	4702263	T	Y	38	2	5%	2	2	48	31	0.98	1	1	21	17	1	1	C
I	4716429	T	Y	47	4	7.84%	2	2	46	46	0.98	1	1	23	24	1	3	C
I	4716658	C	M	29	4	12.12%	2	1	40	28	0.98	1	1	20	9	0	4	A
I	4716663	G	K	28	2	6.67%	2	1	45	37	0.98	1	1	17	11	0	2	T
I	4718757	C	M	84	5	5.62%	2	1	47	44	0.98	1	1	46	38	0	5	A
I	4723875	T	W	62	5	7.46%	2	2	48	32	0.98	1	1	30	32	3	2	A
I	4728012	G	R	29	2	6.45%	2	1	43	37	0.98	1	1	12	17	2	0	A
I	4737375	T	K	28	2	6.67%	2	2	44	37	0.98	1	1	19	9	1	1	G
I	4743363	T	W	28	2	6.67%	2	1	48	37	0.98	1	1	17	11	0	2	A
I	4764253	G	R	17	4	9.3%	2	1	41	30	0.98	1	1	13	4	0	4	A
I	4768862	A	W	37	2	5.13%	2	1	46	31	0.98	1	1	10	27	2	0	T
I	4823683	A	M	44	4	8.33%	2	2	46	30	0.98	1	1	17	27	1	3	C
I	4842729	T	K	34	2	5.56%	2	1	44	31	0.98	1	1	16	18	0	2	G
I	4854713	T	K	15	3	16.67%	2	1	46	29	0.98	1	1	7	8	3	0	G
I	4854723	C	M	10	2	16.67%	2	1	47	29	0.98	1	1	1	9	2	0	A
I	4864376	A	M	32	2	5.88%	2	1	48	25	0.98	1	1	12	20	0	2	C
I	4875182	T	K	36	2	5.26%	2	2	46	31	0.98	1	1	18	18	1	1	G
I	4875344	A	R	27	2	6.9%	2	1	47	74	0.98	1	1	16	11	2	0	G
I	4880950	G	R	27	2	6.9%	2	2	46	37	0.98	1	1	14	13	1	1	A
I	4885465	G	K	31	3	8.82%	2	1	41	26	0.98	1	1	16	15	3	0	T
I	4887559	C	Y	32	2	5.88%	2	2	41	37	0.98	1	1	15	17	1	1	T
I	4889211	T	K	38	2	5%	2	1	52	25	0.98	1	1	15	23	2	0	G
I	4893871	C	M	28	2	6.67%	2	1	38	25	0.98	1	1	20	8	0	2	A
I	4911427	G	K	10	2	16.67%	2	1	40	37	0.98	1	1	8	2	0	2	T
I	4911431	G	K	6	3	25%	2	1	41	37	0.98	1	1	5	1	0	3	T
I	4919603	A	G	0	69	100%	0	2	0	45	0.98	0	1	0	0	11	58	G
I	4951406	T	Y	26	2	7.14%	2	1	44	37	0.98	1	1	15	11	0	2	C
I	4955926	C	M	56	3	5.08%	2	1	47	30	0.98	1	1	27	29	0	3	A
I	4959999	C	M	32	2	5.88%	2	1	41	37	0.98	1	1	19	13	0	2	A
I	4965426	T	K	36	3	7.69%	2	1	44	29	0.98	1	1	10	26	3	0	G
I	4975851	T	K	18	2	10%	2	1	40	25	0.98	1	1	6	12	2	0	G
I	4978214	A	W	23	2	8%	2	1	40	37	0.98	1	1	13	10	0	2	T
I	4983252	A	M	28	2	6.67%	2	2	46	25	0.98	1	1	16	12	1	1	C
I	5002111	T	Y	59	8	11.94%	2	2	44	58	0.98	1	1	42	17	4	4	C
I	5009550	T	W	32	2	5.88%	2	2	42	68	0.98	1	1	12	20	1	1	A
I	5032774	A	M	35	2	5.41%	2	2	47	55	0.98	1	1	16	19	1	1	C
I	5036862	A	M	30	6	16.67%	2	1	37	29	0.98	1	1	27	3	0	6	C
I	5046056	G	K	58	8	12.12%	2	2	44	35	0.98	1	1	25	33	4	4	T
I	5046142	A	M	61	7	10.29%	2	2	44	42	0.98	1	1	24	37	3	4	C
I	5051630	C	M	48	3	5.88%	2	1	45	25	0.98	1	1	16	32	3	0	A
I	5061442	T	K	31	2	6.06%	2	1	46	31	0.98	1	1	18	13	2	0	G
I	5081297	G	K	43	3	6.52%	2	1	47	37	0.98	1	1	25	18	3	0	T
I	5081300	A	M	42	3	6.67%	2	1	47	37	0.98	1	1	24	18	3	0	C
I	5084114	C	M	25	2	7.41%	2	1	48	27	0.98	1	1	13	12	2	0	A
I	5090349	T	K	35	2	5.41%	2	2	51	25	0.98	1	1	16	19	1	1	G
I	5107727	A	W	21	2	8.7%	2	1	45	25	0.98	1	1	9	12	0	2	T
I	5107947	A	W	19	2	9.52%	2	2	40	37	0.98	1	1	9	10	1	1	T
I	5116358	A	M	48	5	9.43%	2	1	41	34	0.98	1	1	22	26	0	5	C
I	5127194	G	R	22	2	8.33%	2	1	42	37	0.98	1	1	11	11	2	0	A
I	5151469	G	R	28	3	9.68%	2	1	42	37	0.98	1	1	15	13	0	3	A
I	5156333	T	K	62	4	6.06%	2	2	51	37	0.98	1	1	29	33	2	2	G
I	5156336	C	M	62	4	6.06%	2	2	51	37	0.98	1	1	28	34	2	2	A
I	5167025	C	M	29	2	6.45%	2	1	47	24	0.98	1	1	20	9	0	2	A
I	5172743	A	W	34	2	5.56%	2	1	40	22	0.98	1	1	14	20	0	2	T
I	5172767	G	K	30	2	6.25%	2	1	42	37	0.98	1	1	19	11	0	2	T
I	5178026	A	M	35	2	5.41%	2	2	52	25	0.98	1	1	17	18	1	1	C
I	5183989	C	S	28	4	12.5%	2	2	43	37	0.98	1	1	13	15	2	2	G
I	5185987	C	M	24	2	7.69%	2	2	44	37	0.98	1	1	16	8	1	1	A
I	5202889	A	R	36	2	5.26%	2	2	45	37	0.98	1	1	20	16	1	1	G
I	5221352	T	K	39	4	9.3%	2	2	43	37	0.98	1	1	20	19	2	2	G
I	5232783	A	M	35	2	5.41%	2	1	42	25	0.98	1	1	24	11	0	2	C
I	5259440	T	W	36	2	5.26%	2	1	41	31	0.98	1	1	14	22	2	0	A
I	5271466	A	T	0	9	100%	0	2	0	35	0.98	0	1	0	0	1	8	T
I	5297803	A	W	36	2	5.26%	2	2	46	37	0.98	1	1	17	19	1	1	T
I	5300725	T	K	39	3	7.14%	2	1	42	27	0.98	1	1	11	28	3	0	G
I	5347172	G	K	13	3	18.75%	2	2	39	74	0.98	1	1	8	5	2	1	T
I	5360699	G	K	9	2	18.18%	2	1	34	27	0.98	1	1	1	8	2	0	T
I	5360720	T	K	10	2	16.67%	2	1	40	31	0.98	1	1	2	8	2	0	G
I	5368263	C	Y	5	3	37.5%	2	1	44	49	0.98	1	1	3	2	3	0	T
I	5391550	C	M	38	2	5%	2	1	42	25	0.98	1	1	23	15	2	0	A
I	5393052	G	K	23	2	8%	2	1	55	74	0.98	1	1	13	10	0	2	T
I	5400080	C	T	0	29	100%	0	2	0	41	0.98	0	1	0	0	13	16	T
I	5426636	C	Y	30	2	6.25%	2	1	40	37	0.98	1	1	13	17	2	0	T
I	5431678	G	K	47	3	6%	2	1	43	25	0.98	1	1	17	30	3	0	T
I	5435270	A	W	36	4	10%	2	2	52	37	0.98	1	1	22	14	2	2	T
I	5459480	T	K	24	2	7.69%	2	1	39	37	0.98	1	1	17	7	2	0	G
I	5481918	G	R	28	2	6.67%	2	2	46	37	0.98	1	1	8	20	1	1	A
I	5482090	T	Y	16	2	11.11%	2	1	51	74	0.98	1	1	7	9	0	2	C
I	5494477	G	S	36	2	5.26%	2	1	53	37	0.98	1	1	19	17	0	2	C
I	5510426	T	K	22	3	12%	2	2	40	49	0.98	1	1	13	9	1	2	G
I	5511113	T	Y	24	2	7.69%	2	2	54	37	0.98	1	1	16	8	1	1	C
I	5517179	A	M	43	3	6.52%	2	1	45	37	0.98	1	1	26	17	0	3	C
I	5521845	G	S	27	11	28.95%	2	2	39	40	0.98	1	1	9	18	4	7	C
I	5534392	A	R	12	2	14.29%	2	2	46	37	0.98	1	1	5	7	1	1	G
I	5552110	T	A	0	30	100%	0	2	0	48	0.98	0	1	0	0	17	13	A
I	5562193	A	R	51	15	22.73%	2	2	46	45	0.98	1	1	24	27	10	5	G
I	5562989	C	Y	20	2	9.09%	2	1	49	37	0.98	1	1	11	9	0	2	T
I	5566414	A	M	36	2	5.26%	2	2	42	37	0.98	1	1	20	16	1	1	C
I	5568014	G	R	29	5	14.71%	2	2	41	37	0.98	1	1	13	16	3	2	A
I	5569168	A	R	57	11	16.18%	2	2	48	48	0.98	1	1	20	37	5	6	G
I	5569182	A	W	58	6	9.38%	2	2	48	48	0.98	1	1	23	35	2	4	T
I	5571061	T	W	32	3	8.57%	2	2	39	37	0.98	1	1	18	14	1	2	A
I	5572215	T	Y	82	5	5.75%	2	2	44	44	0.98	1	1	51	31	4	1	C
I	5572952	T	W	111	6	5.13%	2	2	50	63	0.98	1	1	78	33	4	2	A
I	5573076	T	Y	88	10	10.2%	2	2	45	43	0.98	1	1	38	50	7	3	C
I	5573156	G	R	116	8	6.45%	2	1	48	43	0.98	1	1	66	50	8	0	A
I	5573676	T	Y	60	7	10.45%	2	2	44	52	0.98	1	1	39	21	6	1	C
I	5573851	T	Y	50	3	5.66%	2	2	48	33	0.98	1	1	18	32	2	1	C
I	5576809	C	Y	16	19	54.29%	2	2	38	48	0.98	1	1	8	8	9	10	T
I	5579055	C	Y	12	8	40%	2	2	51	49	0.98	1	1	2	10	1	7	T
II	7207	T	Y	22	6	21.43%	2	2	47	43	0.98	1	1	10	12	5	1	C
II	46943	G	R	14	3	15.79%	2	1	31	34	0.98	1	1	3	11	3	0	A
II	46943	G	K	14	2	10.53%	2	1	31	31	0.98	1	1	3	11	2	0	A
II	46952	G	K	17	2	10.53%	1	1	33	25	0.98	1	1	0	17	2	0	T
II	47148	T	W	34	2	5.56%	2	2	46	25	0.98	1	1	21	13	1	1	A
II	47752	G	K	26	2	7.14%	2	1	42	31	0.98	1	1	13	13	2	0	T
II	53240	T	W	22	5	18.52%	2	1	39	28	0.98	1	1	16	6	0	5	A
II	53249	A	M	20	7	25.93%	2	1	37	32	0.98	1	1	15	5	0	7	C
II	60430	A	M	37	2	5.13%	2	1	44	25	0.98	1	1	12	25	0	2	C
II	65988	G	S	38	2	5%	2	1	42	37	0.98	1	1	17	21	0	2	C
II	73650	C	M	33	2	5.71%	2	1	48	25	0.98	1	1	10	23	2	0	A
II	78405	A	M	29	2	6.45%	2	1	40	33	0.98	1	1	24	5	0	2	C
II	88327	T	W	33	2	5.71%	2	1	47	37	0.98	1	1	15	18	2	0	A
II	91221	C	M	16	2	11.11%	2	1	42	25	0.98	1	1	13	3	2	0	A
II	105544	T	Y	54	3	5.26%	2	2	50	61	0.98	1	1	27	27	2	1	C
II	105613	C	Y	55	3	5.17%	2	1	44	61	0.98	1	1	23	32	0	3	T
II	105874	T	Y	88	8	8.33%	2	2	50	46	0.98	1	1	51	37	5	3	C
II	105886	T	Y	81	10	10.99%	2	2	49	51	0.98	1	1	47	34	7	3	C
II	105889	C	Y	82	10	10.87%	2	2	49	51	0.98	1	1	50	32	7	3	T
II	105916	C	Y	81	10	10.99%	2	2	49	42	0.98	1	1	52	29	4	6	T
II	105931	A	W	67	9	11.84%	2	2	50	48	0.98	1	1	44	23	3	6	T
II	105934	T	K	67	8	10.67%	2	2	50	49	0.98	1	1	41	26	4	4	G
II	105936	T	W	69	7	9.21%	2	2	50	52	0.98	1	1	44	25	3	4	A
II	105973	T	Y	75	7	8.54%	2	2	51	45	0.98	1	1	44	31	2	5	C
II	105974	A	R	73	7	8.75%	2	2	52	47	0.98	1	1	43	30	2	5	G
II	106638	T	Y	66	4	5.71%	2	2	43	55	0.98	1	1	28	38	1	3	C
II	111414	C	Y	41	4	8.89%	2	2	45	46	0.98	1	1	18	23	3	1	T
II	111538	G	R	45	5	10%	2	1	48	37	0.98	1	1	27	18	5	0	A
II	112002	G	R	67	5	6.94%	2	2	44	44	0.98	1	1	32	35	4	1	A
II	112026	G	R	60	5	7.69%	2	2	45	59	0.98	1	1	34	26	3	2	A
II	112202	C	Y	56	3	5.08%	2	2	46	49	0.98	1	1	24	32	1	2	T
II	112203	G	R	57	3	5%	2	2	46	49	0.98	1	1	24	33	1	2	A
II	112260	A	R	76	10	11.63%	2	2	54	43	0.98	1	1	40	36	4	6	G
II	112287	A	R	80	6	6.98%	2	2	54	37	0.98	1	1	42	38	2	4	G
II	112290	G	R	79	5	5.95%	2	2	51	37	0.98	1	1	42	37	2	3	A
II	112302	G	R	74	8	9.64%	2	2	50	50	0.98	1	1	41	33	6	2	A
II	112314	G	R	74	8	9.76%	2	2	52	44	0.98	1	1	40	34	6	2	A
II	112347	A	R	76	7	8.43%	2	2	52	61	0.98	1	1	46	30	4	3	G
II	112352	C	M	64	4	5.88%	2	1	47	27	0.98	1	1	45	19	0	4	A
II	112368	G	R	65	16	19.75%	2	2	47	54	0.98	1	1	35	30	6	10	A
II	112563	A	R	37	2	5.13%	2	2	43	55	0.98	1	1	12	25	1	1	G
II	112710	A	R	36	2	5.26%	2	1	49	37	0.98	1	1	17	19	0	2	G
II	112713	G	R	36	2	5.26%	2	1	48	37	0.98	1	1	17	19	0	2	A
II	112716	C	Y	36	2	5.26%	2	1	49	37	0.98	1	1	17	19	0	2	T
II	112766	A	R	39	3	7.14%	2	1	50	37	0.98	1	1	25	14	0	3	G
II	114570	G	K	27	2	6.9%	2	2	42	31	0.98	1	1	11	16	1	1	T
II	144046	T	Y	66	4	5.71%	2	2	44	74	0.98	1	1	40	26	3	1	C
II	146629	T	Y	21	2	8.7%	2	2	44	37	0.98	1	1	10	11	1	1	C
II	154670	C	Y	24	3	11.11%	2	1	44	37	0.98	1	1	15	9	0	3	T
II	191601	T	K	38	2	5%	2	1	43	25	0.98	1	1	9	29	2	0	G
II	197350	C	Y	51	4	7.27%	2	2	47	34	0.98	1	1	31	20	2	2	T
II	201608	G	K	27	3	10%	2	1	42	25	0.98	1	1	13	14	3	0	T
II	201616	C	M	22	2	8.33%	2	1	45	27	0.98	1	1	10	12	2	0	A
II	202663	T	W	50	3	5.66%	2	2	44	37	0.98	1	1	23	27	1	2	A
II	206540	G	K	45	3	6.25%	2	1	45	34	0.98	1	1	29	16	0	3	T
II	207282	C	M	31	2	6.06%	2	2	47	37	0.98	1	1	23	8	1	1	A
II	219967	A	M	24	2	7.69%	2	1	37	25	0.98	1	1	7	17	2	0	C
II	228335	G	K	24	4	14.29%	2	2	41	37	0.98	1	1	17	7	2	2	T
II	237180	A	M	31	3	8.82%	2	1	40	37	0.98	1	1	27	4	0	3	C
II	257487	C	Y	50	8	13.79%	2	2	48	49	0.98	1	1	34	16	5	3	T
II	266718	A	C	0	58	100%	0	2	0	42	0.98	0	1	0	0	17	41	C
II	266780	T	A	0	43	100%	0	2	0	39	0.98	0	1	0	0	32	11	A
II	269430	G	K	34	3	8.11%	2	1	38	25	0.98	1	1	7	27	3	0	T
II	276539	A	T	0	46	100%	0	2	0	48	0.98	0	1	0	0	20	26	T
II	285566	A	M	70	6	7.89%	2	2	45	57	0.98	1	1	25	45	4	2	C
II	286250	C	Y	41	4	8.89%	2	2	45	37	0.98	1	1	25	16	2	2	T
II	295791	A	M	25	2	7.41%	2	2	42	37	0.98	1	1	20	5	1	1	C
II	305457	T	Y	32	2	5.88%	2	1	44	74	0.98	1	1	19	13	0	2	C
II	309002	T	K	19	2	9.09%	2	2	34	31	0.98	1	1	3	16	1	1	G
II	339408	T	K	15	3	16.67%	2	1	37	29	0.98	1	1	2	13	3	0	G
II	339471	C	M	18	2	10%	2	1	45	29	0.98	1	1	9	9	2	0	A
II	342319	A	M	36	2	5.26%	2	2	46	23	0.98	1	1	12	24	1	1	C
II	348327	G	R	46	3	6.12%	2	2	53	37	0.98	1	1	22	24	1	2	A
II	353401	A	W	33	3	8.33%	2	1	43	23	0.98	1	1	25	8	0	3	T
II	353409	G	K	32	2	5.88%	2	1	42	29	0.98	1	1	22	10	0	2	T
II	358720	G	R	36	2	5.26%	2	2	44	37	0.98	1	1	15	21	1	1	A
II	405253	G	S	26	2	7.14%	2	2	39	37	0.98	1	1	9	17	1	1	C
II	446513	C	S	46	3	6.12%	2	1	43	37	0.98	1	1	16	30	3	0	G
II	465554	G	K	20	2	9.09%	2	1	43	37	0.98	1	1	4	16	2	0	T
II	522537	G	K	8	2	20%	2	1	38	31	0.98	1	1	6	2	0	2	T
II	526938	T	K	107	26	19.4%	2	2	47	38	0.98	1	1	37	70	14	12	G
II	526945	G	K	122	11	8.15%	2	2	49	47	0.98	1	1	46	76	3	8	T
II	526951	C	Y	153	404	72.4%	2	2	51	48	0.98	1	1	58	95	182	222	T
II	526965	T	Y	493	82	14.21%	2	2	51	47	0.98	1	1	218	275	23	59	C
II	526998	G	R	102	16	13.56%	2	2	41	42	0.98	1	1	60	42	7	9	A
II	529872	C	M	34	3	8.11%	2	1	38	29	0.98	1	1	26	8	0	3	A
II	529881	A	M	36	2	5.26%	2	1	39	27	0.98	1	1	28	8	0	2	C
II	540591	C	M	25	4	13.79%	2	1	41	31	0.98	1	1	8	17	4	0	A
II	540601	T	W	24	2	7.69%	2	1	41	33	0.98	1	1	9	15	2	0	A
II	540603	C	M	26	2	7.14%	2	1	40	25	0.98	1	1	10	16	2	0	A
II	540611	G	K	27	2	6.9%	2	1	38	25	0.98	1	1	9	18	2	0	T
II	545682	G	K	28	2	6.67%	2	1	36	27	0.98	1	1	22	6	0	2	T
II	545701	G	K	24	3	11.11%	2	1	39	24	0.98	1	1	19	5	0	3	T
II	545713	G	K	28	2	6.67%	2	1	37	51	0.98	1	1	20	8	0	2	T
II	561013	G	K	19	2	9.52%	2	1	42	27	0.98	1	1	13	6	0	2	T
II	561034	C	M	22	2	8.33%	2	1	42	25	0.98	1	1	13	9	0	2	A
II	561065	A	W	17	3	15%	2	1	39	37	0.98	1	1	9	8	0	3	T
II	561090	A	W	22	2	8.33%	2	2	39	25	0.98	1	1	7	15	1	1	T
II	593655	C	M	31	2	6.06%	2	1	50	31	0.98	1	1	17	14	2	0	A
II	603280	T	A	0	4	100%	0	1	0	37	0.98	0	1	0	0	0	4	A
II	610306	G	R	30	2	6.25%	2	1	44	37	0.98	1	1	12	18	0	2	A
II	610738	G	K	33	4	10.81%	2	1	39	26	0.98	1	1	7	26	4	0	T
II	621679	A	M	37	2	5.13%	2	2	45	37	0.98	1	1	16	21	1	1	C
II	645174	C	M	21	2	8.7%	2	1	41	27	0.98	1	1	8	13	2	0	A
II	669622	G	K	10	2	16.67%	2	1	47	31	0.98	1	1	6	4	0	2	T
II	670493	G	R	98	9	8.33%	2	2	44	41	0.98	1	1	35	63	5	4	A
II	670541	A	W	124	7	5.34%	2	2	46	35	0.98	1	1	46	78	1	6	T
II	671077	C	Y	112	14	11.02%	2	2	48	37	0.98	1	1	54	58	4	10	T
II	685728	G	A	0	33	100%	0	2	0	46	0.98	0	1	0	0	19	14	A
II	689020	A	W	117	8	6.4%	2	2	49	44	0.98	1	1	65	52	3	5	T
II	689022	C	S	120	7	5.51%	2	2	49	39	0.98	1	1	66	54	2	5	G
II	689330	T	Y	91	23	20%	2	2	44	38	0.98	1	1	54	37	12	11	C
II	689356	T	Y	118	9	7.09%	2	2	42	34	0.98	1	1	65	53	6	3	C
II	689434	C	Y	102	7	6.42%	2	2	38	34	0.98	1	1	55	47	6	1	T
II	689485	A	T	0	95	100%	0	2	0	39	0.98	0	1	0	0	55	40	T
II	689487	A	C	0	96	100%	0	2	0	39	0.98	0	1	0	0	54	42	C
II	689578	T	Y	124	7	5.34%	2	2	42	42	0.98	1	1	54	70	2	5	C
II	689601	C	Y	116	9	7.2%	2	2	42	45	0.98	1	1	54	62	1	8	T
II	689709	C	Y	107	7	6.14%	2	2	42	37	0.98	1	1	59	48	4	3	T
II	689752	T	Y	104	8	7.14%	2	2	44	37	0.98	1	1	54	50	5	3	C
II	689781	C	Y	94	10	9.52%	2	2	43	37	0.98	1	1	57	37	4	6	T
II	689794	T	C	3	110	97.35%	2	2	49	43	0.98	1	1	1	2	59	51	C
II	689834	G	S	124	9	6.77%	2	2	45	37	0.98	1	1	59	65	6	3	C
II	689996	A	R	125	14	10.07%	2	2	45	37	0.98	1	1	72	53	2	12	G
II	690001	T	K	132	11	7.69%	2	2	46	36	0.98	1	1	72	60	7	4	G
II	690040	T	Y	151	22	12.72%	2	2	44	51	0.98	1	1	93	58	12	10	C
II	690190	T	Y	173	10	5.46%	2	2	45	40	0.98	1	1	76	97	7	3	C
II	690283	C	Y	158	15	8.67%	2	2	44	39	0.98	1	1	88	70	7	8	T
II	690298	T	Y	161	9	5.29%	2	2	44	41	0.98	1	1	85	76	5	4	C
II	690436	T	Y	156	9	5.45%	2	2	43	35	0.98	1	1	72	84	4	5	C
II	690580	T	Y	131	7	5%	2	2	47	35	0.98	1	1	44	87	4	3	C
II	690685	T	K	114	10	8.06%	2	2	44	35	0.98	1	1	50	64	1	9	G
II	690721	T	K	112	7	5.88%	2	2	46	38	0.98	1	1	54	58	3	4	G
II	690770	G	S	104	9	7.96%	2	2	48	39	0.98	1	1	40	64	4	5	C
II	690874	C	Y	16	41	71.93%	2	2	44	40	0.98	1	1	7	9	5	36	T
II	690892	A	W	12	26	68.42%	2	2	52	37	0.98	1	1	5	7	2	24	T
II	690894	C	S	13	25	65.79%	2	2	49	37	0.98	1	1	6	7	1	24	G
II	690895	T	Y	15	22	59.46%	2	2	50	35	0.98	1	1	6	9	1	21	C
II	690899	G	S	12	26	68.42%	2	2	54	36	0.98	1	1	5	7	1	25	C
II	690904	T	Y	12	26	68.42%	2	2	54	36	0.98	1	1	5	7	1	25	C
II	690910	T	Y	35	3	7.89%	2	2	44	37	0.98	1	1	6	29	1	2	C
II	690914	C	S	37	2	5.13%	2	2	43	37	0.98	1	1	8	29	1	1	G
II	690976	T	Y	15	2	11.76%	2	1	55	55	0.98	1	1	6	9	2	0	C
II	691002	C	S	19	2	9.52%	2	1	54	31	0.98	1	1	10	9	0	2	G
II	691007	C	S	16	4	20%	2	2	61	34	0.98	1	1	9	7	1	3	G
II	691009	G	K	19	2	9.52%	2	1	59	37	0.98	1	1	10	9	0	2	T
II	691014	G	S	17	3	15%	2	1	55	37	0.98	1	1	10	7	0	3	C
II	691015	T	W	17	3	15%	2	1	54	37	0.98	1	1	10	7	0	3	A
II	691018	C	Y	18	3	14.29%	2	1	56	37	0.98	1	1	10	8	0	3	T
II	691039	T	Y	15	4	21.05%	2	2	53	34	0.98	1	1	9	6	1	3	C
II	691216	A	W	5	2	28.57%	2	1	51	37	0.98	1	1	3	2	0	2	T
II	691218	C	S	5	2	28.57%	2	1	51	31	0.98	1	1	3	2	0	2	G
II	691441	T	K	4	2	33.33%	2	1	74	37	0.98	1	1	1	3	0	2	G
II	692452	T	Y	2	3	60%	2	2	55	33	0.98	1	1	1	1	1	2	C
II	692534	C	S	11	2	15.38%	2	2	67	29	0.98	1	1	7	4	1	1	G
II	692625	T	Y	7	2	22.22%	2	1	58	37	0.98	1	1	4	3	2	0	C
II	692951	G	S	6	2	25%	2	2	37	31	0.98	1	1	5	1	1	1	C
II	692956	T	Y	9	4	30.77%	2	2	39	37	0.98	1	1	7	2	3	1	C
II	693028	T	Y	28	2	6.67%	2	2	43	42	0.98	1	1	26	2	1	1	C
II	693034	C	Y	30	2	6.25%	2	2	43	55	0.98	1	1	26	4	1	1	T
II	693057	C	Y	14	21	60%	2	2	51	43	0.98	1	1	11	3	19	2	T
II	693059	T	K	13	23	63.89%	2	2	51	42	0.98	1	1	11	2	20	3	G
II	693070	C	Y	18	19	51.35%	2	2	51	40	0.98	1	1	14	4	17	2	T
II	693091	T	Y	19	22	53.66%	2	2	44	40	0.98	1	1	15	4	19	3	C
II	693106	T	Y	35	8	18.6%	2	2	43	35	0.98	1	1	28	7	5	3	C
II	693110	C	S	40	3	6.98%	2	2	44	37	0.98	1	1	31	9	2	1	G
II	693129	C	S	29	2	6.45%	2	1	42	31	0.98	1	1	21	8	2	0	G
II	693162	G	S	27	2	6.9%	2	1	43	37	0.98	1	1	13	14	2	0	C
II	693172	C	Y	18	5	21.74%	2	2	45	37	0.98	1	1	9	9	3	2	T
II	693178	C	Y	27	2	6.9%	2	1	47	37	0.98	1	1	16	11	0	2	T
II	693196	A	W	31	2	6.06%	2	2	46	55	0.98	1	1	18	13	1	1	T
II	693201	T	Y	32	2	5.71%	2	1	44	33	0.98	1	1	20	12	2	0	C
II	693203	G	K	30	2	6.25%	2	2	44	33	0.98	1	1	18	12	1	1	T
II	693214	C	Y	40	3	6.98%	2	1	43	33	0.98	1	1	23	17	3	0	T
II	693232	A	W	44	3	6.38%	2	2	46	37	0.98	1	1	26	18	1	2	T
II	693239	G	S	41	5	10.87%	2	2	49	35	0.98	1	1	23	18	2	3	C
II	693244	T	Y	41	7	14.29%	2	2	51	37	0.98	1	1	21	20	5	2	C
II	693326	C	S	51	5	8.93%	2	2	46	35	0.98	1	1	26	25	4	1	G
II	693345	C	S	36	6	12%	2	2	47	35	0.98	1	1	19	17	5	1	G
II	693345	C	Y	36	7	14%	2	2	47	35	0.98	1	1	19	17	4	3	T
II	693347	T	K	43	4	8.33%	2	2	49	39	0.98	1	1	23	20	1	3	G
II	693388	T	Y	35	8	18.6%	2	2	45	35	0.98	1	1	15	20	5	3	C
II	693412	A	W	35	2	5.41%	2	2	41	33	0.98	1	1	22	13	1	1	T
II	693426	G	S	31	2	6.06%	2	1	47	37	0.98	1	1	16	15	2	0	C
II	693427	T	W	30	2	6.25%	2	1	47	37	0.98	1	1	15	15	2	0	A
II	693430	C	Y	30	2	6.25%	2	2	46	37	0.98	1	1	17	13	1	1	T
II	693498	G	S	4	2	33.33%	1	2	34	55	0.98	1	1	4	0	1	1	C
II	693499	C	M	0	3	37.5%	0	2	0	49	0.98	0	1	0	0	2	1	A
II	693499	C	Y	0	5	62.5%	0	2	0	34	0.98	0	1	0	0	4	1	T
II	693502	C	Y	11	2	15.38%	2	2	46	37	0.98	1	1	8	3	1	1	T
II	693529	T	G	1	19	95%	1	2	25	46	0.98	1	1	1	0	10	9	G
II	693532	C	Y	14	7	33.33%	2	2	52	33	0.98	1	1	8	6	3	4	T
II	693538	C	Y	24	2	7.69%	2	2	46	55	0.98	1	1	13	11	1	1	T
II	693568	T	Y	20	26	56.52%	2	2	52	40	0.98	1	1	9	11	17	9	C
II	693570	G	S	19	25	56.82%	2	2	56	40	0.98	1	1	9	10	17	8	C
II	693571	T	W	20	24	54.55%	2	2	55	41	0.98	1	1	10	10	16	8	A
II	693595	C	Y	59	6	9.09%	2	2	47	35	0.98	1	1	33	26	3	3	T
II	693709	T	K	121	8	6.2%	2	2	51	37	0.98	1	1	67	54	3	5	G
II	693754	T	Y	121	8	6.2%	2	2	50	37	0.98	1	1	61	60	5	3	C
II	693808	A	W	111	6	5.13%	2	2	50	37	0.98	1	1	51	60	1	5	T
II	693820	T	Y	111	7	5.93%	2	2	50	37	0.98	1	1	49	62	2	5	C
II	693921	C	S	78	6	6.9%	2	2	43	32	0.98	1	1	39	39	1	5	G
II	693964	T	Y	86	10	10.42%	2	2	47	40	0.98	1	1	39	47	6	4	C
II	694060	T	W	51	5	8.93%	2	2	40	36	0.98	1	1	24	27	3	2	A
II	694062	G	S	51	6	10.53%	2	2	38	37	0.98	1	1	21	30	4	2	C
II	694065	T	Y	52	3	5.45%	2	2	40	37	0.98	1	1	22	30	2	1	C
II	694067	C	Y	50	3	5.66%	2	2	39	37	0.98	1	1	23	27	2	1	T
II	694069	G	K	54	3	5.26%	2	2	40	37	0.98	1	1	24	30	2	1	T
II	694072	C	Y	52	3	5.45%	2	2	39	37	0.98	1	1	21	31	2	1	T
II	694074	G	S	48	6	11.11%	2	2	40	35	0.98	1	1	20	28	4	2	C
II	694075	T	W	46	6	11.54%	2	2	37	34	0.98	1	1	19	27	3	3	A
II	694105	T	G	1	42	97.67%	1	2	37	41	0.98	1	1	0	1	15	27	G
II	694114	C	Y	45	4	8.16%	2	1	40	37	0.98	1	1	18	27	0	4	T
II	694144	T	Y	55	8	12.7%	2	2	43	46	0.98	1	1	21	34	2	6	C
II	694146	G	S	58	5	7.94%	2	2	43	56	0.98	1	1	21	37	2	3	C
II	694147	T	W	57	6	9.52%	2	2	44	53	0.98	1	1	21	36	2	4	A
II	694171	C	Y	58	6	9.38%	2	2	44	34	0.98	1	1	26	32	2	4	T
II	694186	T	Y	63	21	25%	2	2	44	42	0.98	1	1	27	36	7	14	C
II	694252	C	Y	41	9	18%	2	2	43	36	0.98	1	1	18	23	3	6	T
II	694288	C	T	8	26	76.47%	2	2	35	39	0.98	1	1	5	3	10	16	T
II	694607	G	S	6	2	25%	2	1	49	37	0.98	1	1	3	3	0	2	C
II	694618	T	Y	12	3	20%	2	1	42	49	0.98	1	1	3	9	0	3	C
II	694672	T	W	26	2	7.14%	2	1	42	37	0.98	1	1	6	20	0	2	A
II	694674	G	S	29	2	6.45%	2	1	41	37	0.98	1	1	6	23	0	2	C
II	694684	T	Y	27	2	6.9%	2	1	41	37	0.98	1	1	5	22	0	2	C
II	694726	C	Y	25	4	13.79%	2	2	39	55	0.98	1	1	3	22	3	1	T
II	694756	T	C	5	20	80%	2	2	51	38	0.98	1	1	1	4	1	19	C
II	694798	C	Y	5	2	28.57%	2	1	44	37	0.98	1	1	1	4	0	2	T
II	694965	T	Y	4	3	42.86%	2	1	44	45	0.98	1	1	1	3	3	0	C
II	694967	G	K	4	3	42.86%	2	1	52	49	0.98	1	1	2	2	3	0	T
II	694982	T	Y	2	4	66.67%	2	2	37	55	0.98	1	1	1	1	2	2	C
II	695041	T	G	0	20	100%	0	2	0	45	0.98	0	1	0	0	16	4	G
II	695080	T	Y	29	3	9.38%	2	2	50	49	0.98	1	1	21	8	1	2	C
II	695647	A	W	3	2	40%	2	1	49	37	0.98	1	1	1	2	2	0	T
II	695666	T	Y	4	5	55.56%	2	2	55	34	0.98	1	1	2	2	1	4	C
II	695723	G	K	19	2	9.52%	2	1	37	33	0.98	1	1	2	17	0	2	T
II	695824	A	W	8	2	20%	1	2	37	42	0.98	1	1	0	8	1	1	T
II	695826	C	S	8	2	20%	1	2	37	55	0.98	1	1	0	8	1	1	G
II	695827	C	T	2	8	80%	2	1	49	37	0.98	1	1	1	1	0	8	T
II	695831	G	S	8	3	27.27%	1	2	37	40	0.98	1	1	0	8	1	2	C
II	695908	T	Y	14	3	17.65%	2	2	37	30	0.98	1	1	5	9	2	1	C
II	695939	G	K	15	2	11.76%	2	1	43	37	0.98	1	1	5	10	2	0	T
II	695950	C	Y	15	2	11.76%	2	1	39	33	0.98	1	1	5	10	2	0	T
II	695980	T	Y	7	9	56.25%	2	2	40	41	0.98	1	1	3	4	4	5	C
II	696011	G	S	4	2	33.33%	1	1	44	37	0.98	1	1	0	4	2	0	C
II	696150	C	S	5	2	28.57%	2	1	52	31	0.98	1	1	3	2	2	0	G
II	696376	T	Y	10	3	23.08%	2	2	43	37	0.98	1	1	5	5	1	2	C
II	696448	C	Y	30	3	9.09%	2	2	52	37	0.98	1	1	10	20	2	1	T
II	696477	T	Y	31	2	6.06%	2	1	53	55	0.98	1	1	11	20	0	2	C
II	696479	G	K	31	2	6.06%	2	2	55	33	0.98	1	1	11	20	1	1	T
II	696548	G	R	17	2	10.53%	2	1	49	31	0.98	1	1	8	9	0	2	A
II	696562	C	Y	14	2	12.5%	2	1	47	37	0.98	1	1	7	7	0	2	T
II	696598	C	Y	2	4	66.67%	2	1	37	37	0.98	1	1	1	1	4	0	T
II	696619	A	T	0	8	100%	0	1	0	37	0.98	0	1	0	0	8	0	T
II	696638	T	C	3	12	80%	1	1	57	37	0.98	1	1	3	0	12	0	C
II	696664	T	Y	20	4	16.67%	2	1	41	37	0.98	1	1	18	2	4	0	C
II	696695	G	K	36	2	5.13%	2	1	46	37	0.98	1	1	30	6	2	0	T
II	696922	T	Y	118	9	7.09%	2	2	48	39	0.98	1	1	68	50	6	3	C
II	697016	A	R	131	7	5.07%	2	2	46	35	0.98	1	1	72	59	1	6	G
II	697124	A	R	130	12	8.39%	2	2	45	39	0.98	1	1	71	59	5	7	G
II	697196	A	R	148	9	5.73%	2	2	46	38	0.98	1	1	73	75	4	5	G
II	697456	T	Y	119	8	6.25%	2	2	47	37	0.98	1	1	55	64	6	2	C
II	697498	C	Y	121	7	5.47%	2	2	43	31	0.98	1	1	57	64	3	4	T
II	697793	G	R	109	9	7.63%	2	2	49	37	0.98	1	1	62	47	6	3	A
II	697847	G	S	122	10	7.58%	2	2	49	42	0.98	1	1	69	53	5	5	C
II	697852	T	Y	122	12	8.96%	2	2	48	45	0.98	1	1	67	55	7	5	C
II	697858	T	Y	116	14	10.77%	2	2	48	54	0.98	1	1	59	57	8	6	C
II	698101	T	K	78	5	6.02%	2	2	45	44	0.98	1	1	28	50	2	3	G
II	699951	T	G	0	27	100%	0	2	0	49	0.98	0	1	0	0	6	21	G
II	699952	G	T	0	25	100%	0	2	0	51	0.98	0	1	0	0	5	20	T
II	699961	A	T	0	26	100%	0	2	0	47	0.98	0	1	0	0	4	22	T
II	700019	T	A	0	21	100%	0	2	0	40	0.98	0	1	0	0	6	15	A
II	700020	C	T	0	20	100%	0	2	0	41	0.98	0	1	0	0	6	14	T
II	700021	A	C	0	21	100%	0	2	0	40	0.98	0	1	0	0	6	15	C
II	700024	T	A	0	20	100%	0	2	0	41	0.98	0	1	0	0	6	14	A
II	700028	A	T	0	24	100%	0	2	0	40	0.98	0	1	0	0	7	17	T
II	700105	T	K	26	7	21.21%	2	2	44	47	0.98	1	1	19	7	4	3	G
II	700113	A	T	0	35	100%	0	2	0	46	0.98	0	1	0	0	25	10	T
II	709357	C	S	35	2	5.41%	2	2	51	37	0.98	1	1	21	14	1	1	G
II	716287	A	W	33	2	5.71%	2	1	41	25	0.98	1	1	18	15	0	2	T
II	716933	T	Y	49	3	5.77%	2	2	46	33	0.98	1	1	26	23	2	1	C
II	757018	C	M	31	2	6.06%	2	1	45	25	0.98	1	1	7	24	2	0	A
II	780143	G	K	56	3	5.08%	2	1	42	31	0.98	1	1	37	19	3	0	T
II	782375	G	R	17	2	10.53%	2	1	43	37	0.98	1	1	15	2	0	2	A
II	783803	A	W	29	2	6.45%	2	1	45	25	0.98	1	1	23	6	0	2	T
II	789035	T	K	43	3	6.52%	2	1	44	29	0.98	1	1	11	32	3	0	G
II	789052	G	K	45	4	8.16%	2	1	44	25	0.98	1	1	11	34	4	0	T
II	812785	C	M	28	2	6.67%	2	1	39	31	0.98	1	1	8	20	2	0	A
II	819261	A	R	35	2	5.41%	2	2	44	74	0.98	1	1	21	14	1	1	G
II	833375	A	W	34	4	10.53%	2	2	44	37	0.98	1	1	18	16	2	2	T
II	833378	G	R	41	4	8.89%	2	2	45	37	0.98	1	1	22	19	2	2	A
II	837408	G	K	14	2	12.5%	2	1	37	24	0.98	1	1	11	3	0	2	T
II	846475	A	W	53	4	7.02%	2	2	47	55	0.98	1	1	39	14	1	3	T
II	847499	T	W	13	2	13.33%	2	2	41	31	0.98	1	1	7	6	1	1	A
II	847509	T	W	18	2	10%	2	1	41	31	0.98	1	1	7	11	0	2	A
II	869806	G	C	0	35	100%	0	2	0	46	0.98	0	1	0	0	20	15	C
II	871498	G	K	17	2	10.53%	2	1	44	25	0.98	1	1	7	10	2	0	T
II	879033	T	A	0	18	100%	0	2	0	41	0.98	0	1	0	0	5	13	A
II	887796	T	W	22	2	8.33%	2	2	42	37	0.98	1	1	6	16	1	1	A
II	889943	A	W	20	2	9.09%	2	1	45	45	0.98	1	1	7	13	2	0	T
II	905328	A	R	36	2	5.26%	2	1	48	74	0.98	1	1	15	21	2	0	G
II	923205	G	K	19	2	9.52%	2	1	40	31	0.98	1	1	8	11	0	2	T
II	923543	C	A	0	40	100%	0	2	0	47	0.98	0	1	0	0	24	16	A
II	935253	A	R	34	2	5.56%	2	2	45	74	0.98	1	1	18	16	1	1	G
II	943554	C	A	0	42	100%	0	2	0	42	0.98	0	1	0	0	21	21	A
II	944786	G	K	28	2	6.67%	2	2	42	31	0.98	1	1	21	7	1	1	T
II	944795	C	M	25	3	10.71%	2	1	36	25	0.98	1	1	21	4	0	3	A
II	944805	G	K	22	2	8.33%	2	1	38	27	0.98	1	1	19	3	0	2	T
II	944812	A	M	29	2	6.45%	2	1	38	33	0.98	1	1	22	7	0	2	C
II	945928	C	M	27	2	6.9%	2	1	43	74	0.98	1	1	16	11	2	0	A
II	953201	A	G	0	35	100%	0	2	0	41	0.98	0	1	0	0	17	18	G
II	957061	T	K	22	5	18.52%	2	1	40	37	0.98	1	1	7	15	0	5	G
II	960002	T	W	23	2	8%	2	2	45	37	0.98	1	1	11	12	1	1	A
II	966407	C	Y	20	2	9.09%	2	2	47	37	0.98	1	1	8	12	1	1	T
II	966433	C	Y	17	2	10.53%	2	1	41	55	0.98	1	1	3	14	0	2	T
II	967094	A	G	0	26	100%	0	2	0	46	0.98	0	1	0	0	7	19	G
II	993042	C	M	31	2	6.06%	2	1	43	31	0.98	1	1	23	8	0	2	A
II	993056	G	K	26	3	10.34%	2	1	36	25	0.98	1	1	24	2	0	3	T
II	997683	A	R	29	3	9.38%	2	1	48	57	0.98	1	1	18	11	0	3	G
II	1006335	T	Y	31	2	6.06%	2	2	48	37	0.98	1	1	16	15	1	1	C
II	1011174	A	W	56	3	5.08%	2	1	42	34	0.98	1	1	33	23	0	3	T
II	1019625	T	K	12	2	14.29%	2	1	39	37	0.98	1	1	1	11	2	0	G
II	1019652	C	M	13	4	23.53%	2	1	36	25	0.98	1	1	2	11	4	0	A
II	1019657	G	K	12	3	20%	2	1	36	37	0.98	1	1	1	11	3	0	T
II	1019691	G	K	18	2	10%	2	1	39	31	0.98	1	1	4	14	2	0	T
II	1020666	T	K	34	2	5.56%	2	1	46	55	0.98	1	1	15	19	2	0	G
II	1033402	G	K	31	2	6.06%	2	1	46	74	0.98	1	1	13	18	2	0	T
II	1033484	A	R	31	2	6.06%	2	1	45	74	0.98	1	1	18	13	0	2	G
II	1033502	T	Y	26	2	7.14%	2	2	44	74	0.98	1	1	16	10	1	1	C
II	1033507	C	M	28	2	6.67%	2	2	43	61	0.98	1	1	18	10	1	1	A
II	1036165	G	A	0	50	100%	0	2	0	48	0.98	0	1	0	0	31	19	A
II	1045135	A	R	33	2	5.41%	2	2	48	37	0.98	1	1	18	15	1	1	G
II	1045135	A	W	33	2	5.41%	2	2	48	25	0.98	1	1	18	15	1	1	G
II	1053820	T	Y	33	2	5.71%	2	1	56	37	0.98	1	1	12	21	0	2	C
II	1073008	T	K	38	2	5%	2	1	44	25	0.98	1	1	20	18	2	0	G
II	1074552	T	K	25	4	13.79%	2	1	43	27	0.98	1	1	11	14	4	0	G
II	1074560	C	M	30	2	6.25%	2	1	40	31	0.98	1	1	12	18	2	0	A
II	1074564	T	K	29	2	6.45%	2	1	41	31	0.98	1	1	11	18	2	0	G
II	1081711	C	M	13	2	13.33%	2	1	48	27	0.98	1	1	2	11	2	0	A
II	1081717	T	W	10	2	16.67%	2	1	48	27	0.98	1	1	3	7	2	0	A
II	1081742	C	M	16	2	11.11%	2	1	45	27	0.98	1	1	7	9	2	0	A
II	1082080	T	Y	36	2	5.26%	2	1	52	29	0.98	1	1	23	13	0	2	C
II	1085188	A	W	42	3	6.67%	2	1	44	26	0.98	1	1	31	11	0	3	T
II	1085205	C	M	38	3	7.32%	2	1	44	29	0.98	1	1	31	7	0	3	A
II	1086796	A	M	32	2	5.88%	2	1	43	37	0.98	1	1	18	14	2	0	C
II	1102116	T	K	17	3	15%	2	1	36	30	0.98	1	1	1	16	3	0	G
II	1104941	G	K	14	2	9.09%	1	1	37	25	0.98	1	1	14	0	0	2	-T
II	1104983	C	M	26	2	7.14%	2	1	40	31	0.98	1	1	5	21	2	0	A
II	1110483	A	W	11	2	15.38%	2	1	41	25	0.98	1	1	3	8	2	0	T
II	1110501	T	K	11	2	15.38%	2	1	43	25	0.98	1	1	6	5	2	0	G
II	1115134	T	K	26	4	12.9%	2	1	37	31	0.98	1	1	1	25	4	0	G
II	1115155	C	M	29	2	6.45%	2	2	38	33	0.98	1	1	2	27	1	1	A
II	1117441	G	S	37	2	5.13%	2	1	47	25	0.98	1	1	17	20	2	0	C
II	1127829	G	R	22	5	18.52%	2	2	46	42	0.98	1	1	17	5	3	2	A
II	1129047	G	K	35	3	7.89%	2	1	45	37	0.98	1	1	23	12	3	0	T
II	1129048	A	M	35	3	7.89%	2	1	44	33	0.98	1	1	23	12	3	0	C
II	1133401	T	W	36	2	5.26%	2	1	47	55	0.98	1	1	17	19	2	0	A
II	1143246	G	K	21	2	8.7%	2	1	37	23	0.98	1	1	17	4	2	0	T
II	1149977	G	K	17	2	10.53%	1	1	36	33	0.98	1	1	0	17	2	0	T
II	1155903	T	A	0	40	100%	0	2	0	48	0.98	0	1	0	0	6	34	A
II	1159678	G	C	0	22	100%	0	2	0	49	0.98	0	1	0	0	11	11	C
II	1159694	A	T	0	22	100%	0	2	0	50	0.98	0	1	0	0	12	10	T
II	1163155	T	W	2	2	50%	1	2	55	37	0.98	1	1	0	2	1	1	A
II	1167146	A	W	38	2	5%	2	1	42	37	0.98	1	1	21	17	0	2	T
II	1177474	A	W	22	2	8.33%	2	1	44	37	0.98	1	1	12	10	2	0	T
II	1180570	C	M	35	2	5.41%	2	2	44	22	0.98	1	1	15	20	1	1	A
II	1180603	C	M	33	2	5.71%	2	1	43	23	0.98	1	1	13	20	2	0	A
II	1180612	C	M	37	2	5.13%	2	1	45	21	0.98	1	1	13	24	2	0	A
II	1205223	T	K	20	2	9.09%	2	1	42	25	0.98	1	1	9	11	2	0	G
II	1205279	G	S	15	2	11.76%	2	1	50	25	0.98	1	1	8	7	2	0	C
II	1254878	C	Y	14	2	12.5%	2	2	38	37	0.98	1	1	4	10	1	1	T
II	1259797	A	M	20	2	9.09%	2	1	39	31	0.98	1	1	6	14	2	0	C
II	1261726	G	K	38	2	5%	2	2	47	37	0.98	1	1	22	16	1	1	T
II	1266104	T	K	22	4	15.38%	2	2	44	37	0.98	1	1	10	12	2	2	G
II	1289733	T	W	38	2	5%	2	2	41	37	0.98	1	1	14	24	1	1	A
II	1289738	C	Y	37	2	5.13%	2	2	43	37	0.98	1	1	16	21	1	1	T
II	1300034	C	M	35	4	10%	2	2	41	39	0.98	1	1	25	10	2	2	A
II	1300043	C	M	37	6	13.33%	2	2	39	45	0.98	1	1	26	11	3	3	A
II	1300049	C	M	38	7	15.56%	2	2	40	47	0.98	1	1	28	10	5	2	A
II	1300055	G	R	40	10	19.61%	2	2	39	51	0.98	1	1	30	10	6	4	A
II	1300061	G	R	42	14	25%	2	2	39	51	0.98	1	1	29	13	10	4	A
II	1300067	G	R	40	15	25.86%	2	2	39	52	0.98	1	1	30	10	7	8	A
II	1300073	G	R	45	14	22.22%	2	2	39	56	0.98	1	1	33	12	7	7	A
II	1300079	T	W	41	17	28.33%	2	2	40	57	0.98	1	1	29	12	9	8	A
II	1300082	G	R	42	17	27.87%	2	2	39	55	0.98	1	1	30	12	10	7	A
II	1300103	C	M	49	16	24.62%	2	2	44	69	0.98	1	1	31	18	5	11	A
II	1300115	G	R	41	21	33.33%	2	2	43	61	0.98	1	1	28	13	10	11	A
II	1300121	C	M	41	25	37.88%	2	2	41	60	0.98	1	1	28	13	10	15	A
II	1300124	C	M	40	24	37.5%	2	2	40	66	0.98	1	1	27	13	10	14	A
II	1300130	C	M	42	24	36.36%	2	2	42	58	0.98	1	1	28	14	12	12	A
II	1300153	G	R	47	4	7.69%	2	1	43	37	0.98	1	1	22	25	4	0	A
II	1344686	C	M	38	2	5%	2	1	45	25	0.98	1	1	21	17	0	2	A
II	1349744	G	S	44	3	6.38%	2	2	44	49	0.98	1	1	22	22	1	2	C
II	1359271	T	W	24	2	7.69%	2	2	41	25	0.98	1	1	13	11	1	1	A
II	1375711	T	W	34	2	5.56%	2	2	47	37	0.98	1	1	21	13	1	1	A
II	1375717	T	W	31	2	6.06%	2	2	49	37	0.98	1	1	19	12	1	1	A
II	1375721	T	W	30	2	6.25%	2	2	49	37	0.98	1	1	19	11	1	1	A
II	1389317	C	M	29	2	6.45%	2	1	47	25	0.98	1	1	21	8	0	2	A
II	1392708	A	M	27	2	6.9%	2	2	47	37	0.98	1	1	15	12	1	1	C
II	1401659	T	W	28	2	6.67%	2	1	44	37	0.98	1	1	17	11	2	0	A
II	1403392	G	K	37	3	7.5%	2	1	44	25	0.98	1	1	19	18	0	3	T
II	1403439	C	M	31	5	13.89%	2	1	46	27	0.98	1	1	16	15	0	5	A
II	1413588	T	C	0	53	100%	0	2	0	49	0.98	0	1	0	0	17	36	C
II	1428360	A	M	22	2	8.33%	2	1	49	31	0.98	1	1	10	12	0	2	C
II	1435474	A	W	17	3	15%	2	1	37	37	0.98	1	1	5	12	3	0	T
II	1493739	G	R	31	2	6.06%	2	1	51	37	0.98	1	1	16	15	2	0	A
II	1525056	A	W	31	2	6.06%	2	1	48	37	0.98	1	1	13	18	0	2	T
II	1545027	C	M	11	2	9.52%	2	1	37	22	0.98	1	1	7	4	0	2	A
II	1547073	A	M	36	2	5.26%	2	1	53	37	0.98	1	1	18	18	0	2	C
II	1555108	A	R	37	2	5.13%	2	2	46	74	0.98	1	1	21	16	1	1	G
II	1555935	C	M	5	4	44.44%	2	2	39	35	0.98	1	1	2	3	3	1	A
II	1569457	A	M	25	6	19.35%	2	1	46	27	0.98	1	1	16	9	0	6	C
II	1581246	T	K	18	2	10%	2	1	41	25	0.98	1	1	9	9	2	0	G
II	1588936	G	R	3	3	33.33%	1	1	37	37	0.98	1	1	3	0	0	3	A
II	1589171	C	M	28	2	6.67%	2	2	50	37	0.98	1	1	11	17	1	1	A
II	1606809	G	K	127	8	5.88%	2	2	51	60	0.98	1	1	53	74	5	3	T
II	1607095	A	R	16	4	20%	2	2	52	37	0.98	1	1	4	12	2	2	G
II	1613039	A	R	41	4	8.89%	2	2	52	35	0.98	1	1	16	25	1	3	G
II	1619110	G	K	19	2	9.52%	2	1	39	28	0.98	1	1	6	13	2	0	T
II	1624864	T	K	30	2	6.25%	2	1	46	31	0.98	1	1	13	17	2	0	G
II	1628012	G	K	21	2	8.7%	2	1	46	27	0.98	1	1	10	11	2	0	T
II	1635004	A	M	50	4	7.41%	2	1	42	27	0.98	1	1	40	10	0	4	C
II	1637244	T	W	75	4	5.06%	2	1	43	28	0.98	1	1	20	55	4	0	A
II	1658147	C	M	30	2	6.25%	2	2	40	25	0.98	1	1	20	10	1	1	A
II	1658518	G	K	28	2	6.67%	2	1	43	21	0.98	1	1	18	10	2	0	T
II	1666855	A	W	38	2	5%	2	1	50	31	0.98	1	1	11	27	0	2	T
II	1672859	C	T	0	47	100%	0	2	0	52	0.98	0	1	0	0	25	22	T
II	1673002	G	C	0	48	100%	0	2	0	43	0.98	0	1	0	0	21	27	C
II	1678543	G	K	33	2	5.71%	2	1	52	25	0.98	1	1	22	11	2	0	T
II	1678693	T	A	0	42	100%	0	2	0	45	0.98	0	1	0	0	28	14	A
II	1683324	T	G	0	61	100%	0	2	0	45	0.98	0	1	0	0	21	40	G
II	1689462	A	W	38	3	7.32%	2	2	39	45	0.98	1	1	22	16	1	2	T
II	1697124	C	T	0	48	100%	0	2	0	56	0.98	0	1	0	0	23	25	T
II	1716256	G	K	17	2	7.41%	2	1	42	31	0.98	1	1	11	6	0	2	+T
II	1716272	C	Y	9	25	71.43%	2	2	34	37	0.98	1	1	5	4	10	15	T
II	1716273	T	Y	20	13	39.39%	2	1	43	30	0.98	1	1	9	11	0	13	C
II	1716288	G	T	0	29	100%	0	2	0	38	0.98	0	1	0	0	9	20	T
II	1716318	A	G	0	38	100%	0	2	0	40	0.98	0	1	0	0	4	34	G
II	1716320	T	G	0	40	100%	0	2	0	39	0.98	0	1	0	0	5	35	G
II	1716326	G	T	0	45	100%	0	2	0	42	0.98	0	1	0	0	7	38	T
II	1718173	C	Y	24	4	14.29%	2	2	45	37	0.98	1	1	12	12	2	2	T
II	1726395	A	R	31	3	8.82%	2	1	42	37	0.98	1	1	15	16	3	0	G
II	1731275	G	R	48	3	5.88%	2	2	47	37	0.98	1	1	28	20	2	1	A
II	1731371	A	R	46	4	8%	2	2	52	37	0.98	1	1	25	21	1	3	G
II	1751778	T	W	56	3	5.08%	2	1	43	31	0.98	1	1	20	36	3	0	A
II	1757724	C	M	32	2	5.88%	2	2	43	22	0.98	1	1	12	20	1	1	A
II	1764572	T	W	27	2	6.9%	2	1	48	25	0.98	1	1	16	11	2	0	A
II	1781884	A	W	36	2	5.26%	2	2	45	37	0.98	1	1	16	20	1	1	T
II	1784826	G	A	0	44	100%	0	2	0	47	0.98	0	1	0	0	25	19	A
II	1849777	G	A	0	23	100%	0	2	0	45	0.98	0	1	0	0	16	7	A
II	1850335	G	K	45	3	6.25%	2	1	52	61	0.98	1	1	23	22	3	0	T
II	1870435	G	R	32	4	11.11%	2	2	45	37	0.98	1	1	13	19	2	2	A
II	1873782	C	M	27	2	6.9%	2	1	44	37	0.98	1	1	12	15	0	2	A
II	1939707	G	K	31	2	6.06%	2	2	37	23	0.98	1	1	19	12	1	1	T
II	1951098	C	M	51	3	5.56%	2	1	45	29	0.98	1	1	20	31	3	0	A
II	1951122	C	M	48	4	7.69%	2	1	39	30	0.98	1	1	7	41	4	0	A
II	1953407	T	Y	3	2	11.76%	2	2	28	37	0.98	1	1	2	1	1	1	C
II	1958448	T	W	27	2	6.9%	2	1	46	37	0.98	1	1	13	14	2	0	A
II	1962419	T	A	0	83	100%	0	2	0	48	0.98	0	1	0	0	49	34	A
II	1962439	A	G	0	82	100%	0	2	0	48	0.98	0	1	0	0	49	33	G
II	1962458	T	A	0	76	100%	0	2	0	47	0.98	0	1	0	0	44	32	A
II	1962935	A	M	37	2	5.13%	2	1	45	31	0.98	1	1	19	18	0	2	C
II	1987098	C	A	0	48	100%	0	2	0	43	0.98	0	1	0	0	23	25	A
II	1996802	C	Y	33	2	5.71%	2	2	46	55	0.98	1	1	10	23	1	1	T
II	1998473	T	K	35	2	5.41%	2	2	44	31	0.98	1	1	20	15	1	1	G
II	1999308	A	W	34	4	10.53%	2	2	49	33	0.98	1	1	16	18	2	2	T
II	2023193	G	K	10	2	11.76%	1	1	35	33	0.98	1	1	10	0	0	2	+TT
II	2024228	A	W	52	3	5.45%	2	1	45	37	0.98	1	1	29	23	0	3	T
II	2024233	A	W	51	3	5.56%	2	1	47	37	0.98	1	1	28	23	0	3	T
II	2030621	T	W	21	2	8.7%	2	1	46	61	0.98	1	1	11	10	2	0	A
II	2044929	A	T	0	41	100%	0	2	0	53	0.98	0	1	0	0	22	19	T
II	2048764	G	R	31	2	6.06%	2	1	45	37	0.98	1	1	22	9	0	2	A
II	2063740	C	M	25	2	7.41%	2	1	40	27	0.98	1	1	12	13	0	2	A
II	2075766	A	W	41	3	6.82%	2	1	38	29	0.98	1	1	36	5	0	3	T
II	2075792	A	M	35	5	12.5%	2	1	39	38	0.98	1	1	32	3	0	5	C
II	2090606	A	M	27	2	6.9%	2	1	41	27	0.98	1	1	22	5	0	2	C
II	2095508	A	R	17	2	10.53%	2	2	43	37	0.98	1	1	8	9	1	1	G
II	2115428	T	W	56	9	13.85%	2	2	45	45	0.98	1	1	25	31	6	3	A
II	2126046	A	W	21	2	8.7%	2	1	41	29	0.98	1	1	19	2	0	2	T
II	2126079	G	S	21	2	8.7%	2	1	37	24	0.98	1	1	20	1	0	2	C
II	2147728	C	Y	37	2	5.13%	2	1	46	37	0.98	1	1	17	20	0	2	T
II	2150927	T	Y	36	2	5.26%	2	2	49	37	0.98	1	1	24	12	1	1	C
II	2159919	G	K	30	2	6.25%	2	1	42	27	0.98	1	1	9	21	2	0	T
II	2160528	C	M	28	2	6.67%	2	1	47	29	0.98	1	1	13	15	2	0	A
II	2164979	T	K	26	3	10.34%	2	1	44	37	0.98	1	1	12	14	0	3	G
II	2180857	C	Y	35	4	10.26%	2	2	45	37	0.98	1	1	14	21	2	2	T
II	2185733	G	R	31	2	6.06%	2	2	42	37	0.98	1	1	16	15	1	1	A
II	2186169	T	W	13	2	13.33%	2	1	48	31	0.98	1	1	10	3	0	2	A
II	2186175	A	M	12	2	14.29%	2	1	40	31	0.98	1	1	10	2	0	2	C
II	2186418	A	R	18	2	10%	2	2	43	37	0.98	1	1	14	4	1	1	G
II	2190754	C	M	27	2	6.9%	2	1	47	37	0.98	1	1	14	13	0	2	A
II	2195722	T	Y	48	3	5.88%	2	2	47	49	0.98	1	1	17	31	2	1	C
II	2214973	C	Y	37	2	5.13%	2	1	50	37	0.98	1	1	19	18	2	0	T
II	2218101	T	Y	54	12	18.18%	2	2	47	39	0.98	1	1	23	31	6	6	C
II	2219938	G	K	28	2	6.67%	2	1	44	31	0.98	1	1	16	12	2	0	T
II	2228775	T	G	1	32	96.97%	1	2	74	47	0.98	1	1	1	0	20	12	G
II	2228777	G	T	0	31	100%	0	2	0	47	0.98	0	1	0	0	19	12	T
II	2240033	T	W	26	2	7.14%	2	2	40	37	0.98	1	1	9	17	1	1	A
II	2269528	G	K	21	2	8.7%	2	1	43	27	0.98	1	1	3	18	2	0	T
II	2273607	G	S	49	4	7.55%	2	2	44	37	0.98	1	1	15	34	2	2	C
II	2287447	T	W	33	2	5.71%	2	2	45	37	0.98	1	1	11	22	1	1	A
II	2294436	T	W	19	3	13.64%	2	1	44	37	0.98	1	1	9	10	0	3	A
II	2304759	A	W	37	4	9.76%	2	2	48	37	0.98	1	1	20	17	2	2	T
II	2317213	C	M	30	2	6.25%	2	1	40	27	0.98	1	1	7	23	2	0	A
II	2318833	T	W	19	2	9.52%	2	1	40	27	0.98	1	1	5	14	2	0	A
II	2342672	G	K	26	2	7.14%	2	1	36	55	0.98	1	1	11	15	0	2	T
II	2360221	T	K	38	3	7.32%	2	1	45	25	0.98	1	1	8	30	3	0	G
II	2369064	T	Y	32	2	5.88%	2	2	45	68	0.98	1	1	14	18	1	1	C
II	2371615	G	K	61	4	6.15%	2	2	46	37	0.98	1	1	21	40	2	2	T
II	2384446	G	K	18	2	10%	2	1	46	33	0.98	1	1	3	15	2	0	T
II	2403176	T	Y	35	3	7.89%	2	2	45	61	0.98	1	1	17	18	2	1	C
II	2404974	C	M	29	2	6.45%	2	1	36	31	0.98	1	1	15	14	2	0	A
II	2405672	A	M	15	2	11.11%	2	1	37	25	0.98	1	1	13	2	0	2	C
II	2412250	C	M	33	3	8.33%	2	2	48	49	0.98	1	1	18	15	1	2	A
II	2421416	C	M	16	2	11.11%	2	1	46	27	0.98	1	1	1	15	2	0	A
II	2424612	A	R	35	2	5.41%	2	2	45	74	0.98	1	1	12	23	1	1	G
II	2424616	C	Y	35	2	5.41%	2	2	46	74	0.98	1	1	12	23	1	1	T
II	2436580	C	G	0	59	100%	0	2	0	46	0.98	0	1	0	0	23	36	G
II	2437564	A	W	86	11	11.34%	2	2	48	35	0.98	1	1	40	46	6	5	T
II	2437567	T	Y	85	9	9.57%	2	2	48	37	0.98	1	1	38	47	6	3	C
II	2437570	T	W	89	11	11%	2	2	48	35	0.98	1	1	40	49	7	4	A
II	2437571	G	S	87	12	12.12%	2	2	48	34	0.98	1	1	42	45	6	6	C
II	2437612	A	W	142	41	22.4%	2	2	48	42	0.98	1	1	72	70	19	22	T
II	2437627	C	Y	94	93	49.73%	2	2	46	44	0.98	1	1	44	50	52	41	T
II	2437629	G	R	143	41	22.28%	2	2	48	45	0.98	1	1	67	76	28	13	A
II	2437646	G	R	156	42	21.21%	2	2	49	46	0.98	1	1	80	76	25	17	A
II	2437651	T	W	187	16	7.88%	2	2	50	33	0.98	1	1	95	92	11	5	A
II	2437655	G	R	192	14	6.8%	2	1	51	30	0.98	1	1	92	100	14	0	A
II	2437661	T	W	194	19	8.92%	2	2	50	35	0.98	1	1	94	100	13	6	A
II	2437666	T	Y	198	17	7.87%	2	2	51	31	0.98	1	1	100	98	12	5	C
II	2437684	T	W	143	77	35%	2	2	52	46	0.98	1	1	80	63	43	34	A
II	2437688	A	R	146	72	33.03%	2	2	54	47	0.98	1	1	86	60	39	33	G
II	2437720	A	W	194	21	9.77%	2	2	50	32	0.98	1	1	117	77	13	8	T
II	2437737	A	R	171	18	9.52%	2	2	49	35	0.98	1	1	94	77	12	6	G
II	2437754	G	R	197	12	5.69%	2	2	49	35	0.98	1	1	115	82	10	2	A
II	2437769	A	W	160	36	18.37%	2	2	48	39	0.98	1	1	89	71	22	14	T
II	2437771	A	M	158	34	17.71%	2	2	48	41	0.98	1	1	89	69	20	14	C
II	2437780	A	W	162	21	11.48%	2	2	50	36	0.98	1	1	84	78	12	9	T
II	2437783	T	Y	163	15	8.43%	2	2	49	36	0.98	1	1	87	76	9	6	C
II	2437786	T	W	157	15	8.72%	2	2	50	35	0.98	1	1	80	77	9	6	A
II	2437787	G	S	156	16	9.3%	2	2	50	36	0.98	1	1	80	76	9	7	C
II	2437855	A	M	84	63	42.86%	2	2	47	49	0.98	1	1	45	39	17	46	C
II	2437871	A	R	140	8	5.41%	2	2	50	37	0.98	1	1	67	73	1	7	G
II	2437918	T	Y	115	40	25.81%	2	2	48	52	0.98	1	1	54	61	15	25	C
II	2437936	A	W	123	25	16.89%	2	2	50	57	0.98	1	1	53	70	9	16	T
II	2437942	G	K	118	28	19.18%	2	2	50	55	0.98	1	1	50	68	12	16	T
II	2437951	C	Y	116	24	17.14%	2	2	49	50	0.98	1	1	48	68	8	16	T
II	2437970	G	R	128	17	11.72%	2	2	48	47	0.98	1	1	48	80	4	13	A
II	2437978	T	Y	123	12	8.89%	2	2	48	45	0.98	1	1	46	77	4	8	C
II	2437985	A	W	124	10	7.46%	2	2	47	48	0.98	1	1	45	79	3	7	T
II	2437987	A	M	120	10	7.69%	2	2	48	48	0.98	1	1	43	77	3	7	C
II	2443165	C	M	21	2	8.7%	2	1	36	25	0.98	1	1	13	8	0	2	A
II	2444543	T	C	0	63	100%	0	2	0	49	0.98	0	1	0	0	32	31	C
II	2451889	T	W	24	2	7.69%	2	2	47	25	0.98	1	1	13	11	1	1	A
II	2453275	T	K	50	8	13.79%	2	2	42	46	0.98	1	1	21	29	2	6	G
II	2488048	T	K	24	4	14.29%	2	1	41	31	0.98	1	1	3	21	4	0	G
II	2488053	G	K	27	2	6.9%	2	2	34	23	0.98	1	1	6	21	1	1	T
II	2499293	T	K	31	2	6.06%	2	2	40	37	0.98	1	1	14	17	1	1	G
II	2505190	C	Y	31	2	6.06%	2	2	54	37	0.98	1	1	13	18	1	1	T
II	2523603	G	K	24	2	7.69%	2	1	41	31	0.98	1	1	17	7	0	2	T
II	2523621	C	M	18	3	14.29%	2	1	41	30	0.98	1	1	12	6	0	3	A
II	2523624	C	M	8	4	22.22%	2	1	37	28	0.98	1	1	5	3	0	4	A
II	2537307	A	W	31	2	6.06%	2	1	41	31	0.98	1	1	15	16	0	2	T
II	2569123	A	W	36	2	5.26%	2	1	45	68	0.98	1	1	15	21	0	2	T
II	2619952	T	K	31	6	16.22%	2	2	45	37	0.98	1	1	14	17	3	3	G
II	2629877	A	M	35	2	5.41%	2	1	44	37	0.98	1	1	18	17	2	0	C
II	2630607	C	M	8	2	5.88%	2	1	47	31	0.98	1	1	3	5	0	2	A
II	2638951	G	K	18	2	10%	2	1	47	27	0.98	1	1	10	8	0	2	T
II	2658967	T	K	30	2	6.25%	2	2	45	31	0.98	1	1	25	5	1	1	G
II	2662019	T	K	20	2	9.09%	2	1	43	31	0.98	1	1	8	12	2	0	G
II	2676336	C	T	0	20	100%	0	2	0	43	0.98	0	1	0	0	11	9	T
II	2711216	T	W	19	2	9.52%	2	1	38	27	0.98	1	1	9	10	2	0	A
II	2711219	G	K	19	2	9.52%	2	1	40	33	0.98	1	1	9	10	2	0	T
II	2728591	C	Y	36	2	5.26%	2	1	44	31	0.98	1	1	17	19	2	0	T
II	2728592	G	K	37	2	5.13%	2	1	42	37	0.98	1	1	18	19	2	0	T
II	2739916	G	K	26	2	7.14%	2	1	42	31	0.98	1	1	15	11	2	0	T
II	2739943	G	K	22	2	8.33%	2	1	41	33	0.98	1	1	8	14	2	0	T
II	2755340	T	Y	15	2	11.76%	2	1	46	37	0.98	1	1	4	11	2	0	C
II	2755576	C	M	25	2	7.41%	2	1	47	25	0.98	1	1	16	9	0	2	A
II	2766641	T	K	30	2	6.25%	2	1	42	25	0.98	1	1	11	19	2	0	G
II	2766708	G	K	33	2	5.71%	2	1	46	31	0.98	1	1	13	20	2	0	T
II	2791399	A	M	35	2	5.41%	2	2	53	37	0.98	1	1	23	12	1	1	C
II	2792939	G	R	46	3	6.12%	2	2	45	37	0.98	1	1	27	19	2	1	A
II	2798515	G	A	0	5	100%	0	2	0	37	0.98	0	1	0	0	4	1	A
II	2798704	C	M	18	3	14.29%	2	1	38	33	0.98	1	1	12	6	0	3	A
II	2805964	A	M	43	3	6.52%	2	2	42	37	0.98	1	1	28	15	1	2	C
II	2806053	G	A	0	27	100%	0	2	0	48	0.98	0	1	0	0	15	12	A
II	2811496	A	C	0	2	100%	0	1	0	37	0.98	0	1	0	0	2	0	C
II	2820410	G	R	37	2	5.13%	2	2	42	37	0.98	1	1	19	18	1	1	A
II	2836161	G	K	37	2	5.13%	2	1	41	25	0.98	1	1	25	12	0	2	T
II	2836238	A	M	21	7	25%	2	1	43	31	0.98	1	1	19	2	0	7	C
II	2858960	T	K	35	2	5.41%	2	1	46	31	0.98	1	1	21	14	2	0	G
II	2864233	T	K	23	2	8%	2	1	47	31	0.98	1	1	14	9	2	0	G
II	2901509	G	T	0	73	100%	0	2	0	41	0.98	0	1	0	0	21	52	T
II	2907888	T	Y	56	4	6.67%	2	2	46	37	0.98	1	1	18	38	2	2	C
II	2911569	A	M	30	2	6.25%	2	1	47	25	0.98	1	1	11	19	0	2	C
II	2955092	A	W	25	2	7.41%	2	1	37	27	0.98	1	1	15	10	0	2	T
II	2955098	C	M	20	4	16.67%	2	1	40	26	0.98	1	1	15	5	0	4	A
II	2955111	C	M	16	2	11.11%	2	1	39	25	0.98	1	1	14	2	0	2	A
II	2955127	A	M	16	4	20%	2	1	35	34	0.98	1	1	12	4	0	4	C
II	2956088	A	M	50	3	5.66%	2	2	47	74	0.98	1	1	20	30	1	2	C
II	2992691	T	K	27	3	10%	2	2	46	49	0.98	1	1	16	11	2	1	G
II	3001231	A	M	33	2	5.71%	2	1	44	37	0.98	1	1	25	8	0	2	C
II	3006137	A	T	0	31	100%	0	2	0	42	0.98	0	1	0	0	19	12	T
II	3017563	C	M	31	2	6.06%	2	1	46	25	0.98	1	1	11	20	2	0	A
II	3038152	T	K	35	2	5.41%	2	1	43	31	0.98	1	1	22	13	2	0	G
II	3048581	T	K	34	2	5.56%	2	2	53	23	0.98	1	1	17	17	1	1	G
II	3073542	C	M	25	2	7.41%	2	1	43	31	0.98	1	1	6	19	2	0	A
II	3073587	C	M	28	2	6.67%	2	1	43	27	0.98	1	1	8	20	2	0	A
II	3139640	A	M	32	2	5.88%	2	1	42	37	0.98	1	1	7	25	0	2	C
II	3139644	G	K	19	2	9.52%	2	1	34	31	0.98	1	1	12	7	0	2	T
II	3160856	A	R	31	2	6.06%	2	2	48	37	0.98	1	1	17	14	1	1	G
II	3163024	C	M	25	2	7.41%	2	1	41	31	0.98	1	1	7	18	2	0	A
II	3170831	T	Y	35	2	5.41%	2	1	44	74	0.98	1	1	12	23	0	2	C
II	3171788	G	R	6	2	7.14%	2	1	40	37	0.98	1	1	5	1	0	2	A
II	3175989	G	K	17	2	10.53%	2	1	36	31	0.98	1	1	4	13	2	0	T
II	3201171	T	K	36	2	5.26%	2	1	47	25	0.98	1	1	17	19	2	0	G
II	3239093	T	W	30	4	11.76%	2	2	47	31	0.98	1	1	16	14	2	2	A
II	3239094	T	W	30	4	11.76%	2	2	47	34	0.98	1	1	16	14	2	2	A
II	3253437	C	M	13	2	13.33%	2	1	45	31	0.98	1	1	12	1	0	2	A
II	3279024	T	W	33	2	5.71%	2	1	43	31	0.98	1	1	7	26	2	0	A
II	3324403	T	G	0	35	100%	0	2	0	46	0.98	0	1	0	0	23	12	G
II	3339489	T	K	26	2	7.14%	2	1	47	27	0.98	1	1	7	19	2	0	G
II	3393274	A	W	26	2	7.14%	2	1	44	25	0.98	1	1	15	11	2	0	T
II	3419903	A	W	37	2	5.13%	2	1	43	37	0.98	1	1	16	21	0	2	T
II	3432359	T	K	25	2	7.41%	2	1	47	31	0.98	1	1	8	17	2	0	G
II	3438638	A	R	36	2	5.26%	2	2	45	29	0.98	1	1	18	18	1	1	G
II	3460581	T	K	37	3	7.5%	2	1	40	27	0.98	1	1	4	33	3	0	G
II	3505724	C	M	23	4	14.81%	2	1	47	32	0.98	1	1	15	8	0	4	A
II	3505735	A	W	25	2	7.41%	2	1	47	27	0.98	1	1	16	9	0	2	T
II	3505769	G	K	31	2	6.06%	2	1	44	31	0.98	1	1	20	11	0	2	T
II	3505775	C	M	28	4	12.5%	2	1	43	44	0.98	1	1	18	10	0	4	A
II	3518993	T	K	38	2	5%	2	2	49	23	0.98	1	1	16	22	1	1	G
II	3528544	A	W	46	3	6.12%	2	1	44	29	0.98	1	1	27	19	0	3	T
II	3528893	A	M	19	2	9.52%	2	1	42	27	0.98	1	1	14	5	0	2	C
II	3532163	A	M	20	3	12.5%	2	1	41	30	0.98	1	1	17	3	0	3	C
II	3545259	T	K	8	3	27.27%	2	1	45	29	0.98	1	1	2	6	3	0	G
II	3570265	A	M	33	2	5.71%	2	1	51	31	0.98	1	1	17	16	0	2	C
II	3573557	T	W	30	2	6.25%	2	2	43	74	0.98	1	1	13	17	1	1	A
II	3604256	G	K	38	2	5%	2	1	43	37	0.98	1	1	10	28	0	2	T
II	3606915	T	K	24	2	7.69%	2	1	40	25	0.98	1	1	4	20	2	0	G
II	3619997	G	K	44	3	6.38%	2	1	47	37	0.98	1	1	24	20	3	0	T
II	3637036	C	Y	25	3	10.71%	2	1	39	70	0.98	1	1	14	11	0	3	T
II	3642661	A	M	33	2	5.71%	2	1	42	49	0.98	1	1	17	16	0	2	C
II	3664407	A	W	25	3	10.71%	2	1	38	30	0.98	1	1	21	4	0	3	T
II	3673760	G	S	32	2	5.88%	2	1	45	74	0.98	1	1	17	15	0	2	C
II	3685035	T	K	30	2	6.25%	2	1	42	37	0.98	1	1	17	13	0	2	G
II	3698435	A	W	20	2	9.09%	2	1	46	31	0.98	1	1	13	7	2	0	T
II	3704074	A	M	12	2	14.29%	2	1	38	27	0.98	1	1	7	5	0	2	C
II	3732503	T	W	35	2	5.41%	2	1	45	31	0.98	1	1	25	10	0	2	A
II	3732671	A	R	37	2	5.13%	2	2	43	37	0.98	1	1	17	20	1	1	G
II	3761768	G	S	65	4	5.8%	2	1	48	31	0.98	1	1	27	38	4	0	C
II	3779098	A	M	35	2	5.41%	2	1	43	25	0.98	1	1	14	21	0	2	C
II	3786554	C	M	36	2	5.26%	2	1	43	31	0.98	1	1	12	24	2	0	A
II	3792280	T	K	37	2	5.13%	2	1	45	31	0.98	1	1	10	27	2	0	G
II	3794447	A	W	29	2	6.45%	2	2	45	37	0.98	1	1	17	12	1	1	T
II	3795439	C	Y	35	2	5.41%	2	1	45	37	0.98	1	1	14	21	2	0	T
II	3799350	G	R	3	2	11.76%	1	1	49	37	0.98	1	1	3	0	0	2	A
II	3808034	C	M	30	2	6.25%	2	1	38	27	0.98	1	1	21	9	0	2	A
II	3838170	T	K	7	2	22.22%	2	1	36	31	0.98	1	1	4	3	0	2	G
II	3838847	C	M	29	2	6.45%	2	1	44	27	0.98	1	1	14	15	0	2	A
II	3839315	A	M	20	4	16.67%	2	2	41	37	0.98	1	1	6	14	2	2	C
II	3845169	C	M	32	2	5.88%	2	1	39	27	0.98	1	1	26	6	0	2	A
II	3845195	A	M	21	2	8.7%	2	1	39	27	0.98	1	1	19	2	0	2	C
II	3853111	C	Y	27	2	6.9%	2	1	46	37	0.98	1	1	14	13	0	2	T
II	3856969	G	K	35	2	5.41%	2	1	41	25	0.98	1	1	11	24	2	0	T
II	3860185	C	M	42	4	5%	2	1	44	37	0.98	1	1	9	33	4	0	A
II	3860190	A	M	42	17	28.81%	2	2	44	39	0.98	1	1	9	33	16	1	C
II	3861465	T	K	12	4	25%	2	1	39	35	0.98	1	1	1	11	4	0	G
II	3861515	T	K	12	3	20%	2	1	36	29	0.98	1	1	2	10	3	0	G
II	3866334	G	K	23	3	11.54%	2	2	43	49	0.98	1	1	15	8	2	1	T
II	3898713	C	M	37	2	5.13%	2	2	45	25	0.98	1	1	26	11	1	1	A
II	3966534	C	Y	29	2	6.45%	2	2	47	55	0.98	1	1	15	14	1	1	T
II	3969256	A	M	27	4	12.9%	2	2	48	37	0.98	1	1	17	10	2	2	C
II	3969260	C	Y	29	4	12.12%	2	2	45	37	0.98	1	1	19	10	2	2	T
II	4018724	G	K	30	2	6.25%	2	1	42	25	0.98	1	1	8	22	2	0	T
II	4037197	A	R	82	18	16.22%	2	2	43	35	0.98	1	1	37	45	9	9	G
II	4039204	T	W	30	3	9.09%	2	2	48	49	0.98	1	1	12	18	2	1	A
II	4040127	G	A	0	29	100%	0	2	0	46	0.98	0	1	0	0	14	15	A
II	4043692	C	S	32	2	5.88%	2	1	48	55	0.98	1	1	16	16	0	2	G
II	4059190	G	K	34	2	5.56%	2	1	43	25	0.98	1	1	20	14	0	2	T
II	4073057	A	R	26	3	10.34%	2	1	44	37	0.98	1	1	7	19	0	3	G
II	4088657	C	M	34	2	5.56%	2	1	37	29	0.98	1	1	30	4	0	2	A
II	4122326	T	C	0	60	100%	0	2	0	48	0.98	0	1	0	0	23	37	C
II	4127496	T	Y	29	2	6.45%	2	2	40	37	0.98	1	1	17	12	1	1	C
II	4134119	G	S	39	3	7.14%	2	2	50	49	0.98	1	1	26	13	2	1	C
II	4140109	A	W	22	2	8.33%	2	1	44	25	0.98	1	1	11	11	0	2	T
II	4142201	G	K	33	3	8.33%	2	1	43	29	0.98	1	1	9	24	3	0	T
II	4142204	C	M	32	2	5.88%	2	1	44	25	0.98	1	1	9	23	2	0	A
II	4142223	C	M	30	3	9.09%	2	1	42	26	0.98	1	1	9	21	3	0	A
II	4142225	T	W	24	2	7.69%	2	1	44	33	0.98	1	1	5	19	2	0	A
II	4153378	T	K	32	2	5.88%	2	1	48	25	0.98	1	1	17	15	2	0	G
II	4179083	A	W	29	2	6.45%	2	2	40	33	0.98	1	1	25	4	1	1	T
II	4186720	T	Y	29	2	6.45%	2	2	43	55	0.98	1	1	18	11	1	1	C
II	4190678	G	R	65	4	5.8%	2	1	47	31	0.98	1	1	30	35	4	0	A
II	4190683	T	Y	65	5	7.14%	2	1	46	32	0.98	1	1	31	34	5	0	C
II	4202421	C	M	22	4	15.38%	2	1	41	27	0.98	1	1	19	3	0	4	A
II	4207026	C	M	23	2	8%	2	1	42	25	0.98	1	1	18	5	0	2	A
II	4241786	G	K	36	2	5.26%	2	2	46	37	0.98	1	1	18	18	1	1	T
II	4273616	G	R	49	3	5.77%	2	1	48	37	0.98	1	1	23	26	3	0	A
II	4273713	C	Y	55	3	5.17%	2	1	46	30	0.98	1	1	28	27	0	3	T
II	4273835	A	R	57	3	5%	2	1	53	37	0.98	1	1	32	25	0	3	G
II	4301792	T	K	20	4	16.67%	2	1	44	31	0.98	1	1	3	17	4	0	G
II	4301833	G	K	31	2	6.06%	2	1	41	25	0.98	1	1	20	11	2	0	T
II	4308366	G	R	38	2	5%	2	2	42	37	0.98	1	1	26	12	1	1	A
II	4324874	G	K	18	2	10%	2	1	41	25	0.98	1	1	3	15	2	0	T
II	4324886	T	W	16	2	11.11%	2	1	43	25	0.98	1	1	2	14	2	0	A
II	4331453	G	R	46	3	6.12%	2	2	43	49	0.98	1	1	26	20	1	2	A
II	4335412	G	K	33	2	5.71%	2	1	39	22	0.98	1	1	18	15	0	2	T
II	4344841	C	Y	34	3	8.11%	2	1	41	74	0.98	1	1	14	20	3	0	T
II	4346964	G	K	31	2	6.06%	2	1	40	25	0.98	1	1	16	15	0	2	T
II	4358795	A	M	37	2	5.13%	2	2	46	37	0.98	1	1	21	16	1	1	C
II	4397067	G	R	30	2	6.25%	2	1	44	37	0.98	1	1	12	18	2	0	A
II	4397070	T	Y	32	2	5.88%	2	1	42	37	0.98	1	1	15	17	2	0	C
II	4400666	A	C	0	33	100%	0	2	0	43	0.98	0	1	0	0	12	21	C
II	4419921	T	W	9	3	11.54%	2	1	38	37	0.98	1	1	6	3	0	3	A
II	4422261	C	Y	4	10	71.43%	1	2	46	37	0.98	1	1	0	4	3	7	T
II	4422264	T	W	5	8	61.54%	1	2	44	35	0.98	1	1	0	5	4	4	A
II	4422270	T	Y	5	6	54.55%	1	2	44	37	0.98	1	1	0	5	3	3	C
II	4422469	G	R	35	4	10.26%	2	2	45	34	0.98	1	1	28	7	1	3	A
II	4422660	C	T	2	19	90.48%	1	2	37	36	0.98	1	1	0	2	4	15	T
II	4422685	A	G	0	12	100%	0	2	0	36	0.98	0	1	0	0	5	7	G
II	4422786	T	Y	9	6	40%	2	2	37	37	0.98	1	1	6	3	5	1	C
II	4422789	A	W	9	6	40%	2	2	35	37	0.98	1	1	5	4	5	1	T
II	4422795	C	Y	8	12	60%	2	2	37	36	0.98	1	1	5	3	9	3	T
II	4422825	G	S	21	22	51.16%	2	2	43	43	0.98	1	1	13	8	6	16	C
II	4423500	C	Y	99	23	18.7%	2	2	47	46	0.98	1	1	53	46	8	15	T
II	4423563	A	R	93	10	9.71%	2	2	46	37	0.98	1	1	31	62	1	9	G
II	4423569	A	W	94	10	9.62%	2	2	44	37	0.98	1	1	31	63	1	9	T
II	4423574	A	R	91	6	6.19%	2	2	44	37	0.98	1	1	33	58	1	5	G
II	4423950	C	Y	87	35	28.69%	2	2	42	52	0.98	1	1	38	49	21	14	T
II	4424001	A	R	87	48	35.29%	2	2	46	52	0.98	1	1	38	49	23	25	G
II	4424125	A	R	66	6	8.33%	2	1	42	37	0.98	1	1	27	39	0	6	G
II	4424265	T	Y	35	4	10.26%	2	1	45	37	0.98	1	1	8	27	4	0	C
II	4424316	A	R	22	11	33.33%	2	2	54	47	0.98	1	1	11	11	2	9	G
II	4424335	A	R	29	5	14.71%	2	2	51	44	0.98	1	1	15	14	1	4	G
II	4424404	A	W	32	2	5.88%	2	2	47	37	0.98	1	1	18	14	1	1	T
II	4424475	C	Y	57	14	19.72%	2	2	46	40	0.98	1	1	43	14	9	5	T
II	4424526	A	R	82	18	18%	2	2	49	37	0.98	1	1	46	36	11	7	G
II	4452482	G	S	38	3	7.32%	2	1	44	61	0.98	1	1	15	23	3	0	C
II	4452483	A	R	37	3	7.5%	2	1	44	61	0.98	1	1	14	23	3	0	G
II	4452498	G	R	41	4	8.89%	2	2	44	61	0.98	1	1	20	21	2	2	A
II	4452500	C	Y	42	4	8.7%	2	2	44	61	0.98	1	1	19	23	2	2	T
II	4452629	T	Y	54	3	5.26%	2	2	50	74	0.98	1	1	27	27	2	1	C
II	4453785	A	W	28	2	6.67%	2	1	41	37	0.98	1	1	13	15	0	2	T
II	4462491	G	K	21	2	8.7%	2	1	39	25	0.98	1	1	17	4	0	2	T
II	4465602	C	M	23	2	8%	2	1	53	21	0.98	1	1	2	21	2	0	A
II	4472089	T	Y	28	4	12.5%	2	2	39	37	0.98	1	1	10	18	2	2	C
II	4493207	A	R	30	2	6.25%	2	2	44	37	0.98	1	1	18	12	1	1	G
II	4497105	A	W	32	2	5.88%	2	1	44	31	0.98	1	1	25	7	0	2	T
II	4497145	C	M	19	2	9.52%	2	1	40	25	0.98	1	1	4	15	2	0	A
II	4497150	C	M	21	2	8.7%	2	1	43	31	0.98	1	1	5	16	2	0	A
II	4497188	G	K	19	2	9.52%	2	1	48	37	0.98	1	1	6	13	2	0	T
II	4497276	T	Y	21	2	8.7%	2	1	41	37	0.98	1	1	7	14	0	2	C
II	4502560	C	M	34	2	5.56%	2	1	38	33	0.98	1	1	30	4	0	2	A
II	4502746	C	S	22	3	12%	2	1	40	36	0.98	1	1	6	16	0	3	G
II	4505717	A	R	22	13	37.14%	2	2	51	40	0.98	1	1	11	11	4	9	G
II	4507767	T	W	95	5	5%	2	2	49	59	0.98	1	1	43	52	1	4	A
II	4513966	A	R	76	10	11.63%	2	2	44	42	0.98	1	1	25	51	6	4	G
II	4513980	A	W	78	6	7.14%	2	2	46	35	0.98	1	1	31	47	2	4	T
II	4515860	A	W	26	3	10.34%	2	1	41	37	0.98	1	1	13	13	0	3	T
II	4517905	T	Y	163	10	5.78%	2	2	45	51	0.98	1	1	81	82	9	1	C
II	4518680	T	Y	71	6	7.79%	2	2	44	37	0.98	1	1	34	37	5	1	C
II	4521636	C	Y	14	14	50%	2	2	42	43	0.98	1	1	10	4	8	6	T
II	4523882	C	Y	56	56	50%	2	2	48	46	0.98	1	1	26	30	26	30	T
II	4525822	C	Y	27	8	22.86%	2	2	40	41	0.98	1	1	15	12	1	7	T
II	4525894	C	Y	30	3	9.09%	2	1	43	37	0.98	1	1	14	16	0	3	T
II	4525966	C	Y	45	7	13.46%	2	2	48	45	0.98	1	1	21	24	4	3	T
II	4526870	C	M	47	3	6%	2	1	37	27	0.98	1	1	2	45	3	0	A
II	4527879	G	S	42	16	27.59%	2	2	45	38	0.98	1	1	18	24	13	3	C
II	4527881	C	Y	30	19	38%	2	2	42	46	0.98	1	1	19	11	11	8	T
II	4527890	C	M	47	4	7.84%	2	1	41	29	0.98	1	1	33	14	0	4	A
II	4527902	G	K	38	3	7.32%	2	1	41	34	0.98	1	1	32	6	0	3	T
II	4529116	T	Y	141	39	21.67%	2	2	49	46	0.98	1	1	79	62	16	23	C
II	4529965	A	R	66	52	44.07%	2	2	46	45	0.98	1	1	17	49	19	33	G
II	4530797	C	Y	71	34	32.38%	2	2	47	49	0.98	1	1	38	33	21	13	T
II	4531033	G	S	64	63	49.61%	2	2	43	46	0.98	1	1	43	21	42	21	C
II	4531092	G	R	55	60	52.17%	2	2	43	45	0.98	1	1	25	30	34	26	A
II	4531414	T	Y	107	135	55.79%	2	2	46	48	0.98	1	1	65	42	86	49	C
II	4531492	A	R	174	26	13%	2	2	49	38	0.98	1	1	94	80	13	13	G
II	4531592	G	R	75	80	51.61%	2	2	44	45	0.98	1	1	43	32	28	52	A
II	4531749	C	Y	108	63	36.84%	2	2	44	40	0.98	1	1	41	67	35	28	T
II	4531764	A	R	102	73	41.71%	2	2	41	42	0.98	1	1	41	61	45	28	G
II	4532088	G	K	110	85	43.59%	2	2	44	45	0.98	1	1	74	36	54	31	T
II	4533394	T	Y	121	37	23.42%	2	2	45	49	0.98	1	1	51	70	14	23	C
II	4533451	T	Y	104	32	23.53%	2	2	42	44	0.98	1	1	47	57	15	17	C
II	4533598	G	R	128	46	26.44%	2	2	46	46	0.98	1	1	87	41	26	20	A
II	4533617	A	R	141	49	25.79%	2	2	47	45	0.98	1	1	77	64	25	24	G
II	4533636	C	Y	146	55	27.36%	2	2	48	48	0.98	1	1	74	72	20	35	T
II	4533744	T	Y	197	49	19.92%	2	2	47	46	0.98	1	1	88	109	32	17	C
II	4533922	G	R	217	67	23.59%	2	2	48	44	0.98	1	1	104	113	23	44	A
II	4533994	T	Y	255	91	26.3%	2	2	45	46	0.98	1	1	161	94	65	26	C
II	4534246	C	M	193	82	29.71%	2	2	43	47	0.98	1	1	102	91	39	43	A
II	4534498	A	M	178	69	27.94%	2	2	43	42	0.98	1	1	108	70	43	26	C
II	4538036	G	K	520	160	23.53%	2	2	48	57	0.98	1	1	328	192	115	45	T
II	4538038	A	R	513	226	30.54%	2	2	47	56	0.98	1	1	340	173	171	55	G
II	4538047	G	R	1050	60	5.4%	2	2	52	55	0.98	1	1	750	300	45	15	A
II	4538048	C	Y	826	280	25.32%	2	2	51	56	0.98	1	1	584	242	207	73	T
II	4538052	A	R	550	564	50.63%	2	2	49	57	0.98	1	1	366	184	424	140	G
II	4538091	T	Y	657	482	41.8%	2	2	49	60	0.98	1	1	410	247	309	173	C
II	4538114	A	R	523	87	14.26%	2	2	46	48	0.98	1	1	337	186	12	75	G
II	4538115	G	K	530	87	14.1%	2	2	47	48	0.98	1	1	343	187	12	75	T
II	4538116	G	R	541	88	13.99%	2	2	46	48	0.98	1	1	353	188	12	76	A
II	4538118	G	R	524	88	14.38%	2	2	46	48	0.98	1	1	348	176	12	76	A
II	4538122	G	S	537	87	13.94%	2	2	47	48	0.98	1	1	336	201	12	75	C
II	4538125	A	W	554	88	13.71%	2	2	47	48	0.98	1	1	358	196	12	76	T
II	4538126	C	S	561	88	13.56%	2	2	47	48	0.98	1	1	356	205	12	76	G
II	4538128	A	R	552	86	13.44%	2	2	47	48	0.98	1	1	349	203	12	74	G
II	4538164	A	W	565	194	25.56%	2	2	49	43	0.98	1	1	372	193	15	179	T
II	4538203	A	W	572	33	5.45%	2	2	49	50	0.98	1	1	235	337	5	28	T
II	4538216	A	W	567	32	5.34%	2	2	49	50	0.98	1	1	235	332	5	27	T
II	4538238	T	K	588	33	5.31%	2	2	49	50	0.98	1	1	250	338	6	27	G
II	4538244	A	R	578	33	5.4%	2	2	49	47	0.98	1	1	243	335	5	28	G
III	1801	C	T	2	6	75%	1	1	55	37	0.98	1	1	2	0	6	0	T
III	3939	G	A	2	29	90.62%	1	1	37	34	0.98	1	1	2	0	29	0	A
III	4730	T	W	910	52	5.4%	2	2	46	32	0.98	1	1	555	355	20	32	A
III	5276	T	K	953	102	9.67%	2	2	42	36	0.98	1	1	680	273	90	12	G
III	5305	G	A	132	912	87.36%	2	2	45	44	0.98	1	1	81	51	616	296	A
III	5464	C	S	1341	97	6.75%	2	2	43	45	0.98	1	1	598	743	20	77	G
III	5850	A	M	768	78	9.07%	2	1	38	30	0.98	1	1	725	43	0	78	C
III	10097	T	W	24	3	11.11%	2	2	45	45	0.98	1	1	4	20	1	2	A
III	12671	C	T	0	9	100%	0	2	0	41	0.98	0	1	0	0	5	4	T
III	14809	G	A	4	30	88.24%	2	1	49	34	0.98	1	1	2	2	30	0	A
III	16146	T	K	977	76	7.2%	2	2	43	36	0.98	1	1	703	274	66	10	G
III	16175	G	A	109	936	89.4%	2	2	47	44	0.98	1	1	64	45	642	294	A
III	16334	C	S	1321	88	6.24%	2	2	43	46	0.98	1	1	564	757	24	64	G
III	16720	A	M	747	78	9.3%	2	1	38	30	0.98	1	1	688	59	0	78	C
III	20682	T	W	61	14	7.45%	2	1	46	34	0.98	1	1	48	13	0	14	A
III	20967	T	W	17	4	19.05%	2	2	44	55	0.98	1	1	1	16	3	1	A
III	32885	T	K	31	3	8.82%	2	2	42	61	0.98	1	1	16	15	2	1	G
III	32890	G	R	30	3	9.09%	2	2	44	61	0.98	1	1	16	14	2	1	A
III	32908	C	Y	34	2	5.56%	2	2	47	55	0.98	1	1	18	16	1	1	T
III	32920	T	Y	36	4	10%	2	2	49	74	0.98	1	1	21	15	3	1	C
III	32932	A	W	37	4	9.76%	2	2	51	74	0.98	1	1	24	13	3	1	T
III	32944	G	R	36	3	7.69%	2	2	50	74	0.98	1	1	22	14	2	1	A
III	33004	T	Y	35	4	10.26%	2	1	44	64	0.98	1	1	21	14	0	4	C
III	33006	C	S	32	4	11.11%	2	1	44	64	0.98	1	1	20	12	0	4	G
III	41202	C	Y	48	3	5.88%	2	2	46	49	0.98	1	1	29	19	1	2	T
III	41828	C	M	28	2	6.67%	2	1	50	25	0.98	1	1	14	14	0	2	A
III	43899	T	W	27	2	6.9%	2	2	41	31	0.98	1	1	12	15	1	1	A
III	44070	G	K	30	2	6.25%	2	2	46	27	0.98	1	1	11	19	1	1	T
III	59133	T	K	33	2	5.71%	2	1	41	25	0.98	1	1	19	14	2	0	G
III	88682	A	W	33	2	5.71%	2	1	42	25	0.98	1	1	21	12	0	2	T
III	88686	A	W	32	2	5.88%	2	1	40	22	0.98	1	1	21	11	0	2	T
III	88690	G	K	27	2	6.9%	2	2	43	55	0.98	1	1	19	8	1	1	T
III	88701	A	M	32	2	5.88%	2	1	45	25	0.98	1	1	21	11	0	2	C
III	117979	A	M	35	2	5.41%	2	1	42	25	0.98	1	1	16	19	0	2	C
III	123340	N	A	0	39	100%	0	2	0	38	0.98	0	1	0	0	17	22	A
III	154268	A	W	31	2	6.06%	2	2	49	37	0.98	1	1	12	19	1	1	T
III	158655	A	R	23	3	11.54%	2	2	41	49	0.98	1	1	12	11	2	1	G
III	174680	A	R	33	2	5.71%	2	1	51	37	0.98	1	1	20	13	0	2	G
III	207261	T	W	21	2	8.7%	2	2	48	31	0.98	1	1	9	12	1	1	A
III	212014	G	K	21	5	19.23%	2	1	34	29	0.98	1	1	2	19	5	0	T
III	212026	C	M	22	2	8.33%	2	1	39	27	0.98	1	1	3	19	2	0	A
III	212031	C	M	20	2	9.09%	2	1	37	27	0.98	1	1	1	19	2	0	A
III	212033	T	W	17	3	15%	1	1	32	27	0.98	1	1	0	17	3	0	A
III	212564	T	Y	52	4	7.14%	2	2	48	74	0.98	1	1	32	20	3	1	C
III	212882	C	Y	59	4	6.35%	2	1	47	46	0.98	1	1	36	23	0	4	T
III	212887	C	Y	63	4	5.97%	2	1	48	46	0.98	1	1	37	26	0	4	T
III	212888	C	S	64	4	5.88%	2	1	48	46	0.98	1	1	38	26	0	4	G
III	213038	T	Y	34	2	5.56%	2	2	43	55	0.98	1	1	15	19	1	1	C
III	227730	A	T	0	55	100%	0	2	0	47	0.98	0	1	0	0	29	26	T
III	228170	A	R	71	6	7.79%	2	2	50	49	0.98	1	1	27	44	1	5	G
III	248373	G	K	36	2	5.26%	2	2	37	23	0.98	1	1	15	21	1	1	T
III	253908	T	W	15	2	11.76%	2	1	45	31	0.98	1	1	10	5	0	2	A
III	258345	T	K	34	2	5.56%	2	2	45	37	0.98	1	1	14	20	1	1	G
III	267805	C	M	67	4	5.56%	2	2	52	46	0.98	1	1	32	35	3	1	A
III	284657	C	A	0	16	100%	0	2	0	38	0.98	0	1	0	0	5	11	A
III	286591	G	K	21	2	8.7%	2	1	37	27	0.98	1	1	18	3	0	2	T
III	286630	G	R	31	2	6.06%	2	1	38	31	0.98	1	1	8	23	2	0	A
III	293952	T	W	28	2	6.67%	2	1	51	37	0.98	1	1	13	15	2	0	A
III	293953	G	K	28	2	6.67%	2	1	51	37	0.98	1	1	13	15	2	0	T
III	294773	C	Y	22	2	8.33%	2	1	48	74	0.98	1	1	14	8	0	2	T
III	302315	T	K	37	3	7.5%	2	1	41	33	0.98	1	1	8	29	3	0	G
III	302360	G	K	33	2	5.71%	2	1	42	25	0.98	1	1	6	27	2	0	T
III	302371	C	M	37	2	5.13%	2	1	42	27	0.98	1	1	10	27	2	0	A
III	321494	G	K	41	4	8.89%	2	2	42	31	0.98	1	1	8	33	3	1	T
III	325526	G	R	31	2	6.06%	2	1	46	37	0.98	1	1	19	12	2	0	A
III	343052	A	W	25	2	7.41%	2	1	40	25	0.98	1	1	11	14	2	0	T
III	346966	G	K	74	5	6.33%	2	1	46	37	0.98	1	1	34	40	0	5	T
III	360174	A	W	18	2	10%	1	1	36	29	0.98	1	1	18	0	0	2	T
III	360201	A	M	18	5	21.74%	2	1	38	29	0.98	1	1	16	2	0	5	C
III	364873	A	M	27	2	6.9%	2	1	41	25	0.98	1	1	16	11	0	2	C
III	369445	C	Y	31	2	6.06%	2	2	47	74	0.98	1	1	15	16	1	1	T
III	371549	A	W	37	2	5.13%	2	1	47	27	0.98	1	1	24	13	0	2	T
III	410119	A	W	22	3	12%	2	2	43	37	0.98	1	1	13	9	1	2	T
III	428386	A	R	42	3	6.67%	2	1	46	33	0.98	1	1	25	17	3	0	G
III	428388	G	R	44	3	6.38%	2	1	44	37	0.98	1	1	24	20	3	0	A
III	428438	C	Y	51	14	21.54%	2	2	48	44	0.98	1	1	21	30	11	3	T
III	446615	T	K	31	2	6.06%	2	1	44	25	0.98	1	1	14	17	2	0	G
III	459489	G	S	28	7	20%	2	2	44	37	0.98	1	1	14	14	5	2	C
III	488238	T	A	0	11	100%	0	2	0	44	0.98	0	1	0	0	3	8	A
III	488258	A	C	0	10	100%	0	2	0	43	0.98	0	1	0	0	3	7	C
III	488291	T	C	0	11	100%	0	2	0	37	0.98	0	1	0	0	2	9	C
III	488309	C	T	0	9	100%	0	2	0	37	0.98	0	1	0	0	2	7	T
III	489656	A	R	79	5	5.95%	2	1	47	56	0.98	1	1	42	37	0	5	G
III	489659	T	Y	84	5	5.62%	2	1	46	51	0.98	1	1	43	41	0	5	C
III	497226	A	M	33	4	10.81%	2	2	45	37	0.98	1	1	11	22	2	2	C
III	534200	G	K	22	3	12%	2	1	42	33	0.98	1	1	9	13	3	0	T
III	549094	T	W	27	2	6.9%	2	1	42	31	0.98	1	1	14	13	2	0	A
III	551702	T	K	28	2	6.67%	2	1	42	25	0.98	1	1	14	14	0	2	G
III	552579	C	M	33	2	5.71%	2	2	47	37	0.98	1	1	21	12	1	1	A
III	568692	G	K	37	2	5.13%	2	1	40	31	0.98	1	1	13	24	2	0	T
III	569337	C	Y	21	2	8.7%	2	2	41	31	0.98	1	1	11	10	1	1	T
III	575066	T	W	20	2	9.09%	2	1	46	37	0.98	1	1	9	11	0	2	A
III	575718	T	W	28	2	6.67%	2	1	42	31	0.98	1	1	13	15	2	0	A
III	606143	C	M	38	2	5%	2	2	55	49	0.98	1	1	20	18	1	1	A
III	619147	T	K	21	2	8.7%	2	1	42	25	0.98	1	1	10	11	2	0	G
III	619167	G	K	14	2	12.5%	2	1	45	25	0.98	1	1	5	9	2	0	T
III	623527	G	K	11	2	15.38%	2	1	40	25	0.98	1	1	9	2	0	2	T
III	623537	C	M	8	3	25%	2	1	40	37	0.98	1	1	7	1	0	3	A
III	629556	A	M	33	2	5.71%	2	1	44	37	0.98	1	1	15	18	2	0	C
III	652291	T	K	31	2	6.06%	2	1	42	25	0.98	1	1	10	21	2	0	G
III	669926	T	W	30	2	6.25%	2	2	43	37	0.98	1	1	19	11	1	1	A
III	684211	G	K	14	2	12.5%	2	1	43	27	0.98	1	1	6	8	2	0	T
III	700308	A	M	30	2	6.25%	2	1	42	25	0.98	1	1	18	12	0	2	C
III	704961	C	S	27	2	6.9%	2	1	44	37	0.98	1	1	11	16	0	2	G
III	719971	G	T	0	6	100%	0	2	0	35	0.98	0	1	0	0	1	5	T
III	719976	G	A	0	6	100%	0	2	0	37	0.98	0	1	0	0	1	5	A
III	719978	G	A	0	6	100%	0	2	0	37	0.98	0	1	0	0	1	5	A
III	719979	A	T	0	6	100%	0	2	0	37	0.98	0	1	0	0	1	5	T
III	719981	G	T	0	6	100%	0	2	0	37	0.98	0	1	0	0	1	5	T
III	719985	G	T	0	6	100%	0	2	0	37	0.98	0	1	0	0	1	5	T
III	719987	G	T	0	5	100%	0	2	0	37	0.98	0	1	0	0	1	4	T
III	719988	A	T	0	6	100%	0	2	0	37	0.98	0	1	0	0	1	5	T
III	719990	G	T	0	6	100%	0	2	0	37	0.98	0	1	0	0	1	5	T
III	719991	A	T	0	6	100%	0	2	0	37	0.98	0	1	0	0	1	5	T
III	720001	C	T	0	13	100%	0	2	0	42	0.98	0	1	0	0	3	10	T
III	736832	T	Y	27	2	6.9%	2	2	47	37	0.98	1	1	14	13	1	1	C
III	739573	T	W	37	2	5.13%	2	2	46	25	0.98	1	1	18	19	1	1	A
III	743264	G	K	32	2	5.88%	2	2	43	37	0.98	1	1	13	19	1	1	T
III	751319	T	W	32	2	5.88%	2	1	48	37	0.98	1	1	18	14	0	2	A
III	753253	G	K	35	3	7.89%	2	1	50	45	0.98	1	1	10	25	0	3	T
III	753511	A	M	35	2	5.41%	2	1	43	31	0.98	1	1	13	22	0	2	C
III	760151	A	M	33	2	5.71%	2	1	45	29	0.98	1	1	25	8	0	2	C
III	769858	G	K	36	4	10%	2	2	46	37	0.98	1	1	19	17	3	1	T
III	770647	T	W	28	2	6.67%	2	1	47	31	0.98	1	1	10	18	0	2	A
III	773815	A	M	35	2	5.41%	2	1	45	31	0.98	1	1	18	17	2	0	C
III	816278	T	W	23	2	8%	2	1	45	37	0.98	1	1	11	12	2	0	A
III	816312	G	K	21	3	12.5%	2	1	49	28	0.98	1	1	9	12	3	0	T
III	827684	A	M	23	2	8%	2	2	42	49	0.98	1	1	8	15	1	1	C
III	844427	G	R	24	2	7.69%	2	2	44	74	0.98	1	1	12	12	1	1	A
III	889292	C	M	25	2	7.14%	2	1	45	23	0.98	1	1	15	10	0	2	A
III	902933	G	R	33	2	5.71%	2	2	45	25	0.98	1	1	19	14	1	1	A
III	922859	T	K	15	2	11.76%	2	1	38	37	0.98	1	1	4	11	2	0	G
III	941471	T	W	33	2	5.71%	2	1	50	25	0.98	1	1	12	21	0	2	A
III	961465	T	Y	111	6	5.13%	2	2	42	35	0.98	1	1	52	59	3	3	C
III	962376	C	Y	780	106	11.95%	2	2	53	48	0.98	1	1	389	391	55	51	T
III	963322	G	R	134	19	12.42%	2	2	50	45	0.98	1	1	55	79	6	13	A
III	963343	A	G	10	124	92.54%	2	2	39	51	0.98	1	1	2	8	47	77	G
III	966218	C	M	45	3	6.25%	2	1	44	29	0.98	1	1	9	36	3	0	A
III	974460	C	Y	34	2	5.56%	2	2	46	55	0.98	1	1	13	21	1	1	T
III	975726	A	M	22	3	12%	2	1	48	25	0.98	1	1	16	6	0	3	C
III	983348	C	M	34	2	5.56%	2	1	43	25	0.98	1	1	7	27	2	0	A
III	985871	C	Y	14	2	8.7%	2	1	36	37	0.98	1	1	13	1	0	2	-T
III	985920	A	W	28	2	6.67%	2	1	37	25	0.98	1	1	3	25	2	0	T
III	998920	C	M	26	2	7.14%	2	1	38	25	0.98	1	1	16	10	2	0	A
III	1002009	A	W	20	2	9.09%	2	1	46	31	0.98	1	1	6	14	0	2	T
III	1003599	T	W	37	2	5.13%	2	2	47	31	0.98	1	1	19	18	1	1	A
III	1036081	A	M	53	3	5.36%	2	1	47	26	0.98	1	1	24	29	3	0	C
III	1036082	A	M	54	3	5.26%	2	1	47	31	0.98	1	1	25	29	3	0	C
III	1036201	A	W	38	2	5%	2	1	43	27	0.98	1	1	19	19	0	2	T
III	1036213	A	W	34	2	5.56%	2	1	42	25	0.98	1	1	19	15	0	2	T
III	1037638	T	W	26	2	7.14%	2	1	45	37	0.98	1	1	12	14	0	2	A
III	1041745	T	K	39	4	9.3%	2	2	45	37	0.98	1	1	26	13	2	2	G
III	1058594	A	M	35	3	7.69%	2	1	38	34	0.98	1	1	29	6	0	3	C
III	1075556	T	W	203	13	6.02%	2	2	44	37	0.98	1	1	71	132	8	5	A
III	1075557	G	R	204	13	5.99%	2	2	45	37	0.98	1	1	73	131	8	5	A
III	1075653	G	K	192	11	5.42%	2	2	47	50	0.98	1	1	71	121	6	5	T
III	1082294	G	K	185	11	5.61%	2	2	46	48	0.98	1	1	78	107	6	5	T
III	1084286	G	K	106	40	27.4%	2	2	46	47	0.98	1	1	55	51	16	24	T
III	1088144	C	M	109	6	5.22%	2	1	45	26	0.98	1	1	53	56	0	6	A
III	1097034	T	K	23	2	8%	2	2	37	31	0.98	1	1	16	7	1	1	G
III	1100724	T	Y	29	2	6.45%	2	2	45	49	0.98	1	1	15	14	1	1	C
III	1108581	A	M	50	4	7.41%	2	1	43	28	0.98	1	1	40	10	0	4	C
III	1114661	C	M	91	35	27.78%	2	2	50	50	0.98	1	1	37	54	26	9	A
III	1114851	T	Y	40	4	9.09%	2	2	46	37	0.98	1	1	21	19	2	2	C
III	1121421	C	M	85	35	29.17%	2	2	52	45	0.98	1	1	37	48	16	19	A
III	1123686	A	M	35	2	5.41%	2	1	55	55	0.98	1	1	15	20	0	2	C
III	1128181	C	M	97	23	19.17%	2	2	49	46	0.98	1	1	31	66	12	11	A
III	1128371	T	Y	56	3	5.08%	2	2	45	37	0.98	1	1	28	28	2	1	C
III	1130446	A	M	32	3	8.57%	2	2	53	44	0.98	1	1	9	23	2	1	C
III	1134941	C	M	76	34	30.91%	2	2	50	43	0.98	1	1	31	45	15	19	A
III	1135131	T	Y	50	4	7.41%	2	2	43	37	0.98	1	1	33	17	3	1	C
III	1159825	G	K	44	4	8.33%	2	2	46	64	0.98	1	1	20	24	2	2	T
III	1168328	T	C	0	14	100%	0	2	0	36	0.98	0	1	0	0	5	9	C
III	1168363	G	A	1	5	83.33%	1	2	37	37	0.98	1	1	1	0	2	3	A
III	1175042	G	R	44	4	8.33%	2	2	45	37	0.98	1	1	18	26	2	2	A
III	1183319	T	Y	33	2	5.71%	2	2	44	43	0.98	1	1	15	18	1	1	C
III	1183847	G	K	29	2	6.45%	2	1	41	31	0.98	1	1	5	24	2	0	T
III	1183858	C	M	33	2	5.71%	2	1	43	31	0.98	1	1	8	25	2	0	A
III	1200366	T	Y	38	3	7.32%	2	1	46	33	0.98	1	1	17	21	3	0	C
III	1225877	T	K	50	3	5.66%	2	1	44	29	0.98	1	1	21	29	3	0	G
III	1225893	G	K	50	3	5.66%	2	1	46	29	0.98	1	1	13	37	3	0	T
III	1227360	T	K	48	3	5.88%	2	2	46	36	0.98	1	1	31	17	1	2	G
III	1228108	G	S	32	2	5.88%	2	1	46	37	0.98	1	1	23	9	2	0	C
III	1245078	A	M	30	2	6.25%	2	2	49	37	0.98	1	1	20	10	1	1	C
III	1252499	C	M	32	3	8.57%	2	1	37	29	0.98	1	1	30	2	0	3	A
III	1252503	G	K	29	2	6.25%	2	1	40	31	0.98	1	1	25	4	0	2	T
III	1252505	G	K	22	7	17.5%	1	1	36	32	0.98	1	1	22	0	0	7	T
III	1269565	T	W	38	2	5%	2	1	48	31	0.98	1	1	21	17	2	0	A
III	1289382	G	K	41	4	8.89%	2	1	44	35	0.98	1	1	19	22	4	0	T
III	1315424	A	R	32	2	5.88%	2	1	52	31	0.98	1	1	19	13	2	0	G
III	1318889	A	M	38	2	5%	2	1	40	31	0.98	1	1	22	16	0	2	C
III	1320505	A	W	30	2	6.25%	2	2	44	31	0.98	1	1	10	20	1	1	T
III	1325090	A	W	14	2	12.5%	2	2	44	37	0.98	1	1	12	2	1	1	T
III	1349309	A	W	30	2	6.25%	2	1	42	27	0.98	1	1	21	9	0	2	T
III	1349324	C	M	32	2	5.88%	2	1	40	31	0.98	1	1	23	9	0	2	A
III	1364065	G	S	41	5	10.87%	2	2	46	44	0.98	1	1	19	22	1	4	C
III	1364486	A	W	38	2	5%	2	2	48	31	0.98	1	1	20	18	1	1	T
III	1374279	G	K	33	2	5.71%	2	1	42	31	0.98	1	1	23	10	0	2	T
III	1374938	A	T	0	40	100%	0	2	0	43	0.98	0	1	0	0	24	16	T
III	1392401	G	K	23	2	8%	2	2	44	33	0.98	1	1	14	9	1	1	T
III	1392424	G	K	18	3	14.29%	2	2	38	30	0.98	1	1	13	5	1	2	T
III	1420543	G	S	48	3	5.88%	2	1	41	37	0.98	1	1	18	30	3	0	C
III	1420546	G	S	48	3	5.88%	2	1	41	37	0.98	1	1	20	28	3	0	C
III	1422227	A	R	24	3	11.11%	2	1	50	49	0.98	1	1	14	10	0	3	G
III	1432012	T	K	19	5	20.83%	2	1	41	29	0.98	1	1	5	14	5	0	G
III	1432016	A	W	28	2	6.67%	2	1	37	25	0.98	1	1	13	15	2	0	T
III	1432023	C	M	20	2	9.09%	2	1	40	31	0.98	1	1	5	15	2	0	A
III	1432028	G	K	25	3	10.71%	2	1	37	29	0.98	1	1	9	16	3	0	T
III	1432058	C	M	20	2	9.09%	2	1	36	31	0.98	1	1	7	13	2	0	A
III	1432062	C	M	20	2	9.09%	2	1	37	25	0.98	1	1	9	11	2	0	A
III	1432077	T	W	25	2	7.41%	2	1	36	25	0.98	1	1	9	16	2	0	A
III	1439790	A	M	15	2	11.76%	2	1	40	25	0.98	1	1	14	1	0	2	C
III	1445514	T	K	41	5	10.87%	2	1	42	32	0.98	1	1	8	33	5	0	G
III	1445520	T	K	44	4	8.33%	2	1	40	31	0.98	1	1	8	36	4	0	G
III	1445552	T	W	48	3	5.88%	2	1	43	34	0.98	1	1	12	36	3	0	A
III	1446760	C	M	38	4	9.52%	2	1	49	27	0.98	1	1	19	19	0	4	A
III	1451600	G	K	51	3	5.56%	2	2	44	28	0.98	1	1	30	21	1	2	T
III	1456442	G	K	56	4	6.67%	2	2	44	34	0.98	1	1	16	40	2	2	T
III	1457075	C	M	22	2	8.33%	2	1	39	25	0.98	1	1	18	4	0	2	A
III	1457085	C	M	21	2	8.7%	2	1	41	25	0.98	1	1	18	3	0	2	A
III	1457112	G	K	22	2	8.33%	2	1	44	25	0.98	1	1	13	9	0	2	T
III	1457137	A	M	19	3	13.64%	2	1	41	33	0.98	1	1	13	6	0	3	C
III	1466437	G	R	193	11	5.39%	2	2	51	41	0.98	1	1	86	107	6	5	A
III	1466439	C	Y	193	11	5.39%	2	2	49	44	0.98	1	1	85	108	6	5	T
III	1470953	T	W	21	2	8.7%	2	1	51	25	0.98	1	1	8	13	2	0	A
III	1493874	C	T	0	127	100%	0	2	0	46	0.98	0	1	0	0	65	62	T
III	1493950	A	R	128	45	26.01%	2	2	47	50	0.98	1	1	47	81	28	17	G
III	1494129	T	K	176	59	25%	2	2	48	42	0.98	1	1	86	90	19	40	G
III	1494164	A	R	107	55	33.95%	2	2	47	41	0.98	1	1	51	56	10	45	G
III	1494181	A	W	107	47	30.52%	2	2	47	42	0.98	1	1	49	58	9	38	T
III	1494187	T	W	105	33	23.91%	2	2	47	42	0.98	1	1	46	59	8	25	A
III	1494192	G	R	105	26	19.85%	2	2	47	43	0.98	1	1	45	60	6	20	A
III	1494282	G	R	106	118	52.68%	2	2	45	37	0.98	1	1	47	59	30	88	A
III	1494303	G	R	100	73	42.2%	2	2	45	37	0.98	1	1	45	55	15	58	A
III	1494306	A	W	95	67	41.36%	2	2	44	37	0.98	1	1	39	56	12	55	T
III	1494312	A	R	103	72	41.14%	2	2	46	38	0.98	1	1	47	56	16	56	G
III	1494315	A	R	104	71	40.57%	2	2	45	38	0.98	1	1	48	56	15	56	G
III	1494318	A	R	101	68	40.24%	2	2	46	38	0.98	1	1	50	51	12	56	G
III	1494327	T	K	100	57	36.31%	2	2	46	38	0.98	1	1	54	46	10	47	G
III	1499389	C	Y	85	5	5.56%	2	2	42	51	0.98	1	1	40	45	3	2	T
III	1499390	A	W	81	5	5.81%	2	2	42	61	0.98	1	1	40	41	3	2	T
III	1516007	C	M	20	2	9.09%	2	2	38	22	0.98	1	1	9	11	1	1	A
III	1516034	C	M	18	2	10%	2	1	40	25	0.98	1	1	2	16	2	0	A
III	1528980	C	Y	39	4	9.3%	2	2	44	37	0.98	1	1	15	24	2	2	T
III	1545887	T	K	22	2	8.33%	2	1	38	25	0.98	1	1	6	16	2	0	G
III	1545926	T	W	23	2	8%	2	1	36	27	0.98	1	1	8	15	2	0	A
III	1545927	C	M	26	2	7.14%	2	1	37	25	0.98	1	1	10	16	2	0	A
III	1559461	C	M	30	2	6.25%	2	1	39	37	0.98	1	1	16	14	2	0	A
III	1559653	C	M	22	2	8.33%	2	1	36	29	0.98	1	1	4	18	2	0	A
III	1567467	T	K	33	3	8.33%	2	2	44	49	0.98	1	1	18	15	2	1	G
III	1574798	C	M	151	8	5.03%	2	1	48	41	0.98	1	1	90	61	8	0	A
III	1612930	G	K	34	2	5.56%	2	1	53	31	0.98	1	1	18	16	0	2	T
III	1639427	T	W	52	11	17.46%	2	2	48	37	0.98	1	1	23	29	6	5	A
III	1640632	G	K	25	2	7.41%	2	1	40	31	0.98	1	1	8	17	2	0	T
III	1642746	A	W	32	2	5.88%	2	1	44	37	0.98	1	1	17	15	2	0	T
III	1649192	A	M	27	4	12.9%	2	1	38	29	0.98	1	1	24	3	0	4	C
III	1650241	T	W	31	2	6.06%	2	1	45	25	0.98	1	1	10	21	2	0	A
III	1650252	C	M	35	2	5.41%	2	1	47	31	0.98	1	1	13	22	2	0	A
III	1679664	T	W	17	2	10.53%	2	1	41	31	0.98	1	1	10	7	2	0	A
III	1690964	T	Y	55	11	16.67%	2	1	50	37	0.98	1	1	28	27	11	0	C
III	1712123	T	K	39	3	7.14%	2	1	39	34	0.98	1	1	8	31	3	0	G
III	1713002	C	M	18	3	14.29%	2	1	40	42	0.98	1	1	8	10	3	0	A
III	1717339	G	K	11	3	21.43%	2	1	43	33	0.98	1	1	4	7	3	0	T
III	1729347	T	Y	27	2	6.9%	2	1	48	37	0.98	1	1	12	15	2	0	C
III	1738997	G	R	28	2	6.67%	2	1	42	37	0.98	1	1	10	18	0	2	A
III	1739001	A	W	28	2	6.67%	2	1	42	37	0.98	1	1	9	19	0	2	T
III	1759134	T	Y	37	2	5.13%	2	1	48	37	0.98	1	1	17	20	0	2	C
III	1764873	A	W	29	4	12.12%	2	2	48	37	0.98	1	1	19	10	2	2	T
III	1765401	G	T	0	80	100%	0	2	0	50	0.98	0	1	0	0	46	34	T
III	1771298	G	K	31	2	6.06%	2	1	44	37	0.98	1	1	16	15	2	0	T
III	1776103	A	M	37	2	5.13%	2	1	42	31	0.98	1	1	18	19	0	2	C
III	1802496	T	Y	36	2	5.26%	2	1	42	55	0.98	1	1	27	9	0	2	C
III	1830363	C	M	36	2	5.26%	2	1	49	25	0.98	1	1	17	19	0	2	A
III	1834018	T	K	28	3	9.68%	2	1	41	33	0.98	1	1	8	20	3	0	G
III	1834027	G	K	26	2	7.14%	1	1	36	29	0.98	1	1	0	26	2	0	T
III	1834046	C	M	28	2	6.67%	2	1	37	29	0.98	1	1	1	27	2	0	A
III	1839692	A	M	37	2	5.13%	2	1	42	31	0.98	1	1	11	26	0	2	C
III	1864312	T	A	0	51	100%	0	2	0	42	0.98	0	1	0	0	25	26	A
III	1868359	A	W	15	2	11.76%	2	1	44	31	0.98	1	1	4	11	2	0	T
III	1868584	T	K	38	2	5%	2	2	43	31	0.98	1	1	22	16	1	1	G
III	1869439	C	M	29	2	6.45%	2	1	38	25	0.98	1	1	10	19	2	0	A
III	1894020	C	Y	31	6	16.22%	2	2	39	35	0.98	1	1	17	14	5	1	T
III	1901239	A	R	38	2	5%	2	1	40	37	0.98	1	1	24	14	0	2	G
III	1933931	A	W	27	2	6.9%	2	1	42	27	0.98	1	1	10	17	0	2	T
III	1941000	G	K	59	4	6.35%	2	2	50	37	0.98	1	1	32	27	2	2	T
III	1962574	A	M	33	2	5.71%	2	2	42	49	0.98	1	1	22	11	1	1	C
III	1982957	G	K	36	2	5.26%	2	1	47	31	0.98	1	1	25	11	0	2	T
III	2009686	A	M	16	2	11.11%	2	1	46	25	0.98	1	1	14	2	0	2	C
III	2013805	T	K	25	2	7.41%	2	1	42	33	0.98	1	1	5	20	2	0	G
III	2013813	C	M	30	4	11.76%	2	1	40	31	0.98	1	1	5	25	4	0	A
III	2015990	T	K	32	2	5.88%	2	2	42	25	0.98	1	1	20	12	1	1	G
III	2028192	T	W	29	2	6.45%	2	1	39	29	0.98	1	1	21	8	0	2	A
III	2028201	A	M	26	4	13.33%	2	1	44	28	0.98	1	1	22	4	0	4	C
III	2030028	G	S	51	8	13.56%	2	2	43	37	0.98	1	1	32	19	4	4	C
III	2047641	A	M	26	2	7.14%	2	1	45	25	0.98	1	1	10	16	2	0	C
III	2070459	A	R	29	2	6.45%	2	2	41	31	0.98	1	1	15	14	1	1	G
III	2082856	T	W	39	3	7.14%	2	2	49	49	0.98	1	1	20	19	2	1	A
III	2119560	C	Y	19	2	9.52%	2	1	45	37	0.98	1	1	12	7	0	2	T
III	2132139	C	M	33	2	5.71%	2	1	44	31	0.98	1	1	19	14	2	0	A
III	2149148	A	M	37	2	5.13%	2	1	44	31	0.98	1	1	19	18	0	2	C
III	2150591	T	K	16	2	11.11%	1	1	36	29	0.98	1	1	0	16	2	0	G
III	2201476	G	K	28	4	12.5%	2	1	42	22	0.98	1	1	15	13	4	0	T
III	2201482	G	K	28	4	12.5%	2	1	44	36	0.98	1	1	13	15	4	0	T
III	2201503	C	M	38	2	5%	2	1	52	29	0.98	1	1	20	18	2	0	A
III	2202526	G	K	32	4	11.11%	2	1	38	38	0.98	1	1	24	8	0	4	T
III	2202532	G	K	33	2	5.71%	2	1	38	33	0.98	1	1	24	9	0	2	T
III	2202534	A	W	24	4	14.29%	2	1	37	26	0.98	1	1	20	4	0	4	T
III	2202541	C	M	27	2	6.9%	2	1	38	37	0.98	1	1	23	4	0	2	A
III	2202552	A	M	27	2	6.9%	2	1	40	25	0.98	1	1	20	7	0	2	C
III	2203282	T	W	24	2	7.69%	2	2	42	37	0.98	1	1	13	11	1	1	A
III	2217992	C	Y	39	8	17.02%	2	2	47	37	0.98	1	1	15	24	4	4	T
III	2222132	A	M	21	2	8.7%	2	1	36	29	0.98	1	1	19	2	0	2	C
III	2241344	T	W	30	2	6.25%	2	1	41	25	0.98	1	1	21	9	2	0	A
III	2245421	C	M	24	2	7.69%	2	1	41	27	0.98	1	1	9	15	2	0	A
III	2246586	A	M	29	3	9.38%	2	2	42	37	0.98	1	1	19	10	2	1	C
III	2247111	T	Y	49	4	7.41%	2	2	44	55	0.98	1	1	25	24	2	2	C
III	2263626	T	K	30	2	6.25%	2	1	43	37	0.98	1	1	13	17	2	0	G
III	2279204	T	K	15	2	11.76%	2	1	46	37	0.98	1	1	7	8	2	0	G
III	2283778	C	M	28	2	6.67%	2	1	42	25	0.98	1	1	5	23	2	0	A
III	2302967	A	M	36	2	5.26%	2	1	48	25	0.98	1	1	18	18	0	2	C
III	2338194	A	M	34	2	5.56%	2	1	47	31	0.98	1	1	18	16	0	2	C
III	2349063	T	Y	32	2	5.88%	2	2	45	49	0.98	1	1	9	23	1	1	C
III	2373166	G	K	33	2	5.41%	2	2	43	23	0.98	1	1	21	12	1	1	T
III	2373185	C	M	37	2	5.13%	2	1	47	27	0.98	1	1	18	19	2	0	A
III	2381979	G	T	0	28	100%	0	2	0	46	0.98	0	1	0	0	14	14	T
III	2404330	A	M	33	2	5.71%	2	1	46	31	0.98	1	1	19	14	0	2	C
III	2430846	C	Y	14	2	12.5%	2	1	37	37	0.98	1	1	8	6	2	0	T
III	2430964	A	R	16	2	11.11%	2	1	43	37	0.98	1	1	7	9	2	0	G
III	2431090	A	R	15	2	11.76%	2	1	43	31	0.98	1	1	10	5	0	2	G
III	2431133	G	K	17	2	10.53%	2	1	47	37	0.98	1	1	6	11	2	0	T
III	2431152	T	K	17	2	10.53%	2	2	50	37	0.98	1	1	7	10	1	1	G
III	2431168	T	Y	21	2	8.7%	2	1	49	55	0.98	1	1	9	12	0	2	C
III	2435063	C	M	35	2	5.41%	2	1	52	55	0.98	1	1	25	10	0	2	A
III	2447413	T	K	1647	220	11.78%	2	2	38	30	0.98	1	1	169	1478	219	1	G
III	2448311	A	W	155	18	10.4%	2	1	39	31	0.98	1	1	96	59	0	18	T
III	2448544	T	W	1995	226	10.17%	2	2	46	49	0.98	1	1	878	1117	114	112	A
mitochondrial	1139	A	W	4982	279	5.3%	2	2	45	36	0.98	1	1	2595	2387	213	66	T
