Chrom	Position	Ref	Cons	Reads1	Reads2	VarFreq	Strands1	Strands2	Qual1	Qual2	Pvalue	MapQual1	MapQual2	Reads1Plus	Reads1Minus	Reads2Plus	Reads2Minus	VarAllele
chr_II_telomeric_gap	4787	G	A	0	11	100%	0	2	0	49	0.98	0	1	0	0	6	5	A
I	459	C	M	36	27	42.86%	2	2	51	44	0.98	1	1	13	23	11	16	A
I	474	T	W	62	6	8.7%	2	2	47	55	0.98	1	1	24	38	2	4	A
I	475	C	Y	55	6	8.45%	2	2	46	51	0.98	1	1	24	31	2	4	+ACCAAT
I	783	T	Y	34	22	39.29%	2	2	42	45	0.98	1	1	21	13	8	14	C
I	798	G	R	43	25	36.76%	2	2	46	43	0.98	1	1	28	15	12	13	A
I	802	G	R	60	4	6.25%	2	2	45	46	0.98	1	1	34	26	3	1	A
I	803	G	S	60	4	6.25%	2	2	45	46	0.98	1	1	33	27	3	1	C
I	946	C	Y	74	4	5.13%	2	2	49	46	0.98	1	1	35	39	2	2	T
I	955	C	Y	39	35	47.3%	2	2	46	48	0.98	1	1	13	26	23	12	T
I	1055	T	Y	63	10	13.7%	2	2	48	37	0.98	1	1	20	43	4	6	C
I	1133	A	R	38	33	46.48%	2	2	53	43	0.98	1	1	17	21	9	24	G
I	1455	C	Y	21	22	51.16%	2	2	45	42	0.98	1	1	14	7	11	11	T
I	1514	C	S	19	23	54.76%	2	2	52	47	0.98	1	1	9	10	11	12	G
I	1750	G	R	39	11	22%	2	2	54	53	0.98	1	1	14	25	5	6	A
I	2428	G	R	71	4	5.33%	2	2	48	55	0.98	1	1	32	39	3	1	A
I	2582	T	Y	18	35	66.04%	2	2	44	48	0.98	1	1	10	8	21	14	C
I	2822	C	Y	42	7	14.29%	2	2	44	51	0.98	1	1	24	18	3	4	T
I	2921	C	Y	37	2	5.13%	2	2	50	49	0.98	1	1	18	19	1	1	T
I	3021	G	R	55	3	5.17%	2	1	48	49	0.98	1	1	24	31	3	0	A
I	3109	C	S	53	3	5.36%	2	2	47	37	0.98	1	1	34	19	1	2	G
I	3126	A	R	50	5	9.09%	2	2	47	59	0.98	1	1	34	16	1	4	G
I	3431	A	R	33	25	43.1%	2	2	53	46	0.98	1	1	16	17	16	9	G
I	4666	G	R	14	9	37.5%	2	2	39	38	0.98	1	1	2	12	7	2	A
I	4668	C	S	20	5	20%	2	2	43	36	0.98	1	1	8	12	4	1	G
I	4695	G	K	23	2	8%	2	1	43	37	0.98	1	1	8	15	2	0	T
I	5722	T	W	28	2	6.67%	2	1	39	31	0.98	1	1	11	17	2	0	A
I	6583	G	R	17	6	26.09%	2	2	38	47	0.98	1	1	10	7	3	3	A
I	6727	G	R	18	5	21.74%	2	2	36	37	0.98	1	1	11	7	2	3	A
I	7172	A	W	35	2	5.41%	2	1	41	25	0.98	1	1	23	12	0	2	T
I	7191	T	W	21	2	8.33%	2	1	41	37	0.98	1	1	9	12	0	2	A
I	7192	C	M	18	4	15.38%	2	1	38	32	0.98	1	1	10	8	0	4	A
I	8666	G	R	20	21	51.22%	2	2	58	46	0.98	1	1	6	14	10	11	A
I	17297	A	M	37	3	7.5%	2	1	53	49	0.98	1	1	18	19	3	0	C
I	17321	T	K	38	3	7.32%	2	1	49	49	0.98	1	1	17	21	3	0	G
I	17359	T	Y	37	2	5.13%	2	2	45	55	0.98	1	1	18	19	1	1	C
I	17360	G	R	37	2	5.13%	2	2	45	55	0.98	1	1	18	19	1	1	A
I	17459	A	R	23	2	8%	2	1	54	74	0.98	1	1	13	10	2	0	G
I	17558	A	R	21	2	8.7%	2	2	42	55	0.98	1	1	7	14	1	1	G
I	17639	T	Y	21	2	8.7%	2	2	42	55	0.98	1	1	10	11	1	1	C
I	17706	G	R	19	2	9.52%	2	2	53	37	0.98	1	1	11	8	1	1	A
I	17723	A	R	16	3	15.79%	2	2	53	61	0.98	1	1	10	6	1	2	G
I	17733	A	R	16	2	11.11%	2	1	53	37	0.98	1	1	10	6	0	2	G
I	17929	G	R	25	3	10.71%	2	2	54	49	0.98	1	1	16	9	2	1	A
I	17941	C	Y	25	4	13.79%	2	2	52	55	0.98	1	1	17	8	2	2	T
I	17957	T	Y	26	5	16.13%	2	2	55	66	0.98	1	1	16	10	3	2	C
I	17965	A	R	26	6	18.75%	2	2	56	63	0.98	1	1	17	9	4	2	G
I	18099	A	R	48	11	18.64%	2	2	52	44	0.98	1	1	29	19	7	4	G
I	18104	A	R	40	11	21.57%	2	2	51	54	0.98	1	1	27	13	7	4	G
I	18140	T	Y	52	15	22.39%	2	2	51	54	0.98	1	1	35	17	9	6	C
I	18209	G	R	73	5	6.41%	2	1	51	51	0.98	1	1	47	26	5	0	A
I	18218	G	R	66	6	8.33%	2	2	51	37	0.98	1	1	48	18	3	3	A
I	18219	G	R	64	6	8.57%	2	1	51	49	0.98	1	1	43	21	6	0	A
I	18318	G	R	49	25	33.78%	2	2	49	43	0.98	1	1	19	30	20	5	A
I	18475	C	Y	35	45	56.25%	2	2	52	51	0.98	1	1	13	22	13	32	T
I	18845	G	R	17	2	10.53%	2	1	52	74	0.98	1	1	6	11	2	0	A
I	19599	C	M	38	2	5%	2	2	55	74	0.98	1	1	15	23	1	1	A
I	24595	T	K	55	4	6.78%	2	2	47	64	0.98	1	1	17	38	1	3	G
I	28424	C	S	40	8	16.67%	2	2	47	56	0.98	1	1	23	17	4	4	G
I	28446	A	W	35	8	18.6%	2	2	45	69	0.98	1	1	24	11	5	3	T
I	31879	C	S	8	3	27.27%	2	2	40	49	0.98	1	1	5	3	2	1	G
I	79666	C	Y	16	2	11.11%	2	2	55	31	0.98	1	1	4	12	1	1	T
I	80858	C	Y	7	2	22.22%	2	2	51	37	0.98	1	1	5	2	1	1	T
I	91721	C	M	13	2	13.33%	2	2	38	37	0.98	1	1	10	3	1	1	A
I	94835	A	R	19	2	9.52%	2	2	49	37	0.98	1	1	9	10	1	1	G
I	98629	A	M	45	5	10%	2	1	44	37	0.98	1	1	24	21	5	0	C
I	98632	C	Y	47	5	9.62%	2	1	44	37	0.98	1	1	26	21	5	0	T
I	98639	A	W	53	9	14.52%	2	2	45	43	0.98	1	1	31	22	8	1	T
I	98777	T	Y	96	12	11.11%	2	2	54	47	0.98	1	1	49	47	3	9	C
I	98786	G	R	89	9	9.09%	2	2	51	37	0.98	1	1	40	49	1	8	A
I	98794	T	Y	92	7	7.07%	2	2	51	37	0.98	1	1	43	49	1	6	C
I	98795	T	Y	92	6	6.12%	2	2	50	37	0.98	1	1	43	49	1	5	C
I	99057	T	Y	90	14	13.46%	2	2	50	44	0.98	1	1	49	41	13	1	C
I	99066	G	R	83	17	16.83%	2	2	55	57	0.98	1	1	38	45	12	5	A
I	99204	A	W	55	14	20.29%	2	1	41	42	0.98	1	1	24	31	0	14	T
I	99211	A	R	45	5	10%	2	1	43	37	0.98	1	1	22	23	0	5	G
I	99214	G	K	45	5	10%	2	1	46	37	0.98	1	1	19	26	0	5	T
I	101871	A	R	0	2	9.09%	0	1	0	33	0.98	0	1	0	0	0	2	G
I	114814	T	W	21	2	8.7%	2	1	43	37	0.98	1	1	13	8	0	2	A
I	114927	T	C	0	29	100%	0	2	0	47	0.98	0	1	0	0	10	19	C
I	132106	C	Y	22	2	8.33%	2	2	40	37	0.98	1	1	6	16	1	1	T
I	133995	A	W	13	2	13.33%	2	1	48	37	0.98	1	1	7	6	2	0	T
I	145289	A	R	31	2	6.06%	2	2	52	55	0.98	1	1	21	10	1	1	G
I	193999	A	M	19	3	13.64%	2	1	40	25	0.98	1	1	8	11	0	3	C
I	198243	A	M	17	2	10.53%	2	1	49	55	0.98	1	1	6	11	0	2	C
I	206487	G	K	8	2	20%	1	1	37	31	0.98	1	1	0	8	2	0	T
I	207344	C	Y	6	2	25%	2	1	49	31	0.98	1	1	1	5	2	0	T
I	212154	T	Y	16	2	11.11%	2	2	43	37	0.98	1	1	9	7	1	1	C
I	214655	A	R	29	2	6.45%	2	2	52	37	0.98	1	1	11	18	1	1	G
I	229842	T	W	13	2	13.33%	2	2	51	37	0.98	1	1	9	4	1	1	A
I	241439	C	M	11	2	15.38%	2	1	42	25	0.98	1	1	8	3	0	2	A
I	242243	T	Y	22	2	8.33%	2	2	43	37	0.98	1	1	15	7	1	1	C
I	266691	C	Y	12	2	14.29%	2	2	48	37	0.98	1	1	5	7	1	1	T
I	320099	T	W	37	2	5.13%	2	2	49	25	0.98	1	1	17	20	1	1	A
I	335159	T	W	17	5	22.73%	2	2	46	66	0.98	1	1	11	6	3	2	A
I	335228	T	W	25	2	7.41%	2	2	40	31	0.98	1	1	13	12	1	1	A
I	359403	C	M	10	2	16.67%	2	1	44	25	0.98	1	1	8	2	0	2	A
I	396869	A	W	26	2	7.14%	2	2	39	25	0.98	1	1	19	7	1	1	T
I	402425	C	Y	37	2	5.13%	2	1	51	37	0.98	1	1	18	19	2	0	T
I	424276	C	M	12	2	14.29%	2	1	50	25	0.98	1	1	4	8	2	0	A
I	440767	T	W	7	2	22.22%	2	2	42	37	0.98	1	1	3	4	1	1	A
I	442912	C	M	7	2	22.22%	2	1	41	27	0.98	1	1	2	5	2	0	A
I	446570	T	W	18	2	10%	2	1	51	37	0.98	1	1	8	10	2	0	A
I	447963	T	K	22	2	8.33%	2	2	47	31	0.98	1	1	8	14	1	1	G
I	456276	G	R	16	2	11.11%	2	2	49	37	0.98	1	1	10	6	1	1	A
I	473427	G	K	7	3	27.27%	2	1	33	33	0.98	1	1	6	1	0	3	T
I	509394	A	W	10	2	16.67%	2	1	37	25	0.98	1	1	9	1	0	2	T
I	523603	G	A	0	17	100%	0	2	0	57	0.98	0	1	0	0	8	9	A
I	523883	G	A	0	18	100%	0	2	0	47	0.98	0	1	0	0	8	10	A
I	527156	C	A	0	24	100%	0	2	0	44	0.98	0	1	0	0	18	6	A
I	534390	A	W	12	2	14.29%	2	2	45	37	0.98	1	1	7	5	1	1	T
I	545050	C	S	17	3	15%	2	2	44	37	0.98	1	1	9	8	2	1	G
I	549448	T	W	24	2	7.69%	2	2	48	37	0.98	1	1	17	7	1	1	A
I	558535	G	S	12	2	14.29%	2	1	46	37	0.98	1	1	6	6	2	0	C
I	560767	A	W	18	2	10%	2	2	44	37	0.98	1	1	9	9	1	1	T
I	562745	A	W	1	2	28.57%	1	1	25	37	0.98	1	1	1	0	0	2	-T
I	606692	G	S	12	2	14.29%	2	1	61	55	0.98	1	1	7	5	0	2	C
I	642246	A	R	22	2	8.33%	2	1	46	74	0.98	1	1	15	7	2	0	G
I	677838	T	W	19	2	9.52%	2	2	44	37	0.98	1	1	14	5	1	1	A
I	711628	T	Y	20	2	9.09%	2	1	49	55	0.98	1	1	14	6	0	2	C
I	711695	G	K	22	2	8.33%	2	1	47	31	0.98	1	1	18	4	0	2	T
I	731190	T	Y	13	2	13.33%	2	2	46	55	0.98	1	1	4	9	1	1	C
I	748380	T	K	24	2	7.69%	2	1	47	37	0.98	1	1	10	14	2	0	G
I	752188	T	Y	17	2	10.53%	2	1	47	31	0.98	1	1	9	8	0	2	C
I	755027	T	Y	33	2	5.71%	2	2	48	37	0.98	1	1	16	17	1	1	C
I	759334	G	T	0	11	100%	0	2	0	39	0.98	0	1	0	0	5	6	T
I	800100	G	K	25	3	10.71%	2	2	45	33	0.98	1	1	12	13	2	1	T
I	801911	C	T	1	21	95.45%	1	2	74	43	0.98	1	1	0	1	12	9	T
I	820029	A	W	16	4	20%	2	2	49	37	0.98	1	1	11	5	2	2	T
I	862964	G	T	0	14	100%	0	2	0	47	0.98	0	1	0	0	8	6	T
I	866500	C	M	18	2	10%	2	1	44	27	0.98	1	1	10	8	2	0	A
I	876166	A	M	15	2	11.76%	2	2	48	37	0.98	1	1	7	8	1	1	C
I	889285	G	K	12	2	14.29%	2	2	39	49	0.98	1	1	7	5	1	1	T
I	893406	A	W	16	2	11.11%	2	1	50	31	0.98	1	1	9	7	0	2	T
I	909539	C	S	18	2	10%	2	2	49	37	0.98	1	1	6	12	1	1	G
I	913846	A	M	17	4	19.05%	2	2	49	37	0.98	1	1	5	12	2	2	C
I	960643	G	K	14	22	61.11%	2	2	50	49	0.98	1	1	6	8	10	12	T
I	961882	A	M	26	2	7.14%	2	1	42	31	0.98	1	1	16	10	0	2	C
I	997390	T	Y	14	2	12.5%	2	2	44	25	0.98	1	1	7	7	1	1	C
I	1038491	G	K	22	2	8.33%	2	1	44	37	0.98	1	1	8	14	2	0	T
I	1059312	A	R	14	2	12.5%	2	2	51	37	0.98	1	1	8	6	1	1	G
I	1091314	C	M	10	2	16.67%	2	1	40	25	0.98	1	1	7	3	0	2	A
I	1134677	A	W	9	2	18.18%	2	2	53	37	0.98	1	1	3	6	1	1	T
I	1142916	G	R	33	2	5.71%	2	2	44	55	0.98	1	1	10	23	1	1	A
I	1168548	A	R	20	2	9.09%	2	1	49	37	0.98	1	1	10	10	2	0	G
I	1178782	C	M	9	2	18.18%	2	1	41	25	0.98	1	1	5	4	0	2	A
I	1183504	C	M	11	5	31.25%	2	2	40	44	0.98	1	1	7	4	4	1	A
I	1206344	A	W	33	2	5.71%	2	1	44	37	0.98	1	1	15	18	2	0	T
I	1212532	G	R	32	4	11.11%	2	2	43	37	0.98	1	1	24	8	2	2	A
I	1216456	A	W	11	2	15.38%	2	2	46	37	0.98	1	1	7	4	1	1	T
I	1241692	A	W	32	2	5.88%	2	1	43	25	0.98	1	1	13	19	0	2	T
I	1265023	T	K	26	2	7.14%	2	2	49	31	0.98	1	1	11	15	1	1	G
I	1267645	T	K	17	2	10.53%	2	1	45	37	0.98	1	1	10	7	0	2	G
I	1280792	C	Y	14	2	12.5%	2	2	44	37	0.98	1	1	9	5	1	1	T
I	1286047	A	R	15	2	11.76%	2	1	45	37	0.98	1	1	8	7	2	0	G
I	1330049	A	R	17	2	10.53%	2	1	51	74	0.98	1	1	9	8	0	2	G
I	1339711	G	K	12	2	14.29%	2	1	42	37	0.98	1	1	7	5	0	2	T
I	1376406	C	M	26	2	7.14%	2	1	43	25	0.98	1	1	22	4	0	2	A
I	1380087	C	M	10	2	16.67%	2	1	54	31	0.98	1	1	7	3	0	2	A
I	1380126	A	M	12	4	25%	1	1	45	26	0.98	1	1	12	0	0	4	C
I	1393854	G	K	4	2	33.33%	1	1	37	27	0.98	1	1	0	4	2	0	T
I	1436713	C	M	11	2	15.38%	2	2	43	37	0.98	1	1	6	5	1	1	A
I	1463775	G	R	28	2	6.67%	2	2	42	37	0.98	1	1	14	14	1	1	A
I	1470754	A	R	32	2	5.88%	2	1	48	68	0.98	1	1	11	21	2	0	G
I	1481317	A	W	17	2	10.53%	2	1	49	37	0.98	1	1	9	8	2	0	T
I	1539572	A	M	4	2	33.33%	1	1	33	31	0.98	1	1	4	0	0	2	C
I	1545171	C	Y	6	2	25%	2	1	35	37	0.98	1	1	1	5	2	0	T
I	1578163	C	M	10	2	16.67%	2	1	42	25	0.98	1	1	3	7	2	0	A
I	1582837	C	A	0	16	100%	0	2	0	38	0.98	0	1	0	0	8	8	A
I	1603618	A	W	11	2	15.38%	2	2	39	37	0.98	1	1	6	5	1	1	T
I	1604867	T	W	11	4	26.67%	2	2	48	37	0.98	1	1	3	8	2	2	A
I	1630482	G	C	0	15	100%	0	2	0	49	0.98	0	1	0	0	4	11	C
I	1653058	C	M	11	2	15.38%	2	1	46	27	0.98	1	1	2	9	2	0	A
I	1654350	T	K	9	2	18.18%	1	1	45	25	0.98	1	1	0	9	2	0	G
I	1669656	A	W	15	2	11.76%	2	1	44	25	0.98	1	1	8	7	0	2	T
I	1678054	C	Y	19	2	9.52%	2	2	48	31	0.98	1	1	5	14	1	1	T
I	1688294	T	W	24	2	7.69%	2	2	44	31	0.98	1	1	7	17	1	1	A
I	1697163	G	K	24	2	7.69%	2	1	41	27	0.98	1	1	9	15	2	0	T
I	1748138	A	R	23	2	8%	2	2	46	55	0.98	1	1	10	13	1	1	G
I	1749520	A	W	11	4	26.67%	2	2	50	37	0.98	1	1	5	6	2	2	T
I	1754019	G	R	17	4	19.05%	2	2	56	37	0.98	1	1	5	12	2	2	A
I	1754027	A	R	17	4	19.05%	2	2	55	37	0.98	1	1	6	11	2	2	G
I	1757614	T	W	28	2	6.67%	2	1	46	74	0.98	1	1	16	12	0	2	A
I	1783458	C	T	0	32	100%	0	2	0	47	0.98	0	1	0	0	21	11	T
I	1834160	G	K	5	3	37.5%	1	1	35	37	0.98	1	1	5	0	0	3	T
I	1834456	C	M	18	2	10%	2	2	38	23	0.98	1	1	15	3	1	1	A
I	1852134	C	M	6	2	25%	2	1	41	31	0.98	1	1	1	5	2	0	A
I	1857307	G	R	37	2	5.13%	2	2	45	37	0.98	1	1	23	14	1	1	A
I	1865486	A	R	24	2	7.69%	2	2	55	37	0.98	1	1	14	10	1	1	G
I	1865927	A	R	29	2	6.45%	2	1	48	37	0.98	1	1	13	16	2	0	G
I	1918499	T	Y	21	2	8.7%	2	1	44	55	0.98	1	1	10	11	0	2	C
I	1933222	T	Y	16	3	15.79%	2	2	46	33	0.98	1	1	7	9	1	2	C
I	1938102	G	K	29	3	9.38%	2	1	48	37	0.98	1	1	12	17	3	0	T
I	1950710	C	M	24	2	7.69%	2	1	49	29	0.98	1	1	11	13	0	2	A
I	1964530	A	R	34	2	5.56%	2	2	47	37	0.98	1	1	12	22	1	1	G
I	1996324	C	M	20	2	9.09%	2	2	51	37	0.98	1	1	10	10	1	1	A
I	1999192	G	C	0	18	100%	0	2	0	45	0.98	0	1	0	0	9	9	C
I	2034745	T	Y	18	2	10%	2	1	53	31	0.98	1	1	8	10	0	2	C
I	2045506	T	K	9	2	18.18%	2	2	45	37	0.98	1	1	6	3	1	1	G
I	2059464	C	M	23	2	8%	2	1	47	23	0.98	1	1	18	5	0	2	A
I	2080923	C	M	28	2	6.67%	2	2	50	37	0.98	1	1	11	17	1	1	A
I	2086049	G	R	17	2	10.53%	2	2	42	37	0.98	1	1	11	6	1	1	A
I	2092227	G	K	11	2	15.38%	2	1	42	31	0.98	1	1	2	9	0	2	T
I	2097603	T	W	30	2	6.25%	2	2	51	37	0.98	1	1	7	23	1	1	A
I	2104091	G	T	0	13	100%	0	2	0	39	0.98	0	1	0	0	3	10	T
I	2104097	C	A	0	12	100%	0	2	0	40	0.98	0	1	0	0	3	9	A
I	2108559	A	R	26	5	16.13%	2	2	45	51	0.98	1	1	13	13	2	3	G
I	2115043	C	M	14	2	12.5%	2	2	49	37	0.98	1	1	8	6	1	1	A
I	2132199	C	M	13	2	13.33%	2	1	41	25	0.98	1	1	6	7	0	2	A
I	2132233	C	M	12	2	14.29%	2	1	43	27	0.98	1	1	6	6	0	2	A
I	2145073	A	R	23	2	8%	2	1	55	37	0.98	1	1	9	14	2	0	G
I	2157354	T	Y	19	2	9.52%	2	2	54	31	0.98	1	1	6	13	1	1	C
I	2173433	T	Y	19	2	9.52%	2	1	50	37	0.98	1	1	9	10	0	2	C
I	2174528	G	K	9	2	18.18%	2	1	43	31	0.98	1	1	6	3	0	2	T
I	2208497	T	W	17	2	10.53%	2	1	39	55	0.98	1	1	7	10	2	0	A
I	2222271	C	M	25	2	7.41%	2	2	45	37	0.98	1	1	15	10	1	1	A
I	2233233	A	R	22	2	8.33%	2	2	42	37	0.98	1	1	10	12	1	1	G
I	2241220	A	W	20	2	9.09%	2	1	48	37	0.98	1	1	8	12	2	0	T
I	2272931	T	Y	29	2	6.45%	2	2	53	37	0.98	1	1	9	20	1	1	C
I	2272938	A	W	30	2	6.25%	2	2	55	37	0.98	1	1	10	20	1	1	T
I	2293036	G	R	19	2	9.52%	2	2	60	37	0.98	1	1	9	10	1	1	A
I	2308277	G	S	28	2	6.67%	2	2	48	37	0.98	1	1	12	16	1	1	C
I	2308278	G	K	28	2	6.67%	2	2	47	37	0.98	1	1	12	16	1	1	T
I	2323320	T	K	18	3	14.29%	2	1	50	29	0.98	1	1	8	10	3	0	G
I	2330154	G	K	11	2	15.38%	2	1	44	33	0.98	1	1	3	8	2	0	T
I	2340571	G	R	14	2	12.5%	2	2	42	37	0.98	1	1	8	6	1	1	A
I	2349963	T	Y	17	2	10.53%	2	1	47	31	0.98	1	1	8	9	0	2	C
I	2382847	A	M	16	2	11.11%	2	1	48	31	0.98	1	1	9	7	0	2	C
I	2446421	T	K	17	2	10.53%	2	1	47	31	0.98	1	1	9	8	2	0	G
I	2472282	A	W	28	2	6.67%	2	1	52	37	0.98	1	1	17	11	2	0	T
I	2493446	G	S	9	11	55%	2	2	39	53	0.98	1	1	4	5	10	1	C
I	2506044	T	A	0	29	100%	0	2	0	51	0.98	0	1	0	0	12	17	A
I	2514347	A	R	25	4	13.79%	2	2	45	37	0.98	1	1	14	11	2	2	G
I	2534788	T	Y	26	2	7.14%	2	2	45	37	0.98	1	1	12	14	1	1	C
I	2544949	T	K	21	3	12.5%	2	1	38	29	0.98	1	1	2	19	3	0	G
I	2556940	A	W	10	2	16.67%	2	1	51	74	0.98	1	1	3	7	0	2	T
I	2581639	T	Y	26	2	7.14%	2	1	49	37	0.98	1	1	13	13	0	2	C
I	2605764	T	A	0	20	100%	0	2	0	40	0.98	0	1	0	0	7	13	A
I	2633874	A	W	13	2	13.33%	2	2	44	33	0.98	1	1	8	5	1	1	T
I	2639018	C	M	18	2	10%	2	1	43	31	0.98	1	1	6	12	2	0	A
I	2672234	G	S	19	4	17.39%	2	2	49	37	0.98	1	1	7	12	2	2	C
I	2694778	T	Y	18	2	10%	2	2	43	31	0.98	1	1	8	10	1	1	C
I	2696495	A	M	8	4	33.33%	2	1	35	29	0.98	1	1	7	1	0	4	C
I	2732568	G	S	18	2	10%	2	2	48	37	0.98	1	1	9	9	1	1	C
I	2734654	T	W	13	2	13.33%	2	1	38	27	0.98	1	1	9	4	2	0	A
I	2734656	C	M	13	2	13.33%	2	1	38	27	0.98	1	1	9	4	2	0	A
I	2747078	A	G	0	17	100%	0	2	0	46	0.98	0	1	0	0	7	10	G
I	2750656	T	W	18	2	10%	2	2	53	37	0.98	1	1	10	8	1	1	A
I	2751237	A	W	2	2	50%	1	1	37	37	0.98	1	1	2	0	0	2	T
I	2756987	A	W	13	2	13.33%	2	1	40	37	0.98	1	1	7	6	2	0	T
I	2765935	A	R	13	2	13.33%	2	2	47	37	0.98	1	1	4	9	1	1	G
I	2765942	T	K	12	2	14.29%	2	2	49	37	0.98	1	1	4	8	1	1	G
I	2781236	T	K	12	2	14.29%	2	1	53	31	0.98	1	1	7	5	2	0	G
I	2798383	T	Y	27	2	6.9%	2	1	47	49	0.98	1	1	13	14	0	2	C
I	2801511	C	M	16	2	11.11%	2	1	43	37	0.98	1	1	10	6	2	0	A
I	2834295	G	K	18	2	10%	2	1	37	37	0.98	1	1	13	5	0	2	T
I	2843273	G	K	18	2	10%	2	1	41	31	0.98	1	1	10	8	2	0	T
I	2881324	C	M	15	3	16.67%	2	2	49	61	0.98	1	1	12	3	2	1	A
I	2897202	G	R	32	2	5.88%	2	2	49	37	0.98	1	1	18	14	1	1	A
I	2931053	T	W	10	2	16.67%	2	1	51	37	0.98	1	1	6	4	2	0	A
I	2931450	G	R	58	8	12.12%	2	1	51	37	0.98	1	1	30	28	8	0	A
I	2933234	G	K	23	4	14.81%	2	1	47	34	0.98	1	1	7	16	0	4	T
I	2943729	C	Y	77	6	7.23%	2	2	52	35	0.98	1	1	44	33	4	2	T
I	2943738	A	R	73	5	6.41%	2	2	52	34	0.98	1	1	39	34	4	1	G
I	2949911	T	K	34	2	5.56%	2	1	51	37	0.98	1	1	16	18	2	0	G
I	2989009	A	W	24	4	14.29%	2	2	48	37	0.98	1	1	12	12	2	2	T
I	2992819	T	Y	31	2	6.06%	2	2	44	55	0.98	1	1	14	17	1	1	C
I	2994434	C	A	0	15	100%	0	2	0	42	0.98	0	1	0	0	3	12	A
I	3034276	T	Y	22	2	8.33%	2	2	46	37	0.98	1	1	15	7	1	1	C
I	3111508	A	G	0	14	100%	0	2	0	44	0.98	0	1	0	0	10	4	G
I	3115841	C	A	0	27	100%	0	2	0	52	0.98	0	1	0	0	19	8	A
I	3119299	G	A	0	6	100%	0	2	0	37	0.98	0	1	0	0	3	3	A
I	3122634	A	M	30	2	6.25%	2	2	48	55	0.98	1	1	13	17	1	1	C
I	3134780	T	K	29	2	6.45%	2	1	40	37	0.98	1	1	12	17	2	0	G
I	3162047	T	K	9	3	25%	2	1	35	30	0.98	1	1	1	8	3	0	G
I	3179238	G	C	0	26	100%	0	2	0	49	0.98	0	1	0	0	17	9	C
I	3186798	G	A	0	32	100%	0	2	0	46	0.98	0	1	0	0	13	19	A
I	3196128	C	Y	11	2	15.38%	2	1	50	37	0.98	1	1	8	3	0	2	T
I	3199524	A	W	15	2	11.76%	2	2	51	37	0.98	1	1	7	8	1	1	T
I	3238514	A	W	22	2	8.33%	2	2	55	37	0.98	1	1	11	11	1	1	T
I	3294780	G	T	1	31	96.88%	1	2	37	54	0.98	1	1	0	1	13	18	T
I	3304920	A	M	25	2	7.41%	2	2	49	37	0.98	1	1	14	11	1	1	C
I	3306695	G	K	20	2	9.09%	2	1	42	29	0.98	1	1	5	15	2	0	T
I	3334781	T	Y	20	2	9.09%	2	2	53	37	0.98	1	1	7	13	1	1	C
I	3343973	G	R	18	2	10%	2	2	55	74	0.98	1	1	9	9	1	1	A
I	3343974	C	Y	18	2	10%	2	2	55	74	0.98	1	1	9	9	1	1	T
I	3366328	A	M	17	2	10.53%	2	1	43	25	0.98	1	1	9	8	0	2	C
I	3395910	T	K	23	2	8%	2	1	46	51	0.98	1	1	9	14	2	0	G
I	3451247	C	Y	35	2	5.41%	2	2	48	37	0.98	1	1	23	12	1	1	T
I	3477691	G	K	20	2	9.09%	2	1	44	31	0.98	1	1	10	10	2	0	T
I	3519693	A	M	12	2	14.29%	2	1	37	31	0.98	1	1	10	2	0	2	C
I	3538450	A	T	0	16	100%	0	2	0	37	0.98	0	1	0	0	5	11	T
I	3543492	G	S	25	2	7.41%	2	2	40	37	0.98	1	1	11	14	1	1	C
I	3544153	A	W	27	2	6.9%	2	1	40	31	0.98	1	1	13	14	2	0	T
I	3548068	T	K	17	2	10.53%	2	2	52	37	0.98	1	1	9	8	1	1	G
I	3548913	T	A	0	7	100%	0	2	0	42	0.98	0	1	0	0	2	5	A
I	3559641	C	Y	28	2	6.67%	2	1	44	37	0.98	1	1	14	14	0	2	T
I	3566242	A	W	20	2	9.09%	2	1	48	37	0.98	1	1	10	10	2	0	T
I	3574326	G	R	11	2	15.38%	2	2	53	37	0.98	1	1	7	4	1	1	A
I	3575833	A	R	17	2	10.53%	2	2	48	37	0.98	1	1	12	5	1	1	G
I	3581389	T	Y	19	2	9.52%	2	1	46	37	0.98	1	1	8	11	0	2	C
I	3583106	G	A	0	19	100%	0	2	0	50	0.98	0	1	0	0	10	9	A
I	3597029	C	Y	20	2	9.09%	2	2	51	37	0.98	1	1	10	10	1	1	T
I	3610401	T	K	4	2	33.33%	2	2	37	37	0.98	1	1	2	2	1	1	G
I	3623324	A	R	24	2	7.69%	2	1	50	55	0.98	1	1	9	15	2	0	G
I	3625204	C	M	11	2	15.38%	2	1	34	25	0.98	1	1	3	8	2	0	A
I	3627826	A	M	26	2	7.14%	2	1	45	25	0.98	1	1	9	17	0	2	C
I	3634638	G	K	4	2	33.33%	1	1	43	31	0.98	1	1	4	0	0	2	T
I	3657692	A	R	34	2	5.56%	2	1	50	55	0.98	1	1	14	20	2	0	G
I	3660132	C	M	26	2	7.14%	2	1	50	31	0.98	1	1	11	15	0	2	A
I	3660180	G	K	14	2	12.5%	2	1	44	25	0.98	1	1	12	2	0	2	T
I	3668759	C	M	26	2	7.14%	2	2	45	23	0.98	1	1	13	13	1	1	A
I	3673346	T	W	23	2	8%	2	1	43	74	0.98	1	1	7	16	2	0	A
I	3700378	A	W	7	2	22.22%	2	1	41	29	0.98	1	1	4	3	0	2	T
I	3700385	T	W	1	2	18.18%	1	1	37	29	0.98	1	1	1	0	0	2	A
I	3713579	C	M	5	2	28.57%	1	1	39	31	0.98	1	1	0	5	2	0	A
I	3723065	G	R	16	2	11.11%	2	1	59	37	0.98	1	1	8	8	2	0	A
I	3744205	T	W	35	3	7.89%	2	2	45	37	0.98	1	1	8	27	1	2	A
I	3754667	G	K	32	2	5.88%	2	1	46	27	0.98	1	1	15	17	0	2	T
I	3761002	A	R	20	2	9.09%	2	1	53	37	0.98	1	1	8	12	2	0	G
I	3761504	C	M	50	3	5.66%	2	2	48	49	0.98	1	1	27	23	2	1	A
I	3761560	T	Y	38	2	5%	2	2	48	74	0.98	1	1	26	12	1	1	C
I	3761566	T	Y	38	2	5%	2	2	50	74	0.98	1	1	24	14	1	1	C
I	3778776	C	Y	55	5	8.33%	2	1	50	37	0.98	1	1	36	19	0	5	T
I	3778777	C	Y	53	5	8.62%	2	1	48	34	0.98	1	1	32	21	0	5	T
I	3780769	G	K	40	5	11.11%	2	2	52	59	0.98	1	1	20	20	2	3	T
I	3785905	A	W	21	2	8.7%	2	2	39	49	0.98	1	1	13	8	1	1	T
I	3795749	A	W	22	2	8.33%	2	1	42	25	0.98	1	1	14	8	0	2	T
I	3795813	A	M	21	3	12.5%	2	1	43	29	0.98	1	1	14	7	0	3	C
I	3816733	C	M	32	2	5.88%	2	2	51	74	0.98	1	1	21	11	1	1	A
I	3820423	G	S	25	2	7.41%	2	2	44	37	0.98	1	1	15	10	1	1	C
I	3839453	A	R	21	3	12.5%	2	2	44	40	0.98	1	1	11	10	2	1	G
I	3850280	G	S	13	2	13.33%	2	2	45	37	0.98	1	1	9	4	1	1	C
I	3880402	T	Y	32	8	20%	2	2	43	37	0.98	1	1	15	17	4	4	C
I	3934049	A	R	30	2	6.25%	2	1	48	55	0.98	1	1	9	21	2	0	G
I	3984278	C	Y	100	10	9.09%	2	2	48	36	0.98	1	1	56	44	8	2	T
I	3984446	C	Y	166	9	5.14%	2	2	48	32	0.98	1	1	77	89	8	1	T
I	3987802	T	K	21	2	8.7%	2	1	39	25	0.98	1	1	6	15	2	0	G
I	3987840	T	K	23	2	8%	2	1	39	31	0.98	1	1	12	11	2	0	G
I	3987945	G	S	22	2	8.33%	2	2	44	37	0.98	1	1	12	10	1	1	C
I	3992214	C	A	0	2	100%	0	1	0	49	0.98	0	1	0	0	0	2	A
I	4044298	A	R	15	2	11.76%	2	2	46	68	0.98	1	1	5	10	1	1	G
I	4049603	A	W	24	2	7.69%	2	1	44	68	0.98	1	1	13	11	2	0	T
I	4049605	A	M	26	2	7.14%	2	1	43	74	0.98	1	1	15	11	2	0	C
I	4063679	C	Y	77	5	6.02%	2	2	47	34	0.98	1	1	26	51	2	3	T
I	4063685	A	R	75	5	6.17%	2	2	48	44	0.98	1	1	23	52	3	2	G
I	4063757	T	Y	86	5	5.49%	2	2	50	35	0.98	1	1	39	47	1	4	C
I	4081440	T	Y	35	2	5.41%	2	1	49	37	0.98	1	1	16	19	0	2	C
I	4088103	A	R	14	2	12.5%	2	1	50	29	0.98	1	1	8	6	2	0	G
I	4099898	C	Y	22	2	8.33%	2	2	43	49	0.98	1	1	14	8	1	1	T
I	4131761	T	W	25	2	7.41%	2	2	44	37	0.98	1	1	11	14	1	1	A
I	4135196	T	Y	37	2	5.13%	2	1	45	37	0.98	1	1	21	16	0	2	C
I	4138110	G	R	18	2	10%	2	1	41	31	0.98	1	1	12	6	2	0	A
I	4152596	G	S	16	4	20%	2	2	52	37	0.98	1	1	9	7	2	2	C
I	4152602	A	R	17	4	19.05%	2	2	56	37	0.98	1	1	9	8	2	2	G
I	4163043	C	S	20	2	9.09%	2	2	45	55	0.98	1	1	8	12	1	1	G
I	4170085	T	Y	16	2	11.11%	2	1	43	37	0.98	1	1	12	4	0	2	C
I	4177425	C	S	12	2	14.29%	2	2	46	37	0.98	1	1	5	7	1	1	G
I	4192110	A	M	15	3	16.67%	2	1	46	37	0.98	1	1	6	9	0	3	C
I	4221559	T	W	34	2	5.56%	2	1	48	25	0.98	1	1	18	16	2	0	A
I	4250750	A	R	42	3	6.67%	2	1	44	37	0.98	1	1	12	30	3	0	G
I	4268733	G	K	31	2	6.06%	2	2	52	31	0.98	1	1	15	16	1	1	T
I	4294954	T	K	11	2	5.71%	2	2	49	49	0.98	1	1	4	7	1	1	G
I	4315488	C	M	11	4	26.67%	2	2	44	37	0.98	1	1	8	3	2	2	A
I	4316683	A	R	25	2	7.41%	2	1	44	37	0.98	1	1	17	8	2	0	G
I	4316935	A	M	20	2	9.09%	2	1	53	55	0.98	1	1	6	14	0	2	C
I	4326014	A	W	22	2	8.33%	2	1	52	37	0.98	1	1	11	11	0	2	T
I	4343938	T	K	18	2	9.52%	2	1	50	31	0.98	1	1	14	4	2	0	G
I	4348542	C	Y	17	3	15%	2	1	47	37	0.98	1	1	6	11	3	0	T
I	4353726	G	K	10	2	16.67%	2	2	44	74	0.98	1	1	6	4	1	1	T
I	4365703	G	R	16	2	11.11%	2	2	46	37	0.98	1	1	6	10	1	1	A
I	4375421	A	T	0	14	100%	0	2	0	44	0.98	0	1	0	0	3	11	T
I	4378721	T	Y	16	2	11.11%	2	1	39	37	0.98	1	1	12	4	0	2	C
I	4380566	T	W	11	2	15.38%	2	1	56	55	0.98	1	1	3	8	2	0	A
I	4400697	C	Y	10	2	16.67%	2	2	51	37	0.98	1	1	5	5	1	1	T
I	4417218	G	S	27	2	6.9%	2	2	49	37	0.98	1	1	11	16	1	1	C
I	4435162	A	W	12	2	14.29%	2	1	42	22	0.98	1	1	4	8	0	2	T
I	4439579	A	W	30	2	6.25%	2	1	50	22	0.98	1	1	18	12	0	2	T
I	4442714	G	A	0	33	100%	0	2	0	48	0.98	0	1	0	0	8	25	A
I	4463542	T	Y	28	2	6.67%	2	2	43	37	0.98	1	1	19	9	1	1	C
I	4485405	T	W	14	2	12.5%	2	2	50	37	0.98	1	1	5	9	1	1	A
I	4486333	G	K	3	3	50%	2	1	49	31	0.98	1	1	2	1	0	3	T
I	4493337	T	W	25	2	7.41%	2	1	43	74	0.98	1	1	12	13	2	0	A
I	4550486	T	Y	30	2	6.25%	2	1	39	37	0.98	1	1	15	15	0	2	C
I	4561992	G	R	14	2	12.5%	2	1	48	37	0.98	1	1	7	7	0	2	A
I	4586355	C	M	9	2	18.18%	2	1	48	22	0.98	1	1	5	4	2	0	A
I	4612278	G	S	14	2	12.5%	2	1	52	31	0.98	1	1	8	6	2	0	C
I	4648160	G	T	1	9	90%	1	2	37	42	0.98	1	1	0	1	5	4	T
I	4648161	G	K	6	14	70%	2	2	41	37	0.98	1	1	4	2	6	8	T
I	4648183	T	W	18	2	10%	2	1	45	31	0.98	1	1	11	7	2	0	A
I	4688576	A	R	35	2	5.41%	2	2	47	37	0.98	1	1	10	25	1	1	G
I	4710835	C	Y	36	2	5.26%	2	2	50	37	0.98	1	1	24	12	1	1	T
I	4716343	T	W	38	2	5%	2	2	48	68	0.98	1	1	19	19	1	1	A
I	4716349	G	R	34	3	8.11%	2	1	51	37	0.98	1	1	16	18	0	3	A
I	4716429	T	Y	25	3	10.71%	2	1	56	49	0.98	1	1	14	11	0	3	C
I	4716436	T	Y	24	2	7.69%	2	1	52	55	0.98	1	1	13	11	0	2	C
I	4716438	T	W	26	3	10.34%	2	1	55	49	0.98	1	1	14	12	0	3	A
I	4716629	G	K	10	2	16.67%	2	1	39	27	0.98	1	1	9	1	0	2	T
I	4719371	A	R	25	2	7.41%	2	1	48	37	0.98	1	1	13	12	2	0	G
I	4720470	T	Y	16	2	11.11%	2	2	43	31	0.98	1	1	7	9	1	1	C
I	4735524	A	W	18	2	10%	2	1	44	37	0.98	1	1	11	7	2	0	T
I	4763297	C	Y	22	2	8.33%	2	1	46	37	0.98	1	1	10	12	0	2	T
I	4794442	A	M	29	2	6.45%	2	2	48	37	0.98	1	1	14	15	1	1	C
I	4800635	A	R	29	2	6.45%	2	1	48	55	0.98	1	1	15	14	0	2	G
I	4809739	A	W	21	2	8.7%	2	2	51	37	0.98	1	1	11	10	1	1	T
I	4837996	G	S	20	2	9.09%	2	2	49	68	0.98	1	1	6	14	1	1	C
I	4840432	T	Y	30	2	6.25%	2	1	45	37	0.98	1	1	12	18	0	2	C
I	4893925	G	K	18	2	10%	2	1	39	31	0.98	1	1	13	5	0	2	T
I	4913670	A	M	23	2	8%	2	2	44	49	0.98	1	1	10	13	1	1	C
I	4916558	G	K	8	2	20%	2	1	44	25	0.98	1	1	3	5	0	2	T
I	4919603	A	G	0	34	100%	0	2	0	42	0.98	0	1	0	0	5	29	G
I	4920484	T	K	10	2	16.67%	2	1	45	55	0.98	1	1	7	3	0	2	G
I	4926071	A	W	7	2	22.22%	2	1	51	29	0.98	1	1	4	3	2	0	T
I	4927283	G	R	25	2	7.41%	2	2	39	37	0.98	1	1	9	16	1	1	A
I	4942149	G	R	28	2	6.67%	2	2	44	37	0.98	1	1	10	18	1	1	A
I	4972788	T	W	24	2	7.69%	2	1	41	25	0.98	1	1	8	16	2	0	A
I	4978214	A	W	10	2	16.67%	2	1	43	37	0.98	1	1	5	5	0	2	T
I	4982189	G	K	18	2	10%	2	1	50	31	0.98	1	1	10	8	0	2	T
I	5013466	T	Y	19	2	9.52%	2	2	51	37	0.98	1	1	13	6	1	1	C
I	5032939	A	R	25	2	7.41%	2	2	50	37	0.98	1	1	12	13	1	1	G
I	5036860	T	W	18	2	10%	2	1	43	27	0.98	1	1	16	2	0	2	A
I	5043080	C	M	27	2	6.9%	2	2	44	31	0.98	1	1	14	13	1	1	A
I	5068741	T	Y	21	5	19.23%	2	2	51	34	0.98	1	1	12	9	1	4	C
I	5081300	A	M	10	2	16.67%	2	1	50	31	0.98	1	1	7	3	2	0	C
I	5096536	T	W	10	2	16.67%	2	2	45	37	0.98	1	1	6	4	1	1	A
I	5122821	A	W	23	2	8%	2	1	48	37	0.98	1	1	12	11	2	0	T
I	5143020	T	Y	16	2	11.11%	2	2	47	43	0.98	1	1	9	7	1	1	C
I	5143253	T	W	13	4	23.53%	2	2	45	37	0.98	1	1	7	6	2	2	A
I	5143256	A	W	14	4	22.22%	2	2	44	37	0.98	1	1	8	6	2	2	T
I	5143257	T	W	14	4	22.22%	2	2	44	37	0.98	1	1	8	6	2	2	A
I	5151460	T	W	25	4	13.79%	2	2	39	31	0.98	1	1	16	9	3	1	A
I	5171986	A	R	17	2	10.53%	2	2	47	37	0.98	1	1	5	12	1	1	G
I	5177760	A	W	11	2	11.76%	2	1	48	33	0.98	1	1	6	5	0	2	+T
I	5190185	G	R	15	2	11.76%	2	2	44	37	0.98	1	1	8	7	1	1	A
I	5199768	C	Y	21	2	8.7%	2	1	50	37	0.98	1	1	10	11	2	0	T
I	5235231	T	Y	17	2	10.53%	2	2	49	37	0.98	1	1	8	9	1	1	C
I	5263990	A	W	13	2	13.33%	2	1	53	37	0.98	1	1	5	8	0	2	T
I	5300229	G	T	0	13	100%	0	2	0	42	0.98	0	1	0	0	8	5	T
I	5300399	C	M	21	2	8.7%	2	1	49	37	0.98	1	1	7	14	2	0	A
I	5375909	G	S	26	2	7.14%	2	1	45	37	0.98	1	1	11	15	2	0	C
I	5389794	G	A	0	15	100%	0	2	0	46	0.98	0	1	0	0	5	10	A
I	5400080	C	T	0	19	100%	0	2	0	40	0.98	0	1	0	0	9	10	T
I	5400483	G	S	13	2	13.33%	2	2	38	37	0.98	1	1	9	4	1	1	C
I	5408746	G	K	6	2	25%	2	2	43	37	0.98	1	1	2	4	1	1	T
I	5429575	T	Y	34	2	5.56%	2	2	47	68	0.98	1	1	18	16	1	1	C
I	5438462	A	M	20	2	9.09%	2	1	48	37	0.98	1	1	8	12	0	2	C
I	5452652	A	M	32	2	5.88%	2	1	50	74	0.98	1	1	14	18	0	2	C
I	5484011	A	M	35	2	5.41%	2	2	41	61	0.98	1	1	18	17	1	1	C
I	5492790	G	S	37	2	5.13%	2	2	49	37	0.98	1	1	13	24	1	1	C
I	5508692	T	Y	14	2	12.5%	2	2	47	37	0.98	1	1	10	4	1	1	C
I	5517179	A	M	10	2	16.67%	2	2	39	55	0.98	1	1	5	5	1	1	C
I	5534392	A	R	10	4	28.57%	2	2	37	34	0.98	1	1	3	7	2	2	G
I	5543254	A	R	23	2	8%	2	2	45	55	0.98	1	1	17	6	1	1	G
I	5557272	G	K	6	2	25%	2	1	41	25	0.98	1	1	5	1	0	2	T
I	5562193	A	R	16	3	15.79%	2	1	45	61	0.98	1	1	7	9	3	0	G
I	5568014	G	R	16	5	23.81%	2	2	43	34	0.98	1	1	8	8	1	4	A
I	5569168	A	R	31	3	8.82%	2	2	49	45	0.98	1	1	10	21	2	1	G
I	5569182	A	W	32	3	8.57%	2	1	47	37	0.98	1	1	10	22	0	3	T
I	5572406	C	Y	33	2	5.71%	2	1	50	37	0.98	1	1	6	27	2	0	T
I	5572783	T	K	20	2	9.09%	2	2	42	31	0.98	1	1	9	11	1	1	G
I	5572960	C	S	49	3	5.77%	2	2	55	61	0.98	1	1	25	24	1	2	G
I	5573112	A	M	5	4	44.44%	2	2	49	46	0.98	1	1	2	3	2	2	C
I	5573123	T	Y	3	4	57.14%	2	2	49	46	0.98	1	1	1	2	2	2	C
I	5573156	G	R	17	5	22.73%	2	2	44	56	0.98	1	1	10	7	4	1	A
I	5573181	A	R	24	2	7.69%	2	1	50	74	0.98	1	1	12	12	2	0	G
I	5573188	T	Y	29	2	6.45%	2	1	52	42	0.98	1	1	16	13	2	0	C
I	5573189	C	Y	28	2	6.67%	2	1	53	55	0.98	1	1	15	13	2	0	T
I	5573198	T	Y	35	4	10.26%	2	1	56	64	0.98	1	1	19	16	4	0	C
I	5573210	G	R	40	4	9.09%	2	1	57	61	0.98	1	1	21	19	4	0	A
I	5573310	T	Y	41	3	6.82%	2	2	53	49	0.98	1	1	20	21	2	1	C
I	5573444	T	Y	26	3	10.34%	2	1	58	37	0.98	1	1	7	19	0	3	C
I	5573452	A	R	29	3	9.38%	2	1	57	37	0.98	1	1	7	22	0	3	G
I	5573468	G	R	29	3	9.38%	2	1	52	49	0.98	1	1	6	23	0	3	A
I	5573480	C	Y	28	2	6.67%	2	1	52	55	0.98	1	1	6	22	0	2	T
I	5573851	T	Y	16	3	15.79%	2	2	50	61	0.98	1	1	11	5	2	1	C
I	5574088	A	M	20	2	9.09%	2	1	53	55	0.98	1	1	15	5	0	2	C
I	5574112	T	K	22	3	12%	2	2	48	61	0.98	1	1	17	5	2	1	G
I	5576809	C	Y	5	3	37.5%	2	1	42	49	0.98	1	1	4	1	3	0	T
I	5579055	C	Y	4	2	33.33%	2	1	43	37	0.98	1	1	1	3	0	2	T
II	1310	T	K	63	5	7.35%	2	2	49	69	0.98	1	1	30	33	3	2	G
II	1335	A	W	68	5	6.85%	2	2	50	66	0.98	1	1	31	37	3	2	T
II	1357	C	S	61	11	15.28%	2	2	52	58	0.98	1	1	29	32	4	7	G
II	5104	G	R	46	3	6.12%	2	2	47	49	0.98	1	1	16	30	1	2	A
II	5135	C	S	41	4	8.89%	2	2	55	55	0.98	1	1	24	17	2	2	G
II	5157	A	W	36	5	12.2%	2	2	60	51	0.98	1	1	22	14	1	4	T
II	7207	T	Y	10	5	33.33%	2	2	46	44	0.98	1	1	4	6	4	1	C
II	28282	A	W	19	2	9.52%	2	1	47	49	0.98	1	1	12	7	0	2	T
II	52046	T	W	23	2	8%	2	2	43	31	0.98	1	1	12	11	1	1	A
II	78520	A	W	17	2	10.53%	2	2	47	31	0.98	1	1	8	9	1	1	T
II	105410	C	Y	22	2	8.33%	2	1	49	37	0.98	1	1	13	9	2	0	T
II	105544	T	Y	26	4	13.33%	2	2	51	46	0.98	1	1	9	17	3	1	C
II	105613	C	Y	24	4	14.29%	2	2	42	61	0.98	1	1	7	17	1	3	T
II	105617	C	Y	25	3	10.71%	2	2	41	74	0.98	1	1	7	18	1	2	T
II	105709	C	Y	43	4	8.51%	2	1	47	37	0.98	1	1	26	17	4	0	T
II	105772	A	R	44	4	8.33%	2	2	51	37	0.98	1	1	23	21	2	2	G
II	105776	A	R	44	4	8.33%	2	2	52	37	0.98	1	1	23	21	2	2	G
II	105808	T	Y	47	8	14.55%	2	2	54	58	0.98	1	1	22	25	2	6	C
II	105829	C	Y	47	6	11.32%	2	2	55	57	0.98	1	1	23	24	1	5	T
II	105862	T	Y	41	7	14.58%	2	2	52	45	0.98	1	1	18	23	3	4	C
II	105874	T	Y	38	12	24%	2	2	53	52	0.98	1	1	21	17	4	8	C
II	105886	T	Y	41	14	25.45%	2	2	52	55	0.98	1	1	20	21	7	7	C
II	105889	C	Y	41	13	24.07%	2	2	52	55	0.98	1	1	19	22	6	7	T
II	105916	C	Y	43	13	23.21%	2	2	55	48	0.98	1	1	23	20	6	7	T
II	105931	A	W	39	4	9.3%	2	2	53	55	0.98	1	1	22	17	2	2	T
II	105934	T	K	44	4	8.33%	2	2	52	55	0.98	1	1	24	20	3	1	G
II	105936	T	W	43	4	8.51%	2	2	53	55	0.98	1	1	23	20	3	1	A
II	105973	T	Y	50	6	10.71%	2	2	49	55	0.98	1	1	26	24	1	5	C
II	105974	A	R	49	5	9.26%	2	2	50	51	0.98	1	1	25	24	1	4	G
II	106102	G	K	48	3	5.88%	2	2	50	41	0.98	1	1	15	33	2	1	T
II	106150	T	Y	57	7	10.94%	2	2	50	63	0.98	1	1	22	35	4	3	C
II	106156	A	W	54	6	10%	2	2	52	63	0.98	1	1	25	29	3	3	T
II	106207	C	Y	50	7	12.28%	2	2	49	58	0.98	1	1	25	25	1	6	T
II	106414	C	Y	31	3	8.82%	2	1	47	74	0.98	1	1	12	19	3	0	T
II	106638	T	Y	27	3	10%	2	1	48	37	0.98	1	1	6	21	0	3	C
II	111414	C	Y	21	5	19.23%	2	1	44	44	0.98	1	1	15	6	5	0	T
II	111538	G	R	30	3	9.09%	2	1	50	37	0.98	1	1	17	13	3	0	A
II	111711	G	R	33	2	5.71%	2	1	43	49	0.98	1	1	14	19	2	0	A
II	111714	G	R	33	2	5.71%	2	1	42	36	0.98	1	1	14	19	2	0	A
II	111718	T	Y	29	2	6.45%	2	1	39	36	0.98	1	1	13	16	2	0	C
II	111720	G	K	29	2	6.45%	2	1	42	36	0.98	1	1	13	16	2	0	T
II	111723	A	M	29	2	6.45%	2	1	40	55	0.98	1	1	13	16	2	0	C
II	111725	G	R	27	2	6.9%	2	1	42	30	0.98	1	1	12	15	2	0	A
II	111729	G	K	28	2	6.67%	2	2	42	28	0.98	1	1	13	15	1	1	T
II	111732	A	R	26	2	7.14%	2	1	41	49	0.98	1	1	11	15	2	0	G
II	111762	A	R	27	3	10%	2	1	49	49	0.98	1	1	15	12	0	3	G
II	111798	A	R	28	2	6.67%	2	1	52	55	0.98	1	1	12	16	2	0	G
II	111801	A	W	25	2	7.41%	2	1	53	55	0.98	1	1	11	14	2	0	T
II	111804	G	R	27	2	6.9%	2	1	53	55	0.98	1	1	12	15	2	0	A
II	111810	T	K	28	2	6.67%	2	1	51	55	0.98	1	1	12	16	2	0	G
II	111817	G	R	29	2	6.45%	2	1	51	55	0.98	1	1	13	16	2	0	A
II	111819	A	R	25	2	7.41%	2	1	51	55	0.98	1	1	10	15	2	0	G
II	111822	G	R	30	2	6.25%	2	1	49	55	0.98	1	1	13	17	2	0	A
II	111830	T	Y	30	3	9.09%	2	1	44	61	0.98	1	1	16	14	3	0	C
II	111834	T	K	29	3	9.38%	2	1	44	61	0.98	1	1	16	13	3	0	G
II	111969	A	R	40	4	9.09%	2	2	49	46	0.98	1	1	22	18	2	2	G
II	112002	G	R	43	3	6.52%	2	2	54	49	0.98	1	1	19	24	2	1	A
II	112020	A	W	38	6	13.64%	2	2	54	61	0.98	1	1	17	21	2	4	T
II	112026	G	R	40	6	13.04%	2	2	53	55	0.98	1	1	19	21	3	3	A
II	112041	T	K	37	2	5.13%	2	2	52	74	0.98	1	1	18	19	1	1	G
II	112042	G	R	38	2	5%	2	2	52	74	0.98	1	1	19	19	1	1	A
II	112059	T	Y	33	4	10.81%	2	1	48	37	0.98	1	1	16	17	0	4	C
II	112063	T	Y	32	3	8.57%	2	1	49	37	0.98	1	1	15	17	0	3	C
II	112065	G	R	31	4	11.43%	2	1	49	34	0.98	1	1	14	17	0	4	A
II	112074	A	M	33	6	15.38%	2	2	43	43	0.98	1	1	16	17	1	5	C
II	112240	T	W	33	2	5.71%	2	1	53	37	0.98	1	1	17	16	0	2	A
II	112242	C	M	34	2	5.56%	2	1	53	37	0.98	1	1	18	16	0	2	A
II	112245	A	W	33	3	8.33%	2	2	52	37	0.98	1	1	17	16	1	2	T
II	112260	A	R	39	6	13.33%	2	2	57	43	0.98	1	1	20	19	1	5	G
II	112287	A	R	36	7	16.28%	2	2	57	47	0.98	1	1	20	16	2	5	G
II	112290	G	R	34	7	17.07%	2	2	58	47	0.98	1	1	18	16	2	5	A
II	112302	G	R	39	6	13.33%	2	2	53	49	0.98	1	1	25	14	2	4	A
II	112314	G	R	37	6	13.95%	2	2	53	37	0.98	1	1	22	15	5	1	A
II	112347	A	R	34	5	12.82%	2	2	53	49	0.98	1	1	20	14	3	2	G
II	112368	G	R	31	11	26.19%	2	2	55	57	0.98	1	1	17	14	4	7	A
II	112559	A	R	21	4	16%	2	2	48	64	0.98	1	1	10	11	1	3	G
II	112563	A	R	21	4	16%	2	2	49	64	0.98	1	1	10	11	1	3	G
II	112766	A	R	17	3	15%	2	1	53	37	0.98	1	1	8	9	0	3	G
II	144046	T	Y	25	2	7.41%	2	2	49	74	0.98	1	1	16	9	1	1	C
II	186350	T	W	13	2	13.33%	2	2	40	37	0.98	1	1	6	7	1	1	A
II	206075	A	R	35	2	5.41%	2	1	47	48	0.98	1	1	18	17	2	0	G
II	206540	G	K	22	2	8.33%	2	1	46	29	0.98	1	1	12	10	0	2	T
II	226023	A	R	30	2	6.25%	2	2	48	37	0.98	1	1	13	17	1	1	G
II	257487	C	Y	33	4	10.81%	2	2	46	55	0.98	1	1	25	8	2	2	T
II	257527	C	Y	31	2	6.06%	2	1	44	37	0.98	1	1	22	9	2	0	T
II	257946	A	R	35	3	7.89%	2	1	48	74	0.98	1	1	12	23	0	3	G
II	258378	C	S	23	2	8%	2	1	45	37	0.98	1	1	13	10	2	0	G
II	266718	A	C	0	33	100%	0	2	0	47	0.98	0	1	0	0	6	27	C
II	266780	T	A	0	18	100%	0	2	0	47	0.98	0	1	0	0	12	6	A
II	270960	A	R	21	2	8.7%	2	2	40	37	0.98	1	1	9	12	1	1	G
II	276539	A	T	0	25	100%	0	2	0	50	0.98	0	1	0	0	10	15	T
II	295435	T	Y	7	2	22.22%	2	1	52	37	0.98	1	1	4	3	0	2	C
II	310650	T	K	16	2	11.11%	2	2	46	37	0.98	1	1	12	4	1	1	G
II	315825	T	W	15	2	11.76%	2	1	51	37	0.98	1	1	6	9	2	0	A
II	328175	A	M	20	2	9.09%	2	2	49	55	0.98	1	1	10	10	1	1	C
II	347196	G	R	15	2	11.76%	2	2	44	37	0.98	1	1	11	4	1	1	A
II	349764	G	R	35	2	5.41%	2	1	47	37	0.98	1	1	19	16	0	2	A
II	393119	C	M	13	2	13.33%	2	1	48	25	0.98	1	1	8	5	2	0	A
II	414992	T	Y	20	2	9.09%	2	1	44	55	0.98	1	1	13	7	0	2	C
II	439871	G	S	30	2	6.25%	2	2	48	74	0.98	1	1	20	10	1	1	C
II	446513	C	S	19	2	9.52%	2	1	45	37	0.98	1	1	8	11	2	0	G
II	458725	A	R	24	2	7.69%	2	1	55	55	0.98	1	1	4	20	0	2	G
II	471661	G	R	17	2	10.53%	2	1	54	37	0.98	1	1	8	9	2	0	A
II	495267	T	Y	32	2	5.88%	2	2	53	37	0.98	1	1	22	10	1	1	C
II	495272	T	W	33	2	5.71%	2	2	51	37	0.98	1	1	22	11	1	1	A
II	503304	C	M	15	2	11.76%	2	1	46	25	0.98	1	1	10	5	0	2	A
II	503573	T	W	26	6	18.75%	2	2	57	33	0.98	1	1	15	11	3	3	A
II	522800	G	R	1	2	13.33%	1	1	37	33	0.98	1	1	1	0	0	2	A
II	526951	C	Y	33	9	20.93%	2	2	49	41	0.98	1	1	10	23	7	2	T
II	529844	G	K	12	3	20%	2	1	36	27	0.98	1	1	2	10	3	0	T
II	529872	C	M	9	2	18.18%	2	1	28	28	0.98	1	1	6	3	0	2	A
II	538739	C	Y	22	4	15.38%	2	1	43	52	0.98	1	1	10	12	4	0	T
II	588669	T	Y	17	2	10.53%	2	1	45	55	0.98	1	1	12	5	0	2	C
II	590759	T	W	26	4	13.33%	2	2	47	37	0.98	1	1	15	11	2	2	A
II	612268	G	K	10	2	16.67%	2	1	33	22	0.98	1	1	7	3	0	2	T
II	613742	T	K	19	3	13.64%	2	1	35	30	0.98	1	1	3	16	3	0	G
II	630806	C	M	22	2	8.33%	2	1	46	37	0.98	1	1	9	13	0	2	A
II	630932	G	R	25	2	7.41%	2	2	40	37	0.98	1	1	10	15	1	1	A
II	638020	C	M	35	2	5.41%	2	1	42	37	0.98	1	1	24	11	0	2	A
II	644112	A	W	35	2	5.41%	2	1	48	37	0.98	1	1	17	18	2	0	T
II	670568	C	Y	55	4	6.78%	2	2	47	46	0.98	1	1	34	21	2	2	T
II	671077	C	Y	73	5	6.41%	2	2	50	37	0.98	1	1	40	33	3	2	T
II	685728	G	A	0	19	100%	0	2	0	49	0.98	0	1	0	0	8	11	A
II	687677	G	S	25	2	7.41%	2	1	44	74	0.98	1	1	13	12	2	0	C
II	688988	A	R	72	4	5.26%	2	2	48	37	0.98	1	1	42	30	2	2	G
II	689313	C	Y	81	5	5.81%	2	2	48	37	0.98	1	1	36	45	1	4	T
II	689315	T	K	82	5	5.68%	2	2	48	34	0.98	1	1	35	47	2	3	G
II	689330	T	Y	73	10	12.05%	2	2	46	37	0.98	1	1	29	44	6	4	C
II	689387	G	S	62	5	7.35%	2	2	46	34	0.98	1	1	27	35	3	2	C
II	689457	T	Y	38	2	5%	2	2	37	37	0.98	1	1	21	17	1	1	C
II	689485	A	T	0	48	100%	0	2	0	35	0.98	0	1	0	0	27	21	T
II	689487	A	C	0	46	100%	0	2	0	38	0.98	0	1	0	0	27	19	C
II	689578	T	Y	71	5	6.58%	2	2	49	34	0.98	1	1	40	31	3	2	C
II	689601	C	Y	69	4	5.48%	2	2	49	35	0.98	1	1	38	31	1	3	T
II	689675	C	S	57	3	5%	2	2	45	61	0.98	1	1	27	30	2	1	G
II	689686	T	Y	55	3	5.17%	2	2	43	45	0.98	1	1	26	29	2	1	C
II	689794	T	C	4	60	93.75%	2	2	52	44	0.98	1	1	2	2	35	25	C
II	689834	G	S	67	4	5.63%	2	2	46	37	0.98	1	1	33	34	1	3	C
II	690040	T	Y	69	14	16.87%	2	2	48	46	0.98	1	1	38	31	8	6	C
II	690112	T	Y	86	7	7.53%	2	2	50	31	0.98	1	1	42	44	3	4	C
II	690190	T	Y	77	5	6.1%	2	2	48	44	0.98	1	1	39	38	2	3	C
II	690283	C	Y	80	7	8.05%	2	2	50	42	0.98	1	1	51	29	3	4	T
II	690321	C	Y	76	5	6.02%	2	2	47	44	0.98	1	1	50	26	1	4	T
II	690537	G	K	68	5	6.67%	2	2	48	37	0.98	1	1	35	33	2	3	T
II	690770	G	S	55	7	11.29%	2	2	52	43	0.98	1	1	21	34	1	6	C
II	690832	T	Y	50	3	5.66%	2	1	53	46	0.98	1	1	15	35	0	3	C
II	690863	G	K	39	3	6.98%	2	2	52	59	0.98	1	1	10	29	1	2	T
II	690868	C	Y	26	10	27.03%	2	1	59	37	0.98	1	1	9	17	0	10	T
II	690870	C	S	26	8	23.53%	2	1	60	35	0.98	1	1	9	17	0	8	G
II	690871	A	W	26	7	21.21%	2	1	62	37	0.98	1	1	9	17	0	7	T
II	690874	C	Y	27	6	18.18%	2	1	61	37	0.98	1	1	9	18	0	6	T
II	690933	C	Y	20	3	13.04%	2	1	57	33	0.98	1	1	9	11	0	3	T
II	690935	T	K	21	2	8.33%	2	1	56	33	0.98	1	1	10	11	0	2	G
II	690948	C	Y	22	3	12%	2	1	57	37	0.98	1	1	11	11	0	3	T
II	690976	T	Y	17	3	15%	2	2	47	37	0.98	1	1	8	9	1	2	C
II	691007	C	S	14	5	26.32%	2	2	50	42	0.98	1	1	8	6	4	1	G
II	691012	C	Y	21	2	8.7%	2	1	45	37	0.98	1	1	12	9	2	0	T
II	691018	C	Y	15	3	16.67%	2	1	46	34	0.98	1	1	8	7	3	0	T
II	691039	T	Y	19	2	9.52%	2	1	46	31	0.98	1	1	10	9	2	0	C
II	691054	T	Y	17	2	10.53%	2	2	42	36	0.98	1	1	10	7	1	1	C
II	691072	A	W	9	3	25%	2	2	45	45	0.98	1	1	5	4	2	1	T
II	691074	C	S	8	2	20%	2	2	43	49	0.98	1	1	5	3	1	1	G
II	691077	T	Y	8	4	33.33%	2	2	49	40	0.98	1	1	5	3	3	1	C
II	691079	G	S	4	2	20%	2	2	49	55	0.98	1	1	3	1	1	1	C
II	691079	G	K	4	4	40%	2	2	49	46	0.98	1	1	3	1	3	1	T
II	691081	G	K	11	2	15.38%	2	2	47	55	0.98	1	1	8	3	1	1	T
II	691113	C	Y	11	5	31.25%	2	2	44	34	0.98	1	1	4	7	3	2	T
II	691115	T	K	13	3	18.75%	2	2	48	37	0.98	1	1	5	8	2	1	G
II	691187	G	K	15	3	16.67%	2	2	51	49	0.98	1	1	5	10	1	2	T
II	691218	C	S	16	2	11.11%	2	2	52	33	0.98	1	1	5	11	1	1	G
II	691223	G	S	16	2	11.11%	2	2	51	33	0.98	1	1	5	11	1	1	C
II	691257	T	Y	12	4	23.53%	2	2	38	32	0.98	1	1	5	7	2	2	C
II	691259	G	K	13	3	18.75%	2	2	37	34	0.98	1	1	6	7	1	2	T
II	691331	G	S	10	2	16.67%	2	1	43	37	0.98	1	1	3	7	2	0	C
II	691367	C	S	5	3	37.5%	2	2	32	37	0.98	1	1	3	2	2	1	G
II	691516	T	Y	35	2	5.41%	2	2	49	37	0.98	1	1	26	9	1	1	C
II	691617	C	Y	53	5	8.62%	2	1	52	37	0.98	1	1	32	21	5	0	T
II	691634	T	Y	49	6	10.91%	2	1	54	30	0.98	1	1	24	25	6	0	C
II	691660	T	Y	54	4	6.9%	2	1	52	35	0.98	1	1	27	27	4	0	C
II	691689	T	Y	61	4	6.15%	2	2	48	42	0.98	1	1	37	24	2	2	C
II	691732	C	Y	67	5	6.94%	2	2	48	44	0.98	1	1	34	33	3	2	T
II	691768	C	Y	65	4	5.8%	2	2	49	36	0.98	1	1	31	34	3	1	T
II	691866	C	S	70	4	5.41%	2	2	51	37	0.98	1	1	31	39	1	3	G
II	691882	T	Y	71	5	6.58%	2	2	50	37	0.98	1	1	27	44	2	3	C
II	692051	G	K	62	4	5.97%	2	2	50	27	0.98	1	1	23	39	1	3	T
II	692092	C	Y	56	4	6.67%	2	2	48	44	0.98	1	1	16	40	1	3	T
II	692098	C	Y	54	3	5.26%	2	2	48	61	0.98	1	1	15	39	1	2	T
II	692152	A	W	34	2	5.56%	2	2	50	33	0.98	1	1	10	24	1	1	T
II	692170	T	Y	30	3	9.09%	2	1	50	45	0.98	1	1	9	21	0	3	C
II	692195	G	K	16	2	11.11%	2	2	51	37	0.98	1	1	11	5	1	1	T
II	692301	T	Y	8	3	27.27%	2	2	39	45	0.98	1	1	5	3	1	2	C
II	692303	C	S	3	5	45.45%	2	2	37	49	0.98	1	1	2	1	2	3	G
II	692303	C	Y	3	3	27.27%	2	2	37	45	0.98	1	1	2	1	2	1	G
II	692524	C	Y	13	2	13.33%	2	2	54	55	0.98	1	1	7	6	1	1	T
II	692553	C	Y	13	2	12.5%	2	2	55	37	0.98	1	1	6	7	1	1	T
II	692570	C	Y	14	3	17.65%	2	2	52	24	0.98	1	1	8	6	2	1	T
II	692627	C	S	9	2	18.18%	2	1	54	37	0.98	1	1	6	3	2	0	G
II	692632	C	Y	8	3	27.27%	2	1	60	29	0.98	1	1	5	3	3	0	T
II	692638	C	Y	5	3	37.5%	2	1	42	37	0.98	1	1	4	1	3	0	T
II	692663	T	K	4	2	33.33%	2	1	43	31	0.98	1	1	3	1	2	0	G
II	692710	T	C	1	7	87.5%	1	2	74	37	0.98	1	1	0	1	6	1	C
II	692766	C	S	24	2	7.69%	2	2	47	28	0.98	1	1	14	10	1	1	G
II	692782	T	Y	30	3	9.09%	2	2	48	49	0.98	1	1	15	15	2	1	C
II	692805	C	Y	35	3	7.69%	2	2	49	45	0.98	1	1	19	16	1	2	T
II	692807	T	K	37	2	5.13%	2	2	47	42	0.98	1	1	18	19	1	1	G
II	692884	T	Y	50	5	9.09%	2	2	50	37	0.98	1	1	23	27	2	3	C
II	692886	C	S	51	3	5.56%	2	2	50	49	0.98	1	1	26	25	2	1	G
II	692920	T	Y	61	4	6.15%	2	1	48	37	0.98	1	1	34	27	4	0	C
II	692956	T	Y	56	3	5.08%	2	1	46	37	0.98	1	1	36	20	3	0	C
II	693028	T	Y	63	8	11.27%	2	2	46	40	0.98	1	1	36	27	6	2	C
II	693067	A	W	69	4	5.48%	2	2	50	35	0.98	1	1	38	31	3	1	T
II	693106	T	Y	78	11	12.36%	2	2	45	39	0.98	1	1	38	40	7	4	C
II	693172	C	Y	84	5	5.62%	2	2	45	42	0.98	1	1	41	43	2	3	T
II	693201	T	Y	84	5	5.56%	2	2	45	42	0.98	1	1	43	41	2	3	C
II	693203	G	K	82	6	6.74%	2	2	45	37	0.98	1	1	42	40	2	4	T
II	693244	T	Y	76	6	7.32%	2	2	50	39	0.98	1	1	35	41	4	2	C
II	693316	C	Y	64	4	5.88%	2	2	45	37	0.98	1	1	26	38	3	1	T
II	693345	C	Y	57	6	9.52%	2	2	48	43	0.98	1	1	20	37	3	3	T
II	693347	T	K	61	4	6.06%	2	2	48	43	0.98	1	1	21	40	3	1	G
II	693388	T	Y	45	3	6.25%	2	2	49	49	0.98	1	1	19	26	1	2	C
II	693453	C	Y	31	3	8.82%	2	2	42	37	0.98	1	1	13	18	2	1	T
II	693455	T	Y	32	2	5.71%	2	1	43	37	0.98	1	1	12	20	2	0	C
II	693463	A	W	31	2	6.06%	2	1	43	37	0.98	1	1	13	18	2	0	T
II	693499	C	T	0	22	100%	0	2	0	35	0.98	0	1	0	0	13	9	T
II	693595	C	Y	57	5	8.06%	2	1	46	35	0.98	1	1	36	21	0	5	T
II	693676	C	Y	94	5	5.05%	2	2	48	44	0.98	1	1	44	50	2	3	T
II	693709	T	K	98	9	8.41%	2	2	47	36	0.98	1	1	49	49	4	5	G
II	693715	A	W	104	6	5.45%	2	2	46	34	0.98	1	1	57	47	3	3	T
II	693849	C	Y	91	5	5.21%	2	2	48	42	0.98	1	1	45	46	3	2	T
II	693898	C	Y	103	7	6.36%	2	2	47	42	0.98	1	1	62	41	4	3	T
II	693964	T	Y	120	7	5.51%	2	2	48	35	0.98	1	1	58	62	5	2	C
II	694144	T	Y	126	7	5.26%	2	1	47	37	0.98	1	1	51	75	7	0	C
II	694171	C	Y	99	7	6.48%	2	2	48	37	0.98	1	1	41	58	5	2	T
II	694186	T	Y	102	11	9.73%	2	2	48	46	0.98	1	1	45	57	7	4	C
II	694252	C	Y	84	9	9.57%	2	2	45	36	0.98	1	1	43	41	7	2	T
II	694317	T	Y	88	7	7.37%	2	2	45	35	0.98	1	1	44	44	6	1	C
II	694319	G	K	88	5	5.15%	2	2	44	34	0.98	1	1	44	44	4	1	T
II	694326	C	S	91	5	5.21%	2	2	46	37	0.98	1	1	48	43	1	4	G
II	694327	A	W	91	5	5.21%	2	1	46	37	0.98	1	1	48	43	0	5	T
II	694402	T	Y	93	5	5.05%	2	2	45	37	0.98	1	1	45	48	2	3	C
II	694427	C	S	91	6	6%	2	2	44	37	0.98	1	1	45	46	1	5	G
II	694641	C	Y	91	5	5.21%	2	2	48	33	0.98	1	1	49	42	2	3	T
II	694838	T	Y	71	5	6.58%	2	2	45	44	0.98	1	1	29	42	3	2	C
II	694982	T	Y	59	10	14.49%	2	2	44	37	0.98	1	1	27	32	2	8	C
II	695008	T	Y	67	4	5.63%	2	2	42	32	0.98	1	1	36	31	2	2	C
II	695041	T	K	70	5	6.67%	2	2	46	37	0.98	1	1	42	28	1	4	G
II	695107	C	Y	68	6	8%	2	2	46	37	0.98	1	1	38	30	1	5	T
II	695122	T	Y	80	5	5.88%	2	2	47	37	0.98	1	1	41	39	1	4	C
II	695145	C	Y	74	4	5.13%	2	2	46	37	0.98	1	1	34	40	3	1	T
II	695188	T	Y	71	5	6.58%	2	2	44	44	0.98	1	1	30	41	3	2	C
II	695266	T	Y	76	5	6.17%	2	2	48	40	0.98	1	1	44	32	4	1	C
II	695647	A	W	68	6	8.11%	2	2	51	37	0.98	1	1	25	43	3	3	T
II	695649	C	Y	68	4	5.56%	2	2	49	35	0.98	1	1	28	40	2	2	T
II	695666	T	Y	59	9	13.24%	2	2	48	37	0.98	1	1	16	43	6	3	C
II	695692	T	Y	63	4	5.97%	2	2	47	37	0.98	1	1	19	44	3	1	C
II	695827	C	T	1	23	95.83%	1	2	25	42	0.98	1	1	0	1	14	9	T
II	695831	G	S	26	3	10.34%	2	2	46	33	0.98	1	1	11	15	2	1	C
II	695842	T	Y	32	2	5.88%	2	1	44	37	0.98	1	1	15	17	2	0	C
II	695865	C	Y	34	3	7.89%	2	1	41	37	0.98	1	1	16	18	0	3	T
II	695947	A	W	55	3	5.17%	2	2	39	37	0.98	1	1	22	33	2	1	T
II	695980	T	Y	56	4	6.67%	2	1	40	37	0.98	1	1	25	31	0	4	C
II	696011	G	S	50	3	5.66%	2	2	41	46	0.98	1	1	25	25	1	2	C
II	696018	C	S	50	3	5.66%	2	2	42	45	0.98	1	1	26	24	2	1	G
II	696019	A	W	49	5	9.26%	2	2	42	39	0.98	1	1	26	23	2	3	T
II	696047	T	K	47	3	5.88%	2	2	43	37	0.98	1	1	16	31	2	1	G
II	696088	C	Y	62	8	11.43%	2	2	45	40	0.98	1	1	32	30	4	4	T
II	696166	T	Y	68	6	8%	2	2	49	37	0.98	1	1	32	36	5	1	C
II	696261	C	Y	68	5	6.85%	2	2	48	39	0.98	1	1	36	32	3	2	T
II	696376	T	Y	74	4	5.13%	2	2	48	46	0.98	1	1	34	40	2	2	C
II	696405	T	Y	74	4	5.13%	2	2	47	52	0.98	1	1	38	36	2	2	C
II	696526	T	Y	99	6	5.71%	2	2	50	43	0.98	1	1	46	53	3	3	C
II	696638	T	Y	77	7	8.33%	2	2	48	37	0.98	1	1	30	47	4	3	C
II	696664	T	Y	81	6	6.9%	2	2	48	37	0.98	1	1	33	48	2	4	C
II	696922	T	Y	74	5	6.33%	2	2	47	44	0.98	1	1	35	39	2	3	C
II	696945	C	Y	71	4	5.33%	2	2	46	37	0.98	1	1	33	38	1	3	T
II	696958	C	Y	75	4	5.06%	2	2	48	32	0.98	1	1	33	42	1	3	T
II	696998	G	S	77	5	6.1%	2	2	49	37	0.98	1	1	42	35	1	4	C
II	697060	T	Y	61	5	7.58%	2	2	45	44	0.98	1	1	34	27	4	1	C
II	697088	A	R	63	6	8.7%	2	2	47	37	0.98	1	1	30	33	2	4	G
II	697105	C	M	63	7	10%	2	2	48	37	0.98	1	1	27	36	6	1	A
II	697250	G	S	70	6	7.89%	2	2	47	39	0.98	1	1	31	39	3	3	C
II	697318	T	Y	87	6	6.45%	2	2	48	54	0.98	1	1	51	36	5	1	C
II	697340	A	R	84	5	5.62%	2	2	45	42	0.98	1	1	56	28	4	1	G
II	697420	T	Y	76	6	7.32%	2	2	51	37	0.98	1	1	46	30	3	3	C
II	697456	T	Y	74	6	7.5%	2	2	48	47	0.98	1	1	44	30	4	2	C
II	697682	G	S	83	7	7.78%	2	2	43	37	0.98	1	1	38	45	3	4	C
II	697881	C	Y	59	4	6.25%	2	1	49	37	0.98	1	1	27	32	0	4	T
II	697948	A	W	65	4	5.8%	2	2	46	43	0.98	1	1	27	38	1	3	T
II	699951	T	G	0	12	100%	0	2	0	58	0.98	0	1	0	0	5	7	G
II	699952	G	T	0	12	100%	0	2	0	57	0.98	0	1	0	0	5	7	T
II	699961	A	T	0	10	100%	0	2	0	59	0.98	0	1	0	0	3	7	T
II	700019	T	A	0	8	100%	0	2	0	55	0.98	0	1	0	0	2	6	A
II	700020	C	T	0	8	100%	0	2	0	55	0.98	0	1	0	0	2	6	T
II	700021	A	C	0	8	100%	0	2	0	55	0.98	0	1	0	0	2	6	C
II	700024	T	A	0	8	100%	0	2	0	55	0.98	0	1	0	0	2	6	A
II	700028	A	T	0	7	100%	0	2	0	56	0.98	0	1	0	0	1	6	T
II	700113	A	T	0	9	100%	0	2	0	53	0.98	0	1	0	0	4	5	T
II	702756	C	Y	17	2	10.53%	2	1	49	31	0.98	1	1	9	8	0	2	T
II	720667	G	K	6	2	25%	2	1	47	22	0.98	1	1	1	5	2	0	T
II	775302	A	W	30	3	9.09%	2	1	48	33	0.98	1	1	12	18	0	3	T
II	780187	T	W	32	2	5.88%	2	1	43	31	0.98	1	1	19	13	2	0	A
II	780214	C	M	35	2	5.41%	2	1	43	25	0.98	1	1	18	17	2	0	A
II	789052	G	K	20	2	9.09%	2	1	39	33	0.98	1	1	3	17	2	0	T
II	817740	G	R	5	2	28.57%	2	2	41	37	0.98	1	1	3	2	1	1	A
II	819729	C	Y	24	2	7.69%	2	1	44	61	0.98	1	1	17	7	0	2	T
II	840153	A	W	5	2	28.57%	1	1	32	37	0.98	1	1	0	5	2	0	T
II	859538	A	W	17	2	10.53%	2	1	37	25	0.98	1	1	11	6	0	2	T
II	869806	G	C	0	23	100%	0	2	0	41	0.98	0	1	0	0	12	11	C
II	889981	G	K	13	2	13.33%	2	1	46	31	0.98	1	1	9	4	2	0	T
II	904232	G	K	9	2	18.18%	2	2	50	43	0.98	1	1	5	4	1	1	T
II	915204	A	M	26	2	7.14%	2	1	53	43	0.98	1	1	8	18	2	0	C
II	923543	C	A	0	19	100%	0	2	0	49	0.98	0	1	0	0	12	7	A
II	935759	A	W	20	2	9.09%	2	2	40	37	0.98	1	1	12	8	1	1	T
II	938688	T	Y	14	2	12.5%	2	2	42	37	0.98	1	1	7	7	1	1	C
II	943554	C	A	0	17	100%	0	2	0	45	0.98	0	1	0	0	9	8	A
II	948336	G	K	17	2	10.53%	2	1	50	24	0.98	1	1	5	12	2	0	T
II	953201	A	G	0	9	100%	0	2	0	52	0.98	0	1	0	0	3	6	G
II	967094	A	G	0	17	100%	0	2	0	47	0.98	0	1	0	0	8	9	G
II	997659	G	R	15	2	11.76%	2	1	45	37	0.98	1	1	7	8	2	0	A
II	997668	G	R	13	7	35%	2	2	47	49	0.98	1	1	7	6	5	2	A
II	997671	G	R	14	7	33.33%	2	2	44	54	0.98	1	1	7	7	5	2	A
II	997756	A	M	11	3	21.43%	2	2	52	31	0.98	1	1	7	4	2	1	C
II	1000495	T	W	11	2	15.38%	2	1	46	55	0.98	1	1	7	4	2	0	A
II	1001806	A	M	15	2	11.76%	2	1	38	37	0.98	1	1	7	8	0	2	C
II	1017283	T	K	22	2	8.33%	2	2	47	55	0.98	1	1	9	13	1	1	G
II	1022436	A	R	18	2	10%	2	1	41	55	0.98	1	1	6	12	0	2	G
II	1025596	A	W	22	3	12%	2	2	48	36	0.98	1	1	13	9	2	1	T
II	1033385	C	S	13	3	18.75%	2	2	45	74	0.98	1	1	9	4	2	1	G
II	1033387	G	R	13	3	18.75%	2	2	44	70	0.98	1	1	9	4	2	1	A
II	1044907	G	R	14	2	12.5%	2	1	58	37	0.98	1	1	5	9	2	0	A
II	1075121	A	M	9	2	18.18%	2	1	49	37	0.98	1	1	7	2	0	2	C
II	1075858	T	Y	10	2	16.67%	2	2	37	31	0.98	1	1	6	4	1	1	C
II	1095610	G	K	25	3	10.71%	2	2	54	74	0.98	1	1	10	15	2	1	T
II	1095616	T	K	27	3	10%	2	2	49	74	0.98	1	1	11	16	2	1	G
II	1096098	T	K	15	2	11.76%	2	1	44	55	0.98	1	1	6	9	2	0	G
II	1117330	A	R	26	2	7.14%	2	2	49	74	0.98	1	1	12	14	1	1	G
II	1117428	T	W	25	2	7.41%	2	1	43	25	0.98	1	1	7	18	2	0	A
II	1126188	A	W	9	2	18.18%	2	2	56	37	0.98	1	1	1	8	1	1	T
II	1127353	G	K	29	2	6.45%	2	1	46	37	0.98	1	1	14	15	0	2	T
II	1153293	A	M	29	2	6.45%	2	2	52	74	0.98	1	1	14	15	1	1	C
II	1155903	T	A	0	15	100%	0	2	0	45	0.98	0	1	0	0	4	11	A
II	1159678	G	C	0	7	100%	0	2	0	42	0.98	0	1	0	0	3	4	C
II	1159694	A	T	0	7	100%	0	2	0	42	0.98	0	1	0	0	3	4	T
II	1194049	T	Y	18	2	10%	2	2	55	37	0.98	1	1	10	8	1	1	C
II	1203791	A	W	16	2	11.11%	2	2	51	37	0.98	1	1	7	9	1	1	T
II	1217655	A	R	7	2	22.22%	2	1	45	37	0.98	1	1	5	2	2	0	G
II	1233353	C	Y	15	3	16.67%	2	1	59	45	0.98	1	1	7	8	3	0	T
II	1250715	C	S	22	2	8.33%	2	1	47	33	0.98	1	1	7	15	0	2	G
II	1250815	A	R	20	2	9.09%	2	2	49	37	0.98	1	1	11	9	1	1	G
II	1268713	T	W	7	2	22.22%	2	2	40	37	0.98	1	1	3	4	1	1	A
II	1270517	G	R	35	2	5.41%	2	1	46	37	0.98	1	1	19	16	0	2	A
II	1270521	A	R	38	2	5%	2	1	46	37	0.98	1	1	19	19	0	2	G
II	1278687	T	K	26	2	7.14%	2	1	44	23	0.98	1	1	7	19	2	0	G
II	1300034	C	M	11	5	29.41%	2	2	38	44	0.98	1	1	6	5	2	3	A
II	1300043	C	M	12	6	33.33%	2	2	41	43	0.98	1	1	7	5	3	3	A
II	1300049	C	M	13	7	35%	2	2	39	44	0.98	1	1	8	5	3	4	A
II	1300055	G	R	13	7	35%	2	2	41	47	0.98	1	1	8	5	2	5	A
II	1300061	G	R	15	5	25%	2	2	40	59	0.98	1	1	10	5	2	3	A
II	1300067	G	R	11	5	29.41%	2	2	45	50	0.98	1	1	10	1	3	2	A
II	1300073	G	R	13	6	31.58%	2	2	42	59	0.98	1	1	12	1	3	3	A
II	1300079	T	W	14	5	25%	2	2	45	59	0.98	1	1	12	2	3	2	A
II	1300082	G	R	12	8	40%	2	2	47	45	0.98	1	1	11	1	4	4	A
II	1300103	C	M	17	10	35.71%	2	2	53	51	0.98	1	1	14	3	6	4	A
II	1300115	G	R	13	14	50%	2	2	41	61	0.98	1	1	12	1	5	9	A
II	1300121	C	M	15	14	48.28%	2	2	46	61	0.98	1	1	14	1	6	8	A
II	1300124	C	M	15	14	46.67%	2	2	45	63	0.98	1	1	14	1	6	8	A
II	1300130	C	M	18	11	36.67%	2	2	42	63	0.98	1	1	17	1	4	7	A
II	1300411	T	K	23	2	8%	2	1	52	22	0.98	1	1	7	16	2	0	G
II	1322004	T	K	23	2	8%	2	2	44	55	0.98	1	1	12	11	1	1	G
II	1399176	G	K	15	2	11.76%	2	1	37	25	0.98	1	1	7	8	2	0	T
II	1413588	T	C	0	18	100%	0	2	0	54	0.98	0	1	0	0	8	10	C
II	1418856	C	M	27	2	6.9%	2	2	46	37	0.98	1	1	16	11	1	1	A
II	1419556	G	R	20	2	9.09%	2	2	57	31	0.98	1	1	11	9	1	1	A
II	1455567	C	M	14	2	12.5%	2	1	47	37	0.98	1	1	11	3	0	2	A
II	1464306	T	Y	23	2	8%	2	2	41	37	0.98	1	1	13	10	1	1	C
II	1490604	T	Y	18	2	10%	2	2	38	37	0.98	1	1	4	14	1	1	C
II	1504060	A	R	30	2	6.25%	2	2	47	42	0.98	1	1	17	13	1	1	G
II	1533280	T	Y	19	2	9.52%	2	2	44	37	0.98	1	1	11	8	1	1	C
II	1555261	C	Y	18	2	10%	2	1	46	74	0.98	1	1	8	10	0	2	T
II	1556961	A	W	28	2	6.67%	2	2	43	37	0.98	1	1	11	17	1	1	T
II	1576593	A	R	25	2	7.41%	2	2	47	37	0.98	1	1	15	10	1	1	G
II	1604636	C	Y	38	2	5%	2	2	45	37	0.98	1	1	20	18	1	1	T
II	1606809	G	K	90	7	7.22%	2	1	48	47	0.98	1	1	35	55	7	0	T
II	1613039	A	R	17	2	10.53%	2	1	57	29	0.98	1	1	5	12	2	0	G
II	1613045	A	R	17	2	10.53%	2	1	56	29	0.98	1	1	5	12	2	0	G
II	1634837	T	Y	14	3	17.65%	2	2	48	49	0.98	1	1	6	8	2	1	C
II	1634843	T	Y	14	3	16.67%	2	2	49	61	0.98	1	1	6	8	2	1	C
II	1634897	T	Y	16	2	11.11%	2	2	43	33	0.98	1	1	9	7	1	1	C
II	1636594	A	R	43	5	10.42%	2	1	43	37	0.98	1	1	33	10	5	0	G
II	1638976	A	R	16	2	11.11%	2	2	39	37	0.98	1	1	12	4	1	1	G
II	1641073	C	M	67	6	8.22%	2	2	53	67	0.98	1	1	33	34	3	3	A
II	1672859	C	T	0	31	100%	0	2	0	48	0.98	0	1	0	0	23	8	T
II	1673002	G	C	0	23	100%	0	2	0	42	0.98	0	1	0	0	6	17	C
II	1678693	T	A	0	18	100%	0	2	0	52	0.98	0	1	0	0	13	5	A
II	1678796	A	M	18	2	10%	2	2	42	55	0.98	1	1	4	14	1	1	C
II	1683324	T	G	0	33	100%	0	2	0	45	0.98	0	1	0	0	12	21	G
II	1697124	C	T	0	19	100%	0	2	0	50	0.98	0	1	0	0	12	7	T
II	1709559	T	K	24	2	7.69%	2	1	49	37	0.98	1	1	14	10	2	0	G
II	1716272	C	Y	6	11	64.71%	2	2	37	47	0.98	1	1	3	3	4	7	T
II	1716273	T	Y	8	10	55.56%	2	2	49	34	0.98	1	1	3	5	3	7	C
II	1716288	G	T	0	13	100%	0	2	0	45	0.98	0	1	0	0	3	10	T
II	1716294	C	M	16	2	11.11%	2	1	48	31	0.98	1	1	2	14	2	0	A
II	1716318	A	G	0	15	100%	0	2	0	41	0.98	0	1	0	0	2	13	G
II	1716320	T	G	0	17	100%	0	2	0	39	0.98	0	1	0	0	4	13	G
II	1716326	G	T	0	21	100%	0	2	0	43	0.98	0	1	0	0	8	13	T
II	1731457	A	R	25	2	7.41%	2	1	42	37	0.98	1	1	11	14	2	0	G
II	1753476	C	M	11	2	15.38%	1	1	37	25	0.98	1	1	0	11	2	0	A
II	1783446	G	K	10	2	16.67%	2	2	44	37	0.98	1	1	6	4	1	1	T
II	1784069	G	R	11	2	15.38%	2	2	50	37	0.98	1	1	4	7	1	1	A
II	1784826	G	A	0	22	100%	0	2	0	47	0.98	0	1	0	0	12	10	A
II	1801501	G	R	33	4	10.81%	2	2	56	37	0.98	1	1	22	11	2	2	A
II	1817237	T	Y	39	8	17.02%	2	2	46	46	0.98	1	1	26	13	4	4	C
II	1849777	G	A	0	12	100%	0	2	0	40	0.98	0	1	0	0	5	7	A
II	1857211	G	K	16	2	11.11%	2	1	46	74	0.98	1	1	8	8	0	2	T
II	1861421	G	T	0	2	100%	0	1	0	37	0.98	0	1	0	0	0	2	T
II	1868062	A	R	9	2	18.18%	2	2	49	55	0.98	1	1	4	5	1	1	G
II	1873782	C	M	11	2	15.38%	2	1	41	37	0.98	1	1	6	5	0	2	A
II	1939743	T	W	12	2	14.29%	2	1	36	29	0.98	1	1	5	7	0	2	A
II	1940706	A	R	28	3	9.68%	2	2	41	37	0.98	1	1	13	15	1	2	G
II	1945672	A	W	21	2	8.7%	2	2	47	31	0.98	1	1	13	8	1	1	T
II	1950559	G	K	19	3	13.64%	2	1	45	37	0.98	1	1	16	3	0	3	T
II	1950563	G	K	20	2	9.09%	2	2	44	33	0.98	1	1	18	2	1	1	T
II	1962419	T	A	0	46	100%	0	2	0	47	0.98	0	1	0	0	24	22	A
II	1962439	A	G	0	50	100%	0	2	0	48	0.98	0	1	0	0	27	23	G
II	1962458	T	A	0	46	100%	0	2	0	45	0.98	0	1	0	0	24	22	A
II	1964641	C	S	24	4	14.29%	2	2	42	37	0.98	1	1	17	7	1	3	G
II	1987098	C	A	0	14	100%	0	2	0	50	0.98	0	1	0	0	7	7	A
II	1992293	G	K	4	5	55.56%	2	2	46	59	0.98	1	1	3	1	3	2	T
II	2012619	G	S	43	3	6.52%	2	2	42	37	0.98	1	1	19	24	1	2	C
II	2032028	T	Y	8	16	66.67%	2	2	64	47	0.98	1	1	2	6	8	8	C
II	2044929	A	T	0	20	100%	0	2	0	48	0.98	0	1	0	0	6	14	T
II	2050951	A	R	13	2	13.33%	2	1	48	37	0.98	1	1	9	4	0	2	G
II	2070410	A	R	14	3	17.65%	2	2	59	49	0.98	1	1	9	5	1	2	G
II	2088354	T	W	12	3	20%	2	2	37	49	0.98	1	1	5	7	1	2	A
II	2090606	A	M	14	2	12.5%	2	1	35	31	0.98	1	1	13	1	0	2	C
II	2108181	C	M	17	2	10.53%	2	2	45	74	0.98	1	1	12	5	1	1	A
II	2113574	A	R	25	2	7.41%	2	2	51	37	0.98	1	1	13	12	1	1	G
II	2115428	T	W	36	3	7.69%	2	2	47	29	0.98	1	1	14	22	1	2	A
II	2141698	G	R	2	5	71.43%	1	2	49	54	0.98	1	1	2	0	2	3	A
II	2159158	C	Y	18	2	10%	2	2	54	37	0.98	1	1	8	10	1	1	T
II	2160249	T	Y	21	2	8.7%	2	2	48	55	0.98	1	1	10	11	1	1	C
II	2161365	A	W	16	2	11.11%	2	1	44	37	0.98	1	1	3	13	2	0	T
II	2164972	G	A	2	12	85.71%	2	2	37	42	0.98	1	1	1	1	5	7	A
II	2176494	C	M	14	2	12.5%	2	2	52	37	0.98	1	1	5	9	1	1	A
II	2195722	T	Y	31	4	11.43%	2	2	50	43	0.98	1	1	11	20	3	1	C
II	2218101	T	Y	14	4	22.22%	2	2	41	37	0.98	1	1	9	5	2	2	C
II	2219281	A	M	13	2	13.33%	2	1	58	37	0.98	1	1	6	7	0	2	C
II	2228775	T	G	0	14	100%	0	2	0	48	0.98	0	1	0	0	7	7	G
II	2228777	G	T	0	13	100%	0	2	0	51	0.98	0	1	0	0	6	7	T
II	2277243	A	R	22	2	8.33%	2	1	42	37	0.98	1	1	19	3	2	0	G
II	2317198	T	W	13	2	13.33%	2	1	39	37	0.98	1	1	3	10	2	0	A
II	2342740	G	S	11	2	15.38%	2	1	35	37	0.98	1	1	3	8	2	0	C
II	2371132	G	K	19	2	9.52%	2	1	50	37	0.98	1	1	8	11	2	0	T
II	2382910	T	Y	8	2	20%	2	2	44	31	0.98	1	1	4	4	1	1	C
II	2391525	C	Y	28	2	6.67%	2	2	48	37	0.98	1	1	15	13	1	1	T
II	2396700	T	Y	22	2	8.33%	2	1	46	37	0.98	1	1	10	12	0	2	C
II	2399712	G	R	19	2	9.52%	2	2	46	37	0.98	1	1	9	10	1	1	A
II	2403176	T	Y	24	4	14.29%	2	2	46	64	0.98	1	1	11	13	2	2	C
II	2425379	G	R	25	2	7.41%	2	2	38	37	0.98	1	1	12	13	1	1	A
II	2431812	T	K	19	2	9.52%	2	1	38	25	0.98	1	1	13	6	2	0	G
II	2436580	C	G	0	25	100%	0	2	0	54	0.98	0	1	0	0	9	16	G
II	2437543	T	W	39	3	7.14%	2	1	44	37	0.98	1	1	19	20	3	0	A
II	2437547	G	R	39	3	7.14%	2	1	46	37	0.98	1	1	15	24	3	0	A
II	2437553	T	W	43	4	8.51%	2	1	48	37	0.98	1	1	15	28	4	0	A
II	2437558	T	Y	46	3	6.12%	2	1	47	37	0.98	1	1	18	28	3	0	C
II	2437564	A	W	44	8	15.38%	2	2	50	35	0.98	1	1	19	25	5	3	T
II	2437567	T	Y	43	7	14%	2	2	50	35	0.98	1	1	19	24	4	3	C
II	2437570	T	W	43	8	15.69%	2	2	51	37	0.98	1	1	19	24	5	3	A
II	2437571	G	S	43	8	15.69%	2	2	51	35	0.98	1	1	19	24	5	3	C
II	2437612	A	W	83	28	25.23%	2	2	50	47	0.98	1	1	45	38	15	13	T
II	2437627	C	Y	57	60	51.28%	2	2	49	47	0.98	1	1	29	28	34	26	T
II	2437629	G	R	94	28	22.95%	2	2	49	40	0.98	1	1	48	46	20	8	A
II	2437646	G	R	96	33	25.58%	2	2	49	48	0.98	1	1	56	40	19	14	A
II	2437651	T	W	116	13	10.08%	2	2	51	36	0.98	1	1	63	53	9	4	A
II	2437655	G	R	114	10	8.06%	2	2	53	31	0.98	1	1	63	51	8	2	A
II	2437661	T	W	116	12	9.38%	2	2	55	31	0.98	1	1	64	52	8	4	A
II	2437666	T	Y	117	11	8.59%	2	2	53	34	0.98	1	1	64	53	9	2	C
II	2437684	T	W	88	44	33.33%	2	2	55	52	0.98	1	1	51	37	23	21	A
II	2437688	A	R	91	45	33.09%	2	2	55	52	0.98	1	1	51	40	22	23	G
II	2437720	A	W	131	12	8.39%	2	2	50	36	0.98	1	1	80	51	5	7	T
II	2437737	A	R	116	14	10.77%	2	2	49	35	0.98	1	1	71	45	7	7	G
II	2437754	G	R	122	10	7.58%	2	2	51	34	0.98	1	1	63	59	6	4	A
II	2437769	A	W	102	16	13.56%	2	2	50	41	0.98	1	1	46	56	7	9	T
II	2437771	A	M	107	14	11.57%	2	2	50	40	0.98	1	1	50	57	6	8	C
II	2437855	A	M	50	52	50.98%	2	2	46	48	0.98	1	1	21	29	11	41	C
II	2437918	T	Y	57	32	35.96%	2	2	46	49	0.98	1	1	31	26	8	24	C
II	2437936	A	W	58	21	26.58%	2	2	47	48	0.98	1	1	31	27	3	18	T
II	2437942	G	K	59	23	28.05%	2	2	44	49	0.98	1	1	29	30	6	17	T
II	2437951	C	Y	55	18	24.66%	2	2	46	45	0.98	1	1	25	30	2	16	T
II	2437970	G	R	55	14	20.29%	2	2	45	44	0.98	1	1	24	31	1	13	A
II	2437978	T	Y	53	7	11.67%	2	2	46	42	0.98	1	1	24	29	1	6	C
II	2437985	A	W	51	6	10.53%	2	1	48	35	0.98	1	1	22	29	0	6	T
II	2437987	A	M	54	6	10%	2	1	48	37	0.98	1	1	24	30	0	6	C
II	2444543	T	C	0	31	100%	0	2	0	46	0.98	0	1	0	0	15	16	C
II	2451939	T	W	12	3	20%	2	1	50	25	0.98	1	1	4	8	3	0	A
II	2466071	A	R	16	2	11.11%	2	2	45	55	0.98	1	1	7	9	1	1	G
II	2525870	C	S	23	2	8%	2	1	41	55	0.98	1	1	11	12	2	0	G
II	2526968	A	W	21	2	8.7%	2	1	47	25	0.98	1	1	4	17	0	2	T
II	2536702	A	M	17	3	15%	2	1	40	30	0.98	1	1	13	4	0	3	C
II	2542079	T	Y	14	4	22.22%	2	2	52	37	0.98	1	1	6	8	2	2	C
II	2542081	C	M	14	4	22.22%	2	2	52	37	0.98	1	1	6	8	2	2	A
II	2554900	T	W	26	2	7.14%	2	2	51	37	0.98	1	1	16	10	1	1	A
II	2584079	A	R	22	2	8.33%	2	2	49	37	0.98	1	1	13	9	1	1	G
II	2588877	A	W	18	2	10%	2	1	48	37	0.98	1	1	10	8	2	0	T
II	2609153	T	Y	22	2	8.33%	2	2	53	55	0.98	1	1	12	10	1	1	C
II	2619952	T	K	17	2	10.53%	2	2	41	37	0.98	1	1	8	9	1	1	G
II	2634276	A	R	26	2	7.14%	2	1	46	37	0.98	1	1	13	13	0	2	G
II	2634363	A	R	25	2	7.41%	2	1	43	42	0.98	1	1	8	17	2	0	G
II	2655645	A	R	17	2	10.53%	2	2	52	37	0.98	1	1	8	9	1	1	G
II	2655655	A	R	17	5	22.73%	2	2	55	34	0.98	1	1	9	8	3	2	G
II	2675462	T	K	14	2	12.5%	2	2	44	37	0.98	1	1	4	10	1	1	G
II	2676336	C	T	0	8	100%	0	2	0	44	0.98	0	1	0	0	4	4	T
II	2685299	T	K	13	2	13.33%	2	2	50	37	0.98	1	1	7	6	1	1	G
II	2733868	A	W	24	2	7.69%	2	1	47	25	0.98	1	1	18	6	0	2	T
II	2755340	T	Y	8	2	20%	2	1	46	55	0.98	1	1	1	7	2	0	C
II	2755663	G	K	8	2	20%	2	1	45	25	0.98	1	1	6	2	0	2	T
II	2765748	C	M	16	2	11.11%	2	1	43	25	0.98	1	1	11	5	0	2	A
II	2770774	G	K	4	2	33.33%	2	1	35	33	0.98	1	1	3	1	0	2	T
II	2777597	C	Y	3	2	40%	1	2	33	37	0.98	1	1	3	0	1	1	T
II	2805964	A	M	16	2	11.11%	2	2	43	37	0.98	1	1	5	11	1	1	C
II	2806053	G	A	0	19	100%	0	2	0	41	0.98	0	1	0	0	9	10	A
II	2833597	A	W	32	2	5.88%	2	2	45	37	0.98	1	1	15	17	1	1	T
II	2833601	A	W	34	2	5.56%	2	2	45	37	0.98	1	1	14	20	1	1	T
II	2836238	A	M	10	2	16.67%	2	1	44	27	0.98	1	1	6	4	0	2	C
II	2840959	A	R	26	2	7.14%	2	1	42	37	0.98	1	1	15	11	2	0	G
II	2863385	A	R	21	2	8.7%	2	2	52	55	0.98	1	1	12	9	1	1	G
II	2901509	G	T	0	30	100%	0	2	0	41	0.98	0	1	0	0	13	17	T
II	2912239	T	W	5	2	28.57%	2	1	56	25	0.98	1	1	2	3	2	0	A
II	2953388	T	Y	26	2	7.14%	2	1	44	37	0.98	1	1	10	16	2	0	C
II	2955111	C	M	9	2	18.18%	1	1	31	31	0.98	1	1	9	0	0	2	A
II	2955127	A	M	7	3	30%	2	1	41	29	0.98	1	1	6	1	0	3	C
II	2956234	G	K	27	2	6.9%	2	2	47	37	0.98	1	1	16	11	1	1	T
II	2984504	G	R	18	2	10%	2	2	56	31	0.98	1	1	10	8	1	1	A
II	3000260	T	W	13	3	18.75%	2	2	48	29	0.98	1	1	8	5	2	1	A
II	3006137	A	T	0	11	100%	0	2	0	40	0.98	0	1	0	0	8	3	T
II	3052633	T	Y	18	2	10%	2	2	43	37	0.98	1	1	9	9	1	1	C
II	3073587	C	M	9	2	18.18%	2	1	42	25	0.98	1	1	1	8	2	0	A
II	3076365	T	K	12	2	14.29%	2	2	49	37	0.98	1	1	8	4	1	1	G
II	3103019	G	K	15	2	11.76%	2	2	41	31	0.98	1	1	8	7	1	1	T
II	3106389	C	Y	33	2	5.71%	2	2	37	74	0.98	1	1	8	25	1	1	T
II	3109366	A	R	21	2	8.7%	2	2	47	31	0.98	1	1	6	15	1	1	G
II	3112444	T	W	7	2	22.22%	2	1	35	33	0.98	1	1	2	5	2	0	A
II	3128106	G	A	0	16	100%	0	2	0	53	0.98	0	1	0	0	11	5	A
II	3133955	T	K	15	2	11.76%	2	1	49	31	0.98	1	1	8	7	2	0	G
II	3164471	T	K	13	3	18.75%	2	1	43	30	0.98	1	1	7	6	3	0	G
II	3164473	A	W	12	2	14.29%	2	1	46	27	0.98	1	1	7	5	2	0	T
II	3164577	T	K	26	2	7.14%	2	1	48	31	0.98	1	1	9	17	2	0	G
II	3170831	T	Y	16	2	11.11%	2	2	54	74	0.98	1	1	9	7	1	1	C
II	3205089	A	R	17	2	10.53%	2	2	45	49	0.98	1	1	10	7	1	1	G
II	3221441	A	W	22	2	8.33%	2	2	43	37	0.98	1	1	8	14	1	1	T
II	3237027	A	R	25	2	7.41%	2	1	50	37	0.98	1	1	9	16	2	0	G
II	3275897	A	W	15	2	11.76%	2	1	43	37	0.98	1	1	7	8	2	0	T
II	3292024	A	R	14	2	12.5%	2	2	44	37	0.98	1	1	6	8	1	1	G
II	3350532	A	R	29	2	6.45%	2	1	56	37	0.98	1	1	14	15	2	0	G
II	3351467	T	K	32	2	5.88%	2	2	48	37	0.98	1	1	15	17	1	1	G
II	3354402	A	R	19	2	9.52%	2	2	49	37	0.98	1	1	8	11	1	1	G
II	3377688	G	S	9	2	18.18%	2	2	39	37	0.98	1	1	6	3	1	1	C
II	3446848	C	M	20	2	9.09%	2	1	38	31	0.98	1	1	1	19	0	2	A
II	3454660	T	W	14	2	12.5%	2	2	39	33	0.98	1	1	8	6	1	1	A
II	3460581	T	K	20	3	13.04%	2	1	42	26	0.98	1	1	5	15	3	0	G
II	3513631	G	K	14	2	12.5%	2	1	45	21	0.98	1	1	11	3	0	2	T
II	3514787	T	Y	13	2	13.33%	2	1	41	31	0.98	1	1	7	6	0	2	C
II	3524557	A	R	28	2	6.67%	2	1	44	37	0.98	1	1	19	9	2	0	G
II	3551273	C	M	28	2	6.67%	2	1	51	31	0.98	1	1	18	10	2	0	A
II	3561441	G	K	15	2	11.76%	2	2	43	37	0.98	1	1	10	5	1	1	T
II	3572853	A	W	7	2	22.22%	2	1	52	74	0.98	1	1	4	3	2	0	T
II	3573365	C	S	23	4	14.81%	2	2	55	37	0.98	1	1	11	12	2	2	G
II	3579944	A	M	30	2	6.25%	2	1	47	25	0.98	1	1	14	16	0	2	C
II	3605495	G	R	3	2	40%	1	2	49	37	0.98	1	1	0	3	1	1	A
II	3619997	G	K	18	4	18.18%	2	1	55	31	0.98	1	1	10	8	4	0	T
II	3624811	T	Y	34	2	5.56%	2	2	55	49	0.98	1	1	15	19	1	1	C
II	3634388	C	Y	25	2	7.41%	2	2	46	37	0.98	1	1	17	8	1	1	T
II	3648467	C	M	31	2	6.06%	2	1	46	37	0.98	1	1	15	16	2	0	A
II	3649231	T	K	17	2	10.53%	2	1	46	37	0.98	1	1	11	6	2	0	G
II	3656590	A	M	18	2	10%	2	2	47	31	0.98	1	1	13	5	1	1	C
II	3664440	A	M	10	2	16.67%	2	1	43	27	0.98	1	1	7	3	0	2	C
II	3696032	G	K	6	2	25%	2	1	43	37	0.98	1	1	4	2	2	0	T
II	3731031	G	S	15	2	11.76%	2	1	46	37	0.98	1	1	9	6	0	2	C
II	3732739	T	W	15	2	11.76%	2	2	41	74	0.98	1	1	6	9	1	1	A
II	3736345	T	Y	34	2	5.56%	2	2	41	31	0.98	1	1	16	18	1	1	C
II	3750760	A	W	17	2	10.53%	2	1	46	37	0.98	1	1	10	7	2	0	T
II	3760903	G	S	20	2	9.09%	2	2	41	31	0.98	1	1	5	15	1	1	C
II	3772541	A	R	19	2	9.52%	2	2	51	37	0.98	1	1	9	10	1	1	G
II	3776340	A	W	28	2	6.67%	2	2	51	37	0.98	1	1	11	17	1	1	T
II	3786554	C	M	19	2	9.52%	2	1	48	25	0.98	1	1	11	8	2	0	A
II	3787051	T	W	34	2	5.56%	2	2	48	37	0.98	1	1	23	11	1	1	A
II	3792391	T	W	15	2	11.76%	2	1	46	28	0.98	1	1	9	6	2	0	A
II	3794314	C	M	17	2	10.53%	2	1	40	27	0.98	1	1	11	6	0	2	A
II	3794318	C	M	15	2	11.76%	2	1	46	27	0.98	1	1	10	5	0	2	A
II	3795606	A	R	21	2	8.7%	2	2	45	37	0.98	1	1	7	14	1	1	G
II	3801167	C	Y	17	2	10.53%	2	2	45	55	0.98	1	1	11	6	1	1	T
II	3817758	G	K	15	2	11.76%	2	1	54	30	0.98	1	1	3	12	2	0	T
II	3826166	T	W	13	3	18.75%	2	1	45	33	0.98	1	1	3	10	0	3	A
II	3838038	A	M	10	2	16.67%	2	2	43	37	0.98	1	1	8	2	1	1	C
II	3860185	C	M	13	6	17.65%	2	2	50	43	0.98	1	1	2	11	5	1	A
II	3860190	A	M	12	7	36.84%	2	2	46	43	0.98	1	1	2	10	6	1	C
II	3861465	T	K	4	4	50%	1	1	44	28	0.98	1	1	0	4	4	0	G
II	3910669	A	M	17	3	15%	2	1	42	37	0.98	1	1	8	9	0	3	C
II	3915069	G	R	26	2	7.14%	2	2	48	37	0.98	1	1	12	14	1	1	A
II	3951265	G	R	17	2	10.53%	2	2	45	37	0.98	1	1	5	12	1	1	A
II	3982533	T	K	28	2	6.67%	2	1	55	31	0.98	1	1	18	10	2	0	G
II	3990297	T	Y	17	2	10.53%	2	2	50	74	0.98	1	1	2	15	1	1	C
II	3990559	T	W	9	2	18.18%	2	1	45	68	0.98	1	1	6	3	0	2	A
II	4037197	A	R	39	4	8.33%	2	2	42	34	0.98	1	1	16	23	3	1	G
II	4107253	G	K	1	2	33.33%	1	1	37	37	0.98	1	1	1	0	0	2	+TTT
II	4122326	T	C	0	29	100%	0	2	0	47	0.98	0	1	0	0	21	8	C
II	4150346	C	Y	26	3	10.34%	2	2	45	37	0.98	1	1	13	13	2	1	T
II	4204474	A	R	26	2	7.14%	2	1	51	74	0.98	1	1	10	16	2	0	G
II	4244321	A	R	15	2	11.76%	2	2	46	37	0.98	1	1	3	12	1	1	G
II	4250964	T	Y	20	4	16.67%	2	2	45	34	0.98	1	1	8	12	2	2	C
II	4259998	T	Y	14	2	12.5%	2	2	44	37	0.98	1	1	10	4	1	1	C
II	4265910	A	W	23	2	8%	2	2	44	37	0.98	1	1	12	11	1	1	T
II	4273830	T	Y	28	2	6.67%	2	1	56	37	0.98	1	1	16	12	0	2	C
II	4273835	A	R	29	2	6.45%	2	2	54	37	0.98	1	1	15	14	1	1	G
II	4273853	A	R	28	2	6.67%	2	1	49	55	0.98	1	1	15	13	2	0	G
II	4274052	C	Y	25	2	7.41%	2	1	47	37	0.98	1	1	9	16	0	2	T
II	4308414	C	M	4	2	10.53%	2	1	46	31	0.98	1	1	3	1	0	2	A
II	4313012	A	R	27	3	10%	2	1	49	37	0.98	1	1	19	8	3	0	G
II	4313022	A	M	29	2	6.45%	2	2	44	55	0.98	1	1	23	6	1	1	C
II	4321550	T	W	16	4	20%	2	2	52	46	0.98	1	1	10	6	3	1	A
II	4328811	A	W	12	4	25%	2	2	43	37	0.98	1	1	6	6	2	2	T
II	4331453	G	R	18	3	14.29%	2	2	55	33	0.98	1	1	10	8	1	2	A
II	4334559	A	W	13	2	13.33%	2	2	48	37	0.98	1	1	8	5	1	1	T
II	4335434	C	M	14	2	12.5%	2	1	47	31	0.98	1	1	7	7	0	2	A
II	4338762	A	M	6	2	25%	1	1	43	25	0.98	1	1	6	0	0	2	C
II	4351764	A	R	14	2	12.5%	2	2	44	37	0.98	1	1	5	9	1	1	G
II	4383634	A	R	32	2	5.88%	2	2	41	37	0.98	1	1	18	14	1	1	G
II	4385238	A	R	11	5	31.25%	2	2	43	43	0.98	1	1	7	4	1	4	G
II	4385241	C	Y	11	5	31.25%	2	2	43	43	0.98	1	1	7	4	1	4	T
II	4400666	A	C	0	15	100%	0	2	0	43	0.98	0	1	0	0	6	9	C
II	4403798	G	K	13	2	13.33%	2	2	42	37	0.98	1	1	6	7	1	1	T
II	4411375	A	W	33	2	5.71%	2	1	44	37	0.98	1	1	12	21	0	2	T
II	4422469	G	R	26	2	7.14%	2	1	49	37	0.98	1	1	13	13	2	0	A
II	4422660	C	Y	37	3	7.5%	2	2	51	49	0.98	1	1	18	19	2	1	T
II	4422825	G	S	33	3	8.33%	2	2	49	37	0.98	1	1	15	18	1	2	C
II	4422948	A	R	37	10	21.28%	2	2	56	48	0.98	1	1	16	21	2	8	G
II	4422963	T	Y	37	4	9.76%	2	1	52	37	0.98	1	1	15	22	0	4	C
II	4422966	A	R	38	4	9.52%	2	1	52	37	0.98	1	1	16	22	0	4	G
II	4422969	G	R	37	4	9.76%	2	1	53	37	0.98	1	1	15	22	0	4	A
II	4422972	G	R	33	4	10.81%	2	1	54	34	0.98	1	1	14	19	0	4	A
II	4423500	C	T	4	15	78.95%	2	2	46	39	0.98	1	1	3	1	13	2	T
II	4423563	A	G	2	8	80%	1	2	37	38	0.98	1	1	2	0	6	2	G
II	4423569	A	T	1	4	80%	1	1	37	39	0.98	1	1	1	0	4	0	T
II	4423574	A	R	3	4	57.14%	1	2	33	34	0.98	1	1	3	0	3	1	G
II	4423578	A	R	4	2	33.33%	1	1	37	37	0.98	1	1	4	0	2	0	G
II	4423590	T	Y	7	3	30%	1	1	37	37	0.98	1	1	7	0	3	0	C
II	4423658	A	T	2	11	84.62%	1	2	49	37	0.98	1	1	2	0	8	3	T
II	4423683	G	R	20	2	9.09%	2	1	41	33	0.98	1	1	14	6	2	0	A
II	4424055	C	Y	42	4	8.7%	2	2	49	37	0.98	1	1	20	22	3	1	T
II	4424547	G	K	35	3	7.89%	2	2	50	37	0.98	1	1	13	22	2	1	T
II	4424552	A	M	36	4	10%	2	2	49	37	0.98	1	1	13	23	2	2	C
II	4434204	A	W	19	3	13.64%	2	1	44	37	0.98	1	1	9	10	3	0	T
II	4437789	G	R	78	15	16.13%	2	2	50	49	0.98	1	1	38	40	14	1	A
II	4437796	C	Y	79	17	17.71%	2	2	51	47	0.98	1	1	40	39	16	1	T
II	4437800	A	R	79	18	18.56%	2	2	50	46	0.98	1	1	43	36	17	1	G
II	4448284	A	R	18	2	10%	2	1	45	37	0.98	1	1	10	8	0	2	G
II	4452482	G	S	11	2	15.38%	2	1	37	55	0.98	1	1	7	4	2	0	C
II	4452483	A	R	11	2	15.38%	2	1	40	55	0.98	1	1	6	5	2	0	G
II	4456426	T	Y	31	2	6.06%	2	2	51	31	0.98	1	1	12	19	1	1	C
II	4458984	T	Y	32	2	5.88%	2	1	45	55	0.98	1	1	14	18	2	0	C
II	4459035	T	Y	31	2	6.06%	2	2	48	74	0.98	1	1	19	12	1	1	C
II	4459888	C	M	28	2	6.67%	2	2	52	37	0.98	1	1	12	16	1	1	A
II	4462548	C	Y	11	2	15.38%	2	2	51	37	0.98	1	1	5	6	1	1	T
II	4463290	C	Y	26	2	7.14%	2	2	45	37	0.98	1	1	18	8	1	1	T
II	4474478	T	Y	6	2	25%	2	1	49	37	0.98	1	1	4	2	2	0	C
II	4481706	A	M	71	4	5.33%	2	2	51	46	0.98	1	1	42	29	1	3	C
II	4485006	G	R	10	2	16.67%	2	2	45	37	0.98	1	1	5	5	1	1	A
II	4505717	A	R	10	2	16.67%	2	1	47	55	0.98	1	1	6	4	0	2	G
II	4507767	T	W	32	4	11.11%	2	2	57	46	0.98	1	1	18	14	3	1	A
II	4507789	G	S	33	3	8.33%	2	2	54	61	0.98	1	1	20	13	2	1	C
II	4511589	T	W	49	4	7.55%	2	1	53	61	0.98	1	1	33	16	0	4	A
II	4511614	A	M	46	3	6.12%	2	1	53	45	0.98	1	1	33	13	0	3	C
II	4513966	A	R	33	7	17.5%	2	2	48	38	0.98	1	1	14	19	1	6	G
II	4513980	A	W	35	6	14.63%	2	2	50	37	0.98	1	1	16	19	1	5	T
II	4516425	G	S	30	2	6.25%	2	2	43	68	0.98	1	1	19	11	1	1	C
II	4516627	G	K	40	8	16%	2	2	50	49	0.98	1	1	21	19	6	2	T
II	4517600	G	K	36	2	5.26%	2	2	45	37	0.98	1	1	12	24	1	1	T
II	4517781	T	W	61	4	6.15%	2	2	47	46	0.98	1	1	39	22	3	1	A
II	4517905	T	Y	99	9	8.33%	2	2	50	52	0.98	1	1	47	52	5	4	C
II	4517914	C	Y	102	7	6.42%	2	2	50	56	0.98	1	1	51	51	4	3	T
II	4518017	T	Y	112	7	5.88%	2	2	52	45	0.98	1	1	50	62	3	4	C
II	4518018	C	Y	111	7	5.93%	2	2	53	47	0.98	1	1	49	62	3	4	T
II	4518027	T	Y	110	8	6.78%	2	2	53	54	0.98	1	1	48	62	5	3	C
II	4518134	C	Y	89	5	5.32%	2	2	48	44	0.98	1	1	34	55	1	4	T
II	4518139	T	Y	88	5	5.38%	2	2	48	44	0.98	1	1	33	55	2	3	C
II	4518185	A	R	72	4	5.26%	2	2	46	46	0.98	1	1	40	32	1	3	G
II	4518189	C	S	72	4	5.26%	2	2	45	46	0.98	1	1	41	31	1	3	G
II	4518273	T	Y	55	7	11.29%	2	2	43	40	0.98	1	1	26	29	2	5	C
II	4518281	A	R	51	8	13.56%	2	2	43	41	0.98	1	1	25	26	2	6	G
II	4518297	G	R	54	3	5.26%	2	2	41	33	0.98	1	1	26	28	2	1	A
II	4518490	G	R	44	3	6.38%	2	2	45	49	0.98	1	1	19	25	2	1	A
II	4518505	T	Y	44	3	6.38%	2	1	45	33	0.98	1	1	20	24	3	0	C
II	4518515	T	Y	40	4	9.09%	2	2	47	37	0.98	1	1	20	20	3	1	C
II	4521636	C	Y	4	2	33.33%	2	2	37	37	0.98	1	1	2	2	1	1	T
II	4523882	C	Y	20	15	42.86%	2	2	50	42	0.98	1	1	13	7	7	8	T
II	4525822	C	Y	6	5	45.45%	2	2	43	37	0.98	1	1	2	4	1	4	T
II	4525966	C	Y	8	4	33.33%	2	2	55	37	0.98	1	1	3	5	2	2	T
II	4527879	G	S	19	8	29.63%	2	2	40	44	0.98	1	1	10	9	4	4	C
II	4527881	C	Y	17	10	37.04%	2	2	40	41	0.98	1	1	11	6	4	6	T
II	4529116	T	Y	40	18	31.03%	2	2	48	42	0.98	1	1	21	19	10	8	C
II	4529421	T	Y	63	7	10%	2	2	49	63	0.98	1	1	26	37	5	2	C
II	4529438	G	S	63	4	5.97%	2	2	52	55	0.98	1	1	26	37	2	2	C
II	4529599	G	R	50	3	5.66%	2	2	47	37	0.98	1	1	25	25	2	1	A
II	4529725	G	R	49	9	15.52%	2	2	44	43	0.98	1	1	22	27	7	2	A
II	4529965	A	R	30	38	55.88%	2	2	48	47	0.98	1	1	8	22	9	29	G
II	4530119	C	Y	56	4	6.67%	2	1	50	37	0.98	1	1	32	24	0	4	T
II	4530797	C	Y	31	13	29.55%	2	2	48	51	0.98	1	1	15	16	9	4	T
II	4531033	G	S	25	24	48.98%	2	2	51	43	0.98	1	1	15	10	13	11	C
II	4531092	G	R	23	21	47.73%	2	2	45	44	0.98	1	1	14	9	13	8	A
II	4531414	T	Y	38	49	56.32%	2	2	53	49	0.98	1	1	23	15	35	14	C
II	4531483	G	R	83	5	5.68%	2	2	51	44	0.98	1	1	49	34	2	3	A
II	4531492	A	R	82	10	10.87%	2	2	49	35	0.98	1	1	51	31	4	6	G
II	4531592	G	R	38	34	47.22%	2	2	48	46	0.98	1	1	24	14	16	18	A
II	4531726	T	W	61	4	6.15%	2	2	49	34	0.98	1	1	24	37	2	2	A
II	4531732	G	K	56	3	5.08%	2	2	47	37	0.98	1	1	23	33	1	2	T
II	4531744	C	S	60	4	6.25%	2	1	45	46	0.98	1	1	24	36	0	4	G
II	4531745	C	Y	59	4	6.35%	2	1	45	46	0.98	1	1	24	35	0	4	T
II	4531749	C	Y	44	20	31.25%	2	2	47	40	0.98	1	1	16	28	8	12	T
II	4531764	A	R	35	20	36.36%	2	2	45	37	0.98	1	1	16	19	11	9	G
II	4532088	G	K	38	32	45.71%	2	2	47	50	0.98	1	1	22	16	21	11	T
II	4533394	T	Y	20	40	66.67%	2	2	46	47	0.98	1	1	8	12	22	18	C
II	4533451	T	Y	25	34	57.63%	2	2	43	45	0.98	1	1	13	12	17	17	C
II	4533598	G	R	50	23	31.51%	2	2	44	46	0.98	1	1	28	22	10	13	A
II	4533617	A	R	56	24	30%	2	2	49	50	0.98	1	1	29	27	6	18	G
II	4533636	C	Y	41	44	51.76%	2	2	51	51	0.98	1	1	13	28	20	24	T
II	4533744	T	Y	60	21	25.93%	2	2	48	47	0.98	1	1	24	36	10	11	C
II	4533922	G	R	71	26	26.8%	2	2	47	47	0.98	1	1	30	41	13	13	A
II	4533994	T	Y	60	58	49.15%	2	2	45	49	0.98	1	1	42	18	37	21	C
II	4534246	C	M	89	31	25.83%	2	2	46	43	0.98	1	1	40	49	14	17	A
II	4534498	A	M	66	26	28.26%	2	2	47	39	0.98	1	1	47	19	12	14	C
II	4536550	C	M	97	26	21.14%	2	2	46	43	0.98	1	1	60	37	15	11	A
II	4536728	A	R	136	12	7.27%	2	2	46	41	0.98	1	1	61	75	11	1	G
II	4537214	T	Y	108	36	25%	2	2	54	53	0.98	1	1	64	44	15	21	C
II	4537402	A	R	109	8	6.84%	2	2	49	52	0.98	1	1	59	50	4	4	G
II	4537655	A	R	37	2	5.13%	2	1	47	37	0.98	1	1	23	14	0	2	G
II	4537844	T	Y	27	13	32.5%	2	2	45	40	0.98	1	1	14	13	3	10	C
II	4538027	A	R	93	20	17.7%	2	2	48	47	0.98	1	1	50	43	16	4	G
II	4538036	G	K	93	132	58.67%	2	2	45	58	0.98	1	1	61	32	94	38	T
II	4538038	A	R	94	186	66.43%	2	2	45	58	0.98	1	1	65	29	135	51	G
II	4538047	G	R	447	58	11.49%	2	2	56	55	0.98	1	1	318	129	41	17	A
II	4538048	C	Y	274	225	45.09%	2	2	54	59	0.98	1	1	192	82	162	63	T
II	4538052	A	G	105	406	79.45%	2	2	48	58	0.98	1	1	76	29	286	120	G
II	4538065	G	R	481	49	9.25%	2	2	60	56	0.98	1	1	317	164	34	15	A
II	4538091	T	Y	153	350	67.7%	2	2	50	62	0.98	1	1	100	53	207	143	C
II	4538100	C	Y	104	15	12.61%	2	2	47	49	0.98	1	1	64	40	12	3	T
II	4538114	A	R	85	12	12.37%	2	2	44	45	0.98	1	1	58	27	4	8	G
II	4538115	G	K	83	12	12.63%	2	2	44	45	0.98	1	1	55	28	4	8	T
II	4538116	G	R	88	12	12%	2	2	44	45	0.98	1	1	59	29	4	8	A
II	4538118	G	R	87	12	12.12%	2	2	44	46	0.98	1	1	59	28	4	8	A
II	4538122	G	S	86	11	11.34%	2	2	45	47	0.98	1	1	55	31	4	7	C
II	4538125	A	W	92	12	11.54%	2	2	45	46	0.98	1	1	61	31	4	8	T
II	4538126	C	S	91	12	11.65%	2	2	46	45	0.98	1	1	60	31	4	8	G
II	4538128	A	R	92	12	11.54%	2	2	46	46	0.98	1	1	60	32	4	8	G
II	4538155	T	K	121	103	45.98%	2	2	46	45	0.98	1	1	80	41	13	90	G
II	4538164	A	W	112	111	49.78%	2	2	48	44	0.98	1	1	72	40	11	100	T
II	4538203	A	W	123	24	16.33%	2	1	51	44	0.98	1	1	47	76	0	24	T
II	4538216	A	W	123	25	16.89%	2	1	51	44	0.98	1	1	47	76	0	25	T
II	4538238	T	K	124	24	16.22%	2	1	52	43	0.98	1	1	48	76	0	24	G
II	4538244	A	R	123	22	15.17%	2	1	52	44	0.98	1	1	49	74	0	22	G
II	4538591	G	R	36	2	5.26%	2	1	46	74	0.98	1	1	22	14	2	0	A
II	4538770	T	Y	35	11	23.91%	2	1	45	35	0.98	1	1	18	17	11	0	C
II	4539133	A	W	193	12	5.83%	2	2	49	67	0.98	1	1	80	113	6	6	T
II	4539146	A	W	189	13	6.44%	2	2	49	64	0.98	1	1	77	112	6	7	T
II	4539168	T	K	186	13	6.53%	2	2	48	64	0.98	1	1	72	114	6	7	G
II	4539174	A	R	180	11	5.76%	2	2	47	62	0.98	1	1	70	110	5	6	G
II	4539524	G	R	30	19	38.78%	2	2	48	54	0.98	1	1	13	17	7	12	A
II	4539673	T	W	19	8	29.63%	2	2	42	52	0.98	1	1	6	13	6	2	A
II	4539725	T	Y	15	7	31.82%	2	2	49	52	0.98	1	1	4	11	4	3	C
III	113	T	Y	229	14	5.76%	2	2	55	58	0.98	1	1	167	62	5	9	C
III	115	G	R	227	14	5.81%	2	2	56	58	0.98	1	1	166	61	5	9	A
III	4730	T	W	7	13	65%	2	2	37	40	0.98	1	1	3	4	8	5	A
III	5074	G	A	3	13	81.25%	2	2	46	47	0.98	1	1	1	2	3	10	A
III	5207	C	T	1	4	80%	1	2	74	37	0.98	1	1	0	1	2	2	T
III	5276	T	G	4	33	86.84%	2	1	58	37	0.98	1	1	2	2	33	0	G
III	5464	C	G	3	46	93.88%	2	2	49	49	0.98	1	1	1	2	13	33	G
III	5487	T	Y	8	3	27.27%	2	2	38	61	0.98	1	1	5	3	1	2	C
III	5661	A	M	9	10	52.63%	2	1	46	35	0.98	1	1	5	4	0	10	C
III	5783	C	Y	11	3	21.43%	2	2	48	33	0.98	1	1	5	6	1	2	T
III	5841	A	R	6	3	33.33%	2	1	41	31	0.98	1	1	3	3	3	0	G
III	13355	C	Y	4	3	37.5%	1	1	46	33	0.98	1	1	4	0	3	0	T
III	15224	C	M	5	2	28.57%	2	1	71	25	0.98	1	1	2	3	0	2	A
III	15600	T	A	4	25	86.21%	1	2	61	44	0.98	1	1	0	4	15	10	A
III	15601	T	W	22	2	8.33%	2	2	48	33	0.98	1	1	8	14	1	1	A
III	15944	G	A	3	13	81.25%	2	2	49	47	0.98	1	1	2	1	2	11	A
III	16077	C	T	1	5	83.33%	1	2	48	37	0.98	1	1	0	1	4	1	T
III	16146	T	G	5	37	88.1%	2	1	51	35	0.98	1	1	2	3	37	0	G
III	16334	C	G	1	45	97.83%	1	2	37	50	0.98	1	1	0	1	17	28	G
III	16357	T	Y	6	2	25%	2	1	49	37	0.98	1	1	2	4	0	2	C
III	16531	A	M	6	3	33.33%	2	1	43	37	0.98	1	1	2	4	0	3	C
III	16711	A	R	5	2	28.57%	2	1	42	74	0.98	1	1	2	3	0	2	G
III	23653	T	K	8	2	20%	2	1	56	61	0.98	1	1	4	4	2	0	G
III	25203	G	S	24	2	7.69%	2	2	53	37	0.98	1	1	6	18	1	1	C
III	29034	C	S	14	2	12.5%	2	2	64	74	0.98	1	1	12	2	1	1	G
III	29036	G	R	14	2	12.5%	2	2	64	74	0.98	1	1	12	2	1	1	A
III	29097	T	Y	20	2	9.09%	2	2	64	74	0.98	1	1	10	10	1	1	C
III	29109	A	W	20	2	9.09%	2	2	64	74	0.98	1	1	10	10	1	1	T
III	29121	G	R	23	3	11.54%	2	2	62	74	0.98	1	1	13	10	1	2	A
III	29151	T	Y	16	2	11.11%	2	2	54	55	0.98	1	1	6	10	1	1	C
III	29156	C	M	16	2	11.11%	2	2	51	55	0.98	1	1	6	10	1	1	A
III	31884	T	Y	28	2	6.67%	2	1	50	55	0.98	1	1	15	13	2	0	C
III	32885	T	K	14	4	22.22%	2	2	51	64	0.98	1	1	7	7	3	1	G
III	32890	G	R	15	5	25%	2	2	51	66	0.98	1	1	8	7	4	1	A
III	32969	C	Y	19	2	9.52%	2	2	62	55	0.98	1	1	13	6	1	1	T
III	32973	G	R	19	2	9.52%	2	2	62	49	0.98	1	1	13	6	1	1	A
III	33004	T	Y	14	7	33.33%	2	2	52	68	0.98	1	1	10	4	4	3	C
III	33006	C	S	14	7	33.33%	2	2	52	68	0.98	1	1	10	4	4	3	G
III	50661	A	W	7	2	22.22%	2	1	47	31	0.98	1	1	3	4	0	2	T
III	52125	G	R	37	2	5.13%	2	2	47	37	0.98	1	1	24	13	1	1	A
III	87493	T	W	20	4	16.67%	2	2	45	34	0.98	1	1	9	11	2	2	A
III	87540	A	R	24	2	7.69%	2	2	45	31	0.98	1	1	13	11	1	1	G
III	88701	A	M	14	2	12.5%	2	1	49	33	0.98	1	1	8	6	0	2	C
III	103188	A	W	20	2	9.09%	2	2	38	37	0.98	1	1	15	5	1	1	T
III	123340	N	A	0	13	100%	0	2	0	44	0.98	0	1	0	0	4	9	A
III	151071	G	A	0	29	100%	0	2	0	47	0.98	0	1	0	0	8	21	A
III	158655	A	R	15	2	11.76%	2	1	49	55	0.98	1	1	2	13	2	0	G
III	162829	C	S	17	2	10.53%	2	2	49	37	0.98	1	1	8	9	1	1	G
III	163277	T	Y	20	2	9.09%	2	2	49	37	0.98	1	1	16	4	1	1	C
III	174790	A	W	26	2	7.14%	2	1	53	37	0.98	1	1	13	13	0	2	T
III	174814	A	W	32	2	5.88%	2	2	52	49	0.98	1	1	15	17	1	1	T
III	177140	C	M	8	2	20%	2	1	43	24	0.98	1	1	4	4	2	0	A
III	184303	G	R	17	2	10.53%	2	2	41	37	0.98	1	1	12	5	1	1	A
III	208140	C	M	6	2	15.38%	1	1	35	33	0.98	1	1	6	0	0	2	A
III	212014	G	K	3	2	40%	1	1	31	25	0.98	1	1	0	3	2	0	T
III	212033	T	W	3	2	40%	1	1	31	31	0.98	1	1	0	3	2	0	A
III	212679	T	K	27	2	6.9%	2	2	54	74	0.98	1	1	13	14	1	1	G
III	213787	G	K	27	2	6.9%	2	2	53	68	0.98	1	1	13	14	1	1	T
III	213797	C	Y	27	2	6.9%	2	2	55	74	0.98	1	1	13	14	1	1	T
III	213812	C	Y	26	2	7.14%	2	2	57	74	0.98	1	1	13	13	1	1	T
III	220353	G	S	7	2	22.22%	2	1	42	55	0.98	1	1	4	3	0	2	C
III	227078	A	R	13	2	13.33%	2	1	45	37	0.98	1	1	5	8	0	2	G
III	227730	A	T	0	33	100%	0	2	0	47	0.98	0	1	0	0	16	17	T
III	227769	T	Y	33	2	5.71%	2	1	46	37	0.98	1	1	13	20	2	0	C
III	227825	C	S	37	2	5.13%	2	1	44	74	0.98	1	1	17	20	2	0	G
III	227826	A	R	37	2	5.13%	2	1	45	68	0.98	1	1	17	20	2	0	G
III	228026	A	R	41	3	6.82%	2	2	47	37	0.98	1	1	23	18	1	2	G
III	228034	C	M	41	3	6.82%	2	2	50	37	0.98	1	1	22	19	1	2	A
III	228170	A	R	39	3	7.14%	2	1	53	49	0.98	1	1	20	19	0	3	G
III	228223	A	R	31	2	6.06%	2	2	50	55	0.98	1	1	18	13	1	1	G
III	237049	A	R	16	2	10.53%	2	1	41	37	0.98	1	1	14	2	2	0	G
III	237064	T	W	15	2	11.76%	2	1	40	22	0.98	1	1	10	5	2	0	A
III	244247	T	W	22	3	12%	2	1	56	37	0.98	1	1	15	7	0	3	A
III	244292	A	M	16	3	15.79%	2	1	50	37	0.98	1	1	9	7	0	3	C
III	261934	T	K	12	2	14.29%	2	1	55	37	0.98	1	1	4	8	2	0	G
III	265380	T	K	18	2	10%	2	2	43	55	0.98	1	1	10	8	1	1	G
III	272777	G	K	13	2	13.33%	2	1	50	37	0.98	1	1	8	5	2	0	T
III	284657	C	A	0	7	100%	0	2	0	37	0.98	0	1	0	0	5	2	A
III	302332	G	K	21	2	8.7%	2	1	46	33	0.98	1	1	3	18	2	0	T
III	342806	C	Y	28	4	12.5%	2	2	44	28	0.98	1	1	10	18	2	2	T
III	358925	C	M	12	2	14.29%	2	1	45	25	0.98	1	1	5	7	2	0	A
III	360193	C	M	12	2	14.29%	2	1	40	22	0.98	1	1	11	1	0	2	A
III	360201	A	M	12	2	14.29%	2	1	51	33	0.98	1	1	10	2	0	2	C
III	360384	A	R	12	11	47.83%	2	2	46	51	0.98	1	1	6	6	5	6	G
III	374927	C	M	22	2	8.33%	2	1	43	31	0.98	1	1	8	14	0	2	A
III	410119	A	W	13	2	13.33%	2	1	51	31	0.98	1	1	7	6	0	2	T
III	469685	G	K	20	2	9.09%	2	1	49	31	0.98	1	1	9	11	2	0	T
III	489619	G	R	64	5	7.25%	2	2	51	46	0.98	1	1	40	24	4	1	A
III	489623	C	Y	61	6	8.96%	2	2	52	45	0.98	1	1	37	24	4	2	T
III	494378	T	W	15	2	11.76%	2	2	51	37	0.98	1	1	9	6	1	1	A
III	496542	A	W	11	4	26.67%	2	2	48	37	0.98	1	1	6	5	2	2	T
III	496544	A	R	11	3	21.43%	2	2	48	37	0.98	1	1	6	5	1	2	G
III	512040	T	K	35	2	5.41%	2	1	49	37	0.98	1	1	15	20	0	2	G
III	538505	T	K	36	2	5.26%	2	1	45	25	0.98	1	1	13	23	2	0	G
III	551486	C	M	31	4	11.43%	2	2	53	31	0.98	1	1	15	16	2	2	A
III	552184	T	K	25	2	7.41%	2	2	53	37	0.98	1	1	16	9	1	1	G
III	556474	G	R	31	2	6.06%	2	2	53	74	0.98	1	1	13	18	1	1	A
III	568617	G	K	12	2	14.29%	2	1	47	27	0.98	1	1	8	4	0	2	T
III	574800	T	Y	9	2	18.18%	2	2	35	37	0.98	1	1	4	5	1	1	C
III	623537	C	M	2	2	40%	1	1	55	37	0.98	1	1	2	0	0	2	A
III	642259	C	S	33	2	5.71%	2	2	48	55	0.98	1	1	14	19	1	1	G
III	668843	T	K	20	2	9.09%	2	1	50	37	0.98	1	1	14	6	2	0	G
III	669613	A	W	4	2	33.33%	2	1	46	37	0.98	1	1	2	2	0	2	T
III	674632	C	M	22	2	8.33%	2	2	50	31	0.98	1	1	10	12	1	1	A
III	684979	G	K	15	2	11.76%	2	2	51	37	0.98	1	1	9	6	1	1	T
III	711312	C	Y	20	2	9.09%	2	2	51	37	0.98	1	1	9	11	1	1	T
III	727481	A	W	22	2	8.33%	2	1	41	25	0.98	1	1	11	11	0	2	T
III	748114	C	S	10	2	16.67%	2	1	43	37	0.98	1	1	5	5	2	0	G
III	751319	T	W	19	2	9.52%	2	1	46	37	0.98	1	1	7	12	0	2	A
III	800495	A	M	8	2	20%	2	1	41	37	0.98	1	1	6	2	0	2	C
III	804469	A	R	24	2	7.69%	2	2	48	31	0.98	1	1	13	11	1	1	G
III	828826	T	Y	17	3	15%	2	1	47	33	0.98	1	1	13	4	0	3	C
III	843314	T	K	21	3	12.5%	2	1	44	29	0.98	1	1	12	9	3	0	G
III	863965	T	Y	24	2	7.69%	2	1	43	31	0.98	1	1	11	13	0	2	C
III	868623	T	K	25	2	7.41%	2	2	43	55	0.98	1	1	11	14	1	1	G
III	868928	T	K	25	2	7.41%	2	1	46	25	0.98	1	1	8	17	2	0	G
III	874974	A	R	15	2	11.76%	2	1	43	37	0.98	1	1	6	9	2	0	G
III	890290	T	K	27	2	6.9%	2	1	47	27	0.98	1	1	9	18	2	0	G
III	897814	C	M	12	2	14.29%	2	1	42	25	0.98	1	1	10	2	0	2	A
III	901536	A	R	35	2	5.41%	2	1	45	62	0.98	1	1	15	20	0	2	G
III	953410	A	W	23	2	8%	2	1	46	37	0.98	1	1	6	17	0	2	T
III	957738	T	Y	22	2	8.33%	2	2	44	61	0.98	1	1	12	10	1	1	C
III	959983	G	R	60	4	6.25%	2	2	46	37	0.98	1	1	22	38	1	3	A
III	962376	C	Y	368	43	10.46%	2	2	54	55	0.98	1	1	180	188	19	24	T
III	963322	G	R	74	6	7.5%	2	2	49	53	0.98	1	1	34	40	1	5	A
III	963343	A	G	1	69	98.57%	1	2	37	46	0.98	1	1	0	1	30	39	G
III	966171	C	M	15	3	16.67%	2	1	42	27	0.98	1	1	6	9	3	0	A
III	966536	A	W	13	3	18.75%	2	2	35	34	0.98	1	1	5	8	1	2	T
III	983273	T	K	9	2	18.18%	1	1	39	27	0.98	1	1	0	9	2	0	G
III	985002	C	M	28	2	6.67%	2	1	44	25	0.98	1	1	21	7	2	0	A
III	987381	G	R	20	2	9.09%	2	2	46	37	0.98	1	1	11	9	1	1	A
III	996543	T	W	19	2	9.52%	2	2	46	23	0.98	1	1	9	10	1	1	A
III	1003599	T	W	12	2	14.29%	2	1	43	31	0.98	1	1	9	3	2	0	A
III	1004769	A	R	14	2	12.5%	2	1	51	74	0.98	1	1	6	8	0	2	G
III	1009849	G	K	16	2	11.11%	2	1	46	37	0.98	1	1	9	7	0	2	T
III	1020669	C	M	15	3	16.67%	2	1	52	37	0.98	1	1	8	7	3	0	A
III	1033336	T	W	19	2	9.52%	2	1	48	37	0.98	1	1	9	10	2	0	A
III	1036070	C	Y	18	2	10%	2	2	43	37	0.98	1	1	7	11	1	1	T
III	1037638	T	W	16	2	11.11%	2	1	46	55	0.98	1	1	8	8	0	2	A
III	1077750	T	Y	16	2	11.11%	2	1	40	31	0.98	1	1	5	11	2	0	C
III	1084286	G	K	57	22	27.5%	2	2	52	50	0.98	1	1	25	32	10	12	T
III	1089345	G	R	24	3	11.11%	2	2	45	74	0.98	1	1	6	18	1	2	A
III	1093743	T	Y	22	2	8.33%	2	2	52	37	0.98	1	1	11	11	1	1	C
III	1108581	A	M	13	2	13.33%	2	1	46	25	0.98	1	1	9	4	0	2	C
III	1114661	C	M	50	17	25.37%	2	2	49	51	0.98	1	1	15	35	10	7	A
III	1116926	A	M	10	2	16.67%	2	1	45	74	0.98	1	1	6	4	2	0	C
III	1121421	C	M	53	12	18.46%	2	2	52	49	0.98	1	1	21	32	4	8	A
III	1123686	A	M	13	2	13.33%	2	1	47	55	0.98	1	1	5	8	0	2	C
III	1128181	C	M	40	12	23.08%	2	2	52	52	0.98	1	1	16	24	9	3	A
III	1128371	T	Y	21	2	8.7%	2	1	54	37	0.98	1	1	12	9	0	2	C
III	1130584	C	Y	3	2	40%	1	1	45	37	0.98	1	1	0	3	2	0	T
III	1134941	C	M	51	13	20.31%	2	2	51	49	0.98	1	1	20	31	11	2	A
III	1137206	A	M	30	2	6.25%	2	1	42	42	0.98	1	1	16	14	0	2	C
III	1140420	T	W	21	2	8.7%	2	2	48	37	0.98	1	1	9	12	1	1	A
III	1140918	A	W	15	2	11.76%	2	2	46	37	0.98	1	1	10	5	1	1	T
III	1168011	T	Y	17	2	10.53%	2	2	52	37	0.98	1	1	7	10	1	1	C
III	1168328	T	C	0	9	100%	0	2	0	42	0.98	0	1	0	0	7	2	C
III	1168363	G	R	2	5	71.43%	2	2	48	32	0.98	1	1	1	1	4	1	A
III	1173204	T	W	22	2	8.33%	2	1	44	24	0.98	1	1	11	11	2	0	A
III	1193752	T	W	15	4	21.05%	2	2	42	34	0.98	1	1	10	5	2	2	A
III	1206635	G	S	25	2	7.41%	2	2	53	31	0.98	1	1	14	11	1	1	C
III	1215846	A	R	21	2	8.7%	2	2	42	37	0.98	1	1	10	11	1	1	G
III	1225893	G	K	27	3	10%	2	1	49	25	0.98	1	1	11	16	3	0	T
III	1252445	C	M	11	2	15.38%	2	1	47	25	0.98	1	1	9	2	0	2	A
III	1252503	G	K	7	2	20%	1	1	34	27	0.98	1	1	7	0	0	2	T
III	1252505	G	K	7	4	33.33%	2	1	38	33	0.98	1	1	5	2	0	4	T
III	1270419	A	W	29	2	6.45%	2	2	45	74	0.98	1	1	15	14	1	1	T
III	1279049	A	W	19	2	9.52%	2	2	42	37	0.98	1	1	7	12	1	1	T
III	1313911	T	Y	21	2	8.7%	2	1	45	37	0.98	1	1	13	8	2	0	C
III	1338700	C	M	14	5	26.32%	2	2	36	34	0.98	1	1	8	6	2	3	A
III	1347458	A	M	23	4	14.81%	2	2	46	37	0.98	1	1	6	17	2	2	C
III	1352504	A	R	15	2	11.76%	2	1	41	74	0.98	1	1	11	4	2	0	G
III	1360263	T	Y	22	2	8.33%	2	2	41	25	0.98	1	1	13	9	1	1	C
III	1374938	A	T	0	9	100%	0	2	0	48	0.98	0	1	0	0	6	3	T
III	1407656	C	Y	13	2	13.33%	2	2	48	37	0.98	1	1	5	8	1	1	T
III	1435766	A	M	28	2	6.67%	2	2	48	36	0.98	1	1	12	16	1	1	C
III	1439790	A	M	4	2	33.33%	1	1	32	33	0.98	1	1	4	0	0	2	C
III	1451543	C	M	15	2	11.76%	2	1	39	29	0.98	1	1	12	3	0	2	A
III	1457117	C	M	10	2	16.67%	2	1	43	25	0.98	1	1	5	5	0	2	A
III	1462108	T	K	18	2	10%	2	2	48	37	0.98	1	1	11	7	1	1	G
III	1466392	T	W	91	6	6.19%	2	2	46	37	0.98	1	1	45	46	3	3	A
III	1466437	G	R	81	7	7.95%	2	2	51	47	0.98	1	1	43	38	4	3	A
III	1466439	C	Y	79	7	8.14%	2	2	51	40	0.98	1	1	43	36	4	3	T
III	1466667	C	Y	52	3	5.45%	2	2	51	61	0.98	1	1	27	25	2	1	T
III	1468103	T	Y	10	2	16.67%	2	2	44	74	0.98	1	1	7	3	1	1	C
III	1468108	A	M	10	2	16.67%	2	2	44	74	0.98	1	1	7	3	1	1	C
III	1493950	A	R	64	26	28.89%	2	2	47	58	0.98	1	1	23	41	13	13	G
III	1494129	T	K	104	28	21.21%	2	2	47	47	0.98	1	1	58	46	7	21	G
III	1494164	A	R	50	31	38.27%	2	2	47	49	0.98	1	1	18	32	5	26	G
III	1494181	A	W	49	27	35.53%	2	2	45	47	0.98	1	1	14	35	6	21	T
III	1494187	T	W	51	22	30.14%	2	2	44	46	0.98	1	1	16	35	5	17	A
III	1494192	G	R	51	16	23.88%	2	2	44	41	0.98	1	1	15	36	3	13	A
III	1494282	G	R	55	71	56.35%	2	2	47	42	0.98	1	1	23	32	30	41	A
III	1494303	G	R	55	43	43.88%	2	2	49	40	0.98	1	1	27	28	12	31	A
III	1494306	A	W	55	43	43.88%	2	2	50	41	0.98	1	1	24	31	12	31	T
III	1494312	A	R	58	42	42%	2	2	50	41	0.98	1	1	26	32	12	30	G
III	1494315	A	R	61	42	40.78%	2	2	51	41	0.98	1	1	30	31	12	30	G
III	1494318	A	R	63	41	39.42%	2	2	50	42	0.98	1	1	31	32	12	29	G
III	1494327	T	K	62	36	36.73%	2	2	51	42	0.98	1	1	27	35	9	27	G
III	1499389	C	Y	52	10	16.13%	2	2	43	37	0.98	1	1	27	25	3	7	T
III	1499390	A	W	54	10	15.62%	2	2	43	35	0.98	1	1	28	26	3	7	T
III	1499855	T	K	32	3	8.57%	2	1	46	26	0.98	1	1	9	23	3	0	G
III	1509379	T	W	13	2	13.33%	2	2	40	37	0.98	1	1	9	4	1	1	A
III	1530161	C	M	50	4	6.25%	2	2	53	46	0.98	1	1	23	27	3	1	A
III	1552221	A	M	23	2	8%	2	2	48	37	0.98	1	1	19	4	1	1	C
III	1574913	A	R	84	6	6.67%	2	2	50	49	0.98	1	1	29	55	2	4	G
III	1575957	T	Y	15	2	11.76%	2	2	49	42	0.98	1	1	7	8	1	1	C
III	1598958	C	M	21	2	8.7%	2	2	48	68	0.98	1	1	6	15	1	1	A
III	1609650	G	K	19	2	9.52%	2	1	42	37	0.98	1	1	8	11	0	2	T
III	1609657	C	M	18	2	10%	2	1	43	25	0.98	1	1	8	10	0	2	A
III	1609697	G	K	16	2	11.11%	2	1	39	31	0.98	1	1	8	8	0	2	T
III	1609719	G	K	23	2	8%	2	1	42	25	0.98	1	1	15	8	0	2	T
III	1609740	C	M	18	2	10%	2	1	41	31	0.98	1	1	15	3	0	2	A
III	1636264	A	M	32	2	5.88%	2	1	54	37	0.98	1	1	17	15	2	0	C
III	1639489	T	W	26	2	7.14%	2	2	49	31	0.98	1	1	12	14	1	1	A
III	1660934	T	W	23	2	8%	2	1	45	37	0.98	1	1	11	12	2	0	A
III	1675583	A	M	14	2	12.5%	2	2	47	25	0.98	1	1	6	8	1	1	C
III	1679051	G	K	19	2	9.52%	2	1	45	27	0.98	1	1	5	14	2	0	T
III	1698426	A	G	4	16	80%	2	2	49	49	0.98	1	1	2	2	9	7	G
III	1700834	G	R	18	2	10%	2	1	53	37	0.98	1	1	10	8	0	2	A
III	1703849	A	W	20	2	9.09%	2	2	47	31	0.98	1	1	11	9	1	1	T
III	1713002	C	M	10	2	16.67%	2	1	41	37	0.98	1	1	3	7	2	0	A
III	1715546	G	S	10	4	28.57%	2	2	48	37	0.98	1	1	4	6	2	2	C
III	1715551	G	K	10	4	28.57%	2	2	45	37	0.98	1	1	4	6	2	2	T
III	1717329	T	K	5	2	28.57%	2	1	46	31	0.98	1	1	2	3	2	0	G
III	1719850	T	K	29	2	6.45%	2	2	44	55	0.98	1	1	15	14	1	1	G
III	1721777	A	R	13	2	13.33%	2	2	44	37	0.98	1	1	8	5	1	1	G
III	1739992	G	S	24	2	7.69%	2	2	53	37	0.98	1	1	6	18	1	1	C
III	1744985	T	W	27	2	6.9%	2	1	46	37	0.98	1	1	19	8	0	2	A
III	1765401	G	T	0	39	100%	0	2	0	50	0.98	0	1	0	0	24	15	T
III	1774236	C	S	9	2	18.18%	2	1	41	55	0.98	1	1	6	3	0	2	G
III	1787221	A	W	18	2	10%	2	2	53	37	0.98	1	1	12	6	1	1	T
III	1830858	C	M	22	2	8.33%	2	1	48	37	0.98	1	1	10	12	2	0	A
III	1861734	C	M	21	4	16%	2	2	42	37	0.98	1	1	9	12	2	2	A
III	1865726	C	M	20	2	9.09%	2	2	51	37	0.98	1	1	10	10	1	1	A
III	1865851	A	M	17	2	10.53%	2	2	47	37	0.98	1	1	9	8	1	1	C
III	1885697	T	Y	31	2	6.06%	2	1	53	37	0.98	1	1	10	21	0	2	C
III	1894020	C	Y	16	7	30.43%	2	2	41	42	0.98	1	1	8	8	6	1	T
III	1905959	T	K	27	2	6.9%	2	1	51	25	0.98	1	1	16	11	2	0	G
III	1912577	C	M	11	2	15.38%	2	1	40	25	0.98	1	1	6	5	0	2	A
III	1914556	T	Y	14	2	12.5%	2	1	48	37	0.98	1	1	5	9	0	2	C
III	1957727	C	M	25	2	7.41%	2	1	48	55	0.98	1	1	16	9	2	0	A
III	1973974	G	S	13	2	13.33%	2	2	48	31	0.98	1	1	7	6	1	1	C
III	2007924	T	K	21	2	8.7%	2	2	44	37	0.98	1	1	10	11	1	1	G
III	2011113	G	K	14	2	12.5%	2	2	40	36	0.98	1	1	2	12	1	1	T
III	2026791	A	R	20	2	9.09%	2	2	44	37	0.98	1	1	8	12	1	1	G
III	2028201	A	M	9	2	18.18%	2	1	42	37	0.98	1	1	8	1	0	2	C
III	2044576	T	K	36	2	5.26%	2	2	51	55	0.98	1	1	21	15	1	1	G
III	2049456	A	W	21	2	8.7%	2	2	52	31	0.98	1	1	12	9	1	1	T
III	2087720	C	M	20	2	9.09%	2	1	40	31	0.98	1	1	10	10	0	2	A
III	2107628	C	Y	9	2	18.18%	2	1	60	74	0.98	1	1	6	3	2	0	T
III	2116607	G	S	9	2	18.18%	2	2	48	37	0.98	1	1	2	7	1	1	C
III	2163570	A	R	18	2	10%	2	2	44	37	0.98	1	1	8	10	1	1	G
III	2188343	A	W	13	2	13.33%	2	2	51	37	0.98	1	1	7	6	1	1	T
III	2200528	C	Y	34	2	5.56%	2	2	55	37	0.98	1	1	12	22	1	1	T
III	2216324	T	Y	20	2	9.09%	2	2	44	37	0.98	1	1	8	12	1	1	C
III	2247111	T	Y	23	2	8%	2	1	47	74	0.98	1	1	10	13	2	0	C
III	2256364	A	M	7	6	46.15%	2	2	44	49	0.98	1	1	4	3	3	3	C
III	2295961	A	R	14	2	12.5%	2	2	51	31	0.98	1	1	9	5	1	1	G
III	2298890	C	S	16	2	11.11%	2	2	46	37	0.98	1	1	6	10	1	1	G
III	2310687	T	W	22	2	8.33%	2	2	47	37	0.98	1	1	10	12	1	1	A
III	2330746	C	Y	12	2	14.29%	2	2	37	37	0.98	1	1	9	3	1	1	T
III	2341821	G	K	23	2	8%	2	2	48	37	0.98	1	1	10	13	1	1	T
III	2360432	T	K	36	2	5.26%	2	2	50	37	0.98	1	1	10	26	1	1	G
III	2371752	C	Y	13	2	13.33%	2	2	47	37	0.98	1	1	8	5	1	1	T
III	2421170	G	R	15	2	11.76%	2	1	43	37	0.98	1	1	8	7	0	2	A
III	2422648	T	Y	35	2	5.41%	2	2	54	37	0.98	1	1	21	14	1	1	C
III	2431133	G	K	10	2	16.67%	2	2	61	55	0.98	1	1	4	6	1	1	T
III	2431265	G	R	11	2	15.38%	2	1	52	74	0.98	1	1	7	4	2	0	A
III	2431268	T	K	9	2	18.18%	2	1	54	74	0.98	1	1	5	4	2	0	G
III	2431278	A	R	8	2	20%	2	1	54	74	0.98	1	1	5	3	2	0	G
III	2434441	G	K	14	2	12.5%	2	1	49	27	0.98	1	1	4	10	0	2	T
III	2434993	C	Y	15	2	11.76%	2	1	59	68	0.98	1	1	10	5	2	0	T
III	2435005	T	W	16	2	11.11%	2	1	57	61	0.98	1	1	12	4	2	0	A
III	2447413	T	K	881	85	8.8%	2	1	39	29	0.98	1	1	105	776	85	0	G
III	2448311	A	W	84	8	8.7%	2	2	40	34	0.98	1	1	59	25	1	7	T
