Chrom	Position	Ref	Cons	Reads1	Reads2	VarFreq	Strands1	Strands2	Qual1	Qual2	Pvalue	MapQual1	MapQual2	Reads1Plus	Reads1Minus	Reads2Plus	Reads2Minus	VarAllele
chr_II_telomeric_gap	4787	G	A	0	14	100%	0	2	0	48	0.98	0	1	0	0	11	3	A
chr_II_telomeric_gap	10068	A	R	23	2	8%	2	2	42	31	0.98	1	1	13	10	1	1	G
I	224	G	R	47	8	14.55%	2	2	45	37	0.98	1	1	27	20	3	5	A
I	459	C	M	40	38	48.72%	2	2	51	50	0.98	1	1	21	19	16	22	A
I	783	T	Y	42	30	41.67%	2	2	43	42	0.98	1	1	25	17	12	18	C
I	798	G	R	57	26	31.33%	2	2	44	40	0.98	1	1	29	28	13	13	A
I	955	C	Y	43	50	53.76%	2	2	45	47	0.98	1	1	14	29	32	18	T
I	1055	T	Y	87	12	12.12%	2	2	52	40	0.98	1	1	34	53	6	6	C
I	1133	A	R	44	52	54.17%	2	2	44	44	0.98	1	1	14	30	14	38	G
I	1455	C	Y	30	29	49.15%	2	2	43	47	0.98	1	1	14	16	12	17	T
I	1514	C	S	35	25	41.67%	2	2	48	48	0.98	1	1	14	21	9	16	G
I	1750	G	R	40	13	24.53%	2	2	50	49	0.98	1	1	21	19	6	7	A
I	2224	C	Y	36	2	5.26%	2	2	48	55	0.98	1	1	20	16	1	1	T
I	2582	T	Y	18	19	51.35%	2	2	38	46	0.98	1	1	11	7	9	10	C
I	2822	C	Y	30	2	6.25%	2	2	42	37	0.98	1	1	26	4	1	1	T
I	3431	A	R	46	32	41.03%	2	2	47	49	0.98	1	1	23	23	17	15	G
I	4666	G	R	9	5	35.71%	2	2	36	51	0.98	1	1	2	7	2	3	A
I	4668	C	S	13	5	27.78%	2	2	39	44	0.98	1	1	6	7	2	3	G
I	6583	G	R	21	7	25%	2	2	46	63	0.98	1	1	11	10	4	3	A
I	6727	G	R	13	5	27.78%	2	2	42	51	0.98	1	1	7	6	3	2	A
I	6912	A	M	22	2	8.33%	2	1	49	37	0.98	1	1	8	14	0	2	C
I	7177	C	M	31	2	6.06%	2	1	43	25	0.98	1	1	19	12	0	2	A
I	7192	C	M	12	6	27.27%	2	1	46	29	0.98	1	1	9	3	0	6	A
I	8666	G	R	22	18	45%	2	2	40	44	0.98	1	1	7	15	8	10	A
I	10913	G	R	3	8	72.73%	2	2	33	46	0.98	1	1	1	2	3	5	A
I	17845	A	R	37	2	5.13%	2	2	48	37	0.98	1	1	21	16	1	1	G
I	18099	A	R	55	13	19.12%	2	2	48	38	0.98	1	1	27	28	12	1	G
I	18104	A	R	58	4	6.45%	2	2	47	64	0.98	1	1	33	25	3	1	G
I	18140	T	Y	66	6	8.33%	2	2	46	55	0.98	1	1	47	19	4	2	C
I	18218	G	R	78	10	11.36%	2	1	53	39	0.98	1	1	49	29	10	0	A
I	18318	G	R	65	29	30.85%	2	2	45	50	0.98	1	1	30	35	26	3	A
I	18475	C	Y	45	46	50.55%	2	2	47	53	0.98	1	1	12	33	14	32	T
I	24620	A	W	57	3	5%	2	2	52	61	0.98	1	1	21	36	2	1	T
I	28424	C	S	49	3	5.77%	2	2	44	49	0.98	1	1	25	24	1	2	G
I	29359	T	W	27	2	6.9%	2	2	48	55	0.98	1	1	14	13	1	1	A
I	29373	T	Y	21	2	8.7%	2	2	49	55	0.98	1	1	9	12	1	1	C
I	39824	G	R	3	3	50%	1	1	61	37	0.98	1	1	0	3	0	3	A
I	90816	T	W	21	2	8.7%	2	1	45	31	0.98	1	1	11	10	2	0	A
I	98629	A	M	35	2	5.41%	2	1	46	37	0.98	1	1	18	17	2	0	C
I	98632	C	Y	34	2	5.56%	2	1	46	37	0.98	1	1	17	17	2	0	T
I	98639	A	W	44	9	16.98%	2	2	47	45	0.98	1	1	23	21	8	1	T
I	98777	T	Y	70	16	18.6%	2	2	53	57	0.98	1	1	39	31	7	9	C
I	98786	G	R	78	7	8.24%	2	2	52	45	0.98	1	1	39	39	3	4	A
I	99057	T	Y	89	5	5.32%	2	2	52	44	0.98	1	1	49	40	4	1	C
I	99066	G	R	89	10	10.1%	2	2	53	55	0.98	1	1	43	46	8	2	A
I	99204	A	W	38	14	26.92%	2	1	47	41	0.98	1	1	9	29	0	14	T
I	99211	A	R	32	5	13.51%	2	1	47	37	0.98	1	1	8	24	0	5	G
I	99214	G	K	33	5	13.16%	2	1	48	37	0.98	1	1	8	25	0	5	T
I	111335	A	W	22	2	8.33%	2	1	46	37	0.98	1	1	6	16	2	0	T
I	133995	A	W	18	2	10%	2	1	45	37	0.98	1	1	9	9	2	0	T
I	144906	A	W	18	2	10%	2	2	50	37	0.98	1	1	13	5	1	1	T
I	168956	T	K	15	2	11.76%	2	2	44	37	0.98	1	1	5	10	1	1	G
I	168959	G	K	15	2	11.76%	2	2	44	37	0.98	1	1	5	10	1	1	T
I	172939	A	M	13	2	13.33%	2	1	47	25	0.98	1	1	10	3	0	2	C
I	234833	T	K	13	2	13.33%	2	2	47	37	0.98	1	1	9	4	1	1	G
I	267225	T	W	19	2	9.52%	2	1	48	27	0.98	1	1	10	9	2	0	A
I	304888	T	Y	19	2	9.52%	2	2	46	37	0.98	1	1	10	9	1	1	C
I	305236	C	S	16	2	11.11%	2	2	44	37	0.98	1	1	9	7	1	1	G
I	305697	C	M	17	2	10.53%	2	1	52	29	0.98	1	1	10	7	0	2	A
I	313721	T	Y	17	2	10.53%	2	2	42	37	0.98	1	1	9	8	1	1	C
I	325884	T	Y	4	2	33.33%	2	2	46	37	0.98	1	1	2	2	1	1	C
I	335159	T	W	15	2	11.76%	2	1	45	31	0.98	1	1	11	4	0	2	A
I	365158	T	Y	26	2	7.14%	2	2	49	37	0.98	1	1	12	14	1	1	C
I	417653	C	M	15	2	11.76%	2	1	44	37	0.98	1	1	5	10	0	2	A
I	420511	A	W	5	2	28.57%	2	1	44	37	0.98	1	1	3	2	2	0	T
I	442881	C	M	8	2	20%	2	1	50	25	0.98	1	1	5	3	2	0	A
I	447897	C	M	16	2	11.11%	2	1	44	31	0.98	1	1	8	8	2	0	A
I	465503	T	K	18	2	10%	2	1	50	37	0.98	1	1	7	11	0	2	G
I	469845	G	K	14	2	12.5%	2	1	44	27	0.98	1	1	4	10	2	0	T
I	470379	C	A	0	2	100%	0	1	0	37	0.98	0	1	0	0	0	2	A
I	473427	G	K	2	3	50%	2	1	55	33	0.98	1	1	1	1	0	3	T
I	493720	G	K	11	2	15.38%	2	2	46	28	0.98	1	1	8	3	1	1	T
I	521807	A	W	18	2	10%	2	1	42	22	0.98	1	1	11	7	0	2	T
I	523603	G	A	0	18	100%	0	2	0	49	0.98	0	1	0	0	7	11	A
I	523883	G	A	0	18	100%	0	2	0	45	0.98	0	1	0	0	13	5	A
I	527156	C	A	0	15	100%	0	2	0	39	0.98	0	1	0	0	8	7	A
I	562709	A	W	10	2	16.67%	2	1	51	28	0.98	1	1	7	3	0	2	T
I	650099	C	M	4	2	22.22%	2	1	37	37	0.98	1	1	3	1	0	2	A
I	690174	T	K	20	2	9.09%	2	1	37	23	0.98	1	1	9	11	0	2	G
I	729638	T	Y	14	4	22.22%	2	2	44	37	0.98	1	1	6	8	2	2	C
I	730748	C	M	16	2	11.11%	2	1	46	31	0.98	1	1	8	8	0	2	A
I	759334	G	T	0	10	100%	0	2	0	39	0.98	0	1	0	0	7	3	T
I	800640	A	M	9	2	18.18%	2	1	41	25	0.98	1	1	2	7	0	2	C
I	809103	G	T	0	13	100%	0	2	0	54	0.98	0	1	0	0	9	4	T
I	862964	G	T	0	12	100%	0	2	0	57	0.98	0	1	0	0	4	8	T
I	884923	G	K	24	2	7.69%	2	1	44	37	0.98	1	1	13	11	0	2	T
I	949545	T	K	9	3	25%	2	1	40	33	0.98	1	1	1	8	3	0	G
I	949558	G	K	14	2	12.5%	2	1	37	25	0.98	1	1	4	10	2	0	T
I	961518	G	R	16	11	40.74%	2	2	43	50	0.98	1	1	10	6	6	5	A
I	970190	A	W	28	2	6.67%	2	1	44	25	0.98	1	1	8	20	0	2	T
I	983563	A	W	35	2	5.41%	2	1	46	37	0.98	1	1	15	20	2	0	T
I	983566	A	W	36	2	5.26%	2	1	47	31	0.98	1	1	15	21	2	0	T
I	988641	A	W	19	2	9.52%	2	2	46	25	0.98	1	1	6	13	1	1	T
I	1008090	A	M	17	4	19.05%	2	2	45	37	0.98	1	1	5	12	2	2	C
I	1032621	G	R	20	2	9.09%	2	2	49	37	0.98	1	1	8	12	1	1	A
I	1038404	C	M	28	3	9.68%	2	1	49	37	0.98	1	1	11	17	0	3	A
I	1038491	G	K	16	2	11.11%	2	1	42	37	0.98	1	1	5	11	2	0	T
I	1055942	A	M	12	2	14.29%	2	2	37	27	0.98	1	1	11	1	1	1	C
I	1078820	G	S	23	2	8%	2	2	50	37	0.98	1	1	7	16	1	1	C
I	1097449	T	Y	27	2	6.9%	2	1	41	37	0.98	1	1	17	10	2	0	C
I	1101714	A	W	15	2	11.76%	2	1	43	31	0.98	1	1	10	5	0	2	T
I	1117329	A	M	22	2	8.33%	2	2	50	37	0.98	1	1	11	11	1	1	C
I	1152446	T	W	32	2	5.88%	2	2	42	37	0.98	1	1	18	14	1	1	A
I	1183504	C	M	13	2	13.33%	2	2	44	37	0.98	1	1	5	8	1	1	A
I	1206408	A	W	32	2	5.88%	2	1	47	27	0.98	1	1	15	17	0	2	T
I	1207514	T	Y	26	2	7.14%	2	1	55	37	0.98	1	1	14	12	0	2	C
I	1216890	G	R	15	2	11.76%	2	2	46	37	0.98	1	1	6	9	1	1	A
I	1259004	G	K	24	2	7.69%	2	1	49	37	0.98	1	1	8	16	2	0	T
I	1275212	C	Y	28	2	6.67%	2	2	46	37	0.98	1	1	13	15	1	1	T
I	1330777	G	K	20	2	9.09%	2	2	46	37	0.98	1	1	7	13	1	1	T
I	1373824	C	Y	42	3	6.67%	2	2	51	57	0.98	1	1	21	21	2	1	T
I	1374969	G	R	14	2	12.5%	2	2	50	37	0.98	1	1	5	9	1	1	A
I	1380087	C	M	18	2	10%	2	1	41	31	0.98	1	1	10	8	0	2	A
I	1380119	G	K	16	3	15.79%	2	1	38	29	0.98	1	1	9	7	0	3	T
I	1380126	A	M	13	2	13.33%	2	1	38	37	0.98	1	1	9	4	0	2	C
I	1384314	G	R	18	2	10%	2	2	43	37	0.98	1	1	9	9	1	1	A
I	1393835	G	K	9	3	25%	2	1	43	34	0.98	1	1	2	7	3	0	T
I	1393871	C	M	10	2	16.67%	2	1	38	29	0.98	1	1	2	8	2	0	A
I	1452089	A	M	7	2	22.22%	2	1	54	25	0.98	1	1	2	5	2	0	C
I	1487066	A	W	22	2	8.33%	2	1	44	55	0.98	1	1	11	11	2	0	T
I	1574945	G	R	13	2	13.33%	2	2	56	37	0.98	1	1	4	9	1	1	A
I	1604867	T	W	16	4	20%	2	2	54	37	0.98	1	1	6	10	2	2	A
I	1667143	T	W	9	2	18.18%	2	1	44	49	0.98	1	1	4	5	2	0	A
I	1696206	A	R	20	2	9.09%	2	2	48	55	0.98	1	1	13	7	1	1	G
I	1719646	C	Y	9	2	18.18%	2	2	46	31	0.98	1	1	4	5	1	1	T
I	1783458	C	T	0	18	100%	0	2	0	40	0.98	0	1	0	0	10	8	T
I	1825919	G	K	17	2	10.53%	2	1	42	25	0.98	1	1	3	14	2	0	T
I	1834158	A	W	6	2	25%	2	1	49	25	0.98	1	1	5	1	0	2	T
I	1834160	G	K	5	3	37.5%	2	2	54	26	0.98	1	1	4	1	1	2	T
I	1845904	A	W	12	2	14.29%	2	2	47	37	0.98	1	1	5	7	1	1	T
I	1852128	G	K	7	2	22.22%	2	1	41	29	0.98	1	1	2	5	2	0	T
I	1857259	C	M	35	2	5.41%	2	1	46	31	0.98	1	1	17	18	0	2	A
I	1857586	C	Y	29	2	6.45%	2	1	48	37	0.98	1	1	17	12	0	2	T
I	1879376	G	T	1	7	87.5%	1	1	37	47	0.98	1	1	0	1	0	7	T
I	1893562	T	K	13	2	13.33%	2	1	43	29	0.98	1	1	3	10	2	0	G
I	1893575	C	M	15	3	16.67%	2	1	51	25	0.98	1	1	3	12	3	0	A
I	1943774	G	R	19	2	9.09%	1	1	38	33	0.98	1	1	19	0	0	2	A
I	1999192	G	C	0	23	100%	0	2	0	51	0.98	0	1	0	0	13	10	C
I	2053214	C	Y	20	2	9.09%	2	2	48	37	0.98	1	1	8	12	1	1	T
I	2053528	G	K	9	2	18.18%	2	1	45	25	0.98	1	1	1	8	2	0	T
I	2080659	T	Y	16	2	11.11%	2	2	43	74	0.98	1	1	11	5	1	1	C
I	2093273	A	M	25	2	7.41%	2	1	44	27	0.98	1	1	19	6	0	2	C
I	2094464	A	M	19	4	17.39%	2	2	45	37	0.98	1	1	8	11	2	2	C
I	2094758	A	R	17	2	10.53%	2	2	50	37	0.98	1	1	6	11	1	1	G
I	2104091	G	T	0	9	100%	0	2	0	53	0.98	0	1	0	0	2	7	T
I	2104097	C	A	0	8	100%	0	2	0	55	0.98	0	1	0	0	2	6	A
I	2118318	G	T	0	12	100%	0	2	0	50	0.98	0	1	0	0	5	7	T
I	2134129	C	M	30	2	6.25%	2	1	43	31	0.98	1	1	19	11	2	0	A
I	2135050	A	R	20	2	9.09%	2	2	39	37	0.98	1	1	11	9	1	1	G
I	2137579	G	S	18	2	10%	2	1	50	37	0.98	1	1	6	12	2	0	C
I	2145637	T	Y	7	2	22.22%	2	2	35	37	0.98	1	1	3	4	1	1	C
I	2145641	C	Y	8	2	20%	2	2	37	31	0.98	1	1	4	4	1	1	T
I	2145992	G	K	18	2	10%	2	1	58	31	0.98	1	1	9	9	0	2	T
I	2174479	G	K	26	2	7.14%	2	1	39	25	0.98	1	1	14	12	0	2	T
I	2174484	C	M	19	2	9.52%	2	1	37	33	0.98	1	1	11	8	0	2	A
I	2174514	C	M	15	2	11.76%	2	1	39	25	0.98	1	1	11	4	0	2	A
I	2179911	C	Y	15	2	11.76%	2	1	46	37	0.98	1	1	8	7	0	2	T
I	2186764	T	W	30	2	6.25%	2	2	55	37	0.98	1	1	20	10	1	1	A
I	2227936	T	W	1	2	22.22%	1	1	74	37	0.98	1	1	1	0	0	2	A
I	2231677	G	K	9	2	18.18%	2	1	48	31	0.98	1	1	5	4	0	2	T
I	2235218	C	S	23	2	8%	2	2	47	37	0.98	1	1	16	7	1	1	G
I	2245479	T	Y	4	2	11.76%	2	2	31	37	0.98	1	1	2	2	1	1	C
I	2265655	A	W	22	2	8.33%	2	1	47	37	0.98	1	1	11	11	2	0	T
I	2267000	A	M	17	2	10.53%	2	1	47	25	0.98	1	1	7	10	0	2	C
I	2271426	A	R	11	2	15.38%	2	1	44	49	0.98	1	1	7	4	2	0	G
I	2309365	T	W	19	2	9.52%	2	2	48	37	0.98	1	1	11	8	1	1	A
I	2323320	T	K	14	3	17.65%	2	1	41	30	0.98	1	1	2	12	3	0	G
I	2331242	C	M	18	2	10%	2	1	51	31	0.98	1	1	8	10	0	2	A
I	2369072	G	K	27	2	6.9%	2	1	40	37	0.98	1	1	15	12	2	0	T
I	2382847	A	M	16	2	11.11%	2	1	41	31	0.98	1	1	8	8	0	2	C
I	2445275	T	Y	15	2	11.76%	2	2	46	37	0.98	1	1	4	11	1	1	C
I	2454176	C	M	24	2	7.69%	2	1	51	25	0.98	1	1	14	10	2	0	A
I	2456096	A	T	0	6	100%	0	2	0	41	0.98	0	1	0	0	5	1	T
I	2462414	C	M	20	2	9.09%	2	1	43	29	0.98	1	1	8	12	0	2	A
I	2462442	C	M	19	3	13.64%	2	1	48	26	0.98	1	1	7	12	0	3	A
I	2503986	A	M	21	2	8.7%	2	1	38	25	0.98	1	1	16	5	0	2	C
I	2506044	T	A	0	38	100%	0	2	0	47	0.98	0	1	0	0	18	20	A
I	2513593	C	Y	16	2	11.11%	2	2	46	37	0.98	1	1	11	5	1	1	T
I	2544949	T	K	17	2	10.53%	1	1	36	27	0.98	1	1	0	17	2	0	G
I	2591535	C	Y	16	2	11.11%	2	2	40	37	0.98	1	1	11	5	1	1	T
I	2594047	T	W	6	2	25%	2	2	39	31	0.98	1	1	3	3	1	1	A
I	2594136	G	K	2	4	66.67%	2	2	55	37	0.98	1	1	1	1	2	2	T
I	2601668	T	Y	33	2	5.71%	2	2	42	37	0.98	1	1	17	16	1	1	C
I	2605764	T	A	0	19	100%	0	2	0	42	0.98	0	1	0	0	3	16	A
I	2639018	C	M	17	2	10.53%	2	1	45	25	0.98	1	1	6	11	2	0	A
I	2727861	G	R	20	2	9.09%	2	2	48	37	0.98	1	1	11	9	1	1	A
I	2747078	A	G	0	12	100%	0	2	0	49	0.98	0	1	0	0	5	7	G
I	2757698	A	M	24	2	7.69%	2	1	43	31	0.98	1	1	12	12	0	2	C
I	2774747	T	W	18	2	10%	2	1	45	37	0.98	1	1	5	13	0	2	A
I	2834349	A	M	20	2	9.09%	2	2	44	37	0.98	1	1	13	7	1	1	C
I	2877646	A	M	28	2	6.67%	2	1	44	25	0.98	1	1	8	20	2	0	C
I	2933234	G	K	27	2	6.9%	2	1	53	37	0.98	1	1	15	12	0	2	T
I	2943192	T	Y	21	2	8.7%	2	2	49	37	0.98	1	1	11	10	1	1	C
I	2943816	A	M	67	4	5.63%	2	1	48	33	0.98	1	1	39	28	4	0	C
I	2943945	C	Y	85	5	5.56%	2	2	50	37	0.98	1	1	41	44	4	1	T
I	2943954	A	R	74	5	6.33%	2	2	53	33	0.98	1	1	36	38	2	3	G
I	2944161	T	Y	75	4	5.06%	2	2	49	37	0.98	1	1	39	36	2	2	C
I	2944170	G	R	72	4	5.26%	2	2	48	37	0.98	1	1	40	32	3	1	A
I	2979912	A	R	11	2	15.38%	2	1	52	37	0.98	1	1	4	7	0	2	G
I	3006449	T	Y	32	2	5.88%	2	2	49	37	0.98	1	1	10	22	1	1	C
I	3017167	T	K	21	2	8.7%	2	2	46	37	0.98	1	1	13	8	1	1	G
I	3018654	T	W	10	2	16.67%	2	1	51	25	0.98	1	1	3	7	2	0	A
I	3024823	G	R	28	2	6.67%	2	2	45	37	0.98	1	1	14	14	1	1	A
I	3077547	T	K	9	2	18.18%	2	1	37	31	0.98	1	1	2	7	2	0	G
I	3105332	G	R	27	2	6.9%	2	2	39	37	0.98	1	1	10	17	1	1	A
I	3111508	A	G	0	18	100%	0	2	0	45	0.98	0	1	0	0	11	7	G
I	3115841	C	A	0	23	100%	0	2	0	52	0.98	0	1	0	0	11	12	A
I	3119299	G	A	0	15	100%	0	2	0	53	0.98	0	1	0	0	7	8	A
I	3158980	T	Y	36	2	5.26%	2	2	47	37	0.98	1	1	24	12	1	1	C
I	3166010	A	R	9	6	40%	2	2	52	49	0.98	1	1	7	2	2	4	G
I	3179238	G	C	0	42	100%	0	2	0	48	0.98	0	1	0	0	27	15	C
I	3198467	T	W	25	3	10.71%	2	1	49	37	0.98	1	1	15	10	3	0	A
I	3238514	A	W	17	2	10.53%	2	2	49	31	0.98	1	1	15	2	1	1	T
I	3241456	C	M	15	2	11.76%	2	1	46	27	0.98	1	1	5	10	0	2	A
I	3241516	C	M	6	2	25%	2	1	41	25	0.98	1	1	3	3	0	2	A
I	3257938	A	M	3	2	40%	2	1	61	37	0.98	1	1	1	2	2	0	C
I	3292675	A	W	24	2	7.69%	2	2	46	31	0.98	1	1	7	17	1	1	T
I	3292679	A	M	24	2	7.69%	2	2	46	37	0.98	1	1	7	17	1	1	C
I	3307835	T	W	20	2	9.09%	2	1	41	31	0.98	1	1	4	16	2	0	A
I	3341666	T	W	20	2	9.09%	2	1	44	37	0.98	1	1	11	9	0	2	A
I	3402234	A	R	19	2	9.52%	2	2	42	37	0.98	1	1	8	11	1	1	G
I	3405052	C	M	5	2	28.57%	2	1	44	33	0.98	1	1	4	1	2	0	A
I	3411500	G	R	19	2	9.52%	2	1	53	37	0.98	1	1	12	7	0	2	A
I	3411505	T	Y	18	2	10%	2	1	54	37	0.98	1	1	12	6	0	2	C
I	3424649	G	K	6	2	25%	2	1	41	31	0.98	1	1	4	2	0	2	T
I	3459810	A	R	13	2	13.33%	2	1	42	31	0.98	1	1	5	8	0	2	G
I	3465591	C	M	8	2	20%	2	1	35	31	0.98	1	1	4	4	2	0	A
I	3477708	G	K	23	2	8%	2	2	43	37	0.98	1	1	11	12	1	1	T
I	3487595	T	Y	11	2	15.38%	2	2	50	49	0.98	1	1	8	3	1	1	C
I	3538450	A	T	0	8	100%	0	2	0	46	0.98	0	1	0	0	4	4	T
I	3566242	A	W	12	2	14.29%	2	1	46	37	0.98	1	1	5	7	2	0	T
I	3576756	T	Y	2	2	28.57%	1	1	37	37	0.98	1	1	0	2	2	0	C
I	3580134	C	M	7	2	22.22%	2	1	42	27	0.98	1	1	2	5	2	0	A
I	3583106	G	A	0	21	100%	0	2	0	48	0.98	0	1	0	0	6	15	A
I	3649718	G	R	28	2	6.67%	2	1	47	55	0.98	1	1	11	17	0	2	A
I	3686982	C	M	16	2	11.11%	2	1	40	27	0.98	1	1	11	5	0	2	A
I	3701378	G	R	33	2	5.71%	2	2	44	37	0.98	1	1	14	19	1	1	A
I	3716715	T	K	22	2	8.33%	2	1	60	31	0.98	1	1	10	12	2	0	G
I	3722057	T	K	28	2	6.67%	2	2	45	31	0.98	1	1	15	13	1	1	G
I	3725618	G	K	17	2	10.53%	2	2	45	37	0.98	1	1	8	9	1	1	T
I	3725841	A	W	4	2	33.33%	1	1	44	25	0.98	1	1	4	0	0	2	T
I	3726712	G	S	36	2	5.26%	2	2	44	55	0.98	1	1	18	18	1	1	C
I	3756273	A	R	5	3	37.5%	2	1	44	37	0.98	1	1	2	3	3	0	G
I	3761504	C	M	52	4	7.14%	2	2	52	46	0.98	1	1	32	20	3	1	A
I	3768811	A	R	21	2	8.7%	2	2	57	68	0.98	1	1	13	8	1	1	G
I	3801259	T	Y	12	2	14.29%	2	1	42	37	0.98	1	1	6	6	0	2	C
I	3807119	A	M	26	2	7.14%	2	1	47	37	0.98	1	1	10	16	2	0	C
I	3810141	G	K	21	2	8.7%	2	2	40	37	0.98	1	1	11	10	1	1	T
I	3834246	C	M	10	2	16.67%	2	1	54	31	0.98	1	1	6	4	0	2	A
I	3869138	A	R	6	9	60%	2	2	43	45	0.98	1	1	2	4	7	2	G
I	3889239	A	R	19	2	9.52%	2	1	44	55	0.98	1	1	14	5	0	2	G
I	3889484	T	W	21	2	8.7%	2	1	52	37	0.98	1	1	8	13	2	0	A
I	3904392	A	W	22	2	8.33%	2	1	46	31	0.98	1	1	11	11	2	0	T
I	3947934	T	Y	18	2	10%	2	2	46	37	0.98	1	1	13	5	1	1	C
I	3983769	C	Y	77	6	7.23%	2	2	49	35	0.98	1	1	38	39	2	4	T
I	3984278	C	Y	62	5	7.46%	2	1	42	37	0.98	1	1	32	30	5	0	T
I	3988324	T	Y	34	2	5.56%	2	1	45	37	0.98	1	1	13	21	2	0	C
I	3988337	T	Y	38	2	5%	2	1	45	37	0.98	1	1	18	20	2	0	C
I	3992214	C	A	0	6	100%	0	2	0	43	0.98	0	1	0	0	2	4	A
I	3995841	T	Y	63	5	7.35%	2	1	49	51	0.98	1	1	34	29	5	0	C
I	3995842	T	K	64	6	8.57%	2	1	50	49	0.98	1	1	35	29	6	0	G
I	3995851	T	Y	67	7	9.46%	2	1	47	40	0.98	1	1	37	30	7	0	C
I	3995857	G	S	68	7	9.33%	2	1	47	42	0.98	1	1	38	30	7	0	C
I	3995879	C	Y	72	4	5.26%	2	1	47	64	0.98	1	1	47	25	0	4	T
I	3996061	G	R	76	4	5%	2	2	46	64	0.98	1	1	33	43	2	2	A
I	4001902	A	R	25	2	7.41%	2	2	45	37	0.98	1	1	17	8	1	1	G
I	4006450	G	S	19	2	9.52%	2	2	46	55	0.98	1	1	12	7	1	1	C
I	4011734	A	W	14	2	12.5%	2	1	47	37	0.98	1	1	8	6	2	0	T
I	4063685	A	R	57	4	6.56%	2	2	46	35	0.98	1	1	22	35	3	1	G
I	4063835	T	Y	36	2	5.26%	2	1	40	49	0.98	1	1	14	22	2	0	C
I	4063868	A	W	34	3	8.11%	2	1	48	31	0.98	1	1	14	20	0	3	T
I	4063871	G	R	35	2	5.26%	2	1	47	37	0.98	1	1	13	22	0	2	A
I	4072285	T	W	13	2	13.33%	2	2	47	37	0.98	1	1	5	8	1	1	A
I	4081440	T	Y	27	2	6.9%	2	1	44	37	0.98	1	1	9	18	0	2	C
I	4089667	G	R	22	2	8.33%	2	2	54	37	0.98	1	1	10	12	1	1	A
I	4137050	G	K	18	2	10%	2	1	45	25	0.98	1	1	9	9	2	0	T
I	4138779	G	K	28	2	6.67%	2	1	44	37	0.98	1	1	16	12	2	0	T
I	4174923	T	W	25	2	7.41%	2	1	47	37	0.98	1	1	11	14	0	2	A
I	4177817	T	K	4	8	66.67%	2	2	46	50	0.98	1	1	2	2	3	5	G
I	4221542	T	W	19	2	9.52%	2	1	39	25	0.98	1	1	10	9	2	0	A
I	4223109	A	W	15	2	11.76%	2	1	35	31	0.98	1	1	8	7	0	2	T
I	4234696	T	K	16	2	11.11%	2	1	40	25	0.98	1	1	5	11	2	0	G
I	4243847	G	R	9	2	18.18%	2	1	39	27	0.98	1	1	6	3	0	2	A
I	4254142	T	Y	8	2	20%	2	1	41	37	0.98	1	1	2	6	0	2	C
I	4268916	T	K	14	4	22.22%	2	1	40	32	0.98	1	1	2	12	4	0	G
I	4316464	T	Y	16	2	11.11%	2	1	53	37	0.98	1	1	7	9	2	0	C
I	4316683	A	R	20	2	9.09%	2	2	41	37	0.98	1	1	12	8	1	1	G
I	4316809	T	Y	23	2	8%	2	1	45	37	0.98	1	1	9	14	0	2	C
I	4332025	T	K	11	2	15.38%	2	1	45	25	0.98	1	1	5	6	2	0	G
I	4375421	A	T	0	9	100%	0	2	0	43	0.98	0	1	0	0	2	7	T
I	4395139	A	W	13	2	13.33%	2	1	55	27	0.98	1	1	8	5	0	2	T
I	4435160	G	K	7	2	22.22%	2	1	45	37	0.98	1	1	3	4	0	2	T
I	4442714	G	A	0	44	100%	0	2	0	47	0.98	0	1	0	0	14	30	A
I	4448983	T	K	17	2	10.53%	2	1	50	25	0.98	1	1	14	3	2	0	G
I	4452174	G	K	9	2	18.18%	2	1	46	37	0.98	1	1	5	4	2	0	T
I	4460597	C	Y	21	2	8.7%	2	2	49	37	0.98	1	1	14	7	1	1	T
I	4481393	G	K	4	2	33.33%	1	1	35	27	0.98	1	1	4	0	0	2	T
I	4486279	G	K	4	2	33.33%	2	1	49	37	0.98	1	1	3	1	0	2	T
I	4493265	C	M	17	2	10.53%	2	1	48	56	0.98	1	1	6	11	2	0	A
I	4523430	G	R	17	2	10.53%	2	1	44	37	0.98	1	1	6	11	0	2	A
I	4523478	A	R	20	2	9.09%	2	1	39	37	0.98	1	1	4	16	0	2	G
I	4523918	C	Y	30	2	6.25%	2	1	42	37	0.98	1	1	16	14	2	0	T
I	4531723	T	W	13	2	13.33%	2	2	37	37	0.98	1	1	7	6	1	1	A
I	4557468	T	W	6	2	25%	2	1	41	27	0.98	1	1	3	3	2	0	A
I	4584711	T	K	17	2	10.53%	2	1	50	55	0.98	1	1	8	9	2	0	G
I	4648160	G	T	1	4	80%	1	2	29	46	0.98	1	1	0	1	2	2	T
I	4648161	G	T	4	12	75%	2	2	46	41	0.98	1	1	2	2	8	4	T
I	4660807	T	W	17	2	10.53%	2	2	46	37	0.98	1	1	9	8	1	1	A
I	4716429	T	Y	25	3	10.71%	2	1	46	37	0.98	1	1	14	11	0	3	C
I	4716436	T	Y	21	2	8.7%	2	1	49	37	0.98	1	1	13	8	0	2	C
I	4716438	T	W	24	2	7.69%	2	1	49	37	0.98	1	1	13	11	0	2	A
I	4731109	T	W	7	2	22.22%	2	2	45	25	0.98	1	1	2	5	1	1	A
I	4743459	T	Y	18	2	10%	2	1	54	31	0.98	1	1	7	11	0	2	C
I	4755254	A	M	14	2	12.5%	2	1	46	25	0.98	1	1	7	7	0	2	C
I	4755306	A	M	14	2	12.5%	2	1	52	31	0.98	1	1	7	7	0	2	C
I	4771707	G	R	26	3	10.34%	2	1	43	37	0.98	1	1	8	18	3	0	A
I	4854478	G	K	11	2	15.38%	2	1	42	37	0.98	1	1	2	9	0	2	T
I	4884146	C	M	22	2	8.33%	2	1	42	37	0.98	1	1	15	7	2	0	A
I	4894705	A	W	12	2	14.29%	2	2	53	37	0.98	1	1	4	8	1	1	T
I	4919603	A	G	0	23	100%	0	2	0	49	0.98	0	1	0	0	7	16	G
I	4933866	T	W	12	2	14.29%	2	2	46	25	0.98	1	1	1	11	1	1	A
I	5036862	A	M	18	2	10%	1	1	38	31	0.98	1	1	18	0	0	2	C
I	5131265	T	K	17	2	10.53%	2	1	54	37	0.98	1	1	10	7	0	2	G
I	5142627	A	R	1	2	16.67%	1	2	37	55	0.98	1	1	0	1	1	1	G
I	5186885	T	K	7	2	22.22%	2	1	35	37	0.98	1	1	5	2	2	0	G
I	5220475	T	W	15	2	11.76%	2	2	40	37	0.98	1	1	9	6	1	1	A
I	5220526	A	R	16	2	11.11%	2	2	46	37	0.98	1	1	8	8	1	1	G
I	5236379	C	M	15	10	40%	2	2	51	51	0.98	1	1	8	7	5	5	A
I	5244862	G	R	22	2	8.33%	2	2	40	37	0.98	1	1	16	6	1	1	A
I	5245745	G	R	13	2	13.33%	2	2	50	37	0.98	1	1	8	5	1	1	A
I	5247803	A	W	19	2	9.52%	2	1	50	37	0.98	1	1	6	13	0	2	T
I	5297294	T	W	17	2	10.53%	2	2	39	31	0.98	1	1	7	10	1	1	A
I	5300725	T	K	9	2	18.18%	2	1	39	37	0.98	1	1	2	7	2	0	G
I	5311293	G	K	24	2	7.69%	2	1	49	22	0.98	1	1	17	7	2	0	T
I	5325807	A	W	14	2	12.5%	2	1	40	37	0.98	1	1	5	9	2	0	T
I	5368265	C	M	21	2	8.7%	2	1	50	33	0.98	1	1	11	10	2	0	A
I	5368273	G	K	0	2	7.69%	0	1	0	55	0.98	0	1	0	0	2	0	+T
I	5400080	C	T	0	7	100%	0	2	0	47	0.98	0	1	0	0	2	5	T
I	5431651	T	K	17	2	10.53%	2	1	46	37	0.98	1	1	7	10	2	0	G
I	5434083	T	K	12	2	14.29%	2	1	42	31	0.98	1	1	2	10	2	0	G
I	5436772	C	M	29	2	6.45%	2	1	48	37	0.98	1	1	14	15	2	0	A
I	5488313	T	W	16	2	11.11%	2	2	46	37	0.98	1	1	12	4	1	1	A
I	5510980	G	R	8	2	20%	2	2	44	37	0.98	1	1	4	4	1	1	A
I	5515930	T	W	13	2	13.33%	2	1	39	31	0.98	1	1	4	9	2	0	A
I	5519514	G	K	10	2	16.67%	2	1	49	25	0.98	1	1	6	4	0	2	T
I	5558735	T	K	13	16	55.17%	2	2	44	43	0.98	1	1	6	7	9	7	G
I	5562193	A	R	18	10	35.71%	2	2	43	49	0.98	1	1	9	9	5	5	G
I	5568014	G	R	25	2	7.41%	2	2	40	37	0.98	1	1	14	11	1	1	A
I	5568679	A	W	4	2	33.33%	2	2	37	31	0.98	1	1	3	1	1	1	T
I	5569579	G	K	2	3	60%	1	2	55	33	0.98	1	1	2	0	1	2	T
I	5572619	A	M	23	2	8%	2	1	39	25	0.98	1	1	13	10	0	2	C
I	5573210	G	R	54	3	5.26%	2	1	57	49	0.98	1	1	25	29	3	0	A
I	5573310	T	Y	49	3	5.77%	2	2	47	49	0.98	1	1	20	29	2	1	C
I	5573480	C	Y	33	2	5.71%	2	1	53	74	0.98	1	1	14	19	2	0	T
I	5573598	T	Y	22	2	8.33%	2	1	43	74	0.98	1	1	13	9	0	2	C
I	5573624	T	Y	20	2	9.09%	2	2	45	55	0.98	1	1	10	10	1	1	C
I	5573633	G	K	18	2	9.52%	2	1	48	37	0.98	1	1	9	9	2	0	T
I	5573638	T	Y	17	2	10.53%	2	1	48	37	0.98	1	1	9	8	2	0	C
I	5573676	T	Y	16	2	11.11%	2	1	47	74	0.98	1	1	10	6	0	2	C
I	5573770	A	R	18	2	10%	2	1	51	74	0.98	1	1	7	11	0	2	G
I	5573851	T	Y	20	4	16.67%	2	2	44	55	0.98	1	1	15	5	2	2	C
I	5574049	C	Y	28	2	6.67%	2	2	44	55	0.98	1	1	13	15	1	1	T
I	5574050	A	R	28	2	6.67%	2	2	44	55	0.98	1	1	13	15	1	1	G
I	5576809	C	Y	7	7	50%	2	2	47	47	0.98	1	1	3	4	4	3	T
I	5579055	C	T	1	4	80%	1	1	37	55	0.98	1	1	0	1	0	4	T
II	5104	G	R	29	2	6.45%	2	1	48	74	0.98	1	1	8	21	2	0	A
II	5695	T	Y	10	2	16.67%	2	2	36	55	0.98	1	1	7	3	1	1	C
II	7207	T	Y	8	2	20%	2	2	43	42	0.98	1	1	4	4	1	1	C
II	53220	G	K	10	2	16.67%	2	1	40	24	0.98	1	1	8	2	0	2	T
II	53235	A	W	12	2	14.29%	2	1	43	31	0.98	1	1	8	4	0	2	T
II	53240	T	W	10	2	16.67%	2	1	45	31	0.98	1	1	6	4	0	2	A
II	53249	A	M	7	2	20%	2	1	55	31	0.98	1	1	3	4	0	2	C
II	69723	T	K	16	2	11.11%	2	1	46	25	0.98	1	1	6	10	2	0	G
II	86881	A	W	14	2	12.5%	2	2	39	25	0.98	1	1	6	8	1	1	T
II	105772	A	R	34	2	5.56%	2	2	51	37	0.98	1	1	18	16	1	1	G
II	105808	T	Y	37	7	15.91%	2	2	51	52	0.98	1	1	14	23	4	3	C
II	105829	C	Y	41	4	8.89%	2	2	48	64	0.98	1	1	19	22	1	3	T
II	105862	T	Y	37	5	11.9%	2	1	48	51	0.98	1	1	19	18	0	5	C
II	105874	T	Y	42	7	14.29%	2	2	50	52	0.98	1	1	23	19	2	5	C
II	105886	T	Y	45	5	10%	2	2	49	51	0.98	1	1	21	24	1	4	C
II	105889	C	Y	42	5	10.64%	2	2	50	51	0.98	1	1	20	22	1	4	T
II	105916	C	Y	42	7	14.29%	2	2	50	47	0.98	1	1	19	23	2	5	T
II	105931	A	W	37	2	5.13%	2	2	48	55	0.98	1	1	19	18	1	1	T
II	105973	T	Y	38	3	7.32%	2	2	51	74	0.98	1	1	20	18	2	1	C
II	105974	A	R	39	3	7.14%	2	2	51	74	0.98	1	1	20	19	2	1	G
II	105988	A	R	37	2	5.13%	2	1	51	74	0.98	1	1	19	18	0	2	G
II	105991	C	Y	37	2	5.13%	2	1	49	74	0.98	1	1	17	20	0	2	T
II	106102	G	K	36	3	7.69%	2	1	45	37	0.98	1	1	18	18	3	0	T
II	106150	T	Y	43	4	8.51%	2	2	50	52	0.98	1	1	23	20	2	2	C
II	106156	A	W	42	4	8.7%	2	2	52	52	0.98	1	1	23	19	2	2	T
II	106207	C	Y	48	4	7.69%	2	1	51	55	0.98	1	1	28	20	0	4	T
II	106391	G	R	27	2	6.9%	2	2	45	37	0.98	1	1	15	12	1	1	A
II	106393	C	Y	27	2	6.9%	2	2	43	37	0.98	1	1	15	12	1	1	T
II	106396	A	W	27	2	6.9%	2	2	46	37	0.98	1	1	14	13	1	1	T
II	106404	G	R	26	2	7.14%	2	2	45	37	0.98	1	1	12	14	1	1	A
II	106414	C	Y	27	2	6.9%	2	2	46	31	0.98	1	1	14	13	1	1	T
II	106638	T	Y	18	5	21.74%	2	2	45	51	0.98	1	1	5	13	1	4	C
II	111414	C	Y	21	4	16%	2	1	47	34	0.98	1	1	9	12	4	0	T
II	111538	G	R	27	4	12.9%	2	1	46	46	0.98	1	1	18	9	4	0	A
II	111772	T	Y	38	2	5%	2	1	45	37	0.98	1	1	23	15	2	0	C
II	111830	T	Y	38	2	5%	2	1	46	37	0.98	1	1	17	21	2	0	C
II	111834	T	K	37	2	5.13%	2	1	44	37	0.98	1	1	16	21	2	0	G
II	111906	A	W	39	3	7.14%	2	2	40	37	0.98	1	1	15	24	1	2	T
II	111909	G	R	37	3	7.5%	2	2	43	37	0.98	1	1	14	23	1	2	A
II	112020	A	W	31	2	6.06%	2	1	44	55	0.98	1	1	12	19	0	2	T
II	112026	G	R	31	2	6.06%	2	2	46	55	0.98	1	1	11	20	1	1	A
II	112092	G	R	24	2	7.69%	2	1	45	37	0.98	1	1	11	13	2	0	A
II	112202	C	Y	25	3	10.71%	2	1	53	65	0.98	1	1	7	18	0	3	T
II	112203	G	R	25	3	10.71%	2	1	52	74	0.98	1	1	7	18	0	3	A
II	112260	A	R	30	3	9.09%	2	2	55	49	0.98	1	1	11	19	1	2	G
II	112302	G	R	26	6	18.75%	2	2	45	49	0.98	1	1	11	15	5	1	A
II	112314	G	R	24	4	14.29%	2	1	47	46	0.98	1	1	12	12	4	0	A
II	112347	A	R	22	3	12%	2	2	51	61	0.98	1	1	16	6	1	2	G
II	112368	G	R	24	5	17.24%	2	2	58	59	0.98	1	1	18	6	1	4	A
II	112503	C	Y	25	2	7.41%	2	2	48	37	0.98	1	1	14	11	1	1	T
II	112504	G	K	23	2	8%	2	2	47	37	0.98	1	1	13	10	1	1	T
II	112509	C	M	23	2	8%	2	2	50	37	0.98	1	1	12	11	1	1	A
II	112539	G	R	18	2	10%	2	2	52	55	0.98	1	1	11	7	1	1	A
II	112540	A	M	18	2	10%	2	2	50	55	0.98	1	1	11	7	1	1	C
II	112542	T	Y	18	2	10%	2	2	48	55	0.98	1	1	11	7	1	1	C
II	112545	A	R	18	2	10%	2	2	48	55	0.98	1	1	11	7	1	1	G
II	112559	A	R	18	2	10%	2	2	47	55	0.98	1	1	10	8	1	1	G
II	112563	A	R	18	2	10%	2	2	47	55	0.98	1	1	10	8	1	1	G
II	112632	G	R	15	2	11.76%	2	2	48	74	0.98	1	1	5	10	1	1	A
II	112766	A	R	13	2	13.33%	2	1	49	31	0.98	1	1	5	8	0	2	G
II	144046	T	Y	28	2	6.67%	2	1	46	74	0.98	1	1	21	7	0	2	C
II	194276	A	W	15	2	11.76%	2	2	46	37	0.98	1	1	4	11	1	1	T
II	197350	C	Y	13	2	13.33%	2	2	52	37	0.98	1	1	7	6	1	1	T
II	234105	T	K	18	2	10%	2	2	46	37	0.98	1	1	13	5	1	1	G
II	234110	A	R	19	2	9.52%	2	2	46	37	0.98	1	1	14	5	1	1	G
II	236441	A	R	14	2	12.5%	2	1	45	37	0.98	1	1	7	7	2	0	G
II	237336	A	W	7	2	22.22%	2	1	42	25	0.98	1	1	5	2	0	2	T
II	242778	C	Y	21	2	8.7%	2	1	45	55	0.98	1	1	13	8	0	2	T
II	250006	T	Y	21	2	8.7%	2	2	40	37	0.98	1	1	12	9	1	1	C
II	257487	C	Y	31	5	13.89%	2	2	52	51	0.98	1	1	19	12	4	1	T
II	257527	C	Y	27	2	6.9%	2	1	40	55	0.98	1	1	18	9	2	0	T
II	266718	A	C	0	29	100%	0	2	0	40	0.98	0	1	0	0	8	21	C
II	266780	T	A	0	12	100%	0	2	0	45	0.98	0	1	0	0	6	6	A
II	276539	A	T	0	14	100%	0	2	0	50	0.98	0	1	0	0	8	6	T
II	306481	G	R	7	2	22.22%	2	2	40	37	0.98	1	1	6	1	1	1	A
II	307182	A	M	23	2	8%	2	1	52	25	0.98	1	1	10	13	0	2	C
II	352257	T	Y	12	2	14.29%	2	2	45	37	0.98	1	1	5	7	1	1	C
II	355485	T	K	21	2	8.7%	2	1	44	55	0.98	1	1	13	8	0	2	G
II	395439	C	M	19	2	9.52%	2	1	46	25	0.98	1	1	12	7	0	2	A
II	416806	T	W	21	2	8.7%	2	2	52	37	0.98	1	1	10	11	1	1	A
II	443755	G	K	23	2	8%	2	1	47	55	0.98	1	1	18	5	0	2	T
II	444776	T	K	12	2	14.29%	2	1	40	31	0.98	1	1	5	7	2	0	G
II	526951	C	Y	37	23	37.7%	2	2	51	63	0.98	1	1	10	27	9	14	T
II	526954	G	K	53	3	5.36%	2	2	57	34	0.98	1	1	20	33	1	2	T
II	529844	G	K	11	2	15.38%	2	1	40	31	0.98	1	1	4	7	2	0	T
II	529854	C	M	7	2	22.22%	2	1	36	25	0.98	1	1	4	3	2	0	A
II	540583	G	K	12	2	14.29%	2	1	39	31	0.98	1	1	1	11	2	0	T
II	578977	G	S	20	2	9.09%	2	1	45	31	0.98	1	1	9	11	2	0	C
II	659684	A	R	17	2	10.53%	2	2	45	37	0.98	1	1	11	6	1	1	G
II	670673	T	Y	50	3	5.66%	2	2	46	37	0.98	1	1	23	27	2	1	C
II	671174	C	S	57	4	6.56%	2	2	42	34	0.98	1	1	27	30	1	3	G
II	671198	T	Y	45	3	6.25%	2	2	45	37	0.98	1	1	22	23	1	2	C
II	685728	G	A	0	22	100%	0	2	0	50	0.98	0	1	0	0	14	8	A
II	688921	T	K	37	2	5.13%	2	1	47	37	0.98	1	1	28	9	2	0	G
II	688988	A	R	57	6	9.52%	2	2	48	49	0.98	1	1	37	20	2	4	G
II	689020	A	W	64	4	5.88%	2	2	52	51	0.98	1	1	41	23	2	2	T
II	689137	C	S	70	4	5.41%	2	2	46	43	0.98	1	1	33	37	1	3	G
II	689330	T	Y	55	11	16.67%	2	2	44	43	0.98	1	1	27	28	7	4	C
II	689428	C	Y	54	3	5.26%	2	2	41	34	0.98	1	1	30	24	1	2	T
II	689485	A	T	0	44	100%	0	2	0	38	0.98	0	1	0	0	23	21	T
II	689487	A	C	0	44	100%	0	2	0	38	0.98	0	1	0	0	24	20	C
II	689500	T	Y	45	5	10%	2	2	40	35	0.98	1	1	21	24	2	3	C
II	689539	T	W	62	4	6.06%	2	2	41	37	0.98	1	1	26	36	2	2	A
II	689578	T	Y	57	4	6.56%	2	2	46	37	0.98	1	1	25	32	1	3	C
II	689650	C	Y	49	4	7.55%	2	2	43	37	0.98	1	1	16	33	3	1	T
II	689686	T	Y	41	3	6.82%	2	2	43	33	0.98	1	1	18	23	2	1	C
II	689709	C	Y	38	4	9.52%	2	2	41	37	0.98	1	1	19	19	2	2	T
II	689794	T	C	2	49	96.08%	2	2	37	45	0.98	1	1	1	1	25	24	C
II	689902	T	Y	67	6	8.22%	2	2	45	45	0.98	1	1	41	26	4	2	C
II	689996	A	R	62	5	7.46%	2	2	48	37	0.98	1	1	32	30	3	2	G
II	690040	T	Y	56	11	16.42%	2	2	44	43	0.98	1	1	31	25	7	4	C
II	690112	T	Y	69	9	11.54%	2	2	50	41	0.98	1	1	38	31	3	6	C
II	690118	C	Y	74	4	5.13%	2	2	52	37	0.98	1	1	40	34	3	1	T
II	690150	G	S	71	4	5.33%	2	2	47	35	0.98	1	1	35	36	2	2	C
II	690184	C	Y	78	8	9.3%	2	2	43	41	0.98	1	1	34	44	7	1	T
II	690190	T	Y	69	18	20.69%	2	2	45	39	0.98	1	1	28	41	11	7	C
II	690213	T	Y	78	5	6.02%	2	2	45	46	0.98	1	1	41	37	1	4	C
II	690215	G	K	76	4	5%	2	1	45	46	0.98	1	1	39	37	0	4	T
II	690283	C	Y	71	7	8.97%	2	2	49	41	0.98	1	1	33	38	4	3	T
II	690298	T	Y	74	6	7.5%	2	2	49	49	0.98	1	1	35	39	3	3	C
II	690537	G	S	38	4	8.89%	2	1	45	37	0.98	1	1	15	23	0	4	C
II	690537	G	K	38	3	6.67%	2	2	45	37	0.98	1	1	15	23	2	1	C
II	690685	T	K	34	5	12.82%	2	2	51	44	0.98	1	1	15	19	1	4	G
II	690721	T	K	32	2	5.88%	2	2	50	55	0.98	1	1	13	19	1	1	G
II	690760	C	Y	32	3	8.57%	2	1	51	34	0.98	1	1	14	18	0	3	T
II	690770	G	S	28	8	22.22%	2	2	51	46	0.98	1	1	12	16	3	5	C
II	690935	T	K	7	2	22.22%	2	1	51	33	0.98	1	1	5	2	0	2	G
II	690976	T	Y	11	2	15.38%	2	1	59	37	0.98	1	1	6	5	2	0	C
II	691054	T	Y	9	2	18.18%	2	1	57	55	0.98	1	1	4	5	0	2	C
II	691113	C	Y	4	2	33.33%	2	1	46	37	0.98	1	1	2	2	0	2	T
II	691367	C	S	4	2	28.57%	2	2	37	55	0.98	1	1	3	1	1	1	G
II	691374	C	S	3	3	50%	2	2	45	33	0.98	1	1	1	2	2	1	G
II	691375	A	W	4	2	33.33%	2	2	46	31	0.98	1	1	2	2	1	1	T
II	693025	G	S	4	2	33.33%	2	1	37	74	0.98	1	1	2	2	0	2	C
II	693090	G	S	9	2	18.18%	2	2	45	42	0.98	1	1	7	2	1	1	C
II	693091	T	Y	8	2	20%	2	1	50	37	0.98	1	1	6	2	2	0	C
II	693203	G	K	12	2	13.33%	2	2	51	37	0.98	1	1	7	5	1	1	T
II	693239	G	S	15	2	11.76%	2	2	58	31	0.98	1	1	8	7	1	1	C
II	693362	C	Y	12	2	13.33%	2	1	46	33	0.98	1	1	3	9	0	2	T
II	693826	T	Y	5	2	28.57%	2	2	59	37	0.98	1	1	2	3	1	1	C
II	693902	C	S	11	10	47.62%	2	2	47	44	0.98	1	1	8	3	8	2	G
II	693921	C	S	17	3	15%	2	1	42	37	0.98	1	1	13	4	3	0	G
II	693964	T	Y	23	4	14.81%	2	2	45	37	0.98	1	1	18	5	3	1	C
II	693970	C	Y	27	3	10%	2	2	43	37	0.98	1	1	20	7	2	1	T
II	693995	C	S	28	4	12.5%	2	2	47	42	0.98	1	1	21	7	2	2	G
II	694006	C	Y	28	6	17.65%	2	2	50	36	0.98	1	1	16	12	4	2	T
II	694010	C	S	30	2	6.25%	2	1	48	68	0.98	1	1	19	11	0	2	G
II	694029	C	Y	26	2	6.9%	2	2	46	42	0.98	1	1	12	14	1	1	T
II	694072	C	Y	32	3	8.57%	2	1	50	34	0.98	1	1	13	19	0	3	T
II	694105	T	K	34	3	8.11%	2	2	47	40	0.98	1	1	16	18	1	2	G
II	694139	G	S	38	2	5%	2	1	45	37	0.98	1	1	17	21	0	2	C
II	694171	C	Y	36	2	5.26%	2	1	48	37	0.98	1	1	20	16	2	0	T
II	694186	T	Y	38	3	7.32%	2	2	48	37	0.98	1	1	27	11	2	1	C
II	694209	C	Y	38	2	5%	2	1	46	37	0.98	1	1	27	11	2	0	T
II	694211	T	K	36	2	5.26%	2	1	46	37	0.98	1	1	26	10	2	0	G
II	694252	C	Y	33	3	8.33%	2	2	44	37	0.98	1	1	21	12	2	1	T
II	694276	A	W	30	2	6.25%	2	2	46	31	0.98	1	1	21	9	1	1	T
II	694294	T	Y	32	3	8.57%	2	2	43	37	0.98	1	1	20	12	2	1	C
II	694326	C	S	29	2	6.45%	2	2	44	37	0.98	1	1	16	13	1	1	G
II	694330	C	Y	29	2	6.45%	2	2	43	31	0.98	1	1	15	14	1	1	T
II	694402	T	Y	37	2	5.13%	2	2	43	33	0.98	1	1	19	18	1	1	C
II	694540	T	Y	44	3	6.38%	2	2	50	37	0.98	1	1	21	23	2	1	C
II	694600	A	W	56	3	5.08%	2	1	47	34	0.98	1	1	30	26	3	0	T
II	694618	T	Y	61	4	6.15%	2	2	44	44	0.98	1	1	29	32	3	1	C
II	694838	T	Y	47	6	11.32%	2	2	45	37	0.98	1	1	24	23	2	4	C
II	694936	C	Y	51	4	7.27%	2	2	45	35	0.98	1	1	25	26	1	3	T
II	694982	T	Y	45	12	21.05%	2	2	43	38	0.98	1	1	21	24	7	5	C
II	695080	T	Y	60	5	7.69%	2	2	47	35	0.98	1	1	35	25	4	1	C
II	695107	C	Y	55	7	11.11%	2	2	48	37	0.98	1	1	33	22	4	3	T
II	695188	T	Y	66	4	5.71%	2	2	47	35	0.98	1	1	29	37	2	2	C
II	695260	C	Y	59	4	6.35%	2	2	44	44	0.98	1	1	30	29	1	3	T
II	695433	C	Y	69	4	5.48%	2	2	45	37	0.98	1	1	31	38	1	3	T
II	695649	C	Y	58	4	6.45%	2	2	49	37	0.98	1	1	29	29	1	3	T
II	695666	T	Y	56	6	9.68%	2	2	50	37	0.98	1	1	23	33	3	3	C
II	695827	C	T	0	21	100%	0	2	0	39	0.98	0	1	0	0	11	10	T
II	695842	T	Y	24	3	11.11%	2	2	43	37	0.98	1	1	14	10	1	2	C
II	695937	T	Y	34	2	5.56%	2	2	39	37	0.98	1	1	19	15	1	1	C
II	695939	G	K	35	2	5.26%	2	2	39	33	0.98	1	1	17	18	1	1	T
II	696062	C	Y	51	4	7.27%	2	2	43	37	0.98	1	1	29	22	1	3	T
II	696148	A	W	55	3	5.08%	2	1	47	34	0.98	1	1	31	24	3	0	T
II	696155	G	S	54	5	8.47%	2	1	48	51	0.98	1	1	28	26	5	0	C
II	696166	T	Y	59	5	7.81%	2	2	47	59	0.98	1	1	30	29	4	1	C
II	696261	C	Y	57	4	6.56%	2	1	43	46	0.98	1	1	35	22	0	4	T
II	696263	T	K	55	3	5.17%	2	1	46	33	0.98	1	1	31	24	3	0	G
II	696350	T	Y	53	12	18.18%	2	2	43	36	0.98	1	1	24	29	8	4	C
II	696376	T	Y	50	6	10.71%	2	2	45	37	0.98	1	1	24	26	3	3	C
II	696592	T	Y	55	4	6.78%	2	2	44	37	0.98	1	1	29	26	3	1	C
II	696638	T	Y	64	9	12.33%	2	2	44	36	0.98	1	1	37	27	8	1	C
II	696664	T	Y	68	5	6.85%	2	1	45	37	0.98	1	1	41	27	5	0	C
II	697088	A	R	52	3	5.45%	2	2	47	49	0.98	1	1	21	31	1	2	G
II	697102	C	Y	53	3	5.36%	2	1	48	37	0.98	1	1	20	33	3	0	T
II	697105	C	M	50	6	10.71%	2	2	49	35	0.98	1	1	20	30	4	2	A
II	697268	A	R	64	4	5.8%	2	1	47	37	0.98	1	1	34	30	4	0	G
II	697420	T	Y	63	4	5.97%	2	2	50	46	0.98	1	1	28	35	1	3	C
II	697456	T	Y	60	4	6.25%	2	2	44	51	0.98	1	1	30	30	1	3	C
II	697701	C	Y	59	4	6.35%	2	2	44	46	0.98	1	1	28	31	1	3	T
II	697901	A	R	41	4	8.89%	2	1	47	46	0.98	1	1	17	24	4	0	G
II	697924	C	Y	35	9	20.45%	2	2	50	45	0.98	1	1	14	21	7	2	T
II	698068	T	Y	38	2	5%	2	2	49	29	0.98	1	1	10	28	1	1	C
II	698094	G	S	38	3	7.32%	2	1	49	37	0.98	1	1	12	26	0	3	C
II	699951	T	G	0	15	100%	0	2	0	49	0.98	0	1	0	0	5	10	G
II	699952	G	T	0	15	100%	0	2	0	49	0.98	0	1	0	0	5	10	T
II	699961	A	T	0	13	100%	0	2	0	51	0.98	0	1	0	0	3	10	T
II	700019	T	A	1	8	88.89%	1	2	37	41	0.98	1	1	0	1	3	5	A
II	700020	C	T	1	8	88.89%	1	2	25	41	0.98	1	1	0	1	3	5	T
II	700021	A	C	1	9	90%	1	2	37	39	0.98	1	1	0	1	3	6	C
II	700024	T	A	0	11	100%	0	2	0	39	0.98	0	1	0	0	4	7	A
II	700028	A	T	0	11	100%	0	2	0	39	0.98	0	1	0	0	4	7	T
II	700113	A	T	0	11	100%	0	2	0	40	0.98	0	1	0	0	6	5	T
II	713883	G	K	24	2	7.69%	2	2	46	37	0.98	1	1	13	11	1	1	T
II	730055	T	K	20	2	9.09%	2	2	48	33	0.98	1	1	15	5	1	1	G
II	780238	G	K	25	2	7.41%	2	1	42	25	0.98	1	1	7	18	2	0	T
II	789052	G	K	16	2	11.11%	2	1	40	31	0.98	1	1	3	13	2	0	T
II	789088	C	M	18	2	10%	2	1	41	29	0.98	1	1	5	13	2	0	A
II	789106	G	K	18	2	10%	2	1	47	27	0.98	1	1	6	12	2	0	T
II	830011	C	M	23	2	8%	2	2	54	25	0.98	1	1	13	10	1	1	A
II	869806	G	C	0	20	100%	0	2	0	46	0.98	0	1	0	0	10	10	C
II	879033	T	A	0	5	100%	0	2	0	51	0.98	0	1	0	0	1	4	A
II	884772	C	M	26	2	7.14%	2	2	52	25	0.98	1	1	14	12	1	1	A
II	894776	T	Y	17	2	10.53%	2	2	50	31	0.98	1	1	10	7	1	1	C
II	904232	G	K	11	2	15.38%	2	1	55	31	0.98	1	1	6	5	0	2	T
II	905154	T	W	22	2	8.33%	2	1	43	37	0.98	1	1	11	11	2	0	A
II	923543	C	A	0	18	100%	0	2	0	41	0.98	0	1	0	0	8	10	A
II	943554	C	A	0	14	100%	0	2	0	44	0.98	0	1	0	0	8	6	A
II	944795	C	M	9	2	18.18%	2	1	35	25	0.98	1	1	8	1	0	2	A
II	950053	C	M	34	2	5.56%	2	1	54	25	0.98	1	1	20	14	0	2	A
II	953201	A	G	0	16	100%	0	2	0	35	0.98	0	1	0	0	10	6	G
II	965734	A	M	13	2	13.33%	2	1	37	27	0.98	1	1	4	9	2	0	C
II	967094	A	G	0	8	100%	0	2	0	41	0.98	0	1	0	0	4	4	G
II	997649	A	W	9	2	18.18%	2	1	43	37	0.98	1	1	2	7	2	0	T
II	997668	G	R	7	2	22.22%	2	2	37	61	0.98	1	1	1	6	1	1	A
II	997671	G	R	5	3	33.33%	1	2	37	53	0.98	1	1	0	5	1	2	A
II	1001177	A	M	15	2	11.76%	2	2	46	37	0.98	1	1	5	10	1	1	C
II	1027136	T	Y	12	2	14.29%	2	1	43	55	0.98	1	1	3	9	2	0	C
II	1043729	T	W	7	3	30%	2	2	37	37	0.98	1	1	3	4	2	1	A
II	1053937	G	K	19	2	9.52%	2	2	42	31	0.98	1	1	14	5	1	1	T
II	1085125	G	K	14	2	12.5%	2	1	45	29	0.98	1	1	10	4	0	2	T
II	1090661	T	W	29	2	6.45%	2	1	45	37	0.98	1	1	11	18	2	0	A
II	1102167	C	M	12	2	14.29%	2	1	42	33	0.98	1	1	4	8	2	0	A
II	1155903	T	A	0	12	100%	0	2	0	44	0.98	0	1	0	0	1	11	A
II	1159678	G	C	0	7	100%	0	2	0	47	0.98	0	1	0	0	2	5	C
II	1159694	A	T	0	8	100%	0	2	0	46	0.98	0	1	0	0	4	4	T
II	1181234	G	K	23	2	8%	2	1	53	27	0.98	1	1	13	10	2	0	T
II	1187800	G	K	11	2	15.38%	2	1	44	27	0.98	1	1	2	9	2	0	T
II	1194049	T	Y	21	2	8.7%	2	2	47	37	0.98	1	1	14	7	1	1	C
II	1200878	C	Y	26	2	7.14%	2	2	49	37	0.98	1	1	16	10	1	1	T
II	1217294	G	K	10	2	16.67%	2	1	46	31	0.98	1	1	6	4	0	2	T
II	1217319	T	Y	12	2	14.29%	2	1	44	37	0.98	1	1	4	8	2	0	C
II	1217370	G	K	11	2	15.38%	2	1	46	25	0.98	1	1	6	5	0	2	T
II	1264894	G	K	6	2	25%	2	1	35	31	0.98	1	1	3	3	2	0	T
II	1270075	A	R	32	2	5.88%	2	2	44	74	0.98	1	1	11	21	1	1	G
II	1271203	G	R	37	2	5.13%	2	2	46	37	0.98	1	1	17	20	1	1	A
II	1293432	G	K	9	2	18.18%	2	1	45	27	0.98	1	1	1	8	2	0	T
II	1300034	C	M	20	7	25.93%	2	2	38	52	0.98	1	1	13	7	4	3	A
II	1300043	C	M	19	7	26.92%	2	2	42	51	0.98	1	1	13	6	3	4	A
II	1300049	C	M	19	8	29.63%	2	2	44	57	0.98	1	1	13	6	3	5	A
II	1300055	G	R	20	6	23.08%	2	2	46	49	0.98	1	1	13	7	4	2	A
II	1300061	G	R	18	8	29.63%	2	2	45	52	0.98	1	1	12	6	5	3	A
II	1300067	G	R	19	9	32.14%	2	2	46	57	0.98	1	1	13	6	4	5	A
II	1300073	G	R	20	11	35.48%	2	2	45	54	0.98	1	1	14	6	4	7	A
II	1300079	T	W	12	11	44%	2	2	49	51	0.98	1	1	7	5	5	6	A
II	1300082	G	R	15	11	39.29%	2	2	48	56	0.98	1	1	8	7	4	7	A
II	1300103	C	M	22	14	38.89%	2	2	53	59	0.98	1	1	13	9	7	7	A
II	1300115	G	R	17	14	42.42%	2	2	50	60	0.98	1	1	11	6	7	7	A
II	1300115	G	S	17	2	6.06%	2	2	50	51	0.98	1	1	11	6	1	1	A
II	1300121	C	M	17	16	48.48%	2	2	53	68	0.98	1	1	11	6	8	8	A
II	1300124	C	M	18	16	47.06%	2	2	49	67	0.98	1	1	11	7	8	8	A
II	1300130	C	M	20	16	44.44%	2	2	49	61	0.98	1	1	13	7	8	8	A
II	1300153	G	R	26	2	7.14%	2	2	44	31	0.98	1	1	8	18	1	1	A
II	1395539	A	R	15	2	11.76%	2	2	51	37	0.98	1	1	9	6	1	1	G
II	1403407	C	M	6	2	25%	2	1	39	31	0.98	1	1	2	4	0	2	A
II	1413588	T	C	0	18	100%	0	2	0	55	0.98	0	1	0	0	7	11	C
II	1434497	G	R	29	2	6.45%	2	2	49	37	0.98	1	1	14	15	1	1	A
II	1522613	G	K	24	2	7.69%	2	2	46	37	0.98	1	1	10	14	1	1	T
II	1522802	T	K	23	4	14.81%	2	2	47	34	0.98	1	1	9	14	2	2	G
II	1525050	G	S	34	2	5.56%	2	1	48	37	0.98	1	1	17	17	0	2	C
II	1525056	A	W	31	2	6.06%	2	1	48	37	0.98	1	1	15	16	0	2	T
II	1545005	G	K	6	2	25%	2	1	49	31	0.98	1	1	4	2	0	2	T
II	1561077	G	S	22	2	8.33%	2	1	50	31	0.98	1	1	11	11	0	2	C
II	1564711	T	Y	14	2	12.5%	2	2	44	37	0.98	1	1	7	7	1	1	C
II	1606809	G	K	76	4	5%	2	2	47	46	0.98	1	1	31	45	2	2	T
II	1613033	G	R	14	2	12.5%	2	1	57	55	0.98	1	1	6	8	0	2	A
II	1627121	A	W	11	2	15.38%	2	2	50	37	0.98	1	1	6	5	1	1	T
II	1642846	G	R	13	2	13.33%	2	1	54	37	0.98	1	1	3	10	2	0	A
II	1646826	A	M	19	2	9.52%	2	1	44	37	0.98	1	1	13	6	2	0	C
II	1666743	T	W	19	2	9.52%	2	2	40	25	0.98	1	1	8	11	1	1	A
II	1672859	C	T	0	12	100%	0	2	0	37	0.98	0	1	0	0	7	5	T
II	1673002	G	C	0	19	100%	0	2	0	44	0.98	0	1	0	0	11	8	C
II	1678693	T	A	0	14	100%	0	2	0	40	0.98	0	1	0	0	9	5	A
II	1683324	T	G	0	36	100%	0	2	0	43	0.98	0	1	0	0	14	22	G
II	1697124	C	T	0	24	100%	0	2	0	58	0.98	0	1	0	0	17	7	T
II	1716272	C	T	3	14	82.35%	2	2	25	35	0.98	1	1	1	2	6	8	T
II	1716273	T	Y	11	5	29.41%	2	1	35	29	0.98	1	1	4	7	0	5	C
II	1716288	G	T	1	12	92.31%	1	2	37	43	0.98	1	1	0	1	2	10	T
II	1716318	A	G	0	17	100%	0	2	0	41	0.98	0	1	0	0	4	13	G
II	1716320	T	G	0	18	100%	0	2	0	43	0.98	0	1	0	0	5	13	G
II	1716326	G	T	0	20	100%	0	2	0	46	0.98	0	1	0	0	7	13	T
II	1726395	A	R	14	3	17.65%	2	1	41	37	0.98	1	1	7	7	3	0	G
II	1784304	T	Y	13	2	13.33%	2	2	44	37	0.98	1	1	5	8	1	1	C
II	1784826	G	A	0	17	100%	0	2	0	49	0.98	0	1	0	0	10	7	A
II	1792507	G	K	25	2	7.41%	2	2	46	37	0.98	1	1	16	9	1	1	T
II	1834565	A	M	15	2	11.76%	2	2	40	37	0.98	1	1	12	3	1	1	C
II	1849777	G	A	0	10	100%	0	2	0	45	0.98	0	1	0	0	5	5	A
II	1868122	G	K	2	2	22.22%	1	1	33	31	0.98	1	1	2	0	0	2	+T
II	1901042	C	Y	10	2	16.67%	2	2	55	37	0.98	1	1	5	5	1	1	T
II	1939692	C	M	16	3	15.79%	2	2	44	26	0.98	1	1	7	9	2	1	A
II	1939698	C	M	17	3	15%	2	2	40	28	0.98	1	1	7	10	2	1	A
II	1939707	G	K	11	2	15.38%	2	1	44	22	0.98	1	1	4	7	0	2	T
II	1962419	T	A	0	33	100%	0	2	0	51	0.98	0	1	0	0	16	17	A
II	1962439	A	G	0	34	100%	0	2	0	51	0.98	0	1	0	0	19	15	G
II	1962458	T	A	0	36	100%	0	2	0	45	0.98	0	1	0	0	20	16	A
II	1964641	C	S	15	3	16.67%	2	2	35	37	0.98	1	1	8	7	1	2	G
II	1987098	C	A	0	22	100%	0	2	0	44	0.98	0	1	0	0	15	7	A
II	1988360	G	K	31	2	6.06%	2	2	54	31	0.98	1	1	14	17	1	1	T
II	2012619	G	S	28	2	6.67%	2	1	44	37	0.98	1	1	5	23	0	2	C
II	2044929	A	T	0	14	100%	0	2	0	59	0.98	0	1	0	0	10	4	T
II	2066084	G	K	24	2	7.69%	2	2	55	25	0.98	1	1	12	12	1	1	T
II	2075792	A	M	12	2	14.29%	2	1	45	51	0.98	1	1	9	3	0	2	C
II	2090259	C	Y	20	2	9.09%	2	2	48	37	0.98	1	1	8	12	1	1	T
II	2090581	G	K	14	3	17.65%	2	1	35	30	0.98	1	1	10	4	0	3	T
II	2106000	C	Y	31	3	8.82%	2	1	45	37	0.98	1	1	17	14	3	0	T
II	2150410	A	M	27	2	6.9%	2	2	47	37	0.98	1	1	17	10	1	1	C
II	2165057	T	K	14	2	12.5%	2	1	47	74	0.98	1	1	10	4	0	2	G
II	2185057	A	M	22	2	8.33%	2	1	51	37	0.98	1	1	13	9	0	2	C
II	2195722	T	Y	18	3	14.29%	2	2	54	37	0.98	1	1	8	10	2	1	C
II	2198957	A	M	23	2	8%	2	2	41	74	0.98	1	1	4	19	1	1	C
II	2218030	G	R	18	3	14.29%	2	1	54	37	0.98	1	1	6	12	0	3	A
II	2219928	A	W	0	2	12.5%	0	1	0	33	0.98	0	1	0	0	0	2	+T
II	2228775	T	G	0	11	100%	0	2	0	52	0.98	0	1	0	0	3	8	G
II	2228777	G	T	0	11	100%	0	2	0	53	0.98	0	1	0	0	3	8	T
II	2257194	G	S	14	2	12.5%	2	2	49	37	0.98	1	1	4	10	1	1	C
II	2317172	T	K	6	3	33.33%	2	1	42	29	0.98	1	1	2	4	3	0	G
II	2321891	G	K	25	2	7.41%	2	1	52	31	0.98	1	1	11	14	2	0	T
II	2394481	T	Y	14	2	12.5%	2	2	40	37	0.98	1	1	6	8	1	1	C
II	2421411	T	K	10	3	23.08%	2	1	36	34	0.98	1	1	1	9	3	0	G
II	2436580	C	G	0	18	100%	0	2	0	43	0.98	0	1	0	0	8	10	G
II	2437543	T	W	28	2	6.67%	2	1	48	37	0.98	1	1	14	14	2	0	A
II	2437547	G	R	31	2	6.06%	2	1	46	37	0.98	1	1	17	14	2	0	A
II	2437553	T	W	29	2	6.45%	2	1	48	37	0.98	1	1	15	14	2	0	A
II	2437558	T	Y	29	2	6.45%	2	1	48	37	0.98	1	1	15	14	2	0	C
II	2437564	A	W	28	4	12.5%	2	2	45	37	0.98	1	1	14	14	3	1	T
II	2437567	T	Y	29	3	9.38%	2	1	48	37	0.98	1	1	15	14	3	0	C
II	2437570	T	W	32	3	8.57%	2	1	50	37	0.98	1	1	17	15	3	0	A
II	2437571	G	S	33	3	8.33%	2	1	49	37	0.98	1	1	17	16	3	0	C
II	2437612	A	W	56	18	24.32%	2	2	48	52	0.98	1	1	26	30	13	5	T
II	2437627	C	Y	43	36	45.57%	2	2	46	51	0.98	1	1	25	18	16	20	T
II	2437629	G	R	69	10	12.66%	2	2	50	53	0.98	1	1	39	30	3	7	A
II	2437646	G	R	62	24	27.91%	2	2	51	54	0.98	1	1	33	29	17	7	A
II	2437651	T	W	87	5	5.43%	2	2	50	38	0.98	1	1	50	37	4	1	A
II	2437661	T	W	91	8	8.08%	2	2	53	36	0.98	1	1	43	48	5	3	A
II	2437666	T	Y	93	5	5.1%	2	2	53	39	0.98	1	1	46	47	3	2	C
II	2437684	T	W	60	42	41.18%	2	2	57	49	0.98	1	1	28	32	23	19	A
II	2437688	A	R	62	40	39.22%	2	2	53	53	0.98	1	1	27	35	22	18	G
II	2437720	A	W	105	6	5.41%	2	2	54	40	0.98	1	1	59	46	2	4	T
II	2437737	A	R	94	5	5.05%	2	2	53	42	0.98	1	1	54	40	1	4	G
II	2437769	A	W	84	13	13.4%	2	2	53	40	0.98	1	1	48	36	5	8	T
II	2437771	A	M	84	13	13.4%	2	2	51	38	0.98	1	1	48	36	5	8	C
II	2437780	A	W	82	5	5.75%	2	2	52	30	0.98	1	1	41	41	2	3	T
II	2437783	T	Y	80	5	5.88%	2	2	52	32	0.98	1	1	38	42	2	3	C
II	2437855	A	M	40	26	39.39%	2	2	47	48	0.98	1	1	19	21	5	21	C
II	2437918	T	Y	39	17	30.36%	2	2	47	41	0.98	1	1	25	14	1	16	C
II	2437936	A	W	40	12	23.08%	2	2	49	43	0.98	1	1	25	15	1	11	T
II	2437942	G	K	43	10	18.87%	2	1	49	39	0.98	1	1	27	16	0	10	T
II	2437951	C	Y	43	11	20.37%	2	1	49	37	0.98	1	1	25	18	0	11	T
II	2437970	G	R	46	7	13.21%	2	1	48	35	0.98	1	1	25	21	0	7	A
II	2437978	T	Y	47	4	7.84%	2	2	48	37	0.98	1	1	26	21	1	3	C
II	2437985	A	W	48	3	5.88%	2	1	45	37	0.98	1	1	25	23	0	3	T
II	2437987	A	M	50	3	5.66%	2	1	46	37	0.98	1	1	26	24	0	3	C
II	2444543	T	C	0	34	100%	0	2	0	48	0.98	0	1	0	0	17	17	C
II	2454454	C	M	14	2	12.5%	2	1	52	37	0.98	1	1	4	10	2	0	A
II	2470490	T	K	21	2	8.7%	2	1	48	74	0.98	1	1	10	11	2	0	G
II	2488048	T	K	8	3	27.27%	2	1	34	33	0.98	1	1	2	6	3	0	G
II	2536702	A	M	15	5	25%	2	1	46	26	0.98	1	1	8	7	0	5	C
II	2551917	C	A	0	20	100%	0	2	0	43	0.98	0	1	0	0	7	13	A
II	2568966	A	W	24	2	7.69%	2	1	43	31	0.98	1	1	8	16	2	0	T
II	2599058	G	S	21	2	8.7%	2	1	47	37	0.98	1	1	9	12	0	2	C
II	2613851	C	M	27	2	6.9%	2	1	46	31	0.98	1	1	15	12	0	2	A
II	2629015	A	R	14	2	12.5%	2	2	45	74	0.98	1	1	6	8	1	1	G
II	2630607	C	M	6	3	11.54%	2	1	49	37	0.98	1	1	4	2	0	3	A
II	2638975	C	M	7	2	22.22%	1	1	45	31	0.98	1	1	7	0	0	2	A
II	2640686	C	M	29	2	6.45%	2	2	45	31	0.98	1	1	15	14	1	1	A
II	2658255	A	M	6	2	25%	2	2	37	37	0.98	1	1	2	4	1	1	C
II	2666264	T	K	11	2	15.38%	2	1	42	31	0.98	1	1	2	9	2	0	G
II	2676336	C	T	0	17	100%	0	2	0	39	0.98	0	1	0	0	8	9	T
II	2677176	T	Y	13	2	13.33%	2	2	51	37	0.98	1	1	7	6	1	1	C
II	2697793	T	W	25	2	7.41%	2	1	46	25	0.98	1	1	13	12	2	0	A
II	2709233	A	M	8	3	27.27%	2	1	36	29	0.98	1	1	5	3	0	3	C
II	2717996	T	K	6	2	25%	2	2	40	31	0.98	1	1	5	1	1	1	G
II	2729142	A	M	10	2	16.67%	2	1	47	25	0.98	1	1	5	5	0	2	C
II	2755361	A	W	18	2	10%	2	1	43	55	0.98	1	1	11	7	0	2	T
II	2771124	A	W	6	2	25%	2	2	37	37	0.98	1	1	4	2	1	1	T
II	2789361	G	K	19	2	9.52%	2	1	46	30	0.98	1	1	5	14	0	2	T
II	2798515	G	A	0	2	100%	0	1	0	37	0.98	0	1	0	0	2	0	A
II	2802375	T	W	27	2	6.9%	2	1	53	31	0.98	1	1	20	7	2	0	A
II	2805964	A	M	12	3	20%	2	2	48	45	0.98	1	1	7	5	2	1	C
II	2806053	G	A	0	14	100%	0	2	0	55	0.98	0	1	0	0	8	6	A
II	2876853	A	W	25	3	10.71%	2	2	45	37	0.98	1	1	11	14	1	2	T
II	2901509	G	T	0	35	100%	0	2	0	40	0.98	0	1	0	0	11	24	T
II	2919631	G	R	17	2	10.53%	2	1	45	37	0.98	1	1	8	9	0	2	A
II	2955096	G	K	8	2	20%	2	1	36	27	0.98	1	1	7	1	0	2	T
II	2955111	C	M	8	4	33.33%	2	1	43	29	0.98	1	1	6	2	0	4	A
II	2955124	T	W	9	2	18.18%	2	1	42	31	0.98	1	1	6	3	0	2	A
II	3006137	A	T	0	7	100%	0	2	0	49	0.98	0	1	0	0	4	3	T
II	3024930	G	R	25	2	7.41%	2	2	49	55	0.98	1	1	13	12	1	1	A
II	3055216	T	Y	20	2	9.09%	2	1	46	47	0.98	1	1	11	9	2	0	C
II	3070254	A	R	26	2	7.14%	2	2	46	37	0.98	1	1	18	8	1	1	G
II	3129003	C	Y	12	2	14.29%	2	1	43	37	0.98	1	1	7	5	0	2	T
II	3249990	A	R	20	2	9.09%	2	1	42	37	0.98	1	1	8	12	0	2	G
II	3266198	T	K	8	2	20%	2	1	60	31	0.98	1	1	3	5	2	0	G
II	3266263	G	K	13	2	13.33%	2	1	43	27	0.98	1	1	5	8	2	0	T
II	3339210	A	R	17	2	10.53%	2	1	42	37	0.98	1	1	8	9	2	0	G
II	3355309	G	R	21	2	8.7%	2	2	47	37	0.98	1	1	10	11	1	1	A
II	3440353	G	R	21	2	8.7%	2	1	44	74	0.98	1	1	9	12	0	2	A
II	3440761	T	K	25	2	7.41%	2	1	46	37	0.98	1	1	12	13	2	0	G
II	3515811	A	R	37	2	5.13%	2	2	44	74	0.98	1	1	17	20	1	1	G
II	3524722	C	Y	25	3	10.71%	2	2	47	74	0.98	1	1	8	17	1	2	T
II	3532163	A	M	6	3	33.33%	1	1	41	30	0.98	1	1	6	0	0	3	C
II	3537251	G	S	25	2	7.41%	2	1	54	37	0.98	1	1	13	12	2	0	C
II	3561441	G	K	16	4	20%	2	2	42	37	0.98	1	1	5	11	2	2	T
II	3619997	G	K	20	3	13.04%	2	1	51	37	0.98	1	1	12	8	3	0	T
II	3634388	C	Y	30	2	6.25%	2	1	48	37	0.98	1	1	19	11	0	2	T
II	3657559	C	Y	19	2	9.52%	2	2	40	37	0.98	1	1	10	9	1	1	T
II	3661756	C	M	4	2	33.33%	2	2	34	29	0.98	1	1	2	2	1	1	A
II	3714702	C	S	21	2	8.7%	2	1	49	37	0.98	1	1	11	10	0	2	G
II	3750962	T	Y	19	2	9.52%	2	1	44	37	0.98	1	1	6	13	0	2	C
II	3761003	A	M	18	2	10%	2	1	45	37	0.98	1	1	8	10	0	2	C
II	3787147	T	K	23	2	8%	2	2	52	37	0.98	1	1	12	11	1	1	G
II	3799350	G	R	0	2	28.57%	0	1	0	37	0.98	0	1	0	0	0	2	A
II	3799436	T	W	3	2	40%	2	1	40	25	0.98	1	1	1	2	2	0	A
II	3799437	C	M	4	2	33.33%	2	1	36	31	0.98	1	1	2	2	2	0	A
II	3860185	C	M	16	5	18.52%	2	2	43	47	0.98	1	1	4	12	4	1	A
II	3860190	A	M	18	10	35.71%	2	2	43	44	0.98	1	1	4	14	8	2	C
II	3861534	G	K	5	2	28.57%	1	1	37	31	0.98	1	1	0	5	2	0	T
II	3886432	T	Y	16	2	11.11%	2	2	43	37	0.98	1	1	3	13	1	1	C
II	3957804	A	R	15	3	16.67%	2	2	48	37	0.98	1	1	7	8	2	1	G
II	3975264	G	K	29	2	6.45%	2	1	41	31	0.98	1	1	7	22	2	0	T
II	3977203	T	Y	21	2	8.7%	2	2	48	37	0.98	1	1	13	8	1	1	C
II	3978746	A	R	15	2	11.76%	2	2	44	37	0.98	1	1	6	9	1	1	G
II	4032856	G	S	34	6	15%	2	2	43	37	0.98	1	1	16	18	3	3	C
II	4042175	T	Y	27	2	6.9%	2	1	48	55	0.98	1	1	13	14	0	2	C
II	4048807	T	W	16	2	11.11%	2	2	48	37	0.98	1	1	13	3	1	1	A
II	4107253	G	K	3	3	42.86%	1	1	34	37	0.98	1	1	3	0	0	3	T
II	4122326	T	C	0	19	100%	0	2	0	46	0.98	0	1	0	0	6	13	C
II	4150488	G	R	17	2	10.53%	2	2	49	68	0.98	1	1	9	8	1	1	A
II	4190678	G	R	31	3	8.82%	2	2	50	29	0.98	1	1	11	20	2	1	A
II	4190683	T	Y	30	3	9.09%	2	2	50	33	0.98	1	1	10	20	2	1	C
II	4273621	A	R	19	2	9.52%	2	1	48	43	0.98	1	1	11	8	2	0	G
II	4273865	A	R	23	2	8%	2	1	47	37	0.98	1	1	10	13	0	2	G
II	4274000	A	R	18	2	10%	2	1	52	37	0.98	1	1	11	7	0	2	G
II	4304898	T	Y	13	2	13.33%	2	1	49	74	0.98	1	1	6	7	0	2	C
II	4313578	C	S	22	2	8.33%	2	2	42	37	0.98	1	1	8	14	1	1	G
II	4326403	C	M	28	2	6.67%	2	1	40	31	0.98	1	1	20	8	2	0	A
II	4335443	C	M	7	2	22.22%	2	1	44	27	0.98	1	1	6	1	0	2	A
II	4345274	T	K	14	2	12.5%	2	1	36	25	0.98	1	1	3	11	2	0	G
II	4356050	A	W	18	2	10%	2	2	50	37	0.98	1	1	11	7	1	1	T
II	4400666	A	C	0	13	100%	0	2	0	48	0.98	0	1	0	0	5	8	C
II	4411409	C	Y	31	2	6.06%	2	2	47	37	0.98	1	1	12	19	1	1	T
II	4422685	A	R	32	2	5.88%	2	2	46	37	0.98	1	1	19	13	1	1	G
II	4422709	A	R	31	2	6.06%	2	2	42	37	0.98	1	1	18	13	1	1	G
II	4422795	C	Y	36	2	5.26%	2	2	45	55	0.98	1	1	23	13	1	1	T
II	4422804	T	W	38	2	5%	2	2	45	37	0.98	1	1	23	15	1	1	A
II	4423500	C	Y	47	3	6%	2	1	43	29	0.98	1	1	27	20	3	0	T
II	4423950	C	Y	43	3	6.52%	2	2	47	49	0.98	1	1	20	23	2	1	T
II	4424001	A	R	43	3	6.52%	2	2	46	46	0.98	1	1	29	14	1	2	G
II	4436936	C	Y	39	3	7.14%	2	2	49	61	0.98	1	1	26	13	1	2	T
II	4437789	G	R	83	5	5.68%	2	2	48	51	0.98	1	1	55	28	3	2	A
II	4437796	C	Y	86	5	5.49%	2	2	47	49	0.98	1	1	58	28	3	2	T
II	4437800	A	R	87	5	5.43%	2	2	46	51	0.98	1	1	59	28	3	2	G
II	4452498	G	R	16	2	11.11%	2	2	50	49	0.98	1	1	9	7	1	1	A
II	4452500	C	Y	17	2	10.53%	2	2	46	55	0.98	1	1	9	8	1	1	T
II	4452598	G	R	23	2	8%	2	1	49	55	0.98	1	1	12	11	2	0	A
II	4478724	T	K	27	2	6.9%	2	2	47	55	0.98	1	1	13	14	1	1	G
II	4497010	A	R	4	3	42.86%	2	2	43	33	0.98	1	1	3	1	2	1	G
II	4497028	G	R	4	2	33.33%	2	1	46	37	0.98	1	1	3	1	2	0	A
II	4507767	T	W	25	3	10.71%	2	2	57	74	0.98	1	1	9	16	2	1	A
II	4507789	G	S	28	3	9.68%	2	2	55	61	0.98	1	1	14	14	1	2	C
II	4507820	C	Y	36	4	10%	2	2	43	74	0.98	1	1	29	7	2	2	T
II	4511567	G	S	51	6	10.53%	2	2	47	55	0.98	1	1	35	16	2	4	C
II	4511589	T	W	52	6	10.34%	2	2	51	53	0.98	1	1	35	17	3	3	A
II	4513966	A	R	35	5	12.5%	2	2	48	37	0.98	1	1	13	22	1	4	G
II	4513980	A	W	36	3	7.69%	2	1	45	37	0.98	1	1	18	18	0	3	T
II	4517012	C	Y	56	4	6.67%	2	2	46	35	0.98	1	1	28	28	3	1	T
II	4517039	T	Y	44	4	8.33%	2	2	48	35	0.98	1	1	19	25	3	1	C
II	4517044	T	Y	48	4	7.69%	2	2	46	35	0.98	1	1	23	25	3	1	C
II	4517047	T	Y	40	4	7.69%	2	2	47	35	0.98	1	1	20	20	3	1	C
II	4517905	T	Y	94	5	5.05%	2	1	47	44	0.98	1	1	46	48	5	0	C
II	4517914	C	Y	92	5	5.15%	2	1	48	51	0.98	1	1	47	45	5	0	T
II	4518532	C	Y	43	3	6.52%	2	2	49	49	0.98	1	1	24	19	1	2	T
II	4518726	A	R	40	3	6.98%	2	2	44	37	0.98	1	1	22	18	2	1	G
II	4521636	C	Y	5	5	50%	2	2	37	51	0.98	1	1	3	2	3	2	T
II	4523882	C	Y	21	20	48.78%	2	2	45	43	0.98	1	1	12	9	12	8	T
II	4525822	C	Y	8	3	27.27%	2	2	44	32	0.98	1	1	4	4	1	2	T
II	4525966	C	Y	7	3	30%	2	2	42	37	0.98	1	1	4	3	2	1	T
II	4527881	C	Y	10	2	16.67%	2	2	42	31	0.98	1	1	5	5	1	1	T
II	4529116	T	Y	32	49	60.49%	2	2	55	47	0.98	1	1	17	15	26	23	C
II	4529375	T	K	32	3	5.77%	2	2	47	37	0.98	1	1	16	16	2	1	G
II	4529421	T	Y	60	5	7.69%	2	2	51	51	0.98	1	1	28	32	3	2	C
II	4529965	A	R	22	23	51.11%	2	2	44	43	0.98	1	1	9	13	9	14	G
II	4530797	C	Y	33	9	21.43%	2	2	54	57	0.98	1	1	11	22	6	3	T
II	4531033	G	S	34	26	43.33%	2	2	45	46	0.98	1	1	23	11	18	8	C
II	4531092	G	R	32	32	50%	2	2	46	48	0.98	1	1	18	14	22	10	A
II	4531414	T	Y	32	65	67.01%	2	2	42	48	0.98	1	1	21	11	38	27	C
II	4531492	A	R	89	7	7.29%	2	2	49	37	0.98	1	1	50	39	2	5	G
II	4531592	G	R	45	41	47.67%	2	2	43	44	0.98	1	1	27	18	19	22	A
II	4531601	G	R	85	5	5.56%	2	2	45	59	0.98	1	1	46	39	3	2	A
II	4531749	C	Y	45	24	34.78%	2	2	42	40	0.98	1	1	21	24	10	14	T
II	4531764	A	R	38	28	42.42%	2	2	42	42	0.98	1	1	15	23	13	15	G
II	4532088	G	K	38	46	54.76%	2	2	50	41	0.98	1	1	18	20	34	12	T
II	4533394	T	Y	32	36	52.94%	2	2	47	49	0.98	1	1	18	14	12	24	C
II	4533451	T	Y	29	30	50.85%	2	2	46	45	0.98	1	1	12	17	11	19	C
II	4533598	G	R	35	20	36.36%	2	2	44	42	0.98	1	1	18	17	13	7	A
II	4533617	A	R	39	23	36.51%	2	2	46	46	0.98	1	1	17	22	14	9	G
II	4533636	C	Y	30	38	55.88%	2	2	55	48	0.98	1	1	11	19	17	21	T
II	4533744	T	Y	60	29	32.58%	2	2	49	45	0.98	1	1	29	31	15	14	C
II	4533922	G	R	81	36	30.77%	2	2	46	47	0.98	1	1	37	44	11	25	A
II	4533994	T	Y	69	75	52.08%	2	2	45	47	0.98	1	1	40	29	53	22	C
II	4534246	C	M	75	35	31.82%	2	2	47	43	0.98	1	1	38	37	17	18	A
II	4534498	A	M	71	38	34.86%	2	2	46	43	0.98	1	1	39	32	23	15	C
II	4536550	C	M	126	23	15.44%	2	2	48	40	0.98	1	1	77	49	15	8	A
II	4537214	T	Y	160	55	25.58%	2	2	51	52	0.98	1	1	95	65	24	31	C
II	4537402	A	R	144	12	7.69%	2	2	48	48	0.98	1	1	86	58	4	8	G
II	4537844	T	Y	42	14	25%	2	2	46	42	0.98	1	1	22	20	5	9	C
II	4538027	A	R	117	10	7.87%	2	2	50	54	0.98	1	1	67	50	9	1	G
II	4538036	G	K	114	63	35.59%	2	2	49	57	0.98	1	1	77	37	47	16	T
II	4538038	A	R	119	87	42.23%	2	2	49	56	0.98	1	1	79	40	64	23	G
II	4538047	G	R	272	71	20.64%	2	2	53	59	0.98	1	1	198	74	42	29	A
II	4538048	C	Y	196	146	42.69%	2	2	53	56	0.98	1	1	128	68	110	36	T
II	4538052	A	R	140	204	59.3%	2	2	51	57	0.98	1	1	95	45	146	58	G
II	4538065	G	R	307	57	15.66%	2	2	56	59	0.98	1	1	209	98	33	24	A
II	4538084	A	R	340	20	5.56%	2	2	56	55	0.98	1	1	224	116	13	7	G
II	4538085	T	K	330	20	5.71%	2	2	55	56	0.98	1	1	215	115	13	7	G
II	4538091	T	Y	224	132	35.2%	2	2	51	61	0.98	1	1	125	99	82	50	C
II	4538091	T	K	224	19	5.07%	2	2	51	57	0.98	1	1	125	99	12	7	C
II	4538114	A	R	123	43	25.9%	2	2	47	51	0.98	1	1	76	47	7	36	G
II	4538115	G	K	128	43	25.15%	2	2	48	50	0.98	1	1	79	49	7	36	T
II	4538116	G	R	126	41	24.55%	2	2	48	52	0.98	1	1	78	48	7	34	A
II	4538118	G	R	121	42	25.77%	2	2	47	51	0.98	1	1	74	47	7	35	A
II	4538122	G	S	122	42	25.61%	2	2	49	51	0.98	1	1	69	53	7	35	C
II	4538125	A	W	122	42	25.61%	2	2	49	50	0.98	1	1	71	51	7	35	T
II	4538126	C	S	121	42	25.77%	2	2	49	51	0.98	1	1	71	50	7	35	G
II	4538128	A	R	122	44	26.51%	2	2	48	48	0.98	1	1	71	51	7	37	G
II	4538164	A	W	125	58	31.69%	2	2	51	40	0.98	1	1	74	51	6	52	T
II	4538203	A	W	143	26	15.29%	2	2	49	50	0.98	1	1	52	91	5	21	T
II	4538216	A	W	142	26	15.48%	2	2	48	51	0.98	1	1	48	94	5	21	T
II	4538238	T	K	148	26	14.94%	2	2	49	49	0.98	1	1	57	91	4	22	G
II	4538244	A	R	142	25	14.97%	2	2	50	50	0.98	1	1	53	89	4	21	G
II	4538556	T	Y	34	5	12.82%	2	1	43	34	0.98	1	1	28	6	5	0	C
II	4538591	G	R	31	3	8.82%	2	1	46	37	0.98	1	1	23	8	3	0	A
II	4538770	T	Y	42	13	23.64%	2	2	41	45	0.98	1	1	25	17	9	4	C
II	4539133	A	W	222	14	5.79%	2	2	49	73	0.98	1	1	98	124	7	7	T
II	4539146	A	W	219	15	6.41%	2	2	48	69	0.98	1	1	94	125	7	8	T
II	4539168	T	K	220	14	5.98%	2	2	47	63	0.98	1	1	92	128	7	7	G
II	4539174	A	R	211	14	6.22%	2	2	47	65	0.98	1	1	87	124	7	7	G
II	4539524	G	R	33	9	21.43%	2	2	51	48	0.98	1	1	15	18	2	7	A
II	4539673	T	W	26	5	16.13%	2	2	47	51	0.98	1	1	11	15	2	3	A
II	4539725	T	Y	22	6	21.43%	2	1	46	61	0.98	1	1	8	14	0	6	C
III	1558	G	R	29	4	5.06%	2	1	39	37	0.98	1	1	15	14	0	4	A
III	5850	A	M	388	34	7.87%	2	1	39	29	0.98	1	1	350	38	0	34	C
III	12428	G	R	34	4	5%	2	1	39	34	0.98	1	1	17	17	0	4	A
III	16720	A	M	402	29	6.58%	2	1	39	29	0.98	1	1	363	39	0	29	C
III	29133	A	R	18	4	18.18%	2	1	44	55	0.98	1	1	10	8	0	4	G
III	29151	T	Y	11	3	21.43%	2	2	42	45	0.98	1	1	6	5	1	2	C
III	29156	C	M	9	3	25%	2	2	45	40	0.98	1	1	4	5	1	2	A
III	30333	A	M	13	2	13.33%	2	1	43	33	0.98	1	1	7	6	0	2	C
III	32885	T	K	14	3	17.65%	2	2	51	61	0.98	1	1	7	7	2	1	G
III	32890	G	R	15	3	16.67%	2	2	50	61	0.98	1	1	8	7	2	1	A
III	32920	T	Y	19	2	9.52%	2	2	61	55	0.98	1	1	9	10	1	1	C
III	32989	A	M	18	2	10%	2	2	54	74	0.98	1	1	9	9	1	1	C
III	33004	T	Y	13	5	27.78%	2	2	44	66	0.98	1	1	7	6	3	2	C
III	33006	C	S	13	5	27.78%	2	2	45	64	0.98	1	1	7	6	3	2	G
III	37656	A	M	16	2	11.11%	2	2	48	37	0.98	1	1	8	8	1	1	C
III	46959	A	W	11	2	14.29%	2	1	47	33	0.98	1	1	3	8	0	2	T
III	64834	C	T	0	14	100%	0	2	0	44	0.98	0	1	0	0	6	8	T
III	88686	A	W	15	3	16.67%	2	1	42	23	0.98	1	1	10	5	0	3	T
III	88690	G	K	17	2	10.53%	2	1	44	27	0.98	1	1	11	6	0	2	T
III	99054	G	R	22	2	8%	2	2	46	74	0.98	1	1	3	19	1	1	A
III	103573	G	R	13	2	13.33%	2	2	42	37	0.98	1	1	7	6	1	1	A
III	123340	N	A	0	10	100%	0	2	0	40	0.98	0	1	0	0	1	9	A
III	132406	G	K	21	2	8.7%	2	2	52	23	0.98	1	1	10	11	1	1	T
III	147471	G	R	7	2	22.22%	2	2	47	37	0.98	1	1	4	3	1	1	A
III	150825	T	K	28	2	6.67%	2	2	53	62	0.98	1	1	16	12	1	1	G
III	158655	A	R	12	2	14.29%	2	2	41	74	0.98	1	1	2	10	1	1	G
III	174677	A	R	23	2	8%	2	1	41	37	0.98	1	1	17	6	2	0	G
III	186126	G	R	29	2	6.45%	2	2	43	25	0.98	1	1	17	12	1	1	A
III	189749	C	M	11	2	15.38%	2	1	42	25	0.98	1	1	5	6	0	2	A
III	212002	C	M	5	2	28.57%	2	1	30	29	0.98	1	1	2	3	0	2	A
III	212033	T	W	11	2	15.38%	1	1	34	31	0.98	1	1	0	11	2	0	A
III	212882	C	Y	27	2	6.9%	2	2	49	74	0.98	1	1	15	12	1	1	T
III	212887	C	Y	25	2	7.41%	2	2	49	74	0.98	1	1	13	12	1	1	T
III	212888	C	S	25	2	7.41%	2	2	48	74	0.98	1	1	12	13	1	1	G
III	226362	T	Y	28	2	6.67%	2	2	48	37	0.98	1	1	18	10	1	1	C
III	227730	A	T	0	19	100%	0	2	0	48	0.98	0	1	0	0	13	6	T
III	228026	A	R	26	2	7.14%	2	2	48	37	0.98	1	1	15	11	1	1	G
III	228034	C	M	31	2	6.06%	2	2	45	55	0.98	1	1	18	13	1	1	A
III	228170	A	R	23	2	8%	2	2	50	49	0.98	1	1	8	15	1	1	G
III	233058	T	W	17	2	10.53%	2	2	48	37	0.98	1	1	7	10	1	1	A
III	239907	C	Y	21	2	8.7%	2	2	45	37	0.98	1	1	14	7	1	1	T
III	253828	G	K	8	2	20%	2	1	46	22	0.98	1	1	6	2	0	2	T
III	281612	G	R	27	2	6.9%	2	2	47	37	0.98	1	1	17	10	1	1	A
III	284657	C	A	0	7	100%	0	2	0	42	0.98	0	1	0	0	1	6	A
III	324262	T	Y	7	4	36.36%	2	1	47	37	0.98	1	1	6	1	0	4	C
III	369445	C	Y	10	2	16.67%	2	2	59	74	0.98	1	1	3	7	1	1	T
III	402942	G	K	11	2	15.38%	2	2	43	37	0.98	1	1	3	8	1	1	T
III	428482	A	T	0	17	100%	0	2	0	50	0.98	0	1	0	0	7	10	T
III	489619	G	R	57	8	12.31%	2	2	48	37	0.98	1	1	23	34	4	4	A
III	489623	C	Y	55	8	12.7%	2	2	48	37	0.98	1	1	22	33	4	4	T
III	510790	A	W	19	2	9.52%	2	2	50	37	0.98	1	1	12	7	1	1	T
III	515961	G	K	23	2	8%	2	2	62	25	0.98	1	1	12	11	1	1	T
III	569337	C	Y	16	2	11.11%	2	2	39	37	0.98	1	1	10	6	1	1	T
III	651347	G	R	22	2	8.33%	2	2	44	37	0.98	1	1	11	11	1	1	A
III	716845	A	M	20	2	9.09%	2	1	41	25	0.98	1	1	9	11	2	0	C
III	720001	C	T	0	5	100%	0	2	0	49	0.98	0	1	0	0	1	4	T
III	765109	T	W	12	2	14.29%	2	2	52	37	0.98	1	1	5	7	1	1	A
III	784501	A	W	24	2	7.69%	2	1	48	25	0.98	1	1	13	11	0	2	T
III	790585	T	W	17	2	10.53%	2	1	51	37	0.98	1	1	10	7	2	0	A
III	790589	C	S	20	2	9.09%	2	1	48	37	0.98	1	1	13	7	2	0	G
III	790593	T	W	21	2	8.7%	2	1	48	37	0.98	1	1	13	8	2	0	A
III	799155	G	K	29	2	6.45%	2	2	41	37	0.98	1	1	18	11	1	1	T
III	799159	C	M	27	2	6.9%	2	2	43	37	0.98	1	1	15	12	1	1	A
III	803196	G	K	29	2	6.45%	2	1	45	23	0.98	1	1	19	10	2	0	T
III	844427	G	R	6	2	25%	2	2	39	74	0.98	1	1	5	1	1	1	A
III	960073	G	R	42	3	6.67%	2	2	48	37	0.98	1	1	18	24	2	1	A
III	961288	A	R	49	4	7.55%	2	2	45	32	0.98	1	1	29	20	1	3	G
III	961351	C	Y	38	5	11.63%	2	1	45	44	0.98	1	1	19	19	0	5	T
III	961378	G	R	33	3	8.33%	2	2	41	31	0.98	1	1	15	18	1	2	A
III	961381	A	R	33	2	5.71%	2	1	41	33	0.98	1	1	14	19	0	2	G
III	963322	G	R	57	3	5%	2	1	47	37	0.98	1	1	27	30	0	3	A
III	963343	A	G	2	59	96.72%	1	2	37	47	0.98	1	1	0	2	21	38	G
III	966171	C	M	12	2	14.29%	2	1	36	25	0.98	1	1	4	8	2	0	A
III	983770	A	R	21	2	8.7%	2	1	44	37	0.98	1	1	10	11	0	2	G
III	983773	A	R	20	2	9.09%	2	1	44	37	0.98	1	1	10	10	0	2	G
III	1043164	C	Y	34	3	8.11%	2	1	44	33	0.98	1	1	20	14	3	0	T
III	1058550	C	M	17	2	10.53%	2	1	39	33	0.98	1	1	13	4	0	2	A
III	1058594	A	M	14	4	22.22%	2	1	45	31	0.98	1	1	11	3	0	4	C
III	1071415	A	R	15	2	11.76%	2	1	42	74	0.98	1	1	6	9	0	2	G
III	1073589	A	R	67	6	8.22%	2	2	50	49	0.98	1	1	30	37	5	1	G
III	1077683	C	Y	11	2	15.38%	2	1	44	37	0.98	1	1	3	8	0	2	T
III	1082294	G	K	88	5	5.38%	2	2	46	51	0.98	1	1	31	57	3	2	T
III	1084286	G	K	42	10	19.23%	2	2	48	46	0.98	1	1	20	22	2	8	T
III	1086788	G	S	30	2	6.25%	2	1	46	37	0.98	1	1	14	16	0	2	C
III	1088128	A	W	26	2	7.14%	2	1	49	31	0.98	1	1	19	7	0	2	T
III	1114661	C	M	36	5	12.2%	2	2	50	51	0.98	1	1	16	20	1	4	A
III	1116842	T	Y	29	2	6.45%	2	1	50	37	0.98	1	1	10	19	0	2	C
III	1121421	C	M	46	9	16.36%	2	2	49	53	0.98	1	1	19	27	4	5	A
III	1121661	T	Y	28	4	12.5%	2	2	43	37	0.98	1	1	16	12	1	3	C
III	1123602	T	Y	36	5	12.2%	2	1	53	39	0.98	1	1	13	23	0	5	C
III	1128181	C	M	44	5	10.2%	2	2	54	42	0.98	1	1	17	27	1	4	A
III	1130463	G	R	10	2	16.67%	2	1	59	55	0.98	1	1	6	4	0	2	A
III	1134941	C	M	43	6	12.24%	2	2	49	47	0.98	1	1	15	28	3	3	A
III	1137122	T	Y	35	7	16.67%	2	2	60	58	0.98	1	1	17	18	3	4	C
III	1137223	G	R	16	2	11.11%	2	2	45	55	0.98	1	1	13	3	1	1	A
III	1141938	T	W	8	4	33.33%	2	2	46	37	0.98	1	1	4	4	2	2	A
III	1145976	T	Y	21	2	8.7%	2	1	51	37	0.98	1	1	10	11	2	0	C
III	1156024	G	R	15	2	11.76%	2	1	55	37	0.98	1	1	7	8	2	0	A
III	1168050	T	Y	25	2	7.41%	2	2	42	31	0.98	1	1	9	16	1	1	C
III	1168328	T	C	0	10	100%	0	2	0	34	0.98	0	1	0	0	6	4	C
III	1168363	G	A	2	6	75%	1	2	61	43	0.98	1	1	2	0	3	3	A
III	1225893	G	K	22	2	8.33%	2	1	41	31	0.98	1	1	6	16	2	0	T
III	1241965	T	Y	19	2	9.52%	2	2	46	37	0.98	1	1	8	11	1	1	C
III	1252505	G	K	7	4	28.57%	2	1	35	32	0.98	1	1	6	1	0	4	T
III	1270419	A	W	20	5	20%	2	2	43	71	0.98	1	1	14	6	3	2	T
III	1349278	A	W	18	3	14.29%	2	1	51	27	0.98	1	1	13	5	0	3	T
III	1349303	G	K	22	2	8.33%	2	1	45	22	0.98	1	1	15	7	0	2	T
III	1349402	A	M	29	2	6.45%	2	1	51	37	0.98	1	1	19	10	0	2	C
III	1374938	A	T	0	13	100%	0	1	0	38	0.98	0	1	0	0	13	0	T
III	1376316	G	R	21	4	16%	2	2	43	37	0.98	1	1	14	7	2	2	A
III	1452000	T	K	34	2	5.56%	2	2	47	37	0.98	1	1	13	21	1	1	G
III	1452007	A	R	36	2	5.26%	2	2	48	37	0.98	1	1	15	21	1	1	G
III	1471933	G	K	10	2	16.67%	2	1	43	29	0.98	1	1	7	3	0	2	T
III	1475488	T	W	11	2	15.38%	2	2	43	37	0.98	1	1	8	3	1	1	A
III	1480698	A	M	12	2	14.29%	2	1	44	31	0.98	1	1	6	6	0	2	C
III	1493950	A	R	65	22	25.29%	2	2	48	51	0.98	1	1	29	36	11	11	G
III	1494129	T	K	106	23	17.83%	2	2	49	49	0.98	1	1	56	50	10	13	G
III	1494164	A	R	60	24	28.57%	2	2	46	49	0.98	1	1	30	30	8	16	G
III	1494181	A	W	59	23	28.05%	2	2	49	49	0.98	1	1	26	33	8	15	T
III	1494187	T	W	57	20	25.97%	2	2	48	51	0.98	1	1	21	36	7	13	A
III	1494192	G	R	61	12	16.44%	2	2	48	49	0.98	1	1	22	39	4	8	A
III	1494240	C	Y	54	4	6.9%	2	2	44	37	0.98	1	1	22	32	1	3	T
III	1494282	G	R	51	61	54.46%	2	2	43	39	0.98	1	1	18	33	22	39	A
III	1494303	G	R	46	26	36.11%	2	2	43	44	0.98	1	1	20	26	6	20	A
III	1494306	A	W	44	26	37.14%	2	2	42	43	0.98	1	1	19	25	7	19	T
III	1494312	A	R	48	25	34.25%	2	2	46	43	0.98	1	1	21	27	6	19	G
III	1494315	A	R	50	21	29.58%	2	2	45	39	0.98	1	1	22	28	6	15	G
III	1494318	A	R	46	21	31.34%	2	2	47	40	0.98	1	1	22	24	6	15	G
III	1494327	T	K	49	17	25.76%	2	2	47	38	0.98	1	1	25	24	5	12	G
III	1499389	C	Y	58	9	13.43%	2	2	44	45	0.98	1	1	29	29	6	3	T
III	1499390	A	W	56	9	13.85%	2	2	44	45	0.98	1	1	28	28	6	3	T
III	1499865	G	K	38	2	5%	2	1	46	27	0.98	1	1	10	28	2	0	T
III	1501927	C	M	10	9	47.37%	2	2	40	57	0.98	1	1	3	7	5	4	A
III	1503384	T	K	21	2	8.7%	2	1	51	25	0.98	1	1	11	10	2	0	G
III	1549619	T	K	12	2	14.29%	2	1	46	25	0.98	1	1	6	6	2	0	G
III	1586349	A	W	14	2	12.5%	2	2	46	37	0.98	1	1	7	7	1	1	T
III	1623790	C	M	15	2	11.76%	2	1	40	25	0.98	1	1	3	12	0	2	A
III	1649192	A	M	10	2	16.67%	2	1	40	31	0.98	1	1	6	4	0	2	C
III	1682844	G	K	17	2	10.53%	2	1	43	31	0.98	1	1	14	3	2	0	T
III	1689820	G	K	24	5	17.24%	2	2	53	44	0.98	1	1	9	15	3	2	T
III	1708330	T	W	25	2	7.41%	2	1	43	25	0.98	1	1	13	12	2	0	A
III	1713002	C	M	8	2	20%	2	1	44	28	0.98	1	1	3	5	2	0	A
III	1715926	A	W	21	2	8.7%	2	2	52	37	0.98	1	1	8	13	1	1	T
III	1729744	A	W	15	2	11.76%	2	1	43	29	0.98	1	1	4	11	2	0	T
III	1744089	T	W	16	2	11.11%	2	2	53	37	0.98	1	1	6	10	1	1	A
III	1751064	C	Y	21	2	8.7%	2	2	46	37	0.98	1	1	13	8	1	1	T
III	1756401	A	T	0	2	100%	0	2	0	37	0.98	0	1	0	0	1	1	T
III	1765401	G	T	0	26	100%	0	2	0	55	0.98	0	1	0	0	13	13	T
III	1771298	G	K	12	2	14.29%	2	1	46	37	0.98	1	1	11	1	2	0	T
III	1802850	C	M	15	2	11.76%	2	1	48	25	0.98	1	1	8	7	0	2	A
III	1805375	G	K	19	3	13.64%	2	2	48	49	0.98	1	1	10	9	2	1	T
III	1807814	C	M	26	2	7.14%	2	1	46	37	0.98	1	1	17	9	2	0	A
III	1860386	T	K	8	2	20%	1	2	40	37	0.98	1	1	0	8	1	1	G
III	1868359	A	W	13	2	13.33%	2	1	38	33	0.98	1	1	2	11	2	0	T
III	1894020	C	Y	16	4	20%	2	2	41	46	0.98	1	1	7	9	3	1	T
III	1901532	C	M	8	2	20%	2	1	51	27	0.98	1	1	2	6	2	0	A
III	1907363	G	R	15	2	11.76%	2	2	48	37	0.98	1	1	11	4	1	1	A
III	1910694	A	W	15	4	21.05%	2	2	45	37	0.98	1	1	12	3	2	2	T
III	1915193	A	M	20	2	9.09%	2	2	41	31	0.98	1	1	13	7	1	1	C
III	1940527	C	M	15	5	25%	2	2	39	51	0.98	1	1	9	6	3	2	A
III	1953191	G	K	15	2	11.76%	2	1	46	31	0.98	1	1	9	6	0	2	T
III	1961195	T	W	12	2	14.29%	2	2	48	37	0.98	1	1	8	4	1	1	A
III	1972172	T	W	13	2	13.33%	2	1	41	25	0.98	1	1	7	6	2	0	A
III	2013846	T	W	13	2	13.33%	2	1	38	27	0.98	1	1	3	10	2	0	A
III	2028572	C	M	23	2	8%	2	2	49	22	0.98	1	1	12	11	1	1	A
III	2115609	T	K	33	3	8.33%	2	1	45	37	0.98	1	1	13	20	3	0	G
III	2145361	C	M	32	2	5.88%	2	2	58	55	0.98	1	1	16	16	1	1	A
III	2210124	A	M	25	2	7.41%	2	2	51	37	0.98	1	1	17	8	1	1	C
III	2245400	G	K	7	2	22.22%	2	1	47	31	0.98	1	1	2	5	2	0	T
III	2281474	A	W	22	4	15.38%	2	2	46	37	0.98	1	1	6	16	2	2	T
III	2284337	G	K	12	2	14.29%	2	1	46	27	0.98	1	1	8	4	0	2	T
III	2284348	C	M	10	2	16.67%	2	1	52	25	0.98	1	1	6	4	0	2	A
III	2295961	A	R	10	2	16.67%	2	2	48	37	0.98	1	1	4	6	1	1	G
III	2306835	A	W	24	2	7.69%	2	1	44	25	0.98	1	1	11	13	0	2	T
III	2375159	T	W	10	2	16.67%	2	1	42	25	0.98	1	1	3	7	0	2	A
III	2381979	G	T	0	8	100%	0	2	0	41	0.98	0	1	0	0	4	4	T
III	2418585	C	M	29	2	6.45%	2	1	46	25	0.98	1	1	15	14	0	2	A
III	2431109	C	Y	11	2	15.38%	2	2	57	55	0.98	1	1	7	4	1	1	T
III	2431133	G	K	14	5	26.32%	2	2	54	64	0.98	1	1	8	6	3	2	T
III	2431152	T	K	20	4	16.67%	2	2	56	55	0.98	1	1	12	8	3	1	G
III	2447413	T	K	521	58	10.02%	2	1	39	29	0.98	1	1	60	461	58	0	G
III	2448310	A	W	27	3	10%	2	1	37	34	0.98	1	1	19	8	0	3	T
III	2448311	A	W	29	2	6.45%	2	1	39	31	0.98	1	1	20	9	0	2	T
III	2448544	T	W	893	73	7.56%	2	2	48	47	0.98	1	1	402	491	40	33	A
mitochondrial	11746	A	R	1682	1786	51.5%	2	2	47	47	0.98	1	1	804	878	845	941	G
