Chrom	Position	Ref	Cons	Reads1	Reads2	VarFreq	Strands1	Strands2	Qual1	Qual2	Pvalue	MapQual1	MapQual2	Reads1Plus	Reads1Minus	Reads2Plus	Reads2Minus	VarAllele
chr_II_telomeric_gap	4787	G	A	0	28	100%	0	2	0	43	0.98	0	1	0	0	17	11	A
I	459	C	M	71	63	47.01%	2	2	49	45	0.98	1	1	25	46	27	36	A
I	783	T	Y	71	57	44.53%	2	2	45	40	0.98	1	1	45	26	23	34	C
I	798	G	R	81	47	36.72%	2	2	46	39	0.98	1	1	46	35	22	25	A
I	955	C	Y	61	85	58.22%	2	2	43	45	0.98	1	1	30	31	50	35	T
I	1055	T	Y	147	19	11.45%	2	2	47	38	0.98	1	1	58	89	10	9	C
I	1133	A	R	67	92	57.86%	2	2	41	45	0.98	1	1	27	40	23	69	G
I	1455	C	Y	46	45	49.45%	2	2	43	45	0.98	1	1	24	22	23	22	T
I	1514	C	S	43	50	53.76%	2	2	43	43	0.98	1	1	15	28	24	26	G
I	1750	G	R	64	21	24.71%	2	2	50	50	0.98	1	1	30	34	13	8	A
I	2582	T	Y	35	68	66.02%	2	2	48	43	0.98	1	1	23	12	48	20	C
I	2822	C	Y	84	12	12.5%	2	2	42	48	0.98	1	1	44	40	4	8	T
I	3431	A	R	65	55	45.83%	2	2	50	48	0.98	1	1	37	28	28	27	G
I	4635	T	K	30	2	6.25%	2	1	42	37	0.98	1	1	15	15	2	0	G
I	4666	G	R	27	12	30.77%	2	2	41	37	0.98	1	1	7	20	9	3	A
I	4668	C	S	31	10	24.39%	2	2	44	40	0.98	1	1	12	19	5	5	G
I	6583	G	R	33	15	31.25%	2	2	44	46	0.98	1	1	18	15	6	9	A
I	6727	G	R	18	6	25%	2	1	40	41	0.98	1	1	7	11	0	6	A
I	7192	C	M	35	5	8.2%	2	1	39	34	0.98	1	1	26	9	0	5	A
I	8666	G	R	39	40	50.63%	2	2	49	43	0.98	1	1	15	24	19	21	A
I	10913	G	R	11	16	59.26%	2	2	40	43	0.98	1	1	7	4	9	7	A
I	15735	A	M	30	2	6.25%	2	1	43	33	0.98	1	1	18	12	0	2	C
I	17558	A	R	36	2	5.26%	2	2	48	55	0.98	1	1	17	19	1	1	G
I	17608	C	Y	33	2	5.71%	2	2	53	37	0.98	1	1	18	15	1	1	T
I	17957	T	Y	60	4	6.25%	2	2	51	52	0.98	1	1	33	27	2	2	C
I	17965	A	R	61	4	6.15%	2	2	51	46	0.98	1	1	31	30	2	2	G
I	18099	A	R	69	21	23.33%	2	2	43	38	0.98	1	1	45	24	18	3	G
I	18318	G	R	93	30	24.39%	2	2	48	43	0.98	1	1	43	50	26	4	A
I	18475	C	Y	71	59	45.38%	2	2	43	52	0.98	1	1	23	48	14	45	T
I	18709	T	K	35	3	7.89%	2	1	43	33	0.98	1	1	9	26	3	0	G
I	19599	C	M	58	4	6.45%	2	2	47	46	0.98	1	1	29	29	1	3	A
I	26847	A	R	37	2	5.13%	2	2	44	31	0.98	1	1	19	18	1	1	G
I	29359	T	W	57	6	9.52%	2	1	45	55	0.98	1	1	27	30	6	0	A
I	29373	T	Y	45	7	12.96%	2	1	51	49	0.98	1	1	20	25	7	0	C
I	67994	T	Y	26	2	7.14%	2	2	41	42	0.98	1	1	10	16	1	1	C
I	94311	C	M	28	2	6.67%	2	1	46	25	0.98	1	1	9	19	0	2	A
I	94835	A	R	34	2	5.56%	2	2	49	37	0.98	1	1	18	16	1	1	G
I	98639	A	W	56	5	8.2%	2	2	43	44	0.98	1	1	30	26	4	1	T
I	98914	T	K	92	8	8%	2	1	46	33	0.98	1	1	33	59	8	0	G
I	99066	G	R	97	6	5.83%	2	2	49	59	0.98	1	1	52	45	3	3	A
I	99204	A	W	67	10	12.99%	2	1	48	39	0.98	1	1	27	40	0	10	T
I	110495	A	M	14	3	17.65%	2	1	40	25	0.98	1	1	9	5	0	3	C
I	114927	T	C	0	36	100%	0	2	0	43	0.98	0	1	0	0	19	17	C
I	143567	T	K	32	3	8.57%	2	1	39	29	0.98	1	1	9	23	3	0	G
I	149159	T	K	38	2	5%	2	1	45	33	0.98	1	1	18	20	2	0	G
I	169817	A	M	13	4	23.53%	2	1	39	32	0.98	1	1	12	1	0	4	C
I	172913	G	K	30	2	6.25%	2	1	47	31	0.98	1	1	17	13	0	2	T
I	174994	T	Y	38	2	5%	2	2	42	37	0.98	1	1	21	17	1	1	C
I	202095	A	M	24	2	7.69%	2	1	41	31	0.98	1	1	16	8	2	0	C
I	202383	G	K	10	2	16.67%	2	1	38	31	0.98	1	1	1	9	2	0	T
I	204399	A	M	22	2	8.33%	2	1	50	25	0.98	1	1	10	12	0	2	C
I	235064	G	K	20	2	9.09%	2	1	39	31	0.98	1	1	13	7	0	2	T
I	287313	G	R	37	2	5.13%	2	2	46	37	0.98	1	1	19	18	1	1	A
I	295627	T	Y	35	2	5.41%	2	1	44	55	0.98	1	1	22	13	0	2	C
I	305709	A	W	38	2	5%	2	1	42	25	0.98	1	1	28	10	0	2	T
I	305728	A	M	37	2	5.13%	2	1	40	33	0.98	1	1	25	12	0	2	C
I	359599	A	W	21	2	8.7%	2	1	47	31	0.98	1	1	15	6	0	2	T
I	411363	T	K	28	2	6.67%	2	1	40	27	0.98	1	1	14	14	2	0	G
I	411380	C	M	27	2	6.9%	2	1	43	31	0.98	1	1	11	16	2	0	A
I	411423	C	M	27	2	6.9%	2	1	41	37	0.98	1	1	8	19	2	0	A
I	417759	A	M	27	2	6.9%	2	1	40	31	0.98	1	1	23	4	0	2	C
I	437539	C	M	23	2	8%	2	1	43	31	0.98	1	1	13	10	0	2	A
I	441581	G	K	24	4	14.29%	2	1	40	26	0.98	1	1	15	9	4	0	T
I	442881	C	M	16	2	11.11%	2	1	43	31	0.98	1	1	8	8	2	0	A
I	470396	A	M	27	2	6.9%	2	1	47	49	0.98	1	1	13	14	0	2	C
I	473338	C	M	30	2	6.25%	2	1	43	37	0.98	1	1	22	8	0	2	A
I	473423	C	Y	10	3	21.43%	2	1	33	37	0.98	1	1	8	2	0	3	T
I	473427	G	K	10	7	38.89%	2	1	35	32	0.98	1	1	8	2	0	7	T
I	473469	C	M	24	3	11.11%	2	1	36	28	0.98	1	1	2	22	3	0	A
I	474162	A	R	36	2	5.26%	2	2	50	55	0.98	1	1	15	21	1	1	G
I	507435	T	Y	38	2	5%	2	2	42	37	0.98	1	1	21	17	1	1	C
I	509156	T	Y	27	2	6.9%	2	2	50	49	0.98	1	1	18	9	1	1	C
I	509401	T	W	11	3	21.43%	2	1	39	26	0.98	1	1	10	1	0	3	A
I	509973	A	M	24	2	7.69%	2	1	45	25	0.98	1	1	8	16	0	2	C
I	519559	G	R	35	2	5.41%	2	1	50	37	0.98	1	1	17	18	2	0	A
I	520774	A	R	31	2	6.06%	2	1	48	37	0.98	1	1	18	13	2	0	G
I	523603	G	A	0	30	100%	0	2	0	46	0.98	0	1	0	0	18	12	A
I	523883	G	A	0	48	100%	0	2	0	43	0.98	0	1	0	0	29	19	A
I	527156	C	A	0	26	100%	0	2	0	40	0.98	0	1	0	0	19	7	A
I	537800	G	K	36	2	5.26%	2	1	46	27	0.98	1	1	12	24	2	0	T
I	538377	T	Y	27	2	6.9%	2	1	47	42	0.98	1	1	15	12	0	2	C
I	540934	C	Y	33	2	5.71%	2	1	43	37	0.98	1	1	17	16	0	2	T
I	596045	G	K	38	2	5%	2	1	48	25	0.98	1	1	15	23	2	0	T
I	610850	A	M	35	2	5.41%	2	1	48	25	0.98	1	1	21	14	0	2	C
I	637800	T	K	26	2	7.14%	2	1	39	25	0.98	1	1	14	12	2	0	G
I	638093	A	M	23	3	11.54%	2	1	37	31	0.98	1	1	14	9	0	3	C
I	647378	T	K	35	2	5.41%	2	1	43	31	0.98	1	1	18	17	0	2	G
I	647388	A	M	29	2	6.45%	2	2	41	37	0.98	1	1	16	13	1	1	C
I	652508	T	K	20	2	9.09%	2	1	44	31	0.98	1	1	5	15	2	0	G
I	659743	T	Y	32	2	5.88%	2	2	39	37	0.98	1	1	23	9	1	1	C
I	670486	A	M	18	2	10%	2	1	37	31	0.98	1	1	6	12	0	2	C
I	701502	T	K	27	2	6.9%	2	1	45	25	0.98	1	1	9	18	2	0	G
I	710559	G	K	34	2	5.56%	2	1	48	31	0.98	1	1	15	19	0	2	T
I	713255	G	K	35	2	5.41%	2	2	44	37	0.98	1	1	15	20	1	1	T
I	724585	C	M	29	2	6.45%	2	1	45	37	0.98	1	1	13	16	0	2	A
I	759334	G	T	0	10	100%	0	2	0	45	0.98	0	1	0	0	5	5	T
I	766490	A	M	27	2	6.9%	2	1	47	23	0.98	1	1	10	17	0	2	C
I	793939	G	K	9	2	18.18%	2	2	36	27	0.98	1	1	3	6	1	1	T
I	795419	T	K	35	2	5.41%	2	1	47	25	0.98	1	1	13	22	0	2	G
I	799766	A	M	27	2	6.9%	2	1	46	25	0.98	1	1	14	13	0	2	C
I	801911	C	T	0	28	100%	0	2	0	41	0.98	0	1	0	0	16	12	T
I	810601	C	M	20	2	9.09%	2	1	46	25	0.98	1	1	11	9	0	2	A
I	813183	C	M	24	2	7.69%	2	1	46	37	0.98	1	1	7	17	2	0	A
I	835940	A	M	34	2	5.56%	2	1	46	27	0.98	1	1	17	17	0	2	C
I	850790	A	W	29	2	6.45%	2	1	46	33	0.98	1	1	14	15	2	0	T
I	862964	G	T	0	35	100%	0	2	0	45	0.98	0	1	0	0	14	21	T
I	913846	A	M	24	2	7.69%	2	1	47	37	0.98	1	1	8	16	2	0	C
I	914945	T	K	29	2	6.45%	2	1	46	31	0.98	1	1	9	20	2	0	G
I	934908	T	W	8	2	13.33%	1	2	36	27	0.98	1	1	8	0	1	1	A
I	935529	G	K	38	2	5%	2	1	38	31	0.98	1	1	21	17	0	2	T
I	935800	C	Y	25	2	7.41%	2	1	46	37	0.98	1	1	6	19	0	2	T
I	949545	T	K	19	6	24%	2	1	37	33	0.98	1	1	3	16	6	0	G
I	949596	C	M	30	2	6.25%	2	1	39	31	0.98	1	1	7	23	2	0	A
I	960643	G	K	26	21	44.68%	2	2	49	44	0.98	1	1	13	13	8	13	T
I	967894	C	M	31	2	6.06%	2	1	41	25	0.98	1	1	9	22	2	0	A
I	995016	G	K	21	2	8.7%	2	1	48	22	0.98	1	1	11	10	0	2	T
I	1038404	C	M	33	2	5.71%	2	1	48	37	0.98	1	1	16	17	0	2	A
I	1040359	T	W	28	2	6.67%	2	1	49	31	0.98	1	1	10	18	2	0	A
I	1043693	T	Y	31	2	6.06%	2	2	44	37	0.98	1	1	19	12	1	1	C
I	1048041	T	W	19	2	9.52%	2	2	49	37	0.98	1	1	7	12	1	1	A
I	1055870	T	Y	36	2	5.26%	2	1	43	37	0.98	1	1	15	21	2	0	C
I	1056530	A	M	32	3	8.57%	2	1	43	29	0.98	1	1	10	22	0	3	C
I	1062071	G	K	26	2	7.14%	2	2	41	37	0.98	1	1	16	10	1	1	T
I	1071442	A	R	34	2	5.56%	2	2	41	37	0.98	1	1	12	22	1	1	G
I	1099773	A	R	21	2	8.7%	2	1	45	29	0.98	1	1	12	9	2	0	G
I	1117242	A	M	34	3	8.11%	2	1	41	26	0.98	1	1	32	2	0	3	C
I	1141484	G	K	21	2	8.7%	2	1	48	31	0.98	1	1	10	11	2	0	T
I	1149103	G	S	27	2	6.9%	2	1	38	25	0.98	1	1	24	3	0	2	C
I	1192501	G	K	18	2	10%	2	1	45	25	0.98	1	1	6	12	2	0	T
I	1206964	A	M	33	2	5.71%	2	2	46	25	0.98	1	1	19	14	1	1	C
I	1236389	T	K	37	2	5.13%	2	1	53	37	0.98	1	1	25	12	2	0	G
I	1298533	A	M	34	2	5.56%	2	1	50	25	0.98	1	1	11	23	0	2	C
I	1306112	G	K	20	2	9.09%	2	1	47	31	0.98	1	1	8	12	2	0	T
I	1308466	T	K	19	4	17.39%	2	1	37	28	0.98	1	1	7	12	4	0	G
I	1337515	C	S	30	2	6.25%	2	2	41	49	0.98	1	1	15	15	1	1	G
I	1356040	A	M	35	2	5.41%	2	1	46	37	0.98	1	1	14	21	0	2	C
I	1362732	T	W	34	2	5.56%	2	1	50	25	0.98	1	1	19	15	2	0	A
I	1380087	C	M	33	2	5.71%	2	1	40	25	0.98	1	1	23	10	0	2	A
I	1380126	A	M	29	2	6.45%	2	1	37	31	0.98	1	1	27	2	0	2	C
I	1381469	A	M	29	2	6.45%	2	1	45	27	0.98	1	1	23	6	0	2	C
I	1409750	T	K	33	2	5.71%	2	2	45	37	0.98	1	1	14	19	1	1	G
I	1412798	A	W	32	2	5.88%	2	2	50	31	0.98	1	1	17	15	1	1	T
I	1420978	G	K	14	2	12.5%	2	1	35	31	0.98	1	1	9	5	0	2	T
I	1424709	A	M	1	2	66.67%	1	1	25	37	0.98	1	1	0	1	2	0	C
I	1426976	A	M	34	2	5.56%	2	1	40	37	0.98	1	1	18	16	0	2	C
I	1428177	G	S	26	2	7.14%	2	1	44	37	0.98	1	1	14	12	0	2	C
I	1447059	G	K	21	2	8.7%	2	2	44	37	0.98	1	1	11	10	1	1	T
I	1449168	T	Y	29	2	6.45%	2	2	51	74	0.98	1	1	18	11	1	1	C
I	1529752	A	R	30	2	6.25%	2	1	41	74	0.98	1	1	12	18	2	0	G
I	1535053	T	K	25	4	13.79%	2	1	38	29	0.98	1	1	3	22	4	0	G
I	1537853	A	M	23	2	8%	2	1	43	25	0.98	1	1	7	16	2	0	C
I	1539572	A	M	7	2	22.22%	2	1	37	31	0.98	1	1	6	1	0	2	C
I	1540448	A	M	28	2	6.67%	2	1	38	31	0.98	1	1	15	13	0	2	C
I	1541429	A	M	35	2	5.41%	2	1	40	25	0.98	1	1	17	18	0	2	C
I	1542575	T	Y	29	2	6.45%	2	2	47	55	0.98	1	1	11	18	1	1	C
I	1545171	C	Y	23	3	11.54%	2	1	41	37	0.98	1	1	9	14	3	0	T
I	1556231	G	K	17	2	10.53%	2	1	36	33	0.98	1	1	4	13	2	0	T
I	1569488	A	M	24	2	7.69%	2	1	46	25	0.98	1	1	16	8	0	2	C
I	1582837	C	A	0	20	100%	0	2	0	38	0.98	0	1	0	0	11	9	A
I	1611771	G	K	33	2	5.71%	2	1	44	27	0.98	1	1	15	18	2	0	T
I	1614821	T	K	36	2	5.26%	2	1	45	27	0.98	1	1	15	21	2	0	G
I	1630482	G	C	0	21	100%	0	2	0	47	0.98	0	1	0	0	11	10	C
I	1649737	T	K	14	3	17.65%	2	1	42	34	0.98	1	1	5	9	3	0	G
I	1653028	T	K	24	3	11.11%	2	1	42	30	0.98	1	1	5	19	3	0	G
I	1663880	A	W	44	3	6.38%	2	1	42	29	0.98	1	1	19	25	0	3	T
I	1683696	G	K	27	2	6.9%	2	1	43	31	0.98	1	1	9	18	2	0	T
I	1689698	A	W	29	2	6.45%	2	1	43	22	0.98	1	1	10	19	0	2	T
I	1690405	T	K	23	3	11.54%	2	1	45	30	0.98	1	1	5	18	3	0	G
I	1697164	A	W	30	2	6.25%	2	1	41	29	0.98	1	1	9	21	2	0	T
I	1705510	G	R	34	2	5.56%	2	2	52	37	0.98	1	1	19	15	1	1	A
I	1732163	T	K	20	5	20%	2	1	41	26	0.98	1	1	2	18	5	0	G
I	1732168	G	K	26	2	7.14%	2	1	42	31	0.98	1	1	10	16	2	0	T
I	1759197	C	Y	36	2	5.26%	2	1	47	37	0.98	1	1	12	24	0	2	T
I	1783458	C	T	0	45	100%	0	2	0	45	0.98	0	1	0	0	23	22	T
I	1812890	A	W	34	2	5.56%	2	1	41	27	0.98	1	1	16	18	0	2	T
I	1812922	C	M	38	3	7.32%	2	1	43	33	0.98	1	1	20	18	0	3	A
I	1823858	A	M	30	2	6.25%	2	1	42	31	0.98	1	1	15	15	0	2	C
I	1834160	G	K	10	6	37.5%	1	1	36	32	0.98	1	1	10	0	0	6	T
I	1834453	G	K	36	2	5.26%	2	1	41	27	0.98	1	1	25	11	0	2	T
I	1834456	C	M	37	3	7.5%	2	1	41	29	0.98	1	1	25	12	0	3	A
I	1837916	G	K	7	2	16.67%	2	1	38	31	0.98	1	1	5	2	0	2	+T
I	1839864	G	K	56	5	8.2%	2	2	45	42	0.98	1	1	16	40	4	1	T
I	1857307	G	R	74	5	6.33%	2	2	44	51	0.98	1	1	33	41	3	2	A
I	1893562	T	K	25	2	7.41%	2	1	40	27	0.98	1	1	8	17	2	0	G
I	1893575	C	M	22	2	8.33%	2	1	38	31	0.98	1	1	2	20	2	0	A
I	1893582	C	M	26	2	7.14%	2	1	42	37	0.98	1	1	5	21	2	0	A
I	1893610	T	W	27	2	6.9%	2	1	42	29	0.98	1	1	3	24	2	0	A
I	1934505	T	W	29	2	6.45%	2	2	51	31	0.98	1	1	13	16	1	1	A
I	1940633	A	W	15	2	11.76%	2	1	43	37	0.98	1	1	8	7	2	0	T
I	1946600	T	Y	31	2	6.06%	2	2	47	68	0.98	1	1	18	13	1	1	C
I	1954193	T	W	20	2	9.09%	2	1	42	31	0.98	1	1	5	15	2	0	A
I	1955802	G	K	18	2	10%	2	1	36	25	0.98	1	1	6	12	2	0	T
I	1955870	C	M	12	4	25%	2	1	44	26	0.98	1	1	3	9	4	0	A
I	1965341	G	K	21	2	8.7%	2	1	40	25	0.98	1	1	11	10	2	0	T
I	1977122	T	Y	33	2	5.71%	2	2	43	55	0.98	1	1	12	21	1	1	C
I	1981320	A	M	30	2	6.25%	2	1	39	37	0.98	1	1	13	17	0	2	C
I	1999192	G	C	0	33	100%	0	2	0	47	0.98	0	1	0	0	22	11	C
I	2016976	G	K	17	2	10.53%	2	1	54	27	0.98	1	1	9	8	2	0	T
I	2044289	A	R	35	2	5.41%	2	1	51	37	0.98	1	1	14	21	2	0	G
I	2053488	T	K	10	4	28.57%	2	1	45	37	0.98	1	1	1	9	4	0	G
I	2093216	G	K	27	2	6.9%	2	1	45	31	0.98	1	1	13	14	0	2	T
I	2093273	A	M	31	3	8.82%	2	1	41	34	0.98	1	1	23	8	0	3	C
I	2104091	G	T	0	24	100%	0	2	0	45	0.98	0	1	0	0	7	17	T
I	2104097	C	A	0	25	100%	0	2	0	45	0.98	0	1	0	0	8	17	A
I	2104259	C	Y	12	2	14.29%	2	2	36	25	0.98	1	1	5	7	1	1	T
I	2107170	T	Y	21	2	8.7%	2	1	47	37	0.98	1	1	5	16	0	2	C
I	2107784	T	K	23	2	8%	2	1	39	31	0.98	1	1	7	16	2	0	G
I	2108559	A	R	50	3	5.66%	2	1	46	49	0.98	1	1	23	27	0	3	G
I	2124336	A	M	21	2	8.7%	2	1	40	27	0.98	1	1	17	4	0	2	C
I	2125491	A	M	16	2	11.11%	2	1	44	49	0.98	1	1	5	11	0	2	C
I	2134029	T	K	47	3	6%	2	1	48	29	0.98	1	1	18	29	3	0	G
I	2134053	A	M	51	3	5.56%	2	1	47	23	0.98	1	1	23	28	3	0	C
I	2143316	A	W	24	2	7.69%	2	2	44	37	0.98	1	1	15	9	1	1	T
I	2157364	G	R	18	2	10%	2	2	47	68	0.98	1	1	8	10	1	1	A
I	2174523	C	M	25	2	7.41%	2	1	40	31	0.98	1	1	15	10	0	2	A
I	2174528	G	K	23	3	11.54%	2	1	40	33	0.98	1	1	15	8	0	3	T
I	2174539	C	M	23	3	11.54%	2	1	41	29	0.98	1	1	12	11	0	3	A
I	2174555	C	M	12	2	9.52%	2	1	39	31	0.98	1	1	7	5	0	2	A
I	2225468	A	M	22	4	15.38%	2	1	38	33	0.98	1	1	20	2	0	4	C
I	2254860	C	M	19	2	9.52%	2	1	44	22	0.98	1	1	8	11	2	0	A
I	2256744	A	M	27	2	6.9%	2	1	42	37	0.98	1	1	17	10	0	2	C
I	2273196	C	M	15	2	11.76%	2	1	40	25	0.98	1	1	12	3	0	2	A
I	2305809	T	K	32	2	5.88%	2	1	48	25	0.98	1	1	14	18	2	0	G
I	2316148	T	Y	31	2	6.06%	2	2	45	37	0.98	1	1	11	20	1	1	C
I	2323320	T	K	27	3	10%	2	1	44	33	0.98	1	1	7	20	3	0	G
I	2323325	G	K	32	2	5.88%	2	1	44	31	0.98	1	1	13	19	2	0	T
I	2323326	T	K	30	2	6.25%	2	1	39	22	0.98	1	1	14	16	2	0	G
I	2344658	A	M	30	2	6.25%	2	1	47	25	0.98	1	1	10	20	0	2	C
I	2384874	T	K	22	2	8.33%	2	2	44	37	0.98	1	1	13	9	1	1	G
I	2421577	C	A	0	2	100%	0	1	0	37	0.98	0	1	0	0	0	2	A
I	2424106	A	R	28	2	6.67%	2	1	51	37	0.98	1	1	20	8	0	2	G
I	2424110	T	W	30	2	6.25%	2	1	48	37	0.98	1	1	19	11	0	2	A
I	2424114	C	Y	30	2	6.25%	2	1	49	37	0.98	1	1	18	12	0	2	T
I	2427743	T	K	15	2	11.76%	2	1	39	25	0.98	1	1	6	9	2	0	G
I	2430682	A	M	29	2	6.45%	2	1	39	29	0.98	1	1	22	7	0	2	C
I	2450182	T	Y	13	2	13.33%	2	2	44	55	0.98	1	1	7	6	1	1	C
I	2453284	A	R	32	2	5.88%	2	1	43	37	0.98	1	1	20	12	2	0	G
I	2480031	A	W	31	2	6.06%	2	1	43	25	0.98	1	1	19	12	0	2	T
I	2480092	G	K	27	2	6.9%	2	1	38	37	0.98	1	1	17	10	0	2	T
I	2480108	A	M	26	2	7.14%	2	1	44	27	0.98	1	1	20	6	0	2	C
I	2493446	G	S	24	3	11.11%	2	1	46	61	0.98	1	1	9	15	0	3	C
I	2496040	G	K	14	2	12.5%	1	1	35	31	0.98	1	1	14	0	0	2	T
I	2506044	T	A	0	56	100%	0	2	0	52	0.98	0	1	0	0	31	25	A
I	2533281	A	R	35	2	5.41%	2	1	43	42	0.98	1	1	21	14	2	0	G
I	2541352	T	Y	31	2	6.06%	2	2	47	55	0.98	1	1	18	13	1	1	C
I	2544949	T	K	21	3	12.5%	2	1	38	27	0.98	1	1	4	17	3	0	G
I	2578205	G	K	20	2	9.09%	2	1	40	31	0.98	1	1	14	6	0	2	T
I	2578331	C	M	34	2	5.56%	2	1	40	25	0.98	1	1	9	25	2	0	A
I	2585160	T	K	33	2	5.71%	2	1	47	31	0.98	1	1	19	14	2	0	G
I	2585211	T	K	28	2	6.67%	2	1	46	33	0.98	1	1	6	22	2	0	G
I	2585241	G	K	30	2	6.25%	2	1	47	27	0.98	1	1	9	21	2	0	T
I	2605764	T	A	0	35	100%	0	2	0	46	0.98	0	1	0	0	13	22	A
I	2606353	A	M	25	2	7.41%	2	1	46	31	0.98	1	1	12	13	0	2	C
I	2633407	T	K	31	2	6.06%	2	1	49	25	0.98	1	1	18	13	0	2	G
I	2636441	C	M	23	2	8%	2	1	47	22	0.98	1	1	15	8	2	0	A
I	2641998	C	Y	7	4	23.53%	2	1	35	29	0.98	1	1	4	3	0	4	+T
I	2658529	T	K	31	3	8.82%	2	1	43	29	0.98	1	1	9	22	3	0	G
I	2658549	T	W	28	2	6.67%	2	1	42	24	0.98	1	1	7	21	2	0	A
I	2686945	T	Y	30	2	6.25%	2	1	46	49	0.98	1	1	13	17	2	0	C
I	2690906	A	M	6	2	25%	2	1	34	24	0.98	1	1	4	2	0	2	C
I	2696475	C	M	13	5	27.78%	2	1	47	33	0.98	1	1	10	3	0	5	A
I	2696495	A	M	12	2	14.29%	2	1	44	37	0.98	1	1	8	4	0	2	C
I	2713525	A	R	31	2	6.06%	2	2	46	37	0.98	1	1	17	14	1	1	G
I	2728487	C	Y	24	2	7.69%	2	1	46	37	0.98	1	1	10	14	0	2	T
I	2734612	T	K	28	2	6.67%	2	1	45	33	0.98	1	1	7	21	2	0	G
I	2747078	A	G	0	18	100%	0	2	0	39	0.98	0	1	0	0	4	14	G
I	2747094	G	K	24	2	7.69%	2	1	40	25	0.98	1	1	7	17	2	0	T
I	2750569	A	M	26	2	7.14%	2	1	45	55	0.98	1	1	16	10	0	2	C
I	2758115	A	R	37	2	5.13%	2	1	41	37	0.98	1	1	25	12	2	0	G
I	2788403	T	K	28	2	6.67%	2	1	44	27	0.98	1	1	10	18	2	0	G
I	2788421	T	K	23	3	11.54%	2	1	44	30	0.98	1	1	5	18	3	0	G
I	2797731	T	K	26	2	7.14%	2	1	45	28	0.98	1	1	10	16	2	0	G
I	2824192	A	W	25	2	7.41%	2	1	46	25	0.98	1	1	20	5	0	2	T
I	2834240	G	K	25	2	7.41%	2	1	46	25	0.98	1	1	7	18	2	0	T
I	2859466	A	M	19	2	9.52%	2	1	46	25	0.98	1	1	10	9	0	2	C
I	2878393	A	M	29	2	6.45%	2	1	49	27	0.98	1	1	16	13	0	2	C
I	2891131	A	W	15	2	11.76%	2	1	46	31	0.98	1	1	11	4	0	2	T
I	2897636	A	R	60	4	6.25%	2	1	45	34	0.98	1	1	30	30	4	0	G
I	2909050	A	M	41	3	6.82%	2	1	42	26	0.98	1	1	25	16	0	3	C
I	2913897	T	K	12	4	25%	2	1	45	28	0.98	1	1	2	10	4	0	G
I	2925896	A	W	47	3	6%	2	1	48	37	0.98	1	1	22	25	3	0	T
I	2926235	A	M	48	3	5.88%	2	1	46	27	0.98	1	1	29	19	0	3	C
I	2931450	G	R	110	6	5.17%	2	1	48	37	0.98	1	1	56	54	6	0	A
I	2943738	A	R	61	5	7.58%	2	2	52	34	0.98	1	1	35	26	4	1	G
I	2943858	T	Y	53	3	5.36%	2	2	46	27	0.98	1	1	23	30	1	2	C
I	2943945	C	Y	51	3	5.56%	2	2	46	34	0.98	1	1	29	22	1	2	T
I	2944074	T	Y	55	3	5.17%	2	1	46	37	0.98	1	1	31	24	3	0	C
I	2956480	T	K	35	2	5.41%	2	1	44	31	0.98	1	1	21	14	2	0	G
I	2959802	C	M	11	2	15.38%	2	1	37	25	0.98	1	1	2	9	2	0	A
I	2973343	A	M	18	2	10%	2	1	38	37	0.98	1	1	14	4	0	2	C
I	2989095	G	K	38	2	5%	2	1	42	27	0.98	1	1	24	14	0	2	T
I	2994434	C	A	0	17	100%	0	2	0	40	0.98	0	1	0	0	6	11	A
I	3000220	T	K	37	2	5.13%	2	2	48	31	0.98	1	1	11	26	1	1	G
I	3092225	T	K	20	2	9.09%	2	1	42	25	0.98	1	1	7	13	2	0	G
I	3099723	T	K	23	2	8%	2	1	38	25	0.98	1	1	18	5	2	0	G
I	3111508	A	G	0	21	100%	0	2	0	47	0.98	0	1	0	0	13	8	G
I	3115841	C	A	0	44	100%	0	2	0	53	0.98	0	1	0	0	27	17	A
I	3119299	G	A	0	13	100%	0	2	0	42	0.98	0	1	0	0	6	7	A
I	3131478	T	Y	23	2	8%	2	1	49	49	0.98	1	1	9	14	2	0	C
I	3162047	T	K	11	2	15.38%	2	1	40	33	0.98	1	1	2	9	2	0	G
I	3166306	T	W	26	2	7.14%	2	2	49	23	0.98	1	1	16	10	1	1	A
I	3179238	G	C	0	46	100%	0	2	0	43	0.98	0	1	0	0	18	28	C
I	3184362	G	R	21	2	8.7%	2	2	45	37	0.98	1	1	14	7	1	1	A
I	3186798	G	A	0	32	100%	0	2	0	49	0.98	0	1	0	0	16	16	A
I	3188728	T	W	33	2	5.71%	2	2	42	37	0.98	1	1	17	16	1	1	A
I	3191429	G	K	27	4	12.9%	2	1	37	29	0.98	1	1	1	26	4	0	T
I	3224397	A	R	31	2	6.06%	2	1	42	37	0.98	1	1	15	16	2	0	G
I	3241511	C	M	35	2	5.41%	2	1	42	25	0.98	1	1	24	11	0	2	A
I	3241516	C	M	32	2	5.88%	2	1	40	27	0.98	1	1	23	9	0	2	A
I	3261776	A	M	31	2	6.06%	2	1	38	27	0.98	1	1	28	3	0	2	C
I	3289455	G	R	32	2	5.88%	2	1	45	37	0.98	1	1	9	23	0	2	A
I	3294780	G	T	0	44	100%	0	2	0	45	0.98	0	1	0	0	22	22	T
I	3299373	A	M	32	2	5.88%	2	1	45	25	0.98	1	1	23	9	0	2	C
I	3304611	T	K	33	3	8.33%	2	1	39	26	0.98	1	1	7	26	3	0	G
I	3306695	G	K	38	2	5%	2	1	42	31	0.98	1	1	17	21	2	0	T
I	3402958	G	K	28	2	6.67%	2	2	47	37	0.98	1	1	13	15	1	1	T
I	3405037	C	M	8	2	20%	2	1	33	31	0.98	1	1	2	6	2	0	A
I	3457836	T	K	29	3	9.38%	2	1	45	25	0.98	1	1	13	16	3	0	G
I	3476092	T	Y	32	2	5.88%	2	1	43	37	0.98	1	1	15	17	0	2	C
I	3477624	T	K	20	3	13.04%	2	1	35	29	0.98	1	1	6	14	3	0	G
I	3484043	C	M	29	2	6.45%	2	1	42	27	0.98	1	1	10	19	2	0	A
I	3492218	T	K	34	2	5.56%	2	1	40	25	0.98	1	1	8	26	2	0	G
I	3538450	A	T	0	23	100%	0	2	0	40	0.98	0	1	0	0	10	13	T
I	3548913	T	A	0	11	100%	0	2	0	43	0.98	0	1	0	0	3	8	A
I	3561499	C	S	31	2	6.06%	2	2	42	55	0.98	1	1	11	20	1	1	G
I	3576756	T	C	1	6	75%	1	2	62	43	0.98	1	1	1	0	4	2	C
I	3583106	G	A	0	50	100%	0	2	0	52	0.98	0	1	0	0	24	26	A
I	3603013	G	K	26	2	7.14%	2	1	41	27	0.98	1	1	11	15	0	2	T
I	3603027	A	M	23	2	8%	2	1	47	25	0.98	1	1	8	15	0	2	C
I	3618262	A	M	38	2	5%	2	1	47	31	0.98	1	1	13	25	0	2	C
I	3625223	C	M	20	2	9.09%	2	1	47	27	0.98	1	1	6	14	2	0	A
I	3625236	C	M	22	2	8.33%	2	1	43	25	0.98	1	1	7	15	2	0	A
I	3627851	A	M	29	2	6.45%	2	1	46	37	0.98	1	1	18	11	0	2	C
I	3643071	T	K	28	2	6.67%	2	1	49	31	0.98	1	1	12	16	2	0	G
I	3657362	A	W	27	2	6.9%	2	1	39	29	0.98	1	1	20	7	0	2	T
I	3657385	G	K	27	2	6.9%	2	1	34	29	0.98	1	1	24	3	0	2	T
I	3657401	C	M	29	3	9.38%	2	1	39	34	0.98	1	1	25	4	0	3	A
I	3660180	G	K	26	2	7.14%	2	1	47	31	0.98	1	1	16	10	0	2	T
I	3695478	A	M	25	2	7.41%	2	1	50	25	0.98	1	1	11	14	0	2	C
I	3700373	A	W	16	2	11.11%	2	1	46	27	0.98	1	1	10	6	0	2	T
I	3700378	A	W	16	2	11.11%	2	1	43	27	0.98	1	1	10	6	0	2	T
I	3700385	T	W	3	3	14.29%	1	1	61	34	0.98	1	1	3	0	0	3	A
I	3713606	C	M	7	2	22.22%	1	1	37	25	0.98	1	1	0	7	2	0	A
I	3723065	G	R	11	26	70.27%	2	2	41	46	0.98	1	1	8	3	12	14	A
I	3724913	C	S	35	2	5.41%	2	1	45	37	0.98	1	1	20	15	2	0	G
I	3733062	A	R	28	2	6.67%	2	2	41	37	0.98	1	1	12	16	1	1	G
I	3736776	T	K	21	2	8.7%	2	1	48	25	0.98	1	1	12	9	2	0	G
I	3749173	C	M	25	2	7.41%	2	1	57	55	0.98	1	1	17	8	2	0	A
I	3756171	T	K	23	2	8%	2	1	43	33	0.98	1	1	4	19	2	0	G
I	3761560	T	Y	94	6	6%	2	2	45	45	0.98	1	1	62	32	3	3	C
I	3761566	T	Y	95	9	8.65%	2	2	45	51	0.98	1	1	64	31	3	6	C
I	3780769	G	K	71	5	6.58%	2	1	45	37	0.98	1	1	37	34	5	0	T
I	3786151	C	M	26	2	7.14%	2	1	41	25	0.98	1	1	18	8	0	2	A
I	3786160	A	M	29	2	6.45%	2	1	42	33	0.98	1	1	23	6	0	2	C
I	3787122	C	Y	36	3	7.69%	2	2	49	31	0.98	1	1	21	15	2	1	T
I	3787123	A	M	37	2	5.13%	2	2	48	33	0.98	1	1	21	16	1	1	C
I	3787128	C	Y	36	3	7.69%	2	2	51	31	0.98	1	1	20	16	2	1	T
I	3787137	G	K	38	2	5%	2	1	51	29	0.98	1	1	21	17	2	0	T
I	3787766	A	R	47	8	14.55%	2	1	45	37	0.98	1	1	32	15	8	0	G
I	3795813	A	M	29	2	6.45%	2	1	40	27	0.98	1	1	19	10	0	2	C
I	3834256	A	M	18	4	18.18%	2	1	36	33	0.98	1	1	17	1	0	4	C
I	3849726	C	M	29	2	6.45%	2	2	46	55	0.98	1	1	13	16	1	1	A
I	3854413	G	K	18	2	10%	2	1	44	37	0.98	1	1	10	8	2	0	T
I	3855791	T	K	2	2	50%	1	2	55	37	0.98	1	1	0	2	1	1	G
I	3856369	C	M	37	10	21.28%	2	2	48	54	0.98	1	1	14	23	3	7	A
I	3856797	T	Y	24	2	7.69%	2	1	40	37	0.98	1	1	10	14	0	2	C
I	3879458	T	W	22	2	8.33%	2	2	35	28	0.98	1	1	8	14	1	1	A
I	3879494	A	M	22	2	8.33%	2	2	44	51	0.98	1	1	6	16	1	1	C
I	3882527	A	W	31	2	6.06%	2	1	45	29	0.98	1	1	17	14	2	0	T
I	3886090	T	W	27	2	6.9%	2	1	47	37	0.98	1	1	12	15	2	0	A
I	3899769	T	W	34	2	5.56%	2	1	45	33	0.98	1	1	11	23	2	0	A
I	3901131	T	K	34	2	5.56%	2	1	38	31	0.98	1	1	12	22	2	0	G
I	3901137	C	M	35	3	7.89%	2	1	39	23	0.98	1	1	14	21	3	0	A
I	3901142	C	M	35	2	5.41%	2	1	41	22	0.98	1	1	12	23	2	0	A
I	3910552	C	M	36	2	5.26%	2	1	41	31	0.98	1	1	26	10	0	2	A
I	3910557	G	K	37	3	7.5%	2	1	40	26	0.98	1	1	27	10	0	3	T
I	3910575	G	K	34	2	5.56%	2	1	37	27	0.98	1	1	28	6	0	2	T
I	3914283	T	Y	38	2	5%	2	2	44	55	0.98	1	1	25	13	1	1	C
I	3964676	T	Y	38	2	5%	2	1	47	29	0.98	1	1	21	17	0	2	C
I	3965918	T	K	23	2	8%	2	1	43	25	0.98	1	1	12	11	2	0	G
I	3983489	A	R	178	10	5.29%	2	2	46	40	0.98	1	1	109	69	8	2	G
I	3983670	T	Y	206	19	8.44%	2	2	48	39	0.98	1	1	103	103	14	5	C
I	3984278	C	Y	129	13	9.15%	2	2	45	41	0.98	1	1	67	62	11	2	T
I	3988337	T	Y	49	5	9.26%	2	2	44	37	0.98	1	1	24	25	2	3	C
I	3988361	A	R	54	3	5.26%	2	1	45	37	0.98	1	1	30	24	0	3	G
I	3989771	A	R	44	5	10.2%	2	2	43	44	0.98	1	1	17	27	4	1	G
I	3991619	A	M	33	2	5.71%	2	1	40	31	0.98	1	1	26	7	0	2	C
I	3992214	C	A	0	11	100%	0	2	0	39	0.98	0	1	0	0	2	9	A
I	4006881	T	Y	30	2	6.25%	2	2	47	31	0.98	1	1	17	13	1	1	C
I	4009196	A	M	26	2	7.14%	2	1	46	31	0.98	1	1	11	15	0	2	C
I	4009202	A	M	26	2	7.14%	2	1	40	31	0.98	1	1	10	16	0	2	C
I	4010230	A	M	18	2	10%	2	1	33	31	0.98	1	1	11	7	2	0	C
I	4034485	C	Y	12	2	14.29%	2	1	37	37	0.98	1	1	6	6	2	0	T
I	4063601	T	Y	88	6	6.25%	2	1	39	32	0.98	1	1	32	56	0	6	C
I	4063718	T	Y	70	4	5.41%	2	2	42	35	0.98	1	1	29	41	2	2	C
I	4063757	T	Y	64	5	6.94%	2	2	46	31	0.98	1	1	33	31	1	4	C
I	4082662	T	W	29	2	6.45%	2	1	43	37	0.98	1	1	7	22	0	2	A
I	4121802	G	K	27	2	6.9%	2	2	45	23	0.98	1	1	12	15	1	1	T
I	4137038	G	K	34	2	5.56%	2	1	43	33	0.98	1	1	18	16	2	0	T
I	4137046	C	M	38	2	5%	2	1	46	33	0.98	1	1	21	17	2	0	A
I	4137050	G	K	35	2	5.41%	2	1	45	31	0.98	1	1	18	17	2	0	T
I	4137063	C	M	37	2	5.13%	2	1	42	25	0.98	1	1	18	19	2	0	A
I	4159633	A	W	18	2	10%	2	1	37	27	0.98	1	1	14	4	0	2	T
I	4165864	T	Y	20	2	9.09%	2	1	46	31	0.98	1	1	10	10	0	2	C
I	4177943	G	K	19	2	9.52%	2	1	42	33	0.98	1	1	15	4	0	2	T
I	4192110	A	M	23	2	8%	2	1	37	37	0.98	1	1	12	11	0	2	C
I	4202571	T	W	37	2	5.13%	2	1	45	29	0.98	1	1	12	25	2	0	A
I	4205139	G	K	30	2	6.25%	2	2	44	31	0.98	1	1	11	19	1	1	T
I	4207887	G	R	32	3	8.57%	2	2	45	61	0.98	1	1	17	15	2	1	A
I	4221515	T	K	33	3	8.33%	2	1	44	29	0.98	1	1	9	24	3	0	G
I	4234734	T	W	18	2	10%	2	1	39	25	0.98	1	1	8	10	2	0	A
I	4252722	A	R	36	2	5.26%	2	2	50	37	0.98	1	1	12	24	1	1	G
I	4252725	C	Y	37	2	5.13%	2	2	51	37	0.98	1	1	12	25	1	1	T
I	4268916	T	K	33	5	13.16%	2	1	39	29	0.98	1	1	7	26	5	0	G
I	4316464	T	Y	33	4	10.81%	2	1	48	37	0.98	1	1	13	20	4	0	C
I	4316558	A	W	34	2	5.56%	2	1	52	37	0.98	1	1	10	24	0	2	T
I	4316584	C	Y	43	3	6.52%	2	2	52	36	0.98	1	1	16	27	1	2	T
I	4316809	T	Y	23	2	8%	2	1	47	33	0.98	1	1	11	12	2	0	C
I	4316833	A	R	32	2	5.88%	2	2	49	37	0.98	1	1	16	16	1	1	G
I	4317293	T	Y	18	2	10%	2	2	43	37	0.98	1	1	11	7	1	1	C
I	4326919	G	K	23	2	8%	2	1	46	25	0.98	1	1	15	8	2	0	T
I	4333379	C	Y	65	4	5.8%	2	1	50	37	0.98	1	1	34	31	4	0	T
I	4363809	T	Y	34	2	5.56%	2	1	46	37	0.98	1	1	12	22	0	2	C
I	4365604	T	Y	26	2	6.9%	2	2	47	37	0.98	1	1	12	14	1	1	C
I	4367758	A	W	30	2	6.25%	2	1	48	25	0.98	1	1	15	15	0	2	T
I	4375421	A	T	0	27	100%	0	2	0	41	0.98	0	1	0	0	11	16	T
I	4380372	A	R	20	2	9.09%	2	2	46	37	0.98	1	1	10	10	1	1	G
I	4380566	T	W	9	13	59.09%	2	2	45	36	0.98	1	1	6	3	5	8	A
I	4399987	G	K	26	2	7.14%	2	2	41	31	0.98	1	1	20	6	1	1	T
I	4400024	C	M	25	2	7.41%	2	1	44	20	0.98	1	1	16	9	0	2	A
I	4402192	T	K	21	2	8.7%	2	1	44	37	0.98	1	1	14	7	2	0	G
I	4407496	C	S	38	2	5%	2	1	49	33	0.98	1	1	14	24	2	0	G
I	4442714	G	A	0	51	100%	0	2	0	48	0.98	0	1	0	0	19	32	A
I	4461908	G	R	22	2	8.33%	2	1	46	37	0.98	1	1	8	14	2	0	A
I	4472197	C	M	22	2	8.33%	2	1	47	37	0.98	1	1	5	17	2	0	A
I	4474734	A	W	14	7	33.33%	2	2	38	42	0.98	1	1	7	7	6	1	T
I	4481475	A	M	21	2	8.7%	2	1	44	25	0.98	1	1	16	5	0	2	C
I	4485342	T	W	36	2	5.26%	2	1	45	36	0.98	1	1	20	16	2	0	A
I	4505665	C	M	26	2	7.14%	2	1	43	25	0.98	1	1	6	20	2	0	A
I	4523430	G	R	33	2	5.71%	2	1	39	37	0.98	1	1	6	27	0	2	A
I	4523478	A	R	30	2	6.25%	2	1	41	37	0.98	1	1	8	22	0	2	G
I	4523484	G	R	32	2	5.88%	2	1	41	25	0.98	1	1	7	25	0	2	A
I	4523487	G	R	38	2	5%	2	1	41	37	0.98	1	1	13	25	0	2	A
I	4523490	T	W	38	2	5%	2	1	39	31	0.98	1	1	13	25	0	2	A
I	4523495	T	Y	34	2	5.56%	2	1	40	37	0.98	1	1	14	20	0	2	C
I	4533215	G	K	10	2	16.67%	2	1	39	25	0.98	1	1	5	5	0	2	T
I	4557449	T	K	14	2	12.5%	2	1	39	31	0.98	1	1	5	9	2	0	G
I	4557468	T	W	12	2	14.29%	2	1	38	25	0.98	1	1	3	9	2	0	A
I	4581019	C	M	31	2	6.06%	2	2	52	37	0.98	1	1	11	20	1	1	A
I	4585816	G	K	19	2	9.52%	2	1	42	37	0.98	1	1	6	13	2	0	T
I	4604689	G	K	9	2	18.18%	2	1	37	31	0.98	1	1	1	8	2	0	T
I	4609528	T	K	35	2	5.41%	2	1	50	22	0.98	1	1	24	11	0	2	G
I	4648160	G	K	3	5	62.5%	2	2	33	34	0.98	1	1	2	1	4	1	T
I	4648161	G	K	8	17	68%	2	2	35	43	0.98	1	1	6	2	13	4	T
I	4657116	G	K	16	2	10.53%	2	1	39	25	0.98	1	1	14	2	0	2	T
I	4657121	A	M	18	3	14.29%	2	1	36	29	0.98	1	1	13	5	0	3	C
I	4659186	C	M	24	2	7.69%	2	1	42	31	0.98	1	1	18	6	0	2	A
I	4669113	T	K	16	2	11.11%	2	1	50	31	0.98	1	1	8	8	2	0	G
I	4700979	T	K	19	3	13.64%	2	1	40	29	0.98	1	1	3	16	3	0	G
I	4701693	G	K	26	2	7.14%	2	1	46	27	0.98	1	1	10	16	2	0	T
I	4732603	A	R	19	2	9.52%	2	2	48	55	0.98	1	1	10	9	1	1	G
I	4736830	A	R	19	2	9.52%	2	1	46	48	0.98	1	1	12	7	2	0	G
I	4762037	A	M	26	2	7.14%	2	1	40	37	0.98	1	1	12	14	0	2	C
I	4764253	G	R	8	2	6.06%	2	1	39	31	0.98	1	1	6	2	0	2	A
I	4773200	A	R	33	2	5.71%	2	2	44	55	0.98	1	1	18	15	1	1	G
I	4805908	A	M	25	2	7.41%	2	1	42	31	0.98	1	1	14	11	0	2	C
I	4840790	G	R	34	2	5.56%	2	1	43	31	0.98	1	1	20	14	0	2	A
I	4857350	T	K	25	2	7.41%	2	1	40	29	0.98	1	1	2	23	2	0	G
I	4893889	C	M	29	2	6.45%	2	1	40	31	0.98	1	1	17	12	0	2	A
I	4893945	A	M	18	3	14.29%	2	1	40	33	0.98	1	1	14	4	0	3	C
I	4915260	A	M	26	2	7.14%	2	1	40	25	0.98	1	1	13	13	0	2	C
I	4919603	A	G	0	39	100%	0	2	0	43	0.98	0	1	0	0	11	28	G
I	4920558	G	S	21	2	8.7%	2	1	45	37	0.98	1	1	14	7	0	2	C
I	4926046	C	Y	5	2	14.29%	1	1	39	31	0.98	1	1	5	0	0	2	+T
I	4950473	G	K	17	5	22.73%	2	2	45	34	0.98	1	1	9	8	2	3	T
I	4959921	G	K	28	2	6.67%	2	1	45	25	0.98	1	1	14	14	0	2	T
I	4965487	G	K	36	2	5.26%	2	1	43	29	0.98	1	1	13	23	2	0	T
I	4975851	T	K	11	2	15.38%	2	1	45	25	0.98	1	1	4	7	2	0	G
I	4978214	A	W	17	2	10.53%	2	1	41	37	0.98	1	1	7	10	0	2	T
I	5004955	A	W	35	2	5.41%	2	1	42	22	0.98	1	1	23	12	0	2	T
I	5036858	T	W	35	2	5.41%	2	1	44	27	0.98	1	1	27	8	0	2	A
I	5036860	T	W	33	2	5.71%	2	1	42	28	0.98	1	1	31	2	0	2	A
I	5036862	A	M	32	2	5.88%	2	1	36	27	0.98	1	1	29	3	0	2	C
I	5037230	C	M	15	22	59.46%	2	2	38	44	0.98	1	1	6	9	13	9	A
I	5039640	A	M	30	2	6.25%	2	2	52	22	0.98	1	1	18	12	1	1	C
I	5041724	T	W	20	2	9.09%	2	1	38	31	0.98	1	1	7	13	0	2	A
I	5045141	C	S	33	2	5.71%	2	2	55	74	0.98	1	1	14	19	1	1	G
I	5051615	T	K	35	2	5.41%	2	1	45	33	0.98	1	1	13	22	2	0	G
I	5068245	T	K	27	2	6.9%	2	1	38	33	0.98	1	1	11	16	2	0	G
I	5071520	A	M	24	2	7.69%	2	1	48	33	0.98	1	1	12	12	0	2	C
I	5078264	T	K	28	2	6.67%	2	2	44	55	0.98	1	1	9	19	1	1	G
I	5087105	G	K	29	2	6.45%	2	1	47	37	0.98	1	1	13	16	2	0	T
I	5087136	G	K	38	2	5%	2	1	46	25	0.98	1	1	17	21	2	0	T
I	5096470	G	K	15	2	11.76%	2	1	36	31	0.98	1	1	1	14	2	0	T
I	5101090	T	K	28	2	6.67%	2	1	46	25	0.98	1	1	19	9	2	0	G
I	5107205	A	M	26	2	7.14%	2	2	44	37	0.98	1	1	8	18	1	1	C
I	5127734	T	Y	23	2	8%	2	1	44	31	0.98	1	1	9	14	0	2	C
I	5127859	A	M	28	2	6.67%	2	1	50	37	0.98	1	1	14	14	0	2	C
I	5171864	G	K	11	2	15.38%	2	1	39	31	0.98	1	1	4	7	0	2	T
I	5179165	G	S	38	2	5%	2	1	44	31	0.98	1	1	18	20	0	2	C
I	5238085	T	W	23	2	8%	2	2	37	51	0.98	1	1	16	7	1	1	A
I	5244612	T	K	38	2	5%	2	1	45	37	0.98	1	1	12	26	2	0	G
I	5263140	A	R	24	2	7.69%	2	1	45	37	0.98	1	1	10	14	2	0	G
I	5263148	T	Y	25	2	7.41%	2	1	46	37	0.98	1	1	11	14	2	0	C
I	5263154	A	R	26	2	7.14%	2	1	47	37	0.98	1	1	12	14	2	0	G
I	5263251	A	R	30	2	6.25%	2	1	44	37	0.98	1	1	15	15	0	2	G
I	5268831	A	R	34	2	5.56%	2	2	46	37	0.98	1	1	24	10	1	1	G
I	5268837	T	Y	33	2	5.71%	2	2	47	37	0.98	1	1	24	9	1	1	C
I	5300229	G	T	0	15	100%	0	2	0	50	0.98	0	1	0	0	11	4	T
I	5324867	G	K	30	2	6.25%	2	1	41	37	0.98	1	1	20	10	2	0	T
I	5343339	T	Y	22	2	8.33%	2	2	51	61	0.98	1	1	6	16	1	1	C
I	5360671	T	K	9	2	18.18%	2	1	35	25	0.98	1	1	1	8	2	0	G
I	5360699	G	K	9	2	18.18%	2	1	37	37	0.98	1	1	1	8	2	0	T
I	5386404	T	Y	32	2	5.88%	2	2	52	55	0.98	1	1	15	17	1	1	C
I	5389794	G	A	0	31	100%	0	2	0	39	0.98	0	1	0	0	16	15	A
I	5400080	C	T	0	27	100%	0	2	0	50	0.98	0	1	0	0	14	13	T
I	5412229	A	R	18	2	10%	2	2	40	55	0.98	1	1	3	15	1	1	G
I	5434324	A	M	31	2	6.06%	2	1	47	31	0.98	1	1	15	16	0	2	C
I	5529350	G	K	19	2	9.52%	2	1	39	37	0.98	1	1	16	3	0	2	T
I	5537862	A	M	28	2	6.67%	2	1	47	37	0.98	1	1	12	16	0	2	C
I	5557267	C	M	10	2	16.67%	1	1	36	27	0.98	1	1	10	0	0	2	A
I	5562193	A	R	28	17	37.78%	2	2	51	42	0.98	1	1	13	15	9	8	G
I	5565045	C	M	15	2	11.76%	2	2	42	25	0.98	1	1	5	10	1	1	A
I	5568014	G	R	25	9	26.47%	2	2	37	41	0.98	1	1	12	13	5	4	A
I	5569168	A	R	45	6	11.76%	2	2	47	43	0.98	1	1	15	30	1	5	G
I	5569182	A	W	49	5	9.26%	2	2	48	44	0.98	1	1	18	31	1	4	T
I	5571391	T	K	19	2	9.52%	2	1	47	27	0.98	1	1	7	12	2	0	G
I	5571792	G	K	74	6	7.41%	2	2	44	41	0.98	1	1	30	44	4	2	T
I	5572207	C	Y	55	3	5.17%	2	1	47	49	0.98	1	1	37	18	3	0	T
I	5572215	T	Y	50	4	7.27%	2	1	47	46	0.98	1	1	33	17	4	0	C
I	5572218	T	Y	54	4	6.9%	2	1	47	46	0.98	1	1	35	19	4	0	C
I	5572952	T	W	56	3	5.08%	2	2	52	49	0.98	1	1	29	27	2	1	A
I	5573444	T	Y	55	12	17.91%	2	2	49	57	0.98	1	1	20	35	4	8	C
I	5573452	A	R	54	12	18.18%	2	2	51	58	0.98	1	1	19	35	4	8	G
I	5573468	G	R	50	10	16.67%	2	2	50	49	0.98	1	1	14	36	2	8	A
I	5573480	C	Y	45	9	16.67%	2	2	48	49	0.98	1	1	11	34	2	7	T
I	5573770	A	R	6	4	40%	2	2	55	46	0.98	1	1	4	2	3	1	G
I	5573801	G	R	10	4	28.57%	2	1	48	37	0.98	1	1	7	3	4	0	A
I	5576809	C	Y	19	10	34.48%	2	2	39	35	0.98	1	1	15	4	6	4	T
I	5577153	A	M	31	2	6.06%	2	1	48	37	0.98	1	1	19	12	0	2	C
I	5579055	C	Y	8	7	46.67%	2	2	44	47	0.98	1	1	1	7	1	6	T
II	267	A	M	34	2	5.56%	2	1	47	37	0.98	1	1	24	10	0	2	C
II	6060	T	W	35	2	5.41%	2	1	46	37	0.98	1	1	16	19	2	0	A
II	6074	T	Y	31	2	6.06%	2	1	50	37	0.98	1	1	15	16	2	0	C
II	7207	T	Y	21	2	8.7%	2	1	46	37	0.98	1	1	9	12	2	0	C
II	52915	T	K	36	2	5.26%	2	1	48	25	0.98	1	1	21	15	2	0	G
II	65357	T	K	30	2	6.25%	2	1	53	37	0.98	1	1	18	12	2	0	G
II	72285	G	K	38	2	5%	2	2	44	37	0.98	1	1	20	18	1	1	T
II	73491	A	M	27	2	6.9%	2	2	46	55	0.98	1	1	13	14	1	1	C
II	75177	A	R	37	2	5.13%	2	2	42	55	0.98	1	1	22	15	1	1	G
II	78386	G	K	19	3	13.64%	2	1	40	26	0.98	1	1	14	5	0	3	T
II	78405	A	M	16	3	15.79%	2	1	44	27	0.98	1	1	12	4	0	3	C
II	105808	T	Y	43	3	6.52%	2	1	48	61	0.98	1	1	21	22	0	3	C
II	105829	C	Y	44	3	6.38%	2	1	50	53	0.98	1	1	22	22	0	3	T
II	105862	T	Y	49	3	5.77%	2	1	47	37	0.98	1	1	35	14	0	3	C
II	105874	T	Y	53	4	7.02%	2	1	49	55	0.98	1	1	39	14	0	4	C
II	105886	T	Y	51	4	7.27%	2	2	51	55	0.98	1	1	36	15	2	2	C
II	105889	C	Y	52	4	7.14%	2	2	51	52	0.98	1	1	37	15	2	2	T
II	105916	C	Y	45	6	11.76%	2	2	51	55	0.98	1	1	32	13	2	4	T
II	106174	T	Y	49	4	7.55%	2	2	45	55	0.98	1	1	23	26	3	1	C
II	106207	C	Y	46	4	8%	2	2	44	52	0.98	1	1	19	27	2	2	T
II	106599	T	K	34	2	5.56%	2	1	50	28	0.98	1	1	17	17	2	0	G
II	106622	T	K	33	2	5.71%	2	1	48	33	0.98	1	1	15	18	2	0	G
II	107639	G	K	21	2	8.7%	2	1	47	31	0.98	1	1	11	10	2	0	T
II	111762	A	R	38	3	7.32%	2	2	44	37	0.98	1	1	23	15	1	2	G
II	111772	T	Y	37	3	7.5%	2	2	46	33	0.98	1	1	23	14	1	2	C
II	111777	A	R	39	3	7.14%	2	2	46	37	0.98	1	1	24	15	1	2	G
II	111780	A	W	41	3	6.82%	2	2	48	37	0.98	1	1	22	19	1	2	T
II	111783	A	R	39	3	7.14%	2	2	49	37	0.98	1	1	22	17	1	2	G
II	111785	T	Y	39	3	7.14%	2	2	52	37	0.98	1	1	20	19	1	2	C
II	112002	G	R	38	2	5%	2	2	49	55	0.98	1	1	14	24	1	1	A
II	112020	A	W	37	2	5.13%	2	1	47	68	0.98	1	1	17	20	0	2	T
II	112026	G	R	38	2	5%	2	1	47	74	0.98	1	1	17	21	0	2	A
II	112092	G	R	35	2	5.41%	2	1	40	37	0.98	1	1	15	20	2	0	A
II	112202	C	Y	29	3	9.38%	2	2	49	37	0.98	1	1	11	18	1	2	T
II	112203	G	R	29	3	9.38%	2	2	51	37	0.98	1	1	11	18	1	2	A
II	112240	T	W	34	2	5.56%	2	1	48	37	0.98	1	1	18	16	0	2	A
II	112242	C	M	35	2	5.41%	2	1	50	37	0.98	1	1	18	17	0	2	A
II	112245	A	W	29	2	6.45%	2	1	52	37	0.98	1	1	18	11	0	2	T
II	112260	A	R	32	3	8.57%	2	2	52	49	0.98	1	1	17	15	1	2	G
II	112368	G	R	32	2	5.88%	2	1	48	74	0.98	1	1	22	10	0	2	A
II	112766	A	R	23	2	8%	2	2	43	37	0.98	1	1	11	12	1	1	G
II	138786	T	W	36	2	5.26%	2	1	48	37	0.98	1	1	17	19	2	0	A
II	175343	A	M	25	2	7.41%	2	1	41	27	0.98	1	1	16	9	0	2	C
II	176808	G	S	46	3	6.12%	2	2	49	70	0.98	1	1	22	24	2	1	C
II	202178	T	Y	33	2	5.71%	2	2	41	55	0.98	1	1	23	10	1	1	C
II	203061	C	M	22	2	8.33%	2	2	50	25	0.98	1	1	10	12	1	1	A
II	228056	T	K	11	2	15.38%	2	1	43	25	0.98	1	1	7	4	0	2	G
II	234516	T	K	27	2	6.9%	2	1	43	37	0.98	1	1	5	22	2	0	G
II	243132	G	K	27	2	6.9%	2	1	39	25	0.98	1	1	21	6	0	2	T
II	257602	G	K	33	2	5.71%	2	1	42	37	0.98	1	1	21	12	0	2	T
II	257605	A	W	33	3	8.33%	2	1	43	30	0.98	1	1	19	14	0	3	T
II	257608	G	K	29	2	6.45%	2	1	43	22	0.98	1	1	19	10	0	2	T
II	266718	A	C	0	52	100%	0	2	0	45	0.98	0	1	0	0	14	38	C
II	266780	T	A	0	23	100%	0	2	0	41	0.98	0	1	0	0	7	16	A
II	276539	A	T	0	56	100%	0	2	0	46	0.98	0	1	0	0	31	25	T
II	284763	G	K	34	2	5.56%	2	2	49	21	0.98	1	1	14	20	1	1	T
II	298454	A	W	22	2	8.33%	2	1	46	27	0.98	1	1	13	9	0	2	T
II	305328	T	W	34	2	5.56%	2	2	44	37	0.98	1	1	18	16	1	1	A
II	306481	G	R	18	2	10%	2	2	43	31	0.98	1	1	14	4	1	1	A
II	325385	C	M	37	2	5.13%	2	1	45	27	0.98	1	1	14	23	2	0	A
II	333029	A	W	37	2	5.13%	2	1	49	25	0.98	1	1	16	21	0	2	T
II	353409	G	K	34	2	5.56%	2	1	45	31	0.98	1	1	22	12	0	2	T
II	374909	T	K	32	3	8.57%	2	1	44	24	0.98	1	1	13	19	3	0	G
II	384149	A	M	57	4	6.56%	2	2	47	34	0.98	1	1	23	34	2	2	C
II	394432	T	W	32	2	5.88%	2	1	46	25	0.98	1	1	17	15	2	0	A
II	394485	G	K	35	2	5.41%	2	1	50	31	0.98	1	1	22	13	2	0	T
II	417159	A	R	24	2	7.69%	2	1	41	31	0.98	1	1	10	14	2	0	G
II	467920	A	M	27	2	6.9%	2	1	43	31	0.98	1	1	11	16	0	2	C
II	474505	A	M	28	2	6.67%	2	1	44	31	0.98	1	1	10	18	0	2	C
II	477066	A	R	33	2	5.71%	2	1	44	48	0.98	1	1	21	12	2	0	G
II	488815	T	K	29	2	6.45%	2	1	41	31	0.98	1	1	10	19	2	0	G
II	503573	T	W	39	3	7.14%	2	2	51	37	0.98	1	1	20	19	1	2	A
II	520666	A	W	11	2	15.38%	1	1	38	33	0.98	1	1	0	11	2	0	T
II	526951	C	Y	48	4	7.14%	2	2	53	37	0.98	1	1	16	32	1	3	-GTGTACGTGTGTGT
II	526954	G	K	39	4	9.3%	2	1	54	43	0.98	1	1	16	23	0	4	T
II	526965	T	Y	38	6	13.64%	2	2	51	43	0.98	1	1	14	24	2	4	C
II	529854	C	M	20	3	13.04%	2	1	30	24	0.98	1	1	13	7	3	0	A
II	531603	G	K	30	2	6.25%	2	1	42	29	0.98	1	1	23	7	0	2	T
II	540578	T	K	26	2	7.14%	2	1	42	25	0.98	1	1	10	16	2	0	G
II	540586	C	M	19	3	13.64%	2	1	39	26	0.98	1	1	1	18	3	0	A
II	540591	C	M	19	4	17.39%	2	1	34	25	0.98	1	1	1	18	4	0	A
II	540603	C	M	21	2	8.7%	2	1	36	27	0.98	1	1	4	17	2	0	A
II	540638	T	W	25	2	7.41%	2	1	41	33	0.98	1	1	4	21	2	0	A
II	540640	G	K	25	2	7.41%	2	1	40	33	0.98	1	1	5	20	2	0	T
II	545719	A	M	21	2	8.7%	2	1	40	29	0.98	1	1	15	6	0	2	C
II	561044	G	K	13	2	13.33%	2	1	38	31	0.98	1	1	7	6	0	2	T
II	561054	C	M	13	2	13.33%	2	1	35	25	0.98	1	1	8	5	0	2	A
II	578909	T	K	35	2	5.41%	2	1	42	27	0.98	1	1	18	17	2	0	G
II	595866	A	M	19	2	9.52%	2	1	40	27	0.98	1	1	10	9	0	2	C
II	599190	T	K	21	2	8.7%	2	1	46	27	0.98	1	1	9	12	2	0	G
II	603280	T	A	0	3	100%	0	1	0	37	0.98	0	1	0	0	0	3	A
II	670397	C	M	132	7	5.04%	2	2	49	36	0.98	1	1	78	54	4	3	A
II	670673	T	Y	82	10	10.87%	2	2	47	40	0.98	1	1	46	36	5	5	C
II	673026	A	M	21	2	8.7%	2	1	36	25	0.98	1	1	10	11	0	2	C
II	673073	G	K	25	2	7.41%	2	1	36	25	0.98	1	1	16	9	0	2	T
II	673086	G	R	10	2	10.53%	2	1	39	37	0.98	1	1	9	1	0	2	A
II	685728	G	A	0	42	100%	0	2	0	47	0.98	0	1	0	0	26	16	A
II	689020	A	W	87	5	5.43%	2	2	45	37	0.98	1	1	49	38	3	2	T
II	689038	T	Y	80	5	5.81%	2	2	47	37	0.98	1	1	43	37	3	2	C
II	689063	T	Y	74	4	5.06%	2	2	48	35	0.98	1	1	42	32	1	3	C
II	689140	T	Y	91	7	7.14%	2	2	48	42	0.98	1	1	40	51	3	4	C
II	689212	T	Y	95	5	5%	2	2	43	37	0.98	1	1	47	48	3	2	C
II	689313	C	Y	104	7	6.25%	2	2	48	37	0.98	1	1	55	49	5	2	T
II	689315	T	K	106	6	5.31%	2	2	48	34	0.98	1	1	52	54	3	3	G
II	689330	T	Y	91	27	22.88%	2	2	46	35	0.98	1	1	42	49	10	17	C
II	689356	T	Y	111	7	5.93%	2	2	46	33	0.98	1	1	52	59	4	3	C
II	689485	A	T	0	66	100%	0	2	0	39	0.98	0	1	0	0	40	26	T
II	689487	A	C	0	69	100%	0	2	0	39	0.98	0	1	0	0	43	26	C
II	689500	T	Y	70	5	6.67%	2	1	41	34	0.98	1	1	39	31	5	0	C
II	689539	T	W	83	6	6.74%	2	2	41	37	0.98	1	1	43	40	4	2	A
II	689578	T	Y	87	9	9.38%	2	2	42	34	0.98	1	1	48	39	4	5	C
II	689644	C	Y	102	6	5.56%	2	2	44	33	0.98	1	1	54	48	3	3	T
II	689709	C	Y	100	8	7.41%	2	2	43	41	0.98	1	1	57	43	5	3	T
II	689752	T	Y	97	9	8.49%	2	2	45	40	0.98	1	1	50	47	3	6	C
II	689794	T	C	1	102	99.03%	1	2	37	43	0.98	1	1	0	1	54	48	C
II	689834	G	S	107	7	6.14%	2	2	44	35	0.98	1	1	52	55	4	3	C
II	689996	A	R	86	12	12.24%	2	2	45	37	0.98	1	1	47	39	11	1	G
II	690040	T	Y	104	9	7.96%	2	2	42	53	0.98	1	1	58	46	5	4	C
II	690112	T	Y	125	7	5.3%	2	2	47	35	0.98	1	1	67	58	2	5	C
II	690150	G	S	123	7	5.38%	2	2	48	34	0.98	1	1	66	57	4	3	C
II	690151	T	W	120	7	5.51%	2	2	46	29	0.98	1	1	61	59	6	1	A
II	690190	T	Y	122	7	5.43%	2	2	46	42	0.98	1	1	58	64	6	1	C
II	690215	G	K	118	7	5.6%	2	2	46	33	0.98	1	1	58	60	3	4	T
II	690283	C	Y	102	7	6.36%	2	2	49	42	0.98	1	1	53	49	5	2	T
II	690321	C	Y	99	6	5.71%	2	2	49	37	0.98	1	1	55	44	2	4	T
II	690465	C	Y	89	6	6.32%	2	2	44	37	0.98	1	1	41	48	3	3	T
II	690685	T	K	67	5	6.94%	2	2	49	35	0.98	1	1	25	42	1	4	G
II	690770	G	S	75	6	7.41%	2	2	53	33	0.98	1	1	28	47	3	3	C
II	690806	C	Y	62	4	6.06%	2	2	53	40	0.98	1	1	23	39	1	3	T
II	690832	T	Y	52	4	7.14%	2	2	52	32	0.98	1	1	16	36	3	1	C
II	690868	C	Y	21	12	36.36%	2	2	56	50	0.98	1	1	12	9	3	9	T
II	690870	C	S	22	14	38.89%	2	2	54	50	0.98	1	1	10	12	5	9	G
II	690871	A	W	23	14	37.84%	2	2	53	46	0.98	1	1	10	13	5	9	T
II	690874	C	Y	22	14	38.89%	2	2	56	50	0.98	1	1	10	12	5	9	T
II	690897	T	Y	23	3	11.54%	2	2	55	49	0.98	1	1	9	14	2	1	C
II	690904	T	Y	19	2	9.52%	2	1	52	55	0.98	1	1	8	11	0	2	C
II	690942	C	S	16	2	11.11%	2	1	56	49	0.98	1	1	8	8	2	0	G
II	691007	C	S	19	5	20.83%	2	2	62	37	0.98	1	1	11	8	2	3	G
II	691072	A	W	12	2	14.29%	2	2	49	55	0.98	1	1	9	3	1	1	T
II	691074	C	S	12	2	14.29%	2	2	49	55	0.98	1	1	9	3	1	1	G
II	691077	T	Y	13	2	13.33%	2	2	49	37	0.98	1	1	9	4	1	1	C
II	691079	G	S	11	3	20%	2	2	49	45	0.98	1	1	9	2	1	2	C
II	691081	G	K	13	2	13.33%	2	2	48	55	0.98	1	1	9	4	1	1	T
II	691180	A	W	9	2	18.18%	2	2	43	37	0.98	1	1	6	3	1	1	T
II	691257	T	Y	7	3	30%	2	2	52	33	0.98	1	1	2	5	1	2	C
II	691259	G	K	8	2	20%	2	2	50	37	0.98	1	1	2	6	1	1	T
II	691365	T	Y	2	3	60%	2	2	55	46	0.98	1	1	1	1	2	1	C
II	691367	C	Y	3	2	40%	2	2	46	33	0.98	1	1	2	1	1	1	T
II	691446	G	S	5	2	28.57%	2	1	51	37	0.98	1	1	1	4	2	0	C
II	691447	T	W	5	2	28.57%	2	1	49	37	0.98	1	1	1	4	2	0	A
II	691547	T	Y	54	3	5.26%	2	1	48	37	0.98	1	1	37	17	3	0	C
II	691560	T	Y	55	5	8.33%	2	2	49	44	0.98	1	1	37	18	4	1	C
II	691634	T	Y	71	6	7.79%	2	2	49	34	0.98	1	1	45	26	3	3	C
II	691948	C	Y	104	6	5.45%	2	2	50	32	0.98	1	1	46	58	2	4	T
II	692082	G	S	74	4	5.13%	2	2	49	37	0.98	1	1	23	51	1	3	C
II	692087	C	S	67	4	5.63%	2	2	50	37	0.98	1	1	21	46	1	3	G
II	692092	C	Y	64	6	8.57%	2	2	48	48	0.98	1	1	16	48	3	3	T
II	692164	C	Y	29	2	6.45%	2	1	42	37	0.98	1	1	6	23	0	2	T
II	692193	T	Y	11	4	26.67%	2	1	48	37	0.98	1	1	7	4	0	4	C
II	692195	G	K	10	5	33.33%	2	1	50	37	0.98	1	1	6	4	0	5	T
II	692203	A	W	12	2	14.29%	2	2	48	31	0.98	1	1	6	6	1	1	T
II	692272	C	Y	12	2	14.29%	2	1	48	55	0.98	1	1	4	8	0	2	T
II	692301	T	Y	8	2	20%	2	1	47	37	0.98	1	1	2	6	0	2	C
II	692303	C	S	3	5	50%	2	2	61	33	0.98	1	1	1	2	2	3	G
II	692303	C	Y	3	2	20%	2	1	61	37	0.98	1	1	1	2	0	2	G
II	692344	C	Y	7	2	22.22%	2	1	54	37	0.98	1	1	3	4	0	2	T
II	692377	T	K	3	3	50%	2	1	50	37	0.98	1	1	1	2	0	3	G
II	692524	C	Y	18	2	10%	2	2	50	37	0.98	1	1	7	11	1	1	T
II	692627	C	S	12	2	14.29%	2	1	57	37	0.98	1	1	3	9	2	0	G
II	692710	T	C	2	6	75%	2	1	37	37	0.98	1	1	1	1	6	0	C
II	692764	A	W	35	3	7.89%	2	2	49	33	0.98	1	1	24	11	1	2	T
II	692766	C	S	34	2	5.56%	2	2	50	37	0.98	1	1	23	11	1	1	G
II	692776	C	Y	41	3	6.82%	2	2	46	30	0.98	1	1	30	11	2	1	T
II	692848	T	Y	74	4	5.13%	2	1	49	35	0.98	1	1	52	22	4	0	C
II	692884	T	Y	82	7	7.87%	2	2	49	40	0.98	1	1	55	27	6	1	C
II	693028	T	Y	81	9	10%	2	2	43	39	0.98	1	1	32	49	6	3	C
II	693100	C	Y	88	6	6.38%	2	2	42	43	0.98	1	1	42	46	2	4	T
II	693106	T	Y	82	11	11.83%	2	2	43	43	0.98	1	1	38	44	7	4	C
II	693244	T	Y	117	9	7.14%	2	2	47	34	0.98	1	1	52	65	5	4	C
II	693388	T	Y	67	9	11.84%	2	2	43	41	0.98	1	1	23	44	4	5	C
II	693419	C	S	64	4	5.88%	2	2	41	39	0.98	1	1	24	40	1	3	G
II	693493	G	K	30	2	6.25%	2	1	38	31	0.98	1	1	15	15	2	0	T
II	693499	C	M	0	2	10.53%	0	2	0	37	0.98	0	1	0	0	1	1	A
II	693499	C	T	0	17	89.47%	0	2	0	33	0.98	0	1	0	0	11	6	T
II	693502	C	Y	24	2	7.69%	2	1	36	37	0.98	1	1	13	11	2	0	T
II	693529	T	K	34	2	5.56%	2	2	43	37	0.98	1	1	20	14	1	1	G
II	693610	T	Y	85	8	8.6%	2	2	48	41	0.98	1	1	52	33	6	2	C
II	693682	C	Y	112	6	5.08%	2	2	48	54	0.98	1	1	62	50	5	1	T
II	693709	T	K	108	8	6.9%	2	2	47	36	0.98	1	1	60	48	5	3	G
II	693754	T	Y	106	11	9.4%	2	2	46	37	0.98	1	1	55	51	10	1	C
II	694171	C	Y	147	8	5.16%	2	2	46	35	0.98	1	1	65	82	2	6	T
II	694252	C	Y	137	8	5.52%	2	2	46	40	0.98	1	1	57	80	3	5	T
II	694402	T	Y	112	6	5.08%	2	2	45	37	0.98	1	1	59	53	1	5	C
II	694618	T	Y	131	8	5.76%	2	2	46	36	0.98	1	1	63	68	4	4	C
II	694641	C	Y	114	10	8.06%	2	2	44	35	0.98	1	1	59	55	2	8	T
II	694684	T	Y	114	6	5%	2	2	44	41	0.98	1	1	48	66	3	3	C
II	694756	T	Y	97	7	6.73%	2	2	41	35	0.98	1	1	42	55	3	4	C
II	694821	C	Y	94	5	5.05%	2	2	41	44	0.98	1	1	42	52	2	3	T
II	695107	C	Y	85	7	7.53%	2	2	46	34	0.98	1	1	44	41	3	4	T
II	695145	C	Y	93	6	6.06%	2	2	45	35	0.98	1	1	51	42	3	3	T
II	695666	T	Y	67	10	12.99%	2	2	43	35	0.98	1	1	30	37	6	4	C
II	695692	T	Y	73	4	5.19%	2	2	49	37	0.98	1	1	26	47	1	3	C
II	695824	A	W	43	3	6.52%	2	2	40	37	0.98	1	1	20	23	2	1	T
II	695826	C	S	43	3	6.52%	2	2	41	37	0.98	1	1	20	23	1	2	G
II	695827	C	T	1	45	97.83%	1	2	37	40	0.98	1	1	1	0	20	25	T
II	695831	G	S	46	3	6%	2	2	41	33	0.98	1	1	22	24	2	1	C
II	695908	T	Y	76	6	7.32%	2	2	39	35	0.98	1	1	41	35	3	3	C
II	695980	T	Y	73	12	14.12%	2	2	38	35	0.98	1	1	44	29	8	4	C
II	696011	G	S	75	5	6.17%	2	2	38	37	0.98	1	1	49	26	2	3	C
II	696045	C	Y	74	4	5.13%	2	2	40	46	0.98	1	1	42	32	1	3	T
II	696166	T	Y	113	7	5.83%	2	2	44	40	0.98	1	1	50	63	3	4	C
II	696261	C	Y	98	7	6.67%	2	2	45	36	0.98	1	1	59	39	3	4	T
II	696350	T	Y	117	19	13.97%	2	2	47	35	0.98	1	1	65	52	10	9	C
II	696376	T	Y	121	8	6.15%	2	2	45	39	0.98	1	1	68	53	6	2	C
II	696592	T	Y	123	7	5.38%	2	2	45	37	0.98	1	1	60	63	4	3	C
II	696638	T	Y	98	14	12.5%	2	2	46	39	0.98	1	1	49	49	12	2	C
II	696664	T	Y	112	6	5.08%	2	2	45	35	0.98	1	1	61	51	5	1	C
II	697420	T	Y	99	6	5.71%	2	2	45	41	0.98	1	1	49	50	4	2	C
II	697456	T	Y	93	7	7%	2	2	43	43	0.98	1	1	45	48	3	4	C
II	699951	T	G	0	23	100%	0	2	0	47	0.98	0	1	0	0	12	11	G
II	699952	G	T	0	22	100%	0	2	0	47	0.98	0	1	0	0	11	11	T
II	699961	A	T	0	23	100%	0	2	0	48	0.98	0	1	0	0	12	11	T
II	700019	T	A	0	17	100%	0	2	0	48	0.98	0	1	0	0	6	11	A
II	700020	C	T	0	16	100%	0	2	0	50	0.98	0	1	0	0	5	11	T
II	700021	A	C	0	17	100%	0	2	0	50	0.98	0	1	0	0	6	11	C
II	700024	T	A	0	17	100%	0	2	0	49	0.98	0	1	0	0	6	11	A
II	700028	A	T	0	17	100%	0	2	0	49	0.98	0	1	0	0	6	11	T
II	700113	A	T	0	34	100%	0	2	0	45	0.98	0	1	0	0	20	14	T
II	725204	A	M	26	2	7.14%	2	1	45	37	0.98	1	1	10	16	0	2	C
II	773826	T	Y	28	2	6.67%	2	2	41	55	0.98	1	1	18	10	1	1	C
II	780174	C	M	41	3	6.82%	2	1	44	29	0.98	1	1	26	15	3	0	A
II	782375	G	R	15	2	11.76%	1	1	41	27	0.98	1	1	15	0	0	2	A
II	782380	A	M	16	4	20%	1	1	34	28	0.98	1	1	16	0	0	4	C
II	788523	T	Y	36	3	7.69%	2	2	50	49	0.98	1	1	19	17	1	2	C
II	789089	T	W	55	4	6.78%	2	1	41	27	0.98	1	1	13	42	4	0	A
II	807340	T	K	18	2	10%	2	1	49	27	0.98	1	1	4	14	2	0	G
II	811713	A	M	26	2	7.14%	2	1	45	27	0.98	1	1	19	7	0	2	C
II	824637	C	M	14	2	12.5%	2	1	35	27	0.98	1	1	1	13	2	0	A
II	824716	C	M	23	2	8%	2	1	42	22	0.98	1	1	14	9	2	0	A
II	830124	C	M	33	2	5.71%	2	1	47	25	0.98	1	1	17	16	0	2	A
II	850451	A	R	29	3	9.38%	2	1	46	37	0.98	1	1	19	10	0	3	G
II	850456	C	Y	32	3	8.57%	2	1	50	37	0.98	1	1	20	12	0	3	T
II	863578	T	K	20	2	9.09%	2	1	43	25	0.98	1	1	8	12	2	0	G
II	869806	G	C	0	42	100%	0	2	0	43	0.98	0	1	0	0	19	23	C
II	879033	T	A	0	14	100%	0	2	0	40	0.98	0	1	0	0	8	6	A
II	887736	T	K	14	3	17.65%	2	1	42	26	0.98	1	1	6	8	3	0	G
II	887795	C	M	13	2	13.33%	2	1	45	33	0.98	1	1	7	6	2	0	A
II	887820	G	K	20	2	9.09%	2	1	40	25	0.98	1	1	11	9	2	0	T
II	889977	A	W	12	2	14.29%	2	1	36	22	0.98	1	1	4	8	2	0	T
II	898814	C	M	10	2	16.67%	2	1	40	31	0.98	1	1	3	7	0	2	A
II	922890	A	W	38	3	7.32%	2	2	47	37	0.98	1	1	13	25	2	1	T
II	923543	C	A	0	29	100%	0	2	0	48	0.98	0	1	0	0	14	15	A
II	943554	C	A	0	33	100%	0	2	0	47	0.98	0	1	0	0	12	21	A
II	953201	A	G	0	15	100%	0	2	0	40	0.98	0	1	0	0	7	8	G
II	965734	A	M	21	4	16%	2	1	38	28	0.98	1	1	9	12	4	0	C
II	967094	A	G	0	11	100%	0	2	0	47	0.98	0	1	0	0	4	7	G
II	973505	A	M	36	2	5.26%	2	1	49	31	0.98	1	1	17	19	0	2	C
II	997668	G	R	13	2	13.33%	2	2	41	37	0.98	1	1	8	5	1	1	A
II	997671	G	R	14	3	17.65%	2	2	36	33	0.98	1	1	7	7	2	1	A
II	1011175	A	W	29	2	6.45%	2	1	39	37	0.98	1	1	13	16	2	0	T
II	1040701	C	M	29	2	6.45%	2	1	45	25	0.98	1	1	20	9	0	2	A
II	1044907	G	R	32	2	5.88%	2	1	49	33	0.98	1	1	15	17	2	0	A
II	1045135	A	R	32	2	5.88%	2	1	52	28	0.98	1	1	17	15	0	2	G
II	1045411	A	R	35	2	5.41%	2	1	46	31	0.98	1	1	23	12	2	0	G
II	1047475	T	W	30	2	6.25%	2	1	41	27	0.98	1	1	5	25	2	0	A
II	1074552	T	K	21	4	16%	2	1	39	30	0.98	1	1	4	17	4	0	G
II	1085479	T	K	24	2	7.69%	2	1	40	48	0.98	1	1	9	15	0	2	G
II	1102116	T	K	20	6	23.08%	2	1	41	29	0.98	1	1	4	16	6	0	G
II	1117413	A	W	27	3	10%	2	1	42	26	0.98	1	1	6	21	3	0	T
II	1117497	T	W	38	2	5%	2	1	46	22	0.98	1	1	17	21	2	0	A
II	1139301	A	R	27	2	6.67%	2	1	47	31	0.98	1	1	14	13	2	0	G
II	1140042	T	W	36	2	5.26%	2	1	42	25	0.98	1	1	22	14	0	2	A
II	1149977	G	K	20	3	13.04%	1	1	34	37	0.98	1	1	0	20	3	0	T
II	1155903	T	A	0	28	100%	0	2	0	48	0.98	0	1	0	0	9	19	A
II	1159678	G	C	0	22	100%	0	2	0	42	0.98	0	1	0	0	7	15	C
II	1159694	A	T	0	21	100%	0	2	0	43	0.98	0	1	0	0	8	13	T
II	1182147	A	M	26	2	7.14%	2	1	49	49	0.98	1	1	9	17	0	2	C
II	1196070	T	K	15	2	11.76%	2	1	45	25	0.98	1	1	3	12	2	0	G
II	1233353	C	Y	25	3	10.71%	2	1	41	49	0.98	1	1	14	11	0	3	T
II	1251546	A	M	35	2	5.41%	2	1	50	27	0.98	1	1	17	18	2	0	C
II	1251553	T	K	35	2	5.41%	2	1	47	29	0.98	1	1	19	16	2	0	G
II	1277480	A	W	10	3	21.43%	2	1	36	37	0.98	1	1	8	2	0	3	T
II	1277481	G	K	8	4	33.33%	2	1	41	34	0.98	1	1	7	1	0	4	T
II	1282582	A	R	16	2	11.11%	2	2	46	31	0.98	1	1	5	11	1	1	G
II	1300034	C	M	24	4	14.29%	2	1	39	49	0.98	1	1	15	9	0	4	A
II	1300043	C	M	27	5	15.62%	2	2	40	54	0.98	1	1	16	11	2	3	A
II	1300049	C	M	25	5	15.62%	2	2	41	66	0.98	1	1	14	11	2	3	A
II	1300055	G	R	26	5	15.62%	2	2	41	59	0.98	1	1	14	12	2	3	A
II	1300061	G	R	28	7	20%	2	2	41	63	0.98	1	1	14	14	2	5	A
II	1300067	G	R	30	7	18.92%	2	2	40	61	0.98	1	1	15	15	2	5	A
II	1300073	G	R	27	8	22.86%	2	2	41	47	0.98	1	1	16	11	3	5	A
II	1300079	T	W	27	9	25%	2	2	40	47	0.98	1	1	14	13	3	6	A
II	1300082	G	R	27	10	26.32%	2	2	42	52	0.98	1	1	16	11	3	7	A
II	1300103	C	M	35	8	18.18%	2	2	41	58	0.98	1	1	17	18	3	5	A
II	1300115	G	R	36	12	24.49%	2	2	39	52	0.98	1	1	20	16	3	9	A
II	1300121	C	M	31	13	28.89%	2	2	40	55	0.98	1	1	19	12	6	7	A
II	1300124	C	M	32	12	26.67%	2	2	40	61	0.98	1	1	18	14	5	7	A
II	1300130	C	M	30	12	28.57%	2	2	42	58	0.98	1	1	17	13	6	6	A
II	1323728	C	M	21	2	8.7%	2	1	40	27	0.98	1	1	9	12	0	2	A
II	1389222	T	W	14	2	12.5%	2	1	42	22	0.98	1	1	7	7	2	0	A
II	1392425	T	K	34	2	5.56%	2	1	40	29	0.98	1	1	9	25	2	0	G
II	1398526	A	M	39	3	7.14%	2	1	42	29	0.98	1	1	25	14	0	3	C
II	1402891	C	M	19	2	9.52%	2	2	46	55	0.98	1	1	8	11	1	1	A
II	1413588	T	C	0	42	100%	0	2	0	51	0.98	0	1	0	0	26	16	C
II	1435474	A	W	11	2	15.38%	2	1	39	37	0.98	1	1	1	10	2	0	T
II	1457047	T	K	36	2	5.26%	2	1	44	31	0.98	1	1	12	24	2	0	G
II	1457056	C	M	36	2	5.26%	2	1	40	28	0.98	1	1	12	24	2	0	A
II	1540106	G	K	27	2	6.9%	2	1	43	25	0.98	1	1	11	16	0	2	T
II	1545005	G	K	14	2	12.5%	2	1	47	25	0.98	1	1	9	5	0	2	T
II	1551185	G	R	45	3	6.25%	2	2	47	57	0.98	1	1	23	22	2	1	A
II	1569423	G	K	28	3	9.68%	2	1	36	27	0.98	1	1	22	6	0	3	T
II	1569445	G	K	32	3	8.57%	2	1	38	30	0.98	1	1	26	6	0	3	T
II	1588936	G	R	3	2	25%	2	1	37	37	0.98	1	1	2	1	0	2	A
II	1613039	A	R	29	2	6.45%	2	1	47	74	0.98	1	1	12	17	2	0	G
II	1613045	A	R	28	2	6.67%	2	1	48	74	0.98	1	1	11	17	2	0	G
II	1634843	T	Y	20	4	15.38%	2	2	55	33	0.98	1	1	11	9	1	3	C
II	1635004	A	M	26	2	7.14%	2	1	38	29	0.98	1	1	18	8	0	2	C
II	1636594	A	R	62	4	6.06%	2	1	44	37	0.98	1	1	32	30	4	0	G
II	1641073	C	M	112	6	5.08%	2	2	53	57	0.98	1	1	55	57	4	2	A
II	1672859	C	T	0	34	100%	0	2	0	46	0.98	0	1	0	0	21	13	T
II	1673002	G	C	0	42	100%	0	2	0	44	0.98	0	1	0	0	15	27	C
II	1678693	T	A	0	24	100%	0	2	0	48	0.98	0	1	0	0	13	11	A
II	1683324	T	G	0	54	100%	0	2	0	43	0.98	0	1	0	0	19	35	G
II	1695179	T	K	33	2	5.71%	2	1	41	31	0.98	1	1	17	16	2	0	G
II	1695236	G	K	28	2	6.67%	2	1	44	31	0.98	1	1	15	13	2	0	T
II	1697124	C	T	0	39	100%	0	2	0	49	0.98	0	1	0	0	21	18	T
II	1714689	A	M	35	2	5.41%	2	1	44	33	0.98	1	1	23	12	0	2	C
II	1716272	C	Y	13	10	43.48%	2	2	32	33	0.98	1	1	4	9	6	4	T
II	1716273	T	Y	21	2	8.33%	2	1	38	31	0.98	1	1	9	12	0	2	C
II	1716288	G	T	0	6	100%	0	2	0	37	0.98	0	1	0	0	1	5	T
II	1716318	A	G	0	32	100%	0	2	0	40	0.98	0	1	0	0	7	25	G
II	1716320	T	G	0	32	100%	0	2	0	40	0.98	0	1	0	0	9	23	G
II	1716326	G	T	0	38	100%	0	2	0	40	0.98	0	1	0	0	14	24	T
II	1731371	A	R	37	2	5.13%	2	1	45	37	0.98	1	1	14	23	0	2	G
II	1731548	T	W	36	2	5.26%	2	2	47	33	0.98	1	1	15	21	1	1	A
II	1742074	A	R	27	2	6.9%	2	1	42	74	0.98	1	1	13	14	2	0	G
II	1751811	A	M	47	3	6%	2	2	41	29	0.98	1	1	31	16	2	1	C
II	1764002	T	K	25	2	7.41%	2	1	50	31	0.98	1	1	13	12	2	0	G
II	1764260	A	M	33	2	5.71%	2	1	44	25	0.98	1	1	18	15	0	2	C
II	1770743	A	R	37	2	5.13%	2	2	46	55	0.98	1	1	27	10	1	1	G
II	1780177	G	K	35	2	5.41%	2	1	48	27	0.98	1	1	19	16	0	2	T
II	1784826	G	A	0	35	100%	0	2	0	39	0.98	0	1	0	0	27	8	A
II	1825111	T	K	17	2	10.53%	2	1	44	33	0.98	1	1	10	7	2	0	G
II	1849777	G	A	0	17	100%	0	2	0	44	0.98	0	1	0	0	6	11	A
II	1939743	T	W	24	2	7.69%	2	1	39	31	0.98	1	1	14	10	0	2	A
II	1939747	A	M	20	2	9.09%	2	1	44	25	0.98	1	1	15	5	0	2	C
II	1951073	T	K	46	4	8%	2	1	43	28	0.98	1	1	12	34	4	0	G
II	1953399	T	K	25	2	7.41%	2	1	45	25	0.98	1	1	9	16	2	0	G
II	1955173	T	W	15	2	11.76%	2	1	38	31	0.98	1	1	7	8	2	0	A
II	1962419	T	A	0	50	100%	0	2	0	44	0.98	0	1	0	0	29	21	A
II	1962439	A	G	0	51	100%	0	2	0	46	0.98	0	1	0	0	32	19	G
II	1962458	T	A	0	52	100%	0	2	0	44	0.98	0	1	0	0	34	18	A
II	1987098	C	A	0	38	100%	0	2	0	47	0.98	0	1	0	0	22	16	A
II	1996059	G	K	26	2	7.14%	2	1	51	31	0.98	1	1	13	13	2	0	T
II	2003095	A	R	25	2	7.41%	2	1	56	37	0.98	1	1	16	9	2	0	G
II	2022952	G	K	9	2	18.18%	2	1	41	31	0.98	1	1	4	5	0	2	T
II	2022969	G	R	7	2	22.22%	2	1	37	37	0.98	1	1	3	4	0	2	A
II	2027004	T	K	36	2	5.26%	2	1	43	22	0.98	1	1	23	13	2	0	G
II	2032028	T	Y	30	15	33.33%	2	2	55	55	0.98	1	1	14	16	5	10	C
II	2044929	A	T	0	35	100%	0	2	0	54	0.98	0	1	0	0	18	17	T
II	2060249	A	M	27	2	6.9%	2	2	49	55	0.98	1	1	14	13	1	1	C
II	2065299	T	K	21	2	8.7%	2	1	38	37	0.98	1	1	8	13	2	0	G
II	2084578	G	R	35	2	5.41%	2	2	45	37	0.98	1	1	17	18	1	1	A
II	2115428	T	W	36	3	7.69%	2	1	49	37	0.98	1	1	15	21	3	0	A
II	2141695	A	R	25	2	7.41%	2	2	48	31	0.98	1	1	16	9	1	1	G
II	2141698	G	R	11	17	60.71%	2	2	38	48	0.98	1	1	7	4	11	6	A
II	2141777	A	M	30	2	6.25%	2	1	44	37	0.98	1	1	22	8	0	2	C
II	2141860	G	R	28	2	6.67%	2	2	46	37	0.98	1	1	10	18	1	1	A
II	2141939	A	M	27	2	6.9%	2	1	35	37	0.98	1	1	14	13	0	2	C
II	2142599	A	M	30	2	6.25%	2	1	45	37	0.98	1	1	17	13	0	2	C
II	2154123	T	K	25	2	7.41%	2	1	45	37	0.98	1	1	15	10	2	0	G
II	2158056	T	K	35	4	10.26%	2	1	45	29	0.98	1	1	12	23	4	0	G
II	2164972	G	R	23	19	45.24%	2	2	41	47	0.98	1	1	15	8	10	9	A
II	2170252	A	M	25	2	7.41%	2	1	40	28	0.98	1	1	14	11	0	2	C
II	2186155	G	K	16	2	11.11%	2	1	43	31	0.98	1	1	13	3	0	2	T
II	2190237	T	K	40	3	6.98%	2	1	50	29	0.98	1	1	15	25	3	0	G
II	2196934	C	M	23	2	8%	2	2	41	31	0.98	1	1	17	6	1	1	A
II	2218101	T	Y	35	6	14.63%	2	2	50	37	0.98	1	1	13	22	3	3	C
II	2226101	G	R	29	2	6.45%	2	2	40	31	0.98	1	1	15	14	1	1	A
II	2228775	T	G	0	28	100%	0	2	0	41	0.98	0	1	0	0	12	16	G
II	2228777	G	T	0	30	100%	0	2	0	39	0.98	0	1	0	0	13	17	T
II	2269156	T	Y	38	2	5%	2	2	45	37	0.98	1	1	18	20	1	1	C
II	2293726	A	R	35	2	5.41%	2	2	45	55	0.98	1	1	18	17	1	1	G
II	2305570	C	M	31	2	6.06%	2	1	41	25	0.98	1	1	19	12	0	2	A
II	2311268	C	M	37	2	5.13%	2	1	42	31	0.98	1	1	18	19	0	2	A
II	2332238	G	K	36	3	7.69%	2	1	43	30	0.98	1	1	11	25	3	0	T
II	2337604	T	K	20	4	16.67%	2	1	43	28	0.98	1	1	5	15	4	0	G
II	2360227	T	W	43	4	8.51%	2	1	40	29	0.98	1	1	12	31	4	0	A
II	2367573	A	M	18	2	10%	2	1	41	28	0.98	1	1	7	11	0	2	C
II	2385849	T	K	37	2	5.13%	2	1	45	27	0.98	1	1	9	28	2	0	G
II	2389470	C	Y	26	2	7.14%	2	2	44	37	0.98	1	1	11	15	1	1	T
II	2404964	T	K	27	2	6.9%	2	1	41	25	0.98	1	1	16	11	2	0	G
II	2411879	T	W	28	2	6.67%	2	1	41	25	0.98	1	1	8	20	2	0	A
II	2421411	T	K	22	3	12%	2	1	39	29	0.98	1	1	2	20	3	0	G
II	2436580	C	G	0	63	100%	0	2	0	43	0.98	0	1	0	0	20	43	G
II	2437543	T	W	65	4	5.8%	2	1	46	37	0.98	1	1	33	32	4	0	A
II	2437547	G	R	69	5	6.76%	2	1	46	37	0.98	1	1	31	38	5	0	A
II	2437553	T	W	68	8	10.53%	2	2	46	31	0.98	1	1	31	37	7	1	A
II	2437558	T	Y	73	5	6.41%	2	1	46	37	0.98	1	1	34	39	5	0	C
II	2437564	A	W	72	7	8.86%	2	2	46	37	0.98	1	1	36	36	6	1	T
II	2437567	T	Y	74	6	7.5%	2	2	45	37	0.98	1	1	38	36	5	1	C
II	2437570	T	W	72	7	8.86%	2	2	46	37	0.98	1	1	36	36	6	1	A
II	2437571	G	S	75	7	8.54%	2	1	45	35	0.98	1	1	39	36	7	0	C
II	2437612	A	W	102	43	29.66%	2	2	46	41	0.98	1	1	52	50	26	17	T
II	2437627	C	Y	75	85	53.12%	2	2	44	47	0.98	1	1	39	36	47	38	T
II	2437629	G	R	124	35	21.88%	2	2	48	44	0.98	1	1	65	59	21	14	A
II	2437646	G	R	126	56	30.77%	2	2	47	40	0.98	1	1	76	50	36	20	A
II	2437661	T	W	176	10	5.38%	2	1	50	34	0.98	1	1	94	82	10	0	A
II	2437666	T	Y	182	10	5.21%	2	2	50	36	0.98	1	1	102	80	9	1	C
II	2437684	T	W	130	59	31.22%	2	2	55	45	0.98	1	1	72	58	31	28	A
II	2437688	A	R	129	51	28.33%	2	2	54	45	0.98	1	1	70	59	24	27	G
II	2437720	A	W	180	11	5.73%	2	2	50	38	0.98	1	1	98	82	7	4	T
II	2437737	A	R	161	13	7.43%	2	2	50	38	0.98	1	1	83	78	10	3	G
II	2437769	A	W	142	21	12.88%	2	2	48	36	0.98	1	1	74	68	10	11	T
II	2437771	A	M	141	24	14.55%	2	2	50	40	0.98	1	1	75	66	10	14	C
II	2437780	A	W	153	14	8.38%	2	2	48	38	0.98	1	1	73	80	5	9	T
II	2437783	T	Y	152	11	6.75%	2	2	47	38	0.98	1	1	73	79	5	6	C
II	2437786	T	W	147	10	6.37%	2	2	47	34	0.98	1	1	69	78	4	6	A
II	2437787	G	S	154	11	6.67%	2	2	46	34	0.98	1	1	73	81	5	6	C
II	2437855	A	M	91	46	33.58%	2	2	42	53	0.98	1	1	54	37	16	30	C
II	2437918	T	Y	96	35	26.72%	2	2	45	53	0.98	1	1	56	40	12	23	C
II	2437936	A	W	101	19	15.83%	2	2	47	56	0.98	1	1	49	52	5	14	T
II	2437942	G	K	97	19	16.38%	2	2	47	51	0.98	1	1	48	49	6	13	T
II	2437951	C	Y	94	15	13.76%	2	2	46	52	0.98	1	1	41	53	5	10	T
II	2437970	G	R	99	10	9.17%	2	2	45	43	0.98	1	1	29	70	2	8	A
II	2437978	T	Y	100	9	8.26%	2	2	45	43	0.98	1	1	33	67	3	6	C
II	2437985	A	W	99	7	6.6%	2	2	45	44	0.98	1	1	29	70	3	4	T
II	2437987	A	M	99	7	6.6%	2	2	45	43	0.98	1	1	32	67	3	4	C
II	2443873	T	W	5	4	16.67%	1	1	37	29	0.98	1	1	5	0	0	4	A
II	2444543	T	C	0	47	100%	0	2	0	47	0.98	0	1	0	0	24	23	C
II	2451855	T	K	13	2	13.33%	2	1	35	31	0.98	1	1	5	8	2	0	G
II	2451867	T	K	16	2	11.11%	2	1	44	31	0.98	1	1	5	11	2	0	G
II	2488048	T	K	17	4	19.05%	2	1	39	32	0.98	1	1	6	11	4	0	G
II	2523624	C	M	11	3	15%	2	1	35	29	0.98	1	1	10	1	0	3	A
II	2536702	A	M	32	2	5.88%	2	1	47	33	0.98	1	1	22	10	0	2	C
II	2554553	C	M	26	2	7.14%	2	2	45	43	0.98	1	1	15	11	1	1	A
II	2554667	T	K	30	2	6.25%	2	1	41	37	0.98	1	1	12	18	2	0	G
II	2568393	A	R	26	2	7.14%	2	1	45	31	0.98	1	1	10	16	2	0	G
II	2622915	T	Y	22	2	8.33%	2	1	42	37	0.98	1	1	11	11	0	2	C
II	2635587	A	M	18	2	10%	2	1	54	27	0.98	1	1	12	6	0	2	C
II	2640746	C	M	47	3	6%	2	1	45	30	0.98	1	1	25	22	0	3	A
II	2662035	G	K	11	2	15.38%	2	1	38	24	0.98	1	1	5	6	2	0	T
II	2676336	C	T	0	16	100%	0	2	0	50	0.98	0	1	0	0	9	7	T
II	2680142	T	Y	31	2	6.06%	2	2	50	37	0.98	1	1	18	13	1	1	C
II	2683778	T	K	23	2	8%	2	1	36	33	0.98	1	1	4	19	2	0	G
II	2683797	T	Y	25	2	7.41%	2	1	41	31	0.98	1	1	6	19	0	2	C
II	2709233	A	M	28	3	9.68%	2	1	42	26	0.98	1	1	20	8	0	3	C
II	2711194	T	K	12	2	14.29%	2	1	40	31	0.98	1	1	5	7	2	0	G
II	2729080	G	K	16	3	15.79%	2	1	40	33	0.98	1	1	9	7	0	3	T
II	2729142	A	M	20	2	9.09%	2	1	39	37	0.98	1	1	11	9	0	2	C
II	2755662	A	W	24	2	7.69%	2	1	44	31	0.98	1	1	20	4	0	2	T
II	2765993	A	M	36	3	7.69%	2	1	45	57	0.98	1	1	16	20	3	0	C
II	2770715	G	K	12	2	14.29%	2	1	41	29	0.98	1	1	7	5	0	2	T
II	2770728	C	M	13	2	13.33%	2	1	48	31	0.98	1	1	8	5	0	2	A
II	2770784	A	M	9	2	18.18%	2	1	44	27	0.98	1	1	6	3	0	2	C
II	2798515	G	A	0	3	100%	0	1	0	33	0.98	0	1	0	0	3	0	A
II	2798745	A	W	12	2	14.29%	2	1	47	31	0.98	1	1	7	5	0	2	T
II	2798750	A	M	10	2	16.67%	2	1	50	24	0.98	1	1	6	4	0	2	C
II	2805936	A	W	31	2	6.06%	2	2	41	33	0.98	1	1	25	6	1	1	T
II	2806053	G	A	0	27	100%	0	2	0	44	0.98	0	1	0	0	17	10	A
II	2844016	T	K	34	3	8.11%	2	1	45	30	0.98	1	1	10	24	3	0	G
II	2850713	A	R	36	2	5.26%	2	2	51	49	0.98	1	1	20	16	1	1	G
II	2861755	G	K	28	2	6.67%	2	1	40	31	0.98	1	1	12	16	0	2	T
II	2862506	T	K	27	2	6.9%	2	1	38	37	0.98	1	1	11	16	2	0	G
II	2870879	A	R	34	2	5.56%	2	1	44	37	0.98	1	1	17	17	2	0	G
II	2875134	G	K	32	2	5.88%	2	2	43	31	0.98	1	1	12	20	1	1	T
II	2880319	C	M	20	2	9.09%	2	1	42	31	0.98	1	1	13	7	2	0	A
II	2880372	G	K	26	2	7.14%	2	1	41	25	0.98	1	1	10	16	2	0	T
II	2901509	G	T	0	68	100%	0	2	0	40	0.98	0	1	0	0	28	40	T
II	2930658	C	M	24	2	7.69%	2	1	45	25	0.98	1	1	17	7	0	2	A
II	2941601	C	M	23	2	8%	2	2	46	36	0.98	1	1	8	15	1	1	A
II	2942985	A	M	27	3	10%	2	1	44	29	0.98	1	1	15	12	0	3	C
II	2953315	T	K	31	2	6.06%	2	1	48	31	0.98	1	1	14	17	2	0	G
II	2955127	A	M	11	2	15.38%	2	1	34	37	0.98	1	1	10	1	0	2	C
II	2961615	T	W	16	2	11.11%	2	1	39	31	0.98	1	1	8	8	0	2	A
II	2989772	C	M	22	2	8.33%	2	2	39	30	0.98	1	1	7	15	1	1	A
II	3000760	A	R	25	2	7.41%	2	2	45	31	0.98	1	1	14	11	1	1	G
II	3006137	A	T	0	22	100%	0	2	0	45	0.98	0	1	0	0	13	9	T
II	3017586	G	K	23	3	11.54%	2	1	39	29	0.98	1	1	12	11	3	0	T
II	3051210	G	R	35	2	5.41%	2	1	51	37	0.98	1	1	14	21	0	2	A
II	3064024	A	R	32	2	5.88%	2	2	43	37	0.98	1	1	8	24	1	1	G
II	3112398	C	M	21	2	8.7%	2	1	40	31	0.98	1	1	11	10	2	0	A
II	3112414	C	M	15	2	11.76%	2	1	41	25	0.98	1	1	8	7	2	0	A
II	3112420	T	W	15	2	11.76%	2	1	34	25	0.98	1	1	7	8	2	0	A
II	3128106	G	A	0	38	100%	0	2	0	43	0.98	0	1	0	0	18	20	A
II	3265179	G	R	29	2	6.45%	2	2	40	37	0.98	1	1	17	12	1	1	A
II	3266198	T	K	25	2	7.41%	2	1	44	27	0.98	1	1	6	19	2	0	G
II	3317872	T	Y	21	3	12.5%	2	2	43	37	0.98	1	1	12	9	2	1	C
II	3323347	G	R	49	4	7.55%	2	2	42	37	0.98	1	1	21	28	2	2	A
II	3323351	A	M	45	4	8.16%	2	2	43	37	0.98	1	1	19	26	2	2	C
II	3323896	C	M	17	2	10.53%	2	1	36	29	0.98	1	1	2	15	2	0	A
II	3331183	A	R	35	2	5.41%	2	2	44	37	0.98	1	1	14	21	1	1	G
II	3436739	A	R	34	2	5.56%	2	1	48	55	0.98	1	1	13	21	0	2	G
II	3460581	T	K	33	2	5.71%	2	1	39	27	0.98	1	1	6	27	2	0	G
II	3492446	G	K	25	2	7.41%	2	1	46	38	0.98	1	1	13	12	0	2	T
II	3499483	G	R	28	3	9.68%	2	1	48	61	0.98	1	1	21	7	3	0	A
II	3518868	G	K	19	2	9.52%	2	1	36	22	0.98	1	1	15	4	0	2	T
II	3523958	A	W	19	2	9.52%	2	1	45	31	0.98	1	1	6	13	2	0	T
II	3528884	G	K	28	2	6.67%	2	1	40	33	0.98	1	1	25	3	0	2	T
II	3528893	A	M	23	2	8%	2	1	43	27	0.98	1	1	17	6	0	2	C
II	3532159	T	W	18	3	14.29%	2	2	35	29	0.98	1	1	15	3	1	2	A
II	3532163	A	M	14	2	11.76%	1	1	40	33	0.98	1	1	14	0	0	2	C
II	3538057	T	K	22	2	8.33%	2	2	46	55	0.98	1	1	8	14	1	1	G
II	3545260	T	K	18	2	10%	2	1	39	31	0.98	1	1	11	7	2	0	G
II	3545301	G	K	13	3	18.75%	2	1	39	29	0.98	1	1	6	7	3	0	T
II	3601018	C	M	25	2	7.41%	2	1	40	27	0.98	1	1	12	13	2	0	A
II	3606915	T	K	24	2	7.69%	2	1	41	31	0.98	1	1	4	20	2	0	G
II	3610417	A	W	21	2	8.7%	2	1	52	37	0.98	1	1	12	9	2	0	T
II	3612424	T	K	15	2	11.76%	2	1	38	31	0.98	1	1	6	9	2	0	G
II	3661769	G	K	12	2	14.29%	2	1	30	25	0.98	1	1	5	7	2	0	T
II	3664407	A	W	37	2	5.13%	2	1	43	33	0.98	1	1	29	8	0	2	T
II	3704074	A	M	11	2	15.38%	2	1	35	27	0.98	1	1	5	6	0	2	C
II	3705764	G	K	31	2	6.06%	2	1	49	33	0.98	1	1	11	20	0	2	T
II	3715146	G	K	14	2	11.76%	2	1	43	31	0.98	1	1	10	4	0	2	T
II	3751865	T	Y	21	2	8.7%	2	1	42	37	0.98	1	1	11	10	0	2	C
II	3761504	T	W	22	2	8.33%	2	1	41	31	0.98	1	1	13	9	0	2	A
II	3813120	A	M	28	2	6.67%	2	1	43	25	0.98	1	1	12	16	0	2	C
II	3824869	A	R	36	2	5.26%	2	2	48	42	0.98	1	1	13	23	1	1	G
II	3838757	A	M	16	2	11.11%	2	1	42	31	0.98	1	1	15	1	0	2	C
II	3838874	C	M	21	2	8.7%	2	1	35	31	0.98	1	1	19	2	0	2	A
II	3838898	G	K	18	2	10%	2	1	35	25	0.98	1	1	17	1	0	2	T
II	3845187	C	M	13	2	13.33%	2	1	40	31	0.98	1	1	12	1	0	2	A
II	3856862	G	K	18	2	10%	2	1	38	25	0.98	1	1	14	4	0	2	T
II	3860185	C	M	40	4	6.78%	2	2	45	40	0.98	1	1	7	33	3	1	A
II	3860190	A	M	38	7	15.56%	2	2	42	38	0.98	1	1	7	31	6	1	C
II	3861465	T	K	12	5	29.41%	2	1	37	29	0.98	1	1	1	11	5	0	G
II	3861515	T	K	4	2	33.33%	1	1	34	27	0.98	1	1	0	4	2	0	G
II	3867420	T	K	33	2	5.71%	2	1	48	31	0.98	1	1	13	20	2	0	G
II	3911150	T	K	22	2	8.33%	2	1	42	31	0.98	1	1	12	10	2	0	G
II	3911878	A	M	37	2	5.13%	2	2	45	25	0.98	1	1	17	20	1	1	C
II	3922659	G	K	33	2	5.71%	2	1	44	33	0.98	1	1	11	22	2	0	T
II	4037197	A	R	68	8	9.64%	2	2	39	35	0.98	1	1	28	40	5	3	G
II	4037236	G	K	65	4	5.71%	2	1	41	32	0.98	1	1	31	34	4	0	T
II	4037248	G	K	64	4	5.88%	2	1	43	28	0.98	1	1	25	39	4	0	T
II	4041776	A	R	37	2	5.13%	2	2	49	37	0.98	1	1	22	15	1	1	G
II	4059115	A	W	30	3	9.09%	2	1	44	30	0.98	1	1	24	6	0	3	T
II	4059190	G	K	20	2	9.09%	2	1	45	31	0.98	1	1	15	5	0	2	T
II	4089505	T	Y	16	2	11.11%	2	2	44	31	0.98	1	1	8	8	1	1	C
II	4102510	G	K	20	2	9.09%	2	1	40	31	0.98	1	1	12	8	0	2	T
II	4122326	T	C	0	34	100%	0	2	0	51	0.98	0	1	0	0	18	16	C
II	4142201	G	K	25	2	7.41%	2	1	48	25	0.98	1	1	10	15	2	0	T
II	4142204	C	M	26	2	7.14%	2	1	46	27	0.98	1	1	12	14	2	0	A
II	4146890	G	K	17	2	10.53%	2	1	43	25	0.98	1	1	2	15	2	0	T
II	4194963	T	K	20	2	9.09%	2	2	41	37	0.98	1	1	12	8	1	1	G
II	4202421	C	M	9	2	18.18%	2	1	36	31	0.98	1	1	8	1	0	2	A
II	4207040	T	W	25	2	7.41%	2	2	41	25	0.98	1	1	14	11	1	1	A
II	4209405	T	K	24	2	7.69%	2	1	44	31	0.98	1	1	8	16	2	0	G
II	4233519	G	S	20	2	9.09%	2	1	40	37	0.98	1	1	15	5	0	2	C
II	4249795	G	R	28	2	6.67%	2	2	42	37	0.98	1	1	16	12	1	1	A
II	4256471	A	W	13	2	13.33%	2	1	41	31	0.98	1	1	6	7	2	0	T
II	4273835	A	R	48	3	5.88%	2	2	46	34	0.98	1	1	23	25	1	2	G
II	4293560	T	K	21	2	8.7%	2	1	42	27	0.98	1	1	6	15	2	0	G
II	4295333	A	R	29	2	6.45%	2	2	51	74	0.98	1	1	11	18	1	1	G
II	4301792	T	K	20	4	16.67%	2	1	41	27	0.98	1	1	6	14	4	0	G
II	4326248	T	K	30	2	6.25%	2	2	45	25	0.98	1	1	16	14	1	1	G
II	4335394	C	M	19	2	9.52%	2	2	46	25	0.98	1	1	10	9	1	1	A
II	4335451	T	W	33	2	5.71%	2	1	42	25	0.98	1	1	20	13	0	2	A
II	4338754	C	M	10	4	28.57%	2	2	34	30	0.98	1	1	9	1	1	3	A
II	4345274	T	K	17	4	19.05%	2	1	48	31	0.98	1	1	5	12	4	0	G
II	4387568	G	K	29	2	6.45%	2	1	39	29	0.98	1	1	2	27	2	0	T
II	4389763	A	M	24	2	7.69%	2	1	47	25	0.98	1	1	12	12	2	0	C
II	4397067	G	R	28	3	9.68%	2	1	47	37	0.98	1	1	11	17	3	0	A
II	4397070	T	Y	28	3	9.68%	2	1	46	37	0.98	1	1	11	17	3	0	C
II	4398641	G	K	20	2	9.09%	2	1	43	25	0.98	1	1	11	9	0	2	T
II	4398652	A	W	21	2	8.7%	2	1	38	27	0.98	1	1	12	9	0	2	T
II	4398780	T	K	37	2	5.13%	2	1	49	74	0.98	1	1	19	18	0	2	G
II	4400666	A	C	0	20	100%	0	2	0	48	0.98	0	1	0	0	8	12	C
II	4411243	G	R	30	2	6.25%	2	1	46	37	0.98	1	1	19	11	2	0	A
II	4422375	T	Y	60	6	9.09%	2	1	40	35	0.98	1	1	25	35	6	0	C
II	4422469	G	R	63	4	5.97%	2	2	44	43	0.98	1	1	30	33	2	2	A
II	4422471	T	Y	65	4	5.8%	2	2	43	46	0.98	1	1	34	31	1	3	C
II	4422825	G	S	70	6	7.89%	2	2	48	41	0.98	1	1	33	37	3	3	C
II	4422948	A	R	51	10	16.13%	2	1	50	34	0.98	1	1	20	31	0	10	G
II	4422963	T	Y	52	4	7.14%	2	1	53	31	0.98	1	1	25	27	0	4	C
II	4422966	A	R	52	3	5.45%	2	1	53	46	0.98	1	1	24	28	0	3	G
II	4422969	G	R	54	3	5.26%	2	1	53	31	0.98	1	1	25	29	0	3	A
II	4423500	C	T	3	31	91.18%	2	2	49	39	0.98	1	1	1	2	23	8	T
II	4423563	A	G	1	17	94.44%	1	2	74	38	0.98	1	1	1	0	9	8	G
II	4423569	A	T	2	15	88.24%	1	2	55	38	0.98	1	1	2	0	9	6	T
II	4423574	A	G	2	12	85.71%	1	2	49	38	0.98	1	1	2	0	8	4	G
II	4423578	A	G	3	9	75%	1	2	49	35	0.98	1	1	3	0	7	2	G
II	4423590	T	Y	17	2	10.53%	2	1	39	37	0.98	1	1	14	3	2	0	C
II	4423658	A	T	3	24	88.89%	1	2	33	43	0.98	1	1	3	0	16	8	T
II	4423683	G	R	51	3	5.56%	2	1	45	33	0.98	1	1	34	17	3	0	A
II	4424342	C	M	76	4	5%	2	2	49	32	0.98	1	1	41	35	2	2	A
II	4436338	C	M	33	2	5.71%	2	2	47	25	0.98	1	1	22	11	1	1	A
II	4474478	T	Y	8	7	46.67%	2	2	44	42	0.98	1	1	2	6	2	5	C
II	4497010	A	R	22	4	15.38%	2	2	47	34	0.98	1	1	11	11	3	1	G
II	4497028	G	R	22	3	12%	2	1	48	33	0.98	1	1	11	11	3	0	A
II	4497100	A	W	20	2	9.09%	2	1	42	25	0.98	1	1	12	8	0	2	T
II	4505717	A	R	14	4	22.22%	2	2	52	39	0.98	1	1	9	5	1	3	G
II	4513966	A	R	57	9	13.64%	2	2	46	36	0.98	1	1	26	31	2	7	G
II	4513980	A	W	67	8	10.67%	2	2	46	36	0.98	1	1	34	33	2	6	T
II	4516143	T	Y	41	3	6.82%	2	1	44	37	0.98	1	1	27	14	3	0	C
II	4516145	T	Y	44	3	6.38%	2	1	45	37	0.98	1	1	28	16	3	0	C
II	4516288	T	W	45	3	6.25%	2	1	41	37	0.98	1	1	21	24	0	3	A
II	4516292	C	S	43	3	6.52%	2	1	45	37	0.98	1	1	17	26	0	3	G
II	4516627	G	K	54	12	17.14%	2	2	43	39	0.98	1	1	27	27	9	3	T
II	4517512	A	M	36	3	7.69%	2	1	40	30	0.98	1	1	25	11	0	3	C
II	4518273	T	Y	74	15	16.85%	2	2	45	44	0.98	1	1	34	40	1	14	C
II	4518281	A	R	74	15	16.85%	2	2	46	44	0.98	1	1	35	39	1	14	G
II	4518297	G	R	67	12	15.19%	2	2	46	43	0.98	1	1	30	37	3	9	A
II	4518309	C	Y	65	8	10.96%	2	2	43	41	0.98	1	1	30	35	1	7	T
II	4521636	C	Y	16	8	33.33%	2	2	41	44	0.98	1	1	10	6	4	4	T
II	4523882	C	Y	38	29	43.28%	2	2	43	45	0.98	1	1	21	17	19	10	T
II	4525358	A	W	54	3	5.26%	2	1	43	33	0.98	1	1	16	38	3	0	T
II	4525822	C	Y	18	3	14.29%	2	2	45	37	0.98	1	1	6	12	1	2	T
II	4525966	C	Y	23	9	28.12%	2	2	46	35	0.98	1	1	10	13	8	1	T
II	4526197	T	W	22	2	8.33%	2	1	42	25	0.98	1	1	7	15	2	0	A
II	4526825	A	W	17	2	10.53%	2	1	36	25	0.98	1	1	12	5	0	2	T
II	4527852	C	M	33	2	5.71%	2	1	41	31	0.98	1	1	16	17	0	2	A
II	4527879	G	S	22	8	26.67%	2	2	40	44	0.98	1	1	12	10	4	4	C
II	4527881	C	Y	17	9	34.62%	2	2	41	41	0.98	1	1	12	5	4	5	T
II	4527912	A	M	19	3	13.64%	2	1	41	33	0.98	1	1	13	6	0	3	C
II	4529116	T	Y	60	56	48.28%	2	2	45	50	0.98	1	1	27	33	28	28	C
II	4529725	G	R	93	7	7%	2	2	41	47	0.98	1	1	34	59	6	1	A
II	4529965	A	R	23	51	68.92%	2	2	49	47	0.98	1	1	6	17	9	42	G
II	4530797	C	Y	70	18	20.45%	2	2	48	50	0.98	1	1	28	42	7	11	T
II	4531033	G	S	42	50	54.35%	2	2	42	46	0.98	1	1	28	14	29	21	C
II	4531092	G	R	45	46	50.55%	2	2	47	44	0.98	1	1	26	19	18	28	A
II	4531414	T	Y	56	94	62.67%	2	2	45	45	0.98	1	1	35	21	67	27	C
II	4531492	A	R	149	16	9.7%	2	2	48	37	0.98	1	1	85	64	8	8	G
II	4531592	G	R	73	66	47.48%	2	2	44	45	0.98	1	1	42	31	32	34	A
II	4531749	C	Y	72	76	51.35%	2	2	47	39	0.98	1	1	27	45	32	44	T
II	4531764	A	R	66	86	56.58%	2	2	44	41	0.98	1	1	23	43	45	41	G
II	4532088	G	K	77	59	43.07%	2	2	44	47	0.98	1	1	46	31	28	31	T
II	4533394	T	Y	61	68	52.71%	2	2	47	46	0.98	1	1	28	33	27	41	C
II	4533451	T	Y	53	60	53.1%	2	2	44	41	0.98	1	1	20	33	23	37	C
II	4533598	G	R	80	34	29.82%	2	2	48	40	0.98	1	1	39	41	18	16	A
II	4533617	A	R	83	37	30.83%	2	2	49	46	0.98	1	1	36	47	20	17	G
II	4533636	C	Y	63	67	51.54%	2	2	50	49	0.98	1	1	31	32	23	44	T
II	4533744	T	Y	121	41	25.31%	2	2	48	48	0.98	1	1	59	62	26	15	C
II	4533922	G	R	135	72	34.78%	2	2	46	48	0.98	1	1	51	84	24	48	A
II	4533994	T	Y	132	120	47.62%	2	2	43	46	0.98	1	1	84	48	75	45	C
II	4534246	C	M	195	51	20.73%	2	2	46	44	0.98	1	1	101	94	21	30	A
II	4534498	A	M	134	47	25.97%	2	2	43	45	0.98	1	1	79	55	24	23	C
II	4536550	C	M	141	43	23.37%	2	2	44	41	0.98	1	1	83	58	26	17	A
II	4537214	T	Y	254	79	23.72%	2	2	52	48	0.98	1	1	147	107	47	32	C
II	4537402	A	R	222	16	6.72%	2	2	46	42	0.98	1	1	131	91	7	9	G
II	4537844	T	Y	61	20	24.69%	2	2	48	46	0.98	1	1	34	27	11	9	C
II	4538027	A	R	176	31	14.98%	2	2	48	50	0.98	1	1	100	76	22	9	G
II	4538036	G	K	176	220	55.56%	2	2	48	55	0.98	1	1	118	58	157	63	T
II	4538038	A	R	169	277	62.11%	2	2	48	56	0.98	1	1	117	52	202	75	G
II	4538047	G	R	645	97	13.07%	2	2	54	55	0.98	1	1	454	191	67	30	A
II	4538048	C	Y	381	359	48.45%	2	2	52	55	0.98	1	1	263	118	256	103	T
II	4538052	A	R	203	549	73.01%	2	2	48	56	0.98	1	1	143	60	389	160	G
II	4538065	G	R	703	85	10.79%	2	2	57	55	0.98	1	1	474	229	61	24	A
II	4538091	T	Y	302	446	57.77%	2	2	49	59	0.98	1	1	185	117	268	178	C
II	4538100	C	Y	249	19	7.09%	2	2	48	50	0.98	1	1	144	105	11	8	T
II	4538114	A	R	182	40	18.02%	2	2	45	47	0.98	1	1	119	63	6	34	G
II	4538115	G	K	187	40	17.62%	2	2	46	47	0.98	1	1	123	64	6	34	T
II	4538116	G	R	185	39	17.41%	2	2	45	47	0.98	1	1	122	63	6	33	A
II	4538118	G	R	181	40	18.1%	2	2	46	46	0.98	1	1	122	59	6	34	A
II	4538122	G	S	186	40	17.7%	2	2	47	48	0.98	1	1	115	71	6	34	C
II	4538125	A	W	195	40	17.02%	2	2	46	47	0.98	1	1	123	72	6	34	T
II	4538126	C	S	192	40	17.24%	2	2	48	47	0.98	1	1	117	75	6	34	G
II	4538128	A	R	190	35	15.22%	2	2	48	49	0.98	1	1	117	73	6	29	G
II	4538155	T	K	244	117	32.32%	2	2	48	41	0.98	1	1	147	97	4	113	G
II	4538164	A	W	208	148	41.57%	2	2	50	41	0.98	1	1	138	70	8	140	T
II	4538203	A	W	229	39	14.55%	2	2	48	45	0.98	1	1	101	128	4	35	T
II	4538216	A	W	227	40	14.98%	2	2	49	46	0.98	1	1	98	129	4	36	T
II	4538238	T	K	244	39	13.78%	2	2	49	46	0.98	1	1	108	136	4	35	G
II	4538244	A	R	241	39	13.93%	2	2	48	46	0.98	1	1	104	137	4	35	G
II	4538591	G	R	61	4	6.15%	2	1	46	61	0.98	1	1	38	23	4	0	A
II	4538770	T	Y	58	10	14.71%	2	2	43	43	0.98	1	1	31	27	9	1	C
II	4539524	G	R	58	16	21.62%	2	2	46	50	0.98	1	1	25	33	9	7	A
II	4539673	T	W	29	8	21.62%	2	2	44	46	0.98	1	1	12	17	6	2	A
II	4539725	T	Y	32	16	33.33%	2	2	43	46	0.98	1	1	10	22	9	7	C
III	2485	C	Y	3	2	40%	2	1	53	37	0.98	1	1	2	1	2	0	T
III	4730	T	A	7	27	79.41%	2	2	36	44	0.98	1	1	5	2	16	11	A
III	5074	G	A	1	29	96.67%	1	2	37	42	0.98	1	1	1	0	6	23	A
III	5207	C	T	2	16	88.89%	2	2	49	35	0.98	1	1	1	1	8	8	T
III	5276	T	G	1	52	98.11%	1	2	25	36	0.98	1	1	1	0	50	2	G
III	5464	C	G	2	66	97.06%	1	2	49	47	0.98	1	1	2	0	19	47	G
III	5487	T	Y	13	3	18.75%	2	2	34	33	0.98	1	1	4	9	1	2	C
III	5661	A	M	4	8	66.67%	2	1	55	34	0.98	1	1	2	2	0	8	C
III	5841	A	R	6	3	33.33%	2	1	41	57	0.98	1	1	4	2	3	0	G
III	5894	T	K	6	2	25%	2	1	39	31	0.98	1	1	3	3	2	0	G
III	10097	T	W	10	2	16.67%	1	1	37	55	0.98	1	1	0	10	0	2	A
III	10329	A	R	34	2	5.56%	2	1	46	37	0.98	1	1	19	15	2	0	G
III	13355	C	Y	2	3	60%	2	1	55	37	0.98	1	1	1	1	3	0	T
III	15600	T	A	1	31	96.88%	1	2	74	42	0.98	1	1	0	1	24	7	A
III	15944	G	A	1	33	97.06%	1	2	37	44	0.98	1	1	1	0	5	28	A
III	16077	C	Y	3	7	70%	2	2	45	37	0.98	1	1	2	1	2	5	T
III	16128	T	K	29	2	6.45%	2	1	34	37	0.98	1	1	24	5	2	0	G
III	16146	T	G	3	54	94.74%	1	2	37	36	0.98	1	1	3	0	53	1	G
III	16334	C	G	4	60	93.75%	2	2	46	47	0.98	1	1	2	2	16	44	G
III	16357	T	Y	13	2	13.33%	2	1	45	37	0.98	1	1	4	9	0	2	C
III	16531	A	C	4	13	76.47%	2	1	40	37	0.98	1	1	1	3	0	13	C
III	16711	A	R	3	4	57.14%	2	1	37	40	0.98	1	1	2	1	4	0	G
III	61429	C	M	16	2	11.11%	2	1	38	33	0.98	1	1	15	1	0	2	A
III	88701	A	M	20	2	9.09%	2	1	41	33	0.98	1	1	13	7	0	2	C
III	123340	N	A	0	27	96.43%	0	2	0	38	0.98	0	1	0	0	9	18	A
III	151071	G	A	0	45	100%	0	2	0	46	0.98	0	1	0	0	14	31	A
III	151402	T	K	29	2	6.45%	2	1	38	27	0.98	1	1	9	20	2	0	G
III	151417	C	M	31	2	6.06%	2	1	44	23	0.98	1	1	8	23	2	0	A
III	151456	T	K	34	2	5.56%	2	1	46	27	0.98	1	1	11	23	2	0	G
III	159378	A	M	22	2	8.33%	2	1	48	31	0.98	1	1	17	5	0	2	C
III	174469	T	W	35	3	7.89%	2	2	53	36	0.98	1	1	11	24	2	1	A
III	174484	T	Y	35	2	5.41%	2	2	47	31	0.98	1	1	12	23	1	1	C
III	174680	A	R	31	3	8.57%	2	2	39	37	0.98	1	1	21	10	1	2	G
III	174850	T	Y	46	3	6.12%	2	2	41	37	0.98	1	1	20	26	2	1	C
III	177106	C	M	32	2	5.88%	2	1	40	27	0.98	1	1	12	20	2	0	A
III	206191	G	K	28	2	6.67%	2	1	48	31	0.98	1	1	15	13	0	2	T
III	208316	A	M	22	2	8.33%	2	1	48	31	0.98	1	1	8	14	0	2	C
III	211953	A	W	23	2	8%	2	2	42	23	0.98	1	1	5	18	1	1	T
III	212034	C	M	10	2	16.67%	1	1	40	27	0.98	1	1	0	10	2	0	A
III	227730	A	T	0	45	100%	0	2	0	49	0.98	0	1	0	0	21	24	T
III	228149	G	R	37	2	5.13%	2	1	45	74	0.98	1	1	8	29	0	2	A
III	228170	A	R	38	2	5%	2	1	48	37	0.98	1	1	8	30	0	2	G
III	230925	A	R	29	2	6.45%	2	1	45	37	0.98	1	1	17	12	2	0	G
III	244247	T	W	31	4	11.43%	2	2	46	46	0.98	1	1	12	19	2	2	A
III	244292	A	M	28	3	9.68%	2	1	48	49	0.98	1	1	15	13	0	3	C
III	244417	A	R	21	2	8.7%	2	1	41	37	0.98	1	1	11	10	0	2	G
III	256017	A	R	37	2	5.13%	2	1	45	37	0.98	1	1	20	17	2	0	G
III	260280	C	M	16	2	11.11%	2	1	36	22	0.98	1	1	4	12	2	0	A
III	265306	A	M	32	2	5.88%	2	1	43	27	0.98	1	1	24	8	0	2	C
III	273144	A	M	29	2	6.45%	2	1	45	31	0.98	1	1	17	12	0	2	C
III	284657	C	A	0	17	100%	0	2	0	44	0.98	0	1	0	0	8	9	A
III	286594	T	W	8	2	7.14%	2	1	40	31	0.98	1	1	5	3	0	2	A
III	287413	T	W	35	2	5.41%	2	1	44	29	0.98	1	1	6	29	2	0	A
III	302315	T	K	29	2	6.45%	2	1	41	25	0.98	1	1	4	25	2	0	G
III	309773	A	R	32	2	5.88%	2	2	46	37	0.98	1	1	13	19	1	1	G
III	343030	G	K	21	2	8.7%	2	1	40	25	0.98	1	1	9	12	2	0	T
III	343042	G	K	22	2	8.33%	2	1	40	31	0.98	1	1	9	13	2	0	T
III	343097	C	M	32	2	5.88%	2	1	39	27	0.98	1	1	15	17	2	0	A
III	348291	T	K	31	2	6.06%	2	1	39	31	0.98	1	1	5	26	2	0	G
III	358968	G	K	32	2	5.88%	2	1	44	33	0.98	1	1	7	25	2	0	T
III	358972	C	M	32	2	5.88%	2	1	43	31	0.98	1	1	6	26	2	0	A
III	360384	A	R	33	4	10.81%	2	2	54	46	0.98	1	1	15	18	1	3	G
III	366522	A	M	32	2	5.88%	2	1	45	55	0.98	1	1	14	18	0	2	C
III	374945	A	M	50	3	5.66%	2	1	44	25	0.98	1	1	25	25	0	3	C
III	411067	T	Y	36	2	5.26%	2	1	47	74	0.98	1	1	24	12	0	2	C
III	420007	T	K	21	2	8.7%	2	1	37	22	0.98	1	1	7	14	0	2	G
III	435601	A	M	13	2	13.33%	2	1	45	37	0.98	1	1	9	4	0	2	C
III	520378	T	Y	34	2	5.56%	2	1	48	49	0.98	1	1	16	18	0	2	C
III	534127	T	K	15	2	11.76%	2	1	39	37	0.98	1	1	4	11	2	0	G
III	534174	G	S	13	2	13.33%	2	1	38	25	0.98	1	1	6	7	2	0	C
III	535613	C	M	21	3	12.5%	2	1	43	27	0.98	1	1	5	16	3	0	A
III	535659	T	W	25	2	7.41%	2	1	38	25	0.98	1	1	8	17	2	0	A
III	538505	T	K	52	3	5.45%	2	1	51	27	0.98	1	1	21	31	3	0	G
III	539008	T	K	36	2	5.26%	2	1	45	25	0.98	1	1	6	30	2	0	G
III	568682	A	W	17	2	10.53%	2	1	43	31	0.98	1	1	6	11	2	0	T
III	581017	T	K	26	3	10.34%	2	1	46	23	0.98	1	1	9	17	3	0	G
III	581032	T	K	24	2	7.69%	2	1	48	29	0.98	1	1	8	16	2	0	G
III	590973	A	W	37	2	5.13%	2	1	50	31	0.98	1	1	23	14	0	2	T
III	623537	C	M	4	2	28.57%	2	1	29	25	0.98	1	1	2	2	0	2	A
III	628304	A	R	19	2	9.52%	2	2	45	68	0.98	1	1	12	7	1	1	G
III	664519	A	M	20	2	9.09%	2	1	38	22	0.98	1	1	19	1	0	2	C
III	695297	A	R	32	3	8.57%	2	2	49	33	0.98	1	1	19	13	2	1	G
III	713147	A	R	34	2	5.56%	2	2	48	37	0.98	1	1	16	18	1	1	G
III	719971	G	T	0	7	100%	0	2	0	33	0.98	0	1	0	0	3	4	T
III	719976	G	A	0	7	100%	0	2	0	33	0.98	0	1	0	0	3	4	A
III	719978	G	A	0	6	100%	0	2	0	35	0.98	0	1	0	0	2	4	A
III	719979	A	T	0	7	100%	0	2	0	35	0.98	0	1	0	0	3	4	T
III	719981	G	T	0	7	100%	0	2	0	37	0.98	0	1	0	0	3	4	T
III	719985	G	T	0	6	100%	0	2	0	37	0.98	0	1	0	0	2	4	T
III	719987	G	T	0	7	100%	0	2	0	37	0.98	0	1	0	0	3	4	T
III	719988	A	T	0	7	100%	0	2	0	37	0.98	0	1	0	0	3	4	T
III	719990	G	T	0	7	100%	0	2	0	37	0.98	0	1	0	0	3	4	T
III	719991	A	T	0	7	100%	0	2	0	37	0.98	0	1	0	0	3	4	T
III	720001	C	T	0	17	100%	0	2	0	45	0.98	0	1	0	0	7	10	T
III	738425	A	M	38	2	5%	2	1	43	55	0.98	1	1	18	20	0	2	C
III	779496	T	K	28	2	6.67%	2	1	43	31	0.98	1	1	13	15	2	0	G
III	784614	C	M	31	3	8.82%	2	1	46	23	0.98	1	1	22	9	0	3	A
III	804640	T	K	31	2	6.06%	2	2	39	23	0.98	1	1	15	16	1	1	G
III	816270	T	W	24	2	7.69%	2	2	47	31	0.98	1	1	10	14	1	1	A
III	827251	C	Y	16	2	10%	2	1	35	33	0.98	1	1	14	2	0	2	T
III	833261	A	W	16	3	15.79%	2	1	46	25	0.98	1	1	6	10	3	0	T
III	842910	T	K	26	3	10.34%	2	1	42	29	0.98	1	1	5	21	3	0	G
III	848649	T	Y	45	3	6.25%	2	2	37	33	0.98	1	1	31	14	2	1	C
III	853263	A	W	49	4	7.55%	2	1	43	40	0.98	1	1	29	20	4	0	T
III	874049	A	R	38	2	5%	2	2	50	31	0.98	1	1	21	17	1	1	G
III	876747	A	R	29	2	6.45%	2	2	44	55	0.98	1	1	11	18	1	1	G
III	880399	A	M	15	2	11.11%	2	1	37	29	0.98	1	1	12	3	0	2	C
III	888910	A	R	26	2	7.14%	2	2	42	37	0.98	1	1	10	16	1	1	G
III	897874	A	M	25	2	7.41%	2	1	43	31	0.98	1	1	14	11	0	2	C
III	921019	A	R	18	2	10%	2	1	41	37	0.98	1	1	11	7	2	0	G
III	960073	G	R	97	6	5.83%	2	2	47	49	0.98	1	1	48	49	2	4	A
III	962376	C	Y	628	63	9.12%	2	2	52	50	0.98	1	1	316	312	29	34	T
III	963322	G	R	145	9	5.84%	2	2	47	43	0.98	1	1	67	78	1	8	A
III	963343	A	G	5	137	96.48%	2	2	40	46	0.98	1	1	1	4	56	81	G
III	966171	C	M	24	3	11.11%	2	1	38	29	0.98	1	1	8	16	3	0	A
III	966536	A	W	31	2	6.06%	2	1	47	37	0.98	1	1	15	16	0	2	T
III	975726	A	M	14	2	12.5%	2	1	41	33	0.98	1	1	7	7	0	2	C
III	983273	T	K	22	2	8.33%	2	1	43	31	0.98	1	1	5	17	2	0	G
III	984964	T	K	22	2	8.33%	2	1	40	31	0.98	1	1	5	17	2	0	G
III	984974	T	W	24	2	7.69%	2	1	45	31	0.98	1	1	5	19	2	0	A
III	984988	C	M	31	2	6.06%	2	1	43	33	0.98	1	1	17	14	2	0	A
III	985871	C	Y	9	2	12.5%	1	1	36	31	0.98	1	1	9	0	0	2	-T
III	1004245	A	W	33	2	5.71%	2	1	42	22	0.98	1	1	15	18	0	2	T
III	1016313	T	Y	36	2	5.26%	2	1	47	33	0.98	1	1	16	20	2	0	C
III	1017211	C	M	32	2	5.88%	2	1	43	22	0.98	1	1	18	14	0	2	A
III	1024990	T	K	17	2	10.53%	2	1	47	25	0.98	1	1	6	11	2	0	G
III	1058588	T	W	30	2	6.25%	2	1	40	29	0.98	1	1	25	5	0	2	A
III	1058594	A	M	29	8	21.62%	2	1	41	27	0.98	1	1	23	6	0	8	C
III	1070541	G	K	32	2	5.88%	2	1	44	25	0.98	1	1	17	15	0	2	T
III	1074205	T	K	33	2	5.71%	2	1	40	31	0.98	1	1	13	20	2	0	G
III	1075653	G	K	171	9	5%	2	2	45	53	0.98	1	1	61	110	7	2	T
III	1077750	T	Y	32	3	8.57%	2	2	42	37	0.98	1	1	6	26	2	1	C
III	1082294	G	K	155	14	8.28%	2	2	45	52	0.98	1	1	50	105	11	3	T
III	1084109	A	R	32	3	8.57%	2	1	45	49	0.98	1	1	21	11	3	0	G
III	1084286	G	K	75	26	25.74%	2	2	44	50	0.98	1	1	45	30	8	18	T
III	1089396	G	R	52	3	5.45%	2	1	48	49	0.98	1	1	22	30	0	3	A
III	1089401	T	K	50	3	5.66%	2	1	49	49	0.98	1	1	21	29	0	3	G
III	1089402	G	R	50	3	5.66%	2	1	50	49	0.98	1	1	20	30	0	3	A
III	1108581	A	M	21	3	12.5%	2	1	36	34	0.98	1	1	18	3	0	3	C
III	1114661	C	M	60	26	29.89%	2	2	43	41	0.98	1	1	19	41	11	15	A
III	1116926	A	M	16	4	20%	2	1	50	37	0.98	1	1	10	6	0	4	C
III	1121421	C	M	77	31	28.7%	2	2	47	43	0.98	1	1	29	48	14	17	A
III	1121611	T	Y	31	4	11.43%	2	2	48	37	0.98	1	1	13	18	1	3	C
III	1123686	A	M	28	2	6.67%	2	2	50	68	0.98	1	1	14	14	1	1	C
III	1126151	A	R	48	3	5.88%	2	2	38	33	0.98	1	1	32	16	1	2	G
III	1128181	C	M	57	23	28.75%	2	2	47	48	0.98	1	1	23	34	13	10	A
III	1128371	T	Y	25	2	7.41%	2	2	46	37	0.98	1	1	13	12	1	1	C
III	1130584	C	Y	6	3	33.33%	2	1	49	37	0.98	1	1	1	5	0	3	T
III	1134941	C	M	73	30	29.13%	2	2	46	44	0.98	1	1	30	43	13	17	A
III	1135131	T	Y	34	2	5.56%	2	2	44	37	0.98	1	1	19	15	1	1	C
III	1168328	T	C	0	13	100%	0	2	0	38	0.98	0	1	0	0	9	4	C
III	1168363	G	R	6	5	45.45%	1	2	39	34	0.98	1	1	6	0	3	2	A
III	1168630	T	K	20	2	9.09%	2	1	41	31	0.98	1	1	9	11	2	0	G
III	1173165	T	K	39	4	9.3%	2	1	44	32	0.98	1	1	18	21	4	0	G
III	1179566	A	M	18	2	10%	2	1	40	31	0.98	1	1	9	9	0	2	C
III	1204207	A	M	36	2	5.26%	2	2	48	31	0.98	1	1	22	14	1	1	C
III	1212809	A	W	35	2	5.41%	2	2	41	25	0.98	1	1	17	18	1	1	T
III	1213410	A	M	19	2	9.52%	2	1	44	31	0.98	1	1	13	6	0	2	C
III	1225893	G	K	54	3	5.26%	2	1	49	25	0.98	1	1	18	36	3	0	T
III	1242966	T	Y	28	2	6.67%	2	2	47	31	0.98	1	1	15	13	1	1	C
III	1252503	G	K	19	3	13.04%	2	1	39	29	0.98	1	1	13	6	0	3	T
III	1252505	G	K	11	7	30.43%	2	1	39	34	0.98	1	1	10	1	0	7	T
III	1261187	A	R	38	2	5%	2	1	50	37	0.98	1	1	17	21	2	0	G
III	1301656	T	K	31	2	5.88%	2	1	46	31	0.98	1	1	15	16	2	0	G
III	1305553	T	K	32	2	5.88%	2	1	42	31	0.98	1	1	6	26	2	0	G
III	1338700	C	M	11	23	67.65%	2	2	47	45	0.98	1	1	3	8	16	7	A
III	1364241	A	W	38	2	5%	2	2	47	37	0.98	1	1	16	22	1	1	T
III	1374938	A	T	0	28	100%	0	2	0	45	0.98	0	1	0	0	18	10	T
III	1392987	A	M	35	2	5.41%	2	1	43	55	0.98	1	1	19	16	0	2	C
III	1395394	G	K	2	3	60%	2	1	31	37	0.98	1	1	1	1	0	3	T
III	1419907	A	R	32	4	11.11%	2	2	46	37	0.98	1	1	17	15	2	2	G
III	1432012	T	K	13	2	13.33%	2	1	37	25	0.98	1	1	6	7	2	0	G
III	1432023	C	M	10	2	16.67%	2	1	42	25	0.98	1	1	4	6	2	0	A
III	1432031	G	K	9	3	25%	2	1	45	29	0.98	1	1	1	8	3	0	T
III	1432077	T	W	17	2	10.53%	2	1	40	27	0.98	1	1	7	10	2	0	A
III	1439790	A	M	9	3	25%	2	1	39	29	0.98	1	1	8	1	0	3	C
III	1445514	T	K	31	3	8.82%	2	1	43	33	0.98	1	1	6	25	3	0	G
III	1450089	T	K	36	2	5.26%	2	1	44	25	0.98	1	1	14	22	2	0	G
III	1451546	G	K	37	2	5.13%	2	1	41	31	0.98	1	1	22	15	0	2	T
III	1451600	G	K	30	4	11.76%	2	1	44	29	0.98	1	1	15	15	0	4	T
III	1451609	G	K	29	2	6.45%	2	1	38	25	0.98	1	1	16	13	0	2	T
III	1451631	A	M	33	2	5.71%	2	1	42	31	0.98	1	1	18	15	0	2	C
III	1457086	T	W	18	2	10%	2	1	43	25	0.98	1	1	11	7	0	2	A
III	1475233	C	M	31	2	6.06%	2	1	39	25	0.98	1	1	7	24	0	2	A
III	1493950	A	R	120	42	25.93%	2	2	43	53	0.98	1	1	35	85	28	14	G
III	1494129	T	K	180	42	18.92%	2	2	48	45	0.98	1	1	95	85	11	31	G
III	1494134	C	Y	198	16	7.48%	2	2	52	48	0.98	1	1	86	112	9	7	T
III	1494164	A	R	101	44	30.34%	2	2	48	46	0.98	1	1	52	49	10	34	G
III	1494181	A	W	101	38	27.34%	2	2	48	44	0.98	1	1	46	55	11	27	T
III	1494187	T	W	101	27	21.09%	2	2	48	45	0.98	1	1	47	54	8	19	A
III	1494192	G	R	105	21	16.67%	2	2	47	45	0.98	1	1	49	56	7	14	A
III	1494282	G	R	119	116	49.36%	2	2	47	37	0.98	1	1	46	73	40	76	A
III	1494303	G	R	119	53	30.81%	2	2	47	37	0.98	1	1	48	71	16	37	A
III	1494306	A	W	117	51	30.36%	2	2	44	38	0.98	1	1	48	69	16	35	T
III	1494312	A	R	120	51	29.82%	2	2	45	36	0.98	1	1	51	69	16	35	G
III	1494315	A	R	118	44	27.16%	2	2	46	37	0.98	1	1	53	65	12	32	G
III	1494318	A	R	123	48	28.07%	2	2	47	37	0.98	1	1	54	69	15	33	G
III	1494327	T	K	116	44	27.5%	2	2	46	36	0.98	1	1	57	59	13	31	G
III	1499389	C	Y	65	11	14.47%	2	2	46	40	0.98	1	1	39	26	6	5	T
III	1499390	A	W	63	12	16%	2	2	46	38	0.98	1	1	38	25	6	6	T
III	1499438	T	K	46	6	11.54%	2	1	42	30	0.98	1	1	12	34	6	0	G
III	1499855	T	K	49	3	5.77%	2	1	40	26	0.98	1	1	17	32	3	0	G
III	1510630	A	W	21	2	8.7%	2	1	45	37	0.98	1	1	9	12	0	2	T
III	1523823	T	K	30	2	6.25%	2	1	42	25	0.98	1	1	14	16	2	0	G
III	1526492	A	M	54	3	5.26%	2	1	49	29	0.98	1	1	23	31	0	3	C
III	1546929	T	K	12	2	14.29%	2	1	41	27	0.98	1	1	1	11	2	0	G
III	1549651	A	M	11	2	15.38%	2	1	50	22	0.98	1	1	6	5	2	0	C
III	1572778	C	M	40	5	11.11%	2	2	43	46	0.98	1	1	28	12	2	3	A
III	1587840	A	M	23	2	8%	2	1	40	31	0.98	1	1	10	13	0	2	C
III	1609697	G	K	28	2	6.67%	2	1	38	23	0.98	1	1	16	12	0	2	T
III	1642237	A	M	23	2	8%	2	1	51	27	0.98	1	1	2	21	0	2	C
III	1649184	T	W	16	2	11.11%	2	1	40	25	0.98	1	1	13	3	0	2	A
III	1650171	G	K	36	3	7.69%	2	1	44	49	0.98	1	1	12	24	3	0	T
III	1665079	G	K	34	2	5.56%	2	1	48	22	0.98	1	1	11	23	2	0	T
III	1696415	T	K	34	2	5.56%	2	1	48	37	0.98	1	1	14	20	2	0	G
III	1698426	A	R	26	16	38.1%	2	2	52	49	0.98	1	1	12	14	9	7	G
III	1701802	C	M	33	2	5.71%	2	2	53	20	0.98	1	1	18	15	1	1	A
III	1703558	A	M	20	2	9.09%	2	1	43	31	0.98	1	1	13	7	0	2	C
III	1711935	A	W	1	3	7.32%	1	2	74	34	0.98	1	1	1	0	1	2	+T
III	1729684	T	K	13	2	13.33%	2	1	38	29	0.98	1	1	2	11	2	0	G
III	1730974	T	K	33	2	5.71%	2	1	49	37	0.98	1	1	20	13	2	0	G
III	1753548	T	W	25	2	7.41%	2	2	45	31	0.98	1	1	9	16	1	1	A
III	1756401	A	T	0	2	100%	0	2	0	37	0.98	0	1	0	0	1	1	T
III	1760149	G	S	39	4	9.3%	2	2	46	37	0.98	1	1	17	22	2	2	C
III	1765401	G	T	0	62	100%	0	2	0	49	0.98	0	1	0	0	31	31	T
III	1774235	T	Y	3	2	8%	2	1	57	37	0.98	1	1	1	2	2	0	C
III	1806516	T	K	37	2	5.13%	2	1	45	25	0.98	1	1	26	11	2	0	G
III	1834018	T	K	28	2	6.67%	2	1	40	37	0.98	1	1	3	25	2	0	G
III	1858960	C	Y	10	2	16.67%	2	1	40	31	0.98	1	1	4	6	2	0	T
III	1867436	C	M	18	2	10%	2	1	43	27	0.98	1	1	6	12	2	0	A
III	1867491	G	K	14	2	12.5%	2	1	49	37	0.98	1	1	4	10	2	0	T
III	1901512	T	K	24	3	11.11%	2	1	44	34	0.98	1	1	9	15	3	0	G
III	1912533	A	W	27	2	6.9%	2	1	41	31	0.98	1	1	14	13	0	2	T
III	1929617	C	Y	25	2	7.41%	2	1	44	31	0.98	1	1	15	10	0	2	T
III	1942548	C	M	17	2	10.53%	2	1	43	37	0.98	1	1	12	5	0	2	A
III	1953191	G	K	29	2	6.45%	2	1	44	29	0.98	1	1	18	11	0	2	T
III	1983036	A	M	26	3	10.34%	2	1	41	30	0.98	1	1	20	6	0	3	C
III	1984114	T	W	30	2	6.25%	2	1	40	27	0.98	1	1	6	24	2	0	A
III	2008456	T	K	33	2	5.71%	2	1	45	33	0.98	1	1	11	22	2	0	G
III	2009658	A	W	15	2	11.76%	2	1	39	25	0.98	1	1	10	5	0	2	T
III	2009678	T	W	17	2	10.53%	2	1	45	27	0.98	1	1	9	8	0	2	A
III	2013805	T	K	34	5	12.82%	2	1	43	29	0.98	1	1	9	25	5	0	G
III	2028190	C	M	29	2	6.45%	2	1	41	33	0.98	1	1	24	5	0	2	A
III	2028201	A	M	31	2	6.06%	2	1	47	31	0.98	1	1	21	10	0	2	C
III	2058268	C	Y	38	2	5%	2	1	44	37	0.98	1	1	23	15	0	2	T
III	2058272	G	R	34	2	5.56%	2	1	44	37	0.98	1	1	20	14	0	2	A
III	2058286	C	Y	34	2	5.56%	2	1	41	37	0.98	1	1	16	18	0	2	T
III	2074508	G	K	19	2	9.52%	2	1	43	31	0.98	1	1	13	6	0	2	T
III	2149209	A	M	27	2	6.9%	2	1	53	31	0.98	1	1	8	19	0	2	C
III	2155150	T	W	15	2	11.76%	2	1	46	22	0.98	1	1	9	6	2	0	A
III	2156195	T	K	32	2	5.88%	2	1	40	27	0.98	1	1	18	14	0	2	G
III	2172984	T	K	32	2	5.88%	2	1	50	27	0.98	1	1	15	17	2	0	G
III	2175449	T	K	18	2	10%	2	1	44	25	0.98	1	1	9	9	2	0	G
III	2183873	C	Y	32	2	5.88%	2	2	41	37	0.98	1	1	20	12	1	1	T
III	2201476	G	K	23	3	11.54%	2	2	46	25	0.98	1	1	14	9	1	2	T
III	2201489	G	K	35	2	5.41%	2	2	41	21	0.98	1	1	22	13	1	1	T
III	2202552	A	M	29	2	6.45%	2	1	37	31	0.98	1	1	22	7	0	2	C
III	2213663	T	K	27	2	6.9%	2	1	41	25	0.98	1	1	17	10	2	0	G
III	2238456	T	Y	20	2	9.09%	2	1	51	55	0.98	1	1	10	10	0	2	C
III	2256364	A	M	6	11	64.71%	2	2	47	46	0.98	1	1	5	1	8	3	C
III	2281958	G	K	16	2	11.11%	2	1	45	33	0.98	1	1	10	6	2	0	T
III	2286957	T	K	36	2	5.26%	2	1	52	37	0.98	1	1	17	19	2	0	G
III	2287899	T	W	25	2	7.41%	2	1	41	25	0.98	1	1	18	7	0	2	A
III	2350550	A	W	35	2	5.41%	2	1	38	24	0.98	1	1	32	3	0	2	T
III	2367830	A	M	22	2	8.33%	2	1	43	25	0.98	1	1	11	11	0	2	C
III	2381979	G	T	0	7	100%	0	1	0	38	0.98	0	1	0	0	7	0	T
III	2386645	G	S	22	7	24.14%	2	2	42	52	0.98	1	1	9	13	4	3	C
III	2421767	A	M	15	2	11.76%	2	1	44	37	0.98	1	1	9	6	0	2	C
III	2447413	T	K	1271	152	10.68%	2	2	37	31	0.98	1	1	123	1148	151	1	G
III	2448311	A	W	128	7	5.19%	2	1	40	35	0.98	1	1	87	41	0	7	T
mating_type_region	437	T	K	25	2	7.41%	2	1	48	27	0.98	1	1	17	8	2	0	G
